4
14 12 0 13 7 0 0 0 0 4 3 5 16 15 1 2 
10 8 0 9 3 4 5 6 0 16 15 1 0 11 13 14 
0 0 0 1 0 12 0 0 10 0 7 9 4 0 5 0 
6 4 3 5 15 16 1 2 14 12 11 0 8 7 0 10 
4 2 1 0 13 14 15 0 0 10 0 11 6 5 0 0 
0 10 9 11 0 0 0 8 0 2 0 3 0 0 0 0 
16 14 0 0 9 0 0 0 0 6 5 7 2 0 3 0 
0 0 5 7 1 2 3 4 16 14 13 15 10 9 0 12 
5 3 2 4 14 0 16 1 0 11 10 12 0 0 0 0 
0 0 14 0 10 11 0 13 9 7 6 0 3 2 4 5 
9 7 0 8 2 3 0 5 1 15 14 0 0 10 12 13 
13 11 0 0 6 7 8 0 5 3 2 0 15 14 0 0 
15 0 12 14 8 9 10 0 0 0 0 6 1 0 2 3 
0 0 0 6 16 1 2 3 0 0 12 0 9 8 10 0 
11 0 8 0 0 0 6 7 3 1 16 2 0 0 14 0 
3 1 16 2 0 0 14 15 11 9 0 10 5 4 0 7 
