4
0 13 15 16 9 0 11 12 5 7 6 8 2 1 0 4 
10 0 11 12 0 6 0 8 0 0 2 4 14 13 15 16 
0 5 7 8 1 2 3 0 13 15 14 16 0 0 11 0 
2 1 0 0 0 14 0 16 9 11 10 12 0 5 7 8 
0 12 14 0 8 9 10 0 4 0 5 7 1 0 0 3 
9 0 10 11 4 5 6 7 16 0 1 0 0 12 14 0 
5 4 0 0 16 1 0 3 0 14 13 0 9 8 10 11 
1 16 2 0 12 13 14 0 8 10 9 11 5 0 6 7 
8 0 9 0 3 0 5 6 15 1 16 2 0 11 13 14 
4 3 0 6 15 16 0 2 0 0 12 14 8 7 9 0 
12 11 0 14 0 8 0 10 3 5 4 0 0 0 1 0 
16 0 1 2 11 12 0 14 7 0 0 10 4 3 5 6 
0 14 0 1 0 11 12 13 0 8 7 9 3 0 4 0 
0 2 4 5 14 15 0 1 10 12 11 13 0 6 8 9 
11 0 12 13 6 7 8 0 0 4 3 5 15 0 0 0 
7 6 8 0 2 3 4 5 14 16 15 1 11 0 12 0 
