4
0 0 11 0 3 0 5 0 0 0 9 0 14 1 15 16 
0 0 15 0 0 6 9 0 11 12 0 10 2 0 0 4 
9 6 7 8 0 14 1 16 3 4 5 0 10 13 11 12 
0 2 3 0 0 0 0 12 0 16 1 0 0 9 7 8 
0 13 0 0 6 5 0 7 10 0 12 9 1 4 2 3 
4 1 2 3 10 0 0 11 0 15 16 0 5 8 6 0 
12 0 10 11 2 1 4 3 0 7 8 5 13 16 14 15 
8 5 6 7 14 13 16 15 0 0 4 0 9 12 0 11 
0 15 16 1 8 0 0 9 0 0 14 0 3 6 0 0 
14 11 0 13 4 3 0 5 0 0 10 0 15 2 16 0 
10 7 8 9 16 15 2 1 4 5 6 3 11 0 0 13 
6 3 4 5 12 11 0 0 16 0 2 0 7 10 0 9 
3 16 0 2 0 0 11 10 13 14 15 12 0 7 5 6 
11 8 9 10 1 16 3 2 5 6 7 4 12 15 13 14 
7 0 5 6 0 12 0 14 1 0 3 16 8 0 9 0 
15 12 13 0 0 4 7 6 9 10 11 8 16 3 0 2 
