4
16 0 15 0 8 0 0 7 3 2 4 1 9 11 10 12 
8 6 7 5 16 13 14 0 0 10 12 9 1 0 2 0 
4 2 3 0 12 0 0 0 7 6 8 5 13 15 0 0 
12 10 11 9 0 1 2 3 15 14 16 0 0 0 0 8 
2 16 0 15 0 7 8 9 0 0 6 3 11 0 12 14 
6 4 5 3 14 0 12 13 0 8 10 7 15 1 16 0 
14 12 0 0 6 3 4 5 0 16 0 15 7 9 8 10 
10 8 9 7 0 15 16 1 13 0 14 0 3 5 0 6 
15 13 14 12 7 4 0 6 2 1 3 16 8 0 0 11 
11 9 0 0 3 16 1 2 14 13 15 12 4 6 5 7 
3 1 0 16 11 8 9 10 0 5 0 4 0 14 0 15 
7 0 0 4 15 12 0 14 10 9 11 8 16 2 1 3 
13 11 12 10 5 2 3 0 16 15 1 0 0 8 7 0 
1 15 0 14 0 0 7 8 0 0 5 2 10 12 11 0 
9 7 8 6 1 14 0 16 12 11 13 10 2 4 3 0 
5 3 4 2 13 10 0 0 8 0 9 0 0 16 15 1 
