4
1 2 0 16 4 7 6 0 0 12 0 14 10 0 8 9 
0 10 0 8 12 15 14 13 5 0 7 6 2 3 16 0 
0 14 15 12 16 3 2 1 0 8 11 0 6 7 0 5 
0 0 7 0 0 11 10 9 1 16 0 2 0 15 0 0 
0 0 8 5 9 12 11 10 2 0 0 3 0 0 13 14 
0 15 0 13 0 4 0 0 0 9 12 0 7 8 5 6 
0 3 4 1 5 8 7 6 14 13 16 15 11 12 9 10 
10 0 0 9 13 16 15 0 6 5 8 0 0 0 0 2 
0 0 10 7 11 14 13 12 4 3 0 5 1 2 15 16 
0 0 14 11 0 2 1 16 8 7 10 9 5 6 0 0 
4 5 0 3 7 10 0 8 16 15 0 0 13 0 11 0 
16 1 2 0 3 6 5 4 12 11 14 13 9 10 7 8 
7 8 9 6 10 13 12 11 3 0 0 0 16 1 14 15 
0 0 5 2 0 9 0 0 15 0 1 0 12 13 0 11 
11 0 0 10 14 1 16 15 7 6 9 8 4 5 2 3 
15 16 0 14 2 0 0 3 11 10 13 0 8 0 6 0 
