4
4 6 0 5 0 1 16 0 11 12 13 14 9 8 10 7 
0 0 0 0 0 0 4 6 15 16 1 2 13 0 14 11 
12 0 11 13 0 9 8 0 3 4 0 6 1 0 0 15 
16 2 15 1 11 13 0 0 7 8 9 0 0 4 6 0 
0 0 13 15 9 11 10 12 5 6 0 8 0 0 4 1 
6 0 5 7 1 3 2 4 13 14 0 0 11 0 12 9 
2 4 0 3 13 15 14 16 0 10 11 0 0 0 8 0 
0 0 9 11 5 7 6 8 1 2 3 4 15 0 0 0 
0 3 0 2 0 14 13 15 8 9 10 11 6 5 7 4 
0 0 12 14 8 10 9 11 4 5 6 7 2 1 0 16 
5 0 4 0 16 2 0 0 0 0 14 15 0 9 11 0 
0 11 0 10 4 0 5 0 16 1 2 0 14 0 15 12 
0 9 6 8 2 4 3 5 0 15 0 1 12 11 13 0 
0 1 0 16 0 12 0 13 0 0 8 9 0 0 0 2 
0 0 2 4 14 0 15 1 10 11 12 0 8 7 9 6 
11 13 10 12 6 0 7 0 0 0 0 5 16 15 1 0 
