4
0 1 0 2 12 0 9 11 13 16 15 14 7 5 0 8 
11 9 0 10 0 2 1 0 0 8 0 6 0 13 14 16 
0 0 0 6 0 0 13 15 1 4 0 0 11 0 10 0 
15 13 0 14 0 0 5 7 0 12 11 10 0 1 2 0 
0 14 1 15 9 0 6 8 10 13 12 11 4 0 3 5 
0 10 13 11 5 3 2 4 0 0 0 7 16 14 15 1 
4 2 0 0 13 0 0 12 14 0 16 0 8 6 7 9 
8 0 0 0 1 15 14 16 2 0 0 0 12 10 11 13 
0 0 7 5 0 13 12 14 16 3 2 0 0 8 9 11 
14 12 0 13 7 5 0 6 8 0 10 0 0 0 1 3 
0 16 3 1 11 0 0 0 12 15 14 13 6 0 0 0 
10 8 0 0 3 1 0 2 4 7 6 5 0 12 0 15 
0 3 0 4 14 12 11 13 0 2 0 16 9 7 8 0 
9 7 10 0 2 16 0 1 3 6 5 4 13 11 0 0 
1 0 2 0 10 8 7 9 0 14 13 12 0 3 4 6 
13 11 14 12 6 0 3 0 7 0 0 8 1 15 16 2 
