4
11 10 13 12 5 2 4 0 14 0 0 0 9 8 0 0 
0 14 1 16 0 0 0 7 2 0 5 3 0 12 10 11 
3 0 0 0 13 0 12 0 0 8 0 0 1 16 14 15 
7 0 9 8 0 0 0 0 10 0 13 0 5 4 2 0 
0 11 14 0 6 0 5 4 15 1 2 16 10 9 0 8 
0 15 2 1 0 7 9 8 3 5 6 4 14 13 11 12 
0 3 6 0 14 11 13 12 7 9 10 8 2 0 15 16 
8 7 10 9 0 15 0 0 11 13 14 12 0 0 3 0 
13 0 15 14 0 4 0 5 16 2 0 1 11 10 8 0 
0 4 7 6 15 12 14 13 0 10 11 0 3 0 16 1 
9 8 11 10 3 16 0 1 0 14 0 13 7 6 4 0 
0 16 3 0 11 0 10 0 4 6 0 5 15 14 12 13 
0 5 8 0 16 13 15 14 0 0 12 10 4 3 0 2 
0 1 4 3 12 9 11 10 5 7 8 6 16 15 13 14 
14 13 16 0 0 0 0 6 1 3 4 2 0 11 9 10 
10 9 0 11 0 0 3 2 13 15 16 0 8 0 0 6 
