4
0 0 16 15 0 12 0 10 8 7 9 6 0 3 4 5 
0 0 4 3 15 16 1 14 0 11 0 10 6 7 0 0 
13 10 12 11 0 8 9 6 0 3 5 0 0 15 16 1 
0 6 8 7 3 4 5 2 0 0 1 14 10 11 12 13 
0 0 11 0 6 0 8 0 3 2 4 1 13 14 0 16 
0 5 7 0 2 3 0 1 15 14 0 0 9 10 11 12 
16 13 0 14 0 11 0 0 7 6 8 5 0 2 3 4 
4 0 3 0 14 0 0 0 0 10 0 9 0 0 0 0 
0 3 0 4 0 1 2 0 13 12 14 11 7 8 9 0 
2 15 1 16 12 13 14 0 9 8 10 0 3 0 5 6 
14 11 0 12 8 9 0 7 0 4 6 0 15 16 0 2 
10 7 9 0 4 0 6 3 1 16 2 15 0 12 13 0 
11 8 10 9 5 6 7 4 2 1 3 0 12 0 14 15 
3 16 0 1 13 0 15 12 0 9 11 8 4 5 0 7 
0 4 6 5 1 2 3 16 14 0 15 12 0 9 0 11 
15 12 14 0 9 10 11 8 0 5 7 4 16 1 2 3 
