4
0 5 4 2 9 6 8 7 0 16 15 14 0 13 10 11 
7 9 8 0 0 0 0 11 5 4 3 2 0 0 14 15 
0 1 16 14 5 2 4 3 13 0 0 10 8 9 6 7 
11 13 12 10 1 0 16 15 9 8 7 6 4 0 2 3 
6 8 0 5 12 9 0 10 0 3 2 0 15 16 13 14 
0 0 11 0 16 13 15 14 8 0 0 5 3 0 1 2 
14 16 0 13 4 1 3 2 12 0 0 9 0 0 5 6 
2 4 3 1 0 5 0 6 16 0 14 13 11 12 0 0 
9 0 10 8 0 12 14 0 7 6 5 4 0 3 16 1 
5 7 0 4 11 8 0 9 3 0 0 16 14 0 12 0 
13 15 0 0 3 0 2 1 11 0 0 8 6 0 0 5 
1 3 0 16 7 4 6 5 15 0 13 0 10 0 8 9 
8 10 9 7 0 11 13 12 0 5 4 0 1 2 15 16 
0 0 13 11 2 0 1 0 10 9 8 7 5 0 0 0 
0 6 5 3 10 7 0 8 2 1 16 15 13 14 11 12 
0 2 1 15 6 0 0 0 14 13 12 11 9 10 0 8 
