4
8 9 0 10 1 0 0 16 5 4 6 7 0 0 15 12 
4 5 0 6 13 14 15 12 1 16 2 3 0 10 11 0 
12 13 15 14 0 6 7 0 9 8 10 11 1 2 3 16 
16 1 3 0 0 10 11 8 0 0 14 15 5 6 7 4 
7 8 10 9 16 1 2 15 4 0 0 0 0 13 14 11 
0 4 0 0 12 0 14 11 0 15 1 2 8 9 10 7 
0 0 2 1 0 9 0 0 12 11 13 14 4 5 0 3 
11 0 14 13 4 5 6 3 8 7 0 0 16 1 0 0 
9 10 12 11 0 0 0 1 6 5 0 8 14 0 0 0 
0 2 4 3 10 11 12 9 14 13 0 16 6 7 0 5 
5 6 8 7 14 15 16 13 2 0 3 4 10 11 0 9 
13 14 16 0 6 7 0 5 10 9 11 12 0 3 4 1 
14 15 0 16 7 0 9 0 11 10 12 13 3 4 5 2 
0 7 0 8 15 16 1 14 0 2 4 0 11 0 13 10 
2 0 5 4 11 12 13 10 0 14 16 1 7 8 9 6 
10 11 13 0 3 0 5 2 7 6 8 9 15 0 1 14 
