4
9 8 0 0 3 5 0 2 0 16 0 15 0 0 0 0 
0 12 11 0 7 9 8 6 2 4 0 0 1 16 15 14 
1 16 15 14 0 13 0 0 0 0 9 7 0 4 3 0 
5 4 3 2 15 1 16 0 0 12 13 11 9 8 7 0 
4 3 2 1 14 0 15 13 9 11 12 10 0 7 6 5 
0 15 14 13 10 12 11 9 5 0 0 6 4 3 0 1 
0 11 0 0 0 8 7 5 0 3 4 0 16 15 0 13 
8 7 0 5 2 4 3 1 13 0 16 14 0 0 10 9 
14 0 12 11 8 10 0 0 3 5 6 0 2 0 16 15 
2 0 0 0 12 0 0 11 7 0 0 8 0 5 4 0 
10 0 0 7 0 6 5 3 15 1 0 16 14 13 12 11 
0 0 4 0 0 2 0 15 11 0 14 0 0 9 8 7 
3 2 1 0 13 0 14 0 8 0 11 9 7 0 0 0 
0 14 13 12 9 11 10 8 4 6 7 5 3 0 1 0 
7 6 5 4 0 3 2 0 12 14 0 13 11 10 0 8 
0 10 9 8 5 7 0 0 16 2 3 1 15 0 13 12 
