4
4 0 5 3 13 10 12 0 1 14 0 15 7 0 9 8 
12 10 13 0 5 0 0 3 9 6 8 7 0 14 0 16 
8 6 9 0 0 0 16 0 5 2 4 3 11 10 13 12 
16 14 1 0 9 6 8 7 13 10 0 0 3 2 0 0 
0 4 7 5 0 0 0 13 3 0 2 0 9 8 11 10 
0 0 15 0 7 4 0 5 0 8 0 9 1 16 3 2 
0 16 3 0 11 8 10 9 15 12 14 13 5 4 7 6 
10 8 11 9 0 0 0 1 7 4 6 0 0 12 15 14 
7 0 8 0 16 0 0 14 0 1 3 2 10 0 12 11 
3 1 4 0 0 0 11 10 16 13 15 14 6 5 0 7 
15 13 0 0 8 5 7 0 12 9 11 0 2 1 4 0 
11 0 0 10 4 0 3 2 0 0 7 0 14 13 16 15 
5 3 0 4 0 0 13 12 0 15 0 16 8 0 10 9 
1 15 0 0 0 7 9 8 0 11 0 0 4 3 6 5 
9 0 10 8 0 15 1 16 0 3 5 4 0 11 14 13 
0 11 0 0 6 0 0 0 0 7 9 8 0 0 2 0 
