4
3 1 0 16 8 0 9 10 4 0 6 5 14 12 13 15 
0 5 6 0 12 15 13 14 0 11 10 9 2 16 1 0 
11 9 0 8 16 0 1 2 12 0 0 13 0 0 0 0 
0 13 14 12 4 7 0 0 0 3 2 0 10 8 9 0 
16 14 15 0 5 8 0 0 1 4 3 2 11 9 10 0 
0 0 3 1 0 12 10 0 0 8 7 0 0 13 0 16 
8 6 0 0 13 16 0 0 0 0 0 0 3 0 0 4 
12 10 11 9 0 0 2 3 0 16 15 0 7 0 0 8 
0 4 5 3 11 14 0 0 0 10 9 8 1 15 16 2 
14 12 0 11 3 6 4 0 0 0 1 0 9 0 0 0 
2 16 1 15 7 10 8 9 3 0 0 4 13 0 12 0 
10 0 0 0 15 2 16 1 0 14 13 0 5 3 4 0 
9 0 8 0 0 1 15 16 10 0 0 0 0 0 3 5 
1 0 16 0 6 9 7 8 0 5 0 3 0 10 11 0 
5 3 0 0 0 13 11 0 6 0 0 0 16 14 15 0 
13 11 12 10 2 0 3 4 0 0 0 0 0 0 7 9 
