4
1 2 0 16 7 4 0 5 8 0 0 11 12 15 13 14 
9 10 11 0 15 12 14 0 0 0 1 3 0 7 5 6 
13 14 0 12 0 16 2 1 4 0 0 7 8 11 0 0 
5 6 7 4 0 8 10 9 12 14 0 15 0 3 1 0 
8 9 10 0 14 11 0 12 15 1 16 2 3 6 4 0 
0 5 6 3 10 0 9 8 0 13 0 14 15 0 0 1 
0 0 14 11 2 15 1 16 3 5 0 6 7 10 0 0 
0 1 2 15 0 3 5 0 7 9 8 0 11 14 0 13 
14 15 0 0 4 1 3 2 0 7 6 8 9 12 0 11 
0 0 8 5 12 0 0 10 0 0 14 16 1 0 2 0 
0 3 0 0 8 5 7 6 9 0 10 0 13 0 14 15 
10 0 12 9 0 13 15 14 1 0 2 4 5 8 6 0 
15 16 0 14 0 0 4 0 6 8 0 0 10 0 11 12 
3 0 0 0 9 6 8 0 0 12 11 0 14 1 0 16 
0 8 0 0 13 0 12 0 0 0 15 1 2 0 3 4 
0 0 0 10 1 14 16 0 2 4 3 5 6 9 7 0 
