4
16 14 0 1 8 0 0 6 4 5 2 3 11 12 10 13 
8 6 0 9 0 1 15 14 12 0 0 11 0 4 2 5 
0 2 3 5 12 13 11 10 8 0 6 7 15 16 14 1 
0 0 0 0 4 0 3 2 0 0 14 15 7 8 6 0 
15 13 14 16 7 8 6 0 0 4 1 2 10 11 9 12 
3 1 2 0 11 0 10 9 7 8 5 0 0 15 0 16 
0 9 0 0 3 4 0 1 15 0 0 14 6 0 5 0 
0 5 6 8 15 0 14 13 11 0 0 10 2 0 0 0 
0 12 0 15 6 0 5 0 0 3 16 0 0 0 8 0 
0 8 9 11 0 3 0 0 14 0 0 13 5 6 4 0 
6 0 5 7 0 15 13 12 10 11 8 9 0 2 0 3 
2 16 1 3 10 0 9 0 6 7 0 5 13 0 0 0 
13 11 12 0 0 0 0 3 1 2 15 16 8 0 7 10 
0 3 4 0 0 14 12 11 0 0 0 0 16 1 15 0 
0 7 0 0 0 0 0 0 0 0 11 0 0 5 3 6 
1 0 16 0 9 10 8 0 5 6 3 4 0 13 11 14 
