4
0 4 0 3 9 10 12 0 14 13 16 15 8 7 0 0 
9 0 0 11 0 2 0 0 0 0 8 7 0 15 14 13 
0 8 6 7 13 14 16 15 2 1 0 0 12 11 0 9 
0 16 14 15 5 6 8 7 0 9 0 11 4 3 0 0 
14 1 15 16 0 0 9 0 0 10 0 12 5 4 0 2 
0 13 0 0 0 0 5 4 7 0 9 8 1 0 15 0 
6 9 7 8 14 15 0 16 3 2 5 4 13 12 11 0 
0 0 3 4 0 11 13 0 0 14 0 16 0 0 0 6 
0 10 0 0 15 16 0 1 0 0 0 5 14 0 12 11 
11 14 12 0 0 4 0 5 0 0 10 0 2 1 16 0 
3 6 4 5 11 12 14 13 16 15 2 1 0 0 0 0 
15 0 16 1 7 8 0 9 12 11 14 0 6 5 0 3 
12 15 0 14 4 5 0 0 0 8 11 10 3 0 1 0 
0 0 9 0 16 1 3 0 5 4 7 6 15 0 13 0 
4 0 0 0 12 13 15 14 0 16 0 2 0 10 9 8 
16 3 1 0 8 9 0 0 13 12 15 14 0 6 0 4 
