4
7 0 5 6 0 0 2 1 0 0 0 0 14 0 0 12 
3 16 0 2 0 15 14 13 7 4 5 6 10 0 11 0 
11 0 0 10 4 7 6 0 15 0 13 14 2 1 0 0 
0 12 13 0 8 0 0 0 3 16 1 0 6 5 7 4 
6 0 4 5 15 2 0 16 0 7 8 9 0 12 0 0 
10 7 0 0 3 6 5 4 0 11 0 0 0 16 2 15 
14 11 0 13 7 0 0 8 0 0 16 0 5 0 0 3 
2 15 16 1 11 0 0 0 0 0 0 5 0 0 10 0 
4 1 2 0 13 16 15 14 0 5 0 7 11 10 12 9 
0 9 10 11 5 8 7 6 16 0 0 15 3 2 4 1 
8 0 0 0 1 4 0 2 12 0 10 11 15 14 16 0 
16 0 0 0 0 12 11 10 4 1 0 0 7 6 8 0 
0 0 7 8 2 5 4 0 0 10 11 0 16 15 1 14 
0 0 15 16 10 0 0 11 5 0 3 0 0 0 9 0 
13 10 0 0 0 9 8 7 0 0 15 16 0 0 5 2 
5 0 0 4 0 1 0 15 9 6 7 0 0 11 0 10 
