4
7 6 0 5 11 8 10 0 13 12 14 15 2 1 0 16 
11 0 0 0 15 12 14 0 1 0 0 3 6 0 7 4 
15 14 12 13 0 16 0 1 5 4 0 7 0 0 11 8 
3 2 16 0 7 4 6 5 9 0 10 0 14 13 0 12 
0 9 7 0 0 0 13 12 16 15 0 0 5 4 6 0 
14 13 0 0 0 15 1 16 4 0 0 6 9 0 0 0 
6 5 3 4 0 7 9 8 12 0 13 14 0 16 2 0 
2 0 15 16 0 0 5 4 8 7 0 10 13 12 0 0 
0 16 0 0 0 2 4 3 7 0 8 0 12 11 0 10 
0 8 0 0 13 0 12 11 0 14 16 1 0 3 5 0 
5 4 0 3 9 6 8 7 0 10 12 13 0 0 1 14 
13 12 0 11 0 14 0 0 0 0 0 5 0 7 9 6 
0 0 0 14 4 1 3 2 6 0 0 8 11 10 12 0 
0 0 5 0 12 9 11 0 14 13 0 0 3 0 4 0 
4 0 1 0 8 0 7 0 10 9 0 0 15 14 16 0 
0 0 0 10 16 13 0 14 2 1 3 0 0 6 0 0 
