4
0 15 16 0 0 0 3 0 10 13 11 12 0 0 7 8 
9 7 8 0 0 13 0 10 0 5 0 0 14 1 0 0 
5 0 4 2 8 0 0 0 0 1 0 16 10 13 11 0 
13 11 12 10 16 1 15 0 6 9 7 0 2 5 3 4 
0 0 0 0 0 0 13 12 4 7 5 6 0 3 1 2 
15 13 0 0 0 0 1 16 8 11 9 10 4 7 0 0 
0 5 6 4 10 0 9 0 0 3 1 2 0 15 0 0 
0 1 0 16 0 7 5 0 0 15 13 0 8 11 9 0 
4 0 0 0 7 8 6 0 13 0 14 0 0 0 10 11 
8 6 7 0 11 0 0 0 0 0 2 3 0 16 0 15 
12 0 11 9 0 16 14 0 0 8 0 7 1 4 2 3 
0 14 15 0 0 4 2 1 9 12 10 11 0 8 0 0 
14 0 0 0 1 0 16 15 0 10 8 0 3 6 0 5 
0 8 9 7 13 14 0 11 0 0 4 5 0 2 16 1 
6 4 0 3 0 10 0 0 15 2 16 1 0 0 0 13 
2 16 0 0 0 0 4 0 0 0 12 13 0 0 8 0 
