4
4 2 0 0 6 9 0 8 16 0 0 0 0 0 0 0 
16 0 1 15 2 0 3 0 0 0 11 0 8 0 0 6 
8 6 0 0 10 0 0 0 4 5 3 2 0 1 15 0 
0 10 0 0 14 1 15 0 0 0 0 0 4 0 0 2 
9 7 10 0 11 0 12 0 5 6 4 3 0 0 16 15 
1 15 2 16 3 6 0 0 13 14 12 0 9 10 0 0 
0 3 6 4 7 0 0 0 0 2 16 0 0 0 12 0 
13 11 0 0 15 0 16 1 9 0 0 7 0 6 4 0 
14 12 15 0 0 0 1 2 0 11 0 8 6 7 5 4 
0 4 0 0 8 0 9 0 2 3 1 16 14 15 13 0 
10 8 11 0 0 15 13 0 0 0 0 0 2 3 0 16 
2 16 0 1 4 0 0 0 14 15 0 12 10 0 9 8 
7 0 0 0 9 12 10 11 3 4 2 1 15 16 0 13 
11 9 12 0 0 16 0 15 7 0 6 5 0 0 2 1 
0 13 16 14 0 4 2 0 11 12 10 0 0 0 6 5 
3 0 4 0 0 0 6 7 15 16 0 13 11 12 10 9 
