4
0 8 9 7 16 0 1 15 0 13 10 0 2 3 0 4 
0 16 0 0 0 6 0 0 4 5 0 0 10 11 13 0 
2 4 5 3 12 10 13 0 8 9 6 7 14 0 1 16 
10 0 13 0 0 2 0 3 0 1 14 15 6 7 9 8 
0 14 15 13 6 0 0 0 2 3 16 1 8 9 11 10 
8 10 0 9 0 16 3 0 14 15 0 13 0 0 0 0 
0 2 0 1 0 8 0 0 6 7 4 0 12 0 15 14 
4 6 7 0 14 12 0 13 0 11 0 9 0 1 3 0 
3 0 0 4 13 0 0 12 9 10 0 0 15 16 2 0 
0 1 2 16 0 0 0 0 5 6 0 4 11 12 0 13 
11 13 14 0 5 0 0 0 0 2 15 16 7 8 0 9 
0 9 0 8 0 15 2 16 13 0 11 0 0 4 6 5 
0 7 0 0 15 13 0 0 11 12 9 0 1 0 4 0 
0 11 12 10 3 1 4 2 15 16 0 0 0 0 0 7 
0 0 4 0 0 9 12 0 7 8 5 0 13 14 0 15 
0 0 16 0 0 0 8 0 0 4 0 2 9 0 12 11 
