4
3 0 0 0 12 10 9 0 15 14 13 16 8 6 0 5 
0 0 8 5 16 14 13 15 3 0 0 4 0 0 11 9 
15 14 16 0 8 6 0 7 11 10 9 12 4 2 0 0 
11 10 12 0 0 2 0 0 7 6 5 8 16 14 15 13 
5 4 6 0 0 12 11 13 1 16 15 0 10 8 9 0 
0 12 14 0 0 4 3 5 9 0 7 0 0 16 1 15 
9 0 0 0 2 0 15 1 5 0 3 6 0 12 13 11 
1 0 0 0 10 8 0 9 0 0 11 0 0 0 0 0 
0 0 0 0 1 15 0 0 0 0 2 5 0 11 12 0 
12 0 13 10 5 0 0 4 8 0 6 9 0 0 16 14 
16 15 1 14 0 0 0 8 12 11 0 0 5 3 4 2 
4 0 0 2 13 11 10 12 16 15 0 1 0 0 0 0 
2 1 3 16 0 0 0 0 0 13 0 15 7 0 0 0 
14 13 15 12 0 5 0 0 10 9 0 0 0 1 2 0 
6 0 7 4 0 13 12 0 2 1 0 3 11 0 0 8 
0 9 11 8 0 0 0 0 6 5 0 7 0 0 14 12 
