4
0 13 14 11 10 8 0 7 0 6 4 5 0 2 1 15 
16 1 2 15 14 12 13 0 0 0 8 9 4 6 5 0 
8 0 10 0 6 0 0 3 15 0 0 0 0 14 0 11 
0 5 6 3 0 16 1 0 11 0 12 0 0 10 9 7 
1 0 0 0 15 0 14 12 8 11 9 10 0 7 6 4 
0 10 11 8 7 0 0 4 16 3 0 2 0 15 0 0 
5 6 0 0 3 0 2 16 0 15 13 14 0 0 0 8 
13 0 0 0 11 9 0 8 4 7 0 6 1 3 2 16 
0 15 16 0 0 0 11 0 5 8 6 7 0 4 3 0 
2 3 4 0 16 14 0 13 9 0 0 0 6 8 0 0 
10 11 12 9 0 6 7 5 0 4 0 3 14 0 0 13 
6 0 8 0 4 2 3 1 13 0 14 15 10 0 0 9 
0 0 13 10 9 0 8 6 0 5 3 0 15 0 16 0 
15 0 0 14 0 11 0 10 6 9 7 8 3 0 4 2 
7 0 0 0 5 0 4 2 14 1 0 16 11 0 12 10 
0 4 0 2 0 15 16 14 0 0 11 12 0 0 0 6 
