4
0 0 0 0 8 7 0 0 3 5 4 0 0 0 13 14 
0 4 6 0 12 11 0 0 7 0 0 10 0 16 1 2 
9 8 10 7 0 15 0 2 0 13 12 0 3 0 0 0 
0 12 14 11 0 0 5 6 0 1 0 2 7 8 9 10 
2 0 3 16 9 0 10 11 0 0 5 0 12 0 14 0 
10 0 11 8 0 16 2 3 0 0 0 0 0 5 6 7 
6 5 7 4 0 12 14 15 0 0 9 0 0 0 0 0 
14 0 15 0 5 4 6 7 0 2 0 3 0 0 10 11 
12 11 0 10 0 2 0 5 0 16 15 1 0 0 8 0 
8 7 0 6 15 14 16 1 10 12 11 13 2 0 4 0 
4 0 0 0 0 0 12 13 6 0 7 9 14 0 0 1 
16 15 0 14 7 6 8 9 2 0 0 0 0 11 0 13 
0 14 16 0 0 0 0 8 1 3 0 0 9 10 11 12 
11 0 0 9 2 1 0 0 13 15 14 16 0 0 0 8 
7 6 8 0 0 13 15 16 0 11 0 0 0 0 3 0 
3 2 0 1 0 9 0 12 0 7 6 8 13 14 15 0 
