4
11 9 10 8 2 0 0 1 0 6 0 4 12 0 13 14 
15 13 14 12 6 4 7 5 11 10 0 0 0 0 0 2 
3 1 0 0 0 8 11 0 0 0 13 12 4 0 0 0 
7 5 6 4 14 12 15 0 3 0 0 16 0 11 9 0 
10 8 0 0 0 0 2 16 0 0 4 3 0 0 0 13 
14 12 13 11 5 0 6 4 10 9 0 7 15 2 0 0 
2 0 1 15 9 7 10 8 14 13 0 0 0 0 0 0 
6 0 5 3 13 0 14 0 2 1 0 0 0 10 8 0 
0 0 8 6 0 0 0 0 0 0 3 2 0 13 11 12 
0 11 0 0 4 2 0 3 9 8 0 6 0 1 0 16 
0 0 16 14 8 6 9 0 0 12 0 0 2 0 3 0 
5 3 0 0 12 10 0 0 1 0 15 14 6 0 0 0 
16 0 15 13 7 0 0 0 0 0 10 0 1 4 0 3 
12 10 11 0 0 1 4 2 8 7 6 0 0 16 14 15 
0 2 0 0 11 9 12 10 0 15 14 13 5 8 0 7 
8 6 7 5 15 0 0 14 0 3 0 1 0 12 0 11 
