4
0 0 15 1 0 0 0 7 14 11 12 13 4 3 5 0 
12 0 11 13 0 4 5 3 10 7 8 0 16 15 0 2 
8 10 7 0 2 0 0 0 6 0 0 0 12 11 0 0 
4 0 0 5 14 0 13 0 2 0 0 1 8 0 0 10 
7 9 6 8 0 15 16 14 5 2 0 0 0 10 12 0 
3 0 2 4 0 0 12 10 1 14 15 0 0 6 0 0 
0 13 0 0 5 3 0 0 0 6 7 8 15 14 16 1 
0 1 14 16 0 7 0 6 13 0 11 0 3 0 0 5 
0 0 0 2 11 0 10 8 0 12 13 14 5 4 0 0 
0 15 0 0 0 0 0 4 0 8 9 10 1 16 0 3 
0 11 8 0 0 0 2 16 7 0 5 6 0 12 14 15 
5 0 0 0 15 13 0 12 3 0 1 2 9 0 10 0 
6 8 5 0 0 14 15 13 4 1 0 3 10 0 0 12 
14 0 13 15 8 6 7 0 0 9 0 11 0 1 3 4 
0 4 1 3 12 0 11 0 0 0 14 15 0 5 7 0 
10 12 0 11 0 0 3 0 0 0 0 0 14 0 0 16 
