4
0 8 0 0 0 12 0 0 5 3 0 4 2 16 15 0 
0 16 2 0 5 0 0 3 13 0 0 12 0 0 0 0 
0 0 0 3 9 0 0 7 1 15 2 16 14 12 11 0 
13 12 0 11 1 16 2 15 9 0 10 0 0 0 3 0 
4 0 0 0 8 7 0 6 0 0 1 15 0 0 10 12 
12 0 13 0 16 15 1 14 8 6 0 7 5 0 0 0 
16 0 0 14 4 3 0 0 12 0 0 0 0 0 0 8 
8 7 9 6 0 11 13 10 4 0 5 0 1 15 14 16 
10 9 11 8 0 13 15 12 0 4 0 5 0 1 16 2 
14 13 15 0 2 0 3 0 10 8 11 9 7 0 0 6 
6 5 7 4 10 0 0 8 0 0 3 0 15 0 12 14 
2 1 3 16 0 5 7 0 14 0 15 13 0 9 8 0 
0 0 12 9 15 14 16 13 7 0 8 0 0 2 1 3 
0 6 0 5 11 0 0 9 0 0 4 2 16 14 13 15 
3 0 0 0 0 0 0 0 15 13 16 0 0 0 9 11 
15 0 0 13 3 2 4 1 0 0 12 10 8 0 5 0 
