4
0 7 8 0 0 0 14 1 0 11 12 13 2 0 0 4 
14 15 16 1 7 8 6 0 2 0 4 5 10 0 0 12 
0 0 4 0 0 12 10 13 0 0 0 9 14 1 15 16 
0 0 12 0 3 4 0 5 0 15 16 0 6 9 0 0 
4 0 0 7 13 14 12 15 0 9 0 11 16 3 1 0 
8 9 0 11 0 2 16 3 12 13 14 0 0 7 0 6 
0 0 14 0 5 6 0 7 16 1 0 3 8 11 0 10 
0 1 0 0 9 10 0 0 0 0 6 7 12 0 0 0 
13 0 15 16 0 7 0 8 1 0 0 4 9 12 10 11 
5 0 7 0 0 15 0 0 9 0 0 12 0 4 0 0 
0 0 3 4 0 0 0 0 5 0 0 8 13 16 0 0 
0 10 11 12 0 0 1 0 13 14 15 16 0 0 0 7 
0 16 0 2 8 9 7 10 3 0 5 6 11 0 0 13 
0 8 9 10 16 1 0 0 11 0 13 14 3 0 4 0 
0 0 5 6 0 13 11 14 0 0 9 0 15 2 16 1 
0 12 13 14 0 5 0 6 15 16 1 0 7 10 8 0 
