4
0 0 1 0 0 3 4 0 0 14 11 12 0 0 8 9 
7 0 9 8 0 11 12 14 0 0 3 4 15 2 16 0 
0 6 0 0 9 7 0 0 1 0 0 16 0 0 0 13 
11 14 0 12 1 15 16 0 9 10 0 0 3 0 4 5 
0 0 16 15 4 2 0 5 0 13 10 0 0 0 7 8 
6 9 8 7 0 0 11 0 4 0 2 0 0 1 15 16 
2 0 4 3 0 6 0 0 16 1 14 15 10 13 0 12 
0 13 0 11 0 14 0 1 8 9 0 7 2 0 3 4 
0 3 0 1 0 4 5 7 14 0 0 13 0 0 9 0 
0 0 0 0 14 12 13 15 6 7 0 0 0 0 0 0 
0 0 0 0 0 16 1 3 10 11 8 9 4 0 5 6 
4 0 0 0 10 0 9 0 0 0 0 0 12 0 13 0 
13 0 15 14 0 1 2 0 11 12 0 10 0 8 6 0 
1 0 0 2 7 0 6 8 15 16 0 14 0 0 10 11 
5 8 0 6 0 0 10 0 3 0 1 2 13 0 14 0 
0 0 0 0 15 0 14 0 7 0 0 0 1 0 2 3 
