4
16 1 2 3 7 4 5 0 8 0 0 10 0 13 14 0 
0 0 14 15 3 16 0 2 4 5 7 0 8 0 10 11 
4 5 6 0 0 8 0 10 0 13 0 0 16 1 0 3 
0 0 0 0 15 0 0 14 16 0 0 2 4 0 6 0 
0 14 15 16 4 0 2 0 0 0 0 7 9 0 0 0 
5 0 0 8 0 0 0 11 13 14 0 15 0 2 3 4 
9 10 11 12 0 0 0 15 1 2 4 0 5 0 7 8 
0 2 3 4 0 5 6 7 0 10 12 0 13 14 0 0 
15 0 0 2 6 3 4 5 7 8 0 0 0 12 13 0 
11 0 0 14 2 0 16 1 3 4 0 0 0 8 9 10 
0 4 5 0 0 0 8 9 0 12 0 13 0 0 0 0 
0 0 0 0 14 11 0 13 0 16 0 1 3 4 5 6 
0 15 16 0 5 2 3 4 0 7 0 0 10 11 12 0 
0 0 8 9 13 10 11 12 14 15 1 0 0 0 4 5 
10 11 12 13 1 14 15 16 2 3 5 4 6 0 8 9 
0 0 4 5 9 0 7 0 10 11 13 12 0 0 16 1 
