4
11 9 0 0 0 14 16 15 8 5 0 0 0 1 0 3 
3 1 2 0 0 0 8 0 16 13 0 14 12 9 10 0 
15 0 14 16 1 2 4 0 12 0 0 0 0 0 0 0 
0 0 6 8 9 10 0 11 0 1 3 2 16 0 14 15 
0 2 3 0 6 7 9 8 1 0 0 15 13 10 0 12 
0 14 15 0 2 0 5 4 13 10 0 0 0 6 0 8 
12 0 11 13 0 15 0 16 0 0 8 7 5 2 3 0 
8 6 0 9 10 11 13 12 5 0 4 3 0 14 15 16 
0 15 16 2 0 4 0 5 14 11 0 12 10 7 8 9 
0 0 4 0 7 8 0 0 0 15 1 16 14 0 0 13 
9 0 8 0 0 0 14 0 6 3 5 4 2 15 16 0 
13 0 0 0 15 0 0 1 10 7 9 0 0 3 4 5 
2 16 0 3 4 5 7 6 15 12 0 0 11 0 9 10 
0 0 5 7 8 0 0 0 0 0 2 0 0 12 0 0 
10 0 9 11 12 0 0 14 7 0 6 0 0 0 1 0 
0 0 0 0 0 1 3 0 11 8 10 9 0 0 5 6 
