4
0 0 13 0 16 0 2 0 0 11 0 9 5 0 0 6 
4 0 0 6 8 11 0 9 0 3 16 0 0 0 15 14 
16 3 1 2 0 7 6 5 0 15 0 0 9 0 0 0 
0 11 9 10 0 15 14 0 0 7 4 5 1 0 3 0 
6 9 0 8 0 13 12 11 4 0 0 3 0 14 0 16 
0 5 0 4 0 9 0 7 16 1 14 15 11 0 0 12 
14 1 15 16 0 5 0 3 0 13 0 0 0 6 9 8 
10 13 0 12 0 1 16 0 8 9 0 7 3 2 5 0 
0 0 0 5 7 10 9 0 0 2 15 0 12 11 14 0 
15 2 0 0 3 6 0 4 0 14 11 12 0 0 10 9 
7 0 8 0 11 0 13 12 0 0 3 4 16 0 2 0 
11 0 0 13 15 0 1 16 9 0 0 8 4 3 0 5 
0 0 14 0 1 4 0 2 0 12 9 10 6 5 0 0 
0 0 0 0 9 12 0 0 3 4 0 2 0 13 0 15 
9 0 10 11 0 16 15 14 0 0 5 6 2 1 4 3 
0 4 2 0 5 0 7 6 0 0 13 14 10 0 12 0 
