4
1 0 2 3 5 7 4 0 10 9 0 11 13 0 0 0 
5 4 0 7 9 11 0 10 14 0 12 15 1 16 3 0 
13 0 0 0 0 0 0 2 0 0 4 0 9 8 0 0 
0 0 0 0 0 0 12 14 2 0 16 0 0 4 7 0 
3 0 4 5 0 9 6 8 12 0 10 0 15 14 0 0 
0 0 16 0 3 5 2 4 8 7 6 9 11 10 0 12 
0 6 0 0 11 13 0 12 0 0 0 0 0 2 5 0 
11 0 0 0 0 0 14 16 4 0 2 5 0 6 9 0 
10 0 0 12 14 16 13 0 3 2 1 0 6 0 8 0 
6 0 7 8 10 12 9 11 0 14 13 0 2 0 4 3 
0 1 3 4 6 0 0 7 0 10 9 12 14 13 16 15 
0 13 0 16 2 0 0 0 0 6 5 8 10 9 12 11 
16 0 0 2 0 0 3 5 0 0 0 10 0 0 0 13 
0 7 9 0 12 14 0 0 1 0 15 2 4 3 0 5 
4 3 0 6 0 10 7 0 13 12 0 0 16 0 2 0 
0 0 13 0 16 0 0 1 0 0 3 6 8 7 0 9 
