4
0 0 12 0 2 4 1 0 0 0 14 13 0 5 6 0 
0 14 16 15 0 8 5 7 0 0 0 1 11 0 10 0 
0 2 4 3 0 0 9 11 8 7 6 5 15 0 14 0 
5 0 8 0 0 0 0 0 12 11 0 0 3 1 0 0 
10 11 13 12 3 0 0 4 1 16 15 14 8 6 7 0 
0 7 9 0 0 1 14 16 0 12 11 0 4 2 3 5 
2 0 0 4 11 13 10 12 0 8 7 0 0 0 0 0 
14 0 1 16 0 0 0 0 5 4 0 2 12 0 0 13 
0 0 6 0 12 0 11 13 0 9 8 0 1 15 16 2 
11 0 14 13 4 6 3 5 2 0 16 15 9 7 0 10 
7 8 0 9 16 0 15 1 14 13 0 11 5 3 0 0 
0 16 2 0 0 10 0 9 6 0 4 3 13 11 0 0 
4 5 7 6 13 15 12 14 11 10 9 0 2 16 1 0 
12 0 15 0 5 7 4 6 3 0 0 16 0 0 9 11 
16 1 0 0 9 0 8 10 7 6 5 4 14 12 0 15 
8 0 0 10 1 3 16 2 15 0 13 12 6 4 5 7 
