4
6 0 0 0 2 3 0 0 0 0 0 0 11 10 12 9 
14 0 13 0 10 0 0 0 0 8 0 7 0 0 4 0 
10 11 0 12 6 0 0 8 0 0 1 0 15 14 0 13 
2 3 0 0 14 15 13 0 10 0 0 11 7 0 8 5 
16 1 0 0 0 0 0 14 0 10 0 9 0 4 6 3 
0 9 0 0 4 5 3 6 16 0 15 0 13 12 0 11 
4 5 0 6 16 1 15 0 0 0 0 13 9 8 0 7 
0 0 11 14 8 0 7 0 4 6 3 0 0 0 2 0 
0 14 12 15 9 10 8 11 5 7 0 0 0 0 0 16 
1 0 16 0 13 0 12 15 0 11 8 0 6 0 0 4 
9 0 8 11 5 6 0 0 0 0 0 0 14 13 15 12 
5 6 0 7 1 2 0 0 0 15 12 14 0 0 11 8 
0 8 0 0 0 0 2 5 15 0 14 16 12 0 13 10 
15 16 14 0 0 12 10 0 7 9 0 8 0 3 0 2 
0 4 0 5 0 16 0 1 11 0 0 0 8 0 0 6 
0 12 10 13 0 0 6 0 0 0 2 0 0 0 1 14 
