4
1 2 3 0 0 0 11 0 13 12 15 0 0 0 5 7 
0 14 0 0 4 6 7 5 0 0 11 0 16 2 0 3 
0 10 11 8 0 2 0 0 0 4 7 0 12 14 0 15 
0 6 7 4 0 14 15 13 1 16 0 0 8 0 9 11 
8 0 10 7 15 0 0 16 0 3 0 0 0 13 12 14 
0 13 14 0 0 5 0 4 8 0 0 9 15 0 16 2 
16 0 2 15 7 0 10 8 0 0 14 13 3 5 0 6 
4 5 6 0 0 13 0 12 16 15 2 1 0 9 0 10 
6 0 0 0 13 15 16 14 0 0 4 3 0 11 10 0 
2 3 0 1 0 11 0 0 0 0 0 0 5 7 0 0 
14 0 0 0 0 7 0 6 0 9 12 11 0 0 2 0 
10 11 12 9 0 3 0 0 0 0 8 0 13 15 14 16 
0 12 0 0 0 0 0 0 7 0 0 8 14 16 0 0 
15 16 1 14 6 0 0 7 11 10 13 12 2 0 0 5 
0 8 0 0 14 16 0 0 3 2 5 4 10 12 0 13 
3 4 5 2 0 0 13 0 15 14 1 16 6 0 0 9 
