4
0 0 11 10 0 4 0 5 3 16 0 1 15 0 12 0 
1 0 3 0 15 0 14 0 11 0 0 0 7 0 0 0 
5 0 7 0 0 0 0 0 15 0 0 13 11 10 8 9 
13 12 15 14 11 0 0 9 7 0 6 5 3 2 16 1 
15 0 0 16 0 0 0 11 9 6 0 0 5 0 2 3 
7 6 9 8 5 2 0 0 1 14 0 0 0 12 10 0 
3 2 0 4 0 14 0 0 13 10 12 0 9 8 6 7 
11 0 0 12 0 0 8 7 5 2 4 0 1 16 0 0 
10 9 12 0 8 5 7 0 0 1 0 2 0 15 0 14 
0 13 0 15 12 9 0 10 8 5 0 0 0 3 0 2 
6 5 0 0 0 1 3 0 0 0 15 14 12 11 9 0 
0 0 0 0 16 0 0 0 0 0 11 10 0 7 5 6 
12 11 0 13 10 0 0 8 0 3 0 0 0 1 0 0 
0 15 0 1 0 11 13 0 0 7 0 0 0 5 0 4 
0 0 10 9 6 0 5 4 0 0 1 0 14 13 0 0 
4 3 6 5 2 0 0 0 14 0 0 12 10 0 0 0 
