4
0 9 0 0 0 0 14 0 4 0 0 0 0 5 0 0 
0 1 0 0 0 5 6 0 12 0 9 0 15 13 0 0 
16 13 14 15 3 1 2 4 8 6 5 7 11 0 12 10 
8 0 6 7 11 0 10 0 0 14 0 15 3 1 0 2 
1 0 15 16 0 0 0 0 0 0 6 0 12 0 13 11 
0 10 11 0 0 0 15 0 5 3 0 4 8 0 9 0 
0 2 0 4 0 0 7 9 13 0 10 12 0 0 1 15 
0 0 0 8 0 0 11 0 0 15 14 0 0 2 0 0 
6 0 4 0 9 7 8 0 0 0 11 0 0 15 2 0 
0 11 0 0 1 15 16 2 0 0 3 5 0 0 10 8 
0 0 0 1 0 0 0 0 0 8 7 0 13 0 0 12 
0 7 8 9 13 0 0 14 0 16 0 0 5 0 6 0 
15 0 0 0 2 16 1 0 7 5 0 0 10 0 11 0 
0 4 0 6 10 0 9 11 15 13 0 14 0 0 3 0 
3 0 1 2 6 0 0 7 11 9 8 10 14 12 15 13 
0 8 9 10 14 12 13 0 3 0 0 2 6 0 0 0 
