4
0 0 9 10 0 7 5 0 0 14 0 0 0 2 0 4 
0 7 0 6 0 3 1 0 11 0 12 9 13 0 0 0 
16 0 0 0 10 11 0 12 3 2 0 1 0 6 0 8 
4 0 0 2 14 15 0 0 7 6 0 0 0 10 11 12 
1 0 0 15 11 0 0 13 0 0 5 2 0 7 0 0 
13 0 10 0 7 8 6 9 0 0 0 14 2 3 4 5 
0 0 6 0 3 0 2 0 12 11 0 0 14 15 16 1 
0 0 0 3 15 0 0 1 0 0 0 6 10 11 0 13 
0 0 3 0 0 0 0 2 0 0 0 0 0 0 0 0 
14 0 0 0 8 9 0 10 1 0 0 0 0 4 0 0 
2 0 0 0 12 0 11 14 5 0 0 3 0 0 0 0 
10 9 0 8 0 0 0 0 13 0 14 0 15 16 0 0 
11 0 0 0 0 6 4 7 0 0 0 12 16 0 2 3 
0 0 12 0 9 0 0 0 0 1 3 0 0 5 0 7 
0 6 0 5 0 0 16 0 10 9 0 0 0 0 14 0 
3 2 0 1 13 0 0 15 0 5 0 0 0 0 10 11 
