4
11 0 8 0 0 0 1 3 7 5 6 0 0 14 15 0 
0 0 0 1 10 8 0 0 15 13 14 12 0 0 0 4 
0 0 0 5 14 0 13 0 3 0 2 0 0 0 11 0 
0 14 0 13 0 4 5 7 0 0 10 0 1 2 0 16 
0 0 0 3 0 0 11 0 0 0 16 0 7 0 0 0 
0 0 14 0 8 0 0 0 0 11 12 10 0 4 5 2 
9 0 0 0 0 14 0 1 0 0 4 0 11 12 13 10 
0 0 10 0 0 0 0 5 9 0 0 0 15 0 0 14 
8 0 0 0 15 0 0 16 4 0 0 1 0 0 12 9 
12 0 9 10 0 0 0 4 8 0 7 5 14 15 16 0 
16 15 13 0 0 5 6 8 0 10 0 0 0 0 4 1 
4 3 0 0 11 0 0 12 0 14 0 0 6 7 0 0 
0 0 3 4 0 11 12 0 2 0 1 15 8 0 0 0 
0 0 11 12 5 0 4 6 10 0 0 7 16 0 2 0 
10 9 0 8 1 15 16 0 0 4 5 0 12 0 0 11 
0 1 0 16 0 7 8 0 0 0 0 0 0 5 0 3 
