4
0 0 0 9 0 0 0 0 0 15 0 14 6 8 0 0 
3 0 0 0 9 10 0 0 0 0 0 0 14 0 13 0 
0 0 0 5 13 0 0 0 12 0 0 0 2 0 1 3 
15 0 0 0 0 0 0 7 0 0 1 0 0 12 0 11 
12 11 0 10 0 0 5 4 0 16 0 0 0 0 6 0 
0 7 0 0 14 0 0 16 13 0 10 0 0 0 0 4 
0 0 0 14 6 0 9 8 5 4 0 0 0 13 10 12 
4 0 0 0 10 11 13 12 0 0 6 7 0 1 0 16 
2 0 3 16 8 9 0 10 7 0 4 0 0 0 0 14 
0 5 0 0 12 0 0 0 11 0 8 9 1 0 16 2 
14 13 0 0 4 0 7 0 3 0 0 0 9 11 8 0 
10 0 11 0 16 1 0 0 0 14 12 0 0 0 0 0 
5 4 0 3 0 12 0 0 0 9 7 0 0 2 0 0 
0 16 2 0 7 0 0 9 0 0 0 4 0 14 0 0 
0 0 0 11 3 4 0 5 2 0 15 0 8 10 7 9 
0 8 0 7 15 16 0 1 14 13 0 0 0 0 3 0 
