4
7 0 10 0 5 4 0 6 0 0 11 0 0 16 0 0 
3 0 0 0 0 16 0 2 0 9 0 8 14 12 0 0 
15 16 2 1 13 0 11 14 0 5 3 0 10 0 0 0 
0 0 0 0 9 8 0 0 2 1 0 0 6 0 0 0 
0 0 0 0 8 7 0 9 1 0 0 15 5 0 2 4 
2 3 0 4 16 15 14 0 9 8 0 7 13 11 0 12 
14 0 1 0 0 0 0 13 5 4 2 0 9 7 6 0 
0 7 0 8 4 0 0 0 13 0 0 0 0 0 0 16 
12 0 0 0 10 0 8 0 0 0 16 0 0 0 4 6 
4 5 7 6 2 1 0 3 11 0 8 0 0 0 0 14 
0 9 11 0 0 0 0 0 15 0 12 0 0 1 16 0 
0 1 3 0 14 0 0 0 0 0 0 5 0 0 8 10 
9 0 12 0 0 0 5 0 0 0 13 14 0 0 1 3 
0 0 16 0 11 0 9 0 4 3 1 2 8 0 5 0 
5 6 8 7 3 0 0 0 12 0 9 0 16 14 0 15 
1 2 0 0 15 0 0 16 8 7 0 6 0 10 0 11 
