4
11 12 0 10 0 0 0 3 14 15 13 0 8 0 6 7 
15 0 0 14 0 6 5 0 0 3 1 0 12 9 0 0 
0 8 0 6 0 14 0 0 10 0 0 0 4 0 2 0 
3 4 0 2 12 0 9 0 0 0 0 8 16 13 14 0 
0 14 0 12 6 0 3 5 16 1 0 2 0 0 0 9 
5 0 3 0 14 12 0 13 0 9 7 10 0 0 0 0 
0 0 0 0 2 16 0 0 0 13 11 0 6 0 4 5 
1 2 15 0 10 8 0 0 4 0 3 0 0 0 12 13 
0 0 0 11 5 0 2 0 0 0 14 0 9 6 0 8 
0 1 14 15 9 0 6 8 0 0 2 0 0 0 11 0 
8 0 0 7 0 15 14 0 0 0 0 0 5 0 0 0 
4 5 0 0 0 0 0 12 7 8 6 0 0 14 15 16 
0 0 12 0 0 5 0 6 1 2 0 0 0 0 9 10 
2 0 0 1 0 9 8 10 5 6 4 0 15 0 0 0 
6 7 0 5 0 13 12 14 0 0 8 11 0 0 0 2 
0 0 0 9 3 1 0 2 13 0 12 0 7 4 0 6 
