4
0 0 6 0 0 0 9 0 0 13 12 0 0 0 0 2 
0 15 2 0 0 6 0 0 10 0 0 0 13 0 11 0 
12 0 14 0 16 0 1 0 6 5 0 0 0 0 0 0 
0 7 0 9 0 0 0 0 2 1 16 0 0 0 0 0 
0 0 0 0 15 0 0 14 0 4 3 0 8 7 6 0 
3 0 5 0 0 0 0 0 0 12 0 10 0 0 14 1 
0 6 9 8 11 0 0 10 1 0 0 14 0 0 0 0 
15 0 0 16 0 5 0 0 9 0 0 0 0 11 0 0 
0 9 0 0 0 16 0 0 0 3 2 0 7 0 0 0 
14 0 0 15 2 4 3 1 0 0 0 5 0 0 0 12 
2 0 0 0 6 8 7 5 0 0 10 0 0 0 13 0 
0 0 8 0 0 12 0 0 16 0 0 13 0 2 1 4 
9 0 0 10 13 15 14 12 3 2 1 0 6 5 4 0 
5 4 0 0 9 11 10 8 15 0 13 12 2 1 0 0 
1 0 0 2 0 0 6 4 11 0 9 0 14 0 0 15 
13 12 0 0 0 3 0 0 7 0 0 0 0 0 8 11 
