4
12 13 15 14 0 8 0 0 0 16 3 0 4 0 0 7 
8 9 11 10 0 4 6 5 13 12 0 0 0 0 2 0 
0 1 0 0 0 0 0 13 5 4 0 0 0 0 10 0 
4 0 7 6 3 16 0 1 9 0 0 10 12 13 14 15 
0 12 14 13 10 0 9 0 0 0 2 1 3 0 5 6 
3 4 6 5 2 15 0 0 8 0 10 9 0 0 13 0 
7 0 10 0 6 3 0 4 12 11 0 0 0 0 1 2 
0 0 2 0 14 0 0 0 4 3 0 0 7 8 0 10 
0 0 13 12 9 0 8 0 15 0 1 0 0 3 4 5 
14 15 1 16 0 10 12 0 0 0 5 4 6 0 8 0 
2 3 0 4 0 0 0 0 7 6 0 8 10 0 12 0 
0 7 9 0 0 2 4 0 11 10 13 0 0 0 16 0 
9 0 0 0 0 0 7 0 14 0 0 0 0 2 0 0 
13 0 0 15 0 0 0 10 2 1 4 0 5 0 0 8 
1 2 4 0 0 13 15 0 6 5 8 0 0 10 0 12 
5 6 8 0 4 0 0 2 10 9 0 0 13 14 0 16 
