4
12 9 10 11 15 13 0 0 0 0 6 8 0 1 0 3 
16 0 14 0 0 0 0 2 0 9 0 12 8 5 6 7 
0 5 6 7 11 0 12 10 3 0 0 0 0 13 14 15 
0 0 0 3 0 0 8 6 15 13 0 0 0 9 10 11 
15 12 13 0 0 16 0 0 0 8 0 0 7 4 0 6 
11 8 9 10 14 0 0 13 0 0 5 7 0 16 0 2 
0 4 5 0 10 8 11 0 2 0 1 0 0 12 0 14 
0 16 1 0 0 0 7 0 0 12 0 15 11 0 0 0 
0 0 0 0 0 2 5 3 0 0 0 0 0 6 7 0 
13 10 0 0 16 14 1 15 8 0 7 0 5 2 0 4 
0 0 0 0 12 0 13 11 4 0 3 0 1 14 15 0 
5 2 0 4 8 6 0 0 16 14 0 1 0 10 11 12 
0 0 12 0 0 15 2 0 9 0 8 0 6 0 4 0 
2 0 0 0 5 3 0 4 0 0 12 14 0 7 0 0 
0 3 0 0 0 0 10 8 0 0 0 0 0 0 0 13 
0 0 8 0 0 11 0 0 0 0 4 6 0 0 0 0 
