4
0 0 7 0 0 0 0 1 0 0 0 0 15 12 14 13 
0 10 11 0 7 4 6 0 0 13 0 0 3 16 0 0 
0 0 0 16 0 12 0 13 0 0 0 0 11 8 10 0 
0 0 0 0 0 8 0 0 2 0 0 0 7 0 6 5 
0 9 0 7 0 0 0 4 13 0 0 11 0 15 1 16 
0 0 0 0 0 0 0 8 0 16 0 15 6 3 5 0 
0 1 2 0 0 11 13 12 0 4 0 3 10 0 0 8 
0 0 6 3 0 0 1 0 9 8 0 0 14 11 0 12 
10 0 12 9 8 5 0 0 0 0 16 13 4 1 0 0 
0 0 16 0 12 9 11 0 0 2 0 0 8 0 0 0 
0 7 0 5 0 1 0 0 11 10 0 9 0 13 0 14 
2 0 4 0 0 0 0 0 7 6 0 0 0 0 0 10 
3 0 0 0 1 14 16 15 0 7 0 6 0 0 12 11 
7 0 0 6 5 0 0 3 0 0 13 0 1 0 16 0 
0 16 1 14 13 10 12 11 0 0 0 0 9 6 0 0 
0 0 13 10 9 6 0 0 16 15 1 14 5 2 0 3 
