4
0 9 0 0 0 0 0 13 0 0 0 0 5 0 0 8 
0 0 15 0 4 0 3 0 7 0 0 0 9 0 0 12 
6 5 7 0 12 0 0 9 0 0 16 14 0 2 0 4 
0 0 0 0 0 6 7 5 11 9 12 10 13 0 15 0 
12 0 13 0 0 16 0 15 0 3 6 4 7 8 0 0 
0 0 5 6 0 8 9 0 0 0 14 12 0 16 1 0 
0 0 0 2 6 4 5 3 0 0 10 0 11 12 0 14 
0 0 0 10 0 12 0 11 0 15 0 0 0 0 5 6 
0 12 14 15 0 0 0 0 0 0 0 0 0 9 0 0 
9 8 0 0 0 13 0 12 2 0 0 0 0 0 6 0 
0 4 6 0 11 0 10 8 14 0 0 0 0 1 2 0 
0 16 2 0 0 0 0 0 0 0 0 9 12 0 0 15 
7 0 8 0 0 11 0 10 16 14 1 15 0 0 0 5 
15 0 16 1 5 3 0 0 8 0 9 0 10 11 12 13 
3 2 0 0 9 7 0 6 12 0 0 11 14 15 16 1 
11 10 12 0 1 0 16 14 0 0 5 0 6 7 0 9 
