4
9 10 8 0 0 0 4 0 0 0 0 0 0 2 0 0 
0 0 16 0 15 14 12 0 7 0 0 5 0 10 11 9 
13 0 12 15 0 10 8 9 3 0 2 1 4 0 7 0 
5 0 0 7 0 2 16 0 0 8 0 9 0 0 0 0 
16 0 15 2 0 13 11 0 0 0 5 4 7 9 10 8 
8 0 7 10 0 0 3 0 14 0 0 12 15 1 0 16 
4 5 3 0 2 1 15 0 10 7 0 8 0 13 14 12 
0 13 0 14 10 0 0 8 2 0 1 0 3 5 0 4 
0 16 14 1 0 0 10 11 0 2 0 3 6 0 0 0 
0 4 0 0 1 16 0 15 0 0 0 7 10 12 0 11 
0 12 0 0 0 0 0 0 0 0 16 0 0 0 0 0 
0 8 0 0 5 0 0 0 13 0 12 11 0 0 1 15 
0 0 13 16 12 11 9 0 4 1 0 2 0 0 0 0 
2 0 0 0 0 15 0 14 0 0 7 0 0 11 0 10 
10 11 0 0 0 7 5 6 0 0 15 14 1 3 0 2 
0 7 5 0 0 0 0 0 12 9 11 0 0 0 0 14 
