4
1 2 0 16 5 0 4 6 13 0 15 0 0 9 0 10 
5 0 7 0 0 0 8 10 1 16 3 2 0 0 0 0 
0 10 11 8 0 15 0 14 0 0 0 6 16 0 0 2 
13 0 15 12 0 3 0 0 9 0 11 0 4 0 0 6 
0 1 0 15 4 0 3 0 12 11 14 13 7 0 10 0 
12 0 0 11 0 0 15 1 8 0 10 0 0 4 0 0 
8 9 0 7 0 0 0 0 0 0 6 0 0 16 0 0 
4 5 6 0 8 10 7 0 0 15 0 1 0 0 14 13 
0 3 0 1 0 0 0 7 0 0 0 15 0 10 0 0 
10 11 12 0 0 0 0 15 6 0 0 7 0 2 4 3 
6 7 8 0 0 0 9 11 0 0 0 3 13 14 16 15 
0 15 0 13 2 0 1 3 10 0 0 11 0 0 0 0 
15 0 1 0 0 5 2 0 0 0 13 12 6 0 9 0 
3 4 0 2 0 0 6 8 0 14 0 16 10 0 0 12 
11 12 0 10 15 1 14 0 0 0 0 8 2 0 5 0 
7 8 0 0 11 13 10 0 0 0 5 4 14 15 0 0 
