4
9 10 7 0 14 12 0 0 3 0 4 0 0 16 2 15 
1 2 15 0 0 4 0 3 11 0 0 0 0 0 0 0 
5 0 3 0 0 8 9 0 0 2 16 0 0 12 0 0 
0 14 11 12 2 0 0 15 0 0 0 0 5 4 6 3 
7 0 0 0 12 10 11 0 1 4 0 3 0 0 0 13 
11 0 9 10 0 14 15 0 0 0 6 7 3 0 0 1 
15 16 13 14 4 0 0 0 0 0 0 0 0 6 8 5 
0 0 0 0 8 0 7 0 13 0 14 15 0 0 12 9 
0 13 10 0 0 0 16 14 0 9 0 0 0 0 0 0 
8 9 0 0 13 11 0 0 0 5 0 4 16 15 0 14 
4 5 0 3 0 0 0 6 14 1 15 16 12 11 0 10 
16 0 0 15 0 3 4 2 10 13 11 12 8 7 9 0 
6 0 4 5 0 0 10 0 0 0 0 0 0 0 15 12 
0 0 0 9 15 13 0 0 4 7 0 6 2 0 3 0 
0 0 0 1 7 5 0 0 0 0 0 14 10 9 0 0 
14 0 12 13 3 1 2 0 8 0 0 0 0 0 7 0 
