4
0 0 7 8 0 4 0 2 12 11 10 13 16 14 0 0 
0 0 0 0 0 0 9 6 0 0 0 1 0 2 3 0 
0 5 3 0 15 16 1 0 0 0 6 9 0 0 11 13 
14 1 15 16 0 0 0 0 0 0 2 0 8 6 0 0 
0 7 0 6 1 2 3 0 0 0 8 11 0 12 13 15 
0 11 0 0 0 0 0 0 0 0 12 15 0 16 1 3 
12 15 13 14 9 10 0 0 2 0 16 3 0 0 0 7 
0 0 0 0 0 0 15 12 0 0 4 0 0 0 0 11 
5 0 0 7 2 0 0 0 11 10 0 12 15 0 0 0 
1 4 0 0 14 15 16 13 0 6 0 8 11 9 10 0 
0 0 0 11 6 0 0 0 15 0 13 0 0 0 0 4 
0 16 14 15 10 11 12 0 0 0 1 0 7 0 6 8 
0 0 0 0 12 13 0 0 0 4 0 0 9 7 0 0 
7 10 0 9 0 5 0 3 0 0 0 14 1 15 16 2 
0 14 0 13 0 9 10 0 1 16 15 0 0 3 0 0 
3 0 4 5 16 0 2 15 9 8 0 0 13 11 12 0 
