4
12 0 11 0 0 0 0 0 0 16 0 0 0 0 7 0 
8 0 0 0 0 15 0 16 0 12 11 0 5 0 3 4 
0 0 15 1 9 0 6 0 5 4 3 2 0 10 0 12 
0 0 0 0 13 0 0 12 9 8 7 6 1 14 15 16 
0 0 0 11 0 1 16 2 15 0 13 0 0 4 0 6 
0 0 5 7 15 0 12 14 0 10 0 0 3 16 1 0 
14 12 0 15 0 5 0 0 0 2 1 16 11 8 0 0 
0 16 0 3 11 9 0 10 7 6 5 0 15 0 13 14 
13 0 12 0 0 4 0 5 0 0 0 0 10 7 0 0 
0 7 8 10 0 0 15 0 14 0 12 0 6 3 0 5 
0 3 0 6 0 12 0 13 0 9 8 7 2 0 0 1 
0 0 0 0 10 0 0 0 0 0 0 0 14 11 12 13 
15 13 14 16 0 0 5 0 4 3 2 0 0 9 0 0 
3 1 0 0 12 0 9 11 8 7 6 0 16 0 14 0 
0 9 0 0 4 2 0 3 0 0 14 13 8 0 0 0 
0 5 6 8 16 0 0 0 12 0 0 0 4 1 0 0 
