4
1 0 3 0 10 11 0 12 0 0 0 16 0 6 5 0 
0 0 15 16 0 7 0 0 10 0 11 0 0 2 1 3 
5 0 0 8 0 0 0 16 0 0 0 0 0 0 9 11 
9 0 0 0 0 3 1 4 0 5 7 8 16 14 0 15 
0 4 5 6 0 13 0 0 0 15 0 2 0 0 0 9 
11 12 13 0 4 5 0 6 0 7 0 10 2 16 15 1 
7 8 0 0 0 1 0 2 4 3 5 0 14 0 0 13 
15 0 1 2 0 9 0 10 0 11 13 14 6 4 3 0 
4 0 0 0 13 0 0 15 1 0 2 0 0 9 0 10 
0 0 14 15 0 0 0 7 9 8 0 0 0 0 0 2 
8 9 0 11 0 2 0 3 5 4 6 7 15 0 0 14 
16 1 0 0 0 0 8 11 0 12 0 0 0 5 4 6 
0 0 12 13 0 0 0 5 0 0 8 0 0 0 0 16 
0 0 8 9 0 0 14 1 3 0 4 0 13 0 10 12 
0 3 0 5 0 12 10 13 15 14 16 1 0 7 0 0 
0 0 0 1 7 0 6 9 0 0 0 13 5 3 0 0 
