4
0 10 0 8 0 6 0 0 1 0 0 0 11 14 12 0 
0 0 11 12 0 0 9 7 5 0 3 0 15 2 16 1 
0 0 15 0 0 14 13 0 0 0 7 0 0 0 0 0 
5 0 0 4 0 0 0 0 0 0 11 14 7 0 0 9 
0 11 0 0 0 0 6 4 0 1 0 3 12 0 0 14 
0 0 0 5 1 0 0 0 0 13 0 15 0 0 9 0 
0 0 16 0 13 15 14 0 10 0 0 0 4 0 5 6 
0 0 12 13 0 11 0 8 0 5 4 0 16 0 1 0 
7 8 5 6 0 4 3 1 0 14 0 16 9 12 0 0 
3 0 0 0 0 0 15 13 11 10 0 12 5 0 0 7 
15 0 0 0 0 0 11 0 0 6 5 8 0 4 0 0 
0 0 0 10 6 8 7 0 3 2 1 0 0 16 14 15 
0 0 14 0 11 13 0 10 0 0 0 9 0 5 0 0 
0 0 6 0 0 0 0 2 16 0 14 0 10 13 11 0 
12 0 0 0 7 9 8 0 4 3 0 0 14 1 15 0 
0 0 0 3 0 0 16 0 12 0 0 0 0 9 0 0 
