4
0 0 0 0 0 0 14 0 3 0 2 0 0 0 0 12 
0 0 15 16 0 7 0 5 0 12 0 0 1 0 0 4 
9 0 0 0 4 0 0 0 0 8 0 0 0 15 0 0 
0 0 0 0 0 0 10 9 0 16 14 13 0 7 0 0 
0 0 0 0 0 0 11 10 16 0 15 14 0 8 0 9 
0 0 0 0 9 0 0 0 0 0 0 0 0 0 3 0 
10 0 12 0 0 4 3 0 8 9 0 6 0 16 15 1 
6 0 0 0 1 0 15 0 0 0 0 0 0 12 0 13 
7 0 0 0 0 1 16 15 0 0 0 3 0 0 0 0 
0 0 1 2 0 0 0 7 13 0 12 0 0 5 0 0 
11 12 13 0 0 0 0 0 0 0 0 7 0 0 0 2 
3 4 0 6 0 0 0 0 1 0 16 0 7 0 8 0 
16 0 0 0 0 10 0 8 0 0 13 0 4 6 5 7 
0 0 6 0 15 0 13 12 2 0 0 16 0 0 0 0 
0 0 10 11 3 2 1 16 6 0 5 0 0 0 13 0 
0 0 14 0 7 0 5 0 10 11 0 0 0 0 0 3 
