4
0 0 0 15 4 0 0 0 12 10 0 9 0 6 0 8 
0 1 0 3 8 6 7 0 0 14 0 13 0 10 0 0 
0 0 0 0 0 0 0 13 0 0 0 0 1 2 0 0 
6 5 0 7 12 0 0 9 4 0 3 1 0 14 0 0 
12 0 0 0 0 0 0 15 10 0 9 0 0 4 0 0 
0 0 0 0 0 8 9 0 0 16 1 0 11 12 0 0 
16 15 0 0 0 4 5 3 14 12 0 0 0 8 0 0 
8 7 10 0 0 0 13 0 0 0 0 3 0 0 1 0 
0 0 13 12 0 0 0 14 0 0 8 0 2 3 0 5 
0 14 0 0 0 3 0 2 13 11 0 0 0 0 8 0 
3 2 5 4 0 0 0 0 1 15 0 0 10 0 12 13 
7 0 9 0 0 0 0 10 0 3 4 0 14 15 16 0 
0 0 0 6 0 9 10 0 0 1 0 0 0 0 14 0 
0 8 0 10 0 13 14 0 7 5 0 0 16 0 0 0 
13 12 0 14 3 1 2 0 11 0 0 0 0 0 0 0 
0 16 3 2 0 5 6 0 15 0 0 12 8 9 0 0 
