4
0 0 0 0 0 0 8 0 0 0 14 16 0 0 0 4 
5 8 0 0 0 1 0 0 0 0 10 0 0 0 15 0 
0 4 0 2 0 13 0 0 5 0 0 0 0 9 11 0 
0 16 15 0 0 0 0 0 0 0 0 0 6 0 0 8 
11 14 0 12 9 7 10 0 0 0 16 2 4 0 5 6 
3 0 5 4 0 0 0 16 7 0 8 10 0 0 0 0 
15 2 0 0 0 11 14 0 3 0 0 0 0 7 0 0 
7 10 9 0 0 3 6 0 0 0 0 0 0 15 1 2 
0 0 0 0 0 0 5 3 10 0 0 13 0 0 0 0 
2 5 4 3 0 0 1 15 0 0 7 9 0 0 12 13 
10 0 12 11 8 0 9 7 14 0 15 0 0 0 4 0 
0 0 0 15 12 0 0 0 2 0 0 0 0 6 8 9 
0 0 10 0 6 4 0 0 0 0 0 15 0 16 0 0 
0 0 6 5 0 0 3 1 8 10 0 11 0 12 14 0 
0 0 0 0 0 12 15 13 4 6 0 7 0 0 0 0 
0 0 0 13 10 8 0 0 0 2 1 0 5 0 6 7 
