4
0 9 10 0 0 5 0 0 0 0 0 0 0 0 0 0 
15 0 14 0 10 0 0 12 3 2 0 0 0 6 0 0 
0 0 0 4 0 0 0 16 7 0 5 0 11 0 0 0 
7 5 0 8 2 1 3 4 0 0 0 12 15 0 16 0 
0 0 7 0 0 0 4 0 0 0 10 13 16 0 0 0 
16 14 15 1 11 0 12 0 0 0 0 0 0 7 0 0 
12 10 0 13 0 0 8 0 0 15 14 1 4 0 5 2 
0 0 0 5 15 0 16 1 8 0 0 9 12 11 13 10 
0 7 0 0 4 3 0 6 13 12 0 14 0 16 2 0 
1 15 0 0 0 11 0 0 5 0 0 0 0 0 10 7 
5 3 0 0 0 0 0 0 0 8 0 10 13 0 14 0 
0 0 0 0 8 0 9 10 1 16 15 0 0 4 0 0 
0 0 0 7 0 0 0 3 0 0 0 0 14 0 0 12 
0 8 0 11 0 4 6 0 0 0 12 0 0 1 3 0 
14 0 13 15 9 0 0 0 2 1 0 3 0 0 7 0 
0 0 1 0 0 0 0 15 0 5 0 7 0 0 0 0 
