4
0 0 4 1 10 9 0 0 0 0 0 0 16 15 0 13 
0 11 12 0 0 0 3 0 14 16 15 0 0 0 0 0 
0 0 0 5 14 13 0 0 0 12 11 9 0 0 0 0 
14 15 0 0 0 0 7 0 0 4 0 0 0 0 0 9 
0 0 10 0 0 0 0 0 12 0 13 0 0 5 0 0 
0 13 0 11 0 0 0 6 0 0 0 0 10 0 0 0 
0 0 6 0 0 11 0 0 8 0 9 7 0 1 0 0 
16 1 0 0 0 7 0 0 0 0 0 0 0 13 0 0 
0 4 5 2 11 10 0 0 0 9 0 6 0 0 0 14 
0 8 0 0 0 14 16 1 0 0 12 0 0 0 0 0 
0 16 1 14 7 0 0 9 0 0 0 2 0 0 11 0 
11 0 13 0 3 2 4 0 0 0 0 0 0 0 0 6 
0 0 3 0 9 8 10 0 5 0 0 4 0 0 0 12 
0 0 0 12 5 0 0 7 0 0 0 0 0 10 9 8 
0 0 11 0 1 16 0 0 13 15 0 0 0 0 0 0 
5 0 0 0 0 12 0 0 0 0 0 0 0 0 0 16 
