4
0 16 0 0 0 9 11 0 0 6 0 0 0 2 4 0 
0 4 0 0 0 0 0 14 9 10 0 0 7 0 8 0 
0 12 9 11 8 0 7 0 1 0 4 0 0 0 0 0 
6 0 5 0 4 0 3 2 0 0 0 0 0 0 12 0 
11 13 0 12 0 0 0 7 2 0 5 0 0 0 1 14 
15 1 0 16 0 10 0 0 0 7 9 8 4 0 5 0 
0 0 0 8 0 2 4 3 0 15 0 0 12 11 0 0 
0 5 0 0 1 0 0 0 10 11 0 12 0 0 0 0 
1 3 16 2 0 0 0 0 0 0 11 10 0 5 0 4 
0 0 4 6 3 16 0 1 12 0 0 0 10 9 0 0 
13 15 0 14 11 8 0 9 0 5 0 0 0 1 0 16 
0 0 0 10 7 0 0 5 16 1 0 0 14 13 0 12 
4 0 0 0 0 0 1 0 0 0 0 0 0 0 0 7 
0 2 0 0 0 11 13 0 0 0 10 0 0 0 6 0 
0 0 7 0 0 0 5 4 0 0 0 0 13 0 14 0 
0 0 0 0 0 7 0 0 3 0 0 0 1 0 0 15 
