4
0 0 0 3 1 16 14 15 6 0 0 0 0 0 0 0 
1 0 0 0 0 0 10 11 2 0 0 0 6 0 8 0 
9 0 8 0 5 4 0 0 10 0 0 13 14 0 0 0 
13 0 0 11 0 0 0 0 0 0 0 0 0 5 4 0 
0 12 0 0 0 10 0 9 0 0 0 3 4 7 0 0 
3 0 2 0 0 0 0 13 4 0 5 0 8 0 0 0 
11 8 0 9 0 0 0 5 12 0 0 15 0 3 0 0 
0 4 6 0 0 2 16 1 8 0 0 11 12 0 0 13 
0 0 11 0 0 0 5 6 0 0 0 0 1 4 0 0 
0 1 3 0 0 0 0 0 0 0 6 8 0 12 0 0 
8 0 0 0 4 0 1 0 9 11 0 12 0 0 0 0 
16 0 15 14 12 0 0 0 0 0 0 0 5 0 0 0 
0 0 13 12 10 9 7 8 0 0 0 2 3 6 5 0 
0 0 0 0 0 13 0 12 0 5 4 6 0 0 0 0 
0 7 9 0 6 0 0 4 0 13 12 0 15 0 1 16 
6 3 5 0 2 1 0 16 7 0 8 10 11 0 0 12 
