4
0 12 13 0 0 0 0 0 0 0 0 10 0 0 6 0 
11 0 9 0 15 0 13 0 7 0 4 0 3 16 0 1 
0 0 5 0 0 10 9 8 0 0 16 0 0 0 14 0 
0 0 0 2 7 0 5 0 15 0 0 14 0 8 0 0 
0 0 0 5 10 0 8 0 2 0 15 0 0 11 0 12 
10 7 0 0 0 0 0 11 0 0 0 0 0 15 1 16 
2 15 0 0 0 5 4 0 0 12 0 13 10 0 9 0 
0 11 0 13 0 0 16 0 0 8 0 0 6 3 5 0 
0 0 0 0 1 16 0 0 9 0 6 0 0 2 4 3 
0 0 15 0 5 0 0 0 13 11 0 12 0 0 8 0 
9 6 7 0 0 12 11 10 5 3 2 4 0 14 0 0 
5 0 0 4 0 8 0 6 1 15 0 16 0 10 12 11 
0 13 0 0 0 0 0 0 0 0 9 0 0 0 0 6 
0 0 0 3 0 7 0 0 16 14 0 15 0 0 0 0 
0 0 0 11 0 0 0 0 0 6 0 7 4 0 0 0 
8 5 0 0 0 0 0 0 4 0 0 0 16 0 0 14 
