4
0 13 16 14 0 0 11 9 5 0 6 0 0 0 0 0 
3 0 4 0 0 16 0 0 9 0 10 0 0 8 0 0 
0 0 0 0 0 0 0 5 0 4 0 0 0 16 15 0 
7 5 0 0 2 4 0 0 13 16 0 15 10 12 0 0 
0 2 0 3 0 0 0 0 10 13 11 0 7 9 8 6 
12 0 0 0 0 9 8 0 2 5 0 0 0 1 0 14 
16 0 1 0 0 0 12 10 6 9 0 0 0 0 0 0 
8 6 9 7 0 0 4 0 0 0 0 0 0 13 0 10 
0 0 3 1 0 0 0 0 8 0 0 10 0 0 0 4 
6 4 7 0 1 0 2 16 12 15 0 14 9 11 0 0 
0 0 0 13 9 0 10 8 4 0 0 0 0 0 0 0 
10 0 11 9 5 0 0 0 0 3 0 0 0 0 0 12 
0 7 0 8 0 6 5 3 0 0 0 1 12 14 13 11 
5 3 6 0 16 0 1 15 0 0 0 13 0 0 0 0 
0 11 14 0 8 10 0 7 3 0 4 5 0 2 0 15 
1 0 2 16 0 0 0 11 0 10 8 9 4 0 0 3 
