4
0 14 13 12 4 0 0 0 8 11 9 0 0 0 16 0 
0 2 0 0 8 9 0 11 12 0 0 0 6 5 0 0 
7 0 0 0 12 0 0 0 0 0 0 0 0 0 8 0 
0 0 0 8 0 0 0 3 0 0 5 0 0 0 12 15 
0 0 0 0 13 14 15 16 0 0 0 0 0 0 0 12 
0 11 0 9 1 0 0 0 0 0 6 7 15 0 13 16 
16 0 14 13 0 6 7 0 0 0 10 0 3 2 0 4 
0 0 0 0 9 10 11 0 0 0 0 0 7 0 0 0 
0 0 0 0 0 0 0 0 0 0 8 0 0 16 15 2 
6 0 0 0 0 0 0 0 0 0 0 0 9 0 0 0 
0 0 0 0 7 0 9 10 0 0 12 0 5 0 0 6 
0 9 8 0 0 0 1 2 0 6 4 5 0 12 11 0 
0 0 0 0 0 0 0 9 0 0 0 12 0 0 0 5 
0 0 3 0 0 0 12 0 0 0 0 16 0 0 0 9 
0 8 7 6 0 15 16 0 0 0 3 4 0 0 0 13 
0 12 11 0 0 3 4 5 6 9 0 8 16 0 0 1 
