4
0 0 3 5 0 9 0 10 16 0 0 0 0 11 13 12 
0 16 0 1 3 5 0 6 12 0 0 11 0 7 9 8 
0 12 0 0 15 0 16 0 0 0 0 7 0 0 5 4 
10 0 0 9 11 0 0 0 0 5 0 0 2 15 1 0 
0 11 0 12 14 0 15 0 7 8 9 6 5 2 4 3 
1 0 14 0 2 4 3 0 0 0 13 10 0 6 8 7 
0 7 6 0 0 12 0 0 0 0 0 2 0 14 0 0 
0 0 0 0 6 8 0 0 15 16 0 0 0 0 0 0 
0 0 1 3 0 7 0 0 0 15 0 13 0 0 0 0 
0 6 5 0 0 11 0 12 2 0 0 1 0 0 0 14 
0 0 0 15 0 3 0 0 0 11 12 0 8 0 7 6 
12 10 0 0 13 0 14 16 0 0 8 0 4 0 0 2 
3 1 0 0 4 0 0 7 13 0 0 12 11 8 0 0 
0 0 0 0 0 0 0 0 1 0 0 16 0 0 14 13 
15 13 0 0 16 0 1 0 9 0 11 0 0 0 6 0 
0 9 0 0 12 14 13 0 0 0 0 0 3 16 2 1 
