4
0 0 11 0 0 14 0 0 3 0 16 1 0 0 0 0 
0 0 3 0 0 0 0 5 11 10 0 0 0 15 0 0 
0 0 0 0 0 10 8 0 15 14 12 0 0 0 0 1 
0 0 15 0 0 2 0 1 0 0 0 0 10 0 8 9 
0 1 0 2 0 0 0 0 12 11 9 0 0 16 13 0 
15 0 0 14 0 0 0 0 0 0 5 0 0 12 9 10 
0 5 8 6 0 11 9 10 16 0 0 0 0 0 1 0 
11 0 12 10 0 0 13 14 0 0 0 2 7 0 0 0 
0 0 0 0 0 0 0 4 0 0 0 0 0 0 11 12 
9 0 0 8 0 0 0 0 0 1 0 0 5 6 0 0 
13 0 0 0 0 1 15 16 0 0 0 0 0 10 7 0 
5 3 6 0 0 9 7 0 14 13 11 12 1 0 15 0 
0 0 0 3 0 8 0 7 0 0 10 11 0 1 14 15 
16 0 0 15 0 0 0 3 0 0 0 7 0 0 10 0 
0 10 0 0 1 0 0 0 0 0 0 0 0 9 6 0 
0 0 9 7 0 0 0 0 0 16 0 0 4 5 0 0 
