4
0 0 0 0 0 13 0 0 0 5 0 3 0 0 7 0 
4 3 0 0 0 0 0 16 10 0 0 7 12 0 0 0 
0 0 13 14 7 0 0 0 0 1 0 0 0 0 0 5 
8 0 0 10 3 0 6 4 0 0 0 0 0 0 15 1 
13 12 0 0 0 0 0 0 3 2 0 0 5 7 0 0 
0 0 6 7 0 0 3 0 0 0 0 8 13 15 0 0 
0 8 10 0 0 6 7 5 0 14 0 12 0 3 0 2 
0 0 2 0 12 14 0 13 7 0 5 4 0 0 8 10 
0 2 4 5 0 16 0 15 0 0 0 6 0 0 10 0 
7 0 0 9 0 4 5 0 13 12 0 0 0 0 0 16 
15 0 16 1 0 12 13 0 5 4 3 0 0 0 0 0 
0 10 12 0 0 0 9 0 0 16 0 0 0 0 2 0 
6 0 0 0 1 0 0 0 0 0 10 9 0 0 0 15 
0 0 0 0 0 0 0 10 4 0 0 1 6 8 5 0 
10 9 0 12 0 7 8 6 16 15 0 0 2 0 0 3 
0 1 0 4 13 0 16 0 8 0 0 5 10 0 9 11 
