4
0 16 1 0 0 0 0 4 0 0 0 0 0 0 0 0 
0 0 0 11 0 0 15 16 0 5 0 0 0 9 0 0 
0 0 5 3 0 0 0 8 0 0 14 0 16 1 2 0 
10 0 9 7 13 0 11 0 0 1 0 0 4 0 0 0 
0 0 0 2 0 9 0 0 0 0 13 10 0 16 0 0 
0 7 0 6 0 0 0 11 0 16 1 0 3 0 0 0 
0 15 0 0 0 0 2 3 0 0 0 6 11 0 0 0 
0 0 0 10 16 0 0 0 0 4 5 2 0 0 9 0 
0 0 0 0 0 16 13 0 0 3 0 1 0 0 0 5 
4 2 3 0 0 0 0 6 10 0 12 0 0 15 0 0 
0 0 0 5 11 0 0 0 14 15 0 13 2 0 0 1 
0 14 0 0 0 4 0 2 0 7 0 0 10 0 12 9 
7 5 6 4 10 11 8 0 13 0 0 0 0 2 0 16 
15 0 0 0 0 0 0 0 0 6 0 4 9 0 0 0 
0 0 2 16 0 0 0 5 0 0 0 8 0 0 15 12 
0 0 10 8 0 0 0 0 1 0 0 0 5 6 0 0 
