4
11 0 0 0 0 0 0 15 0 0 0 6 0 0 0 1 
15 12 0 0 16 1 0 0 8 0 0 10 0 6 7 0 
7 4 6 0 0 9 10 11 16 0 0 0 0 0 0 13 
0 16 0 1 4 5 0 0 0 15 0 0 8 0 11 0 
4 0 3 2 0 0 7 0 0 16 14 0 0 11 12 0 
0 0 11 0 0 0 15 0 0 0 6 7 1 0 4 2 
16 13 0 14 1 0 0 0 9 0 0 11 5 0 0 0 
8 0 0 0 9 0 0 0 1 4 0 3 13 0 0 14 
0 0 0 3 6 0 8 0 0 0 0 0 0 0 0 0 
0 0 0 7 0 0 12 0 0 0 0 0 14 16 0 0 
0 14 0 15 2 3 0 5 10 0 0 0 0 0 0 0 
13 0 12 0 0 15 16 0 6 0 0 0 0 0 0 3 
10 0 0 0 0 0 0 0 3 6 4 0 0 0 0 16 
2 15 0 16 3 4 0 0 0 14 0 13 0 9 0 0 
6 3 5 0 0 0 0 10 15 0 16 1 0 0 14 0 
0 0 13 0 0 16 1 0 0 0 0 9 3 0 0 0 
