4
0 0 0 0 0 12 10 9 0 0 0 0 0 2 1 0 
4 3 0 0 15 16 0 13 0 0 0 0 0 6 5 0 
0 0 0 0 0 0 2 0 0 0 15 0 0 0 9 12 
0 0 9 10 7 0 6 0 4 1 3 0 0 0 0 0 
0 0 0 0 0 0 0 0 2 0 0 0 0 12 11 0 
6 0 3 0 1 0 16 0 0 0 0 0 0 0 7 0 
2 1 0 16 0 0 12 0 10 0 9 0 0 4 3 6 
0 0 0 0 0 0 8 7 6 0 0 0 1 0 15 2 
0 8 0 0 4 0 0 0 1 0 16 0 12 0 0 0 
5 0 2 3 16 1 0 14 0 10 0 0 8 0 0 9 
0 16 14 0 0 13 0 10 0 0 0 0 0 0 0 0 
0 0 0 11 8 0 7 6 5 2 0 3 16 0 0 0 
0 0 4 0 0 0 0 0 15 12 14 13 0 9 8 0 
0 2 16 0 0 15 13 0 0 8 0 0 6 0 0 0 
0 0 8 0 6 0 0 0 0 0 2 0 0 0 12 15 
15 0 0 13 0 0 0 8 0 4 0 5 0 0 0 0 
