4
0 11 0 0 0 0 0 4 13 0 15 12 0 0 3 0 
0 7 6 0 0 3 1 0 0 0 0 8 0 0 0 0 
16 0 0 1 0 0 0 0 0 0 0 0 0 0 0 8 
0 15 0 13 0 0 0 0 1 2 0 0 0 0 0 4 
10 13 0 0 0 9 0 0 15 0 1 14 0 0 0 0 
0 9 0 0 0 0 0 2 0 0 0 0 0 0 0 14 
14 0 0 0 0 0 0 0 0 0 5 2 8 0 9 0 
2 0 0 0 0 0 0 0 0 8 0 6 0 11 13 0 
1 0 0 2 0 16 0 0 0 0 0 0 0 10 0 9 
0 0 15 14 0 12 0 0 0 3 0 1 7 6 8 5 
0 8 0 0 0 0 0 0 0 11 12 0 0 0 16 13 
0 0 0 0 7 0 0 0 0 0 0 13 0 2 0 0 
0 0 0 12 9 0 8 0 16 0 2 0 0 0 0 0 
15 0 0 0 0 0 0 0 4 0 0 0 9 0 0 0 
3 6 0 0 1 0 16 0 0 0 0 0 13 0 0 0 
0 0 9 0 0 0 0 0 0 13 14 11 1 16 0 0 
