4
0 0 0 0 8 9 0 0 13 0 14 0 7 0 0 5 
0 0 13 14 4 5 0 0 9 8 10 0 3 16 2 0 
0 4 0 6 0 0 0 0 0 0 0 3 0 0 0 0 
11 8 0 0 0 1 0 2 5 0 0 7 0 12 14 13 
8 0 0 7 0 0 0 0 2 0 0 0 12 0 0 10 
12 0 0 11 0 2 0 0 0 0 0 0 0 13 0 0 
0 0 2 3 9 0 0 11 14 0 0 0 0 0 7 0 
16 0 0 0 0 0 8 7 10 0 0 12 4 0 3 0 
0 0 0 0 0 0 0 0 15 0 16 0 9 0 8 0 
0 0 0 0 0 0 0 0 0 0 0 13 5 0 0 0 
0 0 0 0 2 0 5 4 0 0 0 9 0 0 16 0 
0 0 0 0 0 15 1 0 3 0 4 5 0 10 12 0 
0 0 0 0 0 0 6 0 0 0 0 0 0 15 0 0 
0 0 0 0 0 8 10 0 0 0 0 0 0 0 0 0 
0 0 0 5 11 12 0 0 16 0 1 0 0 0 0 0 
0 0 8 0 15 0 2 1 0 0 5 6 0 0 13 0 
