4
0 0 0 0 0 0 0 0 0 0 0 0 0 0 0 0 
0 8 5 0 0 0 0 0 0 2 0 0 9 10 0 11 
10 0 9 0 0 0 4 2 8 0 7 0 0 0 0 15 
0 0 0 3 9 11 0 0 0 0 15 0 0 6 0 0 
0 3 0 2 0 0 0 0 15 13 0 12 0 0 7 0 
0 0 0 14 0 6 0 0 11 0 0 0 0 1 0 2 
5 0 0 0 12 14 0 0 0 1 0 0 0 0 0 10 
0 0 0 10 0 2 0 1 0 0 0 0 0 13 0 0 
0 0 0 0 0 0 0 0 5 0 0 2 10 0 13 0 
0 0 0 4 0 0 0 0 0 0 0 14 0 0 0 0 
11 13 0 0 0 4 0 3 0 0 0 0 0 0 0 0 
0 0 0 0 6 0 0 7 0 0 0 0 2 0 5 0 
0 0 0 13 0 0 6 0 0 8 0 0 0 0 0 0 
16 2 0 0 0 0 0 8 0 12 0 0 0 4 6 0 
4 0 3 0 0 0 0 0 0 0 1 0 7 8 0 0 
8 0 0 0 15 0 0 0 0 0 0 0 11 0 0 0 
