4
16 1 0 0 3 4 6 0 0 0 0 0 0 0 8 0 
0 13 0 0 0 0 0 0 0 0 10 0 0 0 0 0 
0 0 0 0 0 0 0 0 15 0 0 0 0 0 0 13 
0 0 0 0 0 0 0 0 0 0 0 0 0 0 0 0 
0 0 13 16 0 2 4 0 0 0 12 0 0 0 0 0 
0 3 0 0 0 0 8 7 13 0 16 0 12 0 10 0 
0 11 0 0 0 0 0 0 0 0 8 0 0 1 0 0 
6 0 0 0 9 10 12 0 0 3 0 0 0 0 0 0 
0 0 0 0 16 0 0 2 8 0 0 9 7 0 5 6 
0 0 4 0 8 9 11 10 16 0 0 0 0 0 0 0 
0 0 0 11 0 0 0 0 0 6 0 5 0 0 0 0 
0 0 16 0 0 0 7 0 0 0 15 13 11 0 0 10 
15 0 14 1 0 3 0 4 10 0 0 0 9 6 0 0 
0 4 2 0 0 0 0 0 0 0 0 0 13 0 11 12 
11 0 0 0 14 0 1 0 0 8 0 0 0 0 0 4 
0 8 6 0 10 11 0 0 0 4 0 0 0 0 15 0 
