4
11 0 13 14 6 0 0 3 0 0 15 0 0 9 8 10 
0 0 1 2 10 0 0 0 4 5 3 6 0 0 0 0 
0 0 0 0 0 0 0 0 0 0 7 10 0 0 16 0 
0 0 9 0 2 0 0 15 12 0 0 0 0 0 0 6 
4 5 0 7 0 0 13 0 0 0 0 11 16 2 0 0 
0 0 0 3 11 0 0 8 0 6 4 0 0 14 0 0 
0 13 0 15 0 0 5 0 1 0 0 0 8 0 0 11 
0 0 0 0 0 0 0 0 0 14 0 0 0 0 0 0 
5 0 0 0 0 0 0 0 0 0 9 12 0 3 0 0 
0 0 0 16 0 0 0 0 2 3 0 4 0 0 0 0 
0 0 0 0 12 0 0 0 0 0 0 0 13 0 0 0 
0 0 0 0 0 0 0 1 14 15 13 0 0 0 6 0 
0 0 0 0 0 0 15 0 0 0 0 13 0 0 0 0 
0 0 0 0 5 4 0 0 0 0 0 0 0 8 0 0 
0 0 16 0 0 8 7 0 0 0 2 0 10 12 0 13 
0 0 0 0 0 0 0 0 7 0 0 0 0 0 0 0 
