4
4 0 0 0 0 0 0 0 0 9 11 8 1 0 0 16 
16 0 0 1 0 0 0 0 6 0 7 0 0 0 0 0 
0 0 0 0 0 16 2 1 0 0 15 0 5 0 0 4 
0 0 0 0 0 4 0 5 0 0 3 0 0 0 0 8 
0 16 1 0 9 0 0 0 0 0 5 0 0 0 0 10 
6 0 0 0 1 0 0 15 12 0 13 0 3 0 0 2 
0 0 5 0 0 0 12 11 0 0 0 0 0 1 0 0 
0 12 0 0 0 0 0 3 16 0 0 0 0 0 8 0 
0 0 0 0 0 0 0 0 0 0 0 9 0 0 0 0 
0 0 0 0 0 0 0 0 0 0 0 0 0 0 11 9 
0 0 0 0 0 0 0 2 0 0 16 13 0 0 0 0 
1 0 0 0 12 0 0 0 0 6 0 0 0 0 15 13 
0 0 0 4 0 0 13 0 0 0 10 7 0 0 0 15 
0 0 0 8 0 15 0 0 13 12 14 0 0 6 0 0 
11 13 0 12 0 0 0 4 0 0 2 0 0 0 9 7 
15 1 2 0 10 0 9 0 5 4 0 3 0 0 0 11 
