4
2 0 0 16 0 0 0 0 0 0 0 0 0 0 0 0 
6 0 0 0 14 0 0 0 0 0 0 0 0 0 10 0 
14 11 0 0 0 0 0 0 0 0 10 0 1 15 0 0 
0 0 0 0 0 0 0 0 3 0 0 0 13 0 14 12 
0 0 0 0 11 0 0 0 0 0 15 0 0 0 0 0 
0 0 6 5 0 13 0 0 16 0 0 0 0 0 0 0 
0 0 0 0 0 0 0 0 0 10 0 0 0 16 0 0 
0 0 10 9 0 0 0 0 0 6 0 0 0 0 0 0 
0 0 0 6 0 0 0 0 0 3 0 0 0 0 0 10 
12 0 0 0 4 0 0 1 0 0 8 0 0 0 0 14 
0 0 0 0 8 0 0 0 0 0 12 0 3 0 4 0 
4 0 0 2 0 0 11 9 0 0 0 0 7 0 0 6 
0 0 0 7 1 15 0 0 0 0 0 3 0 0 13 11 
0 0 0 0 5 0 4 0 0 0 0 0 0 0 0 0 
5 0 0 0 0 11 0 0 0 0 0 0 0 0 0 0 
0 0 0 0 0 0 0 0 0 0 0 0 0 0 0 0 
