4
0 0 0 0 0 0 4 0 0 6 0 0 15 0 0 14 
0 0 0 0 0 0 0 0 0 10 0 11 0 4 0 2 
0 0 0 0 0 0 0 0 4 0 0 0 0 12 0 0 
4 0 0 0 11 0 0 0 0 0 0 15 0 0 0 0 
0 0 0 0 0 0 0 8 0 0 12 0 0 0 0 0 
0 0 0 0 0 5 0 0 0 0 0 10 0 0 0 0 
0 0 0 0 0 0 3 16 0 0 0 0 14 0 0 13 
0 0 0 0 0 0 0 12 0 0 0 0 10 0 8 9 
0 15 0 0 0 8 0 7 0 0 0 13 5 6 0 0 
6 0 0 5 0 0 14 0 0 0 0 0 0 0 0 8 
0 0 12 0 5 0 0 0 0 0 7 0 1 0 0 16 
0 0 0 0 0 0 0 15 0 0 0 0 0 14 0 12 
5 0 0 4 0 0 0 0 0 15 14 0 0 0 6 7 
1 0 15 0 0 0 0 0 0 0 10 0 0 0 0 3 
13 0 0 0 0 0 0 0 9 0 6 0 0 1 0 15 
0 6 0 0 16 0 0 0 0 0 0 0 12 0 0 0 
