4
0 0 0 0 0 0 0 8 0 3 0 0 0 0 0 0 
0 0 0 0 0 0 0 0 0 0 0 0 0 0 0 1 
0 5 0 0 0 0 0 4 0 0 0 0 10 0 12 0 
0 0 3 0 13 15 0 0 0 0 0 0 0 0 0 0 
0 0 2 0 0 0 0 0 0 0 0 0 0 6 0 4 
0 0 0 0 0 10 9 0 5 0 4 0 0 0 0 0 
0 0 6 5 16 2 0 0 0 0 0 15 0 10 0 0 
0 0 0 0 0 0 5 7 0 0 16 0 0 0 15 0 
10 0 0 0 3 0 0 0 0 0 0 0 0 0 0 0 
0 0 0 0 0 0 0 0 0 0 0 0 0 9 10 0 
0 0 0 0 0 0 0 14 8 0 0 0 0 5 0 0 
0 0 13 12 0 0 0 0 0 0 0 0 0 0 0 0 
0 0 16 15 0 0 0 0 0 8 6 0 0 0 0 0 
0 2 0 0 0 16 0 0 0 0 0 0 0 0 9 0 
0 0 0 0 0 0 0 0 0 0 0 0 15 0 0 0 
0 0 0 0 0 0 0 0 15 0 0 0 0 12 0 0 
