5
3 0 25 0 1 0 17 0 0 18 22 19 21 0 20 6 4 8 7 5 13 0 12 0 11 
0 22 20 19 21 0 0 9 10 13 0 14 16 18 15 1 0 3 2 25 8 5 0 0 0 
18 17 15 0 16 6 7 4 0 0 0 9 11 13 0 0 0 23 22 0 0 25 2 24 0 
8 7 5 4 6 21 0 19 0 0 2 24 1 3 25 11 0 13 12 10 18 15 17 0 0 
0 12 10 0 11 1 0 24 25 0 0 0 0 8 0 16 14 0 0 0 23 20 22 19 0 
0 3 1 0 2 0 18 15 0 19 23 20 22 0 21 7 5 9 8 6 14 11 13 10 12 
24 23 0 20 22 12 0 0 11 14 18 15 17 19 0 2 25 0 3 0 0 0 8 5 0 
9 0 6 5 7 22 23 20 21 0 3 25 2 0 1 12 10 14 13 0 19 16 0 0 17 
0 18 16 0 17 7 0 5 6 9 13 10 12 14 11 22 20 0 23 0 4 1 3 0 0 
14 13 0 10 12 2 3 25 1 0 8 5 0 9 6 17 0 0 18 16 0 21 23 20 22 
1 0 23 0 24 0 0 12 13 0 20 17 19 0 18 4 0 0 0 3 11 8 10 7 9 
11 10 0 7 9 0 25 22 23 1 5 2 0 0 0 14 12 0 0 13 21 0 0 17 19 
21 0 18 17 19 9 0 0 8 0 0 12 14 16 13 24 0 1 0 23 0 3 5 2 4 
6 0 0 2 4 0 20 17 18 21 25 22 24 1 23 9 7 11 0 8 16 0 15 0 14 
16 0 13 0 0 0 5 0 3 6 0 0 9 11 8 0 17 21 0 18 0 23 0 0 24 
0 24 0 21 0 13 0 11 12 15 19 0 18 0 17 3 1 5 4 2 10 7 0 6 8 
5 0 2 0 0 18 0 0 17 20 24 21 23 0 22 8 0 10 9 7 15 12 14 11 13 
20 0 0 0 18 0 0 0 7 10 14 0 13 15 12 23 0 25 24 22 5 0 4 1 3 
0 9 0 6 8 0 24 0 22 25 4 1 3 5 2 13 11 15 0 12 0 17 19 16 0 
0 0 0 11 13 0 4 1 2 5 0 0 8 10 0 0 0 20 0 0 25 22 0 21 23 
2 1 24 0 25 15 0 13 0 17 0 18 0 22 0 0 3 7 0 0 12 9 0 0 0 
0 0 19 18 0 10 0 8 0 0 16 13 15 17 14 25 0 0 0 24 7 4 6 0 5 
17 0 14 0 15 5 6 3 4 7 11 8 10 0 9 20 18 0 21 0 2 0 0 23 25 
7 0 4 3 5 0 21 18 19 0 1 0 25 2 0 0 8 12 0 9 17 14 0 0 15 
0 11 0 8 10 0 1 23 0 0 6 0 0 0 4 15 0 0 0 14 22 19 0 0 20 
