5
8 11 0 10 9 0 15 13 14 0 22 19 0 21 0 6 3 7 5 4 0 24 25 23 2 
3 0 0 0 4 0 10 0 0 12 0 0 13 16 15 1 23 2 0 24 21 0 20 18 22 
0 0 0 25 0 6 5 3 4 7 0 9 8 11 10 21 0 22 20 19 0 14 15 13 17 
18 21 22 20 19 0 0 23 0 2 7 4 0 6 5 16 0 0 15 0 0 9 10 8 12 
13 16 0 15 14 21 20 18 19 22 2 24 23 1 25 11 0 12 10 0 6 4 5 3 7 
0 0 0 22 21 0 2 25 1 4 9 6 0 8 0 0 15 19 17 0 0 0 0 0 14 
5 8 0 7 0 13 0 0 0 0 19 0 0 0 17 3 25 4 0 0 23 21 0 20 24 
15 18 0 0 16 23 22 20 0 24 4 1 0 3 2 13 0 14 12 0 8 6 7 5 9 
0 3 4 2 1 8 0 5 6 9 0 11 10 13 0 23 20 0 0 21 0 16 17 15 0 
0 13 14 12 11 0 0 15 0 0 0 21 0 23 22 8 5 9 7 0 3 1 2 25 4 
11 0 15 0 12 19 18 0 17 0 0 0 21 24 23 0 0 10 8 0 4 2 3 0 5 
0 0 10 8 7 14 13 11 12 15 20 0 16 19 18 0 1 5 3 0 0 22 23 0 25 
1 4 5 3 0 9 8 6 7 10 15 12 0 0 13 24 21 0 23 0 0 0 18 16 0 
21 0 0 0 0 4 0 1 2 5 0 0 6 9 8 19 0 20 0 0 14 12 0 0 15 
16 0 20 18 17 24 23 0 22 25 0 2 1 4 3 14 11 0 0 12 0 0 0 6 10 
0 10 11 9 8 15 0 12 13 16 21 18 0 0 19 5 0 0 0 0 0 0 0 0 1 
17 20 21 19 18 25 24 22 0 1 6 3 2 5 4 0 0 0 0 13 0 8 9 0 11 
22 0 1 24 23 5 4 2 0 6 11 0 0 10 9 0 17 21 19 0 0 13 14 12 0 
2 0 6 4 3 0 9 7 8 11 16 13 0 15 0 25 0 1 24 23 20 18 19 0 21 
12 15 16 14 0 0 19 17 0 0 0 23 22 25 0 0 0 11 9 8 0 3 4 0 6 
19 22 23 0 20 2 1 0 0 0 8 5 4 0 6 17 14 0 0 0 12 0 0 0 0 
14 17 18 16 15 22 21 19 0 0 0 25 0 0 0 12 9 13 11 10 7 5 0 0 8 
24 0 3 1 25 0 6 4 0 0 13 10 9 12 11 22 0 23 0 20 17 15 0 0 18 
9 12 0 11 10 17 16 0 0 18 23 20 19 22 21 7 4 0 6 0 2 25 0 24 3 
0 0 8 6 0 12 11 9 10 13 18 15 0 17 0 2 24 3 1 0 22 20 21 19 23 
