5
0 20 0 16 19 10 0 6 9 8 5 4 0 0 3 12 15 14 11 0 0 23 22 24 21 
0 15 0 0 0 5 2 0 0 0 0 24 22 21 23 0 10 9 0 0 20 18 17 19 0 
23 25 22 0 24 15 12 11 0 13 10 9 0 6 8 17 0 19 16 18 5 3 0 0 1 
3 5 2 1 4 0 17 0 0 0 15 14 0 0 13 22 25 24 0 23 10 8 7 9 6 
0 10 0 6 9 25 22 21 24 23 20 19 0 16 18 2 5 0 1 0 15 13 0 14 11 
20 0 19 18 21 12 9 8 11 10 7 6 4 3 0 14 17 16 13 0 2 25 24 1 0 
15 0 0 0 16 7 4 0 0 5 0 1 0 0 0 0 12 11 8 10 22 0 19 0 0 
25 2 0 23 1 17 0 13 16 0 12 11 0 8 10 19 0 21 0 20 0 0 4 6 0 
0 7 4 0 6 0 0 18 0 20 17 16 14 13 15 0 2 0 23 0 0 10 9 11 0 
0 12 9 8 0 0 0 23 1 0 22 0 19 18 0 0 0 6 0 5 0 0 14 16 13 
0 6 3 2 5 21 18 17 20 19 16 0 13 12 14 23 1 0 22 0 0 9 8 0 7 
19 0 18 17 20 11 0 7 0 9 6 5 0 2 4 13 16 0 12 14 0 24 23 25 22 
0 1 23 22 0 0 13 12 15 14 11 10 8 7 9 0 21 20 17 19 0 4 3 0 0 
14 0 13 12 0 6 0 0 5 0 1 25 0 0 0 0 0 0 7 9 21 0 18 20 17 
9 11 8 0 0 1 23 22 25 24 0 20 18 17 19 3 6 5 2 4 0 14 13 15 0 
22 0 0 20 23 14 11 10 13 12 0 0 6 5 7 16 19 18 0 17 0 2 1 0 0 
17 0 16 0 18 9 6 5 8 0 0 0 1 0 2 0 14 13 0 12 0 22 21 23 0 
2 0 1 25 3 19 16 15 18 17 0 0 11 10 12 0 24 0 20 22 9 7 6 8 5 
12 14 11 10 0 4 1 25 3 0 0 23 21 20 22 6 0 0 5 7 19 0 16 18 15 
7 9 6 5 8 24 21 0 23 0 0 18 16 15 17 1 4 3 0 2 14 12 0 13 10 
11 0 0 0 0 3 0 0 2 1 23 0 20 19 0 0 8 0 4 0 18 0 0 17 14 
6 0 0 4 7 23 20 19 0 0 18 0 15 14 0 25 0 2 24 1 13 11 10 12 0 
0 0 0 0 2 18 15 14 17 0 0 0 10 0 11 20 0 22 19 0 8 6 5 7 0 
0 0 15 0 17 8 5 4 0 0 3 2 0 24 0 10 13 12 9 11 0 21 0 0 19 
21 23 0 0 22 13 10 0 12 0 0 0 0 4 6 15 18 17 0 16 3 1 0 2 24 
