5
2 0 0 4 0 0 0 11 0 8 16 13 15 12 0 24 1 0 22 23 21 18 20 17 0 
12 0 0 14 13 19 20 21 17 18 0 0 25 22 24 9 11 10 7 8 6 3 5 2 0 
22 1 25 24 23 0 5 6 0 0 11 8 10 7 9 0 21 20 0 18 16 13 15 12 0 
7 11 10 9 8 0 15 16 12 0 21 18 20 17 19 4 6 5 0 3 1 23 0 0 24 
17 21 20 0 18 24 25 1 22 23 6 3 5 2 4 14 16 15 12 13 11 8 10 7 9 
3 7 6 0 0 0 11 12 0 9 17 14 16 0 0 25 0 1 23 24 22 19 21 18 0 
8 12 11 10 9 0 16 17 13 14 22 0 0 0 20 5 7 6 0 0 2 24 1 23 25 
13 0 16 15 0 20 0 22 0 0 2 24 0 23 25 10 0 0 0 9 7 4 6 3 5 
0 22 21 20 19 25 1 0 0 0 7 4 6 0 0 15 17 16 13 14 12 0 11 8 10 
23 2 1 25 24 0 6 7 3 0 12 9 11 8 10 20 22 21 0 0 17 14 16 13 15 
5 9 0 7 6 0 0 0 10 0 0 16 18 15 17 2 0 3 25 1 24 0 23 20 22 
0 24 0 0 0 2 3 0 25 0 0 0 8 5 7 17 19 18 15 0 14 0 0 0 12 
25 4 0 2 0 0 8 9 5 6 14 0 0 10 12 0 24 0 20 21 19 16 18 15 0 
15 19 0 17 16 22 23 0 20 21 0 0 0 0 2 12 14 13 0 0 9 0 8 5 0 
10 14 0 12 0 17 18 19 15 16 24 21 23 20 0 0 9 8 5 6 0 0 0 25 0 
1 5 4 3 2 8 0 10 6 7 15 12 0 0 0 23 0 24 21 22 0 17 19 16 18 
21 25 24 23 22 3 0 5 0 0 0 0 0 0 0 18 20 19 16 17 0 0 14 0 13 
6 10 9 8 7 13 0 15 11 12 20 17 19 16 0 0 5 4 1 2 25 22 24 0 23 
16 20 19 0 17 0 0 25 21 0 0 2 4 1 3 13 15 14 0 12 0 7 9 6 8 
11 15 14 13 12 18 0 20 16 17 25 22 24 21 23 8 10 9 6 0 0 0 0 0 3 
0 0 22 0 20 1 2 0 0 25 8 5 0 4 0 0 18 17 14 15 13 10 0 0 0 
9 13 12 11 0 16 17 18 0 0 23 20 0 0 21 6 0 0 0 5 0 25 2 24 0 
0 3 2 0 25 0 7 8 0 5 13 0 12 9 11 0 0 0 19 20 18 15 17 14 16 
14 0 17 16 15 21 22 23 19 20 3 25 2 24 1 11 13 12 9 0 8 5 0 4 6 
0 8 0 6 5 11 0 13 9 10 18 15 0 0 16 1 3 2 0 25 23 20 22 19 21 
