5
3 4 0 5 7 2 23 1 0 24 0 16 13 17 0 0 8 9 11 12 0 0 18 0 19 
18 0 0 20 22 17 13 16 15 0 0 6 3 0 5 25 23 0 0 2 11 0 0 10 0 
0 0 11 10 12 7 0 6 5 4 19 21 0 22 20 15 13 14 16 0 1 0 23 25 24 
0 14 16 15 17 0 8 11 0 0 24 1 0 2 0 20 18 0 21 22 6 0 3 5 0 
0 24 0 25 2 22 18 21 20 0 9 0 0 0 10 5 3 0 6 7 16 17 13 15 14 
1 2 4 0 5 0 21 24 23 22 0 14 11 15 13 8 0 7 9 10 19 0 0 0 17 
21 22 24 23 25 20 16 19 0 17 0 9 6 0 8 3 1 2 4 5 14 15 11 13 12 
11 12 14 13 0 10 0 9 8 0 22 24 21 25 23 18 16 17 19 0 4 5 1 3 0 
6 7 9 8 0 5 1 0 3 0 17 19 16 20 0 0 0 0 0 15 24 0 21 23 0 
16 0 0 18 20 0 11 14 0 12 0 4 1 5 0 23 21 22 0 25 9 10 6 8 7 
9 0 12 0 13 8 4 7 6 5 20 22 19 0 21 16 14 15 0 18 2 0 24 0 0 
0 0 22 21 0 18 14 0 16 15 5 7 4 0 6 0 24 0 2 0 0 13 0 11 10 
14 0 17 16 18 13 0 0 11 10 25 2 24 0 1 0 19 0 22 23 7 8 0 6 5 
24 25 2 0 3 23 19 22 21 0 10 0 9 0 0 6 4 5 0 8 17 18 0 16 15 
0 0 0 6 8 3 24 0 0 25 15 0 14 18 16 11 9 0 12 13 22 23 0 21 20 
15 0 18 0 19 0 10 0 12 11 0 3 0 4 0 22 20 21 23 24 8 9 5 7 6 
0 0 8 7 9 4 25 3 2 1 16 0 15 19 17 0 10 0 13 0 23 24 0 22 21 
25 1 3 2 0 0 20 0 22 21 0 0 0 14 12 0 5 6 8 9 0 19 15 17 0 
0 21 23 0 24 19 15 18 17 16 6 0 5 9 0 0 25 1 3 4 13 14 10 12 0 
10 11 13 12 14 9 0 0 0 6 21 23 20 0 0 17 0 16 18 0 0 0 25 0 1 
12 0 15 14 16 0 7 0 9 0 23 0 0 1 24 0 17 18 20 21 0 0 0 4 3 
22 23 0 24 0 0 0 20 19 18 8 0 0 11 9 4 2 3 5 6 15 0 12 0 13 
2 3 0 4 0 1 22 25 24 0 13 15 12 0 0 9 0 8 0 0 20 0 0 19 0 
7 0 10 9 11 6 2 0 0 3 0 20 0 0 19 0 12 13 0 16 25 1 22 0 23 
17 18 20 19 0 0 0 0 0 13 3 5 2 0 4 24 22 0 25 1 0 11 7 9 8 
