5
10 9 11 12 0 0 0 0 14 16 4 0 0 0 0 0 23 1 25 2 0 19 0 18 21 
0 14 0 17 13 20 22 0 19 21 9 11 8 10 12 4 3 0 5 7 2 24 25 23 1 
20 0 21 22 18 25 0 0 0 1 0 16 13 0 0 0 8 11 10 12 7 0 5 3 6 
5 4 6 0 0 10 12 8 9 0 0 1 23 25 2 19 18 21 20 0 17 14 15 13 16 
25 24 1 2 0 5 7 3 4 6 0 0 0 20 0 14 13 16 15 17 12 9 10 8 0 
2 0 3 4 25 7 9 5 6 8 0 23 0 0 24 16 15 0 17 0 14 11 0 10 13 
17 0 0 19 15 22 24 20 21 0 11 13 10 0 14 6 5 0 7 9 4 1 0 25 0 
22 21 23 24 0 0 4 25 1 3 0 0 15 17 19 11 0 13 0 0 0 6 0 5 0 
12 0 0 14 10 17 19 15 0 0 6 0 0 7 0 1 0 0 2 4 0 0 0 20 23 
7 6 0 9 5 0 14 10 11 13 1 3 25 2 4 21 20 23 0 0 0 0 17 0 18 
0 8 0 11 7 14 16 0 13 15 3 5 0 4 6 0 0 0 24 0 21 0 19 17 20 
14 0 15 16 12 19 0 17 18 20 0 10 0 9 11 0 0 5 0 0 1 23 0 22 25 
4 3 5 0 2 9 11 0 8 10 0 0 0 24 1 0 0 20 0 21 16 13 14 12 15 
0 18 20 0 0 24 1 22 23 25 0 15 12 14 16 8 0 0 0 0 0 0 4 2 0 
24 23 25 0 22 4 6 2 3 5 0 20 0 19 0 13 0 0 14 16 11 0 9 0 10 
1 0 2 3 24 6 8 4 5 7 20 0 19 21 23 15 14 17 0 18 13 10 0 0 12 
0 10 0 13 0 16 18 14 15 17 5 0 4 6 8 0 24 2 0 3 23 0 0 19 0 
6 5 7 0 4 11 0 9 10 12 25 2 24 1 3 0 19 22 21 0 18 15 16 0 17 
21 20 22 23 19 1 3 24 25 0 15 17 0 16 18 10 9 0 11 13 8 5 6 4 7 
16 0 17 18 14 21 23 19 20 0 0 12 9 11 13 0 0 7 6 0 0 25 0 24 0 
13 0 14 15 11 18 20 0 0 19 0 9 0 8 10 2 1 4 3 5 25 22 0 21 0 
0 7 9 0 6 0 15 11 12 14 0 4 0 3 5 22 21 24 23 25 20 17 0 0 19 
0 0 24 25 21 3 0 0 0 4 0 19 16 18 20 12 11 0 13 15 10 0 0 0 0 
3 2 4 5 0 8 10 6 7 9 22 24 21 23 25 0 16 19 0 20 15 0 13 0 14 
18 17 19 20 16 23 25 0 22 24 12 0 11 13 15 0 6 0 0 0 5 2 3 1 4 
