5
18 20 19 21 17 0 0 23 0 24 8 10 11 7 9 4 2 6 0 3 15 0 16 12 0 
8 10 9 11 7 0 16 13 15 0 23 25 1 22 24 0 17 0 20 18 0 0 6 0 3 
3 5 4 6 2 7 0 8 10 9 18 20 21 0 0 14 12 16 15 0 25 24 0 22 23 
13 15 0 16 12 17 21 0 20 19 0 0 6 2 4 24 22 1 25 23 10 0 11 0 0 
0 25 0 1 22 2 6 3 5 0 13 0 16 0 0 9 7 0 10 0 0 19 21 17 0 
5 7 6 0 4 9 13 10 12 11 20 22 23 19 0 0 14 18 17 15 2 1 3 24 25 
25 0 0 0 24 4 8 0 7 6 0 17 18 14 0 0 9 13 12 0 22 21 0 19 0 
15 17 16 18 14 19 23 0 22 21 5 7 0 4 6 0 24 0 2 25 12 11 13 0 10 
10 12 11 13 9 14 0 0 17 16 25 2 3 24 1 21 0 23 22 20 7 0 8 0 5 
0 22 0 23 19 0 3 25 2 1 10 0 13 9 11 6 0 8 7 5 17 16 18 0 15 
1 3 2 4 0 5 9 0 0 0 0 18 19 15 17 12 10 14 13 0 23 0 24 0 21 
6 8 7 9 5 10 14 11 13 0 21 23 0 0 0 17 15 19 18 0 3 0 4 0 1 
0 0 22 24 20 25 4 0 0 0 0 0 14 0 12 0 0 0 8 0 18 17 19 0 0 
16 18 0 0 15 20 0 21 0 0 6 8 0 5 7 2 25 4 0 0 13 12 14 10 0 
11 0 12 0 0 15 19 16 18 0 1 0 4 0 2 0 20 0 23 21 0 0 9 0 6 
12 14 0 15 11 16 0 17 19 18 2 4 5 1 3 0 0 25 24 22 9 8 10 6 7 
2 4 3 5 1 0 0 7 9 0 17 19 20 16 18 13 11 15 14 12 24 23 25 21 22 
0 0 0 20 0 21 25 22 24 0 7 9 10 6 0 3 0 5 4 2 14 0 15 0 12 
22 0 23 25 21 1 5 0 0 0 12 14 15 11 13 0 6 0 9 0 19 18 20 16 17 
7 9 8 10 6 11 15 12 0 0 0 24 25 21 0 0 16 20 0 0 0 0 0 1 2 
24 0 25 0 0 0 0 4 6 5 14 16 17 13 0 0 8 0 11 9 21 20 0 0 19 
9 0 10 12 8 13 17 0 16 0 24 1 0 23 25 0 18 22 21 0 6 5 0 3 4 
0 21 20 22 18 0 2 24 1 25 9 11 12 8 10 5 3 7 6 4 0 0 17 0 0 
0 0 5 0 3 8 12 9 0 0 19 21 22 18 20 0 13 17 16 0 0 25 2 23 24 
14 16 15 17 13 0 22 19 21 20 0 6 0 3 5 25 0 0 1 24 11 0 12 8 0 
