5
5 0 0 8 6 0 20 23 24 22 0 1 25 2 0 19 18 15 0 17 12 14 0 13 10 
25 4 0 3 0 16 15 18 0 0 23 21 20 22 0 14 0 10 0 12 0 0 6 0 5 
10 14 12 0 11 1 25 3 0 0 8 6 0 7 9 24 23 20 21 0 0 19 0 18 15 
0 19 0 18 16 0 0 0 9 0 13 11 0 0 0 4 3 25 1 2 0 0 21 23 20 
20 24 22 23 0 0 10 13 14 12 18 16 15 0 19 9 8 5 6 7 0 4 0 3 25 
9 13 11 12 10 0 24 2 3 1 7 0 0 6 8 23 22 19 0 0 0 0 15 17 14 
19 23 21 22 0 10 9 0 0 0 17 0 0 16 0 8 7 4 5 0 1 3 0 0 24 
14 18 0 17 15 5 4 7 8 6 12 0 9 11 13 3 2 24 25 1 21 23 0 22 19 
24 0 1 2 0 0 14 17 18 0 0 20 19 21 0 13 12 0 10 11 0 8 0 7 4 
4 8 6 0 5 20 0 0 23 21 2 25 0 0 3 0 17 14 15 16 0 13 10 0 0 
6 0 8 0 7 0 21 24 25 0 4 2 0 3 0 20 19 16 17 0 0 15 0 14 11 
16 0 18 19 17 7 6 9 10 8 14 0 0 0 15 0 4 1 0 3 23 25 22 0 0 
11 15 13 14 12 2 1 4 5 0 9 7 6 8 10 25 24 21 0 0 18 20 17 19 16 
1 5 0 4 2 17 16 19 0 0 0 0 21 0 25 15 14 0 0 13 8 10 0 0 6 
21 0 23 0 22 0 11 0 15 13 19 17 16 18 0 10 9 0 7 0 3 5 2 4 1 
0 0 0 11 9 24 0 1 0 25 6 4 3 5 7 0 21 18 0 20 15 17 14 16 13 
18 22 20 21 0 9 8 11 12 10 16 0 0 15 17 7 6 3 4 5 0 2 24 1 0 
0 0 5 6 4 19 18 0 0 0 0 24 0 25 2 17 0 13 0 15 0 12 0 0 0 
0 0 25 1 24 14 13 16 0 15 21 19 0 20 22 12 11 8 0 10 5 7 4 0 3 
0 17 15 16 14 4 3 0 7 0 0 9 8 10 12 2 0 23 24 0 0 0 19 0 18 
0 11 9 10 0 0 0 25 1 24 5 3 2 4 6 21 20 17 18 19 14 16 0 15 12 
2 6 0 5 0 18 17 20 21 19 0 23 22 24 1 16 0 0 13 14 0 11 8 0 7 
22 1 24 25 23 13 12 15 16 14 20 0 17 19 21 11 10 7 8 9 4 6 3 5 0 
12 16 0 15 13 3 2 5 6 4 10 8 0 9 0 1 25 22 0 0 19 21 18 0 0 
17 21 19 0 0 8 7 10 11 9 0 13 0 14 0 6 5 0 0 4 0 1 0 0 22 
