5
0 0 0 15 0 19 17 21 18 20 22 0 23 0 1 4 2 0 0 6 11 8 7 10 9 
0 6 2 0 4 9 7 11 8 0 12 14 0 0 16 19 0 20 0 21 0 23 22 0 24 
23 1 22 0 24 4 2 6 0 5 7 9 0 10 0 14 12 15 13 16 21 18 17 20 19 
0 11 7 10 9 14 12 16 13 0 17 0 18 0 0 24 22 25 23 1 6 0 2 5 0 
18 21 17 20 19 24 0 1 23 25 2 0 3 5 0 0 0 10 0 11 0 13 12 15 0 
19 0 0 21 20 0 0 2 0 1 0 0 0 6 7 0 8 11 0 12 17 0 13 16 15 
14 0 13 0 15 0 18 22 19 21 0 25 24 0 2 5 3 0 4 7 12 9 0 11 10 
9 0 8 0 10 0 0 17 14 16 18 20 19 21 0 25 23 1 24 2 7 0 3 6 5 
24 2 23 1 0 5 3 7 0 6 0 10 9 0 12 15 13 16 14 17 22 0 0 0 0 
4 0 3 0 5 0 0 12 0 0 13 15 0 0 17 0 18 21 19 22 2 24 23 1 25 
11 0 0 13 12 0 15 19 16 18 20 0 21 23 24 0 0 3 1 0 9 6 5 8 7 
21 24 20 0 22 2 25 4 1 3 5 7 6 8 0 12 0 13 11 14 19 0 15 18 0 
0 19 15 18 17 22 0 24 21 23 25 0 1 0 0 7 5 8 6 9 14 11 0 0 12 
1 4 25 3 2 7 5 9 6 8 10 0 11 13 14 0 15 0 16 19 24 0 20 0 22 
0 9 5 8 7 0 10 14 11 13 15 17 16 18 19 0 20 23 21 24 0 1 25 3 2 
22 25 21 24 23 3 1 5 0 4 6 8 7 9 0 13 0 14 12 15 0 17 16 19 0 
17 0 16 0 18 23 0 25 22 24 1 3 0 4 0 8 6 9 0 10 15 12 11 14 13 
12 15 11 14 0 18 16 20 17 19 21 0 22 0 25 0 0 0 2 5 10 0 0 0 8 
2 0 1 4 0 8 0 10 0 9 11 13 12 0 15 18 16 19 17 20 25 22 21 24 23 
0 10 6 0 0 13 11 0 12 14 16 18 0 19 20 23 0 24 22 25 0 2 1 0 3 
20 23 0 0 0 1 24 3 25 2 4 0 5 7 0 11 9 12 0 0 0 15 0 17 16 
5 8 4 7 6 0 9 13 10 0 14 16 0 0 18 21 19 22 20 0 3 25 24 2 0 
10 0 9 0 11 16 14 18 15 0 0 0 20 22 23 1 24 2 25 0 8 5 4 0 0 
15 0 14 17 16 21 19 0 0 22 24 1 25 2 3 6 0 7 0 8 13 0 9 12 11 
0 0 24 0 0 6 0 0 5 0 9 0 10 12 13 0 14 17 15 18 23 20 0 22 0 
