5
0 9 11 12 8 22 0 21 18 20 0 7 6 4 5 17 16 15 0 13 0 0 2 0 0 
15 14 16 0 13 2 24 1 23 25 8 12 11 0 10 0 21 20 0 18 0 6 0 3 4 
20 19 21 0 18 7 4 6 0 5 13 17 16 14 15 2 1 0 0 0 10 11 12 8 9 
25 0 0 2 0 12 9 11 8 0 0 22 21 19 0 7 0 5 4 3 15 0 17 0 14 
0 4 6 7 3 17 14 16 13 15 23 0 1 0 25 0 11 10 9 0 0 21 22 18 19 
17 16 18 0 15 0 0 3 25 0 0 0 0 0 12 24 23 22 21 20 7 8 9 5 6 
2 1 3 0 25 14 11 13 10 12 0 24 0 21 22 9 8 7 6 0 17 0 0 15 16 
22 21 23 24 20 9 0 0 0 0 15 19 18 16 0 4 0 0 1 25 0 13 14 10 11 
0 6 8 9 5 19 16 18 15 17 25 4 3 1 2 14 0 12 0 10 22 23 0 20 21 
0 11 13 0 0 24 0 0 20 0 5 9 8 6 7 0 18 17 16 15 2 3 0 25 0 
11 0 12 13 9 0 20 22 19 0 0 0 7 0 0 18 17 16 15 0 1 0 3 24 25 
6 5 7 8 4 18 15 17 14 16 0 3 2 0 1 13 12 11 10 9 0 22 23 19 20 
21 20 22 23 0 8 0 7 0 6 14 18 17 15 16 3 2 1 25 24 0 12 13 9 0 
16 15 0 18 14 3 25 2 24 0 9 13 12 10 11 0 22 21 0 19 6 7 8 0 5 
0 25 2 3 24 0 0 12 0 11 19 0 22 20 21 8 7 0 5 0 16 0 18 14 0 
24 23 25 1 22 11 0 10 7 9 17 21 20 18 0 6 5 4 0 2 14 15 0 12 0 
19 18 0 21 17 6 3 5 0 4 12 0 15 13 0 0 0 24 23 22 0 10 11 7 8 
14 13 0 16 12 1 23 25 22 24 7 11 10 8 9 21 0 19 18 0 4 5 6 2 3 
4 0 5 6 2 16 0 15 12 0 0 1 0 0 24 11 10 9 0 7 19 20 21 17 0 
9 8 10 11 7 0 18 20 17 0 0 6 5 3 4 16 0 14 13 0 0 0 0 0 23 
8 7 9 0 6 20 17 19 16 18 1 5 4 2 3 15 14 13 12 0 0 24 25 21 22 
18 17 19 20 16 5 2 4 0 3 11 15 14 12 13 25 24 0 0 21 0 9 10 6 7 
0 12 0 15 11 0 22 24 21 0 0 0 9 0 8 20 19 0 17 0 3 4 5 1 2 
23 22 24 0 0 0 7 9 6 0 16 20 19 0 0 5 4 3 2 1 0 0 15 11 12 
3 2 0 0 1 0 12 14 0 13 0 25 24 0 0 10 9 0 7 6 0 19 0 16 17 
