5
14 16 17 18 15 24 3 25 0 2 22 20 0 19 23 0 13 9 11 0 0 0 8 0 0 
9 11 12 0 10 19 23 0 21 22 17 15 0 0 18 7 0 4 0 5 25 0 3 24 2 
0 0 22 0 20 0 0 5 6 7 0 25 1 0 3 17 0 14 16 0 10 0 13 0 12 
0 0 2 3 25 9 13 0 11 12 7 5 0 4 8 22 23 0 21 0 15 16 0 14 17 
0 6 7 8 5 14 18 15 0 0 12 10 11 9 0 0 3 24 1 25 20 21 0 0 22 
12 14 15 0 13 22 0 23 0 25 20 0 0 17 21 10 11 0 9 0 3 4 6 2 5 
7 9 10 11 8 17 0 18 19 20 15 0 14 0 0 5 6 0 0 3 23 24 1 0 25 
17 19 0 0 18 2 6 0 4 5 25 0 0 0 0 15 16 12 0 0 8 9 11 7 10 
2 4 0 0 3 12 16 13 0 15 10 8 9 0 11 25 1 22 0 23 0 19 21 17 20 
22 24 25 1 23 7 11 8 9 0 5 3 0 2 0 20 21 17 19 18 0 14 0 12 15 
0 18 19 20 17 1 5 2 3 4 0 22 23 21 25 14 15 11 0 0 7 0 0 0 9 
6 8 9 0 7 0 20 17 18 19 14 12 13 11 15 0 5 1 3 2 22 23 25 21 24 
11 0 14 15 12 0 0 22 0 0 19 0 18 0 20 9 0 0 0 7 2 3 0 1 4 
21 0 24 25 22 0 10 0 8 9 0 0 0 0 5 19 20 0 0 17 0 0 15 11 14 
1 3 4 5 2 11 15 0 13 14 9 7 8 6 0 0 25 21 23 22 17 18 20 16 19 
8 10 0 12 0 18 0 19 0 0 0 14 15 0 17 6 7 0 5 4 0 25 2 0 1 
13 15 16 0 14 0 0 0 25 1 0 0 20 0 0 11 0 0 0 9 0 5 7 3 6 
18 0 21 22 19 3 0 4 5 0 1 0 25 23 2 16 17 13 15 14 9 10 12 0 0 
0 0 1 2 0 0 12 0 10 11 6 4 5 0 7 21 0 18 20 19 14 15 17 0 16 
3 5 6 7 4 13 17 0 15 16 11 9 10 8 0 1 2 23 25 24 19 20 22 18 21 
0 22 23 0 21 0 9 6 7 0 0 1 2 25 0 18 19 15 17 16 11 0 14 10 13 
10 0 13 14 11 20 24 21 22 23 18 0 17 0 19 8 9 0 0 6 1 0 4 25 3 
0 7 8 9 0 15 0 0 0 18 0 11 12 10 14 3 4 0 2 1 21 0 24 20 23 
25 2 0 4 0 10 0 0 12 13 8 6 7 5 9 23 0 20 22 21 16 17 19 15 18 
15 17 18 0 16 0 4 1 2 0 23 21 22 20 0 0 14 10 0 11 6 7 0 5 8 
