5
0 17 15 0 14 20 0 22 0 0 3 7 4 5 0 23 0 0 0 25 12 0 10 8 9 
1 0 0 23 24 5 6 7 4 0 13 0 0 0 16 8 0 11 12 0 0 21 20 18 19 
0 12 10 8 9 0 0 17 14 13 0 2 24 25 1 18 19 21 22 0 7 0 5 0 4 
0 22 0 0 19 25 0 2 24 23 8 12 9 0 11 3 4 6 0 5 0 0 15 0 0 
0 0 5 0 0 10 11 12 9 8 0 22 19 20 21 0 0 16 17 15 0 1 25 23 24 
10 11 9 7 8 14 0 16 13 12 22 0 23 0 0 17 18 0 0 19 6 0 4 0 3 
5 6 4 0 3 0 0 11 0 0 17 21 18 19 0 12 13 15 0 14 0 25 24 0 23 
15 16 0 12 13 0 20 21 0 17 2 6 0 4 0 0 23 25 1 0 11 10 9 7 0 
25 0 24 22 23 0 5 0 3 2 0 16 13 14 15 7 0 10 11 9 21 20 19 17 0 
0 21 19 17 18 24 0 1 0 22 7 0 0 9 0 2 3 5 6 4 16 15 14 12 0 
0 0 0 19 0 1 2 3 25 24 9 0 10 11 12 4 5 0 8 6 18 17 0 14 15 
0 13 11 0 10 16 17 18 15 14 0 3 25 1 2 19 20 0 23 0 8 0 6 4 5 
2 0 1 24 0 6 0 8 5 4 14 18 15 16 17 9 10 0 13 0 0 22 0 0 20 
7 0 6 4 5 11 12 0 0 0 19 0 0 21 0 14 15 0 0 16 3 2 1 0 25 
0 18 16 14 15 21 22 0 20 0 4 8 5 6 7 0 0 2 0 1 13 0 11 9 10 
14 0 13 11 12 18 19 20 17 16 1 0 2 3 4 21 22 24 25 23 10 9 8 6 0 
0 10 8 6 7 0 0 15 0 11 0 0 22 23 24 16 0 19 0 18 5 4 3 1 2 
0 0 18 16 0 23 24 25 22 21 6 10 0 8 0 1 0 4 5 3 0 14 13 11 12 
4 0 3 0 2 8 0 10 7 0 16 0 17 0 0 11 0 14 0 13 25 24 23 0 22 
0 25 0 21 22 3 4 5 2 0 0 15 12 13 0 6 7 0 10 8 20 0 0 16 0 
23 0 0 20 0 2 3 4 1 0 0 14 11 0 0 5 0 8 9 0 19 18 17 0 16 
8 9 0 5 6 12 13 14 11 10 0 0 21 0 23 0 16 18 0 17 4 3 2 25 1 
3 4 2 0 1 7 0 9 0 5 15 19 16 17 18 0 11 0 14 12 24 23 22 20 21 
13 0 12 10 11 17 18 19 16 15 25 4 0 2 3 0 21 23 24 22 9 8 0 5 6 
0 19 17 15 0 22 23 24 21 20 5 9 6 7 8 25 1 0 4 2 14 13 12 10 0 
