5
20 18 17 19 0 25 0 22 23 21 0 15 11 13 0 8 6 9 10 7 3 2 4 5 1 
0 8 0 0 6 15 0 12 13 11 4 5 1 3 0 23 21 24 0 22 0 17 19 20 16 
0 0 22 24 21 5 4 0 3 1 19 0 0 18 17 13 11 0 0 12 8 7 9 10 6 
5 3 2 4 1 10 9 7 8 0 24 25 21 0 22 18 16 19 20 17 13 12 14 15 11 
15 13 12 14 11 20 19 17 18 16 9 10 6 0 0 0 0 0 5 2 23 0 24 0 0 
7 5 4 6 3 12 11 9 10 8 1 0 23 25 24 20 0 0 22 0 15 0 16 17 13 
22 20 19 21 18 2 1 24 0 23 0 0 13 15 14 10 8 11 12 0 5 4 0 0 3 
2 25 24 0 0 0 0 4 0 0 21 22 18 20 0 0 13 16 17 14 10 9 0 0 8 
12 0 9 11 8 0 16 14 15 13 6 7 3 5 4 25 0 0 0 24 0 19 21 22 18 
0 15 0 16 0 0 21 0 20 0 11 12 8 10 9 5 3 6 0 4 25 24 1 2 23 
9 7 6 0 5 14 13 11 12 0 3 0 25 2 1 22 0 23 0 21 17 16 18 19 0 
4 0 1 3 0 0 0 6 0 5 0 24 20 22 21 17 0 0 19 16 12 0 0 14 0 
0 17 16 0 15 0 0 0 0 20 13 14 10 12 0 0 5 8 9 6 2 0 3 4 25 
24 22 21 23 20 0 3 1 2 0 18 19 15 17 16 0 10 13 14 11 0 0 8 9 5 
14 12 11 13 10 19 18 16 0 15 0 9 0 7 6 2 0 3 0 1 22 0 0 24 20 
16 14 13 0 12 0 20 18 19 17 10 11 7 9 0 4 0 5 6 3 24 23 0 1 0 
11 9 0 10 7 16 15 13 14 12 5 0 2 4 0 0 22 0 1 23 19 18 20 0 17 
6 4 3 5 2 11 10 0 9 0 25 1 0 0 0 0 17 20 0 0 14 0 0 0 0 
0 0 18 20 17 1 25 23 24 22 15 16 0 14 13 0 7 10 0 0 0 3 0 6 0 
1 24 23 25 0 6 0 3 4 2 0 21 0 0 18 14 12 0 16 13 0 8 10 11 7 
18 0 15 17 0 0 22 20 21 19 12 13 0 0 0 0 4 7 0 5 0 25 0 3 24 
23 0 20 22 19 3 2 0 0 0 0 18 14 16 15 11 0 12 13 10 6 5 7 8 0 
8 0 5 7 4 0 0 10 0 0 2 0 24 1 0 21 0 22 23 20 0 0 17 18 14 
13 11 10 12 9 18 17 15 16 14 0 0 4 6 0 1 24 0 3 25 21 20 0 23 19 
3 1 25 2 24 8 7 5 6 4 0 23 19 21 20 16 14 17 0 15 11 10 0 0 0 
