5
0 20 21 17 19 23 1 25 24 0 0 0 16 0 12 2 0 3 4 0 0 8 10 7 9 
23 0 1 0 24 0 6 0 4 2 20 19 21 18 17 7 0 0 9 10 16 13 0 12 14 
8 10 11 7 9 0 16 15 14 0 0 4 6 0 2 17 0 18 0 0 1 0 25 22 24 
3 5 6 0 0 8 0 10 9 0 0 24 1 23 22 12 16 0 14 0 21 0 20 17 19 
13 15 0 12 14 18 21 20 19 0 10 0 0 8 7 22 1 23 24 25 0 0 0 2 4 
6 8 9 0 7 11 0 13 12 10 3 2 4 0 25 15 19 0 0 18 24 21 0 20 0 
0 13 14 0 12 16 0 18 17 15 8 7 9 6 5 20 24 21 22 23 4 1 3 0 0 
0 0 24 20 22 0 4 0 2 25 0 17 0 0 15 5 9 6 7 8 0 11 13 10 12 
16 18 19 15 17 0 24 23 22 0 13 12 0 0 10 25 4 0 2 3 9 6 8 5 7 
1 3 0 25 2 0 9 8 0 5 23 22 24 0 20 10 14 0 12 13 19 16 18 0 17 
0 7 8 4 6 10 13 12 11 9 0 1 3 25 24 14 18 15 16 17 23 20 22 0 0 
10 12 13 9 11 0 18 0 0 14 7 6 8 5 4 19 0 0 21 22 0 0 2 0 1 
0 0 18 0 0 20 23 22 21 19 0 11 13 10 9 0 3 0 1 2 8 0 7 4 6 
0 0 0 19 21 25 3 2 0 0 17 16 0 15 14 4 8 0 0 7 13 10 12 9 11 
25 2 3 24 0 0 8 7 6 4 22 0 23 0 19 9 13 10 0 12 18 15 17 14 16 
2 4 0 1 3 7 0 0 8 0 24 0 25 0 21 11 0 12 13 14 20 17 19 0 0 
7 0 0 6 8 12 15 0 13 11 4 3 5 2 1 16 0 17 18 19 0 22 24 0 23 
0 0 25 21 0 2 5 4 0 0 19 18 20 17 16 6 10 0 0 9 15 0 14 0 13 
17 0 20 16 18 0 25 24 0 0 14 13 0 12 11 1 5 2 3 4 0 7 9 0 8 
12 0 0 11 13 17 20 19 18 16 0 8 0 7 6 21 0 22 23 0 5 0 0 0 3 
14 16 17 13 15 0 22 21 0 18 11 0 12 9 0 23 2 0 0 1 0 4 0 3 5 
0 0 7 0 0 9 12 11 10 8 0 25 0 0 23 13 17 0 15 0 0 19 0 18 20 
0 1 2 23 25 4 7 6 0 0 21 0 0 19 18 8 12 0 10 11 0 0 16 13 0 
0 11 0 8 10 14 0 16 15 13 6 5 7 4 3 18 22 0 20 21 2 24 1 23 25 
19 21 0 0 0 24 2 1 0 23 16 15 17 14 13 3 7 4 5 6 12 0 0 0 10 
