5
0 0 5 7 8 0 20 0 21 0 10 13 14 11 0 0 3 1 0 4 17 15 0 0 0 
24 0 20 22 23 12 10 13 11 14 25 3 4 1 0 15 18 16 0 19 7 5 6 8 9 
4 1 0 0 0 17 15 0 16 19 5 8 9 6 7 20 23 21 22 24 12 0 11 13 14 
19 16 15 0 0 0 5 8 0 0 20 23 24 21 0 0 0 11 12 0 2 0 0 0 0 
14 11 10 12 13 2 25 3 1 0 15 18 19 16 17 5 8 0 7 9 22 20 21 0 24 
0 15 14 16 0 0 0 0 5 0 19 22 23 20 21 9 12 0 11 13 1 24 0 2 3 
23 20 19 0 22 0 0 12 10 13 0 2 0 0 1 14 17 15 16 18 6 4 5 7 8 
0 5 4 6 7 0 0 0 20 0 9 12 13 10 11 24 2 0 0 3 16 0 15 17 18 
3 25 24 0 0 16 14 17 0 0 4 7 0 5 6 19 22 0 21 0 11 9 0 12 13 
13 10 9 0 12 0 24 2 25 3 0 17 18 0 16 4 7 5 6 8 21 19 20 22 0 
0 18 17 19 20 0 7 10 8 11 22 25 1 0 24 12 15 13 14 0 0 2 3 5 6 
11 8 0 9 10 24 0 0 0 1 12 0 0 13 14 2 5 3 4 0 19 17 18 20 21 
6 0 0 0 0 19 0 20 18 21 0 10 11 8 9 0 25 23 24 1 14 0 13 15 0 
16 13 12 14 15 4 2 5 3 6 17 20 0 18 19 0 10 8 9 11 24 22 23 0 1 
1 23 0 24 25 0 0 15 0 16 2 0 0 3 4 0 20 18 19 21 9 0 8 10 0 
0 0 0 20 0 10 8 11 9 12 0 1 0 0 0 0 16 14 0 17 0 3 0 6 7 
12 0 8 10 11 0 23 0 0 2 13 16 0 0 15 3 6 0 5 0 0 18 19 21 0 
0 4 3 5 0 0 0 21 19 22 8 11 12 9 10 23 0 0 0 2 15 13 14 0 17 
2 0 23 25 0 15 13 16 14 17 3 6 0 4 0 18 21 19 20 22 10 8 0 11 12 
0 14 0 0 0 0 3 6 4 0 18 21 0 19 0 8 0 9 0 0 25 0 24 1 0 
10 7 0 8 9 23 0 0 22 25 11 14 15 12 13 1 4 0 3 0 18 16 17 19 20 
0 2 0 0 4 0 16 19 0 20 6 9 10 0 0 21 0 22 0 0 13 11 12 14 15 
25 22 21 0 0 0 11 14 0 15 1 0 0 2 0 16 19 17 18 20 0 6 0 9 0 
20 17 16 18 19 0 6 9 7 10 21 24 25 22 23 11 14 12 13 0 3 0 2 4 5 
15 12 0 13 14 3 0 4 2 5 16 19 0 17 0 6 0 7 8 0 23 21 22 24 25 
