5
20 21 19 17 18 12 15 16 13 14 0 24 0 25 23 0 3 2 0 0 0 10 8 9 11 
5 0 4 2 3 22 25 1 0 24 0 0 7 0 8 15 0 12 0 0 0 20 18 0 21 
0 1 0 0 23 0 20 21 0 19 0 4 2 0 0 10 0 0 11 0 12 0 13 14 16 
10 11 9 0 8 2 5 6 3 0 16 0 12 15 13 0 18 17 21 0 22 25 23 0 1 
15 0 14 0 13 7 10 11 8 9 0 19 0 20 0 0 23 22 1 24 2 5 3 4 6 
1 0 0 23 24 18 21 22 0 20 0 0 3 6 4 0 0 8 0 10 13 16 14 15 0 
16 0 0 13 14 0 0 0 9 0 22 0 18 21 19 1 0 0 2 25 3 6 4 5 0 
0 22 20 18 0 0 16 17 0 0 2 25 0 1 24 6 4 3 0 5 0 11 9 0 12 
6 7 5 3 4 23 1 2 24 25 12 10 0 11 0 16 14 13 17 15 0 21 19 0 22 
11 12 10 8 9 3 6 7 4 5 17 0 0 16 14 21 19 18 22 20 23 1 24 0 0 
0 14 0 10 11 0 8 9 0 0 19 17 0 18 16 23 21 20 24 22 25 0 1 2 0 
23 24 0 0 0 15 18 19 16 17 0 2 25 3 0 0 0 5 0 7 10 13 11 0 14 
0 19 17 15 16 0 13 0 11 0 24 22 20 23 0 3 1 0 4 2 0 8 0 7 9 
3 4 0 25 1 20 0 24 0 22 9 0 5 8 0 13 11 10 14 12 0 0 0 0 0 
8 9 0 5 6 25 3 0 1 0 14 0 10 13 11 18 16 0 19 17 20 23 21 22 0 
22 23 0 19 20 14 17 0 15 16 3 0 24 0 25 0 5 4 0 0 9 0 0 11 13 
17 18 16 14 0 9 0 0 10 0 23 0 19 0 20 2 25 24 0 1 4 7 0 6 0 
7 8 0 0 0 24 2 3 25 0 0 0 9 0 0 17 15 0 18 16 19 0 20 0 0 
0 3 1 24 0 19 22 23 0 21 0 6 4 0 5 0 10 0 13 0 0 17 15 0 18 
12 0 0 9 10 4 7 8 0 6 18 16 14 0 15 22 20 0 23 0 24 0 25 0 0 
0 25 23 21 22 16 19 20 17 18 5 0 0 0 2 9 7 6 10 8 0 0 0 13 15 
9 0 0 6 7 0 0 5 2 3 15 13 0 0 0 0 17 16 20 18 21 24 22 0 25 
4 5 3 0 2 21 24 25 22 23 10 8 0 9 7 14 12 0 0 13 16 19 0 18 0 
14 15 13 0 0 6 9 10 7 8 20 18 16 19 17 24 22 21 0 0 1 4 0 3 5 
19 20 18 16 17 11 0 15 12 0 25 23 21 0 22 4 2 1 0 0 0 9 0 8 10 
