5
3 6 0 7 0 14 16 15 17 0 0 0 11 0 9 0 0 0 18 0 0 1 23 25 24 
0 11 9 0 10 19 21 20 0 18 15 0 16 17 0 25 2 0 23 24 7 6 3 5 4 
13 0 14 17 0 0 0 25 2 0 20 18 0 22 0 5 7 6 3 4 12 0 8 10 0 
23 1 0 0 25 9 0 0 0 8 5 3 6 7 0 15 17 16 13 14 22 0 0 20 19 
0 21 19 0 20 4 6 0 7 3 25 0 1 2 24 10 12 0 8 9 0 0 0 15 14 
17 20 0 21 19 0 5 0 6 2 24 0 25 1 23 0 0 0 0 8 0 15 12 14 13 
0 0 8 11 9 0 0 19 0 17 14 12 0 0 0 24 1 25 22 23 6 5 0 4 3 
0 0 13 16 14 23 25 24 1 22 0 0 20 0 18 4 0 5 0 3 11 10 7 9 8 
2 5 3 0 4 0 15 14 16 12 9 0 0 11 0 19 21 0 17 18 1 25 22 0 0 
0 25 23 1 0 0 0 9 0 0 4 0 0 0 3 14 16 0 0 0 0 20 0 0 18 
20 23 21 24 22 0 0 0 0 0 0 25 3 4 0 12 14 0 10 0 0 0 15 17 0 
0 8 6 9 0 16 18 17 19 15 12 10 0 14 0 22 24 0 20 21 4 3 25 0 1 
0 18 16 0 17 1 3 0 4 25 22 0 23 24 21 7 9 0 0 0 14 13 10 12 11 
25 3 1 0 2 11 13 0 0 0 7 0 8 9 6 0 19 0 0 16 0 0 0 22 21 
10 0 11 14 12 21 23 0 24 0 17 0 18 19 16 2 4 3 25 1 9 0 5 0 6 
19 22 20 23 21 5 7 6 8 4 1 24 0 3 25 11 13 12 9 10 18 0 14 0 15 
24 0 25 3 1 10 0 0 13 0 6 4 7 0 0 16 0 17 14 15 23 0 19 0 0 
14 0 15 0 0 0 2 0 3 24 21 0 22 23 0 6 8 7 0 5 13 0 9 11 10 
9 12 10 13 11 20 22 21 23 0 0 0 17 18 15 0 3 0 24 0 8 7 4 0 5 
4 0 5 8 6 0 0 16 0 14 11 9 12 0 10 21 0 22 0 20 3 0 24 1 0 
6 0 0 10 0 17 19 18 0 0 13 0 14 0 12 23 0 0 21 0 0 0 1 3 2 
0 19 0 20 0 2 4 3 0 0 23 0 24 25 22 8 0 0 6 7 15 14 11 13 12 
21 24 22 25 0 0 9 8 0 0 0 0 0 0 0 0 0 14 0 0 20 0 16 18 17 
1 4 0 5 3 12 0 13 15 0 8 6 9 0 7 0 20 19 0 17 0 24 21 23 0 
11 14 12 15 13 22 24 23 0 21 0 16 0 0 17 0 0 4 1 0 10 0 0 8 7 
