5
25 0 0 0 0 17 0 19 18 16 22 23 0 24 21 6 7 5 0 9 10 0 12 0 11 
10 0 14 12 11 2 25 4 3 1 7 0 5 0 6 0 17 0 0 0 20 23 22 24 0 
20 0 24 0 0 12 0 14 13 0 0 0 15 19 16 1 2 25 3 0 5 0 0 0 6 
15 18 19 17 16 7 0 9 8 0 12 0 10 14 11 0 22 20 23 0 25 0 2 4 1 
5 8 0 7 6 22 0 24 23 21 2 3 25 4 1 11 0 10 0 14 15 18 0 19 16 
3 6 7 0 4 20 18 22 21 0 25 1 0 0 24 9 10 8 0 0 13 16 0 17 14 
13 16 17 0 14 0 0 7 6 4 10 11 8 12 9 0 0 18 21 22 23 1 25 0 24 
23 1 0 0 24 15 13 17 16 14 20 21 18 0 19 4 0 3 6 0 8 0 10 12 0 
8 11 12 10 9 25 23 2 1 24 5 6 0 7 0 14 15 0 0 17 18 21 20 22 19 
18 0 22 0 0 10 8 0 11 9 15 16 13 17 14 24 25 23 1 0 3 6 0 7 0 
11 14 15 0 12 3 1 0 4 2 8 0 6 0 7 17 18 16 0 20 0 0 23 25 0 
16 0 0 18 0 8 6 0 9 7 13 0 11 0 0 22 23 0 0 25 1 4 3 0 2 
21 0 25 23 22 0 11 15 14 12 18 0 16 20 0 2 3 1 4 5 6 9 8 0 0 
1 4 5 0 2 0 16 20 19 17 0 24 21 25 22 7 8 0 9 0 0 14 0 15 12 
0 9 10 8 7 0 21 0 24 22 0 4 1 5 2 0 13 0 14 15 16 19 18 0 17 
9 0 13 11 10 0 24 3 0 25 6 7 4 8 5 15 16 14 17 18 0 22 21 0 20 
14 17 18 16 15 6 4 0 7 0 11 0 9 13 0 20 21 19 0 0 24 0 1 3 25 
24 2 0 1 25 16 14 18 17 15 0 22 19 23 20 5 6 4 0 8 0 12 11 13 0 
4 0 0 6 5 0 19 0 22 20 1 2 24 3 0 10 0 9 0 13 14 17 16 18 15 
19 22 23 21 20 11 9 13 12 10 16 17 14 18 15 0 0 24 0 0 4 7 6 8 5 
0 20 21 19 18 0 7 11 10 8 14 15 12 0 13 23 0 22 0 1 2 5 4 6 3 
2 5 6 0 3 19 17 21 20 18 24 25 0 1 0 0 9 0 10 0 12 15 14 16 0 
22 25 1 0 23 14 12 0 0 13 0 20 17 21 18 3 4 0 0 6 0 10 9 11 8 
7 10 0 9 0 24 22 1 25 23 4 5 0 6 3 13 0 12 15 16 0 0 0 21 18 
12 0 16 14 0 4 0 0 5 0 0 10 7 11 8 18 19 17 0 0 22 25 24 0 0 
