5
0 0 20 19 23 4 7 0 8 6 9 11 0 12 13 0 14 16 15 17 0 1 0 0 2 
1 2 0 24 0 0 12 10 13 11 14 16 15 0 18 23 19 21 20 22 8 0 4 5 7 
0 0 0 4 8 0 17 15 18 16 0 21 20 22 0 3 0 1 0 2 13 11 9 0 12 
0 12 10 9 13 19 0 20 23 0 0 0 25 2 3 8 0 6 5 0 18 16 0 0 17 
16 17 15 14 0 24 0 25 3 1 4 6 5 7 0 13 0 0 10 12 23 21 19 20 0 
8 0 7 6 10 16 19 17 0 18 21 23 22 24 0 5 1 3 2 4 0 0 11 0 14 
18 0 0 16 20 1 0 0 5 3 0 8 7 9 0 15 11 0 12 14 25 0 0 22 24 
3 4 2 1 0 11 0 0 15 13 16 18 17 19 20 0 21 0 22 24 0 0 0 0 0 
0 0 22 21 25 6 0 7 10 8 0 13 12 0 15 20 16 18 17 0 0 3 1 2 4 
0 14 0 11 15 21 0 0 0 0 1 3 2 0 0 10 0 8 7 9 20 18 0 17 0 
12 13 0 10 14 20 23 21 24 22 25 0 0 0 4 9 5 0 6 0 0 17 15 0 0 
0 0 0 20 24 5 0 6 9 7 0 12 11 13 14 19 15 17 0 18 4 2 0 0 3 
0 0 1 25 0 10 0 0 0 12 15 0 16 18 0 24 20 0 0 0 9 7 0 6 0 
7 8 0 0 0 15 18 0 0 0 0 0 21 23 0 4 25 0 1 3 14 0 10 11 0 
17 18 16 0 0 25 3 1 4 0 0 7 6 8 0 14 10 12 11 0 24 0 20 21 23 
0 25 23 22 0 0 0 8 0 9 12 0 13 15 16 0 17 0 18 20 6 0 0 0 5 
0 0 13 0 16 0 0 0 0 24 2 4 3 5 0 11 7 0 8 0 21 19 0 18 0 
19 20 18 17 21 0 5 3 0 4 0 9 8 0 0 16 12 0 0 15 0 0 22 23 25 
9 10 8 7 11 17 20 18 21 0 22 24 23 0 1 6 0 4 0 5 16 14 12 0 15 
4 0 3 0 0 12 15 13 16 0 17 19 0 20 0 1 0 24 0 25 11 9 7 8 10 
15 16 0 13 17 23 0 24 2 0 3 0 4 6 7 0 8 10 0 11 22 0 18 19 21 
5 0 0 3 7 13 16 14 17 0 18 0 19 21 22 0 23 25 0 1 12 10 8 9 11 
10 11 9 8 12 18 21 19 22 0 0 25 0 1 0 7 3 5 4 6 17 15 13 0 0 
0 1 24 23 2 8 11 0 12 10 13 15 14 16 0 22 18 20 19 21 0 5 3 4 6 
0 21 0 0 22 3 0 0 7 5 8 10 9 0 12 17 13 15 14 16 2 0 0 24 0 
