5
20 19 23 22 0 6 0 8 4 5 3 24 0 25 1 0 12 9 10 13 0 0 0 0 17 
25 24 3 2 1 11 0 13 9 0 8 4 7 0 0 16 0 0 15 0 23 20 19 21 22 
15 0 18 17 16 0 2 3 24 25 0 19 0 20 0 6 0 4 5 8 13 0 9 11 12 
10 9 13 12 0 21 22 23 19 0 18 0 17 15 16 0 2 24 0 0 8 5 4 0 7 
5 4 8 0 6 0 17 18 14 15 13 9 0 0 11 21 22 19 20 23 3 25 24 0 2 
7 6 0 9 8 18 19 20 0 0 15 11 14 12 13 23 0 0 22 25 5 0 1 0 0 
12 0 0 14 0 23 24 0 0 0 20 16 0 17 0 3 4 1 2 5 10 0 0 0 9 
0 0 20 19 0 3 4 5 1 2 25 0 0 22 23 8 9 0 0 10 15 12 11 13 0 
22 21 25 0 23 8 9 0 6 7 0 0 4 2 0 0 14 0 0 0 20 0 16 18 19 
2 1 5 0 3 13 14 15 0 12 10 6 9 7 8 18 19 16 0 20 0 0 21 0 24 
16 15 19 0 0 0 0 4 0 1 24 20 23 21 0 7 8 5 0 9 14 11 10 0 0 
0 25 4 3 0 12 13 14 10 11 9 5 0 0 7 17 18 15 0 19 24 21 20 22 23 
6 5 9 8 7 17 0 0 15 16 14 10 13 11 0 22 23 0 21 24 4 1 25 0 3 
21 0 24 23 22 7 8 0 5 6 0 25 3 1 2 12 0 0 0 14 19 0 0 17 18 
11 10 0 13 12 22 23 24 20 21 19 15 18 0 17 2 3 25 1 0 9 6 5 7 0 
3 0 6 5 4 14 15 0 12 0 0 7 0 8 0 19 20 17 18 21 0 23 0 24 25 
18 17 21 20 19 4 0 6 0 0 1 22 25 23 24 9 0 7 8 0 16 0 12 14 15 
13 12 16 15 14 24 25 1 0 0 0 17 20 18 19 4 5 0 0 6 0 8 0 9 0 
23 0 1 0 0 9 10 11 7 8 6 0 5 3 0 14 15 12 13 16 21 18 17 19 20 
8 7 11 0 9 19 20 21 17 18 16 0 0 0 14 0 25 22 23 1 6 0 2 4 0 
24 0 2 0 25 0 0 12 8 9 7 0 0 4 5 0 0 13 0 17 22 0 0 20 0 
0 13 17 0 15 0 1 0 0 24 22 18 21 0 20 0 0 3 0 7 0 9 8 0 11 
0 8 12 0 10 20 0 22 18 19 17 0 0 0 15 0 1 23 0 2 7 4 0 0 6 
4 3 7 6 5 15 16 17 13 0 12 8 11 9 10 20 21 18 0 22 2 24 23 25 0 
0 0 0 21 20 5 6 7 0 4 2 0 1 24 0 10 11 0 0 12 17 14 13 15 0 
