5
0 9 0 0 8 0 25 24 23 22 5 2 3 0 6 0 0 15 0 0 0 0 20 19 0 
16 14 0 0 13 0 5 0 3 2 0 0 0 9 11 21 18 0 17 0 23 0 25 0 22 
21 19 0 17 18 11 0 9 8 0 0 12 13 14 16 1 23 0 22 0 3 6 0 4 2 
6 4 5 2 3 21 20 0 18 17 25 22 0 24 1 11 8 10 7 9 13 16 0 14 0 
1 0 0 22 0 0 15 0 0 12 20 17 0 19 21 6 3 5 2 4 8 11 0 9 7 
18 16 0 14 15 8 7 6 0 4 12 9 0 0 13 23 20 22 19 21 25 0 2 1 24 
0 0 0 19 20 13 0 11 10 0 17 0 0 16 0 0 25 2 24 1 5 8 7 0 4 
0 0 7 4 0 23 22 21 20 19 0 24 25 0 3 13 10 12 9 0 15 18 17 0 0 
0 0 0 9 10 3 0 1 25 0 7 4 5 6 0 18 15 17 14 16 20 0 22 0 19 
3 1 2 24 25 18 17 16 15 14 22 19 20 21 23 8 0 7 4 6 10 13 12 0 9 
15 0 14 11 12 5 0 0 2 1 9 6 7 8 0 20 0 19 16 0 22 0 24 23 21 
5 3 4 0 2 20 19 0 17 16 24 0 0 23 25 10 7 9 0 8 12 15 14 0 0 
0 0 9 6 7 25 24 0 0 21 0 1 2 3 5 15 12 14 0 13 0 20 19 0 16 
25 23 0 21 0 15 14 0 12 11 19 16 17 18 20 5 2 4 1 0 0 0 9 8 6 
20 18 19 16 17 0 9 8 7 6 14 0 0 13 15 25 22 24 21 0 2 5 0 3 0 
19 17 18 15 16 9 8 7 6 5 0 0 11 0 14 24 21 23 0 22 1 4 0 2 0 
0 7 8 5 6 0 0 22 21 20 3 25 1 0 0 14 11 0 10 12 16 19 0 0 15 
4 2 3 0 0 19 18 17 0 0 23 20 0 22 24 9 6 0 0 7 11 0 13 12 10 
24 0 23 0 21 0 0 12 11 10 0 15 0 17 19 0 1 3 0 2 6 9 0 7 5 
14 12 13 10 0 4 0 2 1 25 8 5 6 7 0 19 16 18 15 17 21 0 0 0 20 
17 15 16 0 14 7 6 5 4 3 0 0 9 0 12 22 19 0 18 20 24 2 1 25 23 
22 20 0 18 19 12 11 10 9 8 16 13 14 0 17 0 24 1 23 25 4 0 6 5 3 
7 5 6 3 0 22 21 0 0 18 0 0 24 25 0 0 9 11 8 10 14 17 0 0 13 
2 0 0 23 24 17 16 0 0 13 21 18 0 20 22 7 4 6 3 0 9 12 0 0 0 
12 10 0 8 9 2 1 25 24 23 6 0 4 0 7 17 0 16 13 15 19 0 21 20 18 
