5
10 12 11 9 8 0 0 13 15 16 3 0 7 6 0 0 20 0 22 0 25 0 1 24 0 
25 2 1 24 23 0 4 0 0 6 18 0 22 0 0 9 10 8 12 11 15 0 0 14 13 
5 0 0 0 3 12 0 8 10 11 23 24 2 0 25 0 0 13 0 0 20 22 21 19 18 
20 22 21 0 18 2 0 23 25 0 13 14 17 16 15 4 5 0 7 6 10 0 11 9 8 
0 17 16 0 0 0 0 18 0 0 8 9 12 11 10 24 25 23 2 0 5 7 6 4 3 
0 4 3 1 25 9 0 5 0 8 0 21 24 23 22 0 0 10 14 13 0 19 18 16 15 
7 9 8 6 5 14 11 0 12 13 0 1 0 3 2 0 17 15 19 18 22 24 0 0 20 
0 0 13 0 10 19 0 15 17 18 5 0 0 8 7 0 22 20 0 23 2 4 3 1 0 
22 24 23 21 0 0 1 25 2 3 15 16 19 0 0 0 0 5 9 0 12 14 13 0 10 
17 19 18 16 0 0 21 20 0 23 0 11 14 0 12 1 2 25 4 3 7 9 8 0 5 
19 0 20 18 17 1 23 22 24 0 0 0 16 0 14 3 4 2 0 0 9 11 10 0 0 
4 0 5 0 2 0 0 0 9 10 22 0 1 0 0 13 14 12 0 15 19 21 20 0 0 
0 1 25 0 22 6 0 2 4 5 17 18 21 20 19 8 0 7 11 0 14 0 0 0 12 
14 16 15 0 0 21 18 17 19 20 7 0 0 10 9 23 24 22 1 25 4 0 0 3 2 
0 11 10 0 7 16 13 12 0 0 2 0 6 0 4 18 19 0 0 20 24 0 0 23 22 
3 5 4 2 1 0 7 6 0 9 21 22 25 24 23 12 13 11 15 0 0 20 0 17 16 
18 20 19 0 0 0 0 21 0 0 11 12 15 14 13 2 0 0 0 4 8 0 9 7 6 
0 0 0 12 0 20 17 16 18 19 6 7 10 0 8 0 0 21 25 24 3 5 4 2 1 
8 10 0 7 6 15 12 11 13 14 1 2 0 4 0 17 18 0 20 19 0 25 24 22 21 
0 25 24 22 0 5 2 1 3 4 16 0 0 0 0 7 0 6 10 9 0 15 14 12 11 
1 3 2 0 24 8 5 4 6 7 19 20 23 22 21 0 11 0 13 12 0 18 0 0 14 
11 0 12 10 0 18 15 14 0 17 4 5 8 7 6 20 21 19 0 22 1 3 2 25 0 
21 23 0 20 19 3 25 24 1 2 0 15 18 17 0 5 6 4 8 0 0 13 12 10 9 
16 18 0 15 14 23 20 19 21 22 9 10 0 12 0 25 1 24 3 2 6 0 0 5 4 
0 8 0 0 0 13 0 9 11 12 0 25 3 2 1 0 0 14 0 17 21 23 22 0 19 
