5
0 0 4 3 0 0 0 21 17 20 16 15 14 0 13 22 0 24 1 0 9 7 11 10 8 
21 20 0 0 17 9 8 11 7 10 6 5 4 0 3 12 15 14 16 13 24 0 1 25 23 
1 0 0 23 22 14 13 16 12 15 11 0 0 7 8 0 0 19 21 18 4 2 0 0 0 
16 0 0 13 12 4 3 6 2 5 1 25 24 22 23 7 0 0 0 8 0 17 21 20 18 
11 10 9 8 7 24 23 1 22 25 21 20 19 0 18 2 0 4 6 3 14 12 16 0 13 
8 7 0 5 4 21 0 0 19 22 18 0 16 0 0 24 0 1 3 25 0 9 13 0 0 
0 2 1 25 0 16 0 0 14 17 0 12 11 0 10 19 22 21 0 20 0 4 0 7 5 
23 22 21 20 0 11 10 13 9 0 0 7 0 4 5 14 17 16 18 0 1 24 3 2 0 
18 17 16 0 0 6 0 8 4 0 3 2 0 24 0 9 12 0 13 10 21 0 23 22 0 
0 0 0 10 9 0 0 3 24 2 23 0 0 19 20 0 7 6 8 0 16 14 18 17 15 
0 13 12 11 10 2 1 4 25 3 0 23 0 20 21 5 0 7 9 6 17 15 19 18 16 
0 18 17 16 15 7 0 9 0 8 4 0 2 25 1 10 0 12 0 11 22 20 0 23 21 
9 0 7 6 5 22 0 24 0 0 0 0 17 0 0 25 3 0 4 1 0 10 0 13 11 
0 3 2 1 25 0 0 0 0 18 14 13 12 0 11 20 0 22 24 21 7 0 9 0 6 
24 0 0 21 20 0 11 0 10 13 0 0 0 0 6 15 18 17 19 16 0 25 4 3 1 
0 9 8 0 6 23 22 25 0 24 20 19 18 16 0 1 4 3 5 2 13 11 0 14 0 
25 24 23 22 21 13 0 15 11 14 0 9 8 0 7 16 19 18 0 17 3 1 5 4 2 
5 4 3 2 1 18 17 20 0 19 15 14 0 0 12 21 24 23 25 22 8 6 10 9 0 
20 0 18 0 16 8 0 10 6 0 5 4 3 0 2 11 14 13 15 12 23 21 0 0 22 
15 14 0 0 0 0 2 0 0 4 0 24 23 0 22 6 9 8 10 7 18 16 20 0 17 
7 6 5 4 0 20 0 22 18 21 17 16 0 13 14 23 1 0 2 24 0 8 12 11 0 
0 16 15 14 0 5 4 7 3 6 0 1 0 23 24 8 11 10 12 9 20 18 22 0 19 
12 11 10 9 8 25 0 2 23 0 0 0 20 18 19 3 6 5 7 4 0 13 17 16 14 
2 0 25 24 0 0 0 0 13 0 12 11 10 8 0 18 21 0 22 19 5 3 7 0 4 
22 21 20 0 0 0 9 0 8 11 7 6 5 3 0 13 16 15 17 14 25 23 2 0 0 
