5
19 0 15 18 17 1 4 2 25 3 24 0 0 21 0 9 7 0 8 6 11 0 12 0 13 
0 21 20 23 22 6 0 7 0 0 0 2 3 1 0 0 0 10 13 0 16 19 17 15 18 
9 6 5 0 7 0 0 0 15 18 14 0 13 0 10 0 0 20 0 21 1 0 2 25 3 
0 0 10 0 12 0 0 22 0 0 19 17 18 16 15 4 2 0 0 1 0 9 0 5 8 
0 1 0 3 0 11 14 12 0 13 0 7 8 6 5 0 0 15 18 16 0 24 0 0 23 
16 13 0 15 0 23 1 0 22 0 0 19 20 18 17 0 4 2 5 0 8 11 9 7 0 
21 0 0 20 19 3 0 0 2 5 1 0 25 23 0 0 9 0 10 8 13 16 0 12 15 
0 0 0 5 4 13 16 14 12 0 11 0 0 0 7 21 0 17 20 18 23 0 0 22 25 
11 8 7 10 0 18 0 19 17 20 16 14 15 13 0 0 24 22 25 23 3 0 4 0 5 
1 23 22 25 0 8 11 0 0 10 6 4 0 0 2 16 0 12 15 0 0 21 0 17 0 
23 0 0 0 0 5 8 0 4 0 0 1 2 0 24 13 11 9 12 10 0 0 16 14 17 
3 25 0 0 1 10 13 11 0 0 8 0 7 5 4 18 16 14 17 15 0 23 21 19 22 
18 15 14 0 16 25 0 1 24 2 0 0 22 20 19 8 0 4 0 5 10 13 11 9 12 
13 10 0 12 0 0 23 21 0 22 18 16 17 15 14 3 0 0 0 0 5 8 6 4 0 
8 5 4 0 6 0 0 16 14 17 13 11 12 10 0 0 21 19 22 20 0 3 0 0 2 
15 0 11 0 13 0 0 23 21 24 0 18 19 17 0 5 3 1 4 0 7 0 0 6 9 
0 17 0 19 0 2 5 3 1 4 0 23 0 22 0 10 8 0 9 7 0 15 0 11 0 
10 7 0 0 8 0 0 18 0 19 15 13 14 12 11 25 0 21 24 22 2 5 0 1 4 
5 2 1 4 3 12 15 13 11 0 0 8 0 0 0 20 18 16 19 17 22 0 0 21 0 
25 22 21 24 0 7 0 8 0 0 0 3 4 2 0 0 13 0 14 12 17 0 18 16 0 
0 24 23 1 0 9 12 0 8 11 7 0 6 4 3 17 0 0 0 14 19 22 20 18 21 
17 14 13 0 15 24 2 25 0 1 22 20 21 19 18 7 0 3 6 4 0 0 0 8 11 
22 0 18 21 0 4 7 0 3 6 0 25 1 24 23 12 0 8 11 9 14 0 0 13 16 
12 0 8 11 0 19 22 20 18 21 17 0 16 0 0 2 25 23 1 24 4 7 5 0 0 
0 4 3 6 5 0 17 0 0 16 0 10 11 0 0 22 20 18 0 0 0 2 25 23 1 
