5
6 4 8 7 5 21 19 0 20 22 13 0 11 10 0 0 0 24 0 0 0 14 15 17 18 
16 0 0 17 15 0 4 8 0 7 23 22 0 0 19 10 11 0 0 0 0 0 0 0 3 
21 0 23 22 20 11 9 0 10 0 0 0 1 25 24 0 16 14 17 0 0 4 5 7 8 
0 0 13 0 10 1 24 3 25 0 18 0 0 15 0 5 6 0 7 8 21 19 20 0 23 
1 0 0 2 0 16 14 0 15 17 8 7 0 0 0 0 0 19 22 23 0 9 0 0 13 
9 7 0 0 0 0 22 1 0 25 0 15 14 13 12 0 4 0 5 6 19 17 0 20 0 
4 0 6 5 0 19 17 21 0 20 11 10 9 8 0 23 24 22 0 1 14 12 13 15 0 
19 17 0 20 18 9 0 11 8 10 1 25 24 0 0 0 0 0 15 0 0 2 3 0 6 
14 0 16 15 13 0 0 6 0 5 21 20 19 18 0 8 0 0 10 0 0 0 23 0 1 
24 0 0 0 23 14 12 16 13 15 0 0 4 3 0 0 19 17 0 0 9 0 0 0 11 
20 18 22 0 0 10 0 12 9 0 0 1 25 0 0 14 0 0 0 0 0 0 4 0 7 
5 0 7 6 4 20 18 22 0 21 0 11 10 0 0 24 25 23 1 0 15 13 0 0 17 
0 0 12 11 0 25 0 2 24 0 0 16 15 0 0 4 5 0 0 0 0 18 19 21 22 
15 13 0 16 14 5 0 0 0 6 22 21 20 0 0 0 10 8 0 12 25 0 24 0 2 
25 0 2 1 0 15 0 17 14 16 7 6 5 0 3 19 20 18 0 22 10 8 9 11 12 
0 20 24 23 0 0 0 0 11 0 4 0 2 1 0 0 0 15 0 19 7 0 6 0 9 
7 0 0 8 6 22 0 24 0 23 14 0 0 11 0 0 2 25 3 0 17 15 16 18 19 
0 25 0 3 1 17 15 19 0 0 0 0 0 6 5 0 22 0 0 0 0 10 11 0 14 
0 10 14 0 11 0 25 0 1 0 19 18 0 0 15 0 7 5 0 9 22 0 21 23 24 
0 15 0 18 0 0 0 0 6 8 24 23 22 21 20 0 0 10 0 0 2 0 0 3 0 
23 21 0 24 0 13 11 15 0 0 5 4 3 2 1 17 18 16 19 0 0 0 7 9 0 
0 0 5 4 2 0 16 20 17 19 0 9 8 0 6 0 23 0 0 0 13 11 0 0 0 
0 11 0 14 12 0 1 0 2 4 20 19 18 0 16 7 8 6 0 10 23 0 22 24 0 
0 16 20 19 17 0 6 0 7 9 25 24 23 22 21 12 13 11 14 0 0 0 2 0 5 
8 6 0 0 7 23 21 0 22 24 15 14 13 12 0 0 3 0 4 0 18 16 0 19 20 
