5
20 23 19 0 0 15 16 0 14 17 7 0 5 8 6 0 0 0 3 0 12 0 13 0 9 
10 13 9 0 12 0 6 0 4 7 22 19 20 0 21 16 15 0 0 0 2 25 3 0 0 
5 8 4 6 0 0 1 0 24 0 17 14 15 18 16 0 10 12 0 0 22 20 23 21 19 
0 3 24 1 2 20 0 23 19 0 0 9 10 13 11 6 0 7 8 0 17 0 0 0 14 
15 0 14 16 17 10 11 0 9 0 0 24 25 0 0 0 20 22 23 19 7 5 8 6 4 
0 6 0 4 0 0 0 0 22 0 15 12 13 16 14 9 8 0 11 7 0 18 0 19 0 
8 11 0 9 0 0 0 6 0 5 20 17 18 0 19 0 0 15 16 12 0 0 1 24 0 
13 16 12 0 15 0 9 11 7 10 0 22 0 0 0 19 18 20 21 0 0 3 6 4 0 
18 21 0 19 20 13 14 16 12 15 5 2 3 6 4 24 23 25 0 22 10 8 0 9 7 
23 1 0 0 25 18 19 21 17 20 10 0 8 11 9 4 3 0 0 2 15 0 16 14 0 
0 0 18 20 0 0 0 17 0 0 0 3 4 7 0 25 0 0 2 23 11 0 12 10 8 
0 12 8 10 11 0 0 7 3 0 0 18 0 22 0 15 14 16 0 13 0 24 2 0 23 
4 7 3 0 0 24 0 2 23 1 16 13 0 17 0 10 9 0 12 8 0 0 22 20 0 
24 2 23 25 1 19 0 0 18 21 11 0 9 12 10 5 4 6 7 3 16 14 17 0 13 
14 17 0 15 16 9 0 12 0 11 1 23 24 0 25 0 0 21 22 18 0 4 0 5 3 
21 0 0 0 0 0 17 19 15 18 0 0 6 0 0 2 1 0 0 25 0 11 14 12 10 
0 0 15 0 18 11 0 14 0 13 0 25 1 4 0 22 0 23 24 0 8 6 0 7 0 
0 9 5 7 8 1 0 0 25 0 0 15 0 0 0 0 11 13 0 10 0 21 0 0 0 
0 14 10 12 0 6 7 9 5 8 23 20 0 0 0 17 16 18 19 15 0 0 0 0 0 
0 0 25 2 3 21 22 0 0 0 13 0 0 0 0 0 0 8 0 5 18 16 0 0 15 
2 5 1 0 4 0 23 25 0 24 14 11 12 15 13 0 7 0 10 6 19 0 20 0 0 
17 0 0 18 0 12 13 15 11 0 4 1 2 0 0 23 0 0 25 0 9 7 10 0 0 
0 10 6 8 9 2 0 5 0 4 19 16 17 20 0 13 12 0 15 11 24 22 0 23 0 
0 0 21 0 0 17 18 0 16 0 0 6 0 0 8 3 0 0 5 1 0 12 15 0 11 
12 15 0 13 0 7 8 10 6 9 0 0 0 0 0 0 17 0 20 16 0 2 0 0 1 
