5
23 22 1 0 24 0 20 0 17 18 9 10 8 0 0 6 0 2 5 4 0 0 0 15 16 
13 12 0 15 14 11 10 0 0 8 24 25 23 1 0 21 18 17 20 19 3 2 4 5 0 
8 0 11 10 0 6 5 4 0 3 0 20 18 0 17 16 0 12 0 14 0 22 0 25 0 
3 0 0 0 4 0 0 0 0 23 14 15 13 16 12 11 8 7 10 9 18 0 19 0 0 
18 0 21 0 0 16 15 0 0 0 4 5 3 0 2 1 0 0 0 24 8 7 0 0 0 
25 24 0 2 1 0 0 21 19 0 0 12 0 13 9 0 0 4 7 6 15 0 0 17 18 
20 19 23 22 21 18 0 0 14 0 6 0 0 0 0 3 0 24 2 0 10 9 0 12 0 
0 0 8 0 6 3 2 1 24 25 16 17 15 0 14 0 10 9 0 11 20 0 0 22 0 
15 14 18 17 16 13 0 0 9 0 1 0 25 0 24 0 20 19 0 21 5 0 0 0 0 
10 9 0 12 11 8 7 6 4 5 21 22 20 0 0 0 15 14 17 16 0 24 1 2 0 
0 0 14 13 12 9 8 7 0 6 22 23 21 0 20 0 16 15 18 17 1 25 0 0 4 
21 20 24 23 0 19 0 0 0 0 0 0 6 9 5 0 1 0 3 2 0 10 0 0 14 
16 15 19 18 17 14 0 12 10 11 0 0 0 0 25 0 0 20 0 0 0 5 7 8 0 
1 0 4 0 0 24 23 0 20 21 12 13 11 14 0 0 0 0 0 0 16 15 0 0 19 
6 5 9 0 7 4 3 2 25 0 0 0 16 0 15 0 11 0 13 12 0 20 22 0 0 
0 0 0 21 20 0 0 0 13 14 0 0 4 7 0 2 0 0 1 25 9 8 0 11 12 
24 23 2 1 25 0 21 20 0 19 0 11 9 12 0 7 0 3 6 0 0 13 0 16 17 
0 13 0 16 15 0 11 10 0 9 0 0 0 2 0 22 19 18 0 20 0 0 5 6 7 
0 3 7 6 5 2 0 25 0 24 15 16 14 17 0 0 9 0 0 10 0 0 20 21 0 
9 0 0 11 10 7 6 0 0 4 20 21 19 0 18 0 0 0 0 0 0 0 25 0 2 
17 16 20 19 0 0 0 0 11 0 0 4 0 5 1 25 0 21 24 23 7 0 8 9 10 
0 0 0 24 23 20 19 18 16 0 8 9 7 10 6 0 0 1 0 0 12 11 13 0 15 
7 0 10 9 8 5 4 0 1 2 18 19 0 20 16 15 12 11 14 13 22 0 23 24 25 
0 0 0 0 13 10 9 8 0 0 23 24 22 25 21 20 17 16 0 18 0 1 3 4 0 
0 1 5 4 3 0 24 23 21 22 0 0 0 15 11 10 7 6 0 0 0 16 0 19 0 
