5
25 2 0 3 24 0 0 21 0 20 15 18 0 0 0 11 0 13 0 10 0 6 5 4 8 
0 0 16 0 0 12 9 11 13 10 0 8 4 6 7 1 2 0 0 0 0 21 20 0 23 
0 22 21 23 19 17 0 16 0 0 10 0 0 11 0 6 0 8 4 5 0 1 0 24 0 
10 12 0 13 9 7 4 6 8 5 0 0 0 1 2 0 22 0 19 20 17 16 15 14 0 
5 0 0 0 0 2 24 1 0 25 20 0 19 21 22 16 0 0 14 0 12 0 0 9 13 
7 9 8 0 0 0 1 3 0 0 0 0 0 23 0 18 19 0 0 0 14 13 0 11 0 
12 0 13 0 0 0 0 0 0 7 2 5 1 3 4 23 24 25 21 22 19 0 0 16 20 
17 19 18 20 0 14 11 13 15 0 7 0 6 8 9 3 0 5 0 0 24 0 22 0 0 
22 24 23 25 21 0 16 18 0 0 12 0 0 0 0 8 0 10 6 7 0 0 0 0 0 
0 4 0 5 1 24 21 23 25 22 17 0 0 18 19 13 0 15 0 12 9 8 7 6 10 
11 0 0 14 10 0 0 0 9 6 1 0 0 0 3 22 0 0 20 21 18 17 16 0 19 
6 8 7 9 5 3 0 0 0 0 0 24 0 0 0 0 0 0 15 0 0 0 11 10 0 
21 23 0 24 0 18 15 17 0 16 0 14 0 0 0 0 0 9 5 6 3 0 0 0 0 
1 3 0 4 0 0 0 22 24 21 0 19 0 0 0 0 0 0 0 11 8 0 6 5 9 
0 0 17 0 0 0 0 12 14 11 0 9 5 7 8 2 3 0 0 1 0 0 21 20 24 
13 15 14 0 0 10 7 9 11 0 0 6 0 4 5 0 25 1 0 0 20 19 18 17 21 
0 0 0 6 2 0 0 24 1 23 18 0 17 19 20 14 0 16 12 13 0 9 8 7 11 
8 10 9 11 7 5 2 4 6 0 0 0 0 0 25 0 20 0 0 18 0 14 13 0 16 
18 20 19 21 0 0 0 0 16 13 8 0 0 9 0 4 0 6 0 0 25 0 0 22 1 
0 25 24 0 22 20 17 19 21 18 0 0 12 14 15 9 0 0 0 8 5 4 0 0 6 
14 0 15 17 13 11 0 10 0 0 4 7 0 5 0 0 0 2 0 24 21 20 19 18 22 
9 11 10 0 0 0 3 5 7 4 24 2 23 0 1 20 0 22 18 0 0 15 0 13 17 
4 6 0 7 3 1 0 0 0 0 19 22 0 20 21 0 16 0 13 14 11 10 9 0 12 
0 0 0 2 23 21 0 0 22 19 14 0 13 0 16 0 0 12 8 0 0 5 4 0 7 
19 21 20 22 0 16 13 15 0 14 9 0 0 0 11 0 0 7 3 0 1 0 24 23 2 
