5
0 0 0 9 10 15 0 13 0 0 23 0 25 22 0 5 0 3 4 6 17 21 19 20 0 
2 3 0 4 5 10 0 0 9 7 18 19 20 0 21 25 22 0 0 0 12 16 0 15 0 
17 18 21 19 0 25 1 23 0 0 8 0 0 7 0 15 12 13 14 16 2 6 0 0 0 
0 13 16 14 15 0 21 18 19 0 0 4 5 2 6 10 7 0 0 11 22 1 0 0 23 
0 23 0 24 25 5 0 0 4 2 0 14 0 0 16 20 17 18 19 21 7 11 9 10 0 
15 16 19 0 18 0 24 21 22 20 6 7 0 5 9 0 10 11 0 0 0 4 0 3 1 
25 1 0 2 3 8 9 0 7 5 16 17 18 15 0 0 0 0 0 24 0 14 0 13 0 
20 0 24 0 0 0 0 1 2 25 0 0 13 10 14 0 15 16 0 19 5 9 7 8 0 
5 0 0 0 0 13 14 11 0 10 0 22 23 20 24 0 25 0 0 4 15 19 17 0 16 
0 11 14 12 13 18 19 0 0 15 1 2 3 25 4 0 0 6 0 9 20 24 22 23 0 
8 0 0 0 11 16 17 14 0 0 24 25 1 23 0 6 3 4 0 7 0 22 0 21 19 
3 4 0 5 0 11 12 9 10 0 19 0 0 18 22 0 0 24 25 2 13 17 15 0 0 
0 24 0 0 0 6 7 4 5 3 14 0 16 13 0 0 18 19 20 22 0 12 10 0 9 
13 0 0 0 0 21 0 0 20 0 0 5 6 3 7 11 8 0 10 12 0 2 25 0 0 
18 19 0 20 21 1 2 24 25 23 0 0 0 8 12 16 13 0 15 0 0 0 5 6 0 
0 0 25 23 24 4 5 2 0 0 0 0 14 0 15 19 0 0 18 0 6 10 0 9 0 
6 7 10 8 0 14 15 12 13 11 22 0 0 21 0 4 0 2 0 0 16 0 18 19 17 
0 0 20 0 0 24 25 22 0 21 7 8 0 6 10 0 0 0 13 0 0 0 3 4 2 
11 12 15 0 14 19 20 17 0 0 2 3 4 1 5 9 6 7 8 0 0 25 0 24 22 
1 2 5 0 4 9 0 0 8 0 17 0 19 0 0 24 21 22 0 25 0 15 0 14 0 
9 10 13 11 12 17 18 15 0 14 0 0 2 0 0 0 4 0 0 0 19 23 21 0 20 
14 15 18 0 0 22 23 20 21 19 5 6 7 4 8 12 0 0 11 13 24 3 0 0 0 
4 0 0 0 7 12 13 10 11 0 20 0 22 19 23 2 0 25 0 3 0 0 0 0 15 
24 0 0 0 0 7 8 5 0 4 15 0 0 0 0 22 0 0 21 23 9 13 11 0 10 
19 20 0 0 22 0 3 25 0 0 10 0 0 9 13 17 0 0 16 0 0 8 0 0 0 
