5
0 0 13 0 0 0 7 9 0 5 24 0 20 23 21 17 0 0 15 16 0 4 3 0 2 
0 21 23 0 0 18 0 0 16 15 0 0 5 8 6 0 0 3 25 0 10 14 0 11 12 
7 0 8 0 9 3 2 4 1 25 0 0 0 18 16 12 0 13 0 11 0 24 0 21 22 
0 16 0 15 19 0 0 14 11 10 0 0 25 3 1 0 0 23 0 21 0 9 0 6 7 
0 1 3 25 0 0 0 0 21 20 14 0 10 0 11 0 0 0 5 6 15 19 0 16 17 
0 0 4 1 5 24 23 0 22 21 0 13 0 0 0 0 10 9 6 7 16 20 0 0 18 
8 0 9 0 0 4 3 0 2 0 20 18 16 0 17 13 0 14 0 0 21 0 0 0 0 
18 17 19 16 20 0 0 15 0 0 5 0 1 0 2 0 25 0 0 0 0 0 0 0 0 
0 0 0 21 0 19 0 20 0 16 10 0 6 0 7 3 0 4 0 2 11 15 0 12 13 
0 12 14 11 15 9 8 10 7 0 0 0 0 0 0 18 20 19 16 17 1 5 4 0 3 
0 5 7 0 8 2 1 3 25 24 0 16 14 0 0 11 0 12 9 10 19 23 22 0 21 
0 0 0 24 3 0 0 0 20 0 13 0 9 0 0 0 0 7 4 0 0 18 17 15 0 
16 15 0 14 18 12 0 0 10 0 3 0 0 2 25 21 23 0 19 20 4 8 7 0 0 
11 10 0 9 0 7 0 0 0 4 0 0 0 22 0 16 0 17 0 15 24 3 0 25 1 
21 0 0 0 23 17 16 18 0 14 8 6 4 7 5 0 3 0 0 25 0 0 12 10 0 
0 13 0 12 0 0 9 11 8 7 0 0 22 25 0 0 21 20 17 18 2 0 5 0 0 
9 8 10 0 11 0 4 6 0 2 0 0 0 20 0 14 16 0 12 0 0 1 25 23 24 
24 0 25 22 0 20 19 21 18 17 0 9 7 10 0 4 6 5 2 0 12 16 15 13 14 
0 18 20 0 0 15 14 0 13 12 6 4 2 0 3 0 0 0 0 23 7 0 10 8 0 
0 0 0 0 6 25 0 1 23 0 0 14 12 15 13 0 11 0 0 0 17 21 0 18 19 
0 9 11 8 0 6 0 7 0 3 22 20 18 0 19 0 0 16 13 0 0 0 1 0 0 
0 4 6 0 7 0 0 2 24 0 17 15 13 16 14 10 12 11 8 0 0 22 21 19 20 
20 0 0 18 22 16 15 17 14 13 0 0 3 0 4 0 0 0 0 24 0 0 11 9 0 
25 24 0 23 2 0 0 22 19 0 0 10 0 11 0 0 0 6 0 0 13 0 0 14 15 
15 14 0 0 0 0 10 0 9 0 2 25 0 1 0 20 22 21 18 19 3 7 6 0 5 
