5
0 0 0 20 18 23 1 0 22 25 16 0 0 12 14 0 0 7 10 9 3 0 6 4 2 
0 2 4 5 0 0 11 0 7 0 1 23 0 0 24 0 0 17 0 0 13 15 0 14 0 
0 7 0 10 8 13 16 0 12 0 6 0 0 0 4 0 1 22 25 0 18 0 0 19 0 
0 0 24 25 23 0 6 4 0 0 0 18 0 0 19 0 0 12 15 14 0 0 0 9 0 
16 0 14 15 13 0 21 0 0 0 11 0 0 7 9 0 0 0 0 0 23 25 0 24 22 
12 0 10 11 9 0 17 15 0 0 7 4 6 3 0 0 0 0 1 0 19 21 22 0 18 
0 18 20 0 19 24 2 25 23 1 17 0 0 13 15 9 0 8 0 10 4 6 7 0 3 
17 0 15 16 14 0 0 0 0 21 12 0 0 8 0 0 7 0 0 5 0 1 0 25 23 
2 23 0 1 0 4 7 5 3 0 0 19 21 0 20 0 17 13 16 15 0 11 12 10 8 
7 0 5 6 0 9 0 10 8 11 0 0 0 23 25 0 22 0 0 20 14 0 0 15 0 
0 11 0 14 0 0 20 0 16 19 0 7 0 6 0 2 5 0 0 3 0 24 25 23 0 
10 6 8 9 7 12 15 13 11 14 0 2 4 0 0 22 25 0 24 0 0 19 20 0 0 
0 1 0 4 0 7 10 8 0 0 25 0 0 21 0 17 0 0 0 0 12 14 0 13 11 
0 0 0 19 0 22 25 0 21 24 15 0 14 0 13 0 0 0 9 8 2 0 5 0 1 
0 0 23 0 0 2 5 3 0 0 20 0 19 16 0 0 15 11 0 13 7 9 10 8 6 
0 20 22 23 0 1 4 0 25 3 0 0 0 0 0 11 14 10 0 0 6 0 0 7 5 
0 15 17 18 16 0 0 22 20 0 0 0 0 10 12 0 9 0 0 7 0 3 4 0 25 
4 25 2 3 1 6 9 0 0 0 0 21 23 0 22 16 19 0 0 0 11 0 14 12 0 
9 0 7 8 0 11 14 0 10 13 0 0 0 25 2 21 24 20 23 22 16 18 19 17 15 
14 0 12 13 0 16 0 0 0 18 0 0 8 0 7 0 4 25 3 2 21 23 24 0 20 
0 14 0 17 15 0 23 0 19 0 13 10 12 9 11 5 8 0 0 0 0 2 3 1 24 
13 0 11 12 10 0 0 16 14 0 8 0 0 4 6 25 0 0 2 1 20 22 23 0 19 
8 4 6 0 5 10 0 11 0 0 0 25 2 24 1 20 23 19 0 0 15 17 18 16 14 
0 24 1 0 25 5 8 6 0 7 0 20 0 19 0 15 18 0 0 0 10 0 13 0 9 
23 19 0 22 20 25 0 1 24 2 0 15 0 0 16 10 0 9 0 11 5 0 0 0 4 
