5
0 0 16 0 0 0 9 0 11 10 6 0 8 0 7 19 0 23 22 20 3 25 24 1 2 
7 5 6 0 0 3 0 2 0 25 21 0 23 0 0 9 11 13 12 10 18 15 14 0 17 
22 20 0 23 19 18 0 0 16 15 11 0 0 10 0 24 1 3 0 25 8 5 4 0 7 
12 10 11 0 9 0 4 7 0 0 1 24 3 25 2 0 0 18 17 0 0 20 19 0 22 
2 25 1 3 24 0 19 22 21 20 0 14 0 15 17 0 6 8 0 5 13 10 9 11 12 
0 16 0 19 15 0 0 0 0 11 7 0 0 6 0 0 0 24 0 0 4 1 25 0 0 
0 11 12 14 10 9 0 0 0 6 2 25 4 1 3 15 0 19 0 0 24 0 20 0 0 
3 0 2 0 25 24 20 23 22 21 17 15 0 16 18 0 7 9 8 6 0 11 10 12 13 
23 0 0 24 20 19 15 18 17 16 12 0 14 11 13 0 2 0 3 1 0 6 0 0 0 
0 0 7 9 0 0 25 3 2 0 0 0 24 21 23 0 12 14 13 11 19 0 0 0 0 
1 24 0 2 23 0 0 0 20 0 15 13 0 14 16 0 5 0 6 4 0 0 8 10 11 
11 0 10 0 8 0 3 6 5 4 25 23 0 24 1 13 0 17 0 0 0 19 18 20 0 
0 19 0 22 0 17 0 16 15 14 10 8 12 0 0 23 25 0 0 24 7 0 3 5 6 
16 0 15 17 0 0 0 11 10 9 0 3 7 0 0 18 20 0 0 19 0 0 23 25 1 
0 0 5 0 3 2 23 0 0 24 20 0 22 19 21 8 10 0 0 9 0 0 0 15 0 
0 0 19 21 0 0 12 0 14 0 0 0 11 0 0 22 0 1 0 23 6 0 0 0 0 
0 3 0 0 2 0 22 0 24 23 19 17 21 18 0 7 9 0 10 8 16 0 12 14 15 
0 0 9 0 7 0 2 0 0 0 0 22 0 0 0 12 14 16 0 0 21 0 0 19 20 
15 0 14 0 12 11 7 10 0 8 4 2 6 3 5 0 0 0 0 18 0 0 22 24 25 
25 0 0 0 0 0 17 20 0 18 0 0 16 0 15 0 4 6 5 0 11 0 0 9 10 
19 17 18 20 0 15 0 14 13 12 8 0 0 7 9 21 23 25 24 22 0 0 1 3 4 
9 0 8 0 6 5 1 4 0 0 0 21 25 22 0 0 0 15 0 0 20 17 0 0 0 
14 0 13 0 0 0 0 0 0 7 3 1 5 2 4 0 0 20 19 0 0 0 21 23 0 
4 0 0 0 1 25 21 24 23 22 0 0 0 17 19 0 0 10 9 0 0 12 11 13 0 
24 0 0 25 0 20 16 19 18 17 13 0 0 12 14 1 0 5 4 0 10 7 6 8 0 
