5
0 17 19 0 18 22 23 24 1 25 2 4 0 3 0 11 9 7 10 8 0 13 14 0 16 
11 7 9 0 8 0 0 0 0 0 0 19 21 18 20 0 24 0 0 23 0 3 4 0 0 
16 12 14 0 13 17 18 19 0 20 0 24 0 23 25 0 4 2 5 3 0 0 9 7 11 
1 0 24 25 23 2 3 0 6 0 7 9 11 0 10 0 14 12 0 13 20 0 0 0 21 
6 0 4 5 3 0 8 0 11 10 12 14 16 0 15 0 0 0 20 18 0 23 24 22 0 
0 0 8 9 0 11 12 13 15 0 0 0 20 17 19 25 0 21 0 0 4 0 3 0 5 
25 0 0 0 22 1 0 3 5 0 0 0 0 7 0 15 13 11 14 12 19 0 0 0 0 
15 11 13 14 0 16 17 18 0 19 0 23 25 22 0 5 3 1 4 2 0 0 8 0 10 
0 16 18 0 17 0 0 23 0 0 1 3 5 2 4 10 0 0 0 0 14 12 0 11 15 
5 0 3 4 0 0 7 8 10 9 11 13 15 0 14 20 18 16 0 17 0 22 23 21 25 
13 9 0 12 0 14 15 0 18 17 19 21 0 20 22 0 1 24 0 25 0 5 6 4 0 
18 14 16 17 0 19 0 0 23 22 24 0 0 25 2 0 0 0 7 5 0 10 0 0 13 
0 4 6 7 0 9 0 11 13 0 14 16 18 0 17 0 0 19 0 0 2 25 0 24 3 
23 19 0 22 20 24 25 1 3 2 0 6 0 5 7 0 0 9 0 0 0 15 16 14 0 
0 0 1 2 0 4 5 0 8 7 9 11 0 10 12 18 16 14 0 15 0 20 21 0 23 
9 5 7 0 0 10 11 0 14 0 15 0 19 0 0 24 22 0 23 21 0 0 0 0 0 
0 0 0 3 0 5 0 0 0 8 10 12 14 11 13 19 17 0 0 0 23 0 22 0 0 
0 10 12 13 11 15 0 17 19 18 20 0 24 0 0 0 2 25 3 1 0 6 0 0 9 
0 0 0 23 21 25 0 0 4 0 0 7 0 0 8 0 0 10 13 0 18 16 17 15 19 
0 0 0 18 16 20 21 22 0 23 25 0 0 0 3 9 7 0 8 6 0 0 12 10 14 
17 13 0 0 14 18 19 0 22 0 23 0 0 24 1 7 5 3 0 4 11 9 0 0 12 
0 0 0 1 0 3 4 5 0 6 8 10 0 9 11 0 0 13 0 0 21 19 0 18 22 
7 3 5 0 4 8 0 10 12 11 0 15 17 0 0 22 20 18 0 19 0 24 25 23 2 
12 8 10 0 0 0 14 15 0 16 18 0 0 0 0 0 25 0 0 24 0 0 5 3 7 
22 18 20 21 19 0 0 25 2 0 3 5 7 4 6 0 10 8 11 0 16 14 15 13 17 
