5
4 3 0 1 2 15 19 17 18 16 0 0 0 5 7 0 24 0 23 0 14 11 0 13 12 
19 0 15 16 0 5 0 7 8 0 0 0 23 20 22 11 0 12 13 10 4 1 0 0 2 
9 8 0 6 7 0 0 0 0 0 0 0 0 10 0 1 4 0 3 25 0 0 0 18 0 
24 23 20 21 22 0 14 12 0 11 1 0 3 25 0 0 0 17 18 15 9 6 0 0 0 
0 0 10 0 0 0 4 2 3 1 0 19 0 0 17 0 0 7 0 5 24 0 20 23 0 
3 0 0 25 0 0 18 16 17 0 5 0 7 4 6 20 0 21 22 19 13 10 9 0 11 
18 17 0 15 16 0 8 6 7 0 0 23 22 0 21 10 13 0 12 9 3 0 24 0 1 
0 0 0 0 0 24 0 1 2 0 15 18 17 0 16 0 0 6 7 0 23 0 0 0 21 
0 22 19 20 0 9 13 11 0 10 0 3 2 24 0 0 0 16 17 14 8 0 4 7 6 
8 7 0 5 6 0 0 21 22 20 10 13 12 0 0 25 3 0 0 24 18 0 0 0 16 
12 11 8 9 0 23 2 0 1 24 14 17 16 0 0 4 0 0 6 0 22 19 18 21 20 
0 0 0 0 0 0 0 0 0 0 19 22 0 0 20 0 0 0 11 0 0 24 23 1 25 
0 0 3 4 5 18 0 20 21 19 9 12 11 0 0 24 2 25 1 0 0 0 13 16 0 
2 0 0 0 0 13 0 15 0 14 4 0 6 0 5 19 22 20 0 18 12 9 8 11 10 
22 21 0 19 0 8 0 10 11 0 0 0 1 0 25 14 17 0 16 13 0 0 3 6 5 
0 0 6 0 8 21 0 23 24 22 0 0 14 0 0 2 5 0 4 1 20 0 16 19 0 
0 24 21 22 0 11 15 0 0 12 2 5 4 1 3 0 20 18 0 16 0 0 0 9 8 
15 14 11 0 13 1 0 3 4 0 17 20 19 16 18 0 10 8 9 6 0 22 21 24 23 
5 0 0 0 3 16 0 0 0 17 0 0 9 6 8 0 25 0 24 21 0 0 0 0 0 
20 19 0 17 18 0 0 0 0 7 0 25 24 21 23 12 15 0 14 0 5 2 1 4 0 
0 25 0 23 24 0 16 14 15 13 0 6 0 2 4 18 21 19 20 17 0 0 0 0 9 
11 10 7 8 0 22 1 0 25 0 0 0 15 12 0 3 6 4 5 2 0 18 17 0 19 
16 15 12 13 0 0 6 4 0 0 18 21 20 0 19 8 11 0 10 7 1 23 22 0 24 
0 20 0 18 19 7 11 9 0 0 23 1 25 0 0 0 16 0 15 0 6 3 0 0 4 
6 0 2 3 0 17 21 19 20 18 8 11 0 7 0 23 0 24 25 22 0 0 12 15 0 
