5
0 0 11 0 0 0 14 16 0 0 22 21 18 20 19 24 2 1 23 0 0 0 5 7 0 
0 19 21 22 0 23 0 0 0 25 7 0 3 0 4 0 12 11 8 10 0 0 15 0 0 
13 0 16 0 15 18 0 0 22 0 2 1 0 25 24 4 0 6 3 0 0 11 0 12 8 
0 0 6 7 5 8 0 11 12 0 17 0 0 15 14 19 22 0 18 20 24 0 0 0 23 
23 24 1 2 0 3 4 6 0 5 0 0 8 10 0 14 0 16 13 15 19 21 0 22 0 
22 23 25 1 0 2 3 5 0 4 11 0 7 9 0 0 0 0 12 0 0 20 0 0 0 
17 0 20 0 19 0 0 0 1 24 6 0 0 4 3 8 11 10 7 0 13 15 14 0 0 
7 0 0 0 9 0 0 0 0 14 21 0 17 19 18 0 0 0 22 24 0 5 4 6 2 
12 0 0 0 0 0 18 20 21 19 1 25 22 0 0 3 6 0 2 0 0 10 0 0 0 
2 3 5 0 4 7 8 10 0 9 0 15 12 14 0 18 21 0 0 19 23 25 24 0 22 
11 12 0 0 0 16 0 19 20 18 25 24 0 23 0 2 5 0 0 3 0 0 0 0 6 
0 0 4 0 3 6 7 0 10 8 15 14 11 13 12 17 20 19 16 18 22 0 0 25 0 
21 0 0 25 23 1 0 0 5 0 0 0 6 8 7 12 0 14 11 0 17 0 0 20 16 
0 17 19 0 0 21 22 24 0 23 0 4 1 3 2 0 0 0 0 8 12 14 13 15 0 
6 7 0 10 8 0 0 14 0 0 0 0 0 0 17 22 25 24 21 23 2 4 0 0 1 
0 6 0 0 0 10 11 0 14 12 19 18 15 17 0 21 24 23 20 22 0 3 0 0 0 
15 0 18 0 0 20 0 23 0 0 0 3 25 2 0 6 0 8 5 7 11 0 12 0 10 
20 0 23 0 0 25 1 0 4 0 0 0 5 0 6 11 14 13 10 0 16 18 0 19 0 
0 0 0 4 0 5 6 8 9 0 14 13 10 0 11 0 19 0 15 17 21 23 22 0 20 
0 0 13 14 12 0 16 18 0 17 24 0 20 22 0 0 0 0 25 0 6 0 7 0 0 
9 10 12 13 11 14 0 0 0 16 23 0 0 0 0 0 3 0 0 0 0 7 6 0 4 
0 25 0 3 1 4 5 0 0 6 0 0 9 0 0 0 0 17 0 16 0 0 21 23 19 
4 5 7 8 6 9 10 12 0 11 0 0 14 16 15 20 23 0 19 21 25 2 1 3 24 
14 0 0 18 16 19 20 22 23 21 3 2 24 1 25 5 0 7 0 6 10 0 0 13 9 
19 20 0 0 0 0 0 2 3 1 0 7 0 0 5 0 13 0 9 11 0 0 16 0 0 
