5
0 0 24 25 1 0 0 0 0 6 20 22 18 21 19 12 8 0 0 11 15 14 17 16 0 
0 12 9 10 11 0 0 17 13 16 5 0 0 6 4 0 18 19 20 0 25 24 2 0 23 
18 0 0 20 0 25 24 0 23 1 0 0 13 16 14 7 3 4 5 6 10 0 0 0 0 
13 0 0 15 16 0 0 0 18 21 10 12 0 0 0 2 0 24 25 1 0 4 7 6 0 
0 7 4 5 6 10 9 12 0 11 25 0 23 0 24 17 13 14 0 16 0 19 22 21 18 
16 20 17 0 19 23 22 0 21 24 13 0 0 0 0 5 0 2 3 0 8 7 10 9 6 
0 5 2 3 4 8 0 0 6 9 23 25 21 24 22 15 11 0 13 14 0 17 0 0 0 
21 0 22 23 24 0 0 0 1 0 18 20 0 19 0 10 6 7 8 9 13 0 0 14 0 
11 0 0 0 14 18 0 0 16 19 8 0 6 0 7 25 0 0 0 24 3 2 5 4 1 
0 10 7 0 0 13 12 15 0 0 3 5 0 4 2 20 16 17 18 0 0 22 0 0 21 
7 11 0 0 10 14 13 16 12 15 0 6 2 0 3 0 17 18 0 20 24 0 1 25 22 
2 6 3 0 0 0 0 0 0 10 24 0 22 25 23 0 0 0 0 15 19 0 21 20 0 
22 1 23 24 25 0 3 6 2 0 19 21 0 20 18 11 0 8 9 10 14 13 0 15 12 
12 16 13 0 15 0 0 21 17 20 0 11 7 10 0 1 0 23 24 25 4 3 0 5 2 
17 21 0 19 20 24 23 0 22 0 14 0 12 0 0 6 2 3 4 5 9 8 11 10 0 
19 0 20 0 22 1 0 3 24 2 0 18 14 17 15 0 4 5 6 7 11 0 13 12 0 
14 18 15 16 0 21 20 23 19 0 11 13 9 12 10 0 24 25 1 2 0 5 8 7 4 
0 8 5 6 7 0 0 0 9 0 1 3 0 2 25 18 14 0 16 0 0 20 23 0 19 
0 3 25 0 0 6 0 8 4 0 21 0 19 22 0 13 9 10 11 12 16 0 0 17 0 
9 0 0 11 0 0 0 18 0 17 6 8 0 7 5 0 0 0 21 0 0 0 3 2 24 
0 0 16 17 18 0 0 24 20 0 12 0 10 13 0 4 0 0 2 3 0 0 9 8 5 
0 9 6 0 8 12 11 0 0 0 0 0 0 3 0 0 15 0 17 18 0 0 0 0 0 
25 4 0 2 0 7 6 9 5 0 0 24 20 23 0 14 10 11 0 13 17 16 0 0 0 
10 0 0 0 0 17 16 19 0 18 7 0 0 0 0 24 20 0 0 23 2 0 4 0 0 
0 24 21 22 0 0 1 0 25 0 0 19 0 0 16 0 0 0 7 8 0 0 14 13 10 
