5
2 0 0 24 25 0 7 0 0 6 9 0 10 13 0 19 0 23 22 0 15 0 17 0 0 
17 16 18 14 15 23 22 0 20 0 0 2 0 0 1 0 0 0 0 11 0 0 0 6 0 
0 11 13 0 10 18 17 14 15 0 19 22 20 23 0 4 5 0 0 0 25 0 0 0 0 
7 0 0 0 0 13 0 9 10 0 0 17 15 0 16 24 25 3 0 0 0 23 0 21 19 
22 0 23 19 20 0 2 24 0 0 0 7 5 8 6 14 0 18 0 0 10 0 12 11 0 
0 25 0 23 0 7 6 3 4 0 0 11 0 12 0 0 0 0 0 20 0 0 16 15 13 
11 0 12 8 9 17 16 0 14 15 0 0 19 0 0 3 4 0 6 5 24 2 1 0 23 
6 5 0 3 4 12 11 8 0 0 13 16 14 0 15 0 0 0 1 25 0 0 21 20 18 
0 20 22 0 19 0 0 23 24 25 0 6 0 7 5 13 0 0 16 15 9 0 0 10 8 
0 15 0 13 14 0 0 0 19 20 0 1 0 2 25 0 0 12 0 0 4 0 6 5 3 
0 7 9 5 0 0 0 0 0 0 15 18 0 19 17 25 1 4 3 2 21 24 0 22 0 
0 0 19 15 0 24 0 20 21 22 0 3 1 4 2 0 0 14 13 12 6 9 0 0 5 
0 0 4 25 1 9 8 0 6 7 0 13 11 0 12 20 21 0 0 22 16 19 18 17 0 
23 0 24 0 0 4 0 25 0 2 5 0 6 0 7 15 16 19 18 17 0 0 0 12 10 
13 12 0 0 11 19 0 15 0 17 0 23 0 0 0 5 6 9 8 7 0 0 3 2 0 
0 18 20 16 17 25 24 21 0 0 0 4 2 5 3 11 12 15 0 0 0 10 0 0 0 
4 0 0 1 0 10 9 6 7 8 11 14 12 15 13 21 0 25 24 23 17 20 19 18 0 
0 23 0 0 22 5 4 1 2 3 6 0 7 0 8 16 0 20 19 18 12 15 0 0 0 
0 13 15 0 12 20 19 16 17 0 21 0 22 0 0 0 7 10 9 0 0 5 4 0 1 
9 8 10 6 7 0 14 11 0 13 16 19 17 20 18 0 2 0 4 3 0 25 0 0 0 
0 9 11 7 8 0 15 0 13 14 17 0 18 21 0 2 3 6 5 0 23 1 25 24 22 
15 14 16 12 0 0 20 17 0 19 0 0 0 0 24 0 0 0 10 9 3 6 0 0 2 
5 0 6 2 0 0 0 7 0 9 12 15 13 16 0 0 23 1 25 24 0 21 0 19 17 
0 24 1 22 0 0 5 0 0 0 7 10 8 11 9 0 18 21 20 19 0 16 0 0 12 
0 19 21 17 18 1 25 0 0 24 2 0 3 6 4 12 13 0 0 0 0 11 0 0 0 
