5
17 0 18 15 16 1 3 0 0 4 0 8 5 0 9 22 0 20 23 0 0 0 0 12 14 
22 24 23 20 0 0 8 0 5 0 0 13 10 12 0 0 1 25 3 0 16 18 0 0 0 
12 14 13 10 0 0 23 22 0 0 0 3 0 2 0 17 16 0 18 19 6 8 5 7 0 
2 4 0 25 0 11 0 12 0 14 16 18 15 17 0 0 0 5 8 0 0 23 20 22 0 
7 9 8 0 6 0 0 17 0 19 21 23 0 22 24 0 0 10 13 14 0 3 25 0 4 
0 21 20 17 18 0 5 4 0 0 0 10 7 9 0 0 23 0 25 0 13 15 12 14 0 
0 0 0 12 13 23 0 0 22 1 0 0 0 4 6 19 0 17 0 21 8 10 7 0 11 
0 11 10 7 8 18 20 0 0 0 23 25 0 0 1 14 0 0 15 16 0 0 2 4 6 
4 6 5 2 0 13 0 0 0 16 18 20 17 19 21 9 0 0 10 11 23 25 0 24 1 
24 1 25 22 0 8 10 0 0 11 13 15 12 14 16 4 3 2 5 0 0 20 17 0 0 
20 22 21 0 19 0 0 5 3 7 9 0 8 0 12 0 24 23 1 2 0 16 0 15 0 
15 0 16 0 14 24 0 25 23 2 4 6 0 0 7 0 19 18 0 22 0 11 8 0 0 
0 0 0 3 4 14 0 15 13 17 19 0 0 20 0 0 9 0 0 12 0 0 23 0 0 
10 12 0 8 9 0 21 0 18 22 24 1 0 0 2 0 0 13 16 17 4 6 3 5 7 
0 2 1 0 0 0 0 10 0 12 14 0 0 0 17 5 0 3 6 0 19 21 0 0 0 
8 0 0 6 7 17 19 0 16 20 0 0 21 0 25 13 12 0 0 15 0 4 0 3 5 
0 15 14 0 12 0 24 23 21 25 0 4 1 3 0 18 17 16 19 0 7 0 6 0 10 
18 20 0 0 17 2 0 0 1 5 7 9 6 0 10 23 22 21 24 25 12 14 0 0 15 
0 25 24 21 22 7 9 8 6 10 12 14 0 0 15 3 0 1 4 0 0 0 16 18 0 
0 0 4 1 0 12 0 13 0 0 0 19 16 18 20 8 0 0 9 10 22 0 0 23 25 
11 13 0 9 0 0 22 0 19 23 0 2 0 1 3 0 0 14 17 18 0 7 4 6 0 
0 18 0 0 15 25 2 0 24 3 0 0 0 6 8 0 0 0 0 0 10 12 9 0 0 
0 23 22 19 0 5 7 0 4 8 10 12 0 11 13 1 25 24 2 3 15 17 14 16 18 
1 3 2 24 0 0 12 0 9 0 15 0 0 16 18 6 0 0 7 0 20 22 0 21 0 
6 8 0 0 5 15 0 16 0 18 0 22 19 0 0 0 10 9 0 0 25 2 0 1 0 
