5
9 0 11 8 10 17 18 19 0 0 0 16 12 13 0 0 0 1 0 0 4 5 3 6 2 
0 2 0 3 5 0 13 0 16 0 9 11 7 0 10 0 0 21 0 0 0 25 23 1 22 
0 12 16 13 15 22 23 0 1 25 19 0 0 18 20 5 3 0 4 2 0 10 0 11 7 
0 0 1 23 25 0 0 0 11 10 0 0 2 0 0 15 0 0 14 0 19 20 18 0 17 
0 17 21 0 20 2 3 4 0 0 0 1 22 0 25 0 8 11 9 0 14 0 13 0 12 
0 23 2 0 1 0 9 0 12 11 5 7 0 4 6 16 14 0 0 0 20 21 0 22 18 
0 0 22 19 21 3 4 5 0 6 0 2 0 24 0 11 0 0 10 8 15 16 0 17 13 
0 0 0 0 0 18 19 20 22 21 15 17 13 14 16 1 0 2 0 23 5 6 4 7 3 
15 13 0 0 16 0 24 25 2 0 0 0 0 0 21 0 0 7 0 3 0 0 9 12 8 
0 3 7 0 6 0 14 0 0 16 0 12 0 9 11 21 19 22 0 18 0 1 0 0 0 
23 0 25 0 0 6 0 0 10 9 0 5 0 0 0 14 0 15 0 0 18 0 0 20 0 
0 6 10 7 9 16 17 0 20 19 0 15 0 12 14 24 22 0 0 21 3 4 2 5 0 
0 0 20 0 19 0 0 3 5 4 0 25 0 0 24 9 0 0 8 6 13 14 12 0 0 
13 0 15 0 14 0 22 23 25 0 0 0 16 17 0 0 2 0 3 0 0 0 7 0 0 
3 1 5 2 0 11 12 13 15 14 0 0 0 7 9 19 17 20 18 0 23 24 0 0 21 
11 0 13 10 0 0 20 21 23 22 16 0 14 15 0 0 0 0 0 0 6 7 0 8 4 
0 0 23 20 0 4 5 0 8 0 1 3 0 25 2 12 0 0 11 9 16 17 15 18 0 
0 4 8 0 7 0 15 0 18 0 11 13 9 10 12 22 20 0 21 19 1 2 0 3 24 
0 14 18 0 0 24 0 1 3 2 0 23 0 0 22 7 5 0 6 0 11 0 10 13 9 
1 24 0 0 2 0 0 11 13 12 6 8 4 5 0 0 0 18 16 14 0 0 20 0 19 
0 10 14 11 0 0 0 22 0 23 17 0 0 16 18 3 0 4 2 25 7 0 6 0 5 
0 0 4 0 3 0 11 12 14 0 7 9 5 6 8 18 0 19 0 0 22 23 21 24 20 
0 15 19 16 18 25 1 2 0 3 0 0 20 21 23 8 6 9 7 0 12 0 11 0 0 
22 20 0 0 23 5 0 7 9 0 2 4 25 1 3 13 0 0 12 0 17 18 16 19 15 
7 5 0 0 8 15 0 0 0 0 12 14 10 0 0 23 0 24 22 20 0 3 1 4 25 
