5
8 11 0 7 0 0 0 0 0 17 0 22 23 1 0 12 15 14 16 0 2 3 0 0 4 
13 0 14 0 15 25 0 23 0 22 0 0 0 0 4 17 20 0 21 18 7 8 0 11 9 
3 0 4 2 5 15 16 13 0 12 0 17 18 0 19 0 0 9 0 8 22 0 25 1 0 
0 0 19 0 0 5 6 0 0 2 0 7 8 11 0 0 25 0 0 23 12 13 0 0 14 
23 0 0 0 25 0 0 8 9 7 15 0 13 0 0 0 5 0 6 0 17 0 20 21 0 
15 18 16 0 17 2 0 25 1 24 0 0 5 8 6 19 22 0 0 20 0 0 12 13 0 
0 0 1 0 0 12 0 10 11 0 0 14 0 18 16 0 7 6 0 5 0 20 0 23 0 
5 8 0 4 7 0 18 15 16 14 22 0 0 0 21 9 0 11 13 10 0 25 0 0 1 
20 23 21 19 22 7 8 5 0 4 12 0 10 0 11 0 2 1 3 25 14 15 17 18 0 
0 13 11 0 12 0 23 0 21 0 2 0 25 3 0 0 17 16 18 0 4 5 0 8 0 
0 17 15 0 0 0 2 24 0 23 0 3 4 0 5 18 21 0 0 19 0 9 11 12 10 
19 22 0 18 0 0 7 0 0 0 0 0 0 0 10 0 1 0 2 24 13 14 16 17 0 
24 2 25 23 0 11 12 9 10 8 16 13 0 17 0 0 6 5 0 0 0 19 0 22 0 
4 0 5 3 0 0 0 0 15 13 0 18 19 0 20 8 11 10 0 9 23 24 1 2 25 
9 12 10 0 11 21 0 19 20 0 1 23 24 0 0 0 16 0 0 14 0 4 0 7 5 
0 0 3 1 4 0 15 0 13 11 0 16 0 20 0 0 9 8 0 0 21 22 24 0 0 
0 20 18 16 19 4 5 2 3 0 0 6 0 10 0 21 0 23 0 22 11 12 0 15 13 
0 10 0 6 9 0 0 17 0 0 0 0 0 0 23 0 0 13 0 0 1 2 4 0 0 
12 0 0 0 14 24 0 22 0 21 4 0 2 5 0 0 0 18 0 0 6 7 9 10 8 
22 25 0 21 24 9 10 0 0 6 0 11 12 15 13 1 0 3 5 2 16 0 0 0 18 
6 9 0 0 0 18 19 16 17 15 23 20 21 24 22 10 13 12 14 11 0 0 3 0 0 
1 4 2 25 0 13 0 0 0 10 18 0 16 19 17 5 8 7 9 6 20 0 0 0 0 
21 24 22 20 23 8 0 6 0 0 13 10 0 0 12 25 3 0 4 0 15 16 18 0 0 
16 0 17 0 18 3 4 0 2 25 8 5 0 9 7 20 23 0 0 21 10 11 13 14 12 
11 14 12 10 13 23 0 21 0 20 0 25 0 4 2 0 18 17 0 16 5 0 0 0 7 
