5
0 0 2 4 25 0 0 9 7 0 21 24 23 20 0 15 19 16 18 17 14 12 10 13 11 
13 11 12 0 0 0 15 19 17 0 6 9 0 5 0 25 4 1 3 2 24 22 20 23 21 
0 6 7 0 0 13 0 14 12 11 0 4 3 0 2 0 24 21 23 22 19 17 15 0 16 
18 16 0 0 15 23 20 0 22 21 11 0 13 0 0 0 0 6 8 0 4 2 25 3 1 
23 21 0 24 20 0 25 0 2 1 16 0 18 15 17 10 0 0 0 12 9 7 5 8 0 
0 23 24 1 0 5 0 0 4 3 18 0 20 17 19 12 0 13 15 0 11 0 7 10 0 
5 3 0 0 0 0 0 11 9 0 0 0 25 22 24 17 21 18 20 0 16 14 0 15 0 
0 18 19 0 17 25 22 0 24 0 13 16 15 12 14 7 11 8 10 9 6 0 0 5 3 
0 13 0 16 12 20 17 0 0 18 0 0 0 7 9 2 6 3 5 0 1 24 22 25 0 
0 8 9 0 7 15 0 16 0 13 3 6 5 2 4 0 0 0 25 24 21 0 17 20 18 
14 12 13 0 11 0 0 20 18 17 7 0 0 6 0 0 0 2 4 3 0 0 0 24 0 
9 0 0 0 6 14 11 15 0 0 0 5 4 1 3 21 25 0 24 23 0 18 16 0 0 
0 2 3 0 1 9 0 10 0 7 22 0 0 0 0 0 20 0 19 18 15 13 0 0 0 
24 22 23 0 21 4 1 0 0 0 0 20 0 16 0 11 0 0 0 0 10 0 6 9 0 
19 0 0 20 0 24 21 25 0 0 12 15 0 0 0 6 0 7 9 8 5 3 1 4 2 
16 0 15 17 13 0 18 22 20 0 0 12 0 8 10 0 0 4 6 0 2 0 23 1 24 
21 19 0 22 0 1 0 2 25 24 0 0 0 13 15 0 0 0 11 10 0 0 3 0 4 
11 9 0 12 8 16 13 17 15 14 0 7 6 3 5 23 2 0 1 25 0 0 18 21 19 
6 4 5 7 0 11 8 0 10 0 24 2 1 0 0 18 22 19 21 20 0 0 0 0 0 
1 24 25 2 23 6 0 7 5 0 0 22 0 18 0 0 0 0 16 0 12 10 0 0 9 
0 0 16 18 0 22 0 23 0 20 10 13 12 0 0 4 0 5 0 6 0 1 0 2 25 
12 0 0 13 9 0 14 18 0 15 5 0 0 4 6 0 0 25 2 0 23 21 0 22 20 
2 0 0 0 24 7 4 0 6 0 0 23 22 19 21 14 0 15 17 0 13 0 9 12 10 
0 0 0 8 4 12 9 13 11 10 0 3 2 0 0 19 0 20 22 21 18 0 14 0 15 
22 20 21 0 19 0 24 3 0 25 0 18 17 0 16 0 13 0 0 11 0 6 0 0 5 
