5
7 0 8 5 0 0 19 0 17 15 25 0 2 0 4 24 0 20 21 23 0 11 0 0 10 
0 1 0 25 4 11 14 13 0 10 20 21 22 0 24 0 17 0 0 18 8 6 7 9 5 
22 21 23 20 24 6 9 8 7 5 0 0 0 18 19 14 12 10 11 0 0 1 0 4 25 
0 0 18 15 19 0 4 0 0 0 0 0 0 13 14 9 0 0 6 8 23 21 22 0 20 
12 0 0 10 14 21 0 23 0 0 5 6 0 8 0 4 0 25 0 3 0 16 17 19 0 
3 0 0 0 0 12 15 0 0 11 0 0 23 24 25 0 18 0 17 19 9 7 0 0 0 
8 0 9 0 10 0 20 0 18 0 1 2 3 4 5 0 23 0 0 24 14 0 0 0 0 
0 12 14 11 0 0 0 24 0 21 6 7 8 9 10 0 0 1 0 4 19 17 18 20 0 
23 22 0 21 0 0 10 9 8 0 0 17 0 19 0 15 0 11 12 14 4 2 0 0 0 
0 0 0 0 0 2 5 4 3 1 11 12 0 14 0 10 0 6 0 9 0 22 0 25 0 
10 0 0 8 0 19 22 21 20 18 0 0 5 6 0 2 25 0 24 1 16 14 0 17 0 
25 0 0 0 0 9 0 11 10 0 18 0 0 0 0 0 15 13 0 0 0 0 0 7 3 
0 14 0 13 17 24 0 1 25 23 8 9 0 11 12 7 5 3 0 0 0 0 0 22 18 
0 19 0 0 0 4 0 0 5 3 0 0 15 16 0 12 10 8 9 11 0 0 0 0 23 
0 4 6 0 0 14 17 0 0 13 23 24 0 1 2 22 0 0 19 0 11 9 10 0 0 
0 0 25 0 1 0 11 10 9 7 0 0 19 0 21 16 0 0 0 15 5 0 4 0 0 
0 8 0 7 11 18 21 20 19 0 2 3 0 5 6 1 24 22 0 25 0 13 14 16 12 
4 0 0 2 6 13 16 15 14 12 22 0 24 25 1 21 0 17 18 0 0 8 9 11 0 
0 18 0 17 21 0 0 0 0 2 12 0 14 15 0 11 9 0 8 10 25 0 24 0 22 
0 0 15 12 0 23 1 25 24 0 0 8 9 10 0 0 4 0 0 5 0 0 0 21 0 
1 25 0 24 3 0 0 12 11 9 19 0 0 0 23 18 0 14 0 17 0 5 6 0 4 
0 5 7 4 8 15 0 0 16 14 24 25 1 0 0 23 21 19 0 22 12 10 11 13 0 
21 20 0 19 23 5 0 7 6 0 0 15 16 17 18 13 0 9 0 12 0 25 0 3 0 
0 15 0 14 18 25 3 0 1 0 9 10 0 0 0 8 0 4 0 7 0 0 0 23 19 
11 0 0 9 13 20 23 0 0 19 0 5 6 0 8 3 1 24 0 0 17 15 0 18 0 
