5
19 20 0 21 0 0 0 22 24 0 10 11 8 9 7 5 3 2 6 0 15 0 0 14 0 
9 10 8 11 0 0 0 0 14 13 0 0 23 24 22 20 18 17 0 19 5 3 2 0 6 
0 25 23 0 22 5 6 2 0 3 15 16 0 14 12 0 0 7 11 9 20 0 17 0 21 
4 5 3 6 0 10 0 7 0 8 0 0 18 19 17 15 0 0 0 0 25 23 22 24 1 
0 15 13 0 12 20 0 17 0 0 0 6 3 4 2 25 23 0 1 24 0 0 7 0 11 
0 0 15 0 0 0 0 19 0 20 0 0 0 6 4 2 25 0 3 1 12 0 0 11 0 
0 0 5 0 4 0 13 0 0 10 22 23 20 21 19 0 15 14 0 16 2 25 0 0 3 
11 0 10 13 0 17 0 14 0 15 2 3 0 1 24 22 0 19 0 21 7 5 0 0 8 
21 22 20 0 19 2 3 0 1 25 12 0 0 11 0 7 0 4 0 0 17 15 0 0 18 
1 0 0 0 24 0 8 4 0 0 17 18 15 16 14 0 0 9 13 0 22 20 0 0 23 
5 6 4 7 3 11 12 0 0 9 21 22 19 20 0 16 14 13 17 15 0 0 0 0 0 
20 21 0 22 0 1 2 23 25 24 11 12 9 10 8 6 4 3 0 5 0 14 0 0 17 
0 11 9 12 8 16 17 0 15 14 0 0 24 25 0 21 19 18 0 0 6 4 3 5 7 
15 0 0 17 0 21 0 0 0 0 6 7 4 0 3 1 0 0 2 0 0 0 8 0 12 
0 1 24 0 23 0 7 3 5 0 0 0 14 0 13 11 9 8 0 10 21 0 0 20 0 
0 14 12 15 11 19 20 16 0 0 4 5 2 3 1 0 0 0 0 23 0 7 0 8 0 
8 0 7 0 6 0 15 0 13 12 24 25 0 23 21 0 17 16 20 18 0 2 1 3 5 
0 4 0 5 0 9 0 6 8 7 0 20 17 18 16 0 12 0 0 0 0 22 21 0 0 
23 24 22 25 0 4 0 0 0 2 0 15 0 13 11 0 7 6 0 8 19 17 16 0 20 
18 0 0 20 0 0 25 0 23 22 9 0 7 0 6 4 2 1 0 3 14 0 0 13 15 
0 0 21 0 20 0 4 25 2 1 0 0 11 0 10 8 6 5 9 0 0 16 0 17 0 
12 0 11 14 0 18 0 15 0 16 0 4 1 0 25 0 0 20 24 0 8 6 0 7 9 
2 3 1 4 0 8 9 5 0 6 0 19 0 0 15 13 0 10 0 12 0 21 20 22 24 
7 8 6 9 5 13 14 10 12 11 23 24 0 0 0 18 0 0 19 17 3 1 25 0 4 
17 0 0 0 15 23 24 20 0 0 0 0 0 0 0 0 1 25 4 0 13 11 10 12 0 
