5
16 15 17 18 0 24 0 0 1 0 7 0 0 0 6 10 0 0 0 9 19 20 23 22 21 
6 5 7 8 0 0 17 18 16 15 0 0 19 20 21 25 0 1 3 0 0 10 13 12 0 
11 10 12 0 9 19 0 23 21 20 0 0 24 0 1 5 7 6 8 4 14 15 18 0 0 
21 20 0 0 0 0 0 8 6 5 12 13 0 10 11 15 17 0 18 14 0 25 3 2 1 
1 0 2 3 24 9 0 0 11 0 0 18 14 0 0 0 22 21 23 0 0 5 0 0 0 
10 9 0 12 0 0 21 22 0 0 0 2 0 0 25 4 6 0 7 3 13 14 0 16 15 
0 19 21 22 18 0 6 0 5 0 11 12 8 9 0 14 0 15 17 0 23 0 2 0 25 
0 14 16 0 13 0 0 0 25 24 6 7 3 0 5 0 0 10 0 8 18 19 0 0 20 
25 24 1 0 0 8 0 12 0 0 0 0 13 0 15 19 21 0 22 18 0 4 7 0 5 
5 4 0 0 3 0 16 0 0 14 0 22 0 19 20 24 0 25 0 0 8 0 0 11 0 
0 23 25 1 22 7 10 0 9 0 15 16 12 13 0 0 20 19 0 17 2 0 0 0 4 
4 3 0 6 2 12 15 16 0 13 0 21 17 18 0 0 25 0 1 22 7 0 11 0 0 
19 18 20 0 0 0 0 6 4 3 10 11 0 8 0 0 15 14 16 0 22 23 1 25 24 
14 13 0 16 12 0 25 0 24 23 5 0 0 3 4 0 10 9 11 7 17 18 21 20 19 
9 8 0 0 7 17 20 0 0 18 0 0 0 0 24 0 5 4 0 2 0 13 16 15 0 
7 6 8 0 0 15 18 19 0 0 23 24 0 21 22 1 3 2 0 25 10 0 14 13 0 
22 21 23 24 0 0 8 0 0 0 0 14 10 11 12 16 0 17 19 15 0 0 0 0 2 
12 0 0 0 10 20 23 0 22 21 3 0 25 1 0 6 0 7 9 5 0 0 19 18 17 
0 0 3 4 25 10 13 14 12 11 18 0 15 16 0 0 23 0 24 0 0 0 0 8 7 
0 16 0 19 15 25 3 4 2 0 0 0 5 0 7 0 13 0 0 0 0 0 24 23 22 
0 2 0 5 0 11 14 0 13 12 19 20 0 0 18 0 24 0 25 0 6 7 0 9 0 
0 0 14 15 11 0 24 25 0 0 4 5 1 0 3 0 0 8 0 0 0 17 20 19 18 
8 7 0 10 0 0 19 20 0 17 24 0 21 22 23 0 4 0 0 1 11 12 15 14 13 
0 22 24 25 0 6 9 10 8 7 0 15 11 12 0 17 0 0 20 16 1 2 5 4 0 
18 17 19 0 16 1 0 5 0 0 9 0 6 7 8 12 0 13 0 11 21 0 25 24 23 
