5
0 13 0 0 0 25 0 2 24 3 0 0 20 23 19 0 7 6 5 8 0 16 14 17 0 
0 18 17 14 16 0 6 7 4 8 1 2 0 3 24 9 12 11 10 13 20 21 19 0 23 
5 8 0 0 0 20 0 22 19 23 0 0 0 18 14 24 2 0 0 3 10 11 9 12 0 
20 23 22 19 21 0 11 12 9 13 6 0 5 8 4 0 0 0 15 0 25 0 0 0 0 
25 3 2 0 1 15 16 0 14 18 0 0 0 13 0 19 0 21 0 23 0 6 0 0 8 
0 9 8 5 7 21 22 0 20 0 17 0 0 0 15 25 3 2 1 0 11 12 0 13 14 
11 0 13 0 0 1 2 0 0 0 22 23 21 24 20 5 8 0 0 9 16 17 15 0 0 
1 4 3 25 2 16 17 0 15 19 0 13 11 14 10 20 23 0 0 0 6 7 5 8 0 
21 24 0 20 0 11 0 13 0 14 0 8 6 9 0 15 0 0 0 19 1 2 25 3 4 
16 19 0 15 17 6 7 0 5 9 2 0 1 0 0 0 13 0 11 0 0 0 0 23 24 
3 6 5 2 4 18 0 20 17 21 14 15 0 0 12 22 0 0 0 1 8 9 7 10 11 
0 21 20 17 19 8 9 10 0 0 0 5 0 6 0 12 15 14 13 16 0 24 22 25 0 
8 0 0 7 9 23 0 25 0 0 0 20 18 0 17 2 5 4 3 6 0 14 0 15 16 
13 16 0 12 14 3 0 0 2 0 24 25 0 0 22 7 0 9 8 11 18 19 17 0 21 
23 0 0 0 24 0 0 15 0 16 9 10 0 0 7 17 20 19 18 21 3 4 2 5 0 
14 17 0 0 0 4 5 0 0 7 25 1 24 2 23 8 11 10 9 0 0 0 0 21 0 
24 0 1 23 25 14 0 0 13 17 10 11 9 12 8 18 21 20 19 22 4 5 3 0 7 
4 0 0 0 0 0 0 21 18 0 15 16 14 17 0 23 1 25 0 2 0 10 0 11 12 
0 12 11 8 0 0 0 1 23 2 20 21 0 22 18 3 6 5 4 7 14 0 13 16 17 
19 0 21 0 0 9 0 0 8 12 5 6 4 0 3 13 16 15 0 17 24 25 0 1 0 
0 0 0 0 0 2 3 0 0 5 23 24 0 0 0 6 9 0 7 10 0 0 16 0 20 
7 10 0 6 8 22 0 0 21 25 18 19 17 0 0 1 0 0 2 5 0 13 0 14 0 
0 0 4 1 0 17 18 0 16 20 0 14 0 0 11 21 24 0 22 0 7 0 6 9 10 
17 0 19 16 18 7 8 9 6 0 0 0 2 5 1 11 0 13 12 15 22 0 0 24 0 
0 25 0 0 23 12 0 14 0 0 8 9 7 10 6 16 19 18 0 20 0 3 1 4 5 
