5
11 0 12 0 10 0 8 7 0 4 0 0 0 0 0 0 24 0 0 3 0 15 0 17 16 
6 0 7 0 0 1 0 0 25 24 17 0 0 0 16 0 0 21 22 0 13 10 9 0 0 
0 23 0 19 20 16 0 0 0 0 7 8 5 0 6 10 0 11 12 0 3 25 24 2 0 
0 3 2 24 25 0 0 22 0 19 12 13 10 9 0 0 14 16 0 18 8 0 4 7 0 
0 18 0 14 15 11 0 0 0 0 2 0 0 24 1 5 0 0 7 8 23 20 19 22 0 
17 0 0 15 0 0 14 0 11 0 3 4 1 25 2 6 5 0 8 9 24 0 20 23 0 
12 0 13 0 11 0 0 8 6 5 0 24 21 0 0 1 0 2 0 4 0 0 15 0 0 
2 4 3 25 1 22 24 0 0 20 13 0 11 10 12 0 15 0 18 19 9 6 0 8 7 
22 24 23 20 0 0 19 18 16 15 8 9 6 5 7 0 10 0 13 14 0 1 0 3 2 
0 9 8 5 6 2 0 3 0 25 18 19 16 15 17 21 0 22 23 0 14 11 10 13 12 
10 12 11 0 0 5 0 6 4 0 0 22 19 18 0 24 0 25 1 0 17 14 0 16 15 
20 22 21 0 0 0 17 0 14 13 0 7 0 0 5 9 0 10 0 0 0 24 23 1 25 
15 0 0 13 0 0 0 11 9 0 1 2 0 0 25 0 3 0 0 7 0 19 0 21 20 
0 7 0 3 0 25 0 1 24 0 16 17 0 0 0 19 18 20 21 0 12 9 0 11 10 
0 2 1 23 24 0 22 21 19 18 11 0 9 8 10 14 13 15 16 17 7 4 0 6 5 
3 0 0 1 2 0 25 0 0 21 14 0 0 0 13 17 16 18 0 20 10 7 6 9 0 
23 25 24 0 22 0 20 0 17 16 9 0 7 0 8 12 11 13 0 15 5 2 0 4 0 
0 0 19 0 17 13 15 0 12 11 0 5 2 0 3 0 0 0 0 10 25 0 21 24 0 
8 10 9 6 7 0 0 4 2 0 19 20 0 0 18 22 21 0 0 0 0 0 11 0 13 
0 15 0 11 12 0 10 9 0 6 0 25 0 21 23 0 1 0 4 5 20 17 16 19 18 
0 0 25 0 0 19 21 20 0 17 0 11 8 0 0 13 0 0 15 16 0 3 2 5 4 
19 21 20 0 18 0 16 15 0 12 5 6 0 2 4 8 0 0 0 0 1 0 22 0 0 
0 0 15 12 13 9 11 0 8 7 25 1 23 22 24 3 0 4 0 6 21 18 17 20 19 
4 6 0 0 0 0 1 0 0 22 0 16 13 12 0 18 0 19 0 21 11 0 0 10 9 
9 11 0 7 0 4 6 5 3 2 20 21 0 0 0 0 22 0 25 0 0 0 12 15 0 
