5
16 0 0 17 0 11 13 9 0 12 8 4 0 5 0 22 0 20 23 21 3 0 2 0 25 
1 3 0 2 0 21 23 0 20 22 18 14 17 0 16 7 4 0 8 6 0 0 0 0 10 
6 8 0 7 5 1 3 24 0 2 0 0 22 20 21 12 9 10 13 11 0 14 0 16 0 
0 23 19 0 0 0 0 14 0 0 13 9 0 10 11 2 24 25 3 1 0 4 0 0 5 
11 0 0 0 10 6 0 0 0 7 3 24 2 25 1 17 14 15 0 16 0 0 22 21 0 
15 17 13 16 0 0 0 0 0 11 7 0 0 0 0 0 18 19 0 20 2 23 1 25 0 
10 12 8 11 9 5 7 3 0 6 0 23 1 0 25 16 13 0 0 0 22 0 0 0 19 
0 7 0 6 0 25 2 23 24 0 22 18 21 19 20 11 0 0 0 0 17 0 16 15 14 
20 22 18 21 19 15 17 13 14 16 12 0 0 9 0 1 23 24 2 25 0 0 6 5 4 
25 2 0 1 0 20 0 0 19 21 0 13 16 14 15 6 3 4 0 0 12 8 11 0 9 
23 25 0 0 0 18 0 16 17 19 15 11 0 0 0 0 0 2 5 0 10 0 9 8 0 
18 20 0 0 0 0 15 11 0 14 10 6 9 7 8 24 21 22 0 23 0 1 0 3 2 
13 0 11 0 0 8 10 6 7 0 5 0 4 0 3 0 16 17 20 0 25 0 24 23 0 
3 5 0 0 0 23 25 21 0 0 20 16 0 0 0 0 0 7 10 0 15 11 14 13 0 
0 10 6 9 7 3 5 1 0 4 25 0 24 0 23 14 11 12 15 13 0 0 0 0 17 
0 0 0 0 16 12 14 0 0 0 9 5 8 0 7 23 0 0 0 0 4 25 0 2 1 
0 4 0 3 0 0 0 0 21 0 19 0 18 16 0 0 5 6 9 0 14 10 0 12 11 
7 9 0 8 0 2 0 0 1 3 24 20 23 0 0 0 10 11 14 0 19 0 0 0 16 
0 14 0 13 11 0 9 0 6 0 4 25 0 1 2 18 0 16 19 17 24 0 0 22 0 
22 24 20 23 21 17 19 15 16 0 14 0 0 0 12 3 25 1 4 0 9 5 8 0 0 
14 0 12 15 0 0 11 7 8 0 6 2 5 0 0 20 17 18 0 0 1 22 0 0 23 
24 1 0 25 0 0 21 17 18 0 0 0 15 13 0 0 2 3 6 0 11 0 10 9 0 
0 6 0 5 3 24 1 22 23 0 0 0 20 18 19 0 0 8 11 9 16 12 0 14 13 
0 0 7 0 8 0 0 2 3 5 0 0 25 0 0 15 12 13 0 14 21 0 0 19 0 
19 21 0 0 18 14 0 0 0 15 11 7 10 0 0 25 22 23 0 24 6 2 5 4 3 
