5
15 0 16 17 18 11 0 0 10 9 0 7 4 8 5 0 1 24 2 25 21 19 0 20 22 
0 4 6 0 8 1 0 2 25 24 21 0 0 0 20 18 0 0 17 0 11 9 0 10 0 
0 19 0 22 0 16 18 17 0 0 11 12 0 0 10 8 0 0 7 0 1 24 3 25 0 
25 24 0 2 0 21 23 22 20 0 16 0 0 18 15 13 11 0 12 0 6 4 0 5 7 
0 9 0 12 13 6 8 7 0 0 1 2 24 0 25 0 21 0 22 0 16 0 18 15 0 
23 22 24 25 0 19 21 20 0 17 14 15 12 16 13 0 9 7 0 0 0 2 6 3 5 
0 2 4 0 6 24 1 25 0 22 19 20 17 0 18 16 14 12 0 13 9 7 0 8 10 
8 0 0 0 0 0 6 0 3 2 0 25 22 1 23 21 19 0 20 0 14 12 0 13 0 
18 17 19 20 0 0 16 15 0 0 9 0 0 11 8 0 4 2 5 3 24 0 1 0 0 
13 12 14 15 16 0 11 0 8 7 4 5 0 0 3 1 24 22 25 23 19 17 21 18 0 
0 1 3 4 5 23 25 24 0 0 18 19 16 0 0 0 13 0 14 12 8 6 0 7 9 
0 0 0 9 10 3 5 0 0 0 0 24 0 25 22 20 18 0 19 0 13 11 15 12 14 
17 16 0 19 0 13 15 14 12 0 8 9 0 10 7 5 3 1 0 0 23 0 0 0 0 
12 11 13 0 0 0 10 0 7 6 0 4 0 0 0 25 0 21 0 22 18 16 20 17 0 
0 21 0 24 25 0 0 19 17 0 13 0 11 15 12 10 8 0 9 0 3 0 5 2 4 
4 0 5 6 7 25 2 1 24 0 0 21 0 22 19 17 15 13 16 0 0 0 12 0 11 
14 0 0 0 17 10 0 0 0 8 0 6 3 7 4 2 25 0 0 0 0 0 22 0 21 
9 0 10 11 12 5 0 0 0 3 25 1 23 2 0 22 20 0 21 0 0 13 17 0 16 
24 23 0 1 0 20 0 21 19 0 15 16 13 17 14 12 10 0 11 0 5 3 7 4 6 
19 0 20 0 22 15 0 16 0 0 0 0 8 0 0 0 0 3 6 0 25 0 0 0 1 
11 10 0 13 14 7 0 8 6 0 2 3 0 4 1 24 22 0 23 0 0 15 0 16 18 
0 0 22 23 24 17 19 0 16 15 0 13 0 14 11 9 7 5 8 6 2 25 4 1 0 
16 15 0 0 19 0 14 0 0 10 0 0 5 9 6 0 2 25 3 1 0 20 0 0 23 
6 5 7 8 9 0 4 3 1 25 22 0 20 0 21 19 17 15 18 0 12 0 14 11 13 
0 25 0 3 4 22 0 23 21 0 17 0 15 19 16 14 0 0 13 0 0 5 9 6 0 
