5
0 9 10 0 8 15 13 17 16 0 20 22 18 19 21 0 0 1 24 23 0 7 6 3 5 
6 4 5 7 3 10 0 12 0 0 0 17 0 14 16 0 0 21 19 18 24 0 0 0 0 
1 0 25 2 23 5 0 0 6 0 10 12 0 9 11 0 0 16 0 13 19 22 0 18 20 
16 14 15 17 0 20 18 22 21 19 25 2 23 0 1 5 7 6 4 0 0 0 11 8 0 
21 19 0 0 0 25 23 2 1 0 0 7 0 4 6 0 12 11 9 0 14 0 0 13 0 
25 0 24 0 0 0 2 0 5 0 9 11 0 0 0 0 16 15 13 12 18 21 20 17 0 
5 3 4 0 2 0 7 0 10 8 14 16 12 0 15 0 21 0 18 17 23 0 0 22 0 
15 13 14 16 0 19 0 21 0 18 24 1 0 23 0 0 0 0 3 2 0 11 10 0 9 
20 18 19 21 17 0 0 0 0 23 4 6 2 3 5 0 11 0 8 7 0 16 15 12 14 
10 8 9 0 7 14 0 16 15 13 0 0 17 0 20 0 1 0 0 22 3 6 0 0 4 
17 15 0 18 14 21 0 23 0 0 1 3 24 25 2 6 0 0 0 0 10 13 0 0 11 
7 0 6 8 4 11 9 0 0 0 16 18 14 0 0 0 0 22 20 0 25 3 0 24 1 
22 0 21 23 19 1 24 0 2 25 6 8 4 0 7 0 13 12 10 0 0 18 0 14 0 
2 25 1 3 0 0 4 8 7 0 11 0 9 10 12 16 18 17 15 0 0 23 22 19 0 
12 10 0 13 9 0 14 18 17 0 21 0 19 0 22 1 0 0 0 24 0 0 7 0 0 
24 0 23 0 21 3 0 5 4 2 8 0 6 7 9 13 15 14 0 11 17 0 19 16 18 
19 0 18 0 16 0 0 0 24 22 0 0 1 2 4 0 10 9 0 6 12 15 14 11 13 
0 2 0 0 1 0 6 0 9 7 0 0 0 12 14 18 0 19 0 0 22 25 24 0 23 
0 12 13 15 11 0 16 20 19 0 0 0 0 0 0 0 5 4 2 1 0 10 0 6 0 
9 7 8 10 6 13 0 15 14 12 0 20 16 17 0 23 0 24 22 21 2 5 4 0 3 
0 6 7 9 0 0 10 0 13 11 17 0 0 16 18 22 24 0 21 20 0 0 0 25 2 
23 21 22 24 0 0 25 4 3 0 0 9 0 6 0 12 0 13 11 10 16 0 18 15 0 
18 16 17 19 0 0 20 24 23 21 2 4 25 1 0 7 9 0 6 0 11 14 13 0 12 
0 11 0 0 0 17 0 0 18 0 22 24 0 21 23 0 4 3 0 25 6 0 8 0 7 
3 1 2 4 25 0 5 0 0 6 0 0 10 11 13 17 0 18 16 0 21 24 23 0 22 
