5
20 0 0 21 23 11 0 10 0 0 0 0 0 17 0 8 6 0 0 7 1 25 2 0 3 
0 12 14 11 13 1 2 0 3 4 0 0 0 7 6 23 0 24 20 22 16 15 0 19 18 
25 0 0 1 3 16 0 15 18 19 0 0 20 22 21 13 0 0 10 12 0 5 7 0 8 
15 17 19 16 18 6 0 5 8 0 14 13 10 12 0 3 1 4 25 0 21 20 22 24 23 
5 7 0 6 8 0 0 20 0 0 0 3 25 0 1 18 0 0 15 17 11 10 12 14 13 
0 0 18 15 0 5 0 0 0 8 13 0 9 11 10 0 0 0 24 1 20 19 21 0 22 
19 21 0 0 22 0 0 9 12 13 18 17 0 16 15 7 0 8 4 6 25 0 1 0 0 
9 11 13 10 0 0 1 0 0 0 8 0 0 0 5 22 0 23 19 0 15 0 16 0 17 
0 1 0 0 2 0 0 0 17 18 0 22 0 21 20 12 10 13 9 11 0 4 0 0 0 
0 0 8 5 7 0 0 0 0 0 0 2 24 0 25 0 0 18 14 16 10 9 11 0 12 
23 0 2 24 0 0 15 13 0 0 22 21 18 20 19 0 9 0 8 10 4 3 5 0 6 
8 0 0 0 0 0 25 0 1 0 7 0 0 5 0 0 19 22 18 0 14 13 15 17 16 
0 0 0 19 21 0 10 0 0 0 0 16 13 15 0 0 4 7 0 0 0 0 25 2 0 
0 0 7 4 0 0 0 0 0 0 2 0 23 25 24 16 14 17 13 0 0 8 10 12 0 
0 15 0 0 0 0 5 3 0 7 0 11 8 10 9 1 0 0 23 25 19 18 0 22 21 
17 0 21 18 20 0 0 7 10 11 0 15 0 0 0 0 3 6 0 0 0 22 24 0 25 
0 24 0 0 0 0 14 12 15 16 21 0 0 19 0 0 0 11 7 9 3 2 4 0 0 
12 14 0 13 0 3 4 2 0 6 11 10 7 0 8 25 0 1 22 24 0 17 19 0 20 
2 4 0 0 5 0 19 17 20 21 0 25 0 24 23 0 13 16 0 14 0 7 0 11 10 
7 9 0 8 0 23 24 0 25 0 0 5 2 0 3 0 0 0 0 0 0 12 14 16 15 
0 8 0 0 9 22 23 0 0 25 5 4 1 0 2 0 17 20 16 0 12 0 0 15 14 
16 0 20 0 19 7 0 0 0 0 0 14 11 13 12 0 0 5 1 0 0 21 23 25 24 
0 0 0 0 4 0 18 0 19 0 25 0 21 23 22 0 0 15 11 13 7 6 0 0 9 
0 23 25 22 24 12 13 11 14 15 20 0 16 18 17 9 7 10 0 8 2 0 0 0 0 
11 0 0 12 14 2 0 1 0 5 10 9 0 8 7 0 0 25 0 23 17 16 0 20 0 
