5
0 0 17 0 14 18 0 0 20 0 0 0 0 0 7 8 0 0 0 11 0 25 23 1 24 
0 0 2 25 0 0 0 6 5 7 13 16 14 15 17 18 22 19 0 21 0 10 0 0 9 
6 3 7 5 4 0 0 11 10 0 0 0 19 0 22 0 2 24 25 0 0 15 0 16 0 
21 18 22 0 0 23 24 1 25 2 8 0 9 10 12 0 17 0 15 16 7 5 0 6 4 
11 8 0 0 0 13 0 16 15 0 23 0 0 25 0 3 7 4 0 0 22 0 0 0 0 
13 0 0 12 11 0 16 0 17 0 0 0 1 0 0 5 9 0 7 0 24 22 20 0 0 
0 0 24 0 0 0 1 3 2 4 0 0 0 12 14 0 19 0 0 0 9 0 5 8 0 
0 0 4 2 0 5 0 0 7 9 0 0 16 17 0 20 24 0 22 0 0 12 10 13 11 
8 0 9 7 0 10 11 13 0 0 0 23 0 0 0 25 0 0 2 3 19 0 0 18 0 
0 15 0 0 0 20 0 23 22 24 5 0 0 7 9 10 0 11 0 0 0 0 25 3 0 
12 9 0 0 0 14 0 0 0 18 24 2 0 1 0 4 0 0 0 0 0 0 19 0 0 
2 0 0 1 0 0 0 7 0 0 0 17 15 0 18 0 0 20 0 22 0 11 0 12 0 
0 4 8 0 0 0 0 12 0 0 0 22 20 21 0 24 0 0 0 2 18 16 0 0 0 
0 19 23 21 20 0 25 2 0 3 9 0 10 0 0 14 18 15 16 17 0 6 4 7 0 
0 14 18 16 0 0 20 22 0 0 4 7 5 0 0 9 0 0 0 0 0 1 0 2 0 
25 0 1 24 23 0 0 5 4 6 0 15 0 14 16 17 0 0 19 20 11 9 7 10 0 
0 17 0 19 18 22 0 0 24 1 0 0 8 9 11 12 0 0 14 15 0 0 0 5 0 
5 2 0 4 3 0 8 10 9 11 0 0 0 19 0 0 1 23 24 0 16 0 12 15 13 
10 7 11 9 0 12 0 0 14 16 0 0 0 24 1 2 0 3 4 0 0 19 17 0 0 
15 12 0 14 0 17 18 20 19 21 2 0 3 4 0 0 0 8 0 0 1 24 0 0 0 
19 16 20 18 17 0 22 24 0 0 0 0 7 8 10 11 15 12 13 14 5 0 1 4 2 
24 0 0 23 22 1 2 4 3 5 11 14 12 13 0 16 0 0 0 0 10 8 0 0 0 
0 0 10 0 7 11 0 14 0 0 21 24 0 0 0 0 0 0 0 4 20 18 16 19 17 
0 11 15 13 12 0 0 0 0 20 0 4 0 3 5 0 10 0 0 0 0 0 21 0 22 
4 1 5 0 0 6 7 9 8 10 16 19 17 0 0 0 0 22 23 24 0 0 0 0 12 
