5
24 2 25 0 0 0 0 4 3 6 13 16 0 14 17 0 20 0 0 21 11 8 12 0 0 
9 0 10 11 8 0 15 0 0 16 23 0 25 24 0 7 0 0 0 0 0 18 0 0 0 
0 0 15 16 0 22 20 19 0 21 3 6 0 4 0 12 10 9 0 0 0 23 0 24 0 
0 7 5 6 3 0 0 0 8 0 0 21 0 0 0 2 25 0 0 1 16 13 0 14 0 
0 22 20 21 0 2 0 24 23 0 0 0 10 0 0 17 0 14 13 0 6 3 0 0 0 
0 0 7 8 0 14 0 11 10 13 0 23 22 21 0 0 0 1 0 0 0 0 0 16 0 
1 0 0 3 0 9 0 6 0 8 15 0 17 16 0 0 0 21 0 23 0 0 14 0 0 
0 19 17 0 15 24 22 21 20 0 0 8 0 0 9 0 12 11 0 13 0 0 4 0 2 
0 24 0 23 0 4 2 1 0 3 0 13 0 0 0 19 17 0 0 0 0 5 0 0 0 
11 14 12 13 0 0 0 16 15 0 0 3 2 1 4 0 0 6 0 8 0 0 0 21 0 
25 3 0 2 24 0 0 5 4 7 0 0 16 15 0 0 0 0 19 22 12 9 0 10 11 
0 0 16 0 14 23 0 0 19 22 4 0 0 0 0 0 0 10 9 12 2 24 3 0 0 
5 0 6 7 4 13 11 10 9 12 19 0 21 20 0 3 0 25 24 2 0 14 18 15 0 
0 23 21 22 19 0 0 0 24 2 9 12 11 10 0 18 16 15 0 17 7 4 8 0 0 
0 13 0 0 9 18 0 15 0 17 0 0 1 0 3 0 6 0 0 0 0 0 23 0 21 
0 0 0 20 17 0 24 0 22 25 0 10 0 8 0 0 0 0 0 15 5 2 0 0 4 
0 0 0 10 0 16 0 13 12 0 22 25 24 23 0 6 0 3 2 5 20 0 0 18 0 
3 0 0 0 0 11 0 0 7 10 0 0 19 18 21 1 24 23 0 25 0 12 0 13 0 
13 0 14 0 0 21 0 18 0 20 2 0 4 0 6 11 9 8 0 0 25 22 1 23 0 
0 0 24 25 22 6 4 0 0 0 0 15 0 13 0 0 0 0 17 0 10 0 0 0 0 
0 25 23 0 21 5 0 2 1 4 11 14 13 12 0 20 0 17 0 19 0 0 10 7 8 
0 10 0 9 0 15 0 12 0 0 0 24 23 22 25 0 3 2 1 4 0 0 20 17 18 
17 20 18 19 16 0 0 22 0 24 0 0 0 0 0 0 0 0 0 0 0 0 5 2 0 
2 5 3 4 1 10 8 7 6 0 16 0 18 0 20 25 23 0 21 0 14 11 15 12 13 
0 15 13 14 11 0 0 0 0 19 0 0 3 2 5 0 0 0 6 9 24 21 0 22 23 
