5
0 0 9 10 0 22 21 20 0 23 0 17 0 14 0 25 3 0 24 1 0 8 4 0 0 
0 6 0 5 0 17 0 15 14 18 0 0 10 9 0 20 0 22 19 0 1 3 0 0 0 
3 1 24 25 2 12 0 0 9 13 6 0 0 4 0 15 18 17 14 16 21 0 0 22 0 
18 0 14 0 17 0 1 25 0 0 0 22 0 19 0 0 0 7 0 0 0 0 0 0 0 
0 0 19 20 22 0 6 0 4 8 0 2 25 0 0 0 0 0 9 11 0 18 0 17 15 
0 18 16 17 0 0 0 2 1 5 0 0 22 0 0 7 10 0 0 0 13 15 0 14 12 
10 8 6 0 0 0 0 17 0 20 13 14 12 11 15 22 0 0 0 23 0 0 0 4 0 
0 0 11 0 0 0 0 0 0 25 18 19 0 0 20 0 5 0 1 3 0 0 0 9 7 
25 0 0 0 24 9 0 0 6 10 3 0 2 1 5 12 15 0 0 13 18 0 16 0 17 
0 3 1 2 4 14 0 0 0 0 0 9 0 0 10 17 0 19 16 18 23 0 0 0 0 
0 0 10 11 0 23 22 0 20 24 17 18 0 0 0 1 0 3 25 2 0 9 5 8 0 
24 22 20 0 23 0 0 6 0 0 2 3 0 0 4 11 14 0 0 12 0 0 0 0 0 
0 0 0 16 18 0 0 1 25 4 22 23 0 20 0 6 9 0 5 0 12 14 0 0 0 
0 2 0 0 0 13 0 11 10 14 7 8 6 0 9 16 19 18 15 17 22 0 20 0 21 
0 0 5 6 0 0 0 16 0 0 0 0 0 10 0 21 24 0 0 22 2 4 25 0 0 
7 0 3 4 6 0 0 14 13 0 10 11 0 0 0 19 0 0 18 0 0 0 0 1 24 
2 25 0 0 1 0 10 0 0 0 5 0 4 3 7 14 0 16 13 0 20 0 18 0 19 
17 0 0 0 16 0 25 24 23 0 20 21 0 18 0 0 0 6 0 0 10 0 0 0 0 
12 10 8 9 11 0 0 19 18 0 15 0 0 13 0 0 0 0 0 0 0 0 0 6 0 
22 0 18 19 0 6 0 4 3 0 0 0 0 0 2 9 0 11 0 10 0 17 13 0 0 
16 14 0 0 15 0 0 0 0 1 0 20 18 0 0 3 6 5 0 0 9 11 7 0 0 
11 0 7 0 10 0 0 0 17 21 14 0 13 12 16 23 0 25 0 0 4 0 0 5 0 
0 24 22 23 25 0 9 0 0 11 0 5 0 0 0 13 0 15 0 14 0 0 17 0 18 
0 19 0 18 0 5 0 0 0 0 0 0 0 22 1 8 0 0 7 9 0 16 0 0 13 
0 0 0 3 0 15 14 0 12 16 9 10 8 7 0 18 0 20 17 0 24 0 0 25 23 
