5
0 18 0 0 0 0 0 4 3 0 0 0 0 25 0 17 0 13 0 0 0 12 0 0 10 
0 0 0 12 0 21 0 19 18 0 14 16 13 0 17 0 4 0 0 0 24 0 0 0 25 
25 0 0 2 24 11 12 9 8 0 4 6 3 0 7 0 19 18 21 0 0 17 16 13 15 
5 3 6 7 4 16 17 0 0 0 0 11 8 0 12 2 24 23 0 0 0 22 0 18 0 
0 13 0 0 0 0 0 0 23 0 0 21 18 20 22 12 0 0 11 10 4 7 0 3 0 
23 21 24 25 22 0 0 0 6 0 0 4 0 3 0 20 17 16 19 18 0 0 0 11 13 
13 0 14 0 0 24 0 22 21 23 17 19 0 0 20 0 0 0 0 0 2 0 4 0 3 
0 1 4 0 0 0 15 12 11 13 7 9 0 8 0 25 0 21 24 23 17 0 0 0 18 
0 16 19 0 0 4 5 2 0 0 22 24 0 23 0 0 12 11 14 0 0 10 0 0 8 
8 0 0 10 7 0 20 0 16 18 12 14 11 0 15 5 0 1 4 0 0 25 0 21 23 
0 0 0 0 13 25 1 0 22 0 0 20 17 0 0 11 8 0 0 0 3 6 5 0 4 
0 22 25 1 0 10 11 0 0 9 0 5 2 4 6 21 18 17 20 19 13 0 0 12 0 
4 2 5 6 3 0 16 13 0 14 8 10 0 9 11 1 0 0 25 24 0 0 20 0 0 
0 0 10 11 0 20 0 0 17 0 0 0 0 0 16 0 3 0 0 4 0 1 25 0 24 
0 17 0 21 18 0 6 0 2 4 23 0 22 24 0 0 0 0 15 14 8 0 0 0 9 
0 5 8 9 6 0 19 16 15 0 11 13 0 12 0 0 0 25 0 0 0 0 0 20 0 
0 0 0 19 16 3 0 1 0 2 21 0 0 0 0 14 0 0 0 0 6 9 8 0 7 
0 25 0 4 0 0 0 11 0 12 0 8 0 0 9 0 0 20 23 22 0 19 0 0 0 
12 10 13 14 11 23 24 21 20 22 16 18 15 0 0 0 6 0 8 0 1 4 0 25 0 
0 0 0 24 21 0 0 0 0 0 1 0 0 2 4 0 16 15 0 0 11 14 0 10 0 
16 14 17 0 15 2 0 0 0 0 20 22 0 0 0 13 0 0 12 11 5 8 7 4 6 
1 24 2 0 0 0 13 10 0 11 0 0 4 6 0 0 20 19 0 21 15 0 0 0 16 
11 0 0 0 10 0 23 20 0 21 15 0 14 16 0 8 0 4 7 0 0 0 0 0 1 
0 4 7 8 5 0 18 15 0 0 10 0 0 11 13 0 0 24 0 0 0 23 22 0 0 
0 0 22 23 20 0 8 0 0 0 0 2 24 0 3 18 15 14 0 0 10 13 0 9 11 
