5
0 0 6 0 5 0 0 3 0 0 0 0 0 0 0 21 0 20 22 0 17 19 16 15 0 
2 3 0 4 25 20 0 0 24 22 9 7 5 0 6 0 0 15 17 0 12 0 0 10 0 
0 18 0 0 15 0 0 13 14 12 24 22 0 0 21 0 9 0 0 8 0 4 0 25 3 
0 0 0 14 10 0 0 0 0 7 19 17 0 18 0 1 0 0 2 0 22 24 21 0 0 
22 0 0 24 0 15 0 18 19 0 4 2 25 3 1 0 0 0 0 13 7 9 6 5 8 
9 10 8 11 7 0 0 5 0 4 0 0 0 15 13 0 1 0 24 0 0 0 0 0 20 
0 20 18 21 17 12 0 15 0 14 1 0 22 25 23 8 0 7 0 10 4 6 3 0 5 
4 5 0 0 0 0 23 25 1 0 11 0 7 0 0 0 0 0 0 0 14 16 13 0 15 
24 25 23 1 0 0 0 0 21 0 6 4 2 5 3 0 0 12 14 15 0 11 0 7 0 
0 15 0 0 12 0 8 10 11 0 21 19 17 20 18 3 0 2 0 5 24 1 23 0 25 
0 0 9 12 8 3 0 0 7 5 0 0 0 0 0 24 2 23 25 0 0 22 19 0 0 
20 21 0 22 18 13 0 16 17 15 2 25 0 1 0 9 0 0 0 11 0 0 4 0 0 
15 0 14 17 0 0 9 11 12 0 0 0 18 21 0 0 0 3 0 0 0 2 24 0 1 
0 6 4 7 3 23 24 0 2 25 12 10 0 11 9 19 0 0 20 0 0 17 0 0 16 
0 0 0 2 23 0 0 0 22 20 0 0 3 6 0 0 0 0 15 0 10 0 0 0 11 
6 0 5 8 4 0 0 2 3 1 0 0 9 0 0 0 0 19 21 0 16 18 15 0 0 
0 0 0 0 24 0 0 0 23 0 0 6 4 7 5 15 18 14 0 0 11 13 10 0 0 
0 12 0 0 9 4 5 0 0 6 0 16 0 17 15 0 0 24 1 0 21 23 20 19 0 
16 0 15 18 0 0 10 0 13 11 0 0 0 0 20 0 0 0 6 0 1 0 25 0 2 
0 22 20 23 19 14 15 0 0 16 3 0 24 2 25 0 13 9 11 12 0 0 0 4 7 
0 19 0 20 16 0 0 14 15 13 0 23 21 0 22 0 0 0 8 0 3 5 0 0 0 
0 0 7 10 6 0 0 4 0 3 15 0 0 0 12 0 0 0 0 0 18 0 17 0 0 
0 0 0 0 0 0 0 0 0 8 0 0 16 0 0 2 5 1 0 4 0 0 0 0 0 
0 0 22 25 0 16 0 19 20 0 5 3 1 0 2 12 15 11 0 14 0 0 7 0 9 
0 0 0 0 1 21 22 0 0 23 0 8 6 9 7 0 0 16 18 0 0 15 12 0 14 
