5
8 6 9 0 7 11 0 13 10 14 23 0 20 24 0 0 25 0 2 4 0 19 0 15 0 
23 21 0 20 0 1 2 0 25 0 0 0 10 14 0 18 0 0 0 19 8 0 6 5 7 
13 11 0 10 0 16 0 18 15 0 0 0 0 4 0 8 0 6 0 0 0 24 21 0 22 
3 1 0 0 2 6 7 8 0 0 0 16 15 0 17 0 0 0 0 0 0 14 0 0 0 
18 16 19 15 0 0 0 23 20 0 0 6 0 0 0 13 10 11 0 14 0 0 1 0 2 
0 0 3 24 0 5 0 0 4 8 0 0 14 18 16 22 19 0 21 0 12 13 0 0 11 
7 0 8 4 6 0 11 0 0 13 22 0 19 0 0 2 24 0 0 3 17 18 0 0 16 
22 0 0 19 0 25 1 2 0 3 12 0 9 13 0 17 14 0 0 0 7 0 5 4 6 
12 0 13 9 0 0 16 17 0 0 0 25 0 0 1 0 4 0 0 0 22 0 20 0 21 
0 15 18 14 16 0 21 22 19 0 0 0 4 8 0 12 0 10 0 13 0 3 0 0 0 
14 0 15 11 0 0 0 0 16 0 0 2 0 0 0 0 0 7 0 10 24 0 22 0 23 
4 2 5 0 3 7 0 9 6 10 19 0 16 0 0 0 0 0 23 25 0 0 12 11 0 
19 0 0 0 0 0 23 0 21 25 0 0 0 10 0 0 0 0 13 15 4 5 0 1 0 
24 0 0 0 0 0 0 0 0 0 14 0 11 15 0 19 16 17 18 20 9 0 0 6 0 
0 0 0 6 0 0 13 14 11 0 0 22 0 0 0 0 1 2 3 5 19 0 0 16 0 
15 13 16 0 14 18 0 20 17 0 0 3 0 6 4 0 0 8 0 0 0 0 0 0 24 
0 8 0 7 9 0 0 15 12 0 0 23 22 1 24 5 2 3 0 0 20 0 0 17 19 
0 0 21 17 19 0 24 25 0 0 0 0 0 0 0 0 0 13 0 0 5 6 3 2 4 
0 23 0 22 0 3 4 0 2 6 0 0 0 16 14 20 17 0 19 21 0 0 8 7 0 
0 0 6 2 4 0 0 10 7 0 0 18 17 0 19 25 22 0 24 0 15 16 0 0 14 
0 0 0 0 10 14 0 0 13 0 1 0 0 0 25 6 3 4 0 0 0 0 0 0 20 
21 0 22 18 0 0 0 0 23 0 0 9 8 12 10 16 13 0 15 0 6 7 4 0 0 
0 4 7 3 0 0 0 0 8 12 0 19 0 22 20 1 23 0 0 0 16 0 14 0 0 
16 14 0 0 15 0 0 0 18 22 6 0 0 0 5 0 0 9 0 0 1 2 0 0 25 
0 0 0 23 25 0 0 6 3 0 16 0 0 0 0 0 18 19 20 0 0 0 0 0 0 
