5
0 1 25 4 3 0 17 15 0 16 6 0 9 0 7 0 0 24 20 21 11 14 0 10 0 
0 0 0 19 0 0 0 0 0 0 21 0 0 23 0 0 0 0 10 11 1 4 0 25 0 
0 0 0 0 0 24 0 20 23 21 11 0 0 0 0 3 2 4 0 1 16 0 18 0 0 
0 21 0 24 0 0 0 0 13 0 0 0 4 0 2 0 0 19 0 16 6 0 0 0 0 
12 0 0 0 0 0 2 25 0 1 16 15 0 18 0 8 0 9 0 0 0 24 0 0 22 
15 14 13 17 0 7 0 3 6 4 19 0 22 0 20 11 10 0 0 0 24 2 0 0 0 
0 0 0 12 0 2 25 0 0 0 0 13 0 16 0 6 5 7 3 4 0 0 21 18 20 
0 0 0 7 6 0 0 0 0 19 9 8 0 0 0 1 25 0 0 0 0 17 16 13 15 
0 0 0 22 0 0 10 8 0 0 24 0 0 0 25 16 0 17 13 14 4 0 0 3 5 
0 0 23 2 1 0 15 0 16 0 0 0 0 0 0 21 0 0 18 0 0 12 0 8 10 
0 0 0 0 0 0 0 0 0 0 0 0 15 0 0 0 3 5 1 2 0 20 19 16 0 
0 12 11 15 0 0 0 1 4 2 0 16 20 0 18 0 8 10 0 7 0 0 24 0 23 
0 0 16 20 0 0 8 0 9 0 0 0 0 24 0 14 0 0 0 12 2 0 4 0 3 
23 0 0 25 0 15 0 11 0 0 2 1 0 0 3 0 18 20 0 0 0 0 9 0 8 
0 2 0 5 0 0 0 16 19 17 0 0 10 0 0 0 0 25 0 0 12 0 0 11 0 
0 0 9 0 12 0 0 24 2 25 0 0 0 17 16 0 6 0 4 5 0 0 22 0 0 
0 5 0 8 7 23 0 0 22 20 0 0 13 12 0 0 1 0 0 25 15 18 17 0 16 
16 0 14 0 17 8 0 4 7 5 20 0 0 22 0 12 0 0 0 0 25 0 2 0 1 
0 0 24 0 2 18 16 0 0 15 0 0 8 0 0 0 0 23 0 20 10 13 12 0 11 
0 20 19 0 22 13 11 0 0 10 25 24 0 0 1 17 0 0 14 15 0 8 0 0 0 
24 23 22 0 25 16 14 0 15 0 0 2 6 0 4 0 0 0 17 0 0 11 0 7 0 
9 8 7 11 10 0 24 22 25 23 0 12 16 15 14 5 0 6 2 3 0 0 20 0 19 
14 0 12 16 15 6 4 0 0 0 18 17 21 0 0 10 9 0 7 0 0 1 25 0 24 
19 0 0 21 20 0 0 0 10 8 0 22 1 0 0 0 0 16 12 0 0 0 0 2 4 
4 3 0 0 5 0 19 0 0 18 8 7 0 0 9 25 0 1 0 0 0 16 15 12 14 
