5
0 24 0 0 22 0 8 6 0 0 0 0 13 0 11 0 2 3 0 0 0 19 0 16 0 
0 0 0 18 17 0 0 0 0 0 9 0 8 0 6 0 0 0 0 0 0 0 0 0 0 
10 0 11 13 12 24 0 21 20 22 4 2 0 0 1 15 0 18 0 16 0 9 7 0 5 
0 0 0 8 0 19 18 16 0 17 0 0 0 0 21 10 0 13 14 0 0 4 0 0 0 
25 4 0 3 2 0 13 0 10 0 19 17 0 0 0 0 0 8 0 6 23 24 0 21 0 
24 0 0 2 1 0 12 10 0 0 18 16 17 0 15 4 6 7 8 0 22 23 0 20 0 
9 0 0 0 0 23 22 20 0 0 3 1 2 24 0 0 16 0 0 0 7 8 6 0 4 
0 8 0 0 6 0 17 0 14 16 0 21 0 19 0 9 0 0 13 10 2 3 0 25 24 
14 18 15 0 0 3 0 0 24 0 0 6 7 0 0 0 21 0 0 0 12 0 0 10 0 
19 0 0 0 0 0 0 0 4 6 13 11 12 9 0 24 1 2 3 0 17 0 16 0 14 
23 0 0 0 0 0 0 9 0 10 0 0 16 0 0 3 5 0 7 4 0 22 20 0 0 
13 0 0 16 0 2 1 24 0 25 7 5 0 0 4 18 0 21 0 19 11 12 0 0 8 
8 0 0 0 10 22 21 0 0 20 2 0 1 23 24 13 15 0 0 14 0 0 5 0 3 
18 22 0 21 0 0 6 0 3 5 12 0 11 0 9 23 25 0 0 24 0 17 15 0 13 
3 0 4 6 5 0 16 14 0 15 22 0 21 18 19 0 0 11 0 9 1 2 25 0 23 
22 0 0 25 24 0 10 8 7 9 0 0 0 0 13 2 0 0 0 3 20 21 19 18 17 
0 0 8 10 9 21 20 0 17 19 1 24 25 0 0 0 0 0 0 13 5 6 4 0 2 
0 21 18 20 0 0 5 3 2 0 0 0 0 7 8 0 24 25 1 0 15 0 0 13 0 
0 0 13 15 0 0 25 0 0 24 0 4 0 0 3 0 19 0 21 18 10 0 0 8 7 
2 6 0 0 0 0 15 0 12 0 21 19 0 17 0 7 0 0 11 0 0 1 0 23 0 
16 20 17 19 18 0 0 0 1 3 10 0 0 0 7 0 23 0 25 22 14 15 0 0 11 
21 25 22 24 0 0 0 0 6 0 15 0 0 0 12 1 3 4 5 0 19 20 0 0 0 
1 0 2 0 3 15 14 12 11 0 0 18 0 0 17 6 0 0 0 0 0 25 23 22 21 
0 15 12 14 0 0 0 0 21 23 0 3 0 0 2 16 18 19 20 17 0 0 0 7 6 
6 10 0 0 0 0 0 0 16 18 25 0 0 0 22 11 13 0 0 12 0 5 0 0 1 
