5
0 0 0 24 0 0 9 8 0 7 0 17 19 16 18 13 0 0 12 14 0 1 0 0 0 
0 0 8 9 0 15 0 0 0 17 25 2 4 1 0 23 21 20 22 0 14 0 0 0 0 
0 0 3 0 0 10 0 13 0 0 0 0 24 0 0 0 16 15 0 0 0 6 0 0 0 
0 0 0 19 0 0 4 0 0 2 0 12 14 11 13 8 0 5 0 9 24 0 23 20 22 
10 0 0 0 12 20 0 0 0 0 5 7 0 0 8 0 0 25 2 0 0 16 0 0 17 
17 18 20 21 0 2 0 0 0 0 12 0 0 0 15 0 0 0 9 11 0 0 0 22 24 
2 3 0 6 0 0 16 0 0 14 22 24 1 0 0 20 0 17 19 0 11 8 0 0 9 
12 13 15 16 0 22 1 0 23 0 0 0 0 0 0 5 3 0 4 0 21 0 0 0 19 
7 8 10 11 0 17 0 0 0 0 0 4 0 0 5 25 23 0 0 1 16 13 0 12 0 
0 23 0 1 24 0 0 0 0 0 17 0 21 0 0 15 13 12 0 0 6 0 0 0 4 
18 0 0 0 0 0 7 6 0 5 0 0 0 14 0 11 0 0 0 0 2 0 0 23 25 
23 24 1 0 25 8 0 11 9 10 0 20 22 19 21 0 0 0 0 17 0 4 6 3 0 
0 9 11 0 10 18 0 0 0 0 0 0 7 4 0 0 24 0 25 0 17 0 0 0 0 
0 0 16 0 0 23 0 0 0 25 0 0 0 9 11 0 4 0 5 0 0 19 21 0 0 
3 0 0 0 5 0 0 16 14 0 0 0 2 0 0 21 19 0 20 22 12 0 0 0 10 
4 0 0 8 6 14 0 0 0 16 24 0 0 0 0 0 20 0 21 23 0 0 12 0 11 
9 10 12 0 11 19 0 22 20 21 4 6 8 5 0 0 25 0 1 3 0 15 17 14 0 
0 0 2 3 1 0 0 0 0 11 19 21 23 0 0 0 15 14 0 18 0 5 7 4 0 
19 20 0 0 21 0 0 0 5 0 0 16 0 15 0 0 0 0 11 0 3 25 0 24 1 
0 0 0 0 16 24 3 0 25 0 9 11 0 0 0 0 0 4 0 8 0 0 22 0 0 
1 2 4 5 3 11 15 14 12 13 21 23 25 0 0 19 17 0 18 20 10 0 9 6 8 
11 12 14 0 13 0 25 24 22 0 6 8 10 7 0 4 2 0 0 0 0 0 19 0 0 
6 7 9 10 0 0 0 0 17 18 1 0 5 2 4 0 0 21 23 25 15 0 14 0 0 
0 0 0 0 0 6 0 9 0 8 16 18 20 0 19 0 0 0 13 15 0 0 0 1 0 
16 17 19 20 18 1 0 4 2 0 11 13 0 0 14 0 0 0 0 10 0 0 0 21 0 
