5
0 0 15 0 18 8 6 7 0 9 0 25 0 0 0 11 10 14 0 0 0 20 0 0 0 
7 6 0 9 8 23 21 22 20 24 0 0 17 0 0 0 25 4 0 3 0 10 0 0 0 
12 0 0 14 13 0 0 0 25 0 0 20 22 0 24 0 5 0 7 8 0 15 0 0 0 
2 1 0 0 0 0 16 17 0 19 13 0 0 11 14 21 0 0 0 23 6 5 9 8 7 
22 0 20 24 0 0 11 0 10 0 0 5 7 0 0 0 15 19 0 18 1 25 4 3 2 
0 9 0 12 0 1 0 25 23 0 0 18 0 19 0 4 3 0 0 0 0 0 0 0 15 
0 14 0 17 0 0 0 5 3 0 0 0 0 0 2 0 8 0 0 0 19 0 0 0 20 
0 0 18 0 21 0 9 0 8 12 6 3 5 4 0 0 13 17 0 16 24 23 0 1 0 
25 24 23 0 0 0 0 15 13 17 11 0 10 0 12 0 0 0 20 21 4 3 7 6 0 
0 4 0 7 0 0 0 20 18 0 0 13 0 14 17 0 0 2 25 1 0 8 0 0 10 
0 0 2 0 0 20 18 19 17 0 15 0 0 0 16 0 0 0 0 25 8 7 11 0 0 
24 0 0 0 0 15 0 0 0 0 10 7 0 0 0 18 0 21 0 20 0 0 6 5 4 
0 0 7 11 0 25 23 24 22 0 0 0 0 18 0 3 0 6 0 5 0 12 0 15 0 
14 0 0 0 0 5 0 0 0 6 0 0 0 23 0 8 7 11 9 0 0 0 21 0 19 
0 18 0 0 20 10 0 9 7 11 5 2 4 3 0 0 12 16 0 15 0 22 0 25 24 
16 0 0 18 17 7 0 0 0 8 0 0 0 0 3 0 9 0 0 0 0 0 23 0 0 
0 20 19 23 22 0 10 11 0 13 0 0 6 5 8 0 14 18 0 17 25 24 3 2 0 
6 0 4 8 7 0 0 0 0 23 17 14 0 15 0 25 0 3 0 0 0 9 0 0 11 
0 0 24 0 0 0 0 0 14 18 0 0 0 10 13 0 0 23 21 0 5 0 8 0 0 
0 0 0 0 0 2 0 0 0 0 22 0 21 20 0 0 0 8 0 0 0 14 18 0 0 
23 0 21 25 0 0 12 13 0 15 9 0 0 7 0 17 16 0 0 0 2 1 0 4 3 
8 0 6 10 9 24 0 0 21 25 0 0 18 0 20 2 1 0 0 0 0 0 0 0 0 
3 2 0 5 4 19 17 0 0 0 0 11 0 0 0 22 21 0 23 24 7 6 0 0 8 
18 0 0 20 0 9 0 8 0 10 0 0 0 0 5 0 11 0 0 0 22 21 0 24 23 
0 12 0 15 14 4 2 3 1 5 0 21 23 22 25 7 6 0 8 0 17 16 20 0 18 
