5
4 2 1 25 3 24 21 22 0 20 0 0 11 0 12 7 6 0 0 0 18 0 17 0 0 
14 0 0 10 0 0 0 0 8 0 20 24 21 0 0 17 16 18 0 15 0 0 2 4 1 
0 0 6 0 0 0 0 0 3 0 15 19 16 0 0 12 0 13 0 0 23 20 0 24 21 
0 22 21 0 0 19 0 0 0 0 5 9 0 0 7 0 1 3 0 25 13 0 12 0 0 
19 17 0 0 0 14 11 12 0 0 0 0 1 3 2 0 21 0 24 0 0 5 0 0 6 
0 0 22 21 0 0 0 0 19 0 6 0 0 0 8 0 0 4 5 1 14 11 0 15 12 
0 8 7 0 0 5 2 0 4 0 0 0 0 0 0 13 12 14 0 0 0 21 23 25 22 
20 0 17 0 19 0 0 13 0 0 1 0 0 0 0 23 0 0 25 21 9 0 8 10 0 
0 3 2 0 4 0 0 0 0 21 0 0 0 0 13 8 7 0 10 6 0 16 18 20 0 
15 13 12 11 0 10 0 0 0 6 21 25 22 24 23 0 0 0 20 0 4 1 0 0 0 
0 0 25 0 0 23 20 21 22 19 9 13 10 0 0 0 5 7 0 0 17 14 16 18 15 
8 6 5 0 0 0 25 1 2 24 14 18 0 17 0 11 0 12 0 9 0 0 0 0 20 
13 11 0 9 0 0 0 0 0 0 0 23 20 22 0 0 0 17 18 0 2 24 1 0 25 
0 16 15 14 0 13 0 11 12 0 0 3 0 2 0 21 20 0 23 0 7 4 6 8 0 
0 21 20 0 0 0 0 16 0 14 4 0 0 0 0 0 25 2 3 0 12 0 11 0 0 
0 0 18 17 20 0 13 14 15 12 0 6 3 5 4 0 0 0 0 22 0 7 0 0 8 
0 14 13 0 0 0 0 9 10 7 22 0 0 0 0 0 18 20 21 17 5 2 0 0 3 
0 0 0 22 0 21 0 0 0 0 0 11 8 10 0 4 3 5 0 2 15 0 0 16 13 
11 9 8 0 0 6 3 0 5 0 0 21 18 20 19 14 0 15 0 0 25 22 0 0 0 
6 4 3 0 0 1 0 0 0 0 0 16 13 15 0 0 0 10 0 0 0 0 19 0 0 
2 0 24 23 0 0 0 0 0 0 0 0 9 11 0 5 0 0 0 3 0 0 0 17 14 
0 0 19 0 21 17 0 0 16 13 0 7 4 0 0 0 24 0 2 23 11 8 0 0 0 
0 0 0 3 0 2 0 25 1 0 13 0 14 0 15 0 9 11 12 8 21 18 20 22 0 
17 15 14 13 16 0 0 10 11 8 23 2 24 1 25 0 19 0 0 0 6 0 0 7 4 
0 10 9 8 0 7 4 0 0 3 18 22 0 0 0 0 14 0 0 13 0 0 0 0 24 
