5
0 0 0 0 0 0 15 12 13 0 18 20 17 16 19 0 0 0 0 21 3 0 2 0 5 
0 0 19 18 0 0 0 22 0 0 0 0 0 1 0 7 0 0 0 0 0 0 0 14 15 
11 0 0 13 15 19 20 17 0 16 0 0 0 0 24 2 0 0 3 1 0 6 7 0 0 
0 22 24 23 25 0 5 2 3 0 8 0 0 0 0 0 0 0 13 11 0 0 17 0 20 
0 2 0 3 5 0 10 0 0 0 13 15 12 11 14 17 19 0 0 16 23 0 22 0 0 
10 11 0 12 0 18 19 16 0 0 0 24 21 20 23 1 0 0 2 25 0 0 0 8 0 
5 0 0 0 0 13 14 11 0 0 17 19 0 15 18 21 23 24 22 20 0 25 0 3 4 
20 0 0 0 24 3 4 0 2 25 0 0 6 5 0 11 13 0 0 0 0 15 16 0 0 
15 0 18 17 0 23 24 0 0 0 2 0 1 0 0 6 0 0 7 5 12 10 0 13 0 
0 0 0 0 4 0 0 0 0 5 0 14 0 10 13 16 0 19 17 15 0 0 21 23 24 
0 0 6 0 7 0 0 0 10 8 0 0 0 13 16 19 21 0 20 18 25 0 24 1 0 
0 19 0 20 22 0 2 24 0 0 0 0 4 0 0 0 11 12 10 0 15 0 14 16 0 
0 0 1 25 0 6 0 0 5 3 10 12 9 8 0 14 16 17 15 0 0 0 0 0 22 
0 0 0 15 17 0 0 0 20 18 25 0 24 0 1 4 6 0 5 3 0 8 9 11 0 
8 0 0 0 0 0 0 14 15 13 0 0 0 0 0 24 1 2 0 0 0 0 0 6 7 
0 0 12 0 0 0 0 15 0 0 21 23 20 19 22 0 0 3 1 24 6 4 5 7 0 
14 0 0 0 0 0 0 20 21 19 1 0 25 0 2 0 0 0 0 4 0 0 10 0 13 
0 0 2 1 0 0 0 5 6 0 11 13 10 0 0 0 0 0 0 14 0 0 20 22 23 
0 20 22 21 0 2 3 0 0 0 0 0 0 0 7 0 0 13 11 9 0 14 0 0 0 
0 0 7 0 0 12 0 0 11 0 0 18 0 14 17 0 0 23 0 19 0 0 25 2 3 
12 0 15 0 0 0 21 18 19 0 0 0 23 0 0 3 0 0 0 0 9 0 8 10 0 
7 0 0 0 11 0 0 0 14 0 0 0 18 17 0 0 25 1 0 22 4 0 3 5 0 
22 23 25 24 1 5 0 3 4 2 0 0 0 7 0 0 15 0 14 0 19 0 0 0 21 
0 3 5 0 6 10 11 8 0 7 14 0 13 0 15 18 20 0 0 0 24 22 0 25 0 
0 18 20 0 0 25 0 0 24 0 4 6 3 2 0 0 10 11 0 0 14 0 13 0 16 
