5
0 0 0 0 0 0 0 14 13 11 16 20 0 18 0 24 23 0 0 22 0 0 0 2 4 
12 0 11 0 14 0 17 19 18 0 21 0 24 0 22 0 3 1 0 2 6 0 0 7 0 
0 0 0 0 0 0 22 24 0 21 0 0 0 3 0 0 0 6 10 7 11 15 13 12 14 
2 5 0 0 0 0 7 9 0 6 0 15 0 13 0 19 0 16 0 0 0 0 0 22 24 
22 0 0 0 0 5 0 4 3 1 6 0 9 8 7 14 13 11 15 0 16 0 0 0 0 
0 8 4 6 7 13 10 0 11 9 14 18 0 16 15 22 21 19 0 20 0 3 0 0 2 
25 3 0 1 0 0 0 0 6 4 0 13 12 11 10 0 16 0 0 0 19 0 21 0 0 
20 0 0 0 22 3 25 0 0 0 4 8 7 6 5 12 0 9 13 10 0 18 16 15 17 
0 0 9 0 0 18 0 17 0 14 19 0 0 0 0 0 0 0 0 0 4 8 6 0 7 
15 0 0 16 17 0 20 22 0 19 24 3 0 1 25 0 0 0 0 0 9 13 11 0 0 
19 0 18 0 0 0 24 1 0 23 3 0 0 5 4 0 10 8 0 0 13 0 15 14 16 
24 2 23 0 0 7 0 6 0 3 8 12 11 0 0 0 15 0 17 14 18 0 20 19 0 
0 17 13 15 0 22 19 0 0 0 23 0 0 25 24 0 0 3 0 0 0 12 0 9 11 
9 0 8 0 11 17 0 16 0 13 0 0 21 20 19 1 25 0 0 24 0 0 5 0 6 
0 0 3 5 0 0 0 0 10 0 13 17 16 15 14 21 0 18 22 0 0 2 25 0 0 
6 0 0 7 8 0 11 13 12 10 0 0 18 0 0 23 22 0 0 0 25 0 2 1 3 
21 0 20 0 0 0 1 3 0 25 5 9 0 7 6 13 12 10 14 0 15 19 17 0 18 
0 4 25 2 3 9 6 0 7 5 10 14 0 12 0 18 0 15 0 16 0 24 22 21 0 
0 0 10 0 0 0 0 18 0 0 0 24 23 0 0 0 2 0 0 1 0 0 7 0 8 
0 0 0 0 0 24 21 0 0 20 25 4 0 0 0 0 0 5 9 6 0 14 12 0 0 
23 0 0 0 0 0 0 0 4 0 0 11 0 0 8 0 0 0 16 13 17 0 0 18 0 
0 0 0 4 0 0 0 10 0 7 12 16 0 14 0 20 0 17 0 18 22 1 24 0 0 
18 21 17 19 0 1 23 25 0 0 0 0 5 0 3 10 9 7 11 8 0 16 14 0 15 
8 11 7 9 10 0 0 15 14 0 17 21 20 0 18 0 24 0 1 0 0 6 4 0 5 
0 16 0 0 0 21 18 0 19 17 0 1 0 0 23 5 0 0 0 0 0 0 9 0 0 
