5
0 14 15 0 17 10 8 12 0 0 0 21 0 0 22 6 0 0 4 7 23 0 1 0 0 
0 0 0 3 0 25 23 2 1 0 0 0 0 0 0 21 18 0 19 22 13 0 0 15 0 
21 19 20 0 0 0 0 0 16 0 0 1 0 0 2 0 8 10 0 0 3 0 0 5 4 
0 0 0 8 0 5 0 0 6 4 0 0 0 13 17 1 0 0 24 0 0 22 21 0 0 
1 24 0 23 0 20 0 22 0 0 0 6 0 3 0 0 0 0 14 17 0 12 0 10 9 
9 7 0 0 0 3 0 5 4 2 0 0 12 11 0 24 21 23 22 0 0 20 19 18 0 
24 22 23 0 25 18 0 0 19 0 0 0 0 1 5 14 11 13 12 0 6 10 0 0 0 
4 2 3 1 0 23 21 0 24 22 0 0 0 6 0 0 0 18 17 0 0 15 0 0 0 
19 17 0 0 20 0 0 0 0 12 23 0 22 0 0 9 0 8 0 10 0 5 0 0 2 
0 12 13 11 0 0 0 0 9 0 18 19 17 0 20 4 1 3 2 0 0 0 0 0 22 
15 0 0 12 16 9 0 11 10 0 0 0 0 0 0 5 2 4 3 6 22 0 25 24 23 
0 0 0 7 11 4 0 6 5 0 14 15 13 0 16 25 0 24 0 0 0 21 20 19 0 
25 23 0 0 0 0 0 21 20 0 0 5 0 0 6 0 12 14 0 16 7 11 0 0 0 
0 3 4 2 0 0 0 1 0 23 9 0 0 0 0 20 0 0 0 0 12 16 0 0 13 
20 18 0 0 21 0 12 16 0 13 24 25 0 0 1 10 7 9 0 0 0 0 0 0 0 
0 25 1 24 0 21 19 23 22 0 6 7 5 0 8 0 14 16 15 0 0 13 12 11 10 
0 0 6 0 8 0 24 0 0 25 11 12 10 0 13 22 0 0 20 23 0 18 17 0 0 
22 0 0 19 0 16 14 18 17 15 1 0 25 0 0 0 0 0 10 13 0 0 0 6 0 
17 0 0 0 18 0 9 0 12 10 0 0 20 0 23 7 0 0 0 8 0 0 0 1 0 
0 0 0 9 13 6 4 0 7 0 0 0 15 0 18 0 0 1 0 0 19 23 0 21 0 
23 21 22 0 0 0 0 19 18 16 2 3 1 0 4 0 10 0 0 14 0 0 8 7 6 
8 6 7 5 0 2 25 4 3 0 0 13 0 10 14 23 0 22 21 24 15 0 18 0 16 
3 0 2 25 0 0 20 0 23 0 0 0 6 5 9 0 0 17 16 0 10 0 13 12 0 
0 0 12 0 14 0 0 9 0 6 0 0 16 15 19 3 25 0 1 0 20 24 23 0 21 
0 16 0 15 0 12 0 0 13 11 0 23 21 20 0 0 5 0 6 0 0 4 0 0 0 
