5
11 12 10 9 0 0 0 0 0 22 0 6 4 0 0 0 0 17 15 14 0 2 23 0 0 
1 2 25 24 0 0 10 11 0 0 20 21 19 18 0 0 0 0 0 4 0 0 0 15 14 
0 0 15 14 0 24 25 1 0 0 10 11 9 0 12 21 0 0 0 19 6 0 0 0 0 
0 0 0 19 0 4 0 6 3 7 0 0 14 13 17 1 23 2 0 24 11 0 0 10 0 
6 7 0 4 0 14 15 16 13 17 25 1 0 23 0 11 0 12 10 0 0 22 18 20 0 
2 3 1 0 24 10 0 0 0 0 0 22 20 19 0 7 4 0 6 0 0 0 14 16 0 
0 13 11 0 9 20 21 22 19 0 6 7 5 4 0 17 0 0 0 15 0 0 24 0 0 
22 0 21 20 0 0 0 0 0 8 16 17 0 0 18 2 0 3 0 25 0 13 9 0 0 
0 8 6 0 4 0 16 0 0 18 1 0 0 24 3 12 0 0 11 0 0 0 19 21 0 
17 0 0 0 14 0 1 2 24 3 0 0 10 0 0 0 0 23 21 20 7 0 4 0 0 
0 19 0 16 15 1 0 3 0 0 12 13 11 10 0 23 0 0 22 21 0 0 0 0 6 
0 0 12 0 10 21 22 0 20 24 0 8 0 5 9 18 15 19 0 0 0 0 0 0 1 
0 0 2 1 25 11 12 13 10 14 22 0 0 20 24 8 5 9 0 6 0 0 0 0 0 
0 9 0 6 5 16 17 0 15 0 0 3 0 25 0 13 0 14 12 11 0 0 0 22 0 
23 24 22 0 0 0 7 8 5 9 17 18 16 15 19 0 25 0 0 1 0 14 0 0 11 
5 0 4 3 2 0 0 0 12 0 0 0 23 0 1 0 0 11 9 0 0 0 17 0 0 
10 0 0 0 0 0 19 0 17 0 0 0 3 0 6 15 12 0 14 0 25 0 22 24 0 
15 0 0 13 0 0 0 0 22 0 9 10 8 0 11 20 0 21 19 18 5 0 0 0 3 
25 1 0 23 0 8 0 10 7 11 0 20 18 0 0 5 2 0 0 0 0 16 12 14 13 
0 0 0 0 17 3 0 5 2 6 0 0 13 12 0 0 22 0 24 0 0 0 7 0 0 
19 0 0 0 16 0 0 4 1 0 0 0 0 11 0 0 21 0 0 22 0 0 6 0 7 
4 0 0 2 0 12 13 0 0 15 0 0 0 0 25 0 0 0 0 7 19 0 0 0 17 
9 0 0 0 6 17 0 0 0 20 0 4 2 0 5 0 0 15 13 0 0 25 0 0 0 
14 0 13 0 11 0 23 24 21 0 8 9 7 0 10 0 16 20 0 0 4 0 1 0 0 
24 25 23 22 0 7 0 9 0 10 18 0 0 16 20 4 1 0 3 2 0 0 0 13 0 
