5
0 19 0 16 15 3 0 0 25 0 13 10 0 12 0 0 0 0 0 0 0 0 0 0 9 
22 24 23 21 0 8 6 9 5 7 18 15 19 17 0 0 2 3 4 1 12 0 11 13 0 
7 0 8 6 5 0 16 0 15 0 0 0 4 2 0 10 12 13 0 0 0 20 0 23 24 
0 14 0 11 10 23 0 0 20 0 0 5 9 7 6 0 17 0 19 16 2 0 1 0 4 
2 0 0 1 0 0 11 0 0 12 0 0 24 22 21 0 0 8 0 6 0 0 0 18 0 
0 0 0 14 0 1 0 2 0 0 11 8 0 0 9 18 0 0 22 19 5 0 4 6 0 
25 0 0 24 0 11 0 0 0 10 0 0 22 0 0 0 5 6 7 0 15 0 0 16 0 
0 12 11 0 8 0 0 22 0 20 0 0 7 5 4 13 0 16 17 0 25 0 0 1 0 
5 0 6 0 3 16 14 0 0 0 1 23 2 0 0 0 10 0 12 0 20 18 0 0 0 
0 22 21 0 0 6 4 0 0 0 0 0 17 0 14 23 0 0 2 24 10 0 0 0 12 
0 0 0 22 21 0 0 0 6 8 0 16 0 0 0 0 3 4 0 2 0 11 12 14 15 
3 0 0 2 1 0 12 0 11 0 24 21 25 23 22 0 8 9 10 0 18 0 0 0 20 
8 0 0 7 0 0 17 20 0 0 0 0 5 3 2 0 13 14 15 12 0 21 22 0 0 
13 15 0 0 11 0 22 25 21 0 0 6 10 8 7 16 0 19 0 0 0 1 0 0 0 
18 20 0 17 16 4 0 0 0 3 14 11 15 0 12 21 0 24 25 22 0 6 0 0 10 
21 0 0 20 19 7 0 0 4 6 17 0 18 16 15 0 0 2 0 25 0 9 0 12 0 
11 13 0 10 9 22 20 23 0 0 0 4 0 6 0 14 16 17 0 0 0 0 0 0 3 
0 0 17 0 14 0 0 0 24 1 12 9 0 0 10 19 21 22 23 20 6 0 0 7 0 
0 8 7 5 4 17 0 0 0 0 0 0 3 1 25 0 11 12 0 10 0 0 20 0 23 
0 0 2 0 0 0 10 13 9 0 22 0 0 0 20 0 0 0 8 5 0 14 15 0 0 
0 6 0 0 2 0 0 16 12 0 0 22 1 24 0 0 0 0 0 0 0 17 18 0 0 
14 16 0 0 12 25 23 0 22 24 0 7 0 0 0 0 19 0 0 0 0 0 0 0 0 
24 0 0 0 0 10 8 0 0 9 20 0 0 19 18 0 4 5 0 0 0 0 13 0 0 
0 11 0 0 7 20 18 21 0 0 0 2 6 4 3 0 14 15 0 0 24 0 23 0 1 
19 21 0 18 17 5 0 0 2 4 0 12 0 14 0 0 24 25 0 23 0 7 0 0 0 
