5
0 0 0 4 0 16 0 0 0 0 24 0 2 0 0 22 0 20 0 19 0 0 0 0 0 
22 21 0 0 23 0 0 0 0 0 0 0 17 16 18 0 13 10 11 0 25 0 0 0 0 
0 16 15 14 18 0 0 0 0 0 9 10 12 0 0 0 8 0 6 0 0 19 0 21 0 
12 0 0 0 0 0 20 0 0 0 4 5 0 6 0 2 3 0 0 0 15 14 18 0 17 
2 1 0 24 0 0 0 13 0 0 19 0 22 21 23 0 18 0 0 14 0 0 8 0 0 
0 8 7 6 10 0 0 0 0 0 1 2 4 0 5 24 0 22 0 21 0 11 15 0 0 
0 0 0 0 15 0 22 25 24 21 0 0 9 0 10 0 0 2 0 1 0 16 20 18 19 
0 0 22 21 25 8 0 0 9 6 0 0 19 0 20 0 0 0 0 11 0 0 0 0 4 
0 3 0 1 0 0 0 0 14 11 21 22 0 0 25 19 0 0 0 0 7 6 0 8 9 
19 0 0 16 0 0 0 5 0 1 0 12 14 0 0 9 0 7 0 0 22 21 25 0 24 
0 14 13 12 16 0 23 0 25 0 7 8 10 9 11 5 0 0 0 0 18 0 21 0 0 
0 0 0 0 0 0 13 0 0 12 0 0 0 0 0 0 21 18 0 0 8 0 0 0 10 
10 9 8 7 11 19 0 0 20 0 0 3 0 0 6 25 0 0 24 22 13 0 0 0 15 
20 19 0 0 21 4 0 6 0 0 0 13 0 14 0 0 0 0 0 0 0 0 1 24 25 
25 24 23 0 0 9 0 11 10 7 0 18 20 19 21 0 0 13 0 0 0 0 6 4 0 
0 25 0 0 0 10 0 12 11 0 18 19 0 0 0 0 0 14 15 13 0 0 0 0 6 
0 15 14 13 0 0 24 2 0 0 0 9 0 10 12 6 0 4 5 3 19 0 22 20 0 
0 0 4 0 0 15 0 0 0 13 23 0 0 0 0 0 22 0 20 18 9 0 12 0 11 
11 10 9 0 0 0 0 0 0 18 0 0 6 5 0 0 2 0 25 23 0 0 0 0 0 
0 20 0 0 22 0 0 7 6 0 13 0 16 15 0 0 0 9 0 0 0 0 0 0 1 
3 2 1 0 4 12 0 0 13 10 0 21 23 22 0 18 19 0 17 0 0 5 0 7 8 
0 22 21 0 0 0 0 0 0 0 0 16 0 0 0 13 0 11 0 10 1 25 0 2 3 
0 0 0 0 0 22 0 0 23 20 5 6 8 0 9 3 0 0 0 25 0 15 0 17 18 
8 7 0 0 0 0 16 0 18 0 25 1 3 2 4 0 0 21 22 0 0 10 0 12 0 
18 17 0 0 0 2 0 0 3 25 10 11 13 0 0 0 0 6 0 5 0 0 0 0 0 
