5
0 2 25 0 4 19 0 18 0 17 0 11 14 10 13 5 0 9 8 6 0 24 22 0 0 
0 7 0 0 0 24 20 23 21 22 17 0 0 0 18 10 0 0 13 11 1 0 2 3 0 
0 0 10 13 0 4 25 0 0 0 0 21 24 20 0 15 0 0 0 16 0 0 7 0 5 
16 17 15 18 19 9 5 8 6 7 0 0 4 0 0 0 0 0 0 0 11 0 0 0 0 
21 0 0 23 24 14 10 0 0 0 7 6 9 5 8 0 2 4 3 1 16 19 17 0 15 
3 0 2 5 6 21 0 20 0 0 0 13 0 0 0 0 9 11 10 8 23 1 24 25 22 
0 19 17 20 21 0 7 10 0 0 0 3 6 2 5 22 24 1 25 0 13 16 14 0 0 
0 0 0 0 1 16 12 15 13 14 9 8 0 7 10 2 0 6 5 3 18 21 0 0 17 
0 0 0 0 0 1 0 25 0 0 19 18 0 17 0 0 14 16 0 0 3 6 4 0 0 
0 0 12 15 16 0 0 0 3 4 24 0 0 22 0 17 0 21 0 0 8 0 0 10 7 
14 15 0 16 17 0 0 6 0 5 25 0 0 0 0 0 0 0 0 19 0 0 0 11 0 
24 25 23 0 0 0 0 16 0 0 10 9 0 8 11 3 0 0 6 4 0 0 20 0 0 
9 0 0 11 0 2 0 0 0 0 0 19 22 0 21 13 0 0 0 14 4 7 5 0 3 
0 5 3 6 7 0 18 0 0 0 15 14 0 0 16 8 0 0 11 9 24 2 25 0 0 
19 0 18 0 0 0 8 11 0 10 0 0 7 3 6 23 25 0 0 24 14 17 0 0 13 
0 0 0 12 0 3 24 0 0 1 0 20 23 19 22 0 16 18 17 0 0 8 6 0 0 
20 0 0 0 23 0 0 0 0 11 6 5 8 0 7 0 1 3 2 25 0 18 0 0 0 
5 0 0 0 0 0 19 22 0 0 16 15 18 0 17 0 0 0 12 0 0 3 0 2 0 
15 0 14 0 18 8 0 7 0 6 1 0 0 0 2 0 21 23 0 0 0 0 11 12 9 
0 0 24 0 0 18 14 0 15 0 11 10 0 0 12 0 0 0 7 5 0 23 21 0 0 
17 0 0 0 20 0 6 9 7 8 0 0 0 1 4 21 0 25 0 0 0 0 0 0 11 
22 23 0 24 0 15 0 0 0 13 8 0 10 0 9 1 3 5 4 0 17 20 0 19 0 
0 3 1 0 5 0 16 19 0 18 13 12 15 11 14 0 8 10 9 7 22 25 0 24 21 
0 8 0 0 0 25 21 24 22 23 18 17 0 16 0 0 13 0 14 0 0 5 0 4 0 
0 0 0 14 0 0 1 0 2 3 23 0 25 21 24 0 0 0 0 17 0 10 8 9 6 
