5
19 0 0 18 20 0 6 0 4 0 10 0 7 11 0 0 24 0 23 0 0 0 0 12 0 
4 0 6 3 0 15 0 0 0 13 20 19 17 21 18 10 0 7 8 11 23 1 25 0 0 
0 0 1 23 25 0 0 0 9 8 0 0 0 16 0 0 4 2 3 6 18 21 20 17 19 
9 0 0 0 10 0 0 17 19 18 0 0 0 0 0 15 14 0 13 0 0 0 0 0 0 
14 0 0 13 0 0 1 0 0 0 5 0 2 0 0 0 0 0 18 21 8 11 10 7 9 
0 4 0 5 7 0 18 0 0 15 22 0 0 0 0 12 0 0 0 0 0 0 2 24 0 
0 14 18 15 17 2 3 24 1 0 7 6 0 8 0 22 21 0 0 0 0 0 12 9 0 
0 0 23 0 0 0 8 4 6 0 0 0 0 0 0 2 0 0 0 3 15 0 0 14 0 
0 9 13 10 12 22 0 19 21 0 2 0 0 0 0 17 16 0 15 0 5 8 0 0 0 
1 0 3 25 2 0 0 9 11 10 0 16 0 18 15 0 6 4 5 8 0 0 22 0 21 
0 23 2 0 1 11 0 0 10 9 16 0 0 17 14 6 0 0 0 0 0 0 0 0 20 
15 13 17 0 0 1 0 23 0 0 0 0 0 7 4 21 0 0 19 22 0 12 11 8 0 
0 0 12 9 0 21 22 0 0 0 1 25 0 2 0 0 0 0 14 0 4 0 0 3 5 
20 0 22 19 21 0 7 0 5 4 0 10 0 0 9 1 25 0 24 0 0 0 0 0 0 
5 0 0 0 0 0 17 13 15 14 21 0 18 0 19 0 0 8 9 0 24 2 1 0 25 
17 15 19 0 18 0 0 0 2 1 0 7 0 0 0 23 0 0 0 24 11 0 13 0 0 
12 10 0 11 13 0 0 20 22 0 0 0 25 4 1 18 17 15 16 0 0 9 8 0 7 
0 0 9 6 8 18 0 0 17 0 23 22 20 0 21 0 12 0 11 0 0 0 3 0 0 
0 0 4 0 3 13 0 0 0 0 0 17 0 0 16 8 0 0 0 0 21 24 0 0 22 
22 0 24 0 0 0 9 0 0 6 13 12 10 0 11 3 0 25 0 0 16 0 18 15 17 
0 6 0 7 9 0 20 0 18 0 0 0 0 25 0 14 13 0 12 0 0 5 0 0 3 
0 0 5 2 4 0 15 0 13 0 19 18 16 20 17 9 0 0 7 10 0 0 24 21 23 
13 11 15 0 14 24 0 21 0 0 4 3 0 0 0 19 0 16 0 0 7 10 9 6 0 
18 0 20 0 19 0 0 0 3 2 0 0 0 0 0 0 0 0 0 25 12 15 0 11 13 
0 21 0 0 0 0 10 0 8 0 14 0 11 15 0 4 0 1 2 5 0 20 19 16 0 
