5
3 25 0 2 0 0 21 0 0 0 10 11 0 12 0 16 0 0 0 14 4 7 0 5 0 
13 10 11 12 9 7 0 8 0 5 20 0 19 22 23 1 2 25 3 0 14 17 16 15 18 
8 5 6 7 0 0 1 0 24 25 15 0 0 17 0 0 0 0 0 19 9 0 11 10 13 
18 0 16 0 14 12 0 0 9 10 25 0 0 0 3 0 7 5 0 4 19 22 21 0 23 
23 0 0 22 19 17 16 0 14 15 0 6 0 7 8 11 12 10 13 9 24 0 0 25 3 
0 0 5 6 0 1 25 2 23 0 14 15 0 16 17 20 21 19 22 18 0 11 10 9 0 
2 0 0 0 23 0 20 22 18 19 9 10 8 11 12 0 0 0 17 0 3 6 0 4 0 
22 19 0 21 0 16 15 17 13 0 0 0 3 6 0 10 11 9 12 0 23 1 25 0 0 
0 0 15 0 0 11 0 0 0 9 0 0 23 1 2 0 6 4 0 0 0 21 0 19 0 
12 9 0 0 0 0 0 0 0 4 19 0 0 21 0 0 0 0 0 0 13 0 0 0 0 
0 0 2 0 25 23 22 24 0 0 0 12 10 13 14 0 0 0 19 15 0 0 0 0 9 
14 0 12 13 0 8 7 0 0 6 0 22 20 23 0 2 3 0 0 25 0 18 0 16 0 
0 0 0 18 0 0 0 0 10 11 0 0 25 0 4 7 0 6 0 0 20 23 0 21 0 
9 0 7 8 5 3 0 0 0 1 16 17 0 18 19 0 23 0 0 0 0 13 12 11 14 
0 21 0 0 0 18 17 19 15 0 0 7 5 0 9 12 13 0 0 10 0 3 0 1 0 
0 0 3 4 1 0 0 0 0 22 12 0 11 14 15 18 19 0 0 16 0 9 8 7 0 
20 0 0 19 0 14 13 15 0 12 0 3 0 4 5 8 9 0 0 0 0 24 0 22 25 
10 0 8 9 0 0 0 0 0 0 0 18 0 19 0 23 24 22 0 21 11 0 13 0 15 
25 0 23 0 21 0 18 0 0 0 7 0 0 9 10 13 14 0 15 11 0 0 0 0 0 
15 0 13 0 0 0 0 10 0 7 22 0 21 24 0 0 0 2 0 0 0 19 18 17 0 
16 0 14 0 0 10 0 0 7 8 23 24 0 0 1 0 5 3 6 0 17 20 0 18 21 
21 0 19 0 0 0 0 16 0 13 0 4 0 5 0 9 0 0 11 0 0 25 0 0 0 
0 8 0 0 7 0 4 0 0 0 18 19 0 20 0 24 0 0 0 22 0 0 14 13 0 
0 0 4 0 2 0 24 0 22 23 0 14 0 0 16 19 0 0 21 17 0 10 0 0 11 
0 23 0 0 22 0 19 0 17 18 8 9 7 0 11 0 15 0 16 12 2 5 4 3 6 
