5
8 0 5 9 6 21 22 24 23 0 0 13 0 0 0 2 1 0 25 3 16 0 15 19 0 
0 12 10 14 0 0 2 4 0 0 19 18 0 0 16 0 0 0 0 8 21 0 20 24 0 
3 2 0 0 0 16 17 0 18 0 0 8 5 0 0 0 21 0 0 23 0 0 0 14 0 
0 0 20 0 0 0 12 14 0 10 0 0 25 0 0 17 16 0 15 0 6 0 5 0 0 
18 17 0 19 16 0 0 0 0 5 24 0 20 22 21 0 11 0 10 13 1 0 25 4 0 
0 0 0 6 3 0 0 0 0 17 0 10 0 9 0 0 23 0 0 0 0 15 0 16 0 
0 0 7 0 8 23 24 0 25 0 16 15 12 14 13 4 3 6 0 5 0 0 0 0 0 
0 0 22 1 0 0 14 16 0 12 0 5 2 0 0 0 0 0 17 0 0 0 7 11 0 
20 19 0 0 0 8 9 11 0 0 1 25 0 0 0 0 0 0 0 15 0 5 0 0 4 
0 14 12 0 13 0 0 6 5 2 21 20 17 0 0 9 0 0 7 10 0 25 0 0 24 
0 0 1 5 2 0 18 0 0 16 10 9 0 0 7 23 22 25 0 0 12 0 0 15 0 
0 0 0 15 0 2 0 0 0 0 20 0 16 0 17 8 0 10 6 0 22 24 21 25 0 
24 23 21 0 22 12 13 15 0 11 5 0 0 3 0 18 0 0 16 0 7 9 6 0 8 
0 0 16 20 17 0 8 0 0 0 25 24 0 0 22 0 0 15 11 0 0 4 0 0 0 
0 0 0 0 0 22 23 0 0 0 0 14 0 13 12 3 2 0 1 0 17 0 16 0 18 
0 20 0 0 19 0 0 12 11 0 0 0 0 0 24 15 14 0 13 0 4 0 0 0 0 
0 5 3 7 0 19 0 22 0 0 0 0 8 10 0 25 24 0 23 0 14 16 13 17 0 
16 15 13 0 0 0 5 0 6 0 22 0 18 0 0 10 0 12 0 11 24 1 0 0 0 
1 0 23 0 0 14 0 0 16 0 7 0 0 5 0 0 19 0 18 21 9 0 0 12 0 
0 0 8 12 0 0 0 0 1 23 17 16 13 0 0 5 0 0 3 6 19 21 0 0 20 
2 0 0 0 25 0 16 18 17 0 8 0 0 0 5 0 20 0 19 22 0 12 0 13 0 
0 11 9 0 0 0 0 0 2 0 18 0 14 0 15 6 5 8 0 0 0 0 0 0 0 
0 0 19 0 0 0 0 0 0 0 3 0 24 0 25 0 0 18 0 0 5 0 0 8 0 
7 0 4 8 5 20 0 23 0 0 0 12 9 11 10 0 0 0 0 0 15 17 14 0 0 
0 0 14 18 0 5 0 0 7 4 0 0 0 21 20 11 10 0 0 0 25 2 0 3 1 
