5
0 13 0 0 0 0 24 0 22 0 0 0 5 0 0 0 9 0 0 0 0 0 0 17 18 
4 3 0 0 0 0 0 15 12 0 19 0 0 0 18 0 24 1 0 23 0 0 0 0 8 
0 23 22 0 25 0 9 0 7 0 14 0 0 12 0 20 19 0 0 18 6 0 4 0 0 
9 8 7 0 0 18 0 0 0 21 0 0 0 0 0 0 0 6 0 0 0 15 0 12 0 
19 0 17 21 0 0 0 0 0 6 0 11 0 7 8 0 0 16 12 13 0 25 0 0 0 
0 9 8 0 0 19 0 0 0 0 25 0 1 0 24 6 0 0 3 0 0 0 15 13 0 
15 0 0 0 16 0 0 0 0 0 0 0 0 0 0 0 0 12 0 0 0 21 0 18 0 
0 0 0 2 0 0 0 0 0 12 15 0 16 0 0 0 0 0 0 19 7 0 0 0 0 
20 0 18 22 21 4 5 6 3 7 10 0 0 8 9 0 15 0 13 0 2 1 0 0 0 
5 0 0 7 0 14 0 0 13 17 20 22 21 18 0 0 0 2 0 24 12 0 0 0 0 
0 2 1 0 0 0 0 0 11 0 0 0 19 16 0 24 23 0 21 22 10 0 0 0 0 
0 22 21 25 0 0 8 0 0 10 0 0 14 0 0 0 18 0 0 0 5 0 3 0 0 
8 7 0 0 0 0 0 0 16 0 0 0 0 0 0 4 3 5 0 2 15 0 0 11 12 
0 0 11 15 0 0 0 24 21 0 3 0 0 0 0 9 0 10 6 0 0 0 0 16 0 
0 17 0 0 19 0 0 0 0 0 0 10 9 6 0 14 0 15 0 0 0 0 23 21 22 
17 16 0 0 18 0 2 0 0 0 0 9 0 0 0 0 0 0 0 0 24 0 0 20 0 
0 1 0 0 0 11 0 13 0 0 0 0 18 0 0 23 0 0 20 0 9 8 7 5 6 
7 0 0 0 0 16 17 0 0 19 0 24 0 0 21 0 0 0 25 1 0 0 12 10 0 
0 21 0 0 0 0 0 0 0 0 0 0 0 0 0 0 0 19 15 0 0 0 0 0 0 
0 11 0 0 0 0 22 0 0 0 2 4 3 25 0 0 0 9 0 0 0 0 0 0 16 
0 0 0 13 12 20 21 0 19 0 1 0 2 24 25 0 0 0 4 0 18 0 16 0 0 
0 5 0 0 0 15 0 0 0 18 21 0 0 0 20 2 1 0 0 0 0 0 0 0 0 
0 15 14 0 17 0 1 2 0 3 0 0 0 4 5 12 0 0 0 0 0 22 0 0 20 
1 0 0 0 0 10 11 0 0 13 0 18 17 0 0 22 0 23 19 20 8 0 0 0 5 
0 20 19 0 0 5 0 0 0 0 0 0 0 9 10 17 0 0 0 0 0 0 1 0 25 
