5
4 0 0 3 0 0 0 0 0 0 0 0 17 16 0 20 23 21 0 0 0 0 0 0 0 
0 0 20 23 0 0 0 25 0 1 0 13 12 0 10 0 0 16 0 0 6 0 5 8 0 
19 0 0 18 0 0 0 0 24 0 0 0 0 0 5 0 13 11 0 0 0 0 0 0 0 
9 6 5 8 7 12 13 0 0 11 24 23 0 0 20 0 0 0 2 0 0 0 0 18 0 
0 0 0 13 0 17 0 0 0 0 0 3 2 0 25 0 0 0 7 9 0 0 0 23 24 
0 25 24 0 1 6 0 0 0 0 0 0 0 0 14 0 0 20 21 0 0 0 9 0 0 
0 0 0 0 21 0 2 0 0 0 13 0 11 0 0 14 17 0 16 0 5 0 0 7 8 
13 10 9 0 0 16 0 14 0 0 3 0 0 0 0 4 7 5 0 0 0 0 19 22 0 
18 0 14 17 0 0 22 0 0 0 0 7 0 0 4 0 0 10 11 13 25 0 0 2 3 
8 0 4 7 6 0 0 9 13 10 23 0 21 0 0 0 0 0 1 3 0 16 0 17 0 
0 0 0 19 0 23 24 0 0 0 0 9 0 0 0 0 0 0 0 15 0 3 0 0 0 
0 0 0 0 23 3 0 0 0 0 0 0 0 12 0 0 19 0 0 0 0 0 0 0 10 
0 0 6 9 0 13 0 0 0 0 0 0 23 0 0 0 4 2 0 0 0 0 0 0 0 
0 0 0 0 3 0 0 0 10 7 20 0 0 17 16 21 0 0 23 25 0 0 0 14 15 
0 0 0 14 0 0 0 0 20 0 0 4 3 0 0 0 0 7 0 0 0 0 0 0 0 
12 9 0 0 0 0 16 0 0 14 0 0 25 0 0 0 0 0 0 0 19 0 0 21 0 
7 0 3 0 5 0 0 8 0 0 22 21 0 0 0 23 0 0 0 0 0 0 0 0 0 
0 14 0 0 0 0 0 0 0 0 0 6 0 4 0 0 11 0 0 12 24 0 0 0 0 
0 0 18 0 0 0 1 0 0 0 0 11 10 9 0 0 0 0 0 17 0 0 3 0 0 
0 0 23 0 0 0 0 3 7 0 0 0 0 0 0 18 0 19 0 0 9 0 0 0 12 
0 0 0 0 0 4 0 2 0 0 16 15 0 13 0 17 0 0 19 0 8 0 7 10 11 
0 0 17 0 0 24 25 0 1 0 0 10 9 0 0 12 0 13 0 16 0 4 0 0 6 
0 0 0 0 0 0 0 0 0 0 1 25 0 0 0 0 0 0 4 6 0 0 0 20 0 
0 3 0 5 0 9 0 0 0 8 0 20 0 0 0 0 25 0 0 1 13 0 0 0 0 
0 0 0 0 0 0 20 17 21 0 0 0 0 0 0 0 0 8 9 11 23 0 22 0 0 
