5
0 0 13 15 0 0 0 24 0 25 0 11 0 0 0 0 0 0 0 17 0 0 4 0 0 
11 0 8 0 9 21 18 0 17 0 0 0 0 4 0 14 15 16 0 12 22 0 24 0 0 
21 17 18 20 0 6 0 4 0 5 0 16 0 0 0 24 25 0 0 22 0 10 0 8 0 
0 22 23 25 24 0 8 0 0 0 0 0 17 19 20 4 5 6 0 2 0 15 0 0 0 
0 0 3 0 4 16 13 14 0 0 0 0 0 0 0 9 0 0 8 0 0 20 0 18 0 
0 0 7 0 8 20 0 0 0 0 2 0 0 0 4 13 0 15 0 0 21 24 23 0 0 
20 0 0 0 18 5 2 0 0 0 12 15 0 0 14 0 24 0 0 0 0 0 0 0 10 
0 11 12 14 0 0 22 0 0 0 7 10 0 8 0 18 0 0 0 16 0 0 0 2 5 
0 0 2 0 3 15 0 13 0 0 0 0 0 0 0 8 9 0 7 0 0 0 0 0 20 
0 0 22 0 23 0 0 0 6 9 17 0 0 18 19 3 4 5 0 1 11 0 13 0 0 
0 0 0 0 25 12 9 0 8 11 0 22 0 0 21 0 6 0 0 0 0 16 15 0 17 
0 0 14 0 0 2 0 25 23 1 0 12 0 10 0 20 0 0 0 18 0 6 0 4 0 
22 0 0 21 0 0 4 0 0 0 0 17 0 15 0 0 0 0 0 0 0 0 0 9 0 
12 0 0 11 0 22 19 20 0 0 0 7 3 5 6 0 16 17 0 0 0 0 0 0 2 
0 3 0 6 5 0 14 0 0 16 0 0 0 0 0 0 0 0 9 0 0 0 20 0 0 
0 0 20 0 0 8 0 6 0 7 0 0 0 0 17 0 2 0 25 0 9 0 0 0 13 
0 0 0 2 1 0 10 0 0 12 0 0 0 21 22 0 7 0 0 0 0 0 0 0 0 
8 0 0 0 0 0 0 0 0 17 25 0 0 0 2 11 0 13 10 0 0 0 0 20 23 
0 14 0 0 0 3 25 0 24 2 0 0 9 0 12 0 0 0 0 0 0 7 0 0 0 
13 0 0 12 0 0 0 0 0 0 0 8 0 0 0 0 0 18 0 0 0 2 0 25 3 
0 0 0 0 2 14 11 0 10 0 0 24 0 0 0 0 8 9 0 0 0 0 0 16 0 
0 0 0 0 0 9 6 0 0 0 0 0 0 0 18 0 0 4 1 25 10 0 12 0 14 
19 15 0 0 17 0 0 0 0 0 0 0 10 0 0 0 23 0 21 20 0 8 0 6 9 
9 0 6 0 7 0 16 0 15 0 1 0 25 0 3 0 13 0 11 0 0 0 22 0 24 
0 0 0 0 0 24 21 22 0 23 6 0 0 7 0 17 18 0 16 15 25 0 0 0 4 
