5
18 17 0 0 0 10 0 0 0 0 3 0 0 2 0 0 0 22 1 24 0 0 0 0 0 
0 12 0 0 0 5 0 3 0 0 0 0 25 0 1 18 0 0 21 19 0 0 8 0 9 
0 0 4 6 0 20 0 0 0 21 0 14 0 0 0 8 10 7 0 0 0 0 0 0 24 
0 22 0 1 25 0 0 0 12 16 8 9 0 0 0 0 0 2 6 4 20 21 0 0 0 
8 7 0 11 0 0 0 0 22 0 0 0 0 0 0 0 0 0 0 14 0 0 0 2 0 
25 0 1 3 2 0 0 0 14 18 10 0 12 9 0 0 7 0 0 0 0 0 0 19 0 
0 19 0 23 22 0 0 10 0 0 0 0 7 0 0 25 2 0 3 1 0 0 0 14 0 
0 9 0 13 12 2 1 0 0 0 0 0 22 19 0 0 17 14 0 0 7 0 5 4 0 
0 14 0 0 17 7 6 5 4 0 0 0 0 24 0 20 0 0 0 0 0 13 0 9 11 
0 0 0 0 7 0 0 0 0 23 15 16 17 0 18 0 12 0 13 0 0 0 25 0 0 
0 16 18 0 0 0 0 7 0 0 0 0 4 0 0 22 0 21 0 0 0 15 0 11 0 
0 21 0 25 0 0 0 0 0 0 7 0 9 6 10 0 0 0 5 3 0 0 0 0 18 
0 1 3 0 0 19 18 0 0 0 0 13 0 0 0 0 9 0 10 0 24 25 0 21 0 
0 0 8 0 0 0 0 22 0 0 0 0 0 16 20 12 0 0 0 0 4 0 0 0 0 
12 0 13 15 14 4 3 2 0 0 0 0 0 0 0 17 0 16 0 0 9 10 0 0 0 
14 0 0 17 16 6 5 0 3 7 24 0 1 23 0 0 21 0 22 0 0 12 9 0 10 
0 0 25 0 0 0 0 14 0 0 0 10 0 8 12 4 6 3 7 5 21 22 19 0 0 
19 0 20 0 21 11 10 9 0 0 0 0 0 0 7 0 1 0 2 0 0 17 14 13 0 
0 0 5 7 0 0 0 19 0 22 14 0 0 13 0 0 0 0 12 10 0 0 24 23 0 
9 0 0 12 0 0 25 0 0 2 0 0 0 18 0 0 0 13 17 0 0 7 4 0 0 
0 20 22 0 23 0 0 11 0 14 6 7 8 5 0 0 0 0 4 2 0 0 16 0 0 
11 10 12 0 13 3 0 0 25 4 21 0 0 0 0 0 18 15 0 17 8 0 6 0 7 
0 25 0 0 0 0 0 0 0 0 0 0 13 10 14 0 8 0 9 7 23 0 0 0 22 
0 15 0 0 0 0 7 6 5 0 0 2 0 0 4 21 23 0 0 22 0 0 0 0 12 
0 0 0 0 8 0 22 0 20 0 0 0 0 0 0 0 13 0 14 0 0 0 1 0 2 
