5
0 0 11 0 8 0 0 0 0 6 14 0 15 0 0 17 0 19 18 0 0 25 0 0 0 
0 0 0 22 23 17 18 0 20 21 0 3 0 6 0 7 0 9 8 0 0 15 14 12 13 
14 0 0 12 13 0 8 9 10 11 0 0 0 0 0 22 0 0 0 1 0 0 0 2 0 
0 0 6 0 3 0 23 0 25 0 0 0 0 11 7 0 0 0 0 0 0 0 19 0 0 
19 0 21 0 0 0 0 14 15 16 0 0 25 0 22 0 0 0 3 6 0 0 0 7 8 
11 0 13 0 0 4 5 6 7 8 16 15 0 0 14 19 0 0 20 23 0 0 0 0 0 
0 2 3 0 0 19 0 21 0 23 0 5 0 0 4 0 12 0 0 0 18 0 0 0 15 
0 7 0 0 5 0 0 1 0 0 11 0 0 13 0 0 0 0 0 0 23 22 0 19 0 
0 0 23 0 0 0 15 16 0 0 1 0 2 0 24 0 7 6 0 0 13 0 11 0 10 
16 17 0 14 0 0 0 11 12 13 0 0 0 23 19 0 0 1 25 3 8 0 6 4 0 
13 14 0 11 0 0 0 0 0 0 0 17 0 20 16 0 0 0 0 0 0 4 0 0 0 
18 0 0 0 17 0 12 0 0 0 0 22 0 0 0 1 4 0 0 5 10 9 0 0 0 
8 9 0 0 0 1 0 0 4 5 0 12 14 15 0 16 19 0 17 0 0 24 23 21 0 
3 4 5 0 0 0 0 23 0 0 8 7 9 10 0 0 14 0 12 0 0 0 0 0 17 
23 24 25 0 0 16 0 18 19 0 0 0 4 0 1 0 0 8 7 0 15 0 0 11 0 
0 0 0 25 1 20 0 0 0 24 7 0 0 9 0 0 0 0 11 0 19 0 0 0 0 
17 0 0 15 0 10 0 0 13 0 0 0 0 0 20 25 0 0 1 4 9 0 7 5 6 
7 8 0 0 0 0 1 0 0 4 0 11 0 0 0 0 0 0 0 0 0 23 0 0 21 
0 13 0 0 0 0 6 0 0 0 0 0 0 0 0 0 0 22 0 0 0 3 0 0 0 
22 23 0 20 21 15 0 0 18 0 0 0 0 0 0 0 0 0 6 9 14 0 12 10 0 
15 0 0 0 0 0 0 0 0 12 20 19 0 0 0 23 0 25 0 0 0 0 0 0 4 
10 0 0 0 0 3 0 5 0 7 15 0 0 0 13 0 21 0 19 22 0 0 25 23 24 
25 0 0 23 24 0 19 0 0 0 0 4 0 7 3 0 0 0 9 0 17 0 15 13 14 
20 0 0 18 0 0 0 15 16 0 0 24 0 2 0 0 6 0 4 0 0 11 0 8 9 
5 0 7 0 0 0 24 0 0 0 10 9 0 12 8 13 0 0 14 0 0 0 0 0 19 
