5
6 0 0 0 0 0 0 0 0 20 22 0 0 0 23 0 15 16 0 0 11 8 0 7 0 
21 0 0 20 0 7 11 0 0 10 0 0 0 0 13 3 0 0 2 0 1 23 0 22 0 
0 0 0 0 0 0 1 23 0 25 2 0 0 5 0 0 0 21 0 19 16 0 0 0 15 
1 23 24 0 22 0 0 0 0 0 0 21 19 0 0 0 10 11 0 0 0 0 0 2 0 
0 13 14 15 0 0 6 3 0 0 7 0 9 10 0 23 25 0 0 0 21 18 0 17 20 
0 21 22 0 0 0 14 11 12 0 15 0 17 0 0 6 0 0 5 7 4 0 0 0 3 
14 11 12 0 10 0 0 0 0 3 5 9 7 0 0 21 0 0 20 0 19 0 0 0 18 
0 0 0 0 15 5 0 0 7 0 10 14 12 0 0 0 0 4 25 0 0 21 22 20 0 
0 0 0 3 0 0 19 0 0 0 0 24 0 0 21 11 0 0 10 0 9 0 0 5 8 
0 0 0 8 0 20 0 0 0 23 25 0 0 3 1 16 18 19 0 0 0 0 12 10 0 
10 7 8 0 6 0 25 22 23 24 1 0 0 0 0 0 0 0 0 0 15 0 13 0 0 
0 17 0 0 16 0 10 0 0 0 0 0 13 0 12 0 4 0 1 0 25 22 23 0 24 
15 12 0 14 0 1 0 2 0 0 6 10 0 0 0 22 0 0 21 23 0 0 18 0 0 
0 0 0 24 21 11 0 0 13 0 0 20 0 0 0 0 9 10 0 0 5 0 0 0 0 
5 0 0 4 0 0 0 17 0 0 0 0 0 0 22 0 0 15 11 0 0 0 0 0 0 
0 0 0 0 0 0 13 10 0 0 0 18 0 0 15 0 0 8 0 0 0 25 0 24 0 
0 0 11 0 9 0 0 0 0 0 0 8 0 0 5 0 0 0 19 0 0 0 0 14 0 
3 0 1 2 0 14 18 0 0 0 19 0 0 0 20 0 12 0 0 11 0 0 0 4 0 
0 0 0 0 0 0 23 0 21 0 0 3 1 2 25 0 17 0 0 16 0 10 11 9 12 
0 15 16 17 0 4 8 0 6 0 9 0 11 0 10 25 0 0 24 0 0 0 21 19 0 
0 19 0 0 0 0 12 9 10 11 0 0 0 0 0 4 0 7 0 0 0 24 25 23 0 
2 24 25 1 23 13 0 14 0 0 0 0 20 21 19 9 11 0 0 10 0 4 5 0 0 
0 14 15 16 0 0 0 0 0 0 0 12 10 11 0 24 0 0 23 0 0 0 0 18 0 
0 0 5 6 0 0 0 19 20 0 0 0 0 1 0 0 16 0 0 0 0 0 0 0 0 
12 0 0 11 8 0 0 0 0 1 3 0 5 6 0 0 0 22 18 0 17 0 0 0 16 
