5
0 0 0 0 6 0 0 0 0 0 24 1 2 0 0 22 20 19 21 0 0 0 0 0 0 
0 0 14 0 0 0 0 0 0 0 0 0 12 10 8 7 0 0 0 3 0 0 0 25 1 
0 23 0 2 0 0 0 0 5 4 0 0 22 20 0 0 0 0 0 0 8 0 9 0 0 
0 8 0 12 11 0 0 0 0 14 4 0 0 5 0 2 0 24 0 0 0 22 0 20 0 
0 0 0 0 21 0 0 0 0 0 0 16 0 15 0 12 0 9 0 8 0 0 0 5 0 
23 0 0 0 24 0 5 0 3 2 17 19 20 0 0 15 0 0 14 0 6 0 7 0 9 
0 1 0 0 0 6 0 9 0 7 22 0 0 23 0 20 18 17 19 0 11 15 12 13 14 
18 16 17 0 19 0 25 0 0 22 12 14 0 0 11 10 0 7 0 6 1 0 0 3 0 
0 0 7 10 0 0 15 0 0 0 0 0 0 3 1 0 0 22 0 0 16 20 0 18 0 
0 0 0 15 14 16 0 0 0 0 0 0 0 0 6 0 0 0 0 0 21 0 22 23 0 
2 25 1 0 0 0 9 0 0 0 0 23 24 0 0 0 0 0 0 15 10 0 0 0 13 
17 15 16 0 0 0 0 23 22 0 0 0 0 12 10 9 0 6 0 0 0 0 1 0 0 
7 0 6 9 0 0 14 0 12 0 1 0 0 0 25 24 22 0 0 0 15 19 0 0 0 
0 0 0 14 13 0 0 0 0 0 0 0 0 0 0 4 0 0 0 0 0 24 21 22 0 
0 0 0 0 23 0 4 0 0 0 0 18 19 0 0 14 0 11 0 0 5 0 0 0 8 
0 0 18 0 20 22 0 0 0 23 13 15 0 0 12 11 9 0 0 7 2 6 0 0 5 
9 7 8 0 0 12 0 15 0 0 0 5 6 0 0 0 24 0 0 22 0 0 18 19 0 
0 0 0 0 15 0 21 0 0 0 8 0 0 0 0 6 0 3 5 0 0 1 0 24 0 
0 2 3 0 0 0 11 10 0 0 23 0 1 24 22 0 0 18 20 17 0 16 13 0 15 
0 0 0 1 0 2 0 0 0 3 0 20 21 19 0 0 0 0 15 0 7 0 8 9 0 
21 0 20 0 0 0 0 0 0 0 0 0 0 0 14 13 11 0 0 9 0 8 0 6 0 
1 24 25 0 2 0 0 7 6 0 0 0 0 0 0 18 16 0 0 0 9 13 10 0 0 
0 9 0 13 12 14 18 17 0 15 0 7 0 0 4 3 1 0 0 0 19 0 20 0 0 
6 4 0 0 7 9 13 12 0 10 25 2 0 0 0 0 0 0 22 0 0 0 0 0 0 
0 0 15 18 17 0 0 22 0 0 0 0 0 11 0 8 0 0 0 4 24 0 0 1 0 
