5
0 25 0 0 0 0 9 0 0 0 0 16 15 0 13 0 0 4 0 5 0 0 18 19 0 
16 0 0 0 0 0 24 23 1 0 0 0 0 2 3 0 21 19 0 0 10 0 0 0 0 
6 5 4 0 0 0 0 13 0 0 0 0 0 0 0 0 0 0 0 10 0 0 0 0 0 
0 10 0 0 0 20 19 0 21 0 0 0 0 22 23 0 16 0 13 0 5 2 0 4 6 
21 0 19 18 17 0 0 3 6 0 0 0 10 7 8 0 1 0 0 0 15 0 0 0 0 
0 13 0 0 10 0 0 0 24 0 2 4 0 0 1 15 0 0 16 0 0 0 0 0 0 
0 0 0 6 0 18 0 0 19 15 22 0 23 20 0 0 0 12 0 13 0 25 0 0 4 
0 0 22 21 0 0 7 0 0 0 0 0 0 0 0 25 4 0 1 3 0 0 16 17 0 
4 3 0 0 0 13 12 11 0 10 0 19 18 0 16 5 9 7 6 0 0 0 21 0 24 
0 18 0 0 15 3 2 0 0 0 0 0 0 5 6 0 0 22 21 0 0 10 0 12 0 
0 21 20 0 18 6 5 0 0 0 10 12 0 0 9 0 0 0 24 0 16 0 0 15 17 
12 0 0 9 0 21 20 19 22 0 25 0 1 0 0 13 0 0 14 0 0 0 0 5 0 
17 16 0 14 0 0 25 24 0 23 0 7 0 3 0 18 0 20 0 0 11 8 0 10 0 
2 1 25 0 23 11 10 0 0 0 0 0 0 0 14 0 0 5 0 0 21 0 0 0 0 
0 6 0 4 3 0 0 0 0 0 0 0 0 18 0 0 0 10 0 0 1 23 0 25 0 
10 0 8 7 0 19 0 17 20 0 0 0 24 21 0 0 15 13 12 14 4 0 2 0 0 
0 0 0 0 0 4 3 0 5 1 0 0 0 0 0 0 25 0 22 0 0 0 12 13 15 
0 24 23 0 21 0 8 7 10 6 0 0 0 0 12 0 0 0 2 4 0 0 17 0 0 
0 0 0 0 1 0 13 0 0 11 0 0 19 16 0 0 0 0 7 0 0 21 0 0 0 
0 14 13 12 11 24 0 0 0 21 0 0 4 0 0 0 20 0 0 0 0 0 7 8 10 
0 0 0 0 0 0 21 0 0 0 0 0 0 0 25 14 18 0 0 0 0 0 0 0 0 
23 22 21 0 19 7 6 5 0 0 11 13 0 0 0 24 3 1 0 2 0 0 0 0 0 
18 17 16 15 0 2 1 25 0 24 6 0 0 0 5 0 0 21 0 0 12 9 0 0 0 
8 0 6 5 4 0 16 0 0 0 21 0 0 0 0 0 13 11 10 12 2 0 25 0 0 
0 2 1 25 24 0 0 10 13 9 0 18 0 14 15 4 0 6 5 7 22 0 0 21 23 
