5
0 10 0 0 0 2 0 0 24 0 18 0 15 0 0 0 0 5 0 7 0 0 22 19 0 
7 5 0 6 8 22 0 23 0 21 0 0 0 11 0 0 1 25 0 0 0 18 17 14 15 
0 15 0 0 0 7 0 8 0 6 23 19 20 0 0 9 11 10 0 12 0 0 2 24 25 
0 20 19 0 0 0 0 13 0 11 0 0 0 0 2 0 16 0 0 17 0 0 7 0 0 
2 0 24 0 3 0 0 0 14 16 0 0 5 6 0 0 21 0 23 22 11 13 0 9 0 
0 9 8 10 0 1 0 0 0 0 0 13 14 15 0 0 5 4 7 0 20 0 21 18 0 
0 24 0 0 0 16 0 0 0 15 0 0 4 5 0 0 0 0 0 21 10 0 0 8 0 
6 0 0 0 0 0 19 0 0 0 12 0 9 0 0 23 0 24 2 1 15 17 16 13 14 
0 19 18 0 22 11 0 0 8 0 2 23 0 0 0 13 15 14 0 16 0 0 0 0 4 
0 14 0 0 17 6 0 0 3 5 22 0 0 0 21 0 0 0 12 0 25 2 1 23 0 
0 0 21 0 25 0 0 0 11 13 0 0 0 3 4 0 0 0 20 19 0 0 0 6 7 
0 17 16 0 20 0 0 0 6 8 25 0 0 0 0 0 0 0 0 14 3 0 0 1 0 
4 0 0 3 5 19 17 0 0 0 10 0 0 0 0 0 0 0 25 24 0 15 14 0 12 
0 0 0 0 0 24 0 0 0 23 15 0 12 0 0 0 3 2 0 0 0 0 0 0 0 
0 0 0 0 0 0 0 5 0 3 0 16 0 0 19 0 8 7 0 9 23 0 0 21 22 
3 1 25 0 4 0 16 0 15 17 0 0 6 7 8 0 0 21 24 0 0 0 0 10 0 
23 0 0 0 24 0 11 0 10 12 0 25 0 0 3 0 17 0 19 0 7 9 0 0 0 
0 16 15 17 0 0 6 9 0 0 24 20 0 0 23 0 0 0 0 0 2 4 0 0 1 
0 0 10 12 0 0 1 0 0 0 19 15 0 0 0 5 0 0 0 0 0 24 23 0 0 
8 6 0 0 9 0 21 0 0 0 0 0 11 0 0 25 2 0 0 3 0 0 0 0 0 
5 0 0 4 6 20 0 21 17 0 11 7 8 9 0 0 0 0 1 25 14 16 15 12 0 
0 23 0 24 1 15 0 16 0 0 6 2 0 0 0 17 0 0 0 0 9 0 10 0 0 
0 0 12 14 0 0 3 6 2 0 21 0 0 19 0 0 0 0 0 0 0 0 0 0 23 
0 0 0 19 0 10 8 0 7 0 0 0 23 0 0 12 0 0 0 0 0 6 5 2 0 
10 8 7 0 0 25 23 1 22 0 16 0 13 0 0 0 4 0 0 5 19 0 0 17 18 
