5
22 0 23 0 0 20 0 0 0 0 5 0 2 0 3 0 14 12 0 13 11 9 0 0 0 
0 0 0 14 0 0 7 0 11 8 0 0 0 0 0 5 0 0 6 0 1 24 22 25 23 
0 0 3 0 5 25 22 0 1 0 0 0 0 11 8 20 0 17 0 18 16 0 0 0 0 
7 11 8 9 0 0 0 4 6 3 0 0 0 16 13 25 24 22 1 0 21 0 0 20 0 
0 0 18 0 0 0 0 0 16 0 0 0 22 0 0 0 0 0 0 0 0 0 0 5 3 
13 17 14 0 16 11 0 0 12 0 0 0 18 0 19 6 0 3 7 4 0 0 0 0 24 
0 0 19 20 21 0 0 15 0 14 0 0 0 0 0 11 0 0 0 0 0 5 3 6 0 
0 12 9 0 0 0 0 5 7 0 16 0 0 17 0 0 0 23 2 24 22 0 0 0 19 
0 0 4 5 0 0 0 25 2 0 11 10 8 12 0 0 20 0 22 0 17 0 13 16 0 
23 0 24 0 1 21 18 0 22 0 0 0 0 0 0 16 15 0 17 0 12 10 8 0 0 
0 23 0 21 0 17 0 0 18 0 0 0 0 3 25 12 0 0 13 0 8 0 0 0 5 
0 0 0 1 0 0 0 21 23 0 7 0 4 8 0 0 0 14 0 15 0 11 9 12 0 
4 8 0 6 0 2 24 0 3 0 12 0 0 0 0 22 0 0 23 0 0 0 14 17 0 
0 0 0 0 17 0 0 11 0 0 22 21 19 0 0 0 6 4 0 0 3 1 24 2 25 
0 13 0 0 12 0 0 0 0 0 0 0 0 0 0 0 1 0 0 25 0 21 0 22 0 
0 24 0 22 0 0 15 0 0 0 0 0 25 4 0 13 12 10 0 11 0 7 5 0 6 
5 0 6 7 8 0 0 2 0 1 0 0 0 0 0 23 0 20 0 0 19 0 0 0 0 
0 0 1 0 3 0 0 0 0 0 8 7 5 9 6 0 17 15 0 16 0 0 10 13 0 
15 0 0 17 18 13 0 0 14 0 0 0 0 24 0 0 0 0 0 6 4 0 0 3 1 
10 14 0 0 13 8 0 7 9 0 0 0 15 0 0 0 2 0 0 1 24 22 0 0 21 
0 5 0 0 0 0 0 0 0 0 0 0 0 0 7 0 0 0 20 0 15 0 0 0 0 
6 0 7 0 0 4 0 3 0 2 14 0 11 0 12 0 23 0 0 0 0 18 16 0 0 
16 20 0 18 0 0 0 0 0 0 0 0 21 0 22 0 8 0 0 0 5 0 0 4 0 
11 15 0 13 14 9 0 0 10 0 0 0 16 0 0 0 0 1 0 2 0 0 0 24 22 
21 25 22 23 24 0 16 18 0 17 4 0 1 0 2 14 13 0 0 12 0 0 0 9 7 
