5
0 0 6 0 0 0 25 0 0 0 0 0 12 0 0 0 0 0 0 4 19 0 18 17 0 
0 0 1 5 0 18 20 17 16 0 0 10 7 0 0 0 0 0 23 0 0 0 0 0 0 
0 23 0 25 24 13 15 12 0 0 0 0 0 0 0 0 17 16 18 0 0 10 8 7 6 
12 13 0 0 0 0 0 2 0 4 18 20 17 16 0 10 0 0 8 9 0 25 23 22 21 
0 18 0 20 19 0 10 0 6 9 0 25 0 0 24 15 0 0 0 14 0 0 0 2 0 
6 0 5 0 0 0 0 0 20 0 0 0 0 10 0 0 1 25 2 3 0 19 0 0 0 
0 2 0 4 3 0 19 0 15 18 0 9 0 0 0 24 0 0 0 0 0 14 12 0 0 
11 0 0 0 0 0 0 0 25 0 0 0 16 15 0 9 0 5 7 0 0 0 0 21 0 
0 0 0 0 23 0 0 0 10 13 0 4 0 25 0 19 0 15 0 0 0 0 7 6 0 
16 0 0 19 0 7 0 6 5 8 0 24 21 0 0 0 11 0 0 0 3 4 2 0 0 
0 4 0 0 5 0 0 18 0 20 0 11 0 0 0 1 23 22 24 0 15 0 0 13 0 
0 14 0 0 15 0 0 0 2 5 0 21 0 0 0 0 8 0 0 10 0 1 0 23 22 
18 0 17 0 0 9 0 0 7 0 0 1 0 0 0 16 0 0 0 0 5 0 0 3 0 
8 0 0 11 0 24 1 23 22 0 14 0 0 12 0 0 0 0 0 0 20 0 0 0 0 
0 0 22 0 25 0 0 0 12 15 0 0 0 0 5 21 18 17 0 0 0 11 9 0 7 
19 0 18 0 21 10 0 0 0 11 0 0 24 0 1 0 0 13 0 0 0 7 0 0 3 
9 0 0 0 11 0 0 0 23 1 0 0 0 0 0 0 4 3 5 6 0 0 20 0 18 
0 0 0 2 1 15 0 14 0 16 0 0 4 0 0 22 19 18 20 0 0 0 0 9 8 
14 0 0 0 16 0 0 0 3 6 20 0 0 0 21 12 0 8 10 11 0 0 25 0 23 
4 5 0 7 6 0 0 0 18 0 10 12 0 0 11 2 0 0 25 1 16 17 0 14 13 
20 0 0 23 0 11 0 10 9 12 0 3 25 0 0 18 0 0 0 0 0 0 0 0 4 
0 11 9 13 0 0 0 0 24 0 0 18 0 0 17 0 5 0 0 0 0 0 0 0 19 
15 16 0 0 0 6 8 0 0 0 0 0 20 19 22 13 0 9 0 0 0 0 0 0 0 
25 0 0 0 0 0 18 15 0 17 6 8 0 0 0 0 20 0 21 22 0 0 0 0 0 
0 0 4 0 0 0 0 20 19 0 0 0 0 9 12 3 25 0 1 0 17 0 16 0 0 
