5
16 0 14 0 0 4 0 3 0 5 0 0 0 0 21 1 25 0 0 2 9 0 11 0 0 
6 7 4 5 0 0 0 18 0 0 0 0 12 9 0 0 0 0 0 0 0 0 1 0 0 
21 22 0 20 0 0 0 8 11 10 25 23 0 24 1 6 5 0 0 7 0 15 0 13 17 
1 2 0 0 0 0 0 13 0 15 5 3 7 4 6 0 0 0 0 12 0 0 0 18 0 
11 0 0 0 0 24 2 23 0 25 15 13 0 14 0 21 0 0 0 0 4 0 6 3 7 
0 0 10 0 9 0 3 24 2 0 16 14 0 0 0 22 0 0 0 23 0 0 0 4 0 
7 0 5 6 0 0 0 19 0 0 0 0 0 10 0 0 0 15 0 0 0 0 0 24 0 
0 0 20 0 0 0 0 0 0 0 1 0 3 0 0 7 6 5 0 0 15 0 17 14 0 
0 3 0 0 24 15 0 14 0 0 6 0 8 5 7 0 0 0 0 13 0 0 22 0 0 
0 0 0 0 0 0 8 4 0 6 0 19 0 0 0 0 1 0 24 0 0 0 0 9 13 
0 0 0 23 21 12 0 0 0 13 3 0 5 2 4 0 0 0 0 0 17 18 0 0 0 
4 0 0 0 1 0 20 16 19 18 0 6 0 0 9 14 0 0 0 15 0 0 0 0 25 
0 0 12 0 11 2 0 0 0 0 0 0 20 0 19 24 0 22 21 25 7 0 9 6 0 
0 0 17 18 0 0 10 0 0 0 23 0 0 0 0 4 0 2 0 5 12 13 0 0 0 
0 0 0 8 6 0 0 0 24 0 0 11 15 0 14 0 0 0 0 0 2 0 0 0 0 
18 0 16 17 0 0 0 0 8 7 22 0 24 21 23 3 0 0 0 0 11 0 0 0 0 
0 0 0 0 0 1 4 25 0 2 17 15 0 0 0 0 0 0 20 0 0 0 0 5 0 
0 0 1 2 25 0 0 0 18 0 0 0 0 0 8 0 0 0 0 0 21 22 0 0 24 
0 24 0 0 0 0 0 0 13 0 2 0 0 0 0 8 0 6 5 0 0 17 18 0 0 
0 0 0 7 5 0 24 20 0 0 0 0 14 0 0 0 17 0 0 19 1 0 0 0 4 
0 21 0 19 0 0 0 0 10 0 0 0 1 23 0 0 4 0 0 0 13 14 0 0 16 
0 0 0 4 0 18 0 0 0 19 9 0 0 8 0 0 14 0 12 16 0 0 0 0 0 
0 0 0 0 0 0 1 0 0 0 0 12 0 0 0 0 0 0 17 0 0 0 0 0 0 
0 1 0 24 0 0 16 0 0 0 0 0 6 3 5 10 9 0 0 0 0 0 20 17 0 
0 0 13 14 12 0 0 0 5 4 19 17 21 18 0 25 0 23 0 1 0 0 0 0 0 
