5
0 0 0 1 0 0 11 0 0 0 0 18 0 0 0 0 0 2 3 0 0 15 0 14 0 
0 0 0 0 0 0 6 2 0 0 0 13 16 12 15 0 1 22 23 0 7 0 8 0 0 
14 0 13 16 12 23 1 0 0 25 0 0 0 0 0 0 0 0 18 0 0 5 0 4 0 
0 0 8 11 7 0 21 0 0 0 0 3 0 0 0 14 0 0 0 0 22 0 0 24 0 
0 0 0 0 2 0 16 12 0 0 0 0 0 22 0 0 11 7 0 0 17 0 0 0 0 
0 0 0 7 0 14 17 13 0 16 25 0 2 0 0 0 0 0 0 0 18 21 0 20 0 
20 0 0 0 18 0 7 0 0 0 0 0 0 0 0 0 0 0 24 0 0 0 0 0 12 
0 1 0 0 0 9 0 8 10 11 0 0 0 18 0 0 0 3 0 0 13 16 14 15 0 
0 16 0 17 0 0 2 23 25 1 10 9 12 8 0 0 0 18 0 21 3 6 0 0 0 
0 11 9 12 0 0 22 0 0 0 5 0 7 3 0 0 17 0 14 16 23 1 24 0 2 
0 0 0 25 0 7 10 0 0 9 0 17 0 16 19 3 5 0 0 0 11 0 0 0 15 
8 0 0 0 0 17 20 0 0 19 3 0 0 0 4 13 0 11 12 14 0 0 0 0 0 
0 0 17 20 16 0 0 1 0 4 0 12 0 11 14 0 0 21 0 24 0 0 0 0 0 
0 0 2 0 0 0 0 0 13 0 0 22 0 0 24 0 0 0 7 0 0 19 0 0 0 
13 0 12 0 0 0 0 0 0 0 8 0 0 0 0 0 0 16 0 19 0 4 2 0 0 
0 0 10 13 0 20 23 0 0 0 0 5 0 4 0 16 0 0 0 0 24 0 0 0 0 
0 7 0 8 0 15 18 0 16 0 0 0 3 24 2 0 13 0 10 12 0 22 20 0 0 
16 17 0 0 0 0 0 24 0 0 11 0 0 9 12 21 23 0 0 0 4 7 0 0 0 
0 22 20 0 0 5 0 4 6 0 0 0 0 0 0 0 3 0 25 0 0 0 10 11 13 
1 2 25 0 24 0 13 0 0 0 21 0 23 0 0 6 8 0 0 0 0 0 15 0 18 
7 0 6 0 0 0 19 15 0 0 0 1 4 0 0 12 14 10 0 13 0 0 0 0 0 
12 0 0 0 10 0 24 0 0 0 0 6 9 0 0 0 19 0 0 0 25 0 0 0 4 
0 0 1 4 25 0 0 10 12 0 0 21 0 0 23 0 0 0 6 8 15 0 0 17 0 
17 18 16 0 0 1 0 25 0 0 0 0 14 0 0 0 24 0 0 23 5 0 6 7 0 
0 23 0 0 20 0 0 0 7 8 0 0 0 0 18 0 4 0 0 3 10 0 11 0 0 
