5
5 0 2 4 0 11 13 0 0 0 0 21 0 0 22 7 0 0 6 8 0 20 18 0 17 
0 0 7 0 0 0 18 0 0 20 0 0 5 0 2 12 0 0 11 0 0 25 23 24 22 
25 0 22 0 0 6 8 0 0 0 19 16 0 18 0 0 0 0 1 3 0 0 0 0 0 
15 11 0 0 13 0 0 0 24 0 0 6 0 8 7 0 0 0 0 18 0 5 0 0 0 
0 0 0 19 0 1 3 0 0 5 0 0 0 0 12 0 0 0 0 0 0 0 0 0 7 
0 24 25 0 1 0 0 0 0 0 0 0 23 21 0 0 0 0 0 0 14 0 0 0 0 
8 0 5 7 0 14 16 0 17 0 0 0 0 1 0 0 0 0 9 0 0 23 0 0 20 
0 9 0 0 11 0 0 20 0 0 0 0 0 6 5 15 17 18 0 0 0 0 0 2 25 
23 0 20 0 0 0 6 0 0 8 17 0 0 16 0 25 0 0 0 0 0 13 0 12 0 
0 14 0 17 0 0 0 0 2 0 12 0 13 11 10 0 0 0 19 21 0 0 0 0 0 
0 0 14 0 0 0 25 0 0 0 0 0 12 10 9 0 0 0 0 20 0 7 5 6 0 
0 3 0 0 0 0 0 0 16 0 1 0 2 0 0 9 0 12 8 10 0 22 20 0 19 
0 23 0 0 0 0 10 0 0 0 0 0 0 0 0 0 0 7 0 5 13 17 0 0 14 
0 0 0 0 0 18 20 19 0 0 0 0 0 0 4 14 0 17 0 15 0 0 25 0 0 
0 18 0 0 20 3 5 0 0 7 16 13 0 0 0 0 0 2 0 0 0 12 0 0 9 
14 0 0 13 0 0 22 0 0 0 0 5 9 7 0 16 0 19 15 17 25 0 0 0 1 
4 25 0 0 2 0 0 0 0 0 23 20 24 22 0 6 0 0 0 7 0 19 0 0 16 
0 0 16 18 0 25 0 1 3 0 0 10 14 0 0 21 23 0 0 0 0 9 0 0 6 
24 0 21 0 0 0 7 0 0 9 0 0 19 0 16 0 0 4 0 0 10 0 0 0 0 
9 0 0 0 0 0 17 16 0 0 3 25 4 0 0 0 13 14 0 0 0 0 0 23 21 
11 7 0 10 9 17 19 0 0 21 5 0 6 0 0 0 0 0 12 0 0 1 0 0 0 
6 0 3 0 0 12 14 13 15 16 25 0 0 0 0 0 10 0 0 0 0 0 0 0 18 
0 0 0 0 0 0 0 0 0 0 10 0 0 9 8 18 20 21 0 19 2 6 0 0 3 
0 0 23 25 0 0 0 0 0 11 20 0 0 0 0 0 0 6 2 4 12 0 14 0 0 
21 0 18 0 0 2 4 0 5 6 15 0 0 0 13 23 0 0 0 0 0 11 0 0 0 
