5
0 0 0 16 0 0 1 0 4 2 0 0 0 15 0 0 10 0 0 0 0 0 24 0 22 
0 0 25 21 0 0 6 0 9 0 0 19 0 20 0 0 0 11 0 0 0 0 0 0 0 
0 0 0 0 0 0 0 20 19 0 0 0 0 5 0 22 0 21 23 0 15 13 0 0 0 
4 0 0 1 3 13 11 0 14 0 0 24 21 25 0 17 20 0 18 0 0 8 9 0 0 
14 0 0 0 0 23 21 25 0 22 8 9 6 10 0 2 5 0 0 0 0 18 0 0 0 
0 0 0 0 10 20 18 0 21 19 0 6 3 0 0 0 0 23 25 1 17 0 0 13 0 
6 4 7 0 0 15 13 0 16 0 0 1 0 0 0 0 0 0 0 21 12 10 11 0 9 
0 24 0 23 25 0 0 0 0 0 0 0 18 0 19 0 17 13 0 16 7 5 0 0 4 
0 14 0 13 0 0 23 2 0 24 0 11 8 0 0 4 0 3 0 6 0 20 21 0 0 
21 0 0 0 0 5 3 7 6 0 15 16 13 0 0 0 12 8 0 0 2 25 0 23 24 
0 0 0 0 0 9 7 0 10 0 0 0 0 21 0 13 16 0 0 0 0 0 0 2 0 
0 0 16 0 14 24 22 1 0 23 9 10 7 0 0 3 0 0 4 5 0 19 20 0 0 
20 18 21 17 0 0 0 6 0 3 14 0 0 0 13 8 11 0 9 0 0 0 0 0 0 
0 0 0 2 0 14 0 0 0 0 0 0 0 0 23 18 0 0 0 20 11 9 10 7 8 
0 0 0 7 9 0 17 0 0 18 4 0 0 6 0 0 1 0 24 0 0 14 0 0 0 
0 0 0 0 17 0 25 0 0 1 12 13 10 14 11 6 9 0 7 8 24 22 0 0 0 
0 6 0 5 0 17 15 19 0 0 0 3 25 4 1 0 24 0 0 0 0 0 13 0 0 
13 0 14 10 0 0 0 0 23 0 0 0 0 9 6 1 0 25 2 3 19 17 0 0 0 
3 0 0 25 0 0 0 0 0 0 0 23 20 24 0 16 19 0 0 0 0 7 0 0 6 
0 21 0 0 0 0 0 0 0 0 0 0 15 0 0 11 0 0 12 0 0 0 0 25 1 
17 15 18 14 0 0 24 0 2 25 0 0 0 13 10 0 8 0 0 0 0 21 22 0 0 
7 0 0 4 0 0 14 18 0 0 0 0 24 3 25 0 0 0 21 22 0 11 12 0 0 
0 20 0 19 0 0 0 8 7 5 16 0 0 0 15 10 0 9 0 0 0 1 0 0 0 
0 0 0 24 1 11 9 13 12 0 21 0 0 23 20 0 0 0 0 0 8 0 0 0 5 
0 10 0 9 0 21 19 23 22 0 6 7 4 0 0 25 3 24 1 0 0 0 17 14 0 
