5
0 0 13 11 0 0 0 16 18 0 0 0 0 0 0 0 3 1 0 0 0 6 0 0 0 
0 2 3 1 0 0 0 0 0 10 0 0 0 0 12 0 18 0 0 0 24 21 0 0 22 
0 0 0 21 0 2 0 1 3 0 0 8 6 9 0 0 0 11 0 14 19 16 18 0 17 
20 0 18 0 0 22 24 0 0 0 5 3 1 0 0 10 8 0 7 0 0 11 13 0 12 
0 7 0 6 0 0 0 0 0 15 20 18 16 0 0 0 0 0 0 24 4 1 0 0 0 
24 21 0 20 0 1 0 0 0 0 9 7 5 0 6 14 0 0 11 0 18 15 0 0 0 
0 16 0 0 0 21 23 0 0 0 4 2 0 3 1 9 0 0 6 8 0 0 0 0 11 
14 0 12 10 0 0 18 15 0 0 24 0 0 0 21 0 2 0 1 3 8 5 0 0 0 
0 0 0 0 0 11 13 0 0 14 0 17 15 0 16 0 0 0 21 0 3 0 0 0 0 
4 1 2 0 3 0 8 0 7 9 14 0 0 13 0 19 17 0 16 0 0 20 22 0 0 
0 0 21 19 22 0 0 24 1 0 0 0 0 7 0 13 11 0 10 12 0 14 16 18 0 
0 0 0 9 0 0 17 0 0 18 0 0 0 22 20 0 0 24 25 2 7 0 0 0 0 
0 25 0 0 0 0 7 4 6 0 13 0 9 0 10 0 0 14 0 17 0 0 21 0 0 
0 15 16 14 0 20 22 0 0 23 0 1 24 2 0 0 0 0 0 7 0 9 0 13 10 
0 0 6 0 0 0 0 0 0 13 0 0 0 0 15 0 21 0 0 0 2 0 0 0 25 
0 0 0 0 0 19 0 0 20 0 2 25 23 0 0 0 5 3 4 0 0 8 0 0 9 
0 0 25 0 0 0 6 3 5 0 12 0 0 0 0 0 15 0 14 16 0 18 20 22 19 
0 0 0 0 6 0 0 0 0 12 0 15 0 0 14 0 0 18 0 21 1 0 25 0 24 
22 19 20 0 0 0 0 0 25 0 0 0 0 6 4 0 10 0 0 0 16 13 15 0 14 
0 0 0 8 11 14 16 0 0 0 0 0 0 0 0 0 25 0 0 1 0 3 0 7 0 
0 0 14 0 0 0 0 17 19 21 0 0 0 25 0 0 4 0 0 0 10 0 9 0 0 
0 0 0 17 20 0 0 0 24 1 6 4 2 0 0 0 9 7 0 0 0 0 14 0 0 
1 0 0 0 25 3 5 2 4 6 11 0 7 0 8 0 0 0 0 0 0 0 0 0 0 
0 0 9 7 0 0 15 12 14 16 21 0 0 20 0 1 24 0 23 25 5 0 0 6 3 
6 0 0 0 0 0 0 7 0 0 16 0 0 0 0 0 0 17 18 0 0 0 0 1 0 
