5
0 0 0 0 14 0 0 1 0 0 6 5 7 0 9 0 0 0 0 0 0 0 0 0 0 
0 0 0 15 0 0 8 0 9 0 11 0 12 0 14 24 0 0 21 0 3 0 4 2 0 
0 0 7 0 9 0 0 21 0 22 1 0 0 0 0 0 0 10 0 0 18 0 0 0 0 
0 3 2 25 0 0 0 0 19 0 0 0 22 0 0 0 7 5 0 0 0 0 0 12 10 
21 0 0 20 0 10 0 11 0 0 0 15 17 18 0 0 2 0 1 0 8 0 9 0 0 
0 0 0 24 3 14 0 0 18 0 20 19 0 22 23 0 6 0 0 7 0 10 0 11 0 
0 7 6 0 0 0 22 0 23 0 0 0 1 0 0 13 11 0 0 0 0 0 0 0 0 
0 12 0 0 13 24 0 0 0 0 0 0 6 0 8 18 16 0 0 0 0 20 0 0 0 
0 0 0 19 0 0 0 0 13 0 15 0 16 17 0 0 1 24 0 0 0 0 0 0 0 
15 0 0 0 18 4 0 0 0 6 10 0 0 12 0 0 21 19 0 22 0 25 3 0 24 
0 19 0 0 20 6 0 0 0 8 0 0 13 0 15 0 23 0 22 0 0 2 0 0 0 
0 24 23 0 0 0 0 0 15 13 0 0 0 19 0 5 3 0 2 0 0 7 10 0 6 
0 0 13 11 0 0 0 0 0 3 0 6 0 0 10 0 18 0 0 19 0 0 0 23 21 
0 0 0 0 0 0 24 0 0 0 0 0 3 0 5 15 13 0 12 14 0 17 20 0 0 
2 0 0 0 0 0 0 17 20 0 0 21 0 24 0 0 8 6 0 9 14 0 0 0 11 
0 0 0 23 2 0 16 14 0 0 0 18 0 0 22 7 5 0 4 0 11 9 12 10 0 
0 0 0 13 17 0 0 0 7 5 0 8 10 11 0 0 0 0 0 0 0 0 0 25 0 
4 0 5 3 7 0 21 0 22 0 0 23 0 1 0 12 10 0 9 11 0 14 0 0 0 
0 21 20 0 0 8 0 0 0 0 14 0 15 16 0 2 25 0 0 1 6 4 7 5 0 
9 11 10 8 0 0 1 0 0 0 0 0 0 0 0 17 15 13 14 16 0 0 22 20 18 
0 25 24 0 0 0 15 13 0 0 18 17 0 0 0 0 4 0 0 5 0 0 0 9 0 
13 0 0 12 0 0 5 0 0 4 8 0 0 0 11 0 19 17 0 20 25 0 1 24 0 
8 10 9 0 0 22 0 23 0 0 0 2 0 5 6 0 0 12 0 0 0 0 0 19 0 
0 0 0 0 21 0 0 0 0 0 13 0 0 0 16 1 0 0 0 0 0 0 0 4 0 
0 5 0 2 0 0 20 18 0 0 0 0 24 0 1 11 0 0 0 10 0 13 16 0 0 
