5
16 20 0 19 17 22 0 24 21 0 11 0 14 0 0 7 0 0 9 8 1 0 0 0 3 
0 0 0 14 0 0 20 0 0 0 0 0 0 7 0 0 0 0 0 0 0 0 0 0 23 
0 10 8 9 0 0 15 14 11 13 1 3 4 0 0 22 0 0 0 23 16 0 19 0 0 
0 0 23 0 22 2 0 0 1 3 0 0 0 17 0 12 11 15 14 0 0 0 0 0 0 
0 0 0 0 2 0 10 9 0 0 21 0 24 0 0 0 16 20 19 18 0 12 14 15 13 
18 22 0 0 0 0 0 1 23 0 0 0 16 14 0 9 0 12 0 0 0 0 6 0 0 
13 17 15 0 14 0 0 0 18 0 0 10 11 9 12 0 3 0 0 0 0 0 1 0 0 
0 2 0 0 0 4 7 0 3 0 18 20 0 19 0 0 13 17 0 0 0 9 0 0 10 
8 0 10 0 9 0 17 16 0 15 3 0 0 4 0 0 23 0 0 0 18 19 21 22 0 
0 0 0 0 0 0 12 11 0 0 0 0 0 24 2 0 18 0 21 0 0 0 0 0 0 
17 0 19 0 0 0 0 0 22 24 12 0 15 13 16 0 0 11 0 9 2 0 5 0 0 
0 0 24 25 0 0 0 0 0 0 0 19 20 0 0 0 0 0 0 0 0 8 10 0 9 
0 6 4 5 3 8 0 10 7 9 0 0 25 0 1 18 0 0 0 19 12 13 0 16 0 
0 16 0 15 13 0 21 0 0 0 7 9 10 0 0 0 0 6 5 0 0 0 25 1 24 
0 11 0 0 0 0 16 0 0 0 0 0 5 0 0 23 0 0 25 24 0 0 0 0 0 
9 0 0 0 0 0 0 17 14 0 0 6 7 0 8 25 0 3 0 0 0 0 22 0 0 
0 0 0 22 0 25 0 0 0 1 0 0 0 0 0 10 9 13 12 0 4 5 7 8 6 
14 0 16 17 15 0 0 22 19 0 9 11 0 10 13 0 0 0 7 0 24 25 2 0 0 
0 8 0 0 0 10 13 0 0 0 24 1 0 0 3 20 0 0 0 0 0 0 17 18 0 
24 0 0 2 0 5 0 7 0 0 19 21 22 0 0 15 0 18 0 0 0 10 12 0 11 
0 0 7 8 6 11 0 13 0 12 25 0 3 1 4 0 0 0 23 22 15 0 0 19 17 
10 14 0 0 11 0 0 0 15 0 0 0 8 0 9 0 0 0 0 2 0 0 0 24 22 
25 4 2 3 0 6 9 0 0 0 20 0 23 21 0 0 0 19 0 0 10 11 13 0 0 
0 19 0 0 16 0 0 23 20 0 10 0 0 11 0 0 0 9 0 0 0 0 0 0 0 
20 0 22 0 0 0 0 3 0 2 0 0 18 16 19 11 0 0 13 0 0 0 8 9 0 
