5
0 0 16 0 19 14 0 0 0 0 5 3 0 4 1 0 0 0 0 24 0 0 0 0 0 
0 13 11 0 0 0 0 0 0 10 0 0 0 24 21 17 0 18 20 0 0 1 0 0 0 
10 0 0 0 9 0 0 0 2 0 0 18 17 19 0 0 11 0 0 14 0 21 0 0 0 
5 0 0 0 0 0 23 21 22 0 15 0 12 14 0 7 6 8 0 9 19 0 0 17 20 
25 23 0 0 0 0 18 0 17 20 0 8 0 0 0 2 1 0 0 0 14 0 0 0 15 
12 0 0 0 11 6 0 0 4 7 0 0 0 21 0 0 0 0 17 0 0 0 25 24 2 
0 25 0 0 0 0 20 18 0 0 12 0 9 0 8 4 3 0 7 6 0 0 0 0 17 
22 0 18 0 0 0 0 13 14 17 7 0 0 6 0 24 23 25 0 0 11 0 0 9 12 
17 15 0 0 16 0 0 8 9 12 2 25 0 0 0 0 0 0 0 0 0 3 0 4 7 
0 5 0 0 6 0 25 0 24 0 17 15 0 0 0 9 0 0 12 0 0 18 0 19 0 
19 17 0 16 0 0 0 0 0 0 4 2 1 0 0 21 0 22 0 23 0 5 0 6 0 
0 0 0 6 0 0 0 0 0 4 19 0 0 0 0 11 10 12 0 13 0 0 22 0 0 
14 0 10 0 0 0 0 5 0 0 24 0 0 0 20 0 15 0 0 0 0 25 0 0 4 
24 0 0 0 0 0 17 15 16 19 0 0 0 0 0 1 0 2 0 0 13 0 12 11 0 
0 2 0 0 3 23 22 20 0 0 14 12 11 0 0 6 0 7 0 0 18 0 17 16 0 
0 0 17 0 0 15 0 0 13 0 6 0 0 0 0 23 22 0 0 0 0 7 9 0 0 
11 0 0 8 0 0 0 2 0 0 21 0 0 0 17 13 12 0 16 15 0 0 0 23 1 
0 0 22 23 25 0 19 17 18 0 0 0 0 10 7 0 2 4 0 0 15 0 0 0 16 
0 0 2 0 5 0 0 22 23 0 16 14 13 15 0 8 0 0 11 0 20 0 19 0 21 
16 14 0 0 15 10 0 0 8 0 0 0 23 25 0 18 0 19 21 20 0 0 0 3 6 
8 0 0 0 0 0 0 0 0 0 18 0 15 17 0 0 0 11 0 12 22 0 0 20 0 
0 0 0 10 12 0 0 4 0 0 23 0 20 0 0 15 14 0 0 0 0 0 0 25 0 
0 0 19 20 22 0 0 0 15 0 8 0 0 7 4 25 0 0 3 0 0 0 11 10 0 
18 0 0 0 0 0 0 0 0 13 0 1 0 2 24 20 0 21 23 22 0 0 0 5 0 
0 0 24 25 0 0 21 19 20 23 0 11 10 0 0 0 4 0 0 0 0 14 0 0 0 
