5
0 0 0 0 0 9 0 11 0 0 8 6 4 0 0 0 0 0 0 0 0 0 17 0 15 
10 9 13 0 0 19 0 0 20 23 18 16 0 0 0 5 8 0 0 0 0 0 0 24 0 
0 4 0 6 7 0 17 0 0 18 0 11 9 12 0 0 0 0 2 0 0 0 22 0 0 
15 0 0 16 0 24 2 0 0 0 23 21 0 22 0 10 13 0 12 0 6 8 0 4 0 
0 0 23 0 22 4 0 0 0 0 0 1 0 0 0 0 18 16 0 14 0 0 0 0 0 
19 0 0 0 21 0 6 5 4 0 0 0 23 1 0 14 17 0 0 0 0 0 11 0 9 
0 13 17 15 0 23 0 0 24 0 0 0 0 0 19 0 0 10 0 0 5 7 6 0 4 
0 3 0 5 0 0 16 0 0 17 0 10 8 0 9 0 0 25 1 0 0 22 21 18 19 
9 8 0 10 11 18 21 20 0 0 0 0 13 0 0 0 0 0 6 0 25 2 1 23 0 
24 0 2 25 1 8 11 0 9 0 0 5 3 0 4 19 0 20 21 0 0 17 0 0 14 
0 6 0 0 9 0 0 0 0 20 0 0 0 0 0 0 0 0 4 1 23 0 0 0 0 
0 0 5 0 0 0 14 0 12 0 10 0 0 0 7 0 0 0 0 21 0 20 0 0 0 
22 21 25 23 24 6 0 0 0 10 0 0 0 0 2 17 0 0 0 0 0 0 14 0 12 
17 16 0 0 0 1 0 3 2 5 0 0 0 0 22 0 0 0 0 0 0 0 9 0 0 
0 11 15 0 0 0 0 0 0 0 0 0 0 0 17 7 0 0 0 0 3 5 0 0 0 
0 0 0 0 0 20 23 0 0 0 0 17 15 0 16 0 0 0 0 0 0 4 0 0 1 
0 25 0 0 3 0 0 0 0 14 0 7 0 0 0 0 24 0 23 20 17 19 0 0 0 
0 0 0 22 0 0 8 0 0 0 4 0 0 0 0 16 19 0 0 15 0 0 0 10 11 
16 15 19 0 18 25 0 2 1 4 24 0 20 0 21 0 0 12 13 0 7 9 0 0 0 
0 0 9 0 8 15 0 17 0 0 0 0 0 13 0 0 0 0 0 0 0 24 0 0 21 
13 12 0 14 0 0 0 0 23 0 21 0 0 20 18 8 11 9 0 7 0 6 0 2 0 
3 0 0 0 5 12 0 0 13 0 11 0 0 10 0 23 1 0 0 22 0 21 0 0 18 
23 0 0 0 0 0 10 0 0 0 0 0 0 0 3 0 0 0 0 0 0 16 0 12 0 
8 7 0 9 10 0 0 0 0 0 0 0 0 0 0 3 6 4 5 0 0 1 25 22 23 
18 0 21 0 20 0 5 4 0 6 1 0 0 25 23 0 0 14 15 12 0 11 10 7 8 
