5
8 0 0 7 9 25 0 0 0 22 0 14 15 0 16 0 0 0 3 0 20 0 0 17 0 
13 0 0 0 0 0 0 6 0 0 0 0 0 0 0 11 10 0 0 0 25 23 24 0 0 
0 0 0 2 0 0 0 0 19 17 7 0 10 0 0 0 0 0 0 22 0 0 14 12 16 
0 0 1 0 0 15 0 0 0 0 2 0 0 3 0 0 0 19 0 0 10 0 9 7 0 
0 0 21 0 0 0 8 0 0 0 22 0 0 0 0 0 0 0 0 12 5 3 0 0 0 
0 0 0 0 21 0 0 13 0 0 24 1 0 0 0 0 17 0 15 0 7 0 6 0 0 
5 0 0 0 0 0 20 0 21 19 0 11 0 10 13 0 0 0 25 24 0 0 0 0 0 
0 0 0 0 0 0 0 3 1 0 0 16 0 15 0 8 7 0 5 0 0 20 0 19 0 
0 2 0 0 0 0 0 0 0 14 4 6 7 0 8 0 22 0 20 19 0 0 11 9 0 
0 0 0 0 0 7 0 0 0 0 0 0 22 20 23 0 0 0 0 0 0 0 0 0 3 
0 13 0 0 0 0 1 0 0 0 0 0 0 0 0 9 8 0 0 5 0 21 0 0 0 
0 0 0 0 0 0 0 0 12 0 0 2 0 0 0 19 0 0 0 15 8 6 0 0 9 
0 0 9 5 7 0 21 0 0 0 10 0 13 0 14 0 0 0 0 0 18 16 0 0 0 
16 0 19 15 0 8 0 9 7 0 20 22 0 0 0 14 13 0 0 10 0 0 0 0 4 
1 0 4 25 0 0 0 0 0 0 0 0 8 6 0 0 23 0 0 0 0 0 0 10 0 
14 16 17 0 0 0 0 0 0 0 0 20 0 0 22 12 11 0 9 0 1 0 0 0 0 
0 6 7 0 5 0 19 22 0 0 0 0 0 0 0 0 0 0 24 0 0 14 0 13 0 
0 0 22 0 0 11 9 0 0 8 23 0 0 0 0 0 16 0 0 0 6 4 0 0 7 
9 0 12 8 10 1 24 0 0 0 0 0 0 14 0 7 6 0 4 0 0 0 0 18 0 
24 0 0 0 25 16 14 0 15 0 0 5 0 0 7 0 0 20 0 18 0 9 0 0 12 
22 0 0 21 0 0 12 15 13 0 0 0 4 2 5 0 19 18 17 16 9 0 0 0 0 
0 0 0 0 0 0 0 0 23 0 11 0 0 0 0 0 0 0 2 1 0 0 18 0 20 
12 0 0 11 0 4 0 5 3 1 16 18 19 0 0 10 0 0 7 6 0 22 0 0 0 
2 0 0 0 0 0 17 0 0 0 0 0 9 0 0 0 0 0 22 0 0 0 13 0 15 
17 0 0 0 0 0 7 0 0 6 0 23 0 0 0 15 14 0 12 0 4 2 3 0 0 
