5
3 6 0 4 2 0 0 0 0 7 0 0 1 22 23 0 0 18 0 0 0 0 0 0 0 
0 0 0 24 0 5 6 3 4 0 0 0 21 17 18 0 0 13 15 0 0 0 7 11 9 
0 0 0 0 12 20 0 0 19 0 0 0 11 0 0 4 0 3 5 0 23 0 22 1 0 
0 11 0 0 7 0 0 0 14 12 4 5 0 2 0 0 0 0 0 0 18 0 0 21 19 
0 0 0 0 17 0 0 23 0 0 0 0 0 0 0 9 0 0 10 0 3 0 0 0 4 
0 25 24 23 0 4 0 0 0 0 18 0 20 16 0 13 15 0 14 11 0 9 0 0 0 
0 20 0 18 16 0 0 0 23 21 0 14 0 0 12 0 10 7 9 6 0 4 0 5 0 
7 0 9 0 6 0 0 12 13 0 0 0 0 1 0 23 0 0 0 21 0 0 0 0 0 
0 0 0 13 11 0 20 17 18 16 8 9 0 6 0 3 5 2 4 0 0 24 21 0 0 
0 0 4 0 1 0 0 7 8 0 0 0 25 21 0 0 0 0 0 0 12 14 0 15 0 
11 0 0 12 10 0 19 0 0 0 0 8 0 5 6 0 0 0 3 25 21 23 0 0 0 
21 24 23 22 0 0 0 0 2 25 0 0 0 0 0 0 14 0 13 0 0 8 0 0 7 
0 9 0 0 5 0 0 0 12 0 0 0 0 0 0 22 0 21 0 0 16 18 0 19 17 
0 0 0 17 0 0 0 0 0 0 0 13 14 0 11 0 9 0 8 5 1 0 25 4 2 
0 4 0 2 0 8 0 0 7 0 22 0 0 20 21 0 19 0 18 0 0 0 0 0 12 
0 0 0 25 23 0 0 4 5 0 0 0 0 18 19 0 0 0 0 13 0 11 0 0 0 
0 12 0 0 8 16 0 0 0 0 0 6 0 0 4 0 0 24 0 23 19 21 0 0 20 
0 7 6 0 3 11 0 9 10 8 25 1 0 23 0 20 0 0 0 0 0 0 0 0 15 
0 0 16 0 0 21 0 0 0 0 0 0 12 8 9 0 7 4 0 3 24 1 0 0 0 
19 0 21 0 0 0 0 24 0 0 0 16 0 13 14 0 0 0 11 8 0 6 0 7 0 
0 0 17 16 0 22 0 20 0 0 0 0 13 0 0 0 8 5 7 4 0 0 0 0 0 
25 3 0 1 0 7 0 5 6 0 0 0 23 0 0 0 0 15 17 14 10 0 9 13 0 
0 0 22 0 0 2 0 25 0 0 16 17 0 14 0 0 0 0 12 0 0 0 0 8 6 
0 0 7 6 4 0 13 0 11 0 0 0 3 24 0 0 0 0 0 19 0 0 0 0 16 
0 0 0 11 0 0 0 0 0 14 6 0 0 0 0 1 0 0 0 0 0 0 0 0 0 
