5
0 21 0 23 22 3 1 0 0 0 0 0 14 0 0 15 0 17 0 0 0 8 0 7 0 
0 0 0 13 12 18 16 19 0 0 0 0 4 1 0 5 6 0 0 8 21 0 0 22 24 
5 0 0 8 0 0 11 14 0 0 23 0 24 0 22 0 1 2 0 0 0 0 15 0 0 
15 16 19 0 17 0 0 24 22 0 8 5 0 6 0 10 0 12 0 0 0 3 25 0 0 
0 1 0 3 0 0 6 0 0 5 18 15 0 0 17 0 0 22 24 23 0 0 0 12 0 
11 0 15 0 13 19 0 20 0 0 0 0 0 0 0 0 7 0 0 0 22 0 21 0 0 
21 0 25 24 0 0 0 0 0 1 0 0 0 0 0 0 0 18 0 0 7 9 0 8 10 
0 0 0 0 18 0 22 0 0 0 0 0 0 7 8 0 0 0 15 14 0 0 0 3 0 
0 0 0 4 0 9 0 0 0 6 0 0 20 17 18 0 0 23 0 0 12 0 11 13 15 
0 0 10 0 8 0 12 0 0 0 24 21 0 0 0 0 0 3 5 4 0 0 16 18 20 
13 0 0 0 15 21 19 0 20 0 0 0 7 4 5 0 0 0 12 0 0 0 23 0 0 
3 4 7 6 5 11 9 12 0 0 0 0 22 19 20 0 24 0 2 0 0 16 0 15 0 
0 0 0 0 0 0 0 17 0 0 0 0 0 24 0 0 4 0 0 0 0 21 18 0 22 
0 0 22 0 0 1 24 2 0 0 11 8 12 0 0 0 0 0 0 0 0 0 0 5 0 
23 24 0 1 0 6 0 7 5 3 0 0 17 14 15 18 0 20 22 21 0 11 0 0 12 
0 15 0 17 16 0 0 23 0 0 7 0 8 5 0 9 0 11 13 12 25 0 0 0 0 
24 25 0 0 1 0 0 0 6 0 0 0 0 0 0 19 0 21 0 0 0 0 9 0 0 
9 10 0 0 11 0 0 18 16 14 2 0 3 0 0 0 0 0 8 0 0 22 0 21 23 
0 20 23 0 21 2 25 3 0 0 12 0 0 0 0 14 0 0 0 17 0 7 0 6 0 
0 5 0 0 6 0 10 0 0 0 0 19 0 0 0 24 25 0 3 0 0 0 14 16 18 
0 0 0 0 24 5 0 0 4 0 15 0 0 0 0 17 18 19 0 0 0 0 7 0 0 
7 8 11 0 9 0 0 0 14 0 25 22 0 23 24 0 0 4 0 0 0 20 17 19 0 
0 0 16 0 0 0 0 0 0 0 5 2 0 0 4 0 8 9 0 0 0 0 22 0 0 
2 3 0 0 0 0 8 11 0 0 0 0 0 0 19 0 0 24 0 25 0 15 0 0 16 
0 0 0 0 19 25 0 1 24 0 0 0 11 0 9 0 0 0 16 0 0 0 2 4 0 
