5
0 19 21 0 0 0 0 3 0 0 13 0 10 0 0 5 8 6 0 0 0 0 14 0 0 
0 0 0 15 17 21 22 23 0 20 8 0 0 7 0 0 0 0 0 0 0 10 9 0 0 
8 0 0 0 7 11 0 13 0 10 0 0 0 0 21 0 18 16 0 0 1 25 0 0 3 
0 9 11 10 0 16 0 0 14 15 3 0 25 0 0 20 0 21 0 0 0 0 0 7 0 
0 0 1 25 2 0 7 0 0 0 18 0 0 0 16 10 0 0 0 0 0 0 19 22 0 
0 23 25 0 0 0 0 7 3 0 0 0 0 0 15 9 0 10 0 11 20 0 0 0 0 
0 0 0 9 11 15 16 0 13 0 0 0 0 1 25 0 0 20 0 21 0 0 0 6 7 
0 18 0 0 21 25 1 0 0 0 12 0 9 0 0 4 0 5 3 6 0 0 0 0 0 
0 0 0 0 0 0 0 0 18 0 7 3 0 0 5 24 0 0 0 0 10 9 0 0 0 
7 0 0 0 6 0 0 0 0 9 0 0 19 0 0 0 0 15 0 0 0 24 0 0 0 
16 0 14 0 0 0 20 0 0 0 0 2 0 0 0 0 0 0 22 0 9 0 0 0 11 
0 0 0 8 0 0 0 16 0 0 0 0 0 0 0 0 21 0 17 0 4 0 0 0 0 
0 0 0 3 0 9 0 0 0 8 0 0 0 0 19 0 0 0 0 15 0 0 22 0 0 
0 0 19 18 20 24 25 0 0 0 0 0 8 10 9 0 0 4 0 5 14 0 0 15 0 
0 0 24 0 25 0 0 6 0 0 0 0 0 0 0 0 11 0 7 0 0 18 0 20 0 
5 1 3 0 0 0 0 10 0 0 20 16 17 19 18 12 15 0 0 14 0 0 21 0 0 
0 11 0 0 14 0 0 20 0 0 0 0 2 4 0 0 0 0 0 0 0 7 0 0 0 
20 16 18 0 0 0 24 25 21 0 0 0 0 0 0 0 0 3 1 4 13 12 11 14 0 
0 0 23 0 0 0 0 5 1 0 15 11 12 0 13 7 10 0 6 0 0 0 16 0 20 
0 6 0 7 9 0 0 15 0 12 0 0 0 0 23 0 0 0 0 0 0 0 0 0 5 
19 0 0 16 0 0 0 0 20 0 0 5 6 0 7 1 0 0 25 0 0 0 0 13 0 
24 0 22 21 0 0 0 0 25 0 14 0 0 13 0 0 9 0 5 0 17 0 15 0 0 
14 10 12 0 0 17 0 19 0 0 4 0 1 3 2 0 0 22 20 23 0 0 5 0 0 
0 0 0 6 0 0 0 0 0 0 24 0 0 23 0 16 0 0 15 18 2 1 0 0 0 
0 25 2 0 0 7 0 0 5 6 0 15 0 0 17 0 0 0 0 0 0 0 0 0 24 
