5
0 0 0 0 5 0 0 10 12 0 0 0 0 20 0 14 18 0 0 16 0 0 0 1 0 
0 11 0 12 0 0 0 0 0 0 2 0 0 0 0 19 23 22 0 0 0 4 0 0 0 
23 0 0 22 0 24 3 25 2 1 0 0 0 0 0 0 8 0 0 0 0 0 0 16 0 
3 1 24 0 25 0 0 0 0 6 17 0 0 0 16 0 0 0 0 11 0 19 20 0 0 
0 16 14 0 0 19 0 20 22 0 0 0 8 0 6 0 0 0 0 0 12 0 10 0 0 
0 0 0 0 17 21 25 22 0 0 0 6 10 7 8 0 0 4 2 3 14 0 0 0 0 
0 8 0 0 7 0 0 0 14 13 24 21 25 0 23 0 0 19 0 0 4 0 0 0 0 
0 0 0 14 0 0 0 0 19 18 0 0 0 0 3 21 25 24 22 0 9 0 7 8 10 
0 23 21 24 0 0 5 0 0 3 0 11 15 0 0 6 10 0 0 0 19 0 0 18 20 
0 3 0 4 0 0 10 7 0 8 0 0 0 17 18 0 15 0 0 13 0 0 0 23 25 
1 0 22 0 0 0 0 0 0 0 0 0 16 0 0 7 0 10 8 9 0 0 0 0 0 
21 0 0 0 0 22 1 23 25 0 10 0 0 8 0 0 0 0 0 4 0 0 13 14 0 
0 4 2 5 0 0 11 8 0 0 0 0 0 0 0 0 0 0 0 0 25 22 23 0 0 
0 0 7 0 8 12 16 13 15 0 25 0 0 0 0 17 0 0 0 0 0 0 3 4 0 
0 14 0 15 0 0 21 18 0 19 0 2 0 3 4 0 0 25 0 24 10 0 0 9 0 
4 2 0 0 1 5 0 6 8 0 0 15 0 0 17 10 0 13 11 0 0 20 0 0 0 
24 0 0 0 0 0 4 1 0 0 0 0 0 0 12 5 0 0 0 0 0 0 16 17 19 
0 17 0 0 16 0 0 0 0 22 8 0 9 6 7 25 4 0 1 0 13 0 11 0 0 
9 0 0 8 6 10 14 0 13 12 23 0 24 0 0 15 0 0 0 17 3 0 0 2 4 
0 0 10 13 11 15 19 16 0 0 3 0 4 0 2 0 0 23 21 0 0 5 6 0 0 
2 25 23 0 24 3 7 0 0 0 16 0 0 14 15 0 0 11 9 10 21 18 19 20 0 
12 0 8 0 0 0 0 14 16 0 0 0 2 24 0 0 0 0 0 20 6 3 0 0 0 
22 20 18 21 0 0 0 24 0 0 0 0 0 9 10 3 7 0 0 5 16 0 0 15 0 
0 0 0 0 0 8 0 9 0 0 21 0 0 19 0 13 0 16 14 0 1 23 24 25 0 
0 0 13 16 0 0 0 0 21 0 6 3 0 0 0 0 2 0 24 0 11 8 0 10 12 
