5
18 22 0 0 19 12 9 11 0 0 0 25 2 0 23 14 0 15 13 0 7 0 0 0 0 
0 17 0 16 14 0 0 6 5 3 0 20 0 0 0 9 11 0 8 0 2 1 24 0 0 
0 7 0 6 0 0 0 0 20 0 0 10 0 0 8 24 0 0 0 0 0 0 14 0 0 
0 0 10 11 9 2 0 0 0 0 16 15 0 14 0 0 6 0 3 7 0 21 0 20 18 
0 2 0 0 0 0 14 0 0 13 0 0 7 4 0 19 21 0 0 0 0 0 0 10 0 
0 24 0 23 0 0 0 0 0 10 3 0 0 0 25 0 0 17 0 0 9 0 0 7 5 
15 19 17 18 0 0 0 0 0 5 23 0 0 0 0 0 13 12 0 0 0 3 1 0 0 
10 0 12 13 11 0 0 0 2 0 0 0 0 16 0 0 0 0 5 0 0 0 21 22 0 
0 9 0 0 6 0 0 23 0 0 0 0 14 0 0 0 3 2 0 4 19 0 16 0 15 
0 0 2 3 0 0 0 18 17 0 8 7 0 0 0 21 23 22 20 0 0 0 0 12 0 
4 8 6 7 0 0 0 0 0 0 0 0 0 10 9 0 0 0 0 3 18 0 0 0 14 
9 13 11 0 0 0 0 0 0 0 17 0 0 0 14 5 0 0 0 0 23 0 0 0 0 
0 0 0 0 20 13 10 0 11 0 2 1 3 0 0 15 17 0 14 18 0 7 5 6 0 
0 0 0 0 15 0 0 0 6 0 0 21 0 0 19 0 0 11 0 13 0 0 25 0 0 
24 0 0 2 0 0 15 0 0 14 7 6 0 0 4 0 22 21 0 0 0 0 0 0 0 
0 0 0 0 0 0 0 0 0 0 0 24 1 0 0 0 0 0 12 0 0 0 0 4 0 
0 0 4 5 0 0 18 0 0 0 0 0 0 8 7 0 0 24 0 0 0 15 0 14 12 
22 1 24 25 0 0 0 0 0 12 0 0 0 0 2 18 0 0 0 0 0 0 8 0 7 
12 16 0 0 13 6 0 5 0 0 0 19 0 0 0 0 10 0 0 0 0 0 0 24 22 
7 11 9 0 0 1 0 0 0 22 0 0 0 0 12 0 5 4 2 0 0 0 18 0 0 
0 0 13 0 0 0 0 4 0 0 0 0 0 0 16 7 0 8 0 0 25 24 0 23 0 
0 20 18 0 0 0 0 0 0 6 24 23 0 0 0 0 0 0 0 0 0 4 0 3 1 
0 0 0 24 0 15 12 14 13 0 0 3 0 2 1 0 0 18 0 0 0 0 0 8 6 
0 0 8 0 7 25 22 0 0 0 0 13 15 0 11 2 4 0 0 0 0 0 17 0 0 
1 5 3 0 0 20 0 0 0 0 9 8 10 7 0 0 24 0 21 0 15 0 12 13 11 
