5
0 3 2 0 0 19 22 20 21 0 14 0 0 0 18 0 0 0 5 0 0 0 13 9 0 
0 0 0 0 0 0 2 25 0 3 19 22 0 21 23 0 0 12 0 9 17 15 0 0 0 
15 0 17 16 0 9 0 0 11 13 4 0 5 6 0 0 0 0 0 19 0 25 3 24 0 
0 23 0 21 0 14 17 0 0 18 9 0 0 0 0 0 0 2 25 0 0 5 0 4 0 
0 0 12 0 0 0 7 5 6 0 0 0 0 0 3 16 0 17 0 0 0 0 0 19 0 
0 0 0 0 0 12 0 0 14 16 7 0 0 0 11 24 1 0 0 22 0 3 6 2 4 
0 0 5 4 0 0 25 23 0 1 17 20 0 19 0 9 11 0 8 0 15 13 16 0 14 
8 0 0 9 0 0 0 0 0 6 0 0 23 0 1 0 16 15 13 0 0 0 0 0 0 
23 1 0 24 0 17 0 0 0 21 12 0 13 14 16 0 0 5 3 2 10 0 0 7 0 
13 0 0 0 0 7 0 0 0 0 0 0 0 0 6 0 0 20 0 17 0 0 0 22 0 
0 0 0 23 21 16 0 17 0 0 0 0 12 0 0 0 5 4 2 0 9 0 10 0 0 
17 0 0 18 16 0 0 0 13 15 6 9 0 0 10 23 25 24 0 0 4 2 0 1 3 
0 0 0 0 6 0 0 2 0 0 21 0 22 23 0 0 15 14 0 0 0 17 0 16 18 
0 0 14 0 11 0 0 0 0 0 0 4 2 3 0 18 0 19 17 16 24 0 0 0 0 
0 0 0 0 0 21 24 0 23 25 16 19 0 0 0 8 0 9 0 6 0 12 0 11 0 
0 0 0 17 0 0 0 0 12 0 0 8 0 7 0 0 24 0 21 0 0 0 4 25 2 
0 4 0 2 0 0 0 21 0 0 0 0 0 0 0 7 0 0 0 0 13 0 0 0 12 
0 9 0 7 5 25 3 0 2 4 0 23 0 0 0 0 0 13 11 0 0 0 0 0 17 
0 0 23 0 0 15 18 0 0 0 0 0 11 12 14 0 4 3 0 0 8 0 9 0 7 
0 14 0 0 10 5 0 0 7 0 0 0 1 0 0 17 19 18 0 0 23 0 0 20 0 
0 0 11 0 0 0 0 4 0 7 23 1 0 0 2 0 0 0 14 13 21 19 0 18 0 
0 2 0 0 23 0 0 0 0 22 13 0 14 0 17 0 0 0 4 3 11 0 12 0 0 
19 0 0 0 18 0 0 0 15 17 8 0 0 0 0 0 2 1 24 0 6 0 0 3 0 
4 7 6 0 0 0 1 24 0 0 0 0 0 20 0 10 0 0 0 8 0 0 0 0 0 
14 17 0 0 0 0 11 0 10 0 0 6 0 0 0 0 0 0 19 18 0 24 2 0 0 
