5
0 0 22 0 0 17 19 0 15 0 1 0 25 0 0 8 7 9 5 0 12 0 0 0 0 
0 11 12 10 13 7 0 8 0 0 16 0 15 0 18 0 22 0 20 0 0 0 3 25 4 
9 6 0 0 0 2 4 3 0 1 11 0 10 14 0 18 0 0 0 0 0 21 0 0 24 
19 0 17 15 0 12 14 0 10 0 21 0 20 24 0 0 2 0 0 0 7 6 0 0 9 
0 1 0 25 0 22 0 0 0 21 0 7 5 0 8 13 0 0 0 0 0 0 0 15 19 
6 0 0 0 0 0 1 0 0 0 8 9 0 0 0 15 14 16 12 0 19 0 0 0 0 
0 13 14 0 0 9 11 0 0 8 18 0 0 0 0 0 24 1 0 23 0 0 5 0 0 
0 18 19 0 20 14 0 15 12 13 0 0 22 1 0 0 0 6 2 3 0 0 0 0 0 
0 0 0 22 0 19 0 20 17 0 3 4 2 0 0 0 0 11 0 8 14 13 0 0 0 
11 0 9 0 10 0 0 5 2 0 13 0 12 0 0 20 19 21 0 18 24 0 0 0 0 
0 0 0 0 17 0 13 12 0 10 20 21 19 0 22 0 0 3 0 0 0 5 7 0 8 
0 0 0 24 0 21 23 0 19 0 0 0 0 0 0 0 0 13 9 10 0 15 0 14 18 
0 20 21 0 0 0 0 0 14 0 0 0 0 0 2 7 6 8 0 5 0 0 0 9 13 
13 0 11 0 12 0 0 7 4 0 0 0 14 0 17 0 21 23 0 0 1 0 0 0 0 
8 0 6 4 7 1 0 0 24 0 10 0 0 0 12 0 16 0 14 0 0 0 0 19 23 
7 4 5 0 6 0 2 0 23 24 0 0 8 12 0 0 0 17 0 14 0 0 21 18 0 
12 0 10 8 11 0 7 6 3 0 0 15 0 17 0 0 0 0 0 0 25 24 1 23 2 
0 0 0 13 0 10 0 11 0 0 0 20 0 0 21 0 25 2 0 0 5 4 0 3 0 
2 0 0 23 1 20 0 0 0 19 0 5 0 0 0 11 0 12 8 9 15 0 16 13 0 
0 19 0 0 0 0 0 0 13 14 0 25 23 2 1 0 0 0 3 4 0 0 11 0 0 
0 7 8 0 0 0 5 0 1 2 0 0 0 0 0 19 0 20 0 0 23 0 24 21 0 
0 22 0 21 0 0 0 0 0 17 0 3 0 5 4 0 8 0 0 0 13 12 14 11 0 
20 0 0 0 0 0 0 14 0 0 0 23 21 25 0 0 0 0 0 0 0 0 9 6 10 
0 0 0 0 0 8 10 0 0 0 0 18 0 20 0 0 23 25 21 0 0 2 0 0 0 
0 2 0 1 0 0 0 0 0 22 7 0 6 10 0 14 0 0 11 12 18 17 0 16 20 
