5
14 10 0 11 0 0 9 5 8 6 22 24 0 23 20 0 0 25 0 0 19 0 18 0 0 
19 0 0 0 17 0 14 10 13 11 0 0 0 0 0 0 0 0 8 0 0 0 0 0 22 
4 0 0 0 0 0 0 20 23 0 0 14 0 13 0 19 0 15 18 0 9 0 0 0 0 
0 0 23 0 22 17 19 15 18 0 0 0 0 0 5 0 0 10 0 0 0 0 3 25 2 
0 0 0 0 0 0 0 0 0 0 0 19 0 0 0 0 21 20 0 22 14 0 0 10 12 
0 13 0 14 0 10 0 8 0 0 25 0 0 1 0 7 4 0 0 0 22 0 0 0 0 
0 0 0 0 0 0 0 0 21 0 0 0 0 0 0 17 14 0 16 15 0 0 0 3 5 
0 0 0 19 20 0 0 0 0 0 0 0 0 0 3 0 9 0 0 0 2 24 0 23 25 
0 0 0 9 10 0 0 3 6 4 20 22 0 21 18 0 0 23 0 0 17 0 0 13 0 
0 0 6 0 5 25 0 0 0 24 0 17 0 0 0 0 0 0 0 20 12 0 11 0 10 
0 6 0 0 0 3 5 0 0 2 18 0 17 19 16 25 0 0 24 23 0 12 14 11 13 
0 11 0 12 13 0 0 0 0 0 0 0 0 24 0 0 2 0 4 3 0 0 0 16 0 
0 0 0 0 3 23 0 0 24 0 0 0 0 0 11 0 0 0 19 0 0 0 0 0 0 
25 21 24 22 0 0 0 0 0 0 0 10 0 0 6 15 12 0 14 13 5 0 4 0 3 
20 0 0 0 0 0 0 0 0 12 0 0 2 4 0 10 0 6 9 0 25 0 24 0 23 
1 0 0 0 0 0 21 0 0 0 0 0 0 10 7 0 0 0 15 0 0 3 5 0 4 
0 17 0 18 0 0 16 0 0 13 4 0 3 5 2 0 0 0 10 9 1 0 0 0 24 
16 0 15 0 0 0 0 0 0 0 0 1 0 0 0 0 3 2 0 0 0 0 0 0 19 
0 0 0 8 0 0 0 0 0 0 0 0 18 20 17 0 0 22 25 0 0 13 0 12 0 
0 2 0 0 0 0 1 22 0 0 14 0 0 15 12 21 18 17 20 0 0 0 10 0 9 
0 9 0 0 11 0 0 4 7 0 0 0 0 0 19 3 0 24 0 0 18 15 0 0 0 
0 0 0 5 0 0 0 0 2 25 0 18 0 0 14 0 0 0 0 0 0 0 12 0 11 
3 24 0 25 0 0 23 0 0 0 0 13 10 0 0 18 0 14 17 16 8 0 0 0 0 
18 14 0 15 0 11 0 0 0 10 1 0 0 0 0 0 0 4 7 0 0 20 0 0 21 
0 0 22 0 0 0 18 14 17 15 0 0 0 0 4 0 0 0 0 11 0 0 2 0 0 
