5
0 0 0 0 17 0 13 0 0 0 0 0 25 0 0 4 3 0 0 0 0 9 0 0 10 
0 0 0 5 0 0 23 0 0 0 6 0 0 8 0 14 0 12 0 15 0 0 0 17 20 
11 13 0 0 0 0 8 0 0 0 16 0 0 0 0 0 0 22 0 0 0 0 0 0 0 
0 0 24 25 22 0 0 0 0 20 0 0 0 0 4 0 8 7 0 10 0 0 0 0 15 
0 0 9 0 7 4 0 0 0 0 0 0 0 0 0 0 0 0 0 20 21 0 0 22 0 
0 6 0 0 5 2 0 0 25 0 9 10 0 11 12 17 16 15 14 0 0 0 0 0 0 
0 16 17 0 0 12 11 0 0 0 0 0 23 0 22 2 0 25 24 0 0 0 6 5 8 
19 0 22 0 0 17 0 0 0 0 0 0 0 0 2 0 0 5 4 0 0 0 0 10 0 
0 0 0 0 0 7 6 4 5 0 14 0 0 0 0 0 0 20 0 0 0 2 0 0 3 
24 0 2 0 0 22 0 19 0 0 0 0 0 0 0 12 0 0 0 0 0 0 16 0 0 
0 0 21 0 0 0 0 13 14 0 23 0 2 25 1 0 0 4 0 7 0 0 0 0 0 
0 0 6 7 0 0 0 0 0 2 0 0 12 0 11 0 0 0 0 17 0 0 0 19 22 
0 0 0 0 0 0 0 0 9 12 0 0 0 20 0 0 0 0 0 0 0 0 0 0 0 
0 10 0 0 9 6 0 0 0 0 13 0 0 0 0 0 0 0 18 0 0 0 0 0 0 
0 25 1 0 0 21 0 0 0 22 3 0 0 0 0 0 0 0 0 12 0 0 0 0 17 
0 0 0 0 0 0 0 0 18 21 2 0 0 0 5 0 0 8 0 0 12 0 0 13 0 
0 0 0 0 13 0 0 7 8 0 17 0 0 0 0 0 0 0 0 0 0 0 0 0 0 
0 0 20 21 0 0 14 0 0 0 22 0 1 0 0 5 0 3 2 6 0 0 0 0 0 
7 9 0 11 8 5 4 0 0 0 0 0 0 0 0 0 19 0 17 0 22 0 0 23 0 
0 0 0 6 0 0 0 0 23 0 0 0 0 0 0 15 0 13 12 16 0 0 0 0 0 
0 0 8 0 6 0 0 0 0 4 0 0 0 0 0 0 17 16 0 0 0 0 0 0 0 
0 22 0 0 21 0 0 0 16 0 25 0 4 2 0 0 0 0 0 9 0 0 12 0 0 
0 12 0 0 0 0 7 0 0 9 0 16 0 0 0 0 22 21 0 24 0 0 2 0 4 
0 17 18 0 0 0 0 10 0 0 0 0 0 0 0 0 0 0 0 0 5 0 0 6 0 
25 2 0 0 0 0 0 0 0 0 0 0 0 0 8 0 12 0 0 0 0 18 0 0 19 
