5
0 0 0 0 0 0 19 0 18 0 22 0 0 0 0 0 0 11 9 10 0 0 0 0 0 
0 0 0 0 0 0 0 0 0 0 0 0 0 20 0 0 0 0 4 0 0 0 0 0 0 
0 0 18 20 0 0 0 0 0 0 0 0 3 5 0 0 12 0 14 0 0 0 0 0 0 
0 0 0 0 0 0 0 2 3 0 7 0 0 10 9 0 0 0 0 0 15 0 12 16 0 
0 6 3 5 0 10 9 0 0 0 12 0 13 15 0 0 0 1 24 0 0 0 0 0 0 
0 0 7 0 0 0 13 11 0 0 0 0 0 0 18 0 1 0 0 0 24 22 0 25 23 
0 0 0 0 18 24 0 0 0 25 1 0 0 4 0 0 11 15 0 0 0 0 0 0 0 
0 0 0 0 0 0 0 0 0 0 0 0 0 9 0 0 0 0 0 0 14 0 0 15 0 
0 0 2 0 3 0 8 0 7 0 0 0 12 0 0 0 21 25 0 24 0 17 0 0 0 
0 0 12 0 0 0 0 16 17 20 0 25 22 0 0 0 0 0 0 0 0 0 0 0 0 
18 0 0 0 20 1 0 0 0 0 0 0 0 0 0 0 0 0 15 0 11 9 0 0 0 
0 0 0 0 0 0 0 0 0 0 0 0 9 0 0 0 18 0 0 21 0 0 13 0 0 
0 17 0 0 0 21 20 18 0 22 23 0 0 0 0 0 8 12 0 11 6 0 0 0 0 
0 12 9 11 10 0 0 0 0 17 0 22 0 0 20 0 3 0 0 6 0 24 0 0 0 
0 0 4 0 0 0 10 0 0 12 0 0 0 0 15 0 23 0 25 0 0 19 18 0 0 
0 0 0 0 0 0 11 0 0 0 0 18 0 17 0 0 24 0 0 0 0 0 0 23 0 
0 0 25 0 0 7 0 4 0 0 0 0 10 12 0 20 0 23 0 22 0 15 14 0 0 
0 13 0 0 0 0 16 0 0 18 0 23 20 0 0 0 4 0 6 0 0 0 0 0 0 
14 0 0 0 0 0 0 0 0 0 24 0 0 2 0 10 0 0 0 0 0 0 4 8 0 
0 0 20 0 0 0 0 0 25 0 0 0 5 0 0 15 14 0 16 0 0 10 0 13 0 
15 0 16 0 17 23 22 0 21 24 0 4 0 3 0 0 0 0 0 13 8 6 0 0 0 
0 4 0 0 0 0 7 5 0 0 0 14 0 13 0 0 0 0 0 0 0 0 0 19 17 
0 0 0 0 0 0 0 0 0 0 20 0 21 0 0 6 0 9 0 0 0 0 0 4 0 
0 0 21 23 0 0 0 0 0 0 0 0 0 8 7 16 0 19 0 0 13 0 0 0 0 
0 9 0 0 7 13 0 0 0 0 0 0 0 0 0 0 0 0 0 3 0 21 0 0 22 
