5
0 0 0 0 0 0 0 0 0 0 25 0 23 0 0 0 0 14 13 0 0 0 0 0 0 
0 0 1 0 0 0 3 2 0 6 20 0 0 0 0 11 0 0 8 10 13 16 0 12 15 
18 20 21 0 0 0 0 0 24 0 0 0 0 0 14 0 0 0 0 0 0 11 0 7 0 
0 0 0 7 0 0 0 0 0 0 5 0 3 0 0 21 17 0 0 0 0 1 24 0 0 
0 0 0 0 0 0 0 0 19 0 0 11 0 0 0 0 0 0 0 25 0 6 0 0 5 
0 6 7 3 0 0 0 8 0 0 0 2 24 0 25 0 13 0 14 16 0 0 0 0 0 
0 0 17 0 0 0 19 18 20 0 11 0 9 8 0 0 0 0 24 0 0 0 0 0 0 
0 0 0 0 0 0 4 0 5 0 0 0 0 0 0 0 0 10 9 11 0 0 0 13 0 
0 0 0 0 0 0 0 0 0 0 0 0 14 0 0 0 3 0 0 6 0 0 0 0 0 
0 11 0 0 0 16 0 0 0 0 0 0 0 0 0 0 0 0 19 0 24 2 0 0 0 
25 0 3 24 0 7 0 0 6 8 0 23 0 0 0 13 0 0 0 12 0 18 0 0 0 
20 0 0 19 0 0 0 0 0 3 0 0 15 0 16 0 0 0 0 7 10 0 0 0 12 
0 0 0 0 0 12 10 0 11 0 0 0 0 0 1 0 0 0 0 0 20 23 0 0 22 
0 0 0 0 0 22 20 0 21 0 12 13 0 0 0 0 24 0 0 0 0 8 0 0 0 
0 12 0 0 0 0 15 0 16 0 0 8 5 0 6 0 0 0 0 0 0 0 1 0 0 
0 13 14 0 12 18 16 15 0 0 8 9 0 0 0 0 20 0 0 0 0 4 2 0 0 
21 0 0 20 22 0 0 0 2 0 18 0 0 0 0 9 0 0 6 0 0 0 0 10 13 
6 8 0 0 0 0 11 0 12 0 3 0 1 0 0 0 0 0 0 0 21 24 0 0 0 
1 3 4 0 0 8 0 5 0 0 0 24 0 20 22 14 0 12 11 13 0 0 0 0 0 
0 18 19 15 0 23 0 0 0 0 13 0 11 10 0 4 0 0 0 0 0 0 0 0 0 
0 0 20 16 0 0 0 0 23 0 14 0 0 0 0 0 1 0 0 0 0 0 0 0 0 
22 24 0 0 0 0 0 0 3 5 0 0 17 16 18 0 6 0 7 9 12 15 13 0 0 
12 14 0 0 13 0 0 0 0 20 9 10 0 6 0 0 21 0 0 24 0 0 0 0 0 
0 0 0 6 0 0 0 11 0 0 0 0 2 0 0 0 16 0 0 0 0 0 0 0 0 
2 0 0 0 0 0 7 6 0 0 0 0 0 0 0 0 0 0 0 14 0 0 0 16 0 
