5
0 0 0 0 0 0 0 0 0 0 0 0 5 0 0 0 0 0 0 0 0 12 0 0 0 
0 3 0 0 4 0 0 0 0 8 14 0 0 0 13 0 0 0 0 0 0 22 1 0 0 
0 0 0 22 0 0 0 0 0 0 0 0 10 0 0 0 0 0 0 0 0 0 21 0 18 
0 0 0 12 14 0 0 0 0 0 24 22 25 0 0 3 0 6 0 0 10 7 11 0 0 
0 0 11 7 0 0 14 0 0 0 0 0 20 0 0 0 0 0 0 0 0 2 0 0 3 
0 0 19 0 0 0 22 23 20 0 0 25 3 0 1 6 8 0 0 0 0 10 14 0 0 
0 0 0 0 0 0 0 8 0 0 12 0 0 0 0 0 0 0 0 0 0 0 0 22 0 
0 11 0 10 0 19 0 0 15 0 0 0 0 0 21 0 3 4 0 0 0 0 0 7 6 
23 21 24 0 0 4 0 0 0 1 0 0 0 0 0 11 0 14 10 0 0 0 0 0 0 
0 0 0 0 0 14 0 0 0 11 17 0 18 0 16 0 23 24 20 0 3 0 0 2 0 
1 24 0 0 0 0 0 0 3 0 10 0 0 12 0 0 0 17 0 0 0 18 22 0 19 
0 0 12 0 10 0 15 0 0 0 20 18 0 0 0 0 0 0 0 0 6 0 0 0 0 
0 0 0 0 0 22 0 0 0 0 25 0 0 2 0 0 0 0 0 0 0 0 0 0 0 
0 0 22 18 0 0 0 0 0 0 0 0 6 7 4 0 0 0 8 0 0 13 17 0 0 
6 0 0 3 0 12 10 11 0 0 0 0 0 0 0 0 0 0 0 0 1 0 0 0 24 
12 10 0 9 11 0 0 0 0 15 0 0 0 23 0 25 0 0 0 0 0 0 8 6 0 
17 0 0 0 16 23 21 0 0 20 0 0 2 0 0 0 7 0 0 0 0 0 13 11 0 
0 5 0 0 0 13 11 0 9 0 0 14 0 0 15 0 0 23 0 21 0 0 3 0 0 
22 0 0 19 0 0 0 0 24 0 0 0 0 0 0 10 0 13 9 0 0 0 0 16 0 
0 25 3 24 1 8 6 7 4 0 0 0 12 0 10 0 0 0 0 0 0 0 0 0 0 
0 0 0 0 0 0 0 0 0 0 0 0 0 15 0 17 0 0 0 0 0 0 25 0 0 
0 0 0 0 13 20 0 19 0 0 0 0 24 25 22 2 4 0 0 3 0 6 10 0 0 
19 17 0 0 0 25 0 0 21 0 0 0 0 0 2 0 9 10 0 0 0 0 0 0 0 
0 22 0 0 23 0 3 0 0 0 0 6 0 0 0 12 0 15 0 0 0 16 0 18 0 
0 0 0 6 8 0 0 0 11 0 18 0 0 0 17 0 24 0 0 0 4 0 0 0 0 
