5
0 0 8 0 9 0 0 20 0 21 0 0 0 0 0 0 0 0 0 0 0 2 0 0 0 
10 0 13 0 0 0 3 0 0 1 0 0 0 0 21 0 16 0 0 18 0 0 0 0 0 
0 0 0 21 0 12 0 0 0 0 0 5 0 0 0 0 0 0 0 3 0 0 0 0 0 
25 2 3 0 0 0 0 0 19 0 14 0 0 0 11 0 0 0 5 0 21 0 0 0 0 
0 0 0 0 0 0 8 0 0 6 0 25 0 0 1 0 0 0 0 0 0 12 0 0 0 
14 16 0 0 0 0 7 4 0 5 0 0 0 0 0 0 20 0 0 22 0 11 0 9 0 
0 6 0 0 0 21 0 0 23 0 0 14 0 0 0 0 10 0 0 12 25 0 0 0 2 
24 0 2 25 0 0 0 0 18 15 13 9 12 0 10 0 0 0 0 0 0 0 23 19 0 
0 21 22 0 0 0 0 0 0 10 8 0 0 0 5 0 25 0 0 0 0 0 18 0 0 
0 11 0 0 0 0 2 0 0 25 0 19 22 21 20 18 0 16 0 0 5 6 8 0 0 
0 23 24 0 0 0 0 11 0 12 0 6 0 0 0 0 2 0 0 0 0 0 0 0 0 
0 0 0 0 0 3 0 0 5 2 25 21 0 23 22 0 0 0 0 0 0 0 0 0 0 
0 0 0 0 10 23 0 0 25 0 20 0 0 18 17 0 0 0 11 0 2 0 0 0 4 
1 0 0 0 0 0 0 0 0 17 0 11 0 0 0 10 0 0 0 9 0 0 0 21 0 
0 18 0 0 0 0 0 0 10 0 0 0 0 3 2 0 0 0 0 0 0 13 0 0 0 
0 0 0 0 2 0 0 0 0 0 12 0 0 0 9 7 4 5 3 6 0 0 0 0 0 
13 0 0 0 0 5 0 0 7 4 0 23 0 0 0 0 0 0 18 0 0 0 12 8 0 
0 0 0 0 0 0 0 0 0 0 0 0 0 0 4 2 0 0 0 0 0 0 0 0 0 
3 0 0 4 0 0 0 0 22 0 0 0 0 0 14 0 0 0 0 11 0 0 0 0 0 
0 0 0 0 12 0 1 0 0 0 22 0 21 0 19 0 0 0 0 16 0 5 0 0 0 
22 0 0 0 0 14 15 0 0 0 0 7 0 0 0 0 0 0 0 0 0 0 0 17 0 
0 0 10 8 0 0 0 0 0 0 21 17 0 0 18 0 0 0 12 0 0 0 0 0 0 
12 0 0 0 16 0 5 0 6 0 0 0 0 0 0 21 0 0 0 0 0 0 11 0 10 
0 4 0 3 6 0 20 17 0 0 0 12 0 14 0 0 0 0 0 0 0 0 0 0 0 
17 0 20 0 0 9 0 0 11 0 0 2 0 0 0 0 23 0 22 0 0 14 0 0 0 
