5
0 0 0 0 5 0 0 0 0 0 23 0 0 22 0 0 0 0 11 0 13 0 0 0 0 
0 0 0 9 0 0 1 0 0 24 3 0 0 2 0 0 0 0 0 0 0 0 0 0 21 
0 21 0 0 20 0 11 0 0 0 0 16 0 0 15 0 22 24 0 0 0 0 0 0 6 
23 0 0 0 0 0 0 12 0 0 0 0 0 0 0 0 0 0 6 0 8 0 0 7 0 
0 0 0 0 0 0 0 0 0 4 0 0 0 7 0 0 0 19 0 0 0 0 0 22 1 
0 0 0 0 0 0 0 3 4 0 0 0 10 0 11 0 0 20 22 21 0 25 0 0 0 
0 0 0 0 0 0 0 0 0 0 0 17 0 0 0 0 0 25 2 1 4 5 6 0 0 
0 0 0 0 0 16 17 0 14 0 0 0 0 0 0 0 0 0 0 6 9 0 0 0 0 
0 0 3 0 0 21 0 0 19 0 0 0 0 0 0 0 8 0 0 11 0 15 0 13 0 
0 0 0 0 0 0 0 0 0 0 0 7 5 3 6 14 0 0 0 0 0 0 0 0 22 
0 0 1 0 0 0 20 16 0 0 0 0 23 21 0 7 0 0 0 0 0 13 0 11 15 
17 0 16 18 0 0 10 0 0 8 0 0 0 0 0 22 0 23 25 0 0 0 4 0 0 
0 10 0 8 0 0 0 0 0 0 0 0 0 0 0 0 0 0 0 0 0 0 0 16 0 
22 25 0 0 0 0 0 11 0 0 0 20 0 0 19 0 1 0 0 0 7 0 9 0 10 
0 0 0 0 14 0 0 0 2 3 0 0 0 0 0 0 0 0 0 0 0 0 0 21 0 
0 24 0 0 0 0 14 0 0 12 0 19 17 0 0 0 0 0 4 0 0 0 0 0 0 
0 0 0 0 0 0 0 15 0 0 0 0 22 0 23 0 0 7 0 0 0 0 13 0 0 
0 0 15 0 18 8 0 0 6 0 0 0 12 0 0 21 0 22 0 0 0 0 0 25 0 
0 0 0 12 13 0 4 0 0 0 0 0 0 5 0 0 0 0 19 18 21 0 23 20 24 
0 0 0 7 0 0 0 0 0 22 0 4 0 0 0 11 0 12 0 0 0 0 0 0 19 
0 18 0 0 17 7 0 4 5 0 10 0 0 9 12 20 19 21 0 0 0 0 2 24 0 
0 8 0 0 7 0 0 0 20 21 0 0 0 0 0 0 0 0 0 12 0 0 17 14 0 
0 0 19 21 0 0 0 0 0 11 15 0 0 0 0 0 24 0 3 0 0 6 0 0 0 
0 0 0 0 0 17 18 0 0 0 0 0 0 19 0 0 4 0 0 0 0 0 0 0 0 
0 13 9 0 12 2 3 0 0 0 5 0 0 0 7 15 0 0 0 0 20 0 22 0 0 
