5
10 0 0 11 8 0 21 0 0 0 0 0 5 0 0 0 0 0 0 0 0 0 0 16 0 
0 0 0 21 0 3 6 0 0 4 0 13 0 0 0 0 0 0 0 0 22 0 0 0 0 
0 0 0 0 0 23 1 0 0 0 0 0 10 9 0 3 0 0 0 0 0 0 0 21 0 
25 0 0 0 0 0 0 0 0 9 0 0 0 0 0 0 0 12 0 0 0 5 0 0 4 
0 0 0 0 0 0 16 12 15 14 0 0 0 24 22 18 0 0 21 0 7 0 0 0 0 
1 25 0 0 0 0 0 0 11 0 22 0 0 0 18 0 15 13 17 16 0 0 0 0 0 
0 0 0 0 0 0 0 0 0 5 17 0 0 0 0 0 10 8 0 11 0 1 0 2 0 
16 0 13 0 14 24 0 0 1 25 0 0 11 0 0 0 5 3 0 0 0 21 19 0 0 
0 0 0 0 0 14 17 0 16 15 2 0 1 0 0 19 0 0 0 0 0 0 9 0 0 
0 0 0 0 0 0 0 0 0 0 7 0 0 0 0 0 0 23 0 0 0 16 14 0 15 
4 0 0 0 0 0 0 0 14 0 25 0 0 23 0 17 0 0 0 0 0 9 7 10 0 
0 0 0 0 12 0 0 0 0 0 10 7 0 0 6 0 0 0 5 0 0 0 17 0 0 
24 23 0 0 0 0 0 0 0 0 0 17 0 0 16 0 0 11 15 14 1 0 0 0 3 
19 0 0 20 0 0 0 1 0 3 0 0 0 0 0 0 0 6 10 0 0 0 0 25 23 
0 0 6 0 7 0 0 0 0 0 5 0 0 0 0 0 0 0 0 24 0 14 0 0 13 
0 0 0 3 0 0 0 0 0 0 0 0 0 0 0 15 0 14 0 17 4 0 5 8 0 
22 21 0 0 0 0 8 0 0 0 0 15 0 16 0 0 0 0 0 0 24 0 0 3 1 
0 0 0 0 15 0 3 0 2 1 0 10 0 0 9 5 0 4 0 0 0 0 20 0 0 
0 11 0 0 0 0 0 0 22 0 0 0 0 0 0 25 0 0 0 0 0 0 15 0 16 
7 0 4 8 0 15 0 0 17 0 0 25 2 1 0 0 21 0 0 0 0 0 10 13 0 
23 0 0 0 0 0 0 0 0 0 0 0 0 0 15 0 0 10 14 0 25 0 1 0 0 
0 0 0 0 0 0 0 0 0 0 0 0 0 0 0 0 0 20 0 0 0 13 11 0 0 
0 0 0 0 0 21 24 0 0 22 9 0 0 7 0 1 0 0 0 0 0 0 0 19 0 
3 0 25 0 0 0 0 0 13 0 24 0 0 22 0 16 0 15 0 0 5 8 0 0 0 
0 17 0 19 0 1 0 0 0 0 14 11 0 0 0 0 7 0 0 0 0 0 21 0 0 
