5
0 0 0 0 9 17 0 18 0 20 13 0 0 0 0 0 0 0 22 0 0 0 4 0 0 
0 0 0 0 0 0 0 0 14 15 8 0 0 0 9 20 16 19 0 18 21 0 24 0 0 
0 0 0 17 0 2 0 3 0 0 0 0 21 0 24 0 6 0 0 0 0 15 0 12 0 
23 25 21 0 0 0 0 8 0 0 0 2 0 5 0 15 11 0 0 13 0 0 0 0 18 
0 15 11 0 0 0 21 0 0 0 0 0 16 0 0 5 0 4 2 3 6 0 0 0 8 
0 6 2 3 5 0 0 14 0 0 0 8 0 0 0 21 0 20 0 0 0 1 0 23 24 
0 0 0 0 0 0 0 24 0 0 0 0 0 0 0 0 2 0 3 0 0 0 10 8 0 
0 0 22 0 25 0 0 0 10 11 0 3 2 0 0 0 12 0 0 14 0 0 0 0 0 
0 0 0 8 0 0 0 0 20 0 14 13 12 0 15 0 22 0 23 24 2 0 5 0 0 
0 0 0 18 0 0 2 4 0 0 0 0 0 0 0 0 7 0 0 0 12 16 0 13 0 
17 0 0 0 0 1 25 0 0 4 0 0 20 24 23 9 5 0 0 7 0 0 0 11 0 
0 0 20 21 0 6 5 0 0 0 2 0 0 0 3 0 0 0 0 12 15 0 0 0 0 
12 0 10 0 0 0 20 22 0 0 17 0 0 0 0 0 25 0 0 0 0 9 0 6 0 
0 4 0 0 0 0 10 0 0 0 0 0 5 9 0 0 0 0 16 0 0 0 23 0 0 
0 9 0 0 8 0 0 17 0 19 12 0 10 14 0 0 0 0 0 0 25 4 0 0 0 
6 0 0 0 0 15 0 0 0 18 11 10 9 0 0 23 19 0 0 0 0 0 2 0 1 
11 13 0 0 0 0 0 0 0 0 0 0 0 0 0 3 0 0 0 0 4 8 7 0 0 
0 0 0 0 22 0 4 0 0 8 0 0 24 0 0 0 9 0 10 0 14 18 17 0 16 
0 0 14 15 17 0 24 0 0 0 21 0 0 0 22 0 0 0 0 0 0 0 0 0 0 
0 0 0 0 0 0 0 0 0 0 6 0 4 0 0 0 0 17 0 0 19 0 22 0 21 
20 22 0 19 0 4 0 5 0 0 25 0 0 0 1 0 0 11 0 0 0 0 0 0 0 
0 0 0 0 0 0 0 0 0 0 5 4 0 7 0 17 13 0 0 15 18 0 0 0 0 
0 0 0 0 0 19 0 20 0 0 0 0 0 0 16 0 0 0 0 0 0 7 0 4 0 
0 0 3 0 6 14 13 0 0 0 10 0 8 0 11 22 18 0 0 0 0 0 0 0 0 
15 0 0 0 0 0 0 25 0 0 0 19 0 0 0 0 3 0 0 0 8 0 11 9 10 
