5
0 0 0 0 0 0 0 0 0 0 0 0 0 23 21 0 0 0 20 0 0 0 0 7 0 
1 0 0 0 0 0 16 0 0 0 0 12 0 0 0 0 6 0 0 0 0 0 25 0 0 
0 0 0 0 0 0 11 0 13 0 0 0 0 0 6 0 1 2 0 4 0 0 0 0 0 
0 7 8 0 0 25 0 0 0 0 0 0 0 0 0 13 0 12 15 0 0 3 0 2 0 
16 0 0 0 0 10 0 0 0 7 0 0 0 0 1 0 21 22 0 0 11 0 0 0 14 
0 0 0 23 0 13 9 0 0 10 8 5 0 0 4 0 24 0 0 2 0 0 0 15 0 
14 15 0 0 0 0 0 7 0 0 0 25 0 0 0 21 0 20 0 22 0 11 13 0 0 
24 0 0 0 2 18 14 0 0 0 0 0 12 11 9 0 0 0 0 0 19 0 0 0 22 
0 0 0 0 0 0 24 0 0 25 23 20 0 0 0 0 14 0 0 0 0 6 0 0 0 
0 5 0 8 7 0 0 22 0 20 0 0 0 16 0 0 0 0 0 0 0 0 0 0 2 
0 0 0 11 0 0 0 25 0 0 21 18 20 19 17 14 0 13 16 15 2 0 0 0 0 
0 0 0 21 20 0 0 10 0 0 6 0 0 0 0 0 0 0 0 0 12 0 16 0 15 
0 0 4 0 0 0 17 0 0 0 0 13 0 14 12 0 0 0 0 0 0 0 1 0 0 
0 0 24 1 0 0 0 0 14 0 11 0 10 0 0 0 2 0 0 5 0 19 0 18 0 
0 0 14 0 0 0 2 5 0 3 1 0 0 24 0 19 0 0 0 0 0 0 11 0 0 
8 9 10 0 0 0 0 0 0 0 0 0 21 20 0 15 0 0 0 0 3 0 7 4 0 
13 0 0 0 16 0 0 0 5 4 0 0 0 25 0 0 18 0 0 0 0 0 0 0 0 
0 24 0 0 0 0 0 16 0 14 0 9 0 0 8 0 3 0 0 0 0 20 22 19 0 
0 0 0 0 0 0 0 11 0 0 0 4 0 5 0 0 0 0 0 0 0 15 0 0 0 
0 0 0 0 0 0 0 0 0 0 17 0 0 0 13 0 0 0 12 0 0 0 0 24 0 
0 0 0 19 0 0 0 0 0 6 0 0 0 0 0 0 20 0 0 0 0 0 0 0 13 
0 0 0 4 3 0 0 0 17 0 14 0 0 12 0 0 5 0 0 8 0 0 0 0 0 
0 21 0 24 0 0 0 0 0 0 9 6 8 0 0 2 0 1 0 0 15 0 0 0 0 
0 6 0 0 0 0 20 23 0 0 0 0 18 0 0 12 0 0 0 13 0 0 4 0 0 
10 11 12 0 13 0 25 0 0 1 24 0 23 0 0 17 0 16 19 0 5 7 0 6 0 
