5
0 0 0 0 8 0 11 13 0 10 0 0 25 0 0 22 0 23 0 0 0 0 0 0 0 
22 21 0 0 23 0 1 0 0 0 0 0 0 0 18 12 0 0 0 11 0 0 0 0 0 
0 0 0 25 0 0 0 0 0 0 0 21 20 0 0 0 0 0 14 0 13 0 10 0 0 
0 0 0 0 0 0 0 18 14 0 0 0 0 0 0 0 0 0 24 0 0 0 0 0 0 
0 0 0 0 18 22 0 0 0 0 0 11 0 0 0 0 0 8 0 0 0 0 25 0 0 
0 0 10 0 0 18 17 0 15 0 0 0 6 0 0 3 1 4 0 2 0 0 0 22 0 
0 0 0 1 4 8 0 0 0 6 23 0 0 20 24 18 16 0 15 0 0 0 0 0 13 
8 0 0 6 0 0 0 0 0 0 3 0 0 0 0 0 0 24 0 0 0 0 0 0 0 
0 0 0 21 0 0 0 0 25 0 18 0 16 0 19 0 0 0 0 0 0 0 0 0 8 
0 0 15 0 19 0 0 0 20 0 13 0 0 0 0 0 0 0 0 0 0 25 0 2 3 
0 13 0 0 0 19 18 0 0 17 0 8 7 0 0 4 2 0 0 0 0 0 22 0 0 
0 0 0 7 0 14 0 0 0 0 0 0 2 0 5 0 0 0 0 0 0 0 0 0 19 
0 0 0 0 0 0 8 0 0 7 24 0 0 21 0 0 0 0 16 0 0 0 0 13 0 
0 0 0 0 0 0 0 0 0 0 19 18 0 0 0 0 0 15 0 0 0 0 7 8 0 
19 0 0 17 0 24 0 25 0 0 0 0 12 11 15 0 0 10 6 0 0 0 0 0 4 
0 0 2 0 6 10 0 11 7 8 25 0 0 0 0 0 0 0 17 19 0 12 13 14 0 
0 0 0 0 16 20 0 0 0 0 10 0 0 0 0 5 0 6 0 4 0 0 0 0 0 
0 0 0 0 0 0 4 0 2 0 0 19 18 0 0 0 0 0 0 0 11 0 0 9 10 
0 0 0 0 11 0 0 0 0 0 0 4 0 2 0 0 0 0 0 0 21 0 18 0 0 
20 0 17 0 0 0 0 0 0 0 0 0 0 0 0 0 8 0 0 9 0 0 0 4 5 
0 0 0 0 17 0 0 0 0 0 0 10 9 8 12 0 0 7 0 0 0 0 0 25 0 
1 0 0 0 2 0 5 7 0 0 0 0 0 0 0 16 0 0 0 0 12 0 0 10 0 
0 0 3 0 7 0 0 12 8 9 0 0 24 23 2 0 0 0 0 0 17 0 0 0 0 
0 0 0 9 0 0 15 17 13 14 0 0 0 0 7 0 24 0 23 25 22 18 19 0 21 
21 20 0 19 0 1 0 0 0 24 16 15 0 13 0 11 0 0 8 0 0 3 4 0 6 
