5
0 0 11 0 0 0 20 0 0 24 7 0 0 0 0 0 0 25 0 1 16 19 0 0 0 
0 0 0 0 0 1 0 0 0 0 0 0 0 11 0 0 7 0 8 0 0 0 23 20 22 
0 0 1 0 0 0 0 0 13 0 0 0 0 0 0 0 17 0 0 0 0 0 0 0 0 
0 0 21 24 0 6 5 7 0 0 17 0 15 16 0 0 0 0 0 0 0 0 0 25 0 
5 0 6 0 0 0 15 0 0 0 0 0 0 0 0 24 0 20 23 0 0 0 0 0 0 
11 0 12 15 14 0 21 0 0 0 0 0 0 7 0 0 0 1 0 0 0 0 19 0 18 
0 3 0 0 4 0 0 0 14 15 0 0 21 22 0 0 0 16 0 0 0 10 0 0 0 
16 0 17 0 19 2 1 3 4 0 0 0 0 0 0 0 0 0 0 0 0 0 0 21 23 
6 0 0 0 9 0 0 0 0 0 3 0 0 0 0 0 0 0 0 22 0 0 0 11 13 
0 23 0 0 0 7 0 8 9 10 18 20 0 0 0 0 13 0 0 12 0 0 0 0 0 
0 0 0 0 11 19 18 20 0 0 5 0 0 0 0 0 0 0 1 0 0 0 16 0 15 
0 0 0 22 0 4 0 0 6 0 15 0 13 0 16 0 0 0 0 0 24 2 0 0 0 
0 0 0 0 0 14 0 0 0 0 25 2 23 0 1 0 0 18 0 19 0 0 0 8 0 
0 25 24 2 0 0 0 0 11 0 0 0 0 0 0 0 0 0 0 14 0 7 0 0 0 
13 0 0 0 0 0 0 25 0 2 0 0 0 9 0 0 0 0 0 4 0 0 21 0 20 
0 0 0 23 0 0 0 6 7 8 0 0 0 0 0 0 11 9 0 10 0 3 0 0 0 
0 0 25 0 0 0 0 0 12 0 21 23 0 0 0 0 16 0 0 15 0 0 7 0 0 
14 0 15 0 17 0 0 0 0 0 0 0 0 0 0 0 0 4 0 0 20 0 0 19 0 
0 6 5 8 0 0 0 0 0 0 1 0 0 0 0 0 0 0 22 0 0 0 12 0 0 
0 0 10 0 0 0 19 21 0 23 0 0 0 0 0 3 1 0 0 0 0 18 17 0 16 
0 0 0 0 0 0 0 0 0 11 19 21 0 0 0 0 14 0 15 0 0 6 0 0 0 
7 0 0 11 0 0 0 0 0 21 0 0 0 0 0 0 0 0 25 0 0 0 0 12 0 
2 0 0 0 0 0 0 0 0 0 0 0 0 0 0 21 19 0 0 0 0 0 0 0 0 
17 0 0 21 0 3 2 4 0 0 0 16 12 0 0 0 0 0 0 0 0 1 25 0 0 
12 0 0 0 15 0 0 0 0 0 9 0 7 0 0 0 0 0 0 3 0 21 20 0 0 
