5
0 22 21 0 23 0 1 0 0 4 0 0 0 0 0 9 0 7 10 8 13 11 0 0 12 
0 0 11 0 0 0 16 0 17 19 6 0 0 0 7 0 0 0 0 0 0 1 0 4 0 
0 0 0 0 0 0 0 0 0 0 0 0 0 0 0 0 0 0 0 3 0 0 0 0 7 
0 0 0 0 0 13 11 0 0 14 0 3 0 0 0 0 16 0 0 18 0 0 25 24 0 
0 2 0 0 3 0 0 10 0 0 21 0 24 0 0 0 0 0 0 13 0 0 0 0 17 
0 0 0 13 0 0 0 18 0 0 4 0 0 8 0 22 19 20 23 0 0 24 0 2 0 
7 0 0 8 0 11 0 0 10 0 24 1 0 0 0 0 14 0 0 0 21 0 0 22 20 
0 0 14 0 0 0 0 23 0 22 0 0 0 0 0 0 0 0 0 0 0 0 0 0 0 
0 20 0 23 0 0 0 3 0 0 0 0 0 0 0 7 4 5 0 0 0 0 0 0 0 
2 0 24 3 0 0 4 0 0 0 0 0 0 0 0 0 0 0 0 0 16 0 0 17 0 
0 0 0 0 0 24 0 0 0 25 12 0 15 0 13 0 2 0 6 0 9 7 0 10 0 
0 3 2 0 0 0 0 0 8 0 22 0 0 0 0 15 0 0 0 0 0 0 21 0 18 
25 23 0 1 0 4 0 6 0 0 17 0 0 0 0 0 7 0 11 0 0 0 16 0 0 
0 13 0 16 0 0 0 0 0 0 0 0 0 0 0 0 0 0 0 24 4 0 0 0 0 
0 0 7 0 0 14 12 0 0 0 0 0 0 6 3 0 0 18 0 0 0 22 0 0 23 
1 0 0 2 0 0 3 0 4 0 18 20 0 22 0 0 8 9 0 10 0 0 0 0 0 
0 0 0 0 0 0 0 22 0 0 8 10 0 0 0 1 23 0 2 0 0 0 0 0 4 
0 0 0 0 0 0 0 2 24 1 13 15 16 0 14 0 0 0 0 0 10 8 12 0 9 
11 0 0 0 0 15 0 0 14 0 0 5 6 0 0 21 18 0 0 0 25 0 2 0 0 
0 0 0 7 0 0 8 0 0 0 0 0 0 2 0 16 0 0 0 0 0 0 22 0 0 
0 21 0 0 0 2 0 0 1 0 0 0 18 19 0 0 0 0 9 7 0 10 14 0 0 
8 0 5 9 0 12 10 0 0 13 25 0 0 4 1 18 15 0 0 17 0 0 24 0 21 
0 0 0 14 12 17 0 0 16 0 0 0 8 0 6 0 0 21 24 0 0 0 0 3 0 
0 0 0 0 0 0 0 0 0 0 0 12 0 14 0 3 0 0 0 0 0 5 9 0 0 
3 0 0 0 0 0 0 0 0 0 20 0 0 0 21 0 0 0 0 12 0 15 0 18 16 
