5
0 0 0 22 0 0 0 0 0 6 0 16 0 19 0 0 0 0 0 0 1 0 0 0 5 
0 0 0 12 0 0 0 0 0 21 0 6 0 0 0 3 0 0 5 0 16 0 0 0 0 
0 0 0 0 0 19 0 0 0 0 3 1 0 0 0 23 24 0 25 22 11 0 0 14 0 
0 0 0 0 18 0 0 2 0 1 13 0 0 14 12 8 0 0 0 0 0 0 23 0 25 
0 0 0 0 0 14 0 12 0 0 23 0 25 24 0 18 0 0 20 17 0 0 8 9 0 
0 0 3 0 0 0 0 0 11 0 0 19 0 0 0 0 17 0 18 0 0 0 0 7 8 
0 12 13 0 0 0 0 20 0 0 6 0 8 0 0 0 2 0 0 0 14 15 16 17 0 
0 0 0 0 0 17 0 15 0 0 0 24 0 0 0 0 0 0 0 0 9 0 0 12 0 
0 0 18 0 16 0 0 25 0 24 0 0 13 12 0 6 7 4 8 0 0 20 0 22 0 
0 22 0 20 21 0 0 0 0 0 0 14 0 17 0 0 0 0 0 0 24 0 1 0 0 
0 0 4 0 0 13 14 0 0 0 0 20 24 0 0 0 0 0 19 0 0 0 0 8 9 
0 18 0 0 17 0 4 0 0 25 12 0 0 0 0 0 0 0 9 0 0 21 22 0 0 
0 0 0 0 7 0 19 0 17 0 2 0 4 0 0 0 23 0 0 0 0 0 0 0 0 
0 0 0 0 12 0 0 0 0 20 7 0 0 8 0 0 0 0 4 0 15 0 17 18 0 
0 23 0 21 0 0 0 6 7 0 0 0 19 18 16 0 13 0 0 0 0 0 2 0 0 
0 5 6 0 4 15 0 0 0 12 0 22 0 0 0 0 0 17 0 0 0 8 0 0 0 
0 0 0 0 19 0 0 3 0 2 14 0 16 0 0 0 10 7 0 0 0 0 0 25 0 
22 0 0 0 0 10 0 0 0 0 0 17 0 20 0 0 0 0 0 13 0 0 4 5 0 
0 15 16 0 0 25 1 0 0 0 0 0 11 0 0 0 0 0 0 0 0 0 0 0 0 
7 10 0 8 0 20 0 0 0 0 0 2 0 5 3 24 0 0 0 0 0 0 14 15 0 
0 21 22 0 0 0 0 0 0 0 15 0 0 0 14 0 11 0 0 0 0 0 0 0 2 
0 1 2 0 0 0 0 0 0 8 0 18 0 0 0 0 0 0 0 14 0 0 0 0 7 
0 16 17 14 0 0 0 0 0 23 0 0 0 11 0 0 0 0 0 4 18 0 0 21 0 
3 0 7 0 0 16 0 0 0 0 25 0 0 0 0 0 21 18 0 19 0 0 10 0 0 
0 0 0 9 0 0 22 0 0 0 0 0 0 0 0 0 1 23 2 0 0 0 0 0 0 
