5
0 0 0 0 0 0 0 0 0 5 11 0 0 0 10 0 0 0 0 0 23 20 0 0 24 
0 0 0 0 2 0 0 19 0 0 0 23 24 0 0 13 0 0 11 0 0 0 0 0 0 
20 0 0 0 22 0 0 14 0 10 16 0 0 0 15 0 0 9 0 0 0 0 0 1 0 
0 0 8 9 0 0 23 0 0 0 1 3 0 0 0 0 0 0 0 0 0 10 0 11 0 
0 11 0 14 0 0 0 0 1 25 6 0 0 0 0 0 0 0 0 0 0 15 17 0 19 
3 0 0 0 0 0 0 22 0 18 0 0 2 25 0 16 0 0 0 15 11 0 0 0 0 
0 0 1 2 0 15 16 0 14 13 0 21 0 20 0 11 0 0 0 0 6 3 0 0 0 
0 9 0 12 0 0 0 2 24 0 0 0 0 0 0 0 0 0 0 0 0 0 15 14 0 
0 0 0 0 0 10 0 12 0 0 0 0 17 0 13 0 0 0 0 0 0 0 0 0 2 
0 0 0 0 15 0 0 7 0 0 0 11 0 10 0 0 23 2 0 0 0 0 0 0 22 
16 17 0 20 0 0 9 0 0 0 0 0 15 0 11 0 0 0 0 0 0 0 23 0 0 
0 0 0 0 0 0 0 0 0 0 0 9 10 0 0 0 0 0 0 0 0 0 18 0 20 
0 0 4 0 0 0 0 20 17 16 0 24 0 0 0 0 11 0 0 0 0 0 8 0 0 
0 0 0 0 0 0 0 0 0 0 0 0 0 0 0 19 16 0 0 0 14 0 13 12 0 
0 0 24 0 0 13 14 0 12 0 0 0 20 0 16 0 0 0 0 0 0 0 0 2 0 
0 15 17 0 16 0 0 0 0 4 10 0 0 0 9 2 0 0 0 0 0 19 0 0 0 
0 10 0 13 0 0 2 0 0 0 0 0 0 6 0 0 0 23 0 21 0 14 0 15 0 
0 0 7 0 0 21 0 0 0 0 0 0 0 0 0 0 0 0 15 0 0 9 11 10 0 
19 0 22 0 21 11 0 13 0 0 0 17 18 0 0 0 4 0 0 0 2 0 1 0 0 
0 0 0 0 0 16 0 0 0 0 20 0 23 0 0 0 0 0 0 0 7 0 6 0 0 
22 0 25 1 0 0 0 0 0 0 0 0 0 0 0 10 0 0 0 0 0 0 4 0 0 
17 0 0 0 0 0 0 11 8 0 0 0 0 14 12 0 0 6 0 0 0 22 0 0 0 
7 0 0 11 0 24 0 0 0 22 3 0 6 4 2 20 17 0 0 19 0 0 0 13 0 
2 0 5 0 4 19 20 0 0 0 0 25 1 0 0 0 0 0 0 14 0 0 9 0 0 
0 0 0 0 0 4 0 6 3 2 0 10 0 9 0 25 0 1 0 0 0 0 19 18 0 
