5
14 0 0 0 0 9 0 8 0 0 2 0 0 23 0 0 0 0 18 0 0 0 0 0 0 
0 0 0 0 18 14 0 13 0 0 0 4 0 0 5 0 2 0 0 1 0 10 0 0 0 
0 10 11 0 0 4 5 3 0 0 0 0 0 0 20 15 17 14 0 0 24 0 0 0 0 
0 0 0 0 0 0 0 0 1 0 17 0 0 0 0 0 0 9 0 11 0 0 0 0 0 
0 0 0 0 0 0 0 0 0 22 0 0 0 0 0 0 7 0 0 0 0 15 0 0 16 
0 0 0 0 0 3 0 0 0 0 21 0 0 17 0 14 0 0 0 15 0 0 0 0 0 
0 19 0 21 0 0 0 0 0 0 6 0 0 0 4 0 0 0 0 25 0 0 0 7 0 
0 0 0 0 0 8 9 0 0 0 0 0 0 0 0 0 21 18 0 0 0 0 0 0 0 
0 0 0 0 0 0 0 0 0 0 0 0 0 0 0 0 0 0 0 0 0 14 0 12 0 
0 4 0 0 2 23 0 0 25 0 0 0 15 12 0 0 0 0 0 0 0 0 0 0 0 
0 0 4 0 1 22 23 0 0 0 0 0 0 0 0 0 0 0 0 0 17 0 0 0 0 
0 0 0 0 11 0 8 0 0 0 0 22 0 0 23 0 0 17 0 0 0 0 0 1 0 
7 0 0 0 0 0 0 0 0 5 20 0 19 0 0 13 0 0 0 14 0 0 0 0 0 
0 0 24 0 0 0 0 0 19 0 0 7 0 0 0 0 0 0 0 4 0 0 15 0 0 
0 18 0 20 0 0 0 0 14 0 0 0 0 0 0 23 0 22 0 0 7 0 0 0 9 
0 0 0 0 0 0 0 0 0 0 0 0 0 0 0 17 0 0 0 18 0 0 0 0 0 
0 17 0 0 15 0 0 0 0 0 0 0 0 0 0 0 0 0 20 0 6 0 9 5 0 
0 7 0 0 5 0 2 0 0 0 0 0 0 0 0 0 0 11 0 0 21 0 0 0 0 
0 0 0 0 0 0 0 15 0 0 0 6 0 0 0 0 0 0 0 0 0 0 0 0 0 
0 0 0 4 0 0 0 0 0 24 0 0 0 0 12 0 0 0 0 0 0 0 0 0 18 
0 0 0 0 9 0 6 0 0 0 0 0 0 19 0 0 0 0 0 0 0 0 0 0 0 
0 1 0 3 0 0 0 0 0 23 0 0 0 9 11 0 8 0 0 0 0 0 0 0 0 
0 6 0 0 0 25 0 0 0 0 0 0 0 14 0 0 0 0 0 12 0 0 0 0 0 
0 0 0 0 0 0 0 0 0 0 0 0 0 24 0 0 0 0 0 22 0 6 0 0 0 
0 0 0 0 0 0 16 0 0 0 8 0 0 0 6 0 3 25 0 0 10 11 0 0 12 
