5
0 0 0 10 9 0 0 0 17 0 18 0 20 0 0 0 0 0 0 0 0 6 0 0 0 
0 22 0 0 0 0 0 0 0 0 0 0 0 0 0 0 0 0 0 0 0 16 0 0 0 
0 0 0 0 0 5 0 0 0 0 0 0 0 0 9 0 0 0 0 0 0 0 18 0 22 
0 0 0 0 4 0 0 0 0 0 0 0 0 0 0 0 0 0 0 18 25 0 0 0 2 
0 0 0 15 0 0 0 0 0 0 0 0 0 0 0 0 5 7 0 0 0 0 0 0 12 
0 0 19 0 0 0 0 2 0 0 0 7 0 0 0 0 0 0 10 0 0 0 0 0 0 
12 0 0 0 0 0 0 0 0 0 19 0 0 0 0 2 1 0 0 24 0 0 0 0 0 
0 0 4 6 0 0 0 0 0 0 0 0 0 0 0 0 0 23 0 0 1 2 0 0 0 
0 0 0 0 0 0 0 0 0 0 0 0 0 13 10 0 0 0 0 0 0 0 0 0 23 
17 0 0 16 15 0 0 0 0 0 0 0 1 0 0 0 0 0 0 0 0 0 0 0 13 
0 0 6 0 0 0 0 0 0 0 0 0 0 20 0 0 0 0 22 0 0 0 0 0 0 
0 0 0 3 0 0 0 0 0 7 0 0 13 0 0 0 18 0 17 16 0 0 0 0 0 
0 0 0 0 0 0 16 0 0 0 0 0 0 0 22 0 3 5 0 0 0 0 0 0 0 
0 0 0 0 0 0 0 0 0 0 0 0 0 0 0 0 0 0 0 0 0 0 0 0 0 
0 0 0 0 0 0 0 0 0 0 0 0 0 0 0 0 13 15 0 0 0 0 0 0 0 
13 0 0 0 0 0 15 18 0 0 0 23 0 0 0 0 0 0 0 0 7 0 5 0 0 
0 0 0 0 6 12 10 13 14 0 0 0 17 0 0 0 22 0 21 0 0 0 0 0 0 
0 24 0 0 0 0 0 0 0 0 0 0 0 0 0 0 0 0 11 0 0 0 0 16 0 
3 4 0 0 0 0 0 0 0 0 0 0 12 0 0 18 0 0 0 0 0 0 0 0 0 
18 19 0 0 16 0 20 0 24 0 25 0 2 0 0 0 0 0 0 5 12 0 0 11 0 
15 0 0 14 0 0 0 0 0 18 0 0 0 1 23 0 0 0 0 0 0 0 0 8 0 
0 0 7 0 0 0 12 0 16 13 0 0 0 21 0 0 0 0 0 0 4 0 0 0 0 
0 0 17 0 18 24 0 0 0 0 0 5 0 0 3 0 0 0 0 7 0 0 0 13 0 
0 0 22 0 0 0 0 5 0 0 0 0 0 0 0 0 0 0 0 0 0 0 0 18 21 
0 0 2 0 3 0 0 0 0 0 0 0 0 0 0 0 0 0 0 0 0 25 0 0 0 
