5
12 0 0 0 0 0 0 0 0 0 0 2 0 0 0 6 8 0 0 0 0 0 20 0 0 
0 0 15 0 0 0 0 0 0 0 0 0 0 0 5 0 0 0 0 0 0 0 0 0 0 
22 19 0 0 0 0 0 0 0 0 0 12 13 11 10 0 0 0 0 0 0 0 0 6 0 
2 0 0 0 0 5 0 6 8 4 0 0 0 0 0 0 0 0 0 0 12 0 0 0 0 
0 4 5 0 6 0 0 0 13 0 0 0 0 0 20 0 0 0 2 0 0 0 0 0 0 
0 0 0 0 0 0 0 0 0 0 11 0 0 0 0 0 0 0 19 0 9 0 0 0 0 
0 0 0 0 0 0 0 0 0 0 0 0 0 0 0 0 10 0 0 0 0 0 22 0 0 
0 0 0 0 0 0 0 0 0 0 0 0 0 0 0 3 0 0 0 0 0 0 0 0 16 
0 0 0 5 0 7 0 8 0 6 0 0 0 0 17 23 0 0 0 0 0 0 12 0 11 
0 0 0 0 0 0 0 0 0 21 0 0 0 0 0 0 15 12 0 0 0 5 0 3 0 
0 0 0 0 0 0 3 0 0 25 10 0 0 12 11 0 0 0 0 0 0 0 0 0 0 
0 0 0 19 0 21 0 0 0 0 0 0 0 0 0 0 0 0 0 0 0 0 1 0 0 
0 0 0 0 0 0 0 0 0 0 15 0 0 0 0 0 0 21 0 0 0 0 0 0 0 
0 10 11 0 0 0 0 0 0 0 0 0 0 0 0 0 0 6 8 0 0 24 21 0 20 
0 0 0 0 0 0 0 0 0 0 20 0 0 0 21 0 0 1 0 0 0 0 16 0 15 
0 0 9 12 0 0 0 0 17 0 23 0 2 0 0 5 0 0 6 3 21 0 0 20 0 
21 0 19 0 0 0 1 0 0 0 0 0 12 10 0 0 0 0 0 0 0 7 0 0 0 
0 0 0 0 0 0 11 0 0 8 0 21 0 0 0 0 0 0 0 0 0 0 0 0 0 
1 0 24 0 0 0 6 0 0 0 0 0 0 0 14 0 0 0 0 0 0 0 0 0 0 
0 0 0 17 0 0 21 0 0 0 0 0 0 0 4 0 0 0 0 0 0 0 0 0 0 
0 0 0 1 0 0 0 4 0 0 0 0 0 0 13 0 0 0 0 0 0 11 0 0 0 
20 0 0 0 0 23 0 24 0 0 0 0 11 0 0 0 16 13 0 0 0 0 0 0 0 
5 0 0 0 0 0 0 0 0 7 17 0 0 0 0 0 1 0 25 0 0 0 0 14 12 
0 0 0 0 0 13 15 0 0 12 0 0 0 24 0 0 0 0 0 0 20 0 0 0 0 
15 0 13 0 0 0 0 0 0 0 0 0 0 0 0 0 0 8 0 0 0 0 0 0 0 
