5
0 0 0 0 17 0 0 0 0 0 24 0 0 25 0 0 0 0 0 0 0 0 0 0 0 
0 0 14 16 0 0 0 0 0 0 0 0 17 0 0 0 0 0 0 22 0 0 4 0 0 
0 0 0 0 0 0 22 25 0 0 0 0 0 0 0 0 0 0 0 0 0 20 0 0 0 
0 0 0 0 7 0 0 5 0 0 0 13 0 0 0 19 0 0 0 0 0 0 0 0 0 
0 0 0 0 0 0 17 0 0 19 0 0 0 0 0 0 0 0 11 0 12 0 0 0 0 
0 0 0 0 25 0 0 0 0 0 0 0 0 0 0 0 0 0 14 10 0 0 0 0 0 
11 0 0 0 0 0 0 0 0 0 17 0 0 0 0 0 0 23 0 0 0 0 0 0 4 
0 0 0 0 0 0 0 13 11 0 0 0 0 23 0 0 0 0 0 0 0 8 7 0 9 
0 0 0 0 0 0 0 0 0 17 0 0 0 0 0 0 0 0 9 0 10 0 0 11 14 
0 0 7 0 0 0 0 0 0 2 12 0 0 0 0 0 16 0 19 0 0 0 0 0 0 
17 0 0 0 16 15 0 0 0 13 0 0 0 24 0 0 0 0 0 0 0 0 0 0 0 
2 0 0 0 1 0 0 0 0 0 0 0 0 0 0 13 12 0 0 0 0 0 18 17 0 
0 0 13 15 0 0 6 0 0 0 0 0 0 19 0 0 0 0 0 21 0 0 0 0 0 
0 0 0 10 0 0 1 4 0 0 0 12 0 0 0 18 0 0 0 0 0 0 23 0 0 
22 24 23 25 0 0 16 0 0 18 0 2 0 4 0 0 0 0 0 0 0 14 13 0 0 
0 16 15 0 0 0 0 11 0 0 0 0 0 0 22 0 0 0 0 0 0 6 0 4 7 
24 0 0 0 23 0 0 0 19 20 5 4 0 0 0 0 9 0 0 0 0 0 0 0 0 
0 0 0 0 0 0 0 0 0 25 10 0 0 0 0 0 0 0 0 0 0 0 0 0 0 
0 0 0 22 0 17 0 0 14 15 0 0 0 0 0 0 0 0 0 0 0 0 0 0 12 
0 0 0 0 8 7 0 6 0 0 0 0 0 0 0 0 0 0 0 0 0 0 0 24 2 
0 0 0 0 0 8 0 7 0 0 0 15 0 0 0 0 0 0 0 0 0 0 0 25 0 
0 0 16 0 0 0 9 0 0 0 0 0 0 0 23 0 25 0 0 0 0 0 0 5 0 
0 0 0 0 19 0 0 0 0 0 0 0 0 0 0 0 0 0 0 0 0 0 0 0 0 
0 2 0 0 0 0 0 0 20 0 6 0 0 0 0 0 0 12 0 9 0 17 0 15 18 
0 0 6 8 0 3 0 2 25 0 0 0 0 0 0 0 0 17 0 0 19 22 0 0 23 
