5
0 0 0 0 0 2 0 0 0 0 0 0 0 0 0 0 0 0 0 0 0 17 0 0 0 
0 0 0 12 10 0 0 0 0 0 0 0 0 0 0 0 1 4 0 0 0 0 0 0 0 
0 0 0 0 25 22 0 0 0 21 8 6 0 0 0 0 16 0 17 0 10 0 0 0 14 
0 19 18 0 15 0 0 0 13 0 0 21 22 0 0 0 6 0 7 5 0 0 0 0 4 
0 24 0 0 0 0 0 0 0 16 0 1 0 0 0 0 0 0 12 0 0 7 0 0 0 
0 15 0 0 0 0 0 0 9 7 19 0 18 0 0 0 0 0 0 0 21 23 0 22 0 
2 0 4 3 0 0 0 0 0 0 9 0 0 0 10 0 0 0 0 0 0 0 14 12 15 
17 0 0 0 0 13 0 0 0 12 0 22 0 0 0 9 0 10 8 0 1 3 0 0 0 
0 25 24 0 0 0 20 0 0 0 4 0 0 1 0 0 0 15 0 0 0 8 9 7 0 
0 0 0 0 6 0 0 0 0 0 0 0 0 0 0 0 0 0 0 21 0 0 0 0 0 
0 0 0 0 0 0 0 0 0 0 0 0 0 0 0 0 0 0 0 0 0 19 0 0 0 
23 0 0 24 0 0 21 0 0 0 0 3 0 0 0 0 13 0 14 0 0 0 0 0 0 
0 0 0 19 17 0 0 12 0 0 0 0 24 0 0 10 0 0 0 0 0 0 0 0 0 
0 0 0 0 0 0 0 0 0 0 0 8 0 0 11 20 0 0 19 0 0 14 0 0 0 
13 0 15 0 0 0 0 0 0 0 20 0 0 0 21 0 0 6 4 2 0 0 25 0 0 
0 0 0 0 0 0 22 0 0 0 0 4 5 3 0 0 0 0 0 0 8 10 0 0 0 
0 0 0 0 0 0 7 0 0 0 16 0 0 0 17 0 0 0 0 0 0 0 0 0 0 
0 0 0 0 0 0 0 0 0 0 0 0 0 0 0 0 0 0 10 0 3 0 6 0 0 
14 17 0 0 13 0 0 0 0 0 0 0 0 18 0 6 0 0 0 0 0 0 0 0 2 
0 7 0 5 0 0 0 0 0 0 0 9 0 0 12 21 19 0 20 18 13 0 0 0 0 
0 0 0 0 0 0 0 0 0 0 0 0 0 0 0 0 0 0 0 0 0 0 0 15 0 
20 0 0 0 19 0 0 0 0 0 0 25 1 0 0 0 0 13 0 9 0 0 0 0 0 
0 0 12 11 0 0 0 0 0 5 0 0 0 0 18 0 0 0 0 0 19 21 0 0 23 
0 0 2 1 24 21 0 0 22 20 0 5 6 0 0 0 0 0 16 0 0 0 12 0 13 
0 18 0 0 14 11 13 9 0 10 0 0 21 0 0 0 0 8 6 0 0 0 0 0 0 
