5
0 0 0 0 7 18 0 0 0 0 0 3 0 0 0 0 0 0 0 0 0 0 0 0 0 
1 24 0 0 0 0 0 0 0 10 0 0 0 19 0 3 0 0 0 6 0 0 0 0 0 
0 0 0 0 0 0 2 0 0 0 15 0 0 0 0 0 0 0 0 0 9 0 11 0 0 
6 0 0 0 0 0 12 0 0 0 0 23 0 0 0 0 0 0 0 0 0 0 21 17 0 
16 0 13 0 12 23 22 0 0 0 0 0 0 0 0 0 0 0 0 0 0 3 0 0 0 
0 0 0 0 0 0 0 12 0 13 0 0 0 0 0 6 8 0 0 0 0 0 0 0 0 
0 0 0 0 20 6 0 7 0 0 0 0 0 0 0 1 3 0 0 4 0 0 0 0 13 
19 0 0 0 0 0 0 0 0 0 13 0 0 12 10 21 0 0 0 0 0 0 0 0 0 
0 0 0 8 0 0 0 17 19 0 0 1 0 0 0 0 0 0 10 0 0 0 0 0 0 
0 0 0 0 10 0 0 0 0 0 0 0 0 0 0 16 18 0 15 0 0 0 0 0 0 
18 0 0 0 0 0 0 0 0 2 12 10 0 0 0 20 0 0 0 23 6 5 0 0 0 
0 0 0 0 0 0 0 0 0 0 0 15 18 16 0 0 0 0 24 3 0 0 0 0 0 
0 0 0 0 0 20 19 0 0 0 0 0 0 0 0 15 0 0 0 18 0 0 0 0 0 
3 0 0 0 24 0 0 0 0 0 0 0 0 0 0 0 0 0 0 0 16 0 0 0 0 
0 0 5 7 0 0 0 0 0 0 2 0 0 0 0 0 0 0 0 0 0 0 23 0 0 
0 23 0 0 0 0 0 0 0 0 0 17 0 0 0 0 0 0 0 0 0 0 0 0 0 
0 0 0 0 6 17 0 0 0 19 0 0 0 0 0 0 0 0 0 0 0 22 0 0 0 
0 0 0 4 0 12 0 0 0 0 0 0 25 0 21 7 0 8 0 0 0 0 0 16 0 
0 18 0 0 0 2 0 0 0 4 0 0 0 0 0 0 0 23 0 0 0 0 0 0 9 
0 0 12 0 11 0 0 0 0 0 9 7 0 0 0 0 0 0 16 0 0 2 0 0 4 
0 0 0 0 13 24 23 0 0 0 0 0 0 0 8 0 0 0 0 0 0 0 0 0 0 
0 0 24 0 0 9 0 0 0 11 0 0 0 0 0 0 6 5 0 0 0 14 0 0 0 
0 0 0 0 0 0 0 0 0 0 0 0 0 0 13 24 0 0 0 0 0 0 0 0 0 
0 0 0 11 8 19 0 0 0 0 6 4 0 5 3 14 16 0 0 17 0 0 0 0 0 
0 5 4 0 3 0 0 0 0 16 0 0 2 25 0 0 0 0 0 0 20 0 0 0 0 
