6
9 8 6 5 0 7 0 4 1 0 0 35 15 16 14 11 13 12 20 18 21 19 22 17 24 28 27 25 0 23 0 0 29 31 0 30 
21 20 0 17 0 19 0 0 0 0 0 0 0 28 0 0 25 24 32 30 33 31 0 29 36 4 0 1 2 35 0 8 5 0 0 6 
15 14 12 0 16 13 9 0 7 0 6 5 21 22 20 17 19 18 26 24 27 0 0 23 30 34 33 0 32 29 3 2 35 0 4 36 
27 26 24 23 28 25 21 0 19 20 0 17 33 34 32 29 0 30 2 36 0 1 0 0 6 0 0 7 8 5 15 0 11 13 16 12 
3 0 0 0 0 0 0 34 31 0 30 0 9 0 8 5 7 6 0 12 0 13 16 0 18 22 21 0 0 17 27 0 23 25 28 24 
0 32 30 0 34 31 27 0 0 26 24 23 3 4 2 35 1 36 8 0 9 7 0 5 12 0 15 0 14 11 0 0 17 19 0 18 
32 0 0 0 33 0 26 0 24 0 23 22 0 0 0 34 36 35 7 5 8 6 9 4 11 15 0 12 13 10 20 19 16 0 21 17 
0 19 0 16 21 18 14 15 0 13 11 0 0 27 25 22 24 23 31 29 32 0 33 28 35 0 2 0 1 34 8 7 0 6 0 5 
14 13 11 10 0 12 0 9 6 7 5 4 0 21 19 0 18 17 0 0 0 24 27 22 29 0 32 30 0 28 0 1 34 0 0 35 
2 0 35 34 3 36 32 33 30 0 29 28 8 9 7 4 6 5 13 11 14 0 15 10 0 21 20 18 19 16 0 25 22 24 27 23 
26 0 23 22 27 0 0 0 18 19 0 0 0 33 31 28 0 29 1 0 0 36 3 34 5 9 0 0 7 4 0 13 0 12 0 0 
8 0 5 0 9 0 2 3 0 1 35 34 14 0 13 10 12 11 19 17 20 18 21 0 23 27 26 24 25 22 32 31 28 30 33 29 
35 0 0 31 36 0 29 30 0 28 0 25 0 0 4 1 0 2 0 0 11 9 12 7 14 0 17 15 16 13 23 0 19 21 0 20 
17 0 14 13 18 15 11 12 9 10 8 7 23 24 22 19 0 20 0 0 29 27 30 25 0 36 0 0 34 31 5 4 1 3 6 2 
11 10 8 7 0 9 5 6 0 0 2 1 17 18 16 13 0 14 22 20 23 21 24 0 26 30 29 0 28 25 0 34 31 33 36 32 
0 4 0 1 6 0 35 36 33 0 32 31 0 12 10 0 9 8 16 14 17 15 18 0 20 0 23 0 22 0 29 28 25 27 30 26 
23 0 20 19 24 21 17 0 15 16 0 13 0 30 28 25 27 26 34 32 35 0 36 31 2 6 5 3 4 0 0 10 0 9 0 8 
29 28 0 0 0 27 0 24 21 22 0 0 35 36 34 31 33 32 4 2 0 3 6 1 8 12 11 9 10 7 17 16 13 0 0 0 
28 27 25 24 29 0 22 23 20 21 19 18 34 0 33 0 32 0 0 1 4 2 5 0 0 0 0 8 0 6 0 15 0 0 17 13 
34 0 0 30 35 32 28 29 0 0 0 24 4 5 3 36 2 1 9 7 0 8 11 0 13 17 0 0 0 0 22 21 0 20 23 0 
16 15 13 12 17 14 0 11 8 9 7 0 22 0 21 18 20 19 27 0 0 0 0 24 31 0 34 0 33 30 4 3 36 2 5 0 
0 3 1 36 5 0 34 35 0 33 0 30 10 0 0 0 0 7 0 13 16 14 0 12 19 23 22 0 0 18 0 27 0 26 29 25 
22 21 19 0 23 20 16 17 14 15 13 12 28 29 27 24 26 25 33 0 34 32 35 30 1 5 4 0 3 36 10 9 0 8 0 7 
10 9 0 0 0 8 4 0 2 3 1 36 16 0 15 0 14 13 21 19 22 0 23 0 25 29 0 26 27 0 34 0 0 0 35 0 
0 18 16 15 20 17 13 14 11 12 10 9 25 26 24 0 23 22 30 0 31 0 32 27 0 2 1 35 36 0 7 6 3 5 0 4 
13 0 10 9 14 0 7 8 5 0 4 0 0 20 18 0 0 16 24 0 0 23 26 21 28 32 31 29 30 27 1 0 33 35 2 34 
31 0 28 27 32 29 25 26 0 24 22 21 1 0 0 0 35 34 0 4 0 0 0 0 10 14 13 11 12 9 0 18 0 17 0 16 
7 6 4 3 8 0 1 2 0 36 34 33 13 0 12 9 0 10 18 0 19 17 20 15 22 26 0 0 24 21 31 30 27 0 32 28 
25 0 22 0 0 23 19 0 17 18 16 15 0 32 30 0 29 28 36 34 1 35 0 33 4 8 7 5 0 3 13 12 0 0 0 10 
1 0 0 0 0 35 31 0 29 0 28 0 7 8 6 3 0 4 0 0 0 11 0 9 16 20 19 17 18 15 25 24 0 23 26 22 
12 11 0 0 13 10 6 7 4 0 0 2 18 19 0 14 0 15 23 0 0 22 25 20 27 31 30 28 0 26 36 0 32 0 0 33 
0 35 33 32 1 34 0 31 28 29 27 26 6 7 5 2 4 3 0 0 12 10 0 0 15 19 18 0 17 0 0 23 20 0 25 21 
0 23 21 20 25 22 18 19 16 0 15 0 0 31 0 26 0 27 35 0 36 34 1 0 3 7 6 4 5 2 12 11 8 10 13 9 
18 17 0 0 19 16 0 0 10 11 9 8 24 0 23 0 22 0 29 27 0 28 0 26 33 0 36 34 35 32 6 0 0 4 7 3 
0 29 27 26 31 28 24 25 0 0 21 20 36 0 35 32 34 0 5 3 0 4 7 2 0 13 12 0 11 8 18 17 14 16 19 0 
6 5 3 2 7 4 36 1 34 35 33 32 12 13 11 8 10 9 17 15 18 0 19 14 21 25 24 22 23 20 30 0 26 28 31 27 
