6
0 2 0 5 3 6 25 0 22 24 23 21 10 12 13 9 11 0 0 0 15 16 19 14 27 28 0 0 31 30 32 36 35 34 0 33 
34 0 1 35 0 36 19 14 16 0 17 0 0 6 0 3 0 2 12 11 9 10 0 8 21 0 23 0 25 24 26 30 0 0 31 0 
16 14 19 17 15 0 1 32 34 0 0 33 0 24 25 21 23 20 0 0 27 28 0 0 3 4 5 2 7 0 8 0 11 10 13 9 
0 8 13 11 9 12 0 26 28 30 29 27 16 18 19 15 17 0 0 23 21 22 25 20 33 34 0 32 1 36 2 0 0 4 7 3 
22 20 25 23 0 24 7 2 4 0 5 0 0 30 31 27 29 26 36 35 33 34 1 32 0 10 11 8 13 12 14 0 0 16 0 15 
28 26 0 0 0 30 13 8 10 0 11 9 0 0 0 0 0 0 0 5 3 0 7 2 15 16 17 14 19 18 0 0 23 22 0 0 
30 28 0 31 29 0 15 10 12 14 13 11 36 0 0 35 1 34 8 0 5 0 9 4 17 18 0 16 0 0 22 0 25 24 27 23 
0 22 27 0 23 26 0 0 0 8 7 5 30 0 33 29 31 28 2 0 35 36 3 0 11 12 13 0 15 14 16 20 0 0 21 17 
0 34 0 0 0 2 21 16 18 0 19 17 6 8 9 0 7 4 0 13 11 12 15 10 23 0 25 22 27 26 28 32 31 30 33 29 
0 16 0 19 0 0 3 34 36 2 1 35 24 26 27 23 0 0 32 31 29 30 33 0 5 6 0 0 9 8 10 14 13 12 15 11 
6 4 0 7 5 0 27 22 0 26 25 23 12 14 15 0 0 10 20 19 17 0 21 0 29 30 31 0 0 0 34 0 0 0 3 35 
12 10 15 0 11 0 33 28 30 32 0 0 18 0 21 0 19 16 26 25 23 24 27 22 35 36 0 0 0 0 0 0 7 6 9 5 
0 18 0 21 19 22 5 36 2 4 0 1 26 28 29 25 0 24 34 0 0 32 0 30 7 8 9 0 11 10 12 16 0 14 0 0 
8 6 0 9 7 10 29 24 26 0 0 25 14 16 17 0 0 0 0 21 0 20 0 18 31 32 33 30 35 0 0 0 0 2 5 0 
2 36 5 3 1 0 23 18 0 22 21 0 8 0 11 7 0 0 0 15 13 14 0 12 0 0 0 24 29 28 30 0 0 0 35 0 
32 30 0 0 31 34 17 12 14 16 15 13 2 4 5 1 3 36 10 9 7 0 11 0 19 20 0 18 23 22 24 0 27 26 29 0 
0 12 17 15 13 16 35 30 32 34 33 0 20 22 23 19 0 0 28 27 0 0 0 24 1 0 3 36 0 4 6 0 9 8 11 7 
0 24 0 0 0 28 11 6 8 10 9 7 32 0 35 0 33 0 4 3 0 2 0 36 13 14 0 0 17 16 18 0 0 20 23 19 
0 29 0 0 30 33 16 11 0 15 0 12 0 3 0 36 2 35 9 8 6 0 10 5 0 19 20 17 22 21 23 27 26 25 28 24 
13 11 0 0 12 15 34 29 0 33 0 30 19 21 22 0 0 0 27 0 0 25 0 23 36 1 2 0 0 3 5 9 8 7 10 6 
19 0 22 0 18 21 4 35 1 0 2 36 25 0 28 0 0 0 33 32 30 31 0 0 6 7 8 0 0 0 11 15 14 13 0 12 
1 35 4 2 36 3 0 17 19 21 20 18 0 9 10 0 0 5 15 0 12 13 16 0 24 25 26 23 0 0 29 33 32 31 34 30 
0 0 28 26 24 27 10 5 0 9 8 6 31 33 34 30 32 29 0 2 36 1 0 35 12 0 14 11 0 0 17 21 20 19 0 18 
7 5 10 8 0 9 28 23 25 27 26 0 13 15 0 0 14 0 21 20 18 19 22 17 30 31 32 29 34 33 35 0 2 0 4 36 
17 15 0 18 16 0 0 0 35 1 36 34 0 25 26 22 24 21 0 30 28 29 32 27 0 0 6 3 8 0 0 13 0 11 14 10 
0 33 2 0 34 1 20 15 17 19 18 16 5 0 8 4 6 3 13 12 0 11 14 9 0 0 24 21 26 25 27 31 30 29 0 28 
0 0 0 0 4 0 26 21 23 0 24 22 11 13 14 0 12 9 19 18 16 17 20 0 0 29 0 27 32 31 33 0 0 0 2 34 
11 9 14 0 10 13 32 27 29 31 0 28 17 19 20 16 18 15 25 24 22 0 0 21 0 35 36 33 2 0 0 7 0 5 8 4 
29 27 32 30 28 31 14 0 0 13 12 10 35 1 0 0 36 0 7 6 4 5 0 3 16 0 18 0 0 0 21 25 0 23 0 22 
23 21 26 24 22 25 8 0 5 0 6 0 29 0 32 0 30 27 0 0 34 35 2 0 0 11 0 9 14 13 15 19 18 17 20 0 
33 31 0 34 32 35 18 13 15 17 16 14 3 0 6 2 4 1 11 10 0 9 12 7 20 21 22 19 0 0 25 29 0 27 30 0 
3 1 6 4 0 5 0 0 21 23 0 20 0 11 12 8 10 0 17 16 0 15 18 13 0 27 28 0 30 29 31 35 0 33 36 32 
27 25 30 28 26 29 12 7 9 11 10 8 33 35 0 32 34 0 0 4 0 3 6 1 14 15 0 13 0 17 19 23 22 0 24 20 
21 0 0 22 20 23 6 0 3 5 4 2 27 0 30 26 0 25 35 34 32 33 36 31 8 9 0 0 12 11 0 17 0 15 18 14 
15 13 0 16 14 17 36 0 0 35 34 0 21 23 24 0 22 19 29 28 0 27 30 25 0 3 4 1 6 0 0 0 10 9 0 0 
9 0 0 10 8 11 0 25 27 0 28 26 15 0 18 14 16 13 23 22 20 21 24 19 32 33 34 31 36 35 1 5 0 0 0 0 
