6
16 0 15 0 19 18 31 0 30 27 0 29 33 0 2 36 34 35 8 0 3 6 0 5 0 23 0 0 22 26 12 13 9 10 11 14 
0 8 3 5 7 0 19 20 0 0 16 17 0 25 0 24 22 0 32 28 27 0 0 0 9 0 13 0 10 14 36 1 33 34 35 2 
0 32 27 29 0 30 7 8 6 3 4 0 9 0 0 12 10 11 0 0 0 18 19 0 33 35 0 36 34 0 0 25 21 0 23 26 
34 2 33 35 1 0 13 0 12 9 10 0 15 19 0 18 0 0 26 22 21 24 0 23 3 0 0 6 4 8 0 0 27 28 0 32 
0 26 0 23 0 24 1 2 36 33 34 0 0 0 8 6 0 0 0 10 9 12 13 11 27 0 31 30 28 32 18 0 15 16 17 20 
0 14 9 0 0 12 25 26 24 0 0 23 27 31 0 30 0 0 2 34 0 36 1 0 15 0 19 0 0 20 0 7 0 4 5 8 
0 0 34 36 2 0 14 15 13 0 0 0 16 20 0 0 0 18 27 23 0 25 26 24 4 0 8 7 0 0 31 32 28 29 30 33 
29 33 28 30 0 0 8 9 7 0 5 6 10 0 15 13 11 12 21 0 16 0 20 0 34 36 2 1 35 3 25 0 0 23 0 0 
17 0 16 0 20 19 0 33 31 28 29 30 0 0 0 1 0 0 0 5 0 0 8 6 0 24 26 0 23 0 13 14 10 11 12 15 
11 0 10 12 0 0 0 27 0 0 23 24 28 0 0 31 0 30 3 0 34 1 2 36 0 0 20 19 17 21 7 8 4 5 6 0 
0 27 22 24 26 0 2 3 0 0 35 36 4 8 9 0 5 0 15 11 10 0 14 12 28 30 0 31 29 33 0 20 16 0 18 21 
5 9 0 6 8 7 20 21 0 0 0 0 0 26 0 25 23 0 33 29 28 31 32 0 10 0 14 13 11 0 0 2 34 35 0 3 
2 6 0 3 5 4 17 18 16 13 0 15 19 23 24 22 0 21 30 0 25 0 29 27 7 9 11 0 8 0 34 0 31 32 33 36 
0 0 0 0 23 22 35 36 0 31 32 33 1 0 6 4 2 0 12 8 7 0 11 9 25 27 29 28 26 0 16 17 13 14 15 18 
8 12 0 9 0 10 23 24 22 0 20 21 25 0 30 28 26 27 36 32 31 34 0 33 0 15 17 16 0 18 0 5 1 0 3 0 
0 36 31 33 35 34 0 12 10 7 8 9 13 0 18 0 14 0 0 20 19 0 23 21 1 0 5 4 2 6 0 29 25 26 27 30 
0 18 0 0 17 16 29 0 0 25 0 27 31 35 36 34 0 33 6 2 1 0 5 0 19 21 0 22 20 24 10 0 7 8 0 12 
26 30 25 27 0 0 0 6 0 0 0 0 7 0 12 10 8 9 18 14 13 0 17 15 31 33 35 0 32 0 22 0 0 0 0 24 
1 5 36 2 4 3 16 17 15 0 0 0 18 0 23 21 19 0 29 0 0 0 28 0 6 8 0 9 7 0 0 0 30 31 0 35 
19 0 18 0 22 0 34 35 33 30 31 0 0 4 5 3 0 0 0 7 6 9 0 8 24 26 28 0 25 0 15 16 0 13 14 17 
31 35 30 32 34 33 0 11 9 0 7 0 0 16 17 15 13 0 23 19 18 21 22 20 36 2 4 3 1 5 27 28 24 25 0 29 
0 17 0 0 16 15 28 29 0 0 25 0 30 34 35 33 0 32 5 0 36 3 4 2 0 0 0 0 0 0 0 10 6 0 8 11 
7 11 6 8 0 9 22 23 0 0 19 20 24 28 29 27 0 26 35 31 30 33 0 32 12 14 16 15 13 17 0 4 36 1 2 0 
25 0 0 0 28 0 0 5 3 0 1 2 6 10 11 9 7 8 17 13 0 15 0 14 0 32 34 33 31 35 21 0 0 0 0 0 
0 10 0 7 9 0 21 22 0 17 0 0 23 0 28 26 24 25 34 30 29 32 0 31 11 13 15 14 12 16 0 0 35 36 1 4 
0 22 0 0 21 20 33 34 0 0 30 0 35 3 4 0 36 1 10 6 5 8 9 7 0 0 0 26 0 28 0 15 0 12 13 16 
12 16 11 13 15 14 0 28 26 23 24 25 29 33 34 32 30 31 4 36 35 0 0 0 17 0 21 20 18 22 8 9 5 6 0 0 
30 0 29 31 0 32 9 0 0 5 0 7 0 0 16 0 12 13 22 18 0 20 21 19 35 1 3 0 36 4 26 27 0 24 25 0 
24 0 23 25 27 26 3 0 0 35 36 1 5 0 0 0 6 7 16 12 0 14 15 0 29 31 33 0 30 34 20 21 17 0 19 22 
36 0 0 1 3 2 15 16 14 11 0 13 0 21 0 0 18 19 28 0 23 26 27 25 5 7 9 8 6 10 32 0 0 30 31 34 
0 31 26 0 30 29 6 0 5 2 3 4 8 12 13 0 9 10 19 0 14 0 0 0 0 34 36 0 33 1 23 0 20 21 22 25 
3 0 0 4 6 5 18 19 17 14 15 16 20 24 25 0 21 22 31 27 26 0 30 28 8 10 0 11 0 0 35 36 32 33 34 0 
0 1 0 34 36 35 12 13 11 8 0 0 0 18 19 17 15 0 25 21 20 23 24 22 2 4 6 5 3 0 0 30 26 27 28 31 
21 25 0 22 24 23 36 1 35 0 33 34 2 6 0 0 3 4 0 9 8 11 0 10 26 28 0 29 0 31 0 18 14 15 16 19 
9 13 8 10 12 11 24 25 23 0 21 22 0 30 31 29 27 28 1 0 0 0 36 34 0 16 18 17 15 0 0 0 2 3 4 7 
15 19 14 16 0 0 0 31 0 26 27 28 0 36 1 35 0 0 0 0 0 5 0 4 20 22 24 0 21 0 11 12 0 9 10 0 
