6
34 36 33 0 0 35 0 23 24 21 22 0 0 0 0 0 14 16 31 30 0 29 26 27 2 0 6 3 7 5 13 9 10 12 8 0 
16 18 15 14 19 0 0 5 0 3 4 7 0 1 35 0 32 0 0 12 0 11 8 9 0 22 24 0 25 23 31 27 28 0 0 29 
10 0 0 8 13 11 32 0 0 33 0 1 27 31 29 30 26 0 7 6 0 5 2 3 14 16 18 0 0 17 25 21 22 24 20 23 
22 24 21 0 25 23 8 0 0 9 10 0 0 7 5 6 2 0 0 0 0 17 14 0 26 0 0 27 31 0 1 0 34 36 0 35 
28 30 27 26 31 0 0 17 18 15 0 0 9 13 11 12 8 0 25 0 22 0 20 21 32 34 36 33 1 35 7 3 4 6 2 0 
4 6 3 0 0 5 0 0 30 27 0 0 0 25 0 24 20 22 0 36 34 0 32 33 8 10 12 9 0 0 19 15 16 18 14 0 
31 0 30 0 0 32 17 20 21 18 19 0 12 16 14 15 11 0 0 0 25 26 23 0 35 0 3 0 4 2 10 6 0 0 5 8 
1 0 0 35 4 0 0 26 27 24 25 28 18 22 20 21 17 19 34 33 31 0 29 30 0 7 9 6 10 8 16 0 13 15 11 0 
7 0 6 5 10 8 29 32 0 30 31 34 24 0 26 27 0 25 0 3 1 2 0 36 11 13 15 12 16 0 22 18 19 21 17 20 
13 0 0 0 16 0 35 2 3 0 0 4 30 34 32 0 29 31 0 0 7 0 5 6 17 19 21 0 0 20 0 24 25 27 23 26 
25 27 24 23 0 0 11 14 0 12 0 0 6 0 8 0 5 7 22 21 19 20 17 0 0 31 33 0 34 32 4 0 0 0 0 2 
19 21 18 0 22 20 5 0 9 6 0 0 0 0 2 3 35 0 16 15 13 14 0 12 0 25 27 0 28 0 0 30 31 0 0 32 
6 8 5 0 9 7 0 31 0 29 30 0 0 27 25 26 0 24 3 0 36 1 0 0 10 12 14 0 15 13 0 17 0 20 16 19 
0 0 0 0 0 31 0 0 20 17 18 0 0 15 13 14 0 0 27 26 24 25 22 0 0 36 2 35 3 1 9 0 0 8 4 7 
0 0 11 10 15 13 34 0 2 35 0 3 29 33 31 0 28 30 9 8 6 7 4 0 16 18 0 17 21 19 0 23 0 26 0 25 
24 0 23 22 27 0 10 13 0 0 12 15 5 9 7 8 4 6 0 20 0 19 16 17 28 0 0 29 33 0 0 0 0 2 34 1 
18 20 0 16 21 19 4 0 0 0 6 0 35 3 1 2 0 36 15 0 12 13 0 11 22 0 26 0 27 25 0 29 0 0 28 31 
36 2 35 34 0 1 0 25 26 23 24 0 17 21 19 0 0 0 33 32 0 31 0 0 4 0 8 5 0 7 0 11 12 14 10 13 
0 0 0 18 23 0 6 9 10 7 0 0 1 5 3 0 36 2 17 0 0 0 12 13 24 26 28 0 29 0 35 0 0 34 30 33 
32 34 31 0 35 33 18 21 22 0 20 23 0 0 15 16 12 14 29 28 26 27 24 25 0 2 0 1 5 0 0 0 8 0 6 9 
14 16 13 0 0 15 36 3 0 1 2 5 0 35 0 34 30 32 11 0 0 0 6 7 0 20 0 19 0 21 0 25 0 28 24 27 
0 28 25 24 0 27 0 0 16 13 14 17 7 11 9 10 6 8 23 0 20 21 18 19 0 32 34 31 35 33 0 1 0 0 0 3 
0 10 0 6 0 0 30 33 34 31 32 35 0 29 27 0 0 0 0 0 0 3 36 0 12 14 0 0 0 15 23 0 0 22 18 0 
0 4 0 0 5 0 24 27 28 25 26 29 19 23 0 0 18 20 35 0 0 33 30 31 6 8 10 7 11 9 0 0 14 16 12 0 
33 35 32 31 36 34 19 22 23 0 21 0 14 18 0 17 13 15 30 29 0 0 25 26 1 0 0 2 6 4 0 8 0 11 7 10 
9 0 8 0 12 10 31 0 0 32 33 36 0 30 28 29 25 27 6 5 3 4 0 0 13 15 0 14 18 16 24 0 21 23 19 0 
15 17 14 13 0 16 1 0 0 0 3 6 32 36 0 35 31 33 0 11 9 10 0 8 19 21 23 20 24 22 30 26 0 29 25 28 
21 23 20 0 0 22 7 0 11 0 9 12 2 0 0 5 0 0 18 17 15 16 13 14 25 27 29 26 30 28 36 32 33 35 31 34 
27 29 26 25 30 28 13 16 17 14 0 18 8 0 10 11 7 9 24 0 21 0 19 0 31 33 35 32 36 34 6 2 3 0 1 4 
0 0 2 1 6 4 25 28 29 26 27 30 20 24 0 23 19 21 36 35 0 34 31 0 0 9 11 8 0 10 18 0 15 0 13 16 
0 1 34 0 2 36 0 24 25 0 23 26 0 20 18 19 15 17 32 0 29 30 27 28 3 5 7 4 8 6 0 0 0 13 9 12 
29 31 28 0 32 0 0 18 19 16 0 0 10 14 0 0 9 11 0 0 0 24 0 0 0 35 0 34 0 0 8 4 5 7 3 0 
17 19 16 0 20 18 3 0 0 4 0 8 0 2 36 0 33 0 14 0 0 0 9 0 21 0 25 0 26 0 32 28 29 31 27 30 
23 0 0 21 0 24 0 12 0 0 0 14 0 8 6 7 3 5 20 19 0 18 0 16 27 29 31 28 0 0 2 0 35 0 33 36 
11 0 10 0 14 12 33 36 0 34 35 2 28 0 30 31 27 29 0 7 5 6 3 4 0 17 19 16 20 18 26 22 23 25 21 0 
5 7 0 0 0 0 0 30 31 0 29 0 22 26 24 25 0 0 2 0 0 0 0 34 9 11 13 10 14 12 20 16 17 0 15 18 
