6
0 13 14 16 18 15 0 7 8 0 0 9 0 3 1 0 4 5 19 20 21 22 24 0 35 36 34 0 33 32 0 28 30 25 0 0 
0 0 20 0 24 21 0 13 14 17 0 15 8 9 7 0 0 0 25 26 0 0 30 29 5 6 4 1 0 2 33 0 0 31 35 32 
11 7 8 10 12 9 4 0 2 5 6 3 0 33 0 36 34 35 13 14 15 16 18 17 29 30 28 25 0 26 21 22 24 19 23 20 
35 0 32 34 0 0 0 25 26 0 30 27 0 21 0 24 22 0 1 2 0 0 0 5 0 0 16 0 0 14 9 0 0 0 0 8 
5 1 2 0 0 3 34 31 0 35 0 0 26 27 25 30 28 0 0 8 9 10 0 11 0 0 22 19 21 0 15 16 18 0 17 14 
29 25 26 0 30 0 0 19 20 0 24 21 14 15 0 18 16 17 0 0 0 34 36 35 11 12 10 7 0 0 3 4 6 1 0 0 
21 17 18 20 0 19 14 11 12 15 0 13 0 7 5 0 8 9 0 24 25 26 28 27 0 4 2 35 1 36 0 0 34 29 0 0 
33 29 0 32 34 0 0 23 24 27 28 25 18 0 17 22 20 21 0 36 1 2 0 3 15 16 14 11 0 12 7 8 0 0 9 6 
15 11 0 14 16 13 8 5 6 0 10 7 0 0 0 4 2 3 17 18 19 0 0 21 0 34 32 29 31 30 25 0 0 23 27 0 
0 5 0 8 0 7 0 35 36 0 0 0 30 31 29 0 0 33 11 12 0 14 16 15 27 28 0 23 25 0 0 20 0 17 21 0 
3 0 0 2 4 1 0 29 30 33 34 31 24 0 0 0 26 0 0 6 7 0 10 9 21 22 20 17 19 18 13 0 16 11 15 12 
27 23 24 26 28 0 20 17 18 0 22 0 12 0 11 16 14 0 29 0 31 32 34 0 9 10 8 0 7 0 1 0 4 35 0 0 
28 24 25 0 0 26 21 18 19 22 23 20 13 14 0 17 0 16 30 31 32 33 0 34 0 11 9 0 0 0 2 3 0 36 0 1 
10 0 7 9 11 8 3 36 0 4 5 2 31 32 30 35 33 0 0 13 14 15 17 16 28 29 27 24 0 25 0 21 23 18 22 0 
0 12 13 15 17 14 0 6 0 0 0 8 1 2 0 5 3 0 18 19 20 21 0 22 34 0 0 0 32 31 0 27 29 24 28 0 
0 0 1 0 5 2 33 30 31 34 0 32 0 26 24 0 27 0 6 7 8 9 11 10 22 23 21 0 20 19 14 0 17 12 16 13 
0 18 0 21 23 20 15 0 13 16 0 0 7 0 6 11 9 0 0 0 26 27 29 28 0 5 3 36 2 1 32 33 35 30 0 31 
0 30 31 0 35 32 27 0 0 28 29 0 19 20 18 23 21 22 36 1 0 3 5 4 16 17 15 0 0 0 8 0 11 6 10 0 
25 21 0 24 0 0 18 15 16 19 20 17 10 11 9 14 12 0 27 0 29 30 32 31 7 8 6 3 5 4 35 36 0 0 0 0 
1 33 34 36 2 0 30 27 28 0 0 29 0 23 21 0 24 0 3 0 5 6 8 7 19 20 18 15 17 16 11 12 0 9 13 10 
0 15 16 18 20 17 12 0 0 13 14 11 0 5 0 8 6 7 0 0 23 24 26 25 1 0 36 0 35 34 29 30 32 27 0 28 
7 3 0 6 0 5 36 33 34 0 0 35 28 29 27 32 30 31 0 10 11 0 14 13 25 0 24 21 0 22 0 18 20 15 0 16 
0 27 28 30 32 29 24 21 22 25 26 0 16 17 15 0 18 19 33 0 35 36 2 1 0 14 12 9 11 10 5 6 0 3 0 4 
0 9 10 12 14 11 0 3 4 7 8 5 34 35 0 0 36 1 0 16 17 18 20 19 31 32 30 27 29 0 0 0 26 21 25 22 
24 0 0 23 25 0 0 14 15 18 19 16 9 10 0 13 11 12 26 27 28 0 31 0 0 7 5 0 0 3 34 0 1 32 36 33 
30 26 27 29 31 0 0 20 21 0 25 22 15 0 14 19 17 18 0 33 34 0 1 36 0 13 11 8 0 0 4 5 0 0 6 0 
18 14 15 0 19 0 0 8 0 0 13 0 3 4 2 7 5 6 20 21 22 23 0 24 36 1 0 0 34 33 0 0 0 0 30 27 
12 8 0 11 0 10 5 0 3 6 0 4 33 34 32 1 35 36 14 15 16 17 19 18 30 31 29 26 28 0 22 23 0 20 24 0 
6 2 3 5 7 4 35 0 33 36 0 34 0 28 26 31 29 30 8 9 0 0 13 12 24 25 23 20 22 0 16 17 0 0 18 15 
36 32 33 35 1 34 0 26 0 30 31 0 21 22 20 25 23 0 0 3 4 0 0 6 18 19 0 14 0 15 10 11 0 0 12 0 
0 34 0 1 3 0 31 28 0 32 33 30 23 0 22 27 25 26 4 5 0 7 0 8 20 21 19 16 18 17 12 0 15 10 14 11 
20 16 17 19 0 0 13 10 0 14 15 0 0 6 4 0 7 8 22 23 0 0 27 26 2 3 1 34 36 35 0 31 33 28 0 29 
8 4 5 7 0 6 1 0 35 0 0 36 29 30 28 0 31 32 10 11 12 13 0 14 0 27 25 22 24 23 18 19 21 16 20 17 
0 0 11 13 15 12 7 4 5 0 9 6 0 36 34 0 1 2 16 17 0 19 0 20 32 33 0 28 30 0 24 25 27 22 26 23 
32 28 29 0 33 0 25 22 23 26 27 24 0 18 0 21 0 20 0 0 36 1 3 2 14 0 0 10 12 11 0 7 9 0 8 5 
26 22 23 25 0 0 19 16 17 20 21 18 0 12 10 15 13 14 0 29 30 0 33 32 8 9 7 0 6 5 0 0 0 34 2 35 
