6
14 0 15 13 17 18 0 3 4 5 2 1 10 0 7 8 9 0 0 29 26 30 28 27 36 0 33 34 32 35 0 0 19 24 0 22 
0 0 3 1 0 6 30 27 28 29 26 0 34 0 0 0 33 35 13 17 14 18 16 15 24 19 21 22 20 23 11 8 0 12 0 10 
26 28 27 25 0 0 0 15 16 0 14 13 22 24 19 0 0 0 0 5 2 6 4 3 12 7 9 0 0 0 35 32 31 0 33 34 
0 0 9 0 11 12 0 0 34 35 32 0 4 6 1 2 3 5 19 23 20 0 22 21 30 25 27 0 26 0 17 14 13 18 15 16 
20 0 21 0 23 24 12 9 0 11 8 7 16 18 13 14 15 17 31 35 32 0 34 0 6 1 0 0 2 5 29 26 25 30 27 0 
32 34 0 31 0 36 24 0 22 23 20 19 0 0 25 26 27 29 7 11 0 12 10 9 18 13 0 0 0 17 0 2 1 0 3 4 
17 0 18 0 20 21 0 6 7 8 0 0 13 15 10 0 12 14 28 32 29 0 31 30 0 34 0 0 0 2 26 23 0 0 24 25 
35 1 36 0 0 3 27 24 25 0 0 0 31 0 28 29 0 32 0 14 0 15 0 12 21 16 18 19 0 20 8 5 0 0 6 7 
29 0 30 28 32 0 21 18 0 20 17 16 25 0 22 23 24 26 4 0 0 0 7 6 0 10 12 13 11 14 2 0 34 0 36 1 
11 13 12 0 14 15 3 36 0 2 35 34 0 9 4 5 0 8 22 0 23 27 0 0 33 28 30 0 0 0 20 0 16 0 0 0 
23 25 0 22 26 27 15 12 0 14 0 10 19 0 16 0 18 0 34 2 35 0 1 36 9 0 6 7 5 0 32 29 28 0 0 31 
0 0 6 4 0 9 33 0 0 32 29 28 0 3 34 35 0 0 16 20 0 21 0 18 0 22 24 0 0 26 14 11 0 15 12 13 
0 0 0 17 21 22 10 7 8 0 6 5 14 16 11 0 0 0 0 0 0 0 32 31 0 0 0 2 36 3 27 24 0 28 25 26 
30 32 31 29 33 34 22 19 20 21 18 17 26 28 23 24 0 27 0 9 0 0 0 7 16 11 13 0 0 0 0 0 0 4 1 2 
0 0 1 35 3 4 28 0 26 27 24 23 32 34 0 30 31 33 0 15 12 16 14 0 22 17 0 20 18 21 9 6 5 10 7 8 
12 14 13 0 15 16 4 0 2 3 36 35 8 10 5 6 7 0 0 0 24 28 26 0 0 29 31 32 30 0 21 18 17 22 0 20 
6 8 7 5 9 0 0 31 32 33 30 29 2 0 0 0 1 3 17 21 18 22 20 19 28 23 25 0 24 27 15 12 0 16 13 0 
0 26 25 23 27 28 16 13 14 15 12 11 20 22 17 0 0 21 35 3 36 0 2 1 0 5 7 8 0 0 33 30 0 34 31 32 
34 0 35 33 0 2 26 0 24 25 0 21 0 0 27 28 29 0 9 13 10 0 12 0 20 15 0 0 16 19 0 4 3 8 5 0 
10 0 11 0 0 14 2 35 36 1 0 33 6 8 3 0 0 7 21 0 22 26 24 23 32 27 0 30 28 0 0 16 15 0 0 18 
28 30 29 27 0 32 0 17 18 0 0 0 24 26 21 22 23 25 3 7 4 8 6 5 0 9 0 12 10 0 1 0 33 2 0 36 
0 6 5 3 7 8 32 29 30 0 0 27 36 0 33 34 35 1 15 19 16 20 18 17 26 0 0 0 22 0 13 10 0 0 11 0 
16 0 17 15 19 20 0 5 6 7 4 0 0 14 9 0 11 13 27 31 28 32 30 29 0 33 35 36 34 1 25 22 0 26 23 24 
0 24 23 0 0 26 14 11 12 13 10 9 18 0 15 16 17 19 33 1 34 0 36 0 8 3 5 0 4 7 31 28 0 32 29 30 
9 11 10 8 12 13 1 34 35 36 33 32 5 7 2 3 0 0 20 24 0 25 23 22 0 0 28 29 27 0 18 15 14 0 0 17 
27 0 0 26 30 31 19 16 17 18 0 14 23 25 20 21 22 24 0 6 0 0 5 4 13 8 10 0 9 12 36 33 32 1 34 35 
15 17 0 0 18 19 0 4 0 0 3 2 0 13 8 0 10 12 26 30 27 31 0 28 1 32 34 35 33 36 0 21 20 25 0 23 
0 5 4 0 6 7 31 0 29 30 27 0 35 1 32 33 0 0 0 18 0 0 17 16 0 20 22 23 21 24 12 9 8 13 10 11 
33 35 34 0 36 1 25 22 23 24 21 0 29 31 26 27 0 0 8 0 9 13 11 10 19 14 0 0 15 18 0 3 2 7 4 5 
0 0 22 20 24 25 13 10 11 12 0 8 17 19 14 0 16 18 32 36 33 0 35 34 7 2 0 0 3 6 30 27 0 31 28 29 
0 21 0 0 0 23 11 0 9 10 7 6 15 17 0 0 14 16 30 34 31 0 33 32 5 0 0 3 1 4 0 25 24 29 26 27 
25 27 0 0 0 29 0 14 15 0 13 12 21 23 18 19 20 22 0 4 1 5 3 2 11 6 0 9 7 10 34 31 30 35 32 33 
1 3 2 36 0 0 29 26 27 28 25 24 33 35 0 0 0 34 0 16 13 0 15 14 0 18 20 21 19 0 10 0 6 11 8 9 
7 0 8 6 0 11 35 32 0 34 0 0 3 5 0 1 2 4 0 22 19 23 0 20 29 24 26 27 25 28 16 13 12 17 14 15 
31 33 0 30 34 35 0 0 21 22 19 18 27 29 24 0 0 28 6 10 0 11 9 8 17 12 14 15 13 16 4 1 0 0 0 3 
13 15 14 12 0 17 5 0 3 4 1 36 9 11 0 0 8 0 24 28 0 29 27 26 35 30 32 33 0 0 0 19 18 23 0 21 
