6
0 5 0 9 8 7 3 1 0 2 4 35 31 34 32 33 30 0 28 24 26 0 25 23 18 0 21 0 19 0 16 15 11 14 12 0 
18 0 22 0 0 19 0 13 12 14 16 11 7 10 8 0 6 0 0 36 2 3 0 35 0 34 0 29 31 32 0 0 23 26 24 0 
0 11 16 15 14 13 9 0 6 8 10 5 1 0 2 0 0 35 34 0 32 0 31 29 24 28 27 0 0 0 22 0 17 20 18 19 
0 0 28 27 26 25 21 19 18 0 22 0 0 16 14 15 12 11 0 6 8 9 0 0 36 0 0 35 1 0 0 0 0 32 0 31 
36 0 4 0 0 1 33 31 30 32 34 29 25 28 26 27 24 0 0 0 20 0 19 17 12 16 0 11 13 14 10 9 5 8 6 7 
30 29 34 33 32 31 0 25 0 0 0 23 0 22 20 21 0 0 16 12 0 15 0 0 6 10 9 5 7 8 4 3 35 0 36 0 
0 25 30 29 28 27 0 21 20 22 24 19 15 18 16 17 14 0 12 8 10 11 0 0 2 6 5 1 3 4 0 35 0 0 32 0 
32 0 36 35 34 0 0 27 26 28 30 25 21 24 22 23 20 19 18 0 0 17 15 13 0 12 11 7 9 0 6 0 1 0 2 3 
8 7 12 11 10 9 5 3 0 0 6 1 33 0 0 35 32 0 0 26 28 29 27 25 20 24 0 19 21 22 0 0 13 16 14 15 
14 13 18 17 16 15 11 9 8 10 12 7 3 0 0 5 2 1 0 32 34 0 0 31 26 30 29 0 27 28 0 23 0 22 20 0 
2 0 0 5 4 0 35 33 32 34 36 31 27 0 0 0 26 25 24 20 22 23 21 19 14 0 0 0 0 16 0 11 0 10 8 9 
20 0 24 23 0 21 17 15 14 16 18 13 9 0 0 11 8 7 0 2 4 5 3 1 32 36 35 0 33 34 30 29 0 28 0 27 
0 15 20 19 18 17 13 0 10 12 14 9 5 0 0 0 0 0 2 34 36 0 35 33 28 32 0 27 29 0 26 0 0 0 22 23 
4 3 8 0 6 0 1 35 34 0 2 33 0 32 30 0 28 27 26 22 24 25 23 21 16 20 0 15 17 0 14 13 9 12 10 11 
10 9 0 13 0 0 7 5 4 6 8 3 0 2 36 1 34 33 32 28 30 31 29 27 0 26 25 0 0 24 0 19 0 18 16 17 
0 0 0 31 30 0 25 23 22 0 0 21 0 0 18 19 16 15 14 10 12 13 11 9 0 8 7 3 5 0 2 1 33 36 0 0 
34 0 0 1 36 35 31 29 0 30 32 27 23 26 0 25 0 21 20 0 18 19 17 0 10 14 13 9 11 12 8 7 0 6 4 5 
22 21 0 25 24 0 19 17 0 18 20 15 0 14 12 0 10 9 8 4 6 7 5 3 0 2 1 0 0 36 32 31 27 0 28 29 
29 28 33 0 31 0 26 24 23 25 27 22 0 21 19 20 17 16 15 0 13 14 12 10 5 0 8 4 6 7 3 2 34 0 0 36 
0 10 0 14 0 0 0 0 0 7 0 4 36 3 1 2 35 34 33 0 31 0 30 28 0 27 26 0 24 25 0 0 0 0 0 18 
35 34 3 2 0 0 32 30 29 31 0 28 24 27 25 26 23 22 21 17 19 0 18 16 0 0 14 10 12 13 9 0 4 0 0 6 
0 22 27 26 25 24 0 0 17 19 21 16 0 15 0 14 11 10 9 5 7 8 6 4 0 3 0 34 0 1 33 32 0 0 0 0 
17 0 0 0 19 0 14 12 0 13 15 0 6 9 0 0 5 0 3 35 1 2 36 34 0 33 0 28 30 0 27 0 0 25 23 24 
5 0 9 0 0 6 2 36 35 1 0 34 0 33 31 32 29 28 27 23 0 26 0 0 17 21 20 16 0 19 15 0 0 0 11 0 
0 0 11 0 9 8 4 0 1 3 0 36 0 35 33 34 31 30 0 25 27 28 0 0 19 0 22 18 20 21 17 16 12 15 13 14 
31 30 35 0 33 32 28 26 0 27 0 24 0 23 21 0 19 0 0 0 0 16 14 12 7 11 10 6 8 9 0 0 36 3 1 2 
19 0 23 22 0 0 16 14 13 15 0 12 0 0 9 10 0 0 5 0 3 0 0 36 31 35 34 30 32 0 29 0 24 0 0 26 
0 0 5 4 3 2 34 0 31 33 35 30 0 29 27 28 25 24 0 19 21 22 0 0 13 0 16 12 14 0 11 10 6 9 7 8 
13 12 17 16 15 0 10 8 0 9 11 0 2 5 3 4 1 36 35 31 33 34 32 0 25 29 28 24 0 27 23 22 0 21 19 0 
25 24 29 28 0 26 22 0 19 21 23 18 14 17 15 0 0 12 0 7 9 0 8 6 1 0 4 36 0 0 35 0 0 33 31 0 
0 0 31 0 29 28 24 22 21 23 25 0 16 19 17 18 15 14 0 9 11 12 10 0 0 7 6 2 0 5 0 0 32 0 0 34 
0 0 0 36 0 0 0 28 0 0 31 26 22 0 0 0 21 20 19 15 17 0 16 14 9 0 0 8 10 0 7 6 2 0 0 0 
9 8 0 12 11 10 6 4 3 5 7 2 34 1 35 36 33 0 31 0 29 0 28 26 21 25 0 20 22 23 19 0 14 17 15 16 
21 20 25 0 23 22 18 0 15 17 0 0 0 0 11 0 9 8 7 3 5 6 4 2 33 0 36 32 34 35 31 0 0 0 0 28 
3 0 7 6 0 4 36 0 33 0 0 32 28 0 29 30 27 26 25 21 23 24 22 20 15 0 18 14 16 17 13 12 0 11 9 10 
15 14 19 0 0 16 12 10 9 11 13 8 0 7 5 6 3 2 1 33 35 36 0 32 27 0 0 26 28 29 25 24 20 23 0 0 
