6
0 2 6 0 3 4 10 9 11 12 13 8 15 0 16 14 19 0 0 30 0 31 0 28 0 20 21 0 23 0 0 35 32 34 36 33 
0 8 12 0 0 0 0 15 17 0 19 14 21 0 22 20 0 24 0 36 33 1 0 34 31 26 0 30 29 28 7 0 2 0 6 3 
0 26 30 0 27 0 34 33 35 36 0 32 0 5 4 2 7 6 14 18 15 0 17 16 13 0 9 12 11 10 25 0 0 22 24 21 
0 32 36 0 33 34 0 3 5 6 0 0 0 11 10 8 13 12 20 24 21 25 23 22 0 14 0 18 17 16 31 0 26 28 30 27 
17 0 18 19 15 16 22 21 23 24 0 0 27 29 28 26 0 30 0 6 3 7 0 4 1 0 33 36 35 34 13 11 0 10 12 0 
23 20 24 25 21 22 0 27 0 0 31 0 33 35 0 32 1 36 0 0 0 13 11 0 7 2 3 6 5 4 19 17 14 0 18 15 
0 0 10 0 7 8 14 0 15 0 17 12 19 0 0 18 23 0 0 34 31 0 0 0 29 0 0 0 27 26 0 3 36 2 4 1 
21 18 0 23 19 0 26 0 27 0 0 0 31 33 32 30 35 34 6 10 7 11 9 8 0 36 0 4 3 0 17 0 12 0 16 13 
3 36 0 5 0 2 8 0 0 10 11 6 0 0 14 12 17 16 0 0 25 29 0 26 23 18 19 22 0 0 0 0 30 0 34 0 
0 12 0 17 13 14 0 19 0 0 23 0 25 0 0 0 29 28 36 4 1 5 3 0 0 30 0 34 33 32 11 9 6 8 0 7 
33 0 34 35 31 32 0 0 3 4 5 0 7 0 8 6 11 0 0 22 19 0 21 0 17 12 13 16 15 14 29 27 24 0 28 25 
27 24 28 29 25 26 32 31 33 34 35 30 1 0 2 0 5 4 12 16 0 17 0 14 0 6 7 10 9 0 0 21 18 0 22 19 
28 25 29 30 26 0 0 32 34 35 36 31 2 0 3 1 6 5 0 17 14 18 16 0 12 0 8 0 10 9 0 0 0 21 23 20 
22 0 23 24 20 21 27 0 28 0 30 25 32 34 33 31 36 35 0 11 8 12 10 9 6 1 2 5 0 0 18 16 13 15 17 0 
4 1 5 6 2 0 9 8 10 11 12 7 14 16 15 13 18 0 0 29 26 30 28 27 0 0 20 23 0 21 36 34 31 0 35 32 
16 0 17 0 0 15 0 20 0 0 0 0 0 28 27 25 30 29 1 5 2 0 0 3 0 31 32 0 34 0 0 10 0 0 0 0 
10 7 11 12 0 0 0 14 16 17 0 13 20 22 21 19 0 0 31 0 32 0 34 33 30 25 26 29 0 27 0 4 1 0 5 2 
0 31 0 36 0 0 3 2 4 5 0 1 8 0 9 0 12 11 19 23 20 24 22 21 0 13 0 17 16 15 30 0 0 27 29 26 
32 29 0 34 30 31 1 36 2 0 4 35 6 8 0 5 10 0 0 21 0 22 0 19 16 0 12 0 14 13 28 26 0 25 27 24 
0 0 0 0 0 13 0 18 20 0 22 17 24 26 25 23 0 0 35 3 36 4 0 1 34 29 0 0 32 31 10 8 5 0 0 0 
8 5 0 10 6 7 13 12 0 15 16 11 18 20 19 0 22 21 29 33 0 34 32 31 28 23 0 27 26 25 0 0 35 0 3 36 
26 0 0 28 0 25 31 0 0 0 0 0 36 0 1 0 4 0 11 15 12 0 14 13 10 0 6 0 0 0 22 20 17 19 21 18 
2 35 3 4 0 1 7 6 8 0 0 5 0 14 0 11 0 15 0 0 24 0 26 25 22 0 18 0 0 19 0 0 29 31 33 30 
0 17 21 0 0 0 25 24 26 0 28 0 30 0 0 29 0 33 5 9 6 10 8 7 0 35 36 3 2 0 16 0 11 13 15 12 
12 0 13 14 10 11 17 16 18 19 20 15 22 24 0 0 0 25 0 0 0 2 36 0 0 27 0 31 30 29 0 0 0 0 7 0 
0 0 1 2 34 35 5 4 6 7 8 0 10 12 11 9 14 13 21 25 0 0 24 23 0 15 16 19 18 17 32 30 27 29 31 28 
24 0 0 0 22 0 29 28 0 31 32 0 34 36 35 0 0 1 0 13 10 0 0 11 8 3 4 0 0 5 20 18 0 17 19 16 
6 0 0 0 4 5 11 10 12 0 0 9 16 0 0 15 20 0 27 31 0 0 30 29 26 21 22 0 24 23 2 36 33 0 1 34 
18 15 19 20 16 17 0 22 24 25 26 21 0 30 0 27 32 31 3 0 4 8 6 0 2 0 34 0 36 35 0 12 0 11 0 10 
30 27 31 32 28 29 35 34 36 0 2 33 0 0 0 3 8 7 15 19 16 20 18 17 14 0 0 13 0 11 26 24 0 0 25 0 
1 34 0 3 35 36 6 0 7 8 9 4 11 0 12 10 0 14 22 26 23 0 25 24 0 16 17 20 0 18 0 31 28 30 0 29 
0 0 0 0 0 30 36 35 1 0 3 0 0 7 0 4 9 8 16 0 17 21 0 18 15 0 11 14 0 12 0 25 22 24 26 23 
25 22 26 27 23 24 30 29 31 32 0 28 35 1 36 34 3 0 10 14 11 0 13 12 9 0 5 8 0 6 21 0 16 0 20 17 
19 16 20 21 17 18 0 23 25 26 27 22 29 0 30 28 0 32 4 8 5 9 7 0 3 0 0 0 1 36 15 13 10 0 14 11 
7 0 0 9 5 6 12 11 0 14 15 10 17 19 18 16 21 20 0 0 29 33 0 30 27 22 0 26 25 0 0 1 34 36 0 35 
13 0 14 0 11 12 0 0 19 0 21 16 0 25 0 22 27 26 0 2 0 3 0 36 0 28 0 32 31 0 0 7 4 0 8 0 
