6
5 2 0 6 3 4 31 0 0 33 32 35 16 15 0 14 13 18 20 24 23 0 0 0 10 0 0 11 9 12 30 26 29 0 0 0 
0 32 31 36 33 0 25 30 28 27 26 29 10 9 0 8 7 12 14 18 17 16 13 15 4 2 0 5 0 6 24 20 23 21 22 0 
17 14 0 18 0 16 7 12 10 9 8 0 28 27 29 26 25 30 0 36 35 34 31 33 22 20 0 23 21 0 6 0 0 0 4 0 
11 8 7 12 0 10 1 6 4 3 2 5 22 21 23 20 0 0 0 0 29 28 25 27 0 14 13 0 15 18 36 32 35 33 34 31 
29 0 0 0 27 28 19 24 0 21 0 23 4 3 0 0 1 6 8 0 11 0 7 0 0 0 0 0 33 0 18 14 0 15 16 13 
23 20 0 24 21 0 0 0 0 15 14 17 34 0 0 0 31 0 2 6 0 4 1 3 0 26 25 29 27 30 0 8 0 9 0 7 
0 35 0 3 36 1 0 0 31 30 29 32 13 12 0 11 10 15 17 21 20 0 0 18 0 5 0 8 6 9 27 23 26 0 0 0 
32 0 28 33 30 0 22 0 25 24 23 0 7 6 8 5 4 9 0 15 0 0 10 12 1 0 34 2 36 0 21 0 20 18 19 16 
20 17 0 21 18 19 10 15 13 12 11 0 0 0 0 29 0 0 35 0 2 0 34 36 25 23 22 0 24 27 9 0 8 6 7 4 
26 23 22 27 24 25 0 21 0 18 17 0 1 36 2 35 34 3 0 9 0 7 0 6 0 0 0 32 30 33 15 0 14 0 13 10 
14 11 0 15 0 0 4 9 7 6 5 8 25 24 26 0 0 27 29 0 32 31 0 30 19 0 16 20 18 21 3 35 2 36 1 34 
0 0 4 0 0 0 34 3 1 0 35 2 19 18 0 17 0 21 23 0 0 25 0 0 13 11 10 14 12 15 33 29 0 30 31 28 
34 31 30 0 32 33 24 29 0 26 25 28 9 8 0 7 6 11 13 0 16 0 12 14 0 1 36 4 2 5 0 19 22 20 21 18 
22 19 0 0 20 21 12 0 0 0 0 0 33 32 0 31 30 35 1 5 4 3 0 2 27 0 24 0 0 29 11 7 10 0 0 0 
0 7 6 0 8 0 36 0 3 2 1 4 21 20 22 19 0 23 0 29 0 27 24 0 15 13 12 0 14 17 35 0 34 32 0 0 
0 0 36 5 2 3 0 0 33 0 31 34 0 0 0 0 12 0 0 23 22 21 0 20 0 7 0 10 8 0 29 25 0 26 27 24 
16 13 0 17 14 15 0 0 0 0 7 10 27 0 0 25 24 29 0 35 34 33 0 0 21 19 0 22 20 23 5 0 4 2 3 36 
28 25 24 0 26 27 0 23 0 0 0 0 3 2 0 1 36 5 7 0 0 0 0 8 0 31 0 34 32 35 17 13 16 14 15 0 
0 0 29 34 31 32 0 28 26 0 0 0 8 7 9 6 5 10 12 16 15 0 11 13 2 0 35 3 0 4 0 18 0 19 20 17 
0 0 0 0 25 0 0 22 20 19 18 21 0 1 0 0 35 4 0 10 0 8 0 7 32 30 0 33 31 0 16 0 15 13 14 11 
21 0 17 22 19 0 0 16 0 13 12 15 32 0 33 0 0 34 36 0 3 2 35 1 0 0 23 27 0 0 0 6 0 7 8 5 
3 0 35 0 1 2 0 34 32 31 30 33 14 13 15 12 11 0 18 22 21 20 17 19 0 0 0 0 7 10 28 24 27 0 0 0 
9 6 5 10 7 0 35 4 2 0 0 3 0 0 21 0 17 22 24 28 0 0 0 25 0 0 0 15 13 0 34 0 33 31 32 29 
15 12 11 16 13 14 5 0 8 7 0 0 26 25 27 24 0 28 30 34 0 0 29 31 20 0 17 0 0 22 4 36 3 1 2 35 
13 10 9 14 11 0 3 8 6 5 4 7 24 23 0 22 21 0 0 0 0 30 27 29 18 16 0 0 0 20 0 34 0 35 36 33 
7 0 0 8 5 0 33 0 36 35 34 1 18 0 19 0 0 0 0 26 25 24 0 23 12 0 0 13 0 14 0 28 0 29 0 27 
0 22 0 26 23 24 15 20 18 0 16 0 36 0 1 34 33 0 0 8 7 6 3 5 30 28 27 0 29 0 0 10 13 0 12 9 
31 28 27 32 29 0 0 0 24 23 22 25 6 5 7 0 3 0 10 0 13 12 0 0 0 0 33 1 35 0 20 0 19 17 18 0 
19 0 15 20 17 0 9 0 12 11 10 13 30 29 0 28 27 32 0 0 1 36 33 35 0 22 0 25 23 26 8 4 0 5 0 3 
1 0 33 2 0 36 0 0 30 0 28 31 0 0 13 0 9 0 16 20 19 0 15 17 6 4 3 0 0 8 26 22 0 0 0 21 
0 9 8 13 10 0 2 7 5 4 3 6 23 0 0 21 20 25 27 0 30 0 26 28 17 15 14 0 16 0 0 33 36 0 0 32 
0 15 0 19 0 17 8 13 11 0 9 0 29 0 30 27 26 31 33 1 36 35 32 34 0 21 0 24 0 25 7 0 6 4 5 2 
0 0 26 31 28 29 20 25 23 0 21 24 0 0 6 0 2 0 9 13 12 11 8 10 35 0 32 36 0 1 19 15 0 0 17 14 
6 0 2 7 4 0 32 1 35 34 33 36 0 16 18 0 14 19 21 25 24 23 20 22 11 0 0 0 0 13 31 27 30 0 29 0 
36 33 32 1 34 35 26 31 29 28 0 30 0 10 12 9 8 13 0 0 18 0 14 16 5 0 2 0 4 7 25 21 24 22 23 20 
24 0 20 25 0 23 0 0 0 16 0 0 35 34 36 0 32 0 0 7 6 0 0 4 29 27 0 30 28 31 13 9 0 10 11 8 
