6
25 21 23 26 22 24 0 10 0 12 13 11 20 0 15 0 17 19 0 5 0 6 0 7 0 27 0 30 0 0 0 0 36 0 1 2 
19 15 17 20 16 18 3 4 8 0 0 5 14 12 9 10 11 13 0 35 34 0 0 0 23 21 25 24 26 22 27 28 30 29 0 32 
13 0 11 14 10 12 0 0 0 36 1 35 8 6 3 4 5 7 32 0 28 30 27 0 0 0 19 0 20 16 0 22 24 23 25 26 
31 27 29 32 28 30 15 0 0 18 19 17 26 0 21 22 0 25 14 11 10 12 9 13 35 0 1 36 2 34 3 0 0 5 7 8 
0 3 5 0 4 6 27 28 0 30 31 29 2 36 0 0 35 1 0 0 0 24 0 25 0 0 13 0 14 10 0 16 18 17 19 20 
1 33 35 2 34 36 21 0 26 24 25 23 0 30 0 28 0 31 20 17 16 0 15 19 5 3 7 6 8 4 0 10 0 0 13 14 
35 0 33 0 0 0 19 20 24 22 23 0 30 0 0 26 27 0 18 15 14 0 0 17 3 1 5 4 6 2 7 0 10 9 11 0 
0 1 0 6 2 4 25 26 30 0 29 27 36 34 0 0 33 0 24 21 0 22 19 23 0 7 11 10 12 8 13 0 0 15 17 18 
11 7 9 12 0 10 0 32 0 34 35 33 6 4 1 2 3 0 30 27 26 28 25 29 15 0 17 16 18 14 0 20 0 21 0 0 
29 0 27 30 26 28 13 14 18 16 17 15 24 22 19 20 21 23 12 9 8 10 7 0 0 31 0 34 36 32 0 2 4 3 5 6 
23 19 21 0 20 22 7 8 12 10 11 9 18 16 13 14 15 0 6 3 2 4 0 5 27 25 29 0 0 0 31 32 34 33 0 36 
0 13 15 18 0 16 1 2 6 4 5 0 12 10 7 8 9 11 36 33 32 34 31 35 21 19 0 22 0 20 25 26 28 0 29 30 
26 22 0 27 0 25 10 0 15 13 14 0 0 0 16 17 18 20 9 6 5 0 4 8 30 0 32 0 33 29 34 35 1 36 0 3 
0 34 36 3 35 1 22 23 27 25 0 0 33 0 28 0 0 32 0 0 17 19 16 20 6 4 8 7 0 5 0 0 13 0 0 15 
8 0 6 9 5 0 28 29 33 31 32 30 3 1 0 35 36 2 27 24 23 0 22 26 12 0 14 0 15 11 16 17 0 18 20 21 
14 0 12 15 0 13 34 35 3 1 2 36 9 7 4 5 6 0 33 0 0 0 28 0 18 16 20 0 21 0 22 23 25 0 26 0 
0 16 18 21 0 19 0 5 0 7 8 6 0 13 10 11 12 14 0 0 0 1 34 2 24 0 26 0 27 23 0 29 0 30 32 33 
32 28 30 0 0 31 0 17 0 0 20 18 0 25 22 23 0 26 0 0 11 0 10 14 36 0 2 1 3 0 0 5 7 0 8 9 
22 0 20 23 19 21 0 7 11 0 0 0 17 0 12 13 14 16 5 0 1 3 36 0 0 24 0 27 29 0 0 31 33 0 34 0 
34 30 32 35 31 33 18 0 0 21 22 20 29 27 24 25 26 28 17 14 13 15 12 16 2 36 0 3 0 1 0 7 9 0 0 0 
4 0 2 5 1 3 0 25 29 27 0 26 35 33 30 0 32 0 23 20 19 21 18 22 8 0 10 9 11 7 12 0 15 14 0 17 
10 6 8 0 7 9 30 31 0 0 34 0 0 0 36 1 2 4 29 0 0 27 24 0 14 12 16 15 17 13 18 19 21 20 22 23 
28 24 0 0 25 27 12 13 17 0 0 14 23 0 18 0 20 22 11 8 7 9 6 10 32 30 34 33 0 31 36 1 0 2 4 5 
16 12 14 0 13 15 0 1 5 3 4 0 0 0 6 0 8 10 35 32 31 0 30 34 20 0 0 0 23 19 0 25 27 26 28 29 
6 2 4 7 3 0 26 0 31 29 0 28 0 35 32 33 34 0 25 0 21 23 20 24 0 0 12 11 0 9 14 15 17 16 18 19 
24 20 0 25 0 23 8 9 13 11 12 10 19 0 14 15 16 0 7 4 3 5 2 0 28 26 30 29 31 0 32 0 35 0 0 1 
30 26 28 0 0 29 14 15 0 17 18 16 25 0 0 21 0 0 13 0 9 11 8 12 0 32 0 0 1 33 2 0 5 4 0 0 
18 14 0 19 0 0 2 3 7 0 0 4 13 0 0 0 10 12 0 34 33 35 32 0 22 20 24 0 0 0 26 27 29 28 30 0 
36 32 0 0 0 35 0 21 25 23 24 22 31 29 26 27 0 0 19 16 0 17 14 18 4 2 6 5 0 3 8 0 11 0 12 0 
12 0 0 13 9 11 32 33 1 35 36 0 0 0 0 0 4 6 31 28 27 29 26 30 16 0 0 17 19 15 20 0 23 0 0 0 
33 29 0 34 30 32 17 18 22 20 0 0 0 0 23 24 25 27 16 0 12 14 0 0 1 35 3 2 0 0 5 6 0 7 9 10 
0 17 0 22 18 0 5 0 10 8 9 7 16 14 0 12 0 15 4 1 36 2 0 0 25 23 0 26 0 24 29 30 32 31 33 34 
27 23 25 28 24 26 0 0 16 14 15 0 0 20 0 18 19 0 0 7 6 8 0 9 31 0 33 32 0 30 0 36 2 1 3 0 
15 0 13 16 0 14 35 36 4 2 3 1 10 8 0 6 7 0 34 31 30 0 29 33 0 0 21 20 0 18 0 0 0 0 27 0 
0 35 0 4 36 2 23 24 28 26 0 25 34 32 0 30 0 33 0 19 18 20 17 21 7 5 9 8 0 6 11 12 0 13 0 16 
9 5 7 0 6 8 29 30 0 32 0 31 4 0 35 36 1 3 28 25 24 0 23 27 13 11 15 14 0 12 17 0 20 19 21 0 
