6
24 29 25 0 0 28 2 36 1 0 0 0 12 16 0 17 14 15 0 30 34 32 0 0 9 0 0 8 11 0 0 0 21 19 20 22 
0 35 0 33 32 34 0 6 7 11 10 9 18 0 19 23 20 21 1 0 0 2 3 5 15 12 13 0 17 0 29 0 0 25 26 28 
6 0 0 9 8 0 0 18 0 0 0 21 0 34 31 35 0 0 13 12 16 14 15 17 0 24 25 26 29 28 0 0 0 1 2 4 
0 5 0 0 0 4 0 12 13 17 16 15 24 28 0 29 26 27 0 6 10 8 9 11 21 0 19 20 23 22 0 30 33 31 32 34 
18 23 19 21 20 0 32 30 31 0 34 33 0 10 7 11 8 9 25 0 0 26 27 29 3 36 1 0 0 4 17 0 15 13 14 16 
12 17 13 15 14 16 26 0 25 0 28 0 36 0 1 5 2 3 0 18 0 20 21 0 0 30 31 32 35 34 11 6 9 7 0 10 
9 14 0 12 11 13 0 21 22 26 25 24 33 1 0 0 35 36 16 0 0 17 18 0 0 0 0 0 32 0 0 3 6 4 0 7 
15 20 0 18 17 0 29 0 28 0 31 30 3 7 4 8 0 0 22 21 25 0 0 0 36 33 34 35 0 1 0 9 12 10 0 13 
0 2 34 0 0 1 11 9 10 0 13 12 0 25 22 26 23 24 4 3 7 5 6 8 18 15 16 17 0 0 32 0 30 0 29 31 
3 8 4 6 5 7 17 15 16 20 19 18 27 31 28 32 0 0 10 9 0 11 12 14 0 0 0 0 0 25 2 33 36 34 0 0 
0 32 28 30 29 31 5 3 4 0 7 0 0 19 0 20 17 18 0 33 1 0 36 2 0 9 0 0 14 13 0 21 0 22 23 0 
0 26 22 24 0 25 0 33 34 0 0 36 9 13 0 14 11 12 28 0 0 29 0 32 6 0 4 5 8 7 20 15 0 0 17 0 
11 0 12 14 0 15 25 0 0 0 27 26 35 3 0 4 1 0 0 17 0 0 20 22 0 29 0 0 0 33 10 5 0 6 7 9 
5 10 6 8 7 0 19 0 0 22 0 0 29 33 0 34 31 32 12 11 0 0 14 16 26 23 24 25 28 27 4 0 2 36 1 0 
29 34 0 32 31 33 0 5 6 10 9 8 17 0 18 22 19 20 0 35 3 1 2 4 0 11 12 0 16 15 28 23 0 24 25 27 
35 0 36 2 1 3 13 0 0 0 15 14 23 0 24 0 0 26 6 0 9 7 8 0 0 17 18 0 22 0 34 0 32 30 0 33 
17 22 18 20 19 21 31 29 30 0 33 0 0 9 6 10 7 8 24 23 27 25 26 28 2 35 0 0 4 3 16 11 14 12 0 15 
23 0 24 0 25 27 1 35 36 4 3 2 11 15 12 16 0 0 30 29 33 0 32 34 0 5 6 7 0 9 0 17 20 18 19 0 
10 0 11 13 12 14 24 0 23 27 26 25 34 0 0 0 36 1 17 0 0 0 0 21 31 28 0 30 33 32 0 4 0 0 0 0 
28 0 29 0 30 0 6 4 5 0 8 7 16 0 17 21 18 19 35 34 0 36 1 3 0 10 11 12 0 14 27 22 0 0 24 26 
16 21 17 0 18 20 0 28 29 33 32 0 4 0 5 9 6 7 23 22 26 24 25 27 1 0 35 36 3 2 15 10 13 11 12 14 
22 27 23 0 0 26 0 34 35 3 2 1 10 14 11 0 12 0 0 28 0 30 0 33 0 4 0 6 9 0 21 0 19 17 18 20 
4 9 5 7 6 8 18 0 17 21 0 19 28 0 0 33 30 31 11 10 14 12 13 15 25 22 23 0 27 0 3 0 1 35 0 2 
34 3 35 1 36 2 0 10 0 15 0 13 22 0 0 27 0 0 0 4 8 6 7 0 0 0 17 0 21 20 0 28 31 29 30 32 
0 19 15 17 0 18 28 0 0 0 30 29 2 6 3 7 4 0 0 0 24 22 23 0 0 0 33 34 1 36 13 8 0 9 0 12 
0 31 27 29 0 30 4 2 3 0 0 5 0 0 15 19 16 17 33 32 36 34 0 1 11 0 9 10 0 0 25 20 23 0 22 24 
8 13 9 11 10 0 22 20 0 25 24 23 32 36 0 1 34 35 15 14 18 16 0 19 29 26 0 28 31 30 7 0 0 3 4 0 
32 1 33 0 34 36 0 8 9 13 0 0 20 24 21 0 22 23 3 2 0 0 5 7 17 14 0 16 19 18 31 26 29 0 0 30 
2 0 0 5 0 6 16 14 0 19 0 17 26 0 27 31 28 0 0 0 12 10 0 13 23 20 21 0 25 24 1 32 35 33 0 36 
20 25 21 23 22 24 34 32 33 1 0 35 8 0 9 13 0 0 27 26 30 28 0 31 0 0 3 0 7 6 19 0 17 15 0 0 
19 0 0 22 0 23 33 31 32 36 35 34 7 0 0 12 0 0 0 25 29 27 28 30 4 0 2 0 6 0 0 13 0 0 15 0 
13 18 14 16 0 17 27 0 26 30 29 0 1 0 2 6 3 0 20 19 23 0 22 0 0 0 32 33 0 35 0 0 10 0 9 11 
7 12 8 10 9 11 0 19 20 24 0 0 31 35 32 0 33 34 14 0 17 15 16 18 0 25 26 0 30 0 6 0 4 2 0 0 
1 0 0 4 3 5 15 0 14 18 17 0 25 29 26 30 27 28 8 7 11 9 0 12 22 19 0 21 0 23 0 31 34 32 0 0 
0 30 26 0 27 0 3 0 2 6 5 4 13 17 0 18 0 16 0 0 35 33 34 0 10 7 8 9 12 11 24 19 22 0 21 23 
31 36 32 34 0 0 9 7 8 12 11 10 19 23 20 24 0 22 2 0 5 0 0 6 16 13 0 15 0 17 0 0 28 26 0 29 
