6
10 11 0 12 9 0 26 0 25 0 21 24 32 0 31 28 27 30 17 0 18 20 0 15 36 34 35 0 33 1 3 0 0 7 0 8 
0 23 0 24 21 26 2 34 0 35 33 36 8 0 7 4 3 6 29 0 30 0 0 0 12 10 11 14 9 13 0 16 18 19 17 20 
28 29 31 30 0 0 8 4 0 0 3 6 14 11 13 10 0 0 0 1 36 0 34 33 18 16 0 20 15 19 21 22 24 25 23 26 
16 17 19 18 0 20 32 0 31 0 27 0 2 35 1 34 0 0 0 0 24 26 0 21 0 4 5 8 0 7 9 10 12 13 11 0 
34 35 1 0 0 0 14 10 13 11 9 12 20 17 19 16 15 0 5 0 0 8 4 3 0 0 23 26 21 0 27 28 30 0 29 32 
4 5 7 6 0 8 0 16 19 17 15 18 26 0 25 22 0 24 0 13 12 0 10 0 0 28 29 32 27 31 33 0 0 1 35 2 
8 0 11 10 7 0 24 20 0 21 19 22 30 27 0 26 0 28 0 17 16 18 0 13 34 32 33 0 31 35 1 2 4 0 0 6 
32 33 35 34 0 36 12 8 0 9 0 10 18 0 0 14 13 0 3 5 4 6 0 1 22 0 21 24 19 0 25 26 28 29 27 0 
26 27 0 28 25 30 6 2 5 0 1 0 12 9 11 8 7 10 0 0 34 36 0 31 16 14 0 18 13 17 19 0 22 23 21 24 
2 0 0 4 0 6 18 14 17 0 13 16 0 21 23 0 0 22 9 11 10 0 8 0 28 0 27 30 25 29 31 32 34 35 33 36 
0 21 23 22 19 24 0 32 0 33 31 0 6 0 5 2 1 4 27 0 28 30 26 0 0 0 9 12 7 0 13 0 16 0 0 18 
14 0 0 0 0 18 30 26 29 27 25 0 0 33 35 32 31 0 21 0 22 0 20 19 4 2 3 6 1 5 7 8 10 0 9 12 
25 26 28 27 24 29 0 1 0 2 36 3 0 8 10 7 0 9 32 0 33 0 31 30 15 13 0 17 12 0 18 0 21 22 20 23 
19 20 22 21 18 0 35 0 34 0 0 0 0 0 0 1 36 0 0 0 27 29 0 0 9 0 8 11 6 10 12 13 15 0 0 17 
0 0 16 0 12 17 29 25 28 0 24 27 35 32 0 31 30 33 0 22 21 0 19 18 3 1 0 0 0 0 6 7 0 10 8 11 
1 2 0 3 36 0 17 13 16 0 12 15 23 0 0 0 18 21 8 0 9 11 7 6 27 25 26 29 24 0 0 31 33 34 0 0 
0 8 10 9 0 11 23 19 0 20 18 21 29 26 0 25 24 27 14 0 0 17 13 0 0 31 0 35 30 34 36 0 3 0 2 0 
31 32 34 0 0 35 0 0 10 8 0 9 17 0 16 13 12 0 0 4 0 5 1 36 21 19 20 23 18 22 24 25 27 0 26 29 
0 0 0 32 29 0 10 0 9 0 0 8 16 13 15 12 11 14 1 3 2 4 36 35 0 0 19 0 17 21 23 0 26 27 25 28 
0 1 0 2 0 0 16 12 0 13 0 14 0 19 0 18 17 20 7 9 0 10 6 5 26 24 0 28 23 27 0 30 32 0 31 34 
24 25 27 0 0 0 4 36 0 1 0 2 10 7 9 6 5 0 31 33 0 34 30 29 14 12 0 16 11 15 17 18 0 21 19 22 
6 7 9 8 5 10 22 18 21 0 0 20 0 25 0 24 0 26 0 15 14 0 0 0 32 0 0 0 0 33 35 36 2 3 1 0 
0 0 0 20 0 22 34 30 33 0 29 32 0 1 0 0 35 0 25 27 0 28 24 23 8 6 7 0 0 9 11 12 14 0 0 16 
0 0 0 14 11 16 28 24 27 25 23 0 34 31 33 30 29 32 0 21 20 22 18 0 0 0 1 0 35 0 0 6 8 9 7 10 
0 0 6 0 2 7 19 15 0 0 14 17 0 22 24 21 0 23 0 12 11 0 9 8 29 27 28 31 26 30 32 33 35 36 34 0 
15 16 0 17 0 19 0 0 30 0 26 29 1 34 0 33 32 35 22 24 23 25 21 20 5 3 4 7 2 0 8 0 11 12 0 0 
0 28 30 0 26 31 7 3 6 4 2 5 13 0 12 9 8 0 34 36 0 1 33 0 17 15 16 0 0 18 20 0 0 24 0 25 
21 22 0 23 0 0 1 33 36 34 32 35 0 0 6 3 2 0 0 0 29 0 27 26 11 9 10 13 0 12 0 0 0 18 16 19 
9 10 12 11 8 0 25 0 0 0 20 23 31 0 30 27 26 0 16 0 17 0 0 0 35 33 0 1 32 0 2 3 5 6 4 7 
33 34 36 35 0 1 13 9 12 0 8 11 19 0 0 0 14 17 0 6 5 7 3 2 23 21 22 0 20 24 26 27 29 0 0 31 
11 12 14 13 10 15 27 23 26 24 22 0 33 30 32 0 0 31 0 0 0 0 17 16 1 35 36 3 34 2 4 5 7 8 6 9 
0 18 20 0 16 21 33 29 0 30 0 0 3 36 2 35 0 1 0 26 25 27 23 22 0 5 6 0 4 0 10 11 0 14 12 15 
5 6 8 0 4 0 21 0 20 18 16 19 27 24 26 0 22 25 0 14 0 0 11 10 31 29 0 33 0 32 34 35 0 2 0 3 
35 36 2 1 34 3 15 0 0 12 10 13 0 18 0 17 16 19 6 8 7 9 5 4 25 23 24 27 22 0 28 29 31 0 0 33 
23 24 0 25 0 27 3 35 0 36 34 1 9 6 8 5 4 0 0 32 31 33 0 28 13 11 12 15 10 14 16 0 19 0 18 21 
29 0 32 31 28 33 0 5 0 0 4 0 15 12 14 11 10 13 36 2 0 3 0 34 19 17 0 21 16 20 22 0 25 26 24 27 
