6
35 0 0 0 33 34 0 0 0 0 0 30 12 0 8 10 11 9 16 0 14 19 15 18 22 0 0 21 20 0 7 4 0 0 3 5 
29 26 0 31 0 0 0 0 22 20 25 24 6 7 0 4 5 0 0 11 0 13 9 12 16 19 18 15 0 17 1 34 36 0 33 35 
23 20 0 0 0 22 15 0 0 14 19 0 0 1 32 34 0 33 0 0 0 0 0 6 10 0 12 9 8 11 0 28 0 26 27 29 
17 0 18 0 15 16 9 11 10 0 0 0 0 0 0 28 29 27 0 0 32 1 33 0 0 7 6 3 2 5 0 0 0 20 0 23 
11 0 12 0 0 0 0 0 4 2 7 6 24 25 20 22 0 0 28 29 0 31 0 30 34 1 0 0 0 35 19 16 0 14 0 17 
5 0 0 7 3 0 0 35 34 0 0 36 0 0 0 0 17 0 0 0 0 25 21 24 28 31 30 0 0 29 0 0 12 8 9 11 
0 0 0 6 2 3 32 34 0 31 36 35 0 0 0 0 16 0 0 0 19 24 0 0 27 30 29 0 0 28 0 9 11 0 0 0 
28 0 29 30 26 0 20 0 21 0 24 0 5 0 1 3 0 0 9 10 0 0 0 11 15 0 0 0 13 16 0 33 35 31 0 34 
10 7 11 12 8 0 0 0 3 0 6 5 23 24 0 0 22 20 27 0 25 0 26 29 33 0 35 0 0 0 18 0 17 13 0 16 
0 0 23 24 20 21 0 16 15 13 18 0 0 36 0 0 0 32 0 4 1 6 0 0 9 12 11 8 7 0 30 27 0 0 0 0 
34 31 35 0 32 33 26 0 27 0 30 29 11 0 7 9 10 8 0 16 13 0 0 17 0 0 23 0 19 22 6 0 5 0 2 0 
16 13 0 18 14 0 0 10 9 7 12 0 0 30 0 27 28 0 33 0 31 0 0 0 3 0 5 2 1 0 24 21 0 19 0 0 
32 29 33 34 30 31 24 26 25 23 28 0 9 10 5 7 0 6 13 0 0 16 12 15 19 22 0 0 17 20 4 0 3 35 36 2 
0 0 3 0 36 1 30 32 0 0 0 0 0 0 0 13 14 12 0 20 0 22 0 21 25 28 27 0 23 26 0 0 9 5 6 8 
0 11 0 16 12 13 6 8 0 0 10 9 27 0 23 25 26 24 0 32 29 0 30 0 1 4 3 36 35 0 0 0 21 17 18 20 
0 5 0 0 6 7 36 2 0 35 4 3 0 22 17 19 20 18 0 0 0 28 0 27 31 0 33 30 0 32 16 13 0 11 12 0 
26 23 27 0 24 25 18 20 0 17 22 21 0 0 0 0 0 36 7 0 0 0 6 0 0 0 0 12 11 14 34 31 0 29 30 0 
20 17 0 0 18 0 0 14 13 11 16 15 33 34 0 31 0 0 1 2 0 4 0 0 7 10 9 6 5 8 0 25 0 0 24 0 
0 0 0 8 0 5 34 0 0 33 0 1 0 20 0 0 0 16 23 24 21 26 22 0 29 0 31 0 27 0 14 0 13 9 0 12 
18 15 0 20 0 0 0 12 11 0 0 13 31 0 27 0 0 28 0 0 0 2 34 1 0 8 0 0 0 0 0 23 0 0 0 24 
0 0 13 0 10 11 4 0 0 3 0 7 0 0 21 0 24 0 29 0 27 0 0 0 0 2 1 0 0 36 20 17 19 15 0 18 
24 21 25 26 0 23 16 18 17 15 0 19 1 0 33 35 0 0 0 0 3 8 0 7 0 14 13 0 9 0 32 0 31 0 0 30 
36 33 1 2 0 0 0 30 29 0 32 31 0 14 0 0 12 10 0 0 15 0 16 0 0 26 0 22 21 24 0 0 7 0 4 6 
0 27 0 0 0 0 22 24 23 0 0 25 7 8 0 5 6 4 11 0 0 14 0 0 17 0 19 16 0 18 0 0 0 33 0 0 
0 22 26 27 23 24 17 19 18 16 0 20 2 3 34 0 1 35 6 7 4 0 5 0 12 15 14 0 10 13 33 30 0 0 29 31 
0 34 0 3 35 36 29 31 30 28 33 32 0 15 10 12 13 0 18 19 0 21 17 0 24 27 0 23 22 0 9 6 8 0 5 7 
13 10 0 0 11 12 5 0 6 4 9 0 26 27 22 24 25 23 0 31 28 0 0 0 36 3 2 35 0 0 0 0 20 16 17 19 
0 16 20 21 0 0 11 13 12 0 0 14 32 0 0 0 0 0 0 0 0 3 35 0 0 0 8 5 0 0 27 24 0 0 23 25 
0 0 32 33 29 0 23 25 24 0 27 26 8 9 0 6 0 5 0 13 10 0 11 14 18 0 0 0 16 0 3 0 2 0 0 1 
0 4 8 9 0 6 0 1 36 0 0 0 0 0 16 18 0 0 24 25 22 0 0 26 0 33 32 0 0 0 15 12 0 0 11 0 
15 12 0 0 0 14 7 9 8 6 11 0 0 29 0 0 27 0 32 33 30 35 0 0 0 0 4 0 36 3 23 20 22 18 0 21 
0 0 34 35 31 32 0 27 0 24 29 28 10 11 0 0 9 7 14 15 0 17 0 0 20 23 22 19 18 21 5 2 4 36 1 3 
0 0 0 0 19 20 13 15 0 0 17 0 34 35 0 32 0 31 0 0 0 0 1 4 8 11 10 0 6 9 29 26 0 24 25 27 
0 24 0 0 25 0 0 21 20 18 23 0 4 5 36 2 0 1 8 9 6 11 7 0 14 0 16 0 0 15 35 0 34 30 31 33 
0 6 10 11 7 0 1 0 0 0 5 0 22 23 18 20 0 19 0 27 24 29 0 28 32 0 34 0 0 0 17 0 0 12 0 15 
3 0 0 5 1 2 31 33 32 30 35 34 16 17 0 0 0 13 0 0 18 0 19 22 26 0 28 0 24 27 11 8 10 0 7 0 
