6
0 14 17 16 19 18 0 0 27 28 30 29 32 36 0 0 1 0 3 6 0 5 4 0 10 0 9 0 13 8 0 23 0 25 22 20 
0 26 29 28 31 0 2 7 3 4 6 5 8 12 0 0 0 9 15 18 14 0 16 0 22 0 21 24 0 20 0 35 36 1 0 32 
0 2 0 0 7 6 14 19 0 0 18 0 20 24 0 22 0 21 27 0 26 29 0 0 0 0 33 0 0 0 9 0 0 13 10 0 
9 0 11 0 0 12 0 25 21 0 24 0 26 0 29 28 31 27 33 0 32 0 34 1 4 0 0 0 7 2 0 17 0 0 0 14 
21 20 0 22 0 24 32 1 0 34 36 35 2 0 5 4 7 0 0 0 0 11 0 0 16 17 0 18 0 14 27 0 0 31 0 26 
0 0 0 0 1 0 8 13 9 0 0 0 0 0 0 16 0 0 0 24 20 0 22 25 28 29 0 30 31 26 0 5 6 0 4 0 
5 0 7 6 9 8 16 0 17 18 20 19 0 26 0 0 0 23 29 32 0 31 30 33 36 0 0 2 3 34 11 0 0 0 0 0 
17 16 0 18 21 20 0 33 29 0 32 31 0 0 0 36 3 35 5 0 0 7 0 0 0 13 11 0 15 0 23 0 26 0 24 0 
29 0 31 0 33 32 4 0 0 0 0 7 10 0 13 0 15 0 17 0 0 0 0 21 0 25 23 26 27 22 35 0 2 3 0 0 
35 34 0 36 0 2 10 15 11 0 14 0 0 20 0 0 21 17 0 0 22 25 24 0 30 0 29 32 33 0 0 7 0 9 6 4 
23 22 25 0 27 0 34 0 0 36 2 1 0 0 7 6 9 5 11 14 0 13 12 0 18 19 17 0 21 0 29 31 0 0 30 28 
0 10 0 12 15 0 0 0 0 24 0 25 28 0 31 30 33 29 0 0 34 1 36 3 6 7 0 0 0 4 17 19 0 0 18 16 
30 0 32 0 34 0 0 10 6 0 9 0 11 15 14 13 16 12 18 0 0 0 19 22 25 26 0 27 0 23 0 0 3 0 1 0 
0 5 0 7 0 9 17 22 0 19 0 20 23 27 0 0 0 0 30 0 29 0 31 34 1 2 36 0 4 35 0 14 15 0 13 0 
0 17 20 0 0 21 0 34 30 0 33 32 35 0 2 0 4 0 6 0 5 8 7 0 0 14 12 0 16 0 24 26 27 28 0 0 
24 0 26 25 28 27 35 0 36 1 3 0 5 9 8 7 10 0 12 0 11 14 13 16 0 20 18 0 22 17 30 32 0 34 31 0 
12 11 14 0 0 15 23 28 0 25 27 26 0 0 32 0 34 0 0 3 35 0 0 4 7 0 6 0 10 5 18 0 0 22 19 17 
36 35 2 0 4 0 0 0 0 13 15 0 0 21 0 0 22 0 24 27 23 26 0 0 31 32 0 33 34 29 6 0 9 10 7 0 
25 24 27 26 29 28 0 0 0 2 4 3 0 10 9 0 11 7 0 16 12 15 0 17 20 0 0 0 0 18 31 33 0 35 32 30 
31 30 0 0 0 34 6 0 7 8 10 9 12 0 15 0 17 13 0 22 0 0 20 23 26 0 25 28 29 0 1 0 4 0 0 36 
7 0 9 8 11 0 18 23 0 20 22 21 24 0 0 26 29 25 0 34 0 0 0 0 0 3 0 0 5 36 13 0 0 0 14 0 
13 0 0 14 0 16 0 29 0 26 28 0 0 34 33 0 35 31 0 4 0 3 2 5 0 0 7 0 11 6 0 21 0 23 0 18 
0 18 0 0 23 0 0 0 0 32 34 33 0 0 0 0 0 1 7 10 6 9 8 0 14 0 13 16 17 0 25 27 28 0 26 0 
1 36 0 2 5 4 12 17 13 0 16 0 18 22 0 0 23 19 0 0 0 27 0 0 32 33 31 34 35 0 7 9 10 11 0 6 
0 0 0 5 8 7 0 0 16 0 0 18 21 25 24 0 26 22 0 31 27 0 0 0 35 36 34 0 2 0 10 12 13 0 0 9 
34 33 0 0 2 0 0 14 0 11 13 12 0 0 18 17 20 16 22 25 21 0 23 26 29 0 28 31 32 0 4 6 7 0 0 0 
10 0 0 11 0 13 0 26 0 0 25 24 27 31 30 29 32 0 0 0 0 36 35 2 5 6 4 7 0 3 16 0 0 20 0 15 
22 21 24 0 0 25 0 2 0 0 0 36 3 7 6 5 8 0 10 13 9 12 11 0 0 18 16 19 0 0 28 30 0 0 29 27 
28 27 30 0 32 0 3 8 4 0 0 0 0 0 0 0 14 0 16 19 15 18 17 0 0 24 0 25 26 0 34 36 0 0 0 0 
16 0 0 17 20 19 27 32 0 0 31 30 0 0 36 0 0 0 4 7 3 0 0 8 11 12 10 0 14 0 22 0 0 0 0 21 
14 13 0 15 18 17 0 30 26 0 29 0 0 35 34 33 0 32 2 0 1 4 0 6 9 10 0 11 0 0 20 22 23 24 21 19 
8 7 10 9 0 0 0 0 20 0 23 0 0 29 28 27 30 0 32 35 31 34 33 0 0 4 2 0 0 0 14 0 17 18 15 13 
32 31 34 33 36 35 0 12 0 0 0 0 13 0 16 0 18 14 20 23 19 0 21 24 0 0 26 29 0 25 0 4 0 6 0 1 
0 0 28 27 30 29 1 6 0 0 5 4 7 11 0 0 0 8 0 0 0 0 0 0 21 22 20 23 24 19 0 0 0 36 33 0 
2 0 4 3 6 5 0 18 14 0 17 16 19 23 22 21 0 20 0 29 25 28 27 0 33 0 0 0 0 31 8 10 11 0 9 7 
0 19 22 0 24 0 31 36 32 33 35 0 1 5 0 3 0 2 8 0 7 0 9 12 15 16 0 17 18 0 26 28 29 0 27 25 
