6
9 0 0 10 0 8 33 35 34 31 0 36 0 4 0 3 6 2 0 18 16 15 0 17 20 19 0 23 24 21 28 26 0 25 27 0 
3 1 5 4 0 2 27 0 0 0 0 30 35 0 31 33 0 32 8 0 10 0 7 11 14 0 16 17 18 0 0 20 0 0 0 0 
27 25 0 28 30 0 15 17 16 13 14 18 0 22 19 21 0 20 0 36 34 33 0 0 2 1 4 0 6 3 10 8 0 7 9 11 
15 0 0 16 0 14 3 5 0 1 0 6 11 10 7 0 0 0 0 0 22 0 19 23 26 0 0 29 30 0 34 0 0 31 0 35 
0 19 0 0 0 20 9 11 10 7 0 0 17 16 13 15 0 0 0 0 28 27 0 0 32 31 34 0 0 33 4 2 6 1 3 0 
33 0 0 34 36 0 21 23 0 19 20 24 0 28 25 27 0 26 0 6 0 0 1 5 8 7 10 0 12 9 16 0 18 13 0 0 
17 15 0 18 0 16 5 7 0 0 4 0 13 12 9 0 0 10 22 26 0 23 21 25 0 0 30 31 0 29 36 34 0 0 0 0 
29 0 31 30 0 28 17 19 0 0 16 20 25 0 0 0 26 22 34 2 0 35 0 1 4 3 6 7 8 0 0 10 14 9 0 13 
5 3 7 0 8 4 29 0 30 27 0 32 0 0 0 35 2 0 10 0 0 0 0 0 16 15 0 0 0 17 24 0 26 0 23 0 
0 33 0 36 2 34 0 0 0 21 0 0 0 0 27 0 0 0 4 8 6 5 3 0 10 9 0 13 0 11 0 16 20 15 17 0 
11 0 13 12 0 0 0 1 36 33 34 0 7 6 0 5 0 0 0 20 0 0 0 0 0 0 0 25 26 23 0 28 32 0 29 31 
23 0 25 0 26 0 0 13 0 0 0 14 19 0 15 0 0 0 28 0 30 29 27 0 34 33 0 1 0 0 0 4 0 3 5 0 
6 4 8 0 9 0 30 32 31 0 29 0 0 1 34 36 0 0 11 15 13 12 10 14 17 16 19 20 21 18 25 0 0 22 24 26 
0 0 32 0 0 29 18 0 0 16 0 0 0 25 22 24 27 23 0 0 0 36 34 0 5 4 7 0 9 0 13 11 15 10 12 0 
18 16 20 0 21 17 0 8 0 0 5 9 0 13 10 12 15 0 23 27 25 24 22 26 29 0 0 0 33 30 1 35 3 34 36 0 
36 34 0 1 3 35 0 26 25 22 0 0 0 0 28 30 33 29 5 9 7 0 4 0 11 10 0 14 15 12 0 17 21 0 0 20 
24 22 26 25 0 0 0 14 0 10 11 0 20 0 16 0 0 17 0 0 31 0 28 0 35 0 1 0 3 36 7 5 9 4 0 8 
12 10 14 0 0 11 0 2 0 34 0 3 8 0 4 6 9 5 17 0 0 0 16 0 23 22 25 26 0 24 0 29 33 0 30 32 
0 35 0 2 0 0 25 0 26 23 0 0 0 32 0 0 34 30 0 0 0 7 5 9 0 0 14 15 16 0 20 18 22 0 0 21 
0 5 0 8 10 6 0 33 32 29 30 0 3 0 0 0 4 36 12 16 14 13 0 0 18 17 20 21 22 19 26 24 0 23 0 27 
0 23 0 26 0 24 0 0 14 11 0 0 0 20 17 19 22 18 0 34 32 31 29 33 0 0 0 0 0 0 8 6 10 5 0 0 
0 11 0 0 0 12 0 3 0 0 0 4 9 0 5 7 0 0 18 0 0 19 17 21 0 23 26 27 28 25 0 30 0 0 0 0 
0 29 33 32 34 0 19 21 20 0 0 0 27 0 0 25 0 0 0 4 0 1 35 3 0 0 8 9 10 7 0 0 16 11 0 15 
19 17 21 0 22 18 0 9 8 0 0 10 15 0 0 13 16 12 24 0 26 25 0 27 0 0 0 33 0 31 2 36 4 0 0 3 
20 0 22 21 23 19 8 10 9 0 0 11 16 15 0 14 0 13 0 29 0 26 24 28 0 0 33 34 0 32 0 0 5 36 0 0 
2 0 4 3 0 1 26 28 0 24 0 0 0 0 30 32 0 0 7 11 0 8 6 0 0 12 15 16 0 0 0 19 23 18 20 22 
0 0 34 33 35 0 20 22 21 18 19 0 0 27 24 26 0 0 1 5 3 0 0 0 0 0 0 0 0 8 0 0 0 12 0 0 
8 0 10 9 11 7 32 0 33 30 0 0 4 0 0 0 0 1 13 0 15 14 12 16 19 18 21 0 0 0 27 25 0 0 26 28 
0 12 0 15 17 13 0 0 0 0 1 0 10 9 0 8 11 7 19 0 0 20 18 0 25 24 27 0 29 0 33 0 35 30 32 34 
0 0 28 27 29 0 14 16 0 0 13 17 22 21 0 20 0 19 31 35 33 32 0 34 1 36 3 4 0 2 9 7 11 6 0 10 
0 0 0 5 7 3 0 30 0 26 27 31 0 0 32 0 1 33 0 0 0 0 0 0 15 14 17 18 19 16 23 0 25 0 0 0 
0 0 0 35 0 33 0 24 23 20 21 0 0 29 26 0 31 27 3 0 0 0 2 6 9 8 11 12 0 0 0 0 19 0 16 18 
0 20 24 23 0 0 0 12 11 8 0 0 18 17 0 0 19 0 0 0 0 28 26 30 33 32 0 36 0 34 5 0 0 2 0 0 
28 0 30 0 31 27 16 0 17 14 0 0 24 23 0 0 25 21 33 1 0 0 0 36 0 2 5 0 7 4 11 9 13 8 10 12 
16 0 18 17 19 15 4 6 5 2 3 7 12 0 8 10 13 0 0 0 0 22 20 0 0 26 0 30 0 28 35 0 1 32 34 36 
10 8 12 11 13 9 34 36 0 0 0 1 0 5 0 0 0 3 0 19 0 0 14 0 21 20 0 0 25 22 0 0 31 0 28 0 
