6
2 0 36 0 0 34 0 30 28 29 32 0 14 15 12 11 0 13 5 6 4 7 9 8 0 0 0 20 0 16 25 26 0 0 0 27 
0 0 0 13 0 10 0 0 4 0 8 7 0 0 0 0 0 25 17 18 0 19 21 20 30 29 0 0 0 28 1 2 34 35 36 0 
26 0 24 25 27 22 21 18 16 0 0 0 0 0 36 35 34 0 29 30 28 31 33 0 6 0 0 8 0 0 13 14 0 11 0 15 
0 29 30 31 0 0 27 24 22 23 0 25 0 9 6 0 4 0 35 0 34 1 3 0 12 11 15 0 13 0 0 0 0 17 0 0 
20 17 0 0 21 16 15 0 0 11 0 0 0 33 30 0 28 0 23 24 22 0 27 0 36 35 3 0 0 0 7 0 0 5 6 9 
0 0 0 0 0 4 3 0 34 35 2 1 0 21 18 17 16 19 11 12 0 13 0 14 0 0 0 26 0 0 31 32 28 29 30 0 
0 10 0 12 14 9 0 0 0 4 7 6 0 0 0 0 21 0 0 0 15 18 20 19 29 28 0 31 30 0 36 1 33 34 0 2 
31 28 29 0 0 27 0 23 21 0 25 24 0 0 5 4 0 6 0 35 33 0 0 1 11 10 0 13 12 9 18 19 0 0 17 20 
7 0 5 6 0 0 2 0 33 0 0 36 19 0 0 16 15 0 10 0 9 0 0 13 0 0 26 25 24 0 30 31 27 0 29 32 
25 22 23 24 26 21 20 0 0 16 19 0 1 2 0 0 33 0 28 29 0 30 32 31 0 0 8 0 6 0 12 0 0 10 0 14 
0 0 35 0 0 0 0 0 27 28 31 30 13 14 11 10 0 0 4 5 0 6 0 7 0 16 0 19 18 15 24 25 0 22 23 26 
0 16 17 18 0 15 14 0 9 0 0 12 0 32 0 28 27 0 0 0 21 24 0 25 35 34 0 0 36 33 6 0 0 0 0 8 
16 13 0 15 17 12 11 0 6 0 10 0 28 0 0 25 24 27 0 20 18 0 23 0 0 0 0 34 0 30 0 0 36 1 2 0 
34 31 0 0 0 0 0 26 0 25 28 0 10 11 0 0 0 0 1 2 36 0 5 0 0 13 17 0 15 12 21 0 0 0 20 0 
22 19 20 21 0 18 17 14 12 0 0 0 34 35 32 31 30 33 25 0 0 0 29 0 2 1 5 0 3 0 9 0 0 0 0 11 
4 1 0 3 5 0 35 32 30 31 0 0 16 17 14 0 12 0 7 8 6 9 11 0 20 19 0 0 21 18 27 28 24 25 26 29 
0 25 26 27 0 24 23 20 18 19 22 0 0 0 0 0 36 3 31 32 0 33 0 34 0 0 11 10 0 0 15 16 12 0 0 17 
10 7 0 9 0 0 5 2 0 0 0 3 22 23 0 19 18 0 0 14 0 15 17 16 26 0 29 0 0 0 33 0 0 0 0 35 
0 20 21 0 0 0 0 0 13 14 17 16 35 0 33 32 31 34 0 27 25 28 0 0 3 2 0 5 4 1 10 11 0 8 9 0 
0 0 9 0 12 0 0 3 0 2 0 4 0 24 21 20 19 22 0 0 0 0 18 0 0 26 0 0 0 0 34 35 0 0 0 0 
17 14 15 16 0 0 0 9 7 0 0 0 0 0 0 26 25 0 20 21 19 0 0 23 33 32 36 0 34 31 0 5 0 2 3 6 
29 26 0 0 0 25 0 21 19 20 0 22 5 0 0 2 1 4 32 33 0 34 0 0 0 8 0 11 0 7 16 17 0 0 0 18 
0 32 33 34 36 31 0 27 25 26 0 28 0 12 0 0 7 10 2 3 0 4 0 5 15 14 18 17 16 13 0 23 0 20 0 0 
0 0 0 0 0 1 0 0 31 32 35 0 0 18 15 14 13 0 0 9 0 0 0 0 21 0 0 23 22 19 0 29 0 0 27 0 
9 6 7 0 0 5 0 0 0 0 3 0 21 0 19 0 17 20 0 0 0 0 0 15 0 24 0 27 0 23 0 0 29 0 0 34 
0 0 0 32 34 29 28 0 23 24 0 0 9 10 7 6 5 0 36 0 35 0 0 3 0 0 16 15 14 11 20 0 17 18 0 0 
15 0 0 0 0 0 0 0 0 6 0 8 0 28 25 24 23 0 0 19 0 20 0 21 31 0 34 33 32 29 2 3 0 36 0 0 
0 24 0 26 28 23 22 19 0 0 21 20 0 4 1 36 35 0 30 31 0 32 34 0 7 6 0 0 8 0 14 0 0 12 13 16 
0 18 19 20 22 17 16 13 0 12 0 0 33 0 0 0 0 32 0 0 23 26 0 0 0 36 4 3 2 0 0 9 5 0 7 10 
3 36 1 2 4 0 34 0 29 30 33 32 0 0 0 0 11 0 0 7 5 8 10 0 0 18 22 21 0 17 0 27 0 24 25 28 
0 9 0 11 13 8 7 0 0 3 0 5 24 25 22 21 20 23 15 0 14 17 19 0 0 27 0 30 29 26 0 36 32 0 34 1 
0 0 0 17 0 14 13 0 8 9 12 0 30 31 0 27 26 29 0 22 0 23 25 24 0 0 1 0 0 32 0 0 0 3 0 0 
24 21 0 0 25 20 0 0 14 15 0 0 0 1 0 33 32 35 27 28 0 29 31 30 4 0 7 6 5 0 0 12 8 9 10 13 
0 27 28 29 31 26 25 0 20 21 24 23 0 0 0 3 2 5 33 0 0 0 1 36 10 0 13 12 11 0 0 0 14 15 16 19 
0 0 0 5 7 0 1 34 0 33 0 0 18 19 0 15 0 17 9 10 8 11 13 0 22 21 25 0 23 20 29 0 26 27 28 31 
36 0 34 35 1 0 31 28 0 27 30 29 12 13 0 0 8 11 0 0 0 0 0 0 16 15 19 0 17 14 0 24 0 0 22 25 
