6
0 19 0 0 16 0 34 0 1 0 2 0 0 32 31 0 0 0 11 14 10 0 0 13 0 25 22 0 26 0 0 4 0 0 0 7 
30 31 32 0 28 0 10 11 13 9 0 0 6 8 7 0 5 4 23 0 0 21 24 25 35 0 34 0 2 33 17 0 0 0 0 19 
0 13 14 0 0 9 0 0 0 27 32 0 0 26 0 0 23 22 5 8 4 0 6 0 17 19 16 0 20 0 35 0 0 33 2 1 
6 0 8 5 0 3 22 0 25 0 26 0 18 20 0 15 17 16 0 0 34 33 36 0 0 0 0 0 14 9 29 28 0 27 0 0 
24 0 26 0 0 0 4 0 7 3 0 0 36 2 1 33 35 34 17 20 16 15 18 19 29 31 28 30 32 0 11 10 12 9 0 0 
36 1 2 35 0 0 16 0 0 0 20 18 12 14 0 0 11 10 29 32 28 0 30 31 5 7 4 0 8 3 0 22 24 21 0 0 
0 33 34 31 30 29 0 0 15 11 0 14 8 10 0 0 7 6 0 28 0 23 26 0 1 3 36 0 0 35 0 18 20 17 22 21 
2 0 4 1 36 0 18 0 0 17 22 20 0 16 0 0 13 12 31 34 30 29 32 33 7 0 6 8 10 0 0 0 26 23 28 0 
0 9 10 0 6 5 0 25 27 23 28 26 20 22 0 17 19 0 0 4 36 35 0 3 0 15 0 14 16 11 31 0 0 0 34 0 
14 0 16 0 0 11 30 31 33 0 34 0 0 0 0 0 25 24 7 10 6 0 8 0 0 0 18 20 0 17 0 0 2 35 4 0 
20 0 0 0 0 17 36 1 3 35 4 2 0 34 0 0 31 30 13 16 12 0 14 15 25 0 0 26 28 23 7 0 0 5 0 0 
26 27 0 25 0 23 0 7 9 5 10 0 0 4 3 0 1 36 0 22 18 17 20 21 31 33 30 0 34 29 0 12 14 0 0 15 
34 35 36 0 0 31 14 0 0 0 18 16 10 0 11 0 9 0 0 30 26 25 28 0 3 5 0 4 6 0 0 0 22 0 24 0 
4 0 6 3 0 0 20 21 23 19 0 22 0 0 0 0 0 14 33 0 32 31 34 0 9 11 8 0 12 0 27 0 28 25 30 29 
0 0 12 0 8 7 26 27 0 25 0 0 22 24 23 19 0 20 3 6 2 0 0 5 0 0 0 16 0 13 33 32 34 31 0 35 
16 17 0 0 14 13 32 33 35 31 0 34 28 30 0 0 27 26 0 12 8 0 0 11 0 0 0 22 0 19 0 2 4 1 6 5 
28 0 30 27 0 25 0 9 0 7 0 10 0 6 5 1 0 2 0 24 20 19 22 23 33 0 0 0 0 0 15 14 16 13 0 17 
22 23 24 0 0 19 2 3 5 1 0 4 0 36 0 0 33 32 15 18 0 13 0 17 0 0 26 0 30 25 0 0 10 7 12 0 
15 16 0 0 13 12 31 32 34 0 35 0 27 29 28 24 0 25 8 0 7 6 0 0 20 0 19 0 23 0 0 1 3 36 5 4 
21 22 23 0 19 18 1 2 4 36 5 3 33 0 0 30 0 0 14 17 13 0 15 16 26 28 0 27 29 0 0 0 9 6 0 0 
3 0 5 2 0 36 0 0 0 18 0 21 0 0 0 12 0 0 0 0 0 30 33 34 8 10 0 9 11 6 26 0 27 0 0 0 
0 0 35 32 31 30 13 14 0 12 0 15 0 11 10 6 0 7 0 29 0 24 0 28 2 4 1 3 0 0 0 19 0 0 23 22 
9 0 11 8 0 6 0 26 0 0 0 27 21 23 0 18 20 19 2 0 0 36 3 4 14 16 13 0 17 12 0 31 33 30 0 34 
27 0 0 26 25 24 7 8 0 0 0 9 0 5 0 36 2 1 0 23 0 0 0 22 32 0 0 33 0 30 14 13 0 12 17 0 
0 12 0 10 9 8 0 28 30 26 0 0 23 0 24 20 22 0 0 7 3 2 5 6 16 18 15 17 19 14 34 33 35 0 0 0 
29 0 0 0 0 26 0 10 0 0 13 11 5 7 0 2 4 0 22 25 21 20 23 24 34 0 0 0 0 0 16 0 17 14 19 18 
0 0 7 4 3 2 0 22 0 0 25 23 17 0 0 14 0 15 0 0 33 0 35 0 10 12 0 0 13 8 0 27 29 0 0 30 
35 36 1 0 0 0 15 0 18 14 0 0 11 0 12 0 10 0 28 0 0 26 29 30 4 6 3 5 0 2 22 21 0 0 25 24 
0 18 19 16 15 14 33 0 36 32 1 35 29 31 0 0 28 27 10 13 0 0 11 12 22 24 21 0 25 0 4 3 5 2 0 6 
0 24 0 0 21 20 3 4 6 0 7 5 0 0 36 32 34 0 16 19 15 0 17 0 28 30 27 0 31 26 0 9 0 0 13 0 
13 14 0 0 11 10 0 30 32 28 33 0 25 0 26 22 0 23 0 0 0 0 0 8 18 0 0 19 21 16 36 0 1 0 0 2 
31 32 33 30 0 0 0 12 14 10 0 13 7 9 0 4 0 0 24 27 0 22 0 0 36 0 0 1 3 34 0 17 19 16 21 0 
7 8 9 6 0 0 23 0 26 22 0 25 19 21 20 16 0 0 36 0 0 0 1 0 0 0 0 13 15 0 30 0 0 0 33 32 
0 2 3 36 0 0 17 0 0 16 21 19 0 0 0 10 0 11 30 0 0 0 31 32 0 8 5 7 9 4 24 23 25 22 27 26 
25 0 0 0 23 0 5 6 0 0 0 0 1 3 0 34 36 0 0 21 0 16 0 20 30 32 29 31 33 28 12 11 13 0 0 0 
19 20 21 18 0 0 35 0 2 34 3 0 31 33 32 28 0 0 12 0 11 0 13 14 24 26 23 25 0 22 6 5 0 4 0 8 
