6
7 0 0 0 6 5 27 24 0 0 23 0 30 29 0 0 0 32 35 0 0 4 1 3 0 16 12 0 15 13 21 19 18 17 0 22 
13 16 14 15 12 0 0 0 34 31 0 0 36 35 0 0 1 0 0 6 0 10 7 0 20 22 0 0 21 19 27 0 0 0 0 0 
0 4 2 3 36 35 21 18 0 19 0 0 24 23 28 0 0 26 29 0 0 0 0 0 8 10 6 5 0 7 0 13 12 11 0 0 
0 28 26 27 0 23 0 0 0 0 5 8 12 11 16 0 13 0 0 18 20 22 19 21 0 34 30 29 0 31 3 1 0 35 0 0 
31 34 0 0 0 29 15 12 16 13 0 14 18 0 22 21 19 0 23 24 26 0 0 27 2 4 0 35 0 0 0 7 6 5 0 10 
19 22 20 21 0 17 0 0 0 0 35 0 0 0 0 0 0 0 0 0 14 0 0 15 0 28 24 23 0 25 33 31 0 29 0 0 
10 13 0 12 9 0 30 27 0 0 26 0 0 0 1 0 0 0 2 3 0 7 0 6 0 19 15 14 18 16 24 0 0 20 0 0 
0 0 23 0 21 20 6 0 7 4 0 5 0 8 13 0 10 11 0 0 0 19 16 18 29 0 0 0 30 0 36 34 33 32 0 1 
16 19 17 18 15 14 36 0 1 0 0 0 0 0 0 6 4 5 8 9 11 0 0 12 23 25 0 20 0 0 30 28 0 26 29 0 
28 0 0 30 0 0 0 9 13 0 0 0 15 14 0 0 0 17 20 0 0 0 22 24 0 1 33 0 36 0 6 4 0 0 5 7 
0 0 35 36 33 0 0 15 19 0 14 0 0 0 25 0 0 0 0 0 29 0 28 30 0 7 0 0 6 0 12 10 9 0 11 0 
4 0 5 6 3 0 24 21 25 22 20 23 0 26 0 0 0 0 0 33 35 0 0 0 11 0 9 0 12 10 18 0 0 14 17 19 
35 2 36 0 34 0 19 16 20 17 0 18 22 0 0 0 0 24 27 28 0 32 0 0 6 8 0 0 0 5 0 11 10 9 12 14 
17 20 18 0 16 0 1 34 2 35 33 36 0 0 8 7 0 0 0 10 0 14 11 13 0 26 0 0 25 23 0 29 28 27 0 32 
0 8 6 7 4 3 25 22 26 23 21 0 28 0 0 31 29 30 33 34 0 0 0 0 0 14 10 9 0 0 19 17 0 15 0 0 
29 32 30 0 0 27 13 0 14 0 0 0 16 0 0 19 17 18 0 0 0 0 23 25 36 2 34 33 1 35 0 5 4 3 6 8 
0 14 12 13 10 9 31 28 32 29 27 30 0 33 2 1 0 0 0 4 0 8 5 7 18 20 0 15 19 17 0 0 22 21 24 26 
23 26 24 25 0 21 7 0 8 0 3 0 0 0 14 13 11 0 0 0 0 0 17 0 0 0 28 0 0 29 0 35 34 0 36 0 
0 5 0 4 0 0 22 0 0 20 0 21 25 0 0 0 26 27 0 0 0 0 0 0 9 11 7 6 0 8 0 14 0 12 15 17 
0 17 0 16 13 0 0 31 35 0 30 0 1 36 0 0 2 3 6 7 0 0 8 0 0 23 0 18 0 20 0 26 25 0 0 29 
8 11 9 10 7 0 28 25 29 26 24 27 31 30 35 34 0 0 36 0 3 5 2 4 0 17 0 12 16 14 22 0 19 18 21 0 
26 29 27 28 25 24 0 7 11 8 0 9 13 12 17 0 14 0 0 19 21 23 20 22 33 0 0 0 34 32 4 2 1 0 3 0 
32 35 33 34 31 30 0 13 17 0 12 15 19 18 23 0 20 21 24 25 0 29 26 28 3 0 1 0 4 2 10 0 7 6 0 0 
20 23 0 0 19 18 4 0 5 0 0 0 0 0 11 10 0 9 12 13 15 17 14 16 27 29 25 24 0 26 34 0 31 0 0 35 
18 21 19 20 17 16 2 0 3 36 0 0 5 4 0 0 6 7 0 11 13 15 0 0 25 27 23 0 26 24 32 30 0 28 0 0 
30 0 31 0 29 28 14 0 15 12 10 13 0 0 21 0 0 0 22 23 0 27 0 0 1 3 35 34 2 36 8 6 5 4 7 0 
0 9 7 8 5 0 0 23 27 24 22 25 0 0 0 0 30 0 34 35 1 0 36 0 13 15 11 0 14 0 20 0 0 16 19 0 
0 0 0 2 0 0 0 0 21 18 16 0 0 0 27 26 0 25 0 0 0 0 0 32 7 9 5 4 8 0 14 12 11 0 13 15 
12 15 13 0 11 10 0 0 33 0 0 31 35 0 0 2 0 0 0 0 0 9 0 0 19 21 17 0 0 18 26 24 23 22 25 0 
0 0 0 0 0 0 0 0 0 6 0 0 11 10 0 14 0 13 0 17 0 0 0 20 0 33 0 28 32 30 2 0 0 0 1 3 
21 0 0 23 0 19 5 2 0 0 0 4 8 7 0 0 9 10 0 0 16 18 0 17 0 30 26 25 29 27 0 33 32 31 0 36 
27 0 0 29 0 25 0 8 12 9 0 0 14 13 0 17 15 0 19 20 22 24 21 0 34 36 0 31 35 0 5 0 2 1 4 6 
0 0 34 0 32 31 17 0 18 15 0 16 0 0 0 0 21 0 0 26 28 0 0 29 4 0 2 0 0 3 11 9 8 0 10 12 
0 0 4 0 2 1 23 0 24 0 19 22 26 25 30 29 27 28 31 32 34 36 0 0 0 12 8 7 11 0 17 0 0 0 0 0 
15 18 0 17 14 13 0 32 36 0 31 34 0 1 0 5 3 4 7 8 10 0 9 11 22 24 0 0 0 0 0 0 0 0 28 0 
9 12 0 11 0 7 29 0 30 27 25 0 32 31 36 0 0 34 0 2 4 6 3 5 0 18 14 0 17 0 23 21 20 19 0 24 
