6
19 17 20 0 16 0 21 0 0 0 24 25 13 12 0 10 14 0 34 36 0 2 33 1 4 0 5 0 0 7 31 0 32 0 0 0 
0 23 26 21 22 24 0 29 0 0 30 31 0 18 15 0 0 0 0 0 5 0 3 0 0 14 11 0 0 13 0 0 2 34 0 0 
13 0 14 0 0 12 0 17 0 0 18 19 7 6 0 4 8 0 0 30 29 32 27 31 0 0 35 33 36 1 25 21 0 22 24 0 
0 5 8 0 0 6 9 11 14 10 0 13 0 0 33 34 2 35 0 24 23 26 0 25 28 32 29 27 30 31 19 15 20 16 0 17 
1 35 2 0 34 36 3 5 8 4 6 7 0 0 27 28 0 29 16 0 17 20 0 19 22 26 23 0 0 0 13 0 14 0 0 11 
31 29 0 27 28 0 0 35 2 34 36 1 0 24 0 22 26 23 10 12 0 0 9 13 16 0 17 0 0 0 0 0 0 4 6 5 
0 0 0 18 19 21 24 26 29 0 0 0 0 15 12 0 17 0 0 3 0 0 0 4 7 11 0 6 0 10 34 30 0 31 33 0 
0 8 11 0 7 9 0 14 17 13 15 16 0 3 36 1 5 2 25 27 0 29 24 28 0 0 32 30 33 34 22 0 0 0 21 20 
16 14 17 12 13 15 18 20 23 19 21 22 10 9 6 0 11 8 0 33 32 0 0 0 1 0 0 0 3 4 0 0 29 25 0 26 
28 26 29 24 25 27 30 32 0 0 33 34 0 21 0 0 0 0 0 0 0 11 0 10 0 0 14 12 0 0 4 0 5 1 3 2 
0 2 0 36 1 0 6 0 0 7 0 10 0 0 30 31 35 32 19 21 20 0 18 0 0 29 26 24 27 28 0 12 17 13 0 14 
0 32 35 30 31 33 0 0 0 1 0 4 28 27 24 0 29 0 0 0 14 0 12 16 19 0 0 18 21 22 0 6 0 7 9 0 
0 18 21 0 0 19 0 24 27 23 25 0 0 13 10 0 15 12 35 1 36 3 34 2 5 0 6 0 0 8 0 28 33 0 0 30 
0 0 33 28 29 0 34 0 0 35 1 0 26 25 22 23 27 24 0 0 0 15 10 14 17 21 18 16 19 20 8 4 0 5 0 6 
0 36 3 34 35 1 0 6 9 0 7 8 32 0 28 29 33 30 17 0 18 0 0 20 0 27 24 22 25 26 14 0 0 11 13 0 
0 12 15 10 0 13 16 18 21 17 19 0 8 0 0 5 0 6 0 31 30 33 0 0 35 3 36 34 1 2 26 22 27 0 25 0 
0 0 0 4 5 7 10 12 0 11 0 14 2 1 34 0 3 36 23 25 0 27 0 26 0 33 0 28 31 32 20 16 21 0 19 18 
0 24 27 0 23 25 0 0 0 29 31 32 0 19 16 0 0 18 5 7 6 9 0 8 11 15 12 10 13 14 0 34 0 35 1 36 
0 33 36 31 0 0 1 3 6 2 4 0 29 28 25 26 30 27 14 16 15 0 0 0 0 24 0 0 0 23 11 7 12 0 10 0 
23 21 24 0 20 22 25 27 30 26 28 29 17 16 13 14 0 15 2 4 3 6 1 0 8 12 9 0 10 0 35 31 36 0 34 33 
0 0 0 1 0 4 0 9 0 8 10 0 35 34 31 32 0 33 20 22 21 24 0 23 0 30 0 0 28 29 17 0 18 14 0 15 
0 9 0 0 8 10 0 15 0 0 16 0 5 4 1 2 0 0 26 0 0 0 0 0 32 36 33 0 34 35 23 0 0 20 22 0 
0 0 0 25 26 0 31 0 0 0 34 35 0 0 19 20 24 21 0 10 0 12 7 11 14 18 0 13 16 17 5 0 0 0 4 3 
17 15 0 13 14 16 19 21 24 20 0 0 11 10 7 8 12 9 32 34 33 36 31 35 2 0 0 1 4 5 29 25 0 0 28 27 
6 4 0 0 3 0 0 0 13 9 11 0 36 0 32 0 1 0 21 23 22 0 20 24 27 31 28 26 0 30 18 14 19 0 0 16 
0 28 31 26 0 0 0 0 1 0 35 36 0 0 20 21 25 0 9 11 10 13 8 12 15 0 16 14 0 0 0 2 7 3 5 4 
0 0 25 20 21 0 26 28 31 27 29 0 18 17 0 0 19 0 0 5 4 0 2 6 9 0 0 0 11 12 36 32 1 0 35 34 
0 10 0 0 0 11 0 0 19 0 0 0 6 0 2 0 0 4 0 0 28 31 26 0 33 0 0 32 0 36 0 20 25 21 23 22 
0 0 1 32 33 35 0 4 7 0 0 0 0 29 26 27 31 0 15 0 16 0 0 0 0 0 0 20 0 0 12 8 0 0 11 10 
0 16 19 14 15 17 0 0 0 21 23 0 12 11 8 9 13 10 0 35 0 1 0 0 3 7 0 2 5 0 30 26 31 27 29 28 
0 0 28 23 0 26 0 31 34 30 0 33 0 20 17 18 0 0 6 8 0 0 5 9 12 16 13 11 14 0 3 35 4 36 2 0 
0 0 16 0 0 14 0 19 0 0 20 21 0 0 0 6 10 0 30 32 31 0 29 0 0 4 1 35 0 3 0 0 0 0 0 25 
33 0 34 29 30 32 0 0 4 36 0 0 0 0 0 24 0 0 0 14 13 0 0 15 18 22 19 17 20 21 9 5 10 0 8 7 
0 0 4 0 0 2 0 0 10 6 0 0 33 0 0 30 34 0 18 20 0 0 17 21 24 0 25 23 26 27 15 11 0 0 0 13 
21 19 0 0 18 0 0 25 28 24 0 27 15 14 11 12 0 0 0 0 1 4 0 0 6 0 7 0 0 9 33 29 0 30 0 31 
0 7 10 5 0 0 0 13 16 0 0 0 0 2 0 36 4 1 24 26 25 28 23 0 30 34 0 29 0 0 0 17 0 18 20 19 
