6
0 7 5 0 4 2 16 0 19 15 0 18 8 0 0 0 12 10 0 0 0 0 1 35 24 0 23 0 0 25 27 26 29 30 31 0 
18 0 17 0 16 0 28 0 31 0 26 0 20 21 25 0 24 0 10 12 9 8 0 0 0 0 35 33 0 1 0 2 5 0 7 4 
0 0 35 33 0 32 10 11 0 9 8 0 2 0 7 5 0 0 28 30 27 0 0 29 18 16 0 0 14 0 0 0 23 0 0 22 
30 0 29 27 28 0 4 0 7 0 2 6 32 0 0 35 0 34 0 0 21 20 25 0 12 10 0 0 8 13 0 0 0 0 0 0 
0 0 23 0 0 0 34 35 1 33 32 0 26 27 31 29 0 28 0 18 0 14 19 17 6 4 0 3 0 0 9 8 0 12 13 10 
12 0 0 0 10 0 0 23 25 21 20 24 0 0 0 17 18 0 4 6 0 0 0 0 30 0 29 27 0 0 33 0 35 36 0 34 
0 18 0 0 15 0 0 0 0 0 0 29 19 20 24 22 23 21 0 0 0 0 12 0 35 33 0 32 31 36 2 0 0 5 6 0 
0 36 34 0 33 31 0 0 0 8 0 11 1 0 6 0 0 3 0 0 26 25 30 0 17 0 0 14 0 18 20 19 0 0 24 0 
23 24 22 20 21 0 0 34 0 32 31 0 0 26 30 28 0 27 15 17 0 13 18 0 0 0 0 0 1 6 8 0 10 11 12 9 
5 6 4 2 0 1 15 16 0 14 13 17 7 0 12 10 0 0 33 0 32 0 0 34 23 21 0 20 19 0 0 25 0 0 0 27 
0 30 28 26 27 0 3 0 0 2 1 5 0 0 36 34 0 33 0 23 0 19 24 0 11 0 0 0 0 0 14 13 0 17 18 15 
11 12 10 8 9 0 0 0 24 0 19 23 0 14 18 16 17 15 3 5 2 0 0 4 29 27 0 26 0 0 0 0 0 0 36 33 
4 5 3 1 0 0 14 0 17 13 12 16 6 7 11 9 0 8 32 0 0 0 35 0 0 20 21 0 18 0 0 24 0 28 29 26 
0 35 33 31 32 0 8 9 11 0 0 10 36 0 5 0 4 0 26 28 25 24 29 0 0 0 15 0 12 0 19 0 0 22 23 20 
10 11 9 7 0 0 0 21 23 19 18 22 12 0 17 15 0 14 0 4 1 0 0 3 28 0 0 25 0 29 31 0 33 0 35 32 
16 17 0 0 0 12 26 27 0 25 24 28 18 19 0 21 22 0 0 0 0 0 11 9 34 0 0 31 30 35 0 36 0 4 0 0 
28 29 27 25 26 24 2 0 5 1 0 0 30 0 35 0 0 32 0 22 0 0 23 0 10 8 9 7 0 0 13 12 15 0 17 0 
0 0 0 19 0 0 32 33 0 0 30 34 24 25 0 0 0 26 14 0 13 12 0 0 4 2 3 0 36 0 0 6 9 0 0 0 
33 34 0 0 0 0 0 0 10 6 0 9 35 36 4 0 3 0 0 0 24 23 28 26 0 0 14 0 11 16 18 17 0 0 22 19 
27 28 0 24 25 23 1 2 4 0 35 3 0 0 34 32 0 31 0 21 18 17 22 20 9 7 0 0 0 10 12 11 0 15 16 0 
21 0 20 18 19 0 31 32 34 30 0 33 23 24 28 26 27 25 0 0 0 11 0 0 3 1 2 0 0 4 0 5 0 9 10 0 
0 10 0 0 7 5 19 20 22 18 0 21 11 0 0 0 15 13 0 3 36 0 4 2 27 0 26 24 23 0 0 0 32 33 34 31 
15 0 0 0 13 11 25 26 28 24 23 0 17 0 0 20 0 0 0 9 0 5 10 0 33 31 0 0 0 0 36 0 2 0 0 1 
0 4 2 36 1 35 13 0 16 12 11 15 5 0 10 0 0 7 31 33 30 29 34 0 21 19 0 18 17 0 24 0 26 27 28 0 
0 20 18 16 0 15 0 30 32 0 0 31 21 22 26 24 0 0 0 0 10 0 14 0 1 35 0 0 0 2 4 0 6 7 0 0 
0 0 6 0 0 0 17 18 20 0 15 19 9 0 0 0 13 11 35 1 0 33 0 36 25 0 24 22 21 26 28 27 0 0 0 0 
13 14 0 10 11 0 23 24 26 22 0 0 0 16 0 0 19 17 5 0 4 3 0 0 31 0 0 0 0 32 34 0 36 1 2 35 
0 2 36 0 0 0 11 0 14 10 0 13 0 4 0 6 7 5 29 31 28 27 0 0 19 17 18 16 0 0 22 21 0 25 0 0 
0 0 0 22 23 21 35 36 0 34 0 1 0 0 0 30 31 29 0 0 16 15 0 18 7 0 6 4 0 8 10 9 12 0 14 11 
0 0 30 0 29 27 5 6 0 4 0 7 33 34 2 0 1 35 0 0 22 21 26 24 13 11 0 10 0 0 0 15 0 19 0 17 
0 0 0 5 0 0 0 0 0 17 16 20 0 11 0 0 14 12 36 0 0 0 3 1 0 24 0 23 22 27 29 0 0 32 0 30 
0 0 19 17 18 16 30 0 33 0 28 32 22 23 27 25 0 24 12 14 11 10 15 13 2 36 1 35 34 3 0 0 7 8 9 0 
32 33 0 29 0 28 6 0 0 0 4 0 34 35 0 0 0 36 24 0 23 22 27 0 14 12 0 11 0 15 17 0 0 20 21 18 
0 15 13 11 12 0 0 25 27 0 22 0 16 17 21 19 20 0 6 8 0 4 0 0 32 30 31 0 28 33 35 0 1 0 0 0 
2 3 0 35 36 0 12 13 15 11 0 14 0 5 0 0 8 0 30 0 29 0 0 31 0 0 19 0 0 21 0 22 25 26 0 24 
26 0 25 0 24 22 36 0 3 35 34 2 28 29 0 0 32 30 0 0 17 16 21 19 0 0 7 5 4 9 11 10 0 0 0 12 
