6
5 4 0 9 0 6 21 18 0 0 0 0 0 29 0 0 0 33 10 15 13 12 0 11 0 0 0 0 0 0 1 2 35 0 36 34 
0 28 32 33 31 30 9 6 0 8 0 7 20 17 19 18 16 0 0 3 1 0 0 35 14 12 0 0 0 10 25 0 0 27 24 0 
11 0 14 0 13 0 27 24 0 26 0 25 2 35 1 36 34 0 16 0 19 0 20 0 32 30 0 0 0 28 0 8 0 9 0 4 
0 34 2 3 1 36 0 12 11 14 0 0 0 23 25 0 22 0 4 0 7 0 8 0 0 18 0 0 17 16 0 0 0 0 0 0 
0 0 20 21 19 0 33 30 0 0 28 0 0 0 0 0 4 0 0 0 0 24 26 23 2 0 1 3 35 34 0 0 11 0 12 10 
0 22 0 0 25 24 0 36 35 2 34 1 0 11 13 12 10 0 28 33 31 30 32 0 8 0 0 9 5 0 0 20 0 0 0 16 
34 0 1 0 0 0 14 11 10 13 9 12 25 22 24 0 0 0 3 0 6 0 0 0 19 17 0 20 0 15 30 0 28 32 29 0 
10 9 13 14 12 11 0 23 0 25 21 0 0 34 0 35 33 0 0 20 0 17 19 16 31 29 30 32 28 27 6 7 0 0 5 3 
0 0 31 32 30 29 0 0 4 7 3 6 19 0 18 0 15 0 33 2 36 35 0 34 13 11 0 14 0 9 24 25 22 0 23 0 
16 0 19 0 0 17 32 29 0 31 0 0 7 4 0 5 3 8 0 26 0 23 0 22 1 35 36 0 0 33 12 0 10 0 11 9 
4 3 7 8 6 0 0 17 16 19 0 0 0 28 30 29 0 32 9 14 12 0 13 0 0 23 24 0 0 21 36 0 0 2 35 0 
22 21 0 26 24 0 2 0 34 0 33 36 13 0 0 11 0 14 27 32 30 0 0 0 7 5 6 8 4 3 0 0 16 0 17 0 
0 25 29 0 28 27 6 3 2 0 1 0 0 14 16 0 0 18 31 36 0 0 0 0 0 0 10 12 8 7 22 0 20 0 21 19 
32 31 0 36 34 33 0 0 0 0 0 10 0 0 22 21 19 24 1 0 0 3 0 2 17 15 0 0 0 13 28 29 26 0 0 25 
0 19 23 0 0 21 0 0 0 35 0 0 11 8 10 0 0 0 25 30 0 27 0 0 5 3 0 6 0 1 16 0 14 18 0 13 
14 13 0 18 16 0 0 0 26 29 0 28 5 0 0 3 1 0 0 0 22 0 0 0 0 33 0 0 0 31 0 0 8 12 9 7 
8 0 0 12 10 0 24 21 20 23 19 0 35 32 34 33 31 0 0 0 16 15 17 14 29 0 28 0 26 25 0 5 2 6 0 0 
0 1 5 6 0 3 0 15 14 0 13 16 29 26 28 27 25 0 0 12 0 0 0 0 0 21 22 0 0 19 34 35 32 36 0 0 
0 30 34 0 0 0 0 0 7 0 0 0 22 0 21 20 0 23 36 0 0 2 4 1 0 14 15 17 13 0 0 28 25 29 26 24 
13 0 0 17 0 14 29 26 25 28 24 27 4 0 3 0 36 0 18 23 21 20 22 0 34 32 0 35 0 30 0 0 0 0 8 6 
19 18 0 0 21 0 0 32 0 34 0 33 10 0 9 8 6 11 0 29 27 0 0 25 0 0 0 5 1 36 15 16 0 17 14 12 
1 36 4 5 0 2 0 14 13 16 12 15 0 25 27 26 0 29 6 11 9 0 10 0 22 20 0 0 19 0 33 34 0 35 32 0 
25 0 0 29 0 26 0 2 1 4 36 3 16 0 15 0 12 0 30 0 0 32 0 31 10 0 0 0 0 0 0 0 19 23 20 0 
7 6 10 11 9 8 0 20 19 22 18 21 0 31 0 0 30 35 0 17 0 0 16 13 28 26 27 29 25 0 3 0 1 5 2 0 
0 23 27 28 0 0 4 0 36 3 0 2 0 0 14 0 11 16 29 0 0 31 0 30 0 7 8 0 6 5 20 21 18 22 0 17 
0 11 15 16 14 13 0 0 24 0 23 0 3 0 2 1 0 4 17 22 20 19 21 18 33 0 32 34 0 29 8 9 6 0 7 5 
6 5 9 10 0 0 22 19 0 21 0 0 0 30 0 31 0 0 0 0 14 0 15 12 27 0 26 0 24 23 2 3 0 4 1 0 
30 29 33 34 32 31 0 0 0 9 0 0 21 18 20 19 17 0 35 4 2 1 0 36 15 0 0 0 12 0 0 0 24 28 25 23 
18 0 21 22 20 19 34 31 30 0 29 0 9 6 0 7 0 10 0 28 26 0 0 0 3 1 2 4 36 0 14 15 12 16 0 11 
36 35 0 4 0 1 0 13 12 0 11 0 0 24 0 0 0 28 5 10 0 7 9 6 0 19 0 22 18 0 32 33 0 34 31 0 
0 32 36 0 35 0 13 10 9 0 8 11 24 21 23 22 0 25 0 0 0 0 0 3 0 16 17 19 0 14 29 30 0 0 0 26 
27 26 30 0 29 28 0 4 0 6 0 5 0 15 17 0 14 19 0 0 35 0 0 33 0 0 11 0 9 0 23 24 0 0 22 0 
0 0 0 13 11 10 25 22 0 24 20 0 36 33 35 0 0 0 0 19 17 16 18 15 30 28 29 31 0 0 0 6 3 0 4 2 
15 0 0 19 17 0 0 28 0 0 0 0 6 3 5 4 0 0 20 25 23 22 0 21 36 0 35 0 0 32 11 0 0 0 0 8 
21 20 0 25 0 0 1 34 0 36 32 35 0 0 11 10 8 0 26 0 29 28 30 0 6 4 5 7 3 0 17 18 15 19 16 14 
0 2 6 0 5 4 19 16 0 18 0 0 0 0 0 28 26 31 8 0 0 10 0 9 24 22 0 25 0 0 0 36 33 1 0 32 
