6
13 12 0 0 16 0 26 25 24 28 29 27 33 31 30 35 32 34 0 1 5 3 2 36 18 0 20 19 21 22 10 7 8 9 11 6 
31 0 32 33 34 35 0 7 6 10 11 9 0 0 0 17 14 16 0 19 0 21 20 18 0 5 2 0 0 4 0 0 0 0 29 24 
19 18 20 21 0 23 0 31 30 34 0 0 0 1 36 5 2 4 0 7 11 9 0 6 0 29 26 0 0 0 0 0 14 15 17 12 
0 24 26 27 0 29 2 1 36 4 5 3 0 0 0 11 8 10 16 13 17 0 0 12 30 35 32 0 0 0 22 19 20 21 23 18 
0 0 8 9 10 11 20 19 0 22 23 21 27 0 0 29 0 0 34 0 35 33 32 30 12 17 14 13 0 0 4 1 2 0 0 36 
1 0 2 0 4 0 0 13 12 16 17 0 21 0 18 0 20 22 28 0 29 0 26 24 6 11 0 7 0 0 0 0 0 33 0 30 
8 7 0 0 11 12 0 0 0 23 0 22 28 26 25 0 27 29 35 32 36 34 33 31 13 18 0 0 0 17 5 2 0 4 0 0 
14 0 15 16 17 18 27 0 0 29 30 0 34 0 0 0 0 0 5 2 0 4 0 1 19 0 0 0 22 23 11 0 9 10 12 7 
20 0 21 22 23 24 0 32 0 35 0 0 4 2 1 0 0 0 0 8 12 10 0 0 25 0 27 26 0 0 0 14 15 16 18 13 
2 1 3 0 0 6 15 0 13 0 0 16 0 20 19 0 21 0 29 26 0 28 0 25 0 12 9 0 10 11 0 32 33 0 0 0 
26 0 0 28 29 0 3 2 1 0 6 4 10 0 0 12 9 11 17 14 0 0 0 13 31 36 0 32 34 0 23 0 0 22 24 19 
32 0 33 0 35 36 9 8 7 0 12 10 0 14 0 18 15 17 23 0 24 22 21 19 0 6 0 0 4 5 29 26 0 28 30 0 
28 27 0 30 0 0 5 4 0 7 8 6 12 0 0 14 11 13 19 0 20 0 0 15 0 0 0 0 36 0 25 0 0 24 26 21 
16 0 17 0 0 0 0 0 27 31 0 30 0 0 33 2 35 1 7 4 8 6 0 0 0 0 23 0 24 0 0 10 11 12 0 0 
4 3 0 6 0 8 17 0 0 19 20 0 24 0 21 0 23 25 31 28 0 0 0 27 9 14 11 10 0 13 1 34 0 36 2 33 
0 9 11 12 13 0 23 0 0 25 0 0 30 28 0 32 29 31 0 0 2 36 35 33 0 0 0 16 0 19 7 0 0 6 8 3 
0 33 35 36 1 0 0 0 9 0 14 0 18 16 0 0 17 19 25 0 0 0 23 21 0 8 5 4 6 7 31 28 0 30 32 27 
22 21 23 0 0 26 35 0 0 1 2 36 6 4 3 0 5 0 13 10 0 12 11 0 27 0 29 28 30 31 19 16 0 18 0 0 
12 0 13 14 15 16 25 0 0 0 28 26 32 30 0 34 31 33 3 36 4 2 0 0 0 22 19 18 0 0 9 6 7 8 0 5 
24 23 25 26 27 28 1 0 0 3 4 2 8 6 5 10 0 9 15 12 16 14 13 0 29 34 0 0 32 33 21 18 19 0 22 0 
0 35 0 2 0 4 13 0 11 15 16 0 0 18 17 0 0 21 27 24 28 0 25 23 5 10 7 6 8 9 0 30 31 0 0 0 
30 29 31 0 0 34 0 6 5 0 0 0 14 12 0 16 13 0 0 18 0 20 19 17 35 4 1 36 0 3 0 0 0 26 0 23 
6 5 7 0 9 10 19 18 17 0 22 0 26 24 23 28 25 0 0 30 0 32 0 29 11 0 0 12 0 15 0 0 1 2 4 35 
0 17 19 20 21 0 31 30 0 33 0 0 0 36 0 4 0 0 9 0 0 8 7 0 23 28 25 24 0 27 0 0 13 0 0 11 
0 8 0 0 0 13 22 0 20 24 25 23 0 27 26 0 28 30 0 0 0 35 0 32 14 0 0 0 0 0 6 3 4 5 7 0 
0 2 4 5 6 0 16 15 0 0 19 0 23 0 20 25 22 0 30 27 31 29 28 26 8 13 10 9 0 0 36 33 34 0 1 32 
0 0 22 0 24 25 34 0 0 0 1 0 5 3 0 0 4 0 12 0 0 0 10 8 0 0 28 27 29 30 18 15 16 17 19 0 
15 14 0 17 18 19 28 0 26 0 0 29 35 0 32 1 34 36 0 3 0 0 0 2 0 25 0 21 23 0 12 0 0 0 13 8 
33 32 34 35 0 1 0 0 8 12 13 0 17 15 0 0 16 0 0 21 0 23 22 20 0 7 4 0 0 6 0 0 0 29 0 26 
0 26 0 29 0 0 0 0 2 0 7 5 0 9 8 13 10 0 18 0 0 17 0 14 0 0 0 0 35 36 0 0 0 23 0 20 
35 34 0 1 2 3 12 11 0 0 15 13 0 17 16 21 18 0 26 0 0 0 24 22 0 0 0 0 7 0 32 29 30 31 0 28 
0 10 12 13 0 15 24 23 0 0 27 25 0 29 0 33 30 0 2 35 0 1 0 34 16 21 18 17 0 20 8 5 0 7 0 0 
0 0 6 0 8 9 0 17 0 20 21 0 0 23 0 27 24 0 0 29 33 0 0 0 10 15 12 0 0 14 0 35 36 1 3 0 
0 16 18 19 0 0 30 29 28 32 33 0 1 0 0 3 36 2 8 0 9 0 6 0 0 27 0 23 25 0 14 11 0 0 15 0 
29 28 0 0 32 33 6 0 0 8 9 7 13 0 0 15 0 0 20 17 0 19 18 16 0 0 0 35 1 0 26 23 24 0 0 22 
0 0 24 0 0 27 0 35 0 0 0 1 0 5 4 0 6 8 0 11 0 13 12 10 28 0 0 0 31 0 20 0 0 19 0 16 
