6
5 0 0 6 2 3 0 0 36 0 0 35 22 21 0 24 0 0 0 27 28 25 26 0 13 14 0 16 0 18 9 7 11 12 0 0 
23 19 22 0 20 21 13 16 18 14 15 0 4 0 0 0 0 5 12 0 0 0 8 0 31 32 0 34 0 36 27 25 29 30 28 0 
0 7 0 12 8 9 0 4 6 2 0 5 28 27 25 30 26 29 36 33 0 31 32 35 0 20 21 0 0 24 15 13 0 18 16 0 
17 13 16 18 0 0 0 0 0 8 0 11 34 0 31 36 0 0 6 0 0 0 2 0 0 0 0 28 0 30 21 19 23 0 0 20 
0 0 28 0 26 0 19 0 0 0 21 23 10 9 7 12 8 11 0 15 16 0 14 0 1 2 3 4 5 6 0 0 35 36 0 0 
35 31 34 36 32 33 0 0 30 0 0 29 16 15 13 18 0 0 24 21 22 19 0 23 0 8 9 10 11 12 3 1 5 6 0 2 
30 0 29 31 27 0 20 0 0 0 22 24 11 0 0 0 0 0 0 16 17 0 15 0 0 3 0 5 6 0 34 0 0 0 0 33 
0 20 23 0 21 0 14 0 0 0 0 18 5 0 2 0 0 6 13 10 0 8 9 0 32 0 0 35 36 1 28 26 30 31 0 27 
36 32 0 0 0 34 26 29 31 0 28 30 17 0 0 0 0 18 25 22 0 20 0 0 8 0 0 11 12 13 4 0 6 7 0 3 
18 0 17 0 15 16 8 11 0 9 10 12 35 0 32 1 0 0 0 0 5 2 3 0 26 27 28 29 30 0 22 20 24 0 23 0 
0 8 0 13 9 10 2 5 7 3 0 0 29 0 26 31 27 0 0 34 0 32 33 0 0 21 0 23 24 25 0 14 0 19 0 15 
6 0 5 7 0 0 0 0 0 33 0 36 0 22 0 25 21 24 31 28 29 0 27 0 14 15 0 0 0 19 10 0 12 0 11 9 
0 0 2 0 0 0 0 32 34 30 0 33 20 19 17 22 18 0 0 25 26 23 0 27 0 0 13 0 15 0 0 0 9 10 0 0 
27 0 26 0 24 0 17 20 22 18 19 21 8 0 5 0 6 9 0 0 14 0 12 15 35 36 1 0 3 0 0 29 33 34 32 30 
0 17 0 0 18 0 0 14 16 12 13 15 2 1 35 4 36 3 0 0 8 5 6 9 0 30 0 32 0 34 25 23 27 28 26 0 
0 5 8 0 6 7 0 0 0 36 1 3 0 0 23 0 0 27 0 31 32 29 0 0 0 18 19 0 21 0 13 11 15 16 0 0 
15 11 14 16 0 13 5 8 10 6 0 9 32 31 0 0 0 0 4 1 0 35 36 0 0 24 25 0 27 0 19 17 0 22 20 18 
33 0 32 0 0 0 23 26 28 0 25 27 14 0 11 16 0 0 22 19 20 0 18 21 5 6 0 8 9 10 1 35 3 0 2 0 
0 0 9 11 7 8 36 3 5 0 0 4 27 26 24 0 0 28 35 32 33 0 31 0 18 0 20 21 22 23 14 12 16 17 15 13 
0 12 15 0 13 14 6 9 11 0 8 0 0 0 30 0 31 34 5 0 0 36 1 0 24 25 0 0 28 29 0 0 22 23 21 0 
28 24 0 0 25 26 0 21 0 19 20 0 9 8 6 11 0 10 0 0 15 12 0 16 0 1 0 3 4 5 32 30 0 35 33 0 
0 0 0 0 0 2 0 33 0 0 32 34 0 0 18 23 19 0 0 0 0 24 0 28 0 13 14 15 0 17 8 6 0 0 0 0 
22 18 0 0 0 20 0 0 17 13 0 16 3 0 36 5 1 4 11 0 9 0 7 10 0 31 32 33 0 0 26 24 28 0 27 25 
34 30 33 35 31 32 24 27 29 25 0 0 15 0 12 17 13 16 23 20 0 18 0 22 6 7 0 9 0 11 0 36 4 5 3 0 
32 0 0 33 29 0 22 25 27 0 24 26 0 12 10 0 11 14 21 18 19 16 17 20 0 5 6 7 0 9 0 34 2 3 0 0 
14 0 0 0 0 12 4 0 9 0 6 0 31 30 0 0 0 0 3 36 0 0 0 2 0 0 0 25 0 0 18 0 20 0 0 0 
20 16 19 21 0 0 0 13 15 0 12 14 0 36 0 0 35 2 9 6 0 0 0 0 0 29 30 31 0 0 24 22 26 27 0 0 
26 22 0 0 23 24 16 0 21 17 18 20 0 0 4 9 0 8 0 0 13 10 11 14 0 0 0 1 0 0 0 28 32 0 31 0 
0 4 7 0 5 6 0 1 3 0 36 0 25 0 0 27 23 26 33 30 0 0 29 32 16 17 18 19 0 0 12 10 14 15 13 0 
2 34 0 3 0 36 0 31 0 0 30 0 19 18 0 21 0 20 0 24 0 22 0 26 10 11 0 13 14 15 6 0 8 0 0 5 
1 33 0 2 0 0 27 0 0 28 0 31 18 17 15 20 0 0 26 23 24 21 22 0 9 10 0 12 13 0 0 3 7 0 0 4 
0 0 0 0 22 23 0 0 20 0 17 19 6 5 3 0 4 0 14 11 12 9 10 13 0 0 0 36 1 2 0 27 0 0 30 28 
19 0 18 20 0 0 0 12 14 0 11 13 36 35 0 2 0 0 0 5 6 0 0 7 27 0 29 0 31 0 23 21 25 0 24 0 
13 9 0 14 10 11 0 6 0 4 5 7 30 0 0 32 28 31 0 35 0 0 34 0 0 22 23 24 0 26 17 15 0 20 18 0 
0 0 0 32 0 29 21 24 26 22 23 0 12 11 9 14 0 13 20 0 0 15 0 19 0 4 0 6 7 0 35 33 0 0 36 0 
7 0 0 0 4 0 33 36 0 34 0 1 24 23 21 26 22 25 0 29 30 27 28 31 0 0 0 18 19 0 11 9 13 14 12 0 
