6
0 0 21 0 0 24 18 0 15 13 14 0 0 11 0 0 8 10 0 0 4 2 0 0 0 31 32 33 35 34 26 0 27 0 25 30 
31 32 0 0 0 36 30 28 0 25 26 29 21 23 24 19 20 22 0 0 0 14 0 0 12 0 8 0 11 10 0 0 0 4 1 0 
13 0 15 0 17 18 0 10 9 7 8 11 0 5 6 1 0 0 31 0 34 0 0 0 30 25 26 0 0 28 0 23 21 0 0 24 
0 2 0 0 0 0 36 34 33 31 0 35 0 0 0 0 0 0 0 23 22 20 0 0 18 13 0 0 17 0 0 11 9 0 0 12 
7 8 9 0 11 12 6 4 3 1 2 0 33 35 0 31 32 0 25 29 0 0 27 30 24 19 20 21 23 0 14 17 15 16 13 18 
25 26 0 28 0 30 24 22 21 19 20 23 15 17 0 13 0 16 7 11 10 8 9 12 0 0 2 3 0 0 0 0 33 34 31 36 
29 0 31 32 33 34 0 0 25 0 24 0 19 0 0 17 18 0 11 15 0 12 13 0 10 5 6 0 9 8 36 0 0 2 35 4 
23 0 0 26 27 0 0 0 0 17 0 0 0 15 16 11 12 0 0 0 0 6 0 10 0 0 36 1 3 2 30 0 0 32 29 0 
35 0 0 2 3 4 0 0 31 0 30 0 0 0 28 23 24 0 17 21 0 0 19 0 16 11 0 13 0 14 6 9 0 8 0 10 
0 0 0 0 9 0 4 2 1 0 0 3 0 0 34 29 30 32 23 27 0 24 25 28 0 17 0 19 21 20 0 15 13 0 0 16 
17 0 19 0 21 0 16 0 0 0 12 0 7 9 0 0 6 8 35 0 0 36 1 4 34 0 30 0 33 32 24 0 0 0 23 28 
0 12 13 0 15 16 10 8 7 0 6 9 0 0 0 35 36 2 0 33 32 30 31 34 0 0 24 0 0 26 18 0 19 20 0 0 
2 3 4 5 6 7 1 35 34 32 33 36 0 30 0 26 27 29 20 0 0 0 22 25 19 14 0 0 18 17 0 0 0 11 0 13 
8 9 10 0 12 13 0 0 0 2 0 6 0 36 0 0 33 35 0 30 0 0 0 31 25 0 21 0 0 23 15 18 0 0 14 19 
32 0 34 35 36 1 31 29 28 0 0 30 22 24 25 0 0 0 14 0 0 0 16 0 13 8 9 10 12 11 0 6 0 5 2 0 
0 21 22 23 24 25 0 17 0 14 15 18 10 12 13 8 9 11 2 0 0 0 4 0 0 32 0 34 0 0 0 0 0 0 0 0 
0 15 0 17 0 19 13 11 10 8 0 12 0 0 0 2 3 5 32 0 35 33 0 0 0 26 27 28 30 0 0 0 0 23 0 25 
0 0 0 0 0 0 25 23 0 20 21 24 16 0 19 14 0 0 0 12 0 9 10 13 0 0 3 4 6 0 33 36 0 35 32 0 
0 0 0 18 19 20 14 12 11 0 10 13 0 0 8 3 0 0 0 1 0 34 0 0 32 0 28 0 0 30 0 25 0 24 21 0 
0 0 0 24 0 0 20 18 0 0 16 0 11 0 14 0 10 12 0 0 6 4 5 0 2 0 34 0 0 36 28 31 29 30 0 0 
33 34 0 0 1 0 32 30 29 0 0 0 23 25 26 0 22 0 0 0 0 16 17 0 14 0 0 11 13 12 0 0 5 0 0 8 
9 0 0 12 0 14 8 6 5 3 0 0 35 0 2 0 34 36 27 0 30 0 29 32 0 0 22 23 0 24 0 0 17 18 15 0 
0 0 0 0 0 32 26 0 23 0 22 0 17 0 20 15 0 0 9 13 12 0 11 0 8 0 4 0 0 6 0 1 0 36 0 2 
3 4 0 6 7 8 0 0 35 33 34 0 0 0 32 27 28 30 0 0 0 22 0 0 0 15 0 0 0 18 0 0 11 12 9 0 
0 11 0 0 14 0 0 7 0 4 5 0 36 0 3 0 0 1 28 32 0 29 30 33 27 0 23 24 0 25 17 20 18 19 16 0 
22 23 24 25 26 0 0 0 0 16 0 20 12 0 15 10 11 13 4 0 0 0 0 9 0 0 35 36 0 0 0 0 0 0 28 0 
0 5 6 0 0 9 3 0 36 34 0 2 30 32 33 28 29 0 0 26 25 0 24 0 21 16 17 18 20 0 11 14 12 13 10 0 
16 0 18 19 20 21 0 0 0 10 11 0 0 8 0 4 0 0 34 2 0 0 36 3 0 28 0 30 32 0 23 26 24 0 22 0 
34 35 36 0 2 3 33 0 30 0 0 0 24 26 27 0 23 0 16 20 0 17 18 0 15 10 0 12 14 13 0 0 0 7 0 9 
28 29 30 31 32 33 27 25 24 22 23 26 18 20 0 0 17 19 10 14 13 11 0 0 9 0 0 6 8 0 0 2 36 0 0 3 
0 0 32 33 0 35 29 27 0 0 0 28 0 0 23 18 19 0 12 16 0 0 14 17 0 6 7 8 0 9 1 4 2 3 36 0 
18 19 20 0 22 23 17 15 14 12 13 0 8 10 0 6 0 0 0 0 3 1 2 0 35 30 0 32 34 33 25 28 0 0 24 29 
6 0 8 9 0 11 0 0 0 0 0 0 32 34 0 30 31 0 0 28 0 25 0 0 0 18 0 0 22 21 0 0 14 0 12 0 
0 13 14 15 16 0 0 9 8 6 0 10 0 4 5 36 1 3 30 0 33 0 32 35 29 0 0 0 28 0 0 22 20 21 0 23 
24 25 26 27 28 0 23 0 20 18 19 22 0 0 0 0 13 15 6 10 9 0 8 11 5 36 0 0 0 3 31 0 0 33 30 35 
36 0 2 0 4 5 35 0 0 30 0 34 0 28 29 24 0 27 0 22 21 19 0 23 17 0 13 14 0 15 7 10 8 0 6 0 
