6
0 0 2 1 0 0 0 12 13 15 0 11 0 25 0 28 24 23 0 0 0 7 10 5 34 0 0 29 0 0 19 20 18 22 0 17 
0 5 8 7 0 9 20 18 0 21 22 0 33 0 0 34 30 0 12 15 14 0 16 11 4 2 0 35 36 0 25 26 24 28 0 23 
0 17 20 19 18 0 32 30 0 33 34 0 0 7 0 10 6 0 24 0 26 0 28 23 16 0 13 11 12 0 0 2 36 0 3 35 
0 29 0 31 30 0 8 0 7 9 0 5 21 19 20 0 18 0 0 0 0 0 0 35 28 26 25 23 0 27 0 14 12 16 0 11 
16 11 14 13 0 0 26 24 25 27 28 0 3 0 2 0 0 0 18 21 20 19 22 0 10 0 7 5 6 0 31 32 0 0 0 29 
28 0 0 25 24 27 2 36 1 3 0 0 0 0 14 0 12 11 0 0 32 0 34 29 22 20 0 17 18 21 0 8 0 10 0 5 
36 31 0 0 0 35 10 8 0 11 12 7 0 21 22 0 20 19 0 5 0 3 0 0 30 0 0 25 0 29 0 16 14 0 17 0 
12 0 10 9 8 0 0 20 0 0 24 19 0 33 34 0 0 0 0 17 16 15 18 0 6 4 3 1 2 0 27 0 0 0 29 0 
18 0 0 15 14 17 28 26 27 0 0 0 0 3 4 6 0 1 20 0 22 21 24 19 0 10 9 0 8 11 0 34 0 36 35 31 
24 0 0 21 20 0 0 0 0 0 36 0 11 0 10 0 8 0 0 29 28 27 30 25 18 16 15 13 14 17 3 4 0 6 5 0 
0 25 28 27 26 0 0 0 3 5 6 1 17 0 16 0 14 13 0 35 34 0 36 31 0 0 21 0 0 0 9 10 0 0 11 0 
6 0 0 3 2 5 16 0 15 0 18 0 0 27 28 0 26 25 0 11 10 9 12 0 0 0 0 0 0 35 21 22 0 24 23 0 
31 26 29 0 0 0 5 0 4 6 7 0 18 0 17 19 0 0 33 36 35 34 1 32 25 0 22 20 21 24 10 0 9 13 12 8 
7 2 5 0 3 6 17 15 16 0 0 14 30 28 0 0 27 26 9 12 0 0 13 0 1 0 34 32 33 36 0 23 21 25 24 20 
1 32 35 0 33 36 11 0 10 12 0 8 0 22 0 25 21 20 3 6 5 4 7 0 31 29 0 0 27 0 0 17 15 19 0 0 
0 14 0 16 0 0 29 0 28 30 31 26 0 0 5 0 3 0 21 24 23 22 0 20 0 11 10 0 0 12 34 35 33 0 0 32 
0 0 11 10 9 12 0 21 22 24 25 0 0 0 35 1 33 32 15 18 0 0 19 14 7 0 0 2 3 6 0 29 0 0 0 26 
25 0 0 22 21 24 35 0 0 36 0 32 0 10 11 13 9 0 27 0 0 0 31 26 19 17 0 14 0 18 4 0 3 0 6 2 
0 21 24 23 22 25 36 34 0 1 2 33 0 11 12 0 10 9 0 31 0 29 0 27 20 18 17 15 16 19 5 0 0 8 7 3 
32 27 30 29 0 0 0 4 0 7 0 3 19 0 18 20 0 0 0 1 0 35 0 0 26 24 0 21 22 0 11 0 0 14 13 0 
8 0 6 5 4 0 0 0 17 0 0 15 31 0 0 32 28 0 10 13 0 11 0 9 0 0 35 33 34 1 23 0 0 26 0 21 
2 0 36 35 34 1 0 10 0 0 0 9 0 0 0 0 22 0 0 0 0 5 8 0 32 30 29 27 0 31 17 18 0 0 19 15 
14 0 0 11 10 13 0 22 23 0 26 21 1 0 0 0 34 0 16 0 0 0 20 0 0 6 5 0 0 7 0 30 28 32 0 0 
20 15 18 17 0 19 30 0 29 31 0 27 7 5 6 8 4 3 22 25 24 0 0 21 14 12 11 0 10 0 0 36 0 0 0 33 
0 0 0 0 29 0 7 5 6 0 0 4 0 18 0 21 17 16 35 2 0 0 3 34 27 25 0 22 23 0 12 13 0 0 14 0 
3 0 1 36 35 2 0 11 12 0 15 10 26 24 0 27 0 22 5 0 0 6 0 0 0 31 30 28 29 32 18 0 0 21 20 0 
9 4 7 6 0 0 19 0 18 20 0 0 32 30 31 33 0 0 11 0 13 0 15 0 0 1 36 0 35 0 0 0 0 27 0 0 
21 0 19 18 17 20 0 29 30 32 33 28 0 6 7 9 5 0 23 0 25 24 27 0 15 13 0 10 0 0 36 1 0 3 2 0 
27 0 0 0 0 0 0 35 0 2 3 0 14 12 0 0 0 10 0 32 31 30 0 0 0 0 18 16 17 0 0 0 0 0 0 0 
0 10 0 0 11 0 0 23 0 26 27 0 2 36 1 3 35 0 0 20 0 0 0 0 9 7 6 4 0 8 0 0 29 0 32 28 
0 36 0 0 1 4 15 13 0 0 17 12 28 26 27 29 25 0 7 0 0 0 11 6 0 0 32 0 0 0 0 21 19 0 0 0 
0 18 0 0 19 0 33 0 32 34 0 0 10 0 9 0 7 0 0 0 27 0 29 24 0 0 14 12 13 16 0 0 1 5 4 36 
29 0 0 0 25 0 3 1 2 4 5 0 0 14 0 0 0 12 0 34 0 32 35 0 23 21 20 18 19 0 8 9 0 0 10 0 
0 0 15 14 0 0 0 25 26 28 29 0 0 2 0 0 0 36 0 22 21 0 0 18 0 9 8 0 7 10 32 33 31 35 0 0 
11 0 9 8 0 0 21 0 20 22 23 0 0 32 33 35 0 0 13 16 15 0 17 12 0 0 2 36 0 4 0 27 25 0 28 24 
0 0 0 0 31 34 0 7 8 10 11 0 0 20 21 23 0 0 1 0 3 0 5 36 29 27 26 24 25 28 14 0 13 17 16 12 
