6
0 31 32 34 0 0 0 0 36 0 5 0 0 0 0 29 25 27 0 23 0 22 20 21 10 9 11 0 8 0 17 0 0 12 0 13 
0 13 0 16 17 12 20 0 18 19 0 22 0 8 6 11 0 9 0 0 36 4 0 0 0 0 29 0 26 24 35 0 0 30 0 0 
9 0 8 0 11 0 0 15 0 13 0 16 4 2 36 5 0 3 31 35 30 34 32 0 22 0 23 0 20 0 29 28 26 24 0 0 
0 25 26 0 29 0 32 0 30 0 0 34 0 20 0 23 19 21 13 17 0 16 0 0 0 0 5 0 2 36 11 0 0 0 0 7 
21 0 0 0 0 18 0 0 24 25 29 28 16 14 12 0 13 15 0 0 6 10 0 0 0 0 35 31 0 0 5 0 2 0 3 1 
3 1 0 4 5 36 8 9 6 7 0 10 34 32 0 35 31 0 0 29 0 28 0 0 16 15 0 13 14 12 0 22 0 18 0 0 
22 20 21 23 0 0 27 0 25 26 30 29 0 0 13 0 0 16 0 12 7 11 0 10 35 0 0 32 33 0 0 5 0 0 0 2 
0 26 27 0 0 0 33 34 31 32 0 35 23 0 0 0 20 22 14 0 0 17 15 16 5 4 6 0 0 1 0 0 9 0 10 0 
4 2 0 0 6 0 9 10 0 8 12 11 35 33 31 0 0 0 26 0 25 29 27 28 17 16 18 14 0 13 24 23 21 19 22 20 
34 0 0 35 36 0 3 4 1 0 6 0 0 27 25 0 26 0 20 24 19 23 0 22 11 10 0 8 9 0 0 0 15 0 16 14 
10 0 9 0 12 7 15 16 13 0 0 0 5 3 1 6 2 0 0 36 0 35 0 0 23 22 0 20 21 19 30 29 27 0 28 26 
0 14 15 17 18 13 21 22 0 20 24 23 11 9 7 12 8 10 0 6 0 0 0 0 0 0 30 0 27 25 36 35 0 31 34 32 
14 12 0 15 16 0 0 0 0 18 22 21 0 0 5 0 6 0 0 0 35 0 0 0 27 26 28 0 25 0 0 0 31 29 32 0 
26 24 0 27 0 0 31 32 29 30 34 33 0 19 17 22 18 20 12 0 11 15 13 14 3 0 4 36 1 35 10 0 0 0 0 0 
0 0 1 0 4 0 7 8 0 6 0 0 33 0 0 0 30 0 24 0 23 0 25 26 15 14 16 12 13 0 22 0 19 17 20 18 
20 18 0 21 0 17 25 0 23 24 0 27 0 13 11 16 0 0 0 0 0 9 7 8 0 32 0 0 0 29 0 3 1 35 0 36 
0 30 0 33 34 29 1 2 0 36 4 3 27 25 0 0 24 26 0 22 17 0 19 20 0 0 0 6 0 5 0 15 0 0 14 12 
8 6 7 0 10 5 13 14 0 0 16 15 3 1 35 4 36 0 0 34 29 0 0 32 0 20 22 18 19 0 28 27 25 23 26 0 
0 0 10 0 0 0 0 17 0 0 19 0 0 4 2 7 3 0 33 0 0 0 34 35 0 0 0 21 0 0 31 30 28 26 29 27 
5 3 4 6 0 2 10 11 0 9 13 0 0 34 32 1 33 35 27 0 26 30 0 29 18 17 19 15 0 14 25 24 22 20 23 0 
23 0 0 24 0 20 0 29 26 27 0 0 18 16 14 0 15 17 9 13 8 12 0 0 36 35 1 0 34 0 0 0 4 2 0 3 
17 0 16 0 19 0 22 23 20 0 25 24 0 10 8 13 9 11 0 7 0 6 4 5 0 0 0 27 0 26 1 0 0 32 35 33 
35 33 0 36 1 32 4 0 0 0 7 6 0 0 0 0 27 29 0 25 20 24 22 23 12 0 0 9 0 0 19 18 16 14 0 15 
0 0 0 30 31 26 34 35 0 33 0 36 24 0 0 25 21 0 15 19 14 0 16 17 6 0 7 0 4 2 13 12 10 0 0 9 
0 28 29 0 0 27 0 36 33 34 2 0 25 23 0 26 0 0 0 0 15 19 17 18 7 6 0 4 5 3 14 13 0 9 12 10 
18 0 17 19 20 0 23 24 21 22 26 25 0 11 9 14 10 12 4 0 0 7 5 6 0 30 0 0 0 27 2 1 35 33 36 34 
36 34 35 1 2 33 0 0 0 4 8 7 31 29 27 32 28 30 0 26 21 25 0 24 0 12 14 10 11 0 20 19 17 15 0 0 
24 0 23 25 26 0 29 0 27 28 32 0 0 0 15 0 16 18 10 14 9 13 11 12 0 0 2 0 0 0 8 7 5 0 0 4 
12 10 0 13 0 9 17 0 15 0 0 19 7 0 3 0 4 0 34 2 0 0 35 36 0 0 26 22 0 21 32 31 29 27 0 28 
0 4 0 7 8 3 11 12 9 10 14 13 1 35 0 2 34 36 28 32 27 31 29 30 19 18 0 16 17 15 0 25 23 0 24 22 
25 23 0 26 27 22 0 31 28 29 33 32 20 0 0 21 17 0 0 15 10 0 12 13 0 1 3 35 36 34 9 8 6 4 0 0 
19 0 18 20 21 16 0 25 22 23 27 26 14 0 10 0 0 13 5 0 0 0 0 0 32 31 0 0 30 28 3 2 36 34 1 0 
13 11 12 0 15 0 18 19 16 0 21 20 0 6 0 9 5 7 0 0 0 2 36 0 0 0 27 23 0 0 0 32 30 28 0 0 
31 29 30 32 0 28 36 0 0 0 3 0 26 24 22 27 23 0 17 21 0 20 0 19 0 7 9 5 6 4 0 14 12 0 0 11 
0 0 6 0 0 0 12 13 0 0 15 0 2 36 0 3 35 1 29 33 28 32 0 0 20 19 0 17 18 0 0 0 24 22 25 23 
1 0 0 0 3 34 0 0 0 0 9 8 32 30 28 33 29 31 23 27 0 0 24 0 14 13 15 11 12 0 0 0 0 16 0 17 
