6
0 36 34 0 1 35 28 32 0 30 0 29 19 0 21 18 0 17 0 11 0 0 15 10 6 8 0 0 0 0 0 24 22 25 0 26 
0 24 0 26 0 23 0 20 19 18 21 0 7 4 9 6 8 5 2 35 36 1 0 34 0 32 0 31 33 0 15 12 0 13 0 14 
0 0 28 32 0 29 0 26 25 0 0 23 0 10 0 0 14 11 8 5 6 0 0 4 0 2 35 1 0 0 21 0 16 19 17 20 
0 0 16 20 19 0 10 0 0 0 15 11 0 0 0 36 2 35 32 0 30 0 0 28 0 26 23 25 27 22 0 0 4 7 5 0 
15 12 10 14 0 11 0 8 7 6 0 5 31 0 0 30 32 0 0 0 0 25 27 0 18 20 0 19 0 16 0 36 34 1 35 0 
9 0 0 0 0 0 34 0 1 0 3 35 0 0 0 24 26 23 0 17 0 19 21 16 12 0 0 0 15 0 33 30 28 31 29 0 
2 35 33 1 36 34 0 0 0 0 32 28 0 0 20 0 0 16 13 10 0 12 14 9 5 0 0 6 0 3 26 23 0 0 22 25 
8 5 3 7 6 4 33 0 0 0 2 34 24 21 0 0 25 22 19 16 17 0 20 0 0 13 10 0 14 9 32 29 27 30 28 0 
0 17 15 19 0 16 9 13 12 11 14 10 36 0 0 0 1 34 0 0 0 30 0 0 23 25 22 0 0 21 8 5 3 0 4 7 
32 29 0 31 0 0 21 25 24 23 0 0 0 0 14 11 13 0 0 0 5 6 0 3 35 1 0 0 2 0 20 17 0 18 0 19 
26 23 21 25 0 0 15 19 18 17 0 16 0 3 8 5 0 0 1 0 35 0 0 0 29 0 28 0 32 0 0 0 9 12 0 13 
0 11 9 0 12 0 0 7 0 5 0 4 30 0 0 29 31 0 0 22 23 24 26 21 17 19 0 0 0 15 2 0 0 36 34 0 
0 16 14 18 0 15 8 0 0 0 13 9 35 32 0 0 36 0 30 27 0 0 31 0 22 24 0 23 25 0 0 4 2 0 3 6 
0 4 0 0 5 3 32 0 35 34 0 33 23 0 25 22 24 21 0 0 16 17 0 0 0 0 9 11 0 0 31 28 26 0 27 0 
0 0 20 24 23 0 0 18 0 16 19 0 0 2 7 4 0 3 36 0 0 0 1 32 28 30 27 29 31 26 0 0 0 11 9 12 
0 34 0 36 0 0 26 30 29 0 31 0 17 14 0 16 18 15 0 9 10 0 13 8 4 6 3 5 7 0 25 22 20 23 21 0 
0 0 0 30 29 0 20 24 23 22 25 21 11 8 0 0 0 9 6 3 4 5 7 2 34 36 33 0 0 32 0 16 0 17 0 18 
0 10 8 0 11 9 2 6 0 0 7 3 29 26 31 28 30 27 0 21 22 23 0 0 16 18 0 17 19 0 1 34 32 0 33 0 
23 20 18 22 21 19 12 0 15 0 0 13 3 0 0 0 4 1 34 0 0 33 35 0 26 28 25 27 29 24 11 8 6 9 7 10 
0 2 0 0 3 0 30 0 33 32 35 31 21 18 0 0 0 0 0 13 0 15 17 12 0 10 7 9 0 6 29 26 24 0 0 28 
0 0 24 28 0 25 18 22 21 20 23 19 9 0 11 8 10 0 4 1 0 3 5 36 32 34 31 33 0 30 17 0 0 0 13 16 
11 0 0 10 9 7 36 4 3 2 0 1 27 24 29 0 28 25 0 19 20 21 23 0 14 16 0 0 0 12 0 0 30 33 0 34 
0 0 30 34 33 31 0 28 27 0 0 25 0 12 17 14 16 13 0 7 0 9 11 0 0 0 1 3 5 36 0 20 18 21 19 22 
0 0 0 0 15 0 6 0 0 8 11 0 0 0 0 32 0 31 0 0 0 0 29 24 20 0 0 21 23 18 0 2 36 3 1 4 
18 15 0 17 16 14 7 11 0 9 12 8 34 31 36 33 0 0 29 0 27 28 0 25 21 23 20 0 24 0 6 3 0 4 2 5 
0 0 0 23 22 0 13 17 16 0 18 0 4 0 6 3 5 2 0 0 33 34 0 31 0 0 0 0 0 25 0 0 0 0 8 11 
30 0 0 29 28 26 0 0 22 0 24 20 10 7 0 0 0 0 5 2 3 0 0 1 0 35 0 0 36 0 0 15 0 16 0 17 
0 33 31 35 34 32 25 0 28 0 30 26 0 13 18 0 0 0 11 8 0 10 0 0 0 5 0 0 6 0 24 0 0 22 0 0 
6 3 0 0 4 2 31 35 34 0 0 32 0 0 0 21 0 0 0 14 15 0 18 13 9 0 0 0 0 7 30 0 0 0 26 29 
0 0 7 11 0 0 0 5 4 3 6 2 28 25 30 27 29 26 0 20 0 22 24 19 15 17 14 16 18 0 36 33 31 34 0 0 
28 25 23 27 26 24 0 21 20 0 22 0 8 5 10 0 0 0 0 0 0 2 4 0 0 33 0 32 34 29 16 13 0 14 12 15 
10 7 5 0 0 6 35 3 2 1 4 0 26 23 0 25 27 24 0 18 19 0 0 17 0 15 0 14 16 0 34 31 29 0 0 33 
0 0 0 0 14 12 5 9 0 7 10 6 0 29 34 31 33 30 0 24 0 26 0 0 19 0 18 20 22 17 0 0 0 0 0 0 
34 0 29 0 32 30 23 27 0 25 28 0 14 0 16 0 0 12 9 6 0 8 0 5 0 3 36 2 0 35 22 0 0 20 18 0 
4 1 35 0 2 36 29 33 32 0 0 30 20 0 0 19 0 18 0 0 0 0 0 11 7 9 6 0 0 5 0 0 23 0 0 27 
22 0 17 21 20 0 11 0 14 13 16 0 0 35 4 1 3 36 0 30 31 0 34 29 25 27 24 26 0 23 0 0 0 8 6 9 
