6
31 0 34 32 35 33 0 0 23 20 0 22 9 0 11 7 0 0 4 1 0 6 0 5 0 14 17 0 15 13 25 30 27 26 0 29 
13 18 16 14 0 15 0 1 5 0 3 0 0 0 29 25 0 28 0 0 0 24 0 23 34 0 35 36 0 31 0 12 9 0 10 11 
0 0 28 26 29 27 0 0 17 0 0 0 3 0 5 1 6 4 0 0 33 36 32 35 0 8 0 0 0 7 19 24 21 20 22 23 
0 24 0 0 23 0 12 7 11 8 9 10 33 32 35 31 36 34 28 0 0 30 26 0 0 2 5 6 3 1 0 18 0 14 16 17 
0 0 0 0 0 0 0 0 29 26 0 0 15 14 0 0 18 16 0 0 0 0 8 11 0 20 23 0 0 19 31 36 33 0 34 0 
7 12 10 0 11 9 36 31 0 32 33 34 21 0 23 0 24 0 0 13 15 0 14 17 28 0 29 30 0 25 0 6 0 2 4 0 
27 32 30 28 0 0 20 15 19 16 0 0 5 0 7 0 0 6 36 33 0 2 0 0 12 10 13 14 11 0 21 26 0 0 24 0 
0 8 6 4 7 5 32 27 31 28 0 30 17 0 0 0 0 18 12 9 0 14 0 13 24 0 0 26 23 0 0 0 35 34 0 0 
0 20 18 16 0 17 8 0 7 4 5 6 29 28 31 27 0 30 24 21 23 0 22 25 0 0 1 0 35 0 9 14 11 10 12 13 
9 0 12 0 13 11 2 0 1 34 0 0 23 22 25 0 0 24 18 15 0 20 0 19 30 28 0 32 29 27 3 8 0 0 6 7 
0 2 36 0 1 35 26 0 0 0 23 24 11 0 13 9 0 12 6 0 5 8 4 7 18 16 19 20 17 15 27 32 29 0 30 31 
0 0 0 22 0 0 14 9 0 0 11 12 0 34 0 33 2 36 30 0 29 32 28 31 6 4 7 8 0 0 15 20 0 0 18 0 
28 33 31 29 32 30 0 16 20 0 18 0 0 0 0 4 9 7 1 34 36 0 0 0 0 11 0 0 12 10 0 0 24 0 0 26 
10 0 0 11 14 12 0 0 2 0 36 1 24 23 26 22 0 0 0 16 0 21 0 0 31 0 32 0 30 0 4 0 6 5 7 8 
4 0 0 0 8 0 33 28 0 29 0 0 18 17 20 16 21 0 0 0 0 0 0 0 25 23 0 0 24 0 0 3 0 0 1 2 
0 27 0 23 26 0 0 0 0 11 0 0 36 0 0 0 3 1 31 28 0 33 29 0 7 5 0 9 6 4 0 21 18 17 19 0 
16 21 0 17 20 0 9 4 8 0 0 0 0 29 0 28 0 0 25 22 24 27 23 26 0 35 0 3 0 0 0 0 0 11 13 0 
34 3 1 0 2 36 0 22 26 23 24 25 0 11 14 10 15 0 7 0 0 9 0 8 19 0 20 0 18 16 28 0 0 0 31 0 
18 23 21 19 0 20 11 6 10 7 0 9 0 0 0 30 35 0 0 24 26 29 25 28 3 1 0 0 0 0 12 0 0 13 0 0 
0 0 0 0 0 14 5 36 0 1 0 0 0 25 28 24 0 27 21 18 20 23 19 0 33 31 0 35 32 30 6 11 0 0 9 10 
6 11 9 0 0 8 35 0 34 31 32 33 0 19 22 18 0 21 15 0 14 0 0 16 27 0 0 0 0 24 36 5 0 1 3 4 
36 0 0 1 4 2 0 24 0 0 0 27 0 0 16 12 17 15 9 0 8 0 7 10 0 19 0 23 20 18 30 0 0 31 33 0 
0 29 0 0 28 0 0 0 16 13 0 15 0 0 4 36 5 0 33 30 32 35 31 34 0 7 10 0 8 6 0 23 20 19 21 22 
30 35 33 31 0 0 23 18 0 19 20 0 0 7 10 6 0 9 3 0 0 0 0 0 0 13 16 0 14 12 24 29 0 25 27 28 
0 7 5 0 6 4 31 26 30 27 28 29 0 15 18 14 19 17 0 8 10 13 9 0 0 0 24 25 0 20 0 0 0 33 0 36 
0 19 0 0 18 16 7 2 6 3 4 5 28 27 30 26 0 29 0 20 22 25 21 0 35 33 36 1 34 32 8 0 0 9 11 12 
20 0 0 21 0 22 13 0 12 0 10 11 34 0 36 32 0 35 0 26 28 31 27 30 0 3 6 7 4 0 14 19 16 0 0 18 
32 0 35 33 0 0 0 20 24 0 22 23 10 9 12 0 13 11 0 2 0 7 3 0 17 15 0 19 16 0 0 31 0 27 0 30 
8 13 11 0 12 0 1 32 36 33 0 35 22 21 24 0 25 0 17 0 0 19 0 18 29 27 30 0 28 0 0 0 0 3 5 6 
26 0 29 27 30 28 19 0 0 15 16 0 4 0 0 0 7 0 35 0 34 0 33 36 11 9 12 13 0 0 20 25 22 0 23 0 
0 0 32 30 33 0 0 17 21 18 0 20 7 0 9 0 10 8 2 35 1 4 36 0 14 12 15 0 0 11 23 28 0 24 26 27 
5 0 8 0 9 7 0 0 33 30 31 32 0 18 21 17 0 20 0 0 0 0 0 15 26 24 0 0 25 0 0 4 0 0 2 0 
35 0 2 36 3 1 28 0 0 24 25 26 0 12 15 11 16 14 8 0 7 10 6 0 20 18 0 22 0 17 29 34 31 30 0 33 
23 0 26 0 27 25 0 11 15 0 0 0 1 36 0 0 4 2 0 0 31 34 0 0 8 0 0 10 0 5 17 0 0 18 0 0 
0 0 0 0 21 0 10 0 0 0 0 8 0 0 33 29 34 0 26 23 25 0 0 0 0 36 3 0 0 35 11 16 13 0 0 0 
11 16 14 0 0 0 4 35 0 36 1 2 25 24 0 23 0 26 20 17 19 22 0 0 32 0 33 34 0 29 0 10 0 6 8 0 
