6
0 14 0 0 17 18 0 24 0 25 0 0 31 28 27 29 30 0 0 0 0 0 8 10 0 0 0 35 0 1 5 0 6 4 2 7 
0 8 9 13 11 12 14 18 15 0 16 0 25 22 21 0 24 0 5 6 7 3 2 4 27 0 0 29 26 31 0 33 36 0 32 0 
22 0 0 25 23 24 0 30 27 31 0 29 0 34 33 35 36 32 17 0 19 0 14 0 3 0 6 0 2 7 11 9 0 10 8 13 
0 0 3 0 5 6 8 0 9 13 0 0 0 0 15 0 18 0 35 0 1 33 0 34 21 0 24 0 20 25 29 0 0 28 26 31 
0 0 0 31 0 0 32 0 0 0 0 0 7 4 0 0 6 2 23 24 0 0 0 22 9 0 12 0 8 0 0 15 18 0 14 0 
0 0 33 1 0 0 2 6 3 7 0 5 13 10 9 11 12 0 0 30 0 0 0 28 15 16 18 17 0 0 23 0 24 22 20 25 
5 0 4 8 6 0 0 13 10 0 0 12 0 17 0 18 0 0 36 1 2 34 0 35 22 23 0 24 0 26 0 0 31 29 27 0 
0 15 16 0 18 19 21 0 22 26 0 24 0 0 28 30 31 0 12 0 0 10 9 0 0 35 1 36 33 2 6 0 7 0 3 0 
0 33 0 0 36 1 3 0 4 0 5 6 0 11 10 12 13 9 0 0 32 0 0 29 16 17 19 0 15 0 0 0 0 0 0 26 
0 0 0 14 12 13 15 0 0 20 17 18 0 23 22 24 25 21 0 7 0 4 3 0 0 0 31 0 0 32 36 0 1 0 0 2 
0 21 22 0 24 0 0 0 0 0 0 30 2 35 34 36 0 33 0 0 20 16 15 17 4 0 7 6 3 0 12 0 13 11 0 14 
29 0 0 0 30 31 0 0 0 0 35 0 8 0 4 6 7 0 24 25 26 0 0 0 0 0 13 0 0 14 18 16 19 0 15 0 
26 24 25 29 0 28 30 34 0 0 0 0 0 2 1 3 4 0 0 0 23 0 0 0 7 8 10 9 6 11 15 13 0 14 0 0 
0 0 1 5 3 0 6 0 0 11 0 0 17 14 0 15 16 12 33 34 35 0 0 32 19 20 22 21 18 0 27 0 28 0 0 29 
14 12 0 17 15 0 0 22 0 23 20 21 29 26 0 0 0 24 9 0 11 7 6 8 31 32 34 33 0 0 3 1 4 2 0 5 
0 6 0 11 9 10 0 0 0 17 14 15 23 20 0 21 22 18 0 4 5 1 36 0 25 0 0 0 0 0 33 31 34 0 30 0 
32 30 0 35 0 34 36 4 1 5 2 0 0 8 0 9 10 6 0 28 29 25 0 26 13 0 16 15 12 0 0 0 22 0 0 0 
20 18 0 0 0 22 24 0 0 29 0 0 35 32 31 33 34 0 15 16 17 13 12 0 1 0 4 0 36 5 9 7 0 8 6 11 
18 16 0 21 19 0 0 26 23 0 0 0 33 0 29 31 0 28 13 14 15 11 10 12 0 36 0 1 34 3 0 0 8 6 4 0 
0 34 35 0 1 2 4 8 5 9 6 7 15 12 11 13 0 10 0 0 33 0 0 30 17 0 20 0 16 21 25 0 26 0 0 27 
0 0 0 15 13 0 16 0 0 21 0 19 0 24 0 25 0 22 0 0 9 5 4 0 0 30 32 31 28 33 1 35 2 36 0 0 
0 4 5 0 7 8 10 14 11 15 0 0 21 18 17 19 20 16 1 2 0 35 34 36 23 24 26 25 22 0 0 29 32 30 0 33 
24 22 23 27 25 26 28 32 0 0 0 0 0 36 35 1 2 34 19 20 21 17 0 18 5 6 0 0 4 0 0 11 14 0 10 15 
30 28 29 33 31 0 34 2 0 0 36 1 0 6 0 0 8 4 25 26 27 23 22 0 0 0 14 13 0 0 0 17 0 0 0 21 
0 0 6 10 0 0 11 15 12 0 13 14 0 0 18 0 0 17 2 0 0 36 35 1 24 0 27 26 0 28 32 0 0 0 0 0 
13 11 0 16 0 15 17 21 0 22 19 0 0 25 24 0 0 23 0 9 10 6 5 7 30 31 0 0 0 0 0 36 3 0 35 4 
19 0 18 0 20 21 23 27 0 0 0 0 34 0 0 0 33 0 0 0 0 12 11 13 36 1 3 0 0 4 8 0 9 7 5 0 
31 29 0 34 32 0 35 3 36 4 0 2 0 7 0 8 0 0 0 0 0 24 0 25 12 0 15 0 11 0 20 0 0 0 0 22 
25 0 24 28 26 27 29 33 0 34 31 32 4 1 0 0 3 35 20 21 0 18 17 0 6 0 0 8 5 10 0 12 15 0 11 16 
1 35 36 4 2 3 5 0 0 0 0 0 0 0 12 14 15 11 32 0 34 0 0 31 0 19 21 0 17 22 26 0 27 25 23 28 
21 19 20 24 22 0 0 0 0 0 27 28 36 0 32 34 35 31 16 0 0 14 13 0 2 3 5 0 1 6 0 8 11 9 7 12 
0 1 2 6 4 0 7 0 8 12 9 0 0 0 0 16 17 0 0 0 0 32 0 0 0 21 23 0 19 0 0 26 29 0 0 30 
33 31 32 0 34 35 1 5 0 0 3 0 0 0 8 10 0 7 28 29 30 26 25 0 0 0 17 0 0 18 0 20 23 0 19 0 
27 0 26 30 28 29 31 0 32 36 0 34 0 0 2 4 0 0 22 23 24 0 19 21 0 9 0 10 7 0 0 0 0 15 0 0 
9 0 8 12 10 0 0 17 14 0 15 0 24 21 0 0 23 0 0 5 6 0 1 3 0 27 0 28 25 30 0 32 0 33 0 0 
0 13 14 0 16 0 19 23 20 24 21 0 30 27 26 0 0 25 10 11 0 0 7 9 32 0 35 34 31 0 0 2 0 3 1 0 
