6
10 7 0 11 12 9 20 23 19 0 21 22 5 1 6 3 0 4 27 0 25 30 26 0 31 0 35 34 32 33 15 0 18 14 0 17 
0 31 32 0 36 33 0 11 0 0 9 10 0 0 30 0 26 0 15 0 0 18 0 17 19 0 0 22 20 21 0 4 6 2 1 5 
22 19 20 0 24 21 32 0 0 36 33 34 0 0 18 15 14 16 0 4 1 6 2 5 0 12 11 0 0 0 0 28 30 26 25 29 
4 0 2 0 6 3 0 17 0 18 0 16 35 31 36 33 0 34 21 22 19 0 0 23 0 0 29 28 26 27 0 10 0 0 7 0 
0 25 26 29 30 0 2 5 1 6 3 0 0 19 24 21 20 22 9 10 0 12 0 0 13 18 0 16 0 15 0 34 36 32 31 35 
16 13 14 17 18 15 0 29 0 0 27 28 11 0 12 9 0 10 0 34 0 0 0 35 1 0 5 4 0 0 21 22 24 0 19 23 
0 16 0 0 0 18 29 0 28 0 30 31 0 0 15 12 11 13 36 1 34 0 35 0 0 0 0 0 5 0 24 0 27 0 22 26 
13 10 11 0 0 0 23 26 0 27 24 25 0 4 0 0 5 0 30 31 28 33 29 32 34 0 0 1 0 36 18 0 21 17 0 20 
7 0 5 0 9 0 0 0 16 0 0 19 2 34 3 36 0 1 0 25 22 27 23 26 28 33 0 0 29 30 0 0 0 11 10 0 
0 34 0 2 0 36 11 0 0 15 12 13 32 28 0 30 29 31 18 19 16 21 17 0 0 27 26 25 23 0 0 7 9 0 4 0 
0 0 23 0 27 0 35 0 0 3 36 1 20 16 0 18 17 19 6 7 0 9 5 0 10 15 14 0 11 12 0 0 33 29 0 32 
31 0 0 0 33 30 5 0 0 9 6 0 0 0 27 0 0 25 0 0 10 15 11 0 0 21 0 19 17 18 36 0 0 0 0 0 
0 0 0 12 0 0 0 24 20 25 22 23 6 0 0 4 0 5 28 0 26 31 27 0 0 1 0 0 33 0 0 0 0 15 14 0 
5 2 0 6 7 0 0 0 0 19 0 17 0 0 1 34 33 35 22 23 20 25 21 0 0 31 30 0 27 0 10 11 13 0 8 0 
0 32 33 36 1 0 9 12 8 13 10 11 30 0 0 28 27 29 16 17 14 0 15 18 20 25 24 23 21 0 0 5 7 3 0 6 
0 20 0 24 0 22 0 36 32 1 34 35 0 14 0 0 0 17 0 5 2 0 3 6 8 0 12 0 0 0 0 0 31 0 26 30 
0 0 0 18 19 16 0 30 26 31 28 0 12 0 0 10 9 11 34 35 32 1 33 36 0 7 0 0 3 4 0 0 25 21 20 24 
29 26 27 30 31 0 0 6 0 7 0 0 24 20 0 0 0 0 0 0 0 0 0 12 14 0 18 0 0 0 34 35 1 33 32 0 
36 33 0 1 2 0 0 0 9 14 0 12 31 0 0 29 0 30 0 0 15 0 16 19 21 0 25 0 0 23 5 6 8 0 3 7 
24 0 0 25 26 0 34 0 33 0 35 0 0 15 20 0 16 0 5 6 3 8 0 0 9 14 0 12 0 11 0 30 0 28 0 0 
0 0 0 7 0 0 16 19 0 0 17 18 0 0 0 35 0 0 0 24 0 0 22 0 27 32 31 0 28 0 11 0 0 10 9 13 
18 0 16 19 20 17 0 31 27 32 0 0 13 9 0 0 0 12 35 0 0 0 0 1 0 8 0 0 0 5 23 24 26 22 0 25 
0 0 10 13 14 0 0 0 0 26 23 24 0 3 0 5 4 6 0 30 27 0 28 31 33 2 1 0 34 35 17 18 0 16 0 0 
0 27 28 31 0 29 0 0 3 8 5 0 25 21 0 23 0 24 11 12 0 14 0 13 0 0 19 0 0 17 0 36 2 34 0 0 
0 11 12 15 16 13 24 0 0 28 25 0 9 0 10 0 0 0 31 0 0 34 0 0 35 0 0 2 36 0 19 20 22 0 0 0 
32 29 30 0 34 31 0 9 5 0 7 0 27 23 0 0 0 0 13 0 11 16 0 15 17 22 21 20 18 19 1 0 4 0 35 3 
0 0 6 9 10 0 18 0 17 0 19 20 3 0 0 0 36 2 0 26 23 0 0 0 29 34 33 32 0 0 13 0 16 0 0 15 
20 0 0 0 0 19 30 33 0 34 0 32 15 11 16 13 12 14 1 0 35 4 0 3 5 0 9 8 6 7 25 26 0 24 23 27 
26 23 24 0 28 0 0 0 35 0 0 0 0 17 0 0 18 0 0 8 0 10 6 0 0 16 0 14 12 13 31 32 0 30 0 0 
2 0 0 3 4 1 12 0 11 0 13 14 0 29 34 31 30 32 0 0 0 0 0 0 23 28 27 26 24 25 7 0 0 6 5 9 
33 30 31 34 35 32 7 0 6 0 8 9 0 24 29 26 25 27 14 0 0 0 13 16 0 0 0 0 19 20 2 0 5 1 0 0 
0 24 0 0 0 26 0 4 0 5 2 3 22 0 23 0 0 21 8 9 6 11 7 10 12 17 16 15 13 14 32 33 35 31 30 34 
21 0 19 22 23 20 31 0 0 35 32 33 16 12 17 0 0 0 2 3 0 0 1 0 0 0 0 9 0 0 0 27 0 25 0 28 
0 0 0 4 5 0 13 16 0 17 14 15 34 30 35 0 31 33 20 0 18 23 19 22 24 29 0 0 25 0 8 9 11 7 6 0 
9 0 0 10 11 8 19 0 18 0 20 21 4 0 0 0 1 0 0 27 24 29 25 0 30 35 0 33 31 32 14 0 17 13 12 0 
15 0 13 16 17 0 25 0 24 29 26 27 0 6 0 0 0 0 32 0 0 35 31 0 36 0 0 3 1 2 0 0 23 0 0 22 
