6
0 0 6 0 5 0 35 3 0 4 0 0 30 34 32 31 0 0 26 0 28 0 25 0 12 14 16 15 11 0 20 19 18 21 0 0 
0 0 18 0 17 21 11 15 0 16 0 0 0 10 8 0 0 9 0 36 4 3 1 35 0 0 28 27 0 0 0 31 30 0 0 0 
34 0 30 0 29 33 0 27 0 28 26 24 18 0 0 19 0 0 0 12 0 0 13 11 36 2 0 3 35 0 8 7 0 0 10 0 
0 2 0 0 0 0 0 33 0 34 32 0 0 28 0 0 23 27 20 0 22 21 0 0 6 0 10 9 5 7 0 13 12 0 0 11 
0 26 0 25 0 27 17 0 19 22 0 18 0 16 14 13 0 15 8 0 0 0 7 5 0 0 0 0 29 31 0 1 0 0 4 35 
16 14 0 13 11 15 5 9 7 10 8 6 36 4 0 0 35 3 32 30 34 33 0 29 18 0 22 21 17 0 26 0 24 0 28 23 
5 3 1 0 36 4 30 0 32 35 0 0 25 29 27 26 24 0 0 19 23 0 20 0 7 9 0 10 0 8 15 14 13 0 17 12 
35 33 31 32 30 0 0 0 26 0 27 25 0 23 21 20 18 0 15 0 0 16 0 12 1 0 5 0 36 2 9 0 0 10 0 0 
0 0 25 26 24 28 18 22 20 23 0 0 0 17 0 0 0 16 0 0 11 10 8 6 31 33 35 34 0 32 3 2 0 4 5 0 
11 9 7 8 0 0 0 4 2 5 0 0 31 0 0 32 30 0 27 25 29 0 26 24 13 15 17 0 0 0 0 20 19 22 23 18 
17 0 13 14 0 0 0 0 8 0 0 0 1 5 3 2 36 4 33 31 35 34 0 30 0 21 23 22 18 0 27 26 0 28 0 0 
0 0 19 20 18 22 12 0 0 17 15 0 0 11 9 0 6 0 3 0 5 4 2 36 0 0 29 28 24 0 33 32 31 0 0 30 
6 0 2 3 0 0 31 0 0 0 34 0 26 30 0 27 25 29 22 0 24 0 21 0 8 10 0 11 0 0 16 15 0 17 0 13 
0 28 0 27 25 29 19 23 21 0 22 0 0 18 0 15 0 17 10 8 12 11 9 7 0 34 0 0 0 33 0 0 2 5 6 0 
0 0 0 33 31 0 25 29 27 0 28 26 20 24 22 21 19 23 0 14 18 0 15 13 0 4 0 5 0 3 10 9 8 11 12 0 
12 0 8 9 0 0 0 0 3 0 4 0 32 36 34 33 0 35 0 26 0 29 27 25 14 0 18 0 0 0 22 21 0 23 24 0 
18 16 14 0 13 17 7 0 9 12 0 0 2 0 4 3 0 0 34 0 0 0 33 31 20 0 24 23 19 0 0 0 26 0 30 25 
24 0 0 21 19 23 0 0 15 18 16 0 8 0 0 0 7 0 4 0 0 0 3 0 0 28 30 29 25 0 0 33 0 35 36 31 
0 6 4 5 0 7 33 1 0 0 36 34 28 0 0 0 27 31 24 22 26 25 23 21 10 12 0 0 9 11 18 17 0 19 0 15 
20 0 16 0 0 19 9 0 0 14 0 10 4 0 6 0 0 0 36 34 2 0 0 33 0 0 26 25 21 23 30 29 0 31 32 0 
14 12 0 11 9 13 3 0 0 0 0 0 0 2 36 0 0 0 30 28 32 0 29 0 0 0 20 0 15 0 24 0 0 0 26 21 
0 0 28 29 27 31 21 25 23 26 0 22 16 20 18 0 15 19 0 10 14 0 0 0 34 36 0 0 33 0 0 5 4 7 8 0 
0 24 22 23 0 25 0 0 0 20 18 16 0 0 12 11 9 13 0 4 8 7 0 3 0 30 32 31 27 0 36 35 0 0 0 0 
0 36 0 35 33 0 0 31 29 32 0 0 0 0 24 23 21 25 18 0 20 0 17 0 0 0 8 0 3 5 0 0 0 0 14 9 
7 5 3 4 0 6 32 36 34 1 0 33 0 31 29 28 26 30 0 21 0 24 0 0 9 11 0 12 0 10 17 16 15 18 19 0 
19 0 15 16 14 0 0 12 10 13 0 0 3 0 5 0 0 0 35 33 1 0 34 32 21 23 25 24 20 22 29 28 0 30 0 26 
31 0 0 0 0 0 0 24 22 0 0 21 15 0 0 16 14 18 11 9 13 12 10 0 33 35 1 36 32 34 0 0 3 0 7 0 
0 23 0 22 20 0 14 0 0 0 17 0 0 0 11 10 8 12 0 3 0 0 4 0 0 0 0 0 26 0 35 0 33 36 1 0 
1 35 33 0 32 36 26 0 28 0 0 0 0 0 0 22 20 24 0 15 19 18 0 14 0 0 0 0 2 0 11 10 9 12 0 8 
13 11 9 10 0 12 0 0 4 7 5 0 33 1 0 34 0 36 29 0 0 30 0 26 15 0 19 18 14 0 23 22 0 24 25 20 
0 1 35 36 0 0 28 0 0 0 31 0 0 27 25 0 22 26 19 17 21 0 0 0 5 7 9 8 4 6 13 0 0 14 15 10 
33 31 0 30 28 32 22 26 24 0 0 23 0 21 19 0 16 0 13 11 0 0 12 10 35 1 3 0 0 0 7 6 5 8 0 4 
9 7 0 6 0 0 0 0 36 3 0 0 29 33 0 30 28 32 25 0 27 26 24 0 0 0 15 0 0 0 19 18 17 0 21 0 
0 19 0 18 16 0 10 14 0 15 13 0 5 9 7 6 4 8 0 35 0 0 36 0 23 25 27 26 0 24 31 30 29 32 33 28 
27 25 23 24 0 0 0 20 0 21 0 0 11 0 0 12 10 14 0 0 0 0 6 4 29 31 0 32 28 30 0 0 0 0 3 34 
0 13 11 0 0 0 0 0 6 9 7 5 35 0 1 36 34 0 31 29 33 0 0 0 17 0 21 0 0 18 0 0 23 0 27 22 
