6
0 5 0 0 0 0 22 0 24 0 25 27 0 29 31 0 28 33 0 16 0 19 0 21 34 0 3 0 2 0 0 10 13 0 0 11 
26 0 0 27 24 0 4 0 6 0 0 9 0 0 13 12 0 15 36 0 35 0 2 3 0 0 21 19 0 18 33 0 31 32 30 0 
2 35 0 3 36 0 16 20 0 0 19 0 26 23 0 0 0 27 12 10 0 13 0 15 0 29 33 0 32 30 9 4 7 0 6 5 
20 0 0 0 0 0 34 2 36 35 0 0 8 5 0 0 4 0 30 28 0 31 0 33 0 11 0 13 0 0 27 0 0 26 24 23 
32 29 0 0 0 0 0 14 0 0 13 0 0 17 19 0 0 21 0 4 5 0 0 9 0 23 27 0 26 24 0 34 1 2 0 35 
14 11 0 15 12 13 0 32 0 29 31 0 2 0 1 36 34 3 24 0 0 25 26 27 4 5 9 7 8 0 21 16 0 20 18 17 
0 13 0 17 14 0 0 34 0 0 0 35 4 0 3 0 36 5 0 0 25 27 28 0 0 0 11 9 10 0 23 0 21 22 20 0 
0 0 24 29 26 27 6 0 0 7 0 0 16 13 15 0 12 0 0 36 1 3 0 5 0 19 23 0 0 0 35 30 0 34 0 0 
0 0 0 23 0 21 36 0 0 1 0 5 10 7 9 0 6 11 0 0 31 33 34 0 12 13 17 15 16 14 29 24 0 0 0 0 
0 31 30 35 32 33 0 0 0 0 15 0 0 19 0 0 0 0 8 6 0 0 10 11 24 25 0 27 28 0 5 36 3 4 2 0 
0 1 36 0 0 0 18 0 0 19 0 23 28 25 27 26 24 29 0 12 13 0 0 0 30 0 35 33 34 0 0 6 9 0 8 7 
10 0 6 11 0 0 0 28 26 25 0 29 34 31 33 0 0 35 20 18 0 21 22 23 36 1 5 3 0 2 0 12 15 16 14 13 
0 0 11 0 13 14 0 0 31 30 32 0 3 0 2 0 0 4 25 23 24 26 27 28 5 0 10 8 9 0 22 17 20 0 19 18 
0 0 29 0 31 32 0 15 0 0 14 16 0 18 20 19 0 0 0 5 6 0 9 10 23 24 28 0 0 25 0 35 0 3 0 36 
0 0 5 10 0 8 23 0 25 0 0 0 0 30 0 31 0 34 0 0 18 0 21 0 35 36 4 2 3 1 16 11 14 15 13 12 
0 0 0 0 19 0 35 0 1 36 2 4 0 6 8 7 0 10 0 29 30 32 33 34 11 0 16 0 15 13 28 23 26 0 0 0 
0 36 0 0 0 2 0 21 19 18 0 22 27 0 26 25 23 28 13 0 0 14 0 0 29 0 34 0 33 0 10 5 0 0 0 6 
0 24 23 28 25 0 5 0 0 6 8 0 0 12 0 13 0 16 1 35 36 0 3 0 17 18 0 0 0 0 34 29 0 33 0 30 
0 26 25 30 27 28 7 11 9 8 0 12 0 0 16 15 0 18 3 0 2 4 0 6 19 20 24 0 23 21 36 0 0 35 0 32 
11 8 0 12 0 10 25 29 27 26 28 0 35 0 34 33 0 36 0 19 20 0 23 24 1 2 0 4 5 0 0 13 16 0 0 14 
0 20 19 0 0 22 0 5 0 2 0 0 0 8 0 9 7 0 33 0 32 34 0 36 13 14 0 0 17 0 0 25 28 29 0 26 
5 2 0 0 3 4 19 23 21 0 22 0 0 0 28 27 25 0 0 13 14 0 0 18 0 32 36 0 0 0 0 7 10 11 0 8 
35 32 0 36 0 34 0 17 0 0 16 18 0 20 0 0 0 24 9 7 8 10 11 12 25 26 30 28 29 0 0 0 4 0 0 2 
0 14 13 0 15 0 0 0 33 0 0 0 0 0 4 3 1 0 0 25 26 0 29 30 7 0 12 10 0 9 0 19 22 23 0 20 
0 15 14 0 16 17 32 36 0 0 0 0 6 3 5 0 2 7 0 26 27 29 0 0 8 0 13 11 12 10 25 0 0 24 0 0 
36 33 32 1 0 0 0 18 16 0 0 19 24 0 0 22 20 0 10 8 0 11 12 13 26 27 31 29 30 0 0 2 0 6 0 0 
0 27 26 31 0 0 0 12 0 0 0 0 18 15 17 16 0 0 4 2 3 5 6 0 20 0 25 23 0 0 0 0 35 0 34 0 
24 21 20 25 0 23 0 0 4 3 0 7 12 9 11 10 8 0 0 0 0 0 36 0 14 15 19 17 18 0 0 26 29 30 28 0 
0 9 8 0 0 0 26 30 0 0 29 31 0 0 0 0 0 1 22 20 21 23 24 25 2 0 7 5 0 0 19 14 17 18 16 15 
0 0 0 7 4 5 0 0 22 21 23 0 30 27 29 28 26 0 16 14 15 17 18 19 32 33 1 0 36 34 13 0 11 12 10 9 
0 0 0 26 23 24 3 7 0 4 0 0 13 10 12 0 0 0 0 33 34 36 1 0 15 16 0 0 0 17 32 27 0 31 0 28 
0 28 27 32 0 30 9 13 0 10 0 0 0 16 18 17 0 20 5 3 4 0 7 8 21 22 26 24 25 23 2 33 0 1 0 34 
0 4 3 8 0 6 21 25 23 22 24 26 31 28 0 0 0 32 17 0 16 18 19 20 33 0 2 36 1 35 14 9 0 13 0 0 
13 0 9 0 11 12 27 0 29 28 30 32 0 34 36 35 33 0 0 21 22 0 25 0 0 4 0 6 7 0 20 0 0 0 17 0 
1 0 33 2 0 36 0 0 17 0 18 0 25 22 24 23 21 0 0 0 10 12 13 0 0 28 32 30 0 29 0 3 0 0 0 4 
0 16 15 0 17 0 33 1 0 0 0 2 0 4 0 0 0 8 29 0 28 0 0 0 0 10 0 0 0 0 0 21 0 0 23 22 
