6
0 31 0 0 28 26 35 33 36 32 0 34 9 0 0 8 0 0 15 17 14 18 19 16 21 0 22 20 25 23 0 6 3 0 4 0 
0 1 33 36 34 0 0 3 6 2 7 0 15 19 0 14 16 0 21 23 0 0 0 22 0 30 0 0 0 29 0 12 9 0 10 8 
5 7 0 0 4 2 11 9 0 8 0 0 21 0 24 20 22 23 0 0 26 30 0 28 0 36 0 0 1 0 19 18 15 17 16 14 
0 0 21 0 22 20 0 27 30 0 0 28 0 7 6 2 4 5 9 11 0 0 13 0 0 0 0 14 19 0 1 36 33 35 34 32 
0 19 15 18 16 14 23 21 0 0 25 22 0 0 0 32 34 35 0 5 0 6 0 4 9 0 0 8 0 11 0 0 0 0 28 26 
0 13 9 12 0 8 17 15 18 14 0 16 27 0 30 26 28 29 33 35 32 36 1 0 3 0 4 2 7 5 0 24 21 0 22 20 
22 24 20 0 0 19 28 0 29 0 0 0 0 0 0 1 0 4 0 10 7 11 12 9 0 17 15 13 0 16 36 35 0 0 0 31 
34 0 0 35 0 0 0 2 0 1 6 3 0 0 0 13 15 16 20 22 19 23 24 21 0 0 0 0 0 0 0 11 0 0 0 0 
0 18 14 0 15 13 0 0 0 0 0 21 32 36 0 0 33 34 2 4 0 5 0 0 8 11 9 0 12 0 30 29 26 28 27 25 
10 12 0 11 9 7 16 14 17 13 0 15 0 0 29 25 27 28 32 34 31 0 0 33 0 5 0 1 6 4 24 23 20 0 21 0 
4 6 2 5 3 0 0 8 0 0 12 0 0 24 23 19 21 0 26 28 0 29 30 0 32 0 33 31 36 34 0 17 14 0 0 0 
0 30 0 29 0 25 34 32 0 0 36 33 8 0 0 7 9 0 0 16 13 0 18 15 20 0 21 19 24 22 0 5 0 4 3 1 
26 0 24 27 25 23 32 0 0 29 34 0 0 10 0 0 7 8 12 14 11 0 0 13 18 21 19 0 22 20 4 3 36 0 0 35 
2 0 0 3 0 0 0 0 0 0 10 7 18 0 0 0 19 0 24 0 23 27 0 25 30 33 31 0 34 32 16 0 0 14 0 11 
8 10 6 9 0 5 14 0 0 0 16 0 24 0 27 23 25 0 30 32 29 33 0 31 0 3 1 35 0 0 22 21 0 20 0 0 
0 0 0 21 19 0 26 0 27 23 28 0 0 4 3 35 0 2 6 8 5 0 0 7 12 0 0 0 0 14 34 0 30 32 0 29 
0 34 0 0 31 0 2 36 3 35 4 1 0 16 15 11 13 14 0 20 0 0 0 19 24 0 0 23 28 0 10 0 6 8 0 5 
14 16 0 15 13 0 0 0 21 17 0 0 30 0 0 29 31 32 36 0 35 3 0 0 6 0 0 5 10 8 28 27 24 0 25 23 
21 23 19 22 20 0 27 25 0 0 29 26 1 5 4 36 0 3 0 0 0 10 0 8 13 0 0 12 17 0 35 34 31 0 0 0 
15 0 13 16 14 0 21 19 22 0 23 20 0 35 34 0 0 0 1 0 0 4 5 2 7 0 8 0 11 0 0 28 25 27 26 0 
33 35 31 34 0 30 0 0 4 0 5 2 0 0 16 12 0 0 19 21 18 22 23 0 25 0 26 24 29 27 0 10 0 9 0 0 
3 5 1 4 2 0 0 0 10 6 11 8 19 23 0 0 20 21 25 0 0 28 0 26 0 0 0 30 35 0 0 16 0 15 0 12 
9 11 0 0 8 6 15 13 0 12 17 0 0 29 0 0 26 27 31 0 30 0 0 32 0 4 0 0 5 3 23 0 19 21 0 0 
27 29 25 28 26 24 33 31 34 0 35 32 7 11 0 6 8 9 13 15 12 16 17 14 19 22 0 18 0 21 0 4 0 0 0 0 
25 0 0 0 0 22 31 29 0 0 0 0 0 9 0 4 0 7 11 13 10 0 15 12 17 20 18 0 21 0 3 0 35 1 0 34 
1 3 35 2 0 0 7 5 8 0 9 6 0 21 20 16 0 19 0 0 22 26 0 0 29 32 0 28 33 31 15 14 11 13 12 0 
19 21 17 20 0 16 0 23 0 0 27 0 0 0 0 34 0 0 5 7 0 8 9 6 11 14 12 10 15 13 0 32 0 31 0 28 
0 0 29 32 30 28 1 0 0 34 0 36 0 15 0 10 12 0 17 19 16 0 0 0 23 0 24 22 0 25 0 8 5 0 0 0 
7 0 5 0 0 4 0 0 14 10 15 0 23 27 0 22 24 25 29 31 28 32 0 30 35 0 36 34 3 0 21 0 17 19 18 16 
13 15 11 14 12 10 19 17 20 16 0 18 0 33 0 28 30 0 0 0 34 0 3 0 5 8 6 4 9 0 0 26 23 25 24 22 
12 14 10 13 11 0 18 0 0 0 20 17 28 32 31 0 0 0 34 36 33 0 2 35 0 0 5 3 8 0 26 25 0 24 0 21 
0 26 22 25 0 21 30 28 31 27 32 0 0 8 7 3 0 6 0 12 9 13 0 11 16 19 17 0 20 0 2 0 34 0 0 33 
36 0 34 0 0 33 6 4 7 3 8 5 0 0 0 15 17 18 0 24 0 25 26 0 28 31 29 0 0 0 0 0 10 0 11 9 
6 0 4 0 0 0 0 0 13 9 0 11 22 0 25 0 0 24 0 30 27 31 32 29 0 1 0 33 2 36 20 19 16 18 17 0 
0 20 0 0 17 0 24 22 0 0 0 23 34 0 1 33 35 0 4 6 3 7 0 5 0 0 11 9 0 0 32 0 0 0 29 27 
30 32 0 31 29 0 0 34 1 0 2 0 10 0 13 9 11 0 16 0 0 19 20 0 22 25 23 21 0 24 8 7 0 0 5 3 
