6
0 0 0 10 13 14 2 34 36 0 35 0 28 30 0 31 29 27 18 0 0 0 17 19 0 21 26 23 0 0 8 4 0 5 7 3 
0 5 6 4 7 8 0 0 30 27 29 31 22 0 26 25 0 21 0 10 0 14 11 13 18 15 20 0 16 19 0 34 36 0 1 0 
27 29 0 0 0 0 0 16 0 15 0 19 10 12 14 13 0 9 36 0 33 0 35 1 6 3 0 5 4 0 0 22 24 23 25 21 
33 35 0 0 1 0 26 22 0 0 23 25 16 18 0 19 0 0 6 4 3 8 5 0 0 9 14 0 10 0 0 0 0 0 31 0 
21 23 0 22 0 26 0 0 0 9 0 13 4 6 8 7 5 3 0 0 27 0 29 31 36 0 2 0 0 1 0 0 18 17 0 0 
0 17 18 0 19 0 8 0 0 3 5 7 0 36 0 1 35 0 0 22 21 26 23 0 30 0 32 29 0 31 0 10 12 11 13 9 
0 19 20 18 21 22 10 6 0 0 7 0 36 2 4 0 0 35 26 0 0 28 25 27 32 0 34 31 30 0 16 12 0 13 15 11 
35 0 0 36 3 4 28 0 0 23 0 27 18 0 22 21 19 17 8 6 5 10 0 0 14 0 16 0 0 15 34 30 32 31 0 29 
5 7 8 6 0 10 34 0 0 0 0 33 0 26 28 0 0 23 14 12 0 0 13 0 20 0 22 19 18 21 0 36 0 0 3 0 
23 0 0 0 0 0 0 0 14 11 13 15 0 0 10 9 7 5 32 0 0 0 31 0 2 35 4 1 36 3 22 0 20 19 21 0 
11 13 14 0 15 0 4 0 2 35 0 3 30 32 34 33 0 29 20 18 0 22 19 21 0 0 28 25 24 27 10 6 8 7 0 0 
29 0 0 0 33 0 22 0 20 0 19 21 12 0 16 0 13 11 2 36 0 4 1 3 0 5 0 7 6 9 28 24 26 25 0 23 
0 8 9 0 0 11 0 31 0 30 0 34 25 0 29 28 26 0 15 13 12 17 14 0 0 18 23 0 19 22 5 0 3 0 0 0 
0 26 0 25 0 29 17 0 15 12 0 16 7 9 11 10 0 0 0 0 30 0 32 34 0 0 0 0 1 4 0 19 0 20 0 18 
18 20 21 19 22 0 11 7 9 0 0 10 1 3 0 0 0 36 27 0 0 29 0 0 33 30 35 0 31 0 17 13 0 0 0 12 
0 2 0 0 4 0 0 25 27 24 26 28 19 21 23 22 0 18 0 7 0 11 8 10 0 12 17 14 0 16 35 31 0 32 34 30 
30 32 33 31 34 35 23 19 0 0 20 22 13 15 17 16 14 12 0 0 36 0 2 4 9 0 11 0 0 10 0 0 0 26 0 24 
12 14 0 0 0 17 0 0 3 36 2 4 31 0 35 0 32 30 21 19 0 23 20 22 27 24 29 0 25 28 11 0 0 8 10 6 
10 0 13 0 14 0 3 0 1 34 36 2 29 31 0 32 30 28 19 0 16 21 0 0 0 22 27 24 23 26 9 5 7 0 0 4 
0 30 31 0 32 33 21 0 19 0 0 20 11 0 15 0 0 0 0 0 34 0 36 0 7 0 9 0 0 0 0 23 25 0 26 22 
22 0 25 0 26 27 15 11 13 0 12 0 5 0 9 0 6 4 0 0 28 33 30 0 1 34 3 0 35 0 0 17 19 18 20 0 
34 36 1 0 2 3 27 0 25 22 24 26 0 19 21 20 18 0 0 5 0 9 0 0 0 10 15 12 0 0 33 29 0 30 0 28 
16 0 19 0 0 21 0 0 7 0 0 0 35 1 3 2 0 0 0 0 22 0 24 0 31 28 33 0 0 0 15 11 13 12 0 10 
0 6 7 5 0 0 33 0 0 0 0 32 23 0 27 26 0 0 13 11 10 0 0 0 19 0 0 18 0 20 3 35 1 36 2 34 
0 0 28 0 0 30 18 0 16 0 15 17 0 10 0 11 0 0 34 32 31 0 33 0 0 0 0 0 2 0 24 20 0 0 23 0 
0 0 0 0 0 12 36 0 34 31 33 35 26 28 30 0 27 25 16 0 13 0 15 17 22 19 24 21 0 0 6 0 0 0 5 0 
0 0 16 14 17 18 6 2 4 0 0 5 32 34 36 35 33 31 0 0 0 0 21 23 0 0 30 0 0 29 12 8 10 9 11 7 
19 21 22 20 0 24 12 0 0 0 0 11 2 0 6 0 0 0 0 26 25 30 27 0 34 31 36 0 32 0 0 14 0 0 17 13 
1 3 4 2 5 0 30 26 28 0 0 0 0 0 0 0 21 0 0 0 7 12 0 11 16 0 18 15 0 0 0 32 34 33 35 0 
31 0 34 0 0 36 0 20 22 19 21 23 14 0 18 17 15 13 4 0 1 6 3 5 0 7 0 9 0 0 30 0 0 27 29 0 
20 0 23 21 24 25 0 9 0 8 0 0 3 5 7 0 4 0 0 27 0 31 0 30 35 0 1 0 33 0 0 15 17 16 18 14 
0 16 17 15 18 19 0 3 0 0 0 0 33 0 1 36 34 32 0 0 0 0 0 0 0 0 31 0 27 30 0 9 0 10 0 8 
0 0 0 0 30 0 19 15 17 14 0 0 9 11 13 0 0 8 35 33 32 1 0 0 5 2 0 4 3 6 25 21 23 0 24 0 
8 10 0 9 0 13 1 33 0 32 0 0 27 29 31 0 0 26 17 15 0 0 0 18 23 0 0 22 21 24 0 0 5 0 0 0 
32 34 35 33 36 1 25 0 0 20 22 0 0 17 19 0 0 0 5 0 0 7 0 6 0 8 0 10 9 12 31 0 0 28 30 0 
0 0 5 3 6 7 0 0 29 26 28 30 21 23 25 24 22 0 0 0 8 0 10 12 17 0 19 16 15 0 1 0 0 34 0 0 
