6
0 4 1 36 3 0 31 0 35 34 30 33 0 25 24 27 0 0 0 0 15 0 0 12 19 0 23 20 0 21 6 7 0 0 0 0 
35 34 31 30 33 32 25 0 29 0 0 0 20 0 0 21 0 23 10 11 9 0 0 6 13 16 17 14 12 15 0 0 5 0 2 4 
29 28 25 24 0 26 19 20 23 0 18 0 0 0 12 0 16 17 4 5 3 0 1 36 0 0 0 0 0 0 0 31 0 33 0 34 
11 10 7 6 9 8 0 0 0 0 36 0 32 0 0 33 34 35 22 0 21 0 19 18 25 28 0 0 24 0 12 13 17 15 14 0 
23 22 0 0 0 20 0 0 17 16 12 15 8 0 6 0 10 11 34 0 0 32 31 30 1 4 5 0 0 3 24 0 0 0 26 0 
0 0 13 12 0 0 7 8 11 0 0 0 2 1 0 0 0 0 28 0 0 26 25 24 0 0 0 32 30 33 18 0 0 21 20 22 
0 29 26 0 0 0 20 21 24 0 0 0 15 0 13 16 0 0 5 6 4 0 0 0 8 0 0 0 7 0 31 0 36 0 0 35 
0 17 0 13 0 15 8 9 0 0 7 0 3 2 1 4 5 6 29 0 28 27 26 0 32 0 0 0 31 0 19 0 0 22 21 23 
0 35 32 31 34 33 0 0 0 29 25 28 21 20 19 22 23 24 11 0 0 0 0 0 0 17 18 15 13 0 1 0 0 0 3 0 
0 11 8 0 10 9 2 3 0 0 0 0 0 32 31 34 35 36 23 24 22 21 0 19 26 29 0 0 25 28 13 0 18 0 0 17 
24 0 20 0 22 21 0 0 18 17 13 16 9 0 7 10 11 12 0 0 0 33 32 31 0 0 6 0 0 0 25 0 0 0 27 29 
6 5 0 1 4 3 32 33 0 0 31 0 27 26 25 28 0 30 17 18 16 15 14 13 0 23 0 21 19 22 0 8 12 0 9 11 
32 31 28 0 0 29 22 23 26 0 21 24 0 0 15 18 19 20 7 0 6 5 4 3 10 13 14 0 9 12 33 0 0 36 0 1 
8 0 4 3 0 0 34 35 0 1 0 0 0 0 0 0 31 32 19 20 0 17 16 0 0 25 0 23 21 0 0 10 14 12 11 0 
2 0 34 33 36 0 0 29 0 0 27 0 0 0 21 24 0 0 13 0 12 0 0 0 0 19 0 17 15 0 3 4 8 6 5 0 
20 19 0 15 18 17 10 0 0 13 0 0 5 0 0 0 0 8 0 0 30 29 28 0 0 0 0 35 33 36 21 22 26 24 0 0 
26 25 0 21 24 0 0 17 20 0 15 0 11 10 0 12 0 0 1 2 36 35 34 0 0 0 0 5 3 6 27 0 0 30 29 31 
14 0 10 9 0 11 0 5 0 7 0 0 35 0 33 0 0 2 0 0 0 23 0 21 28 0 32 29 27 30 15 16 0 18 17 19 
0 3 36 35 2 1 30 0 0 0 0 0 25 24 0 0 27 28 15 16 14 0 0 0 0 21 0 0 17 20 5 6 10 0 0 9 
28 0 24 0 26 25 18 0 22 21 0 20 13 0 11 0 15 16 0 0 0 0 0 0 6 0 0 7 5 8 29 30 0 0 31 33 
10 9 6 5 8 7 0 1 4 0 35 2 0 30 29 32 0 0 0 0 0 19 18 17 24 27 28 0 0 0 0 0 16 14 13 15 
16 15 12 11 14 13 0 7 0 0 5 0 1 36 35 2 0 4 27 28 0 25 24 0 30 33 34 31 29 32 17 0 0 0 19 0 
0 21 0 17 20 19 0 13 0 0 11 14 0 6 0 8 0 10 0 34 32 0 30 29 0 0 0 0 35 2 23 24 28 26 25 0 
34 33 0 29 0 31 24 25 28 27 23 26 0 0 17 0 21 22 9 10 0 0 6 5 0 15 16 13 11 0 0 0 4 2 0 0 
0 0 23 0 25 0 17 18 21 0 16 19 12 11 10 13 14 15 2 0 1 36 35 0 5 8 0 6 4 0 28 0 33 0 30 32 
33 0 0 28 31 30 23 24 27 26 22 0 0 17 0 19 0 21 8 9 7 6 5 4 11 0 15 12 10 13 34 0 0 0 36 2 
3 0 0 34 1 36 0 0 0 32 28 0 24 23 0 0 26 27 14 15 0 12 11 0 0 0 0 0 0 0 0 5 0 7 0 8 
15 0 11 0 13 12 0 6 9 8 4 0 36 0 0 1 2 0 26 27 25 24 0 22 29 0 33 30 0 0 16 17 0 0 18 20 
0 8 5 0 0 6 0 0 0 0 34 1 30 29 28 31 0 33 0 21 0 0 0 16 23 26 27 0 22 25 0 0 15 13 12 0 
0 0 17 16 19 18 0 12 15 14 10 0 0 0 4 7 8 9 32 33 31 30 0 28 0 2 0 0 34 1 22 0 27 0 0 0 
31 0 27 26 29 28 21 22 0 24 0 0 16 0 14 0 18 0 6 7 0 4 0 2 0 12 13 0 0 0 32 0 0 0 0 36 
0 0 21 20 23 22 15 0 0 18 14 0 10 0 0 11 0 0 0 0 35 34 0 32 3 6 7 4 2 5 0 0 31 0 28 30 
0 0 15 0 0 0 9 0 0 12 0 0 0 0 2 5 0 0 30 31 29 0 27 26 33 36 1 34 32 35 20 21 0 23 0 0 
0 6 0 2 0 0 33 34 1 0 0 35 28 27 26 29 0 31 18 0 17 16 15 14 0 0 0 22 20 0 0 9 0 11 10 12 
0 12 0 8 0 10 3 4 7 0 0 5 0 0 0 35 0 0 24 25 23 0 0 0 27 30 31 28 26 0 0 15 19 17 0 0 
0 36 33 32 35 34 27 0 0 30 26 29 22 21 0 23 0 25 12 13 11 10 9 8 0 18 19 0 0 17 0 3 7 0 4 6 
