6
0 0 20 0 0 24 1 3 0 2 6 0 17 16 0 14 0 18 34 31 36 0 32 0 10 11 12 0 0 9 26 0 0 0 29 0 
7 11 8 10 9 12 25 27 0 26 0 29 5 0 0 0 0 0 22 19 0 23 0 21 34 0 0 32 31 33 0 0 18 0 17 16 
13 17 14 0 15 18 0 0 0 32 0 0 0 10 9 0 0 12 0 25 30 29 0 27 4 5 6 0 0 3 0 19 24 21 23 22 
31 0 32 34 33 0 0 0 16 14 18 0 29 28 0 26 25 30 10 0 12 0 8 9 0 23 24 20 0 21 0 1 6 3 5 4 
0 29 0 0 27 0 7 0 0 8 0 11 0 0 21 20 19 24 4 1 6 5 2 0 0 17 18 0 13 15 0 0 36 33 0 34 
1 5 0 4 3 6 0 0 0 20 24 23 35 0 33 0 31 36 0 0 18 17 0 0 28 29 0 26 25 0 8 7 12 9 11 10 
0 16 13 15 0 0 30 32 33 0 0 34 10 9 0 0 6 11 27 24 0 28 25 0 0 4 5 0 36 0 0 18 23 20 22 21 
6 0 0 9 8 11 0 0 27 0 29 28 4 0 2 1 36 5 0 0 23 22 19 0 0 34 35 31 30 32 0 12 0 14 0 15 
24 28 25 27 0 0 0 8 0 7 11 0 22 0 0 0 18 23 0 0 5 4 1 2 0 16 0 13 12 14 0 0 35 32 34 33 
36 4 1 3 0 0 0 20 21 19 23 22 0 0 32 0 0 35 0 12 17 16 13 0 0 28 0 25 24 0 7 6 11 0 10 0 
0 0 31 33 32 0 12 0 15 13 0 0 0 27 26 25 24 29 0 0 0 0 7 8 21 22 0 19 18 20 1 0 5 2 4 3 
0 0 19 21 20 0 36 2 3 1 0 4 16 0 14 13 0 17 0 30 0 0 0 32 0 10 0 7 0 8 25 24 0 26 0 0 
17 21 18 20 19 0 0 1 0 0 0 3 15 0 13 0 11 0 32 29 0 33 0 31 8 9 0 6 5 0 24 23 0 25 0 0 
11 0 12 0 0 16 0 31 0 30 34 33 9 8 7 6 0 10 26 23 28 27 24 25 2 0 4 0 0 0 18 17 22 19 0 20 
0 0 36 2 1 4 0 0 20 0 22 0 33 32 0 30 0 0 0 11 16 0 12 13 26 0 0 24 0 25 6 0 10 7 9 0 
29 0 30 32 0 34 11 13 14 12 16 0 27 26 25 24 0 0 0 0 10 9 6 7 20 0 22 18 0 19 36 0 4 0 0 2 
5 0 6 0 7 10 0 25 0 24 28 27 3 2 1 0 0 0 20 17 0 21 0 0 32 33 34 30 0 31 0 11 16 13 0 0 
23 27 0 0 25 0 0 7 0 6 10 0 21 0 19 18 17 0 2 35 0 0 0 0 0 0 0 12 11 13 0 0 34 31 33 32 
33 0 0 0 35 2 15 17 0 0 20 19 0 0 29 28 0 32 0 9 14 13 0 0 24 0 0 22 0 0 4 3 0 5 7 6 
0 7 4 6 5 8 21 0 0 22 26 25 0 36 0 0 33 2 18 15 0 19 0 17 30 0 0 28 0 29 10 9 0 11 0 12 
21 25 0 24 0 26 0 0 0 4 0 0 0 18 0 0 0 20 36 33 0 1 34 35 12 13 14 0 9 11 0 0 32 0 0 0 
0 19 0 18 0 20 33 35 36 34 0 1 0 12 11 10 9 14 30 0 0 0 28 29 6 7 8 4 3 5 0 0 26 0 0 0 
9 0 10 0 11 14 0 0 0 28 0 31 0 0 5 0 0 8 0 21 26 25 22 0 36 1 0 0 33 0 16 0 20 17 19 0 
0 31 28 30 0 32 9 0 0 0 14 0 0 24 23 22 21 26 6 3 0 7 0 0 18 19 20 0 15 17 34 33 2 35 1 0 
16 0 0 19 18 0 34 0 1 35 3 0 14 13 0 11 0 0 31 28 33 32 29 0 7 8 0 0 0 6 23 22 0 24 0 25 
0 0 0 31 0 33 10 12 13 11 15 14 0 0 24 23 22 27 7 4 9 8 0 6 19 0 0 17 0 18 0 0 0 36 0 0 
10 0 0 0 0 15 28 30 31 29 33 32 8 7 0 5 4 9 0 0 0 26 23 24 1 2 0 35 0 0 17 16 0 18 20 0 
4 8 0 7 6 0 22 0 25 0 27 26 0 0 36 0 0 0 0 0 0 20 17 0 0 32 33 29 0 0 0 0 0 12 0 13 
0 0 35 1 0 3 0 0 19 17 0 0 32 0 30 0 0 0 0 0 0 14 11 12 25 0 27 23 0 24 5 4 9 0 8 0 
22 0 23 25 24 27 4 6 7 0 9 8 20 19 0 0 16 21 1 34 3 0 0 36 13 14 15 0 0 0 29 0 0 30 0 0 
8 12 9 0 10 0 0 0 0 0 31 30 6 0 4 0 0 7 0 20 0 24 0 22 35 0 0 33 0 34 15 0 19 0 18 17 
0 6 0 0 4 7 0 0 23 21 25 24 36 35 0 33 32 1 0 14 19 0 15 0 29 30 31 27 0 0 9 8 0 0 12 11 
32 36 33 35 34 1 0 0 17 15 19 18 30 29 28 27 26 0 0 8 13 0 0 10 23 0 25 0 20 0 0 0 7 4 6 5 
14 18 0 0 16 0 32 34 35 33 0 36 0 11 10 9 0 13 29 26 31 30 27 0 5 6 7 0 0 4 21 0 25 22 0 0 
20 0 0 23 22 0 2 4 5 0 0 6 18 0 16 15 0 0 35 32 1 36 33 0 11 12 13 9 0 10 0 0 0 28 30 29 
0 0 27 29 28 0 8 0 11 9 13 12 0 0 22 21 20 25 5 2 0 6 3 4 17 18 0 0 0 16 33 0 1 34 0 35 
