6
0 0 10 9 7 0 6 1 0 0 4 0 30 0 25 0 0 0 31 32 0 0 0 36 0 13 18 0 0 0 19 24 22 0 0 23 
2 6 4 3 0 5 0 31 0 35 34 32 24 22 0 0 20 0 0 26 0 0 27 30 0 7 12 11 10 9 13 0 0 15 14 17 
32 36 0 0 0 0 30 0 0 0 0 26 0 0 0 17 14 0 0 20 22 23 21 24 0 0 6 0 0 0 0 0 0 9 8 11 
14 0 16 15 13 0 12 0 0 0 10 0 36 0 0 0 32 33 1 0 0 5 3 0 0 19 24 23 0 0 0 30 28 0 0 29 
26 30 28 27 25 0 24 0 0 23 0 0 12 0 0 11 8 9 13 14 16 17 15 0 0 31 0 35 34 0 1 6 4 0 2 0 
0 24 22 21 19 0 18 13 15 17 0 0 0 4 0 5 2 0 0 0 10 11 0 12 26 25 30 29 0 27 31 36 0 0 0 0 
0 1 0 34 32 36 31 0 28 0 0 0 19 17 14 0 15 16 20 21 0 24 0 25 0 2 7 6 5 4 8 13 11 10 9 12 
3 0 0 4 2 0 1 0 34 36 0 33 25 23 0 24 0 22 26 27 0 30 28 31 0 0 13 0 11 0 14 19 17 16 15 0 
9 13 11 0 8 12 7 2 4 6 0 3 31 29 0 30 27 28 32 33 35 36 0 0 15 14 19 18 17 16 20 0 23 22 0 0 
0 31 29 0 26 0 0 20 22 0 23 0 13 11 8 0 0 10 14 15 0 18 0 19 33 32 0 0 35 34 0 7 5 4 3 0 
15 19 17 0 14 18 13 0 0 0 11 0 0 35 32 0 0 34 0 3 5 6 4 7 21 20 25 24 0 0 26 31 0 0 0 30 
21 25 23 22 20 0 0 14 16 0 0 0 7 0 0 0 0 4 8 9 0 0 10 0 0 26 31 0 0 28 32 1 0 34 33 0 
25 29 27 26 0 0 23 18 20 0 21 0 0 9 0 0 7 8 0 13 15 16 14 17 31 0 0 0 0 32 0 5 0 0 1 4 
13 0 15 0 0 16 11 6 0 10 9 7 0 33 30 0 0 32 0 1 0 0 0 0 19 18 23 0 0 20 24 29 27 0 25 28 
7 0 9 8 0 10 5 0 2 0 3 1 0 27 24 28 0 0 30 31 33 0 0 35 13 12 0 0 0 0 18 0 0 20 0 22 
0 0 0 20 0 22 0 12 0 16 0 13 0 3 36 0 0 2 6 7 9 10 0 11 0 24 29 28 27 0 0 35 0 32 0 34 
31 35 0 0 30 34 0 0 26 0 27 25 17 15 0 0 13 14 18 0 21 22 20 23 0 36 5 0 0 0 6 0 9 8 7 10 
1 5 0 0 0 4 35 0 32 34 33 31 0 0 0 22 0 0 0 0 27 0 0 29 0 0 11 10 9 8 0 0 15 14 13 16 
0 0 0 18 0 20 0 10 12 14 13 0 3 0 34 2 0 36 0 5 7 0 6 9 0 22 27 26 25 24 0 0 31 30 29 0 
29 0 31 30 0 32 27 22 24 26 25 23 15 0 10 14 11 12 0 17 19 20 18 21 35 34 3 0 1 36 4 9 0 6 5 8 
0 0 13 12 10 14 9 4 6 0 0 5 0 31 28 32 29 30 34 35 1 0 0 3 0 0 0 0 19 18 22 27 25 0 0 26 
23 0 0 24 22 0 21 0 18 20 19 0 9 7 0 0 0 6 10 0 13 14 12 0 29 28 33 32 31 0 0 3 1 0 35 2 
35 3 1 36 0 0 0 28 30 0 31 29 21 0 16 20 17 18 0 23 25 0 0 27 5 0 9 8 0 0 10 15 13 0 0 0 
0 9 0 6 4 8 3 0 0 0 1 0 27 0 0 0 23 0 0 29 31 0 30 33 0 10 15 14 0 12 16 0 19 18 17 0 
0 0 2 0 35 0 34 29 0 0 0 30 22 0 17 21 18 0 0 0 0 0 25 28 0 5 0 9 8 7 11 0 0 0 12 15 
24 28 26 0 0 27 22 17 19 21 20 18 0 8 0 0 6 0 0 0 0 15 13 16 0 0 34 33 32 0 35 4 2 0 36 3 
6 0 0 0 0 0 4 0 1 0 2 36 28 0 0 27 0 25 0 30 32 33 0 34 0 0 0 15 14 13 17 0 0 19 18 0 
0 0 32 0 29 0 28 0 0 0 26 0 16 14 0 15 12 13 17 0 0 21 19 22 36 0 4 0 0 0 0 0 0 7 6 0 
0 16 0 0 0 0 10 0 7 0 8 0 34 32 0 33 0 0 35 36 2 3 1 4 0 17 0 21 20 0 0 28 26 25 0 27 
18 22 20 19 17 0 16 11 13 15 0 12 4 2 35 0 36 1 0 0 8 0 0 0 0 23 28 27 0 25 0 34 32 0 30 0 
4 0 0 0 0 7 2 33 0 1 36 34 26 24 0 25 22 0 27 0 30 31 29 32 10 9 14 13 12 0 15 0 0 17 16 19 
10 14 0 0 9 13 8 3 0 7 6 4 0 30 27 0 0 0 33 0 0 1 35 2 16 15 0 19 18 17 21 26 0 0 0 25 
28 32 0 0 0 0 26 0 23 0 0 0 14 0 9 0 0 0 15 16 18 19 0 20 34 0 2 1 0 0 3 8 6 0 4 7 
16 0 18 17 15 19 0 0 11 13 12 0 0 36 33 0 0 35 0 4 6 7 0 8 22 21 26 0 24 0 27 0 30 29 28 0 
0 26 0 23 21 25 20 15 17 19 18 16 8 0 3 7 4 0 9 10 12 13 11 14 28 27 0 31 30 29 33 0 0 35 0 0 
0 2 36 0 33 0 0 27 0 0 0 0 20 18 0 0 0 0 0 22 0 0 23 26 4 0 8 0 0 5 9 0 12 11 0 13 
