6
34 1 36 0 0 33 19 0 0 18 0 16 0 0 0 0 0 22 6 4 3 0 7 5 0 14 13 0 9 10 28 0 29 32 30 0 
0 13 12 11 14 9 31 0 29 0 27 28 33 1 35 0 2 0 18 0 0 20 19 17 24 26 0 23 0 22 4 7 5 8 0 3 
0 0 18 0 20 0 1 2 0 36 33 0 3 7 5 0 0 0 0 22 0 26 0 0 30 0 31 0 27 28 0 0 0 0 0 0 
0 31 0 0 0 0 0 0 0 0 0 10 0 0 0 0 20 16 36 0 33 2 1 0 6 8 7 5 3 0 0 25 0 0 0 0 
0 0 0 23 26 0 7 8 5 0 3 0 0 0 0 12 0 0 30 0 0 32 31 0 36 0 0 35 0 34 16 19 17 0 0 15 
0 7 0 0 8 0 25 0 23 0 0 22 27 31 0 0 32 28 0 10 9 14 0 0 0 0 19 0 0 0 34 1 35 2 0 0 
18 21 0 0 0 0 3 4 0 0 35 36 0 0 0 8 0 0 0 0 23 28 0 25 0 0 33 31 0 0 0 15 0 16 0 11 
0 0 0 0 28 0 9 10 7 0 5 6 11 15 13 0 16 0 32 0 0 0 0 31 2 0 3 0 35 36 0 21 19 22 0 17 
30 0 32 31 0 29 15 0 13 14 11 12 0 0 0 0 0 0 2 0 35 4 0 0 0 10 9 7 0 6 24 27 0 28 0 0 
36 0 0 1 0 0 0 22 19 20 0 18 0 0 25 0 0 0 0 0 5 0 0 0 0 0 0 0 11 12 0 33 31 0 0 0 
12 15 0 13 0 0 0 0 0 32 29 0 35 3 0 0 0 0 20 0 0 22 21 0 0 0 27 0 23 24 6 9 7 10 0 5 
0 9 8 0 10 5 0 28 0 26 23 24 0 33 0 0 34 30 0 12 11 0 15 0 20 22 21 19 0 18 0 3 0 4 0 35 
0 0 0 0 35 0 0 0 0 0 12 13 18 0 20 0 0 19 0 0 36 0 0 0 0 0 0 8 0 7 0 0 26 29 27 0 
13 16 0 14 17 12 34 35 32 33 0 0 0 4 2 3 5 1 21 0 18 23 0 20 27 0 0 0 0 25 7 0 8 0 0 0 
0 0 0 20 23 18 0 5 0 0 0 1 0 0 8 0 0 0 0 0 0 0 28 0 33 0 34 0 30 0 0 0 14 0 0 0 
25 0 0 0 0 0 0 0 0 9 6 0 12 0 14 15 17 13 33 0 30 35 34 0 0 5 0 0 36 1 19 0 20 23 21 0 
0 0 3 0 0 0 0 0 0 0 0 19 0 0 26 27 29 0 0 7 6 0 10 0 0 17 16 0 0 0 31 34 0 35 0 30 
0 0 0 8 11 0 0 29 0 0 24 0 0 34 32 0 0 31 15 0 12 17 16 0 0 23 0 0 0 0 0 0 2 0 3 0 
35 0 0 0 3 34 20 0 18 0 0 0 0 26 0 25 27 0 0 5 0 9 8 0 13 0 0 12 0 11 0 32 0 33 0 0 
0 0 0 0 15 10 32 0 0 31 0 0 34 2 36 0 0 0 0 17 16 21 0 18 25 27 0 0 22 0 5 8 0 9 7 0 
0 0 0 18 21 0 0 3 0 1 0 0 4 0 6 0 9 5 0 0 22 27 26 0 0 0 0 30 0 0 0 14 0 15 13 10 
0 26 25 0 27 22 8 9 6 7 4 0 10 0 12 0 0 11 0 29 0 33 32 30 1 0 0 0 0 35 0 0 0 21 19 0 
0 32 31 0 0 28 14 15 0 13 10 0 16 20 18 0 0 0 0 35 0 3 2 0 0 9 0 0 4 5 0 0 0 27 0 0 
5 0 7 0 0 0 26 0 0 25 22 0 0 32 30 31 0 0 13 11 0 15 0 0 19 0 20 18 0 17 0 2 0 0 1 0 
26 0 28 0 0 0 0 12 0 10 7 0 13 0 0 16 18 0 0 0 0 36 35 0 0 0 0 0 0 2 0 0 21 24 22 0 
0 0 0 3 6 1 0 24 0 0 19 0 0 0 0 0 30 26 10 8 7 0 0 0 0 0 17 0 13 0 32 0 0 36 34 0 
14 0 16 15 18 13 0 0 0 0 0 0 0 5 3 0 0 2 22 0 19 24 0 21 28 0 29 27 25 0 0 0 0 12 10 0 
8 11 0 9 0 7 29 30 27 28 25 26 31 35 33 0 0 0 16 0 13 0 17 15 22 24 23 0 0 20 0 0 0 0 0 1 
0 0 0 0 36 31 17 18 0 16 13 14 19 0 21 0 0 20 0 2 0 6 0 0 0 12 11 0 0 0 0 0 0 30 28 25 
20 0 22 21 0 0 0 6 0 4 1 0 0 0 9 0 12 8 28 26 25 30 0 27 0 36 35 0 31 32 14 0 0 0 0 0 
27 30 29 28 0 26 0 13 10 0 8 0 0 0 16 17 19 15 35 0 0 0 36 34 5 7 0 0 2 3 21 24 22 25 23 0 
0 18 17 0 0 14 36 0 34 35 32 0 0 0 4 5 7 3 23 21 20 0 0 22 29 31 30 28 26 0 9 12 10 0 0 0 
3 6 0 4 7 0 0 0 0 23 20 21 0 30 0 29 31 27 11 9 8 13 0 0 17 0 18 16 0 15 33 0 34 0 35 0 
33 0 0 34 1 32 0 19 0 17 14 0 0 0 22 23 25 21 5 0 2 7 6 0 11 0 0 0 0 9 27 0 0 0 0 26 
0 0 0 0 0 20 6 0 4 0 2 0 0 0 10 11 13 9 29 27 0 0 0 28 35 1 0 0 0 33 15 0 16 19 0 0 
0 0 0 0 13 0 30 31 28 29 26 0 0 36 0 35 0 0 17 15 14 0 0 16 23 25 24 0 20 0 3 0 0 0 0 0 
