6
33 36 34 0 35 2 0 0 8 0 7 6 22 0 0 24 0 21 0 14 10 9 0 11 0 27 32 0 0 0 0 17 18 19 20 15 
0 6 0 7 5 0 0 0 14 0 13 12 0 0 0 0 32 27 0 20 0 15 19 17 36 33 2 1 0 34 0 23 24 0 0 0 
0 18 16 0 0 20 0 22 26 0 0 24 4 0 0 6 8 3 30 0 28 0 0 0 12 0 14 0 0 10 34 35 36 0 0 33 
0 0 10 13 0 14 17 16 20 0 19 0 0 35 0 0 0 0 0 0 0 0 25 0 6 0 0 7 5 0 28 29 0 0 32 27 
0 24 0 25 0 0 0 0 0 0 0 0 10 0 0 12 14 0 0 2 34 33 1 35 18 0 20 0 0 16 4 5 0 7 8 3 
0 0 0 0 0 0 35 0 0 33 1 0 16 0 19 0 0 15 6 8 4 0 7 5 24 21 0 0 0 22 0 0 12 0 0 0 
0 1 0 2 0 3 0 0 0 4 8 7 23 0 26 25 27 0 0 15 0 10 0 0 0 28 0 32 30 29 0 0 19 20 0 16 
0 7 5 8 6 0 12 0 0 10 14 13 0 0 32 0 0 0 19 21 0 16 0 0 1 34 3 2 0 0 0 0 0 26 27 22 
16 19 17 0 18 21 0 0 0 0 0 25 0 6 8 0 9 4 31 33 29 28 32 0 0 0 0 14 12 0 0 0 0 2 0 0 
28 31 29 0 0 0 0 35 0 0 2 1 0 18 0 0 0 16 0 9 5 4 8 0 25 22 0 26 0 23 11 12 13 14 0 10 
0 13 11 14 0 0 0 0 21 0 20 19 35 36 2 1 3 0 25 0 23 22 26 0 0 0 0 0 6 5 0 0 31 32 33 0 
22 0 23 0 0 0 30 0 0 28 32 0 11 12 14 0 0 10 1 0 35 34 2 0 19 16 21 0 0 0 0 6 7 0 9 4 
0 0 0 35 33 36 0 0 0 0 0 0 0 21 23 0 24 0 10 12 0 7 0 0 0 25 0 29 0 0 14 0 0 0 0 13 
13 0 0 0 0 0 0 20 0 19 0 22 0 3 0 4 0 0 0 0 0 25 0 0 0 0 0 0 0 0 32 33 0 35 36 0 
0 0 20 0 0 0 0 0 30 0 0 0 8 0 0 10 0 7 34 36 0 0 35 0 0 0 0 0 0 0 0 0 4 5 0 1 
0 4 2 5 3 0 0 8 0 0 11 10 0 0 0 28 30 25 0 18 0 0 17 15 0 0 0 35 0 0 0 21 0 0 0 0 
25 28 26 0 0 0 0 32 0 0 0 0 14 0 17 16 18 13 4 6 2 1 0 0 0 0 24 23 0 20 0 9 0 11 0 7 
7 10 8 0 0 0 0 14 18 0 0 16 0 33 35 0 36 31 0 0 0 0 23 0 0 1 6 0 0 0 0 0 0 0 0 0 
18 21 19 0 0 23 26 0 0 0 28 27 7 8 0 9 11 0 33 35 31 30 34 32 0 12 0 16 0 0 0 0 3 4 0 36 
0 0 0 0 8 11 14 0 17 12 16 15 31 0 0 33 35 30 0 0 0 0 22 0 0 0 5 0 2 1 0 0 27 28 29 0 
0 3 1 4 0 5 0 0 11 6 10 9 0 26 0 27 29 0 0 17 0 0 0 0 0 0 35 0 0 31 19 20 0 22 0 0 
30 0 31 0 0 0 2 0 0 0 4 3 0 20 22 21 23 0 9 0 0 0 0 0 0 24 0 28 0 25 0 14 15 16 0 0 
24 0 0 28 0 0 32 31 35 0 34 33 13 14 16 0 0 0 0 0 1 36 4 0 21 18 23 22 0 0 7 8 9 10 0 0 
0 15 13 16 0 0 20 19 23 18 22 0 1 2 4 0 0 36 27 0 0 0 28 26 9 6 0 0 0 0 31 0 33 34 0 0 
35 2 36 3 0 0 7 0 0 0 0 0 0 25 0 26 28 0 0 16 12 11 15 13 32 29 0 0 0 0 0 19 20 21 22 0 
5 8 0 9 7 0 0 0 0 11 15 0 0 0 0 32 0 29 0 0 18 17 21 0 2 35 0 3 0 0 24 25 26 27 0 0 
11 0 12 15 0 0 19 18 0 17 21 0 0 1 3 0 0 0 0 0 24 23 27 0 0 5 10 9 0 6 30 31 0 0 0 29 
23 26 24 27 25 0 31 0 0 0 0 32 0 0 0 14 0 0 0 4 0 0 0 0 0 0 0 0 19 0 0 7 8 0 10 0 
0 0 18 21 0 0 25 0 0 0 0 26 0 0 0 8 10 0 32 34 0 0 0 0 14 11 0 15 13 12 0 0 2 0 0 35 
29 32 30 33 31 34 0 36 4 0 3 0 18 19 0 20 0 17 0 10 6 5 0 0 26 23 28 27 25 24 12 13 0 0 0 0 
8 0 9 12 10 13 16 15 0 0 0 17 0 0 0 35 0 0 0 0 21 20 0 0 5 2 0 0 4 3 27 28 0 30 31 0 
14 17 15 18 16 0 22 21 25 20 24 0 3 4 6 5 0 2 29 0 0 26 0 28 11 8 0 0 0 9 0 0 0 36 1 32 
0 23 21 24 0 25 28 0 31 26 30 29 9 10 12 11 13 0 0 1 33 0 36 0 0 0 0 18 0 0 0 4 5 0 7 2 
32 35 33 36 34 0 4 3 7 0 6 5 21 22 0 0 0 20 11 13 0 8 12 10 0 26 31 30 28 0 0 0 0 0 0 0 
0 5 0 0 4 0 10 9 0 0 0 11 27 28 0 29 31 0 17 0 0 14 18 0 35 0 0 36 0 33 0 22 23 0 25 20 
0 0 27 0 0 31 0 33 0 0 0 0 15 0 18 0 19 0 0 7 3 0 0 4 23 20 0 0 22 0 9 10 0 12 0 8 
