6
6 4 0 2 5 0 21 0 25 0 22 23 33 34 0 32 0 1 0 0 13 9 0 10 0 16 17 15 0 0 31 26 28 29 30 0 
18 16 19 14 0 0 33 0 0 0 0 35 0 0 0 8 0 0 23 24 0 21 20 22 0 28 0 0 0 0 7 2 4 0 0 0 
36 34 1 32 35 0 15 14 0 0 16 17 0 28 30 26 29 31 0 6 0 3 0 0 12 10 11 9 0 13 0 0 22 23 24 21 
0 28 0 0 29 0 9 8 0 0 10 0 21 22 24 0 23 0 35 0 1 33 32 0 6 4 5 3 2 7 19 0 16 17 0 15 
0 10 13 0 11 9 27 26 31 30 0 0 0 0 0 2 0 0 17 0 0 15 14 16 0 0 0 21 20 0 0 32 0 35 36 0 
24 22 0 0 0 0 3 2 7 6 4 5 0 0 0 14 0 19 29 0 0 27 0 28 36 0 35 0 0 0 13 0 10 11 0 0 
16 14 0 12 15 0 0 0 0 0 32 0 0 8 10 6 9 0 21 22 23 0 0 20 0 0 27 0 24 29 5 0 2 0 0 1 
0 8 0 0 9 7 0 0 29 28 26 0 1 2 4 36 3 0 0 16 0 13 0 0 22 0 0 0 0 0 0 0 0 0 34 31 
0 32 35 30 0 31 13 0 17 16 14 0 25 0 0 0 0 0 0 0 5 0 0 0 10 0 9 7 6 11 0 18 0 21 22 19 
22 20 23 18 0 0 0 36 5 4 2 0 13 14 0 0 15 17 0 0 29 25 0 0 0 0 0 31 30 0 0 0 8 9 0 0 
0 26 0 0 27 0 7 0 11 0 0 0 0 0 0 18 21 0 33 0 0 0 0 32 4 0 3 1 0 0 0 12 14 0 0 0 
4 0 0 36 3 0 0 0 0 0 0 21 31 0 0 30 0 0 0 10 11 7 6 8 16 14 15 13 12 17 29 24 26 27 0 25 
35 33 36 0 0 32 0 13 0 17 0 0 26 27 0 0 28 0 4 0 6 0 1 3 11 0 0 0 7 0 24 0 0 0 23 0 
0 3 6 0 0 0 0 19 0 23 0 22 32 33 0 0 0 0 0 0 12 8 0 9 0 15 0 0 0 18 30 0 27 0 0 0 
0 21 0 19 0 0 2 1 6 0 3 4 14 0 0 13 16 18 28 0 30 0 0 0 0 0 0 32 0 36 12 7 9 0 0 0 
29 27 0 25 28 26 0 0 0 0 0 0 0 21 0 19 22 24 0 35 0 32 31 0 5 3 0 2 1 6 0 0 0 0 17 0 
11 9 12 0 10 0 26 0 30 29 27 0 2 3 0 0 4 6 16 17 18 14 0 15 0 21 0 0 19 24 0 31 33 0 0 32 
0 0 0 13 0 0 32 0 36 0 0 0 0 0 11 7 10 12 0 0 24 0 0 21 0 27 28 26 0 30 6 0 3 4 0 2 
3 1 0 0 0 0 18 17 0 0 0 20 0 31 0 0 0 0 8 0 0 6 5 7 0 13 0 12 0 0 28 23 0 0 27 24 
15 13 16 11 0 0 0 29 0 0 31 32 6 7 0 0 8 0 20 21 22 0 17 0 27 0 0 24 0 28 0 35 0 0 3 0 
0 19 22 17 20 18 36 35 0 0 1 0 0 13 0 0 14 16 0 27 28 0 23 0 0 0 32 0 0 0 0 0 7 8 0 0 
33 31 0 29 0 0 0 0 0 0 0 0 24 25 0 0 26 0 0 0 0 36 35 1 0 0 0 6 5 0 0 0 19 20 21 0 
0 0 10 5 0 0 0 0 0 0 25 26 36 1 0 35 0 0 0 0 0 0 0 13 21 0 20 0 17 0 0 29 31 32 33 30 
27 25 28 23 26 24 0 5 10 0 0 0 0 0 0 17 0 22 32 0 0 30 29 31 0 0 0 0 35 0 0 0 13 0 15 12 
13 11 14 9 12 0 0 0 0 0 0 0 4 5 0 3 0 0 18 19 0 16 0 17 25 23 24 22 0 0 2 0 0 36 1 0 
19 17 0 0 18 16 34 33 2 0 0 36 0 11 0 0 12 14 0 0 26 0 0 0 0 0 30 0 0 0 8 0 5 6 0 0 
1 35 0 0 36 34 16 15 0 0 0 18 0 0 31 0 0 0 6 0 0 0 0 5 13 11 0 10 9 14 0 21 23 24 25 22 
31 29 32 27 0 28 10 9 14 0 0 0 0 23 0 21 0 26 36 1 2 34 0 35 0 5 6 0 0 0 20 15 0 0 0 0 
0 23 0 21 24 22 4 0 8 7 0 6 16 17 0 15 18 0 0 0 32 0 0 0 1 0 36 0 0 2 0 9 0 0 0 0 
0 0 8 3 6 4 0 0 0 0 0 24 0 0 0 0 36 2 0 13 14 10 0 11 0 0 18 16 0 0 0 0 0 30 0 0 
0 0 0 0 19 0 35 0 0 0 0 0 11 0 0 0 13 0 25 0 27 0 0 0 0 0 31 29 28 33 0 4 0 0 0 5 
0 24 27 22 25 23 5 0 0 8 6 0 17 0 20 16 0 0 31 0 0 29 0 30 2 36 1 0 0 0 0 0 12 13 0 11 
32 30 0 0 0 0 11 10 15 14 12 0 0 24 26 22 0 27 0 0 0 0 0 0 0 0 7 5 4 9 0 16 0 19 0 17 
2 36 0 0 1 0 17 16 21 20 18 19 29 30 0 0 31 0 0 0 9 0 4 6 0 12 13 0 10 15 0 0 24 0 0 23 
0 0 15 0 13 11 0 0 33 32 30 31 0 6 0 4 7 0 0 20 0 17 16 0 26 0 25 23 22 27 0 0 36 1 2 35 
8 6 0 4 7 5 0 22 0 0 24 0 0 36 2 0 0 3 13 14 0 11 10 12 20 0 0 0 0 0 33 28 30 31 32 29 
