6
0 28 0 0 0 0 12 8 0 9 7 0 0 0 0 31 32 35 4 1 0 6 0 2 0 16 0 14 0 0 19 0 22 23 0 0 
6 4 0 0 0 0 0 20 0 0 0 22 0 12 0 7 8 0 16 0 15 0 0 14 30 0 0 0 0 25 31 32 0 0 0 33 
18 0 0 0 0 0 36 0 35 0 31 34 22 24 21 0 20 23 0 0 27 0 29 0 6 0 0 0 3 1 7 0 10 0 0 9 
0 34 0 35 32 33 18 0 17 15 0 16 4 6 0 1 0 0 0 0 0 0 0 8 24 22 23 0 21 19 0 26 28 29 30 27 
0 0 7 0 8 9 30 0 29 0 0 28 16 0 15 13 14 17 22 0 0 24 23 20 0 0 35 0 0 31 1 2 4 0 6 3 
0 0 0 23 20 21 6 0 5 3 1 0 0 0 27 0 0 0 34 0 33 0 35 0 12 10 11 0 9 7 0 14 0 0 18 15 
14 12 9 0 10 0 0 28 0 29 27 0 0 20 0 15 16 19 24 21 23 0 0 0 2 36 1 34 0 0 3 0 0 0 8 0 
8 0 0 7 0 0 0 22 25 0 21 0 0 0 0 9 0 13 18 0 17 20 0 16 0 30 0 28 29 27 0 34 0 1 2 35 
0 24 21 0 22 23 0 0 7 0 0 0 0 32 29 0 28 31 36 0 35 0 1 34 14 0 0 10 0 9 15 16 0 0 0 0 
0 0 0 19 0 0 2 34 0 35 0 36 0 0 23 21 22 0 0 0 29 0 0 28 0 0 0 4 0 3 0 0 12 13 14 0 
0 30 0 31 28 29 14 0 13 0 0 12 0 0 0 33 0 0 6 0 0 0 0 0 20 18 19 0 17 15 21 22 0 25 0 0 
2 0 0 1 34 35 20 0 19 0 15 18 6 0 5 3 4 0 0 9 0 14 13 10 0 0 0 0 23 0 0 28 30 31 32 0 
0 7 0 0 0 0 27 23 0 0 0 0 13 15 0 0 0 14 19 16 18 0 0 0 33 31 0 29 0 28 0 0 0 0 3 36 
27 25 0 26 0 0 9 5 8 6 0 7 0 0 30 0 29 32 0 0 36 3 0 0 0 0 0 11 12 0 16 17 19 20 21 0 
0 0 0 32 29 30 0 0 14 0 0 13 1 0 0 0 0 0 7 4 6 9 8 0 21 19 20 0 0 16 0 23 0 26 27 24 
0 13 10 14 0 0 33 29 0 30 28 31 0 0 18 16 0 20 25 0 0 0 0 23 3 1 2 0 36 0 4 0 0 0 9 6 
3 1 0 2 0 36 21 17 20 18 16 19 0 9 0 0 0 0 0 10 12 15 14 11 27 25 26 0 0 22 28 0 0 32 0 0 
21 0 16 20 0 0 3 0 2 0 34 0 0 27 24 0 23 0 0 28 30 0 32 0 9 7 0 0 6 0 0 11 13 14 0 0 
0 0 5 9 0 7 28 24 0 25 0 0 0 0 13 11 12 0 20 0 19 0 21 0 0 32 0 0 31 29 0 0 0 0 0 0 
0 14 0 15 0 0 0 30 33 31 0 32 20 22 19 0 18 0 0 0 0 0 27 24 0 0 3 36 1 35 5 6 8 9 10 0 
0 0 0 0 36 1 22 0 0 19 17 20 8 0 0 5 0 0 14 11 0 16 15 0 0 26 27 24 25 23 0 30 32 0 34 31 
0 26 23 27 0 0 10 0 9 0 5 0 0 34 31 0 30 33 0 0 1 0 3 0 0 0 15 12 0 0 0 18 0 0 22 0 
0 0 0 33 0 31 0 0 15 0 11 14 0 0 1 0 0 0 8 5 7 0 9 6 22 0 21 18 0 17 0 0 0 0 0 25 
22 0 0 0 0 19 0 36 3 1 0 0 26 28 25 23 0 27 0 0 31 0 0 30 10 8 0 0 7 5 11 0 0 15 16 13 
35 0 0 34 0 32 17 0 0 0 0 0 3 5 2 36 1 0 9 0 0 11 10 0 0 0 0 19 0 0 24 25 0 0 0 0 
5 0 36 4 1 0 23 0 0 0 18 0 0 11 0 0 0 0 15 12 0 17 16 0 0 27 0 0 0 24 30 31 33 34 35 0 
11 9 6 10 0 8 29 25 0 0 0 27 0 0 0 12 0 16 21 0 0 0 22 19 0 33 0 0 32 30 36 0 0 4 5 0 
29 0 24 28 0 26 11 0 0 0 0 9 33 0 32 0 0 34 3 0 0 5 4 1 0 0 0 13 14 12 0 0 21 22 23 20 
23 21 18 22 19 0 5 1 4 0 0 0 0 29 26 0 0 28 0 0 32 35 0 31 11 9 0 0 8 6 12 13 15 16 0 0 
0 0 12 16 13 14 35 31 0 0 0 33 21 0 0 0 0 0 27 24 26 0 28 25 0 3 4 0 0 0 6 0 9 10 0 0 
19 0 0 18 15 16 0 0 36 34 0 0 23 25 22 0 0 0 0 0 0 31 0 0 0 5 0 0 4 2 0 0 0 0 0 0 
1 0 32 0 0 0 0 0 0 0 0 0 5 0 0 2 0 6 11 8 10 0 12 9 0 0 0 21 0 0 26 0 0 0 0 28 
0 11 8 0 9 0 0 0 30 28 26 29 0 0 16 0 0 18 23 20 22 25 0 21 0 0 36 0 34 0 0 0 5 6 0 0 
0 29 26 30 27 28 0 9 12 10 8 0 35 0 34 32 33 36 0 2 4 7 0 0 0 0 18 15 16 0 20 0 23 0 0 0 
0 23 20 24 0 22 7 3 6 0 2 0 0 0 0 0 27 0 0 0 0 0 0 33 0 0 0 0 10 8 14 15 0 0 0 16 
7 0 2 6 0 0 25 0 24 22 20 23 11 13 0 8 9 12 0 0 16 19 18 15 0 0 0 0 28 26 0 33 0 0 0 34 
