6
6 7 0 2 0 4 10 0 0 13 11 0 0 19 14 15 18 0 21 20 0 0 22 0 0 0 27 0 29 28 32 33 1 36 35 34 
12 0 11 8 9 10 0 0 0 19 17 14 23 0 20 21 24 0 0 0 30 31 28 0 0 0 33 36 0 34 0 0 0 0 5 0 
0 0 35 0 33 0 4 0 3 7 0 2 0 13 8 0 12 10 15 0 18 0 0 17 20 0 0 0 0 0 0 27 0 30 0 28 
30 31 0 26 27 28 34 36 0 1 35 32 0 7 0 0 6 4 9 0 12 13 10 0 0 19 0 0 0 16 0 21 25 24 23 22 
0 0 0 0 21 22 0 30 0 31 29 0 35 0 32 0 0 34 3 0 0 7 4 0 0 13 0 12 0 0 0 15 0 18 0 16 
0 19 0 14 15 0 22 0 21 0 0 0 29 0 26 27 0 0 33 0 0 1 0 0 0 7 3 6 5 4 0 9 13 12 0 10 
3 4 2 35 0 1 0 0 0 10 8 5 0 0 0 0 15 13 18 0 0 0 19 0 23 0 24 27 26 0 0 0 0 0 0 31 
0 0 32 29 30 31 1 3 0 0 0 0 8 0 5 0 9 0 12 0 15 0 13 0 17 22 0 0 20 19 0 0 28 0 26 0 
0 22 0 17 18 0 0 0 24 28 26 0 0 34 0 30 33 31 0 0 0 4 1 0 5 0 6 0 8 7 11 12 16 15 14 13 
0 10 0 0 6 0 13 15 0 0 0 0 20 22 0 0 21 0 24 23 0 28 25 26 29 0 0 0 32 31 0 36 0 0 0 0 
0 16 0 11 12 13 0 0 0 0 0 0 26 28 23 0 0 0 0 29 0 0 0 32 35 0 0 3 2 0 5 0 0 0 8 0 
27 0 26 23 0 25 0 0 30 0 32 29 0 4 0 0 0 0 6 0 0 0 0 8 11 16 0 15 0 0 17 18 0 21 0 19 
0 26 0 21 22 0 0 0 28 0 0 27 36 0 0 34 1 35 4 0 7 0 5 0 9 0 10 0 0 0 15 16 20 0 0 17 
13 0 12 9 0 0 0 19 0 20 18 0 24 26 0 22 25 23 0 0 0 32 29 30 33 0 34 0 0 35 3 0 0 0 6 0 
7 8 6 3 4 0 11 13 0 14 0 0 18 20 0 16 19 0 0 0 25 0 0 24 0 32 0 31 30 0 33 0 0 0 36 35 
31 0 0 0 28 0 0 0 0 0 36 33 6 0 0 4 7 0 10 9 0 14 11 0 15 20 16 0 18 0 0 0 26 25 24 0 
0 0 36 33 34 0 5 7 4 8 0 0 0 0 9 0 13 11 0 15 0 0 0 18 21 26 0 0 24 0 0 28 32 0 0 29 
19 20 0 0 16 17 23 25 22 26 24 0 30 32 0 0 0 29 34 33 0 0 0 36 3 0 4 7 0 0 9 10 14 13 0 0 
14 0 0 10 0 0 18 0 0 21 19 0 25 27 0 23 26 24 29 28 32 0 30 0 0 0 0 0 1 36 4 0 9 0 7 6 
8 0 7 4 5 0 12 14 0 0 0 10 0 21 16 0 0 0 23 22 0 0 24 0 0 33 29 32 31 0 0 35 0 2 1 36 
0 0 1 34 35 36 6 0 5 0 0 4 0 15 10 0 0 0 17 16 0 21 18 0 22 27 0 26 0 0 0 29 33 0 0 0 
0 0 31 28 29 0 0 2 35 3 1 0 0 0 4 0 0 6 0 0 0 15 0 0 16 21 17 0 19 0 0 0 0 0 25 24 
0 0 0 0 23 24 0 32 29 0 31 28 0 3 34 0 2 0 0 0 0 0 6 7 0 15 0 0 0 0 0 0 21 0 0 18 
20 0 19 0 17 18 0 26 23 27 0 22 31 0 0 0 32 0 35 0 2 3 36 0 4 0 5 8 0 6 0 0 15 14 0 12 
0 18 0 13 0 0 0 0 0 0 0 0 28 0 25 0 0 0 32 0 35 0 33 0 1 0 2 0 0 0 0 8 12 0 0 9 
0 6 0 0 0 3 0 11 0 12 10 0 16 0 0 14 0 0 20 19 23 0 0 0 25 30 0 29 28 0 31 0 36 35 34 0 
0 0 28 25 0 27 33 35 32 36 34 31 0 0 0 0 5 3 0 0 0 12 9 10 0 0 0 0 0 0 0 20 24 0 22 0 
23 24 22 0 20 0 0 0 0 30 0 25 34 36 0 32 35 0 2 0 5 0 0 0 7 0 0 0 10 0 0 0 0 0 16 0 
0 0 0 0 0 0 0 5 0 6 4 0 0 0 0 8 11 0 14 13 0 0 15 0 0 0 20 0 22 0 25 26 0 0 28 27 
0 12 0 0 8 9 0 0 14 18 16 13 0 24 0 20 23 21 0 25 0 0 0 28 0 36 0 0 0 0 1 2 0 5 0 3 
0 0 0 6 0 8 0 0 0 0 0 12 0 23 0 0 22 20 25 24 0 0 0 27 0 35 0 0 0 32 36 0 5 4 3 2 
34 0 33 30 31 0 2 4 0 5 3 0 0 11 0 7 10 8 0 0 0 0 14 0 0 0 19 22 0 0 0 0 29 0 0 0 
22 23 0 0 0 20 26 0 0 29 0 0 33 35 0 31 34 32 0 0 4 5 2 0 6 11 7 0 0 8 12 0 0 0 0 14 
0 29 0 0 25 0 32 34 0 35 0 0 3 0 36 1 4 0 7 6 10 0 0 0 0 17 13 0 15 14 18 19 23 0 0 0 
16 0 15 12 13 14 20 0 0 0 21 18 0 0 0 0 0 0 0 0 0 35 0 33 0 0 0 4 0 2 0 7 0 0 9 0 
0 5 0 36 0 2 0 0 7 0 0 0 0 17 12 0 0 0 0 18 22 0 0 21 0 0 25 28 0 26 30 0 0 34 0 0 
