6
7 0 0 11 0 9 35 34 0 32 36 0 0 0 0 29 0 0 24 0 20 21 0 23 18 0 0 0 15 0 0 5 4 0 3 2 
25 26 0 29 0 27 0 0 0 0 0 0 0 9 7 0 12 0 6 0 2 3 4 0 0 0 34 0 33 32 0 0 22 24 21 20 
0 14 0 17 0 0 5 4 3 2 6 0 32 33 0 35 0 0 30 25 26 0 0 29 0 0 22 19 21 0 7 11 10 0 9 8 
19 0 24 23 22 0 11 0 9 0 0 7 2 3 1 0 0 0 36 31 32 33 0 35 0 0 0 25 0 26 13 0 16 18 0 0 
31 32 0 35 0 0 23 0 21 20 0 19 0 0 13 17 18 16 0 0 8 9 10 0 0 0 0 0 0 0 25 0 28 0 27 0 
1 2 6 5 0 3 29 28 27 0 0 0 0 21 0 23 0 0 18 13 14 0 0 17 0 0 10 7 0 8 0 0 34 36 0 32 
0 21 0 0 0 22 12 0 0 0 0 8 0 4 0 6 0 0 0 0 0 0 0 36 0 30 0 0 28 0 14 18 0 19 0 15 
26 0 31 0 29 0 18 0 0 0 19 14 0 0 8 0 0 0 7 0 3 4 5 0 1 0 0 0 34 0 0 24 23 25 22 21 
2 3 7 0 0 0 30 29 0 0 31 26 21 22 20 0 0 0 19 0 0 0 0 0 13 0 0 0 0 0 0 36 0 1 0 0 
0 0 0 0 11 0 0 0 0 33 0 0 27 0 0 30 31 0 25 20 0 0 23 24 0 0 17 14 0 0 2 6 5 7 0 0 
14 15 19 18 17 0 0 0 0 0 7 0 0 0 0 0 1 0 31 0 0 28 29 30 0 24 0 20 22 0 8 12 0 0 10 9 
0 33 0 36 0 34 24 23 0 21 25 20 15 0 14 0 0 17 0 0 9 10 0 0 7 0 5 2 4 0 0 30 0 0 0 27 
0 0 33 32 31 0 0 19 0 17 21 0 0 0 10 14 0 0 9 0 0 0 0 0 0 0 1 34 36 35 0 26 0 27 0 0 
0 11 15 14 13 12 0 0 36 0 3 0 29 30 0 0 0 31 0 22 0 24 0 26 0 20 19 0 0 17 0 8 7 9 0 0 
0 35 0 0 0 0 0 0 0 0 0 0 17 0 0 0 21 0 0 10 0 0 0 14 0 0 0 0 0 0 0 0 31 0 0 0 
0 5 0 8 7 0 32 31 30 29 33 28 0 0 22 26 27 0 0 16 0 18 0 20 0 14 13 10 0 11 0 2 1 3 36 35 
0 0 21 0 19 18 8 0 6 5 0 4 35 0 34 2 0 0 33 28 29 30 0 32 0 0 25 0 24 23 10 14 13 15 0 11 
22 23 27 0 25 0 14 0 0 11 15 10 0 6 4 0 0 0 0 34 35 36 0 2 0 32 31 28 0 0 0 20 19 21 0 17 
6 0 11 10 0 0 34 0 32 31 35 0 25 26 24 0 29 0 23 18 19 0 21 22 17 16 15 12 14 13 0 4 3 5 2 1 
18 19 0 0 0 0 10 0 0 7 0 0 1 2 0 0 0 0 35 30 0 32 33 0 0 28 0 24 26 0 0 0 15 17 14 0 
24 0 0 0 27 0 0 15 0 0 0 12 7 0 6 10 11 9 5 36 0 0 0 0 35 0 0 30 32 31 18 22 21 23 0 0 
30 31 0 0 0 0 22 21 20 0 0 0 13 0 12 0 0 15 0 0 0 8 0 0 5 0 0 36 0 0 24 0 27 29 0 25 
0 0 17 16 15 14 0 0 2 1 0 0 31 0 0 0 35 33 0 0 0 0 0 28 0 0 21 18 20 0 6 0 0 11 0 7 
0 1 5 4 0 0 0 0 0 0 29 24 19 0 0 22 0 21 0 12 13 14 0 16 0 10 0 6 0 7 30 0 0 0 32 31 
23 24 28 0 26 25 0 0 0 0 16 0 6 7 0 0 0 8 4 0 0 1 2 3 34 33 32 0 0 30 0 0 0 0 0 0 
0 12 0 15 14 13 3 0 1 36 0 35 30 31 29 33 0 0 28 23 0 25 0 27 0 0 20 0 0 18 5 0 8 10 7 6 
0 0 0 0 0 7 0 0 0 0 34 29 24 0 23 0 28 26 0 0 18 0 0 21 16 15 14 11 0 0 0 0 2 4 0 36 
17 18 0 0 20 19 9 8 7 0 0 5 0 1 0 0 0 2 34 0 0 31 32 0 28 27 26 23 25 24 11 15 14 0 0 0 
0 36 4 3 2 0 27 0 25 24 28 23 18 19 17 21 22 20 16 0 12 13 14 0 10 0 8 0 7 0 29 0 0 34 31 0 
29 0 0 33 32 0 0 20 0 0 22 0 0 13 0 0 0 14 10 0 0 0 8 9 4 3 2 0 1 0 23 0 0 0 25 24 
0 4 8 7 0 5 0 0 29 0 32 0 0 23 21 25 26 0 20 15 16 0 0 0 0 0 12 9 11 0 0 1 0 0 0 0 
0 0 0 13 12 11 0 0 35 0 0 33 0 29 27 0 32 0 0 21 22 0 0 25 0 19 18 15 17 0 0 7 6 8 0 4 
27 28 0 0 0 29 19 0 17 16 20 0 0 0 9 0 14 12 8 3 4 5 6 0 0 0 0 0 0 0 21 0 24 26 0 0 
33 0 2 0 0 35 0 0 23 22 0 21 0 17 0 0 0 18 14 9 10 11 12 13 0 0 0 3 0 0 27 0 30 32 29 0 
0 0 20 19 0 17 0 0 5 0 0 0 0 35 33 1 0 0 32 0 28 0 0 31 26 0 24 0 23 0 0 13 12 14 0 10 
0 0 0 0 0 23 0 12 11 0 14 9 4 5 3 7 8 6 2 33 34 0 36 0 0 31 0 0 29 0 15 19 18 0 17 0 
