6
0 27 29 0 26 0 0 20 24 0 0 0 0 12 10 0 0 11 0 33 0 0 0 0 6 3 4 0 2 5 18 0 17 0 0 14 
0 33 0 0 0 36 25 0 30 28 0 29 13 0 16 0 0 17 0 0 2 4 6 0 0 9 0 7 8 0 0 0 23 0 21 0 
0 15 0 0 14 18 0 8 12 10 9 0 0 36 0 32 33 35 0 0 0 22 24 19 0 0 28 25 0 29 6 0 5 1 0 0 
7 9 11 0 8 12 0 0 6 0 3 5 25 0 28 26 27 29 0 15 14 0 18 0 0 0 0 0 20 23 36 0 35 31 33 32 
0 3 0 4 0 0 31 32 0 34 0 0 19 24 22 20 21 0 11 9 8 10 12 7 0 0 0 0 0 0 30 0 29 0 27 0 
19 0 0 0 0 24 0 0 0 0 15 0 0 0 0 0 0 5 29 27 26 28 0 25 0 33 0 0 32 35 0 10 0 7 9 8 
0 26 0 0 0 0 18 0 23 21 20 22 0 11 9 7 8 10 34 0 0 0 35 30 5 2 3 36 1 0 0 0 16 12 0 0 
0 2 4 0 0 5 0 0 35 33 0 0 0 0 21 0 0 0 10 8 7 0 11 6 17 0 0 12 0 16 0 0 0 0 0 25 
0 32 0 33 0 0 24 0 29 27 26 0 12 17 15 0 14 0 0 2 0 3 0 36 11 0 9 6 0 10 0 21 0 18 20 19 
0 8 0 0 7 11 36 0 5 3 2 0 24 0 27 0 26 28 16 14 13 15 17 0 0 20 21 0 0 22 0 0 0 0 0 31 
0 14 16 15 13 0 6 0 0 9 0 0 30 0 0 0 32 34 22 0 19 21 23 18 29 26 0 0 0 28 0 0 0 36 0 1 
0 0 22 0 19 0 12 13 0 15 0 0 36 0 0 0 0 4 0 26 0 27 0 24 0 0 33 30 31 0 0 0 0 0 8 0 
0 25 0 26 24 0 0 18 0 0 0 0 0 0 8 6 0 9 33 0 30 0 34 0 4 1 2 35 0 0 16 0 0 0 0 0 
29 31 0 0 0 0 0 0 0 26 25 0 11 0 0 12 13 0 3 0 0 0 0 35 0 0 0 5 0 0 0 20 21 0 19 18 
0 13 0 14 0 0 5 0 0 8 7 9 0 0 0 30 31 33 21 0 18 20 22 17 0 25 0 0 24 27 4 0 0 35 0 36 
17 0 21 0 0 0 0 12 0 14 13 0 35 4 2 36 0 3 0 0 24 0 0 23 0 31 0 29 30 0 10 0 0 0 7 0 
5 0 0 8 6 10 0 36 4 0 0 0 0 0 0 24 25 0 15 0 12 14 16 0 0 19 20 0 0 21 0 0 0 29 0 30 
35 1 0 0 36 0 29 30 34 0 31 33 17 22 0 18 0 21 9 0 0 0 0 5 0 13 14 0 0 15 0 0 0 0 0 24 
0 0 20 19 0 21 10 0 0 0 12 14 0 3 0 35 36 2 26 0 23 0 27 22 33 0 31 0 29 0 0 0 8 0 6 0 
22 24 0 25 0 0 0 17 0 0 18 20 0 0 0 5 6 8 0 30 0 31 33 28 3 0 1 0 35 0 0 0 14 0 12 0 
34 0 0 1 0 0 0 0 33 0 0 0 0 21 19 17 0 0 0 6 5 0 9 4 15 12 0 0 0 14 0 25 0 0 0 0 
28 30 32 31 0 0 22 0 0 25 0 26 10 0 13 11 0 0 0 0 35 1 0 0 9 6 0 0 0 8 21 0 20 16 0 17 
0 0 8 0 0 9 0 0 3 1 36 2 22 27 0 0 0 0 14 0 11 0 0 10 21 0 0 16 17 20 33 31 0 0 30 29 
10 12 14 0 0 15 0 0 9 7 6 8 28 33 0 0 0 0 0 18 0 19 0 16 0 24 0 0 23 26 0 1 2 34 36 0 
0 0 0 0 4 0 33 0 2 0 0 0 0 0 0 0 23 25 0 0 0 12 14 0 20 17 0 0 0 0 32 0 0 27 0 0 
0 23 25 0 0 26 15 0 20 18 0 0 3 0 0 0 0 7 31 29 28 30 32 0 2 35 36 33 0 0 0 0 0 9 11 10 
33 0 0 0 34 2 27 0 0 30 29 31 0 0 18 0 0 19 7 5 0 0 8 3 0 0 12 9 0 13 0 24 0 0 0 22 
0 29 0 0 0 0 0 22 0 0 0 25 0 0 12 10 0 13 1 0 0 36 0 33 0 0 6 3 0 7 20 0 0 0 0 16 
0 0 19 0 0 20 0 10 14 0 11 13 33 2 36 0 35 0 0 23 0 24 0 21 32 0 0 0 28 31 0 0 7 0 5 4 
9 0 13 0 0 14 0 0 8 0 0 7 0 32 30 0 0 0 19 17 16 0 0 0 0 0 0 0 0 0 2 0 1 33 35 34 
8 10 0 11 9 13 0 0 0 5 0 6 0 31 0 27 28 0 18 0 15 17 0 14 25 0 0 0 21 24 0 0 0 0 34 0 
20 0 24 23 0 0 14 15 0 17 0 18 0 7 5 3 0 0 0 0 0 29 31 26 1 34 0 0 0 36 13 11 0 0 10 0 
32 0 36 0 33 1 26 0 31 0 0 0 14 0 0 0 16 0 0 4 0 5 7 2 13 0 0 0 0 12 0 23 0 0 22 21 
26 0 30 0 27 31 20 0 0 0 0 0 0 0 0 9 10 0 0 34 33 35 1 32 0 0 5 2 0 0 0 0 18 14 16 15 
14 16 0 0 0 19 0 0 13 11 10 12 32 0 0 0 0 36 0 22 21 0 25 0 0 0 0 0 27 30 0 5 6 2 0 0 
0 0 0 5 3 0 32 0 1 0 0 0 0 0 0 0 22 0 0 0 0 11 0 0 0 0 0 14 0 18 31 29 30 0 28 27 
