6
0 0 16 0 20 0 7 6 5 4 0 3 0 0 0 2 0 0 22 26 0 24 21 23 0 9 11 10 0 14 0 0 0 0 27 0 
0 7 0 6 0 5 31 30 0 28 32 0 0 24 22 0 23 25 0 14 0 12 9 11 0 33 35 34 0 2 0 0 20 17 0 19 
27 31 28 30 0 29 19 18 0 0 20 15 9 12 0 14 0 13 34 2 1 0 33 35 0 0 23 22 0 26 4 6 8 5 0 7 
9 0 10 0 0 11 0 0 35 34 2 33 0 0 28 0 0 31 0 20 19 0 0 0 0 3 5 4 0 8 22 0 26 23 21 25 
0 25 22 24 26 0 13 0 11 10 14 0 3 6 4 8 5 7 0 0 31 30 0 0 0 0 17 0 0 0 34 0 2 0 0 1 
0 1 0 0 0 0 0 24 23 22 0 21 15 0 16 0 17 0 4 8 0 0 3 5 30 27 29 28 31 32 10 0 14 0 9 13 
0 36 33 35 1 34 0 0 0 0 0 0 0 0 0 19 0 0 3 7 0 5 2 0 29 0 0 0 0 0 0 11 0 0 8 0 
2 0 3 5 0 4 30 0 0 0 0 26 20 23 0 25 0 24 0 0 12 11 0 0 0 32 34 33 36 0 15 0 19 16 14 18 
0 18 0 17 19 0 6 5 0 3 7 2 32 0 33 0 34 0 0 25 0 0 20 0 11 0 0 0 12 0 27 0 31 28 0 0 
8 0 9 0 0 10 36 0 0 0 0 0 0 0 27 31 28 30 15 19 0 0 0 16 5 2 4 3 0 0 0 23 0 0 0 0 
0 24 21 0 0 22 0 0 10 9 13 0 0 5 0 7 0 6 27 31 0 0 0 28 0 0 16 0 0 19 33 35 0 34 0 36 
0 30 0 0 0 0 0 0 16 0 0 0 8 0 9 0 0 12 33 1 0 35 32 34 23 0 22 0 24 25 0 0 0 0 0 0 
36 4 1 3 0 2 0 27 26 25 29 24 0 21 19 0 0 22 7 11 0 0 0 8 0 0 0 0 0 35 13 0 0 0 0 0 
6 10 7 9 0 0 0 33 0 0 35 0 24 27 25 29 26 0 0 0 0 15 0 14 0 36 2 1 0 5 19 21 23 0 18 22 
0 22 0 21 0 0 10 0 0 7 11 6 0 0 0 5 0 0 25 29 28 0 24 26 0 12 0 13 16 17 0 33 0 32 0 0 
30 0 31 0 0 0 0 21 20 0 23 18 0 15 13 0 0 0 0 5 4 3 0 0 0 0 0 0 0 29 7 9 11 8 6 10 
0 16 0 15 0 14 0 3 0 1 5 36 30 33 0 0 32 34 19 0 22 0 18 0 9 6 8 7 0 0 25 0 0 0 0 28 
0 0 25 27 0 26 0 0 14 0 0 0 0 9 0 0 0 0 31 35 34 0 30 32 0 18 0 0 0 23 0 0 0 2 0 0 
31 35 32 34 0 33 0 0 21 0 24 0 13 0 0 18 15 0 0 6 5 4 0 3 0 0 0 0 29 0 8 10 12 9 7 11 
0 0 20 0 0 21 11 10 9 8 0 7 0 4 0 6 0 0 0 30 0 0 0 0 0 0 15 0 17 18 0 34 36 0 0 35 
7 0 8 0 12 9 35 0 0 32 36 31 25 28 26 30 0 29 0 0 17 16 13 0 0 0 0 0 0 0 0 22 0 0 0 23 
13 0 14 16 0 0 5 4 0 2 0 1 0 0 0 0 0 35 0 24 23 0 0 0 10 0 9 8 11 12 0 28 0 0 25 29 
1 0 2 4 0 3 29 0 27 0 30 0 0 22 0 0 21 23 0 0 0 0 7 0 0 31 0 32 35 0 0 16 0 15 13 17 
0 29 26 0 30 27 0 16 15 14 18 13 7 10 8 0 9 0 0 36 0 34 31 0 0 0 21 20 23 24 2 0 0 3 1 5 
0 20 0 19 0 0 8 0 6 5 0 4 34 1 0 0 36 0 23 27 0 0 22 0 13 10 0 0 0 15 0 0 0 30 0 32 
0 2 35 0 0 36 0 0 0 23 0 22 16 19 0 0 0 20 0 9 0 0 4 0 31 28 30 29 32 33 0 0 0 0 10 0 
22 0 0 0 27 24 0 0 0 0 15 0 0 7 5 9 0 8 29 0 0 31 28 0 19 16 0 0 0 0 35 0 0 36 0 0 
0 0 11 0 0 0 2 1 0 35 3 34 28 31 29 33 30 32 0 0 0 19 16 0 0 0 0 5 0 0 23 0 0 0 0 26 
4 0 5 0 0 0 0 0 30 29 0 28 0 25 0 0 24 26 0 15 14 13 10 0 1 34 36 35 0 3 0 19 21 18 0 20 
28 0 29 0 33 0 20 19 18 17 0 16 10 0 11 15 0 0 35 3 2 1 0 0 25 0 24 0 26 0 0 0 9 0 0 0 
35 3 36 2 4 0 0 0 25 0 28 0 17 20 18 22 19 0 0 10 0 0 5 7 32 0 0 0 33 0 0 14 0 13 0 0 
17 21 0 20 0 19 9 8 0 6 10 0 35 2 36 0 1 3 0 28 27 0 0 0 0 11 0 0 15 0 0 32 34 31 29 33 
29 33 0 0 34 0 0 0 0 0 0 0 11 0 12 0 13 15 0 4 0 0 0 0 26 0 25 0 27 28 0 0 10 7 0 9 
0 27 0 26 0 25 15 14 13 0 0 0 0 0 6 0 7 9 0 0 0 32 0 31 20 0 19 0 0 0 0 0 0 0 0 0 
11 15 12 0 16 0 0 0 1 36 4 0 0 32 0 0 0 33 18 22 0 0 0 0 8 0 7 6 9 10 0 0 28 25 0 0 
5 9 6 8 0 7 33 32 31 30 34 29 23 26 24 28 0 0 0 0 0 14 0 13 2 35 0 0 0 0 0 20 22 0 17 0 
