6
4 0 6 0 0 5 20 0 0 0 24 0 0 0 32 35 34 0 0 0 9 11 0 7 0 29 0 27 25 0 18 17 13 0 16 0 
22 0 0 20 0 0 0 0 0 0 0 0 0 0 0 0 16 13 0 26 27 0 0 0 0 0 12 0 0 0 0 0 31 33 0 0 
16 0 18 0 13 17 32 34 0 0 0 31 9 12 0 0 10 0 0 20 21 0 0 19 0 0 6 3 1 0 30 29 0 27 0 26 
34 0 36 0 31 35 14 0 15 0 0 0 27 30 26 0 28 25 0 0 3 5 0 0 20 23 24 0 0 22 12 11 0 0 0 8 
10 9 12 0 7 0 26 28 0 0 30 25 0 0 0 5 0 0 18 14 0 17 0 13 32 35 0 33 0 0 24 0 19 21 22 20 
0 0 30 0 25 29 8 10 9 0 12 7 21 0 0 23 22 0 36 32 33 35 34 31 0 0 18 15 13 0 6 0 0 0 0 0 
0 0 0 0 8 0 0 29 28 30 0 26 4 7 0 6 0 0 19 0 0 18 0 0 0 0 1 34 0 0 25 0 0 22 0 0 
35 34 0 33 32 0 0 17 0 18 19 0 0 0 27 0 29 26 0 0 4 6 0 2 21 0 25 0 0 0 13 0 8 10 11 0 
0 0 25 21 0 24 0 5 0 6 7 0 16 0 15 0 17 14 0 0 0 30 29 0 9 0 13 0 8 11 0 0 0 0 0 0 
5 0 0 0 2 6 21 23 0 24 25 0 0 0 33 0 35 0 0 9 0 12 11 0 27 0 31 28 26 29 19 0 0 16 0 15 
0 28 0 0 26 30 0 11 0 0 0 8 0 25 21 24 0 20 0 0 34 36 35 0 15 18 0 0 14 0 7 6 2 4 0 0 
17 16 19 0 0 0 0 0 0 36 1 32 10 13 9 12 0 0 25 21 22 0 23 0 0 6 0 4 2 5 0 0 26 0 0 0 
0 36 3 0 34 2 17 19 18 0 21 0 0 33 0 32 31 0 9 0 0 8 7 0 0 0 27 0 22 0 15 14 10 0 0 0 
0 0 15 0 10 0 29 31 30 0 33 0 6 9 5 0 7 0 0 17 0 20 19 0 35 0 3 0 0 0 0 0 22 0 0 23 
7 0 0 0 0 0 23 0 24 0 27 0 0 3 0 2 1 0 0 11 0 14 0 0 29 32 0 30 0 0 0 0 0 18 19 0 
0 30 0 29 28 32 0 13 12 0 15 0 24 0 23 26 25 22 0 35 36 2 0 0 17 20 0 18 16 19 0 0 0 0 7 5 
19 0 21 17 16 20 0 0 0 2 0 34 0 0 11 14 13 10 27 0 24 0 0 22 0 8 0 6 4 0 33 0 0 30 0 29 
0 0 27 23 22 26 5 7 6 8 9 0 0 21 0 0 19 16 0 29 0 0 31 0 11 0 0 12 0 13 3 0 34 0 1 35 
24 0 26 22 21 25 0 6 5 0 8 3 0 0 16 0 0 0 32 0 29 31 30 27 10 0 14 0 0 12 0 1 33 35 36 34 
0 0 0 4 0 0 22 0 23 0 0 21 35 2 0 0 36 0 14 0 11 13 0 0 28 0 0 0 27 0 0 19 15 0 18 16 
30 29 0 28 27 31 0 0 0 13 14 9 0 0 0 25 0 0 0 0 35 0 36 33 16 19 0 17 15 18 8 7 0 0 6 0 
0 17 20 16 15 0 34 0 0 1 2 33 0 0 10 13 12 0 26 22 0 25 24 21 4 0 8 0 0 6 0 31 27 29 30 0 
0 11 14 0 0 13 28 30 0 0 0 0 0 8 0 0 0 3 20 0 0 0 0 15 0 1 0 35 33 0 0 0 21 23 24 22 
36 0 2 34 0 1 0 18 17 19 20 15 29 32 0 31 30 0 0 0 5 0 0 0 0 0 0 0 0 24 0 13 0 11 12 10 
0 7 10 0 0 0 24 26 0 0 0 0 1 4 36 0 2 0 0 12 0 0 0 0 30 0 34 0 0 0 22 0 17 19 0 18 
0 0 0 0 0 0 0 2 0 3 4 35 0 0 12 15 0 11 28 0 25 27 0 0 6 9 10 7 0 8 0 33 0 0 32 0 
26 0 28 0 0 27 6 0 0 9 0 5 0 0 0 21 20 0 0 0 31 0 0 29 0 0 16 0 11 0 4 0 35 0 0 0 
0 0 4 0 0 0 18 20 19 21 22 0 31 0 0 33 0 29 0 0 7 0 8 0 0 27 28 0 0 0 0 15 11 0 14 12 
32 31 34 0 0 0 12 14 13 0 16 11 0 0 24 0 0 0 0 0 1 3 0 35 18 21 22 19 0 0 0 0 5 7 8 6 
14 0 16 12 0 15 30 0 0 0 0 0 0 10 6 0 0 0 22 18 19 21 20 0 36 0 4 0 35 2 0 0 0 0 0 24 
21 0 23 0 18 0 1 0 2 0 0 36 0 17 0 0 15 0 29 25 0 0 0 0 7 10 0 8 0 0 35 0 30 32 0 31 
0 14 0 13 12 0 31 33 32 34 0 30 0 0 7 10 9 6 23 19 20 22 21 18 1 0 0 2 36 0 0 0 24 0 0 25 
9 8 0 7 0 10 0 0 0 0 29 24 0 5 0 4 0 0 17 13 0 0 0 12 0 34 0 0 0 33 0 0 0 0 0 0 
0 26 29 25 24 28 7 9 8 0 0 6 20 0 0 0 0 18 0 31 32 34 33 0 0 0 17 14 12 15 5 4 36 2 3 0 
0 0 35 31 30 34 13 0 14 16 0 12 26 29 25 0 27 0 5 1 0 0 0 36 0 0 23 0 18 0 0 10 6 0 0 0 
3 0 0 1 36 4 0 0 20 22 0 18 0 0 31 34 33 0 11 0 8 10 9 0 25 0 0 0 0 0 0 0 0 14 15 13 
