6
22 26 24 21 23 25 0 0 0 33 34 35 0 0 0 11 9 13 7 0 5 0 0 3 20 0 19 0 16 17 0 0 0 30 0 0 
0 2 0 0 0 0 0 13 0 9 0 0 0 22 26 0 21 0 19 18 17 16 20 0 32 0 0 0 28 29 8 0 7 6 3 0 
0 0 0 0 11 13 0 25 24 0 22 0 0 34 2 0 0 1 31 0 0 28 32 27 0 0 0 0 4 0 0 16 19 18 0 17 
28 0 0 27 0 31 8 7 6 3 0 0 18 16 20 0 15 0 0 0 0 0 0 0 26 24 25 21 0 0 2 34 0 0 33 0 
4 0 0 3 0 7 0 0 0 0 16 17 0 28 0 0 27 31 25 0 0 22 0 0 2 0 1 0 0 0 0 10 0 12 0 0 
16 0 0 0 17 19 32 0 30 0 28 0 0 4 8 5 0 0 0 36 35 0 2 33 14 12 13 9 0 0 0 0 25 24 0 23 
0 0 0 11 13 15 28 27 26 23 0 0 0 36 4 0 35 0 33 32 31 0 34 29 10 8 9 5 0 0 0 18 21 0 0 0 
0 0 0 17 0 0 0 33 32 29 30 0 0 0 10 0 5 9 0 2 1 0 4 35 16 0 15 11 0 0 28 0 27 0 0 0 
24 28 26 0 25 27 0 0 2 35 0 1 0 12 0 13 11 15 0 8 0 6 10 5 22 0 21 0 18 0 34 0 33 0 0 31 
30 34 32 29 0 0 0 0 8 0 6 0 20 0 22 19 17 0 15 14 0 0 0 11 28 0 0 0 24 25 0 36 0 2 0 0 
0 4 0 35 0 3 0 15 14 11 0 0 0 24 28 0 0 27 0 0 0 18 22 0 34 32 0 0 30 31 10 6 0 0 0 0 
0 0 8 5 7 9 0 21 20 0 0 0 32 30 0 0 29 0 27 26 0 0 0 0 4 0 0 0 36 0 0 0 15 0 11 13 
0 0 3 0 2 0 17 16 0 12 0 14 27 0 29 0 24 28 22 0 0 19 23 18 35 33 34 30 31 32 0 0 0 9 0 8 
31 0 0 0 0 0 11 10 0 0 7 8 21 0 0 20 18 22 16 0 14 0 17 0 29 0 0 24 25 0 5 0 0 0 36 2 
0 0 27 0 0 0 5 0 3 36 0 0 0 13 17 0 0 16 10 0 0 0 11 0 23 21 0 18 0 0 35 0 34 0 30 0 
7 11 0 6 0 10 0 0 0 0 0 0 0 31 35 32 0 0 0 0 26 0 0 0 5 3 4 0 1 0 17 13 16 15 0 14 
0 17 0 12 14 16 29 28 0 0 0 26 3 1 0 0 36 0 0 33 0 0 35 0 11 0 10 0 7 8 0 0 0 21 18 0 
19 23 21 0 20 22 35 0 0 30 31 32 9 7 11 0 0 10 0 0 2 1 5 36 17 15 0 12 13 14 29 0 28 0 24 26 
33 1 0 32 0 0 0 12 11 0 0 10 0 0 25 0 20 24 18 17 16 15 0 14 31 0 30 26 0 0 0 3 0 0 2 0 
27 31 29 0 0 0 0 0 5 0 0 0 0 15 19 16 0 0 12 11 0 9 0 0 25 0 24 0 0 22 1 0 36 35 32 0 
0 13 0 8 10 12 0 0 0 20 21 22 0 33 1 0 0 0 30 0 0 27 0 26 7 0 6 2 3 0 19 0 18 0 0 16 
15 19 0 14 16 18 31 30 0 0 0 28 5 3 0 0 2 6 36 0 0 0 0 32 0 11 0 8 9 0 25 21 24 0 20 22 
3 7 5 0 4 0 19 18 0 14 0 16 0 0 0 28 0 30 0 23 22 0 0 20 0 35 36 32 33 0 0 0 12 0 0 0 
0 25 23 0 0 24 1 0 0 0 0 0 0 0 13 10 8 0 6 5 4 0 0 0 19 17 0 0 15 16 31 27 0 0 0 28 
0 24 0 0 21 0 36 0 34 31 32 0 10 0 0 0 0 0 5 0 0 0 6 0 0 16 0 0 14 0 0 0 29 28 0 0 
0 36 0 31 0 35 0 0 10 7 0 9 0 0 24 0 19 0 17 0 0 0 0 13 30 28 29 0 26 0 6 2 5 0 0 0 
0 18 16 0 15 17 30 29 0 25 26 0 4 0 6 3 1 5 35 34 33 32 0 31 0 10 0 7 0 0 24 20 0 0 19 21 
8 0 10 7 9 11 0 23 0 0 0 21 34 0 0 0 31 0 0 28 0 26 30 25 6 0 0 0 0 0 18 0 17 0 0 0 
26 0 0 25 27 0 6 0 0 0 2 3 0 0 18 15 0 17 0 0 9 0 0 7 24 22 23 19 20 21 0 32 35 34 0 33 
2 6 0 1 0 0 18 17 0 13 0 15 28 0 30 27 0 0 23 0 0 20 0 19 0 0 0 31 0 0 0 8 0 10 0 0 
0 21 19 0 18 0 33 0 31 0 29 30 0 5 9 0 0 8 0 0 36 35 0 34 15 0 14 10 11 0 27 0 26 0 22 24 
35 3 1 0 36 0 15 14 13 10 0 12 0 23 27 0 22 0 20 0 0 0 21 0 33 31 0 0 0 0 9 0 8 7 0 6 
5 9 7 4 0 0 21 0 0 16 0 0 31 0 33 30 0 32 0 25 0 0 0 0 3 0 2 34 35 36 0 0 0 0 10 12 
23 0 25 22 24 26 3 0 1 34 0 36 13 11 15 0 10 0 0 0 6 5 9 4 21 0 20 0 17 0 0 29 0 0 28 0 
11 0 0 10 12 14 0 26 0 0 23 24 0 35 0 36 34 0 0 0 30 29 33 28 0 7 0 4 0 6 0 0 0 0 16 0 
29 0 31 28 0 0 9 0 7 4 5 0 19 0 0 18 0 0 0 13 12 0 15 10 0 0 0 22 0 0 3 0 0 0 0 36 
