6
5 0 2 0 0 0 14 18 17 19 0 0 0 24 23 22 25 0 8 12 0 0 13 0 31 28 30 26 27 29 34 0 35 32 1 36 
35 0 0 34 36 33 8 12 11 13 0 0 0 0 17 0 0 0 0 6 4 0 0 0 0 0 24 0 0 0 0 0 0 26 0 30 
17 0 14 0 18 15 26 0 0 31 27 28 32 0 35 0 1 0 20 24 0 21 25 23 0 4 6 2 0 0 10 9 11 8 0 0 
29 31 0 28 0 0 0 0 5 0 0 0 8 12 0 0 13 9 32 0 0 0 1 0 0 16 18 14 15 0 22 21 23 20 0 0 
23 0 20 0 24 21 32 0 0 1 0 34 2 0 0 4 0 3 0 30 28 0 31 0 13 0 12 8 0 0 0 15 0 0 19 0 
0 0 8 0 12 0 0 24 23 0 0 0 0 30 0 0 31 0 14 18 16 15 19 17 1 0 0 0 33 35 4 0 5 2 0 6 
0 0 10 12 14 11 22 26 25 0 0 24 28 0 31 0 33 29 0 20 0 0 0 19 3 36 2 0 0 0 6 5 7 4 9 0 
7 9 4 6 0 5 0 0 19 21 17 18 0 26 25 24 0 0 0 14 0 0 0 0 0 0 32 0 0 31 36 35 1 34 0 2 
25 27 22 0 0 23 0 2 0 0 0 0 0 8 0 6 0 0 0 32 0 29 33 31 0 0 0 10 0 13 18 0 19 16 0 0 
0 33 28 30 32 0 0 0 0 9 0 6 10 0 13 0 15 0 0 0 0 0 0 1 21 0 0 0 0 0 24 23 25 0 27 0 
0 3 34 0 2 0 10 0 13 0 0 0 16 0 19 0 21 17 4 8 0 0 0 7 27 24 0 0 23 0 30 29 0 0 0 32 
0 0 16 0 0 0 0 0 31 33 29 30 34 2 0 36 0 0 22 26 0 0 27 0 9 0 0 4 0 0 12 11 13 0 15 14 
3 0 36 0 4 1 12 0 0 0 0 0 0 22 21 0 0 0 0 0 8 7 0 9 0 0 0 0 25 0 0 31 33 30 35 34 
0 0 0 8 0 7 0 22 0 23 19 20 0 0 0 26 29 25 0 16 14 13 0 0 35 32 34 0 0 0 0 1 0 0 5 4 
27 0 24 26 0 25 36 0 3 0 1 0 6 10 0 0 0 0 0 0 0 0 35 33 17 14 0 0 0 15 20 0 0 0 0 0 
0 23 18 20 22 0 0 34 0 0 31 32 36 4 3 0 0 0 24 0 0 0 0 27 0 0 10 6 7 9 0 13 15 0 0 0 
0 35 30 0 0 31 0 0 0 11 0 0 0 16 15 14 0 13 0 0 0 1 0 3 23 0 22 0 19 21 0 0 0 0 0 0 
15 0 12 0 16 0 24 0 0 0 25 0 0 34 33 32 35 31 18 0 0 19 23 0 5 0 0 0 1 3 0 7 9 6 11 10 
30 0 27 29 31 28 3 7 6 8 4 5 0 0 0 11 14 0 0 1 0 34 0 0 20 0 19 15 16 0 23 0 24 0 26 25 
6 8 0 0 7 4 0 0 18 20 16 0 21 25 0 0 26 22 9 0 0 10 14 0 0 0 0 0 28 30 0 0 36 33 2 1 
12 14 9 11 13 10 0 25 0 0 0 0 0 31 30 0 32 0 15 0 0 0 0 18 0 35 0 0 0 36 0 4 6 0 0 0 
0 0 33 35 1 0 0 0 12 0 0 0 0 0 18 0 0 0 3 0 0 0 8 6 0 0 0 0 0 24 29 28 0 27 32 0 
0 20 0 0 19 16 0 0 30 0 0 0 33 0 36 35 0 0 21 0 23 22 0 24 0 5 0 3 4 6 11 0 0 0 0 13 
0 0 0 23 25 0 33 1 36 0 34 35 0 0 0 5 0 0 27 0 29 28 0 30 14 0 0 9 0 12 0 16 18 0 20 0 
2 0 0 1 3 0 0 15 0 16 0 13 0 21 0 0 0 0 0 9 7 6 10 0 28 0 27 0 24 26 0 0 32 29 0 33 
32 0 0 31 33 30 0 9 0 0 6 0 11 0 14 0 16 12 0 3 1 36 0 0 22 0 21 0 0 20 0 0 26 23 0 27 
0 0 0 25 0 24 35 0 0 4 36 0 5 9 0 7 0 6 29 33 31 0 0 0 16 13 0 0 12 0 0 0 20 17 22 0 
14 16 11 0 0 0 0 27 0 0 0 0 0 33 0 31 34 30 17 21 19 18 0 0 4 0 0 35 36 0 0 0 0 0 0 0 
20 22 17 19 0 18 0 0 32 34 0 0 0 0 2 1 0 36 23 0 0 24 28 26 0 0 9 5 0 0 13 12 0 11 16 15 
0 0 0 0 0 6 17 21 0 22 0 19 23 0 26 0 28 0 11 0 13 12 0 0 0 31 0 0 0 0 0 0 0 0 4 0 
28 0 0 27 0 0 0 0 4 0 0 3 7 0 10 0 12 8 31 0 0 0 0 34 0 15 0 0 14 16 0 0 0 19 0 23 
0 12 0 9 11 8 19 0 22 0 20 21 0 29 0 27 0 26 0 17 0 0 18 0 0 0 0 31 0 34 0 2 0 1 6 5 
4 6 1 3 0 0 13 0 16 0 14 15 0 23 0 0 0 0 0 0 0 8 12 10 30 0 29 25 0 0 0 32 0 0 36 35 
16 18 0 0 17 0 25 29 0 0 26 27 31 35 34 33 36 0 0 23 0 0 24 0 0 3 5 0 2 4 9 0 0 0 0 11 
34 36 31 33 0 32 0 0 0 0 0 0 13 17 0 0 0 0 1 0 0 0 6 0 0 0 23 0 20 0 0 26 0 0 0 29 
0 24 0 21 23 0 0 35 34 0 32 33 1 0 4 3 6 2 0 29 27 0 0 28 12 0 0 0 0 0 0 14 0 0 0 17 
