6
0 0 18 0 0 0 0 25 0 0 27 22 0 35 3 36 1 0 9 4 8 0 6 0 0 0 15 0 11 10 30 31 0 29 0 33 
22 27 0 26 23 25 29 31 0 30 0 28 4 0 9 6 7 8 0 0 0 11 0 13 19 0 0 18 0 16 0 0 34 35 0 0 
28 0 30 0 0 0 0 1 0 36 3 34 0 0 15 12 13 0 21 0 0 17 18 0 0 26 27 24 0 0 6 0 4 5 8 0 
10 0 12 0 11 0 17 0 20 0 0 16 0 0 33 30 0 32 3 0 0 35 0 0 0 8 9 6 0 4 24 0 22 23 26 27 
4 9 6 8 0 0 11 0 0 0 15 10 0 23 27 24 0 26 33 0 0 0 30 0 0 0 0 0 0 0 0 0 16 0 20 21 
0 0 0 2 35 1 5 7 0 0 9 0 16 0 0 18 19 0 27 0 0 0 0 0 0 32 0 30 0 28 0 0 0 0 0 15 
0 0 20 22 19 0 25 27 28 0 0 24 36 1 5 2 3 0 0 0 10 7 8 0 0 0 17 14 0 0 0 0 30 0 0 35 
36 0 2 0 1 0 0 0 0 8 11 6 18 19 0 20 0 0 0 0 28 0 0 27 33 0 0 32 0 30 14 15 12 13 16 17 
30 0 32 34 0 33 1 3 4 0 0 36 0 0 0 14 15 16 23 0 0 19 0 21 0 28 29 26 25 0 8 9 6 7 10 11 
0 17 14 0 13 15 0 21 0 0 23 18 30 31 0 0 0 34 0 36 0 0 0 0 0 0 0 0 0 6 26 0 24 25 28 29 
0 11 8 0 7 9 0 15 16 0 17 0 24 25 29 26 0 0 0 0 34 0 32 0 3 4 0 0 1 36 20 0 0 19 22 0 
0 29 0 28 25 27 31 33 34 32 35 0 0 0 0 0 0 0 17 0 16 13 0 0 0 22 23 20 0 18 2 0 0 1 4 5 
33 2 0 0 34 0 4 6 7 0 8 0 0 16 20 17 18 19 0 21 0 22 23 24 30 31 0 0 28 27 0 12 0 10 0 0 
27 0 29 0 28 0 34 0 1 35 2 33 9 0 14 11 0 0 20 15 0 16 0 18 24 25 0 0 22 0 0 6 0 0 7 8 
21 0 23 0 22 0 28 30 0 29 32 27 0 4 8 0 0 7 0 9 0 0 0 0 18 19 0 0 0 15 35 36 33 0 0 0 
3 0 0 7 0 0 10 0 0 11 0 0 0 22 26 23 0 25 0 27 0 28 29 0 36 1 0 0 0 33 0 0 0 16 0 0 
9 0 0 13 10 0 16 0 19 0 0 0 27 0 0 0 30 0 0 33 0 34 35 0 6 0 0 5 0 3 23 0 0 22 0 26 
15 0 17 0 16 18 22 0 0 23 0 21 33 0 2 0 36 0 0 0 7 0 5 6 12 0 0 0 0 9 0 0 0 28 0 0 
0 0 4 6 3 5 0 0 12 0 0 8 0 0 25 22 0 24 0 26 30 0 0 0 0 36 1 34 0 0 0 17 0 0 0 0 
32 1 34 36 33 0 3 5 6 0 0 0 0 0 19 0 0 0 25 0 0 21 22 0 29 30 0 0 27 26 0 11 8 9 12 0 
14 19 0 18 15 17 0 0 0 22 25 20 32 33 1 34 0 0 0 2 6 0 4 5 0 0 13 0 0 8 0 29 0 27 30 0 
20 25 0 0 21 23 27 29 30 28 31 26 2 0 7 4 5 6 13 0 12 9 0 11 0 18 19 16 0 0 0 0 32 33 36 0 
26 31 28 0 27 29 0 35 0 34 1 0 8 0 0 0 11 12 19 0 18 15 0 17 23 24 0 0 0 20 0 0 0 3 0 0 
8 0 0 0 0 11 15 17 18 0 19 0 0 27 0 28 0 30 0 32 0 33 0 0 5 0 0 0 0 2 22 23 20 21 0 25 
13 18 15 0 0 16 0 0 23 21 24 19 0 0 0 0 0 0 0 0 5 2 0 0 10 11 12 0 8 7 27 28 0 26 0 30 
31 0 33 35 32 0 0 0 5 3 6 0 13 0 0 0 0 0 24 0 23 0 0 0 0 0 0 27 0 25 0 0 7 0 11 12 
0 30 27 29 26 28 32 0 35 33 36 0 0 8 12 0 10 0 18 0 17 14 15 0 22 23 0 21 20 0 0 4 1 0 5 0 
7 12 9 11 8 0 0 16 17 0 18 13 0 26 0 0 28 29 0 31 0 32 0 34 0 5 0 3 0 1 0 22 0 0 0 0 
1 6 3 5 2 0 0 10 11 9 12 0 0 20 0 0 0 0 30 25 0 0 0 28 34 0 0 33 0 31 0 0 0 14 17 0 
0 24 21 0 20 0 26 28 29 0 30 0 1 2 0 0 0 5 12 0 11 0 0 0 0 0 18 15 14 13 33 34 31 32 0 36 
5 0 7 0 6 8 0 14 0 0 0 11 23 24 0 25 26 0 0 29 33 30 31 0 2 3 0 0 0 0 0 0 0 18 0 0 
0 0 1 0 0 2 6 0 9 7 10 5 0 0 22 0 20 21 28 23 0 0 25 26 0 33 0 31 30 0 13 14 0 12 0 0 
23 0 25 0 24 0 0 32 0 31 0 0 0 0 0 7 0 9 0 0 15 12 13 0 20 0 22 19 18 17 1 0 0 36 3 4 
11 0 13 0 12 14 0 0 0 19 22 17 0 30 0 31 0 33 0 0 3 0 1 0 0 0 10 7 0 0 25 26 23 24 27 0 
17 0 19 0 0 0 24 0 27 0 28 23 35 36 4 1 2 3 10 0 0 6 7 0 0 15 16 0 0 11 31 0 29 0 0 34 
29 34 31 0 0 32 36 0 3 1 0 35 11 0 16 0 0 0 22 17 0 18 0 20 0 27 28 0 0 23 0 8 0 0 0 10 
