6
0 0 0 25 23 0 17 15 20 0 18 0 0 13 12 0 14 11 0 2 35 33 0 0 0 0 4 6 0 5 0 30 28 0 27 31 
0 28 27 31 29 30 23 0 26 0 0 0 0 19 0 0 0 0 6 0 0 3 0 0 0 9 10 12 0 0 2 36 0 0 33 0 
0 0 3 0 5 6 0 33 0 1 0 0 28 31 30 0 32 0 0 0 0 15 19 16 0 21 0 24 0 0 0 12 0 0 9 0 
20 0 0 0 0 18 0 0 0 0 0 10 4 7 0 3 0 0 0 0 0 27 31 28 2 0 0 36 1 0 26 0 22 0 21 0 
14 10 9 0 11 12 5 0 8 7 6 0 0 0 0 33 0 0 24 0 23 0 25 22 32 27 28 0 0 29 20 18 16 17 15 19 
0 0 33 0 35 0 29 0 32 0 30 0 0 0 0 0 0 0 12 14 0 0 0 10 0 15 16 0 19 17 0 0 4 5 3 0 
0 29 0 32 0 31 24 0 27 0 0 23 0 0 0 16 21 18 7 0 0 0 8 0 15 0 11 13 14 0 0 1 0 36 34 2 
9 0 4 0 6 7 0 0 0 2 0 0 0 32 31 0 0 30 19 0 18 0 0 0 27 0 0 0 0 24 0 0 0 12 10 14 
27 23 0 26 24 0 0 16 21 20 0 0 0 0 13 0 15 12 1 0 36 0 2 0 0 0 0 7 0 0 0 31 29 0 0 32 
0 17 0 20 18 19 12 0 15 14 13 11 5 8 7 0 9 0 31 0 0 28 0 29 3 0 35 0 2 0 0 25 23 0 0 0 
0 11 10 0 0 13 0 0 9 8 7 5 35 0 1 0 3 36 25 27 24 0 26 23 33 0 29 0 0 30 0 0 0 18 16 20 
0 0 0 2 36 0 30 0 0 32 0 29 23 0 25 0 27 24 0 0 12 10 0 0 0 16 17 19 0 18 9 0 0 0 4 8 
0 2 0 0 0 0 33 0 0 0 34 32 26 29 0 25 30 27 0 0 15 13 0 0 24 19 20 0 0 21 12 10 0 0 0 11 
0 0 0 0 33 34 0 25 30 0 0 0 0 0 0 0 0 0 0 12 0 7 11 0 18 13 0 16 0 15 0 0 0 0 0 5 
24 0 19 23 21 22 0 0 0 17 0 0 8 11 10 7 0 0 0 0 33 31 35 32 6 0 2 0 0 0 0 28 0 27 25 29 
0 14 0 0 0 16 0 7 0 0 10 0 2 5 4 0 6 0 0 0 27 25 0 26 0 0 32 34 35 0 0 22 20 21 19 23 
30 0 0 0 0 28 21 0 0 23 22 0 14 0 0 13 18 15 0 0 0 0 5 0 12 0 8 10 0 0 0 0 0 33 31 35 
12 0 7 0 0 10 0 1 6 5 4 0 0 0 0 31 36 0 22 0 21 19 23 0 30 25 0 0 29 0 0 0 0 0 0 17 
19 0 0 0 16 17 0 8 0 12 0 0 0 0 5 0 7 4 29 31 28 0 30 27 0 32 0 0 36 0 0 23 21 22 20 24 
7 0 2 0 4 5 0 32 1 0 35 33 0 30 0 26 0 0 17 0 16 14 0 0 25 20 0 23 0 0 13 11 0 10 8 0 
13 0 0 12 0 0 0 2 7 6 0 3 0 0 35 32 1 34 23 0 22 0 24 21 0 26 27 0 0 0 0 0 0 16 14 0 
0 0 26 0 0 29 0 20 25 24 0 21 0 18 17 14 19 16 5 7 0 2 6 3 0 0 9 11 12 0 1 35 0 0 32 0 
1 0 0 0 34 35 28 0 0 0 0 0 0 0 0 0 0 0 0 0 0 8 12 0 0 14 0 17 0 0 0 5 3 4 0 0 
0 21 0 0 0 23 0 0 0 18 0 15 0 0 0 0 0 0 35 0 34 32 0 33 0 2 3 5 0 4 0 0 27 28 26 0 
16 0 11 15 13 14 7 5 0 9 8 0 0 3 2 0 4 0 0 28 0 0 0 0 0 0 30 0 33 31 0 0 0 0 17 0 
34 30 29 0 0 32 25 23 0 27 26 0 0 0 20 0 0 19 8 0 7 5 9 6 16 0 0 14 0 13 0 0 0 0 0 0 
22 0 0 0 0 0 13 0 16 0 0 12 0 0 0 0 0 7 32 34 31 0 33 30 0 0 0 0 3 0 28 26 0 0 0 0 
28 24 0 0 0 26 19 17 22 21 20 0 0 0 0 0 16 13 2 0 0 35 3 36 0 5 6 0 9 0 0 32 30 0 0 33 
4 0 0 3 0 0 31 29 34 33 0 0 0 27 26 0 28 25 14 0 13 0 15 12 0 17 18 20 21 0 10 8 6 7 0 9 
0 0 5 0 7 0 1 0 4 0 2 0 0 0 0 29 0 31 20 22 0 0 0 0 28 23 24 0 27 25 16 0 12 13 11 0 
0 0 0 0 2 0 32 30 35 0 0 31 25 28 27 0 0 0 15 0 14 12 0 13 0 0 19 21 22 20 0 0 7 8 6 10 
29 0 0 0 26 27 0 0 0 22 21 19 0 0 0 0 0 14 0 0 0 0 4 0 0 0 7 9 10 0 35 33 0 32 30 34 
0 0 0 0 0 21 0 0 17 0 0 13 0 10 0 0 0 0 33 0 32 0 0 0 0 0 1 3 4 0 29 27 0 0 24 0 
35 0 0 34 32 0 26 24 29 0 0 25 0 22 0 0 23 20 0 0 8 0 10 0 17 12 13 15 16 14 5 3 0 0 0 0 
17 13 0 0 0 0 0 6 0 10 9 7 0 0 3 0 0 2 0 29 26 0 0 0 0 0 0 0 0 32 0 0 0 0 18 0 
0 0 0 10 0 9 0 36 5 0 0 0 31 0 33 30 35 32 0 23 0 0 0 0 29 24 25 0 0 26 0 15 0 14 0 16 
