6
0 0 7 0 11 8 13 0 0 0 0 16 0 0 0 0 29 0 0 0 35 0 36 32 20 0 0 22 0 0 0 6 0 1 4 3 
0 16 13 18 17 0 19 0 0 24 23 22 0 31 0 0 35 32 0 1 0 3 6 0 0 27 0 0 29 30 8 12 11 7 0 9 
0 34 31 0 35 0 1 2 3 0 0 0 0 0 0 15 0 14 22 0 0 0 0 0 0 9 7 10 11 0 0 0 29 25 0 27 
0 28 0 30 29 0 0 0 33 36 35 0 0 7 12 9 0 8 0 0 0 0 18 14 0 3 0 4 0 0 0 0 23 19 22 21 
21 22 19 0 0 0 25 0 27 30 29 28 0 1 0 3 5 2 10 0 0 9 0 8 32 33 0 0 0 0 14 0 17 13 16 0 
0 0 1 0 0 2 0 8 9 0 0 0 0 0 0 0 23 20 28 0 29 27 0 26 0 0 0 0 17 18 0 0 35 31 34 33 
0 0 0 20 19 0 0 22 23 0 0 24 36 0 2 35 1 0 6 3 0 5 8 4 28 0 0 30 31 0 10 14 13 0 0 0 
0 0 0 32 0 0 0 0 0 2 0 0 0 0 14 0 0 10 18 0 0 0 20 16 4 5 3 0 7 0 0 26 25 0 24 23 
5 6 0 0 7 4 0 10 11 14 13 0 24 0 0 23 25 22 0 0 31 0 0 0 0 17 15 0 19 0 0 2 1 33 0 35 
0 0 21 0 0 22 0 0 0 32 31 30 6 3 8 0 0 4 12 0 0 11 0 0 0 0 33 0 0 2 16 0 19 0 18 0 
0 0 0 0 0 10 15 16 0 0 19 18 30 0 32 29 31 28 0 0 0 0 0 0 0 0 21 0 25 0 4 8 0 3 0 5 
35 0 33 2 0 34 3 0 0 8 7 0 18 15 20 0 19 16 0 21 0 23 0 22 10 11 0 0 13 14 28 32 0 0 0 0 
0 0 0 27 0 0 0 29 30 0 32 31 7 4 0 6 8 5 13 0 0 12 0 11 35 0 0 0 2 0 17 21 20 0 0 0 
18 19 16 21 0 0 22 23 0 0 26 25 1 0 3 0 0 35 0 0 0 6 9 0 29 30 0 0 0 0 11 0 0 10 0 0 
0 0 28 0 32 29 34 0 0 3 0 0 13 0 0 12 14 11 19 0 20 0 21 0 5 6 4 7 0 0 0 0 0 22 25 24 
12 0 0 0 0 0 16 0 18 21 20 19 0 28 33 30 32 29 0 34 2 36 3 0 23 24 0 0 26 27 0 0 0 4 7 6 
0 0 0 9 0 5 10 11 0 0 14 0 25 0 0 0 26 0 0 0 32 30 0 0 0 0 16 0 0 0 0 0 2 34 0 36 
36 0 34 3 2 0 0 5 0 9 8 0 19 16 21 18 0 17 25 22 26 0 27 23 0 12 10 0 0 15 0 0 0 0 0 30 
0 2 0 4 0 0 0 0 7 10 0 8 20 17 22 19 21 0 0 0 0 25 0 24 0 13 11 14 0 16 0 0 33 0 0 0 
31 32 0 0 0 0 35 36 1 4 3 2 0 11 0 0 15 12 0 0 21 19 22 18 6 7 5 8 9 10 0 28 27 23 26 0 
7 8 0 10 9 0 0 0 0 16 0 14 0 23 28 0 0 24 32 0 0 31 34 0 0 19 0 0 21 22 36 4 0 0 2 1 
0 0 11 0 15 12 0 0 19 22 21 0 32 29 34 0 33 0 2 0 3 1 0 0 0 25 23 0 0 0 6 0 0 0 8 0 
19 20 17 22 0 0 0 0 0 28 0 26 0 35 4 1 0 0 8 5 0 0 0 6 30 0 29 0 0 0 0 0 0 11 0 0 
25 26 23 0 27 24 29 0 0 34 0 32 8 5 0 0 0 0 0 0 0 13 16 12 36 0 35 0 0 0 0 22 0 0 0 19 
0 0 8 0 0 9 14 15 0 0 0 0 0 26 31 28 30 27 0 0 0 0 0 33 0 0 0 23 24 25 3 7 6 2 0 0 
16 17 14 19 18 15 20 21 22 0 0 23 0 32 1 34 36 33 5 2 0 4 0 3 0 0 0 0 30 31 0 13 0 0 11 10 
4 5 2 0 0 0 8 0 10 13 0 0 0 20 0 0 0 0 0 26 30 0 0 27 0 0 0 0 0 19 0 1 36 0 0 34 
0 0 20 0 0 21 0 27 0 31 30 29 0 0 7 0 6 0 11 8 12 10 13 0 0 0 0 0 0 1 0 0 0 0 0 16 
0 35 0 0 0 0 2 3 4 0 6 0 0 14 19 16 18 0 23 0 24 0 0 21 9 10 0 0 0 13 0 0 0 26 29 28 
0 0 0 0 0 0 32 33 34 0 0 35 11 0 0 0 0 0 17 0 0 0 0 0 3 4 0 5 0 0 21 25 24 20 23 22 
8 9 0 0 0 7 12 0 0 0 16 0 0 24 29 26 28 25 0 30 0 32 35 31 0 20 0 0 0 23 0 0 4 0 3 0 
0 3 36 0 0 0 6 7 8 11 10 0 21 0 23 0 22 19 27 24 28 0 0 25 0 0 0 15 0 17 31 35 0 30 33 0 
0 15 12 0 0 0 18 19 0 23 22 21 0 0 35 32 0 0 0 36 0 2 5 1 0 0 0 27 0 29 7 11 0 6 0 0 
0 0 30 35 34 0 36 1 2 0 0 3 0 12 17 0 0 13 21 0 0 20 23 19 7 0 0 0 10 11 0 0 0 24 27 26 
0 0 0 0 28 25 30 0 0 35 34 33 9 0 0 0 10 7 0 12 16 14 17 13 1 2 36 3 4 5 19 0 0 0 0 0 
0 21 18 23 22 0 0 0 26 29 28 0 0 0 0 2 4 1 0 6 0 0 0 0 0 0 30 0 0 35 13 0 0 12 0 14 
