6
0 0 0 7 0 11 0 25 26 0 28 30 0 0 0 4 6 0 0 0 0 0 0 22 0 0 31 34 35 0 0 0 0 18 17 0 
0 0 32 31 0 35 0 0 14 15 0 18 0 0 25 0 0 26 0 0 8 9 7 10 20 21 0 0 23 0 2 1 0 0 0 0 
0 28 26 25 30 0 0 7 8 0 10 0 0 0 0 22 24 0 5 0 0 0 1 4 0 15 13 16 0 18 32 31 0 36 35 34 
21 22 0 0 24 0 5 0 2 3 4 0 0 0 0 16 0 0 0 36 32 33 31 34 0 0 0 10 11 0 0 25 0 30 29 28 
0 4 0 0 6 0 0 19 0 0 22 0 35 33 0 0 0 32 0 18 0 15 0 0 0 0 25 0 29 30 8 0 9 0 11 10 
15 0 0 13 0 0 35 0 0 0 0 0 0 0 0 10 0 0 29 0 0 27 0 28 0 3 0 4 5 0 20 19 0 0 23 22 
0 0 0 4 0 8 0 0 23 0 0 0 2 0 34 0 3 0 20 21 17 18 0 0 0 0 28 31 32 33 0 0 12 15 14 13 
0 0 29 28 0 32 14 10 11 0 0 15 26 0 22 25 27 23 0 0 5 0 0 0 0 18 16 0 0 0 35 0 0 0 2 1 
18 19 0 16 0 0 2 34 35 36 0 0 0 12 10 13 15 11 32 33 29 30 0 0 0 6 4 7 0 9 23 22 0 27 26 0 
0 25 0 0 0 0 0 4 0 0 0 0 0 0 16 0 21 17 0 3 35 0 34 0 0 12 0 0 0 15 0 28 30 33 32 0 
0 0 0 34 3 0 0 0 17 18 0 0 32 0 0 0 0 29 0 15 0 12 10 13 0 24 0 0 26 0 5 0 0 9 8 7 
0 13 0 0 15 0 0 28 29 0 0 33 0 6 4 7 9 0 0 0 0 0 0 25 35 36 0 0 2 0 17 16 0 0 20 19 
0 30 0 0 32 31 13 9 10 0 12 0 25 0 0 0 0 0 7 0 4 5 3 0 16 0 0 18 0 20 34 33 0 2 1 0 
23 0 22 0 26 0 7 0 4 5 6 0 19 0 0 18 0 16 1 2 34 0 0 36 10 11 0 0 13 0 28 0 0 0 0 30 
0 12 0 9 14 13 31 27 0 0 0 0 0 5 0 6 0 4 25 26 0 0 21 0 0 35 33 36 0 0 0 0 17 0 19 18 
35 0 34 0 2 1 19 15 0 0 0 0 0 0 27 30 32 0 0 0 10 0 0 12 0 0 21 0 25 26 0 3 0 0 0 6 
0 6 0 3 0 0 25 21 22 23 0 26 0 0 0 36 2 0 0 20 0 17 0 0 28 29 27 0 31 0 10 0 0 14 0 0 
0 18 0 0 0 0 0 33 34 35 0 0 0 11 0 12 0 10 31 0 28 0 0 30 4 0 0 0 7 0 0 0 0 26 25 0 
19 0 18 0 0 0 0 35 0 0 0 4 0 0 0 14 16 0 33 0 30 0 29 0 0 7 5 0 0 0 24 23 0 0 0 0 
1 2 36 35 4 3 21 17 0 19 20 22 33 0 29 32 0 0 0 0 0 0 11 0 0 25 0 26 27 28 0 0 0 10 9 8 
13 14 0 0 0 15 0 29 30 31 32 0 0 7 5 8 0 6 27 0 0 0 0 0 36 0 35 0 3 4 18 17 19 0 21 0 
0 8 6 0 10 0 27 0 24 0 26 28 3 0 0 0 0 0 0 0 18 0 17 0 30 31 0 32 33 34 12 11 13 16 0 0 
0 32 30 0 34 0 0 0 0 0 14 16 0 25 23 0 28 24 9 10 6 7 0 8 0 19 0 0 0 22 36 0 1 0 3 2 
0 26 0 0 28 0 0 0 6 0 0 10 0 0 0 20 0 18 3 4 0 0 0 2 0 13 0 14 15 0 0 29 0 0 0 32 
8 9 0 0 11 10 0 24 0 0 27 29 0 0 0 3 5 0 22 23 19 20 18 21 0 32 0 0 34 0 0 12 0 17 16 0 
26 0 0 24 29 28 0 6 7 0 9 11 0 0 0 21 23 0 0 0 0 0 36 3 0 0 12 15 0 17 0 30 32 35 0 0 
0 21 0 0 0 0 0 36 0 0 0 5 16 0 0 0 17 13 0 0 0 32 0 0 0 0 6 0 0 11 0 0 0 0 0 0 
14 0 13 12 0 0 34 30 31 32 0 0 0 8 6 9 0 7 0 29 0 0 0 27 1 2 0 0 0 0 19 0 0 23 0 21 
0 0 1 36 5 4 0 18 19 20 0 0 34 0 0 0 0 31 0 0 13 14 0 0 0 0 24 0 0 0 7 6 8 11 0 9 
32 33 31 30 35 34 16 12 13 0 15 17 0 0 24 27 29 0 0 11 0 8 6 0 0 0 18 21 0 23 1 36 2 5 4 0 
0 5 3 0 7 0 24 20 0 22 23 0 36 0 0 0 1 0 0 19 15 0 0 0 0 28 26 29 30 0 9 8 0 13 0 11 
0 23 21 20 25 24 6 0 3 0 0 7 18 0 14 0 19 0 36 0 33 34 0 0 9 10 0 0 0 0 0 26 0 0 0 0 
28 0 0 26 31 0 0 8 9 10 0 13 24 0 0 23 25 21 6 0 3 0 0 0 0 16 0 17 0 19 0 32 0 0 0 0 
0 0 0 32 1 0 0 0 15 0 17 19 0 0 0 0 0 0 12 0 0 10 8 11 0 22 20 0 0 25 0 2 4 0 0 5 
0 17 15 14 19 18 0 32 0 0 0 1 12 0 8 11 13 0 30 0 27 28 26 29 3 4 2 0 0 7 21 20 22 0 0 0 
0 11 0 0 13 12 0 0 0 0 29 31 0 0 2 0 0 0 0 0 21 0 20 0 33 0 32 0 0 1 15 14 0 19 18 0 
