6
0 33 0 0 0 35 0 0 18 0 0 0 0 27 26 30 28 0 0 7 0 5 4 3 0 0 0 0 0 0 0 0 0 20 0 0 
26 0 30 28 0 0 8 0 12 10 0 0 0 0 0 24 22 0 0 0 0 35 34 33 5 6 3 0 0 0 17 16 19 14 0 18 
0 21 0 22 0 23 0 0 0 4 5 0 0 15 14 18 0 17 26 31 0 0 28 27 35 36 0 32 0 0 0 10 0 8 9 12 
2 3 6 0 7 5 20 25 24 0 23 21 0 33 0 36 34 35 0 13 0 0 10 9 0 0 0 14 0 16 0 0 0 26 0 30 
8 9 12 10 13 0 26 0 0 28 29 27 0 3 0 6 0 5 0 0 18 17 0 15 23 24 0 20 0 0 0 34 1 32 33 0 
14 0 18 16 0 17 32 0 0 0 35 0 0 0 8 12 0 0 0 25 24 23 22 21 29 30 27 0 31 28 5 4 0 0 3 6 
5 0 0 7 10 0 0 28 0 0 26 24 4 36 35 0 0 0 0 16 15 0 13 12 20 21 18 17 0 19 0 0 0 0 30 0 
29 0 0 0 0 0 0 16 0 0 0 12 28 0 23 0 25 0 35 4 0 0 0 36 0 9 0 0 10 0 0 0 22 0 18 0 
0 24 0 0 28 26 5 10 9 0 8 6 0 0 0 0 19 20 29 0 33 0 31 0 0 0 0 0 0 1 0 0 16 11 0 15 
0 18 0 19 0 0 35 4 3 1 2 36 16 12 0 15 0 14 23 28 27 0 25 0 32 0 0 0 0 0 0 0 0 5 0 9 
35 0 3 0 0 2 17 0 21 0 20 0 0 0 29 0 31 32 0 10 0 0 7 0 0 15 12 0 16 13 26 0 28 23 0 0 
0 12 15 0 16 14 29 34 33 0 32 0 0 0 5 0 0 8 0 22 0 0 19 18 26 0 24 23 28 25 0 0 4 0 0 0 
0 0 35 33 0 34 13 0 0 0 16 0 30 0 0 29 27 28 0 0 0 4 3 2 10 0 8 0 12 9 0 0 24 19 20 0 
0 0 0 0 0 0 1 0 0 3 0 2 0 14 0 0 15 16 0 0 0 0 0 0 34 0 32 31 36 0 10 9 0 7 8 11 
0 14 0 0 0 16 0 0 0 33 34 0 12 0 0 11 0 10 19 24 0 0 21 20 0 0 26 0 30 27 4 3 6 0 2 5 
0 0 0 3 0 0 19 0 23 21 22 0 0 0 31 35 0 34 0 0 0 10 0 8 0 17 0 0 0 15 28 0 30 0 0 29 
7 0 11 0 0 0 25 0 29 27 0 0 0 0 1 5 0 4 13 18 0 0 0 14 0 23 20 19 0 0 0 33 36 0 0 35 
0 26 0 0 30 28 7 0 11 9 10 8 24 20 19 23 0 22 0 36 35 34 33 0 0 5 2 0 0 0 16 15 0 13 0 17 
0 0 0 0 0 0 0 23 0 0 21 0 35 0 30 0 32 33 0 0 10 0 8 0 15 0 13 0 0 14 27 0 29 24 0 28 
12 13 0 0 0 0 0 35 0 32 0 31 0 7 6 0 0 9 0 0 22 0 0 0 0 0 25 24 29 0 3 2 0 0 1 4 
0 7 0 0 11 0 0 29 28 0 27 25 5 1 0 4 0 3 12 17 16 15 0 0 21 22 19 0 23 20 33 0 0 0 31 34 
24 25 28 0 29 0 0 0 10 8 0 7 23 19 0 22 20 0 0 0 0 0 0 31 3 0 0 36 5 2 15 14 0 12 13 0 
18 0 0 0 23 0 0 5 4 2 0 0 0 0 0 16 14 15 0 0 0 27 0 25 0 34 0 0 35 0 0 8 0 6 7 0 
0 31 0 0 35 33 12 0 16 14 15 0 29 0 24 28 26 0 0 0 0 3 0 1 9 0 0 0 0 8 21 20 23 18 19 22 
4 5 0 6 0 0 22 27 0 24 25 0 3 0 0 2 0 1 0 15 0 0 12 11 19 0 17 16 0 18 0 30 0 0 29 0 
28 29 32 30 33 0 0 15 0 0 13 0 0 0 22 0 24 0 34 3 0 0 36 35 7 8 0 4 9 6 19 18 21 16 17 20 
0 0 0 36 3 0 16 21 20 0 0 17 33 29 28 32 0 0 4 9 0 0 6 5 13 0 0 10 15 12 25 24 0 0 0 0 
0 17 0 0 21 19 34 0 0 36 1 35 15 0 10 0 12 0 0 0 26 0 24 0 31 32 0 0 33 30 0 6 0 0 0 0 
0 11 0 0 0 13 28 33 32 30 0 29 0 0 4 8 0 0 0 21 20 0 18 17 0 0 0 0 27 24 1 0 3 0 0 2 
0 23 26 24 0 25 4 0 8 0 0 5 0 0 16 20 0 0 28 0 0 31 0 0 0 0 35 0 3 0 0 0 0 0 11 14 
0 0 0 0 26 24 0 0 7 5 6 4 20 0 0 0 17 18 27 32 31 0 29 0 0 0 0 33 2 0 12 0 14 0 10 13 
0 0 0 29 0 0 0 14 13 0 12 0 0 22 0 25 0 24 33 2 1 0 35 0 0 0 4 3 8 0 0 0 20 0 0 19 
15 16 19 17 20 0 33 2 1 35 36 0 0 0 0 13 11 12 21 0 25 0 23 0 0 0 0 0 32 0 6 5 8 0 4 7 
9 10 0 11 0 12 0 32 31 29 0 0 8 4 3 7 5 0 15 0 19 18 0 16 24 25 0 0 0 23 36 35 0 0 0 0 
0 0 0 5 8 6 21 26 0 0 0 22 0 34 0 1 35 0 0 0 13 12 11 10 18 0 16 15 20 0 30 0 32 27 28 31 
0 34 0 0 2 0 15 0 0 17 18 16 0 28 27 0 29 0 0 0 7 0 5 4 0 13 10 9 14 11 24 0 0 21 22 25 
