6
0 0 0 1 2 0 0 0 13 14 12 0 0 0 30 0 0 31 0 4 6 9 8 0 0 25 22 0 0 0 0 0 20 21 17 0 
21 0 0 19 0 16 28 29 0 0 0 33 0 0 12 11 10 0 0 0 0 27 26 0 0 0 4 0 0 6 1 0 0 3 35 34 
27 0 0 25 0 0 0 35 0 0 36 0 0 21 18 17 16 19 0 0 0 33 32 29 14 13 0 11 0 12 7 0 0 0 0 0 
0 6 5 7 8 4 0 0 0 0 18 0 2 0 36 0 34 0 0 0 12 15 0 0 0 0 0 0 0 0 0 0 0 0 23 0 
15 0 11 13 0 10 0 0 0 0 24 27 8 0 6 5 4 7 19 0 0 21 0 17 2 1 0 0 3 36 0 0 0 33 0 28 
0 30 29 0 32 0 4 0 0 0 6 9 0 27 24 23 0 25 1 0 0 3 2 35 0 19 0 0 0 0 13 12 0 15 0 0 
4 1 0 0 3 0 0 0 14 0 0 0 33 34 0 30 0 32 8 0 7 0 0 0 0 0 0 0 0 0 0 0 0 0 0 0 
0 0 0 0 33 0 0 0 0 0 7 10 27 28 0 0 23 0 0 35 1 4 0 36 0 20 17 18 0 0 0 0 0 16 12 0 
16 13 12 0 0 0 0 24 0 27 0 28 0 0 0 0 5 8 0 0 0 0 21 18 3 0 35 0 0 1 32 31 0 0 0 29 
22 19 18 0 0 17 0 0 32 33 0 34 15 0 13 12 0 0 0 0 0 0 0 0 0 0 0 6 0 0 0 1 0 0 0 0 
0 7 0 0 0 5 0 0 20 0 0 0 0 4 0 36 0 2 14 11 13 0 0 12 33 0 0 30 34 0 0 25 0 28 0 0 
0 25 24 0 27 23 0 0 0 3 1 4 21 22 19 0 17 0 0 29 0 34 33 0 0 14 11 12 16 13 0 0 9 10 0 0 
0 29 28 30 0 0 0 0 0 0 0 0 0 0 23 0 0 24 36 33 0 0 1 0 0 18 0 0 20 0 0 0 0 0 10 9 
20 17 0 0 19 15 0 0 0 0 29 0 0 0 0 10 0 12 0 21 0 0 0 0 0 6 3 0 8 5 0 0 0 2 0 0 
0 0 0 6 0 3 0 16 0 19 17 0 0 0 0 0 0 36 0 9 11 0 0 0 31 30 27 0 32 0 0 0 0 26 22 0 
14 0 0 0 0 0 0 0 24 25 23 26 0 8 5 4 0 0 18 0 0 0 0 16 1 0 0 0 0 35 0 0 31 0 28 0 
0 0 0 0 0 21 0 34 36 1 0 0 0 20 0 16 15 0 0 0 29 0 0 28 0 0 0 0 14 11 0 5 0 0 0 3 
2 0 0 36 0 33 0 10 12 0 0 0 31 0 0 0 0 0 6 3 0 8 0 4 25 24 21 0 0 0 0 17 0 20 16 0 
0 0 20 0 0 0 0 32 0 0 0 36 0 0 0 14 0 16 28 0 27 0 0 26 0 0 0 0 0 0 4 0 0 6 0 1 
6 0 2 4 0 0 0 0 0 17 15 0 0 36 0 0 31 0 0 0 0 12 11 0 29 0 0 26 0 0 22 0 0 0 20 19 
30 0 0 28 0 0 0 0 0 0 3 6 0 0 21 20 19 22 34 31 33 0 35 32 0 16 13 0 18 15 0 0 0 12 8 0 
12 9 8 0 0 7 0 20 0 23 21 0 0 6 0 0 1 0 0 0 0 0 17 0 35 34 31 0 36 33 0 0 0 0 26 0 
0 33 32 34 0 31 7 0 0 0 9 12 0 0 27 0 25 28 4 0 0 0 0 0 23 22 0 20 24 0 16 0 0 18 0 0 
0 0 0 16 0 0 25 0 0 0 0 0 0 0 9 8 0 10 22 19 0 24 0 0 0 4 1 0 0 0 34 33 35 36 0 31 
13 10 0 0 0 0 0 21 23 0 22 0 6 0 0 0 2 5 0 0 16 0 0 0 0 35 32 0 1 34 29 28 0 0 27 26 
0 0 0 0 0 26 2 0 5 6 0 7 0 0 0 21 20 0 0 0 0 1 0 33 0 0 0 0 0 16 11 10 0 0 0 0 
0 0 0 0 18 14 0 27 29 0 0 0 0 13 0 9 8 0 0 0 22 25 0 0 0 5 2 0 0 4 0 34 36 1 33 32 
7 0 0 0 6 2 0 0 17 18 0 0 0 0 34 0 32 0 0 8 0 0 0 9 0 0 26 0 31 0 0 0 24 0 0 0 
25 0 21 0 24 0 0 0 35 36 0 0 0 19 16 15 0 17 0 0 0 0 30 27 12 0 0 9 13 0 5 4 6 0 0 2 
1 0 33 35 0 0 0 0 0 0 10 0 0 0 0 27 26 29 5 0 0 0 0 0 24 23 0 0 0 22 17 0 18 19 0 14 
5 0 0 3 4 0 12 13 15 0 0 17 34 0 0 31 0 33 9 6 0 0 0 0 0 0 0 0 29 0 0 20 22 0 0 0 
0 0 0 0 0 0 18 0 21 0 0 23 0 0 0 1 0 3 0 0 0 0 0 13 34 0 0 0 35 0 0 0 28 0 25 24 
35 32 0 0 34 0 0 0 0 0 8 0 0 29 0 25 0 27 3 0 2 5 0 0 22 21 0 0 0 0 15 0 0 17 0 12 
17 0 0 0 0 12 0 0 0 0 0 29 10 0 0 7 0 0 21 0 20 23 0 19 4 3 0 0 5 2 33 0 0 0 31 30 
29 26 25 27 28 0 36 1 3 4 0 0 0 0 20 0 18 0 0 30 32 0 0 31 0 0 0 0 17 14 0 8 0 0 0 6 
23 0 0 0 0 0 0 0 33 0 32 0 16 0 14 13 0 0 27 0 0 0 0 25 0 0 0 7 11 0 0 2 0 0 0 0 
