6
0 10 15 0 0 12 0 19 20 21 18 0 30 0 0 33 0 0 0 8 9 7 0 0 22 0 0 24 0 27 0 0 0 0 2 34 
29 0 0 0 32 0 0 0 0 3 0 0 12 0 0 0 0 0 0 0 0 0 0 0 4 7 0 0 0 9 0 0 0 21 20 0 
5 0 0 0 0 0 11 0 0 0 12 0 0 22 0 27 23 0 34 0 3 1 0 35 16 19 17 18 0 0 29 30 0 0 0 0 
17 16 0 0 20 18 0 0 26 27 0 0 36 34 2 3 35 0 10 14 0 0 12 11 0 31 29 30 0 0 0 0 7 9 0 0 
0 0 0 0 26 0 29 0 32 0 0 0 0 4 8 9 5 7 0 0 0 19 18 0 34 0 0 0 0 3 0 12 0 0 14 0 
35 0 0 0 2 36 0 7 8 9 0 0 18 0 0 0 17 0 0 0 33 0 0 29 0 13 11 0 0 15 23 0 25 0 0 0 
0 0 11 0 10 0 13 15 0 0 14 0 0 24 0 29 0 0 0 4 5 0 0 1 0 21 0 0 22 23 0 0 0 0 0 0 
1 0 5 3 4 0 0 0 0 11 0 0 0 0 22 0 0 0 0 0 35 33 0 0 12 15 0 14 16 0 25 0 0 0 28 0 
0 0 0 0 0 32 0 0 4 0 0 36 0 0 0 17 0 15 0 28 29 0 0 25 6 0 7 0 10 11 19 0 21 23 22 18 
0 0 0 0 28 26 0 0 0 0 32 0 0 6 0 0 7 9 0 22 23 0 0 19 36 0 1 0 4 0 0 14 0 17 0 12 
0 18 0 21 0 0 0 27 28 0 26 0 2 0 4 0 1 0 0 0 17 0 14 13 0 0 31 0 0 35 0 0 9 11 10 0 
0 12 0 0 16 14 19 0 0 0 20 0 32 30 34 0 31 0 6 0 0 9 8 7 0 0 25 26 28 0 0 2 3 5 0 36 
0 0 1 0 0 0 0 0 0 0 0 0 0 0 0 19 0 0 0 0 31 29 0 0 0 0 0 0 0 13 21 22 0 25 24 20 
21 20 0 23 24 22 0 29 0 0 0 0 4 2 0 7 0 5 14 18 0 17 16 0 0 35 33 0 0 0 0 0 11 13 12 0 
3 0 7 0 6 0 9 0 0 0 0 8 0 0 0 25 0 23 0 36 1 35 0 33 14 17 0 0 0 19 27 28 0 0 30 0 
27 26 0 29 30 28 33 0 0 0 0 0 10 8 0 13 0 0 0 0 0 0 22 0 0 0 0 4 0 7 15 0 0 19 18 0 
9 8 13 0 0 10 0 17 18 19 0 0 28 0 0 31 27 0 0 0 7 0 4 0 20 23 0 0 24 25 33 0 35 0 36 0 
15 14 19 0 18 0 0 0 0 0 0 0 0 32 0 0 33 0 0 12 13 0 10 0 0 29 0 0 30 0 3 0 0 7 6 0 
26 0 30 28 29 0 0 0 0 36 33 0 9 0 0 0 8 10 0 0 24 0 0 0 1 0 0 3 0 0 0 15 0 18 0 13 
0 0 0 0 0 0 20 0 23 0 0 0 0 31 0 36 0 0 0 0 0 10 9 0 25 0 0 0 0 0 2 3 4 6 0 1 
20 19 24 0 23 0 0 0 0 0 0 0 3 0 0 6 2 0 13 17 0 16 0 0 31 0 32 0 35 0 0 0 0 0 11 7 
0 0 0 0 0 0 0 16 17 0 0 0 0 0 0 0 26 0 0 0 0 0 0 0 0 0 0 21 0 24 32 33 0 0 0 0 
32 31 0 0 35 33 0 0 0 0 0 0 15 0 0 0 14 0 25 0 0 0 0 26 0 0 8 0 0 0 0 0 0 0 23 19 
2 1 6 0 5 0 0 0 11 12 0 7 21 0 0 0 20 22 0 0 0 0 0 0 0 16 14 0 17 0 26 0 0 0 29 0 
0 0 0 26 0 0 0 32 0 34 0 0 0 5 0 10 0 8 0 0 22 0 0 18 0 0 36 0 0 4 12 0 14 0 0 11 
0 17 0 0 0 0 24 26 0 28 0 23 1 0 0 0 36 0 0 0 0 0 0 0 29 32 30 0 0 34 0 0 0 10 9 0 
0 0 0 32 0 0 36 0 0 0 0 35 0 11 15 16 0 0 23 27 28 0 25 24 0 0 0 0 9 0 18 19 0 0 21 0 
0 11 0 0 0 0 18 0 21 0 0 17 31 29 0 0 30 32 0 9 10 8 7 0 0 0 0 25 27 28 0 0 0 0 0 0 
36 0 0 0 0 0 0 8 0 10 0 0 19 17 0 0 18 0 0 0 0 32 0 0 11 0 12 13 15 0 0 25 26 0 27 0 
0 0 0 0 9 0 12 14 0 0 0 0 25 0 0 0 0 26 35 3 4 0 0 0 0 0 18 19 0 0 30 0 0 34 0 0 
4 3 0 0 7 5 0 0 0 14 0 0 0 0 25 0 0 0 33 0 0 0 35 0 15 0 0 0 0 0 0 0 0 0 0 27 
0 0 0 0 19 0 22 24 0 26 0 0 0 33 1 0 34 36 0 13 14 12 0 10 0 30 0 0 0 32 4 0 6 0 7 3 
22 21 0 24 25 0 28 30 31 32 0 0 5 0 0 8 0 6 0 0 0 0 17 0 0 0 0 0 0 0 0 11 12 0 0 0 
0 27 0 0 31 0 34 0 0 2 0 33 0 0 0 14 0 12 21 25 26 0 0 0 3 6 0 5 0 8 0 17 18 20 0 15 
34 0 0 0 0 0 4 0 0 8 0 3 0 15 0 20 16 18 0 0 0 0 0 28 0 0 0 0 0 0 0 0 0 26 0 21 
0 9 0 0 0 11 0 0 0 20 0 15 0 0 0 0 28 30 0 7 8 6 5 4 0 24 0 0 0 0 0 0 0 0 0 0 
