6
29 0 0 27 0 0 0 0 0 11 7 10 34 0 0 35 33 32 0 23 0 0 0 0 0 0 2 3 0 0 0 0 17 13 0 0 
17 14 13 0 16 0 36 0 33 0 31 0 0 0 0 23 0 20 0 0 0 0 8 0 0 25 0 0 0 28 2 6 5 0 4 3 
0 8 7 9 0 0 0 0 0 0 25 0 0 13 18 0 0 14 0 5 0 0 0 1 24 19 0 21 0 22 32 0 35 0 0 33 
0 0 31 33 0 0 18 0 15 0 0 0 0 1 0 5 3 0 0 0 0 0 0 0 0 7 0 0 0 0 0 0 0 0 22 21 
0 2 0 3 0 0 24 0 21 0 0 22 0 7 0 0 0 0 0 35 0 0 32 0 0 13 0 0 17 0 26 0 29 0 28 0 
0 0 19 0 22 0 0 0 0 0 0 4 0 25 30 0 0 26 18 0 15 0 0 0 0 0 0 0 0 0 8 12 0 0 0 0 
0 0 0 22 23 25 7 3 4 6 0 0 0 26 31 0 0 27 19 0 16 0 15 14 0 0 0 34 0 0 9 0 0 8 0 10 
0 33 32 0 35 0 0 15 0 18 14 0 0 0 0 0 0 0 0 0 0 29 0 0 13 8 0 0 0 11 0 25 0 20 23 22 
6 0 0 0 5 7 0 21 0 24 0 0 0 0 0 12 10 0 1 36 0 0 0 0 0 14 15 0 18 0 0 0 0 0 0 0 
0 15 14 0 0 0 1 33 34 0 32 0 0 0 0 24 0 0 0 0 0 11 0 0 0 26 0 28 0 0 3 0 0 0 0 4 
0 0 0 10 0 0 0 27 0 0 26 0 0 14 19 0 0 15 0 0 0 0 3 0 25 20 0 0 24 0 0 0 36 32 0 34 
0 0 26 0 29 0 0 9 10 0 0 11 35 32 0 0 34 0 0 24 22 23 0 20 7 0 0 0 6 5 15 19 0 14 0 0 
16 0 0 0 0 0 35 0 0 0 30 0 0 0 23 22 0 0 0 0 0 0 7 0 29 24 25 0 28 0 0 5 0 36 0 2 
0 0 0 0 0 0 17 13 14 16 0 0 0 0 0 0 0 0 0 28 0 0 0 0 11 6 7 0 0 0 0 0 0 0 0 0 
10 7 6 0 0 11 0 25 0 28 24 27 0 12 0 16 0 0 0 4 0 3 0 36 23 0 0 0 0 21 31 35 34 30 0 0 
0 0 0 0 0 5 0 0 0 0 18 0 0 0 11 0 8 0 0 34 32 33 0 0 0 12 13 0 0 0 25 29 0 0 27 26 
22 0 0 20 0 23 5 1 2 4 0 3 0 24 29 0 0 0 0 0 0 15 0 12 0 30 31 32 34 0 0 0 10 6 0 0 
28 0 0 0 27 0 0 0 8 0 6 0 33 30 0 0 32 31 0 22 0 21 0 0 0 36 0 0 4 0 0 17 0 12 15 0 
0 0 0 1 0 0 22 18 19 0 0 0 8 0 10 0 0 6 0 0 0 0 0 29 16 11 0 13 15 0 0 0 0 0 0 0 
0 6 0 0 8 0 28 24 25 27 0 26 0 0 16 0 13 0 0 0 0 2 36 35 22 17 0 0 0 0 30 0 0 29 0 0 
15 0 11 13 14 0 0 0 0 0 0 32 20 17 0 0 0 18 0 9 7 8 6 0 28 0 0 25 27 26 0 0 3 0 0 1 
0 0 0 31 32 0 0 0 0 15 0 14 0 0 4 3 1 36 28 0 0 26 24 23 10 5 0 7 0 0 0 22 0 17 0 19 
0 24 23 25 26 0 0 0 0 9 5 8 0 29 0 0 0 30 22 21 0 0 0 0 0 35 36 0 3 0 0 0 15 0 14 0 
0 0 17 19 0 0 4 0 1 3 0 0 0 0 0 0 0 0 0 0 0 0 0 0 0 0 0 0 0 0 6 0 9 5 8 0 
31 0 0 0 0 0 14 10 0 0 9 12 0 0 2 0 0 0 26 0 23 0 22 21 0 0 0 0 0 0 0 0 0 0 18 0 
0 0 0 0 0 2 20 0 0 19 0 0 0 0 8 7 5 0 0 0 0 0 28 0 0 0 10 0 0 0 22 0 25 0 0 0 
0 4 0 0 0 8 26 0 0 25 21 0 0 0 0 0 0 10 0 1 0 36 0 0 0 0 16 0 0 0 0 0 0 0 0 0 
13 10 9 11 12 0 32 28 29 0 0 30 0 0 0 0 0 16 8 7 0 0 0 3 26 21 0 23 0 0 0 0 0 0 36 35 
19 16 15 0 18 0 2 34 0 0 0 0 0 21 0 0 23 0 0 0 0 0 0 9 0 27 0 29 0 30 4 0 0 3 0 0 
0 0 0 0 0 0 0 4 5 7 0 6 0 27 32 31 0 0 20 0 0 0 0 0 0 33 0 35 0 0 10 14 0 9 0 0 
26 23 22 24 25 0 9 0 6 0 0 0 0 28 0 0 30 29 0 20 0 0 0 0 0 0 0 36 2 0 11 15 14 10 0 12 
32 29 28 0 0 33 15 0 12 0 0 13 0 0 0 2 0 0 0 0 0 25 0 0 0 0 0 0 8 0 0 21 0 16 0 18 
0 35 34 0 1 3 21 17 0 0 0 19 7 4 0 0 0 0 0 0 30 0 29 0 15 0 11 12 0 0 23 0 26 22 0 24 
14 0 10 0 0 0 0 29 0 32 0 0 0 0 0 20 0 0 0 0 0 0 5 0 27 0 23 0 0 0 0 0 2 34 0 0 
0 0 16 0 19 0 0 35 0 0 0 0 0 22 0 0 24 0 0 0 0 13 11 0 0 0 0 0 32 31 0 0 0 4 7 0 
8 0 4 0 0 9 27 0 0 0 22 0 13 0 15 0 12 0 0 0 36 0 0 0 0 0 0 0 20 0 0 33 0 0 0 0 
