6
0 30 28 0 31 32 14 10 0 12 0 0 0 1 34 0 0 0 0 8 0 4 0 6 0 0 0 0 0 0 0 25 0 23 24 26 
9 12 0 11 0 14 32 0 0 0 0 0 0 0 16 15 0 17 0 26 25 0 21 0 35 0 36 33 1 0 0 0 3 5 0 0 
33 36 0 0 0 0 0 0 0 0 0 15 0 7 0 3 0 0 11 0 0 0 0 0 0 0 0 21 0 0 28 31 0 0 30 32 
3 0 4 0 0 8 0 0 0 0 25 21 14 13 0 0 12 11 17 0 0 0 0 0 0 0 0 0 31 0 34 0 0 35 0 2 
0 24 0 23 0 0 8 4 0 6 0 3 32 31 0 0 30 29 35 0 1 0 33 0 0 0 12 0 0 0 0 0 0 0 0 0 
15 0 0 0 19 20 0 0 0 36 0 0 0 0 0 21 0 0 0 0 31 0 0 30 0 0 6 3 0 0 10 0 0 0 0 0 
0 29 27 0 0 31 13 0 0 11 12 0 1 0 0 0 0 0 4 0 6 0 0 0 0 15 0 14 18 0 21 0 0 22 23 25 
0 23 21 0 24 0 0 3 4 5 0 2 0 30 0 26 0 0 0 1 0 33 0 35 0 0 0 8 0 0 0 0 0 0 0 19 
0 0 0 0 0 0 0 15 16 0 0 0 0 6 3 2 5 4 0 0 12 0 0 0 0 0 23 0 0 25 27 0 0 0 29 31 
14 17 15 0 0 0 0 33 0 0 0 0 25 0 21 20 0 0 0 0 30 27 26 0 4 3 5 2 6 7 0 0 0 10 0 13 
8 11 0 10 0 0 0 27 0 0 0 0 0 18 0 14 0 16 0 25 24 0 0 0 0 0 35 32 0 0 0 0 2 0 5 7 
0 5 3 0 6 0 25 0 22 0 0 20 0 0 0 0 0 10 0 19 18 0 0 0 0 0 29 0 0 31 0 0 32 0 35 0 
19 22 0 21 0 0 0 0 3 4 5 1 0 0 0 0 0 27 0 36 0 0 0 0 9 0 0 7 0 12 0 0 0 15 16 18 
0 0 2 3 5 0 0 20 21 0 23 0 12 11 0 0 0 0 0 0 0 14 0 16 0 26 28 0 0 0 32 0 31 33 0 0 
0 28 0 0 29 30 12 0 0 10 0 0 0 35 32 31 34 0 0 6 5 0 0 0 15 0 0 13 17 0 20 23 0 0 0 0 
7 10 0 0 0 12 30 0 0 28 29 25 18 17 0 0 0 0 21 0 23 0 19 22 0 0 34 0 0 36 0 0 0 0 0 0 
0 0 0 0 17 0 36 0 33 0 0 0 24 0 0 0 22 21 0 0 29 26 25 0 3 0 0 0 0 0 8 11 7 0 10 0 
0 0 0 33 0 0 0 0 0 16 17 13 6 0 2 0 0 0 0 0 0 8 0 10 0 0 0 19 23 0 0 29 0 0 0 0 
0 0 30 31 0 0 16 0 0 0 15 11 0 3 36 35 0 0 0 0 0 0 5 0 0 0 20 0 0 0 0 0 0 0 0 28 
17 0 18 0 0 0 0 36 1 0 3 0 28 27 24 0 26 0 31 34 33 30 29 32 0 6 0 0 0 0 0 0 0 13 14 16 
11 0 0 13 0 0 34 0 31 0 0 29 22 0 18 0 0 19 25 0 0 0 0 26 1 0 2 0 3 0 6 0 5 7 0 10 
0 26 24 0 27 0 0 6 0 8 0 0 0 33 0 0 0 0 0 0 0 0 35 0 13 12 14 11 0 0 0 21 0 0 20 22 
0 0 6 0 9 0 0 0 25 26 27 0 16 0 0 0 0 0 19 0 21 0 0 20 0 0 0 0 0 34 36 0 0 0 0 0 
0 0 0 0 0 0 22 0 0 20 0 0 10 0 6 5 8 7 13 0 0 0 0 14 0 24 26 0 0 0 0 33 0 0 0 34 
18 21 0 0 22 0 5 0 0 0 0 36 29 0 25 24 27 26 0 35 0 0 0 33 0 0 9 0 0 0 0 16 12 0 0 17 
0 0 0 0 28 29 11 7 8 0 10 0 35 0 0 0 0 32 0 0 4 0 36 3 14 13 0 12 16 0 0 0 18 20 21 23 
36 0 0 2 4 0 23 19 0 21 22 18 0 10 0 0 0 0 14 17 0 13 0 0 0 0 0 0 28 0 31 0 30 0 33 0 
30 0 0 0 34 35 0 0 0 0 0 0 0 0 0 0 0 0 0 0 0 7 0 0 0 0 0 18 22 0 25 0 0 0 0 0 
12 0 0 14 0 0 0 0 0 33 0 0 23 0 19 0 0 20 26 0 28 25 0 27 2 0 0 0 0 5 0 10 0 8 9 0 
6 9 7 0 10 0 0 0 26 27 0 24 0 0 0 0 0 14 0 23 0 0 0 0 0 0 0 30 0 35 1 0 36 2 3 0 
0 0 0 0 0 33 0 0 12 13 14 0 0 0 0 34 1 36 0 0 8 0 0 7 0 17 19 0 0 21 0 0 22 0 0 0 
34 1 0 0 2 3 0 0 18 0 0 16 0 0 0 0 0 6 12 0 14 11 10 13 0 23 0 0 26 0 0 32 28 30 31 33 
0 19 0 18 0 21 0 0 0 1 0 0 0 0 0 0 0 0 0 0 0 0 28 0 0 0 0 4 0 9 11 0 10 0 0 15 
0 0 5 6 0 0 0 23 0 0 0 0 0 14 0 10 0 0 18 0 0 0 16 19 0 29 0 0 32 33 0 0 0 0 0 0 
0 25 0 24 0 0 0 0 0 0 0 0 33 0 0 0 0 0 36 3 0 35 34 0 12 0 0 0 14 15 0 20 0 0 0 0 
10 0 0 0 14 15 0 29 30 0 0 28 21 20 0 16 0 18 0 0 0 0 0 0 36 35 1 34 0 0 5 0 0 6 0 0 
