6
8 3 0 0 4 0 0 0 33 0 0 35 0 13 12 11 0 0 0 20 0 19 0 0 0 0 23 26 0 22 31 0 0 27 28 0 
0 21 0 0 0 0 0 0 0 19 20 17 0 31 0 29 0 0 34 0 0 0 0 35 0 0 5 8 7 0 0 0 11 9 0 12 
32 0 0 0 0 0 0 24 0 0 26 23 2 0 36 0 0 0 4 0 6 0 3 0 0 12 0 14 0 10 0 20 0 0 0 0 
14 9 0 11 10 0 0 0 0 7 0 5 0 19 0 0 0 16 0 26 24 25 21 0 0 0 0 0 0 0 1 0 35 0 34 0 
0 15 0 17 0 0 0 0 0 0 14 0 26 25 0 0 0 0 28 32 0 0 0 29 0 36 35 0 0 0 0 0 0 3 0 0 
0 0 0 35 34 0 28 0 0 0 0 29 0 7 0 5 3 4 0 0 12 0 0 0 0 0 17 0 0 0 0 0 0 0 22 24 
0 0 0 8 7 0 0 0 0 0 5 0 0 16 0 14 0 13 0 0 0 0 0 0 24 27 26 0 0 0 34 0 0 30 31 0 
29 0 0 0 0 0 0 21 18 0 23 0 35 34 33 0 0 31 1 0 0 4 0 2 0 0 8 11 0 7 0 17 0 0 0 15 
0 0 0 20 19 0 0 15 0 0 17 0 0 0 27 26 0 0 31 0 0 0 0 0 36 0 2 5 4 1 0 11 0 0 7 0 
0 0 33 0 0 0 0 0 0 28 29 0 5 0 0 0 0 0 0 0 0 10 0 0 12 0 14 0 0 0 22 0 0 18 19 21 
0 0 3 2 0 0 31 33 30 0 0 32 0 0 0 8 0 0 0 17 15 16 0 14 18 0 0 0 22 0 28 29 0 24 25 0 
0 12 0 0 0 0 0 0 0 10 0 8 23 22 21 20 18 0 0 29 0 28 0 26 0 0 0 35 34 31 4 0 2 36 0 0 
10 0 8 0 6 0 0 2 0 3 0 0 16 0 0 0 0 0 0 22 0 0 17 19 0 26 25 0 0 0 0 34 0 0 0 32 
28 0 26 0 24 0 0 0 17 0 0 19 0 33 0 31 0 0 0 0 0 3 35 0 0 0 0 10 9 6 15 0 0 0 12 0 
0 11 0 13 0 15 0 0 0 0 10 7 22 21 0 19 0 18 0 0 0 0 0 25 0 0 31 0 0 0 0 0 0 35 36 0 
0 17 0 19 0 0 0 14 11 0 16 0 0 0 26 0 0 24 0 0 0 0 0 0 35 0 1 0 3 0 0 0 7 0 6 0 
0 35 2 0 36 0 0 0 0 33 0 31 10 0 8 0 5 0 12 0 0 0 0 13 0 0 19 22 0 0 27 0 25 0 0 0 
0 0 32 0 0 0 0 26 0 0 28 25 0 0 0 0 35 0 0 0 8 9 0 0 11 0 0 16 15 0 21 0 19 17 0 20 
7 0 0 4 3 0 33 0 0 36 0 0 13 0 0 0 0 0 15 19 17 18 0 0 20 23 22 0 0 0 30 0 28 0 27 0 
0 8 11 0 9 0 0 5 0 6 7 4 0 0 0 0 0 0 21 0 23 0 20 0 26 0 28 0 0 27 0 1 0 32 0 35 
0 0 29 28 0 30 0 23 20 0 25 0 0 0 35 0 32 0 0 0 0 0 0 0 8 0 0 0 0 0 18 19 0 14 0 17 
0 0 0 34 0 0 0 0 26 30 0 0 7 6 5 0 0 0 9 13 0 12 0 0 0 17 16 0 0 15 24 0 0 20 0 0 
19 14 0 0 0 0 0 11 8 0 0 0 25 0 0 22 0 0 0 0 0 30 0 0 0 0 0 1 0 0 0 0 0 2 0 0 
0 20 0 22 0 0 0 17 14 0 19 0 31 30 0 28 26 27 0 0 0 0 0 34 2 0 0 0 6 3 0 0 10 0 9 0 
0 0 0 0 0 26 0 0 0 0 21 0 0 0 0 30 28 29 35 3 1 0 34 0 4 0 6 0 0 5 14 0 0 0 0 0 
0 0 19 18 17 20 0 13 0 0 0 12 0 26 25 0 22 0 29 0 31 0 0 0 0 0 0 0 0 35 0 9 6 0 0 7 
0 0 0 12 0 0 5 0 4 0 0 0 0 0 0 0 0 17 23 0 25 26 0 24 28 0 30 0 32 29 0 3 0 0 0 0 
9 0 0 0 5 0 0 1 0 0 0 0 0 14 13 0 0 0 0 0 0 0 0 0 22 25 0 27 26 0 32 33 30 28 0 0 
0 0 0 30 0 0 0 25 0 26 27 0 0 2 1 0 0 0 5 9 0 0 0 0 0 0 0 15 0 11 0 0 0 16 0 0 
0 0 0 36 35 0 0 0 28 0 0 0 9 0 0 0 4 5 0 0 0 14 0 0 0 0 0 21 20 0 0 0 0 0 0 0 
0 0 4 0 0 5 32 0 0 0 0 33 0 11 0 0 7 0 0 18 0 0 13 15 19 0 0 24 0 20 29 30 0 25 0 0 
36 0 0 33 0 0 26 0 25 0 30 0 6 0 4 0 1 0 0 0 0 11 7 0 13 16 0 18 0 14 23 0 0 0 0 22 
0 7 10 0 8 0 0 4 0 0 0 0 0 17 0 0 0 14 20 24 0 0 0 0 0 0 27 0 29 26 35 0 33 31 0 0 
30 25 0 27 0 0 0 0 0 0 0 21 0 35 0 0 0 32 0 6 0 0 0 0 7 0 9 12 11 0 0 0 0 0 0 0 
0 19 22 21 20 23 14 0 13 17 0 0 30 0 0 27 0 26 32 0 34 35 0 33 1 4 0 6 0 2 0 0 9 0 0 0 
18 0 16 15 14 0 0 0 0 11 0 9 0 0 0 0 0 20 0 0 28 29 25 27 31 0 33 0 0 0 0 0 0 0 0 4 
