6
35 0 1 0 0 36 26 0 0 0 30 0 0 13 9 10 0 12 0 19 0 0 15 0 0 0 0 4 0 0 20 0 0 21 0 25 
0 22 0 0 20 0 14 16 0 0 0 0 35 1 33 0 0 36 2 0 5 0 3 0 30 26 0 28 31 0 0 0 0 0 0 13 
0 0 19 0 0 18 0 0 9 0 12 0 0 0 0 0 0 30 32 0 0 34 33 36 24 20 0 22 25 0 2 0 0 0 0 0 
29 28 31 0 26 0 20 0 21 25 0 23 5 0 0 0 2 6 0 0 0 0 0 0 0 0 33 0 1 0 14 17 0 15 0 19 
11 0 13 0 8 0 0 4 0 0 0 5 0 0 21 0 0 24 0 31 0 0 0 0 0 14 15 16 19 0 0 35 0 0 34 0 
0 0 0 3 0 6 32 0 0 1 0 35 0 19 0 16 0 0 0 25 0 0 0 0 0 0 9 0 13 0 0 0 0 0 28 0 
0 0 0 36 35 3 0 31 30 0 0 0 0 16 0 0 11 0 17 0 20 0 18 0 0 0 0 0 10 8 23 0 0 24 25 0 
14 0 16 0 0 15 0 7 0 0 9 0 0 0 0 25 0 27 0 0 32 0 0 0 21 0 18 0 22 0 35 0 0 0 1 4 
20 0 0 0 0 21 0 0 0 0 0 0 0 34 30 0 29 33 35 4 2 0 36 3 27 0 24 0 0 0 0 0 0 0 7 10 
0 0 0 0 0 0 35 0 0 0 0 0 20 0 0 0 0 21 23 28 26 0 0 0 0 11 12 0 16 0 0 32 33 0 0 0 
0 31 34 0 29 0 23 25 0 28 0 0 8 0 0 7 5 0 0 0 0 0 0 0 3 35 36 1 0 2 17 20 0 0 19 0 
0 0 0 0 0 0 17 0 18 22 21 0 0 4 0 0 0 0 5 10 0 0 6 0 33 0 0 31 0 0 11 0 0 12 13 0 
1 0 3 0 34 0 0 0 0 0 32 31 13 0 11 0 0 0 0 21 0 0 0 20 0 4 0 0 9 0 22 25 26 23 24 27 
0 0 9 5 0 8 0 0 35 0 0 1 0 0 0 18 0 20 0 0 0 0 0 0 0 10 0 0 0 0 0 0 0 29 30 0 
25 0 27 0 22 0 0 0 17 0 20 19 0 3 35 36 0 0 0 0 0 6 5 0 0 0 0 0 33 31 0 0 0 0 0 0 
0 0 0 11 0 0 4 6 0 0 0 0 25 27 0 24 0 26 0 0 31 0 0 0 0 0 0 18 21 0 34 0 2 0 36 3 
31 0 0 0 0 32 22 24 0 27 0 0 7 9 5 0 0 0 0 15 0 0 0 0 0 0 0 36 0 1 0 0 20 0 0 0 
0 0 0 0 0 0 0 0 11 0 0 0 0 33 0 0 0 0 0 3 0 0 35 0 26 22 0 24 27 0 4 0 0 0 6 9 
0 14 0 0 0 0 0 8 0 11 0 0 0 0 25 26 24 28 0 0 0 0 31 34 22 0 0 20 0 0 0 0 0 0 0 0 
0 0 0 31 30 34 0 0 25 29 28 0 9 11 0 0 6 0 12 17 0 0 0 0 4 0 1 0 5 0 0 0 0 0 0 23 
27 26 29 0 24 28 18 0 19 0 22 0 0 0 1 0 36 0 0 11 0 0 7 0 0 30 0 0 35 33 0 0 0 0 14 17 
21 0 0 0 0 0 0 0 13 17 0 0 0 35 31 0 0 34 0 0 0 0 0 4 0 0 0 0 29 0 0 9 0 7 0 0 
0 0 11 0 6 0 36 0 0 5 0 3 0 0 0 0 0 0 24 0 0 26 0 28 0 12 0 0 17 0 30 33 0 0 32 0 
0 2 0 0 36 0 0 0 0 0 34 0 0 17 0 0 0 0 18 0 21 0 0 22 0 6 0 0 11 0 0 27 28 0 26 0 
0 0 18 14 13 0 0 9 0 12 0 0 28 0 26 0 0 29 31 0 0 0 0 35 23 0 20 0 0 0 1 0 5 2 3 6 
10 0 0 0 0 0 1 0 2 0 0 0 0 0 20 0 0 0 25 30 0 27 0 29 0 13 14 0 0 0 31 0 35 32 33 0 
34 0 0 32 31 35 25 27 0 30 29 28 0 0 0 0 7 0 13 18 16 15 14 0 5 1 0 0 0 4 0 22 0 20 21 24 
0 27 0 0 25 0 0 21 20 0 0 0 0 0 0 0 0 5 0 12 0 9 0 0 0 31 32 33 36 34 0 16 0 14 0 0 
0 0 0 0 0 0 0 0 0 0 0 34 0 0 14 0 0 0 0 0 22 21 0 23 11 7 0 9 12 0 0 0 29 0 0 30 
0 0 24 0 0 23 13 0 0 18 17 16 0 0 32 0 0 0 0 0 4 3 2 0 29 0 26 27 30 0 7 0 11 8 0 12 
30 29 32 0 0 0 0 0 0 26 0 24 0 0 4 5 0 0 0 14 12 11 0 13 0 33 34 35 0 0 15 18 0 16 0 20 
0 11 14 0 0 13 3 0 4 0 7 6 0 0 0 0 0 0 0 32 30 0 28 0 19 0 0 0 0 0 0 0 1 0 35 2 
0 0 0 0 0 0 0 17 16 20 19 0 0 0 0 0 0 1 0 0 0 0 4 7 0 27 0 0 32 0 9 12 0 10 0 0 
0 0 8 4 3 0 33 35 0 0 1 0 0 0 0 17 0 0 21 0 24 0 0 0 13 0 10 0 14 0 27 0 0 0 0 0 
0 0 0 16 0 0 9 11 0 0 0 12 0 32 28 29 0 0 33 2 0 35 34 0 25 21 0 0 0 24 3 6 0 4 5 0 
36 0 0 34 0 0 27 29 0 0 31 0 0 0 10 0 9 13 15 0 0 17 0 19 0 3 0 5 0 0 21 0 0 0 23 26 
