6
7 12 0 9 10 11 6 0 4 0 0 0 33 0 32 0 0 31 0 0 0 0 14 0 0 0 26 0 25 27 0 19 23 0 0 24 
0 0 0 27 0 0 24 0 22 0 19 0 0 0 14 17 18 0 0 36 0 0 32 0 11 10 0 12 0 0 4 0 5 2 3 0 
13 0 14 0 16 17 0 11 0 0 7 0 3 0 0 0 0 0 0 0 21 0 0 19 35 0 32 36 0 0 0 0 0 0 0 0 
31 0 32 0 0 0 30 0 28 0 25 27 0 0 0 23 0 19 0 0 0 0 2 1 17 0 14 0 0 0 0 0 11 0 0 0 
1 0 0 3 0 0 0 35 34 32 31 0 0 0 26 0 30 0 0 0 0 0 0 0 0 0 20 0 19 0 16 13 0 14 15 0 
0 0 20 21 0 23 0 0 16 0 0 0 9 0 8 0 0 0 29 30 27 28 0 25 5 4 2 0 1 0 34 31 0 0 0 0 
22 0 23 0 0 0 0 0 19 0 0 0 0 0 11 0 0 10 0 0 30 0 0 28 0 7 0 0 4 0 0 34 2 0 0 0 
16 0 17 0 19 20 15 0 13 11 0 0 0 7 0 8 0 4 0 0 0 25 0 0 2 0 0 0 0 0 31 0 32 0 30 0 
34 0 0 36 0 0 0 0 0 0 0 30 0 25 23 0 27 22 0 9 0 7 5 0 0 19 17 0 0 0 0 10 0 11 0 15 
10 0 0 12 0 0 0 0 7 5 4 0 36 0 0 2 3 34 0 0 0 0 17 16 0 0 29 33 0 30 25 22 26 0 0 27 
28 0 29 30 0 0 27 26 0 0 22 0 0 19 0 20 0 0 2 0 36 0 0 0 14 0 0 0 10 0 7 0 8 5 6 0 
4 9 0 0 0 0 3 0 1 0 34 36 30 0 0 0 33 0 14 15 0 0 11 0 0 0 0 27 0 0 19 16 0 0 18 0 
0 0 16 0 18 19 0 0 0 0 9 0 0 6 4 0 0 0 0 26 0 24 0 0 0 36 34 0 0 35 30 0 31 0 29 0 
27 0 0 29 30 0 0 25 0 22 0 0 0 0 16 0 20 0 1 0 0 0 0 0 0 0 10 14 0 0 0 0 0 4 0 8 
33 0 34 35 36 1 0 0 0 0 0 0 0 0 0 0 26 0 0 0 5 6 0 0 19 0 0 20 0 0 0 9 13 10 0 14 
9 0 0 11 0 0 8 7 0 0 0 0 0 0 0 0 2 33 19 20 17 0 0 0 0 0 0 32 0 0 0 21 0 0 23 26 
0 0 4 5 0 7 0 1 36 0 0 35 0 0 0 0 32 27 13 0 0 0 0 0 0 24 0 26 0 0 18 0 19 16 17 20 
21 0 22 0 0 0 20 0 0 16 0 0 0 12 10 0 0 0 0 0 29 30 0 0 7 0 0 8 3 5 0 0 0 34 0 0 
5 0 0 7 0 0 0 0 0 36 0 0 0 0 30 33 0 29 15 16 0 0 0 11 27 26 24 28 23 0 20 17 21 18 0 22 
0 16 0 0 0 0 10 9 0 0 5 0 0 0 0 0 0 0 0 0 0 0 18 17 0 0 0 34 0 31 26 0 0 24 0 0 
35 0 0 0 0 0 0 0 0 30 29 0 25 26 24 0 28 0 0 0 0 0 6 0 0 20 18 22 17 0 14 11 0 0 0 0 
0 0 0 0 0 0 16 0 0 0 0 0 0 8 6 0 0 5 27 0 0 0 24 0 3 0 0 0 35 1 32 0 0 0 31 0 
0 28 0 0 26 27 0 21 0 18 0 0 13 14 12 0 16 0 0 0 0 0 30 29 9 8 0 0 5 0 2 35 0 0 0 0 
0 34 30 0 0 33 0 0 26 0 0 0 19 0 18 0 0 0 3 0 0 0 0 0 15 0 12 0 0 13 8 5 9 0 0 0 
0 29 0 0 27 0 0 22 0 0 0 20 14 0 0 16 0 0 0 35 0 33 31 0 0 0 0 11 6 0 3 0 4 1 2 5 
0 0 31 32 33 0 29 0 0 25 0 26 0 0 0 0 23 0 4 0 2 0 1 0 0 15 0 0 12 0 0 6 0 0 0 11 
36 0 0 0 0 0 35 34 33 0 0 0 0 0 25 28 29 24 0 0 0 0 0 0 22 0 0 0 0 0 0 0 0 0 0 17 
0 0 0 0 9 10 5 0 0 0 0 0 32 33 31 0 35 30 0 17 0 15 0 0 0 0 25 0 0 0 0 0 22 19 20 0 
0 0 19 0 0 0 0 16 0 13 0 0 0 0 7 0 0 6 28 29 26 27 25 0 4 0 1 5 0 0 33 30 0 31 0 0 
12 0 0 14 0 16 0 10 9 0 0 0 0 3 1 4 5 36 22 23 0 0 19 18 34 0 31 35 0 0 0 24 0 0 26 0 
20 0 21 0 0 0 0 0 0 0 0 0 10 0 0 0 13 0 0 31 0 0 27 0 6 5 3 0 2 0 0 32 0 0 0 0 
0 0 0 0 0 18 0 0 0 0 0 10 4 0 0 6 0 2 24 0 0 23 0 20 0 0 0 0 32 0 29 26 0 0 28 0 
0 0 9 0 0 12 0 0 5 0 0 0 0 0 33 36 1 32 0 0 0 0 15 14 30 29 0 31 26 28 0 0 0 21 22 0 
0 0 0 0 0 0 0 24 23 0 0 22 16 0 0 0 19 14 36 1 0 35 0 32 0 0 0 0 0 10 0 2 0 3 0 7 
0 1 33 0 0 0 31 30 0 0 0 0 22 0 0 0 25 0 0 0 4 0 3 0 0 17 15 0 0 16 0 0 0 0 0 13 
2 0 3 4 0 0 0 0 0 0 0 0 28 0 27 0 0 0 12 13 0 11 0 8 0 0 0 25 0 22 0 0 0 15 0 0 
