6
0 0 28 0 29 27 0 0 0 15 13 0 0 23 0 18 0 0 0 6 8 0 0 7 35 33 0 0 30 32 0 0 2 0 0 5 
0 2 0 0 5 3 0 26 0 0 25 29 32 0 0 0 0 0 0 0 20 0 0 19 11 0 0 0 6 0 12 16 14 15 0 17 
0 0 0 0 23 0 6 0 0 0 0 11 0 17 13 0 15 16 3 0 2 0 0 1 0 0 0 25 0 0 30 0 32 0 0 35 
0 32 0 31 0 0 0 0 22 21 0 23 0 0 0 0 0 0 15 12 14 0 0 0 0 0 4 0 0 0 6 10 0 9 0 11 
0 0 0 7 0 9 30 32 0 33 31 0 0 0 0 36 3 0 27 0 26 0 28 0 0 15 0 0 12 0 0 0 20 0 0 0 
0 0 16 0 0 0 0 0 0 3 0 5 8 11 0 6 9 0 0 0 32 0 0 0 23 21 0 0 0 0 24 28 26 0 0 0 
0 0 0 0 0 35 20 22 0 23 0 0 0 0 0 0 0 0 17 14 0 19 18 0 7 0 6 3 2 0 8 12 0 11 0 13 
0 10 0 9 0 0 32 34 36 0 0 0 4 0 3 2 0 0 29 26 28 31 0 27 0 0 18 15 0 0 0 24 22 23 0 0 
0 0 0 0 0 0 2 4 6 0 0 0 10 13 0 0 0 12 35 32 34 0 36 0 0 0 24 0 0 22 0 0 28 0 0 31 
0 0 30 27 0 29 0 0 0 0 0 0 0 0 21 0 0 0 11 8 0 13 0 0 1 0 36 0 0 34 2 0 0 5 3 0 
0 0 0 3 0 0 0 0 0 29 27 0 0 1 0 0 0 36 0 20 0 25 0 21 0 0 12 0 0 10 0 0 16 0 0 19 
0 22 0 21 25 0 8 10 0 0 9 13 16 0 0 0 0 0 0 0 0 7 0 0 31 29 0 0 0 28 32 0 0 35 0 0 
0 35 1 0 0 0 21 0 25 0 22 0 29 0 28 0 0 31 0 15 17 0 0 0 0 6 0 0 3 5 9 0 0 0 10 14 
15 0 19 0 20 0 3 0 7 0 0 0 0 0 0 0 12 13 36 0 0 0 1 34 0 0 0 0 21 0 0 0 29 30 28 32 
0 0 31 28 32 0 15 0 19 18 16 20 0 26 22 21 0 25 12 0 11 0 0 0 2 0 0 0 0 35 0 0 0 0 4 0 
9 0 0 0 0 0 0 0 1 36 34 2 5 8 0 0 6 7 30 27 0 0 31 28 20 18 19 0 0 0 0 0 0 0 0 0 
0 0 0 0 0 0 0 0 0 0 0 0 0 0 0 0 36 1 0 0 23 0 0 0 0 0 0 0 0 11 0 19 0 0 0 0 
0 0 25 0 26 0 0 11 0 0 10 0 0 0 0 15 0 0 6 0 0 0 0 0 32 0 31 28 0 0 0 0 0 0 0 0 
0 0 29 0 0 28 13 15 17 0 14 18 21 24 20 0 0 23 0 7 9 0 11 0 0 0 0 32 0 0 1 5 0 4 0 6 
0 0 0 20 24 22 0 0 0 0 8 0 15 0 14 13 0 17 4 0 3 0 5 2 30 0 29 26 25 27 0 35 0 0 32 0 
0 0 0 0 0 10 0 33 35 0 0 0 0 6 0 1 0 0 28 0 0 0 0 0 18 0 17 0 0 0 19 23 0 22 0 0 
0 15 0 0 0 16 0 0 5 0 2 0 9 0 0 7 10 11 34 0 33 36 0 0 0 22 23 20 19 21 25 0 27 0 0 0 
0 0 0 32 36 34 19 0 0 22 0 0 27 30 0 0 0 0 16 13 15 0 0 14 0 0 0 2 1 3 0 0 0 10 8 0 
1 3 0 2 6 0 25 0 0 0 26 30 0 0 0 31 0 0 0 0 0 0 0 0 0 0 11 8 0 0 0 0 0 0 0 18 
22 0 0 0 0 25 10 12 0 13 11 0 18 21 17 16 0 20 7 0 0 0 8 0 33 31 0 0 0 0 0 2 36 1 0 0 
0 0 14 0 0 13 34 36 0 0 35 0 6 0 0 0 0 8 31 0 0 0 0 0 0 0 0 17 0 18 0 0 24 25 23 0 
0 30 32 0 0 0 16 0 20 0 0 0 0 0 0 22 0 0 13 10 12 15 0 0 0 1 0 0 0 0 4 0 0 0 5 9 
4 6 8 0 0 7 0 0 0 31 0 0 36 0 35 34 0 2 0 22 0 0 26 0 15 0 0 0 0 0 0 20 0 19 0 0 
34 36 0 0 0 0 0 0 0 0 23 0 30 0 0 28 0 32 19 16 0 0 0 17 9 0 0 0 0 6 10 0 12 0 11 15 
0 0 0 17 21 19 0 6 8 0 0 0 12 0 11 0 0 0 1 0 36 0 0 0 0 25 26 23 22 0 28 0 0 0 0 33 
0 0 0 0 0 0 23 25 0 0 0 0 0 0 0 29 0 33 20 17 19 0 0 18 0 0 0 6 0 0 11 15 0 0 12 16 
0 25 0 0 0 0 11 0 0 14 0 0 0 0 0 17 0 0 0 5 7 0 0 0 0 0 33 0 29 0 35 0 0 0 0 0 
29 0 33 30 34 32 0 0 0 20 0 0 0 28 0 0 0 27 14 11 13 16 0 12 0 0 0 0 0 1 0 9 7 8 6 0 
0 0 0 0 0 0 0 7 9 8 0 10 0 0 0 0 0 0 0 0 0 0 3 36 28 0 27 24 23 0 29 0 31 32 0 0 
0 7 0 6 0 0 0 0 0 0 0 34 0 0 0 0 2 3 0 23 0 28 0 24 16 0 0 0 0 13 0 21 0 20 0 0 
0 0 15 0 0 14 35 0 3 0 0 0 7 0 6 0 0 9 32 0 31 34 0 0 0 20 0 0 0 0 0 0 0 0 0 0 
