6
0 17 16 13 18 0 0 0 0 8 0 0 0 0 0 20 0 19 6 0 5 0 0 3 36 34 0 31 0 0 0 27 0 0 0 0 
26 29 0 0 0 0 24 23 0 0 0 22 0 0 0 0 0 31 0 0 17 14 13 15 0 0 9 0 11 0 4 0 0 6 0 0 
0 0 0 0 0 0 0 17 0 0 13 0 0 27 29 26 0 25 0 0 0 0 0 9 6 0 0 0 5 0 0 0 31 36 32 35 
0 0 34 0 0 33 0 0 0 0 0 0 6 0 5 2 0 0 24 0 0 0 19 21 0 0 0 0 0 0 0 0 0 12 0 0 
0 0 0 0 0 9 0 0 0 0 0 4 0 15 0 0 0 13 0 0 0 32 31 0 0 28 0 25 0 0 0 21 0 0 0 0 
2 0 0 0 0 0 0 0 0 0 31 34 0 0 11 0 10 0 0 0 0 0 0 0 0 0 0 19 0 0 16 0 13 0 0 17 
0 0 5 2 7 4 0 0 0 0 0 0 0 0 12 9 11 0 0 0 0 27 26 0 25 0 0 20 0 0 17 0 14 0 0 18 
0 0 0 0 25 0 0 18 0 0 14 17 31 28 0 0 0 26 13 11 0 9 0 10 7 0 0 0 0 0 0 34 32 0 33 0 
0 12 0 0 0 0 0 6 0 3 2 5 0 0 18 15 0 0 1 35 0 0 0 34 0 0 0 26 30 27 0 0 0 25 0 24 
0 0 0 14 19 16 0 12 10 9 0 0 0 22 0 21 0 0 7 5 6 0 2 4 1 0 0 32 36 33 0 28 0 0 27 0 
0 0 0 32 0 0 0 30 0 0 0 29 7 0 6 0 0 0 25 0 0 21 20 0 19 17 16 0 0 15 11 10 0 0 9 12 
0 0 29 0 0 28 0 24 22 0 20 23 0 0 0 33 35 32 0 0 0 15 0 0 0 0 0 8 12 9 5 4 2 7 0 0 
35 0 0 0 3 0 0 0 0 0 0 0 9 0 8 5 0 4 0 0 0 0 0 0 0 19 0 0 0 17 0 12 0 0 11 0 
0 0 0 0 33 30 0 0 24 0 22 0 0 36 0 0 1 0 0 0 20 0 0 18 15 13 0 10 14 11 0 6 4 9 0 0 
0 0 0 0 9 6 3 0 0 0 34 1 15 12 0 0 0 0 33 0 0 29 0 30 27 0 0 22 26 0 0 0 0 21 0 0 
17 0 19 0 21 0 15 14 12 11 10 0 0 0 0 0 0 22 9 7 8 5 0 6 3 0 0 34 0 0 31 0 0 0 0 32 
0 0 13 10 0 12 9 8 6 5 0 0 0 0 0 0 19 0 0 0 0 0 34 36 0 31 0 28 32 0 0 0 22 0 0 26 
0 0 25 22 27 24 0 20 18 0 0 0 0 0 32 29 31 28 15 0 0 0 10 0 0 7 6 0 0 5 1 36 34 0 0 0 
0 0 0 36 0 0 35 0 32 31 30 0 11 8 0 0 9 0 0 0 28 0 24 0 0 21 0 0 0 0 15 0 12 17 13 16 
0 34 0 30 35 32 29 28 26 0 0 0 0 0 4 0 0 36 0 0 0 0 0 20 0 0 0 0 0 0 0 8 6 0 7 0 
0 0 27 24 0 26 0 22 0 19 0 0 35 32 0 0 0 0 0 15 0 0 12 14 11 9 8 6 10 7 0 2 0 5 0 4 
0 0 9 0 0 0 0 0 2 0 0 0 0 0 16 0 0 0 0 0 0 31 0 32 29 0 26 0 0 25 0 0 0 23 19 0 
0 22 0 0 0 0 17 16 0 13 0 15 0 26 28 0 27 24 0 9 10 7 6 0 0 3 2 0 4 0 0 32 30 0 0 34 
13 16 0 12 17 14 0 0 8 7 6 9 0 0 0 19 21 18 5 3 0 1 0 2 35 33 0 0 34 31 0 26 0 0 0 0 
0 0 0 0 0 29 0 0 0 22 0 0 0 0 1 34 36 0 0 18 19 0 0 0 0 0 0 9 13 10 6 5 0 8 4 0 
34 0 36 0 0 35 32 0 0 28 0 0 0 5 0 4 0 3 0 0 0 22 0 0 20 0 17 0 0 16 0 0 0 0 10 0 
0 19 0 15 0 0 14 0 0 10 0 0 26 0 25 0 0 0 0 0 0 4 3 0 0 0 35 0 0 0 30 0 0 32 28 31 
10 0 0 0 0 0 0 0 0 4 3 6 20 0 0 16 18 15 2 36 0 34 0 35 0 0 0 0 0 28 24 23 0 26 22 0 
22 25 24 21 0 23 0 0 0 0 0 0 32 29 0 0 30 27 0 0 0 0 9 11 0 0 0 0 0 4 0 0 0 0 34 0 
4 0 6 3 0 0 0 0 35 0 0 36 0 0 13 10 12 9 32 0 0 28 0 0 26 24 0 0 0 0 18 0 0 20 0 0 
0 0 0 5 0 0 0 0 0 0 0 0 16 0 0 0 14 11 34 0 0 0 29 0 0 0 0 0 27 0 0 0 0 0 0 21 
18 0 0 0 22 0 0 0 0 12 11 0 0 25 0 0 0 23 0 0 0 0 0 7 4 0 0 0 0 0 32 0 0 0 0 0 
0 0 26 0 28 25 0 0 0 18 0 20 0 31 0 0 0 0 0 0 15 0 0 0 0 0 0 5 0 0 0 0 35 0 36 0 
30 33 32 29 34 0 28 27 25 24 0 0 4 0 3 36 0 0 22 0 21 0 17 0 0 14 13 0 0 0 8 0 5 10 0 0 
0 0 0 0 4 0 0 0 31 0 0 32 10 7 0 0 8 0 0 0 0 24 0 0 22 0 0 0 0 0 0 0 0 0 12 0 
12 15 0 0 0 0 0 0 7 0 5 8 0 19 0 0 0 0 0 0 3 36 0 0 34 32 31 0 0 0 26 0 23 0 0 0 
