6
28 0 27 0 25 26 16 0 14 0 12 0 7 0 8 6 0 11 35 0 30 0 0 0 0 20 19 22 0 0 2 0 5 3 36 4 
22 18 0 0 0 20 10 0 0 0 6 0 0 4 2 36 0 0 0 0 0 0 27 0 15 0 0 0 12 0 0 31 0 0 0 0 
4 0 0 0 1 2 28 25 0 0 24 0 0 22 0 18 0 0 0 0 6 0 0 7 0 0 31 0 30 35 0 0 17 0 12 16 
0 0 0 35 0 0 22 0 20 0 0 0 0 0 0 0 0 0 5 0 0 4 0 0 0 0 25 0 24 29 8 7 0 0 6 0 
0 12 0 0 0 0 0 0 2 0 0 3 31 34 32 0 0 35 0 0 18 0 0 0 0 0 0 10 6 11 0 0 0 27 0 28 
0 6 0 11 0 8 34 0 0 35 30 0 0 28 26 0 0 0 0 14 0 0 0 0 0 2 0 0 36 0 0 0 23 21 0 22 
8 4 0 9 5 6 32 29 30 0 0 0 0 0 0 22 0 0 15 0 0 14 0 11 0 0 0 0 0 3 0 0 21 0 16 20 
0 0 0 0 17 18 0 0 6 0 0 0 0 2 0 0 0 0 0 24 0 26 25 0 0 12 0 0 0 15 30 29 33 0 0 0 
32 28 0 0 0 0 20 17 18 0 16 0 0 0 0 0 0 0 0 0 0 0 0 35 0 24 0 0 0 0 0 5 9 0 0 8 
0 0 0 15 0 12 2 0 0 3 34 0 29 0 30 0 31 33 0 0 0 0 19 0 7 0 5 0 4 0 24 0 0 0 22 26 
0 0 0 0 23 24 0 0 0 0 10 0 5 8 0 4 7 0 33 0 0 0 0 0 0 0 0 20 0 0 36 0 3 0 0 0 
0 34 0 3 0 0 26 0 24 27 22 0 17 20 18 16 19 21 9 6 4 8 7 5 31 0 29 0 28 33 0 11 0 0 0 0 
0 3 0 8 0 0 0 0 0 32 0 30 22 0 0 21 0 26 0 0 0 13 12 10 0 0 0 0 33 0 17 0 0 0 0 19 
25 21 0 0 0 23 0 10 0 14 0 0 0 0 0 0 6 0 0 29 0 0 30 0 0 0 0 19 15 20 0 34 0 0 33 1 
13 0 0 0 0 0 0 0 35 2 33 0 28 31 0 27 30 32 0 17 0 0 0 0 0 0 4 7 3 8 0 0 0 24 0 0 
19 15 18 0 16 17 7 4 0 0 0 0 0 1 0 0 36 2 0 0 0 0 0 22 12 0 10 0 9 14 0 0 32 30 27 31 
31 0 30 0 0 29 19 0 0 0 0 0 10 13 0 0 0 14 0 35 0 0 0 0 24 0 22 0 0 0 0 4 8 0 0 7 
1 0 36 0 0 0 0 0 0 26 21 0 16 0 0 0 0 0 0 0 3 7 0 4 30 0 28 0 0 32 0 0 0 0 0 13 
33 29 32 0 0 0 21 0 19 0 0 20 0 15 0 0 0 0 0 1 0 3 0 0 26 0 0 0 0 0 0 0 0 0 5 0 
27 0 26 0 0 0 0 12 0 16 11 0 0 0 0 0 8 10 34 0 0 0 32 0 0 19 0 0 17 0 1 0 0 0 0 0 
15 11 0 16 0 0 0 0 1 0 35 2 30 33 0 29 0 0 0 0 17 0 0 18 0 0 0 0 0 0 25 24 28 26 23 0 
0 0 0 0 0 0 27 0 0 0 0 0 18 0 0 0 20 0 0 7 0 0 8 0 0 31 30 33 0 0 13 12 0 14 0 0 
0 17 20 22 18 0 9 0 0 0 0 0 36 3 0 35 2 4 28 0 23 0 0 0 14 0 0 0 0 0 31 0 34 32 0 0 
0 5 0 10 0 7 0 30 0 34 29 0 24 27 0 0 0 0 16 0 0 0 14 0 0 1 36 3 0 4 19 18 0 20 17 0 
0 0 0 31 27 0 18 15 16 0 0 0 0 0 0 0 0 0 0 0 32 0 35 0 0 22 0 0 20 25 0 3 7 0 2 0 
12 0 11 13 9 0 0 0 0 1 0 35 0 0 28 0 0 31 0 16 14 0 0 15 0 0 0 6 2 7 22 0 25 23 20 0 
0 0 5 0 0 4 30 0 0 0 0 0 21 24 22 0 0 0 0 0 0 12 0 0 0 34 33 36 32 0 16 0 19 0 14 0 
0 0 17 0 0 0 0 3 0 0 0 5 0 0 0 32 0 0 0 22 20 0 23 21 0 0 0 0 0 0 28 0 31 0 0 0 
36 0 0 0 33 34 24 21 22 25 0 23 0 18 0 14 0 0 7 4 0 6 0 3 29 0 0 0 26 0 0 0 0 0 0 0 
24 0 0 0 21 0 0 9 10 13 0 0 0 0 4 2 5 0 0 28 0 30 0 0 17 16 15 18 0 0 0 0 1 0 32 0 
0 0 0 0 26 0 0 0 0 18 13 16 0 11 0 0 0 0 0 33 31 0 0 0 22 0 0 23 19 0 0 0 6 4 0 0 
0 0 0 0 0 21 0 0 0 0 7 0 2 0 0 0 0 0 0 0 0 0 0 0 0 15 0 0 13 0 0 0 0 0 31 35 
35 0 0 36 0 0 23 0 0 24 19 0 0 17 15 13 16 18 6 0 0 0 0 0 0 27 0 0 0 0 0 0 12 0 7 0 
17 13 0 0 14 0 0 2 3 0 0 4 0 0 0 0 0 0 0 21 19 23 22 20 10 9 0 11 0 0 27 0 30 28 0 0 
0 0 0 6 0 0 29 0 0 30 0 0 20 0 0 19 0 0 0 0 0 0 0 8 0 33 32 35 31 36 0 14 18 16 0 17 
0 0 0 12 0 0 0 32 0 0 31 0 0 29 27 0 28 30 18 15 13 17 0 0 0 0 0 0 0 6 0 0 0 22 0 0 
