6
22 0 0 26 0 0 19 18 0 0 15 0 29 0 0 32 0 0 0 0 0 1 0 33 0 6 0 0 0 0 0 0 9 0 10 0 
0 0 18 0 0 17 0 0 0 10 0 0 0 22 21 0 25 0 32 30 28 31 0 0 0 0 2 0 33 1 7 0 3 5 0 0 
0 0 30 0 0 29 25 0 26 0 21 0 0 0 0 0 1 0 8 6 0 0 5 3 0 0 14 0 0 0 19 0 0 0 16 0 
0 13 0 0 9 0 0 0 0 0 0 0 0 0 15 0 0 0 26 0 0 0 0 0 0 0 0 0 27 0 0 0 0 35 0 36 
0 7 0 8 0 0 0 36 0 34 0 0 0 10 9 14 0 12 20 0 0 19 17 0 0 24 26 22 0 0 31 32 27 0 0 30 
0 0 0 2 33 35 0 30 0 28 27 0 5 0 3 8 0 0 0 0 0 0 0 0 0 18 0 16 0 0 25 0 21 0 0 24 
0 0 0 36 31 0 29 0 30 26 25 0 0 2 1 0 5 0 0 0 0 11 0 7 15 0 0 0 0 0 23 24 0 0 20 22 
2 5 4 0 1 3 35 0 0 0 0 33 0 0 7 12 11 10 18 0 14 0 15 0 0 22 0 0 0 0 0 0 0 0 26 0 
0 0 0 0 7 9 0 4 6 0 0 0 0 0 0 0 0 0 24 0 0 0 21 19 27 28 30 0 0 29 0 36 0 0 0 0 
26 29 0 0 25 0 0 22 24 0 0 0 0 32 0 36 0 34 0 0 2 0 0 1 0 0 0 0 7 0 0 18 0 0 0 0 
20 0 22 24 0 0 0 0 18 0 0 15 27 26 25 0 29 0 36 34 0 0 33 0 3 0 6 2 0 0 0 0 7 9 8 10 
0 0 0 0 0 15 11 10 0 0 0 9 21 0 19 24 0 0 0 0 0 0 0 25 33 0 0 32 31 0 0 0 0 3 2 0 
12 0 0 16 11 13 9 0 0 0 5 7 0 18 0 22 0 0 28 0 0 27 0 23 31 0 0 30 0 0 0 0 35 0 36 2 
30 0 32 34 0 31 0 0 28 0 23 0 0 0 0 0 0 0 0 0 0 0 0 5 13 14 16 0 0 0 21 0 17 19 0 20 
0 21 20 0 17 0 0 14 0 0 11 13 0 0 0 28 27 0 0 32 0 0 0 0 0 2 0 0 0 3 0 0 5 0 6 8 
24 0 0 28 0 0 0 0 22 0 0 0 0 0 0 34 0 0 0 0 36 0 0 0 7 0 10 6 0 9 0 0 0 0 0 14 
0 9 8 0 5 7 3 0 4 0 0 1 0 0 0 16 15 0 0 0 0 21 0 0 0 0 28 0 23 27 0 0 0 0 0 0 
0 0 2 4 35 0 33 0 0 30 0 31 7 0 0 0 9 0 0 0 0 0 0 0 0 0 0 18 0 0 27 0 23 25 24 26 
1 0 0 5 0 2 0 0 35 0 0 0 8 7 6 11 10 0 0 0 0 0 0 12 0 0 0 0 18 22 28 29 24 26 0 0 
0 0 33 0 0 32 0 0 0 0 0 0 2 1 36 0 4 0 11 0 7 10 0 0 0 0 17 0 0 0 0 0 18 20 0 21 
0 0 0 11 6 0 0 0 0 0 36 2 0 0 0 17 0 0 0 0 19 22 20 0 0 0 0 25 0 0 34 35 30 0 0 0 
0 0 0 0 0 14 10 0 0 7 0 8 0 0 18 0 0 21 0 27 0 28 0 24 0 0 35 31 30 34 4 5 0 0 1 3 
0 0 0 29 0 0 0 21 0 19 0 0 0 31 30 0 0 0 0 0 0 0 2 36 0 9 11 0 6 0 16 0 0 0 0 15 
0 0 0 0 18 0 16 0 17 0 12 0 26 25 0 0 28 27 0 0 31 0 0 0 0 0 0 0 36 0 10 0 6 8 7 0 
0 0 31 33 0 0 0 25 27 0 0 0 0 0 0 0 2 1 9 7 0 0 6 4 0 13 0 0 0 14 20 21 0 0 17 19 
0 0 0 0 0 0 0 0 21 0 0 0 0 0 28 0 32 31 0 1 35 0 36 0 0 0 0 0 0 0 14 0 10 0 11 0 
0 2 1 3 34 0 32 31 0 0 0 0 0 0 0 9 8 0 0 13 0 0 0 0 0 19 21 0 0 20 26 0 22 0 0 0 
0 20 0 21 0 0 14 13 0 0 0 0 24 0 22 0 26 25 0 0 0 0 30 28 36 0 3 0 34 2 0 9 4 6 5 7 
5 0 7 0 0 0 0 0 0 0 0 36 0 0 10 0 14 13 21 19 17 0 0 0 24 25 0 0 22 26 0 33 0 0 0 0 
11 0 13 0 0 0 0 0 9 0 4 6 18 0 16 21 20 19 0 0 0 0 0 0 30 0 33 29 28 32 2 0 34 0 0 1 
0 0 0 25 0 0 0 0 19 0 0 16 0 0 0 0 0 0 0 35 33 36 34 0 0 5 7 0 0 6 12 13 0 0 0 0 
9 0 0 0 8 0 6 5 0 3 0 0 0 15 0 0 18 17 0 0 0 0 0 0 28 0 0 0 26 0 36 0 0 0 33 35 
0 0 5 7 0 0 36 35 0 0 0 34 10 0 0 0 12 11 19 17 15 18 0 0 22 23 25 21 20 24 0 31 26 28 0 0 
15 0 17 0 0 0 12 11 13 0 8 0 0 0 20 25 24 23 31 0 27 30 0 26 34 35 1 33 32 0 6 0 0 4 0 0 
0 0 0 1 32 0 30 0 31 27 0 0 4 0 0 0 6 0 13 0 9 12 0 8 0 0 19 0 0 0 0 0 0 0 21 23 
27 30 0 31 26 0 24 0 0 0 0 0 34 0 0 0 36 0 0 5 3 6 4 2 0 0 0 0 8 0 0 0 0 0 0 0 
