6
0 0 0 0 0 5 0 27 0 0 0 0 0 0 0 0 0 34 0 15 0 0 0 0 0 9 0 10 0 12 26 25 0 0 22 0 
28 0 0 0 32 29 19 0 18 0 16 20 0 21 0 0 25 0 0 0 6 0 0 0 0 0 35 34 1 36 0 13 0 0 0 12 
0 19 0 0 0 0 0 0 0 0 4 8 0 0 14 12 0 10 0 0 0 28 0 0 0 21 0 22 0 0 2 1 0 0 34 0 
34 1 33 0 2 0 0 21 24 0 0 26 0 0 32 0 31 28 14 9 12 0 0 0 8 3 5 4 7 0 20 0 0 17 16 0 
22 0 0 0 26 0 13 9 0 0 0 14 17 15 20 18 19 0 2 33 0 0 0 0 0 0 0 28 0 0 8 7 0 5 4 0 
0 0 9 12 14 0 0 0 36 35 0 0 5 0 8 0 7 0 26 21 24 0 25 0 0 0 0 0 0 0 0 0 0 0 0 0 
9 12 0 0 13 0 0 32 35 0 0 1 4 0 7 0 0 0 25 20 23 21 24 0 0 0 16 0 18 0 31 0 0 0 0 29 
0 0 20 23 25 22 0 8 0 0 0 13 0 0 19 0 0 15 1 0 0 0 0 34 31 0 28 27 0 0 7 0 0 4 3 5 
3 0 0 0 7 0 30 0 0 0 0 0 0 0 1 0 36 33 0 14 17 0 18 0 0 0 0 9 12 0 0 24 0 0 0 23 
33 36 32 35 1 34 0 0 23 0 0 25 0 0 0 0 0 27 0 8 0 0 12 0 0 2 0 0 0 5 19 18 0 16 15 0 
0 0 0 0 0 28 18 14 17 16 15 19 0 20 0 23 0 0 7 0 5 0 6 0 1 32 34 0 36 35 0 0 0 10 0 0 
0 18 0 0 0 16 6 0 5 0 0 0 0 8 0 0 0 0 0 26 29 0 30 0 0 0 0 0 24 23 1 0 0 0 0 0 
0 0 30 0 0 32 22 0 0 0 19 23 26 24 0 27 0 0 0 0 0 0 0 0 0 0 0 0 0 0 0 0 0 14 13 15 
1 4 0 0 5 0 0 24 0 26 0 29 32 30 0 33 0 0 0 0 15 0 0 0 0 0 8 7 10 0 23 0 18 20 0 21 
0 0 0 0 0 0 0 0 0 0 0 11 14 0 0 15 0 0 0 30 33 0 34 32 29 24 0 0 28 0 0 0 0 2 0 0 
0 0 6 0 0 8 0 30 0 0 0 0 0 0 5 0 4 1 0 18 0 19 22 0 0 12 0 13 16 0 0 28 0 26 0 0 
0 16 0 15 17 0 4 0 0 0 1 0 8 6 11 9 10 0 0 24 0 0 0 26 0 0 0 0 22 21 0 0 0 32 0 0 
25 0 0 0 0 0 0 0 0 0 0 17 20 18 23 21 0 0 0 0 3 1 4 0 0 0 32 0 0 0 0 10 0 8 0 0 
24 0 23 0 28 0 15 0 0 0 12 0 19 0 22 20 0 18 0 35 2 36 0 1 0 29 31 0 0 0 0 0 5 0 0 0 
36 0 35 0 0 0 0 23 26 0 24 28 0 0 34 32 33 0 0 11 0 0 0 13 10 0 0 0 9 0 22 0 0 0 0 0 
12 0 0 14 0 0 0 0 0 1 0 0 0 5 0 0 0 6 28 0 0 24 0 0 22 17 19 18 21 20 0 33 0 0 0 0 
0 0 0 0 0 31 0 17 20 19 0 0 0 0 28 0 0 0 10 0 0 6 0 0 0 0 1 0 3 0 0 0 0 0 12 14 
6 9 0 0 0 0 33 0 0 0 0 0 0 0 0 0 0 0 0 0 0 0 0 19 0 0 0 12 0 0 0 0 0 25 0 0 
0 0 0 20 22 19 9 0 0 7 0 10 0 11 16 14 0 0 34 29 32 0 33 31 28 23 0 0 27 0 4 0 0 0 36 0 
0 14 0 13 0 0 0 0 1 0 35 3 0 4 0 7 0 0 0 0 0 23 0 24 21 0 0 17 0 0 33 0 0 0 0 0 
0 0 0 25 0 0 0 0 13 0 0 0 0 0 0 0 0 0 3 0 1 35 0 0 33 28 0 0 32 31 0 8 4 0 0 7 
5 8 4 7 9 0 0 0 31 0 0 33 36 34 0 1 0 35 0 0 0 17 0 0 0 0 0 0 0 13 27 0 0 24 0 0 
35 0 0 0 0 36 26 0 0 24 23 0 0 28 33 0 0 0 0 10 0 0 0 0 0 0 6 5 0 7 0 0 16 18 0 0 
0 0 0 0 33 30 0 0 0 0 17 0 0 22 27 0 26 0 9 0 0 0 8 6 3 34 36 0 0 1 0 14 0 0 11 0 
0 20 0 19 21 18 0 4 7 0 5 0 0 10 15 0 0 11 0 0 0 0 0 0 27 22 0 23 0 0 3 2 34 36 35 0 
0 0 13 0 0 0 0 0 4 0 2 6 0 7 0 0 0 8 0 0 0 26 29 27 0 0 21 20 23 22 36 35 0 0 0 0 
0 29 25 0 30 27 17 13 0 15 0 0 0 19 24 0 0 20 6 1 0 0 0 3 0 0 33 0 35 0 0 0 0 0 0 0 
2 0 0 0 0 3 29 25 0 0 0 0 0 0 36 0 35 0 0 0 0 0 17 0 0 7 0 8 11 0 0 0 0 0 0 22 
8 0 0 10 12 9 0 31 0 33 0 0 3 0 6 0 0 2 0 19 22 20 23 21 18 0 0 0 17 16 0 0 0 0 0 0 
0 23 19 0 0 21 11 7 0 0 0 0 0 0 0 0 0 0 36 31 0 0 0 0 30 0 27 0 0 28 6 0 0 3 2 0 
32 0 0 0 36 33 0 0 0 21 0 24 0 25 0 0 0 26 0 0 10 0 0 0 0 1 0 0 5 4 0 0 0 15 14 0 
