6
0 3 0 0 35 0 25 0 0 0 28 24 0 6 5 10 0 8 0 30 31 0 0 0 0 20 0 0 17 0 16 0 13 0 0 14 
25 0 26 0 0 0 0 15 0 14 0 0 0 0 0 34 0 32 17 18 19 0 0 0 0 8 0 10 5 7 0 3 0 36 35 0 
0 0 0 0 0 0 1 3 0 0 4 0 21 0 0 0 0 20 0 6 7 0 0 8 0 0 0 0 0 31 28 27 25 24 23 26 
0 33 32 30 0 0 0 21 17 0 0 0 0 0 35 0 0 0 0 24 0 0 27 26 0 0 15 16 0 0 0 0 0 0 0 0 
0 0 0 0 17 0 7 0 0 8 10 0 0 24 0 28 0 26 0 0 0 16 0 0 0 0 3 4 0 0 34 33 31 0 0 32 
0 0 8 0 5 10 31 33 29 0 0 30 0 12 11 16 13 14 35 0 1 0 0 0 0 0 0 28 0 25 0 0 0 0 17 20 
22 24 0 21 20 0 0 0 0 0 13 9 0 27 0 0 28 0 14 15 0 0 0 17 0 0 6 7 2 4 0 0 34 33 32 0 
0 12 0 0 0 0 34 0 0 35 0 0 0 0 14 0 16 0 2 0 4 7 6 5 27 0 0 0 26 28 0 0 0 21 20 0 
34 0 35 0 32 0 0 24 0 23 25 0 0 0 0 0 0 5 26 27 28 0 0 0 0 17 0 0 14 16 0 0 10 0 8 0 
16 0 17 15 0 0 0 6 2 0 0 0 0 0 0 25 22 23 0 9 0 0 0 11 0 0 0 0 32 34 0 30 28 0 0 0 
0 0 0 0 2 7 28 0 0 29 31 0 12 0 0 13 0 0 0 0 34 1 0 0 21 0 24 0 0 22 19 0 16 0 14 0 
0 0 0 0 0 31 0 0 14 17 19 0 0 0 0 0 0 35 0 21 0 0 0 0 0 11 0 0 0 10 7 6 0 0 2 0 
9 0 0 8 0 12 33 35 31 0 36 32 0 0 13 18 0 16 1 0 0 0 5 0 0 28 0 30 0 27 0 0 0 0 0 0 
33 0 0 32 0 36 0 0 19 22 24 0 5 2 0 0 0 0 0 0 0 0 29 0 0 16 17 18 0 0 12 0 0 0 0 10 
0 0 22 0 19 24 0 0 0 10 0 0 0 26 0 30 0 0 0 0 0 0 17 16 0 0 0 0 0 0 36 0 0 0 0 0 
0 29 28 0 0 30 15 17 0 16 18 0 0 0 0 0 0 0 19 0 0 0 23 0 8 10 11 0 7 0 0 0 3 0 0 0 
0 17 0 0 0 18 0 5 1 0 0 0 0 20 19 24 0 22 7 0 0 12 0 10 32 34 35 0 0 0 0 0 27 26 0 28 
0 5 4 2 0 6 0 29 0 0 0 0 0 0 0 0 9 10 0 0 0 0 0 34 0 22 23 24 0 0 18 17 0 0 0 0 
0 0 18 0 15 20 0 0 0 0 8 0 0 0 0 26 23 24 9 0 11 0 0 12 0 36 0 0 0 0 0 31 29 28 0 0 
11 13 12 0 9 0 35 1 0 0 2 34 19 0 0 0 0 0 0 0 0 0 0 6 0 30 0 0 27 29 0 0 23 0 21 0 
0 0 0 22 0 0 0 0 9 12 0 0 0 0 0 0 0 30 0 0 17 20 0 18 0 0 0 8 0 5 0 1 35 34 0 36 
29 31 0 28 0 0 0 0 0 18 0 16 0 34 33 0 0 0 21 22 0 0 0 0 0 0 13 14 9 11 0 7 0 0 0 6 
0 1 0 0 33 2 0 0 21 24 26 22 0 0 0 0 5 0 27 28 29 0 31 0 16 18 0 0 15 0 14 13 0 10 0 0 
0 7 0 4 0 8 0 31 27 0 0 28 13 0 0 0 11 12 0 34 35 0 0 36 22 0 0 0 21 23 20 19 0 16 15 18 
0 8 0 0 0 0 0 32 0 31 0 29 0 11 10 15 0 0 34 0 36 0 2 1 23 25 0 0 0 0 0 20 0 0 16 0 
0 32 0 0 28 0 0 20 0 0 0 0 2 35 0 0 36 0 0 0 24 0 0 0 11 13 14 15 10 0 9 0 0 5 4 7 
0 26 0 0 22 0 0 0 10 0 15 0 0 0 0 33 0 31 16 0 0 0 0 19 0 0 0 9 4 6 0 0 0 35 34 0 
0 20 0 0 0 0 6 0 4 0 0 0 0 0 22 0 0 0 10 11 0 15 0 0 35 0 0 0 34 0 33 32 30 0 28 31 
0 0 0 11 10 15 36 2 0 0 0 35 0 0 16 21 18 19 0 5 0 9 8 7 29 31 0 33 0 0 27 26 0 0 22 0 
36 2 1 0 34 3 0 0 0 0 0 0 8 0 4 9 6 0 28 29 0 33 32 0 17 0 0 21 0 18 0 0 0 11 10 13 
0 0 33 0 0 35 0 0 18 21 0 19 0 0 36 0 2 3 0 25 0 29 0 0 0 0 0 17 0 0 11 10 0 7 6 9 
0 4 3 0 36 0 26 0 0 0 29 25 0 7 0 11 0 0 0 0 0 0 0 0 0 0 0 0 18 0 17 0 0 0 0 0 
0 0 21 19 18 23 0 10 0 9 0 0 28 0 0 0 0 27 0 0 14 17 0 0 1 0 0 0 36 0 35 0 0 0 0 0 
14 0 15 0 12 17 2 0 36 0 0 1 0 0 18 23 20 21 6 7 8 11 0 0 31 33 34 0 0 32 29 28 26 0 24 0 
26 0 27 25 0 29 0 16 0 0 0 0 0 31 0 0 0 0 0 19 0 23 22 0 0 0 10 0 6 8 0 4 2 0 36 0 
0 0 0 0 0 11 32 0 0 0 0 0 0 0 0 0 0 0 36 1 2 5 0 0 25 27 0 29 0 0 0 22 0 0 0 0 
