6
21 18 0 0 0 0 2 0 0 3 0 0 0 0 15 0 11 0 33 32 0 0 0 30 0 0 23 26 0 22 5 0 6 9 4 0 
15 12 0 0 0 10 0 28 31 0 0 0 0 6 9 0 0 7 0 26 0 0 0 0 0 0 17 0 0 0 35 2 0 0 0 1 
0 36 0 0 0 34 20 0 0 0 0 0 0 0 0 0 0 31 0 14 0 0 10 12 6 0 0 8 7 0 23 0 0 0 0 25 
27 0 26 25 23 22 8 0 0 0 0 0 20 0 0 16 17 0 0 0 35 1 0 0 0 0 0 0 0 28 0 14 0 0 0 13 
0 0 8 7 0 4 26 0 0 27 24 0 0 0 0 34 35 1 21 0 0 19 16 0 0 0 0 0 0 0 29 0 0 0 28 31 
33 0 0 0 0 28 14 0 0 15 12 0 26 24 27 0 23 0 9 8 0 0 0 0 0 0 0 2 0 0 17 0 18 21 0 0 
11 8 0 0 7 0 28 0 0 29 26 25 0 2 5 0 0 0 0 0 0 21 0 0 14 17 0 16 0 0 31 0 0 35 0 0 
0 14 0 15 0 12 0 30 0 35 0 31 0 0 0 6 0 0 0 28 0 27 0 0 0 23 19 22 21 0 1 4 0 0 0 0 
5 2 0 0 0 0 0 0 0 0 0 19 34 32 35 30 31 0 0 16 0 0 0 14 0 11 0 10 0 0 0 28 0 0 0 0 
29 0 0 0 25 0 10 0 0 11 0 7 0 0 0 0 19 0 0 0 0 0 0 0 32 0 0 34 0 0 13 16 0 0 0 15 
0 20 0 0 19 18 4 0 3 0 0 0 0 14 17 0 0 15 35 0 0 0 0 32 26 0 0 28 0 0 7 10 0 11 6 0 
35 32 34 0 0 30 0 12 0 17 14 0 0 0 0 0 0 0 11 0 7 9 6 0 2 0 1 4 0 36 19 0 0 23 0 0 
0 0 0 0 0 0 0 15 0 20 0 0 0 29 0 0 28 0 14 13 10 0 0 11 5 0 4 7 6 3 0 0 0 26 0 0 
14 0 0 12 10 0 31 0 0 0 29 0 0 0 0 0 0 0 0 0 22 0 21 23 0 0 16 19 18 0 34 0 35 2 33 36 
0 17 0 0 16 15 0 33 36 0 0 0 13 11 0 9 0 0 32 31 0 30 0 0 0 0 0 0 0 21 0 7 0 0 0 6 
0 0 0 24 0 21 0 3 6 0 0 0 0 0 20 0 0 18 0 1 0 0 33 0 0 0 0 0 0 27 10 0 11 14 0 0 
0 0 0 0 0 0 13 9 12 0 0 0 0 0 0 21 22 24 8 0 0 0 3 0 35 0 0 0 0 0 16 19 0 0 0 0 
0 0 7 0 4 3 0 0 0 26 23 22 0 0 2 0 34 0 20 0 16 0 15 17 0 14 0 0 12 0 0 0 0 0 27 0 
31 0 0 0 0 26 12 8 11 0 10 0 0 22 0 0 0 0 0 0 0 5 0 0 0 0 0 36 0 0 0 18 0 0 14 0 
0 0 0 35 33 0 0 0 17 19 0 0 0 28 0 26 0 0 13 0 0 0 8 0 4 0 3 0 0 2 21 0 0 0 20 0 
0 0 0 11 0 8 30 0 0 0 28 27 6 0 0 2 3 0 0 24 0 0 0 0 16 0 0 18 0 0 0 0 0 0 32 35 
0 0 0 23 21 20 6 2 5 7 4 0 0 0 19 0 15 17 1 0 0 0 0 34 28 0 27 0 29 26 9 12 0 0 0 0 
0 4 0 0 0 0 0 20 23 0 22 21 0 0 0 32 33 35 19 0 0 0 14 0 10 0 0 0 0 8 0 0 0 31 0 0 
0 0 18 0 0 0 36 0 35 0 34 0 12 0 0 8 9 11 31 0 27 29 26 28 22 0 0 0 0 0 0 0 0 0 2 0 
0 15 0 16 14 0 0 31 0 0 0 32 11 0 12 0 0 0 30 0 26 0 0 27 0 0 20 0 22 19 2 0 0 0 0 0 
0 3 5 4 0 0 23 0 22 0 0 20 35 33 36 0 32 34 0 17 14 0 13 0 9 12 8 0 10 0 26 0 0 30 0 0 
0 0 0 0 0 31 17 0 0 18 0 14 0 0 30 0 26 0 0 0 0 0 7 0 0 0 0 5 4 0 0 23 0 0 0 0 
0 0 29 0 0 25 11 0 10 12 0 8 0 21 0 0 0 22 0 5 0 0 0 3 33 0 0 0 0 0 0 0 0 0 13 0 
12 0 0 0 0 0 0 0 28 0 0 0 0 0 0 0 2 4 0 0 0 0 0 21 0 18 14 0 0 13 0 35 0 0 31 34 
24 21 23 0 0 19 0 0 4 0 0 0 17 15 0 0 14 16 0 35 32 0 0 33 27 30 0 0 28 25 0 0 0 0 7 10 
16 13 15 0 0 11 0 29 0 0 0 30 0 0 0 0 0 0 28 27 24 0 0 25 19 0 0 0 0 0 36 3 0 0 35 0 
4 0 0 0 0 35 0 17 20 0 19 18 33 31 0 29 0 0 0 0 0 0 11 13 0 0 0 0 8 5 24 0 0 28 0 0 
22 0 21 0 18 0 0 35 0 4 1 0 0 13 16 11 0 0 34 33 0 32 29 31 0 0 0 0 0 23 0 0 0 10 5 8 
28 0 0 0 24 23 9 0 0 10 0 6 21 0 0 0 18 0 0 3 0 2 0 0 31 0 0 0 32 0 12 0 0 0 11 14 
0 0 33 32 0 29 15 0 14 0 13 12 27 25 28 0 24 0 0 9 0 8 5 0 0 0 36 3 2 0 0 21 19 22 17 0 
0 7 9 8 0 0 0 0 0 0 25 0 3 1 0 0 36 2 0 21 0 0 17 0 0 0 0 0 0 11 0 33 31 34 0 32 
