6
0 0 0 27 0 0 3 36 0 35 4 2 0 34 32 29 0 0 0 16 0 0 0 15 0 0 21 18 17 20 0 0 0 0 0 7 
0 16 0 15 0 13 0 0 0 23 0 0 0 0 0 17 21 0 0 4 0 0 1 3 0 0 9 6 0 0 0 0 29 0 0 0 
36 0 0 0 0 1 0 0 13 0 16 14 0 0 0 5 0 0 24 0 0 26 0 0 34 0 33 0 0 0 0 0 17 18 21 0 
0 0 5 0 0 0 0 0 19 0 22 0 13 0 0 0 0 0 30 34 0 32 0 33 0 0 3 36 0 0 26 28 23 0 27 0 
30 0 0 33 32 0 9 0 7 0 0 0 0 0 0 35 0 36 0 22 0 0 0 0 0 25 27 24 23 0 14 16 0 0 0 0 
0 22 0 0 20 19 33 0 31 0 34 0 0 0 0 0 0 24 6 10 0 8 7 0 16 0 0 0 0 14 2 0 0 0 3 1 
0 25 0 0 0 0 0 0 0 32 0 0 28 0 29 0 30 27 9 13 0 11 0 12 0 16 0 0 0 17 0 7 0 0 6 4 
0 0 0 18 0 16 0 27 0 0 31 29 22 0 23 0 0 21 0 0 2 0 4 0 13 10 12 0 0 11 0 0 0 33 36 0 
0 0 0 12 11 0 24 0 0 20 25 23 0 0 17 0 0 0 0 1 0 35 34 0 7 0 6 0 0 5 0 0 0 0 0 0 
0 0 0 0 5 0 0 0 0 0 0 0 10 0 0 0 12 0 0 31 0 29 0 30 0 0 0 33 0 0 0 0 20 0 0 0 
27 0 0 0 29 28 6 0 0 2 0 5 0 0 35 32 0 0 0 19 0 0 16 0 25 22 24 0 0 23 0 0 8 0 0 0 
33 1 0 0 35 0 12 9 0 0 13 0 4 0 5 0 0 3 21 25 0 23 0 24 31 0 0 0 0 0 0 0 14 0 0 0 
35 3 0 0 0 36 0 0 0 0 0 13 0 0 7 4 0 5 23 27 22 25 24 0 33 0 0 29 0 0 19 0 0 17 20 0 
0 0 0 0 0 12 26 0 0 22 27 0 0 21 19 16 0 0 35 0 0 0 36 0 0 0 0 5 0 0 0 0 28 0 0 30 
0 9 0 0 0 0 20 0 18 0 0 19 12 15 0 0 14 0 0 33 28 0 30 32 3 0 0 0 0 1 25 27 22 0 0 0 
0 0 28 32 31 0 8 5 6 4 0 7 36 3 1 34 0 0 17 21 0 19 0 0 27 24 26 23 0 0 0 0 10 11 0 0 
17 0 16 20 19 0 32 0 30 0 33 31 0 0 25 0 26 0 5 0 4 0 6 0 15 0 0 0 0 13 0 3 34 35 2 0 
0 0 22 26 25 0 0 0 0 34 3 0 30 0 0 0 0 29 0 0 10 0 0 14 0 18 0 0 0 19 0 9 0 0 0 6 
0 23 18 22 21 0 0 31 32 30 0 33 0 0 27 0 0 25 7 11 0 0 0 0 0 14 16 0 0 0 0 0 0 0 0 2 
7 11 0 0 9 8 0 0 20 0 23 21 0 0 15 12 0 0 0 0 0 33 32 0 0 0 4 0 0 0 0 0 24 0 0 0 
13 17 12 0 0 0 0 0 0 24 29 0 0 0 0 0 0 0 0 0 0 0 0 4 0 0 10 7 6 0 0 0 30 31 0 0 
0 0 24 28 0 26 4 1 2 0 0 3 32 35 0 0 34 0 0 0 12 15 0 0 23 0 0 0 18 21 9 0 6 0 10 8 
0 0 30 0 33 32 0 7 8 6 0 0 0 0 0 36 4 1 0 0 0 0 0 0 29 26 0 0 24 0 0 0 12 0 0 14 
0 0 0 0 3 2 16 0 0 12 0 0 8 11 0 0 0 0 0 0 0 0 0 0 0 32 0 31 0 0 21 0 0 0 22 0 
28 32 27 0 30 29 0 0 5 3 8 0 35 2 0 33 0 34 0 20 0 0 0 19 0 23 0 0 21 0 0 0 0 0 13 0 
10 0 0 0 0 0 25 0 0 0 26 24 17 0 18 0 0 0 0 2 33 36 0 1 8 0 0 0 3 6 30 0 0 28 0 0 
0 0 0 0 0 0 0 0 0 9 14 0 0 8 6 0 7 0 0 26 21 0 0 25 0 0 31 0 0 30 18 20 0 0 19 0 
4 8 3 7 0 0 19 0 17 15 0 0 11 14 0 9 13 0 0 32 0 30 29 31 2 35 0 34 33 36 0 0 21 0 25 0 
22 0 21 25 24 0 0 34 35 0 0 0 0 32 30 0 0 0 10 14 0 0 0 0 0 0 0 0 0 18 0 0 0 0 0 5 
16 0 15 19 0 17 31 0 0 0 0 30 0 26 0 21 0 0 0 8 3 6 0 7 14 0 0 0 9 12 0 2 0 34 0 0 
0 0 0 0 10 0 23 0 21 0 24 0 0 18 0 0 0 14 32 0 0 34 0 35 0 0 0 2 0 4 0 0 0 26 0 0 
0 0 19 0 0 21 0 32 0 31 36 0 27 30 0 0 0 0 0 12 7 10 0 11 0 0 17 0 0 16 0 0 1 2 0 3 
0 36 0 0 0 0 0 0 9 7 0 0 3 6 0 1 0 0 20 24 0 22 21 23 0 0 0 0 0 0 0 0 13 0 17 15 
0 6 0 5 4 0 0 14 0 0 18 0 9 0 0 0 11 8 26 0 0 28 0 29 36 0 0 32 0 34 0 24 0 0 23 0 
0 18 0 0 16 15 0 0 0 0 0 28 0 0 0 0 0 20 2 0 1 0 0 0 0 0 11 8 0 0 34 36 31 0 0 33 
26 30 25 29 28 27 5 0 0 1 6 4 0 0 34 31 0 32 0 0 13 16 0 0 0 0 0 0 0 22 0 12 0 0 0 9 
