6
0 5 0 0 0 10 26 27 0 0 0 0 34 29 0 0 0 0 0 0 22 0 0 20 0 0 0 0 3 0 13 0 0 0 0 15 
0 0 18 0 0 0 0 0 0 0 0 4 0 0 7 8 6 0 0 0 0 0 30 0 11 0 14 0 0 0 0 28 0 0 23 0 
0 23 24 26 25 28 0 0 5 7 0 0 0 0 0 0 12 15 0 1 0 35 0 0 17 0 0 0 0 22 0 34 0 0 0 0 
0 0 0 0 0 4 0 0 17 19 0 22 28 23 25 26 0 0 0 13 0 0 0 14 29 30 0 31 33 34 0 10 0 0 0 9 
15 0 12 0 13 16 32 0 0 31 0 34 4 0 1 0 0 0 27 0 0 23 0 0 5 0 0 0 9 10 0 22 18 20 0 21 
33 0 0 32 31 0 14 0 0 13 0 0 0 0 0 20 0 21 0 7 0 5 6 0 0 24 26 0 27 28 0 0 0 0 35 0 
28 0 0 0 26 0 0 0 6 8 0 0 0 0 14 0 0 16 0 0 5 0 1 3 0 0 21 0 22 23 0 0 31 33 0 0 
0 0 13 0 14 0 0 34 0 32 0 0 0 0 2 0 0 0 0 26 0 0 0 0 0 7 0 0 0 0 0 23 0 21 0 22 
0 0 0 0 0 5 0 0 0 20 0 0 0 0 0 0 25 0 0 0 0 0 13 15 30 0 33 0 0 35 8 11 0 0 0 10 
0 30 31 33 0 35 15 0 0 0 13 17 23 18 0 0 0 0 10 0 0 0 0 0 0 25 27 0 0 29 0 5 0 0 36 0 
0 0 0 0 0 0 0 4 0 0 1 5 0 6 8 9 7 10 0 0 35 30 31 0 0 0 15 0 0 17 0 29 25 27 0 0 
10 0 7 0 0 0 27 0 24 0 0 0 0 0 0 0 0 34 0 0 23 0 0 21 36 0 3 0 4 0 14 17 0 15 0 16 
0 0 0 1 36 0 0 0 16 18 0 0 0 22 24 0 23 26 14 12 15 0 11 0 28 0 0 30 0 0 0 9 0 0 0 0 
0 16 0 19 0 0 1 0 34 36 0 0 9 4 0 0 5 0 0 0 0 0 0 0 0 0 0 12 14 0 24 27 23 25 0 0 
32 28 0 31 0 0 13 0 10 0 0 0 0 0 18 0 17 0 0 0 9 0 5 0 0 0 25 0 0 0 0 0 0 1 0 0 
14 0 11 0 0 15 0 0 28 30 0 0 3 34 0 0 35 2 0 0 27 22 23 25 4 0 0 0 0 9 0 0 0 19 0 0 
26 0 0 0 0 27 7 0 0 6 0 0 0 10 0 0 11 0 2 36 0 0 35 0 16 0 19 0 20 21 0 0 0 0 28 32 
0 4 0 0 0 0 0 26 0 0 23 0 33 0 30 0 0 0 0 0 0 0 0 0 0 0 0 0 2 3 0 15 11 13 0 14 
30 0 0 0 28 0 11 0 0 0 9 13 0 0 16 17 0 0 0 4 0 0 0 5 0 21 23 0 24 0 0 0 33 35 32 0 
0 0 15 17 0 19 0 36 0 0 0 0 7 0 0 0 0 0 0 0 31 0 0 0 8 0 0 10 0 13 22 0 21 0 0 24 
36 0 0 35 0 0 17 0 14 16 0 0 0 20 22 23 0 0 0 0 13 8 0 0 26 0 29 28 0 0 4 7 3 0 2 0 
0 20 0 23 0 0 0 6 0 0 0 0 0 8 0 0 0 0 0 0 1 32 0 35 14 0 17 0 18 0 0 0 0 0 0 0 
0 2 0 0 4 0 0 0 0 22 0 0 0 0 28 0 0 30 18 16 0 0 15 0 0 33 35 34 36 1 0 13 9 0 0 0 
0 0 0 0 10 0 0 0 26 0 0 0 0 32 0 0 0 0 24 22 0 0 0 0 2 0 0 4 0 7 0 0 0 17 14 0 
0 21 0 24 0 0 6 0 0 5 0 0 14 0 0 0 10 13 0 0 0 33 34 0 0 16 18 0 19 0 29 32 28 0 27 31 
0 0 0 0 0 0 0 0 21 0 0 0 0 0 29 0 28 0 0 0 20 0 16 18 0 0 0 0 0 0 11 0 0 0 0 0 
0 0 0 0 0 32 0 0 9 0 10 14 0 0 0 0 0 0 7 0 0 0 0 0 21 0 0 23 0 26 35 0 0 0 33 0 
0 0 0 36 0 0 18 0 15 17 16 20 0 0 0 24 22 25 13 11 14 0 0 12 27 0 30 0 31 0 0 8 0 0 3 7 
0 0 16 18 0 0 36 1 0 35 0 2 0 3 0 0 0 0 31 0 0 0 0 0 0 0 12 11 0 0 23 26 0 0 0 25 
13 0 0 0 0 0 0 0 27 29 0 0 2 33 0 36 34 0 0 0 26 21 22 24 0 4 0 5 7 0 0 0 16 0 15 19 
0 0 0 0 15 0 34 35 31 0 32 36 0 1 0 4 2 0 29 0 0 0 26 28 0 0 0 9 11 0 0 24 20 0 19 0 
35 31 0 0 33 36 0 0 13 0 14 18 0 0 0 0 20 23 0 0 12 0 8 0 0 26 0 0 0 30 0 6 0 0 0 5 
23 0 20 22 21 0 0 5 0 3 2 0 0 7 0 10 0 0 35 33 0 0 0 0 13 14 0 0 17 0 27 30 26 0 25 0 
5 1 2 4 0 6 22 0 19 21 0 0 0 25 27 0 0 29 17 15 0 0 14 0 31 32 0 0 0 36 9 12 0 0 0 0 
0 0 0 0 9 12 28 0 0 0 26 0 0 31 0 0 0 0 23 21 0 19 0 0 0 2 4 3 0 0 15 0 0 0 0 17 
29 25 0 0 0 30 0 0 0 0 8 0 18 0 15 0 0 0 0 0 0 1 0 0 0 20 0 0 0 24 33 36 0 0 0 35 
