6
0 0 0 2 0 0 0 33 0 0 0 31 4 6 0 5 0 7 0 24 0 22 26 0 10 0 0 0 0 0 20 18 21 0 0 17 
33 0 28 32 29 0 0 27 0 22 0 0 0 0 3 0 2 1 17 0 21 0 0 0 0 0 7 0 0 5 0 12 15 10 0 0 
0 0 0 20 0 0 12 0 0 0 11 0 0 0 27 23 0 25 5 0 9 0 0 7 28 32 0 30 0 0 0 0 0 0 0 0 
27 24 0 26 23 0 0 21 20 16 17 0 28 30 0 0 32 0 0 0 0 10 0 0 0 0 0 0 3 0 8 6 0 0 7 0 
15 0 0 14 0 0 0 0 8 0 0 0 16 18 0 0 20 19 35 36 3 0 2 0 0 0 25 24 0 0 0 0 0 0 31 0 
9 0 4 0 5 0 36 0 0 34 0 0 10 0 15 0 0 0 0 0 33 28 32 31 0 20 0 18 21 0 0 0 0 0 0 0 
5 2 0 0 0 0 0 35 0 30 0 0 0 8 11 0 10 9 25 0 0 24 0 0 0 0 0 0 17 0 0 0 23 18 0 0 
0 0 0 0 25 0 0 23 0 18 0 0 30 0 35 31 0 33 13 0 0 0 16 0 0 0 3 0 5 1 0 8 0 0 9 0 
0 0 0 16 0 15 0 0 0 0 7 0 18 20 0 0 22 21 0 0 0 0 0 0 24 28 27 26 0 25 0 32 0 30 0 0 
0 32 0 34 0 33 0 0 0 24 0 27 0 0 0 0 4 3 0 0 0 18 0 0 6 0 0 8 0 7 0 0 0 0 0 0 
0 0 0 0 0 0 0 0 4 0 1 3 0 0 0 0 0 15 0 32 35 30 0 0 0 22 0 0 23 19 28 26 0 24 0 25 
0 0 0 22 0 0 0 0 16 0 0 15 24 26 0 0 0 27 0 0 11 6 0 0 0 34 0 0 0 31 0 0 5 0 3 1 
0 0 0 0 0 0 0 7 6 0 3 5 14 0 19 15 18 17 0 34 0 0 0 0 0 0 0 22 0 0 0 0 0 26 0 27 
31 28 0 30 0 29 22 25 24 0 0 23 0 34 1 33 0 35 0 0 19 0 18 17 2 6 0 4 0 3 0 10 13 8 0 0 
1 34 0 36 0 0 28 31 30 0 0 29 2 4 0 0 0 0 0 0 0 0 24 0 0 12 0 10 0 0 0 0 0 14 0 15 
25 22 0 24 21 0 0 19 0 0 0 17 26 0 31 0 0 0 0 10 13 8 12 11 32 0 0 0 0 0 0 0 0 0 0 0 
0 0 2 0 0 5 34 1 0 32 33 35 0 0 0 0 0 11 0 0 31 0 30 0 14 18 0 0 19 15 0 22 0 20 0 0 
0 16 14 0 15 0 10 0 12 8 0 11 20 22 0 21 24 0 0 0 7 0 0 0 0 30 0 28 0 27 0 0 0 0 0 0 
14 0 9 0 0 12 0 0 7 3 0 0 0 17 20 16 0 18 34 35 2 33 0 36 0 25 24 23 0 22 31 29 0 27 0 28 
0 0 0 0 34 0 0 0 31 27 0 0 0 5 0 0 7 6 0 23 26 0 25 0 9 0 12 11 14 10 19 0 0 15 18 0 
8 5 0 0 0 0 35 0 0 33 0 0 0 11 0 0 13 12 0 29 0 27 0 0 0 0 18 17 20 16 25 23 0 0 0 22 
32 0 0 0 0 0 23 0 0 21 22 0 0 0 0 34 0 36 0 0 0 0 0 18 3 0 0 0 0 0 13 0 0 9 0 10 
0 0 21 0 22 0 0 20 0 15 0 18 27 29 0 0 0 0 0 11 0 9 13 12 0 0 36 35 2 34 0 0 0 0 6 4 
20 17 15 19 0 0 0 14 13 0 10 0 21 0 0 0 0 24 4 0 8 3 0 0 27 0 0 0 32 28 0 0 2 0 0 0 
0 0 1 5 2 4 33 0 0 0 32 0 0 0 0 0 0 10 0 0 30 0 29 28 13 0 16 0 18 14 0 0 0 0 0 20 
12 9 0 0 0 10 0 0 0 0 0 0 13 15 0 0 0 16 0 0 36 0 35 34 19 0 22 0 0 20 0 0 0 25 28 26 
0 0 0 17 0 0 9 12 0 0 8 0 0 0 0 20 23 22 0 3 0 0 0 4 25 29 0 0 0 26 35 0 0 0 0 0 
0 33 0 35 0 0 27 0 29 25 26 28 0 0 0 0 0 0 20 0 0 19 0 0 7 0 10 0 0 0 17 0 0 13 0 0 
30 27 0 29 26 28 21 0 23 0 20 0 31 0 0 0 35 0 0 0 18 0 17 0 0 5 0 0 0 0 0 0 0 7 10 8 
0 0 0 23 20 22 0 18 0 13 0 0 0 27 0 0 0 0 0 0 12 7 0 10 0 0 0 0 0 0 5 0 6 0 0 0 
0 7 0 9 6 0 0 0 0 0 0 0 0 0 16 12 15 14 0 31 34 0 0 32 0 21 20 0 22 0 0 25 0 0 0 0 
4 1 0 3 36 0 0 34 0 29 30 32 5 0 10 0 0 0 24 25 0 0 27 0 0 0 14 0 0 12 0 0 0 0 0 18 
0 31 29 33 0 32 25 0 0 0 0 26 35 1 4 36 0 0 0 0 0 0 0 20 0 0 0 0 0 0 15 13 0 11 14 12 
16 13 11 0 0 0 0 10 0 0 6 0 17 0 0 18 0 0 0 1 0 0 0 2 0 0 0 0 0 0 0 31 34 29 0 30 
0 25 0 27 0 0 0 22 21 17 0 0 0 31 0 30 33 0 12 13 0 0 0 0 0 3 0 0 4 0 0 7 10 5 0 6 
0 0 0 21 0 20 13 16 0 0 12 14 0 25 0 0 27 0 6 7 0 5 0 8 0 0 0 31 34 30 0 0 0 0 0 0 
