6
32 0 31 0 29 28 27 0 0 25 0 22 2 0 0 0 0 36 0 4 9 8 0 0 10 0 14 0 0 0 0 0 17 0 0 21 
14 12 0 15 0 10 0 0 6 0 8 4 0 19 16 0 0 0 0 22 0 0 0 23 0 31 0 0 33 0 0 36 0 0 0 3 
8 0 7 9 0 0 0 0 0 0 2 0 0 0 0 0 11 0 19 0 21 20 0 17 0 0 26 23 27 24 32 0 0 31 28 33 
0 0 1 0 35 34 0 29 30 31 0 28 8 0 4 9 0 0 13 0 0 0 0 0 16 0 20 0 21 0 0 0 23 0 22 0 
0 0 0 27 0 0 0 0 18 0 20 0 0 31 0 0 29 0 0 0 0 0 36 35 4 0 8 5 0 6 14 0 0 0 10 0 
0 0 0 0 17 16 15 0 12 13 14 10 26 0 22 0 0 0 0 0 33 0 0 0 34 1 0 0 0 0 0 0 5 7 4 9 
0 0 0 0 32 0 0 0 0 28 0 0 5 0 1 6 2 0 0 0 12 11 0 8 0 16 0 14 0 0 23 21 20 22 19 0 
0 0 0 0 0 0 12 8 9 0 11 7 0 0 0 0 20 0 0 25 0 0 0 0 31 34 0 0 0 33 5 0 0 4 1 0 
23 21 0 0 0 0 18 14 15 0 0 0 29 28 0 30 0 0 0 31 0 0 0 0 0 0 0 0 0 0 0 9 0 10 7 12 
0 0 10 0 0 0 6 0 0 4 5 1 0 0 13 0 14 0 22 0 24 0 0 20 0 28 0 0 30 27 0 0 32 0 0 36 
5 3 4 0 0 1 36 32 33 0 0 31 0 10 7 0 8 0 0 0 0 0 0 14 19 0 0 0 0 21 0 27 26 28 0 0 
0 27 28 30 26 0 0 0 21 0 0 0 35 34 31 0 0 0 4 1 6 0 3 0 0 10 11 8 0 9 0 0 0 0 13 18 
22 0 0 0 0 0 0 13 0 0 16 0 28 0 24 29 25 26 33 0 0 0 0 0 0 3 0 1 5 2 0 0 0 0 0 0 
0 2 0 0 1 0 0 0 32 0 0 30 10 0 0 11 0 8 15 12 0 0 14 13 0 0 0 0 0 0 0 0 0 0 24 29 
0 26 0 0 0 0 23 0 0 0 0 0 34 33 0 0 0 32 0 0 5 4 0 0 0 0 0 0 11 0 16 0 13 0 0 0 
0 0 33 0 0 0 29 25 0 27 28 0 4 0 0 0 1 0 0 6 11 10 0 7 0 0 0 0 0 0 0 0 19 0 18 0 
0 0 9 0 0 6 5 1 0 3 4 36 16 15 0 0 0 14 21 0 0 22 0 0 0 27 0 0 0 26 0 32 0 33 0 35 
16 14 15 17 0 0 11 0 0 0 10 6 0 21 0 23 0 0 27 0 29 0 0 0 0 33 0 31 35 32 4 0 1 3 0 0 
0 0 18 20 0 15 14 10 0 0 0 9 0 0 21 26 0 0 0 0 0 31 0 0 33 36 0 34 2 0 0 5 4 0 3 8 
13 0 12 14 10 0 8 4 5 0 0 3 0 0 15 20 16 0 24 0 0 0 23 0 27 30 31 0 32 29 0 0 34 0 33 0 
0 0 24 0 22 0 0 0 0 18 0 0 0 30 27 32 28 0 0 33 2 1 0 34 0 6 7 0 0 5 13 0 0 0 0 14 
0 0 0 0 0 27 0 22 23 24 25 0 1 0 0 0 0 35 0 0 8 0 5 0 0 12 13 10 0 0 19 0 0 18 0 0 
0 35 0 0 0 33 0 0 0 0 0 27 7 6 0 8 4 5 0 0 14 0 0 0 0 18 19 0 0 17 0 23 0 24 0 0 
0 0 6 8 4 3 0 34 0 36 0 0 0 12 0 0 0 0 0 0 0 0 0 16 21 0 25 0 26 0 31 0 0 30 27 32 
3 0 2 4 36 0 0 0 0 0 0 0 0 0 5 10 0 0 14 0 0 0 0 0 17 0 0 18 22 19 0 0 24 26 23 0 
0 0 0 0 0 0 4 36 0 0 0 0 0 0 11 16 12 13 0 17 0 0 0 18 0 26 0 24 28 25 0 0 0 32 0 0 
0 0 0 0 30 29 28 24 0 0 0 0 3 0 0 0 36 1 8 0 10 0 7 0 11 0 15 12 16 0 0 19 0 0 0 0 
0 0 0 0 24 23 22 0 0 0 0 17 0 0 29 34 30 0 0 0 0 0 0 0 5 0 0 0 10 0 0 0 12 0 0 0 
0 13 14 16 0 0 10 6 0 8 9 5 21 0 0 0 18 19 0 23 28 0 25 0 0 32 33 30 34 31 0 1 0 2 0 4 
0 0 0 22 18 0 0 0 0 14 0 0 0 0 0 0 24 0 0 0 34 33 31 30 0 2 3 0 4 1 9 7 6 0 0 0 
18 16 17 0 0 0 0 9 0 0 0 0 0 0 0 25 21 22 0 0 0 30 28 27 0 35 36 33 1 34 0 4 0 0 2 7 
36 0 35 0 0 0 31 27 28 0 0 26 0 5 0 7 3 4 11 0 0 12 10 0 14 17 0 15 19 0 0 0 21 0 20 0 
0 0 0 25 21 0 0 15 0 0 0 14 30 29 0 31 27 0 0 0 0 0 34 0 2 5 6 0 0 0 0 10 0 0 0 13 
0 0 29 0 0 0 0 0 0 0 24 0 36 35 32 1 33 0 5 2 0 0 0 0 0 0 0 9 13 0 18 16 0 0 14 0 
0 4 0 0 3 2 0 0 0 0 36 0 0 0 0 0 9 10 17 14 19 18 0 0 20 0 24 0 25 0 0 0 27 29 0 0 
0 0 0 0 0 8 7 3 0 0 6 0 0 17 0 19 0 0 0 0 25 24 0 0 0 0 0 27 31 0 36 0 0 0 0 0 
