6
32 33 0 0 0 31 0 7 8 0 6 9 0 0 0 36 0 0 13 14 0 0 0 0 26 0 0 23 0 25 18 19 21 0 0 0 
0 3 35 0 0 0 10 0 0 0 12 15 0 0 0 6 0 0 0 0 0 0 0 0 32 0 0 29 0 31 0 0 0 26 22 0 
20 21 0 0 18 0 0 31 0 0 0 0 0 0 23 0 25 26 0 0 35 0 0 36 0 10 0 0 0 13 6 0 0 8 0 0 
26 27 0 0 24 0 0 0 0 0 0 0 28 0 29 0 0 0 0 8 5 0 0 6 20 16 0 17 18 0 0 0 0 0 0 11 
8 0 5 0 0 7 0 19 20 0 0 0 0 15 0 0 0 0 25 26 23 0 0 0 0 0 3 0 0 1 0 0 0 0 28 0 
14 0 0 10 12 0 0 25 26 0 0 0 16 0 0 18 0 0 31 0 0 28 0 0 0 0 9 0 0 7 0 0 0 2 0 0 
0 22 0 0 0 0 0 0 33 30 31 0 0 0 24 0 26 27 2 0 0 35 0 0 15 0 16 0 0 0 7 8 0 9 0 6 
0 0 24 23 25 26 0 0 0 36 0 0 0 0 30 0 32 33 0 0 0 0 0 0 21 17 22 0 0 0 0 0 16 15 11 12 
0 0 6 0 7 0 0 20 21 0 0 22 11 0 0 0 0 0 26 0 0 0 28 25 0 0 4 0 0 0 0 0 0 33 0 30 
33 0 0 0 31 0 0 8 0 0 0 0 35 0 0 1 0 3 0 0 12 11 0 13 0 0 0 0 0 26 0 0 0 21 0 18 
15 0 12 0 13 0 0 0 0 24 25 28 17 22 18 0 0 21 0 0 0 29 0 0 0 0 0 0 7 8 1 0 0 0 0 0 
3 0 0 0 1 0 11 0 0 0 13 16 5 0 0 7 0 0 20 21 0 0 0 0 0 0 0 0 0 32 0 26 0 0 23 24 
13 14 10 0 0 0 0 0 25 22 0 0 0 0 0 0 18 0 30 31 0 0 0 0 0 0 8 0 0 0 35 36 0 0 33 34 
0 0 28 27 29 30 3 0 0 0 5 0 33 0 0 35 36 0 12 0 0 0 0 0 25 0 26 22 0 24 0 0 20 19 0 0 
0 0 0 0 23 0 33 0 0 0 0 0 0 0 0 0 30 0 6 0 0 0 8 0 19 0 0 0 0 18 0 0 14 13 9 10 
19 0 0 0 0 0 0 0 31 28 0 0 21 0 0 23 0 0 0 0 0 0 0 35 0 0 0 0 0 0 0 6 0 0 0 0 
0 0 0 33 35 36 0 0 0 10 11 14 0 8 4 0 6 0 0 0 0 15 0 0 0 0 0 0 29 0 0 0 0 0 21 0 
0 8 0 0 0 0 0 18 0 0 0 0 0 14 0 11 12 0 24 0 0 0 26 0 0 33 0 0 35 36 29 30 32 0 27 28 
5 6 2 0 3 0 13 0 0 14 0 0 0 12 0 0 10 11 0 23 20 0 24 0 35 31 0 0 0 34 27 28 0 29 0 0 
17 0 0 0 0 0 0 0 29 0 0 0 19 0 20 0 0 23 0 0 32 0 0 33 0 7 0 8 9 0 3 0 0 0 1 0 
0 0 8 0 9 10 0 22 0 20 0 24 0 0 0 0 0 0 0 0 0 0 30 27 0 1 6 2 0 4 33 34 0 0 31 32 
0 36 0 0 33 0 0 0 11 8 9 12 0 0 0 0 4 5 16 17 0 0 0 15 0 0 0 26 0 0 0 0 0 0 19 0 
23 24 0 0 0 22 0 0 0 0 0 36 25 30 0 0 28 0 0 0 0 1 6 3 17 0 0 0 15 16 9 0 0 0 7 0 
0 30 26 0 27 0 1 4 5 2 0 0 31 36 0 0 0 35 10 0 0 7 0 0 0 19 24 20 21 0 15 0 18 17 13 14 
10 0 0 6 0 9 0 21 0 0 0 0 0 17 0 14 15 16 27 0 25 0 0 26 4 36 0 0 2 3 0 33 35 0 0 31 
0 0 0 0 0 21 0 0 0 0 32 35 24 0 0 0 27 28 0 4 1 0 0 2 16 12 17 13 14 0 0 0 11 10 0 7 
16 17 0 0 0 15 0 0 0 25 26 0 18 23 0 20 0 0 0 0 31 0 35 32 10 6 0 0 0 0 2 0 0 4 0 0 
34 0 31 30 32 33 0 0 10 0 8 11 36 0 1 0 3 0 0 16 13 0 0 14 0 24 29 0 0 0 0 21 23 22 18 19 
0 5 1 36 0 3 12 15 0 0 0 17 0 11 0 0 9 10 21 0 19 0 23 0 0 0 0 31 32 0 26 27 0 28 0 25 
0 0 25 24 0 27 36 0 4 1 0 5 0 35 0 0 0 34 0 10 7 6 11 0 0 0 23 0 20 21 14 15 0 16 12 13 
0 0 21 0 0 23 0 35 0 33 0 1 26 31 27 28 29 0 0 0 0 2 7 0 0 0 0 15 0 17 0 11 0 0 8 9 
0 0 0 0 34 0 0 0 12 0 0 0 2 0 0 4 0 6 17 18 15 14 0 16 0 26 0 0 0 0 0 0 0 0 20 21 
0 0 0 0 28 0 0 0 6 3 4 0 0 1 0 0 35 0 11 0 9 0 13 10 24 0 25 21 22 23 0 17 0 0 14 0 
0 0 0 0 16 17 26 29 30 27 0 31 20 0 0 0 0 0 35 36 0 0 1 0 0 0 13 9 0 0 0 5 0 0 2 3 
0 7 0 0 0 0 14 17 0 0 0 0 8 0 0 0 11 12 0 24 0 0 0 0 0 0 0 33 34 0 0 0 0 30 0 0 
0 0 0 8 10 0 0 23 0 0 22 25 14 0 0 0 0 18 29 30 0 26 31 0 0 2 7 0 4 5 34 0 0 0 32 33 
