6
0 0 0 9 0 7 0 0 23 18 0 19 0 35 0 0 0 34 0 0 0 0 0 4 17 0 0 15 12 0 0 0 29 0 0 0 
32 0 0 0 0 0 0 0 0 0 0 7 18 0 21 0 20 22 0 24 0 29 0 28 5 0 0 3 0 2 0 0 17 16 0 0 
0 17 0 0 0 13 0 0 0 0 0 25 36 5 0 0 0 0 0 0 8 0 0 0 23 0 22 0 0 0 31 33 35 0 0 0 
2 0 0 3 0 0 0 16 0 12 15 13 24 29 0 0 26 0 0 0 0 0 0 0 0 0 10 0 6 8 19 21 0 22 0 0 
0 0 0 21 18 0 0 0 0 0 0 31 0 11 0 7 0 10 13 0 0 0 15 0 0 25 0 27 0 26 1 3 0 0 36 2 
0 0 0 0 24 25 2 0 0 36 0 0 0 17 0 13 14 0 19 0 20 0 0 22 0 0 0 0 30 0 7 0 11 0 6 0 
30 0 32 0 28 29 0 8 9 0 0 0 16 0 0 0 0 20 23 0 0 0 0 0 0 0 0 1 34 36 0 13 0 14 10 0 
0 15 14 13 0 0 0 0 27 0 0 23 0 0 1 0 36 2 0 0 0 0 7 0 21 17 0 0 0 0 29 31 33 0 28 0 
0 9 0 7 4 5 0 20 0 16 19 0 0 0 0 0 30 0 35 34 0 3 0 0 15 0 14 13 10 0 23 0 0 26 0 0 
0 27 26 0 0 0 0 2 0 34 0 35 10 0 13 11 12 14 0 16 0 0 19 20 33 0 0 0 0 0 5 0 9 8 0 6 
36 0 0 0 0 35 0 14 0 0 0 0 0 0 0 23 24 0 29 0 0 0 0 0 0 0 0 0 0 0 0 19 21 20 16 18 
18 0 0 19 0 17 0 0 33 0 31 0 0 0 7 5 0 0 11 10 0 15 0 14 27 23 0 0 22 24 0 0 3 0 0 0 
21 0 0 0 19 0 0 35 0 31 34 0 7 0 0 0 0 0 0 13 15 0 0 0 0 0 0 28 0 0 2 0 0 0 0 3 
0 0 11 0 7 8 0 0 0 19 0 0 0 0 0 32 0 35 0 0 0 0 4 0 18 14 0 16 13 0 26 0 0 0 0 27 
0 36 0 0 0 0 0 11 12 0 10 0 19 24 0 0 0 0 0 0 0 0 0 0 6 0 5 0 0 3 14 0 18 0 13 15 
0 30 0 28 0 26 0 0 0 1 4 2 13 0 0 14 0 17 0 19 0 0 0 0 0 0 0 0 0 33 0 0 0 0 0 0 
3 6 0 4 0 0 0 0 0 13 16 14 25 30 28 26 0 0 0 31 33 36 34 0 12 8 0 0 7 0 0 22 24 0 0 0 
0 18 0 0 13 14 27 0 30 25 28 0 0 0 4 0 3 5 8 0 0 0 0 0 24 20 0 0 19 21 32 0 0 35 31 0 
22 25 0 0 20 0 34 0 0 32 0 33 0 0 11 9 0 0 15 0 0 0 0 0 0 0 0 0 26 28 0 0 0 0 0 4 
0 13 0 11 0 9 0 0 0 0 23 21 0 1 0 33 34 36 0 0 0 7 0 6 0 0 0 0 14 16 27 0 31 30 26 0 
0 31 30 29 26 27 4 0 0 0 0 0 14 19 17 0 16 18 0 0 0 0 23 0 0 0 36 0 0 0 9 0 0 0 8 10 
0 0 36 0 32 0 0 12 0 0 0 0 0 0 0 0 22 0 0 26 0 31 0 0 0 0 0 5 2 4 0 17 19 0 0 16 
0 19 0 17 14 15 0 0 31 0 0 0 0 7 5 3 4 6 0 0 0 0 11 12 25 0 0 23 0 22 33 35 1 0 32 34 
4 7 6 5 2 3 0 18 0 0 0 0 0 31 0 0 0 30 0 0 0 1 0 0 0 0 0 0 8 0 0 0 0 24 0 0 
0 0 27 0 23 0 1 3 4 35 0 0 11 0 0 0 0 0 0 0 0 0 0 21 0 0 0 32 29 0 0 8 10 9 0 7 
13 0 15 0 11 0 25 0 28 0 0 0 0 4 0 36 1 0 0 5 0 10 0 9 22 18 0 0 17 19 0 0 0 33 29 0 
1 0 0 0 0 0 0 0 0 0 0 12 0 0 0 24 0 27 30 0 31 34 0 0 10 6 0 8 0 0 0 0 22 0 0 19 
31 34 0 32 29 30 7 0 0 0 0 6 0 0 20 18 19 0 24 0 25 0 0 27 0 0 0 0 0 0 0 0 0 0 11 13 
0 22 0 20 0 0 31 0 0 29 0 0 5 0 8 0 7 0 0 0 0 16 0 15 28 0 27 0 23 0 0 0 0 3 35 1 
0 0 0 0 0 6 19 21 0 0 20 0 0 0 32 0 0 33 36 0 0 4 2 3 16 12 15 0 11 0 0 26 0 27 0 0 
0 14 0 0 9 10 23 25 26 21 0 0 33 0 0 0 35 0 0 0 0 8 0 0 20 0 19 0 15 0 28 0 0 0 27 0 
0 0 0 0 33 34 11 0 0 0 0 0 0 0 0 0 0 25 0 27 0 0 30 0 0 0 0 6 0 5 16 0 20 19 0 17 
0 0 0 0 0 0 29 0 0 27 30 28 0 0 0 0 0 7 0 0 11 14 12 13 0 0 25 24 0 23 0 0 0 0 0 0 
23 0 25 0 0 0 0 1 0 33 0 0 0 0 12 0 0 13 16 0 0 0 0 19 32 0 0 0 0 0 4 0 8 7 0 5 
0 8 0 6 3 0 0 0 0 0 0 0 27 0 0 0 29 31 34 0 35 0 0 0 14 0 13 0 9 0 0 0 26 25 0 0 
29 32 0 30 27 0 0 7 0 0 6 4 0 0 18 16 17 0 22 0 23 0 24 0 0 34 0 0 0 0 10 0 14 13 0 0 
