6
8 10 11 9 13 12 3 6 0 0 4 5 29 0 30 0 0 0 15 18 0 19 17 16 0 34 0 1 35 32 22 25 20 0 0 0 
0 34 35 0 1 0 0 0 0 0 0 29 17 0 0 0 0 16 3 6 0 7 0 4 0 0 0 25 0 0 0 13 8 9 0 0 
0 0 0 0 0 18 9 0 8 13 10 11 35 32 36 0 0 0 0 0 0 25 0 22 0 0 6 0 0 2 28 31 0 27 29 0 
0 4 0 0 7 6 0 36 32 0 0 0 23 0 0 0 21 0 0 0 0 0 11 0 27 28 0 31 0 26 16 19 0 15 17 0 
26 0 0 27 31 30 0 24 20 25 22 0 0 8 12 13 0 10 33 0 32 1 35 34 15 0 0 0 17 14 4 0 0 0 0 6 
20 0 0 21 0 0 0 0 14 0 16 17 0 0 0 7 0 4 0 0 0 0 29 0 0 0 0 0 0 0 0 0 32 0 35 0 
0 7 0 0 0 0 36 0 35 4 0 0 26 23 27 0 24 25 0 0 0 16 14 13 30 31 33 0 0 0 19 22 17 18 0 0 
0 31 32 0 0 33 0 27 0 0 25 0 14 11 0 16 12 0 0 0 0 0 2 0 0 0 0 22 20 0 7 10 0 0 8 9 
17 0 0 18 22 21 0 0 0 16 0 14 2 0 3 4 0 0 24 0 23 0 26 25 6 7 9 0 8 5 0 0 0 0 0 0 
0 25 0 0 0 27 0 0 0 0 19 0 0 5 9 10 0 0 30 33 0 0 0 0 0 0 0 16 0 11 0 4 35 0 2 0 
0 0 2 0 0 0 0 0 0 0 31 0 0 0 21 0 0 0 0 0 0 0 8 7 24 0 27 0 26 23 0 16 0 0 0 15 
11 0 14 0 0 15 0 0 0 10 0 0 32 0 33 34 30 0 0 0 0 0 0 0 36 0 3 4 2 0 25 28 23 0 0 0 
0 14 15 13 17 16 7 0 0 0 8 0 0 30 0 0 0 32 0 22 0 23 0 20 0 2 4 0 3 0 26 0 0 0 0 0 
30 32 0 31 0 0 0 28 0 29 0 0 0 12 0 17 13 14 0 0 36 5 0 0 19 0 0 23 0 18 8 11 0 0 0 0 
6 8 0 0 11 0 0 0 0 0 0 3 27 0 28 0 0 0 13 0 12 17 15 0 31 0 0 0 0 0 0 0 18 19 21 0 
0 20 0 19 0 0 13 0 12 17 0 0 0 0 4 0 0 0 0 0 24 0 27 0 0 0 10 0 9 0 32 0 0 0 0 0 
24 0 0 25 0 28 0 0 18 0 20 0 0 0 10 0 0 0 31 0 30 0 0 0 0 0 16 0 0 0 0 5 0 0 0 4 
0 0 0 0 5 0 0 0 0 35 32 0 0 0 0 23 0 20 0 0 0 11 0 0 25 26 0 0 0 0 0 0 0 0 15 0 
1 3 4 2 0 5 32 0 0 36 33 34 0 0 23 24 0 0 8 11 0 12 0 9 0 0 29 0 0 25 0 0 0 14 0 0 
31 0 0 32 0 0 0 29 0 30 0 28 0 0 17 18 14 0 2 0 0 6 0 0 20 0 0 0 0 19 9 12 0 8 0 0 
0 0 0 0 24 23 14 17 13 18 0 0 4 0 0 0 0 0 0 0 0 30 0 0 0 9 0 0 10 0 33 0 0 0 0 0 
25 27 0 0 0 0 20 23 0 0 21 0 0 0 0 12 0 9 0 35 0 36 0 33 0 0 0 18 16 0 3 0 0 0 4 0 
0 0 0 0 0 0 2 5 0 0 0 0 28 0 29 0 0 0 14 17 0 18 0 15 0 33 0 36 0 31 21 24 0 20 22 0 
0 0 16 14 0 0 8 0 7 12 9 0 34 0 0 0 0 33 20 0 0 24 0 21 0 0 5 0 4 0 0 0 0 26 28 0 
0 36 1 0 0 0 0 0 0 0 30 0 19 16 0 0 0 0 5 0 0 0 0 6 23 0 26 27 25 0 12 0 0 11 0 14 
0 0 7 0 0 0 0 0 0 0 0 1 0 0 26 0 0 24 0 0 10 15 0 0 29 30 0 0 0 0 0 0 0 17 19 0 
0 30 0 0 33 0 23 26 0 0 24 25 13 0 0 0 11 0 0 0 0 3 0 36 17 18 0 21 0 0 0 9 4 0 0 8 
0 12 0 0 15 0 0 0 4 0 0 0 0 0 32 0 0 0 0 0 0 0 19 0 0 0 0 0 0 0 24 27 22 23 25 0 
0 18 0 0 0 0 0 14 0 15 12 13 0 34 0 0 0 0 23 0 0 27 0 0 0 6 8 9 0 0 0 0 28 0 0 32 
0 24 25 0 0 0 17 20 0 0 18 19 0 0 8 9 0 0 0 0 28 0 0 0 11 0 0 15 0 0 36 0 34 0 0 0 
9 11 12 0 0 13 4 0 3 0 5 0 0 0 31 32 0 0 0 0 15 20 18 17 0 35 0 2 0 0 0 26 21 0 0 25 
0 0 0 0 2 1 0 0 0 0 0 0 0 0 0 20 0 17 4 0 0 8 6 0 0 23 0 0 0 0 0 0 0 0 0 0 
0 5 0 0 8 0 34 1 33 2 0 0 0 0 25 0 0 23 0 0 9 0 0 0 28 29 31 32 0 0 17 0 15 16 18 0 
0 17 0 0 20 0 0 13 0 14 11 12 0 33 0 2 0 0 0 0 21 26 0 23 4 0 0 0 6 0 29 0 0 0 0 0 
27 0 30 0 32 31 22 0 21 26 0 0 0 0 13 0 10 0 0 1 0 2 36 35 16 0 0 20 18 15 0 8 3 0 0 0 
21 23 24 0 26 0 16 0 0 0 0 0 6 0 7 0 4 0 0 31 0 0 30 29 10 11 0 0 12 0 0 2 0 0 0 0 
