6
0 21 24 22 0 20 34 0 0 0 0 0 6 3 0 0 5 0 8 0 10 0 0 12 0 0 14 0 0 0 26 29 0 0 0 25 
0 0 0 0 31 0 0 0 0 12 8 0 18 15 0 0 0 0 0 23 0 0 0 24 0 29 26 0 30 0 2 0 4 0 0 0 
0 0 0 0 0 14 28 0 0 0 0 0 36 0 0 0 0 0 0 0 0 0 0 0 0 0 0 0 0 0 20 0 22 0 0 0 
0 0 0 10 0 0 22 21 0 0 20 19 0 0 0 28 0 26 0 0 34 0 0 36 0 0 0 4 0 0 0 0 0 0 0 0 
0 27 0 0 25 26 0 0 0 0 0 1 12 0 0 0 0 0 0 0 0 15 0 0 0 0 0 22 0 0 32 0 0 33 0 0 
0 0 0 0 0 0 16 0 17 18 0 0 0 0 0 0 0 20 26 0 0 0 25 0 0 0 32 0 0 0 8 0 10 0 0 7 
0 0 0 0 23 0 0 1 3 0 36 35 0 0 0 8 0 0 0 0 0 13 0 0 0 0 0 20 0 0 0 0 0 31 34 0 
9 7 0 0 5 0 20 0 0 0 0 0 0 0 23 0 0 24 0 33 0 31 0 0 0 0 0 2 4 0 12 0 0 0 0 0 
0 0 4 0 0 0 0 0 0 16 0 11 0 0 17 0 0 0 0 27 0 0 23 28 29 0 30 0 0 0 0 9 8 0 0 0 
0 0 16 0 0 12 0 0 0 0 24 23 34 31 29 0 0 30 0 0 2 0 35 0 0 0 0 0 0 0 18 21 0 0 0 17 
0 0 0 32 0 0 0 0 9 0 6 0 0 0 0 0 15 0 0 0 0 0 0 22 23 27 0 26 0 0 36 0 2 0 0 0 
0 0 22 0 17 0 0 0 0 0 0 29 4 0 0 2 0 0 6 9 8 7 5 0 0 0 12 0 16 0 0 27 26 0 0 0 
31 0 32 0 0 0 6 0 0 8 4 0 14 0 0 12 0 0 0 0 18 17 15 0 0 25 22 0 0 23 0 0 0 35 0 0 
0 0 2 0 0 0 0 0 0 0 0 0 20 17 0 0 19 16 0 0 0 0 0 0 27 0 0 0 0 29 4 0 0 5 0 0 
0 0 0 24 0 0 0 0 1 0 0 0 0 0 0 0 7 4 0 0 12 0 0 14 15 19 16 0 20 0 0 0 0 0 0 27 
7 5 8 6 3 0 0 0 19 0 16 0 0 0 0 0 0 0 28 31 0 0 0 0 0 1 0 36 0 0 0 0 0 0 14 0 
0 0 0 0 0 0 30 0 31 0 0 0 2 35 33 0 0 0 4 7 0 5 3 8 0 13 10 12 14 0 0 25 0 23 0 0 
13 0 0 12 0 0 24 0 0 0 22 0 0 0 0 0 0 28 0 0 36 0 0 0 0 7 0 0 0 5 0 19 0 17 0 0 
0 0 0 23 0 21 0 34 0 0 33 0 0 0 0 0 0 0 9 0 11 0 8 13 0 18 0 0 19 16 27 0 29 0 31 0 
0 0 0 0 8 0 23 22 0 0 0 0 0 0 0 29 0 27 0 0 0 0 0 0 0 0 3 0 0 0 0 0 0 0 19 0 
0 0 0 29 0 27 0 4 0 0 0 2 0 0 8 11 12 0 0 18 17 0 14 0 0 24 0 0 25 22 33 0 35 0 0 0 
0 0 19 0 14 0 29 0 0 0 27 0 0 34 0 0 36 33 0 0 0 0 0 0 8 0 0 0 0 10 21 0 23 22 25 0 
0 34 0 0 0 0 0 0 0 13 9 0 0 16 0 17 18 0 21 0 0 0 0 0 0 0 27 0 0 0 0 6 0 0 7 0 
0 0 0 5 0 0 17 0 18 0 15 14 0 22 0 23 0 0 0 0 0 0 0 31 32 0 0 35 0 0 9 0 0 0 0 8 
22 20 23 21 18 0 0 0 0 0 0 0 5 0 0 0 0 1 0 0 0 0 0 0 0 16 0 0 0 14 0 0 0 0 0 0 
0 0 11 0 0 0 0 0 0 0 0 0 0 0 0 0 0 25 0 34 0 32 0 0 0 4 1 0 0 0 13 16 15 0 0 0 
0 0 0 0 0 0 0 0 16 0 0 12 23 0 0 21 0 19 0 0 0 0 0 0 0 34 31 0 0 0 0 10 0 8 0 0 
0 0 0 0 30 0 9 8 10 0 0 0 0 0 12 0 16 0 0 0 0 0 0 23 0 28 0 0 0 0 0 4 3 0 0 0 
16 14 0 0 0 0 0 0 28 0 25 0 0 0 30 0 0 0 1 0 0 0 0 0 6 0 0 0 11 0 0 22 21 20 0 0 
0 0 29 0 0 0 3 2 0 0 0 0 11 0 0 0 0 7 13 0 0 14 12 0 0 0 0 0 0 0 31 0 0 0 0 30 
8 6 0 7 0 0 0 0 0 0 0 0 27 0 22 25 0 23 0 0 0 0 0 0 0 0 0 0 0 0 0 0 0 0 0 0 
20 0 21 0 0 17 31 0 0 33 0 0 0 0 0 0 0 0 0 8 7 0 0 0 0 0 11 0 0 0 0 0 0 24 0 0 
14 12 0 0 0 11 0 0 26 0 0 22 0 0 0 0 0 0 35 0 0 0 0 3 4 0 0 7 0 0 0 20 0 0 0 0 
32 0 0 0 0 0 0 0 0 0 5 0 0 12 10 0 0 11 17 0 0 18 16 0 0 26 0 0 0 24 35 2 0 0 3 0 
2 0 0 0 0 35 13 12 0 0 0 0 0 18 16 0 0 0 23 0 0 0 0 27 0 0 0 0 33 0 0 0 0 6 9 0 
0 0 0 25 0 0 0 36 0 0 0 0 0 0 0 0 0 5 0 0 0 12 0 0 16 0 0 19 0 18 0 0 0 0 0 28 
