6
0 0 0 1 0 0 0 13 16 0 0 0 0 0 0 0 0 0 0 0 7 9 10 0 25 0 0 0 0 27 20 0 0 0 0 0 
9 11 0 0 0 0 0 0 22 23 0 0 0 4 0 0 0 3 14 12 0 0 0 0 0 0 30 0 0 0 0 0 0 0 25 0 
0 0 28 0 0 0 0 0 0 0 0 0 0 0 0 19 0 0 32 0 31 0 0 35 13 0 0 0 17 0 0 0 0 0 0 0 
21 23 0 0 20 0 0 31 0 0 33 0 0 16 0 0 0 15 26 0 0 27 0 0 0 0 0 8 0 9 0 0 5 0 1 0 
0 35 34 0 32 0 6 0 0 0 0 0 24 0 26 25 0 0 0 36 1 0 0 0 0 0 0 0 0 0 0 0 0 0 0 12 
0 0 16 13 14 12 24 25 28 0 0 0 0 0 8 0 11 0 20 0 0 0 0 0 1 0 0 2 5 3 32 33 0 34 0 0 
0 21 20 0 0 16 0 29 0 0 0 30 0 0 0 11 15 13 24 0 23 0 26 0 0 0 0 6 9 0 0 0 3 0 0 34 
0 0 8 5 0 4 16 17 20 0 0 0 0 0 0 35 0 0 12 10 0 13 0 0 0 32 0 0 0 31 0 0 0 0 0 0 
0 0 2 0 0 0 0 0 0 0 0 0 0 0 30 29 0 0 0 4 0 0 8 9 0 0 22 24 0 0 0 0 0 0 0 0 
0 0 0 0 0 0 0 5 0 9 0 0 0 0 0 0 0 0 36 0 0 0 2 3 0 0 0 0 0 0 12 13 0 0 0 10 
0 27 0 0 0 22 34 35 2 0 0 0 0 0 0 17 21 0 30 28 0 31 0 33 0 0 0 0 0 13 0 0 9 0 0 4 
0 15 0 0 0 0 0 23 0 0 0 0 4 8 0 0 0 7 0 0 0 0 0 0 35 0 34 36 0 0 30 31 0 0 0 0 
29 0 0 27 0 0 0 3 6 7 0 4 20 24 0 21 0 0 0 32 0 35 0 0 0 0 14 0 0 0 10 0 0 12 9 0 
17 0 0 0 0 0 0 0 0 0 29 0 0 0 0 0 13 0 22 0 0 0 24 0 0 6 2 0 0 0 0 0 0 0 0 0 
0 0 6 0 4 0 0 15 0 0 0 0 0 36 0 0 0 0 0 8 0 0 0 0 0 0 0 0 0 29 0 0 0 24 21 0 
0 13 0 0 10 8 0 0 0 0 0 0 2 0 0 0 7 0 0 14 0 17 0 0 0 0 0 34 0 35 0 29 0 0 0 0 
0 0 0 0 0 0 0 0 0 0 0 0 0 18 0 0 19 0 0 0 27 29 30 0 0 0 8 0 0 0 0 0 0 0 0 2 
0 0 0 0 0 0 8 0 12 13 0 0 0 30 0 27 31 0 0 0 0 0 0 0 0 0 0 22 25 0 0 0 0 0 15 0 
0 0 0 28 0 27 0 4 0 0 6 0 21 0 23 0 0 0 0 33 0 36 0 2 0 19 15 0 0 0 11 12 0 0 10 0 
0 0 0 4 0 3 0 0 0 0 0 17 0 0 0 34 0 0 11 9 10 0 0 0 28 31 0 0 0 0 0 0 26 25 0 0 
0 2 0 34 0 0 9 0 0 0 0 0 27 31 0 0 0 0 0 0 4 0 0 0 0 25 0 0 0 0 0 0 0 19 0 0 
0 26 0 0 23 0 33 0 0 2 0 0 15 0 0 0 0 0 0 0 0 30 0 32 0 0 0 11 0 0 0 6 0 0 0 0 
12 14 0 0 0 9 21 0 25 0 0 0 3 7 0 0 0 6 0 0 16 0 19 0 0 0 33 0 0 0 29 0 0 0 0 0 
0 20 0 0 0 0 0 0 0 0 30 0 0 0 11 10 0 0 0 21 0 0 0 0 0 0 0 0 0 0 0 0 0 1 0 33 
16 0 17 14 0 13 0 0 0 0 0 0 0 0 0 0 0 0 21 0 0 22 23 0 0 0 0 0 0 4 33 34 36 35 0 0 
0 36 35 0 0 31 0 0 0 0 10 9 0 0 27 0 0 0 3 0 0 0 5 0 0 0 19 0 0 22 0 0 0 0 0 0 
0 0 23 0 0 0 31 32 0 0 0 0 13 0 15 14 0 16 27 0 0 0 29 30 0 11 7 0 12 0 3 4 6 0 2 0 
0 6 0 0 0 1 0 14 0 0 0 0 0 0 0 0 0 34 9 0 0 0 0 0 26 0 25 0 0 0 21 0 24 0 0 0 
0 0 29 0 27 25 0 0 0 0 4 0 0 0 0 0 0 22 33 0 0 0 0 0 0 0 0 0 0 0 0 0 0 11 0 7 
10 0 0 0 0 0 0 0 23 0 22 21 0 0 0 2 6 0 0 0 0 0 17 18 0 0 0 0 0 0 27 28 0 0 0 0 
0 0 0 0 0 0 0 6 0 0 0 7 23 0 0 0 0 0 0 0 36 2 0 0 0 0 0 0 0 20 0 0 0 0 0 0 
0 0 0 0 0 0 0 0 0 0 0 0 35 0 0 0 4 2 13 11 0 0 0 16 0 0 29 0 34 0 0 0 0 27 0 23 
0 0 0 18 19 0 0 0 0 0 0 31 0 0 13 0 0 14 0 0 0 0 0 0 0 0 5 0 0 0 0 0 0 0 36 0 
2 0 0 36 0 35 0 0 0 0 0 0 29 0 31 0 0 32 7 0 0 0 0 10 24 0 0 0 28 0 0 0 22 0 0 17 
0 0 15 0 0 0 0 24 0 0 0 0 5 0 7 0 0 0 0 17 0 20 21 0 36 3 35 1 0 0 0 0 34 0 0 0 
26 28 0 0 25 23 0 0 3 0 0 0 0 21 0 0 22 20 31 0 0 32 33 0 0 0 0 13 0 0 0 0 10 0 0 0 
