6
2 0 0 0 0 0 0 11 9 0 0 0 27 29 0 0 28 0 0 0 0 0 0 0 0 0 0 0 0 17 0 0 22 25 20 0 
0 0 0 0 0 0 22 0 0 0 0 0 0 0 0 2 0 0 0 0 0 0 0 12 0 27 26 31 0 29 0 0 34 1 32 36 
26 30 0 29 0 0 0 0 33 0 0 0 0 17 19 14 0 0 0 0 0 0 22 0 4 3 2 0 6 5 0 11 0 0 8 12 
0 0 13 11 0 0 0 17 0 0 0 14 33 35 0 32 0 0 0 0 0 5 4 0 0 0 0 0 0 0 27 0 28 31 0 0 
0 36 0 0 34 0 4 0 0 0 0 0 0 0 0 0 0 0 0 0 26 29 0 0 0 0 8 0 0 0 0 0 0 0 14 18 
0 0 25 0 22 21 28 29 0 0 30 0 0 11 0 0 10 12 15 19 0 0 0 0 0 0 0 0 36 35 0 0 4 0 2 0 
0 0 0 0 0 2 9 10 0 12 11 0 0 0 0 0 27 0 0 0 0 0 0 0 15 0 0 18 0 16 0 22 0 0 0 23 
0 0 0 0 0 0 0 34 0 36 35 31 14 16 18 13 0 17 0 0 19 0 0 0 3 0 0 0 0 4 0 0 0 0 0 11 
0 35 0 34 0 0 0 0 0 0 0 0 0 0 0 0 21 0 26 30 0 0 27 0 9 8 7 0 11 0 14 0 0 0 0 0 
0 11 0 0 0 0 0 16 0 0 0 0 0 34 36 31 0 35 0 0 0 0 3 0 0 20 0 0 0 0 0 0 0 30 0 0 
0 23 24 0 0 20 0 28 0 0 0 0 0 0 0 0 9 11 0 0 13 0 0 17 0 32 0 0 35 0 0 4 0 0 0 0 
0 0 0 0 15 14 21 0 0 0 0 19 0 0 0 1 0 5 0 12 0 10 0 0 27 0 25 0 0 0 32 0 0 0 0 0 
0 0 23 21 0 19 0 27 0 29 0 24 0 9 11 6 0 0 0 17 12 0 0 0 32 0 30 0 0 0 1 3 0 0 0 0 
0 0 0 0 2 0 8 0 7 11 0 6 25 0 0 24 0 0 0 0 30 0 32 34 14 0 12 0 16 0 0 0 0 23 18 0 
30 0 0 0 0 0 0 3 1 0 0 36 0 0 0 0 0 0 0 29 0 27 0 0 0 0 0 0 10 0 0 0 14 17 0 0 
0 0 0 27 26 0 0 0 31 0 0 0 13 15 17 12 14 0 19 0 0 21 0 0 2 1 0 0 4 0 0 0 0 0 0 0 
0 0 0 0 8 7 0 15 0 0 16 0 0 33 35 30 32 0 0 5 0 0 0 4 0 19 0 0 0 0 25 0 0 0 24 0 
0 0 17 15 14 0 0 0 0 23 0 0 1 3 0 36 2 4 7 0 6 0 8 0 0 25 24 0 28 27 0 33 0 0 0 0 
0 0 34 32 0 0 0 0 0 0 0 35 0 20 0 0 0 0 24 0 0 0 25 27 0 0 0 0 9 0 0 0 0 0 11 15 
11 15 0 0 13 0 19 0 18 22 21 17 0 0 4 0 1 0 0 10 5 0 0 0 0 0 0 0 0 0 30 32 0 0 29 33 
0 3 0 2 1 36 0 0 0 10 0 0 24 26 0 0 0 0 0 0 0 32 31 33 0 12 0 0 0 14 18 20 0 22 0 0 
0 27 0 0 0 24 31 0 30 34 0 0 0 0 0 11 0 0 18 0 0 0 19 0 1 0 0 4 0 2 0 8 0 0 0 0 
17 21 22 0 0 18 0 0 0 0 0 0 0 0 10 0 0 0 0 0 11 0 0 0 0 0 29 0 0 0 0 0 0 0 0 0 
0 0 10 0 0 0 0 0 0 0 15 0 0 32 0 0 0 33 0 0 0 0 0 0 0 18 0 22 0 0 0 26 0 0 0 27 
0 20 21 0 0 0 0 0 23 27 0 22 0 0 0 0 6 8 0 0 0 0 0 0 0 29 0 0 0 0 0 1 36 0 0 0 
0 26 0 0 0 0 30 0 29 0 0 28 11 0 0 0 0 14 0 0 0 19 0 0 0 0 34 0 0 0 0 0 0 0 4 0 
10 0 0 13 0 0 0 0 17 21 20 0 0 1 0 0 0 0 0 9 4 7 0 0 0 0 0 0 26 0 29 0 0 33 0 0 
34 2 0 0 0 0 0 7 0 0 0 0 0 0 0 0 0 0 0 33 0 0 0 0 0 11 10 15 0 0 0 0 0 21 0 0 
0 0 0 31 0 29 0 1 0 0 0 0 0 0 21 0 0 0 0 0 0 0 24 26 0 0 4 0 0 0 0 13 12 15 0 14 
0 8 9 0 0 5 0 0 11 0 0 0 0 31 0 28 0 32 0 0 0 0 36 2 18 0 0 21 20 19 0 0 0 27 22 0 
27 0 0 0 29 0 35 0 34 2 0 33 16 18 0 15 0 19 0 0 0 24 0 0 5 0 3 0 7 0 0 0 11 0 9 0 
9 0 0 0 11 10 0 18 0 0 0 15 0 0 0 0 35 0 0 0 0 6 0 0 0 22 0 0 0 0 28 0 29 0 0 31 
0 0 2 0 0 0 0 6 0 0 0 0 0 24 26 0 0 0 0 0 27 0 29 31 11 0 9 0 0 0 16 0 0 0 0 0 
0 0 0 0 23 22 29 0 0 32 0 27 0 0 14 0 0 0 16 0 0 0 17 19 0 34 0 2 1 0 0 0 0 0 3 0 
15 19 0 0 0 0 0 0 22 0 25 21 4 0 0 3 5 0 0 0 0 12 0 13 29 0 0 0 0 30 0 0 0 0 0 1 
0 0 8 0 5 0 11 0 0 14 0 0 28 0 0 0 29 0 0 0 0 0 0 1 0 0 0 0 0 0 0 24 23 0 0 0 
