6
11 7 0 12 8 0 0 32 0 33 31 34 0 30 0 0 0 0 0 23 24 22 19 20 0 0 0 0 0 0 0 0 0 0 0 2 
0 25 0 0 0 0 0 0 0 0 0 0 0 12 8 0 0 0 3 0 6 0 1 2 35 0 0 36 34 31 0 24 0 0 0 20 
0 1 0 0 0 0 0 0 0 0 25 0 0 0 0 0 0 0 0 0 0 0 0 0 0 0 0 0 10 0 0 0 0 0 0 0 
17 0 0 18 0 15 6 2 0 3 0 0 0 36 0 0 35 34 0 0 30 0 25 0 23 20 21 24 0 0 0 0 0 0 10 0 
0 19 22 24 0 0 0 8 0 0 7 10 0 0 0 3 0 4 0 0 0 34 0 32 29 26 27 0 0 25 0 0 17 15 16 0 
35 0 0 0 0 0 0 20 0 0 0 0 0 18 0 0 0 0 9 0 12 10 0 0 0 2 0 6 4 0 25 0 29 0 0 0 
32 0 31 0 29 0 21 0 0 18 0 0 0 15 0 12 14 0 0 0 9 0 0 0 0 35 36 0 0 0 0 27 26 0 0 0 
26 0 0 27 0 0 0 11 14 0 10 0 0 0 0 6 0 0 0 2 0 0 0 35 0 0 30 0 0 0 0 21 20 0 0 17 
8 0 0 0 0 0 0 0 0 30 0 31 0 0 0 0 0 25 0 0 0 0 0 0 14 0 0 15 0 0 0 0 2 0 1 0 
0 0 0 0 0 36 0 0 26 24 0 25 0 21 0 0 0 0 0 0 15 0 0 0 0 0 0 9 0 0 0 33 32 0 0 0 
0 0 0 0 0 18 9 0 0 6 4 0 34 0 0 0 2 0 0 0 0 0 28 0 26 23 0 0 0 22 10 0 14 0 13 0 
0 0 0 0 0 12 0 0 0 0 34 1 28 33 0 0 0 0 0 0 27 0 0 0 0 17 0 0 0 0 0 9 8 0 7 0 
0 11 0 0 0 13 4 0 3 0 35 2 0 0 30 0 33 0 0 0 0 0 0 0 0 18 0 0 0 0 0 0 0 0 0 0 
0 0 20 0 18 19 10 0 9 7 0 0 0 4 0 0 0 0 31 0 34 0 29 0 27 0 0 0 0 0 0 0 0 0 0 0 
33 29 0 0 0 0 22 0 0 0 17 0 0 0 12 13 0 14 0 9 10 0 0 6 0 0 1 0 0 0 0 0 0 0 0 0 
0 35 0 0 0 0 0 0 0 25 0 0 0 22 0 0 0 0 0 15 0 14 11 0 0 6 7 10 0 0 0 34 0 0 0 0 
0 0 8 10 0 7 0 0 33 31 0 0 0 0 0 25 0 0 0 0 0 0 0 0 15 12 0 0 14 11 35 4 0 1 2 36 
0 0 26 0 0 0 0 0 15 13 0 0 0 0 0 0 0 8 0 0 0 2 35 0 0 0 0 0 0 0 0 22 0 0 0 0 
0 33 0 0 34 0 26 0 0 0 0 24 15 0 0 0 19 18 11 13 14 12 0 0 0 4 5 0 0 0 27 32 0 0 30 0 
0 27 0 32 0 0 0 0 0 0 0 0 0 0 0 0 13 0 0 0 0 0 0 0 0 0 0 0 36 0 0 26 0 23 0 22 
13 0 12 0 0 0 0 0 0 0 0 0 27 0 28 29 0 0 23 0 0 24 21 0 0 16 0 20 18 0 3 0 7 0 0 0 
0 0 18 0 0 0 0 4 7 5 0 6 33 0 0 0 0 0 29 31 0 0 27 0 0 22 0 26 0 0 0 0 0 0 0 0 
0 0 24 0 0 23 14 0 13 11 0 0 0 0 4 5 0 0 0 0 0 36 0 0 0 0 0 32 30 27 0 20 0 0 18 16 
0 0 6 0 0 0 32 0 0 0 0 0 21 0 0 0 0 24 0 19 20 18 0 0 0 0 11 0 0 0 0 0 0 0 36 0 
22 0 0 0 0 20 11 0 0 8 0 9 36 0 0 2 4 0 0 34 0 33 30 0 28 0 0 0 0 24 0 0 16 0 0 0 
0 12 0 0 0 14 0 0 0 0 0 3 0 0 0 0 0 0 0 0 0 0 0 25 0 0 20 23 0 18 6 0 10 0 9 7 
0 24 0 0 25 0 0 0 0 0 0 0 0 0 7 0 0 0 2 4 0 3 36 1 34 0 32 35 0 0 0 23 0 0 21 19 
0 0 0 35 31 0 0 19 22 0 18 21 0 0 0 0 0 0 0 0 0 0 0 0 0 0 0 0 3 36 0 0 0 0 27 25 
0 6 9 11 0 0 35 0 0 32 0 33 0 29 0 0 28 0 0 0 23 0 0 0 0 13 0 17 0 12 0 0 0 0 0 1 
0 0 0 0 0 0 0 0 0 0 0 0 0 0 0 0 0 0 14 0 0 15 0 0 0 0 0 11 0 0 30 0 0 0 0 0 
12 0 0 0 0 0 0 0 36 0 0 0 0 0 0 28 0 29 0 24 25 23 20 0 0 0 0 0 0 14 0 0 6 0 0 3 
0 20 23 25 0 0 0 0 0 0 0 0 0 7 3 0 0 5 0 0 0 0 0 33 0 0 0 31 29 26 0 0 0 0 0 0 
0 0 0 0 15 0 0 0 6 0 0 0 0 0 0 0 36 0 28 0 0 0 0 27 24 21 0 0 0 0 0 0 12 0 11 0 
0 26 0 0 0 0 19 0 18 0 14 0 0 0 0 0 0 11 0 6 0 0 0 0 36 33 0 0 0 0 0 0 24 0 23 0 
0 32 35 0 0 34 0 0 24 22 0 23 0 0 0 0 18 0 10 0 0 0 8 0 6 3 0 0 0 2 0 0 0 28 0 0 
0 0 0 0 0 4 0 27 0 0 0 0 0 0 0 0 0 0 0 0 19 0 14 0 0 9 0 13 0 0 32 1 0 0 0 33 
