6
0 0 36 0 0 35 0 0 0 4 0 9 16 18 19 0 0 0 0 14 0 0 0 0 0 0 0 27 0 0 31 0 0 0 0 0 
0 0 0 0 0 0 0 0 0 0 0 27 0 0 1 3 0 0 28 0 0 0 29 0 7 4 0 9 0 0 0 0 14 11 10 0 
0 0 0 8 4 0 0 0 0 0 0 0 22 0 25 0 0 26 0 0 0 0 0 18 0 0 0 0 0 0 0 0 2 35 0 36 
0 0 0 0 10 0 0 17 19 16 0 21 0 0 0 0 0 0 22 0 0 0 23 24 1 0 0 0 2 0 0 0 8 0 0 0 
27 25 0 0 0 0 0 0 31 0 0 0 4 0 0 0 0 0 0 2 0 0 0 36 0 10 0 0 0 0 0 0 0 0 0 0 
0 0 0 0 0 0 0 0 0 0 0 0 10 0 13 0 11 0 4 0 0 0 0 0 0 16 0 0 0 0 25 0 0 23 0 0 
32 0 0 0 0 0 1 0 0 0 0 0 9 0 0 0 10 0 3 7 8 6 0 5 0 0 16 20 19 0 0 0 25 0 21 0 
0 0 0 19 0 0 25 22 24 21 0 0 33 0 36 0 0 1 0 0 0 0 0 0 0 0 4 0 0 0 0 0 0 0 9 11 
2 36 0 0 0 0 0 0 6 0 5 0 0 0 18 20 0 0 0 0 0 0 10 0 0 0 22 0 0 0 0 0 0 0 0 0 
0 0 0 0 0 4 0 0 0 0 0 0 0 0 0 0 22 0 0 0 0 0 0 17 0 0 0 0 0 29 0 0 0 0 0 0 
0 0 23 0 0 0 0 0 0 27 29 0 0 5 0 0 4 0 0 1 0 0 0 35 12 0 10 0 13 0 0 20 0 16 0 17 
14 0 11 0 0 0 0 0 0 15 0 0 0 0 0 0 0 0 21 0 26 0 22 0 0 0 34 0 0 0 0 0 7 0 0 5 
0 0 19 0 17 0 0 24 26 0 0 0 0 1 0 0 36 0 0 0 0 0 30 0 0 5 0 0 9 7 14 0 15 0 0 0 
0 26 25 0 23 0 0 0 0 0 0 0 5 0 0 0 6 9 0 0 4 0 0 0 0 11 12 0 0 13 0 0 0 18 0 0 
0 0 0 0 29 0 0 0 0 35 1 0 0 0 0 0 12 0 5 0 0 8 0 0 20 0 0 22 0 19 0 28 27 0 0 0 
0 0 0 0 0 36 0 0 0 5 7 10 0 19 20 0 0 0 11 0 16 0 0 0 0 23 0 0 0 0 32 0 0 0 0 31 
10 0 7 0 0 0 0 12 0 11 0 0 23 0 0 0 0 0 17 0 0 20 0 0 32 29 0 34 0 0 2 0 3 0 0 1 
16 0 0 0 11 0 21 0 0 17 0 22 0 0 0 0 0 33 23 0 0 0 24 0 0 0 0 0 0 0 0 0 9 0 0 0 
0 0 15 17 0 14 0 0 22 0 0 24 0 33 0 0 0 0 0 0 0 0 26 0 0 0 0 0 0 0 10 12 11 8 0 0 
0 0 0 0 0 0 0 0 0 0 0 0 0 0 28 0 0 29 0 0 0 22 0 0 0 0 32 36 0 33 0 0 0 0 1 3 
0 0 27 0 0 0 0 0 34 0 0 36 0 9 10 0 0 11 1 5 0 0 2 0 0 13 14 18 17 0 22 0 0 0 19 0 
0 0 3 0 1 0 11 0 0 7 0 12 0 0 0 0 0 0 0 0 0 0 14 15 0 25 0 0 29 0 0 0 0 0 0 0 
0 0 0 0 19 0 0 0 0 0 0 30 0 3 0 0 0 0 31 0 36 0 0 0 0 7 0 12 0 9 0 0 17 14 0 0 
0 0 0 0 0 0 0 0 4 0 0 0 0 0 0 0 14 17 0 11 12 0 0 0 22 0 0 0 23 0 28 0 29 0 0 27 
0 0 0 0 0 0 0 0 0 26 0 0 0 0 0 0 0 0 0 0 1 0 33 34 0 8 0 0 12 0 0 0 0 0 0 0 
0 0 16 0 0 0 24 0 0 20 0 25 32 0 35 0 0 36 0 0 0 29 0 28 0 2 0 0 6 0 0 0 0 0 0 0 
0 5 4 0 0 0 0 9 0 8 10 0 0 0 23 0 0 24 14 18 0 0 15 0 29 26 0 0 0 0 35 1 36 0 0 34 
0 35 34 36 0 0 0 3 0 2 0 0 14 0 0 0 0 0 0 12 0 0 9 0 0 0 0 0 0 22 29 0 0 27 0 28 
0 0 0 12 0 0 0 15 0 14 0 19 0 28 29 0 27 0 0 24 0 0 0 0 35 0 0 1 36 0 5 0 0 0 0 4 
31 0 0 0 0 0 36 33 0 0 0 0 0 10 0 0 9 0 0 6 7 5 0 0 17 14 15 0 0 16 23 0 0 21 20 0 
0 0 26 28 0 25 0 31 33 0 32 0 0 0 9 0 7 0 0 0 0 0 1 0 0 0 13 0 0 14 0 0 0 0 18 20 
17 15 0 0 0 13 0 19 0 0 0 23 0 0 33 0 0 0 0 0 0 0 25 0 0 36 0 5 0 2 0 0 10 0 6 8 
11 9 0 0 6 0 0 0 0 0 0 17 0 26 0 0 0 0 18 0 0 0 0 20 0 0 0 35 34 0 3 0 0 0 36 0 
5 0 2 4 0 0 10 0 0 0 0 11 0 0 0 0 0 0 12 0 17 0 0 14 27 24 25 0 0 26 0 0 0 0 0 32 
0 0 32 0 30 31 0 0 0 0 2 0 12 0 0 0 13 0 6 0 11 0 0 8 21 0 0 0 0 0 27 29 0 25 0 0 
0 0 20 0 0 0 0 0 27 0 0 0 0 0 0 5 0 4 30 34 0 0 0 0 0 0 0 0 0 0 0 0 0 13 0 0 
