6
0 0 27 32 0 0 0 0 0 0 0 0 16 19 15 17 0 0 0 0 0 0 0 0 0 23 0 0 0 0 0 14 0 0 11 0 
0 0 33 2 1 0 0 0 12 0 13 0 0 0 0 23 0 0 5 0 0 0 0 0 0 0 0 0 31 27 0 0 0 0 0 0 
23 24 21 26 25 0 0 0 36 0 0 2 0 13 0 0 0 0 0 31 0 0 0 0 0 0 0 16 0 0 0 8 0 0 5 0 
17 18 0 20 0 0 0 27 0 0 0 32 4 0 0 0 8 6 23 25 22 0 0 0 0 0 0 0 0 0 0 0 0 36 0 0 
0 6 0 8 0 0 0 0 18 0 0 20 0 0 0 29 0 0 0 0 0 0 0 12 2 35 0 34 0 0 22 0 21 0 0 0 
0 0 0 0 13 0 23 0 0 0 0 0 0 1 0 0 2 0 0 0 0 0 0 0 8 0 6 4 7 0 28 0 0 0 0 31 
0 1 0 3 0 0 0 0 13 0 0 0 0 26 0 0 27 0 0 0 5 9 0 7 33 0 0 0 32 28 17 21 0 0 0 0 
18 0 16 0 20 0 0 0 0 0 0 0 0 8 0 0 9 0 0 0 0 0 0 0 0 12 0 0 0 0 0 0 0 1 36 0 
0 0 4 9 0 5 0 16 0 17 20 0 29 0 0 0 0 0 12 0 0 15 0 0 0 0 0 35 0 34 23 27 0 0 24 26 
30 31 0 0 0 0 6 0 7 0 8 9 17 0 16 0 0 19 0 2 35 0 34 0 27 0 0 0 0 22 0 15 0 0 12 0 
0 0 0 0 0 0 0 34 1 35 0 0 0 0 0 0 0 13 0 0 29 0 0 31 0 18 19 0 0 16 5 0 0 0 0 0 
12 0 0 0 0 11 0 0 0 0 0 0 35 0 0 0 0 0 0 0 0 21 16 0 0 0 7 5 8 4 29 0 0 31 0 0 
4 5 0 0 0 0 0 0 0 0 18 0 0 30 0 28 0 29 0 0 0 0 8 11 0 0 0 33 0 0 0 25 20 23 0 24 
0 11 0 0 0 0 0 0 23 0 0 0 0 0 0 34 0 0 0 18 0 0 0 17 0 4 0 3 0 0 0 31 0 29 0 0 
0 35 32 0 0 33 10 0 11 0 0 0 0 0 0 0 25 0 0 0 3 0 0 0 0 0 0 0 0 0 0 0 0 0 0 0 
16 17 0 19 18 15 0 26 0 0 0 0 0 0 0 0 0 5 0 0 0 0 0 0 13 0 0 9 0 0 0 0 0 0 0 0 
22 0 0 0 0 0 0 0 0 0 0 0 0 12 8 0 0 0 0 0 0 0 0 0 19 0 0 0 18 14 0 0 2 0 0 0 
0 0 26 0 0 0 0 0 5 0 0 7 0 18 0 0 0 0 34 36 0 0 0 0 0 0 23 0 24 20 0 0 8 0 0 12 
0 0 7 12 11 0 0 19 0 20 0 0 0 35 0 33 0 0 0 17 14 0 13 0 0 0 0 2 5 0 0 0 0 0 0 0 
0 0 0 0 0 20 0 0 0 0 0 36 0 0 0 0 12 0 27 29 0 0 25 0 18 0 0 0 0 0 0 6 0 0 0 5 
0 0 0 0 0 0 0 0 0 0 17 18 0 0 25 0 0 0 9 11 0 0 0 0 36 0 34 0 0 0 20 0 0 22 21 0 
0 0 0 0 0 14 0 0 0 0 0 30 2 5 0 0 0 4 0 0 20 0 19 0 0 0 10 0 0 7 32 0 0 0 33 0 
0 0 0 0 0 32 9 7 0 0 0 12 0 23 19 21 0 0 0 5 2 0 0 0 30 0 28 0 0 0 0 0 0 0 0 17 
0 0 0 30 0 0 3 0 0 0 5 0 14 17 0 15 0 16 33 0 0 36 0 0 24 0 22 0 0 0 0 0 7 10 0 0 
19 0 17 0 0 0 31 0 32 30 0 34 0 0 5 7 0 0 0 0 0 0 0 0 0 0 0 0 15 0 36 0 35 2 0 0 
0 8 0 0 0 6 0 0 0 18 0 0 0 0 0 31 0 0 0 0 0 0 11 0 4 0 2 0 3 0 0 0 0 26 0 0 
0 0 0 0 0 0 0 0 0 6 9 10 18 21 0 0 0 20 0 0 0 0 0 2 28 25 0 24 0 23 12 0 0 0 0 0 
0 0 35 0 0 0 13 0 0 0 15 0 0 0 0 25 28 26 7 9 6 10 0 0 0 0 0 0 33 0 0 0 0 0 0 0 
0 0 23 0 0 0 0 0 2 36 0 0 0 0 11 0 0 14 0 0 0 0 29 0 0 0 0 0 0 0 0 10 0 8 0 9 
13 0 0 16 0 0 25 0 0 24 0 0 36 0 0 1 0 0 19 0 0 22 0 0 0 7 0 0 0 0 0 0 0 0 0 0 
0 33 30 0 34 31 0 6 9 7 0 0 0 22 0 20 0 21 0 0 1 0 0 0 0 0 0 0 28 0 13 0 12 0 0 0 
0 27 0 29 0 0 2 36 0 1 0 0 0 0 0 0 0 0 32 0 0 0 0 0 0 0 0 0 22 0 0 0 0 9 8 0 
0 0 0 0 0 1 0 0 0 0 0 17 0 28 0 26 0 0 0 0 0 0 6 0 0 0 0 0 0 0 19 0 0 21 0 0 
20 21 18 0 0 0 0 30 0 0 34 0 0 0 0 8 0 0 0 28 0 0 24 0 0 0 15 0 16 0 0 5 36 0 0 4 
0 9 0 0 0 0 0 0 0 0 22 23 31 0 0 0 0 33 0 16 0 0 0 15 0 0 0 0 0 0 25 0 0 27 0 0 
14 0 0 0 0 0 0 24 0 25 0 29 0 0 36 0 0 0 20 0 19 0 18 0 0 8 0 7 0 0 0 35 0 0 0 34 
