6
16 0 0 0 0 20 0 0 3 0 36 34 0 0 0 0 29 0 14 0 15 0 0 0 0 0 0 0 0 0 0 22 24 27 26 0 
0 9 0 0 0 8 0 0 0 25 0 22 0 0 0 0 0 0 0 0 0 34 0 0 0 0 0 0 0 32 0 10 12 0 0 0 
0 0 0 30 0 32 0 0 15 13 0 0 8 0 9 6 0 0 0 0 0 0 0 0 18 0 0 0 0 0 0 0 36 3 2 0 
34 0 1 36 0 2 0 20 0 0 0 16 14 0 0 12 11 13 0 0 33 0 29 31 0 0 0 23 0 0 7 0 6 9 8 0 
10 0 13 0 11 14 0 32 0 0 30 0 0 0 0 0 23 25 0 0 0 4 0 0 0 34 0 35 0 0 19 0 0 0 20 17 
0 0 0 0 0 0 5 0 0 0 6 0 2 0 3 36 0 0 20 0 0 0 17 19 12 0 0 11 0 0 0 28 0 0 0 0 
21 0 24 0 22 0 0 0 0 6 0 0 1 0 0 0 0 0 0 17 0 15 0 0 11 0 0 10 0 0 30 0 29 0 0 0 
33 0 0 0 0 1 0 19 0 0 17 0 13 9 14 0 0 0 31 0 0 27 0 0 0 0 0 22 0 0 0 0 0 0 0 4 
27 32 30 0 0 0 10 13 14 0 0 0 7 0 8 0 4 0 0 0 26 0 0 0 0 15 0 0 0 19 36 0 0 2 0 0 
0 0 0 0 0 0 0 25 26 0 0 0 19 15 0 0 16 18 0 0 0 0 34 36 29 0 0 0 32 0 0 9 11 14 13 10 
15 0 18 17 0 19 0 1 2 36 0 0 0 0 0 29 28 0 0 0 0 0 0 12 5 0 0 0 0 7 0 0 23 26 25 0 
0 0 0 0 0 0 0 0 0 0 0 27 0 21 0 23 22 0 0 5 8 0 4 6 0 0 0 0 0 0 0 0 0 20 19 0 
0 0 0 0 0 0 0 33 0 0 31 29 0 0 28 25 0 0 0 0 10 0 6 0 0 35 0 36 0 0 20 17 0 22 0 0 
0 0 0 19 0 0 36 0 0 0 0 35 33 0 0 0 30 32 0 0 0 11 0 0 0 0 0 6 10 0 0 0 0 0 27 0 
0 0 0 31 0 33 12 15 0 0 0 0 9 5 0 0 6 0 0 25 0 0 0 0 19 0 0 18 0 21 0 35 0 0 3 0 
0 10 0 0 0 0 0 0 28 0 0 0 21 0 0 0 18 0 0 1 0 0 0 0 0 0 0 30 0 33 0 11 13 0 0 0 
23 0 0 0 0 27 0 0 0 0 0 0 0 0 4 0 36 0 0 0 22 0 0 20 0 11 0 0 0 15 0 0 0 0 33 0 
0 0 0 1 0 3 0 21 0 0 19 17 0 0 16 0 0 0 0 0 0 29 0 0 0 0 0 0 0 27 8 5 0 0 9 0 
30 0 0 0 0 0 0 0 0 15 0 0 0 0 0 0 0 0 0 0 0 0 25 0 0 0 21 0 23 0 3 0 2 5 4 1 
0 0 15 14 0 0 0 34 35 0 0 0 0 0 0 0 25 0 0 0 11 6 7 9 0 36 0 0 0 0 0 0 20 0 22 19 
0 0 0 0 25 0 7 0 0 0 8 0 0 0 5 0 0 0 0 20 0 0 0 0 0 0 15 0 0 0 0 0 0 0 34 0 
0 0 0 0 19 0 0 4 5 0 2 0 0 0 35 0 0 33 0 0 0 12 0 0 8 6 0 7 0 0 27 0 0 29 0 25 
0 11 9 0 7 0 0 28 0 0 0 0 0 0 23 0 0 21 0 0 0 36 0 3 0 0 33 0 0 34 0 0 14 0 0 0 
36 0 3 2 0 0 19 0 0 0 0 0 0 0 0 0 0 0 34 32 0 0 0 33 26 24 0 25 0 0 0 0 0 0 10 0 
7 0 0 9 0 0 0 0 0 0 0 0 0 0 0 21 0 22 0 0 0 1 2 0 0 0 0 0 0 0 16 0 0 18 0 0 
13 0 0 15 0 17 32 0 36 0 0 31 29 0 30 0 0 0 0 0 0 0 8 0 0 1 0 2 6 0 0 0 0 24 0 20 
25 0 0 0 0 0 0 0 0 10 0 0 0 0 0 0 0 4 0 0 24 0 0 0 0 0 0 14 18 17 0 0 0 0 0 32 
0 0 0 0 2 0 0 0 24 0 21 0 0 0 0 0 14 0 0 33 0 31 0 0 0 0 0 0 0 0 0 0 0 0 11 0 
0 0 0 21 20 23 2 0 0 4 0 1 35 31 0 33 0 0 0 0 0 0 0 0 0 0 0 8 12 0 28 0 0 30 29 0 
31 0 34 0 32 0 0 0 0 16 15 13 0 0 0 0 8 0 29 0 30 25 0 0 0 0 0 0 24 0 0 0 3 0 0 0 
8 0 11 0 9 0 27 30 31 0 0 0 24 0 25 0 0 23 0 0 0 0 0 0 0 0 35 0 0 36 0 14 16 0 0 0 
0 19 17 16 0 18 0 0 1 0 0 0 0 0 31 28 0 0 0 0 0 8 0 0 0 0 0 0 0 0 0 0 0 0 0 0 
2 0 5 0 3 0 0 0 0 0 0 0 0 14 0 0 0 0 36 0 0 32 33 0 0 0 0 0 0 0 0 0 0 0 0 0 
0 0 35 34 33 36 15 0 19 17 0 0 0 8 0 0 0 0 0 0 0 26 0 0 22 0 23 0 25 0 0 2 0 0 0 0 
20 25 23 22 0 0 0 6 0 5 0 0 0 0 0 34 0 0 0 16 0 0 0 17 10 8 0 0 0 0 0 0 0 0 0 0 
0 31 29 0 0 0 0 0 13 0 0 8 0 0 0 0 3 0 0 0 25 0 0 23 16 14 0 0 0 0 35 0 34 0 36 33 
