6
0 6 7 0 0 0 0 16 17 0 0 0 20 19 0 0 0 0 0 0 0 0 5 0 0 0 0 0 0 31 0 0 26 0 0 0 
0 36 0 0 0 3 0 10 11 0 0 0 0 0 0 12 15 0 0 34 33 0 0 0 0 0 28 29 0 25 0 0 0 0 0 0 
0 0 0 0 17 0 0 0 23 0 0 0 0 0 0 24 27 0 0 10 9 8 0 7 0 0 0 0 0 0 31 0 32 0 0 33 
0 18 0 0 0 0 0 0 0 0 0 26 32 0 0 0 0 0 0 0 0 14 0 13 0 0 0 0 0 0 0 0 0 4 0 3 
0 30 0 0 0 0 0 0 0 0 1 2 0 7 0 6 0 0 0 0 27 0 0 25 21 0 22 0 0 0 13 0 0 0 0 0 
0 0 25 0 0 0 0 34 0 0 0 0 0 1 0 36 0 0 0 22 0 0 0 0 0 0 0 17 14 0 0 0 0 0 0 0 
0 8 0 0 13 0 0 18 0 0 0 0 0 21 0 0 23 0 2 0 0 4 0 0 0 32 0 0 0 33 0 0 28 0 0 29 
0 0 21 0 0 23 0 30 0 0 0 0 0 0 0 32 0 1 14 0 17 0 0 0 0 0 0 13 0 0 0 0 0 0 7 5 
0 26 0 0 0 0 35 36 1 0 0 0 0 0 6 2 0 0 0 24 0 0 0 0 0 0 0 0 0 0 0 0 0 0 0 11 
36 0 33 34 1 0 5 6 7 0 0 0 0 9 0 0 0 0 0 0 0 0 0 0 23 0 0 0 0 21 0 14 0 0 19 0 
0 0 0 0 0 0 23 24 0 0 21 0 0 27 30 0 0 0 0 0 0 0 13 0 0 0 6 0 0 0 0 0 0 36 0 35 
6 0 3 0 0 0 11 0 13 0 0 0 0 0 0 0 0 0 0 36 0 0 0 0 29 26 0 0 28 0 21 20 22 0 25 0 
0 0 0 0 36 0 0 0 0 1 0 3 0 0 0 0 10 12 0 0 28 27 30 0 0 0 0 0 0 0 0 0 15 0 0 0 
5 0 2 0 0 4 0 0 0 7 0 9 0 0 0 0 0 0 0 0 0 0 0 32 0 25 0 30 0 0 20 0 0 23 0 22 
0 0 0 0 30 0 34 35 36 0 0 0 0 0 0 1 4 0 19 0 0 0 24 20 0 0 0 0 15 14 8 7 0 0 0 0 
0 0 0 0 0 0 0 0 0 0 0 0 27 26 0 25 0 30 0 0 0 0 12 8 0 0 0 6 0 2 0 31 33 0 0 0 
0 0 0 21 0 0 0 0 30 0 0 0 0 0 35 31 0 0 13 17 0 0 0 0 10 7 11 0 0 0 0 1 3 0 6 0 
11 0 0 9 12 0 0 0 18 0 0 0 0 0 0 0 0 24 1 0 4 3 6 0 0 0 0 0 33 0 0 0 0 0 0 0 
7 0 0 0 8 6 0 0 14 9 0 11 0 0 0 0 0 0 33 1 0 0 0 0 0 27 0 32 29 0 0 0 0 0 0 0 
13 9 0 11 0 0 0 0 0 15 16 0 23 0 0 0 0 26 0 7 6 0 0 4 0 0 1 0 0 0 28 0 0 0 0 0 
0 0 0 0 0 0 0 7 8 3 0 0 0 0 13 0 0 0 0 0 30 29 0 0 0 0 0 0 0 0 0 0 0 0 20 0 
0 0 28 0 32 0 36 0 2 0 0 0 5 0 0 0 6 8 0 0 0 23 0 22 0 0 0 20 0 0 0 0 0 0 14 12 
25 0 0 23 0 24 30 0 32 27 28 29 0 0 0 33 0 2 0 19 0 17 0 0 0 0 13 0 0 10 4 0 0 0 0 0 
0 15 0 17 0 18 0 0 0 21 0 0 29 0 31 0 30 32 0 0 0 0 0 0 0 0 0 8 0 0 0 0 0 1 0 0 
0 17 0 19 22 20 0 0 28 0 0 0 0 0 33 29 0 0 11 15 0 13 0 0 0 5 0 0 7 6 0 0 0 3 0 0 
0 5 6 0 0 0 0 15 0 0 0 0 19 18 0 17 20 0 35 0 0 0 4 36 0 0 33 34 31 0 0 23 0 0 0 0 
0 0 0 0 0 0 20 0 0 0 0 0 0 0 0 0 26 0 0 0 0 0 0 6 0 35 0 0 0 0 0 0 0 0 0 0 
0 29 0 31 34 32 2 0 0 35 36 0 0 6 0 0 0 0 23 0 26 0 0 0 0 17 21 22 19 0 12 11 13 0 0 0 
0 35 0 1 0 0 0 0 0 5 0 7 0 0 0 0 0 0 0 0 0 0 0 0 0 0 27 0 25 0 0 0 0 0 0 20 
0 0 24 25 0 0 0 0 0 0 0 0 0 0 0 0 0 0 17 21 0 0 0 18 0 11 15 16 13 0 0 5 0 0 10 0 
20 0 17 0 0 0 25 26 27 22 23 0 0 0 32 0 0 0 0 0 0 12 0 11 0 0 8 0 0 0 35 0 0 0 3 0 
0 0 0 0 0 0 0 0 0 0 29 0 0 0 0 0 0 3 0 20 0 0 0 17 0 0 0 0 0 0 0 0 0 8 0 0 
0 0 35 0 0 0 7 8 0 0 0 0 12 0 0 0 0 0 0 0 31 0 0 0 0 0 0 27 0 0 0 0 0 0 0 0 
8 0 0 6 0 7 0 14 0 0 11 0 18 17 20 0 19 21 34 2 1 0 0 35 0 0 32 0 0 0 0 0 24 0 0 0 
32 0 0 0 0 31 0 2 0 0 0 36 6 0 0 0 7 9 22 0 0 0 27 0 0 0 0 0 0 0 0 10 0 14 0 13 
0 0 0 0 15 0 19 0 0 0 0 0 0 0 0 22 0 0 0 0 7 6 9 0 0 0 0 0 0 0 0 28 30 0 0 0 
