6
0 0 24 0 0 22 0 1 0 0 0 32 0 0 0 3 0 5 0 0 28 0 0 0 0 0 18 0 0 0 0 8 0 0 0 12 
7 5 0 0 0 0 0 0 15 0 0 0 0 0 0 0 0 23 0 0 10 8 12 9 0 0 0 0 34 0 0 0 0 28 0 30 
0 0 12 9 8 0 0 0 0 0 0 0 28 0 0 27 0 0 0 0 0 14 0 15 0 3 0 0 0 0 0 32 0 34 35 0 
0 0 0 0 0 28 0 7 0 6 0 0 10 0 12 0 8 0 0 0 0 32 0 0 0 0 0 20 0 0 0 0 19 0 0 18 
0 0 0 0 14 0 28 0 27 0 0 0 34 0 0 0 0 35 0 0 0 0 0 0 13 0 0 0 0 0 0 0 0 4 0 0 
1 0 0 0 0 0 10 0 0 0 0 0 0 0 0 0 0 0 7 0 0 0 0 0 0 27 0 26 0 0 0 0 0 22 0 0 
0 21 0 19 0 0 32 35 0 0 0 0 2 0 0 0 0 3 0 0 0 0 0 0 17 0 0 0 14 0 0 0 11 0 9 10 
17 0 0 0 0 0 0 0 0 28 0 24 0 35 0 0 0 0 0 0 20 0 22 19 0 0 0 6 8 0 0 36 0 0 0 0 
0 0 0 0 0 0 0 0 1 0 0 0 0 11 10 0 0 0 0 33 32 0 34 0 23 0 0 18 0 0 0 12 0 14 0 0 
0 0 0 0 0 0 0 0 0 0 21 18 0 0 0 0 0 0 17 0 0 0 16 13 0 0 0 36 0 0 31 0 0 0 0 0 
0 0 0 1 36 0 0 0 0 0 0 12 0 0 0 19 18 0 11 9 8 0 10 0 35 0 0 30 0 0 0 0 29 0 27 0 
0 0 0 0 30 32 0 0 0 0 9 6 0 17 0 0 12 0 0 3 0 36 0 0 0 25 0 24 0 0 0 18 0 0 0 0 
0 0 0 24 0 25 0 0 36 0 2 0 7 0 0 6 5 8 0 0 0 29 33 30 22 0 0 0 0 0 0 11 16 0 0 15 
0 0 0 18 0 0 0 34 0 0 0 29 1 0 0 0 0 2 0 26 0 0 0 0 16 12 15 11 13 0 0 5 0 0 8 9 
16 0 0 0 0 13 25 0 0 0 0 23 0 0 33 30 0 32 0 0 19 0 0 0 0 0 0 0 0 0 0 0 4 1 2 0 
10 0 0 0 0 0 19 0 0 0 0 0 0 28 27 0 23 0 0 0 0 11 0 0 0 36 3 0 0 0 0 29 0 0 0 0 
0 0 0 36 0 1 0 16 0 0 0 0 0 22 0 0 0 0 0 0 0 5 0 0 0 0 0 0 0 0 0 23 28 25 26 0 
0 0 33 30 0 0 7 0 6 0 8 0 0 0 0 0 0 0 0 2 1 35 0 0 0 0 0 23 0 0 18 0 0 0 20 0 
0 0 0 0 4 0 0 21 17 0 19 16 24 27 26 0 0 0 0 0 12 0 0 0 0 35 0 0 36 1 0 0 0 30 31 0 
21 0 0 0 0 0 0 0 0 32 31 28 0 3 2 0 0 0 0 0 0 0 0 0 0 0 0 10 0 0 0 0 0 0 0 0 
0 0 0 11 0 0 0 27 0 0 0 22 0 0 0 0 0 31 0 19 0 0 0 17 0 0 8 4 0 0 0 34 0 0 0 2 
0 1 0 35 0 36 0 0 0 14 0 10 18 21 20 0 0 19 9 0 0 0 0 0 33 0 0 28 0 0 0 0 0 0 25 26 
0 0 0 0 0 0 0 0 0 2 1 0 6 0 0 0 4 7 0 31 0 0 0 0 0 17 0 0 0 0 0 10 0 0 0 14 
0 0 0 0 0 0 0 0 0 0 0 0 0 15 14 0 10 0 0 0 0 0 0 0 0 0 26 22 0 0 0 0 0 0 19 0 
0 16 0 14 13 0 0 30 0 0 0 0 0 0 0 32 0 0 24 0 0 0 23 0 12 0 0 7 9 0 2 0 6 0 0 0 
0 0 0 20 19 0 0 0 0 0 0 0 0 0 0 2 1 4 0 0 27 0 29 0 0 0 0 0 0 16 0 0 12 0 0 11 
0 0 0 26 0 27 3 0 0 0 0 0 0 12 0 0 0 10 0 0 33 31 0 32 0 20 23 0 0 0 0 0 18 0 0 0 
0 0 0 0 31 0 9 0 0 0 0 0 0 0 0 0 0 0 0 0 0 0 0 0 0 0 0 0 0 0 20 0 24 21 0 23 
0 0 11 8 0 0 0 0 0 23 0 0 0 30 0 0 0 0 0 0 0 13 0 0 0 0 5 0 0 0 0 31 36 33 0 0 
0 0 0 0 0 3 0 0 0 0 0 0 0 0 0 20 0 0 0 10 9 0 0 0 0 0 0 31 0 0 0 0 30 0 0 0 
0 0 1 0 0 35 0 14 0 13 0 0 0 20 19 0 0 18 8 0 0 0 7 4 0 28 0 27 29 30 0 0 0 0 0 0 
0 30 31 0 27 29 0 0 0 7 0 0 0 0 0 10 0 0 0 0 35 33 0 0 0 0 0 0 0 0 0 0 20 17 0 0 
20 0 0 0 15 17 0 0 28 0 0 0 0 2 0 34 0 0 0 0 0 0 0 0 14 10 0 0 0 0 0 0 0 0 6 0 
14 0 13 0 9 11 0 0 0 0 0 0 29 0 0 0 0 0 20 0 0 0 19 0 0 4 0 0 0 6 0 0 0 0 36 0 
0 0 0 0 0 0 0 0 0 0 0 0 0 0 0 0 0 0 0 0 11 0 0 0 0 0 0 0 0 0 0 0 0 29 0 0 
26 0 0 0 21 23 35 0 0 1 36 0 0 8 0 0 3 6 0 0 29 0 0 0 20 16 0 0 0 0 0 0 0 11 12 13 
