6
0 0 11 0 0 0 22 25 24 0 0 23 0 5 6 3 0 4 0 0 0 2 0 0 0 28 31 0 0 0 0 0 0 0 0 15 
36 33 0 0 0 2 10 13 0 0 0 11 0 0 0 27 0 0 24 0 25 0 0 23 0 0 19 0 0 0 0 0 0 0 0 0 
0 27 29 0 0 0 0 0 6 8 0 0 0 23 0 0 0 22 18 16 0 0 0 0 9 10 13 0 0 14 0 2 35 0 0 0 
0 0 17 19 0 0 0 0 0 0 0 29 0 0 12 0 0 0 6 0 7 8 0 5 33 0 0 0 0 0 25 0 23 0 0 0 
0 3 0 0 0 0 0 0 18 20 0 0 0 35 0 0 0 34 30 0 0 0 0 0 0 0 0 0 0 0 13 0 0 0 12 0 
24 0 0 0 0 0 0 1 0 0 33 35 0 17 18 15 0 0 12 0 0 0 0 0 0 0 7 0 6 8 31 0 29 0 0 27 
0 0 0 0 0 0 31 0 0 35 0 0 0 14 0 12 0 0 0 0 0 0 0 0 0 0 0 0 3 5 0 0 0 0 27 0 
0 0 0 0 0 0 7 10 0 0 0 8 0 0 0 0 29 0 0 0 0 23 0 0 0 0 0 0 0 0 4 0 2 1 3 36 
0 24 0 28 0 0 0 0 0 0 0 2 0 20 0 0 23 0 0 13 0 0 12 0 6 0 10 8 0 0 0 0 0 0 0 0 
0 0 0 10 7 0 0 0 0 0 18 0 4 0 3 0 5 0 0 0 0 0 30 0 0 25 0 0 0 0 16 0 0 0 0 0 
0 0 0 0 1 0 0 16 15 0 0 14 34 0 33 30 35 0 27 0 0 0 0 26 0 0 0 0 21 0 0 0 8 0 0 6 
0 0 14 0 0 0 0 28 0 0 24 26 10 0 0 6 0 0 3 0 0 5 0 2 0 31 0 32 0 0 0 0 20 0 0 0 
0 0 0 0 29 33 5 8 0 0 0 0 0 0 0 22 0 23 0 0 0 0 0 0 10 0 0 0 0 15 2 0 0 35 0 0 
19 16 0 20 0 0 0 0 0 33 0 0 0 12 0 0 0 0 0 0 8 0 0 6 0 0 0 0 0 3 0 0 24 0 0 0 
0 0 0 14 11 0 0 26 0 0 0 0 0 6 0 0 0 0 0 35 0 3 34 0 0 29 0 0 0 0 0 0 0 17 0 0 
1 0 36 2 35 3 0 14 0 0 0 0 0 0 0 0 0 0 25 23 26 27 0 0 0 0 20 0 19 0 8 0 6 5 7 0 
0 0 0 0 0 0 0 2 1 3 0 36 0 18 0 0 0 17 0 0 0 0 0 0 0 0 0 6 0 0 0 0 0 29 31 28 
7 0 6 0 0 9 0 0 0 0 0 0 0 36 0 0 0 35 31 0 0 0 28 0 0 0 26 24 0 0 14 15 12 0 13 0 
0 0 0 6 3 0 15 18 0 0 0 0 0 0 0 0 0 0 29 0 0 0 26 0 0 0 0 0 0 25 0 0 10 0 11 0 
0 0 0 24 0 0 0 0 0 0 0 0 0 0 17 0 0 0 11 0 0 0 0 10 0 0 0 4 0 7 30 0 0 0 29 26 
0 0 0 0 0 0 0 12 0 0 0 10 0 0 0 26 0 0 23 0 0 0 0 0 0 0 0 16 0 19 6 0 0 3 0 2 
17 0 0 0 0 0 0 30 0 0 0 0 0 0 11 0 0 0 5 0 6 0 0 0 32 33 36 0 35 0 0 25 0 0 23 0 
11 8 0 12 0 0 21 24 23 0 0 0 6 4 0 0 7 0 0 33 36 0 0 0 0 0 30 28 0 0 0 0 0 15 0 0 
0 0 0 0 27 0 0 0 0 0 2 0 0 22 0 0 0 0 17 0 0 0 0 0 0 0 0 10 11 13 36 1 0 0 35 0 
28 25 0 0 0 30 0 0 0 0 0 3 0 21 0 19 0 0 16 0 17 0 0 15 0 0 11 0 0 0 0 0 33 0 0 31 
0 0 0 0 20 0 0 0 34 36 0 33 0 15 16 0 0 14 0 8 11 0 0 9 0 0 0 0 0 6 0 30 0 0 28 25 
34 0 0 35 32 0 8 0 10 12 7 0 0 0 0 25 0 0 0 0 0 24 19 0 0 0 0 0 16 0 5 6 0 0 0 1 
0 0 0 0 0 0 0 0 0 24 19 0 0 0 4 0 0 0 0 32 35 0 31 0 25 26 0 0 0 0 0 0 0 0 0 0 
0 0 0 0 0 0 0 0 0 0 0 0 35 33 34 0 0 0 0 26 0 30 0 0 0 0 0 0 0 24 0 0 9 0 0 0 
0 0 0 17 14 0 26 0 0 0 0 27 11 0 0 0 0 0 4 2 0 6 0 0 31 32 0 0 34 36 0 0 21 20 22 19 
8 0 0 0 0 0 18 21 0 0 0 19 0 0 0 0 0 0 32 30 0 0 29 0 23 0 0 0 26 0 0 0 0 0 14 0 
0 23 25 27 0 28 36 0 0 4 35 0 0 0 0 0 0 18 14 12 0 0 0 13 0 0 0 0 8 0 0 0 0 0 0 29 
2 35 0 0 0 0 0 0 14 0 0 0 0 0 32 29 34 0 26 0 0 0 23 0 0 18 0 0 0 0 0 0 0 6 0 0 
0 11 13 0 0 0 0 0 0 0 0 0 0 7 0 0 0 6 0 0 0 0 0 1 0 0 0 31 0 0 21 0 0 0 0 0 
0 0 0 0 0 0 0 0 0 10 0 0 0 0 0 0 28 24 20 0 0 0 17 0 0 12 0 0 14 16 0 0 0 0 2 0 
20 0 0 21 0 22 0 33 0 0 0 31 0 0 14 0 0 0 0 0 9 0 0 7 0 36 3 0 0 4 0 28 25 0 0 23 
