6
21 0 18 0 0 0 0 0 14 0 11 0 0 0 0 0 0 0 0 0 0 24 0 0 9 10 5 0 0 0 0 3 35 0 0 36 
0 0 0 0 0 0 0 0 32 0 0 0 0 0 0 0 0 12 9 0 0 0 0 7 0 0 0 25 0 0 0 0 0 0 0 0 
0 0 0 13 0 16 0 0 0 9 0 0 0 0 0 28 0 0 21 0 0 18 0 19 3 4 0 0 0 2 31 0 0 34 32 0 
0 0 0 0 26 0 0 0 0 0 0 22 0 0 2 4 0 0 0 0 32 30 0 31 15 16 11 0 0 0 7 0 0 0 8 6 
0 0 0 0 32 0 0 0 0 27 0 0 0 0 0 10 0 0 0 35 2 36 4 0 0 0 0 0 0 0 0 15 11 0 0 12 
9 5 6 0 0 10 0 0 0 0 0 0 17 0 0 0 21 0 0 0 0 0 0 0 0 34 0 0 30 0 25 0 0 0 26 0 
34 0 31 0 33 0 0 0 0 28 24 0 0 8 0 0 0 0 0 36 0 0 0 2 0 0 0 0 0 0 0 16 12 17 15 0 
0 0 0 20 21 23 0 0 15 0 0 17 0 0 0 35 0 31 28 0 0 0 0 0 10 11 0 0 7 0 2 0 36 5 0 1 
0 0 1 2 0 0 32 0 33 0 0 35 0 0 0 0 16 0 0 0 9 0 0 0 0 0 0 26 0 0 0 0 0 23 21 19 
0 24 0 0 0 0 20 19 0 22 0 0 0 0 0 0 0 0 34 0 0 0 0 0 16 0 0 14 0 0 8 0 0 11 0 7 
10 0 0 0 0 0 0 1 3 0 0 0 0 0 0 0 22 0 0 0 0 13 17 14 0 35 0 0 31 0 0 0 24 0 27 0 
0 12 13 0 0 0 0 0 0 10 6 0 24 0 0 29 0 0 0 0 0 0 0 20 0 0 0 0 1 3 32 34 0 0 0 31 
23 0 20 21 22 0 0 0 0 17 13 18 31 0 0 0 0 32 29 25 0 0 30 27 11 0 7 0 0 10 3 5 0 0 4 2 
0 31 0 0 0 36 0 0 28 0 0 0 0 0 0 12 0 8 0 1 4 0 6 0 23 0 0 0 0 0 15 0 0 18 0 14 
0 0 2 0 0 6 0 0 34 35 0 36 13 0 0 0 0 14 0 7 10 8 12 9 0 0 0 27 0 0 0 0 19 24 0 0 
0 13 0 0 16 0 0 0 0 0 7 0 25 27 28 0 0 0 23 0 0 20 24 0 0 0 0 0 2 0 0 0 31 36 0 32 
29 0 26 0 28 0 21 20 0 23 0 24 1 0 0 0 0 0 35 0 0 0 0 0 0 18 0 0 14 0 0 0 0 12 0 8 
11 0 8 9 10 0 0 0 0 0 0 6 0 21 0 0 0 20 17 0 0 0 0 15 0 0 0 33 32 34 0 0 0 0 0 0 
0 2 0 0 0 7 34 0 0 36 32 1 14 0 0 0 0 0 0 0 0 9 0 10 0 31 26 28 0 0 0 0 0 25 0 0 
0 0 33 0 35 0 0 27 0 0 0 0 0 10 0 0 0 0 6 0 0 0 7 0 0 25 0 22 21 23 16 0 0 0 17 0 
0 0 21 0 0 25 0 0 17 0 0 0 0 0 35 0 0 0 0 26 0 27 0 0 0 0 8 10 0 11 0 0 2 0 0 0 
18 14 15 0 17 0 0 0 0 0 0 0 0 0 0 31 0 0 0 0 0 0 0 0 0 7 0 4 0 0 0 0 0 1 0 0 
0 0 9 0 0 0 0 3 0 0 0 0 0 22 0 0 0 21 0 14 17 0 19 16 0 1 0 0 33 0 0 30 26 0 29 0 
30 0 0 28 0 0 0 21 0 0 20 25 0 0 0 0 0 0 0 0 0 0 0 0 18 0 0 16 0 0 0 0 8 0 11 0 
0 0 0 0 12 14 0 0 0 7 0 0 0 0 0 26 0 22 0 15 18 16 0 0 0 2 0 0 0 36 0 0 0 0 0 28 
1 33 0 0 36 0 0 28 0 0 0 0 9 0 12 0 0 0 7 0 0 0 0 5 0 26 0 23 0 24 0 0 0 20 18 0 
0 27 28 0 0 0 0 0 0 0 0 0 0 5 6 0 7 0 1 33 36 0 0 0 19 0 15 17 0 0 11 0 9 0 12 10 
0 3 4 5 6 0 35 0 0 1 33 0 0 0 18 20 19 0 0 9 12 10 0 0 0 0 0 29 0 0 0 25 21 0 24 0 
0 0 0 23 24 0 0 0 18 0 15 0 33 0 0 0 0 0 0 0 0 28 32 0 0 0 0 11 0 0 0 0 0 8 0 0 
0 0 0 17 0 0 11 0 12 13 0 14 0 0 0 32 0 0 0 0 24 0 0 0 7 8 0 0 4 0 35 1 0 0 0 0 
2 34 0 0 1 0 30 0 0 0 0 0 10 0 13 0 14 0 0 0 0 0 0 0 26 27 0 0 23 0 0 0 0 0 19 0 
0 0 0 30 31 0 0 0 25 26 0 0 0 0 0 9 8 0 0 34 0 35 0 0 0 21 0 0 17 0 0 0 0 15 0 0 
14 0 11 12 13 0 0 5 7 0 0 0 22 24 25 0 0 23 0 0 0 17 0 0 0 0 0 0 0 0 0 0 0 0 0 0 
0 16 17 0 0 21 0 0 13 0 0 15 0 0 31 0 32 29 0 0 0 23 27 24 0 0 4 0 5 7 0 2 0 3 0 0 
0 4 5 6 0 9 0 0 0 0 0 0 16 0 0 21 0 17 0 0 0 0 15 12 0 0 0 30 29 0 0 0 0 0 0 0 
0 0 0 24 25 0 0 0 19 0 0 0 0 36 0 0 0 35 0 0 31 29 0 30 0 15 10 0 0 0 0 8 0 9 0 0 
