6
0 0 0 0 0 0 0 0 0 0 0 0 0 0 0 0 0 0 0 26 23 24 22 0 0 0 3 0 0 0 17 18 16 20 0 0 
0 0 0 0 0 0 0 0 31 0 0 0 0 0 0 0 0 0 13 0 0 12 10 15 0 24 0 0 0 22 0 0 0 0 0 0 
0 0 4 0 0 5 0 0 0 3 2 0 25 0 0 23 0 0 0 0 0 18 16 0 31 0 33 0 0 0 0 12 10 0 0 13 
0 0 0 0 0 0 0 0 0 0 14 0 0 0 0 35 0 0 0 0 0 0 0 0 0 6 9 8 0 0 0 0 0 26 0 0 
0 0 0 0 30 29 0 0 0 0 26 0 0 0 0 0 15 0 7 8 0 0 0 9 0 18 0 0 0 0 0 0 0 0 0 0 
0 25 0 0 0 23 0 0 0 21 0 16 0 6 0 0 9 0 0 0 35 0 0 0 13 12 0 14 0 0 29 0 0 0 0 0 
0 0 0 0 22 21 0 16 0 19 18 0 5 0 0 0 7 0 0 0 0 0 0 0 11 0 0 12 9 0 0 0 0 0 0 29 
36 0 0 1 0 33 0 0 0 0 0 0 0 0 0 0 0 14 0 0 0 10 0 0 0 0 0 0 21 20 0 0 0 0 0 5 
0 0 8 13 10 9 0 0 0 0 0 2 0 0 0 27 0 0 0 0 21 0 20 0 0 34 0 0 33 0 15 16 0 0 0 0 
18 0 14 19 0 0 0 0 0 13 0 0 0 34 0 0 0 0 0 0 0 0 26 0 5 0 7 6 0 2 21 0 0 0 0 0 
30 29 26 31 0 0 0 22 23 0 0 20 11 0 12 0 0 0 0 0 0 0 0 0 0 0 0 0 15 14 0 34 32 0 0 0 
0 0 0 7 0 3 33 0 0 0 0 32 0 22 0 21 25 0 0 0 15 16 14 0 0 28 0 30 27 26 0 0 0 12 0 0 
0 27 0 29 0 25 19 0 21 23 22 0 9 0 0 7 0 6 0 0 0 0 0 0 15 0 0 16 13 0 0 32 0 0 35 33 
4 3 0 5 2 0 0 32 0 35 0 0 21 20 0 0 23 0 0 0 0 0 0 0 27 0 29 28 0 24 0 0 0 10 11 9 
34 0 0 0 0 31 0 0 0 0 28 0 15 0 0 13 17 0 0 0 0 0 0 0 0 0 0 0 0 0 0 2 0 0 0 0 
0 0 0 0 0 0 13 0 15 0 0 0 0 0 4 1 0 0 0 0 0 0 0 0 0 0 0 0 0 0 0 0 0 0 0 0 
0 0 12 0 0 0 0 0 0 11 0 0 0 0 0 0 0 0 0 0 0 0 24 0 0 0 0 4 0 0 0 0 18 0 0 0 
0 9 6 0 8 0 0 0 0 5 4 0 0 0 0 0 0 0 0 0 0 0 18 23 0 0 0 34 31 0 0 0 0 0 0 15 
3 0 35 0 1 0 0 31 32 0 33 29 0 0 0 0 0 0 0 0 12 13 0 0 0 25 0 0 0 0 6 7 0 9 0 0 
0 20 17 22 0 0 12 13 0 0 0 0 2 0 0 36 0 0 0 0 0 0 0 0 0 0 10 0 6 5 24 0 0 27 0 0 
0 0 0 0 31 0 24 0 0 0 27 23 0 0 0 0 16 0 0 0 0 0 0 0 0 19 22 0 18 0 0 0 35 0 0 0 
0 0 0 0 25 0 0 0 20 0 0 17 0 7 0 0 0 0 0 0 0 0 0 0 0 0 0 15 12 11 30 0 0 0 34 32 
0 0 5 10 0 0 0 0 0 0 0 35 26 0 0 0 0 23 20 21 0 19 17 22 0 31 0 0 30 29 0 0 11 0 16 0 
0 14 0 0 0 0 6 7 0 0 0 0 0 0 0 0 0 0 0 27 24 25 0 0 0 0 0 0 0 0 0 0 0 21 0 0 
0 4 0 6 0 0 0 0 34 0 0 0 0 0 0 20 0 0 16 0 0 15 0 0 0 27 0 0 0 0 8 9 0 0 12 10 
29 0 0 30 27 26 0 21 0 0 23 0 0 0 11 0 0 7 0 0 0 0 0 6 0 0 18 0 0 13 32 0 0 0 36 34 
0 0 0 0 0 20 14 0 0 18 17 0 0 0 0 2 0 0 0 0 0 0 0 36 0 9 0 0 8 0 0 0 0 0 30 28 
17 16 0 18 0 14 0 0 10 12 0 7 0 33 35 0 36 0 0 0 0 0 25 0 4 3 0 0 0 0 20 0 19 0 0 0 
0 0 0 36 0 0 0 0 28 30 0 0 16 0 0 0 0 0 0 0 0 9 0 0 0 21 0 23 0 19 0 3 0 0 0 0 
0 10 0 12 0 0 2 0 0 6 0 0 28 0 0 26 30 0 0 0 0 0 19 0 0 0 0 0 32 0 14 0 0 0 0 0 
0 12 0 14 11 10 0 5 0 0 0 0 30 0 0 28 0 0 0 0 0 0 0 0 36 35 2 0 34 0 16 17 15 0 20 0 
0 0 0 0 0 0 34 0 36 0 1 0 0 0 0 22 0 0 0 0 16 0 0 20 30 0 0 0 28 0 0 11 0 0 0 0 
0 36 0 0 0 0 28 0 0 0 0 27 18 0 0 0 20 0 0 13 10 0 0 14 24 0 0 25 0 0 0 0 0 7 0 0 
0 0 0 20 17 0 10 0 0 14 13 0 0 0 0 34 2 33 0 0 0 0 0 0 0 5 8 0 0 3 0 23 21 25 0 24 
0 0 0 32 29 28 0 23 0 0 0 0 12 0 0 10 0 0 0 0 4 5 0 0 0 0 20 0 0 0 0 35 0 0 0 0 
25 0 0 0 0 0 0 0 0 0 0 15 6 0 7 0 0 0 0 0 0 35 0 2 12 0 14 13 0 0 0 0 0 0 0 0 
