6
0 24 0 29 0 0 0 0 0 10 0 0 17 16 15 0 12 0 0 0 0 0 0 0 19 23 0 0 0 0 0 0 0 2 0 0 
0 0 8 0 0 0 0 0 0 28 25 26 0 0 33 0 0 31 16 0 0 0 0 0 0 5 0 0 0 0 0 23 0 0 18 0 
3 36 2 5 4 0 0 0 21 0 19 0 29 28 27 26 0 25 0 0 8 6 0 9 31 0 0 0 32 30 0 0 15 0 0 16 
0 0 14 17 0 0 0 0 33 0 0 32 0 0 3 0 36 0 22 0 20 0 0 0 7 0 9 10 0 6 0 0 27 0 0 0 
21 0 20 0 22 0 0 0 0 0 0 0 11 0 0 8 6 7 0 29 26 0 0 0 13 17 15 0 0 12 0 0 0 0 0 0 
33 0 0 35 34 0 0 0 0 16 0 0 0 0 21 0 0 19 0 5 0 0 0 0 0 29 27 0 26 24 0 0 0 0 0 10 
0 3 0 0 0 0 0 26 24 0 22 0 0 0 30 0 0 28 13 0 0 0 0 12 0 2 0 0 35 33 16 20 0 0 0 19 
0 0 0 32 31 0 0 0 0 0 10 0 0 0 0 0 0 0 1 0 0 0 0 0 0 26 0 0 23 21 0 8 0 0 0 7 
0 0 0 2 0 0 0 0 0 19 16 17 0 0 0 0 21 0 0 0 5 3 0 0 0 0 0 31 29 27 0 0 0 0 9 0 
24 21 0 0 0 0 0 0 0 7 0 5 0 0 0 0 9 0 0 32 0 0 0 0 0 0 0 0 0 15 0 2 0 35 0 0 
0 0 0 0 0 0 33 2 36 0 0 0 8 0 6 5 0 0 0 0 0 21 22 24 10 14 0 0 0 9 0 0 0 0 0 0 
12 0 0 0 0 10 27 0 30 0 0 0 0 1 0 0 0 34 0 20 0 0 0 0 0 0 6 0 0 3 0 0 24 23 0 0 
0 0 0 0 0 0 1 0 0 0 0 3 12 0 10 9 0 8 29 0 0 25 0 0 0 18 16 0 0 0 32 0 0 0 0 0 
0 0 0 0 0 8 25 30 0 0 0 0 36 0 0 0 0 0 0 0 0 0 0 0 2 6 0 0 0 0 0 0 0 0 0 0 
0 25 0 0 0 0 0 0 0 11 8 0 0 0 16 0 0 14 0 0 33 0 0 0 0 24 0 0 0 0 2 0 4 0 0 0 
0 0 0 0 0 0 0 0 0 23 0 0 0 0 0 0 0 26 0 12 0 0 0 0 0 0 0 0 33 31 0 18 0 0 0 17 
0 13 0 18 0 0 0 0 0 0 0 0 0 0 0 0 1 0 0 24 0 0 20 22 8 0 0 11 9 0 26 30 28 0 0 0 
0 0 0 36 35 0 0 0 16 0 0 0 0 0 0 0 0 20 0 0 0 0 0 4 0 0 0 0 0 0 8 12 0 9 0 11 
0 0 0 0 0 9 0 0 29 30 0 0 0 0 0 0 32 0 0 19 16 0 15 0 0 0 0 0 0 0 0 25 0 0 0 0 
0 0 34 0 0 0 0 0 17 0 0 0 0 0 0 0 20 0 0 7 4 0 0 0 0 0 0 0 28 26 0 0 0 0 0 12 
5 0 0 0 0 0 0 0 0 24 21 0 0 0 0 28 0 27 0 13 0 0 0 0 33 0 35 0 34 0 0 19 0 16 0 18 
0 26 0 0 0 27 0 0 11 12 0 0 0 0 0 0 0 15 36 0 0 0 0 0 0 0 23 0 22 0 3 0 0 4 0 0 
17 0 0 0 0 15 32 0 0 0 0 34 0 0 0 0 0 0 24 0 22 0 0 0 9 0 11 0 10 0 0 0 0 0 0 30 
0 0 0 25 0 21 0 0 0 0 3 0 13 0 0 0 8 9 0 0 28 26 27 0 15 19 17 0 0 0 0 1 35 0 0 0 
0 0 0 15 0 0 0 33 0 0 29 30 0 2 1 0 0 35 20 21 0 16 17 19 0 9 0 0 0 4 23 0 25 0 0 0 
0 0 0 0 0 0 0 15 0 0 0 0 0 0 0 0 0 17 0 3 0 34 0 1 23 27 0 0 24 22 0 0 0 0 4 0 
0 0 6 0 8 0 0 27 0 0 23 0 0 32 0 0 0 0 0 0 0 0 11 13 0 0 1 0 0 0 17 21 0 18 16 20 
0 0 0 21 20 0 34 0 0 0 35 0 0 0 7 0 0 5 0 0 0 0 0 25 0 15 0 0 12 0 29 0 0 0 28 0 
1 0 36 3 0 35 0 21 0 0 0 18 27 0 0 0 22 0 0 0 0 0 0 7 0 0 0 0 0 0 0 0 13 12 10 14 
0 0 0 27 0 0 0 0 0 0 0 0 0 0 13 0 0 11 0 0 30 0 0 0 0 0 0 20 18 0 35 0 1 0 0 2 
2 0 0 4 3 0 0 0 20 0 0 19 0 27 0 0 0 24 9 0 7 0 6 0 30 34 0 33 0 0 12 0 0 0 0 0 
0 0 7 10 0 6 0 28 26 0 0 0 34 33 0 0 0 30 0 0 0 0 0 0 36 0 0 3 0 0 0 22 0 0 17 0 
0 29 0 0 33 0 0 16 0 0 12 13 22 0 0 0 0 0 0 0 0 0 0 0 24 0 26 27 0 0 0 10 0 0 5 9 
20 0 19 0 21 0 0 0 2 3 0 1 10 0 0 0 0 0 27 0 0 0 0 0 0 16 0 15 0 0 0 34 32 31 29 0 
0 0 0 0 15 12 29 0 0 33 30 0 0 0 0 0 0 36 0 0 0 17 18 0 0 0 0 0 0 0 0 0 26 0 0 27 
26 0 0 0 0 0 0 0 8 9 6 7 16 15 0 0 0 12 0 0 0 29 30 0 18 22 0 0 19 0 36 0 2 1 0 3 
