6
35 0 0 0 4 0 0 0 0 0 0 0 0 0 0 0 25 26 19 17 0 0 0 21 33 34 32 0 0 0 11 0 0 0 0 15 
0 26 0 27 0 0 0 34 0 32 0 0 0 16 0 12 0 0 0 0 10 6 0 9 21 0 0 18 0 17 0 0 0 36 0 0 
29 32 30 0 34 0 35 0 0 0 0 0 0 22 0 0 0 0 0 0 0 0 0 0 0 28 0 0 25 0 5 10 0 6 0 0 
0 0 18 0 0 19 0 0 24 0 0 0 9 0 0 6 0 0 0 0 4 0 2 0 0 0 14 12 0 0 0 0 31 30 0 0 
0 8 6 9 0 0 11 0 12 14 0 0 33 0 0 0 0 0 0 23 28 0 0 27 0 4 0 0 1 35 0 0 19 0 20 0 
0 0 12 0 0 0 0 0 18 20 21 0 0 0 0 0 0 2 0 0 0 30 0 0 9 10 0 0 0 0 0 28 0 24 0 27 
0 9 7 0 11 0 0 0 0 15 0 0 0 35 0 0 0 0 0 0 29 0 0 28 4 0 0 1 0 0 18 23 0 19 0 0 
0 0 0 0 0 0 30 0 31 0 0 0 16 0 0 0 0 0 8 0 11 0 0 0 22 0 0 0 20 0 0 5 0 0 3 0 
0 15 13 0 17 0 18 23 0 0 0 0 4 0 0 0 0 3 32 0 0 0 33 0 10 11 9 0 0 6 24 29 0 0 0 0 
0 0 19 0 0 0 0 29 0 0 0 26 0 0 0 0 0 0 2 36 0 0 0 0 16 0 0 0 14 0 30 0 0 0 0 0 
36 0 1 4 5 2 6 0 0 0 10 8 28 29 0 0 0 0 0 0 0 19 21 0 34 35 0 0 0 30 0 0 0 13 0 16 
0 0 31 0 35 0 0 5 1 0 4 2 22 0 0 0 0 0 0 0 0 0 0 16 28 0 27 0 26 0 0 11 0 0 0 10 
31 0 0 35 0 0 0 0 0 0 5 0 23 24 19 0 0 0 0 0 0 0 0 0 29 0 28 0 0 0 0 12 0 0 0 0 
0 0 26 0 0 0 0 0 0 0 0 0 0 0 0 0 0 0 0 0 12 0 0 11 0 24 0 20 0 0 0 0 0 2 0 5 
0 4 0 5 6 0 7 0 0 10 0 0 29 0 25 0 0 0 0 0 0 0 0 23 0 0 34 32 0 0 0 18 0 0 16 17 
7 10 8 11 12 0 0 0 14 0 17 0 0 0 0 32 33 0 0 0 0 0 28 0 0 6 4 2 0 0 0 24 0 0 0 23 
0 0 20 0 0 21 0 0 0 28 0 27 0 0 0 0 0 10 3 0 0 0 0 0 0 18 16 14 15 0 0 0 0 0 0 35 
0 0 0 0 0 0 0 0 0 22 0 0 0 6 0 0 0 0 0 0 0 0 0 35 0 0 0 0 0 0 0 30 0 26 0 29 
0 0 28 0 0 0 0 2 0 36 1 0 0 0 0 0 17 0 0 9 0 0 12 0 0 26 0 22 0 21 0 8 5 4 0 0 
3 0 0 7 0 0 9 0 0 12 0 11 0 0 0 0 0 0 23 0 0 22 24 0 0 0 36 34 35 0 0 0 17 0 0 0 
0 0 0 0 20 17 0 0 0 24 0 0 0 0 0 0 0 0 0 33 0 34 0 1 0 14 0 0 11 0 0 32 0 0 0 0 
9 12 0 0 0 0 0 20 0 0 0 17 0 0 0 0 0 0 0 27 0 28 0 0 0 0 0 4 5 0 21 0 23 0 0 0 
0 0 0 0 0 23 0 0 0 0 31 0 13 0 0 0 11 0 0 0 8 0 0 0 19 0 0 0 0 0 0 2 35 0 36 0 
0 0 0 0 0 35 0 0 0 0 0 0 0 0 0 0 0 0 17 0 20 0 18 0 0 0 30 0 0 0 9 0 0 0 0 13 
0 0 0 0 0 24 0 0 0 0 0 0 0 15 0 0 0 0 6 0 0 5 0 0 20 0 0 17 18 0 0 0 0 35 0 0 
0 31 0 32 0 0 0 0 0 0 0 0 0 0 0 17 18 19 0 0 0 0 0 0 0 27 25 0 0 0 0 0 0 0 0 0 
0 7 0 0 0 0 10 0 0 0 0 0 0 33 28 29 0 0 24 0 0 23 25 0 0 0 1 0 0 0 16 0 0 17 19 0 
0 0 0 0 0 0 0 0 0 0 0 6 0 0 0 0 0 25 18 0 0 0 0 0 0 0 31 0 0 0 0 15 0 0 0 0 
0 13 0 0 0 0 0 0 0 0 0 0 0 0 0 0 36 1 30 0 0 0 0 32 8 0 0 0 6 4 0 27 0 23 0 26 
0 0 0 0 21 0 0 27 0 0 0 0 8 0 0 0 0 0 0 34 3 0 0 0 0 15 0 0 0 0 0 0 0 0 31 0 
0 0 0 0 13 10 0 0 15 17 18 0 0 0 0 0 0 0 28 0 0 27 0 0 6 0 0 0 0 0 0 0 0 0 23 0 
0 0 21 0 0 22 0 0 0 0 0 0 0 0 0 0 0 0 4 2 0 0 0 6 0 19 0 15 16 0 32 1 0 0 35 0 
0 17 0 18 0 0 0 0 0 0 0 0 0 0 2 3 0 0 34 32 0 33 0 0 0 13 11 9 0 0 0 0 0 27 29 0 
0 0 0 30 0 0 32 1 33 0 36 0 0 0 0 0 0 0 0 0 0 9 0 12 24 0 0 21 22 0 0 0 0 3 5 6 
0 0 3 0 7 4 0 0 9 0 0 10 30 0 26 0 0 0 0 20 25 0 0 0 0 1 0 0 0 0 14 0 0 0 17 18 
32 0 0 0 0 0 0 0 0 0 0 4 0 25 0 0 22 0 16 14 0 0 0 0 0 31 29 0 0 0 8 0 0 9 0 0 
