6
0 1 0 0 0 0 21 0 0 24 0 0 0 0 0 0 0 0 29 0 26 0 0 0 0 0 35 0 0 0 0 0 16 15 0 0 
35 31 0 34 0 36 0 14 0 0 0 0 0 0 0 0 0 0 0 0 20 0 0 0 25 0 0 28 0 0 0 0 0 9 12 0 
0 19 21 0 0 0 0 2 0 0 0 0 0 27 26 0 30 0 11 0 0 0 0 9 13 0 17 0 0 0 0 32 0 0 0 0 
0 0 9 0 8 12 0 0 25 0 0 0 16 0 0 0 0 0 0 0 0 0 0 0 0 0 0 4 0 0 0 0 0 0 0 0 
0 13 0 16 0 0 0 0 31 0 0 0 0 0 20 0 0 19 0 0 2 6 0 0 0 0 0 0 0 0 25 0 0 0 0 0 
29 0 0 0 26 30 0 0 7 0 0 0 0 0 0 0 0 0 17 16 14 18 0 0 0 24 0 0 20 0 0 0 4 0 0 0 
0 0 0 23 0 25 0 3 0 7 0 5 0 0 0 0 0 26 0 0 0 0 0 0 14 19 0 0 0 16 0 33 0 34 0 0 
0 0 0 0 3 0 0 0 0 0 24 0 0 0 0 0 0 0 30 29 0 0 0 0 32 0 0 0 0 0 0 0 0 0 0 0 
0 8 0 0 9 0 0 0 0 0 30 0 0 0 0 18 19 0 0 0 0 0 0 34 0 0 6 0 0 0 0 21 0 0 0 0 
0 0 0 35 33 0 0 0 0 0 0 0 0 0 0 0 0 0 0 0 0 0 0 0 0 0 0 0 0 28 0 0 0 0 0 12 
0 14 0 0 0 0 0 0 32 0 36 0 23 0 21 0 0 0 0 0 0 0 0 4 0 0 0 0 0 0 0 27 0 28 31 0 
0 0 0 0 0 0 0 9 0 0 0 11 0 0 0 0 1 0 18 0 15 0 0 0 0 0 0 0 0 0 0 0 0 4 0 0 
0 12 0 15 0 0 0 0 0 35 34 0 0 0 0 0 0 0 4 0 0 0 0 0 6 11 0 9 0 0 0 0 0 0 0 0 
4 0 0 0 0 0 0 0 0 23 0 0 0 0 7 0 0 0 0 0 0 0 0 0 0 0 0 0 0 0 0 0 0 0 0 0 
22 0 0 0 19 23 0 0 0 0 0 0 0 0 0 28 0 0 0 0 0 11 0 0 0 0 0 0 0 0 0 0 0 0 35 34 
28 0 26 27 0 29 0 0 6 11 0 0 0 0 0 0 0 30 16 0 0 0 0 0 0 0 0 21 0 0 0 0 0 0 0 0 
0 0 0 0 0 0 0 0 0 0 0 0 0 0 0 0 17 0 0 33 0 35 30 0 36 0 0 0 0 2 0 0 0 20 0 0 
0 0 0 0 31 35 0 0 0 0 0 0 0 0 0 0 0 0 0 0 0 0 18 0 0 0 0 0 0 0 0 0 0 0 0 10 
0 0 0 0 0 0 0 0 0 0 8 0 0 0 0 32 0 0 0 0 11 0 0 0 0 0 20 19 0 0 34 0 0 0 0 0 
0 0 0 0 0 0 0 0 0 0 0 0 0 0 0 0 0 0 0 0 0 33 0 0 34 3 2 0 35 0 0 0 0 0 0 0 
0 0 0 31 29 0 12 0 10 0 0 13 1 0 0 0 0 34 20 0 0 0 0 0 0 0 0 0 0 24 0 0 0 0 0 8 
2 0 0 1 35 3 0 17 0 0 0 0 7 0 0 0 0 4 0 0 0 0 0 0 0 0 0 0 0 0 0 0 0 0 0 14 
0 0 0 0 0 0 30 29 0 33 0 0 0 18 17 0 0 0 0 0 0 0 0 36 0 9 0 0 0 0 0 0 0 0 0 26 
0 16 18 0 0 0 36 0 0 0 0 0 25 0 0 0 0 0 0 7 5 0 0 0 0 0 0 0 11 0 28 0 0 0 0 0 
0 0 0 0 0 0 0 0 0 0 1 0 0 0 0 0 0 0 0 6 0 0 0 0 0 0 0 12 0 0 0 28 0 0 0 0 
0 33 0 0 0 2 0 0 0 20 19 0 0 5 0 0 0 0 0 0 0 26 0 0 0 0 0 0 0 0 0 0 12 0 0 0 
25 0 0 24 0 0 0 0 0 0 0 0 0 29 28 0 0 0 0 0 0 0 0 0 0 0 0 0 0 0 0 0 0 35 0 0 
0 0 11 0 10 0 0 0 0 32 0 0 18 0 0 0 0 0 0 0 34 0 33 0 0 0 7 0 0 0 0 0 0 0 0 25 
0 0 0 0 0 0 0 0 0 0 0 0 12 0 0 13 0 0 0 0 0 0 27 0 33 0 0 0 0 0 0 16 0 0 0 0 
0 0 0 0 0 32 0 0 0 0 0 0 0 0 34 1 0 0 19 0 0 0 0 0 0 26 25 24 0 0 0 0 0 0 0 0 
0 0 0 32 0 0 13 0 0 16 15 0 0 0 0 0 0 0 0 20 0 0 0 0 0 0 27 0 0 0 5 0 0 7 0 0 
0 0 0 26 24 0 0 6 0 0 0 0 0 0 0 0 34 29 0 0 12 0 0 0 0 0 0 0 0 0 0 0 0 0 0 0 
0 35 1 0 0 4 19 0 17 0 0 0 0 0 6 9 0 5 0 0 24 28 0 0 0 0 0 32 0 0 11 0 14 0 0 15 
0 0 19 20 18 22 1 0 0 0 3 0 26 0 0 0 0 0 0 0 0 0 0 0 11 0 0 0 0 0 0 0 0 0 0 0 
0 0 0 8 6 0 0 0 23 0 0 0 0 0 0 0 0 11 0 32 0 0 0 31 35 0 0 0 0 0 17 0 0 19 0 0 
0 0 13 0 0 0 0 0 0 0 33 0 0 19 0 0 0 0 0 2 36 0 35 0 0 0 0 0 0 0 0 0 0 0 0 0 
