6
0 12 0 0 0 0 0 0 0 0 24 0 0 0 0 0 0 2 0 0 0 0 0 0 0 0 0 0 27 0 32 0 0 34 0 0 
0 0 0 0 25 0 0 0 0 0 0 0 0 0 0 17 0 14 28 0 0 0 0 0 0 0 0 0 3 0 0 0 0 0 0 0 
0 18 0 0 19 14 0 0 0 0 30 0 0 0 0 11 0 0 0 0 0 0 24 0 0 0 0 0 0 0 0 0 0 0 0 0 
29 30 0 0 0 26 0 0 0 4 0 0 0 0 0 0 0 0 0 0 0 0 0 0 0 0 0 0 0 0 0 0 18 0 0 0 
0 0 0 0 0 2 0 0 0 0 0 0 0 0 0 0 0 0 0 0 0 0 0 0 0 0 23 0 21 0 0 0 30 0 0 0 
0 0 34 0 0 0 8 0 0 0 12 0 0 0 0 0 0 0 4 0 0 0 0 0 0 0 0 0 0 0 0 0 0 22 0 23 
0 0 0 0 0 0 0 0 0 0 0 0 0 7 0 0 0 0 0 0 0 0 0 0 0 0 33 0 0 0 0 0 0 0 1 0 
21 22 0 0 0 0 0 0 0 0 34 0 0 13 0 0 0 0 0 0 0 29 0 24 0 0 0 0 0 0 0 0 0 0 0 0 
0 0 0 31 0 30 0 0 0 0 0 7 29 0 26 27 0 0 0 1 0 0 0 0 0 0 0 0 0 0 0 23 22 20 0 0 
9 0 0 0 0 0 0 0 21 0 0 19 0 0 0 0 0 0 0 0 15 0 16 12 24 0 0 0 0 0 0 0 0 0 31 33 
3 0 0 0 0 0 0 0 0 0 0 13 0 31 32 0 0 0 8 0 0 11 0 0 0 0 0 0 0 0 0 0 0 0 0 27 
0 28 0 25 0 0 0 0 3 0 4 0 0 19 0 0 0 0 0 0 0 0 0 30 0 0 0 0 0 0 0 0 0 0 13 0 
0 0 0 12 0 11 0 0 26 0 0 0 0 6 0 0 9 0 0 18 0 22 0 17 0 0 0 0 0 0 0 4 0 0 0 0 
0 0 0 0 0 0 0 0 0 0 0 0 0 0 0 0 0 11 0 0 0 0 0 0 0 4 2 0 0 0 0 0 9 0 0 0 
8 9 0 0 0 0 17 0 0 0 0 0 0 0 0 0 0 0 0 0 14 0 0 0 23 0 0 0 0 0 29 0 0 31 30 0 
26 0 0 0 0 0 0 0 2 0 0 0 0 18 0 0 0 0 31 30 0 0 0 0 0 0 0 0 6 0 0 0 0 0 0 0 
2 0 0 0 0 0 0 0 0 0 0 0 0 30 0 32 0 0 0 0 0 0 0 0 0 22 0 0 0 0 0 0 0 0 0 0 
0 0 31 0 34 0 0 0 0 7 0 0 28 0 0 0 0 0 1 0 0 0 0 0 0 0 0 0 0 0 0 0 0 0 0 20 
1 0 36 0 0 0 0 0 0 0 14 0 33 0 0 31 0 0 0 0 0 9 0 0 0 0 0 0 0 0 0 27 0 0 0 0 
0 0 18 17 0 0 0 0 0 30 0 0 0 0 0 0 0 0 0 0 0 0 0 22 0 3 0 0 35 0 0 0 0 6 0 0 
13 0 0 0 0 0 0 0 0 24 26 0 0 0 0 0 0 0 0 0 0 0 20 0 0 0 0 0 0 0 0 0 0 0 0 0 
25 0 0 0 0 0 0 3 0 0 0 35 0 17 0 0 0 0 0 29 31 0 0 28 0 0 7 0 5 0 0 0 0 0 0 0 
0 0 0 0 0 4 0 0 0 0 0 0 0 0 0 0 0 0 0 0 13 0 14 10 0 0 0 0 0 0 0 0 32 0 0 0 
0 0 0 0 0 0 4 0 0 0 0 5 0 0 0 25 0 0 0 0 0 3 0 0 0 0 0 0 0 0 0 0 0 0 0 0 
0 0 0 0 24 0 0 0 0 0 0 0 0 0 0 0 0 0 0 0 28 30 0 0 0 0 0 0 0 0 7 0 0 0 0 0 
0 0 0 0 12 0 0 0 0 21 0 20 0 0 0 0 0 0 0 0 16 18 0 13 0 30 0 29 0 0 0 36 35 33 0 34 
0 0 0 0 0 0 0 0 0 0 0 0 24 0 0 0 0 0 0 0 34 36 0 0 0 12 0 0 8 0 13 0 0 0 0 16 
0 35 0 0 0 0 0 0 0 0 0 0 0 0 0 28 0 0 0 0 0 6 5 1 0 18 0 0 0 0 0 24 0 0 20 0 
0 0 0 14 0 0 25 30 28 27 0 0 0 8 0 0 0 0 0 0 0 24 0 0 0 0 0 0 0 0 0 6 0 0 0 0 
0 0 0 0 6 0 0 18 16 15 0 0 0 0 0 0 35 0 0 8 0 0 0 0 0 0 0 0 20 21 25 0 0 0 0 0 
0 0 0 0 0 0 0 0 0 35 0 0 0 0 0 0 0 0 0 28 0 32 31 0 3 0 0 0 0 0 0 0 0 0 0 12 
0 0 17 0 0 0 27 32 0 0 0 0 14 0 0 0 0 0 0 22 0 26 0 0 33 0 36 0 0 0 0 8 7 0 0 0 
30 0 0 0 0 27 0 8 0 0 0 0 0 0 0 0 25 0 0 34 0 0 0 0 9 0 12 0 0 0 0 0 0 17 0 0 
0 0 0 0 0 33 9 0 0 0 0 0 0 0 0 30 31 0 0 4 6 0 7 3 0 0 18 0 0 0 0 0 25 0 0 24 
6 0 0 0 8 0 15 0 0 0 19 0 0 0 0 0 1 33 0 10 0 0 0 0 0 0 0 0 0 23 0 0 31 0 0 30 
0 0 11 0 0 0 0 0 0 0 25 0 8 0 0 0 0 0 0 0 0 0 0 0 0 0 0 0 0 0 33 2 0 35 0 36 
