6
0 0 0 0 33 30 0 0 0 0 0 0 0 0 0 0 0 25 0 6 0 5 0 0 0 0 0 0 17 0 0 0 0 16 0 0 
0 0 0 0 0 24 30 0 0 0 0 0 20 0 0 0 0 19 0 0 0 0 0 0 0 0 16 0 0 0 0 0 0 0 0 0 
0 0 0 0 0 6 0 0 16 0 0 13 0 3 0 35 4 0 22 0 0 0 19 0 0 0 34 0 0 0 0 0 0 0 0 0 
0 20 0 0 0 0 0 0 0 0 0 0 0 0 0 0 0 0 0 0 0 0 0 0 0 0 10 0 0 6 0 3 0 0 0 0 
0 0 0 4 0 36 0 0 0 5 0 7 32 33 30 0 0 0 16 0 0 0 0 0 0 0 0 0 0 0 0 0 0 22 19 0 
0 0 0 0 0 12 0 0 0 0 0 0 8 0 0 0 0 0 0 0 0 0 25 0 2 3 4 0 0 0 0 0 0 0 0 30 
0 33 0 35 0 0 0 3 0 0 0 0 0 0 0 0 0 0 0 0 0 0 0 9 0 0 0 0 0 0 15 16 0 0 0 0 
0 0 0 0 0 0 0 33 0 0 0 0 0 0 0 18 0 20 0 1 0 0 2 3 0 16 0 0 0 13 0 0 6 11 8 0 
0 0 0 0 0 0 25 0 0 0 0 0 0 0 0 12 0 0 0 0 0 0 32 33 9 0 0 0 0 7 3 0 0 0 2 0 
0 0 0 0 4 0 0 0 0 0 0 0 0 0 0 0 0 32 0 13 16 0 14 0 0 0 0 0 0 0 0 0 0 23 0 19 
0 0 6 11 0 0 0 0 0 0 0 0 3 4 0 0 0 0 0 0 0 0 0 0 33 0 0 0 30 31 0 0 0 0 0 0 
0 0 0 0 0 0 0 21 0 0 0 0 9 0 0 0 0 0 0 0 0 0 26 0 0 0 0 0 0 0 33 0 30 0 0 0 
0 0 0 0 0 0 0 0 0 0 26 0 13 14 0 10 0 0 0 29 0 28 30 0 0 0 0 0 4 0 1 0 34 0 0 0 
30 0 0 0 32 29 35 0 0 34 0 0 0 0 23 0 0 0 0 5 0 0 0 0 0 0 0 0 0 17 0 0 0 0 0 0 
0 25 0 27 26 0 0 0 0 0 0 30 19 0 17 0 0 0 0 0 0 0 0 0 0 14 0 0 0 0 0 0 0 9 6 0 
0 0 0 0 0 0 0 0 0 0 0 0 0 0 0 0 0 0 15 11 14 0 0 0 0 0 0 0 22 0 0 0 0 0 0 0 
0 0 0 15 0 0 0 0 21 0 0 18 0 0 0 0 0 0 0 0 0 0 24 0 0 0 0 0 0 0 31 32 0 33 0 0 
6 0 0 0 0 0 0 0 0 0 0 0 1 0 0 0 0 0 0 0 0 0 0 0 31 32 0 0 0 0 25 0 0 27 0 0 
0 0 3 8 7 0 10 0 14 0 0 0 0 0 34 0 2 0 0 0 0 0 0 0 0 31 0 0 0 0 0 0 0 0 0 0 
17 0 0 0 0 0 0 24 0 0 0 0 12 0 10 0 0 0 32 28 0 27 0 30 0 0 0 0 0 0 0 0 33 0 0 0 
0 0 0 0 0 0 0 30 0 27 31 0 0 0 16 0 0 17 0 0 1 0 0 0 0 0 0 0 0 0 0 7 0 0 0 0 
0 0 0 0 31 28 34 0 2 0 0 0 0 0 0 0 26 0 0 0 0 0 5 6 0 0 0 0 15 0 0 0 9 0 0 0 
0 0 9 0 0 0 16 0 0 0 0 17 6 0 0 3 0 0 0 0 25 0 0 24 36 0 0 0 33 34 0 0 0 0 0 0 
0 0 33 0 1 0 0 0 0 0 0 0 0 0 0 0 0 0 0 0 13 0 0 0 0 0 0 0 0 0 0 0 15 0 0 0 
27 0 0 30 0 0 0 0 0 0 0 33 22 0 0 0 0 21 0 0 5 0 0 0 0 0 0 0 0 0 10 0 0 0 0 8 
33 0 0 0 0 0 0 0 0 1 0 0 28 29 0 0 0 0 12 8 0 0 0 0 0 0 0 0 0 0 0 17 13 0 0 0 
0 0 0 0 11 8 0 16 0 0 0 0 0 0 2 0 0 0 0 20 0 0 0 0 0 0 0 0 0 0 28 0 0 0 0 0 
21 22 0 0 23 0 0 0 0 0 29 0 0 17 0 0 0 0 0 0 0 31 33 0 10 0 0 0 7 0 4 5 0 0 0 0 
0 0 0 0 0 0 8 0 0 0 0 0 0 35 0 0 36 0 0 0 0 0 0 0 0 29 0 0 0 0 0 0 0 0 0 0 
0 0 0 0 0 0 0 0 0 19 0 0 0 11 0 0 12 9 0 0 0 25 0 0 4 0 0 0 0 0 0 0 0 0 0 0 
0 0 0 7 0 0 0 0 0 0 0 0 0 0 0 32 1 34 0 15 0 0 0 0 29 0 31 0 0 27 0 0 20 0 0 0 
28 29 0 0 30 27 33 0 1 0 0 0 0 0 0 20 0 0 0 0 0 0 0 0 0 18 0 0 0 15 0 0 0 0 10 0 
0 0 20 0 0 0 0 0 0 0 0 0 0 18 15 0 0 0 0 0 0 32 34 0 11 0 0 0 0 0 5 6 0 7 4 0 
0 0 0 1 0 0 3 0 7 2 0 0 0 30 0 0 0 0 0 0 0 0 0 0 0 0 0 22 0 0 0 0 0 0 0 0 
0 11 0 0 0 0 0 0 0 0 0 16 0 0 0 0 7 4 0 0 0 0 0 0 0 0 1 34 0 0 29 0 0 0 0 0 
0 17 0 0 0 0 0 0 0 0 0 22 0 12 0 0 0 0 0 27 0 0 0 0 5 0 0 0 0 0 0 0 0 0 0 0 
