6
8 7 0 0 0 0 0 0 0 0 21 0 0 0 0 0 0 0 0 0 0 0 0 0 0 28 25 0 24 0 15 0 0 0 0 0 
2 0 0 0 0 0 13 0 0 0 15 0 32 0 0 33 0 0 24 0 0 0 0 0 0 0 0 0 0 0 0 0 0 0 0 0 
26 0 0 0 0 0 0 2 0 0 0 4 0 23 0 0 0 0 0 0 0 0 0 13 0 0 0 0 0 9 0 0 0 0 0 0 
0 0 21 0 18 22 31 0 0 0 0 0 0 0 0 0 0 0 0 0 8 10 0 0 0 4 1 0 0 0 0 0 0 0 0 0 
0 13 0 0 0 0 0 0 0 0 0 28 0 0 0 0 7 0 0 0 0 0 5 0 0 0 0 0 0 0 21 0 0 0 0 0 
0 0 0 0 30 0 7 0 0 0 0 0 0 0 24 0 0 0 0 21 0 0 0 0 14 0 0 17 0 0 0 0 36 0 0 0 
0 28 0 0 0 0 0 5 0 0 6 0 0 0 0 0 0 0 0 0 0 0 20 0 0 13 0 0 9 12 0 1 0 0 0 0 
0 34 0 0 0 1 0 11 9 14 0 0 0 0 0 0 0 31 0 0 0 0 0 0 17 19 0 20 0 0 0 7 0 0 0 5 
11 10 0 0 0 0 0 23 0 0 0 25 0 0 0 0 0 7 33 0 0 0 0 0 0 0 0 0 0 0 0 0 0 0 0 0 
23 0 0 0 0 0 0 35 0 0 0 0 0 0 0 18 0 0 0 0 11 0 0 10 0 0 0 0 0 0 0 0 0 32 0 0 
0 0 0 0 3 0 0 0 0 0 0 0 0 2 0 0 0 0 0 0 29 31 32 0 0 0 0 0 0 0 0 13 0 14 0 0 
0 16 0 0 0 0 0 0 0 32 0 0 0 0 0 0 0 0 3 0 0 0 8 4 0 0 0 0 0 36 0 0 0 0 0 0 
0 0 0 10 5 0 0 19 0 0 0 0 0 0 0 0 0 0 0 0 31 0 0 0 0 0 0 0 0 0 14 0 11 16 0 0 
0 30 32 34 0 0 6 7 0 0 0 0 25 0 0 0 0 0 0 0 0 0 22 18 0 0 0 0 0 0 2 0 0 0 36 0 
0 0 0 0 0 0 0 0 0 0 2 0 19 0 0 0 0 0 0 0 0 0 0 0 7 0 0 0 0 0 0 0 29 34 0 0 
1 0 0 4 0 0 0 0 0 16 14 0 0 0 0 32 0 33 0 0 0 27 0 0 0 0 18 0 0 20 8 0 0 0 0 7 
0 0 14 0 0 0 0 25 23 0 0 0 0 10 0 0 6 0 0 0 1 0 0 0 31 0 0 34 29 0 20 21 0 0 0 0 
0 0 0 22 17 0 0 0 0 0 0 33 0 0 0 0 0 0 0 0 0 9 0 0 0 0 0 0 35 0 26 0 0 0 0 0 
0 0 28 0 0 0 0 0 1 0 0 0 21 0 19 0 0 0 0 0 0 0 0 0 0 0 8 0 0 0 0 35 0 0 0 0 
0 0 0 0 0 0 0 0 0 0 0 0 0 0 7 0 0 0 1 4 0 5 0 0 33 0 0 0 31 0 0 0 0 0 20 0 
21 0 0 0 0 0 0 0 0 0 0 0 0 0 0 0 0 17 7 0 0 0 12 0 0 5 0 0 0 0 28 29 0 30 26 0 
0 0 0 0 0 0 0 0 0 0 0 0 0 0 31 34 0 0 0 28 0 0 0 0 21 0 0 0 0 0 0 11 0 0 8 0 
0 0 34 0 31 0 0 0 0 0 0 0 0 0 25 0 0 29 0 22 0 23 24 0 0 0 0 0 0 16 0 0 1 0 0 0 
0 0 0 12 0 11 0 21 0 0 22 0 0 0 0 0 2 0 0 34 0 0 0 0 0 0 0 0 0 0 0 0 0 0 14 0 
0 0 0 0 28 0 0 0 0 0 7 0 0 0 0 0 0 0 0 0 0 0 0 0 0 0 0 0 10 13 0 0 34 3 0 0 
0 0 0 0 16 0 0 30 0 0 31 0 0 15 0 13 0 0 0 0 0 8 0 0 0 0 35 0 0 0 25 0 0 0 0 0 
0 0 0 0 22 0 35 0 0 0 1 2 0 0 0 0 0 20 0 0 0 0 0 0 6 0 0 0 0 0 0 0 28 0 0 0 
36 35 0 0 0 2 0 0 0 0 0 0 0 0 0 0 0 0 0 25 24 0 0 0 0 20 0 21 0 19 0 0 0 0 0 0 
0 0 0 0 0 8 0 0 0 21 0 20 36 0 0 0 35 0 0 0 0 0 0 29 24 0 0 27 0 0 13 14 0 0 0 0 
0 0 0 0 0 0 0 0 22 0 0 0 0 0 0 0 0 0 0 0 36 0 0 0 0 0 29 0 28 0 0 20 16 0 0 0 
0 0 0 0 0 6 15 0 14 0 0 0 0 0 32 0 33 0 0 0 28 0 31 0 0 0 0 0 0 0 0 0 0 0 0 0 
0 0 0 0 0 0 0 0 0 0 0 6 22 0 0 0 21 0 0 0 0 0 0 15 10 12 0 0 0 0 0 36 0 0 0 0 
34 0 0 0 0 0 9 0 8 0 0 0 0 0 0 0 27 0 0 0 22 24 0 21 0 0 0 0 0 0 0 0 0 7 0 0 
10 0 0 0 0 0 0 0 0 0 0 0 4 0 0 0 0 0 0 0 0 0 0 0 0 0 0 0 0 0 17 0 0 0 0 16 
0 0 0 0 14 0 0 0 0 0 0 0 0 13 0 0 0 0 0 0 0 0 0 0 0 0 33 0 0 0 0 0 0 0 0 0 
22 21 0 25 0 0 0 0 0 0 0 0 0 0 0 0 15 18 0 0 0 12 0 0 0 0 0 0 0 0 0 30 0 0 0 28 
