6
35 0 0 0 0 0 7 0 0 0 0 0 0 0 0 0 0 36 0 17 0 0 14 0 20 0 0 0 0 21 0 0 26 0 0 0 
0 0 0 0 0 0 0 18 21 0 0 0 0 0 16 0 0 12 0 29 25 0 0 0 32 0 0 0 0 0 0 0 2 0 0 0 
0 16 0 0 0 0 0 24 0 28 0 0 0 20 0 0 0 0 0 0 0 0 32 0 0 4 36 0 5 3 11 10 0 0 0 0 
29 0 0 0 0 0 0 0 0 4 0 0 0 0 0 0 33 30 0 11 0 0 0 0 14 0 0 0 0 0 0 22 0 0 21 0 
0 0 0 0 19 0 0 30 0 0 35 0 0 0 28 0 0 0 0 0 0 0 2 0 0 0 6 0 11 0 0 16 0 0 0 0 
0 0 2 0 0 3 0 0 0 0 0 0 0 8 0 11 0 0 0 0 0 0 0 0 26 0 0 0 0 0 0 34 0 31 0 0 
0 21 0 17 0 0 0 0 0 0 0 0 0 0 27 28 0 0 0 0 36 0 0 0 0 9 0 0 0 0 16 0 0 12 14 0 
28 0 0 0 0 0 0 0 0 3 0 0 0 31 0 34 32 0 0 10 6 8 0 0 13 0 11 12 0 14 0 0 0 18 0 0 
0 9 0 0 0 8 0 0 0 0 0 0 0 0 0 0 0 0 0 0 0 0 0 0 31 33 0 0 0 0 0 0 1 0 0 0 
0 15 0 0 12 0 0 0 26 0 0 0 0 0 0 0 0 0 0 34 0 0 0 0 0 3 35 36 4 0 0 0 0 0 0 0 
0 33 0 0 30 0 0 5 8 0 0 0 36 0 3 0 0 35 15 0 12 0 0 0 19 0 0 0 0 20 0 0 0 24 0 0 
0 0 1 0 0 0 0 0 14 0 0 0 0 0 0 0 0 0 21 22 0 20 0 0 0 0 0 0 28 0 0 0 31 0 32 0 
0 0 0 26 0 0 0 2 0 0 0 0 0 0 0 0 0 0 12 0 0 0 0 0 0 0 0 15 0 0 25 0 0 0 23 20 
0 0 0 0 0 0 0 0 0 0 0 0 0 0 12 0 0 0 0 0 0 0 22 0 0 30 0 0 31 0 0 0 0 0 0 0 
0 18 0 0 15 17 27 26 0 0 31 0 0 22 0 0 0 0 0 0 0 35 0 32 0 0 0 0 0 5 0 0 0 0 0 8 
0 0 0 0 0 0 0 20 0 0 0 0 0 16 0 0 0 0 0 0 27 29 28 26 0 0 0 0 1 0 0 6 0 0 0 0 
0 0 0 0 0 0 33 0 35 0 0 0 27 0 0 31 0 0 0 0 0 0 0 0 0 0 8 0 0 0 0 0 16 0 0 0 
0 0 0 0 0 0 9 0 0 0 0 0 0 4 0 0 0 0 0 0 15 0 0 0 0 24 20 0 25 23 0 0 28 0 0 0 
0 0 0 25 0 28 0 0 0 0 0 3 0 0 0 36 0 31 0 0 8 10 0 7 0 17 0 0 18 0 0 0 0 0 0 0 
0 0 0 1 0 0 0 0 0 0 0 0 0 0 0 12 10 7 0 0 20 0 0 0 0 0 0 0 30 28 36 35 33 32 34 0 
36 0 0 0 32 0 0 7 0 0 0 0 0 0 0 0 0 0 17 0 0 0 0 0 0 0 19 20 0 0 30 0 0 0 0 0 
0 0 0 0 0 0 32 0 0 35 0 0 0 0 0 0 0 25 5 6 0 0 0 0 0 0 7 0 0 0 0 17 0 0 16 0 
0 0 0 0 0 0 0 25 28 0 0 0 0 0 23 0 0 0 35 0 0 0 33 0 0 0 0 0 0 0 0 11 0 8 0 0 
12 0 0 0 8 0 0 0 0 23 0 0 0 0 0 0 0 0 0 30 0 0 0 25 0 0 0 32 36 0 0 0 0 0 4 0 
0 0 0 0 0 7 0 0 19 0 0 0 11 12 0 0 13 0 0 0 0 0 0 0 0 0 0 29 0 0 3 0 0 0 0 0 
0 0 0 0 0 0 5 4 0 8 0 0 0 0 2 0 0 0 0 0 11 0 0 10 0 0 0 0 0 0 27 0 0 0 0 0 
0 0 0 0 0 0 11 0 0 14 15 0 0 0 0 0 0 0 0 0 17 19 18 16 0 0 0 0 0 0 0 32 0 29 31 0 
15 0 0 10 0 0 23 0 0 0 0 24 0 18 0 21 0 0 32 0 0 0 0 0 0 0 0 35 0 1 0 8 0 0 0 0 
0 26 24 22 0 0 0 0 0 0 0 0 0 0 0 33 0 0 0 0 0 0 0 0 12 0 0 11 15 0 0 20 0 0 0 0 
0 0 0 0 0 0 0 0 31 0 0 0 0 0 0 0 0 0 0 0 0 1 0 0 0 0 0 0 0 7 0 0 0 0 0 0 
0 0 0 0 22 0 0 0 36 0 2 35 28 0 0 0 0 0 0 0 0 0 0 0 0 0 9 0 0 12 0 19 0 0 0 15 
0 0 0 9 0 0 0 21 0 0 0 0 0 0 0 0 0 0 0 0 0 0 0 27 0 0 0 0 2 0 8 7 0 0 0 3 
0 0 0 33 34 0 0 0 0 13 0 0 0 0 7 0 0 0 0 0 0 18 0 0 0 0 0 0 26 24 0 0 0 0 30 0 
0 0 29 27 0 0 0 0 0 0 0 0 34 0 1 2 36 0 0 0 10 0 0 9 0 19 0 16 0 0 0 0 23 0 0 0 
0 0 0 15 0 0 0 0 0 31 0 0 0 0 0 26 24 21 0 0 0 0 0 0 5 7 0 0 0 0 0 13 0 0 0 0 
0 7 0 3 0 0 0 0 18 0 0 0 0 0 0 0 0 0 25 0 0 0 0 21 0 0 27 0 0 0 0 1 35 0 36 0 
