6
0 0 0 0 0 0 0 0 0 0 0 0 0 0 0 0 0 0 31 0 0 0 0 0 0 0 0 0 0 0 0 0 0 0 0 0 
0 4 0 0 0 0 0 0 33 0 34 0 13 0 0 10 0 14 0 0 0 0 0 0 0 0 16 18 0 0 0 31 0 0 0 28 
1 0 0 0 0 0 0 0 0 30 0 0 0 0 0 4 0 0 0 0 15 20 0 0 0 0 0 0 11 0 0 0 0 0 24 22 
31 28 0 0 0 0 0 0 21 0 0 0 0 0 0 0 0 0 0 0 0 14 10 0 0 3 0 0 0 0 0 0 17 0 0 0 
0 0 0 0 0 0 0 0 0 0 10 11 0 0 23 0 0 0 0 0 0 0 0 0 0 0 28 0 29 0 0 0 0 0 6 0 
0 0 0 0 0 0 0 0 0 0 16 0 0 0 0 28 0 0 0 6 0 0 0 0 0 0 0 0 0 0 0 0 0 0 12 0 
14 0 0 13 15 0 8 0 0 0 0 0 0 0 0 17 0 0 0 31 0 33 29 0 0 0 0 25 0 26 3 0 0 0 0 0 
8 0 0 7 0 0 2 0 0 0 0 0 0 10 0 0 13 15 0 0 0 0 0 0 21 0 0 0 0 0 0 0 0 0 0 0 
0 0 18 0 0 0 14 0 0 0 11 0 0 0 0 0 0 0 0 0 0 0 35 36 0 28 29 0 0 0 0 0 0 0 0 0 
0 0 24 25 0 0 0 0 0 19 0 0 0 0 0 0 0 0 0 7 4 9 0 6 0 0 0 1 0 0 0 0 0 10 0 0 
0 29 0 0 0 0 0 0 22 0 0 0 0 0 0 0 1 0 0 13 0 0 0 0 0 4 0 0 0 0 21 0 0 0 19 17 
0 35 0 0 3 34 0 0 0 31 0 0 0 0 0 5 7 0 0 0 16 21 0 0 0 0 0 0 0 0 0 0 24 0 25 0 
29 0 0 0 30 25 0 0 0 0 0 21 0 0 33 0 0 0 0 10 0 12 8 0 0 0 0 0 0 5 0 0 0 0 16 0 
0 0 0 0 0 0 0 0 0 0 0 0 0 1 0 0 0 0 0 0 0 0 14 0 12 0 0 0 0 0 24 23 21 0 0 0 
0 0 0 0 18 0 11 12 0 0 8 0 0 0 0 0 0 0 0 34 0 0 0 0 0 0 26 0 0 29 0 0 0 0 0 0 
0 0 0 0 0 0 5 6 0 4 0 0 0 0 0 14 0 0 0 28 0 0 26 0 0 0 20 0 0 0 0 0 0 31 0 0 
0 0 0 22 0 0 17 0 0 0 0 0 0 25 0 0 0 30 0 0 0 0 0 0 0 31 0 0 0 0 0 0 0 7 10 0 
5 2 0 0 6 0 0 0 0 0 0 0 0 0 0 0 0 12 0 0 0 0 20 0 18 0 0 0 0 0 30 0 0 25 28 0 
12 0 0 0 0 8 6 0 0 0 0 0 0 0 0 0 0 0 0 0 0 0 27 0 0 0 21 0 22 0 0 0 0 0 35 0 
0 0 0 0 0 0 0 0 0 0 0 0 0 0 0 33 0 1 12 11 0 0 0 0 0 0 0 0 0 0 0 0 0 0 0 15 
0 0 0 0 0 0 0 0 0 17 15 0 0 0 0 27 0 0 0 0 0 0 0 0 1 0 0 0 34 0 0 0 0 0 0 0 
6 0 0 0 7 0 0 1 0 0 0 0 0 0 0 0 0 13 0 23 20 0 21 0 0 14 0 0 0 0 31 0 0 0 0 27 
0 0 0 0 0 32 0 0 0 0 0 0 0 0 4 3 0 0 0 0 0 19 0 16 0 0 9 11 10 0 0 24 22 0 0 21 
18 0 0 0 19 0 0 0 0 0 0 0 0 20 0 0 0 25 0 0 32 0 0 0 0 0 0 29 0 0 0 0 0 0 0 0 
0 36 0 0 0 0 33 0 0 0 0 0 0 0 0 6 8 0 0 0 17 0 0 0 0 0 0 0 0 15 0 27 0 0 0 0 
21 0 19 0 22 0 0 0 11 0 0 0 0 0 0 0 0 0 0 2 0 4 0 0 0 0 0 32 0 0 0 0 0 0 0 0 
33 0 31 0 0 29 0 0 0 0 0 0 0 0 0 36 0 0 0 0 0 0 12 0 0 0 0 0 0 0 22 0 19 17 0 0 
0 0 0 0 0 0 0 0 17 0 0 0 0 0 0 30 0 34 0 0 0 0 6 0 0 0 36 0 0 0 0 15 0 0 0 0 
0 0 0 0 0 0 9 0 0 0 6 0 0 0 19 0 0 0 0 0 0 0 0 0 0 0 24 0 0 0 0 0 0 0 2 0 
9 0 0 0 0 0 3 4 0 0 0 0 15 11 0 0 0 0 0 0 0 0 0 0 0 0 18 0 0 0 0 0 0 0 0 0 
34 0 0 0 35 0 0 0 24 0 0 0 0 0 0 0 0 5 0 15 0 17 0 0 11 0 0 9 0 10 0 0 0 18 21 19 
0 0 20 21 0 0 0 0 0 0 0 0 0 0 0 0 0 0 0 0 36 0 0 0 35 0 31 33 0 0 0 0 0 0 0 0 
0 0 0 0 0 0 0 0 0 0 0 0 0 0 0 0 0 23 0 0 0 0 0 0 0 24 0 27 0 0 0 0 0 36 0 0 
0 25 26 0 29 0 0 0 0 0 0 20 0 0 32 0 0 0 0 0 6 0 0 0 0 0 0 0 2 0 0 0 0 0 0 0 
0 0 0 0 0 0 0 0 36 0 0 0 16 0 0 0 15 17 28 27 0 29 25 0 0 0 19 0 20 0 0 0 0 0 0 0 
0 1 0 0 0 0 0 0 0 33 31 0 0 0 0 0 0 0 22 0 0 0 0 0 0 0 0 15 0 0 0 28 0 0 0 0 
