6
0 0 0 0 29 0 0 0 0 0 0 0 25 26 24 0 0 0 0 0 2 1 0 0 8 0 0 0 0 5 0 14 0 0 0 0 
0 0 0 0 35 0 0 0 0 0 0 0 31 32 30 0 0 29 0 0 8 0 0 0 0 0 0 10 0 0 0 0 0 16 19 0 
0 0 18 19 0 0 0 0 0 5 0 0 0 0 0 0 0 0 0 0 26 0 0 0 0 30 31 28 0 0 36 0 0 0 0 0 
0 10 12 13 11 14 0 0 0 0 34 0 0 0 0 4 9 0 0 0 0 0 0 17 0 0 0 0 0 0 0 0 0 0 0 0 
0 0 0 0 23 0 0 0 0 0 0 0 0 0 0 16 0 0 0 0 0 31 33 29 0 36 0 0 0 35 6 8 0 4 0 0 
0 4 0 0 0 0 32 0 0 29 0 0 1 0 0 0 0 0 0 10 0 0 0 0 20 18 0 0 21 0 0 26 23 0 0 27 
0 0 8 0 0 0 0 0 33 0 0 35 0 0 0 0 0 0 0 0 0 0 0 0 0 20 0 0 0 0 0 0 0 0 0 29 
0 0 0 0 0 16 4 0 3 0 0 0 9 0 0 0 0 0 0 18 0 0 0 0 0 26 0 0 29 25 0 0 0 30 0 35 
0 0 32 0 0 0 0 0 0 19 0 0 0 0 0 0 0 25 0 0 0 0 0 0 0 0 0 0 0 0 0 0 13 0 15 0 
0 0 0 0 0 0 16 14 0 0 12 0 21 0 0 0 0 0 0 0 0 0 0 0 0 0 0 0 0 0 8 0 0 0 0 0 
0 0 0 0 0 0 0 8 0 7 0 0 15 16 0 0 0 0 0 24 0 0 0 25 34 0 0 0 0 0 0 0 0 0 0 5 
0 36 0 0 0 0 0 26 27 0 24 0 33 0 32 0 0 0 0 0 0 0 0 0 16 0 0 0 17 0 20 0 0 0 0 0 
0 0 0 0 15 0 0 0 0 3 0 0 0 12 10 0 0 0 22 20 0 0 0 0 0 0 0 26 0 0 0 0 0 0 0 1 
0 0 0 5 0 0 30 0 0 0 26 0 0 0 34 0 0 0 0 0 0 0 0 0 0 16 0 0 0 15 0 24 21 0 23 0 
0 0 28 0 0 0 0 16 17 0 14 0 0 24 0 0 0 0 0 0 0 0 0 0 6 4 0 0 7 0 0 0 9 0 0 0 
13 0 0 11 0 0 0 0 35 0 0 1 0 0 0 0 0 0 0 0 0 0 0 0 0 0 0 0 0 0 0 0 0 26 0 0 
0 0 0 0 33 0 0 0 0 21 0 0 0 0 0 0 0 0 0 0 0 5 0 0 12 0 0 0 0 0 0 0 0 0 0 0 
25 0 0 0 0 0 0 0 0 0 0 0 0 18 0 0 0 0 0 26 0 0 0 0 0 0 35 0 0 0 0 6 0 0 0 0 
0 23 0 26 0 0 0 13 14 12 11 0 20 0 0 0 0 18 0 0 0 0 34 0 3 0 0 0 0 0 7 0 0 0 0 10 
0 5 0 8 0 9 0 31 0 0 0 0 0 0 0 0 0 36 0 0 15 0 0 0 0 0 0 0 0 0 0 0 0 0 0 0 
0 35 0 0 0 3 0 0 0 0 0 0 0 0 0 0 0 30 0 0 0 0 10 0 0 0 0 0 16 0 19 0 0 17 0 0 
0 0 0 0 0 0 0 0 0 0 0 4 8 0 0 5 0 0 0 0 0 0 0 0 0 0 0 0 0 0 0 0 0 29 0 0 
22 17 19 20 0 0 0 0 0 0 0 0 0 0 0 0 16 0 25 0 0 26 0 0 0 0 0 0 0 30 0 0 0 35 2 0 
34 29 0 32 30 0 0 0 0 0 0 22 0 0 0 0 0 0 1 0 0 0 0 0 0 7 0 0 10 0 13 0 12 0 0 0 
0 0 0 0 0 0 0 0 0 0 0 0 30 31 0 0 0 0 0 0 0 0 0 0 13 0 0 0 0 0 17 0 0 0 0 20 
14 0 0 12 10 0 0 0 0 0 0 0 0 7 0 0 0 0 0 0 0 0 0 0 0 0 0 0 26 0 0 0 0 0 0 0 
0 15 0 0 0 0 0 0 0 0 0 0 0 0 11 0 0 0 0 0 0 0 26 0 0 0 30 0 0 28 35 0 0 0 36 0 
0 0 0 0 0 0 19 0 0 0 0 0 0 0 0 0 26 0 0 0 0 0 0 0 0 0 0 0 0 0 11 0 10 0 0 0 
0 0 5 0 0 7 0 0 0 0 0 32 36 0 0 0 0 0 0 0 13 0 0 0 0 0 0 0 0 0 0 25 0 21 0 0 
26 0 0 0 0 25 0 0 12 10 0 0 0 0 0 0 0 0 0 0 0 0 0 0 1 0 0 0 0 34 5 0 0 0 0 0 
0 25 0 0 26 29 17 0 0 14 13 0 0 0 21 0 0 0 0 0 0 0 36 0 0 0 4 1 0 0 0 0 0 0 10 0 
0 0 3 0 0 0 29 27 0 0 25 0 0 0 0 31 0 0 9 0 0 10 12 8 17 0 0 0 0 0 0 0 0 0 0 0 
0 0 0 22 0 0 0 9 10 0 0 0 16 0 0 0 0 14 27 0 0 0 0 0 0 0 0 0 36 0 0 0 0 0 0 6 
0 0 0 0 0 0 0 33 34 0 0 0 0 0 0 1 0 0 0 0 0 0 0 14 0 0 0 0 24 0 0 0 0 0 28 0 
0 0 0 0 0 0 0 21 0 0 0 0 0 0 0 0 0 0 0 1 5 0 6 0 11 0 0 0 12 8 0 0 0 0 0 0 
18 0 0 0 0 0 0 0 0 0 1 0 0 11 9 0 0 0 0 0 0 0 0 0 29 0 0 0 0 26 0 0 0 0 0 0 
