6
0 0 22 0 20 19 0 0 0 0 0 0 0 0 0 0 0 0 0 0 0 15 0 18 0 0 0 0 2 6 0 11 0 0 0 0 
33 0 0 0 32 0 12 0 0 0 0 0 0 0 0 0 0 0 26 0 0 0 25 0 0 0 0 0 0 0 0 0 0 0 0 0 
0 0 0 17 0 0 0 0 0 0 29 0 0 0 24 0 23 0 0 0 0 9 0 12 0 31 0 0 0 0 0 5 0 0 0 0 
0 0 0 5 0 0 0 0 0 0 0 0 0 0 12 0 0 0 0 0 0 0 31 0 0 0 0 0 0 0 0 0 27 0 26 0 
27 0 0 0 0 0 0 3 0 0 0 0 0 0 0 0 0 0 0 23 22 0 19 0 0 0 0 11 0 0 0 0 0 0 0 18 
0 12 0 11 8 0 0 0 0 0 23 0 0 0 18 0 0 16 0 0 0 0 1 0 0 0 0 0 0 0 0 35 33 0 0 0 
0 0 21 0 0 0 0 0 0 0 0 0 26 25 29 0 0 0 0 0 0 0 0 0 2 0 0 4 0 0 0 0 0 0 0 0 
14 0 15 0 13 12 29 0 0 0 28 0 0 0 0 0 0 0 0 0 0 0 0 0 0 0 0 0 0 0 0 4 2 0 0 5 
0 0 0 0 0 0 0 0 0 3 0 0 0 0 35 0 0 0 0 0 0 0 0 0 0 6 0 0 0 11 0 0 0 0 13 0 
8 0 9 0 0 0 0 20 0 0 0 0 0 0 0 0 16 0 0 0 0 0 0 0 26 0 27 0 0 0 0 34 32 0 0 35 
0 0 0 0 0 0 0 0 0 0 0 0 0 0 0 0 0 0 0 0 0 32 0 0 0 18 0 22 0 0 0 28 0 24 0 0 
0 0 0 34 0 0 0 0 0 9 0 7 0 0 0 0 0 0 25 28 0 0 24 0 0 0 15 0 0 17 0 0 20 18 0 0 
0 0 13 14 11 0 0 0 0 0 26 0 18 0 0 0 0 0 5 0 0 6 0 0 0 28 0 0 0 0 0 0 0 0 0 0 
0 33 0 32 0 28 9 0 0 0 8 5 36 0 0 0 0 0 0 0 0 0 0 0 12 0 0 0 11 0 0 0 0 16 17 0 
0 3 0 0 35 0 0 0 0 0 0 0 6 0 0 0 0 0 0 0 0 30 0 0 0 0 19 0 0 0 25 0 0 22 0 0 
0 0 0 0 0 0 0 18 0 0 0 0 0 0 0 0 0 0 0 2 0 36 0 0 0 0 0 0 0 0 0 0 0 0 0 0 
0 0 0 26 23 0 0 0 34 0 0 0 0 0 0 0 0 31 0 20 0 0 0 0 0 0 7 0 0 9 0 0 0 0 0 0 
0 21 0 0 0 0 0 0 0 0 0 0 0 0 0 22 0 0 0 0 0 0 0 15 0 0 0 0 35 0 7 8 0 0 5 0 
0 0 0 0 0 5 0 0 17 0 0 18 0 0 0 0 0 0 36 0 2 0 0 0 0 0 0 0 0 28 0 0 0 0 0 0 
19 0 0 0 0 0 0 0 0 0 0 0 0 0 0 23 27 0 12 0 14 0 11 0 1 35 2 3 0 0 0 9 7 0 0 0 
31 0 0 0 30 29 0 0 0 0 0 6 0 0 4 0 0 0 0 0 0 0 0 28 0 0 0 0 0 0 0 0 0 0 0 0 
13 0 0 0 0 0 0 0 23 0 27 0 19 18 0 0 0 0 6 0 0 7 5 0 31 0 0 0 0 0 0 0 0 0 0 0 
0 0 0 0 0 0 16 0 0 14 15 0 0 0 10 0 0 0 0 0 0 0 29 0 0 0 0 0 0 0 0 0 0 0 0 0 
0 0 0 27 24 23 0 0 35 2 0 0 0 0 0 0 0 0 18 21 0 0 0 0 0 0 0 0 0 0 0 0 0 0 0 0 
0 19 17 18 0 0 0 28 0 0 0 0 0 0 0 0 24 23 0 0 0 0 8 0 0 0 0 36 0 0 0 6 0 0 0 7 
0 0 0 0 0 0 19 0 0 0 0 0 0 0 0 0 0 0 0 0 35 0 0 0 0 0 0 0 0 25 0 0 0 0 0 31 
0 31 0 0 0 0 0 4 0 0 6 0 0 33 1 32 0 0 0 24 23 0 20 0 0 0 0 0 0 13 0 0 0 14 0 19 
0 1 0 0 0 0 0 0 0 0 0 0 0 0 0 0 6 0 27 0 0 0 0 0 0 0 0 0 15 0 23 0 0 20 0 0 
10 13 0 0 0 0 0 0 0 0 0 0 16 0 19 0 0 0 0 6 0 0 0 0 28 0 29 0 27 0 35 0 0 0 0 0 
0 0 0 24 0 0 0 0 0 0 0 0 28 0 31 0 0 0 0 0 0 0 0 0 4 0 0 6 0 7 0 0 0 0 9 13 
0 20 0 0 0 0 0 0 27 30 0 0 23 0 26 0 0 0 0 13 0 11 0 0 0 0 0 0 34 0 6 7 5 0 4 0 
5 0 0 0 0 0 0 0 0 18 19 16 0 0 0 0 13 12 0 0 0 35 33 0 0 0 0 25 0 0 0 0 29 0 0 32 
0 0 0 0 0 27 8 5 3 0 0 0 0 0 0 0 0 0 0 0 24 0 21 0 0 9 12 0 0 0 0 0 0 0 0 0 
0 0 0 0 0 0 0 0 0 0 0 0 0 0 0 3 0 0 0 0 30 0 0 32 0 0 18 0 16 0 0 0 0 21 0 0 
0 0 0 0 0 0 0 23 0 0 0 0 0 0 0 0 0 0 0 7 0 0 0 0 0 0 0 0 0 0 0 0 0 0 0 0 
23 0 0 0 0 0 0 0 0 0 0 0 29 0 0 0 0 0 0 19 0 0 0 0 0 0 0 0 4 0 12 0 0 0 0 0 
