6
0 0 0 0 0 0 33 0 0 31 28 30 0 0 0 0 0 0 0 0 0 0 0 0 3 0 35 0 0 0 0 12 0 11 15 0 
0 0 0 20 0 0 9 8 0 0 0 0 0 2 0 0 0 0 0 29 0 30 28 0 15 0 0 13 0 0 0 0 0 0 0 0 
0 0 0 26 0 0 15 14 0 0 0 0 0 0 0 7 0 0 0 0 0 0 0 0 0 0 0 0 0 0 0 0 0 0 33 0 
36 0 34 0 0 0 27 0 0 25 0 0 18 0 0 0 0 0 0 0 0 0 0 0 0 0 29 31 0 0 0 0 0 0 0 0 
0 0 10 0 13 0 0 2 35 0 34 0 0 0 28 0 0 0 0 23 0 24 0 25 0 0 0 0 0 0 20 18 0 0 0 0 
30 0 0 32 0 0 21 0 0 0 16 0 0 0 0 0 0 0 0 0 0 0 0 0 27 0 0 0 0 0 0 0 0 0 0 1 
0 0 0 25 0 0 0 0 0 0 0 0 0 7 0 6 0 0 0 0 0 35 33 0 0 0 0 0 0 19 0 0 0 28 0 0 
0 0 0 0 0 0 0 31 0 0 27 29 0 0 21 0 0 0 19 0 20 0 0 0 2 0 0 36 0 1 13 0 0 0 0 0 
0 0 0 19 0 0 8 7 4 6 0 5 35 0 0 0 0 0 0 0 32 0 0 30 0 0 0 12 9 0 25 0 21 22 0 0 
0 0 0 0 0 0 0 0 0 24 0 0 17 19 15 0 0 0 0 10 0 0 0 0 0 29 0 0 0 0 0 0 3 0 0 0 
0 0 0 0 12 10 0 0 0 0 0 0 0 0 0 0 0 0 25 0 26 0 0 0 0 0 0 0 0 7 0 17 15 16 0 0 
29 0 0 0 0 0 0 0 0 0 0 0 0 13 0 12 0 0 7 0 0 0 0 0 26 23 0 0 0 0 0 35 0 34 2 0 
33 0 0 35 0 0 0 23 0 0 0 21 0 0 0 0 0 0 11 0 0 0 0 0 0 27 0 0 0 0 0 0 1 0 0 0 
0 0 0 17 0 0 0 0 0 0 0 0 0 35 0 0 32 36 0 0 0 0 0 28 12 0 0 0 0 11 0 21 19 20 0 0 
0 0 0 0 0 0 0 0 14 0 13 15 0 0 0 0 8 12 0 0 0 0 0 4 0 0 0 0 19 0 0 0 0 0 36 0 
0 0 0 0 4 0 0 0 0 0 0 27 21 0 0 22 0 0 0 0 0 0 0 16 0 0 0 0 0 0 0 0 0 0 12 0 
21 0 0 0 22 0 0 0 0 0 0 0 0 5 0 4 0 0 0 0 0 0 0 0 0 0 0 0 0 0 0 0 0 0 0 0 
0 0 0 0 10 0 0 0 0 0 0 0 0 0 0 0 26 0 23 0 0 0 0 22 0 0 0 0 0 0 0 0 13 14 0 0 
0 0 0 0 14 12 0 0 36 0 0 0 0 0 0 0 30 34 0 0 0 0 0 0 10 0 0 0 0 0 0 0 0 0 0 0 
19 0 0 0 0 0 0 0 0 8 0 0 1 3 0 0 0 0 33 0 0 0 0 0 0 13 0 0 11 0 0 0 23 24 0 0 
0 34 0 0 0 30 0 0 18 20 0 0 0 0 0 0 0 0 0 0 0 7 0 0 0 0 24 0 0 27 3 0 35 0 0 0 
0 0 0 0 0 0 0 0 0 0 11 0 0 0 0 0 0 0 0 0 0 0 0 0 22 0 0 0 0 0 0 0 0 0 0 0 
0 0 0 0 0 0 0 0 0 0 29 0 0 0 0 0 0 0 0 0 0 0 0 0 0 1 0 0 0 0 0 0 0 0 0 0 
1 0 0 0 0 0 0 27 24 0 0 0 0 0 0 0 18 0 0 0 0 13 0 0 0 0 0 0 0 0 0 7 0 6 0 0 
0 0 0 0 23 0 0 0 0 0 0 10 0 0 0 0 0 0 0 0 0 0 32 35 0 0 0 0 14 0 0 0 0 0 0 29 
0 0 0 0 35 33 0 0 21 0 0 22 16 0 14 0 15 0 0 0 0 0 0 0 0 28 0 29 0 0 0 4 0 0 0 0 
28 0 0 0 0 27 0 0 0 0 0 16 0 0 0 0 9 13 0 3 7 4 0 5 0 0 0 0 20 0 0 0 0 0 0 0 
0 0 0 6 5 0 31 0 0 29 26 0 0 0 20 0 0 25 0 15 0 0 0 0 0 0 0 0 0 0 0 0 0 0 0 0 
0 0 0 0 0 0 0 0 0 0 0 0 0 36 0 0 0 0 0 0 0 0 0 29 0 0 0 0 0 0 0 0 0 0 0 0 
0 0 0 0 0 0 0 0 0 0 0 0 28 0 0 0 0 0 0 0 0 0 0 0 0 0 0 0 0 6 0 0 0 0 0 0 
0 0 0 10 0 0 0 0 0 33 30 0 0 28 24 27 0 0 0 0 23 0 0 21 0 0 0 0 36 0 0 14 0 13 0 0 
0 0 18 0 0 0 0 10 0 0 0 0 0 0 0 0 0 0 34 0 0 32 0 0 17 0 0 0 0 0 0 26 24 25 29 0 
0 0 0 0 0 0 0 0 25 0 0 26 0 0 0 21 0 0 0 13 0 0 0 0 0 32 31 33 0 0 0 0 0 0 0 0 
0 0 0 0 0 0 0 0 0 0 0 20 14 0 0 0 0 0 0 0 0 0 0 0 0 26 25 0 0 0 4 0 0 0 5 0 
0 0 12 0 15 0 5 0 0 0 36 0 32 0 0 33 0 0 0 0 0 26 0 0 0 0 0 0 0 0 0 0 18 0 0 0 
0 0 0 0 0 0 0 0 0 0 0 0 0 0 0 0 7 11 0 0 0 0 0 0 0 20 0 0 0 0 0 0 30 0 0 33 
