6
25 0 0 0 0 0 0 31 0 27 0 0 0 0 0 3 0 2 0 0 0 0 1 36 0 0 0 16 0 14 13 0 0 0 9 12 
19 0 0 14 0 0 0 0 0 0 0 0 0 35 0 0 34 0 28 29 26 0 0 0 0 13 0 0 0 0 0 0 0 0 0 6 
0 0 0 0 0 9 18 0 0 15 0 0 31 0 0 0 28 0 0 23 0 0 0 0 0 7 0 0 0 2 0 0 0 0 0 0 
0 6 0 0 5 3 12 0 0 0 0 0 0 0 0 0 0 0 0 17 0 0 0 0 35 0 0 0 0 0 31 0 0 29 0 0 
1 36 34 0 0 0 0 0 0 3 0 4 0 17 18 0 0 0 0 0 0 9 0 0 0 0 0 0 0 0 0 0 0 0 21 0 
0 0 0 0 0 0 0 1 0 33 0 0 13 11 0 9 0 0 0 0 0 0 0 0 0 0 0 0 21 0 0 0 0 0 0 0 
32 0 0 27 0 0 0 0 0 0 33 0 0 0 13 0 0 0 0 0 0 4 0 0 0 0 0 0 0 0 20 17 15 0 16 0 
0 0 0 3 6 0 0 0 12 10 9 0 26 0 0 22 0 0 0 0 15 0 0 19 36 0 0 0 0 0 0 0 0 30 28 0 
26 0 0 0 0 22 0 0 0 0 0 0 0 0 7 0 0 3 0 0 0 34 0 0 0 0 0 0 0 15 0 0 0 0 10 13 
0 0 0 15 0 16 0 0 24 0 0 0 0 0 0 0 0 33 0 30 0 0 32 0 0 0 13 0 10 0 8 0 0 0 0 0 
0 13 0 0 0 0 0 20 0 0 0 17 32 30 0 0 0 27 0 0 0 0 26 0 0 0 0 5 0 0 2 0 0 0 0 0 
0 0 0 0 0 34 0 0 0 0 0 0 0 0 0 0 17 0 11 12 0 0 0 13 0 0 31 0 28 0 0 23 0 0 22 0 
0 0 24 0 0 0 0 33 0 0 0 0 9 0 8 5 0 4 0 0 0 0 0 0 0 0 20 0 0 0 0 0 0 0 11 0 
0 0 0 0 13 0 0 0 0 17 0 0 0 0 0 0 0 0 0 0 22 0 0 0 0 0 0 0 0 4 0 0 0 0 0 2 
0 0 0 28 0 0 0 0 0 0 0 0 0 13 14 0 0 0 0 7 0 0 9 0 0 0 0 0 0 0 0 0 0 0 0 0 
0 20 0 16 0 0 26 27 0 23 0 0 0 1 0 35 0 34 0 31 28 0 0 32 13 15 14 0 0 0 9 0 4 0 0 0 
0 0 6 0 7 0 0 0 0 0 10 0 0 0 26 0 0 0 0 19 16 0 0 0 0 0 0 0 0 0 0 0 28 0 0 0 
0 0 0 0 0 0 0 0 0 0 0 6 0 19 20 0 0 0 0 0 0 0 0 0 0 33 0 0 0 0 0 0 0 25 0 0 
0 0 0 0 0 0 0 0 0 0 0 0 12 0 0 8 9 0 0 0 0 0 0 0 0 0 0 0 0 19 0 15 0 16 0 17 
36 0 0 0 0 32 0 0 0 0 0 0 0 0 0 0 0 0 0 10 0 0 0 0 0 0 0 0 0 0 0 21 0 0 0 0 
0 0 0 7 0 0 0 0 0 0 13 0 0 0 0 0 0 0 0 0 19 0 24 0 0 6 0 0 0 0 0 0 0 34 0 0 
0 23 0 19 0 20 0 0 0 0 0 0 0 4 5 2 0 0 0 0 0 0 0 35 0 0 0 0 0 0 0 9 7 0 0 11 
0 0 3 0 0 0 11 0 0 0 0 0 0 0 0 0 0 19 0 0 13 14 0 0 0 0 0 0 32 0 0 0 0 28 26 0 
0 17 0 0 0 0 23 0 22 0 0 0 0 0 0 0 33 31 0 28 0 0 0 0 0 0 11 9 0 0 0 0 0 0 2 0 
29 0 0 0 27 0 0 35 0 31 30 0 11 0 0 0 0 0 2 0 0 0 0 4 0 0 0 0 0 0 0 0 0 0 0 0 
11 0 0 0 0 0 0 0 0 0 12 0 0 27 28 0 0 0 0 0 0 0 0 0 0 5 0 0 0 36 0 0 0 0 0 0 
0 0 0 0 0 1 0 11 0 7 0 0 0 0 0 0 0 0 0 0 12 0 0 0 0 35 0 0 0 30 0 0 24 0 0 0 
0 0 32 0 33 31 0 0 0 1 0 2 0 15 0 0 0 0 0 9 0 7 0 0 27 0 0 0 0 0 0 0 0 0 0 0 
0 0 0 12 0 0 0 0 0 0 0 0 0 0 0 0 0 0 0 27 0 0 0 28 0 0 0 0 0 0 5 2 36 0 0 0 
0 0 0 0 0 0 0 0 0 25 0 0 0 0 0 0 0 36 0 0 30 31 35 0 0 17 0 0 0 0 0 0 0 0 0 0 
0 0 0 0 0 0 0 0 0 0 0 0 16 0 0 0 0 0 0 0 0 0 0 0 0 28 0 0 0 0 0 0 17 0 18 0 
0 0 25 0 0 0 0 34 0 0 0 0 0 0 0 6 0 0 0 0 0 0 0 3 0 22 0 0 0 0 0 0 0 0 0 15 
0 0 0 0 0 0 0 0 0 0 0 0 0 0 0 0 0 0 31 0 29 0 0 0 0 0 15 0 0 0 0 0 0 0 0 9 
0 15 13 0 0 0 0 0 0 0 0 0 0 0 0 0 0 0 25 0 0 0 0 27 0 0 0 0 0 0 4 0 0 0 36 0 
0 0 0 0 0 0 0 0 8 0 5 0 0 0 21 0 0 0 0 0 0 0 0 0 32 0 0 0 30 29 0 25 0 0 24 0 
0 0 0 0 0 0 0 0 0 0 0 0 0 0 0 0 0 0 19 0 0 0 0 0 2 0 0 0 0 0 0 0 0 32 0 0 
