6
0 23 21 19 0 0 0 0 0 0 0 0 0 0 0 0 0 16 0 0 0 0 0 0 0 0 0 0 0 0 0 33 0 0 0 0 
0 0 0 13 0 0 0 0 0 0 0 31 7 0 0 0 11 0 0 0 0 0 0 1 0 0 0 0 0 0 0 27 0 25 0 0 
0 0 0 0 0 0 0 0 0 0 0 0 0 0 2 6 5 4 0 34 0 32 0 0 0 0 13 17 0 15 0 21 0 0 20 0 
6 0 0 0 0 0 0 0 20 23 24 0 0 0 0 0 0 34 0 0 0 26 0 0 0 10 7 0 12 9 18 0 0 0 0 0 
36 0 0 0 0 34 0 0 14 0 0 0 25 27 0 0 0 0 21 22 24 0 0 0 0 0 0 0 0 3 0 0 0 0 0 0 
0 29 0 25 0 0 0 0 0 0 0 0 19 0 0 0 0 0 0 0 0 14 0 13 32 0 31 0 0 0 0 0 0 0 0 0 
0 0 0 34 0 1 0 0 0 0 21 0 28 30 0 0 0 0 0 0 27 0 0 0 0 0 4 0 0 0 0 0 0 0 0 0 
0 32 0 28 29 0 12 0 0 0 0 0 0 0 0 0 0 25 0 0 21 0 0 16 0 1 0 0 0 0 0 0 7 0 0 0 
0 0 0 4 0 7 0 0 0 0 0 0 0 0 0 0 0 1 0 0 0 0 0 0 0 0 0 0 0 0 21 0 0 0 0 0 
0 0 0 0 0 0 0 0 0 0 0 0 0 0 0 21 0 0 0 13 0 0 0 0 0 0 0 0 33 0 3 0 1 0 35 0 
0 0 0 0 0 0 0 0 0 2 3 0 0 0 11 0 0 0 0 0 0 0 0 0 0 0 0 0 0 24 33 0 0 0 29 0 
0 0 0 0 11 0 0 0 0 0 0 28 0 0 0 0 0 0 0 1 3 0 0 0 0 0 0 0 21 0 0 0 0 0 23 0 
0 16 0 0 0 0 0 0 31 0 0 0 6 8 7 0 0 0 2 0 5 0 0 0 19 0 0 0 0 0 0 26 0 0 0 0 
0 0 0 0 0 0 0 27 0 0 0 24 36 0 0 0 4 0 0 0 0 31 0 30 0 15 12 0 0 0 0 20 0 0 0 0 
23 0 0 0 0 21 0 0 0 0 0 0 0 0 0 0 0 0 0 0 0 0 0 0 0 0 0 0 0 0 0 0 33 0 0 34 
0 0 0 0 0 0 0 0 0 0 23 0 0 32 0 0 0 0 26 0 0 0 0 0 0 0 0 10 11 0 0 14 0 12 0 0 
29 0 26 24 25 0 8 0 0 10 0 0 18 0 0 0 0 0 0 0 17 0 16 0 0 0 0 0 0 0 0 0 0 0 0 0 
35 34 0 0 0 33 0 15 0 0 0 0 24 0 0 0 0 0 0 21 23 0 0 0 1 0 0 0 0 0 0 8 0 0 7 0 
16 0 0 0 0 0 31 32 0 33 0 0 5 0 0 0 9 0 0 0 0 0 0 0 0 0 0 0 0 0 0 0 0 0 0 0 
0 33 31 0 0 0 0 0 12 15 0 0 0 0 0 28 0 0 19 0 0 0 21 0 0 2 0 0 4 0 0 0 0 0 0 0 
0 0 25 0 0 0 0 0 0 9 0 0 0 0 0 22 0 0 0 0 0 0 0 0 0 0 0 33 0 0 0 1 0 0 36 0 
0 3 0 0 0 0 19 20 0 0 22 0 0 0 0 0 0 32 0 0 0 0 0 0 0 8 0 0 0 0 0 13 0 0 0 0 
22 0 0 17 0 0 0 0 0 0 0 0 0 0 0 0 0 14 0 0 0 0 0 0 0 26 0 0 0 0 0 0 0 29 30 0 
0 0 0 0 0 8 0 0 0 27 0 0 0 0 0 0 0 0 0 0 34 0 0 0 0 0 0 0 0 0 0 0 20 0 18 21 
8 7 0 0 0 0 0 0 0 0 0 0 0 0 0 0 0 0 29 0 0 28 0 0 10 0 9 0 0 11 20 0 0 0 0 0 
0 0 0 0 16 0 0 0 0 1 0 0 0 11 0 0 0 12 0 0 8 0 0 0 0 24 0 0 0 0 0 0 0 0 0 31 
0 31 0 0 0 0 0 12 0 0 14 0 21 0 0 0 25 24 0 18 0 0 0 0 0 0 0 0 2 0 0 0 0 0 0 7 
0 0 0 0 0 0 0 30 28 31 0 0 0 0 0 0 0 0 35 36 0 0 0 0 0 0 0 19 0 0 0 0 24 0 0 0 
2 0 35 0 0 0 0 18 0 0 0 0 27 29 0 0 31 0 0 24 0 0 0 0 0 6 3 0 0 0 14 0 0 0 0 0 
0 0 23 0 0 0 0 0 0 7 0 0 0 0 0 0 19 0 0 0 14 0 0 0 0 0 27 0 0 29 0 35 0 0 0 1 
0 0 0 0 0 0 10 0 0 0 0 0 0 22 21 0 0 23 0 0 0 0 0 0 0 0 0 0 0 0 0 0 0 0 0 0 
1 0 0 0 33 0 0 0 0 0 19 14 0 0 27 0 30 0 22 0 0 21 24 20 0 5 2 0 7 0 0 0 0 0 9 0 
0 0 0 0 0 0 0 0 33 0 0 0 0 0 9 0 12 0 0 0 7 0 0 0 0 0 20 0 0 0 0 0 0 0 27 0 
0 0 0 0 0 0 22 0 0 0 0 0 32 0 0 0 0 0 28 0 31 0 0 0 0 11 8 12 0 0 0 0 17 0 0 0 
13 0 0 8 0 0 0 0 0 30 0 0 0 0 0 0 0 0 0 0 0 0 0 0 15 0 0 18 19 0 0 22 0 0 0 0 
25 0 0 0 0 0 0 0 0 0 7 0 0 16 15 0 0 0 10 0 0 0 0 0 0 0 0 0 0 0 1 34 0 0 0 0 
