6
0 0 0 0 0 0 0 0 0 0 18 0 0 0 0 0 0 26 0 0 3 0 0 0 24 0 25 20 0 0 0 0 0 1 0 0 
15 0 0 0 0 0 0 0 0 0 0 0 0 0 33 36 0 0 0 11 0 0 0 0 0 0 0 0 0 0 0 0 0 0 0 0 
0 0 0 0 0 0 0 0 4 0 0 5 0 0 0 0 0 0 0 0 0 0 0 28 0 0 0 0 0 0 0 0 0 0 0 20 
0 0 0 0 0 0 0 9 0 0 0 0 0 0 0 24 0 0 36 0 0 0 0 0 0 0 0 14 17 16 0 0 0 0 0 0 
0 0 31 0 0 0 0 33 34 0 0 35 0 0 0 0 10 0 0 23 0 0 0 0 0 0 7 0 0 4 0 0 15 0 17 0 
0 0 0 0 0 0 0 27 0 26 0 0 0 0 0 0 4 0 0 17 0 0 0 0 0 0 1 32 0 0 0 10 0 13 0 0 
0 0 0 0 0 0 0 0 0 0 17 16 30 0 0 29 0 0 0 0 0 0 0 0 23 0 0 0 0 0 0 0 32 0 0 31 
0 0 0 0 0 0 0 8 0 0 0 10 0 0 0 0 0 0 35 34 0 31 0 33 17 0 0 0 16 0 0 27 26 0 0 25 
0 13 0 0 0 0 0 0 0 0 0 0 0 0 0 35 0 0 0 0 0 0 0 9 0 0 0 0 0 0 0 3 0 0 4 0 
0 0 0 22 21 0 0 0 0 0 0 28 0 0 0 0 0 0 17 16 14 0 0 0 0 32 0 0 0 0 0 0 0 0 0 7 
0 25 30 0 0 0 0 0 0 0 0 34 0 0 0 0 0 0 0 22 0 19 24 0 0 0 0 1 0 0 0 15 0 0 16 0 
32 0 0 0 0 0 0 0 3 0 0 0 18 16 0 17 15 0 0 0 0 0 0 0 11 0 0 0 10 0 23 0 20 0 0 0 
0 0 0 0 1 0 0 0 0 0 9 8 0 0 0 0 0 0 0 32 0 0 0 0 0 12 0 0 0 0 0 0 0 0 0 23 
0 0 0 20 0 0 0 0 0 23 27 26 0 0 36 0 0 0 15 0 0 0 16 0 0 0 0 29 0 0 0 0 0 10 0 0 
0 0 0 0 0 0 0 0 0 0 15 0 0 0 24 0 0 23 0 0 0 0 0 0 0 0 0 0 0 0 33 0 0 0 0 0 
0 0 0 0 0 0 22 0 19 0 0 0 0 0 0 0 0 0 0 8 0 0 10 0 0 24 0 0 0 0 0 0 36 0 2 0 
0 23 28 0 0 27 0 0 0 0 33 0 0 8 6 9 7 5 0 0 0 0 22 19 0 0 4 0 2 0 0 0 0 16 0 0 
0 29 0 0 0 0 0 0 0 0 0 0 0 0 12 0 0 0 0 0 0 23 0 0 0 0 0 0 0 0 21 0 0 0 0 0 
0 0 23 0 20 0 0 0 26 0 0 0 0 3 1 0 0 36 0 0 13 0 0 0 0 0 0 30 33 0 0 8 0 11 0 0 
0 0 0 0 0 28 35 0 0 0 0 0 0 9 0 0 0 0 0 0 0 18 0 0 4 1 0 36 0 0 0 0 0 17 0 0 
0 0 0 0 0 0 0 13 0 12 0 0 0 0 25 0 0 0 0 3 0 0 5 0 22 0 0 0 0 20 34 0 0 0 0 0 
0 0 0 0 0 0 0 0 0 0 0 9 23 0 0 0 0 18 0 0 31 0 0 0 0 0 0 12 0 0 0 0 0 29 0 0 
0 0 17 0 0 0 0 19 20 0 0 0 0 0 31 34 32 0 0 9 0 0 11 0 0 25 0 24 0 26 0 0 0 0 0 0 
31 0 0 0 0 0 0 0 0 36 0 3 0 0 0 0 0 0 28 0 25 0 0 0 0 0 0 0 0 0 22 0 19 0 0 0 
0 0 32 0 0 0 0 0 0 33 0 0 0 0 0 0 0 9 25 0 0 0 0 0 0 0 0 0 0 5 0 0 0 0 0 0 
0 0 0 0 0 0 0 0 0 0 0 0 0 0 0 0 0 0 0 0 0 0 0 0 0 28 0 0 0 0 0 0 0 8 0 0 
0 0 0 0 35 0 0 0 0 0 7 6 0 18 0 0 17 0 0 30 28 27 0 0 0 0 0 9 12 0 0 23 0 0 24 0 
10 0 0 0 0 0 0 16 17 15 0 0 0 0 0 0 0 0 0 0 0 0 0 0 0 0 0 0 24 0 0 0 0 0 0 0 
0 0 0 0 5 0 0 0 0 0 0 0 26 0 0 0 23 0 0 0 0 0 0 0 0 16 0 15 0 0 0 29 0 0 0 0 
22 0 26 24 0 0 0 0 29 27 0 0 0 0 0 0 0 3 19 0 0 15 20 17 0 0 0 33 0 35 0 11 0 0 0 0 
0 0 15 0 0 0 0 0 0 0 0 0 33 0 0 0 0 0 0 0 0 4 0 0 26 0 27 22 0 24 0 0 0 0 0 0 
0 0 0 0 0 20 0 0 0 0 0 25 0 0 0 0 0 0 0 13 0 0 0 12 0 0 0 28 0 30 0 0 5 0 0 0 
5 0 0 0 0 0 0 0 0 0 0 0 0 0 23 0 0 0 0 1 35 0 0 0 0 0 0 0 0 0 0 0 0 0 0 0 
0 0 0 0 0 0 33 0 30 0 0 0 0 0 0 0 0 0 0 0 0 16 0 18 0 0 0 34 0 0 0 0 0 15 0 10 
0 0 0 0 0 0 3 0 0 0 0 0 0 0 0 14 0 0 0 0 0 22 27 0 0 0 0 0 0 0 0 0 17 0 0 0 
35 0 0 1 0 0 0 0 0 0 0 0 0 19 0 0 0 0 0 31 0 0 0 30 0 11 0 0 13 0 26 0 0 27 0 0 
