7
32 0 0 0 30 0 0 19 0 21 24 0 22 0 1 2 0 47 0 48 3 39 0 37 0 36 33 0 15 12 18 17 13 0 16 0 5 0 8 0 0 10 42 45 44 40 43 0 41 
46 41 45 0 44 42 40 0 0 35 0 0 36 37 0 16 0 12 18 0 17 4 3 0 48 1 47 49 29 26 32 31 27 0 0 25 19 0 0 21 20 0 7 10 9 5 8 0 6 
0 6 10 8 0 7 0 47 4 49 3 48 1 2 29 30 28 26 32 27 0 18 0 0 13 15 12 14 0 40 46 0 41 42 44 39 0 37 0 35 34 38 0 0 23 19 22 25 0 
0 0 38 36 0 35 0 26 32 28 31 27 29 0 0 9 0 0 0 0 0 46 45 44 0 0 0 42 22 19 0 0 0 21 23 18 12 0 15 0 0 0 0 3 2 47 1 0 48 
0 48 3 0 2 49 47 0 46 0 45 41 43 0 22 23 21 0 25 20 24 11 10 9 0 0 0 0 0 0 39 38 34 35 0 0 26 30 29 28 27 31 14 17 0 12 15 18 13 
18 0 17 15 16 0 12 5 11 0 10 0 0 9 36 37 35 33 39 34 0 25 24 23 0 22 0 21 1 47 4 3 48 49 2 46 0 44 43 0 0 45 28 31 30 26 29 32 27 
25 20 24 22 23 0 19 12 18 14 17 13 15 0 43 44 0 40 46 0 45 32 31 30 27 29 26 28 8 5 11 10 6 0 0 4 47 2 1 49 48 3 35 38 37 33 0 39 0 
0 38 0 40 0 0 37 0 36 0 0 31 0 34 0 13 0 0 15 10 14 0 0 48 0 47 0 46 0 23 0 0 0 25 27 22 16 0 19 18 17 21 4 7 6 0 5 8 0 
1 0 49 47 48 46 44 37 0 39 42 38 40 0 19 0 18 16 22 0 0 8 7 6 3 5 2 4 33 30 0 35 31 32 34 29 23 27 26 25 24 28 11 14 0 0 12 0 0 
15 0 14 12 13 11 0 0 0 4 7 0 5 0 33 34 32 30 0 31 0 0 21 20 17 19 16 18 47 44 0 49 45 0 48 0 0 41 0 0 38 42 25 0 27 0 26 29 24 
29 24 28 26 0 25 23 16 22 0 0 17 19 20 47 0 46 0 0 45 49 36 35 34 31 33 30 32 12 9 15 0 10 11 0 8 0 6 0 4 3 7 0 42 41 37 40 43 38 
22 0 21 0 0 18 16 0 0 11 14 10 0 13 40 0 39 0 43 38 42 29 28 0 24 26 23 25 5 2 8 7 3 4 6 1 44 48 0 46 45 49 32 0 0 30 33 36 31 
36 31 35 33 34 32 0 23 29 0 28 0 0 27 5 0 4 2 8 3 7 0 42 0 0 0 37 39 0 16 0 0 0 18 20 15 0 13 12 0 10 0 46 0 48 44 47 1 45 
8 3 7 5 6 0 2 44 1 0 49 45 47 0 0 0 25 0 0 0 0 0 14 13 0 12 9 11 0 0 43 42 0 39 41 36 0 34 0 0 31 0 0 21 20 16 0 22 17 
0 0 0 38 0 37 35 28 34 30 0 29 31 32 0 11 0 7 13 8 12 48 0 46 43 45 42 44 0 21 27 26 0 0 25 0 0 18 17 16 15 19 0 5 4 0 3 6 1 
0 0 19 17 0 16 14 7 13 9 12 8 0 11 38 39 37 0 41 36 40 27 26 25 0 24 0 0 3 49 6 0 1 0 4 48 42 46 45 44 43 0 30 0 32 0 31 34 29 
0 0 12 10 11 9 7 49 0 0 0 0 0 4 31 32 30 28 34 0 33 0 19 18 15 0 14 16 45 42 48 47 43 0 46 41 35 39 38 37 36 40 23 26 25 21 24 27 22 
48 43 47 45 46 0 42 35 41 37 40 0 38 0 17 18 0 14 20 15 0 6 0 4 1 3 49 2 31 28 34 0 29 30 0 27 21 25 24 23 0 26 9 0 11 7 0 0 0 
27 22 0 24 25 23 21 14 0 16 19 0 17 0 45 46 44 0 48 43 47 34 0 0 29 31 28 30 10 7 0 12 8 9 0 6 0 4 0 2 0 5 37 0 39 0 38 41 36 
0 29 0 31 0 0 0 21 27 23 0 22 0 25 0 4 2 49 6 1 5 0 0 39 36 38 0 0 17 14 0 19 15 0 0 13 7 11 10 0 8 0 0 0 46 0 45 0 43 
6 0 5 3 4 2 49 42 0 44 47 43 45 0 24 25 23 21 0 22 26 0 12 11 8 10 0 9 0 35 41 40 36 37 39 34 0 32 0 0 29 33 16 19 18 0 17 0 15 
19 0 18 16 17 15 0 0 0 0 11 0 9 10 37 38 36 34 40 35 0 0 25 24 21 23 20 22 2 48 5 4 49 0 3 47 0 0 44 43 42 0 29 32 31 27 30 33 0 
47 42 0 44 0 43 41 34 40 36 39 35 37 38 16 0 15 13 19 14 0 0 4 0 49 2 48 1 30 27 0 32 28 29 31 26 20 0 23 22 21 0 8 11 0 6 0 12 0 
12 0 11 9 10 0 6 48 5 1 4 0 0 3 30 0 29 27 0 0 32 19 18 17 14 0 13 0 44 41 47 46 42 0 45 40 34 0 0 0 35 39 0 0 0 0 0 26 0 
26 21 25 23 0 0 20 13 0 15 18 14 0 17 44 0 43 41 0 0 46 33 0 31 0 30 0 29 9 6 12 0 7 8 10 0 48 3 2 1 49 0 36 39 38 0 37 40 0 
5 49 4 2 0 1 48 41 47 43 0 42 44 45 23 24 22 0 26 21 25 0 0 10 0 9 0 8 37 34 0 39 35 36 0 33 0 31 30 0 28 32 15 0 0 13 0 19 0 
0 28 0 30 0 29 27 20 0 0 0 0 23 24 2 3 1 0 5 49 4 0 0 0 35 37 34 36 0 13 0 0 14 15 17 0 0 10 9 0 0 11 0 46 0 41 0 47 42 
40 35 39 0 38 36 34 27 33 0 32 0 0 0 9 0 0 6 12 7 11 0 46 0 42 44 0 0 23 20 26 0 21 22 24 19 13 17 16 15 14 0 1 4 0 0 2 0 49 
14 9 13 11 12 0 0 1 7 0 0 2 4 5 32 0 31 29 0 30 0 0 20 0 16 18 15 17 0 43 49 48 44 45 47 0 0 0 39 38 0 41 24 27 26 0 25 28 23 
21 0 0 0 19 17 15 8 14 10 13 0 11 0 39 40 38 0 42 37 41 28 0 0 0 25 22 24 0 0 7 6 0 3 5 0 43 0 46 0 0 48 0 34 33 0 0 35 0 
0 0 27 25 26 24 22 15 21 0 20 0 18 0 46 47 45 0 49 44 48 35 0 33 0 32 29 31 11 0 14 13 0 10 12 7 0 0 4 3 0 6 38 0 0 0 39 42 37 
49 0 0 0 47 45 43 36 0 0 0 37 39 40 18 19 17 15 21 16 0 7 6 5 2 4 0 3 0 0 0 34 30 0 0 0 22 26 0 24 23 0 10 13 12 0 11 14 0 
35 0 0 0 33 31 29 22 28 0 27 23 25 0 0 0 3 1 7 2 0 0 41 40 0 39 36 0 18 15 0 20 16 17 19 14 8 0 11 10 9 13 45 48 47 0 0 0 44 
42 0 41 0 40 38 36 29 35 0 34 30 32 33 11 0 0 8 0 9 13 49 48 47 0 46 43 45 0 22 28 27 0 0 0 0 15 0 18 17 0 0 3 6 0 1 4 7 2 
7 2 0 0 5 0 1 0 49 45 0 44 46 47 25 26 24 0 28 23 27 14 13 0 9 0 0 10 0 36 0 41 37 0 40 35 29 33 32 31 30 34 17 20 19 15 18 21 0 
10 5 9 7 8 6 4 46 3 48 0 47 49 0 28 0 0 0 31 26 30 17 16 0 12 0 11 13 42 0 45 0 40 41 43 38 0 0 35 34 33 37 20 23 22 18 21 0 19 
0 12 16 14 0 13 11 4 10 0 9 5 0 0 35 36 34 0 38 0 37 0 23 0 19 0 18 0 0 46 3 2 0 48 0 45 39 0 0 41 40 44 0 30 0 0 28 31 26 
45 0 0 42 0 0 39 32 38 34 37 33 35 36 0 15 0 0 0 0 16 3 2 1 0 49 46 48 28 25 0 0 26 27 29 24 18 22 0 20 19 23 0 0 0 4 7 10 5 
38 33 0 35 36 34 0 25 0 0 0 26 28 29 0 0 6 0 10 0 9 45 44 43 40 0 39 0 21 0 24 23 19 20 0 17 0 15 14 13 12 16 0 2 0 46 0 3 47 
31 26 30 28 29 27 0 18 0 20 23 19 21 22 0 1 48 46 3 47 2 38 0 36 33 35 32 34 14 0 0 0 0 13 15 10 4 8 7 6 0 9 0 0 43 39 42 0 40 
3 47 0 49 1 48 46 39 45 0 0 40 42 43 21 22 0 18 24 0 23 10 9 8 0 7 4 6 0 32 38 0 33 34 36 0 25 29 0 27 26 30 0 0 15 11 0 17 0 
0 0 23 21 22 0 0 11 17 13 16 12 14 15 42 43 41 39 45 40 44 31 30 29 26 28 25 0 0 0 0 9 0 6 0 0 46 1 49 48 47 2 0 37 36 32 35 0 33 
9 0 0 6 7 5 3 45 0 0 1 0 48 49 27 28 26 24 30 0 29 16 15 14 0 13 10 12 41 38 44 0 39 40 42 37 31 35 0 33 32 36 0 22 21 17 20 23 18 
2 0 1 48 0 47 45 38 44 0 43 39 41 42 20 0 19 17 23 18 22 9 8 7 4 6 0 0 34 31 37 0 32 33 35 30 0 28 27 26 25 29 0 0 14 10 13 0 0 
44 39 43 41 0 40 38 31 0 33 0 32 34 35 13 14 0 10 0 11 15 0 1 49 0 48 0 47 0 0 30 0 0 0 28 23 0 0 20 0 0 22 5 8 7 3 6 9 0 
23 18 0 20 0 19 0 10 16 12 15 11 13 0 41 0 40 0 44 0 43 30 0 28 25 27 0 0 6 3 9 8 4 5 0 2 45 49 48 0 0 1 0 0 35 31 34 0 32 
16 11 0 13 14 12 10 3 9 5 8 4 6 7 34 35 33 31 37 32 36 23 22 21 18 0 0 0 0 45 2 1 46 47 49 0 0 0 41 40 39 0 0 29 0 24 0 30 25 
30 25 29 0 28 26 0 17 23 19 22 0 0 21 48 49 0 45 2 46 0 37 36 35 32 34 0 33 13 0 0 0 11 0 14 9 3 7 6 5 4 8 0 43 42 38 0 0 0 
37 32 36 34 0 33 31 0 30 0 0 25 27 28 6 0 5 0 9 4 8 44 43 42 0 41 0 0 0 17 23 22 0 19 21 0 0 14 13 0 11 15 0 0 49 45 48 2 0 
