7
33 0 35 32 0 36 38 43 41 42 44 40 45 0 5 0 4 10 6 0 0 0 0 16 17 0 14 11 20 24 23 21 0 0 22 0 28 30 0 26 0 29 47 46 3 1 48 49 2 
40 44 42 0 41 43 45 0 48 0 0 0 3 46 0 16 11 17 13 15 14 20 19 0 0 0 21 0 27 31 30 28 25 26 0 34 35 37 32 33 0 0 0 0 10 8 6 7 9 
47 0 49 0 0 0 3 8 0 0 0 0 0 4 19 0 18 24 20 22 21 27 26 0 31 29 28 0 0 0 0 35 32 33 0 0 42 44 39 40 45 43 12 11 0 15 0 0 16 
19 23 21 0 20 22 24 0 27 28 30 26 31 25 40 44 0 45 41 43 42 48 47 2 3 0 49 46 0 10 9 7 4 5 0 0 0 0 11 12 17 0 33 32 38 36 34 35 37 
12 16 14 11 13 15 17 22 20 21 23 19 0 18 0 0 32 38 34 36 35 41 0 44 45 43 42 0 48 3 0 0 46 47 1 6 7 9 4 5 0 8 0 25 0 0 27 28 0 
0 9 7 4 0 0 10 15 13 14 16 12 0 11 26 30 25 31 27 0 0 0 33 37 0 0 35 32 41 45 44 0 39 40 43 48 49 2 0 0 3 1 0 18 24 22 0 21 23 
26 30 28 25 0 29 0 36 0 35 37 33 0 32 47 2 46 0 48 1 49 0 5 9 0 8 7 4 13 0 0 14 11 0 15 20 21 23 18 19 24 22 40 0 45 43 41 42 44 
0 0 0 22 24 26 28 33 31 0 34 30 35 0 44 48 43 49 45 47 0 3 2 6 7 5 4 1 10 0 0 11 0 0 12 17 0 20 0 16 0 19 37 36 0 40 0 39 0 
9 13 11 8 10 12 14 19 17 18 20 16 21 15 30 0 29 35 0 33 32 38 37 41 0 0 39 36 0 0 0 46 0 0 47 3 4 0 0 2 7 5 23 0 28 0 24 0 0 
16 20 0 15 17 19 21 0 24 25 0 23 28 22 37 0 36 0 0 0 39 45 44 48 0 0 46 43 0 7 0 4 0 2 5 0 11 0 8 0 14 0 30 29 35 0 31 0 34 
37 0 0 36 38 40 42 0 0 46 48 44 49 43 9 13 8 14 10 12 11 0 16 20 21 0 18 15 24 0 27 25 22 0 26 31 32 34 29 30 0 0 2 1 7 5 0 0 0 
30 0 32 29 0 33 0 40 38 0 41 37 0 0 2 6 1 7 0 5 4 0 0 13 14 0 0 8 0 0 20 18 15 16 19 0 25 27 22 0 0 26 44 43 49 0 45 0 0 
2 6 4 1 3 5 7 12 10 0 13 9 14 8 23 27 22 28 24 0 25 31 30 34 35 33 0 29 38 42 41 39 36 37 40 45 46 0 43 44 49 47 16 15 21 19 0 18 20 
0 48 46 43 45 47 49 5 0 4 6 0 7 1 0 0 15 21 17 19 18 24 0 27 0 26 25 22 31 35 34 32 29 30 0 38 39 41 36 0 42 40 9 8 14 0 10 0 13 
0 0 9 0 0 0 12 17 15 16 18 14 19 0 28 0 0 0 0 31 0 36 35 39 40 38 37 34 0 47 46 44 41 42 0 1 0 4 48 49 5 3 21 20 0 24 0 23 0 
0 0 2 48 0 3 0 10 0 9 0 7 12 6 21 25 20 26 0 0 23 0 28 32 33 0 30 0 0 40 39 0 34 35 0 0 44 46 41 42 0 45 14 13 19 0 15 16 18 
0 39 37 34 36 38 40 45 43 44 46 42 47 41 0 0 6 12 8 0 0 15 0 18 19 17 0 13 22 0 0 0 20 21 24 29 0 32 27 28 33 0 0 48 5 3 1 2 4 
42 0 44 41 43 45 47 0 1 2 4 49 0 48 14 18 13 0 0 17 16 0 21 25 0 0 23 0 29 33 32 30 27 0 31 36 37 39 34 0 0 38 7 0 0 10 8 0 0 
0 0 30 27 29 31 0 38 36 37 0 35 40 34 0 4 48 5 1 0 2 8 7 11 12 10 9 6 15 19 18 16 13 14 0 22 0 0 20 0 0 24 0 41 47 45 0 44 0 
14 18 16 0 15 17 19 0 0 23 25 21 0 20 0 0 34 40 36 38 37 0 42 46 0 45 44 41 0 5 4 2 0 49 0 8 9 0 6 7 0 10 28 27 33 31 29 30 0 
21 25 23 20 22 24 26 31 29 30 0 28 33 27 42 46 41 47 0 45 44 1 49 0 5 3 2 0 0 12 11 9 6 7 0 0 0 0 13 14 19 17 35 34 40 38 36 0 39 
41 45 0 0 42 44 46 2 49 0 3 48 4 0 13 17 0 0 14 0 15 21 20 24 25 23 0 19 0 32 0 29 0 0 0 35 36 38 33 34 39 37 0 5 11 9 7 8 10 
0 0 1 47 49 2 0 9 7 8 0 6 11 5 0 24 19 0 21 23 0 28 27 0 0 30 29 26 0 0 0 36 33 34 37 0 0 45 0 41 46 0 0 12 0 16 14 15 17 
20 24 22 19 0 23 0 30 28 29 31 0 32 26 41 0 40 46 42 44 43 49 0 0 0 2 1 47 7 11 10 8 0 6 0 14 15 0 12 13 18 16 34 0 39 0 0 36 38 
27 31 0 0 0 30 32 37 0 36 0 34 0 0 48 3 0 4 0 2 0 7 0 10 11 9 0 5 14 18 17 0 12 0 16 21 0 0 19 0 0 23 41 0 46 0 42 43 45 
6 10 8 0 0 9 11 16 14 0 17 13 18 12 27 31 26 32 28 30 0 35 34 38 39 37 36 33 42 46 0 0 40 41 44 49 1 3 47 48 4 2 20 0 25 23 21 22 24 
34 0 0 0 35 37 0 44 42 0 45 41 46 40 6 10 5 11 7 9 8 0 13 0 18 16 0 12 21 25 0 22 19 0 0 28 0 31 26 27 0 0 48 47 4 2 49 1 0 
13 17 15 12 14 0 0 23 0 22 0 20 25 19 34 38 33 39 0 37 0 0 41 0 0 44 0 40 49 4 3 1 47 48 2 7 8 0 5 6 11 9 0 26 0 30 28 29 31 
8 12 10 7 9 0 13 18 16 17 0 15 20 14 29 33 28 0 30 32 31 37 36 40 0 39 38 35 44 48 47 45 42 43 46 2 3 0 49 1 0 4 22 0 0 0 0 24 0 
43 0 45 42 0 46 48 4 2 3 0 1 0 49 15 0 14 20 16 0 17 23 22 26 27 25 24 21 30 34 33 31 28 0 32 0 38 0 0 36 41 39 8 0 0 11 0 10 12 
0 33 0 0 0 32 34 39 37 38 0 36 41 35 1 5 49 6 0 4 3 9 8 12 0 11 10 0 16 20 19 17 14 15 18 23 0 26 0 0 27 0 0 42 48 0 0 45 47 
22 26 24 21 0 25 0 0 0 31 33 29 34 28 43 0 42 48 44 46 45 2 1 0 6 0 3 0 0 0 12 10 7 8 0 16 17 0 14 0 0 18 0 0 41 0 37 0 40 
0 0 0 35 0 39 41 0 44 45 0 0 48 42 8 12 7 13 9 11 0 0 0 19 0 18 17 14 23 0 26 24 0 22 25 30 0 33 28 29 34 32 1 49 6 4 0 3 5 
1 0 3 0 0 4 6 11 0 10 12 0 13 7 22 0 0 27 23 25 24 30 29 33 34 0 31 28 37 41 40 38 0 36 39 44 45 47 42 43 48 46 15 14 0 0 16 17 19 
15 19 17 14 0 18 0 25 23 24 0 0 0 21 36 40 35 41 0 39 0 44 43 47 48 46 45 0 0 0 0 3 49 1 4 9 10 0 7 0 13 11 29 0 34 32 30 31 33 
0 14 12 9 11 13 0 0 18 19 21 0 22 0 0 0 30 36 32 34 0 39 0 42 43 41 0 37 46 1 49 47 44 45 48 4 0 0 0 3 8 6 24 23 29 27 25 26 28 
0 7 5 2 4 6 8 13 11 12 14 10 15 0 24 28 23 0 0 27 26 0 31 35 36 34 33 30 39 43 42 40 37 38 0 46 47 49 0 45 1 48 17 16 22 20 0 19 0 
31 0 33 30 32 34 36 0 0 40 0 38 43 0 0 0 2 8 0 0 5 0 0 0 15 13 12 9 18 22 0 0 0 0 0 25 0 0 0 24 29 0 0 0 1 48 46 0 49 
24 28 26 23 25 27 0 34 32 33 35 0 36 30 0 0 44 1 46 48 47 0 3 0 8 6 5 2 0 0 14 0 9 0 13 18 0 0 16 17 22 20 38 37 43 41 0 40 42 
17 21 19 16 0 20 0 27 25 26 28 24 29 23 0 42 37 43 39 41 40 46 45 49 1 48 0 0 4 0 7 5 2 3 6 0 0 0 9 10 15 0 0 0 36 34 0 0 35 
38 0 40 37 0 41 43 48 46 47 49 45 1 44 10 14 9 15 11 13 12 18 17 21 22 20 0 16 25 29 28 26 23 24 27 32 33 35 30 31 36 34 0 2 0 0 0 5 7 
45 49 47 44 0 48 1 6 4 0 0 0 8 2 17 21 16 22 0 20 19 25 0 28 0 27 26 23 32 0 35 33 0 0 0 0 0 0 37 38 43 0 0 9 15 0 11 12 0 
46 1 48 45 47 49 2 7 5 0 0 4 9 0 18 22 17 23 19 21 20 26 0 29 30 28 0 24 33 37 0 34 0 32 35 40 41 43 38 39 44 0 11 10 16 14 12 13 15 
39 43 41 38 40 0 0 49 0 0 0 0 2 45 11 15 10 0 12 0 0 19 18 22 23 21 20 17 26 30 29 0 24 0 28 33 0 36 31 32 0 35 0 0 0 7 5 0 8 
4 8 6 3 5 0 0 0 0 0 0 0 16 0 25 29 0 30 26 28 27 33 0 36 0 35 34 31 40 0 0 41 38 0 42 47 48 1 45 46 2 49 18 17 23 0 19 20 22 
0 0 34 31 0 0 0 0 40 0 43 39 44 38 0 0 3 9 0 7 6 0 0 15 0 14 13 0 19 0 22 20 0 18 21 26 27 29 24 25 30 0 0 0 0 49 47 48 1 
18 22 20 17 19 0 23 28 0 0 29 0 30 24 0 0 38 0 40 42 0 47 0 0 2 49 0 0 5 0 0 6 3 4 7 12 13 15 10 11 16 14 32 31 0 35 0 34 36 
11 15 0 10 0 14 16 21 0 0 22 18 23 17 32 0 31 0 0 0 0 40 39 43 44 42 0 0 0 0 1 48 45 46 49 0 0 8 3 0 9 7 0 24 30 28 26 27 29 
25 29 27 0 0 28 30 35 0 34 0 32 0 31 0 1 45 2 47 49 48 5 0 8 9 0 6 3 12 0 15 13 0 11 14 19 20 0 17 0 23 21 0 38 44 0 40 0 43 
