7
0 14 0 0 11 0 10 0 20 21 22 0 16 17 37 42 39 0 40 38 41 47 0 0 1 0 45 48 0 31 36 35 0 32 33 29 28 0 26 25 0 27 7 0 8 0 4 5 0 
26 28 27 29 25 0 24 0 34 35 36 32 0 31 0 7 0 8 5 3 6 0 0 0 0 14 0 13 44 45 0 49 48 46 0 0 42 37 0 39 0 0 0 17 22 16 18 19 20 
47 49 48 1 0 44 0 0 6 7 0 4 0 3 0 28 25 29 26 24 27 33 30 0 0 35 31 34 0 17 22 21 20 0 19 15 14 9 12 11 0 13 42 38 43 0 0 0 41 
0 7 0 8 4 2 3 12 13 0 0 0 0 10 30 35 32 36 0 31 34 40 37 39 0 42 38 0 0 24 29 0 0 25 26 0 21 0 19 18 0 20 49 0 0 0 46 47 48 
0 21 20 22 18 16 0 0 27 0 29 25 23 24 44 49 46 1 0 45 48 0 2 4 0 7 0 6 37 38 0 42 0 39 40 36 35 30 33 32 0 34 0 0 15 9 0 12 13 
33 0 34 36 32 30 31 40 41 42 43 39 37 38 0 0 11 15 0 0 13 0 16 18 22 0 17 20 2 3 8 0 0 0 0 1 49 0 0 46 45 0 0 24 29 23 0 26 0 
40 42 0 43 39 37 38 47 48 49 1 46 44 45 0 0 18 0 19 17 0 0 23 25 29 28 24 0 9 10 0 14 13 11 12 0 7 2 0 0 3 6 35 31 36 0 32 0 34 
34 36 35 0 0 31 0 41 42 0 44 40 38 39 0 15 0 16 13 11 0 20 0 19 23 22 18 0 3 4 9 0 7 0 0 2 0 0 48 0 0 49 29 25 0 24 0 0 28 
20 22 21 23 19 17 18 0 0 29 0 26 24 0 45 1 0 2 48 46 49 6 0 5 0 0 4 7 0 39 44 43 42 0 0 37 0 0 34 33 32 35 15 0 16 0 12 13 14 
0 43 42 44 0 38 0 0 0 1 2 47 0 46 17 22 19 23 20 18 21 0 24 26 30 29 0 28 10 11 16 15 0 0 13 9 8 0 6 0 4 7 36 0 37 31 33 34 0 
48 1 49 2 47 45 46 6 7 8 9 5 3 4 24 29 26 0 27 0 28 0 31 33 37 0 0 0 17 18 0 0 0 0 0 16 15 10 0 12 11 0 43 39 0 0 40 41 42 
0 29 28 0 26 0 0 34 35 0 0 0 31 32 0 8 0 0 6 4 7 0 10 12 16 0 11 0 45 0 2 1 0 0 48 44 43 38 41 40 0 0 0 18 0 17 19 20 21 
13 15 14 16 12 10 0 20 21 22 23 0 17 0 38 0 0 44 41 39 42 48 45 47 0 0 0 49 31 0 37 36 35 33 34 30 29 24 0 26 25 28 8 0 9 0 0 6 0 
0 8 0 9 5 3 4 0 0 15 16 12 10 11 31 0 33 37 34 32 35 0 38 40 44 43 0 0 24 25 30 29 0 26 27 23 22 17 20 19 18 21 1 0 2 45 47 48 49 
10 12 11 0 9 0 8 0 18 19 20 16 0 0 35 40 0 41 38 36 39 45 0 0 48 47 0 46 28 29 34 33 0 0 0 27 0 21 24 23 22 0 0 1 0 49 2 3 4 
0 40 39 41 37 0 0 45 46 0 48 44 0 43 14 19 0 20 0 15 18 24 21 23 27 26 22 25 7 8 13 12 0 9 10 0 5 49 3 2 1 4 33 0 34 28 30 31 0 
45 0 46 0 0 42 0 3 4 0 6 2 49 0 21 26 23 0 24 0 25 31 0 30 34 0 29 0 0 15 20 19 18 16 17 13 12 0 0 0 8 0 0 36 0 35 37 38 0 
3 5 4 6 2 0 0 10 11 12 13 9 7 0 0 0 30 34 31 0 32 38 35 0 41 0 0 39 21 22 0 0 25 23 24 0 0 14 17 0 15 0 0 0 48 0 44 45 0 
0 26 25 27 0 0 22 31 32 33 34 0 0 0 49 0 0 0 3 0 0 0 0 9 13 0 8 11 42 43 48 0 0 0 45 41 0 35 38 37 36 0 19 15 0 14 0 17 18 
17 19 18 20 16 14 0 24 25 26 27 23 21 22 42 47 44 48 45 43 46 3 0 2 0 0 1 4 0 36 41 0 0 37 38 34 33 0 31 30 0 32 0 0 0 7 0 10 11 
31 33 0 34 30 0 29 38 0 40 41 37 0 36 7 12 9 0 10 8 0 17 14 16 20 19 15 0 49 0 0 0 4 2 3 0 0 42 45 0 0 46 26 22 0 0 0 24 25 
0 41 40 42 0 0 0 0 0 0 49 45 43 0 15 0 0 21 18 0 0 0 22 0 0 27 23 26 8 9 14 13 0 10 11 0 0 0 0 3 2 0 0 30 0 29 31 0 33 
0 20 0 0 17 15 0 0 0 0 28 0 0 23 43 48 45 49 46 44 0 4 1 3 7 6 2 0 36 37 42 0 40 38 39 35 34 29 0 0 30 33 13 0 14 0 10 11 12 
25 27 26 0 0 22 0 32 0 34 35 31 29 30 1 6 0 7 0 0 5 11 8 10 14 0 0 12 43 44 0 48 0 45 0 0 41 0 39 38 37 40 20 16 21 15 17 18 19 
4 0 5 7 3 1 0 11 12 13 14 10 8 0 29 0 0 35 32 30 33 39 36 38 42 0 0 0 22 23 28 0 0 24 0 21 0 15 18 17 16 0 48 0 49 0 45 46 0 
46 48 0 49 45 43 44 4 0 6 7 3 1 0 22 27 24 28 25 23 26 32 0 0 0 34 30 33 15 0 0 20 19 17 0 0 13 8 11 0 9 0 41 37 42 0 38 39 40 
11 13 12 14 10 0 9 18 19 0 21 17 0 16 0 41 38 42 0 37 40 46 43 45 0 0 0 47 29 30 0 34 0 31 32 28 27 0 25 24 23 26 6 2 7 1 0 4 5 
32 34 33 35 31 29 0 39 40 41 0 0 36 37 8 13 10 0 11 9 12 0 0 17 21 20 16 19 1 0 7 0 5 3 0 49 48 43 0 0 44 47 27 23 0 22 24 0 0 
44 46 45 0 43 41 0 0 3 4 0 1 48 0 0 0 22 26 23 21 0 30 27 29 33 0 0 31 13 0 19 0 17 15 16 0 0 0 9 8 7 10 39 35 40 0 36 37 38 
16 18 17 0 15 13 14 23 0 0 26 22 20 21 0 46 43 0 44 0 0 2 48 0 0 4 49 3 0 35 40 39 38 36 37 0 32 27 30 0 28 31 11 0 12 6 0 0 10 
2 4 3 5 1 48 49 9 10 11 12 8 6 7 27 32 29 33 30 28 31 37 0 0 0 39 35 38 20 0 26 25 24 22 0 0 18 13 16 15 14 0 46 42 47 41 43 44 0 
0 39 38 40 0 0 35 0 0 46 0 43 41 42 13 18 15 19 0 14 17 23 20 22 0 25 21 24 6 7 12 0 10 8 9 5 4 48 0 1 0 3 0 28 33 27 29 0 31 
9 0 10 0 8 6 7 16 0 18 0 15 13 0 34 39 36 40 37 35 0 44 41 0 47 46 42 45 0 28 33 32 0 29 30 0 25 0 23 22 0 24 4 49 5 48 1 0 3 
30 32 0 33 0 27 0 37 38 0 0 36 34 35 6 0 8 0 0 7 10 16 0 15 19 18 14 17 48 49 0 0 0 1 0 47 46 41 44 43 42 0 25 0 26 20 0 23 24 
23 25 0 0 22 20 21 30 0 32 33 0 27 0 48 4 1 5 2 0 0 0 0 8 12 0 7 0 0 42 47 46 0 0 44 40 39 34 37 36 35 38 18 14 0 13 15 16 0 
0 44 43 45 0 39 40 49 1 0 3 0 46 0 18 23 20 0 21 0 22 28 25 27 0 30 26 29 11 12 17 16 15 13 14 0 9 4 7 0 5 8 0 0 38 0 0 0 36 
14 16 15 17 13 11 0 0 22 23 24 20 18 19 39 44 41 45 42 40 43 49 0 48 3 2 47 1 32 33 38 37 0 34 35 31 0 0 28 27 26 0 0 5 0 4 0 0 8 
0 0 8 10 0 4 5 0 0 16 17 13 0 0 32 37 0 38 35 33 36 0 39 41 0 44 40 43 25 26 0 30 29 27 28 24 23 18 0 20 0 22 2 47 3 46 48 49 1 
28 30 0 0 27 25 0 0 0 37 38 0 0 33 0 9 6 0 7 5 0 14 11 13 17 0 12 15 46 47 0 2 1 48 49 45 44 39 0 0 40 0 23 19 24 18 0 21 22 
21 23 0 0 20 0 0 0 0 0 0 27 25 0 46 0 0 3 49 0 1 7 0 0 10 9 5 8 39 40 45 44 43 41 0 0 37 32 35 34 33 0 16 0 0 11 0 14 0 
49 2 1 0 48 46 0 0 8 9 10 6 4 5 25 0 27 0 28 0 29 0 32 34 38 37 33 36 18 19 24 0 22 20 0 17 16 0 14 13 12 15 44 40 0 39 41 42 43 
35 37 36 38 0 0 33 42 0 44 45 41 39 40 0 16 0 0 0 12 15 0 0 20 0 23 0 22 4 0 10 9 0 0 0 0 0 0 49 48 47 1 0 0 31 25 27 28 0 
0 0 0 11 7 5 0 15 0 17 18 14 0 0 0 0 35 0 0 0 37 43 40 42 46 0 41 44 26 27 0 0 0 28 29 25 0 0 0 0 20 0 0 0 4 47 49 1 0 
22 0 23 0 0 0 20 29 0 0 0 28 26 27 47 3 49 0 0 48 0 8 0 7 11 0 0 9 40 41 0 45 44 0 43 39 38 0 36 35 34 0 17 13 18 0 14 0 0 
29 31 0 32 28 0 27 36 37 38 39 0 33 0 5 10 7 0 8 0 9 0 12 0 0 17 13 16 0 48 4 3 2 49 1 46 45 0 0 42 41 0 24 0 25 19 0 0 23 
15 0 16 18 0 0 0 22 23 24 25 0 0 20 40 0 42 0 0 41 44 1 0 49 0 3 48 2 0 0 39 0 37 35 36 32 31 0 29 0 0 0 10 0 11 5 7 8 0 
0 3 2 4 49 47 0 8 0 0 11 7 5 6 26 31 28 32 29 0 0 36 33 0 39 38 34 0 19 0 25 0 0 21 0 0 17 12 15 0 13 16 45 41 0 40 42 43 44 
0 38 37 39 35 33 34 43 44 0 46 42 40 41 12 17 14 0 0 0 0 22 19 0 25 24 20 23 5 6 11 10 9 7 0 4 3 47 0 0 48 2 31 27 32 0 0 29 0 
0 0 44 46 42 40 0 0 0 0 0 49 47 48 19 24 21 0 22 20 23 0 26 28 32 31 27 0 0 0 0 17 0 14 15 11 10 5 8 7 6 9 38 34 39 33 0 36 0 
