7
29 25 0 0 0 23 0 43 42 38 41 0 39 37 8 5 3 6 0 7 0 0 0 31 36 34 0 35 12 11 9 13 0 10 15 19 22 21 16 18 17 0 47 46 44 45 1 49 48 
36 32 33 0 0 30 35 1 0 0 48 0 0 0 15 0 0 13 9 14 0 40 39 38 0 0 37 42 19 18 0 20 0 0 0 26 0 28 23 25 24 27 0 0 0 0 8 0 6 
0 46 0 0 48 44 49 0 14 10 13 12 11 9 0 0 0 0 23 0 25 0 0 3 0 0 2 7 0 32 30 34 35 31 0 40 43 42 37 39 38 41 19 18 16 17 0 0 20 
43 0 40 38 41 37 42 8 7 3 6 0 4 2 0 19 0 0 0 0 18 47 0 45 1 0 44 49 0 0 0 0 28 0 29 0 36 0 30 32 31 34 12 11 9 10 15 14 0 
0 4 0 3 6 2 7 0 21 0 20 19 18 16 36 33 0 34 30 0 32 0 11 10 15 0 0 14 0 39 37 41 42 0 43 47 0 0 0 46 0 48 26 0 0 24 0 0 27 
22 18 19 17 20 16 21 36 0 0 34 33 32 30 1 47 45 48 0 49 46 0 25 24 29 27 23 0 5 4 2 0 0 3 8 0 15 0 9 0 10 13 40 0 37 38 43 42 41 
15 11 0 10 13 9 14 29 28 24 0 26 25 23 43 40 38 41 0 42 39 19 0 17 0 20 16 21 0 46 44 48 49 45 1 0 0 0 0 4 3 6 33 32 30 31 0 35 34 
44 40 41 0 42 38 0 9 8 4 7 6 5 0 23 20 0 21 17 0 19 0 47 46 2 49 45 1 27 26 24 28 29 25 30 34 37 36 31 33 32 0 13 12 10 11 16 15 14 
16 0 13 11 14 10 15 30 29 25 28 27 26 0 44 41 39 42 0 43 40 20 19 18 0 21 17 22 48 0 45 0 0 46 2 0 0 8 3 5 4 7 34 0 31 0 0 36 35 
9 0 6 4 7 0 8 0 0 0 21 20 19 17 37 0 32 35 0 36 0 0 0 11 16 0 0 15 0 40 0 0 43 0 0 48 0 1 0 47 46 49 27 26 24 25 30 0 28 
2 47 48 46 0 0 0 0 15 11 0 13 12 10 30 27 25 28 0 0 26 6 5 0 0 7 3 0 0 33 31 0 36 0 37 41 44 43 38 40 39 0 20 0 17 18 23 0 21 
30 26 0 0 0 24 29 44 43 39 0 0 40 38 9 6 4 7 0 8 5 34 0 0 37 35 31 36 0 12 10 14 15 11 0 20 23 22 17 19 18 21 0 0 0 0 2 1 49 
23 19 0 18 21 17 22 0 36 0 35 0 0 0 0 48 46 0 45 0 47 27 26 25 30 28 24 29 6 5 3 0 8 0 9 13 16 0 10 12 11 14 0 40 38 39 0 43 42 
37 33 0 32 35 31 0 2 1 46 49 48 47 45 0 13 11 0 10 15 12 41 40 39 44 42 0 43 20 19 0 21 0 0 23 0 30 0 0 26 0 28 6 5 0 4 0 8 0 
42 38 39 0 40 0 41 7 6 2 5 4 3 1 21 0 0 19 15 20 0 46 0 44 0 47 43 48 25 0 22 26 27 0 0 0 35 34 29 31 0 0 11 10 0 9 0 13 0 
35 31 32 30 33 29 0 49 48 0 0 46 0 43 14 0 0 12 8 13 10 39 38 37 42 40 36 41 0 17 15 0 0 16 21 0 28 0 0 24 23 26 4 3 1 2 0 0 5 
14 10 11 9 12 8 0 0 27 0 0 0 0 22 0 0 0 40 36 0 0 0 0 0 0 19 0 20 46 45 43 47 0 44 49 0 0 6 1 0 2 5 32 31 29 30 35 34 0 
7 3 4 2 0 1 6 21 0 16 19 18 0 0 35 0 0 33 29 34 31 11 10 9 14 0 8 13 39 38 36 40 41 0 42 46 0 0 43 45 44 47 25 24 0 0 0 27 26 
21 17 18 16 19 15 20 35 34 30 33 32 31 29 0 0 0 47 0 48 0 25 0 23 0 26 22 0 4 3 0 5 0 2 7 11 14 13 8 10 9 12 39 38 36 37 42 0 40 
28 24 0 23 26 22 27 0 41 37 40 39 0 36 0 0 2 0 1 6 3 32 0 30 35 33 29 34 11 10 0 12 13 0 14 18 0 20 0 0 16 19 46 0 43 44 49 0 47 
49 45 46 44 0 43 0 14 13 9 12 0 0 8 0 25 23 0 22 27 24 4 0 0 0 0 0 6 0 31 29 0 34 0 35 39 42 0 0 38 37 40 18 17 15 16 0 0 19 
0 0 0 8 0 7 0 27 26 22 25 24 0 0 41 38 36 39 35 40 37 17 16 15 20 18 0 19 45 0 0 46 47 0 48 3 6 5 0 0 1 4 0 0 28 29 34 33 0 
20 0 17 15 18 14 0 34 0 0 0 31 0 28 0 45 0 46 42 0 44 24 0 22 0 25 0 26 0 2 49 4 0 1 6 0 0 12 7 0 8 0 38 0 35 0 41 40 39 
27 23 0 22 25 21 0 0 40 0 39 0 37 35 6 3 0 0 0 5 0 0 30 29 34 32 0 33 10 9 7 11 12 8 13 17 20 19 14 0 0 0 0 44 42 43 48 0 0 
48 44 45 43 46 42 0 0 12 8 0 0 0 7 0 24 22 25 21 26 23 0 2 1 0 0 49 0 0 30 28 32 33 0 0 0 0 0 35 0 36 0 17 16 14 0 0 19 0 
6 2 3 0 0 0 5 0 19 15 18 17 16 14 34 31 29 0 28 33 30 10 0 8 13 0 0 12 0 37 35 39 40 36 41 45 0 47 42 44 43 46 24 23 0 22 0 26 25 
41 0 38 36 0 35 40 6 5 1 4 3 2 49 0 17 15 0 14 19 16 0 0 43 48 46 42 47 24 23 0 0 26 0 27 31 0 0 0 30 29 32 0 0 7 8 13 12 11 
0 30 31 29 0 28 0 0 47 0 0 45 0 42 13 0 8 11 7 12 9 38 0 36 41 39 35 0 17 0 14 18 19 15 0 0 27 26 21 0 22 25 3 0 49 1 6 0 4 
17 0 0 0 15 11 16 31 30 26 29 28 0 0 0 42 40 43 39 44 0 21 20 0 0 22 0 23 49 0 46 1 2 47 3 7 10 9 4 0 5 0 0 0 0 33 38 0 0 
24 20 0 19 22 0 23 38 0 0 36 35 34 0 3 0 47 0 0 2 0 28 27 26 31 29 25 30 0 0 0 8 9 5 0 14 17 0 0 0 12 15 42 0 39 40 45 44 0 
31 27 28 26 29 25 0 45 0 40 43 42 41 0 10 7 5 8 4 0 6 35 34 0 38 36 32 0 14 0 11 15 16 12 17 21 0 23 18 20 0 22 0 48 46 0 0 2 1 
45 0 42 0 43 39 0 10 9 0 8 7 6 4 24 21 19 0 18 23 20 49 48 47 3 1 46 0 28 0 25 29 30 26 31 0 38 0 0 0 0 36 14 13 11 12 0 16 15 
38 0 35 33 36 0 37 3 0 47 1 49 48 46 0 0 0 15 11 0 0 42 41 40 0 43 0 44 21 20 0 22 0 19 24 28 31 30 25 0 0 0 7 6 4 0 0 0 0 
10 6 0 0 8 4 0 24 23 0 22 21 20 18 0 0 33 36 32 37 34 14 0 12 0 0 11 0 0 0 39 43 0 40 45 49 3 0 46 0 0 1 28 27 25 0 31 0 29 
3 48 0 47 1 0 2 0 16 12 0 14 0 11 31 0 0 0 0 30 27 0 0 0 10 8 4 0 35 34 32 36 37 33 38 42 45 44 0 41 0 0 21 0 18 19 24 0 22 
25 21 0 0 23 0 0 0 38 34 0 36 35 33 4 0 0 0 47 3 49 0 28 0 32 30 26 31 8 7 5 9 10 0 0 15 0 0 12 0 0 16 43 0 40 41 46 0 0 
18 14 15 13 0 12 0 0 31 0 30 29 0 26 46 0 41 44 40 45 0 22 0 20 25 0 19 24 1 49 47 2 3 0 4 0 11 0 0 7 0 9 36 35 33 34 0 0 0 
0 42 43 0 44 0 0 11 10 0 9 8 7 0 25 22 20 0 19 0 21 1 49 0 4 0 47 3 0 28 26 30 31 27 0 36 39 38 0 35 34 37 0 14 12 13 0 17 16 
11 7 0 6 9 5 10 25 24 0 23 22 21 19 39 36 34 37 33 38 0 15 14 13 18 16 0 17 43 42 40 0 45 41 46 1 4 0 0 0 48 0 29 28 0 27 0 0 30 
39 35 36 0 37 33 38 0 0 0 2 0 49 47 18 15 13 16 12 0 14 43 42 0 46 0 40 45 22 21 19 23 24 20 25 29 0 31 26 0 27 30 8 7 0 6 11 0 9 
4 49 1 48 2 47 0 18 17 0 16 0 14 0 32 29 27 30 26 31 28 8 7 6 11 9 0 0 36 35 33 0 38 34 39 0 46 0 0 0 0 44 22 21 19 20 0 24 0 
0 28 0 27 0 26 0 0 0 41 44 43 0 40 0 8 6 0 5 10 7 0 35 34 39 37 33 0 15 0 12 16 0 13 18 22 25 24 0 21 0 23 0 0 47 48 4 3 0 
0 8 9 0 10 6 0 0 25 21 24 23 0 20 40 37 0 38 34 0 36 16 15 0 19 17 13 18 44 43 0 0 46 42 47 2 5 0 48 1 0 3 0 29 27 28 33 32 31 
0 0 0 35 38 0 39 5 4 49 0 2 0 0 19 0 0 17 13 0 15 44 43 0 0 45 41 0 0 0 20 24 0 0 0 30 0 32 27 29 28 31 9 0 6 7 12 11 10 
33 29 30 28 31 0 32 47 46 42 45 44 0 41 0 9 0 0 6 11 8 0 0 0 40 38 34 39 16 0 13 17 0 14 0 23 0 25 0 22 21 0 0 1 48 49 0 4 3 
5 1 2 49 3 0 0 19 0 14 0 0 15 0 33 0 28 31 27 32 0 0 8 7 12 10 6 11 37 36 34 0 0 35 40 44 47 46 41 43 42 45 23 22 0 21 0 25 0 
26 0 0 21 0 20 25 40 39 35 38 0 36 0 5 2 49 3 0 0 1 0 29 28 0 31 27 32 9 8 0 10 11 7 12 16 19 0 13 15 14 0 0 0 0 42 0 46 45 
47 0 44 42 0 0 0 0 0 7 10 0 8 6 26 23 0 24 20 25 22 2 0 0 5 3 48 0 30 29 27 0 32 0 33 0 0 39 34 36 35 38 16 15 0 14 0 18 0 
19 15 0 14 17 0 18 0 32 0 0 30 29 27 47 44 42 45 0 0 43 0 22 21 0 24 20 25 0 0 48 3 4 49 5 0 0 11 6 0 0 0 0 36 0 35 40 0 38 
