7
0 49 44 46 48 45 0 17 18 21 0 16 0 0 36 31 32 33 35 30 0 0 13 11 15 10 0 12 0 0 7 2 3 0 6 0 0 39 41 0 43 37 0 0 24 27 25 29 0 
29 0 23 25 27 0 26 45 46 0 0 0 0 1 15 10 11 0 14 0 13 37 0 39 43 0 0 40 0 0 35 0 31 0 34 17 0 0 20 21 22 16 7 5 0 6 4 8 0 
15 14 9 11 13 10 0 31 32 35 33 30 34 0 1 45 0 47 49 44 0 0 0 25 29 24 28 26 18 19 0 16 0 22 20 0 5 0 6 7 8 2 42 40 38 0 0 0 37 
0 21 0 18 20 0 19 38 39 0 40 37 41 43 8 0 4 5 7 2 6 30 0 32 36 31 35 0 25 0 0 0 0 29 27 10 12 11 13 0 15 9 49 0 45 0 0 1 44 
8 0 2 4 0 0 5 24 0 28 0 23 27 0 0 38 39 40 0 37 41 16 20 18 22 0 0 19 11 0 14 0 10 15 0 45 0 46 0 0 1 0 0 0 31 34 32 0 30 
0 42 37 39 0 38 40 10 11 14 12 9 13 15 29 24 25 26 0 0 27 0 0 4 0 3 0 5 46 47 49 44 45 1 0 31 33 32 34 0 36 0 21 0 17 20 0 0 16 
36 35 0 32 0 31 33 3 4 7 5 2 6 8 0 17 18 19 0 16 20 0 0 46 1 0 49 47 0 0 42 0 38 0 41 24 26 25 0 28 29 23 14 0 10 13 11 15 9 
0 30 25 0 29 0 28 0 48 2 49 0 1 3 17 0 0 14 16 11 15 39 43 41 45 0 44 0 0 35 37 0 0 38 0 0 21 0 22 0 24 18 9 7 0 8 6 10 4 
17 0 11 0 15 12 14 33 34 37 35 0 0 0 3 47 48 49 2 46 1 25 29 27 0 26 0 28 20 21 0 18 19 24 22 5 7 6 8 9 10 4 44 42 0 43 41 0 39 
38 37 32 34 0 0 0 5 6 9 7 0 8 0 24 19 20 21 23 18 0 46 1 48 3 47 2 49 41 0 44 39 0 45 43 0 28 27 29 30 31 25 0 14 12 0 13 17 11 
24 23 18 20 22 19 0 40 0 44 42 39 0 0 0 5 6 0 9 4 8 32 0 0 38 33 37 0 27 28 30 25 26 31 29 12 14 13 15 0 17 11 0 49 0 1 0 3 0 
10 0 0 6 8 5 7 26 27 0 28 25 0 31 0 40 41 0 44 39 43 0 22 20 0 0 23 21 13 14 16 11 12 17 15 47 49 48 0 2 0 46 37 35 33 36 34 0 0 
45 0 39 41 43 40 42 12 13 16 14 11 15 17 31 0 27 28 0 25 29 4 8 0 10 5 9 7 0 49 2 46 47 3 0 0 35 34 36 0 38 32 0 21 19 22 0 24 18 
3 2 46 48 0 0 49 0 20 23 21 0 22 24 38 33 0 35 37 32 36 11 15 0 17 12 0 0 6 7 9 0 5 10 0 40 42 41 43 44 45 0 0 28 26 29 0 0 25 
0 4 48 0 3 49 2 21 22 25 0 20 24 26 40 35 0 37 39 0 38 13 0 15 0 14 18 16 8 9 0 6 7 12 10 0 44 43 45 46 0 41 0 30 0 31 29 33 27 
0 0 0 8 0 7 9 28 29 32 30 27 31 33 0 42 43 44 46 41 45 20 0 22 26 21 0 23 15 16 18 13 14 19 17 0 2 0 3 4 5 48 0 37 35 0 36 0 34 
33 32 0 29 31 28 30 49 1 4 2 48 0 5 19 14 0 0 0 0 0 41 45 0 47 42 46 44 0 37 39 34 0 0 38 21 23 22 24 25 26 20 11 9 7 10 0 0 0 
0 0 0 15 17 0 16 35 36 39 37 0 38 40 5 49 0 0 4 48 3 27 0 29 33 0 32 30 0 0 0 0 21 26 24 0 9 0 0 11 0 0 46 44 42 0 43 47 41 
26 25 20 22 24 21 23 42 43 0 44 0 45 0 12 7 8 9 0 6 10 34 38 36 40 0 0 37 29 0 32 27 28 33 31 0 0 0 17 18 0 13 4 2 0 3 1 0 48 
0 0 34 36 38 35 37 7 0 0 9 6 10 12 26 21 22 23 0 20 0 0 3 0 5 49 4 2 43 44 0 41 42 47 45 28 30 29 31 32 33 27 18 16 14 17 15 0 13 
47 0 0 43 0 0 0 0 0 18 16 13 17 0 0 28 29 0 0 27 0 6 10 8 0 0 11 0 1 2 0 48 49 0 0 0 0 0 38 39 0 34 0 23 21 24 0 26 20 
16 15 10 12 14 0 13 0 33 36 34 31 35 37 0 46 0 48 1 45 49 24 0 26 30 25 0 27 19 20 22 17 18 23 0 0 6 5 7 8 9 0 0 41 0 42 40 0 38 
30 0 24 26 28 25 27 46 47 0 48 45 49 0 16 11 12 0 15 0 14 0 42 40 44 39 43 0 33 34 36 31 0 0 35 18 20 19 21 0 23 17 0 0 0 7 5 0 3 
0 1 0 47 49 46 48 18 19 22 0 17 21 23 0 32 0 34 36 31 35 10 0 0 0 11 0 13 0 6 8 0 4 9 7 39 41 0 0 43 44 38 29 27 0 28 26 30 24 
9 8 0 5 7 0 6 0 26 29 27 24 28 30 44 39 40 41 0 38 42 0 0 19 23 0 0 20 0 13 15 10 0 16 14 46 0 47 0 0 2 45 0 34 32 0 33 37 0 
23 22 17 19 0 0 0 39 0 0 41 38 42 0 0 0 5 6 8 3 7 31 0 33 37 32 36 34 26 0 29 24 0 0 28 0 13 12 14 15 16 10 1 48 46 49 47 0 45 
37 36 31 33 35 32 0 0 5 8 0 3 7 0 23 18 19 20 0 0 21 45 49 47 0 0 1 0 0 0 43 38 39 44 42 25 27 26 28 29 30 24 15 13 11 14 12 0 0 
44 43 38 40 42 0 41 0 12 15 0 10 14 0 30 0 26 27 29 24 0 0 7 0 9 4 8 6 47 48 1 45 46 0 49 32 0 33 0 36 0 0 22 0 18 21 19 23 17 
0 0 19 21 23 0 22 41 42 45 0 0 0 46 11 0 7 8 10 5 0 33 0 0 0 0 38 36 28 29 31 26 27 0 30 0 15 14 16 17 18 12 3 1 48 0 0 4 47 
46 45 0 42 0 0 0 0 0 17 15 12 16 0 0 0 28 29 0 0 30 0 9 7 0 6 10 8 0 1 3 47 0 0 2 34 36 35 37 38 39 33 24 0 20 23 21 0 0 
0 31 26 28 30 27 29 48 49 3 1 0 2 4 0 13 0 15 17 12 0 40 44 42 0 41 45 43 35 0 38 33 0 39 37 0 22 0 23 24 0 19 10 8 6 0 0 11 5 
4 3 0 49 0 48 1 20 0 24 22 19 23 25 39 34 0 36 38 33 0 12 0 14 18 13 0 15 7 8 0 5 6 11 9 0 43 42 44 45 46 40 31 29 27 0 0 0 26 
0 0 5 7 9 0 0 27 0 0 29 0 30 32 46 41 42 43 45 40 0 0 23 21 0 20 24 22 14 15 17 12 13 18 0 0 1 0 2 3 0 47 38 36 34 37 0 39 33 
18 0 12 14 16 0 0 34 0 38 36 33 37 39 4 48 49 1 3 47 2 26 30 28 32 27 31 29 0 22 0 19 0 25 0 6 0 0 9 10 0 5 45 0 41 44 0 46 0 
0 0 33 35 37 34 0 6 7 10 0 5 0 11 0 20 0 22 0 19 23 47 2 0 4 48 3 1 0 0 45 40 0 0 44 27 29 28 0 31 32 0 0 15 13 16 14 18 12 
42 41 36 0 0 0 39 9 10 13 11 0 12 14 28 23 0 0 27 0 26 1 5 3 7 2 6 4 45 46 48 43 44 49 47 30 0 31 33 34 0 29 20 18 16 0 0 0 15 
0 27 0 24 0 23 0 0 45 48 0 43 0 49 0 9 10 11 13 8 0 36 40 38 42 37 41 39 31 0 0 29 30 35 33 16 18 17 19 0 21 15 6 4 0 5 3 7 0 
14 13 8 10 0 9 11 0 31 0 32 29 0 35 0 44 45 46 0 43 47 22 0 24 0 23 27 0 17 18 20 0 0 0 0 2 4 0 5 6 7 1 0 0 37 40 38 0 36 
0 0 29 0 33 0 32 2 3 6 4 1 0 7 21 16 17 18 20 15 0 43 47 0 0 44 48 46 38 39 41 36 37 42 40 23 25 24 26 27 28 22 13 0 9 12 10 14 0 
49 48 43 0 47 0 46 16 17 20 18 15 19 21 35 30 31 32 34 29 33 8 12 10 14 9 0 0 3 0 6 0 0 7 0 37 39 0 40 41 42 36 27 25 23 0 0 0 22 
7 0 1 3 5 0 0 0 24 27 25 0 26 28 42 37 38 0 41 36 40 15 19 0 21 0 20 18 0 0 0 8 9 14 12 44 0 0 47 48 0 0 0 32 30 33 0 0 29 
21 0 15 17 19 16 0 37 38 0 39 0 0 42 7 2 3 4 6 1 5 0 33 0 35 30 34 32 24 25 27 0 23 28 26 0 0 10 12 13 0 8 48 46 0 47 45 0 43 
20 19 0 16 18 15 17 36 0 40 38 0 39 41 6 1 0 3 5 49 4 0 0 30 34 29 33 31 23 24 26 21 22 27 25 8 10 9 0 12 13 0 0 45 0 46 44 0 42 
48 0 42 0 46 0 0 0 16 19 17 14 0 20 0 0 0 0 33 0 32 7 11 9 0 8 12 0 2 3 5 49 1 6 4 0 0 37 39 0 0 35 0 0 22 25 23 27 21 
0 33 0 30 32 29 31 1 2 0 3 49 4 6 20 15 0 0 19 0 0 42 46 44 0 0 0 45 0 0 40 35 36 41 39 22 24 23 0 0 0 21 12 10 0 11 9 0 7 
0 40 35 37 39 36 0 0 9 12 10 0 0 13 27 22 23 0 26 21 25 0 4 2 6 1 0 3 44 45 47 42 43 48 46 0 31 30 0 33 34 0 0 17 15 0 16 20 14 
13 12 7 0 11 8 10 29 0 33 31 28 32 34 48 0 44 45 47 42 46 0 25 0 27 22 26 0 16 17 19 14 15 0 0 1 3 2 4 0 6 49 0 0 36 39 37 41 35 
6 0 49 2 0 0 0 22 23 26 0 21 0 27 41 0 0 38 40 0 39 14 0 16 20 15 19 0 9 10 0 7 0 13 0 43 0 44 0 47 48 0 33 0 0 0 30 0 28 
0 26 21 0 25 22 24 0 44 47 45 0 46 48 13 8 9 10 12 7 11 35 39 37 41 0 0 38 0 31 33 0 29 34 32 15 17 0 0 0 0 14 5 3 1 0 0 6 49 
