7
15 14 19 20 17 16 0 5 6 0 2 49 3 4 24 21 27 25 0 0 22 44 43 46 42 0 47 45 37 39 40 41 0 38 0 0 31 32 30 0 34 0 8 0 0 9 13 12 7 
0 49 5 0 3 2 4 40 0 36 37 0 0 39 10 7 0 11 0 12 8 30 0 32 28 34 33 31 23 0 26 0 22 24 0 14 17 18 16 0 0 15 43 46 0 44 48 0 42 
8 7 0 13 10 9 0 0 48 43 44 42 0 0 17 14 20 18 16 19 0 37 36 39 35 41 0 38 30 32 0 0 29 31 28 21 24 25 0 0 27 0 1 4 0 2 6 5 0 
36 0 40 41 0 37 39 0 27 22 23 21 0 25 45 0 48 0 0 47 43 16 15 18 14 0 0 17 9 11 12 13 0 10 7 49 3 4 2 0 6 0 0 32 31 30 34 33 28 
22 0 26 0 24 0 25 12 13 8 9 7 0 11 31 28 34 32 0 0 29 2 0 4 0 0 5 3 44 46 47 48 0 0 42 35 38 39 37 40 41 36 0 0 17 16 20 19 14 
0 28 33 34 31 0 0 0 20 15 16 14 0 0 38 35 41 0 37 0 36 9 8 11 7 13 0 0 2 4 5 0 0 3 49 0 45 0 44 47 0 43 22 0 24 23 0 0 21 
43 0 47 0 0 44 46 33 34 29 0 28 31 32 3 49 6 0 2 5 1 0 22 25 21 0 26 0 16 18 19 20 15 0 14 7 10 0 0 12 13 8 36 39 38 0 41 40 35 
0 17 0 23 0 19 0 8 0 4 5 3 6 0 27 24 30 0 26 29 0 0 46 49 0 2 1 48 40 42 43 44 0 41 38 31 34 35 33 36 0 32 0 14 13 12 16 0 10 
0 38 43 0 41 0 0 0 0 25 0 24 27 28 48 45 2 0 47 1 46 19 0 21 17 23 22 0 0 14 0 16 11 13 10 3 6 7 5 8 9 4 32 35 34 33 37 36 0 
0 45 1 2 48 47 49 36 37 32 33 31 34 35 6 0 9 7 5 8 0 26 25 28 0 30 0 0 19 21 0 0 18 20 17 0 13 14 12 0 16 11 0 42 41 40 44 0 0 
0 31 36 0 34 0 35 22 23 18 19 17 20 21 41 0 44 42 40 0 39 12 11 14 0 16 15 13 5 7 8 0 4 6 3 45 48 49 0 0 0 46 0 0 27 26 0 0 24 
0 24 0 30 0 0 28 15 0 0 12 0 13 0 34 31 0 35 33 36 0 5 4 7 3 9 0 6 47 49 0 0 46 0 45 0 41 0 0 0 0 0 0 21 20 0 23 22 0 
4 0 0 0 6 5 7 43 44 39 0 38 41 0 13 0 16 14 12 15 11 0 32 35 0 37 36 34 26 28 0 0 25 0 24 17 20 21 19 0 23 18 46 49 0 47 2 0 45 
11 10 15 16 0 0 14 1 2 46 47 0 0 49 0 17 23 0 0 22 18 40 39 0 38 0 43 0 33 0 0 37 0 34 31 24 27 28 26 29 30 25 4 7 6 5 0 8 3 
0 23 28 0 26 25 0 0 0 10 11 9 12 13 33 30 36 34 0 35 31 4 0 6 2 8 7 5 46 48 0 1 45 0 44 37 40 0 39 42 43 38 0 0 0 18 22 21 16 
0 9 0 15 12 11 0 49 1 0 46 44 47 48 19 16 0 0 18 21 17 39 38 41 37 43 0 40 32 34 35 36 31 33 0 23 26 27 25 0 0 24 0 0 5 4 0 7 2 
17 0 21 22 19 18 20 7 8 3 4 2 0 6 26 23 29 27 0 28 24 46 45 48 44 0 49 0 39 41 0 0 38 0 37 30 0 34 32 0 36 31 10 0 0 11 0 0 9 
45 44 0 1 47 46 48 35 36 31 32 30 33 34 5 2 0 6 4 7 0 0 24 0 23 29 28 26 0 20 21 0 17 0 0 9 0 13 0 14 15 10 38 41 0 39 0 42 37 
0 0 42 43 0 39 0 28 0 24 25 23 26 27 47 0 0 0 46 0 45 18 17 0 16 22 21 0 11 0 0 0 0 0 9 0 0 6 4 0 8 3 31 34 33 0 36 35 30 
31 30 35 36 33 32 34 21 22 17 18 16 19 20 40 37 43 41 39 42 38 0 0 13 9 0 0 0 4 6 7 8 3 0 2 44 47 0 0 49 1 45 0 0 0 25 29 28 23 
0 2 7 8 5 4 0 42 0 38 39 37 0 0 12 9 15 13 11 14 10 0 0 34 30 36 35 33 25 27 28 29 0 26 0 16 0 20 0 21 0 0 0 48 47 46 1 49 44 
30 29 34 35 0 31 0 20 21 16 17 15 18 0 39 36 42 40 0 0 37 0 9 0 8 0 13 11 3 5 6 0 0 0 1 0 46 47 45 48 0 44 23 26 25 0 28 27 0 
16 15 20 21 0 0 19 6 0 0 3 1 0 5 0 22 28 26 0 27 23 45 44 47 43 0 48 0 38 0 41 42 37 0 36 0 32 33 0 34 0 30 9 0 0 10 14 13 8 
2 1 6 7 0 3 5 41 42 37 38 36 39 40 11 8 0 12 10 0 0 0 30 33 29 35 34 0 24 26 27 28 23 0 22 0 18 19 0 20 21 16 44 0 46 45 49 48 43 
44 43 0 0 46 45 0 0 35 0 0 29 32 0 4 1 7 5 0 6 2 24 23 0 0 28 0 25 17 0 20 21 16 18 0 8 11 12 10 13 14 0 0 40 39 38 0 41 36 
23 22 27 0 25 0 26 13 14 9 10 8 0 12 32 0 35 33 31 34 30 0 2 0 0 0 0 4 45 47 0 0 44 0 43 36 39 40 0 41 42 37 0 19 18 17 21 20 15 
37 36 41 0 39 38 0 0 28 0 24 22 25 26 46 0 49 47 0 48 44 0 0 19 15 0 20 18 10 12 13 0 9 11 8 0 4 0 3 0 0 0 30 33 0 0 0 0 0 
9 8 0 14 11 10 0 48 49 44 45 43 0 47 18 15 21 0 0 20 16 38 37 0 36 42 41 0 0 33 34 35 30 32 29 0 25 26 0 0 0 23 2 0 4 3 0 0 0 
19 18 23 24 21 20 22 0 0 5 6 4 7 8 28 0 31 29 0 0 26 0 47 1 46 0 2 49 0 43 0 0 40 42 39 32 35 0 34 37 38 33 12 15 0 13 17 16 0 
0 32 0 38 35 0 0 23 24 0 20 18 0 0 0 39 0 43 41 44 40 0 12 15 11 17 16 0 6 8 9 10 0 0 4 0 0 0 48 2 3 47 26 0 28 27 0 30 25 
40 39 44 45 42 41 0 0 31 26 0 0 0 29 49 46 3 1 48 2 0 20 19 22 0 0 23 21 13 0 16 0 12 14 11 4 7 0 0 9 0 0 0 36 0 34 0 37 0 
5 4 9 0 7 6 0 44 0 40 41 39 0 43 0 11 17 15 0 16 12 34 0 36 0 38 37 35 0 0 30 31 26 0 25 18 21 22 0 0 24 19 0 1 49 48 3 2 46 
26 0 30 31 28 27 29 16 0 0 0 0 0 15 35 32 38 0 34 0 33 0 5 0 4 10 9 0 48 1 0 0 0 0 0 39 42 0 0 0 45 40 0 22 21 20 24 23 18 
47 46 2 3 49 48 1 37 0 33 34 32 35 36 0 4 10 8 6 0 5 27 26 29 25 31 30 28 20 0 23 24 19 21 18 0 14 15 13 16 17 12 40 0 42 41 45 0 0 
12 11 16 17 0 0 0 2 0 0 0 0 49 0 21 0 24 0 20 0 0 41 0 43 39 0 44 42 34 36 37 38 33 35 0 0 0 29 27 30 0 26 0 8 7 6 0 0 4 
13 12 17 0 15 14 16 3 4 48 0 47 0 2 22 19 25 23 0 24 20 42 41 44 40 46 45 0 0 0 0 0 34 36 0 26 29 30 28 31 32 0 6 9 8 7 11 10 0 
0 40 45 0 0 0 44 0 0 0 0 0 29 0 1 47 4 2 49 0 0 21 20 0 19 0 0 22 14 16 17 0 13 15 0 5 8 9 7 10 11 0 34 0 36 0 0 38 33 
34 33 38 39 36 35 37 24 0 20 0 19 22 23 43 0 46 44 42 45 41 14 13 16 12 18 0 0 0 9 10 11 6 8 5 47 1 2 49 3 4 48 0 0 29 28 32 31 26 
27 26 0 0 29 28 30 17 18 13 14 12 0 16 36 33 39 0 35 38 34 7 0 9 5 11 10 8 49 2 0 4 48 1 0 0 43 44 42 45 0 0 20 23 0 21 25 24 0 
48 47 0 4 1 49 2 38 39 0 0 0 36 0 8 5 11 9 0 10 0 28 27 30 26 32 31 29 21 23 24 0 20 22 0 0 15 16 14 0 18 13 41 44 0 42 46 45 40 
6 5 10 11 8 7 9 0 46 41 42 40 43 44 15 12 18 16 0 0 13 35 34 37 0 39 0 36 28 30 0 32 27 0 26 19 22 0 21 0 25 0 48 2 1 49 4 3 47 
20 19 0 0 0 0 23 0 0 0 0 0 8 9 0 26 32 30 0 0 0 49 48 2 47 4 3 1 0 44 0 46 41 43 40 33 36 37 0 38 39 0 13 16 0 14 18 0 12 
21 20 25 26 0 22 0 11 0 0 8 6 9 10 0 0 33 31 29 32 0 0 0 3 0 5 0 0 43 0 0 47 0 0 41 0 0 38 36 39 40 35 0 0 16 15 19 0 13 
28 27 32 33 30 29 0 0 19 14 15 13 16 17 37 0 40 38 36 39 35 0 7 0 6 12 0 0 1 3 0 5 49 2 48 41 44 45 43 46 47 42 21 24 23 0 0 25 20 
14 13 18 0 16 15 17 4 5 49 0 48 2 0 0 20 0 24 0 0 0 43 42 45 41 47 46 44 0 0 0 40 35 0 34 27 30 31 29 32 33 28 7 10 9 8 0 11 6 
7 0 0 12 9 0 0 0 47 42 43 41 44 0 0 0 0 17 15 18 0 36 35 38 0 40 0 37 29 0 32 33 28 30 27 0 23 0 0 25 0 21 49 3 0 1 5 4 48 
0 41 46 47 44 43 45 32 33 28 0 27 30 31 2 0 5 3 0 4 49 22 0 24 20 0 0 23 0 17 18 19 14 16 13 0 9 10 8 11 0 7 0 38 37 36 0 0 0 
35 34 39 40 37 0 0 25 26 21 0 20 23 24 44 41 47 45 43 0 42 0 14 0 0 19 18 0 8 10 11 12 7 9 6 0 2 3 1 4 5 49 28 31 0 29 0 32 27 
49 0 4 0 2 0 3 0 40 35 36 34 0 38 0 0 12 0 0 11 0 29 28 31 0 33 32 30 0 0 25 26 0 23 0 13 16 17 15 0 0 14 0 45 0 0 47 0 41 
