7
0 38 0 42 40 0 36 31 35 0 30 32 29 0 18 0 15 20 17 19 16 0 0 26 27 0 23 24 0 0 14 9 10 12 13 4 1 3 5 2 7 6 46 47 44 0 43 49 45 
18 17 0 21 19 0 15 10 14 13 0 11 8 12 0 0 43 48 45 47 0 1 4 5 6 7 0 3 36 39 42 37 0 40 41 0 29 31 33 0 35 34 25 26 23 27 22 28 24 
11 10 0 0 12 9 8 0 7 6 2 0 1 0 39 42 36 0 38 40 0 43 46 47 48 49 0 45 0 32 35 30 31 33 34 25 22 24 26 23 28 27 18 0 16 20 0 0 0 
25 24 0 28 26 0 22 0 21 0 0 18 15 19 4 7 1 6 3 5 0 8 11 12 0 0 0 10 0 46 49 44 45 47 48 39 36 38 40 0 42 41 32 33 30 0 0 0 31 
4 0 6 0 0 2 1 0 0 48 44 46 0 0 32 0 29 34 31 0 30 0 39 0 41 42 37 38 22 25 28 23 24 26 27 18 15 17 19 16 0 0 11 0 0 13 8 14 10 
0 31 34 35 33 30 0 24 28 27 0 0 22 0 0 14 8 0 10 0 0 0 18 0 20 21 16 17 0 4 0 2 3 0 0 46 0 45 47 44 49 48 0 0 37 41 36 42 38 
46 45 48 0 47 44 43 38 42 0 37 39 36 40 25 28 22 27 24 0 23 29 0 0 0 35 30 31 15 0 21 16 0 19 20 11 0 0 12 9 0 13 0 0 0 6 1 7 3 
24 23 26 27 0 22 0 0 0 19 0 17 14 18 0 6 0 5 2 4 1 7 10 11 12 13 0 9 42 0 48 43 0 46 47 0 35 0 39 36 41 40 0 32 29 33 28 0 30 
0 0 0 34 32 0 0 23 27 26 22 24 21 25 10 13 7 12 9 11 0 14 0 18 0 0 15 16 0 3 6 1 2 0 5 45 42 0 46 43 48 47 38 0 0 0 35 41 0 
3 2 0 6 4 1 49 0 48 47 43 0 0 46 31 34 28 33 30 32 29 35 38 39 40 41 36 0 21 0 0 22 0 25 26 17 14 16 18 15 20 19 10 0 8 0 7 0 0 
45 44 47 48 0 43 42 37 0 40 36 38 35 39 24 27 0 0 23 25 0 28 31 0 33 34 0 30 14 17 20 15 16 0 0 10 7 9 11 8 0 0 3 4 1 0 0 6 2 
10 9 12 13 11 8 7 2 6 0 1 3 0 4 38 41 35 40 37 39 36 42 0 46 47 0 43 44 28 31 34 29 0 32 33 24 21 0 25 22 27 26 17 18 15 0 14 20 16 
0 16 19 0 18 0 14 9 0 12 8 10 7 0 45 0 42 47 44 0 0 49 0 0 0 6 1 2 35 38 41 36 0 0 40 0 28 30 32 29 0 33 24 25 0 26 0 27 23 
38 37 0 41 0 36 35 30 0 33 29 31 28 32 17 20 14 0 16 0 15 21 24 25 26 27 22 0 7 10 13 8 9 0 12 3 49 2 0 0 0 0 45 46 43 47 0 0 44 
0 0 8 9 0 4 0 47 2 1 0 48 45 0 34 0 31 36 33 35 32 38 0 0 43 0 39 40 24 27 30 25 0 28 29 0 17 19 21 0 23 22 13 14 11 15 10 16 0 
41 0 43 0 42 0 38 33 37 36 32 0 31 0 0 23 17 22 19 21 0 0 27 28 29 0 25 26 10 0 16 11 12 14 0 0 0 5 0 4 9 8 48 49 46 1 0 2 47 
0 47 1 2 49 46 45 40 0 43 39 41 38 42 0 30 24 29 26 28 0 31 0 35 36 0 32 33 0 0 0 18 0 21 22 0 10 0 14 11 16 15 6 7 4 8 0 9 5 
20 19 22 23 21 18 0 12 0 15 11 13 10 14 48 2 45 1 47 49 46 3 6 7 8 0 4 0 0 41 0 39 0 0 0 34 0 33 35 32 0 36 0 28 25 29 0 30 26 
0 12 15 0 0 0 10 0 9 8 4 0 3 0 41 44 38 43 40 42 0 45 48 49 1 2 0 47 31 34 0 32 33 35 0 27 24 0 28 25 30 29 20 21 0 22 17 23 19 
34 33 0 37 35 32 31 26 30 29 25 27 0 28 13 16 10 0 12 14 0 0 20 21 22 23 18 19 0 6 9 4 5 7 8 48 45 47 49 46 2 1 41 42 39 0 38 0 40 
27 26 29 30 0 25 24 19 23 0 18 0 17 21 6 9 3 0 5 0 4 10 13 14 0 16 11 0 0 0 0 46 47 0 1 41 38 40 0 39 0 0 34 35 32 36 31 37 0 
21 20 0 24 22 0 0 13 17 16 12 14 11 0 0 0 46 0 48 1 47 4 7 8 9 10 5 6 0 42 0 0 0 0 44 0 32 34 36 33 0 37 28 29 26 30 25 0 27 
35 34 0 38 36 33 32 27 0 30 26 28 25 29 14 17 0 0 13 0 0 18 21 22 0 24 19 20 0 7 10 0 6 8 9 49 46 48 1 0 3 2 42 43 40 44 39 45 0 
49 48 2 3 0 47 46 41 0 44 0 42 39 43 0 0 25 0 27 29 0 0 35 0 0 38 33 34 0 21 24 0 20 22 23 14 11 13 15 12 17 16 7 8 5 0 4 0 6 
28 27 0 31 0 26 25 20 24 23 19 21 18 0 0 10 0 9 6 8 5 11 14 0 0 17 0 0 46 0 0 47 0 1 2 42 0 41 43 0 45 44 35 36 33 37 32 38 0 
0 41 44 45 43 40 39 34 38 37 0 35 32 36 21 24 0 23 20 22 19 25 0 29 30 31 26 27 11 14 17 0 0 0 16 7 0 6 0 0 10 9 49 1 0 2 0 3 48 
0 0 9 10 0 5 4 0 0 2 0 49 0 0 0 38 0 0 0 36 0 39 42 43 44 0 0 41 25 28 31 26 27 29 30 21 18 0 0 19 24 23 14 15 12 16 11 17 13 
0 0 0 0 15 12 11 0 0 9 0 7 4 0 42 0 0 44 41 43 40 0 49 1 2 3 47 0 32 0 0 0 34 0 0 0 25 27 29 26 0 30 21 22 19 23 18 24 20 
0 35 38 0 37 34 33 28 0 31 27 29 0 30 0 18 12 17 0 16 13 19 0 23 24 25 20 21 5 0 11 0 7 9 10 1 47 0 2 0 4 0 0 0 41 0 40 46 42 
15 14 17 0 0 0 12 0 11 10 0 8 5 9 0 46 40 45 42 44 41 0 1 2 3 4 48 0 0 36 0 0 0 0 38 29 26 0 30 27 32 31 22 23 0 24 0 0 21 
43 42 45 46 0 0 40 35 39 38 0 36 0 37 22 0 19 24 21 23 0 26 29 30 31 0 27 0 0 15 18 13 14 16 17 8 5 7 0 6 11 0 1 0 48 3 47 4 49 
29 28 31 32 0 27 26 0 0 24 20 22 0 23 8 11 5 0 0 9 6 12 0 16 17 0 0 14 47 1 4 0 0 2 3 43 40 42 0 0 0 0 0 37 34 38 33 0 0 
22 21 0 0 23 20 19 14 18 17 13 0 12 16 1 4 47 0 49 2 0 5 0 0 10 11 6 7 0 0 46 41 0 44 45 0 0 35 0 0 39 0 0 30 27 31 26 0 0 
0 7 10 0 9 6 0 0 4 3 48 1 0 2 36 39 33 38 0 37 0 0 43 0 45 0 41 42 26 29 32 27 0 30 31 0 19 21 23 0 25 24 0 0 13 17 0 18 14 
0 0 3 0 2 48 47 42 46 45 0 0 40 44 29 32 26 31 28 0 27 33 36 37 38 39 34 35 0 22 0 20 0 23 24 15 0 14 16 0 18 17 8 0 6 10 5 11 0 
44 0 0 0 45 0 41 36 0 39 35 0 34 0 23 0 0 25 22 24 21 0 0 31 32 0 28 0 13 0 19 14 15 17 18 9 6 0 10 7 0 11 2 3 49 4 48 5 1 
9 8 11 12 10 7 6 0 5 4 0 2 0 3 37 40 34 0 0 0 35 41 44 45 46 0 0 0 27 30 33 0 29 31 32 23 20 22 0 21 26 25 0 17 14 18 0 19 0 
30 29 0 0 31 28 27 22 26 25 0 23 20 0 0 12 6 0 8 10 7 0 16 17 0 0 0 15 48 2 5 0 1 3 4 44 41 43 45 0 47 46 37 38 35 39 34 40 36 
16 15 18 19 17 0 13 8 12 11 7 9 6 10 44 47 41 46 43 0 42 48 0 3 0 5 0 0 34 37 0 35 36 38 0 30 0 29 31 28 33 32 23 24 0 25 20 0 22 
0 22 25 26 24 21 20 15 19 0 0 16 13 0 2 5 0 0 1 0 49 6 9 10 11 12 0 8 41 0 47 0 43 45 0 37 34 36 0 35 0 39 30 31 28 32 27 33 0 
37 36 39 0 38 35 0 29 33 0 28 0 27 0 16 19 13 18 0 17 14 0 23 24 0 0 21 22 0 0 12 7 8 10 11 2 0 1 3 49 5 0 44 45 42 46 41 0 43 
2 1 4 0 3 49 0 0 47 46 0 44 41 45 30 33 0 32 29 31 28 0 37 0 39 0 35 0 20 23 26 0 22 24 25 16 13 0 17 14 0 0 9 10 0 11 6 0 8 
0 32 35 36 34 31 30 25 29 28 24 26 23 27 0 0 9 14 11 0 0 0 19 0 21 22 17 18 2 0 8 0 4 6 0 47 44 46 48 45 1 49 40 0 38 42 37 0 39 
47 0 49 1 48 45 44 0 0 0 38 40 0 0 26 29 0 28 25 27 24 30 33 34 35 36 31 0 16 19 0 0 0 20 21 0 9 0 13 10 0 0 5 6 3 0 2 0 0 
26 25 0 0 0 24 23 0 22 21 17 19 16 0 5 8 2 7 4 0 0 9 12 13 0 0 10 11 44 47 1 45 46 48 49 40 37 39 41 38 0 42 33 34 31 35 30 36 0 
40 39 42 0 0 38 37 32 36 35 31 33 30 0 19 22 16 21 0 0 17 0 26 27 0 29 0 25 9 0 15 0 11 0 0 5 2 4 6 3 0 7 47 48 45 49 44 1 0 
12 0 0 0 13 10 9 4 8 7 0 5 0 6 40 43 0 42 0 41 38 44 0 48 49 1 45 0 30 33 0 31 32 34 35 0 23 25 27 24 0 0 0 20 17 0 16 0 0 
19 0 21 22 0 17 0 11 15 14 10 12 9 13 0 1 44 0 46 48 0 2 5 6 7 8 3 4 37 0 43 0 0 0 42 33 0 0 34 31 36 0 26 0 24 28 23 29 25 
0 0 7 8 0 3 2 46 1 49 45 47 44 0 33 36 30 35 0 0 31 37 40 41 42 43 38 39 23 0 0 24 25 27 28 19 16 18 20 0 22 21 0 0 10 14 0 0 11 
