7
12 14 0 0 0 0 16 23 21 0 25 19 22 24 28 0 0 30 31 26 0 0 8 10 6 11 0 9 39 0 37 33 0 36 0 0 47 48 0 4 49 3 43 40 0 42 45 44 46 
26 0 32 31 29 0 30 37 35 0 39 33 36 38 0 43 0 44 45 40 46 21 0 0 0 25 19 23 4 3 2 47 0 1 0 16 12 13 0 18 14 17 8 5 0 0 10 9 11 
0 21 25 24 0 20 23 30 28 0 0 26 29 0 35 0 0 37 38 33 39 14 15 17 13 18 12 16 46 45 44 0 41 43 42 9 5 6 8 0 7 0 1 0 0 49 3 2 4 
0 7 11 10 8 0 9 16 14 0 18 12 0 0 21 22 20 23 24 0 0 49 0 3 48 0 0 2 32 31 30 26 0 0 28 0 40 41 0 0 42 45 36 33 34 35 38 37 39 
33 35 0 38 0 34 37 44 42 0 46 40 43 45 0 0 48 2 3 47 4 28 0 31 27 32 26 0 11 10 9 5 6 8 7 23 19 0 22 25 21 24 15 12 13 14 17 0 0 
40 0 46 45 43 41 44 2 49 48 0 0 1 3 7 8 6 0 0 0 11 35 36 38 34 0 33 37 0 0 0 12 0 15 14 0 26 27 29 32 28 31 22 19 20 0 24 23 25 
47 49 4 3 1 0 2 9 0 6 11 0 8 0 14 15 13 16 0 12 18 0 43 0 41 0 40 44 25 0 23 19 20 22 0 37 33 0 36 39 35 38 29 26 27 28 31 30 0 
46 48 3 2 49 47 0 8 6 0 10 4 0 0 13 14 12 15 16 11 17 41 0 0 40 45 39 43 24 0 22 0 19 21 20 36 32 33 35 38 34 0 28 25 26 27 0 29 0 
25 0 31 30 0 0 29 36 0 33 38 0 35 37 0 42 0 43 44 39 45 20 0 0 19 24 18 0 3 0 0 0 0 49 0 0 11 0 0 17 0 16 7 4 5 6 0 8 10 
39 41 45 44 0 0 43 0 0 47 3 0 49 0 6 7 5 8 9 4 0 0 0 0 33 38 32 0 0 0 15 0 12 0 0 29 25 26 28 31 0 0 21 18 19 20 23 0 24 
4 0 0 9 7 0 8 15 13 0 17 11 0 0 20 0 19 22 23 18 24 48 49 2 47 0 0 1 0 0 29 25 0 28 27 43 39 40 42 45 41 44 0 32 33 0 37 0 38 
11 13 0 16 14 0 15 0 20 0 24 18 21 23 27 28 26 0 30 25 31 0 0 0 0 0 0 0 0 37 36 0 0 35 34 1 46 47 49 0 48 0 42 39 40 0 44 0 45 
32 0 38 0 35 33 36 43 41 40 45 39 42 44 0 49 47 1 2 46 0 27 0 0 26 0 25 29 10 0 0 0 5 7 0 0 18 0 21 0 20 23 14 11 12 13 16 15 17 
18 0 0 23 21 19 22 29 0 26 31 25 28 30 0 0 33 36 0 32 38 13 14 0 12 17 0 0 0 0 0 0 40 0 0 0 4 5 7 10 0 9 49 46 47 48 2 1 3 
0 32 36 0 33 31 34 41 39 0 43 0 0 42 46 47 0 48 49 44 1 25 26 28 24 29 23 0 8 0 6 0 3 0 0 20 16 17 0 22 18 21 12 9 10 11 0 0 15 
16 18 22 21 19 17 20 27 0 24 29 23 26 28 32 33 0 34 0 30 36 11 12 14 0 15 9 13 43 42 41 0 38 40 39 0 2 0 5 8 4 7 0 44 0 46 0 48 0 
23 0 0 0 26 0 0 34 32 0 36 30 33 35 0 40 0 41 42 37 43 0 0 0 0 22 0 0 1 49 0 0 45 0 46 13 9 10 0 15 0 0 5 2 3 4 0 6 0 
0 0 43 42 40 38 0 48 46 45 1 0 47 49 4 0 0 0 7 2 8 0 33 35 0 36 30 34 0 14 0 0 10 12 0 0 23 24 26 29 0 28 0 16 17 18 21 20 22 
2 0 8 7 0 3 6 13 0 10 15 9 12 14 0 19 0 20 0 0 22 46 47 49 45 1 0 48 29 0 27 23 24 26 25 41 37 38 40 43 39 42 33 30 0 0 0 0 36 
44 46 0 0 47 45 0 6 4 3 8 0 0 7 11 12 10 13 14 9 15 39 40 42 38 43 37 41 22 21 20 16 17 0 18 0 0 0 0 36 32 35 0 0 0 25 28 27 29 
9 11 0 14 12 10 0 0 18 17 22 16 19 21 25 0 24 27 28 23 29 4 0 7 0 0 2 6 36 35 0 30 0 33 32 48 0 45 47 0 46 49 40 37 38 39 42 0 0 
0 45 49 48 46 44 47 5 0 0 0 0 4 6 0 0 0 0 13 0 14 38 39 0 37 0 36 0 0 20 19 15 0 18 17 0 29 30 32 35 31 34 25 22 0 24 27 0 28 
29 0 35 34 32 30 33 0 38 0 0 36 39 0 0 0 0 47 0 0 49 24 25 27 23 0 0 26 0 6 0 0 2 4 0 19 15 16 18 0 17 20 0 8 9 0 13 12 14 
8 10 0 13 0 0 12 19 17 16 0 15 18 20 24 25 23 26 0 22 0 3 4 0 2 7 1 5 35 0 33 0 30 32 31 0 43 0 46 49 45 48 39 36 0 38 0 0 42 
36 38 0 0 39 37 0 47 45 0 0 0 46 48 3 0 0 5 6 1 7 31 0 34 30 35 29 33 14 13 0 8 0 0 10 0 22 0 25 0 0 27 18 15 16 17 0 19 0 
0 3 7 0 0 2 5 12 10 0 14 8 11 0 17 18 16 19 20 15 0 45 46 48 44 0 43 0 28 0 26 22 23 0 24 40 36 37 0 42 38 41 32 29 30 31 34 0 35 
15 17 0 0 18 16 19 26 24 23 28 22 25 27 0 32 0 33 0 29 35 0 0 13 0 14 8 0 0 41 40 36 0 39 38 0 1 2 4 0 3 6 46 0 44 45 48 0 49 
22 24 0 0 0 23 26 0 31 30 35 29 32 34 38 0 37 40 41 36 42 0 18 20 16 21 15 19 49 48 47 43 0 46 45 12 8 9 11 14 10 13 4 0 2 3 0 5 7 
28 30 34 33 31 29 32 39 37 0 41 35 38 40 0 45 43 46 0 42 48 0 24 0 22 27 21 25 0 0 0 49 1 0 2 0 14 15 0 20 16 19 10 7 8 9 12 11 13 
7 0 0 0 0 8 0 18 16 15 0 14 17 19 23 24 0 25 0 0 0 2 3 0 1 0 49 0 34 0 32 28 29 0 30 46 42 43 45 0 44 0 38 0 36 37 40 39 41 
21 23 27 0 24 0 0 0 30 0 34 28 0 33 0 0 36 39 0 35 41 16 0 19 15 20 14 18 0 47 0 42 0 45 0 11 7 0 10 0 9 0 3 49 1 0 0 4 6 
0 0 0 0 0 43 46 4 2 0 0 49 0 5 9 0 0 11 0 0 0 0 0 40 36 41 35 39 20 0 0 14 15 17 16 32 0 29 31 34 30 0 24 0 0 0 26 25 27 
49 2 6 5 3 0 4 0 9 8 13 7 10 0 16 0 15 18 19 14 20 0 45 47 0 0 0 46 0 26 25 21 22 24 23 39 35 0 38 0 37 40 31 28 29 30 33 0 34 
0 0 0 40 38 0 39 0 44 0 48 42 0 47 2 3 1 4 5 49 6 0 0 33 0 0 28 32 0 12 11 7 0 10 9 0 0 0 24 27 23 0 17 14 15 0 0 18 20 
0 16 20 19 17 15 0 25 23 0 27 21 24 26 30 31 0 0 33 0 34 9 10 12 8 13 7 11 41 40 0 35 0 38 37 4 49 1 3 6 2 0 45 0 0 44 47 46 48 
34 0 0 39 37 0 38 0 0 42 47 41 44 46 0 2 49 3 0 48 5 0 30 32 0 0 27 0 12 11 0 6 7 0 8 24 0 21 0 0 22 25 16 0 14 15 18 0 0 
27 29 33 0 30 28 31 0 0 0 40 34 37 39 0 0 0 45 0 0 0 0 23 25 21 26 20 24 5 0 3 0 0 0 1 17 13 14 16 19 0 18 9 0 7 0 11 10 12 
0 0 19 18 16 0 17 24 0 21 26 20 0 0 29 30 28 0 32 27 33 8 9 0 0 12 6 0 40 39 38 34 0 37 36 0 48 49 0 5 1 4 0 41 0 43 0 0 0 
48 1 5 4 2 49 0 10 8 0 12 6 9 11 15 16 0 17 18 13 19 43 44 46 42 47 0 45 26 0 24 20 21 23 22 0 34 0 37 40 36 39 30 27 28 0 32 0 33 
6 8 12 11 9 7 10 0 15 14 19 0 16 18 0 23 21 0 25 20 26 0 0 0 49 5 0 3 33 32 31 27 0 0 29 45 41 42 44 47 0 0 0 0 35 36 0 38 0 
20 22 26 0 23 21 0 31 0 28 0 0 30 32 36 37 0 0 0 0 40 15 16 18 14 19 0 17 0 46 0 41 0 44 0 0 0 7 0 12 8 11 2 0 49 1 4 3 0 
41 43 47 46 44 42 45 3 1 49 5 48 0 0 8 9 7 10 11 6 12 36 37 0 35 40 0 38 0 18 17 13 14 0 0 31 0 28 0 33 29 0 23 0 0 22 25 24 26 
38 40 44 43 0 39 0 49 47 46 2 0 48 1 5 6 0 7 8 3 9 33 34 36 0 37 31 35 0 0 14 10 11 13 12 0 24 25 27 0 0 0 20 17 18 0 22 0 23 
31 0 37 36 34 32 35 42 40 39 44 38 0 43 0 48 0 0 1 45 2 26 27 29 25 30 24 28 0 8 7 0 0 0 0 0 17 0 20 23 19 0 13 0 11 12 15 14 0 
3 0 9 8 6 4 7 0 12 11 16 0 13 15 0 20 18 21 0 0 23 0 48 1 0 0 45 0 30 29 28 24 0 27 0 42 38 0 41 44 40 43 0 31 0 33 0 35 37 
0 47 2 0 0 46 0 7 5 4 0 3 0 8 0 13 0 14 15 0 16 40 0 0 0 44 38 0 23 0 0 17 18 20 0 35 0 0 34 0 33 0 27 24 0 26 29 28 30 
0 12 0 0 13 11 14 21 0 18 0 17 20 22 26 27 25 28 29 24 0 0 6 8 4 9 3 7 37 36 35 31 0 34 33 49 45 46 48 0 0 0 0 0 39 40 43 0 0 
0 19 0 22 20 18 21 28 26 25 30 24 27 29 33 0 32 35 36 31 37 0 13 15 11 0 10 14 44 43 42 0 39 0 0 0 3 4 6 0 5 0 48 0 46 47 1 49 2 
24 26 30 0 0 25 28 0 33 32 37 31 34 0 40 41 0 0 43 38 0 19 20 22 18 23 17 21 2 0 49 0 46 0 0 0 10 0 13 0 12 15 0 3 4 5 8 0 9 
