7
21 26 22 24 0 23 20 0 8 7 11 0 6 0 0 1 48 3 4 49 2 18 0 16 14 0 13 17 43 46 45 0 0 0 0 0 31 0 28 29 27 0 38 0 37 0 36 39 34 
0 0 43 0 0 0 41 30 29 28 32 33 27 0 26 22 20 24 25 21 0 39 36 37 0 40 34 38 0 18 0 16 19 14 0 2 3 4 49 1 48 0 0 0 0 12 8 11 6 
14 19 15 0 0 16 13 2 1 49 4 5 48 3 47 43 41 0 0 42 44 0 8 0 0 12 6 10 36 39 38 0 0 0 34 23 24 25 21 22 20 0 0 28 30 33 0 0 27 
35 0 36 38 0 37 34 0 0 21 25 0 20 24 0 15 0 17 18 0 0 32 29 0 28 0 27 0 0 11 10 9 0 0 6 44 45 0 42 0 41 47 3 49 2 5 1 0 48 
49 5 1 3 0 2 0 37 36 35 39 0 34 38 0 29 27 31 32 28 0 46 43 44 42 47 41 45 0 0 24 0 26 21 20 9 10 11 7 8 6 0 0 14 16 19 0 18 13 
0 12 8 0 11 0 6 0 43 42 0 0 41 45 40 36 34 0 0 35 37 4 0 2 0 5 48 0 0 32 31 30 33 0 27 16 17 18 14 15 0 19 0 21 23 0 22 25 20 
0 33 0 31 0 30 0 16 15 0 0 19 13 17 12 8 6 0 11 7 9 25 22 0 0 26 20 0 0 4 0 2 5 49 48 37 0 39 35 36 34 0 45 0 0 47 43 0 41 
43 0 44 0 0 45 42 0 0 29 33 34 0 0 27 0 0 0 26 22 24 40 0 38 36 41 0 39 16 0 18 17 0 15 14 3 4 5 1 0 49 0 11 8 10 13 9 12 7 
0 41 37 0 40 38 0 24 0 22 0 27 0 25 0 16 14 18 19 15 0 33 30 0 0 34 0 32 9 0 11 0 0 0 7 45 46 47 0 0 42 0 4 1 3 0 2 5 49 
0 13 9 11 12 10 0 45 44 43 47 0 0 46 0 0 35 0 40 0 38 5 0 3 1 0 49 0 30 33 32 0 34 29 28 0 18 0 15 16 14 20 0 0 24 0 23 26 21 
29 34 0 32 33 31 0 17 0 15 19 20 0 18 13 9 0 0 12 8 10 26 23 24 22 27 21 0 0 0 0 3 6 1 49 0 39 40 36 37 35 0 46 43 0 48 44 47 0 
22 0 0 25 26 24 21 10 9 8 12 0 7 11 0 0 49 4 0 1 0 19 0 0 15 20 0 0 44 47 46 45 48 43 0 31 32 33 29 30 28 34 39 36 38 0 37 40 0 
15 20 0 18 19 17 14 0 2 0 5 6 49 4 0 44 42 46 0 0 45 0 9 0 8 13 0 0 37 40 39 38 41 0 35 24 25 0 22 23 21 27 0 29 31 34 0 33 28 
1 6 2 4 0 0 49 38 37 0 40 41 35 39 0 0 0 32 33 29 31 47 44 45 43 48 0 46 23 26 25 0 27 0 21 10 0 12 8 9 7 0 18 0 0 20 16 19 14 
20 25 21 0 0 22 0 8 7 6 10 0 0 0 4 0 47 2 3 48 1 17 0 15 0 18 12 16 42 45 44 43 46 41 40 29 30 31 27 0 26 0 37 34 0 0 35 38 33 
41 46 0 0 45 43 40 29 28 27 31 32 26 30 0 0 0 0 24 20 22 38 0 36 34 39 33 37 0 17 16 15 18 13 12 1 2 3 48 0 0 0 0 0 8 11 7 10 5 
6 11 0 9 10 8 5 43 42 41 45 0 40 0 0 35 33 37 38 0 36 0 49 1 0 0 47 2 0 31 30 29 32 27 0 15 16 17 0 14 0 18 23 0 22 25 21 24 19 
0 4 0 2 0 1 47 36 0 34 38 39 33 37 32 28 26 30 31 27 29 45 42 43 41 46 0 44 0 24 23 22 25 0 19 0 9 10 6 7 5 11 0 13 0 18 14 17 12 
13 18 14 0 17 15 12 1 0 48 3 0 0 2 46 0 0 0 0 0 43 10 7 8 6 11 5 9 35 38 0 0 39 34 0 22 0 24 20 21 19 25 30 27 0 0 0 31 26 
27 32 0 30 0 29 0 15 0 13 0 18 0 16 11 7 5 0 10 6 8 0 0 22 0 0 19 23 49 0 0 1 4 48 47 36 37 0 34 0 33 39 44 41 43 46 42 45 40 
34 0 35 0 0 36 33 22 0 20 24 25 19 23 0 14 0 16 17 13 15 31 28 0 0 32 26 30 7 10 0 8 11 0 5 0 0 45 41 42 40 0 2 48 1 0 0 3 47 
4 9 5 0 8 6 3 0 40 39 43 44 38 42 37 33 31 35 0 32 34 1 47 48 46 2 45 0 0 29 28 27 0 25 24 13 14 0 11 12 10 16 21 18 20 23 19 22 17 
32 0 33 0 36 34 0 20 19 0 22 23 17 21 16 12 0 14 15 11 13 29 26 27 0 30 24 0 0 8 7 6 0 4 3 41 42 43 39 40 38 44 0 0 0 0 0 1 45 
0 0 0 49 1 48 0 34 33 0 36 0 31 0 30 26 24 28 29 25 27 43 40 41 39 0 38 42 0 22 21 0 23 18 17 0 7 8 4 5 3 9 0 0 13 16 0 0 10 
0 23 19 21 22 20 17 6 5 4 8 9 3 7 0 0 0 49 0 46 0 15 0 0 11 16 10 14 40 0 0 41 44 39 38 0 28 29 25 26 0 30 0 32 0 37 33 36 0 
0 16 12 14 0 13 10 48 0 0 1 0 45 0 0 40 0 42 43 39 41 8 5 6 4 9 3 7 0 36 35 34 0 0 31 20 21 22 0 0 0 23 28 25 27 30 26 29 24 
0 30 26 0 29 27 24 13 0 11 15 0 0 14 9 0 3 0 8 4 6 0 19 20 18 0 17 21 47 1 49 48 2 0 0 0 35 36 0 0 31 37 0 39 0 44 0 43 0 
0 44 40 0 43 41 38 27 26 0 0 30 24 28 0 0 0 21 22 18 20 0 0 34 0 37 0 0 0 0 0 13 16 11 10 48 49 1 46 47 45 2 7 0 0 9 5 0 0 
10 0 11 13 0 12 9 47 0 0 49 0 44 48 43 39 37 0 0 0 40 0 0 5 3 8 0 6 0 0 34 33 36 31 30 19 20 0 17 0 16 0 27 24 0 29 25 28 23 
24 29 0 0 28 0 0 12 11 0 0 15 0 13 8 4 2 0 7 0 5 21 0 19 17 0 16 0 46 0 48 47 0 45 0 33 34 35 31 32 30 36 41 0 40 0 39 42 37 
0 22 18 0 0 19 16 5 4 0 0 0 2 6 0 46 44 48 0 45 0 14 11 12 10 0 0 13 39 0 0 40 0 38 37 26 27 0 0 25 23 29 34 31 33 36 32 0 30 
0 36 0 34 35 33 0 19 0 17 0 0 16 0 15 11 9 13 14 10 0 28 25 26 24 0 23 0 4 0 6 0 8 0 2 40 41 42 38 0 0 43 48 45 0 1 46 49 44 
3 8 0 6 7 0 2 40 39 0 42 43 37 41 36 32 0 34 0 0 33 49 46 0 45 1 44 0 0 28 27 0 29 24 23 12 13 14 0 11 9 15 20 0 19 0 18 0 16 
0 43 39 41 42 0 37 26 25 0 0 29 0 0 0 18 16 20 21 17 0 35 32 33 31 36 0 34 11 14 13 12 15 10 9 0 0 49 45 46 44 1 6 3 0 8 0 7 2 
0 1 0 48 49 47 44 0 32 31 35 0 30 34 29 25 23 0 0 24 0 42 39 40 0 43 0 0 0 21 20 0 0 17 16 0 0 7 3 4 2 0 13 0 12 0 11 14 9 
33 38 0 0 0 35 32 0 20 19 23 24 0 22 17 13 11 0 16 12 0 0 0 28 0 31 25 0 6 9 0 7 10 0 4 42 43 0 40 41 39 45 1 47 49 3 48 2 0 
26 31 27 29 0 0 25 0 13 12 16 17 11 15 10 6 0 8 9 0 7 23 20 21 19 0 0 0 48 2 1 49 0 47 46 35 36 37 0 0 32 0 43 0 42 0 0 0 39 
12 17 0 0 16 14 11 49 48 47 2 0 46 0 45 41 39 0 44 0 42 0 0 7 5 0 0 8 34 0 36 35 38 33 0 21 0 0 19 0 18 24 29 26 28 31 0 30 25 
47 3 0 1 2 49 46 35 34 33 37 38 32 0 0 27 0 29 0 0 0 44 41 42 40 45 0 43 20 23 22 0 24 0 0 7 0 0 0 6 4 10 15 12 14 0 13 0 11 
0 0 6 8 9 7 4 42 41 40 44 45 0 0 0 0 0 36 37 33 35 2 0 49 0 0 0 1 0 30 29 28 0 0 0 14 15 16 12 0 11 17 22 19 21 24 20 23 0 
0 0 20 22 23 21 0 7 6 5 9 0 4 0 3 48 0 1 2 47 49 16 13 14 12 17 11 15 0 44 0 0 0 40 0 0 29 30 0 27 25 31 0 33 35 38 34 0 32 
40 45 41 43 44 0 39 28 0 26 30 0 25 29 24 20 18 0 23 0 0 37 0 35 0 38 0 0 0 16 15 0 17 12 11 49 1 2 47 48 0 0 8 0 7 10 0 9 4 
9 14 0 12 0 11 0 46 45 0 48 49 0 47 42 38 36 40 41 37 0 6 3 0 0 0 1 0 31 34 33 0 35 0 29 18 0 20 0 17 15 21 0 0 25 0 24 27 22 
44 0 0 47 0 0 43 32 31 30 34 0 29 33 28 24 0 26 27 0 25 0 38 0 37 0 36 40 17 20 0 18 21 16 15 0 5 0 2 3 1 7 12 9 11 14 10 13 0 
37 0 38 40 0 0 36 0 24 0 27 28 22 26 21 0 0 0 20 0 18 34 31 32 30 35 29 0 10 0 12 11 14 0 0 46 47 0 44 0 43 49 5 2 4 7 0 0 1 
16 21 17 19 20 18 0 0 3 2 6 0 1 5 0 0 0 0 48 0 46 13 10 11 9 14 0 12 0 0 40 0 0 0 36 0 26 27 23 24 22 0 33 30 32 35 0 0 29 
2 7 3 0 0 0 1 39 38 37 41 42 36 0 35 31 29 33 34 30 32 48 45 0 44 0 43 47 0 0 0 25 28 0 0 11 12 0 0 10 0 14 19 16 18 0 17 20 15 
30 35 31 33 34 32 29 18 17 16 0 21 15 19 0 10 8 12 0 9 11 27 0 0 23 0 0 26 3 6 5 4 7 0 1 39 0 41 0 0 0 0 47 44 46 49 45 48 43 
23 28 24 26 27 25 0 0 0 0 0 14 0 12 0 0 1 5 6 2 4 20 0 18 0 21 15 19 0 48 0 0 49 44 0 32 33 34 30 31 0 35 40 37 39 0 38 41 36 
