7
44 46 43 48 47 49 45 0 40 0 39 38 41 36 0 0 0 0 11 14 8 27 0 0 26 28 25 22 15 0 0 18 16 19 21 5 2 3 6 1 4 7 29 34 31 35 30 0 32 
16 0 15 20 19 21 17 0 12 14 11 10 0 0 33 31 30 34 0 0 29 0 44 0 47 49 0 0 0 38 41 39 37 40 42 0 23 24 27 22 25 28 1 0 0 7 2 0 4 
2 4 1 0 0 0 3 44 47 49 46 45 48 0 19 17 0 20 0 21 0 34 30 0 33 35 0 29 22 24 0 25 23 26 0 0 9 10 0 0 11 0 0 41 0 0 37 40 39 
0 11 8 0 0 14 0 2 0 7 4 3 0 0 26 0 0 0 0 28 22 0 37 0 40 42 39 36 29 31 34 32 0 33 0 19 16 17 0 15 18 21 0 48 45 0 44 0 46 
0 0 36 41 40 42 38 0 33 35 32 31 34 29 0 3 0 6 0 7 1 20 16 17 19 0 18 15 8 10 13 11 9 0 14 47 44 45 48 0 46 49 22 27 0 28 23 26 25 
0 25 22 27 0 28 0 0 19 21 18 17 0 15 40 38 0 41 39 0 36 6 2 3 0 7 0 1 43 0 48 0 44 47 49 0 30 0 34 0 32 35 8 13 10 0 0 0 11 
30 32 29 34 33 35 31 0 26 28 25 24 27 22 47 45 44 48 46 49 0 13 0 10 12 14 11 8 1 3 0 0 2 0 7 40 0 38 0 36 0 42 15 0 0 21 16 19 18 
34 36 33 38 37 0 0 27 0 32 29 0 0 26 2 49 48 3 0 4 0 17 13 14 16 18 15 12 5 7 10 8 6 9 11 0 41 42 0 40 43 46 19 24 0 25 20 0 22 
13 15 12 17 0 18 0 6 9 11 0 0 10 5 30 0 27 31 0 32 26 0 41 0 0 46 0 0 33 35 38 0 0 37 0 23 20 0 24 19 22 25 0 0 49 4 48 2 1 
41 0 0 45 44 0 0 34 37 39 36 0 38 33 9 7 6 10 8 0 5 24 0 21 23 25 22 0 12 14 17 15 13 16 0 2 0 49 0 47 1 4 26 31 28 32 27 0 29 
48 1 0 3 0 0 49 41 44 0 0 42 0 40 16 0 0 17 0 18 0 31 27 28 0 32 29 26 19 0 24 22 20 23 25 0 6 7 10 5 8 11 33 38 35 39 34 37 0 
20 22 19 24 23 25 0 13 0 0 15 0 0 12 37 35 34 38 36 39 33 0 48 0 0 4 1 47 40 42 45 43 41 44 46 30 27 28 31 26 0 32 5 0 7 11 6 0 8 
27 29 26 0 30 0 28 0 23 25 22 21 0 19 44 42 0 0 0 46 40 10 6 7 0 11 0 5 47 49 0 1 48 2 0 37 0 0 0 33 36 0 12 17 14 0 13 0 15 
0 8 0 10 9 11 7 0 0 4 0 0 3 47 23 21 20 24 22 0 0 38 34 35 37 0 0 33 0 28 0 29 0 30 32 0 0 14 17 12 15 18 40 45 0 46 41 0 43 
46 0 45 0 49 2 47 0 42 44 41 40 43 38 14 0 11 0 13 16 10 29 25 26 28 0 27 24 17 19 0 20 18 21 23 7 4 0 8 3 6 0 0 36 0 0 0 0 34 
0 6 0 0 0 0 5 46 49 2 0 47 1 0 21 19 18 22 0 23 17 0 32 33 35 37 0 31 24 26 29 27 25 0 30 0 11 0 15 0 13 0 0 43 40 44 0 42 41 
0 13 10 0 0 16 12 4 0 9 6 5 0 3 28 0 25 29 27 0 0 0 39 0 42 0 0 0 31 33 36 34 32 35 37 21 18 19 22 17 20 23 45 0 47 2 46 49 0 
0 41 38 43 0 0 40 32 0 37 34 33 0 31 7 0 4 8 0 9 0 22 0 0 21 0 0 17 0 0 15 13 11 14 16 49 0 47 0 0 48 2 24 0 26 0 25 28 0 
0 0 24 29 0 0 0 0 0 0 0 19 0 17 0 40 39 43 41 44 38 0 4 0 7 9 6 3 45 47 1 0 46 49 2 35 32 33 0 31 34 0 10 0 12 16 11 14 0 
18 20 17 22 21 0 19 11 14 16 13 12 15 10 0 33 0 36 34 37 31 1 0 47 49 0 48 0 38 40 43 41 0 42 44 28 25 26 29 24 0 30 0 0 5 9 0 0 6 
32 34 31 36 35 0 0 25 28 30 0 26 0 24 49 0 46 1 48 2 45 15 11 12 14 16 13 10 0 5 8 6 4 7 9 42 39 40 43 38 41 44 17 0 19 0 18 21 0 
40 42 39 44 0 0 41 33 36 38 35 34 0 32 8 6 0 9 7 10 0 23 0 0 22 0 21 0 11 0 16 14 12 15 17 1 47 48 2 46 49 3 25 30 27 31 26 0 28 
12 0 11 16 15 17 13 5 8 10 0 6 9 4 29 27 0 0 28 31 25 44 40 41 43 45 0 39 32 34 0 35 33 36 38 22 19 20 23 0 21 0 46 0 48 3 47 1 49 
26 0 25 0 0 0 27 0 0 24 21 20 23 18 43 41 40 44 42 45 0 0 5 6 8 10 7 4 46 48 2 49 47 1 3 0 33 0 37 32 35 38 11 16 13 17 0 15 0 
47 49 0 0 1 3 48 40 43 0 0 0 44 39 15 13 12 0 14 17 0 0 0 0 29 0 28 25 18 20 0 21 19 22 24 0 5 6 9 4 7 0 32 37 34 38 0 0 35 
33 0 0 37 36 0 34 26 29 31 28 27 0 25 1 48 47 2 49 3 46 16 0 0 15 17 0 11 0 6 9 7 0 0 10 43 40 41 44 0 42 0 18 23 0 24 19 0 0 
0 21 0 0 22 24 0 0 15 17 14 13 16 11 36 34 0 0 35 0 32 0 47 48 1 3 49 46 0 41 44 0 40 0 0 29 26 27 30 0 0 31 0 0 6 10 5 0 7 
5 7 4 0 8 10 0 47 1 3 49 48 0 46 22 20 19 23 0 24 0 0 33 34 0 38 0 32 0 27 30 28 26 0 31 0 0 13 16 11 14 17 39 44 41 45 0 43 42 
22 24 21 26 0 27 0 0 0 20 0 16 19 14 39 37 36 40 38 41 35 5 0 2 0 6 0 0 42 44 47 45 43 0 48 32 0 30 33 0 0 34 0 0 0 13 8 0 10 
0 45 42 47 0 48 44 36 0 0 38 37 0 35 11 0 8 0 10 13 7 26 22 23 25 27 24 0 0 0 0 17 15 18 20 4 1 0 0 49 3 0 0 0 30 34 29 32 0 
0 17 0 19 18 20 16 0 0 0 10 9 12 7 32 30 29 33 0 0 28 0 43 44 46 0 45 0 0 37 40 38 0 39 41 25 22 0 26 21 24 0 49 5 2 6 0 0 3 
8 10 7 12 11 13 9 1 4 0 3 0 5 49 0 0 22 0 24 0 21 40 36 37 39 41 0 35 28 30 33 31 29 32 34 18 15 16 19 14 0 20 42 47 44 48 43 0 45 
0 31 28 33 32 0 0 0 25 27 24 23 0 21 46 44 43 0 45 48 0 12 8 0 11 13 0 7 49 2 5 0 1 4 6 39 0 37 40 35 38 41 14 0 0 20 15 0 17 
0 0 35 40 39 41 37 0 0 0 0 30 33 28 4 2 1 0 3 0 49 19 15 0 18 20 17 14 7 9 12 10 8 11 13 46 43 44 0 0 45 48 0 0 23 27 0 25 24 
1 3 49 0 0 0 2 43 0 0 45 0 47 42 18 16 0 19 17 20 14 33 0 0 0 34 0 0 21 23 26 24 22 0 0 0 8 9 12 7 0 13 35 40 37 41 0 0 38 
31 0 0 0 0 36 32 24 0 29 26 25 0 0 0 46 0 49 47 1 44 14 10 11 13 0 0 9 0 4 7 5 3 0 0 41 38 39 42 37 40 0 16 21 18 22 17 20 19 
0 26 0 28 0 29 25 17 20 22 19 18 21 16 0 39 38 42 0 43 37 7 0 0 0 0 5 2 44 46 0 47 0 48 1 0 0 32 35 0 0 36 9 14 0 15 0 13 12 
3 5 2 7 6 0 0 0 0 1 0 0 49 0 20 0 0 21 19 0 16 0 31 0 34 0 33 30 23 25 28 0 0 27 29 0 0 0 14 9 12 15 37 42 0 0 38 41 0 
17 0 0 0 0 22 0 10 0 0 12 0 14 9 0 32 31 35 33 36 30 0 0 46 48 0 0 0 37 39 0 40 0 0 43 27 0 0 28 23 26 29 2 7 4 8 3 0 5 
0 47 44 49 48 1 46 38 41 43 0 39 42 37 13 11 0 0 12 15 9 28 24 25 27 0 26 0 0 18 21 0 17 20 22 0 3 4 7 0 0 8 0 35 0 36 31 34 33 
38 40 0 42 41 43 0 0 0 36 33 32 35 30 6 0 3 0 0 8 2 0 0 18 0 22 0 0 9 11 14 12 10 13 15 0 45 46 49 44 47 1 23 28 0 29 0 27 26 
10 12 9 14 13 15 11 3 0 8 5 4 7 2 27 25 0 0 26 29 0 0 38 39 41 43 40 0 30 32 0 0 31 34 0 0 17 18 21 16 19 0 44 49 46 0 0 0 47 
14 0 0 18 0 19 0 0 10 12 0 0 11 6 0 29 28 32 30 0 27 46 42 0 45 0 44 41 34 36 39 37 35 0 0 24 21 22 0 20 23 0 0 4 1 5 49 3 2 
0 9 6 11 10 12 8 49 0 5 0 0 4 48 0 22 21 0 23 26 20 39 0 0 38 40 37 0 27 29 32 30 28 0 33 17 14 15 0 0 0 19 41 0 43 47 42 45 44 
0 0 20 25 24 26 22 14 17 19 16 0 18 13 38 36 35 39 37 0 34 4 49 1 3 5 2 0 0 43 46 44 42 45 47 0 28 0 32 27 30 0 6 0 8 12 0 10 0 
49 0 48 4 3 5 1 42 0 47 44 43 46 41 17 15 14 18 16 19 13 0 28 29 31 0 30 0 20 0 25 23 0 24 26 0 7 8 11 0 0 12 0 0 0 40 35 38 37 
28 0 0 32 31 0 29 21 0 26 23 22 0 20 0 43 42 46 44 47 41 11 7 8 0 12 9 6 48 0 4 0 49 3 0 0 0 0 39 34 37 40 13 0 15 0 14 17 16 
0 37 0 0 38 0 0 0 31 33 30 29 32 0 0 0 49 4 2 0 0 18 14 15 17 19 16 0 6 8 11 9 7 10 0 45 42 0 46 41 44 47 20 25 22 0 21 0 23 
0 0 41 0 45 47 43 35 38 0 37 36 39 34 10 8 7 0 0 0 6 25 21 22 0 26 0 0 13 15 18 16 0 0 19 3 49 0 4 0 0 5 0 32 29 33 28 0 0 
