7
34 29 33 0 32 0 30 21 0 27 24 22 23 0 40 0 35 41 37 36 39 0 19 18 0 17 14 0 0 10 0 9 12 11 13 0 43 48 47 46 44 45 4 3 49 0 2 5 1 
27 22 26 24 25 0 23 14 19 0 0 15 0 18 33 31 28 34 0 29 32 9 0 11 0 10 7 0 49 3 1 2 5 4 6 35 0 41 40 39 0 38 46 0 42 0 44 47 43 
41 36 0 0 39 35 37 28 0 0 31 29 30 32 47 45 42 0 44 0 46 23 0 25 22 24 21 27 0 17 0 16 0 0 20 49 1 6 5 4 2 3 11 10 7 13 9 0 8 
6 0 5 3 0 49 2 0 0 48 45 43 44 46 0 10 7 13 9 8 11 0 40 39 0 0 35 41 28 31 29 0 0 32 34 14 15 20 19 18 16 0 0 0 21 0 23 26 0 
20 15 19 17 18 14 16 7 12 13 0 8 9 0 26 24 0 27 0 22 0 0 5 4 1 3 49 6 0 45 43 44 47 46 48 28 29 34 33 32 30 31 39 38 0 0 37 40 0 
48 0 47 45 46 42 44 35 0 41 38 0 37 39 5 0 49 6 2 1 0 0 0 32 29 0 28 34 21 24 22 0 0 0 0 7 8 13 12 11 9 10 18 17 14 20 16 0 15 
0 8 12 10 11 7 9 0 5 6 3 1 2 0 19 17 0 20 16 15 0 44 47 46 0 0 42 0 35 38 36 0 0 39 41 0 0 0 0 25 23 24 32 31 0 34 30 0 0 
0 38 42 40 41 37 39 30 35 0 33 31 0 34 49 47 44 0 46 45 48 25 28 27 24 0 0 0 0 0 17 18 21 20 22 0 0 8 7 0 4 5 13 12 9 15 11 14 10 
22 0 21 19 20 0 0 9 0 0 12 10 11 13 0 0 23 29 25 0 27 4 7 0 3 5 2 0 0 47 0 0 49 48 0 30 31 0 35 34 32 33 41 40 37 43 39 42 38 
0 0 7 5 6 2 0 44 0 1 0 0 0 0 0 12 9 15 11 0 13 39 0 0 38 40 0 0 30 0 31 32 0 0 36 16 17 0 21 0 18 19 27 26 23 29 25 28 24 
1 0 49 0 48 44 46 37 42 0 40 0 39 0 7 0 2 8 4 0 6 0 35 34 31 0 30 0 23 0 24 0 28 27 29 9 10 15 14 13 11 12 20 19 0 22 18 0 17 
29 24 28 26 27 23 0 16 21 0 19 17 0 20 35 33 30 0 32 31 0 11 0 0 10 12 0 15 0 5 0 4 7 6 8 37 38 43 0 41 39 40 0 47 44 0 46 49 45 
0 31 35 33 34 0 32 0 28 29 26 24 25 27 42 40 37 0 39 38 41 0 21 20 17 0 0 22 0 12 10 11 14 13 0 44 0 1 49 0 46 0 0 0 2 0 4 7 3 
15 10 0 12 13 9 11 2 7 8 5 3 4 6 21 19 16 22 18 17 20 46 49 48 45 0 0 0 37 40 38 0 42 41 43 23 0 0 28 27 25 26 34 33 0 36 32 35 0 
28 23 27 25 26 0 24 15 20 21 18 0 0 19 0 0 29 35 0 30 33 10 0 0 9 0 8 14 1 4 2 0 0 5 7 36 0 42 41 0 0 39 47 46 43 49 0 0 44 
35 30 34 32 33 29 0 22 27 28 25 23 24 26 41 39 36 0 0 37 0 17 20 19 16 18 15 21 8 11 9 10 0 0 14 43 44 0 48 0 0 0 5 4 1 7 3 6 0 
49 44 48 0 47 0 45 36 0 0 39 37 0 40 6 4 1 7 3 0 5 31 34 33 0 0 29 0 22 25 23 24 27 0 0 8 0 0 0 12 10 11 0 18 15 21 17 20 16 
7 2 0 4 5 1 0 43 48 0 0 44 45 0 13 0 8 0 10 9 0 0 0 0 37 39 36 42 29 32 30 31 34 33 0 15 16 21 0 19 17 0 26 25 22 28 24 27 23 
14 0 13 11 0 8 0 1 0 7 4 2 0 0 20 18 15 21 0 0 19 45 48 47 44 46 0 49 0 0 37 38 41 40 42 22 23 28 27 26 24 25 33 32 0 35 0 34 30 
0 0 41 39 0 0 38 29 34 35 32 30 31 0 48 0 43 49 45 44 47 24 27 26 23 25 22 0 0 0 0 17 20 0 0 1 2 7 0 5 3 4 12 11 0 0 0 0 9 
0 16 20 18 0 15 0 0 13 14 11 0 10 12 27 25 22 28 24 23 0 0 6 5 2 4 1 7 43 46 44 45 0 47 0 29 30 0 0 33 31 32 0 39 36 0 0 41 0 
33 28 32 0 0 27 0 20 25 26 23 21 22 0 39 37 34 0 36 35 38 15 0 0 14 16 13 19 6 9 0 8 11 0 12 0 0 47 46 45 43 44 0 2 48 5 0 4 49 
40 35 0 37 38 0 36 27 32 33 30 28 29 31 46 44 41 0 43 42 0 22 25 24 21 23 20 26 0 0 14 15 18 17 0 48 0 5 4 3 0 2 10 9 6 0 8 11 0 
19 14 18 0 17 13 15 6 11 12 9 7 0 10 25 0 20 0 22 21 24 0 4 0 49 2 48 5 41 0 42 43 46 45 47 27 0 0 0 0 29 0 38 37 34 40 36 39 0 
0 42 46 0 45 0 0 34 39 0 0 35 36 38 4 2 0 5 1 0 3 0 32 31 28 0 0 33 0 0 21 0 25 24 26 6 7 0 0 10 8 9 17 16 13 19 15 18 14 
26 21 25 23 24 20 22 0 18 19 0 14 0 17 32 0 27 0 29 28 31 8 11 0 7 0 6 12 0 0 0 0 4 3 5 0 35 0 39 38 0 0 45 44 41 0 43 0 42 
12 0 11 9 0 6 8 0 4 5 2 49 0 3 18 16 13 19 15 14 17 43 46 0 42 44 41 47 34 0 35 0 0 38 0 20 21 26 25 24 22 0 31 30 0 0 29 0 0 
5 49 4 2 3 48 0 41 46 47 44 42 43 45 11 9 6 12 8 7 10 36 39 0 0 37 34 40 27 0 0 0 0 31 33 0 14 0 18 17 0 16 0 0 0 26 0 25 21 
0 0 36 34 35 0 33 24 29 30 27 25 26 28 0 41 0 44 0 39 42 0 22 21 18 20 17 23 0 13 11 12 15 0 16 45 46 0 0 0 0 48 7 0 0 9 5 8 4 
23 18 22 20 21 17 19 10 15 16 13 11 12 14 29 27 24 30 26 25 28 5 0 7 4 6 3 0 0 48 46 0 0 0 2 31 32 0 0 35 0 34 42 41 38 44 40 43 0 
0 0 0 48 49 45 0 0 0 44 41 0 40 42 0 6 3 9 5 4 7 33 36 35 32 34 0 37 24 27 25 26 0 28 30 10 0 16 0 14 12 13 21 0 0 23 0 22 18 
9 4 8 6 7 3 5 0 1 2 0 0 0 49 15 0 0 16 12 11 14 40 43 42 39 41 0 0 31 34 0 33 36 0 0 17 18 0 22 0 0 20 28 27 24 30 0 29 25 
16 11 15 13 14 10 12 3 8 9 0 0 5 7 0 20 17 23 19 18 0 0 1 49 46 48 45 2 38 41 0 0 43 42 0 24 0 30 29 0 26 27 35 34 31 37 33 36 0 
30 25 29 27 28 0 26 0 22 23 0 18 19 0 0 0 31 37 33 32 35 12 0 14 11 0 10 0 0 6 4 0 0 0 0 38 39 44 0 42 0 41 49 48 0 2 0 0 46 
44 39 43 0 42 38 0 31 36 37 34 0 0 35 0 0 0 2 47 46 0 0 29 28 25 27 0 30 17 20 0 19 0 21 0 3 0 9 8 0 0 6 0 13 10 16 12 0 11 
0 5 9 7 0 4 0 0 2 3 0 47 48 1 16 14 0 0 13 12 15 41 44 43 40 42 39 0 32 0 0 34 37 0 38 18 19 24 23 22 20 0 0 0 25 31 27 0 0 
0 0 0 0 22 18 0 11 16 17 14 12 13 0 30 0 25 31 0 26 29 0 9 8 5 0 4 10 46 49 47 48 2 0 3 32 33 0 37 36 34 35 43 42 0 45 41 0 40 
3 47 2 49 1 46 48 39 44 45 42 40 41 43 9 7 0 10 0 0 8 34 37 36 0 0 32 0 25 28 26 27 30 0 31 11 12 0 16 0 13 14 22 0 18 24 20 23 19 
17 0 16 14 15 11 0 4 0 10 7 5 6 8 23 21 18 24 20 19 22 48 2 1 47 0 46 3 39 42 0 41 44 43 0 25 26 31 30 29 27 28 36 35 32 38 34 37 0 
45 0 44 0 43 0 0 0 37 38 0 33 34 36 2 49 46 0 0 47 0 0 0 29 0 0 25 31 18 21 19 20 0 22 24 4 0 10 9 8 6 7 0 0 11 17 13 16 12 
31 26 30 28 29 25 27 0 0 24 21 19 20 22 37 35 0 38 0 33 0 0 0 15 12 0 11 0 4 0 0 6 9 8 10 39 0 45 0 43 41 0 1 49 46 0 48 0 47 
0 33 0 35 36 32 34 0 30 31 28 0 0 0 44 42 39 45 0 40 43 20 23 22 0 0 0 24 11 14 12 13 0 15 17 46 47 0 2 1 48 49 8 0 4 10 0 0 5 
0 41 45 43 0 40 42 0 38 39 36 0 35 37 3 0 47 0 0 0 2 28 31 30 0 29 26 0 19 22 20 21 24 23 25 5 0 0 10 0 0 8 16 15 12 18 14 17 13 
0 0 24 22 23 19 21 12 17 18 0 13 14 0 31 0 0 32 28 27 30 7 10 9 6 8 5 11 0 1 0 49 0 2 0 33 34 39 38 37 35 36 44 43 0 0 42 0 41 
39 34 38 36 37 33 35 26 31 0 29 27 28 0 0 43 40 46 42 41 0 21 0 0 20 22 19 25 12 15 0 14 17 16 18 0 0 4 3 2 49 1 9 0 5 11 7 0 6 
32 0 0 0 0 26 28 19 24 25 0 20 0 23 38 36 33 39 35 34 37 14 17 16 13 15 12 18 5 0 6 7 10 0 11 40 41 46 45 44 42 43 2 1 47 4 49 3 0 
4 0 0 0 2 47 0 40 0 46 43 41 42 44 10 8 5 11 0 6 0 0 38 37 34 36 33 0 0 0 0 28 0 30 32 12 13 0 17 16 0 15 23 22 0 0 0 24 20 
0 13 17 15 16 0 14 5 10 0 8 6 7 9 24 0 19 25 21 20 0 49 0 2 0 0 47 4 0 43 0 42 45 44 0 26 0 0 31 30 28 29 37 36 33 39 35 38 34 
11 6 10 8 9 0 7 47 3 4 0 48 49 2 17 15 12 0 14 13 16 42 45 44 41 0 40 46 33 36 34 35 38 37 39 19 20 0 24 23 21 22 30 29 0 32 28 31 27 
