7
26 22 0 0 25 20 21 31 33 32 0 0 28 0 47 45 46 44 0 41 42 0 18 0 19 16 0 14 0 12 9 10 6 11 7 0 40 39 0 35 0 37 4 2 1 0 0 48 0 
0 0 0 3 0 0 49 10 12 0 8 6 7 9 0 0 25 23 0 20 21 43 46 41 47 44 45 42 36 0 37 0 34 39 35 17 19 18 15 0 13 0 32 0 29 33 28 27 0 
40 36 0 0 39 0 35 45 47 46 43 0 42 44 12 10 11 0 0 0 7 29 32 0 0 0 31 28 0 26 0 24 20 0 21 3 5 4 1 49 48 0 0 16 15 0 0 13 0 
33 29 30 31 32 27 0 0 0 39 36 34 35 37 5 3 4 2 0 0 0 0 25 0 26 0 24 21 0 19 16 0 13 18 14 0 0 46 43 42 41 44 11 9 0 0 0 0 0 
19 15 16 0 0 13 14 0 0 25 0 20 0 23 40 38 39 37 0 34 0 8 11 0 0 0 10 7 0 0 0 3 48 4 49 31 33 32 29 0 27 30 46 44 43 0 42 41 45 
12 0 9 10 11 0 7 17 19 18 15 13 0 16 33 0 32 30 29 27 0 1 4 48 5 2 3 49 43 0 44 0 0 46 0 24 0 0 22 21 20 23 39 37 36 40 0 34 0 
0 43 44 45 46 0 42 0 0 4 1 48 49 2 19 0 0 16 15 13 14 36 39 34 40 37 38 35 29 33 30 31 27 32 28 10 12 11 0 7 0 9 25 0 22 26 0 20 0 
15 11 12 13 0 0 10 20 22 21 18 16 0 19 0 34 0 33 0 30 31 4 7 2 0 5 0 0 0 1 47 48 44 0 45 27 29 28 25 24 23 26 0 40 39 43 38 37 41 
0 39 40 0 0 37 38 48 1 49 46 44 0 47 0 13 0 12 11 0 10 32 35 30 0 0 34 31 0 29 0 27 0 28 0 6 8 7 4 3 0 5 21 19 0 22 17 0 20 
36 0 0 0 35 0 0 41 43 0 39 37 38 40 8 6 0 0 4 0 3 25 28 0 29 26 27 24 18 22 0 0 16 21 17 48 1 49 46 45 44 47 14 12 0 15 10 9 13 
22 18 19 20 0 16 17 0 29 28 25 0 24 0 43 41 42 0 39 0 38 11 0 0 0 12 0 0 4 8 0 0 0 7 3 34 36 0 32 31 30 33 49 47 46 1 45 44 0 
29 0 26 27 28 0 24 34 36 35 32 0 0 33 0 48 49 47 46 44 45 18 0 16 22 19 20 17 11 15 12 0 9 14 10 41 43 42 0 0 37 0 0 0 4 0 3 0 0 
1 46 0 48 49 44 0 0 0 7 0 0 3 5 22 0 0 19 18 16 17 0 0 0 0 0 41 38 0 0 33 34 30 35 31 13 15 14 0 10 9 12 0 26 0 29 0 23 0 
0 4 5 0 7 2 3 13 15 14 0 9 10 12 29 27 28 0 25 0 24 0 0 0 1 47 0 0 39 43 40 41 37 42 38 20 22 0 0 0 16 0 35 0 32 36 31 30 34 
14 10 11 12 13 8 9 19 0 20 17 0 16 18 35 33 34 32 31 29 30 3 6 1 0 0 5 0 45 49 0 47 0 48 44 26 28 0 24 23 22 25 41 39 38 0 0 36 40 
35 0 32 33 34 0 30 0 0 41 0 36 37 39 7 0 6 0 0 0 2 24 0 0 28 25 26 0 17 0 0 19 0 20 16 47 49 0 45 0 0 46 13 11 10 14 0 8 0 
0 38 39 40 41 36 37 47 0 0 0 43 44 46 0 0 0 11 0 0 0 31 34 29 35 32 33 30 0 0 25 26 0 27 23 5 7 6 3 2 1 0 0 0 17 21 16 15 0 
0 17 0 0 20 15 16 0 0 27 24 22 23 0 42 40 0 39 38 36 37 0 13 8 14 11 12 9 3 7 4 5 0 0 2 33 0 0 0 0 29 32 48 46 45 49 44 0 47 
0 0 0 0 0 1 2 12 0 13 0 8 0 0 28 0 0 25 24 22 23 45 48 0 49 46 47 44 38 0 0 0 36 41 0 19 21 0 17 16 15 0 34 32 31 35 30 0 33 
49 45 46 47 0 0 44 5 7 6 3 0 2 4 0 19 0 18 17 15 16 38 41 36 42 0 40 37 31 35 32 33 0 34 30 12 14 13 10 0 8 11 27 25 24 28 0 0 26 
0 0 0 0 27 22 23 0 0 34 31 29 30 0 0 0 0 0 45 0 44 0 20 15 21 0 19 16 10 14 11 0 8 13 9 0 42 41 38 37 36 0 6 4 3 7 2 1 0 
44 40 41 42 43 38 0 0 0 1 0 0 46 48 16 14 15 13 12 10 11 0 36 31 37 34 0 0 26 30 27 28 24 0 25 0 9 0 5 4 3 6 22 20 19 0 18 0 0 
23 19 20 21 0 0 18 0 30 29 26 24 25 0 0 42 43 41 40 38 39 12 0 10 16 13 0 0 5 0 6 7 3 8 4 0 37 36 33 32 31 0 1 48 0 2 46 45 0 
2 47 48 0 1 0 46 7 9 8 0 0 4 6 0 21 22 20 19 17 0 40 43 38 0 41 42 39 33 0 34 35 0 36 32 14 16 15 12 0 10 13 0 27 0 30 25 24 28 
9 0 6 7 8 0 4 0 16 15 12 10 0 0 30 28 0 27 26 0 25 47 1 45 0 48 49 0 40 44 41 42 38 43 39 0 0 0 19 18 0 0 36 34 0 37 32 0 0 
30 0 27 0 29 24 0 35 37 0 33 0 32 0 2 0 1 48 47 45 46 19 0 17 0 20 21 18 12 16 0 14 10 15 0 42 0 43 0 39 0 41 0 0 0 9 0 3 7 
37 33 34 0 36 0 32 42 44 43 40 0 39 41 0 7 8 6 5 3 0 26 0 0 30 27 28 25 19 23 20 21 17 0 18 49 2 1 47 0 45 48 15 13 12 16 0 0 14 
16 12 13 14 15 10 0 21 23 22 0 0 18 20 37 0 36 34 33 31 32 5 8 3 9 6 7 4 0 2 0 49 45 1 46 28 30 0 26 25 24 27 43 0 0 0 39 38 42 
38 0 0 36 0 32 0 43 45 44 0 39 40 42 10 8 9 7 6 0 0 27 0 25 31 28 0 0 20 24 0 22 18 23 19 1 0 2 48 47 46 49 16 0 13 0 12 0 0 
45 41 42 43 44 39 0 0 3 2 0 46 47 49 17 0 16 14 13 11 12 0 0 32 38 0 36 33 27 31 28 29 25 30 26 8 0 9 6 0 0 0 23 21 20 24 0 18 22 
0 0 7 0 9 0 0 15 17 16 13 0 12 14 0 0 30 28 27 0 0 48 0 46 3 49 1 47 41 0 42 43 39 0 40 22 24 0 20 19 18 0 37 0 34 38 0 32 0 
31 27 28 29 30 25 26 36 38 0 34 32 33 35 3 1 2 0 48 0 0 20 0 18 24 21 22 0 13 17 14 15 0 16 12 43 45 44 0 40 0 42 9 7 6 10 5 4 8 
3 48 49 0 2 46 47 8 0 9 0 4 0 0 24 22 23 21 20 18 19 41 44 0 45 42 43 0 34 38 0 36 0 0 0 15 0 16 13 0 11 14 30 28 27 0 0 25 29 
0 20 21 22 0 0 0 29 31 30 27 25 26 28 0 43 0 42 41 0 40 13 0 11 17 14 0 12 0 10 7 8 4 0 5 36 38 37 34 33 32 35 2 0 48 3 47 46 1 
17 13 0 0 16 11 12 22 24 23 20 18 19 0 38 36 37 35 34 32 33 6 9 0 10 7 8 5 0 0 49 1 46 2 47 0 0 0 0 26 0 28 0 42 0 45 40 39 43 
0 14 15 16 17 12 0 23 25 24 0 19 20 22 39 37 38 36 35 33 34 7 10 5 11 8 0 6 49 4 0 0 47 0 0 30 32 0 28 27 26 29 45 43 42 0 0 40 0 
4 49 1 0 3 47 48 9 11 10 7 5 6 8 25 23 24 22 0 19 0 42 45 40 46 43 44 0 35 0 36 0 33 0 34 16 0 0 14 13 0 0 31 0 28 0 27 0 30 
0 0 36 37 38 0 34 44 46 45 0 40 41 0 11 9 10 8 7 5 6 28 0 26 32 29 0 0 21 25 22 23 19 0 0 2 4 3 49 48 0 0 17 0 14 0 0 0 16 
32 28 29 0 31 26 27 37 39 38 35 33 0 36 4 2 0 0 49 47 48 21 24 0 25 0 0 0 14 18 15 16 12 0 13 44 46 45 42 41 40 43 10 8 7 0 0 0 9 
0 7 0 0 10 5 6 16 18 17 0 12 13 0 32 30 0 29 0 26 0 0 3 47 4 1 0 48 42 0 0 0 0 45 0 0 0 0 21 20 19 22 38 0 0 0 0 0 37 
46 42 43 0 0 40 41 2 4 3 49 47 48 1 18 16 17 15 0 12 13 0 0 33 39 36 0 34 28 0 29 30 26 31 27 9 11 10 7 6 5 0 0 22 0 25 20 0 23 
0 21 0 0 24 19 20 0 32 31 28 26 27 29 46 44 45 43 0 40 0 14 0 12 0 15 16 13 0 0 0 9 5 10 6 37 0 0 35 0 0 36 0 1 49 0 0 47 2 
41 37 0 39 40 0 36 46 48 47 44 42 0 45 0 11 0 10 9 7 0 30 33 0 34 0 0 29 0 27 24 25 0 26 22 4 0 5 2 1 49 0 0 17 16 0 15 14 0 
27 23 24 25 26 21 22 32 0 33 0 0 0 31 48 46 0 45 0 42 43 16 19 14 20 0 18 0 9 0 10 11 7 12 0 39 0 0 0 36 35 0 0 3 0 6 1 49 0 
20 16 17 0 19 14 15 25 27 26 23 21 22 0 0 39 40 38 0 35 36 9 12 7 13 10 11 0 2 6 3 4 49 5 0 32 0 33 0 0 28 0 0 45 44 0 43 0 46 
13 9 10 11 12 7 8 18 20 19 16 0 15 0 34 32 33 0 0 28 29 2 0 49 0 3 0 0 44 48 0 46 42 0 43 0 27 26 23 0 21 24 0 38 37 41 0 35 0 
48 44 45 0 0 0 43 4 6 0 2 0 0 3 20 0 19 17 16 0 15 37 40 35 41 38 0 36 30 0 0 32 28 33 29 0 0 0 9 8 7 10 26 0 0 27 22 21 25 
0 30 31 32 33 28 0 39 41 40 37 35 36 38 6 4 5 3 2 49 1 0 0 21 27 0 25 0 0 20 17 18 14 19 15 0 48 0 44 0 42 45 12 10 9 0 8 0 11 
0 0 3 4 0 49 0 11 0 12 0 0 8 0 27 25 26 0 23 0 22 0 0 42 48 0 46 43 0 0 0 39 35 40 0 0 0 0 16 0 14 17 33 31 30 0 29 28 0 
