7
0 29 27 32 0 30 0 42 44 46 0 43 41 0 16 17 0 18 0 15 19 0 20 21 23 25 0 24 0 0 39 0 0 38 40 48 4 5 2 0 49 0 9 8 0 10 6 0 7 
49 1 48 4 5 2 3 14 16 0 17 15 13 19 37 0 35 39 34 0 40 43 0 42 44 46 47 0 6 9 11 0 8 10 12 0 0 26 23 22 21 0 30 0 33 0 0 0 28 
7 8 6 11 12 0 10 21 23 0 0 0 20 26 44 45 0 46 41 0 47 1 48 49 2 4 0 3 13 16 18 0 15 0 19 27 0 0 30 0 28 31 37 36 40 0 34 39 35 
14 15 13 18 19 16 17 0 30 0 31 29 27 0 2 3 0 4 0 1 5 8 6 0 9 11 12 10 20 0 25 21 22 24 0 34 39 40 0 36 35 38 0 43 47 0 41 46 42 
0 36 0 39 0 37 38 49 2 4 3 1 48 5 23 0 21 0 20 22 0 29 27 28 0 32 0 0 41 0 46 42 43 45 0 6 0 12 9 8 7 10 0 15 19 17 13 0 0 
42 43 0 46 47 44 0 7 9 0 10 8 0 12 30 31 28 32 27 29 0 0 34 35 37 39 0 38 48 2 4 0 1 3 0 13 18 0 16 15 14 0 23 0 26 0 0 25 21 
21 22 20 0 26 23 24 35 0 39 0 36 34 40 9 10 0 11 0 8 12 15 13 0 0 0 19 0 27 30 32 0 0 31 0 41 46 47 44 43 42 45 2 0 0 3 48 4 49 
15 0 0 19 20 17 0 0 31 33 0 30 0 34 0 4 0 5 0 0 0 0 7 8 10 12 13 0 21 24 26 22 0 25 27 35 0 0 38 37 36 0 45 44 48 46 0 47 43 
43 0 0 47 0 0 0 0 10 12 11 9 7 13 31 32 29 33 28 30 0 37 35 0 38 40 41 0 49 0 0 1 0 4 6 0 0 0 17 16 15 18 24 0 27 0 21 0 22 
0 9 0 12 0 0 11 0 24 0 25 23 21 27 0 46 43 47 0 44 48 2 0 1 3 5 6 4 14 17 0 15 0 18 20 28 33 34 0 30 29 32 38 37 41 39 35 40 36 
36 37 35 40 41 38 39 1 3 0 4 2 0 6 0 25 22 0 0 23 27 30 28 0 0 33 34 32 0 0 47 0 44 46 48 7 0 13 0 9 0 11 0 16 20 0 14 19 15 
29 0 28 33 34 31 32 43 45 47 46 0 0 48 0 18 15 19 0 16 20 0 21 22 0 26 27 25 35 38 40 36 0 39 41 49 0 6 3 2 1 0 10 9 0 0 0 12 8 
1 2 0 5 6 0 4 15 0 19 0 16 0 20 38 39 36 40 0 37 41 44 0 43 0 0 0 46 7 10 0 8 0 11 13 21 0 27 0 23 0 25 31 0 34 0 28 0 0 
22 23 21 26 27 24 0 36 38 0 0 37 35 41 10 11 0 0 7 9 0 0 14 15 17 0 20 0 28 31 33 0 30 0 0 0 0 0 45 44 43 46 3 0 6 4 49 5 0 
0 38 36 41 42 39 40 2 4 6 5 0 0 7 25 26 23 0 0 24 0 0 0 0 0 34 35 33 43 0 48 44 45 47 49 8 0 0 11 10 9 12 0 0 21 19 15 20 16 
16 17 0 0 0 18 0 0 32 34 0 31 29 35 4 5 2 6 0 3 7 10 8 0 0 13 14 0 0 25 27 23 0 26 28 36 0 42 0 38 37 40 46 0 0 0 43 0 44 
44 0 43 48 49 0 0 9 11 0 0 10 8 0 32 33 0 0 29 31 35 38 36 37 39 0 42 0 0 4 6 2 3 5 7 15 0 21 0 17 0 19 25 24 28 26 22 0 23 
30 31 0 34 0 32 0 0 46 0 47 45 43 49 18 0 0 20 15 0 0 24 22 23 25 27 28 0 36 39 0 0 38 40 42 1 6 7 4 3 2 5 11 0 14 0 8 13 9 
23 24 22 0 0 25 26 37 39 0 40 38 36 42 11 12 9 13 0 10 14 17 15 16 18 20 0 0 29 0 0 0 31 33 35 43 0 49 46 45 44 47 4 3 7 5 1 6 2 
0 10 0 0 0 11 0 23 25 27 26 24 22 28 0 47 0 48 43 45 49 3 0 2 4 6 0 5 0 18 0 0 17 0 21 29 34 35 32 31 0 0 39 38 0 40 36 0 37 
0 3 0 6 7 4 0 0 18 20 19 17 15 0 39 40 0 41 0 38 42 0 43 0 46 48 49 47 8 11 0 9 10 12 0 22 27 28 25 24 23 26 32 31 0 0 29 0 30 
0 0 3 8 0 0 0 18 20 22 21 0 17 0 41 0 39 0 38 40 44 0 45 46 48 1 2 49 10 13 15 0 0 0 16 0 0 30 27 0 0 28 34 33 37 0 31 36 0 
0 0 0 1 2 48 49 0 13 0 14 0 10 16 34 0 32 36 0 33 0 40 38 39 0 43 0 0 3 0 8 4 0 0 9 0 22 23 20 19 18 21 27 26 30 0 0 29 25 
39 40 38 0 44 41 42 4 6 8 0 0 3 9 27 28 0 0 24 26 0 33 31 32 0 36 37 35 45 48 0 46 47 49 2 10 15 16 13 12 11 0 0 0 23 21 17 22 18 
32 33 31 36 0 34 35 0 48 1 49 0 0 2 20 0 18 22 0 19 23 26 24 25 27 29 30 0 38 0 43 0 40 42 44 0 0 9 6 0 0 7 13 12 16 14 0 0 0 
0 0 17 22 23 20 21 32 34 36 0 33 31 37 6 7 4 8 0 0 9 12 10 11 0 15 16 14 24 27 29 25 26 0 0 38 43 0 0 40 39 42 48 47 0 49 45 0 0 
11 12 10 15 16 13 14 0 27 29 28 26 24 30 0 49 46 1 0 47 2 5 0 4 6 8 9 0 17 20 22 18 19 0 23 31 36 0 34 33 32 35 0 0 44 42 38 43 39 
0 0 24 0 30 27 0 39 41 0 0 0 38 44 13 14 11 15 10 0 16 19 0 18 0 22 0 21 0 34 36 0 0 0 0 45 1 0 48 47 0 49 0 0 9 7 0 0 4 
26 0 25 0 31 28 29 40 42 44 0 41 39 45 14 15 12 16 11 0 0 20 0 19 21 23 0 22 32 0 37 33 34 36 38 46 2 0 49 48 0 1 7 0 0 8 0 0 0 
0 6 4 9 0 7 8 19 21 23 22 20 0 24 42 0 0 44 0 41 45 0 46 47 49 0 3 0 0 0 16 12 13 15 17 25 30 31 28 27 0 0 35 34 0 36 32 37 0 
12 0 0 0 0 14 0 26 28 30 29 27 0 31 0 1 47 2 0 48 3 6 4 5 7 9 0 8 18 0 23 19 0 22 0 32 0 38 0 34 33 36 42 41 45 43 0 44 0 
0 34 32 0 38 35 36 47 0 2 1 48 46 3 21 0 0 23 18 0 0 27 25 26 28 30 0 29 0 42 44 0 41 0 45 4 9 10 7 6 0 0 14 13 17 15 11 16 12 
0 20 18 23 0 0 22 33 35 37 36 34 0 38 7 0 5 9 4 6 0 13 11 12 0 16 0 15 25 28 0 0 0 0 0 39 0 45 42 41 40 43 49 0 0 1 46 2 47 
40 0 0 44 45 42 43 0 0 9 0 6 4 0 28 29 26 0 0 27 31 0 0 33 0 37 0 36 0 0 2 47 48 1 3 11 16 0 14 0 0 15 21 20 24 22 0 23 19 
47 48 46 2 3 0 0 12 14 16 15 13 11 0 0 0 33 0 32 34 38 0 0 0 0 44 45 43 4 0 0 5 6 8 10 18 23 24 21 20 19 0 28 0 31 29 25 30 26 
10 11 0 14 15 12 0 24 26 28 0 25 23 29 47 48 0 49 44 0 1 4 2 3 5 7 8 6 0 0 21 17 18 0 22 30 35 36 33 32 31 34 40 39 43 41 37 42 38 
17 18 16 21 22 19 20 31 0 35 0 32 30 36 0 6 3 0 2 4 8 11 0 10 0 14 15 13 23 0 28 0 25 0 0 37 0 43 0 39 38 0 47 46 0 48 0 49 45 
31 32 30 35 36 33 0 45 0 0 48 46 0 1 19 20 17 21 0 18 22 25 23 24 0 0 29 0 37 40 42 38 39 41 0 2 7 8 5 4 3 6 0 11 0 0 9 14 10 
38 39 37 0 43 40 41 3 0 7 6 4 2 8 0 27 24 0 23 25 29 32 0 31 0 0 0 0 44 47 49 45 46 48 1 0 14 0 0 0 10 13 19 18 22 20 0 0 17 
3 0 2 7 8 5 6 17 19 0 0 18 0 22 40 0 38 42 0 0 0 46 44 45 47 49 0 0 9 12 14 10 0 13 15 0 28 29 0 25 24 27 0 32 36 0 30 35 0 
24 25 23 28 29 26 27 38 0 0 0 0 37 0 0 13 10 0 0 11 15 18 16 17 19 21 22 0 30 33 35 0 32 0 36 44 0 0 47 46 0 48 5 0 8 0 2 7 3 
0 46 44 0 0 0 48 10 0 0 0 11 0 15 33 34 31 35 30 32 36 39 37 38 40 42 43 41 2 5 7 0 0 0 0 0 21 22 0 18 17 20 0 0 29 0 23 28 24 
48 49 47 3 0 1 0 13 15 17 16 14 12 0 36 37 34 38 33 35 39 42 40 41 43 45 46 0 5 8 0 6 0 0 11 19 24 0 22 21 0 23 29 28 0 0 26 31 27 
6 7 5 10 0 0 9 20 22 0 23 0 19 25 0 44 41 45 0 42 46 49 47 48 0 3 4 2 12 0 17 13 14 16 18 0 31 0 0 28 27 30 36 0 39 37 0 0 0 
20 21 0 24 0 0 23 0 36 38 37 35 0 0 8 9 0 0 5 0 11 14 0 13 15 17 18 16 26 29 31 27 0 30 32 40 45 46 43 42 0 44 0 49 4 2 47 3 48 
13 14 12 17 18 15 16 27 29 0 30 0 0 32 1 2 48 3 0 49 0 0 0 0 8 0 0 9 0 22 0 20 21 23 25 33 38 39 0 0 34 37 43 0 46 44 40 45 41 
34 0 33 38 39 0 37 48 1 3 2 0 47 4 22 23 20 24 19 0 25 0 0 27 29 0 0 0 40 43 45 41 0 44 46 0 0 11 0 7 6 9 15 14 0 0 12 17 0 
41 42 40 45 46 43 0 6 8 0 0 0 5 11 0 0 27 0 26 0 32 35 0 34 36 38 39 37 47 1 3 0 0 0 0 0 17 0 15 14 13 0 0 0 25 23 19 24 0 
0 28 26 0 32 29 30 41 0 45 0 0 40 46 15 16 0 17 12 0 18 21 19 20 0 24 25 0 33 0 38 34 35 37 39 0 3 4 1 0 0 2 0 7 11 9 5 10 0 
