7
10 0 0 0 8 7 0 38 0 39 40 35 0 0 0 0 16 20 19 15 18 30 28 31 34 29 33 32 26 21 0 25 23 24 0 3 6 49 0 0 0 2 48 0 43 46 0 0 47 
0 0 44 0 43 0 48 24 0 0 26 21 22 23 49 0 0 0 0 1 4 16 14 17 20 0 0 18 12 7 0 11 0 10 8 38 41 35 0 39 40 0 34 28 29 0 30 0 33 
31 33 0 0 0 0 34 10 13 11 12 7 8 0 35 38 0 41 0 0 39 0 49 0 6 0 5 4 0 42 48 0 0 45 43 24 27 21 22 25 26 23 20 0 15 18 16 0 19 
3 5 2 0 1 0 6 0 0 32 33 28 29 30 0 0 9 13 12 8 0 23 21 24 0 0 0 25 19 14 0 0 0 17 15 45 0 42 43 46 0 44 0 0 36 39 0 38 40 
24 26 23 0 22 0 27 3 6 0 5 0 0 0 0 31 30 34 33 0 32 0 0 45 48 43 47 46 40 35 41 39 0 38 36 17 20 14 0 18 19 16 0 7 8 0 0 10 0 
38 40 37 0 0 0 41 17 20 18 19 14 15 16 0 45 44 0 47 43 0 9 7 10 13 0 12 11 0 49 6 4 0 3 0 0 34 0 29 32 0 0 27 21 22 25 23 24 26 
17 19 16 18 15 14 20 45 0 46 0 42 43 44 21 24 0 27 26 0 25 37 35 38 41 36 40 39 33 0 0 0 0 31 29 10 13 7 8 11 12 9 6 0 1 4 2 3 0 
42 44 41 43 40 0 45 0 24 0 0 18 0 0 46 0 48 3 0 47 1 13 11 14 17 12 16 15 0 4 0 8 6 0 5 0 0 32 33 36 37 34 0 25 26 0 27 28 0 
28 30 0 29 26 25 31 0 10 8 0 4 5 6 32 35 0 0 37 33 36 0 46 0 3 47 0 1 0 0 0 0 0 0 0 21 24 18 19 22 23 20 17 0 12 15 0 14 16 
0 23 20 0 0 0 24 49 0 1 2 0 0 48 0 28 27 31 0 26 29 0 39 0 45 0 44 43 37 0 38 36 0 35 33 0 17 11 12 15 16 13 0 4 0 8 6 7 0 
14 0 13 0 12 0 17 42 0 43 0 39 40 41 18 21 0 24 23 19 22 34 32 35 38 33 37 36 0 0 0 29 0 28 26 7 10 0 5 0 0 6 3 46 47 1 48 49 2 
0 0 0 8 5 0 10 35 38 36 37 32 33 34 11 14 13 17 16 12 15 27 25 28 0 26 30 0 23 0 24 22 20 0 19 49 0 46 47 1 2 48 45 0 40 43 0 42 44 
0 0 34 36 33 32 0 14 17 0 16 11 12 13 39 0 41 45 44 0 43 6 4 7 0 5 9 8 2 0 0 1 48 49 47 0 31 25 0 0 30 27 0 18 19 0 20 0 23 
49 2 0 0 47 0 3 28 31 29 0 25 26 27 4 7 0 10 9 0 0 20 0 21 24 19 23 0 16 11 17 15 13 14 12 0 45 0 40 43 44 41 0 32 0 0 34 35 37 
19 21 0 20 17 0 22 47 1 48 49 0 0 0 0 26 0 29 0 24 27 39 37 0 43 0 0 41 35 0 36 34 32 33 31 0 15 9 0 13 14 11 8 2 3 0 0 5 7 
12 0 0 13 10 9 15 40 43 41 42 0 0 39 16 19 18 22 21 17 0 32 0 33 36 0 0 34 0 23 29 27 25 0 24 5 0 2 3 6 7 4 1 44 45 48 46 47 0 
5 7 0 0 3 2 8 33 36 34 35 30 31 32 0 12 11 15 14 10 13 0 0 0 29 24 0 27 21 16 22 20 0 19 0 47 1 44 0 0 0 46 43 37 38 41 39 0 42 
26 28 25 27 24 23 29 5 8 6 7 2 3 0 0 0 0 0 35 31 34 46 0 47 1 45 0 48 0 37 43 0 39 0 0 0 22 0 0 0 21 18 0 9 10 13 11 0 14 
47 49 46 48 45 44 0 26 29 0 28 0 0 25 2 0 4 8 7 0 6 18 16 19 22 17 21 20 14 9 15 0 11 0 10 40 43 37 0 0 0 39 0 30 31 0 32 0 35 
40 42 39 0 38 37 43 19 0 20 0 0 17 18 44 47 0 0 49 0 48 11 0 12 0 10 14 13 7 2 8 6 0 5 3 33 36 30 31 34 35 32 29 23 0 27 0 0 0 
33 35 32 0 31 0 36 12 15 13 14 9 10 11 37 40 39 43 42 0 41 4 2 5 8 3 7 6 0 44 1 48 46 47 0 26 0 23 24 0 0 0 22 16 17 20 18 0 21 
43 45 42 0 41 40 46 0 25 0 24 19 20 21 47 1 49 4 3 0 2 14 12 15 18 13 0 16 10 5 0 9 7 8 6 36 39 0 34 0 0 35 0 26 27 30 0 0 0 
36 0 35 0 0 33 39 0 18 16 17 12 0 14 0 0 42 46 0 41 44 7 0 0 11 6 10 0 0 47 0 2 49 0 0 29 32 0 27 30 31 28 25 19 20 23 0 0 0 
1 0 49 2 48 47 0 29 0 30 0 26 0 28 5 8 7 0 10 6 9 21 19 22 0 0 24 23 17 12 0 0 14 0 0 0 0 0 0 44 0 42 39 0 0 37 35 0 0 
29 31 0 0 27 26 0 8 11 9 10 5 6 7 0 36 0 0 38 34 37 49 47 1 4 0 3 2 45 0 46 44 42 43 0 22 25 19 20 23 24 21 0 12 0 16 14 0 0 
0 17 14 0 13 12 18 0 0 44 45 0 0 42 19 22 21 25 0 0 23 0 33 36 39 34 38 37 31 26 32 0 0 29 0 8 11 5 6 0 0 7 4 47 0 0 49 1 3 
22 24 0 23 20 0 0 1 4 2 3 0 48 49 0 0 28 0 31 27 30 42 40 43 46 41 45 44 38 33 0 37 0 0 34 15 18 0 0 0 17 14 11 0 0 9 7 8 10 
8 10 0 9 6 5 11 36 39 37 0 33 34 35 12 0 0 18 0 13 0 0 0 29 32 27 0 30 24 0 25 0 0 22 20 0 4 0 0 0 0 49 0 40 0 44 42 43 45 
32 34 31 33 30 29 0 0 0 12 13 8 9 10 36 39 38 0 41 37 0 3 0 4 7 2 6 5 48 43 49 0 45 46 0 25 28 0 0 26 27 24 0 15 16 0 0 18 20 
0 13 10 12 9 8 0 39 0 0 0 36 0 38 15 18 17 21 20 0 19 31 29 0 35 30 34 33 0 22 0 26 0 25 23 0 7 1 2 5 6 0 0 43 44 0 45 0 48 
18 20 17 19 0 0 21 46 49 47 48 0 44 0 0 0 24 28 27 0 0 38 36 39 42 37 0 40 0 0 35 33 31 0 30 0 14 0 9 0 13 0 0 1 2 5 3 0 6 
0 0 45 47 0 43 49 25 28 26 0 22 23 24 1 4 3 7 6 2 0 17 0 18 21 16 20 0 13 8 14 12 0 11 0 39 0 36 37 40 41 38 35 0 0 0 31 32 34 
0 27 24 26 23 22 28 4 0 5 6 0 0 3 29 0 0 35 34 30 33 45 43 46 0 44 48 47 0 36 42 40 38 39 0 18 21 15 16 0 20 17 14 8 0 12 10 11 13 
4 6 3 0 0 1 7 32 35 0 0 29 30 31 8 0 10 14 13 9 12 0 22 0 28 23 27 26 0 15 21 19 0 18 16 46 0 43 0 47 0 45 42 36 37 40 0 0 41 
39 41 0 40 37 36 42 0 21 19 20 15 0 0 43 46 45 49 0 44 0 0 0 0 14 9 13 12 6 1 7 5 3 4 2 0 35 29 30 33 34 31 28 22 0 26 0 0 27 
0 32 29 31 28 27 33 9 12 10 11 6 7 8 34 37 0 40 0 35 38 1 48 2 5 0 0 0 46 41 47 0 43 44 0 23 26 20 21 24 25 0 19 13 14 17 15 0 18 
0 46 43 45 42 41 47 23 26 24 25 0 21 22 48 2 0 0 4 49 0 0 13 16 19 14 18 17 11 6 0 10 8 9 7 37 40 34 35 38 39 36 33 27 28 31 29 30 32 
23 25 22 24 0 20 26 0 0 3 4 48 0 1 0 0 0 33 32 28 31 43 41 44 47 0 46 45 0 34 40 0 36 37 35 0 19 0 14 17 18 0 12 6 7 10 8 0 11 
0 39 36 38 35 34 40 16 19 17 0 13 14 15 41 44 43 0 46 42 45 0 6 9 0 7 11 0 0 48 5 3 1 0 0 30 33 0 0 31 32 29 0 20 21 0 22 23 0 
9 0 0 10 7 6 12 37 40 38 39 0 35 36 0 16 0 0 18 14 17 29 0 0 33 28 32 31 0 0 0 24 22 23 0 2 5 48 49 3 0 1 0 41 42 0 0 44 46 
2 4 1 0 49 0 5 0 33 31 0 0 28 29 0 9 8 12 11 7 10 22 20 23 0 21 25 24 18 13 19 17 15 16 14 44 47 41 42 0 0 0 40 34 0 38 36 37 39 
16 18 15 17 14 13 0 44 47 45 46 41 42 0 0 23 0 26 0 21 24 36 34 37 40 0 39 38 32 27 33 0 0 30 0 9 12 6 0 10 11 0 5 48 0 0 1 2 4 
20 22 19 21 18 0 23 0 2 49 0 0 46 47 24 0 0 0 29 0 0 40 38 41 44 0 43 0 36 31 37 0 33 34 32 0 16 10 11 0 15 12 9 3 0 0 5 0 0 
0 15 12 14 0 10 16 41 44 42 0 38 39 40 17 0 0 0 0 18 21 33 31 0 0 0 0 0 29 24 30 0 26 27 25 6 9 3 0 7 0 5 2 45 0 49 0 0 1 
27 0 26 28 25 24 30 6 9 7 8 0 4 5 31 34 33 0 36 32 35 47 0 48 0 46 1 49 0 0 44 42 40 41 39 20 23 17 0 21 22 19 0 10 0 0 0 13 15 
6 8 0 0 0 0 0 34 37 35 0 31 32 33 10 13 12 16 15 11 0 26 24 0 0 25 29 0 0 17 23 0 19 20 18 48 2 0 46 49 1 0 44 38 0 0 40 0 43 
41 0 40 0 0 38 44 20 23 21 0 0 18 19 45 48 0 0 1 0 49 12 10 13 16 0 15 0 0 0 9 0 5 0 4 34 37 31 0 0 36 0 0 24 25 28 0 27 29 
34 36 33 35 0 31 0 13 0 0 0 10 11 0 38 41 40 44 43 39 42 5 0 6 0 4 8 7 0 45 2 49 47 0 0 0 30 24 25 28 29 26 23 17 0 21 0 20 22 
0 1 47 49 46 45 2 0 30 28 29 24 25 26 3 6 5 9 8 4 7 19 17 20 0 18 22 21 0 0 16 14 12 13 11 0 44 0 39 42 43 40 37 31 32 35 33 0 36 
