7
38 0 0 40 37 0 41 48 43 46 45 47 42 44 26 0 25 0 23 27 0 0 17 0 16 20 0 15 0 0 6 5 3 0 49 8 0 12 13 11 9 10 29 34 33 0 0 28 31 
0 0 0 0 30 0 34 41 36 39 38 40 35 37 19 15 18 17 0 0 14 0 0 11 9 13 7 8 46 0 48 47 45 0 0 1 0 5 6 0 2 3 22 27 26 0 23 21 24 
24 25 0 26 23 21 27 0 29 32 0 0 0 30 12 8 0 10 9 13 0 0 3 4 2 6 49 0 39 36 41 40 0 0 35 43 42 47 48 0 44 45 0 20 0 18 0 14 17 
3 4 1 0 2 49 0 13 0 0 0 12 7 9 40 36 39 0 0 41 35 33 31 0 30 0 28 29 18 15 0 19 17 0 14 22 0 0 0 25 0 0 43 48 47 46 0 42 45 
0 0 15 19 16 14 0 0 22 0 24 26 21 0 5 1 0 0 2 6 49 47 45 46 0 48 42 43 32 29 34 33 31 0 28 36 35 0 41 39 37 38 8 13 12 11 0 7 10 
10 11 0 12 9 7 13 20 15 18 17 19 14 16 47 43 46 45 44 48 42 40 38 0 37 41 0 36 25 0 27 26 24 23 0 29 28 33 34 0 30 0 1 6 5 0 0 49 3 
45 0 0 47 0 42 48 6 1 0 0 5 49 2 33 0 32 31 30 34 28 26 24 25 23 27 0 22 0 8 0 12 10 9 7 0 14 19 20 18 16 17 36 41 40 39 37 35 0 
7 8 0 9 6 0 10 17 12 15 14 0 11 13 0 40 43 42 0 45 39 0 0 36 34 38 0 33 0 19 0 23 0 20 0 26 25 30 31 29 27 28 47 3 2 0 0 0 0 
0 15 12 16 0 0 17 24 19 0 21 23 18 20 2 47 1 49 48 3 46 44 42 43 41 45 39 40 29 26 31 0 28 0 0 0 0 0 0 36 34 35 5 10 9 8 6 0 7 
28 29 26 30 27 25 31 0 33 36 0 37 0 34 0 12 15 14 0 17 11 9 7 8 6 10 4 0 43 40 0 44 42 41 39 47 46 0 3 0 48 49 19 24 23 22 20 18 0 
35 36 33 37 34 32 38 45 0 0 0 44 39 0 0 19 0 21 20 24 18 0 0 15 0 0 0 12 0 47 0 2 49 0 46 5 4 9 10 0 0 0 0 31 30 29 27 25 28 
42 43 40 0 41 39 45 0 47 0 49 0 46 0 30 0 29 28 27 31 0 23 21 0 20 24 18 0 8 5 10 9 7 6 0 0 11 0 0 15 13 14 0 38 37 0 34 32 35 
21 22 0 0 20 18 24 31 0 29 28 30 25 0 9 5 8 7 0 0 4 2 49 1 48 3 0 47 36 33 38 0 35 34 0 40 39 0 0 43 41 0 12 17 16 15 13 11 14 
49 1 47 0 48 0 3 10 5 8 7 9 0 6 0 33 0 35 34 38 32 0 28 0 27 31 0 26 15 12 17 16 14 13 11 0 0 23 0 0 20 21 40 45 0 0 0 39 42 
29 30 0 31 28 26 32 0 34 0 0 38 0 35 17 13 0 0 14 18 12 0 8 9 7 11 0 6 44 0 46 45 43 42 40 0 47 3 4 2 49 1 0 0 0 23 21 0 22 
1 2 48 0 49 47 4 11 0 9 8 10 0 7 0 34 0 36 0 39 33 0 29 0 28 32 0 0 16 13 18 17 15 14 0 20 19 24 25 0 0 0 0 46 0 44 42 40 43 
15 16 13 17 0 12 18 25 20 23 22 24 19 21 3 48 2 1 49 4 0 45 0 44 42 46 40 41 30 27 32 0 0 28 26 34 33 38 39 0 0 36 6 11 10 9 0 0 8 
22 23 20 24 21 19 25 32 0 0 0 0 0 28 10 6 9 8 0 0 0 0 1 0 49 4 47 0 37 0 39 38 36 35 33 0 40 45 46 44 0 43 0 18 0 16 0 12 0 
8 9 6 10 7 5 0 18 0 16 0 17 12 14 45 41 44 0 42 46 40 0 0 37 35 39 33 0 23 0 25 24 0 0 0 27 26 0 32 0 28 29 48 4 3 2 49 47 1 
0 37 34 0 35 33 0 0 41 44 0 45 0 0 24 20 0 0 0 25 0 17 15 16 14 18 12 0 2 48 4 0 1 49 0 0 5 10 0 9 7 8 27 32 31 0 28 0 29 
0 44 41 45 42 0 0 4 0 2 1 3 47 49 31 0 30 29 0 0 26 0 22 0 21 0 19 20 0 6 11 10 8 7 0 0 12 17 18 16 14 0 34 39 38 0 35 0 0 
39 0 37 41 38 0 42 49 44 47 46 48 43 45 0 0 26 25 24 28 22 20 18 0 17 21 0 0 0 0 0 0 4 3 1 9 8 13 0 0 10 11 30 35 34 33 31 29 32 
0 0 0 20 17 15 0 28 0 0 25 27 0 0 6 2 5 0 3 7 0 48 0 47 45 49 43 44 33 0 35 34 32 31 29 37 36 41 0 40 0 39 9 14 13 12 10 0 0 
46 47 0 48 45 0 0 7 2 0 4 6 0 0 34 30 0 32 0 35 29 27 25 0 24 0 22 23 12 9 0 13 0 10 0 16 15 0 21 19 0 18 0 0 0 40 0 0 39 
0 12 9 13 0 0 14 0 0 0 18 20 15 17 48 44 0 46 45 49 43 41 39 40 38 42 36 37 26 23 28 27 0 24 22 30 29 34 35 33 0 0 2 7 6 5 3 1 4 
0 5 0 6 0 0 7 14 0 12 11 13 8 10 41 37 40 39 0 42 36 34 0 33 31 0 29 30 19 16 21 20 0 17 15 23 22 27 28 26 0 25 44 49 48 47 45 43 0 
32 33 30 34 31 0 35 0 37 40 39 0 0 38 20 16 19 18 17 0 15 13 11 12 0 14 8 0 0 44 49 0 0 45 0 0 1 6 7 5 3 0 0 28 27 26 24 22 25 
25 26 0 27 24 22 28 35 30 0 32 34 29 31 13 9 12 11 0 14 8 6 4 5 0 0 1 2 40 37 0 0 39 38 0 44 0 48 0 47 45 46 16 21 20 19 17 0 18 
0 17 14 18 15 13 19 26 21 0 23 0 0 22 0 0 3 2 0 0 48 0 0 45 0 47 41 42 31 28 33 0 0 29 0 35 34 0 40 0 36 37 7 12 11 0 0 6 9 
0 38 35 39 36 34 40 0 0 45 0 0 41 43 25 0 24 23 22 26 20 18 16 17 0 0 0 14 3 0 0 4 2 1 0 7 0 11 0 10 8 9 28 0 32 31 29 27 30 
30 0 28 0 0 27 0 40 35 38 37 39 34 0 0 0 17 16 15 19 13 0 9 0 8 12 6 7 45 42 47 0 44 43 41 49 0 4 5 3 0 2 0 26 25 24 22 20 23 
9 10 7 11 8 6 12 19 0 17 0 18 13 15 46 0 0 0 43 0 41 39 37 38 36 40 34 35 0 0 26 0 23 22 20 28 27 32 33 0 29 30 49 5 4 0 1 48 2 
2 0 49 4 0 48 5 12 7 10 0 11 6 0 39 0 38 0 36 40 34 32 30 31 29 33 0 0 0 14 0 0 16 0 0 21 20 25 26 24 22 23 42 47 46 0 43 41 44 
44 0 0 46 43 0 47 0 49 3 0 4 48 1 32 28 31 30 29 33 27 25 23 24 0 0 0 21 10 7 12 11 9 8 6 14 13 18 19 17 15 16 35 40 0 38 36 34 0 
23 24 21 25 22 0 26 0 28 0 0 32 0 29 11 7 10 9 8 12 0 4 0 3 1 0 48 49 38 0 0 39 37 0 0 42 41 0 0 45 43 44 14 0 18 17 15 13 16 
0 34 31 35 0 30 36 43 0 0 0 42 37 39 21 0 20 19 18 22 16 0 12 0 11 15 0 10 48 45 1 49 47 46 44 3 2 7 0 6 0 5 24 0 0 27 25 23 26 
12 13 10 14 11 9 15 22 17 20 19 21 16 18 0 45 48 47 46 1 44 42 0 0 39 43 37 38 27 24 29 28 26 0 23 0 30 35 36 34 32 33 3 8 0 6 0 2 5 
0 48 45 49 46 0 1 0 3 0 5 0 2 4 0 31 0 33 32 0 30 28 26 27 25 29 23 24 13 10 0 14 12 0 9 17 16 0 0 20 0 19 0 43 42 41 39 37 0 
19 20 17 21 18 16 0 29 24 27 26 28 23 25 0 0 6 5 4 8 2 49 47 0 46 1 44 45 34 31 0 35 33 0 0 0 0 42 0 41 0 40 10 15 14 13 0 0 12 
0 27 0 28 0 23 29 36 31 34 33 0 30 32 14 10 0 12 11 15 9 0 5 6 0 8 2 0 41 0 43 42 40 0 37 45 44 49 1 0 0 47 0 22 0 0 0 16 19 
5 6 3 7 4 2 0 0 10 13 0 0 0 11 42 38 41 40 39 43 37 0 33 0 32 36 30 31 0 0 22 0 0 18 0 24 23 28 29 27 25 26 0 1 49 0 46 0 47 
40 0 38 42 39 0 43 0 45 48 47 49 44 46 0 24 27 26 0 29 23 21 19 0 18 0 0 0 6 3 8 7 0 0 2 10 9 14 15 13 11 12 31 36 35 0 32 30 0 
27 0 0 29 0 24 30 37 32 35 34 36 0 33 0 11 14 13 12 16 10 0 6 7 5 9 3 4 42 0 44 0 41 40 38 0 45 1 2 49 47 48 18 0 22 0 0 17 0 
48 0 0 1 47 0 2 0 4 7 6 8 3 5 36 32 35 34 33 37 31 0 27 0 26 30 24 25 0 11 16 0 13 0 10 18 17 22 23 21 0 20 39 0 43 0 0 38 41 
34 35 32 36 33 31 37 44 0 42 41 43 38 40 22 0 0 0 19 23 17 15 0 14 0 16 0 11 49 0 0 1 48 0 45 4 3 0 0 0 5 0 25 30 29 28 26 24 27 
13 14 0 15 12 10 16 23 18 21 20 22 17 0 1 46 0 0 0 2 45 43 0 42 40 44 38 0 28 0 0 0 0 0 0 32 31 36 0 35 33 0 4 9 8 0 5 3 6 
6 0 4 0 0 3 9 0 0 14 13 0 10 12 0 39 42 41 40 44 0 36 34 35 33 0 31 32 21 18 23 22 0 19 17 25 24 29 30 28 26 27 46 2 1 49 47 45 48 
0 42 39 0 0 38 44 2 0 49 0 1 45 47 29 25 0 27 0 30 24 22 20 0 19 23 17 18 7 4 0 0 0 0 3 11 10 0 16 14 12 13 32 0 36 0 33 31 34 
0 21 18 22 19 0 23 30 25 0 27 29 24 0 8 0 7 6 5 9 0 0 0 49 0 0 0 0 35 0 0 36 34 33 0 39 38 0 44 42 40 41 11 0 15 14 12 10 13 
