7
0 0 33 0 30 0 0 39 0 0 38 0 41 0 47 0 46 43 0 45 0 0 1 2 4 49 0 0 24 22 27 0 26 21 0 12 0 9 0 11 8 13 17 20 18 16 14 15 0 
3 0 0 1 2 6 0 0 7 0 10 8 0 0 19 0 18 15 20 0 14 24 22 23 25 0 26 0 0 43 48 46 47 42 44 0 28 30 31 0 0 34 0 41 0 37 0 0 0 
10 7 0 8 0 0 11 18 14 0 17 15 20 19 0 23 25 0 0 24 21 31 29 30 0 0 0 34 3 1 0 4 0 0 2 0 35 0 38 0 36 0 45 48 0 44 0 43 47 
17 14 19 15 0 0 0 0 21 0 0 0 27 26 33 0 0 29 34 31 28 0 36 37 0 35 0 41 10 8 0 11 12 7 0 47 0 0 0 46 43 48 3 6 4 2 49 1 5 
24 21 26 22 23 0 0 32 28 0 0 0 34 33 0 0 0 0 41 0 0 45 0 0 46 42 47 48 0 15 20 0 19 0 0 5 0 2 3 0 1 0 0 13 0 9 7 8 0 
38 35 40 36 37 41 0 46 42 44 45 0 48 0 5 0 4 1 6 3 49 10 0 9 0 7 0 13 0 0 0 0 33 0 0 19 0 0 0 0 15 0 0 0 25 23 0 0 26 
45 0 0 0 44 0 0 0 49 0 0 0 6 0 12 9 11 8 13 10 7 0 15 0 18 14 0 20 0 36 41 39 0 0 37 26 21 0 0 0 0 27 31 0 0 30 28 29 33 
0 27 0 28 0 33 31 0 34 0 0 35 40 39 46 43 0 42 0 0 41 0 0 0 3 48 0 5 0 21 26 24 25 20 22 0 6 8 9 10 7 12 16 19 17 0 0 14 0 
44 41 46 0 43 0 45 3 48 1 0 49 0 0 11 8 10 7 12 9 6 16 14 15 17 0 0 19 0 0 40 0 39 0 36 25 20 22 0 0 21 26 30 0 0 29 0 0 32 
0 34 39 0 0 40 38 45 41 43 44 0 47 46 4 1 3 0 0 0 48 9 7 0 10 0 11 12 0 28 0 0 32 0 29 18 13 0 0 17 0 0 0 26 24 0 20 0 0 
9 6 0 0 8 12 10 17 0 15 16 14 0 18 0 22 24 21 0 23 20 0 0 29 0 0 0 0 0 0 5 3 4 48 0 0 0 36 37 0 0 40 44 47 0 0 41 42 46 
16 13 18 14 0 0 17 0 20 22 23 0 0 0 0 29 31 0 0 0 0 37 0 36 38 0 0 40 9 0 12 10 0 0 8 0 41 43 0 0 0 47 2 5 3 1 48 0 4 
23 0 25 21 22 26 24 31 27 0 0 0 33 32 39 0 38 0 40 0 0 44 42 43 45 41 46 0 16 0 19 17 18 13 15 4 0 1 2 0 49 5 9 12 0 0 6 0 11 
2 0 4 0 1 5 0 0 0 0 9 7 0 11 0 15 0 14 19 16 13 0 21 0 0 20 25 26 44 42 47 0 0 41 43 32 0 29 30 0 28 33 37 40 0 36 0 35 0 
13 10 15 0 0 16 14 21 0 19 20 18 23 0 0 0 0 25 30 0 24 34 32 0 0 31 36 0 0 4 0 7 8 0 5 43 38 40 41 42 39 0 48 0 49 0 45 0 1 
48 45 1 46 47 2 0 7 3 5 6 0 9 8 0 0 14 11 16 13 10 0 18 19 21 17 0 0 41 39 44 42 0 38 40 0 24 0 0 0 0 0 0 37 0 33 31 0 0 
0 0 8 4 0 9 0 0 10 0 13 11 16 0 22 0 0 0 23 20 17 27 25 26 28 24 29 0 48 46 2 49 1 0 47 36 31 0 34 35 0 0 0 44 0 40 38 39 0 
0 17 22 18 19 0 0 0 24 26 27 0 30 29 36 33 35 0 37 0 31 41 0 40 42 0 43 44 0 11 0 14 15 0 12 0 0 47 0 49 46 2 6 9 0 5 3 0 0 
0 24 0 25 26 0 28 35 31 0 0 32 37 0 0 0 0 39 0 0 38 48 0 47 0 45 1 2 20 18 23 21 22 0 19 8 0 5 6 0 0 0 0 0 14 0 10 11 0 
34 31 36 32 0 0 35 42 0 0 0 39 44 0 1 47 0 46 2 0 0 6 4 5 7 0 8 9 0 25 30 28 29 0 0 15 0 12 13 14 11 0 20 23 0 19 17 0 0 
0 38 0 39 40 44 0 0 0 0 0 0 0 0 8 0 0 4 9 6 3 0 11 0 0 10 15 16 34 32 37 0 36 0 33 22 0 19 20 0 0 23 0 0 0 0 0 25 0 
25 22 0 0 24 28 26 33 29 31 32 30 0 34 0 38 40 0 42 0 36 46 0 45 0 43 0 0 0 16 21 19 0 0 17 0 0 0 0 5 2 0 0 14 12 10 8 9 0 
0 8 0 9 10 14 12 0 15 0 18 16 0 0 27 24 26 0 28 0 22 0 30 31 33 29 0 35 4 2 7 5 0 1 0 0 36 0 39 0 37 42 46 49 47 45 43 44 48 
0 15 20 16 17 21 0 0 22 24 25 0 28 27 34 0 33 0 0 32 0 0 37 0 40 36 41 42 0 0 0 12 13 0 10 0 0 45 0 0 44 0 0 0 0 3 1 0 6 
32 29 0 0 31 0 33 40 0 38 39 37 0 0 0 45 47 0 49 46 43 4 2 3 0 1 6 7 0 23 28 26 27 0 24 0 8 0 11 12 9 14 18 21 19 17 15 0 20 
46 0 0 44 0 0 0 5 1 3 0 0 0 6 0 10 0 0 0 11 8 0 16 0 19 15 0 0 39 37 42 40 0 0 0 0 0 0 25 0 23 0 0 0 33 0 0 0 34 
39 36 0 37 38 42 0 0 43 45 0 44 49 48 0 0 5 2 0 4 0 11 9 0 12 8 13 14 0 0 0 33 34 29 31 0 15 17 0 0 0 21 0 28 0 0 22 23 27 
4 1 0 2 0 0 5 0 0 10 0 0 0 0 0 17 19 0 0 18 15 25 0 24 26 0 0 0 46 44 49 47 48 43 0 0 29 31 0 0 0 35 39 42 40 38 36 37 41 
5 2 0 3 0 0 6 0 0 11 0 10 0 0 21 0 20 0 0 0 16 26 24 25 0 0 0 29 47 45 1 48 49 44 0 0 0 32 0 34 31 36 40 0 41 39 37 38 0 
0 37 42 0 39 43 41 48 0 0 47 45 1 0 0 4 0 0 8 5 2 12 10 11 0 9 0 15 0 0 36 34 35 30 0 0 0 18 0 0 17 22 26 0 0 0 23 24 28 
33 30 35 31 0 0 34 0 0 0 0 38 0 42 49 46 48 0 1 47 44 5 3 0 0 0 0 0 26 0 0 0 28 0 25 14 9 0 0 13 10 15 19 22 0 18 16 17 21 
0 0 28 24 0 29 27 34 30 0 0 0 36 35 42 39 41 38 43 40 37 0 0 0 48 0 0 1 19 0 22 20 0 0 0 0 2 4 5 6 3 8 0 0 0 11 0 0 14 
0 0 0 10 0 0 0 20 0 0 19 0 22 21 0 0 0 24 29 26 23 0 31 32 0 0 35 0 5 0 0 6 7 2 4 42 0 39 0 0 0 0 47 1 48 46 44 45 49 
0 0 0 0 46 1 48 6 2 0 5 3 0 7 14 11 13 0 0 12 0 0 17 18 20 16 21 22 0 38 0 41 42 37 39 28 0 0 0 27 24 29 33 0 0 32 0 31 35 
19 16 21 17 18 22 20 27 23 25 0 24 29 0 0 32 34 0 36 33 30 0 38 0 0 37 0 43 0 10 0 0 14 0 11 49 0 46 0 0 45 1 0 8 6 0 0 0 0 
14 0 16 0 13 0 15 22 18 20 0 19 0 23 30 27 29 0 0 28 25 0 0 34 36 32 37 0 7 0 10 8 9 0 6 44 39 0 0 43 40 0 0 3 1 0 46 0 0 
28 25 30 26 0 31 0 36 32 34 0 33 38 37 44 41 0 0 0 0 0 0 47 0 1 46 2 0 21 19 24 22 23 18 20 9 4 6 7 0 5 10 14 0 0 13 11 0 16 
35 32 0 33 34 0 0 0 0 41 0 40 45 44 0 48 0 47 3 49 46 0 0 0 8 4 9 0 28 26 0 29 30 25 0 0 11 0 0 0 0 0 0 24 22 0 18 0 0 
0 0 23 19 20 0 22 0 25 27 28 26 31 0 37 34 0 0 38 35 32 0 40 0 43 0 44 45 14 12 17 15 16 11 0 2 0 0 0 0 47 0 7 10 8 0 4 0 9 
0 0 0 0 0 10 0 15 0 0 0 12 0 0 23 20 0 0 24 21 0 0 26 0 29 25 30 0 0 0 0 1 2 46 0 37 0 34 0 36 33 38 0 45 43 41 39 40 44 
0 46 2 0 48 3 0 8 4 6 7 0 0 9 16 0 0 12 0 14 11 0 19 0 0 18 23 24 0 0 0 43 44 39 41 30 0 27 28 29 26 0 35 38 36 0 32 33 37 
42 0 44 40 0 45 43 0 0 0 49 0 3 2 0 6 0 0 0 7 4 14 12 13 0 11 16 0 0 0 38 36 37 32 34 23 18 20 0 22 19 24 28 31 29 27 25 26 0 
15 0 17 13 0 18 0 23 19 21 22 20 25 0 0 28 0 27 32 29 26 0 34 0 0 33 0 0 0 0 0 9 10 0 7 45 40 0 0 44 41 46 0 4 2 49 0 48 3 
0 33 0 0 35 39 37 44 40 0 43 0 46 45 0 49 2 48 0 1 47 8 6 7 0 5 10 0 29 0 0 0 0 0 0 17 12 0 15 16 13 18 22 25 23 21 0 0 0 
0 0 3 0 0 4 2 0 5 7 8 6 11 0 0 14 16 13 18 15 0 22 20 21 0 19 24 0 0 0 0 44 45 0 42 0 26 0 0 0 27 32 36 0 37 35 33 34 38 
22 0 24 0 0 25 23 30 26 28 0 0 32 31 0 0 37 34 0 36 33 0 41 0 44 0 0 0 15 13 18 16 17 0 14 3 47 49 0 2 0 0 8 11 0 7 5 0 0 
0 40 45 41 42 46 0 0 47 49 1 0 0 0 10 0 9 6 0 8 5 0 0 0 0 0 17 18 36 0 39 0 38 33 35 24 19 0 22 23 20 25 29 32 30 28 26 27 31 
0 5 10 0 7 0 0 16 12 0 0 13 18 17 24 0 23 20 25 22 19 29 27 0 0 0 0 32 1 0 4 2 0 0 49 38 33 35 0 37 0 39 0 0 0 42 0 41 45 
0 26 31 27 28 32 30 37 0 35 0 34 0 0 45 0 0 41 0 43 0 0 48 49 0 0 3 4 22 0 0 0 24 19 21 10 0 0 0 9 6 11 15 18 16 14 0 13 17 
