7
0 40 0 0 39 0 38 25 0 0 0 24 23 26 0 4 0 0 7 0 0 0 47 48 45 0 43 49 10 0 9 0 0 14 11 0 18 16 19 0 0 0 0 0 0 0 0 31 29 
49 47 0 48 0 44 45 0 34 0 35 31 0 33 8 0 0 9 14 10 13 2 5 0 3 4 1 0 17 19 0 0 15 0 18 28 0 0 26 24 22 27 0 42 40 39 41 38 0 
0 26 22 27 25 0 24 11 0 0 0 0 0 12 36 39 40 37 42 38 0 30 33 0 31 32 0 0 45 0 0 48 43 49 0 7 0 2 5 0 1 6 0 21 19 18 20 17 0 
21 19 15 0 18 0 0 4 6 1 7 0 0 0 0 32 33 0 0 0 0 0 0 27 0 25 22 28 0 40 37 41 0 42 39 0 0 44 0 45 43 0 9 0 12 0 13 10 0 
7 0 1 0 4 0 3 0 41 0 42 38 37 40 0 18 0 16 21 0 0 9 0 0 0 0 8 14 0 0 0 27 22 28 0 35 0 30 33 31 29 34 0 0 47 0 48 0 43 
0 33 29 34 32 0 0 18 20 15 21 17 16 0 43 46 0 44 0 0 0 0 0 41 38 0 0 42 0 0 2 6 1 7 4 14 11 9 12 0 8 13 23 28 26 25 0 24 22 
0 0 8 13 11 9 0 0 48 43 49 45 44 47 0 0 26 0 28 24 27 0 19 0 17 18 15 21 0 33 0 0 0 0 0 0 39 0 0 38 36 41 0 0 5 4 6 3 1 
0 16 0 0 15 0 0 1 3 47 4 49 48 2 0 0 30 0 0 28 0 20 0 0 21 22 19 0 0 0 0 38 33 39 36 0 0 0 44 0 0 45 6 11 0 8 10 7 5 
4 2 0 0 0 48 49 0 38 0 39 35 34 0 0 15 16 13 18 14 17 0 9 0 7 8 0 11 21 23 20 0 0 25 22 32 29 0 0 0 0 0 0 46 44 0 45 42 0 
39 37 33 0 36 34 35 22 24 0 0 21 0 23 0 0 2 48 4 0 3 0 44 45 42 43 40 0 7 9 0 10 0 11 8 18 0 13 0 0 12 17 0 32 0 29 31 28 26 
46 44 0 45 0 0 0 29 31 0 32 28 27 30 0 0 9 6 11 0 10 0 0 0 0 0 0 4 14 0 0 0 12 0 15 25 22 20 23 21 19 0 34 0 37 36 0 0 33 
11 9 0 0 8 0 7 0 45 40 46 42 41 0 0 22 0 20 0 0 0 13 16 17 14 15 12 18 0 30 0 31 26 32 0 39 0 34 37 0 33 38 48 0 0 0 0 0 47 
0 23 0 0 22 0 21 8 10 5 0 7 6 0 0 36 0 34 39 0 0 27 0 31 0 29 26 32 42 0 41 0 0 46 43 4 1 0 2 0 0 3 13 18 0 0 17 0 0 
0 30 26 0 29 27 28 15 0 0 0 14 13 16 40 0 44 41 0 42 45 34 37 38 35 36 33 39 49 2 0 3 0 0 0 11 0 6 0 0 5 10 20 25 23 22 0 0 0 
9 0 3 8 0 4 5 41 0 0 0 0 39 42 0 20 0 18 0 0 22 11 14 15 12 0 10 16 26 28 25 29 0 30 27 37 34 32 0 33 31 0 0 0 49 0 1 47 45 
37 35 0 36 0 32 0 20 22 17 23 19 0 21 45 48 49 0 2 47 1 39 42 43 40 0 38 0 0 0 4 0 3 9 6 16 0 11 0 0 0 15 25 0 28 27 0 0 0 
0 0 10 15 0 11 0 0 0 45 2 0 0 0 24 27 0 0 0 0 29 18 21 0 0 0 17 0 33 35 32 36 0 37 34 0 41 39 0 40 0 0 4 0 7 6 0 5 3 
2 49 45 0 0 46 0 34 36 31 37 33 0 35 0 13 0 0 0 12 15 4 7 8 5 6 0 9 19 0 0 0 0 23 0 30 27 0 28 26 24 29 39 0 0 41 43 40 38 
44 42 0 43 0 0 0 27 29 0 0 26 25 0 3 6 7 0 9 5 8 46 49 1 47 48 45 2 12 14 11 15 10 0 13 23 20 18 21 0 17 22 32 0 35 0 0 0 31 
23 21 0 22 20 0 19 0 0 0 9 5 4 7 31 34 0 32 37 33 36 25 0 29 26 0 0 30 0 42 39 43 38 44 0 2 0 0 0 0 45 1 11 0 0 13 15 12 10 
30 0 24 29 27 25 26 0 0 0 16 12 0 0 38 0 0 39 0 40 0 32 35 36 33 0 0 0 47 49 0 0 45 0 0 0 0 0 7 5 0 0 18 23 0 20 0 0 0 
26 0 20 25 23 0 0 0 11 6 0 0 7 0 0 37 0 35 40 36 39 28 31 32 29 30 27 33 43 0 42 0 0 0 44 0 0 49 3 1 0 4 0 19 0 0 18 0 13 
0 10 6 11 0 7 8 44 46 41 47 0 42 0 0 23 24 0 26 22 25 0 0 0 15 16 0 19 0 0 28 0 0 33 30 40 37 0 0 0 0 0 49 5 0 2 4 0 0 
5 0 48 0 2 0 1 37 0 34 0 36 0 38 13 0 0 14 19 15 0 0 10 11 0 9 6 0 22 24 21 25 0 0 23 33 30 0 0 29 0 32 42 47 0 44 46 0 0 
0 45 41 46 0 42 43 0 0 0 33 29 28 0 0 9 10 7 0 0 0 49 0 4 0 2 48 5 15 0 0 18 0 19 0 0 0 21 24 0 20 25 0 40 38 0 39 36 0 
0 31 27 0 30 0 0 16 18 13 0 15 14 17 41 44 0 42 0 0 0 35 38 0 0 37 34 0 0 3 49 4 48 5 2 0 9 7 10 0 6 11 0 26 24 23 25 22 0 
0 17 13 0 0 14 0 2 0 48 5 1 49 0 27 0 0 0 0 0 0 21 0 25 22 0 0 26 0 38 35 39 0 0 37 0 44 0 0 0 0 46 0 12 0 9 11 0 6 
40 38 0 39 37 35 36 23 25 0 26 22 21 24 0 2 0 0 5 0 4 0 45 46 0 44 41 47 0 10 0 11 6 12 9 0 0 14 17 0 13 0 28 33 31 0 0 29 27 
0 20 0 0 0 17 18 0 0 2 8 0 0 6 0 33 34 31 36 0 0 24 27 28 25 26 23 29 39 41 38 42 37 0 40 1 47 45 48 46 44 49 10 15 13 12 14 0 9 
8 0 2 7 0 3 4 40 42 0 0 0 0 41 16 19 20 17 0 0 21 10 13 14 0 12 0 15 0 27 24 28 0 0 26 36 33 0 34 32 0 35 45 1 48 0 0 46 44 
36 34 30 35 33 31 32 19 21 0 0 18 0 20 44 0 0 45 1 0 49 0 41 0 39 40 37 43 4 0 0 7 2 0 5 0 12 0 0 0 0 0 0 29 0 26 28 25 23 
0 13 0 14 12 10 11 0 0 0 0 0 45 48 23 26 27 24 29 25 28 17 0 21 0 19 0 0 0 0 0 35 0 0 33 0 0 38 41 0 37 42 3 8 6 5 7 0 0 
43 41 37 42 0 38 0 26 28 23 29 25 0 27 2 5 6 3 8 4 7 0 0 49 0 47 0 0 0 13 10 14 0 15 12 0 19 0 0 18 16 0 31 36 34 33 35 0 0 
0 0 0 49 0 45 0 33 35 0 36 0 0 0 9 12 0 10 15 11 14 3 0 7 0 5 2 8 18 0 17 21 0 0 19 0 0 24 0 25 23 28 0 0 41 40 0 0 37 
0 0 0 0 0 24 25 0 0 9 0 11 10 0 0 0 0 38 43 0 42 31 34 0 32 33 30 0 0 0 45 0 44 1 0 8 0 3 6 4 2 7 17 22 20 19 21 0 16 
0 46 42 47 45 43 44 0 0 28 34 0 29 0 7 0 0 0 13 9 12 1 4 5 0 3 49 6 16 18 0 0 14 20 0 0 24 22 25 23 21 0 36 0 39 0 0 0 35 
6 4 49 0 3 1 0 38 40 0 41 0 36 39 14 0 18 0 20 16 0 8 11 12 9 10 7 13 23 0 0 26 21 27 24 0 31 29 0 0 0 33 0 48 46 45 47 0 0 
34 32 28 0 31 0 0 17 0 14 20 16 0 18 42 45 0 43 0 44 47 36 0 40 37 0 0 41 2 0 1 5 49 6 0 0 10 8 11 0 0 12 22 27 25 0 26 23 21 
41 39 0 40 38 36 0 0 26 21 0 23 22 0 49 0 0 1 6 2 5 43 46 0 0 45 42 0 9 11 8 0 7 13 10 0 17 15 18 16 14 19 29 0 32 0 33 30 28 
27 0 21 26 0 22 23 10 12 7 13 0 0 0 35 38 0 36 0 0 40 29 32 0 0 31 28 34 0 46 0 47 42 0 45 6 3 1 4 2 49 5 0 20 18 17 19 0 14 
0 11 0 12 10 0 9 45 47 0 0 44 0 46 21 24 25 0 27 0 26 15 18 0 16 17 14 20 30 32 29 33 28 0 31 0 0 36 39 37 35 0 0 0 4 3 0 0 0 
20 0 0 0 17 15 0 3 5 49 6 0 1 0 28 0 32 29 34 30 33 0 25 26 0 24 0 0 0 0 36 40 35 41 0 0 45 0 0 44 0 47 0 0 11 0 12 0 0 
0 0 0 37 35 0 34 0 0 0 0 20 19 0 46 49 0 0 0 0 2 0 43 44 0 0 39 45 0 8 5 0 0 10 0 0 14 12 15 0 0 0 26 31 29 0 0 27 25 
45 43 39 0 42 40 41 28 30 0 0 27 26 0 0 7 0 0 0 0 0 0 0 2 48 49 46 0 0 0 12 0 0 17 14 0 21 0 0 20 18 0 0 38 0 35 37 0 32 
10 0 0 9 0 5 6 42 0 39 45 0 40 43 0 21 0 0 24 20 23 12 15 16 0 14 0 17 27 29 26 30 0 0 28 38 35 33 0 34 0 0 47 3 1 0 0 0 46 
31 29 0 30 28 26 0 14 0 0 17 0 0 15 0 42 43 40 45 0 44 33 36 37 34 0 0 38 48 1 47 2 46 3 49 10 0 0 8 6 4 9 0 24 22 21 23 20 18 
0 0 18 23 21 0 20 7 9 4 10 6 5 0 0 0 36 33 38 34 0 26 29 0 27 0 0 0 0 0 40 44 39 0 0 3 49 0 1 0 0 2 0 17 0 14 0 0 11 
17 0 11 0 0 12 0 49 2 46 0 48 47 0 25 28 29 0 31 27 30 0 22 0 20 0 18 24 0 36 0 0 32 38 0 45 0 40 43 41 39 44 0 10 0 0 0 6 4 
3 1 46 2 49 47 48 35 37 0 38 0 33 0 0 14 15 12 17 0 0 5 0 9 6 0 0 10 20 22 19 0 18 0 21 31 28 26 29 27 0 30 40 45 0 42 44 0 39 
