7
41 42 0 0 40 39 0 0 20 0 19 16 18 21 30 35 31 0 32 36 34 0 49 0 47 48 46 45 0 4 0 0 3 0 5 0 0 0 26 23 0 0 0 9 0 10 14 0 11 
6 7 0 3 0 4 0 31 34 0 33 30 32 35 44 49 45 0 46 0 48 0 0 0 12 13 11 0 21 0 0 0 0 16 19 0 38 41 0 0 43 42 0 0 26 0 28 0 25 
48 0 1 0 0 46 44 24 27 0 0 23 0 0 37 0 38 0 0 43 0 8 7 2 0 6 4 3 14 11 0 13 10 0 12 0 0 0 33 30 0 35 22 16 19 17 21 20 18 
0 21 0 0 0 0 16 0 48 0 47 44 46 49 9 14 10 12 11 0 13 29 0 23 26 0 25 0 0 32 36 34 31 30 33 0 0 6 5 0 0 7 0 37 0 38 42 41 39 
0 14 15 10 0 11 9 38 0 0 40 0 0 42 0 0 3 5 0 8 0 22 21 16 19 20 18 17 0 25 29 0 24 23 0 46 0 48 47 44 0 49 36 30 0 0 0 34 32 
0 35 36 31 0 32 30 10 13 0 12 9 11 14 0 0 24 0 25 0 27 43 42 37 0 0 0 38 49 0 0 48 45 44 0 18 0 0 19 0 0 21 0 2 5 3 7 0 4 
27 0 0 24 26 25 0 3 0 0 5 2 4 7 16 21 17 19 18 0 0 0 35 30 33 34 32 31 42 39 0 41 38 37 0 0 10 13 0 9 15 0 1 44 47 45 0 48 46 
0 0 0 0 0 0 8 0 0 42 39 36 0 0 1 6 2 4 3 0 5 21 20 0 0 0 0 16 0 24 0 0 0 0 25 45 44 0 0 43 0 48 0 0 32 30 0 33 0 
26 0 28 0 25 24 0 0 5 0 0 0 3 6 15 20 16 0 17 0 19 35 0 29 0 33 31 30 41 0 42 0 0 0 39 0 0 0 0 8 14 13 49 43 46 44 0 0 45 
0 34 35 30 0 31 0 9 12 0 0 8 10 13 22 0 23 0 24 28 26 0 0 36 0 40 38 37 48 45 49 0 44 43 0 17 0 19 18 0 21 20 7 0 0 2 0 5 0 
0 48 49 44 0 0 43 0 0 0 0 22 0 27 0 41 37 39 38 0 40 7 6 0 0 5 3 2 13 0 14 0 9 8 11 31 30 33 32 0 35 34 0 15 18 16 20 19 0 
0 0 0 16 0 0 15 44 0 0 46 0 45 48 8 0 9 0 10 0 0 28 27 22 25 26 24 23 0 31 0 0 0 29 32 3 0 0 0 1 0 0 0 36 39 37 0 40 38 
40 41 42 37 39 38 0 16 19 0 18 15 17 0 0 0 30 32 0 35 0 49 48 0 46 47 0 0 6 3 7 5 2 1 4 24 23 26 0 0 0 27 14 0 0 9 13 12 0 
0 0 7 0 0 0 1 30 0 35 32 29 31 34 43 0 0 46 45 49 47 14 0 0 11 0 10 0 0 17 0 0 16 0 18 38 37 40 39 0 0 0 0 22 25 23 0 26 24 
11 12 0 8 10 0 0 0 39 41 0 35 37 40 0 5 0 3 2 6 0 0 19 14 0 18 16 15 0 0 27 25 22 0 24 0 43 46 45 42 0 47 34 28 31 0 33 0 0 
4 0 0 1 3 0 49 29 32 34 0 28 0 0 42 0 43 45 44 48 0 13 0 0 0 11 0 0 19 16 20 0 15 14 17 37 36 0 0 35 41 40 0 21 0 0 26 0 23 
0 40 0 0 38 37 0 15 0 20 17 0 16 19 28 0 29 0 30 34 0 48 0 0 0 0 44 43 5 2 6 4 0 49 0 23 0 25 24 0 0 0 0 0 10 8 0 11 9 
18 19 20 0 0 16 14 0 46 0 0 42 0 0 0 0 8 10 9 13 11 27 0 21 0 25 23 22 0 0 34 0 0 0 0 2 1 0 3 49 6 0 41 35 38 36 0 39 0 
32 0 34 29 31 0 0 0 0 0 10 7 9 12 0 26 22 0 0 27 25 41 40 0 38 39 0 36 0 0 0 46 43 0 45 0 15 18 17 0 20 19 0 0 3 1 0 0 0 
46 0 0 43 45 44 42 22 25 0 0 0 23 26 35 40 36 38 37 0 39 0 0 49 0 4 2 0 12 9 13 0 8 7 10 0 29 0 31 28 34 0 20 14 0 15 19 18 16 
25 26 0 22 24 0 0 0 4 0 3 49 0 5 0 0 15 17 16 20 18 34 0 0 31 32 30 29 0 0 41 0 0 0 38 0 0 0 0 0 13 12 0 42 0 0 0 0 0 
0 9 0 5 7 0 4 33 0 0 35 32 34 37 0 0 47 49 0 3 1 17 0 0 0 0 13 12 0 0 24 22 0 0 0 41 40 43 42 39 45 0 31 0 0 26 0 29 0 
29 30 31 0 28 27 0 5 0 0 7 0 0 9 0 23 19 0 20 0 22 38 0 32 35 0 34 33 0 41 45 43 0 0 0 0 0 15 14 0 17 16 0 46 49 0 2 1 48 
43 44 45 40 0 41 0 19 22 24 21 18 0 0 32 0 33 35 34 38 36 0 0 46 49 0 48 47 9 0 0 0 0 0 7 0 26 0 28 0 0 0 0 11 14 0 16 15 13 
15 0 17 12 14 13 0 0 0 45 0 0 41 44 4 0 5 0 6 10 0 0 0 0 21 0 20 19 0 0 0 0 0 0 28 0 0 1 0 46 0 2 38 32 0 33 37 0 34 
0 23 24 19 21 0 0 47 1 0 49 0 0 0 11 16 12 0 13 17 15 31 30 25 28 0 27 26 37 34 38 0 33 32 0 6 0 0 7 0 0 0 45 39 42 40 0 43 0 
36 37 38 0 0 34 32 12 15 0 14 0 13 0 25 0 26 0 27 0 29 45 0 39 42 0 0 40 0 48 3 1 47 46 49 20 0 0 21 0 0 23 10 0 7 0 9 8 6 
1 2 0 47 49 0 46 26 29 31 28 25 0 0 39 44 0 42 41 0 43 10 9 4 7 0 6 5 0 13 17 0 0 11 14 34 0 36 35 32 38 37 0 0 0 0 0 0 20 
0 1 2 0 0 0 0 25 0 0 0 0 0 0 0 43 39 41 40 44 42 9 8 0 6 0 5 0 15 0 16 0 11 10 0 0 0 0 34 31 37 36 0 17 0 18 0 0 19 
0 0 9 4 6 0 3 32 35 0 34 31 33 36 0 0 46 0 47 0 49 16 15 10 13 14 0 0 22 19 0 21 18 17 20 0 0 42 41 38 44 43 0 24 27 0 29 28 0 
0 0 0 18 20 0 17 0 0 2 48 45 47 1 10 0 11 13 12 16 14 30 0 24 0 0 0 25 36 33 37 35 32 31 34 5 0 7 6 3 9 0 44 0 0 39 0 42 0 
0 36 37 0 34 0 31 0 0 16 0 0 0 0 0 29 25 27 0 0 28 44 43 0 41 42 40 0 1 0 2 49 46 45 0 0 18 0 0 17 23 0 0 3 6 0 0 0 0 
14 0 16 0 0 12 0 39 0 0 0 0 0 43 3 0 0 6 5 0 7 23 0 17 0 21 0 18 29 26 30 28 25 24 0 47 46 0 48 45 0 0 37 31 0 32 36 35 33 
0 29 0 0 0 0 24 0 7 9 6 0 0 8 0 0 18 0 0 0 21 37 0 0 34 35 33 32 43 40 44 0 39 0 41 0 11 0 13 10 16 15 0 0 0 0 0 49 47 
42 0 44 39 0 0 0 18 21 0 0 17 0 0 31 0 32 0 33 37 35 0 1 45 48 0 0 46 0 5 9 7 4 0 0 0 25 28 27 24 0 0 0 10 13 11 0 14 12 
0 11 0 7 0 8 0 35 38 0 37 34 0 39 0 4 49 0 1 0 0 0 18 13 16 0 15 14 25 0 26 24 0 20 0 43 42 45 44 0 47 46 0 27 0 28 32 31 0 
0 25 26 0 23 22 20 49 0 5 2 0 1 4 13 18 14 16 0 19 17 0 32 27 0 0 29 0 39 0 0 38 35 34 0 8 0 0 0 0 12 0 0 41 44 42 46 45 43 
0 32 33 0 30 0 27 7 10 0 0 6 8 11 20 0 21 0 0 0 24 40 0 0 37 0 36 0 0 0 47 45 0 0 44 0 0 0 16 0 0 18 0 0 0 49 0 3 0 
0 39 40 0 0 0 0 14 0 19 16 13 0 18 0 0 28 0 29 33 0 47 46 0 44 45 43 0 4 1 5 0 49 48 0 22 0 0 0 20 26 25 12 6 9 0 11 10 8 
0 46 47 0 44 43 41 0 24 26 23 20 0 25 34 0 0 0 0 40 38 0 4 48 2 3 1 0 11 8 12 10 7 0 9 29 0 31 30 27 33 0 19 13 0 0 18 0 15 
0 0 5 0 0 0 0 28 31 0 30 27 29 32 41 0 42 44 0 47 0 0 11 0 0 10 0 7 18 15 0 17 14 13 0 36 0 0 37 34 40 0 26 0 23 21 25 24 22 
0 18 19 0 16 15 13 42 0 0 44 0 43 0 6 11 0 0 0 0 10 0 0 0 23 0 0 21 32 0 33 31 0 27 30 1 49 3 2 48 5 0 40 0 0 35 39 0 36 
0 10 11 0 8 0 5 0 0 0 0 33 35 38 47 3 48 1 0 0 2 18 17 12 15 0 14 0 24 0 0 0 0 0 0 42 0 44 43 40 0 45 0 26 29 27 31 30 28 
37 38 39 34 36 0 33 0 16 18 15 12 0 0 26 0 0 0 28 0 0 46 45 0 43 0 42 41 3 49 4 2 48 0 1 0 0 23 22 19 25 24 0 0 8 6 10 9 7 
23 0 0 20 0 21 0 48 2 4 1 0 0 0 0 17 13 15 14 0 0 32 0 26 0 0 0 27 38 0 0 37 34 33 0 0 6 0 8 0 11 0 0 40 43 41 45 44 42 
30 31 32 27 0 0 26 6 0 0 0 5 7 10 19 24 20 22 0 25 23 39 38 33 0 37 0 34 0 42 0 44 41 0 43 14 0 16 15 12 0 0 4 0 0 48 0 0 0 
0 45 0 0 43 42 40 20 23 25 22 0 21 24 33 38 34 0 35 39 37 4 0 47 1 0 0 48 10 7 0 0 0 5 8 0 27 30 0 26 0 31 0 12 15 13 17 0 0 
16 17 18 0 15 0 12 41 44 46 0 40 42 0 5 10 0 0 7 0 9 0 0 19 22 0 21 0 31 28 0 30 0 0 0 49 0 0 1 47 0 3 39 33 0 34 0 37 35 
0 3 4 0 1 0 47 27 0 32 29 0 28 0 0 45 41 43 42 46 44 11 10 0 0 9 0 0 17 14 0 0 0 12 15 35 0 37 0 0 39 38 25 0 0 20 0 0 21 
