7
37 0 40 0 39 36 38 1 4 0 3 5 7 2 49 0 45 0 0 43 47 0 13 0 9 0 11 14 0 0 19 16 20 0 0 25 0 26 27 24 22 0 32 0 34 0 29 31 35 
44 49 0 0 46 0 45 8 0 13 10 12 14 9 7 4 3 0 0 0 5 0 20 15 0 17 0 0 24 25 0 23 27 0 28 0 35 0 0 31 29 30 39 0 0 37 36 0 42 
0 7 5 6 4 1 3 0 0 0 0 19 21 0 0 11 0 9 0 8 0 26 27 0 23 24 25 0 31 0 33 0 34 0 35 39 42 40 0 38 36 0 0 47 48 44 0 45 49 
0 14 12 0 0 0 0 22 25 27 24 26 28 23 0 0 17 0 20 0 0 0 34 0 0 0 32 35 38 39 0 0 41 0 42 46 49 47 48 45 0 0 4 5 6 0 1 0 0 
0 35 33 0 32 29 31 0 46 0 45 0 49 0 0 0 38 37 0 36 0 5 0 1 2 0 0 0 0 11 12 9 0 8 14 18 21 19 0 17 0 16 25 26 0 23 0 24 28 
23 0 26 27 0 0 24 36 39 41 38 0 0 37 35 0 0 30 34 29 0 0 48 0 0 45 0 49 0 0 0 2 6 1 7 11 14 12 0 10 8 0 18 0 20 0 15 0 21 
0 21 19 0 0 0 0 0 32 0 31 33 35 30 28 25 24 0 27 0 0 40 41 0 0 0 0 42 45 46 0 44 48 0 49 0 0 5 6 0 1 2 11 0 13 0 8 10 14 
0 45 0 44 42 0 41 0 0 9 6 0 10 5 0 49 48 0 2 0 0 0 16 11 12 0 0 17 0 0 22 19 0 18 24 28 31 0 0 0 25 0 0 0 37 33 0 34 0 
0 17 15 0 0 0 0 25 0 0 0 29 0 0 24 21 20 0 0 18 0 36 37 32 33 0 35 38 0 42 43 0 44 39 45 0 3 1 2 0 46 0 7 8 0 5 4 0 10 
0 0 0 30 28 25 27 0 0 44 0 43 0 40 0 35 34 33 0 32 36 1 2 0 0 0 0 3 0 0 8 0 0 4 10 14 0 15 16 0 11 12 0 22 23 19 18 0 24 
33 38 36 0 0 32 0 46 49 2 48 0 0 0 0 42 0 40 44 39 0 8 0 4 5 0 0 10 13 0 15 12 0 0 17 21 0 0 0 0 18 0 28 29 0 0 0 27 31 
0 24 22 23 21 18 20 0 35 0 34 36 0 33 31 28 0 26 30 25 0 0 0 39 40 0 42 45 0 49 1 47 2 46 3 7 10 8 9 6 0 5 0 15 16 12 0 13 17 
0 10 8 0 7 4 6 18 21 0 0 22 24 19 17 14 0 12 0 11 0 0 0 0 26 27 0 31 0 35 36 0 37 32 38 0 0 43 0 0 39 40 49 1 2 0 0 48 3 
47 3 1 2 49 0 0 11 14 16 13 15 17 12 10 7 0 0 9 0 0 22 0 0 0 20 0 24 0 28 29 26 0 25 31 35 0 0 0 0 0 0 0 0 0 40 0 0 0 
0 26 0 0 0 0 0 34 37 39 0 38 0 0 0 0 0 28 0 27 0 0 46 41 0 0 0 47 0 2 3 0 4 48 5 0 12 10 0 0 0 0 16 17 18 14 13 0 0 
0 0 38 39 37 34 0 48 2 4 1 0 0 49 47 44 43 42 46 41 0 10 11 6 7 8 0 12 0 0 17 14 0 13 19 0 26 0 0 22 20 21 0 31 32 0 0 0 33 
0 0 0 0 16 0 15 27 30 32 29 0 0 0 26 23 22 0 25 0 24 0 39 34 0 36 37 0 0 44 45 42 0 0 47 2 0 0 4 0 0 49 9 10 0 0 0 0 0 
7 0 10 0 9 0 8 20 0 0 0 0 0 21 19 0 0 0 18 13 17 0 32 27 28 0 30 33 36 0 38 0 0 34 0 44 47 0 46 43 41 42 2 0 0 0 48 0 5 
0 47 0 46 44 41 43 6 0 0 8 10 12 0 0 2 0 49 0 48 3 0 18 13 14 0 16 19 22 23 0 21 0 20 0 0 0 0 0 29 27 28 37 38 39 35 34 0 0 
28 0 31 0 0 27 29 0 44 46 43 45 47 0 40 37 36 35 0 0 38 3 0 48 49 0 2 0 0 9 0 7 11 6 12 0 19 0 18 0 0 0 23 0 0 0 20 0 0 
49 0 3 0 2 48 0 13 0 0 15 17 19 0 12 0 8 7 11 0 0 24 25 20 0 22 23 26 29 0 0 28 32 0 0 0 0 0 39 0 0 0 44 0 46 0 41 0 0 
0 27 0 26 0 0 23 0 0 40 0 39 0 36 34 0 0 29 0 28 32 0 47 42 0 44 0 48 0 0 0 1 5 49 0 0 0 11 0 9 0 8 0 0 0 15 14 0 20 
0 34 0 33 31 28 30 42 45 47 0 0 48 0 0 38 37 36 0 0 0 4 5 49 0 0 0 6 0 10 0 8 0 0 13 0 0 0 0 0 14 0 24 0 26 22 21 0 27 
0 41 39 40 38 35 0 49 3 0 2 4 0 0 0 45 44 0 0 42 0 0 0 0 8 0 0 13 16 0 0 15 19 0 0 24 27 0 0 23 0 0 31 32 0 29 28 0 0 
8 13 11 0 0 7 9 0 24 26 0 0 0 22 0 17 16 0 19 14 18 32 0 28 29 0 31 34 37 38 39 0 40 0 0 0 48 46 47 44 0 0 0 4 5 1 49 2 6 
15 20 18 19 17 0 16 0 31 33 30 32 0 0 27 0 23 22 0 0 25 39 0 35 0 0 38 0 0 45 0 43 0 0 0 3 6 4 0 2 49 1 10 0 12 8 7 9 13 
43 48 46 47 45 42 44 7 0 0 9 11 13 0 6 3 2 1 5 49 0 18 19 14 15 16 0 20 0 0 0 22 26 21 0 31 0 32 0 0 0 0 38 0 40 36 35 0 41 
0 6 0 0 3 0 2 14 17 19 0 0 20 15 13 10 9 8 12 7 11 25 26 0 22 23 24 27 30 0 0 0 33 28 0 0 0 39 40 37 35 36 45 46 47 43 42 44 48 
0 1 0 0 0 44 46 9 12 14 11 13 15 0 8 5 4 0 0 0 6 20 21 0 0 18 19 22 25 0 27 24 28 0 0 0 36 0 35 32 0 0 0 0 42 38 37 39 43 
0 43 0 42 40 0 0 0 5 7 4 0 8 0 0 47 46 45 0 0 48 0 14 0 10 11 0 15 18 19 20 17 21 16 22 26 29 27 28 25 23 24 0 34 0 0 30 0 36 
3 8 6 0 5 2 4 0 0 0 0 20 0 0 0 12 11 0 14 0 13 27 28 0 24 0 26 0 32 0 34 0 35 30 36 40 43 41 0 39 37 38 47 0 49 45 44 0 1 
24 29 27 28 26 23 0 37 0 0 0 41 0 0 36 33 32 31 35 0 34 48 0 0 45 46 47 1 4 5 6 3 7 2 8 0 0 13 14 11 9 0 0 0 21 17 16 0 0 
0 15 0 14 0 9 11 0 26 28 0 0 0 0 22 0 18 17 0 16 20 0 35 30 0 32 33 36 39 0 0 38 42 37 0 47 0 48 0 0 44 45 5 0 7 0 2 4 0 
0 0 20 21 19 16 18 30 0 35 32 34 36 31 29 26 25 24 28 23 0 0 42 37 0 0 0 43 0 0 48 0 0 44 1 0 8 0 7 4 0 0 12 0 0 0 9 11 15 
31 0 0 35 0 0 32 44 47 49 0 48 0 0 43 0 0 38 42 0 41 0 0 0 3 4 5 8 11 12 13 0 0 0 15 19 22 20 0 0 0 17 0 0 0 24 23 25 0 
0 0 30 31 29 0 0 40 43 0 42 44 0 41 39 36 35 0 38 0 0 2 3 0 0 49 0 0 0 8 9 6 10 5 11 15 18 0 0 14 12 13 22 0 0 0 0 0 25 
41 46 0 45 0 40 42 0 8 10 0 0 0 0 0 1 49 0 3 47 0 16 17 12 0 0 15 18 0 22 23 20 24 0 0 0 0 30 31 0 26 27 36 0 38 34 0 35 0 
0 0 23 0 22 19 21 33 36 0 0 0 0 0 0 0 28 27 31 26 30 0 45 40 41 42 43 46 49 0 0 48 3 47 4 8 0 0 10 0 5 0 15 0 17 0 0 14 18 
48 0 0 3 1 47 49 12 0 0 14 16 0 13 0 0 7 6 0 0 9 0 24 19 0 21 22 0 28 29 30 27 0 0 32 0 39 37 38 35 33 34 43 0 45 0 40 42 46 
0 39 0 0 36 33 0 0 1 0 49 2 4 48 0 43 0 0 45 40 44 0 0 5 6 7 8 11 0 15 0 13 17 12 0 0 0 23 24 0 0 20 29 0 31 0 26 28 32 
6 11 0 0 0 5 0 19 22 24 21 23 25 20 18 0 14 13 17 12 16 0 0 26 0 0 29 0 0 0 37 34 38 0 39 0 46 44 45 42 40 0 0 2 3 48 47 0 4 
0 18 0 0 15 12 14 26 29 31 28 0 32 0 25 0 21 20 0 19 23 0 0 0 0 35 0 39 42 0 44 41 0 0 46 0 4 2 3 49 47 48 8 0 0 6 0 7 0 
18 23 0 22 20 17 0 31 34 36 33 35 0 0 30 0 26 25 0 24 28 42 43 0 0 40 0 44 47 48 49 46 0 45 2 6 9 7 0 0 0 0 13 14 0 11 0 0 16 
0 0 0 8 6 0 5 17 20 22 19 21 0 0 0 0 12 0 0 10 14 0 0 24 0 0 27 30 33 34 0 0 36 31 37 41 0 42 0 40 38 39 0 49 1 0 45 47 2 
25 0 0 0 0 24 26 0 41 43 40 42 0 0 0 0 33 32 0 31 35 0 1 45 46 47 48 2 5 6 0 4 8 3 9 0 16 14 0 0 10 11 20 0 0 18 0 0 23 
0 0 14 0 0 10 12 24 27 0 0 28 30 25 23 20 19 18 22 17 0 35 36 0 0 33 34 37 0 0 42 39 43 38 0 48 0 49 1 0 0 0 0 7 0 4 3 5 0 
0 0 35 36 34 31 33 45 48 1 47 49 2 46 44 41 40 39 0 38 42 0 8 0 4 5 0 9 12 0 14 0 0 0 0 20 23 21 22 19 17 0 27 0 0 25 24 26 30 
0 44 42 43 0 38 0 0 6 0 5 7 9 4 2 0 47 0 1 45 49 14 0 10 11 0 0 0 19 0 0 18 0 0 0 0 30 28 0 0 24 25 34 0 36 0 31 33 37 
0 2 0 0 48 45 47 10 13 0 12 14 16 11 0 0 0 4 8 3 0 21 0 17 18 19 20 23 26 27 28 0 0 24 30 0 37 0 36 33 0 32 41 42 43 0 0 40 44 
