7
27 0 28 24 0 23 29 35 0 0 30 36 0 34 7 0 0 3 0 6 4 48 0 0 1 44 0 0 0 10 9 0 12 0 0 43 0 37 0 41 0 0 18 0 16 21 0 0 0 
0 5 0 3 0 2 0 0 0 0 9 0 10 0 35 30 36 31 0 34 0 0 0 26 0 0 24 0 42 0 37 0 0 39 0 0 0 16 0 0 19 0 46 48 44 49 1 0 45 
41 40 42 38 39 0 0 0 0 0 44 0 45 0 21 0 22 17 19 0 0 0 11 0 0 0 10 0 28 24 23 29 26 0 0 8 4 0 3 6 0 7 32 34 0 35 0 33 31 
0 33 0 31 0 0 0 42 39 40 0 43 0 0 0 0 0 10 12 13 0 0 0 5 0 0 0 0 21 17 16 22 19 0 20 1 46 0 45 48 0 49 25 27 23 28 0 0 0 
13 12 0 10 11 0 0 0 18 0 0 0 0 0 0 0 43 38 40 0 0 34 0 0 36 0 31 0 49 45 0 0 47 46 48 29 0 23 0 27 0 0 4 6 2 7 0 0 0 
0 47 49 45 0 44 0 0 4 5 2 8 3 6 0 23 0 0 26 27 25 0 0 19 0 16 0 0 35 0 0 36 0 0 0 0 0 9 10 13 0 14 0 0 37 42 0 0 38 
20 19 0 17 18 0 22 0 0 0 0 29 24 27 49 0 1 45 47 48 46 41 39 40 43 37 38 0 0 0 0 8 0 0 0 36 32 30 31 0 33 35 11 0 9 14 15 0 0 
0 45 0 43 0 42 48 5 0 3 0 6 1 4 26 21 27 22 24 25 23 18 0 0 20 0 0 19 0 29 0 0 0 30 0 13 9 7 0 11 10 0 0 0 0 40 0 0 36 
0 0 0 0 0 7 13 0 16 17 0 20 0 18 0 35 41 36 0 39 37 0 0 0 34 28 0 0 47 43 42 48 45 0 46 27 0 21 22 25 0 26 0 4 0 0 0 0 1 
0 17 0 15 0 0 0 26 23 24 21 27 0 25 47 42 48 0 45 0 44 0 37 0 0 0 36 0 5 0 0 6 0 2 4 34 0 28 29 0 0 0 0 11 0 12 13 10 8 
0 24 26 22 0 0 27 0 30 0 28 34 29 32 0 49 6 0 3 4 0 46 44 0 0 0 43 47 12 8 0 13 0 9 0 0 37 35 36 39 0 40 16 18 14 0 20 17 15 
0 0 0 29 0 28 34 0 37 38 0 41 36 39 0 0 13 8 10 11 9 0 2 3 6 49 0 5 19 15 14 20 17 0 18 48 44 42 43 0 45 47 23 25 0 0 0 24 0 
4 3 5 0 0 49 0 0 9 10 0 0 0 11 33 28 34 29 31 0 30 0 0 24 0 0 22 26 0 36 35 41 0 37 39 0 16 14 15 18 17 0 44 0 42 0 48 45 0 
39 0 40 36 37 35 41 0 0 45 0 48 43 46 19 14 20 15 0 0 0 11 9 0 0 0 0 0 0 0 21 27 0 0 0 0 2 49 1 0 3 0 30 0 28 33 0 31 29 
0 0 0 11 12 0 0 22 0 20 17 23 18 21 0 0 0 0 41 42 0 35 0 0 0 0 32 36 1 46 0 2 48 0 0 0 0 24 0 28 27 0 5 0 0 0 9 0 4 
0 6 8 4 5 3 0 15 12 0 10 16 0 0 36 0 37 32 34 35 33 28 0 0 30 0 0 29 43 39 38 44 0 40 42 23 19 17 0 0 20 22 47 49 45 0 2 48 46 
0 48 1 46 0 45 0 8 0 6 0 9 0 7 0 24 0 0 0 28 0 21 19 20 23 17 0 0 36 32 31 37 0 0 35 0 0 0 11 14 0 15 0 42 38 0 44 41 0 
35 34 36 32 0 0 37 43 0 41 0 44 39 0 0 10 16 11 13 0 12 7 0 0 0 3 4 8 0 18 0 23 20 19 0 0 0 45 46 49 48 1 26 0 24 29 30 27 25 
28 0 0 25 0 0 30 36 0 34 31 0 32 35 8 0 9 0 6 0 5 49 47 0 2 45 46 0 15 0 10 16 13 12 14 0 40 0 0 0 41 43 19 21 17 0 23 0 18 
0 0 0 18 19 0 23 0 0 27 0 0 25 28 0 0 0 46 48 0 47 0 0 41 44 0 0 43 8 4 3 9 6 0 0 37 33 31 32 35 0 36 12 0 10 0 0 0 0 
0 41 43 0 40 38 0 1 47 48 45 2 0 0 0 17 23 0 20 0 0 14 12 0 16 10 11 0 29 0 0 0 27 26 0 9 0 3 0 0 0 0 33 35 31 36 0 34 0 
22 21 23 19 20 18 0 30 27 28 25 31 0 29 2 46 3 47 0 1 0 0 41 0 0 39 0 44 0 5 4 0 7 6 8 38 0 32 33 0 35 0 13 15 0 16 17 14 12 
0 42 44 40 41 39 0 2 0 49 46 3 47 1 0 18 24 19 0 22 20 15 13 14 0 0 12 16 0 0 25 31 28 27 0 0 6 4 0 0 7 9 34 0 32 37 38 35 33 
0 28 30 26 0 25 31 37 34 35 32 0 33 0 0 0 0 5 0 8 6 1 48 49 3 46 47 2 16 12 11 0 14 13 15 45 0 39 40 0 42 44 20 22 0 23 24 21 0 
1 49 2 47 48 46 3 0 6 7 0 10 5 0 30 0 0 0 0 29 27 22 0 21 24 18 0 23 37 33 0 0 0 0 36 17 0 0 12 15 14 0 41 0 39 0 45 42 0 
0 14 0 0 13 11 17 0 0 0 18 0 19 0 44 0 0 0 42 43 41 36 34 35 38 0 33 0 0 47 46 3 49 48 1 31 27 0 26 29 28 0 6 0 4 0 0 7 5 
8 7 9 5 0 0 0 16 0 14 0 0 12 0 37 32 38 33 35 36 34 29 27 0 31 0 26 30 44 40 39 45 42 41 43 0 0 18 19 22 0 0 48 1 46 2 3 0 47 
36 35 37 0 0 0 38 44 0 0 39 45 40 43 16 11 17 12 0 0 0 8 0 7 10 4 5 9 0 0 0 0 0 0 0 3 0 0 47 0 0 0 27 0 25 0 0 28 0 
0 0 34 30 0 29 35 0 0 0 0 0 0 0 0 0 0 9 11 12 10 5 3 0 7 1 0 0 20 0 15 21 18 17 19 49 0 43 0 0 0 48 0 26 0 27 28 25 23 
19 0 0 0 17 15 21 27 0 0 0 28 23 26 0 43 0 44 46 0 45 0 0 0 42 0 37 41 6 2 1 7 4 0 5 35 31 29 30 33 32 34 0 12 0 0 0 0 0 
0 25 27 23 24 0 28 34 0 32 29 35 0 0 0 1 0 0 0 5 0 0 0 46 49 43 44 48 0 9 0 14 0 0 0 0 0 36 37 40 39 41 17 19 15 20 21 18 0 
5 4 0 0 3 0 0 13 10 0 0 0 9 0 34 29 35 30 32 0 31 0 24 25 28 0 23 0 0 0 36 42 0 38 40 21 0 15 0 19 0 0 45 47 0 0 0 46 44 
0 39 0 37 38 36 42 0 45 46 43 49 0 0 20 15 0 0 18 0 0 0 0 11 0 0 9 13 27 23 0 28 25 24 0 7 0 0 2 5 0 6 0 0 29 34 35 32 30 
47 46 48 0 0 43 49 6 3 4 0 7 0 5 27 22 28 23 25 26 24 0 17 18 21 15 16 0 0 30 0 0 32 0 0 14 0 8 9 12 0 0 0 40 0 41 42 0 0 
12 11 13 0 0 0 14 20 17 18 0 0 16 19 41 36 42 37 39 0 0 0 31 32 0 0 0 0 48 44 0 49 46 45 0 0 0 22 23 0 0 27 3 0 0 0 7 4 0 
24 0 0 21 0 20 0 0 29 30 0 33 28 31 4 0 0 0 2 0 1 45 43 44 47 0 42 46 0 7 0 0 9 8 10 40 36 0 0 38 0 39 15 17 0 18 0 0 0 
38 37 39 35 0 0 0 0 43 44 41 47 42 45 18 0 19 14 16 17 15 0 8 0 12 6 0 0 25 0 0 0 23 22 24 5 0 48 0 0 2 4 29 31 0 32 33 0 28 
17 16 0 14 15 13 0 25 22 0 20 26 0 24 0 0 47 42 0 45 43 0 36 37 0 0 0 39 4 49 48 0 0 1 3 33 29 0 28 31 30 32 0 10 0 0 0 9 7 
3 2 0 49 1 48 5 11 8 9 6 0 7 10 32 27 33 0 0 31 29 24 22 0 26 20 0 25 39 35 34 40 37 36 38 0 0 0 0 17 16 0 43 0 41 46 0 0 42 
10 0 0 7 0 0 0 0 15 0 13 19 14 0 39 34 0 0 0 0 36 31 29 0 33 27 0 0 0 0 41 47 44 43 0 26 22 20 0 24 0 0 0 3 48 4 0 2 0 
31 0 32 28 0 27 33 39 36 0 34 40 35 38 11 6 12 7 9 10 8 0 1 0 5 0 49 0 0 0 0 19 0 15 17 47 0 41 0 45 44 46 0 0 20 25 26 0 21 
45 0 46 42 43 41 0 0 0 0 48 5 49 3 25 20 26 21 0 0 22 17 15 0 19 0 0 0 32 28 27 33 30 29 0 12 0 0 0 10 0 11 0 0 34 39 40 0 35 
2 1 0 48 0 47 0 0 0 8 5 0 0 9 31 26 32 0 29 0 28 23 21 22 0 19 20 24 38 34 33 39 0 35 37 0 0 12 0 16 0 0 42 0 40 45 0 0 41 
44 43 0 0 42 40 0 3 49 1 47 4 48 2 24 0 25 20 0 23 0 16 14 0 0 12 0 17 31 0 0 0 29 28 0 0 0 5 0 9 8 0 35 37 0 0 39 0 34 
30 0 0 0 28 0 32 38 0 36 33 39 0 37 10 0 11 6 8 9 0 2 0 1 4 0 0 3 17 0 12 0 0 14 0 0 42 40 41 0 0 45 0 23 0 24 0 0 20 
0 22 0 20 21 19 25 31 28 29 0 0 27 30 0 0 0 48 1 0 49 0 0 43 46 40 0 45 10 0 0 11 8 7 0 39 0 33 34 0 36 38 14 0 0 17 18 0 0 
37 36 38 34 0 33 39 0 42 43 40 46 41 44 17 12 0 0 0 16 14 9 0 8 11 5 6 10 24 20 19 25 22 0 23 0 49 47 48 0 0 0 28 30 0 31 0 29 27 
16 0 17 13 0 12 18 0 0 0 19 0 20 23 45 0 0 41 43 44 0 37 35 36 39 33 0 0 3 0 0 4 0 0 2 0 0 26 27 0 29 31 7 0 5 10 0 0 0 
0 0 0 6 7 0 11 17 14 0 12 18 13 16 38 0 39 34 36 37 35 30 28 0 32 26 27 31 45 0 40 0 43 42 44 0 21 0 20 0 22 24 49 0 0 0 4 1 48 
