7
7 0 0 0 11 9 0 0 14 15 0 12 0 13 0 49 2 3 4 0 0 20 0 21 24 0 0 19 33 39 36 38 0 0 34 31 28 30 29 0 26 0 46 40 0 0 43 42 0 
0 12 0 17 0 0 13 23 21 0 25 19 24 0 0 7 9 10 0 6 8 0 32 28 31 29 0 26 40 0 43 45 0 0 0 0 35 0 0 39 33 34 4 47 2 0 0 0 48 
49 47 1 3 0 0 48 0 0 8 0 5 10 6 40 42 44 0 46 41 43 13 18 14 0 15 16 12 26 32 29 31 28 30 27 24 21 0 22 25 0 0 39 33 0 38 0 35 34 
42 0 43 45 46 44 0 0 49 1 0 0 3 48 0 35 37 38 39 0 36 6 0 7 0 8 0 0 0 0 22 24 21 0 20 17 14 0 0 18 12 13 0 0 0 0 29 28 0 
0 26 29 0 32 0 27 37 35 0 39 0 38 34 0 21 23 24 25 0 22 0 0 42 45 43 0 40 5 0 8 0 7 0 6 0 0 2 0 4 47 0 18 12 0 17 0 14 0 
21 19 22 24 25 0 0 30 28 29 0 26 31 27 0 14 16 17 0 0 15 0 0 35 38 36 0 33 47 0 1 3 0 2 0 45 42 44 43 0 0 41 11 5 0 10 0 0 6 
35 33 36 0 39 37 34 44 0 43 46 0 45 41 26 0 30 0 0 27 0 0 4 49 0 0 2 47 0 18 15 0 0 16 13 10 7 0 8 11 5 6 25 19 23 24 22 0 20 
34 32 35 37 38 0 0 43 0 0 45 39 44 40 25 27 29 0 31 0 28 47 3 0 0 49 1 0 0 17 14 0 13 15 12 0 0 8 0 10 4 5 24 18 22 0 0 0 19 
41 39 42 0 45 43 0 0 48 49 3 46 2 47 32 34 0 0 0 33 35 5 0 6 0 0 8 4 18 24 0 23 0 0 0 0 0 15 0 0 0 0 31 0 0 30 28 0 26 
13 11 0 16 17 15 12 22 0 0 24 18 0 0 4 6 8 9 10 0 7 0 31 27 30 28 0 25 39 45 0 44 0 43 40 37 0 0 35 38 32 33 3 46 0 2 49 0 47 
0 0 7 9 10 8 0 15 13 14 17 11 16 12 46 48 1 2 3 47 0 19 24 20 23 21 0 18 0 0 35 37 0 0 0 30 27 29 28 0 25 26 0 0 43 44 42 41 40 
20 18 21 0 24 22 19 29 27 28 0 0 30 0 0 13 0 16 0 0 14 33 38 0 0 35 36 32 46 3 49 2 48 1 0 0 41 43 42 0 39 0 0 4 0 0 7 6 5 
0 25 28 30 31 0 26 36 34 0 38 32 0 33 0 20 22 23 24 0 21 0 45 41 0 0 0 39 0 10 0 9 0 0 5 2 48 1 0 3 46 47 0 0 0 16 14 13 12 
0 0 49 2 0 1 0 0 0 7 10 0 9 0 39 41 43 0 45 0 42 12 17 13 16 14 0 11 0 31 28 0 27 0 0 0 20 0 21 24 0 19 0 0 0 0 35 34 33 
47 0 48 1 0 0 46 7 0 6 9 3 8 4 38 0 42 43 44 39 0 11 16 0 15 0 0 0 24 30 27 29 0 28 0 22 19 21 20 0 0 18 0 0 0 0 0 0 32 
26 24 0 0 30 0 25 35 33 34 0 31 36 32 17 0 0 22 23 0 20 39 44 0 43 0 42 0 3 0 0 8 5 7 4 1 0 0 48 2 0 46 16 0 14 15 0 12 0 
33 31 0 0 0 0 32 0 40 41 44 0 0 39 24 26 0 0 0 25 0 46 2 47 0 48 49 0 10 16 13 15 12 0 11 8 0 0 6 9 3 4 0 17 21 0 20 19 18 
5 3 6 0 0 7 4 14 0 13 16 0 15 11 0 47 49 1 2 0 0 18 23 0 0 0 0 17 0 37 34 0 33 35 32 29 0 0 0 30 24 25 0 38 42 0 0 40 0 
40 38 0 43 44 42 39 0 47 48 2 45 0 0 0 33 35 0 37 0 0 0 0 5 0 0 7 3 0 0 0 0 19 21 0 0 12 14 13 16 10 11 0 24 28 29 0 0 0 
0 10 0 15 0 0 0 21 0 20 0 17 22 0 0 0 0 8 0 4 0 25 30 0 0 27 0 24 38 44 0 0 0 42 39 36 33 35 34 0 31 32 2 45 49 1 0 0 0 
19 17 20 22 0 21 18 0 0 0 30 0 0 0 10 0 14 0 16 0 0 32 37 0 36 0 35 31 0 0 48 1 0 0 46 0 40 0 0 44 38 0 0 3 7 8 6 5 4 
0 0 26 28 0 27 24 34 0 33 0 0 35 0 0 18 20 0 0 17 19 38 43 0 42 0 0 37 0 8 5 7 4 6 0 49 0 48 47 1 0 45 0 9 0 14 12 11 10 
0 0 0 0 43 41 38 48 0 0 0 44 49 45 30 0 34 35 36 31 33 3 0 4 7 0 6 2 16 22 19 21 0 20 17 0 0 0 0 0 0 0 29 0 27 28 0 0 0 
32 0 33 0 36 34 31 0 39 40 43 37 42 38 0 0 27 0 29 24 26 45 1 46 0 47 0 0 9 15 12 14 0 0 10 7 4 0 5 8 0 3 22 16 20 21 19 0 17 
4 0 0 7 8 6 3 13 0 12 15 0 0 10 0 0 48 0 0 45 47 0 22 18 21 19 0 16 0 0 0 0 0 0 31 28 0 0 26 0 23 0 0 0 41 42 40 39 0 
11 9 12 14 15 0 0 20 0 0 22 0 21 0 0 4 0 7 8 3 0 24 29 0 28 26 0 23 37 43 0 0 39 41 0 0 0 34 0 0 0 31 1 44 0 0 47 0 45 
46 44 0 0 1 48 45 6 0 5 8 2 7 0 37 0 41 42 0 38 0 0 0 11 0 0 13 9 0 29 26 0 0 27 24 21 0 20 0 0 16 0 0 30 34 35 0 32 0 
18 16 19 21 22 20 17 27 25 26 0 0 28 0 9 11 13 14 15 0 0 31 0 32 0 33 34 30 44 0 47 49 46 0 0 42 0 41 0 0 37 38 8 2 6 7 5 4 3 
0 34 37 39 40 38 35 0 43 44 0 0 46 0 27 29 31 0 33 28 30 49 0 1 4 0 0 0 0 0 16 0 0 17 0 0 8 0 9 12 0 0 26 20 24 25 23 22 0 
43 0 0 46 0 45 0 0 1 2 5 0 4 49 34 0 0 0 0 0 0 0 12 0 0 0 0 0 0 0 0 25 22 24 21 0 15 17 16 19 0 0 0 27 31 0 30 29 0 
15 13 16 0 0 17 0 0 22 23 0 20 25 21 6 0 10 11 12 0 0 28 33 29 0 0 0 0 0 47 44 46 43 45 0 0 36 38 37 0 34 35 5 48 0 0 0 0 0 
8 0 9 0 12 10 0 17 0 16 0 0 18 0 48 1 0 4 0 0 2 0 0 0 0 23 0 0 0 40 37 0 0 38 35 0 0 0 30 33 27 0 47 41 0 46 0 43 42 
0 27 0 32 0 31 28 38 36 0 0 34 39 35 20 22 24 25 26 21 23 42 47 0 0 44 0 41 6 12 9 0 0 0 7 4 0 0 0 5 48 49 19 13 17 18 16 15 14 
1 48 0 4 0 0 0 10 8 0 12 0 0 7 0 0 0 46 47 0 44 14 19 15 0 0 17 13 0 0 0 0 29 31 0 25 0 0 23 0 20 21 0 0 0 39 37 0 0 
22 20 0 25 0 24 21 31 29 0 33 27 32 28 13 15 17 18 0 0 16 35 40 36 0 37 38 0 48 0 2 4 0 3 0 0 0 45 44 47 0 42 12 6 10 0 9 8 0 
0 8 0 13 14 0 0 19 17 18 21 0 20 16 1 3 0 6 7 0 4 23 0 0 27 25 26 22 36 0 0 41 0 40 37 0 31 33 0 35 29 30 49 0 47 0 0 45 0 
31 29 0 34 35 33 30 40 38 0 42 0 41 0 22 24 26 27 28 23 25 44 0 0 0 46 47 43 8 14 0 13 10 0 0 0 3 0 4 7 0 0 21 0 19 20 0 0 16 
0 43 46 48 49 47 44 5 3 0 0 1 6 2 36 38 40 0 0 37 0 9 14 10 0 0 0 8 22 28 25 27 0 26 23 0 17 0 18 21 15 16 35 29 0 0 0 0 30 
0 1 4 6 7 0 2 12 10 11 0 0 13 0 0 0 47 48 49 44 0 16 0 17 0 18 0 0 29 35 32 0 31 0 0 0 0 0 0 28 22 23 42 0 0 0 39 38 0 
38 36 0 41 42 40 0 0 0 0 0 0 48 44 29 31 0 34 35 0 32 0 7 0 6 0 0 0 15 0 0 0 17 19 0 13 10 0 0 14 0 0 0 22 0 0 25 24 23 
0 0 0 20 21 19 16 0 24 25 28 22 27 23 0 0 0 0 14 0 11 30 0 31 0 0 33 29 0 49 46 48 0 0 0 0 0 0 0 0 36 0 7 1 0 6 0 3 2 
24 22 25 27 28 26 23 0 31 0 35 29 0 30 0 0 19 20 21 0 0 37 42 0 0 39 0 36 1 7 0 0 3 5 0 0 0 0 46 49 0 44 0 8 12 13 0 0 9 
0 49 0 5 0 4 1 11 0 10 0 7 0 0 42 44 46 47 48 43 45 15 20 16 19 0 0 0 28 34 0 0 30 0 0 0 23 0 0 0 21 22 0 35 0 0 0 37 0 
23 0 24 26 27 0 22 32 0 31 34 28 0 29 14 16 18 0 0 15 17 0 41 0 0 38 0 0 49 6 0 5 2 0 1 47 44 0 0 48 42 43 13 7 11 12 10 9 0 
9 0 10 0 0 11 8 18 16 17 0 14 0 15 0 2 4 5 0 0 3 22 27 23 26 24 25 0 0 0 0 40 37 39 36 0 0 0 0 34 28 0 48 42 46 47 0 44 0 
37 0 38 40 0 39 0 46 44 45 0 42 0 0 0 0 0 0 34 29 31 0 6 2 0 0 4 49 0 0 17 19 0 18 15 12 0 0 10 13 0 8 0 21 0 0 24 23 0 
0 14 17 0 0 0 15 25 0 0 27 21 26 22 0 9 0 12 13 8 10 29 34 0 33 31 32 0 0 48 45 0 44 46 0 40 37 0 38 0 35 36 6 49 0 5 0 2 1 
44 42 45 47 48 46 43 4 2 3 6 49 0 1 0 37 0 40 41 36 0 0 0 9 12 10 0 7 0 0 24 26 23 25 0 19 16 0 0 20 14 0 34 0 0 33 0 30 0 
30 0 31 0 34 0 0 39 0 38 41 35 40 36 0 23 25 0 0 22 24 43 48 44 47 45 0 0 0 0 10 12 9 11 0 5 2 0 3 6 49 0 20 0 18 0 17 16 15 
