7
0 0 41 46 0 44 0 0 34 0 39 36 0 0 0 14 17 15 16 13 12 9 8 0 0 0 0 7 4 48 0 0 0 2 3 0 32 26 0 30 0 29 0 0 19 25 23 0 21 
33 0 34 39 38 0 0 0 0 31 32 0 28 0 11 7 10 8 9 0 5 2 1 0 48 3 47 49 46 41 0 42 0 44 0 21 0 19 20 23 24 22 0 0 12 18 0 0 14 
47 0 48 4 3 2 49 0 41 45 46 0 0 0 0 0 24 22 23 0 19 16 15 18 0 0 12 14 11 6 5 0 8 9 10 35 39 33 34 0 38 36 0 27 26 32 0 29 0 
12 15 0 18 17 16 14 0 6 10 11 8 0 0 0 35 38 36 0 34 33 30 0 0 0 31 0 28 25 0 19 0 0 23 24 49 4 0 0 2 0 1 0 41 40 0 44 43 0 
0 29 27 32 0 30 28 23 20 0 0 22 21 0 4 49 3 0 0 48 47 0 43 46 0 45 0 42 0 0 0 0 36 37 0 14 18 12 13 0 0 0 10 6 0 11 9 0 0 
0 0 0 11 10 0 7 0 0 0 4 1 49 0 32 28 31 29 30 0 26 0 22 25 20 24 0 0 0 13 12 0 15 0 17 42 46 40 41 0 0 43 38 0 0 0 37 36 35 
0 0 0 0 24 23 21 16 13 0 18 15 14 0 46 42 45 43 44 41 40 0 0 39 34 38 33 0 32 0 26 28 29 0 31 0 11 0 6 9 10 8 3 48 47 0 2 1 49 
0 20 0 0 0 21 0 14 11 0 16 13 12 10 44 0 43 0 42 39 0 35 0 0 32 36 0 33 30 0 24 0 0 28 0 5 0 3 4 7 8 6 1 0 45 2 0 48 47 
31 34 32 37 36 0 33 0 25 0 0 27 26 0 0 0 0 6 0 4 0 49 48 2 46 1 45 47 0 39 38 0 0 42 0 19 23 17 0 21 22 0 15 11 0 16 0 0 12 
10 13 11 16 15 0 12 7 4 8 0 6 0 3 37 0 36 0 35 0 0 28 0 0 0 29 24 26 23 18 17 0 0 0 22 47 2 0 46 49 1 0 43 39 0 44 42 41 40 
38 41 39 44 43 42 0 35 32 0 0 0 33 0 16 0 15 0 0 0 10 7 6 9 0 8 0 0 2 46 45 0 48 49 0 0 30 24 0 28 29 27 0 18 17 23 21 20 19 
0 0 46 2 1 49 47 0 39 43 0 41 0 38 23 19 22 20 0 0 0 0 0 16 0 15 10 0 9 4 3 5 6 7 0 0 37 31 32 0 0 34 29 25 0 0 28 27 26 
24 0 0 0 0 0 26 0 18 22 0 20 0 0 0 47 1 48 0 46 0 42 41 0 0 0 38 0 0 0 0 0 0 0 0 0 0 0 11 0 15 0 8 4 3 9 7 6 0 
3 6 4 0 8 7 5 0 0 0 0 48 0 45 0 26 0 27 28 25 0 21 0 23 18 22 0 19 16 11 0 12 13 14 0 0 44 0 0 0 43 41 36 32 31 37 0 34 0 
0 0 26 31 30 0 0 22 0 23 24 0 20 18 3 0 0 49 1 0 0 43 42 0 40 44 39 0 38 33 0 0 0 0 37 13 0 11 12 15 16 0 9 5 4 0 0 0 6 
0 21 0 24 23 22 0 15 12 16 17 14 0 11 45 41 44 0 0 40 0 36 0 38 0 0 32 0 0 26 25 27 28 29 30 6 10 0 5 8 9 0 2 47 0 3 1 0 0 
0 49 47 3 0 1 48 43 40 44 45 42 0 39 24 20 0 21 0 19 18 15 0 0 0 16 11 13 10 5 4 6 7 8 0 0 38 0 0 36 37 35 0 26 25 31 29 0 27 
11 14 12 17 0 15 13 0 5 0 10 0 0 4 0 34 0 0 36 33 0 0 28 0 26 30 25 27 0 0 18 20 21 0 23 0 0 0 0 1 0 49 44 0 0 45 0 0 0 
39 42 40 45 0 0 41 0 33 37 0 0 0 32 17 13 16 14 0 0 11 0 0 10 0 9 4 6 3 0 46 0 0 1 0 27 0 25 26 0 0 0 23 0 18 24 22 21 20 
4 7 5 0 9 8 6 1 47 0 0 0 48 46 31 0 0 28 0 26 25 22 21 24 19 23 18 20 0 12 0 0 14 0 16 41 0 39 40 43 44 0 0 33 32 0 0 35 34 
0 35 33 38 0 36 0 29 0 30 31 0 0 0 0 6 0 0 8 5 0 1 49 0 0 0 46 48 0 40 0 0 42 43 44 20 24 18 19 0 23 21 0 0 11 17 15 14 13 
21 24 0 27 0 25 23 18 15 19 0 17 16 14 48 44 0 45 0 0 42 39 38 41 0 0 35 37 0 0 28 0 31 0 33 9 0 0 0 0 12 10 0 1 0 6 4 3 0 
0 31 29 0 0 32 0 0 0 26 27 0 0 0 0 2 0 3 0 0 49 0 0 0 0 47 0 0 41 36 0 0 38 39 40 16 20 14 0 18 19 17 0 0 0 13 0 0 0 
0 3 1 6 5 0 2 0 0 0 0 45 44 42 27 23 0 24 0 0 0 0 17 0 0 19 14 0 0 0 7 0 10 0 12 0 41 0 0 0 40 0 33 0 28 0 0 31 0 
14 17 0 20 19 18 16 0 0 0 13 10 9 7 0 0 0 38 0 0 35 0 0 34 29 33 0 30 27 22 0 23 0 0 26 2 0 49 1 0 5 0 0 43 42 48 0 45 0 
0 0 0 48 47 46 44 39 0 0 41 0 37 0 0 0 19 17 18 15 14 11 10 13 0 12 7 9 0 1 49 2 0 4 5 0 0 0 0 32 33 0 26 22 21 27 25 24 23 
7 10 0 13 12 11 9 0 1 5 6 0 0 49 34 0 33 31 0 29 28 25 0 0 0 26 0 23 20 15 14 16 0 0 19 44 48 42 0 46 0 45 40 36 0 0 0 38 37 
35 0 36 0 0 39 0 0 0 33 34 0 30 28 0 0 12 0 11 8 7 4 0 6 1 5 49 2 0 43 42 0 0 46 47 23 27 21 0 25 26 24 19 0 14 20 18 17 16 
0 0 23 28 27 26 0 0 16 0 0 18 17 15 0 0 48 0 47 44 0 40 39 42 37 41 0 0 35 0 29 31 32 0 0 10 0 0 9 12 13 11 0 0 1 7 0 4 3 
15 18 16 21 0 0 17 12 0 13 0 0 0 8 42 0 41 39 0 0 0 0 0 35 30 0 29 0 28 23 22 0 0 26 27 0 7 1 2 5 6 4 0 44 0 49 47 46 0 
0 32 30 0 34 0 31 26 23 0 0 0 24 0 7 0 6 0 0 2 0 47 46 49 0 0 0 45 0 0 36 0 39 40 0 17 21 15 0 19 20 0 13 9 8 14 0 11 0 
0 46 44 0 0 0 45 0 37 0 0 0 38 36 21 17 0 0 19 0 15 0 0 0 9 0 8 10 0 2 1 3 4 0 0 0 35 0 0 0 34 32 27 23 0 0 0 0 0 
8 0 0 14 13 0 0 5 2 0 7 0 3 1 0 0 34 32 33 0 0 26 25 28 23 27 0 24 21 16 0 17 18 19 20 45 49 0 44 47 0 0 41 37 0 42 0 0 38 
0 39 0 0 41 0 38 0 30 0 0 32 31 29 14 10 0 11 0 9 0 0 0 7 0 6 1 3 49 0 43 0 0 0 48 0 28 22 23 0 27 0 0 16 0 0 19 18 17 
0 0 2 7 6 0 3 0 0 0 49 46 45 43 28 24 27 25 0 0 0 0 0 21 16 20 0 0 14 0 8 10 0 12 0 0 0 36 0 40 41 39 34 0 0 0 33 32 31 
34 37 35 0 39 0 36 31 28 32 33 30 29 0 0 8 11 0 10 0 0 0 2 0 49 4 0 1 0 42 41 43 44 45 46 0 26 20 21 0 0 23 0 14 0 19 17 16 0 
0 23 0 26 25 0 22 17 14 18 19 16 0 13 47 43 46 44 0 42 41 0 37 40 35 0 34 36 0 28 27 29 30 0 32 0 12 6 7 10 11 9 4 49 0 5 3 2 1 
48 2 49 5 4 3 0 45 42 46 47 0 43 41 0 0 25 23 0 0 20 17 16 0 14 18 13 0 12 0 0 8 9 10 0 36 40 34 35 0 39 37 32 28 0 33 0 0 29 
27 30 28 0 32 31 29 24 0 25 0 23 0 0 0 1 4 0 3 0 48 0 44 0 0 46 41 43 0 35 34 0 0 38 39 15 0 13 0 17 0 0 11 7 6 0 0 0 0 
41 0 0 47 0 45 0 0 35 39 0 0 0 34 19 15 0 16 17 14 0 10 9 12 7 11 0 8 5 0 48 1 0 3 0 0 0 0 28 31 32 30 0 0 20 26 0 23 22 
13 16 0 0 18 17 15 10 0 0 12 9 8 6 0 36 0 0 38 35 0 0 0 0 28 32 27 0 26 0 20 22 23 24 0 1 5 48 49 3 4 2 46 42 0 47 45 44 43 
6 9 7 12 0 10 8 0 49 4 5 2 1 0 0 29 0 30 0 28 27 0 23 0 0 25 0 0 0 0 0 15 16 17 18 0 47 0 42 45 46 0 0 0 0 40 0 0 36 
0 0 31 0 35 34 0 0 0 28 29 0 25 23 0 4 7 0 6 0 2 48 47 1 45 49 0 0 0 38 37 0 0 0 42 18 22 16 17 0 21 19 14 10 9 0 13 0 0 
0 0 0 29 28 27 25 0 17 0 0 19 18 16 1 0 0 0 48 0 0 41 40 0 38 42 37 39 0 31 0 0 33 34 35 0 15 0 10 13 0 0 0 0 2 8 0 5 4 
2 0 0 8 0 6 0 0 45 0 1 0 46 0 29 0 28 26 27 24 23 20 0 22 0 0 0 0 0 10 9 11 0 13 14 0 43 37 38 41 0 40 0 31 0 36 34 0 32 
9 12 10 0 14 0 0 0 3 7 8 0 4 2 0 0 0 33 34 0 0 0 26 29 24 28 0 25 0 0 0 18 0 0 21 0 1 44 45 0 0 0 42 38 0 43 41 40 39 
16 0 0 0 0 20 18 0 0 14 15 12 11 9 0 0 42 0 41 0 37 0 33 0 31 0 0 32 0 0 23 0 26 0 28 4 8 0 3 0 7 5 49 0 44 1 48 47 46 
44 0 0 0 0 0 0 0 0 42 43 40 39 37 22 18 0 0 20 0 0 13 12 0 0 14 9 0 0 0 0 4 0 0 7 32 36 30 0 34 35 0 28 0 0 29 27 26 25 
37 0 38 0 42 41 39 34 31 35 0 33 32 30 15 11 14 0 0 0 0 0 5 0 3 7 0 0 1 0 44 46 47 0 49 0 0 0 24 27 28 26 21 17 0 22 0 0 0 
