7
46 0 2 0 1 47 0 37 0 38 0 0 35 32 43 0 44 0 0 39 40 26 0 0 25 29 28 0 10 0 5 6 0 7 4 23 22 19 0 18 0 0 17 0 15 14 12 13 0 
39 45 0 42 43 40 41 30 29 0 27 26 0 25 0 0 0 34 0 32 33 0 23 0 18 0 0 0 0 0 47 48 0 49 0 16 0 12 0 11 0 0 0 0 0 0 0 0 9 
32 38 37 35 36 33 0 0 22 24 20 19 0 18 0 31 30 0 28 25 26 0 16 0 11 15 14 17 0 0 0 0 43 0 39 0 8 5 6 0 0 0 3 46 1 49 47 0 0 
18 24 0 21 22 0 0 9 8 10 6 0 0 4 15 17 16 13 0 11 0 0 2 48 0 0 0 0 0 0 26 27 0 28 0 44 43 0 0 39 45 0 38 32 36 0 33 34 37 
0 0 16 14 15 12 0 0 0 3 0 0 0 0 0 10 9 6 0 0 5 40 0 41 39 0 42 0 0 23 0 0 22 21 18 0 36 33 34 32 38 35 31 0 0 0 26 0 0 
4 0 9 7 0 0 0 44 43 0 0 40 42 0 1 3 2 0 49 0 0 33 37 0 0 36 35 0 17 0 12 0 15 14 0 0 29 26 27 0 31 28 0 0 22 0 19 0 23 
25 0 0 28 0 26 0 0 15 0 13 12 14 0 22 0 0 0 0 18 0 5 9 0 0 0 0 10 0 0 0 0 36 35 32 2 1 0 0 46 3 0 45 39 43 0 0 41 44 
0 18 17 0 16 13 14 0 0 4 49 48 1 47 9 0 0 7 8 0 0 41 45 42 0 44 0 46 25 0 0 21 0 22 19 0 0 0 0 33 39 36 0 26 0 29 0 28 0 
33 0 0 36 37 34 0 0 23 0 0 0 0 19 0 32 0 0 29 26 27 13 17 14 12 16 0 18 0 45 41 42 44 43 40 10 9 0 7 5 0 0 0 0 2 0 48 0 0 
47 0 0 1 2 48 49 38 37 39 0 34 0 33 44 46 45 42 43 40 0 27 31 0 26 30 29 32 11 0 0 7 0 8 5 24 23 20 0 0 25 0 18 12 16 0 13 14 17 
40 46 0 43 44 0 0 0 30 32 0 27 0 26 0 39 38 0 36 33 34 0 24 21 0 0 0 25 4 3 0 49 2 0 47 0 16 13 14 0 18 0 0 5 0 8 6 0 10 
0 0 24 0 23 20 21 0 0 11 7 0 0 5 16 18 17 0 0 12 13 48 0 0 0 0 1 0 32 0 27 28 0 29 26 45 0 0 42 40 0 43 39 0 0 0 34 35 38 
0 11 10 0 0 6 7 45 0 0 42 41 0 0 2 4 3 49 1 47 48 34 38 35 33 0 36 0 0 17 0 0 16 15 12 31 30 0 28 26 0 29 25 19 0 0 20 0 24 
26 32 0 29 30 27 28 17 16 0 14 0 0 12 23 25 0 21 0 0 0 6 10 7 5 9 0 0 0 0 0 0 37 0 0 3 2 48 49 47 0 0 0 40 44 43 0 0 45 
43 49 48 46 0 44 45 0 33 35 0 30 32 0 40 42 41 38 39 36 37 0 27 0 0 26 25 0 7 6 2 3 0 4 1 20 19 16 0 15 0 18 14 0 12 0 0 10 13 
0 14 13 0 0 9 10 48 47 0 0 44 46 0 5 0 6 0 4 0 0 37 41 0 0 40 0 42 0 20 16 17 19 18 15 34 33 0 31 0 0 32 28 0 26 0 23 0 0 
22 28 0 0 26 0 24 0 0 14 0 0 11 0 19 21 0 0 18 0 16 2 6 0 1 0 0 7 35 34 30 31 0 32 29 48 0 44 0 43 49 46 42 0 40 0 0 38 0 
29 0 34 0 33 30 31 0 19 0 17 0 0 15 0 28 0 24 25 0 0 9 13 0 8 12 11 14 0 41 37 0 40 0 36 6 0 2 3 1 0 4 49 0 0 46 0 45 0 
0 21 20 18 19 16 17 0 5 7 0 0 4 0 0 14 0 10 0 8 9 0 48 0 0 0 46 0 28 0 0 24 0 25 0 41 0 0 38 0 42 0 35 29 0 32 0 31 34 
36 42 41 39 40 37 0 27 26 28 0 23 0 0 33 35 34 0 0 0 30 16 0 0 0 0 18 21 0 0 44 0 47 46 43 0 0 9 10 8 0 0 7 1 5 0 2 3 6 
1 7 6 4 0 2 3 0 0 42 0 37 39 0 0 49 48 0 46 43 44 30 0 0 29 33 32 35 0 13 9 10 12 11 8 0 26 23 24 22 0 0 21 0 19 18 0 0 20 
7 13 0 10 0 0 0 0 0 48 0 43 45 0 4 0 5 2 0 0 1 36 0 0 35 0 38 0 20 0 15 16 18 17 14 33 0 0 30 0 34 31 27 21 25 0 0 23 0 
14 0 19 17 0 15 16 5 4 6 2 1 3 0 11 0 0 0 10 0 8 0 0 0 0 46 0 48 0 26 0 23 25 24 21 0 39 0 37 0 41 0 34 0 32 0 29 30 0 
49 0 0 0 0 1 0 40 39 0 37 36 0 35 46 48 47 0 0 0 0 29 0 0 28 0 31 0 0 12 0 9 0 10 0 26 0 22 23 0 0 24 0 0 18 0 0 16 19 
0 34 0 0 32 0 30 0 18 20 16 15 0 14 25 27 26 23 24 21 0 0 0 0 7 11 10 0 0 0 36 0 0 0 35 0 0 1 0 49 6 0 48 42 46 0 43 0 0 
42 0 47 45 46 0 44 33 32 0 30 29 31 28 0 0 40 37 38 0 36 0 26 23 0 25 0 0 6 5 0 2 0 0 0 19 18 15 16 14 0 17 13 0 11 10 8 0 0 
21 0 0 0 25 22 23 12 11 13 0 0 10 7 0 0 19 16 0 0 0 0 5 2 49 0 3 6 0 0 29 30 32 31 28 0 0 43 44 42 48 0 0 0 39 0 0 0 0 
0 41 0 0 39 36 37 26 0 27 0 22 24 21 32 34 0 30 0 28 29 15 19 0 14 18 0 20 48 47 43 0 46 0 0 0 11 8 0 7 13 10 6 0 0 0 0 2 5 
48 5 4 2 3 0 0 39 38 0 36 35 0 0 45 47 0 0 44 0 42 28 32 29 27 31 0 33 12 11 0 8 0 9 6 0 0 0 22 0 26 0 0 13 0 16 0 15 18 
13 19 18 0 17 14 0 0 0 0 0 49 2 48 10 0 0 0 0 6 0 42 0 43 41 45 44 0 26 25 0 22 0 23 20 39 38 0 36 0 0 37 33 27 31 30 28 0 32 
34 40 0 37 0 35 36 25 0 0 22 21 0 20 0 0 0 29 0 27 0 0 18 15 13 0 0 0 47 0 42 43 45 0 0 0 10 7 8 0 12 0 5 0 0 0 49 1 4 
0 0 25 0 24 21 22 0 10 0 8 0 9 6 0 19 18 15 0 0 0 0 4 1 48 3 2 5 33 32 0 0 31 30 0 0 45 42 43 41 47 44 0 34 0 37 0 36 39 
0 47 46 44 0 0 0 0 31 33 0 0 30 27 38 40 39 0 0 34 35 21 0 0 0 0 23 0 0 4 0 0 0 2 0 18 17 14 15 0 19 0 12 0 0 0 0 8 11 
27 33 32 0 0 0 0 18 0 19 15 0 16 0 24 26 0 22 23 20 21 7 11 0 6 10 9 0 0 0 0 36 38 37 0 4 0 49 1 48 5 0 47 0 45 44 42 0 46 
0 12 11 9 0 7 0 46 45 0 0 0 44 0 0 0 0 1 2 48 49 35 39 36 0 0 37 40 19 18 0 0 17 16 13 32 0 0 0 27 0 30 0 0 24 23 21 22 25 
0 37 36 0 35 0 33 0 21 23 0 0 20 17 0 30 29 0 0 24 0 11 15 0 0 14 13 0 44 0 39 40 0 41 38 0 7 4 0 0 0 6 0 0 0 0 0 47 0 
10 0 15 0 14 11 12 0 49 2 47 46 0 45 0 9 8 5 0 3 4 39 0 0 38 0 0 0 23 0 0 19 0 0 17 0 35 0 0 0 37 34 0 0 0 27 0 0 29 
17 23 0 20 0 18 19 8 0 0 5 4 6 0 14 0 15 0 0 0 0 46 0 47 0 49 48 2 30 29 25 26 0 0 0 43 42 0 40 0 44 0 0 31 35 0 32 33 0 
45 2 1 48 49 46 47 0 35 0 0 32 34 31 42 0 0 0 0 38 39 0 29 0 0 0 27 0 9 8 4 0 0 0 3 22 21 18 0 0 23 20 0 10 14 13 0 12 15 
0 30 29 27 28 25 0 0 0 0 12 0 13 10 0 23 22 19 20 0 18 4 0 0 0 7 0 0 37 36 32 33 0 0 31 0 49 46 47 45 2 48 0 0 42 41 0 0 0 
0 44 0 41 42 39 40 0 28 0 0 0 27 0 35 37 36 33 0 0 32 0 22 19 17 21 20 23 0 1 0 0 49 0 45 15 14 11 12 10 16 13 9 0 0 0 0 5 8 
3 9 0 0 0 4 5 43 42 0 40 0 0 0 49 0 1 0 48 0 0 32 0 0 0 0 34 37 16 15 11 0 0 0 10 0 28 0 26 0 30 27 23 0 0 0 0 19 22 
16 0 0 19 20 17 18 7 6 0 0 3 5 0 13 0 0 11 0 9 10 45 0 0 0 0 47 1 29 28 24 25 27 0 0 42 0 38 0 37 0 0 0 0 0 33 0 0 35 
0 0 7 0 0 0 4 0 41 43 0 38 40 37 48 0 0 46 47 44 0 31 0 0 30 34 0 36 0 14 10 0 13 12 0 28 0 24 25 23 0 0 22 16 20 0 0 18 21 
0 1 0 0 48 45 0 35 0 0 0 0 0 30 0 43 0 0 40 0 38 24 28 25 23 27 26 0 8 0 0 0 0 5 0 21 20 17 18 0 0 19 15 9 0 12 10 11 14 
37 43 0 0 41 0 0 0 0 29 0 0 0 23 34 0 35 32 33 30 31 17 21 18 16 0 19 0 1 49 0 0 48 0 0 0 0 0 11 0 0 12 8 2 0 0 3 0 0 
0 0 35 33 34 0 32 21 20 22 18 0 19 0 0 0 0 0 26 23 24 10 0 0 9 13 0 0 0 42 0 0 0 0 37 7 6 3 4 2 0 5 1 44 48 47 0 0 49 
9 0 14 12 0 10 11 49 0 0 46 45 47 44 0 8 7 0 5 2 3 0 42 39 37 0 0 43 22 0 17 18 20 0 0 35 34 0 32 30 0 0 0 23 27 0 24 0 28 
0 29 28 0 0 24 25 0 13 0 11 10 12 9 20 0 21 18 19 16 17 3 7 4 2 6 0 8 0 35 31 0 34 33 0 0 0 0 46 0 1 0 43 37 41 40 38 39 0 
