7
0 4 3 7 6 8 5 27 0 30 0 0 24 0 0 0 0 39 0 0 42 0 0 45 49 0 2 1 0 0 20 0 19 23 21 0 0 0 0 0 0 37 0 14 0 10 16 13 11 
0 0 38 42 41 43 0 0 14 0 0 0 0 0 29 27 0 0 24 30 28 0 33 0 35 32 0 36 8 0 6 3 0 9 0 0 0 0 0 20 22 0 0 49 0 45 2 48 0 
0 32 0 35 0 36 0 6 7 9 8 5 3 4 0 20 0 18 17 0 21 27 26 24 0 0 30 29 1 0 0 0 0 0 0 12 10 11 0 13 15 16 40 0 0 0 44 41 0 
30 25 0 28 0 0 0 0 0 2 0 47 45 0 15 0 0 0 10 16 0 0 19 17 21 18 23 22 43 39 0 38 40 0 0 5 0 4 0 6 0 0 33 35 0 31 37 34 32 
23 18 17 21 20 0 19 41 42 44 43 0 0 0 8 6 5 4 3 0 7 0 12 10 14 0 16 0 0 32 34 31 0 37 35 47 0 46 49 48 0 2 26 0 29 24 30 27 25 
16 11 10 0 13 15 0 0 0 37 0 33 31 32 1 0 47 46 0 2 0 6 0 3 0 4 0 0 0 25 0 24 26 0 28 0 38 39 0 0 43 44 19 21 0 17 23 0 18 
0 46 45 0 48 1 47 0 21 0 22 0 0 0 0 34 0 0 0 0 35 41 40 38 0 0 44 43 15 0 0 10 0 16 0 0 0 0 28 0 0 30 5 7 0 0 9 6 4 
0 0 6 10 0 11 8 0 31 33 32 0 0 28 46 0 43 42 41 0 45 0 1 48 3 0 5 0 25 21 23 0 0 0 24 36 0 35 38 37 0 0 15 17 0 0 0 16 14 
40 35 34 38 37 0 0 0 10 12 11 8 0 0 25 23 22 21 0 26 24 30 29 27 31 28 0 32 0 49 0 0 1 5 0 0 0 14 0 16 18 19 43 0 46 0 47 44 42 
5 49 0 3 0 4 1 23 24 26 25 22 0 21 0 0 0 35 0 0 38 44 43 0 0 42 0 0 18 0 0 0 0 0 17 29 0 28 31 0 0 0 0 10 11 6 0 0 7 
0 42 41 45 44 0 43 0 17 19 18 15 13 14 32 30 0 28 27 33 31 37 0 34 0 0 40 0 11 7 9 6 8 12 10 22 0 0 24 23 25 0 0 0 4 0 5 0 0 
0 28 0 0 30 32 29 2 0 5 0 1 0 0 18 0 15 14 13 0 17 23 22 20 24 0 0 25 46 42 44 41 43 47 45 0 0 7 0 9 0 0 36 38 39 0 40 0 35 
0 0 0 17 16 18 0 0 0 40 39 36 34 35 0 2 0 49 48 5 3 9 0 6 0 0 0 11 0 28 30 27 29 0 31 43 41 0 45 44 0 47 22 24 25 20 0 23 21 
0 0 20 0 0 0 22 0 45 0 0 0 41 0 0 9 8 0 6 0 10 16 15 13 17 14 19 18 39 0 37 34 36 40 38 1 48 49 0 0 4 0 29 0 32 27 0 30 28 
0 0 0 0 0 35 32 0 0 0 7 4 0 0 0 0 18 17 0 0 20 0 25 0 27 0 29 28 49 0 0 44 46 1 48 0 0 10 0 12 14 15 39 41 42 0 43 0 0 
22 17 0 20 0 21 18 40 41 43 42 39 37 0 0 5 4 0 0 8 0 12 11 9 13 10 0 0 35 0 33 0 32 0 34 46 44 45 48 0 0 0 0 27 0 23 29 26 0 
43 38 0 0 0 42 39 12 13 0 14 11 0 0 0 26 0 24 0 0 0 33 32 30 0 0 36 35 7 3 0 2 0 8 6 0 16 17 0 0 21 22 46 48 49 44 0 47 0 
0 3 2 6 0 7 4 26 0 29 28 25 23 24 42 40 39 0 37 43 41 47 46 44 48 45 1 49 0 17 19 16 0 22 20 0 30 31 0 0 0 36 11 13 0 9 0 12 0 
29 24 23 27 0 0 25 47 48 0 49 46 0 45 0 12 11 0 0 0 13 19 18 0 20 17 22 21 0 38 40 0 39 0 41 4 2 3 6 0 7 8 32 34 0 30 0 0 31 
0 10 0 0 12 0 11 0 34 36 0 32 30 31 0 47 0 0 0 1 0 0 0 2 0 3 0 7 28 24 0 23 0 29 0 0 0 38 0 40 0 43 18 20 21 16 22 19 0 
0 45 0 0 47 49 0 19 0 0 21 0 16 17 35 0 32 31 30 0 34 40 39 37 41 0 43 42 14 0 12 0 0 0 13 0 0 24 27 0 28 0 0 0 7 2 8 5 3 
34 29 28 0 0 33 30 3 4 0 5 2 49 1 0 17 16 0 14 20 0 24 0 21 25 22 0 26 47 0 45 42 0 48 46 9 7 8 11 0 12 0 0 39 40 35 0 38 36 
20 15 14 18 0 19 16 38 0 41 0 37 0 36 0 3 2 1 49 0 4 0 0 0 0 0 13 0 33 29 0 28 0 34 0 0 0 0 0 0 47 48 23 25 26 21 27 0 22 
0 8 0 11 0 12 9 0 0 34 33 30 28 0 0 45 0 0 42 48 0 0 2 49 4 0 6 0 26 22 24 21 23 27 25 37 35 36 0 38 40 41 0 18 0 0 0 0 15 
41 36 35 0 0 40 37 0 11 13 12 9 7 0 26 24 23 22 21 0 25 0 30 28 32 0 34 33 5 0 0 0 2 0 0 16 14 0 0 0 19 20 44 46 47 42 48 45 0 
27 0 0 25 0 0 0 0 0 48 0 44 42 0 12 0 0 8 7 13 0 0 16 14 18 15 20 19 40 0 0 35 0 0 0 0 49 1 0 0 0 6 0 0 0 28 0 31 0 
6 1 0 4 3 5 0 24 25 27 26 23 0 0 0 0 37 36 0 0 39 45 44 0 46 43 0 47 19 15 17 0 16 20 18 0 28 29 32 0 33 34 0 0 12 7 13 10 0 
48 43 0 46 0 47 0 17 18 0 19 16 0 0 0 31 0 0 28 0 32 38 0 35 39 36 41 0 0 8 10 7 0 0 11 0 0 22 0 0 0 0 2 4 0 0 6 3 1 
0 40 0 43 42 0 41 14 15 17 16 13 11 0 30 28 0 26 0 0 0 35 34 0 36 0 38 0 0 5 0 0 6 10 0 0 18 0 22 21 23 24 48 1 2 46 0 49 47 
0 26 0 29 28 0 27 0 0 3 2 48 46 47 0 14 0 12 0 0 0 0 20 0 22 19 0 0 44 40 42 0 41 45 43 6 4 5 8 0 0 10 0 36 37 32 0 0 0 
38 33 32 0 35 0 0 0 0 10 9 0 4 0 23 0 20 0 0 0 0 28 0 25 0 26 0 0 2 0 0 46 48 3 1 0 0 12 0 0 16 17 0 43 44 39 0 42 0 
0 12 0 0 14 16 13 35 36 0 37 34 32 0 2 0 0 47 46 3 0 7 0 0 8 5 10 0 30 26 28 25 0 0 0 41 0 40 43 42 44 0 20 22 0 0 0 21 19 
10 5 0 0 7 0 0 0 29 31 30 27 25 26 0 42 41 40 39 45 0 0 48 46 0 47 3 2 23 19 21 0 0 24 0 0 32 33 36 35 37 38 0 15 16 11 0 14 0 
3 47 46 1 49 2 48 0 0 24 23 20 0 19 37 0 34 33 32 38 0 42 41 39 43 0 0 0 16 0 14 0 13 17 15 0 0 0 29 28 30 31 6 8 9 4 0 7 5 
0 0 18 22 0 23 0 42 43 0 44 0 39 40 0 7 0 0 4 0 8 14 13 11 15 12 17 0 37 33 35 32 0 38 36 48 46 0 0 49 0 3 27 29 0 0 31 28 26 
39 34 33 37 36 38 0 0 0 11 0 7 5 6 0 22 0 0 19 0 23 29 28 26 30 27 32 31 3 48 1 47 49 4 2 0 12 13 16 0 0 18 0 44 45 0 46 43 41 
25 0 0 23 0 0 0 0 44 46 45 42 40 41 0 8 7 0 5 11 0 15 14 0 0 13 18 17 38 0 36 33 0 39 37 49 0 0 2 1 0 4 28 0 31 26 32 29 27 
0 41 40 0 43 0 0 15 16 0 17 0 12 0 31 29 0 0 26 0 0 36 35 33 37 0 0 0 0 6 0 0 7 0 0 21 0 20 23 22 0 25 49 0 0 0 0 1 48 
18 0 0 0 0 0 0 36 37 39 0 0 0 0 0 1 0 0 47 4 0 8 7 5 0 6 0 10 0 27 29 0 28 32 30 0 0 41 44 43 45 0 0 0 24 0 25 22 20 
32 27 26 30 0 31 28 1 2 4 0 49 0 0 17 15 0 13 12 0 16 0 0 19 23 20 25 0 45 41 0 0 0 0 44 7 5 0 0 8 0 0 0 37 0 33 39 36 0 
11 0 5 0 8 0 7 29 30 32 0 28 26 0 0 0 0 41 40 0 44 0 0 0 2 48 0 0 24 0 0 19 0 25 0 0 33 34 0 36 38 39 0 0 17 0 18 15 13 
4 0 47 0 1 0 49 0 0 25 0 21 0 0 38 36 0 0 33 39 37 0 0 40 0 0 46 45 0 13 0 0 14 18 0 0 26 27 30 0 0 32 7 0 10 5 0 8 6 
0 0 0 26 25 27 0 46 47 49 0 0 43 44 0 11 10 9 8 14 0 18 17 15 19 16 21 20 0 0 0 36 0 42 0 0 0 2 5 4 6 0 31 0 0 0 0 32 30 
0 0 0 40 39 41 38 11 0 14 0 10 8 9 0 25 0 0 22 28 26 32 31 0 0 30 0 34 0 2 4 1 0 7 5 17 15 16 0 18 0 0 45 47 48 43 0 46 44 
0 0 0 19 18 20 0 39 40 42 0 0 0 0 0 0 0 0 1 7 0 0 10 8 0 0 0 13 0 0 32 29 0 0 0 45 43 0 47 46 0 0 0 26 27 0 0 0 0 
0 0 8 0 11 0 10 0 0 35 34 31 29 0 48 46 45 0 0 49 0 0 3 1 0 2 7 0 27 0 25 22 24 28 26 38 36 37 40 0 0 42 17 19 20 0 0 0 0 
0 0 43 47 0 48 0 0 19 21 20 17 0 0 34 32 31 0 29 35 0 39 0 36 40 0 0 41 13 9 0 8 0 0 0 0 22 0 26 0 0 0 3 0 6 0 0 4 2 
0 30 0 33 32 34 31 4 0 7 6 0 1 0 20 0 17 0 15 21 19 0 0 22 26 23 28 27 0 44 46 43 0 49 47 10 8 9 12 11 13 14 38 40 41 36 42 0 37 
7 2 0 0 4 6 0 25 26 0 27 24 22 23 0 39 0 37 0 0 40 46 45 43 47 0 49 0 20 16 0 15 17 21 0 31 29 30 33 32 34 0 0 12 0 0 14 11 0 
