7
0 34 31 33 35 30 0 0 10 11 14 13 0 9 40 38 37 43 42 39 0 2 4 0 7 0 0 8 19 0 22 0 17 20 21 26 27 25 0 24 0 28 45 1 48 49 0 0 46 
0 0 17 19 21 16 0 0 0 46 49 48 1 0 0 24 23 0 0 25 27 37 39 41 0 38 40 0 0 4 8 2 0 6 7 12 13 0 0 0 0 0 31 0 34 0 30 33 0 
39 41 0 40 42 37 43 19 0 18 0 20 22 0 0 45 0 1 49 46 48 9 0 0 14 10 12 0 0 25 0 23 24 0 0 33 34 0 30 31 0 35 3 8 6 0 0 0 0 
25 0 24 0 28 0 29 0 3 0 0 0 0 0 33 0 30 36 35 32 0 44 46 48 0 0 47 0 12 11 15 0 10 0 14 0 20 0 16 17 22 0 0 0 41 42 37 40 0 
0 0 45 0 49 44 1 26 24 25 28 27 29 23 5 0 2 8 7 4 6 0 18 0 0 17 19 22 0 0 0 0 31 34 0 0 41 39 37 38 0 42 10 15 13 0 0 0 0 
4 0 3 5 7 2 0 33 0 32 0 34 0 30 12 10 9 15 14 0 0 0 25 27 28 24 26 29 0 0 43 37 0 41 42 47 0 0 44 45 0 49 17 22 20 0 16 0 18 
11 0 10 0 14 0 0 0 0 39 0 0 43 37 0 17 0 0 0 18 20 0 32 34 0 31 33 0 47 46 1 0 45 48 49 5 6 4 2 3 8 0 0 29 27 0 23 26 0 
0 21 18 20 0 0 0 48 46 47 1 49 2 45 27 0 24 0 0 26 0 38 0 42 0 39 0 44 6 5 9 3 0 7 8 0 0 12 10 11 16 15 0 0 35 0 31 34 0 
33 0 0 34 36 31 37 13 0 12 15 14 16 0 41 0 38 44 43 40 42 0 0 0 0 4 0 9 20 0 0 17 18 21 0 27 0 26 24 25 30 29 46 0 49 1 45 48 0 
47 0 46 0 0 45 2 0 25 26 29 28 30 24 6 4 3 0 0 0 0 17 0 21 0 0 20 23 34 33 37 31 32 0 0 0 42 40 0 0 44 43 11 0 14 0 10 0 12 
26 28 25 27 29 0 30 6 0 0 8 0 9 3 34 0 0 37 0 33 35 45 47 0 1 0 48 2 13 12 16 0 11 0 0 0 0 19 0 18 23 0 39 0 42 0 38 41 0 
0 42 39 41 43 0 44 20 0 0 0 21 23 17 0 0 0 2 0 47 49 0 0 0 15 11 0 16 0 0 30 24 0 28 0 0 35 0 31 0 0 36 4 0 7 0 3 6 5 
12 14 0 13 0 0 0 41 39 40 0 0 44 38 0 0 17 23 22 19 21 0 0 35 0 32 34 0 0 0 0 0 0 49 1 0 7 0 0 4 0 8 0 0 28 29 0 27 0 
5 7 4 6 8 0 9 0 0 33 36 35 37 31 0 11 0 16 15 0 14 0 0 28 29 0 27 30 41 40 44 0 0 42 43 48 49 47 45 0 0 1 0 0 21 22 0 0 19 
9 11 0 0 12 7 0 38 0 37 40 0 41 0 0 15 14 0 19 16 18 28 30 0 33 29 31 0 0 44 48 42 0 46 47 3 0 2 49 1 6 0 22 27 0 0 21 24 0 
0 4 1 3 0 49 0 0 0 30 33 0 0 28 10 8 7 0 12 0 11 21 0 0 0 0 24 27 38 37 41 35 0 39 40 0 46 0 0 0 48 47 15 0 18 0 0 0 0 
0 0 43 45 47 42 48 0 0 0 26 0 27 21 3 1 0 0 0 0 4 0 0 0 19 0 17 20 0 0 34 28 29 32 33 0 0 37 35 36 0 0 8 0 0 0 7 10 9 
37 39 0 38 0 35 41 0 0 16 19 18 20 0 45 43 42 48 0 44 46 7 9 0 0 8 10 13 24 23 27 21 0 0 26 31 0 30 28 29 0 0 0 6 0 0 49 3 2 
30 32 0 0 33 28 34 0 8 9 12 0 13 7 38 36 35 0 40 0 0 49 2 4 0 1 3 6 17 16 20 14 15 18 0 0 0 23 21 22 0 26 43 48 46 47 42 45 44 
16 0 15 0 19 14 20 45 0 0 0 46 48 42 0 0 21 27 26 23 0 0 37 39 0 36 38 41 3 0 0 49 1 0 0 10 11 0 7 8 0 0 0 0 32 33 28 31 0 
0 0 0 0 26 21 27 3 0 2 0 0 6 49 0 29 0 0 33 0 32 42 44 0 47 0 0 48 10 0 13 7 0 11 12 0 18 16 0 0 0 19 36 0 0 40 35 0 37 
31 33 0 32 0 29 35 11 0 0 13 12 0 0 39 0 36 42 41 0 0 0 0 5 0 0 4 7 18 17 21 0 16 19 20 25 0 0 22 0 28 27 0 0 0 48 43 46 45 
0 0 16 18 20 15 21 0 44 0 48 0 0 43 25 23 0 28 27 0 26 36 0 40 41 37 0 42 0 3 7 0 0 0 6 11 12 0 0 9 14 0 0 35 0 0 0 0 31 
0 0 9 11 0 8 0 39 37 0 41 40 0 0 18 0 0 0 20 0 19 0 31 0 0 0 0 35 46 45 0 43 44 47 48 0 5 3 1 0 0 6 23 0 0 27 22 0 0 
0 26 23 0 27 22 28 4 2 0 0 0 7 1 0 0 0 35 34 31 33 0 0 0 48 44 46 0 0 10 14 0 9 0 13 0 19 0 0 16 21 20 0 42 40 41 36 39 38 
38 40 0 39 0 36 0 18 16 0 0 0 21 15 46 0 43 49 48 45 47 0 10 12 13 0 11 14 0 0 28 0 0 26 0 32 33 0 29 0 35 34 2 0 5 6 0 0 3 
45 47 0 46 0 43 49 25 23 24 27 26 0 22 4 0 1 7 6 3 5 15 0 0 0 0 18 21 32 31 0 0 30 33 34 39 40 38 36 0 42 0 9 14 12 13 8 0 10 
3 0 2 4 6 1 0 0 30 31 0 33 0 0 11 9 8 14 13 0 12 22 0 26 27 0 25 28 39 0 0 0 37 0 41 46 47 45 43 44 49 48 16 0 19 0 15 0 17 
0 17 14 16 18 0 0 0 42 43 46 45 0 41 0 21 20 0 25 0 24 34 36 38 0 35 37 0 0 0 0 48 0 0 0 9 10 8 6 7 0 11 28 33 0 32 0 0 29 
0 0 0 0 11 6 12 0 0 36 0 38 40 0 16 0 13 19 18 0 0 27 29 31 32 0 30 33 44 43 47 0 0 0 46 2 3 1 0 49 5 0 21 26 24 25 20 23 22 
36 0 35 37 0 0 40 16 14 0 0 17 19 13 44 42 0 47 46 43 0 0 8 0 11 0 0 12 23 0 0 0 0 24 25 0 31 29 27 28 0 0 0 5 3 4 0 2 1 
0 0 0 30 0 27 33 0 0 0 11 10 0 0 37 35 34 40 0 36 38 0 1 3 4 49 2 5 0 15 0 0 14 17 0 23 0 0 20 0 26 0 42 47 45 46 41 44 43 
22 0 0 0 25 20 0 0 0 1 0 3 5 0 0 28 27 0 32 29 31 41 43 45 46 0 0 0 9 8 12 0 7 0 0 0 17 15 0 14 19 18 0 40 38 39 34 0 0 
0 45 42 0 0 0 47 0 0 0 0 0 26 20 0 0 0 0 4 1 0 0 0 0 18 0 16 19 0 29 0 27 28 31 0 37 0 36 0 35 0 39 7 12 0 0 0 9 8 
1 3 49 2 0 48 5 30 28 29 0 31 0 27 0 7 0 12 0 8 0 0 22 24 0 0 23 0 37 0 0 34 35 0 39 0 45 0 0 42 47 46 14 0 17 18 13 0 15 
0 0 48 1 0 47 0 0 27 0 0 0 0 26 0 6 5 0 10 0 9 19 21 23 0 20 0 25 36 35 39 0 34 37 0 43 0 42 40 41 0 45 13 0 16 0 12 15 0 
42 44 0 0 45 0 46 22 0 0 0 23 25 19 0 48 47 0 3 0 0 0 0 16 17 13 0 18 29 0 0 26 27 0 31 36 37 35 33 0 0 38 0 11 9 0 5 0 7 
0 16 0 15 17 0 0 43 41 0 0 0 46 40 0 0 0 25 24 0 23 33 35 37 0 0 0 39 1 49 4 47 48 0 0 8 9 0 0 6 0 10 27 32 30 31 26 0 28 
21 23 0 0 24 0 0 1 48 49 3 2 0 47 0 0 26 0 31 0 30 40 42 0 45 41 43 0 0 7 0 5 0 9 0 0 16 0 12 13 18 0 0 0 37 0 0 36 35 
0 37 34 0 0 33 39 0 0 14 0 16 18 0 43 41 0 46 0 42 44 5 7 9 10 0 8 11 22 21 25 19 0 23 24 0 0 28 0 0 0 0 48 4 0 3 47 0 0 
28 30 0 29 31 26 32 0 6 0 10 9 11 5 0 34 0 0 38 0 0 47 49 0 0 0 1 4 15 0 0 12 0 16 17 0 23 21 0 20 25 24 0 0 44 45 40 43 42 
7 9 0 0 10 0 0 0 34 35 0 37 39 0 15 13 0 18 17 0 0 26 28 30 0 27 0 32 43 42 46 0 0 44 45 1 2 49 47 48 4 0 20 0 23 0 0 0 21 
0 36 0 35 37 0 0 14 12 13 0 15 17 11 0 40 39 45 0 0 43 4 6 0 9 0 0 0 21 20 24 18 19 22 23 0 29 0 25 26 31 30 47 3 0 0 0 0 48 
0 15 0 14 0 0 17 0 0 0 44 43 0 39 21 19 0 24 0 0 0 32 0 36 37 33 35 38 49 48 3 0 47 1 0 0 8 6 0 0 10 9 26 31 29 30 25 0 27 
0 22 0 21 0 18 24 0 0 0 2 1 3 46 28 26 0 31 30 0 29 0 0 43 0 40 42 45 7 6 0 4 5 0 9 14 15 0 0 12 0 0 0 38 0 0 32 35 34 
27 0 26 28 0 25 31 7 0 6 0 0 10 4 35 33 32 38 0 34 36 46 48 1 0 47 49 0 14 13 0 0 12 15 16 0 0 0 18 19 24 23 40 0 43 44 0 0 0 
6 8 0 0 0 0 10 35 0 0 37 0 38 32 14 12 11 17 0 13 0 0 27 29 0 0 28 31 42 0 45 0 40 43 0 49 1 0 46 0 3 2 19 24 0 0 18 0 20 
48 1 47 0 0 46 3 28 26 27 30 29 31 0 7 5 4 0 9 6 0 0 0 22 0 0 0 24 35 34 38 32 33 0 37 42 0 0 0 40 45 44 0 0 15 16 11 0 13 
41 0 0 0 44 39 45 21 19 0 23 0 0 0 0 0 0 3 0 48 0 0 13 15 16 12 14 17 28 27 0 25 26 29 30 0 0 0 32 0 0 0 5 0 8 9 4 7 6 
