7
0 11 0 0 9 0 0 16 0 0 18 15 13 19 35 39 0 0 36 0 0 24 25 0 26 0 0 20 0 0 0 1 0 48 0 0 0 0 45 47 0 0 28 0 0 27 30 0 0 
0 46 0 0 44 42 0 2 3 49 0 1 48 0 0 0 20 0 22 0 26 0 0 9 12 0 7 6 38 35 0 36 37 0 39 0 0 27 0 33 0 0 0 0 17 13 16 19 0 
0 39 38 36 0 35 0 44 45 0 46 43 0 47 0 0 13 17 15 16 0 0 4 0 5 0 49 0 31 0 33 0 30 0 32 23 22 20 24 0 21 25 7 0 10 0 0 12 0 
0 0 0 1 0 0 0 0 10 7 11 0 0 12 0 0 0 31 0 30 33 17 18 16 19 15 14 0 0 42 47 43 44 0 0 37 36 34 38 40 0 39 0 0 0 0 23 26 25 
33 0 0 29 30 0 27 37 0 35 0 0 0 40 0 0 6 10 8 9 0 45 46 0 47 43 42 41 0 21 26 0 23 20 25 16 15 0 17 19 14 18 49 1 3 0 2 5 4 
26 0 24 0 23 21 20 30 0 28 0 29 27 33 49 0 0 3 1 0 0 0 0 0 0 36 35 0 17 0 0 0 16 13 0 9 0 0 10 12 0 11 42 0 45 0 44 47 46 
19 18 0 0 16 14 13 23 24 0 25 0 0 26 42 46 41 45 43 0 47 0 0 0 33 0 28 27 0 7 12 8 0 6 0 2 1 48 0 0 49 4 0 0 38 0 0 40 39 
0 20 19 0 18 16 15 0 26 23 27 0 22 28 44 0 43 0 45 46 49 33 34 32 35 0 30 0 0 9 0 10 0 8 0 0 3 1 0 7 2 0 37 0 40 36 39 0 41 
7 6 5 0 4 0 1 0 12 9 13 0 8 0 30 34 29 33 31 0 35 0 20 18 21 0 0 15 47 44 0 45 46 43 0 39 38 0 40 42 37 0 0 0 0 22 0 28 0 
49 0 47 45 46 0 0 0 5 0 6 0 0 0 23 0 22 0 0 25 28 0 0 0 0 10 9 8 40 37 42 38 0 0 0 32 31 29 0 35 0 34 16 17 19 0 18 21 0 
14 13 0 10 11 9 0 18 19 16 0 17 15 21 37 0 36 40 38 39 42 26 0 25 0 24 0 22 5 2 7 3 0 1 0 0 0 43 47 49 0 48 30 0 33 0 32 35 34 
42 0 40 38 39 37 0 46 47 0 48 0 43 0 0 20 0 19 0 0 0 5 0 4 7 0 2 1 33 30 0 31 0 0 0 25 24 0 0 28 0 27 9 10 12 0 0 0 13 
35 34 33 0 32 0 29 39 40 0 0 38 36 42 9 13 0 12 10 0 0 47 48 46 0 0 0 43 26 23 28 24 0 0 27 18 17 0 19 0 16 20 2 0 5 1 4 7 6 
28 27 26 0 0 0 22 32 33 30 0 0 0 0 2 0 0 5 3 4 0 40 41 39 42 0 37 36 0 16 21 17 18 0 0 11 0 8 12 14 9 0 44 45 47 43 46 49 0 
0 15 14 12 13 0 0 20 21 0 22 19 17 0 39 43 0 42 40 41 44 28 0 27 30 0 25 24 7 4 9 0 6 0 0 48 47 45 49 2 0 1 32 33 35 31 34 37 0 
2 1 0 47 0 0 45 6 0 4 8 5 0 9 25 0 24 28 26 27 0 0 15 0 16 12 0 0 0 0 44 40 41 0 0 34 33 31 35 37 32 0 18 19 21 17 0 23 0 
23 0 0 19 0 0 17 0 0 25 29 26 24 30 46 1 45 49 47 0 0 35 0 0 37 33 0 0 14 0 0 12 13 10 15 0 5 0 7 9 4 8 39 0 42 38 0 44 0 
37 36 35 33 0 32 31 41 42 39 0 40 38 0 0 0 10 0 12 0 0 0 1 0 0 0 0 45 0 25 30 26 27 24 29 0 0 17 21 23 0 0 0 0 0 0 6 9 8 
44 43 42 40 41 39 0 48 49 0 1 47 45 0 18 0 17 21 19 20 0 7 0 0 9 5 4 3 35 32 37 33 34 0 36 27 26 0 28 30 25 0 0 12 0 0 13 16 15 
0 8 0 0 6 4 3 13 0 11 0 12 10 16 32 36 31 35 33 0 37 0 22 0 23 0 0 0 0 0 0 0 48 45 1 41 40 38 42 0 39 43 25 0 28 0 27 30 29 
30 29 28 0 0 25 24 34 35 0 36 33 31 0 4 0 3 7 5 0 0 42 43 41 44 40 39 38 0 18 23 19 20 0 22 0 0 0 14 0 11 15 0 47 0 0 0 0 1 
0 7 6 4 5 3 2 0 13 10 14 11 0 0 31 0 0 0 32 33 36 20 21 19 0 0 17 16 48 45 1 46 0 0 0 40 0 37 0 43 0 42 24 25 27 23 0 29 0 
22 21 20 18 19 0 0 26 27 24 0 25 0 29 45 49 0 48 0 0 1 0 0 0 0 32 0 30 13 10 15 11 12 9 0 0 0 0 6 8 3 7 38 39 41 37 40 0 0 
36 0 34 0 33 0 30 40 41 38 42 39 0 0 0 14 9 13 11 12 15 0 0 0 1 46 0 44 0 24 0 0 26 0 28 0 0 16 20 22 17 21 3 4 6 0 5 8 7 
15 0 13 11 0 10 9 0 20 17 21 0 0 22 0 42 37 41 39 0 0 27 28 0 29 25 24 0 0 0 8 4 5 2 0 0 46 44 0 1 0 0 31 32 0 0 33 36 35 
29 0 0 25 0 24 23 0 0 31 35 0 30 36 3 0 2 6 4 5 8 41 0 40 43 0 0 37 0 17 22 18 19 0 0 0 11 9 13 15 0 0 45 46 0 0 0 1 49 
43 42 0 39 40 38 0 47 0 45 49 46 0 1 17 0 0 20 0 19 0 0 7 5 8 4 0 0 34 0 36 0 33 0 0 26 0 0 0 29 0 28 10 11 13 0 0 15 0 
1 49 48 46 47 45 0 5 6 0 0 4 2 0 0 0 23 27 25 0 29 13 14 0 0 0 0 9 41 0 43 39 0 37 42 33 32 30 0 36 0 35 17 0 0 16 19 22 21 
3 2 1 48 0 0 0 7 8 0 0 6 4 0 26 30 25 29 27 0 31 15 16 14 0 13 0 11 43 0 0 0 42 0 0 35 34 32 36 0 33 0 19 20 0 18 0 0 23 
0 37 36 34 35 33 32 0 0 40 0 41 39 0 0 16 0 15 13 0 17 0 0 49 3 48 0 46 29 0 31 0 0 0 30 21 0 18 0 24 19 23 5 6 8 4 0 0 9 
0 9 8 0 7 5 4 0 15 12 16 13 11 0 33 37 0 36 34 0 38 22 23 0 0 20 19 18 1 0 0 48 49 46 0 42 41 0 43 45 0 0 0 27 29 25 28 31 30 
0 16 15 13 14 12 11 21 22 19 0 0 18 0 0 0 39 43 0 42 0 29 30 0 0 0 26 0 0 5 10 6 0 4 0 0 48 46 0 0 47 0 0 0 0 32 35 38 37 
24 23 22 0 0 19 0 0 29 26 0 27 25 31 47 0 46 1 0 0 3 0 37 35 0 0 0 32 15 0 0 0 0 0 16 7 6 0 8 0 5 9 0 0 0 39 42 0 44 
0 44 43 0 0 40 39 0 1 47 2 0 46 3 0 23 18 0 0 21 24 8 9 0 0 6 0 0 36 33 0 34 0 32 0 0 27 25 29 31 26 0 12 13 0 0 0 17 0 
31 30 0 0 0 26 0 35 36 33 37 34 32 0 5 9 4 8 0 0 10 0 44 42 45 0 40 0 22 0 0 0 0 18 23 14 13 0 15 0 0 16 0 48 0 46 49 3 2 
11 0 9 7 0 6 5 0 0 13 0 14 12 18 34 38 0 0 0 36 39 23 24 22 25 0 20 19 2 48 4 49 1 47 3 43 42 0 44 46 41 45 27 0 0 0 29 32 0 
39 0 37 0 36 0 33 43 0 0 45 42 40 0 13 17 12 0 14 15 0 0 0 1 4 49 0 47 0 27 0 0 29 26 31 22 21 0 0 25 20 0 6 7 9 0 0 0 10 
18 17 16 14 15 13 0 22 0 20 24 21 19 0 41 0 40 44 42 43 0 30 0 29 32 0 0 26 9 6 11 0 8 5 10 0 49 47 2 4 0 3 34 35 0 33 36 0 0 
0 24 23 0 22 0 0 0 30 0 31 0 26 32 0 3 0 2 49 1 0 37 0 36 0 35 0 0 16 0 0 0 15 12 0 8 0 5 0 11 6 0 41 0 0 40 0 46 0 
32 0 30 0 29 27 0 36 37 0 38 0 0 0 6 0 5 9 0 0 11 44 45 43 0 0 41 0 23 0 25 21 22 0 0 15 14 12 16 0 0 0 0 49 2 47 1 4 0 
0 45 0 42 0 0 40 0 2 0 3 49 0 4 20 0 19 23 0 22 25 9 10 0 11 7 6 5 37 34 0 0 36 33 0 29 0 0 30 0 0 0 0 14 16 0 15 0 17 
4 0 2 49 1 48 47 0 9 0 10 7 5 11 27 0 0 0 0 29 0 0 17 15 0 14 0 12 0 0 0 42 0 0 45 0 35 33 37 39 34 38 20 21 0 19 22 25 0 
27 26 25 23 24 0 0 0 32 0 33 30 28 34 0 5 49 4 0 0 0 0 0 0 41 37 36 0 18 0 20 16 17 14 0 10 9 0 11 13 8 12 0 0 0 42 45 48 47 
13 12 11 9 0 0 0 17 18 15 0 16 14 0 36 0 0 0 0 0 0 25 0 0 0 23 22 21 0 0 6 0 0 0 0 45 44 0 46 48 0 0 29 0 0 28 31 34 33 
6 0 0 2 3 1 49 10 11 0 12 0 7 13 0 33 0 0 0 0 34 18 19 0 20 0 15 14 46 43 48 0 45 0 47 0 0 0 0 0 0 40 0 23 0 21 0 27 0 
20 19 18 16 17 0 14 24 25 22 26 23 0 27 0 47 42 0 0 45 48 32 33 0 0 30 29 0 0 8 0 0 10 0 0 0 2 49 4 6 0 5 36 37 0 35 38 41 0 
34 0 32 30 31 0 0 38 39 0 40 37 35 41 8 12 0 11 9 0 0 46 47 45 0 44 43 0 0 22 27 0 24 21 26 17 0 14 0 20 0 0 0 2 4 0 3 0 5 
41 40 0 0 0 36 35 45 0 43 0 44 42 48 15 0 14 18 0 17 0 0 5 3 0 0 1 0 0 29 34 30 31 0 33 24 23 0 0 27 0 0 8 0 0 7 0 13 0 
48 47 46 44 45 43 0 3 0 1 5 0 0 0 0 26 21 25 0 24 27 11 12 0 13 9 8 7 39 36 0 37 38 35 40 0 30 0 32 34 29 0 0 0 0 0 17 0 19 
