7
31 32 33 29 30 0 28 49 0 0 0 4 3 2 0 0 43 44 0 48 45 40 0 41 0 37 39 0 26 0 0 0 24 25 22 0 20 17 18 19 15 0 8 9 0 0 13 0 10 
24 25 26 22 23 0 21 0 0 0 48 46 0 0 0 35 0 37 39 0 38 33 29 34 0 30 32 0 0 16 20 14 17 18 0 7 0 10 0 0 8 9 1 2 4 0 6 0 3 
17 18 19 0 16 0 0 35 0 36 0 0 38 37 0 0 29 0 32 34 0 0 22 27 0 23 25 24 12 9 13 7 10 11 8 49 6 3 0 0 0 0 43 44 46 47 48 42 0 
38 39 0 0 37 41 35 0 12 8 13 0 10 0 5 0 0 2 4 6 0 0 43 48 42 0 46 45 0 30 34 0 0 0 29 21 27 24 25 26 0 23 0 16 18 19 20 0 0 
3 4 5 0 2 6 49 0 26 22 0 0 24 0 19 14 15 0 0 20 17 12 8 13 7 9 11 0 47 44 48 0 0 46 0 35 41 38 0 0 0 0 29 0 32 33 34 0 31 
10 11 12 8 9 0 0 0 33 0 34 32 31 0 26 21 22 23 0 27 24 19 15 0 0 16 0 17 0 2 0 0 3 4 1 0 0 45 46 0 43 0 36 0 39 40 0 35 0 
0 0 0 43 44 48 0 14 19 15 20 0 17 16 12 0 0 0 0 0 10 5 1 0 0 0 0 0 40 37 0 0 38 0 0 0 0 31 32 33 0 30 0 0 25 0 27 21 24 
40 41 0 38 39 0 37 9 0 0 15 13 12 0 7 0 3 0 6 0 5 0 0 0 0 46 48 47 35 32 36 0 33 0 31 0 0 26 27 28 24 25 0 18 20 0 22 16 0 
0 0 35 31 32 0 0 2 0 3 8 6 5 0 0 44 45 0 48 0 47 0 38 43 37 39 0 0 0 0 29 0 0 0 0 0 0 19 20 0 0 18 10 0 13 0 15 9 12 
47 0 0 45 0 1 44 16 21 0 22 20 19 18 0 9 10 11 13 15 0 7 3 8 2 0 6 0 42 0 43 0 0 0 38 30 0 0 34 35 31 32 24 0 0 0 0 23 26 
0 27 28 0 0 0 23 0 0 45 0 48 0 0 42 0 38 39 0 43 40 35 31 36 30 0 34 33 21 18 22 0 0 0 17 0 15 12 13 14 0 0 3 4 0 0 8 0 5 
5 0 7 3 4 8 2 0 28 24 0 0 0 25 21 16 17 0 0 0 19 14 10 0 9 0 0 12 49 0 1 44 47 48 0 37 43 0 0 0 38 39 31 32 0 0 36 30 33 
12 0 14 10 0 15 0 30 0 0 0 0 33 32 28 23 0 25 0 0 0 21 17 22 16 18 0 19 7 4 8 2 0 0 0 44 1 47 48 49 45 0 38 0 0 0 43 0 40 
19 20 21 0 18 22 0 0 42 0 0 41 0 0 0 30 31 32 34 0 33 28 0 0 23 25 0 26 0 11 15 9 12 0 10 2 0 0 0 7 3 4 45 0 0 49 1 0 0 
8 9 0 6 7 11 0 26 0 27 32 0 0 28 0 0 20 21 23 0 22 17 0 18 0 0 16 0 3 49 4 0 0 2 0 0 0 43 44 45 0 0 34 0 0 38 39 0 36 
0 44 0 41 42 0 0 12 17 13 18 16 0 14 10 0 0 0 0 0 0 3 48 4 47 49 2 0 38 35 0 0 36 37 0 26 0 29 30 0 27 28 20 21 0 0 0 19 22 
36 37 38 34 0 0 33 0 10 6 0 0 8 0 3 47 48 49 2 0 0 0 41 46 40 0 44 43 0 28 0 26 29 30 0 0 0 0 23 0 20 21 0 0 0 17 18 12 15 
1 0 3 48 0 0 0 19 24 20 25 0 22 0 0 0 13 14 16 18 0 0 6 11 5 0 9 8 45 42 46 0 43 44 41 33 0 36 37 38 34 35 0 28 30 0 32 0 0 
0 0 31 27 0 0 26 0 3 48 4 0 1 49 45 0 41 42 0 46 0 0 0 0 0 0 0 36 24 21 25 0 0 0 20 12 18 15 16 17 13 14 6 0 0 10 0 0 0 
0 16 17 0 14 18 0 33 38 0 0 37 36 0 31 26 0 28 0 32 29 0 20 0 19 0 23 0 10 0 11 0 8 0 6 47 0 0 2 3 48 49 41 42 0 45 46 0 0 
22 0 24 20 21 0 19 40 45 0 46 0 43 42 38 33 0 35 37 39 36 0 0 32 26 0 0 29 17 14 18 12 15 0 13 5 0 8 9 0 6 7 48 49 0 3 4 0 1 
0 0 15 11 0 0 10 0 36 0 37 0 0 0 29 24 25 26 28 0 27 0 18 23 17 19 21 0 8 5 9 3 6 0 0 45 2 48 49 1 0 47 0 40 42 43 0 0 41 
41 0 43 39 0 0 38 10 0 0 16 0 13 12 8 0 4 5 7 9 6 1 0 2 45 47 49 0 0 33 0 0 34 35 32 24 30 0 28 29 0 0 0 0 21 0 0 17 0 
27 28 29 0 0 30 0 0 0 46 0 49 48 47 43 0 0 40 42 0 41 36 32 37 31 33 35 34 22 19 23 0 20 21 0 10 0 0 0 15 11 12 0 5 7 8 0 3 6 
20 21 0 18 19 0 0 38 43 39 0 0 41 40 0 31 0 0 35 37 0 29 25 0 0 0 28 27 15 12 16 10 0 14 0 0 9 6 0 0 0 5 0 47 49 0 0 0 48 
34 35 36 0 33 0 0 0 0 4 9 7 0 5 1 0 46 47 49 0 48 43 0 44 38 40 42 41 29 26 0 24 27 28 0 0 0 20 0 22 0 19 0 12 14 15 0 0 0 
0 7 0 0 0 9 0 24 0 0 30 28 27 26 22 17 18 0 0 23 20 0 11 16 10 0 14 0 1 47 2 45 48 0 0 0 0 41 0 0 39 40 0 33 0 0 37 31 0 
48 49 1 0 47 0 45 0 22 0 23 21 0 19 15 0 11 0 14 16 13 0 4 0 0 0 0 6 43 0 44 38 41 0 39 31 37 34 0 36 32 33 0 26 0 29 30 24 0 
0 1 0 0 0 0 46 18 23 19 24 0 21 0 16 11 12 0 0 0 0 0 0 10 4 0 0 0 44 41 45 39 42 43 0 32 0 35 36 0 33 34 26 0 29 0 31 0 28 
0 0 44 0 41 0 0 0 0 12 17 0 14 13 9 4 5 0 8 10 7 2 47 3 0 48 1 49 37 34 38 0 0 0 0 0 31 0 0 30 0 27 19 0 22 0 0 18 0 
21 0 0 19 20 24 18 39 0 40 0 0 42 41 37 0 0 0 0 0 0 0 26 0 25 27 0 0 0 13 0 11 14 0 0 4 10 7 8 9 5 6 0 48 0 0 0 0 49 
0 15 16 12 0 17 11 0 0 33 38 36 35 34 0 0 26 27 29 31 28 23 0 24 0 0 22 21 0 6 0 4 0 8 5 0 0 0 1 2 47 0 40 41 43 0 45 39 42 
7 0 9 5 0 10 0 25 0 0 31 0 28 0 23 18 19 0 0 0 0 16 0 0 0 0 15 0 0 48 0 46 49 1 0 0 45 42 43 44 0 41 0 34 36 37 0 0 35 
0 0 30 26 0 0 0 46 2 0 0 1 0 48 44 39 0 0 43 0 42 37 0 0 0 0 36 35 0 20 24 18 21 22 0 11 17 14 0 0 0 0 0 6 8 9 10 4 0 
0 0 37 0 0 0 0 4 9 0 10 8 7 0 2 0 0 0 1 3 49 44 40 0 0 41 43 0 30 27 31 25 28 29 26 0 24 0 0 23 0 20 12 13 15 16 0 0 14 
23 24 25 0 22 0 0 41 46 42 47 0 0 0 0 0 35 0 38 40 37 32 28 33 27 29 31 0 0 15 0 0 16 0 14 6 12 9 10 11 0 8 49 0 3 4 0 48 2 
9 10 0 7 8 0 0 0 32 0 0 0 0 0 25 0 0 0 0 26 23 0 0 0 13 15 0 16 4 0 5 0 2 0 0 41 47 0 0 0 42 43 35 36 38 0 40 34 37 
0 45 46 42 0 0 0 0 18 14 0 0 16 0 0 6 7 0 10 12 0 0 49 5 0 1 3 0 0 0 0 34 37 0 0 0 0 30 31 0 28 0 0 22 24 25 26 20 0 
0 31 0 0 29 33 27 0 4 0 0 3 2 1 0 41 42 43 45 0 0 39 35 40 34 36 38 37 0 0 26 20 23 24 21 13 0 16 17 0 14 15 0 0 10 11 12 6 9 
0 3 4 0 1 5 48 0 25 0 0 24 0 22 18 13 0 15 17 19 0 11 0 0 6 0 10 9 46 43 47 41 44 45 42 0 0 37 0 39 35 36 0 0 31 32 33 27 30 
37 38 39 35 36 0 34 6 0 7 12 10 0 8 4 48 49 0 0 0 0 46 42 47 0 43 45 0 32 29 33 27 30 31 28 0 0 23 24 0 21 22 14 15 0 18 0 13 0 
0 17 0 14 15 0 13 34 39 35 0 38 0 36 32 0 28 0 0 0 30 25 0 0 0 22 0 0 0 8 12 6 9 0 0 0 5 0 3 0 0 0 42 43 45 46 47 41 44 
0 47 0 44 0 49 0 15 20 16 21 19 0 0 13 0 0 10 0 0 0 6 2 0 1 3 5 0 41 0 42 36 0 0 37 0 35 32 33 0 30 31 23 24 26 0 0 22 25 
0 26 0 23 0 28 0 43 48 44 0 47 46 0 41 36 37 0 40 42 39 34 30 35 29 31 0 32 0 0 21 15 0 19 0 0 0 11 12 13 0 10 2 3 0 6 0 0 4 
0 33 34 30 0 35 0 0 6 2 0 5 0 3 0 43 0 0 0 49 46 41 0 42 36 38 0 39 0 24 0 22 25 26 23 15 0 18 19 0 16 17 0 0 12 13 0 8 0 
11 12 0 0 10 14 8 0 34 30 35 33 0 0 27 22 23 0 26 28 0 20 16 0 0 17 19 0 0 3 7 1 4 0 2 43 49 46 0 0 44 0 37 38 0 41 42 36 39 
18 0 20 16 0 0 0 36 41 37 0 0 39 38 34 29 0 0 0 0 32 27 0 28 22 24 0 25 0 0 14 8 11 12 9 0 0 0 0 6 0 3 0 45 47 48 49 0 0 
39 40 41 0 0 0 36 8 0 9 0 12 11 10 6 1 2 3 5 0 0 48 0 49 0 45 47 46 0 31 35 29 32 0 30 22 28 0 26 27 0 24 16 0 19 20 0 15 0 
4 0 6 2 0 7 0 22 27 23 0 0 25 0 0 15 0 0 19 0 0 13 9 0 8 0 0 0 48 45 49 0 46 47 44 36 0 39 40 41 37 38 30 0 33 34 35 0 32 
