7
0 15 0 0 16 19 0 30 34 0 0 29 31 35 47 45 48 0 44 0 43 0 0 14 8 10 0 12 0 7 3 2 0 1 5 42 40 41 0 38 36 39 0 24 28 27 22 23 25 
0 8 0 0 0 0 0 23 0 26 25 22 0 28 40 38 0 42 37 39 0 0 0 0 1 3 2 5 46 0 0 44 0 43 47 35 33 34 0 31 0 32 19 17 0 20 15 0 18 
35 0 0 32 0 0 0 0 48 0 46 43 45 0 12 0 13 14 9 11 8 25 27 0 0 24 23 0 18 21 17 16 0 15 19 0 5 6 2 3 0 0 40 38 42 0 36 37 39 
42 36 38 39 37 40 41 0 0 0 4 0 3 7 19 17 20 0 0 0 15 32 34 0 29 31 30 33 0 28 0 0 0 22 26 0 0 0 9 10 0 0 0 45 49 48 43 44 0 
28 22 0 0 23 26 27 37 0 40 0 36 0 42 0 3 6 0 2 4 1 18 20 21 0 0 0 19 0 0 10 9 0 8 0 49 0 48 44 45 43 46 33 31 35 0 0 0 32 
7 0 3 4 2 0 0 16 20 19 18 0 17 21 0 0 0 35 30 32 29 0 48 49 43 45 44 0 39 42 0 37 41 0 0 28 26 0 23 24 22 0 12 0 0 13 8 9 11 
0 0 45 0 44 47 0 9 13 0 11 8 10 0 0 0 27 28 23 0 22 39 41 42 0 0 37 40 0 0 31 0 34 0 0 21 19 0 0 0 0 18 5 0 7 6 1 2 4 
0 2 4 0 3 0 0 0 0 20 19 0 0 22 0 32 0 0 31 33 0 47 49 1 0 0 45 48 0 43 0 38 42 0 41 29 27 28 24 0 23 0 0 0 15 14 9 0 12 
43 37 0 40 38 41 0 3 7 0 5 0 0 8 0 0 0 0 0 0 0 0 0 36 30 32 0 34 0 29 25 0 0 0 27 15 13 0 0 11 9 12 48 46 1 49 44 0 47 
0 0 18 19 0 20 21 0 0 34 33 30 32 36 48 46 49 1 45 47 44 12 0 0 0 11 10 13 5 8 4 3 7 2 6 0 0 42 0 39 37 0 27 25 0 28 0 24 26 
1 0 46 47 45 48 0 10 14 0 12 0 0 15 27 0 0 29 24 26 23 40 42 43 0 39 38 41 33 36 32 31 35 30 0 0 20 21 17 0 16 19 6 4 8 0 2 3 0 
36 0 0 0 31 0 35 45 0 48 0 0 46 1 13 0 14 0 0 12 0 0 28 29 23 0 24 0 19 0 18 17 0 16 0 0 0 7 0 4 2 5 41 39 43 42 37 38 40 
0 9 0 12 10 13 14 0 28 0 26 0 25 29 41 0 42 43 0 40 0 5 7 8 0 0 3 0 47 1 0 0 0 44 0 36 34 0 31 32 0 33 20 0 0 0 16 17 19 
29 23 0 26 0 27 0 0 42 0 0 37 39 43 0 4 0 0 3 0 0 19 0 22 16 18 17 0 12 15 11 10 14 9 13 1 48 49 45 0 44 47 0 0 36 35 0 0 33 
0 26 0 29 27 0 31 0 45 44 43 40 0 46 9 7 0 11 6 0 0 22 24 0 19 21 20 0 15 18 0 0 17 0 16 4 2 0 48 49 47 1 0 0 0 38 33 0 36 
39 0 35 0 0 0 38 48 3 2 1 47 49 4 16 14 0 0 0 15 0 0 0 0 0 28 27 0 22 0 0 20 24 0 0 11 9 0 0 7 5 0 44 0 46 0 40 41 0 
4 47 49 0 48 2 3 13 17 16 15 0 14 0 0 0 31 32 27 29 26 43 45 0 0 42 0 44 36 0 0 34 38 33 37 0 23 0 20 21 19 22 9 0 11 0 0 6 0 
11 0 7 0 6 9 0 20 24 23 22 0 0 25 37 0 0 39 0 36 0 1 3 0 47 0 48 0 0 0 42 41 0 40 0 32 30 31 27 28 0 29 16 14 0 0 12 0 15 
0 40 42 43 41 44 0 6 0 9 8 5 7 0 23 21 0 0 20 0 19 36 38 0 33 0 0 0 29 0 28 27 31 26 30 0 16 17 13 14 0 0 2 0 4 3 47 0 0 
0 12 14 15 0 0 17 0 31 30 0 0 28 32 44 0 45 46 41 43 40 0 0 11 5 0 6 0 0 4 0 0 3 47 2 39 37 0 34 0 33 0 0 0 25 24 19 20 22 
25 0 21 0 20 23 24 34 0 0 36 33 35 39 0 49 3 0 0 0 47 15 17 18 12 14 13 0 8 11 0 6 10 0 9 0 44 45 0 42 40 0 0 0 0 31 26 27 29 
38 32 34 35 33 0 37 0 0 0 49 0 48 3 0 0 16 0 0 14 11 0 0 31 25 0 26 0 21 24 0 19 0 0 0 10 8 9 0 0 0 7 0 0 45 0 0 0 0 
3 46 48 49 0 1 0 12 0 0 14 0 13 17 29 27 30 0 26 28 25 0 44 45 0 0 0 43 0 38 34 0 37 0 36 0 22 0 0 0 18 21 0 6 0 9 0 5 7 
0 0 0 21 0 22 23 33 0 36 0 32 34 0 1 48 2 3 47 49 0 14 16 17 11 13 12 15 7 10 0 0 9 4 0 45 43 0 0 41 0 42 0 27 0 0 0 26 28 
0 0 27 28 26 29 0 40 0 43 42 39 41 0 8 0 0 10 5 7 4 21 23 0 18 20 19 0 14 0 0 0 16 0 15 3 0 2 0 0 0 49 36 0 38 37 32 33 0 
0 39 0 42 0 0 44 5 9 8 7 4 0 0 0 20 23 0 0 0 18 35 37 38 32 34 0 36 28 31 27 26 0 0 0 17 15 16 12 0 11 14 1 0 3 0 0 0 49 
0 11 0 14 0 0 16 26 0 29 0 0 27 31 43 41 0 45 0 42 39 7 0 10 4 6 5 8 49 3 48 47 2 46 1 0 36 37 0 0 32 35 22 20 24 23 18 0 21 
10 0 6 0 0 0 9 19 23 22 0 0 20 24 36 0 0 38 33 35 0 0 2 0 46 0 47 1 0 45 41 0 44 39 0 31 29 0 26 0 0 28 0 0 17 0 11 12 14 
23 17 19 20 18 21 22 32 36 0 0 31 0 0 49 47 1 2 46 0 45 13 0 0 10 0 11 0 0 0 5 4 0 0 7 0 42 0 39 40 38 41 0 26 30 29 0 25 27 
30 24 0 27 25 28 0 39 0 0 0 0 40 0 7 0 0 9 4 6 0 0 22 23 0 19 18 21 13 16 0 11 15 10 14 2 49 1 0 0 45 0 35 33 0 0 31 32 34 
0 45 0 0 0 49 0 11 0 0 13 0 0 0 28 0 0 0 0 0 24 0 0 44 38 40 0 42 34 37 33 32 36 31 0 23 0 0 18 19 17 20 7 5 9 8 3 4 0 
0 31 0 0 32 0 36 0 1 0 48 0 0 2 14 12 15 0 11 13 10 0 29 30 24 0 0 28 0 23 19 0 22 0 21 0 0 8 0 0 3 0 42 40 0 43 38 39 41 
44 0 0 41 39 42 43 4 0 7 6 3 5 0 0 19 22 0 18 20 17 34 36 0 31 33 0 35 0 30 26 25 29 0 28 16 14 15 11 12 10 0 49 47 2 0 0 46 48 
16 10 0 13 0 0 0 25 0 0 0 24 26 0 42 0 0 0 39 41 38 0 0 0 3 5 4 7 48 0 0 46 0 45 0 0 0 0 32 0 0 34 21 0 23 22 17 0 20 
9 3 5 6 4 0 8 18 22 21 0 0 19 23 0 33 0 37 32 0 31 48 0 0 45 0 46 49 0 0 40 39 43 0 42 30 28 0 25 26 0 27 14 12 0 15 10 11 13 
0 48 1 2 49 3 4 14 0 0 16 0 15 19 0 29 32 33 0 30 0 0 46 47 41 43 42 45 0 40 0 0 0 34 0 26 0 0 21 22 0 23 10 0 12 0 6 7 9 
47 0 43 0 42 45 46 0 11 10 0 6 0 12 0 22 0 0 21 0 20 0 39 0 34 36 35 0 0 0 29 28 0 0 31 19 0 18 0 0 13 16 0 1 0 4 48 0 2 
19 13 0 0 0 0 0 28 32 0 30 27 29 0 0 43 0 47 42 44 0 9 11 12 6 0 7 10 0 5 0 49 0 48 3 0 38 39 0 36 0 37 0 22 0 0 20 21 23 
0 0 0 0 28 0 32 42 0 45 44 0 0 47 10 0 0 12 0 0 0 23 25 0 20 22 0 0 16 0 0 14 18 13 0 5 3 0 49 0 48 2 38 36 0 39 34 0 0 
0 0 36 37 35 0 39 0 4 3 2 48 1 5 17 0 0 19 14 16 0 30 32 33 27 29 0 31 23 26 0 0 0 0 24 0 10 11 7 8 6 9 45 43 0 0 41 0 0 
26 0 22 23 21 24 25 35 0 0 37 0 0 40 3 1 4 0 0 0 0 16 0 19 0 15 14 0 9 0 8 7 11 6 10 0 45 0 42 43 41 44 0 0 33 32 27 28 30 
12 6 0 9 7 0 11 0 0 24 23 0 0 0 38 36 39 40 35 37 0 2 0 0 0 1 49 3 0 47 43 0 46 0 45 0 0 0 28 29 27 0 17 15 19 18 0 0 16 
34 0 30 0 29 32 33 43 47 0 0 0 0 48 11 9 12 13 8 10 0 24 26 0 0 23 22 25 0 0 0 15 19 14 0 6 4 0 1 0 49 0 0 0 0 40 0 36 0 
41 35 37 38 36 0 0 1 5 0 3 49 2 0 0 0 19 0 0 17 14 0 33 0 28 0 0 32 0 0 0 22 26 21 25 13 11 12 8 9 7 10 0 0 48 47 0 43 45 
13 7 9 0 8 0 12 22 26 0 24 21 0 0 39 37 40 0 36 38 0 3 0 6 0 2 1 0 0 0 44 0 47 0 46 0 0 33 29 30 0 0 18 0 0 19 0 15 0 
20 14 16 17 15 0 19 29 33 32 31 28 30 34 46 44 0 48 0 0 42 0 0 0 7 9 0 0 0 6 2 0 5 49 0 0 0 40 0 0 35 0 0 23 0 26 21 22 24 
0 49 0 3 1 4 5 15 19 18 17 14 0 20 32 30 33 34 29 31 28 0 47 0 42 0 0 0 38 41 37 36 0 0 39 0 25 0 0 23 21 0 11 0 13 12 7 8 0 
48 42 0 45 43 46 47 0 0 11 0 0 9 13 0 0 26 27 0 24 0 38 40 0 0 0 0 39 0 34 30 0 0 28 32 20 0 19 15 16 14 0 4 0 0 5 0 0 3 
27 21 0 0 22 25 26 0 0 39 38 35 37 0 4 2 0 0 0 3 49 17 0 20 0 16 15 0 10 0 9 8 0 7 0 48 0 47 43 44 42 0 32 30 34 33 28 29 0 
