7
27 28 22 25 24 26 0 7 0 5 4 2 3 0 8 0 0 10 9 0 0 20 0 0 19 18 17 0 0 0 29 0 35 34 31 0 47 45 49 0 0 43 0 40 36 0 37 38 0 
20 21 15 0 0 0 16 49 0 47 46 0 0 48 1 0 5 0 2 6 0 0 9 14 12 0 0 0 0 25 0 26 28 0 24 0 0 0 42 39 0 36 0 0 29 32 0 31 34 
6 7 0 4 0 5 0 35 29 0 32 30 31 34 36 0 40 0 37 41 0 0 44 49 47 0 45 43 0 0 8 0 14 13 10 0 26 0 28 25 0 22 0 19 0 0 16 17 0 
0 0 43 46 0 0 44 0 22 26 0 23 24 0 29 35 33 0 0 34 32 41 37 42 40 39 38 0 2 4 1 5 7 0 0 16 0 17 21 18 20 15 14 12 8 0 9 10 13 
0 0 8 0 10 12 0 42 0 40 0 0 0 41 43 0 0 0 0 0 46 6 0 7 0 0 3 1 16 0 15 19 0 0 0 30 33 31 35 0 34 29 0 26 22 0 0 24 0 
34 35 0 32 0 33 30 14 8 12 11 9 10 13 0 0 0 17 0 20 18 0 0 28 26 25 0 0 37 0 0 40 42 0 38 2 0 0 7 0 6 0 0 0 0 0 44 0 0 
41 0 36 39 38 40 0 21 15 0 0 16 17 20 22 0 26 0 0 27 0 0 30 35 33 32 31 0 44 46 0 47 49 0 45 9 0 10 14 0 0 8 0 5 0 4 0 3 6 
0 27 21 24 23 0 22 6 0 0 0 0 0 5 7 13 11 9 8 0 0 19 15 0 0 17 16 0 29 31 0 32 34 33 30 43 46 0 0 0 47 0 41 39 35 38 36 37 40 
5 0 0 3 2 0 0 0 0 0 31 0 0 0 0 41 0 0 0 40 0 47 43 48 0 45 44 0 0 0 7 0 13 12 0 22 0 0 27 24 26 21 0 0 14 0 15 16 0 
40 0 35 38 37 39 36 0 14 18 0 0 16 0 21 0 25 23 22 26 0 0 29 34 32 31 0 28 0 45 42 46 0 0 44 8 0 9 13 10 12 7 6 4 49 0 0 0 5 
0 0 14 17 16 18 15 48 42 0 0 43 0 47 49 6 0 0 1 0 3 12 0 13 11 0 0 7 22 24 21 25 0 0 23 36 39 37 41 0 40 35 34 32 0 31 0 30 33 
0 48 42 45 44 46 43 27 21 25 24 22 0 26 28 0 32 30 0 0 31 0 36 41 39 38 37 35 1 3 0 4 0 5 0 0 18 16 20 0 0 14 0 11 7 10 8 0 0 
0 34 28 31 30 0 0 13 0 11 10 0 9 12 14 0 18 16 15 0 0 0 0 0 0 0 23 21 36 38 0 39 41 0 37 1 4 0 6 3 0 0 0 46 42 45 0 44 47 
0 0 0 0 9 11 8 41 0 0 38 36 0 0 0 48 0 0 43 0 45 5 1 0 0 0 2 0 0 17 0 18 20 0 0 29 32 30 0 0 33 28 27 25 0 0 22 23 0 
22 0 17 0 0 21 18 2 45 49 48 46 0 0 0 9 0 0 4 8 6 15 0 0 0 0 12 10 0 27 24 28 30 29 0 39 0 40 44 0 43 38 37 0 31 34 32 33 36 
8 9 3 6 0 7 4 37 0 35 34 32 33 0 38 0 42 40 39 0 41 0 46 0 49 48 47 0 0 0 10 0 16 0 12 25 0 26 30 27 29 24 23 21 0 20 18 0 22 
29 30 0 27 0 0 0 9 0 7 6 4 5 8 0 16 0 12 0 0 0 0 18 0 21 0 19 17 32 34 31 35 37 36 0 0 49 47 2 48 1 45 0 0 38 0 39 40 0 
36 37 0 34 33 35 0 16 0 0 13 0 12 15 17 23 21 0 0 0 20 0 0 0 28 27 26 24 0 41 0 0 44 43 40 4 7 0 9 6 8 0 2 49 45 48 46 47 1 
15 16 0 0 12 14 11 0 38 42 0 39 40 0 45 2 0 47 46 1 48 8 4 0 7 6 0 0 0 20 17 21 23 22 19 0 35 0 37 34 36 0 0 28 0 0 25 26 29 
0 0 45 0 0 49 46 0 24 0 27 0 0 29 0 37 0 33 0 0 0 43 0 0 0 0 0 38 4 6 3 7 0 8 0 0 21 19 23 0 0 17 0 14 10 13 0 12 15 
43 44 0 41 40 42 39 0 17 21 20 18 19 22 24 0 0 26 25 29 27 0 32 0 0 34 33 31 46 0 45 49 0 1 47 0 14 12 0 13 0 10 0 7 3 6 4 0 0 
24 25 0 22 21 23 0 0 0 2 0 48 0 0 5 0 9 0 0 0 8 0 13 18 16 15 14 12 27 29 26 0 0 31 0 0 0 42 46 43 0 0 39 37 33 0 34 35 38 
10 11 5 0 7 9 6 0 0 37 0 34 0 0 40 46 44 0 0 0 43 3 48 0 0 0 0 0 0 0 12 16 18 0 0 27 0 28 32 29 31 0 25 23 19 22 0 0 0 
0 46 0 0 42 44 41 25 19 23 22 20 21 24 26 32 0 28 27 31 0 38 34 39 0 36 0 0 0 0 47 2 0 0 49 13 16 14 0 15 0 12 11 9 0 8 0 7 10 
0 4 0 0 0 2 48 0 0 30 0 27 0 31 0 0 37 35 0 38 36 45 0 0 0 0 42 40 0 0 0 9 0 10 0 20 23 21 25 22 24 19 0 16 0 15 0 14 17 
38 39 33 36 35 0 0 0 0 16 0 0 14 17 19 25 23 21 20 24 22 31 27 32 30 29 28 0 41 43 0 44 0 0 42 0 9 0 0 8 0 5 4 0 0 1 48 0 0 
0 0 12 15 14 0 0 0 40 44 0 0 42 0 0 4 2 49 48 0 1 0 0 11 0 8 7 0 20 22 19 23 0 0 21 34 37 35 39 36 38 33 32 0 26 0 0 28 31 
0 32 26 0 28 30 27 11 0 0 8 6 0 10 0 0 16 0 0 17 0 0 20 0 23 22 21 0 0 36 0 0 39 38 0 48 0 49 0 0 3 47 46 0 0 0 0 0 45 
23 0 18 0 0 0 19 3 0 1 49 47 48 2 4 0 8 0 0 9 7 16 0 0 15 14 0 11 0 28 25 0 0 0 0 0 43 41 0 0 0 39 0 36 0 35 33 0 37 
30 31 25 28 27 0 0 0 4 8 7 0 6 0 11 0 15 13 0 16 0 0 0 0 0 0 20 18 0 0 0 0 0 0 0 0 1 0 0 0 2 46 0 43 39 42 0 41 0 
16 17 0 0 13 0 12 0 39 0 42 40 41 44 0 0 0 0 47 0 49 0 5 0 8 0 0 4 19 21 18 0 24 23 20 33 36 34 38 35 37 32 31 29 25 28 0 27 30 
0 0 0 0 41 0 0 0 0 22 21 19 20 0 25 0 0 27 26 30 28 37 0 38 0 35 34 0 47 49 46 1 0 0 48 12 0 13 17 14 0 11 0 0 4 7 5 6 0 
9 10 0 0 0 8 5 0 0 36 35 33 34 37 39 0 43 41 40 44 0 0 47 0 1 49 0 46 0 0 11 15 17 16 0 26 29 0 0 28 30 25 24 0 0 21 0 0 23 
2 3 0 0 48 1 0 31 25 29 0 26 27 0 0 38 36 0 0 0 35 44 0 0 0 0 41 39 0 7 4 8 0 0 6 19 22 20 24 21 23 18 17 0 11 0 0 13 16 
0 0 0 35 34 0 33 17 0 0 14 12 13 16 0 0 0 20 0 23 0 0 26 31 29 0 0 0 0 0 39 43 0 0 41 0 8 6 0 0 9 4 3 0 0 0 0 48 0 
0 33 27 30 29 31 28 12 6 0 9 0 8 0 0 0 0 15 14 18 16 0 0 26 24 23 0 0 35 0 0 38 40 39 36 0 3 1 0 0 0 0 47 45 41 44 42 0 46 
4 0 0 2 1 0 49 0 27 31 30 28 29 32 34 40 38 36 35 0 37 46 42 0 0 0 0 41 7 9 0 10 0 11 8 21 24 22 0 23 25 20 0 17 13 0 14 0 0 
46 47 41 44 43 45 0 26 20 0 23 0 0 25 27 33 31 0 28 32 0 0 35 0 38 37 36 0 49 2 48 0 5 0 0 0 0 0 0 16 18 13 12 10 0 0 7 8 0 
0 26 20 23 22 24 21 5 48 3 2 0 1 0 6 0 0 0 0 0 9 0 14 19 17 16 15 0 0 30 27 31 33 0 29 42 45 43 47 44 0 0 40 0 0 0 35 36 0 
0 12 0 0 0 0 7 40 34 38 0 35 0 39 41 0 45 43 0 0 0 0 49 0 3 0 1 0 0 16 13 17 19 0 0 28 31 29 0 30 0 0 26 24 0 23 21 0 25 
18 19 13 16 0 0 0 47 0 0 44 0 43 46 0 0 3 0 0 4 0 11 7 12 10 9 0 0 21 23 20 0 0 25 0 0 0 0 0 37 0 0 0 0 27 0 28 0 32 
39 40 34 37 0 38 0 0 13 0 0 14 15 18 20 26 24 0 0 25 0 0 0 0 0 30 0 0 42 44 41 45 47 46 0 0 10 8 12 9 0 6 5 0 0 0 49 1 4 
0 0 9 12 11 13 0 43 0 41 0 38 0 42 0 1 48 46 45 0 0 7 3 8 0 0 4 2 17 0 16 20 0 21 0 0 0 32 36 0 35 30 29 27 23 26 0 25 28 
0 0 2 5 0 0 3 0 30 34 33 31 32 35 37 43 41 0 38 42 40 0 45 0 48 47 0 44 10 0 9 0 0 14 11 0 27 25 0 0 28 0 0 0 16 19 0 18 0 
49 1 0 47 46 48 0 29 23 0 26 24 0 28 0 36 34 0 31 0 33 42 0 43 0 0 39 0 3 0 0 0 8 0 4 17 0 18 22 19 21 16 0 13 9 12 0 11 0 
0 0 30 33 0 34 31 0 9 13 0 10 0 0 0 22 20 18 0 0 19 28 24 29 27 26 25 23 38 40 37 0 43 42 0 3 0 0 8 5 7 2 1 48 44 0 45 0 0 
0 29 0 0 25 27 24 8 2 0 5 0 0 0 9 15 0 11 10 14 0 21 17 0 0 19 0 0 0 33 30 0 0 0 0 45 48 46 1 47 0 44 43 0 37 0 38 0 42 
42 43 37 40 0 41 38 22 0 20 19 0 0 0 0 0 27 25 24 0 0 35 0 0 34 33 32 30 45 47 44 48 1 49 0 10 0 0 0 12 14 9 0 0 0 5 3 0 0 
21 22 0 0 18 20 17 0 0 0 47 45 46 49 0 8 0 4 3 7 0 14 10 15 0 0 11 9 24 26 23 0 0 0 25 0 41 0 0 40 42 37 36 34 30 33 31 32 0 
