7
15 0 10 13 0 0 12 47 49 1 46 2 48 0 4 8 6 3 9 0 7 17 21 18 0 20 19 23 38 44 0 41 0 42 43 35 34 0 0 37 36 0 28 0 24 29 27 26 0 
0 37 0 34 0 35 0 0 21 0 18 0 0 0 0 0 27 24 30 26 28 38 42 39 43 41 40 44 10 16 0 0 12 0 15 7 0 0 4 0 0 5 0 0 45 0 0 0 0 
0 23 17 20 18 0 19 0 7 8 0 9 6 3 0 15 13 10 16 12 0 0 28 25 0 0 0 0 45 0 0 0 47 0 1 0 41 38 39 0 0 40 0 37 0 0 0 0 0 
8 0 3 6 4 7 0 0 42 43 39 0 41 38 46 1 48 0 2 47 49 10 14 11 15 13 12 16 31 0 32 0 0 35 36 0 27 24 0 30 29 26 0 0 17 0 20 0 0 
29 0 0 27 25 0 26 12 0 15 11 16 0 0 18 22 0 0 23 19 0 31 35 0 0 0 33 37 3 9 4 0 0 0 0 0 0 0 46 0 1 47 0 0 0 0 41 0 0 
0 44 38 0 39 42 40 0 28 29 25 0 27 24 32 36 0 0 37 33 35 0 0 0 0 48 47 2 17 23 0 20 19 0 0 0 0 0 11 16 15 0 0 9 3 8 0 0 0 
0 0 45 0 46 0 0 0 0 36 0 37 34 0 0 0 0 38 44 40 42 3 7 4 8 6 5 9 0 30 25 27 0 28 0 21 20 0 18 0 22 19 0 16 0 15 13 0 11 
5 6 49 3 1 4 0 37 0 0 0 0 38 0 43 47 0 0 48 44 46 7 11 8 0 10 9 0 28 34 0 31 0 0 0 25 24 0 22 0 26 23 0 20 14 0 0 16 0 
0 27 21 0 22 25 23 9 0 12 8 0 0 7 0 0 17 14 0 16 18 28 32 0 33 0 30 0 49 6 1 3 2 4 5 0 0 42 43 0 0 44 0 41 0 0 0 37 36 
33 34 28 31 0 32 0 16 18 0 15 0 0 0 22 26 0 21 27 23 25 35 39 0 0 38 37 41 7 0 0 10 0 11 12 4 3 49 1 0 0 2 0 48 42 0 45 44 43 
0 41 0 0 0 39 0 23 25 26 22 27 0 21 0 0 0 28 34 0 0 0 0 0 0 45 44 48 14 0 15 0 16 0 19 0 10 0 0 13 0 9 4 6 0 5 3 0 0 
19 20 14 0 0 0 16 2 4 5 0 0 3 49 0 12 10 0 13 0 0 0 0 0 26 24 23 0 0 48 43 45 44 0 0 39 38 35 36 0 0 0 32 0 28 0 0 0 0 
12 0 7 0 8 0 9 44 0 47 43 48 45 0 1 5 3 49 6 2 4 0 0 0 19 17 0 0 35 41 36 0 0 39 40 32 0 28 29 34 33 30 25 27 0 0 24 23 22 
47 48 0 0 43 46 44 0 0 0 29 34 31 0 36 40 38 35 0 37 0 0 4 1 5 3 0 6 21 0 22 24 23 25 0 0 0 0 15 20 19 0 0 13 7 0 10 0 8 
44 45 0 42 0 43 41 27 29 0 0 0 0 25 33 37 35 0 38 34 36 46 0 0 0 0 48 3 18 24 19 21 20 0 0 15 14 11 12 17 16 13 8 0 4 9 0 6 0 
0 0 0 21 19 22 20 0 0 0 5 10 0 4 0 16 14 11 0 0 0 25 29 26 30 28 0 31 0 3 47 0 48 0 2 43 42 39 40 45 44 0 0 0 32 0 35 34 33 
0 0 0 28 26 29 27 13 0 0 12 17 0 11 19 0 21 18 24 20 0 0 36 0 37 0 34 0 4 10 0 7 6 8 0 1 49 0 47 0 0 0 43 45 39 44 42 41 40 
0 0 46 49 47 1 48 34 36 0 0 0 35 0 0 0 42 39 45 41 0 0 0 0 0 7 0 0 25 0 26 0 0 29 30 0 0 18 0 24 23 20 0 0 11 16 0 0 12 
9 0 4 7 5 0 0 41 43 0 40 0 42 39 0 2 0 46 3 48 1 11 0 12 0 0 13 17 0 0 0 35 34 0 37 29 28 0 0 0 0 27 0 24 18 23 21 0 0 
16 0 11 14 12 15 13 48 1 2 47 3 49 0 5 0 7 4 0 0 8 18 22 19 23 21 20 24 39 45 40 0 0 43 44 36 35 32 33 38 37 34 29 0 0 0 0 0 26 
37 0 32 0 33 0 0 20 22 23 19 24 21 18 0 0 0 0 31 0 29 39 0 0 44 42 0 45 0 17 12 14 0 15 16 8 7 4 0 0 9 6 1 0 46 2 49 48 0 
18 19 13 16 14 0 15 1 3 4 49 0 0 48 0 0 9 0 0 8 10 20 0 21 0 23 0 0 0 47 42 44 0 45 46 38 37 34 35 0 39 0 0 0 27 32 0 29 0 
32 33 27 0 28 0 29 0 17 18 14 0 0 0 0 25 0 20 26 0 24 34 38 0 39 37 36 40 6 12 7 9 8 0 0 3 0 48 49 0 4 1 45 47 41 0 44 43 42 
46 0 0 0 42 45 0 0 31 32 0 0 0 27 35 0 37 34 40 0 38 48 0 0 4 2 1 0 20 0 21 23 22 24 25 17 0 0 14 0 18 15 10 12 6 11 9 0 7 
0 0 48 2 49 3 0 0 0 0 0 0 37 34 42 0 44 41 47 43 0 6 10 0 0 9 0 12 27 33 0 30 29 31 32 24 23 20 21 26 0 0 17 0 13 18 0 15 14 
0 40 0 37 35 0 36 22 24 25 0 26 23 0 0 0 30 27 33 29 0 0 45 0 0 44 43 0 0 0 14 16 15 0 0 0 9 6 0 12 11 8 3 5 48 4 2 1 0 
0 12 6 0 0 0 0 43 0 46 42 47 0 41 49 4 0 0 5 0 0 13 0 0 18 0 0 0 0 40 35 0 36 38 39 31 30 0 0 33 32 29 0 26 20 0 23 0 21 
25 26 0 23 0 0 0 0 10 0 0 12 9 6 0 18 16 13 0 15 17 27 31 28 0 0 0 0 0 0 0 0 0 3 4 45 0 41 42 0 0 43 38 0 34 39 37 36 35 
20 21 15 18 0 19 17 3 5 6 2 7 4 0 9 0 11 0 14 10 0 0 0 23 0 0 24 0 43 49 44 46 0 0 48 40 0 36 37 42 0 38 33 0 29 0 0 0 30 
41 0 0 0 37 0 0 24 0 0 23 28 0 22 30 34 32 29 35 0 33 43 47 44 48 0 45 49 0 21 16 18 17 0 20 12 0 0 9 14 13 0 0 7 1 0 4 0 0 
27 0 0 0 23 26 24 10 12 13 9 0 11 8 16 20 0 15 0 17 19 29 0 30 0 32 31 0 0 7 2 4 3 5 0 47 46 43 44 49 0 45 40 0 0 0 39 38 37 
34 0 0 32 30 33 0 17 19 20 16 0 18 15 23 27 25 22 0 24 26 0 40 37 0 39 38 0 8 14 9 11 10 0 13 0 4 1 2 7 0 0 47 49 43 48 46 45 44 
0 0 8 11 9 0 10 0 47 0 44 49 46 43 2 6 4 1 7 0 5 0 19 16 0 18 17 21 36 42 0 0 0 0 0 0 0 29 0 0 34 31 26 28 22 27 0 24 23 
0 0 1 0 0 5 0 38 0 0 37 42 39 36 44 48 46 43 0 0 47 8 0 9 13 11 10 14 29 0 30 32 31 0 0 26 25 22 23 28 0 24 19 21 15 0 18 17 0 
48 49 43 0 44 47 45 31 0 34 0 0 0 29 37 0 39 36 0 38 40 0 5 2 6 4 0 7 22 28 0 0 0 26 27 19 18 0 16 0 20 0 12 14 0 13 11 10 0 
0 0 0 26 24 0 0 0 0 0 0 0 12 0 0 21 0 0 0 18 20 30 0 31 0 0 32 36 2 0 0 0 0 6 0 48 47 44 45 1 0 46 0 0 37 42 40 39 0 
49 1 44 0 45 48 0 32 0 0 0 36 33 30 38 42 0 0 43 0 41 0 6 0 0 5 4 8 23 29 24 0 25 27 28 0 0 16 17 22 21 18 13 15 9 14 0 11 10 
0 0 16 19 17 20 18 4 6 7 3 0 5 2 10 14 12 9 15 11 0 23 27 24 28 0 25 0 0 0 45 0 46 48 0 41 0 37 38 43 0 39 34 36 0 0 33 0 0 
0 43 0 0 0 41 39 0 0 28 24 0 0 0 0 0 0 0 36 0 0 0 0 0 49 0 0 1 0 22 17 19 0 20 0 13 12 0 0 15 14 11 6 8 2 7 5 4 0 
0 0 30 33 0 34 0 0 0 21 17 0 19 16 0 28 26 23 29 25 0 37 41 38 42 40 39 0 9 15 10 12 11 13 14 0 0 2 0 0 7 0 48 1 0 49 47 46 45 
0 0 2 5 0 6 0 39 41 42 0 43 40 0 45 0 47 44 1 0 0 9 0 10 14 12 0 15 30 36 0 0 32 34 35 27 26 0 24 0 28 0 20 22 0 0 19 18 17 
14 15 0 0 10 13 0 46 0 49 0 0 47 0 3 7 5 0 0 0 0 0 0 17 21 0 0 22 37 0 0 0 39 0 42 0 33 30 0 0 0 0 0 0 23 28 0 25 24 
17 18 0 0 13 16 0 49 2 3 48 4 1 47 0 10 8 5 0 0 9 0 23 20 0 0 0 25 40 46 41 43 42 0 0 0 36 0 34 39 38 35 0 32 26 0 0 28 27 
0 4 47 1 48 0 0 35 37 38 34 39 0 33 41 45 43 40 0 42 0 5 9 6 10 0 7 0 26 0 27 0 28 30 0 23 22 19 20 0 24 21 16 18 0 0 15 14 13 
0 11 0 0 6 9 0 0 44 0 0 0 43 40 48 3 1 47 4 49 2 12 0 13 17 15 14 18 33 39 34 0 35 0 38 0 29 26 27 32 31 28 0 0 19 0 0 0 20 
0 0 0 29 27 30 28 14 16 0 0 18 15 12 0 24 0 19 0 0 0 0 37 34 38 36 0 39 0 11 6 8 0 0 0 2 1 0 48 0 0 49 44 0 0 45 43 42 0 
45 46 0 0 0 0 0 0 0 0 0 0 0 26 34 0 36 0 39 35 37 0 2 48 3 0 49 0 19 25 20 0 0 23 24 16 15 12 13 18 17 14 9 0 5 10 0 7 6 
24 25 19 22 20 23 0 7 0 0 6 11 8 0 13 17 15 12 18 0 0 26 0 0 31 0 28 32 0 0 0 1 49 2 0 44 43 40 41 0 45 42 37 39 0 0 0 0 34 
0 39 0 36 34 37 35 21 0 24 20 25 0 19 27 31 29 0 32 0 0 0 44 0 45 43 0 46 0 18 13 0 0 0 17 9 0 5 6 0 10 0 2 0 47 3 0 0 0 
