7
1 0 47 0 0 48 0 45 0 41 0 44 0 0 29 31 30 27 28 0 32 0 0 36 0 0 39 37 21 23 25 0 0 0 20 0 0 0 5 0 0 6 18 0 0 0 14 15 0 
0 0 0 31 32 27 28 0 21 20 19 23 0 0 8 0 9 6 7 5 11 14 0 0 12 13 0 16 0 2 0 47 1 3 48 38 0 0 33 0 0 34 46 45 0 0 0 43 0 
22 0 0 24 25 20 21 0 14 13 12 16 15 0 0 3 0 0 49 47 4 7 0 8 5 6 0 9 42 0 46 0 0 45 0 31 28 0 0 32 0 0 0 38 37 0 35 0 34 
36 37 33 38 39 0 35 0 28 0 0 30 29 32 15 17 16 0 0 12 18 0 24 0 19 20 0 23 7 9 11 5 0 10 6 45 42 0 40 46 0 41 4 3 2 47 49 1 0 
8 9 0 10 0 0 7 3 0 48 0 2 0 0 36 0 0 34 0 33 39 42 0 0 40 41 46 44 0 30 0 26 29 0 0 0 0 16 12 0 15 0 25 0 0 0 0 22 0 
43 44 0 45 0 41 42 0 0 34 0 37 36 39 22 24 23 20 0 19 0 28 31 29 26 27 0 30 14 16 0 0 0 17 0 0 0 2 47 4 0 0 0 0 0 0 7 8 0 
0 16 0 0 0 13 0 10 7 0 5 9 8 11 43 45 0 0 0 0 46 49 0 0 0 0 4 2 35 0 0 33 36 38 34 24 0 23 0 25 0 0 0 0 30 0 28 29 0 
0 47 43 48 0 44 45 41 38 37 36 40 0 42 0 0 0 0 24 22 28 0 34 32 29 0 35 0 17 19 0 15 0 0 0 0 0 0 1 7 4 2 14 0 0 8 10 11 0 
0 40 0 41 42 0 0 34 31 0 29 0 32 35 18 0 19 16 17 15 0 24 0 25 0 23 28 26 0 0 14 0 11 13 0 0 45 47 0 0 46 44 7 6 5 1 0 4 0 
25 0 22 27 28 23 24 0 0 16 15 19 18 21 4 0 0 0 3 1 0 0 13 11 0 9 14 0 45 47 49 43 46 0 44 34 31 0 0 0 0 30 42 41 40 36 38 0 0 
0 0 1 0 7 2 0 0 0 0 43 0 0 49 32 34 33 0 0 0 35 0 0 39 36 0 0 0 0 0 28 0 25 0 23 0 0 0 8 14 11 9 21 20 19 0 17 18 16 
32 33 29 0 35 30 31 27 0 23 0 26 0 0 11 0 12 9 10 8 14 17 20 18 15 0 0 0 3 0 0 1 0 6 2 41 38 0 36 0 0 37 0 0 0 0 0 46 44 
0 0 8 13 0 9 10 0 3 2 1 5 0 0 39 0 40 37 0 36 0 0 48 0 43 44 49 47 0 33 0 0 0 0 0 0 0 19 0 0 0 16 28 0 0 22 24 0 23 
0 0 0 20 21 16 17 0 10 0 0 12 11 14 46 48 0 44 0 0 49 0 0 4 0 2 7 5 38 0 0 36 39 41 37 27 24 0 0 0 25 23 0 34 33 29 31 0 30 
17 0 14 19 20 15 16 0 9 8 0 11 10 13 45 47 0 43 44 42 48 2 0 3 49 1 6 4 0 0 41 0 38 40 36 26 0 0 21 0 24 22 34 0 32 28 0 0 0 
0 39 0 0 41 36 0 33 30 0 28 32 31 0 17 19 18 15 0 0 0 23 26 0 0 22 27 25 9 11 0 0 10 0 8 0 0 0 42 0 45 0 6 5 4 49 2 0 1 
0 25 21 26 0 22 0 0 0 15 0 0 17 20 0 5 0 1 2 49 0 0 12 0 7 8 13 11 0 46 48 42 45 47 43 33 30 32 28 0 0 29 0 40 0 35 0 0 36 
31 0 0 33 34 29 30 26 23 22 21 0 24 27 0 12 11 0 9 0 0 16 0 17 0 15 0 18 2 0 6 49 3 0 1 40 37 39 35 0 38 0 0 47 46 0 44 0 0 
0 0 0 0 48 43 44 40 37 0 35 39 0 0 0 26 0 0 0 0 0 0 33 31 28 29 0 0 16 18 0 0 17 19 15 5 0 0 0 6 0 1 0 12 11 7 9 0 8 
0 0 0 0 0 0 9 5 2 0 0 4 0 0 0 40 39 36 0 35 41 0 0 45 0 0 0 0 30 32 34 28 31 0 29 0 16 18 0 20 0 0 0 0 0 21 23 0 0 
0 0 49 0 0 1 2 47 44 43 42 46 45 48 31 33 0 29 0 0 34 37 0 38 0 36 0 39 0 0 27 21 24 26 0 12 0 0 7 0 0 0 0 19 0 14 0 17 15 
0 29 0 30 0 0 27 23 20 19 18 22 0 0 7 9 0 5 6 0 10 0 0 0 11 0 0 15 0 0 0 0 49 2 47 37 34 36 32 0 0 33 45 0 43 0 41 42 40 
35 36 0 37 38 0 34 30 27 26 25 29 28 0 14 16 15 12 13 11 0 20 23 0 0 19 24 22 6 0 10 4 0 9 5 44 0 43 0 45 42 40 0 2 1 46 48 49 47 
49 1 46 2 0 47 48 44 41 0 0 43 0 0 28 30 29 26 27 25 31 34 37 0 32 0 38 36 0 22 24 18 0 23 0 0 6 0 0 10 7 5 17 16 15 11 13 14 0 
0 15 11 16 17 0 0 0 6 5 4 8 7 10 0 44 43 40 0 0 45 48 2 0 46 47 0 0 34 36 0 0 35 0 33 23 0 0 18 24 21 19 31 30 29 0 0 28 0 
0 0 39 44 45 0 0 37 34 33 32 36 0 38 21 23 22 19 0 18 0 27 0 0 25 0 31 0 13 0 17 0 0 0 0 0 0 0 46 3 49 47 10 9 0 0 6 0 0 
0 8 0 9 0 0 0 2 48 0 0 1 0 3 0 0 36 0 34 32 0 0 0 42 39 40 45 0 0 0 0 0 28 0 26 0 13 0 0 0 0 12 24 23 0 0 0 0 19 
21 0 18 23 24 0 0 16 0 12 11 15 14 17 0 0 0 47 0 0 0 6 9 0 4 0 0 0 41 0 45 0 0 0 0 30 27 29 25 31 0 26 38 0 0 0 34 35 33 
2 0 0 0 5 0 1 46 0 0 0 0 44 47 30 32 0 28 29 27 0 0 0 0 0 35 40 38 0 24 26 20 23 25 0 11 0 0 6 0 0 0 19 18 0 13 0 0 0 
9 10 6 0 0 7 0 4 1 49 48 0 2 0 37 39 38 35 36 0 40 0 0 0 41 42 0 45 0 0 0 27 30 0 0 0 0 0 0 19 0 0 0 25 24 20 0 0 21 
23 24 20 0 26 21 22 0 15 14 13 0 16 19 2 4 0 0 0 48 5 8 11 0 6 7 12 0 43 45 47 41 44 46 0 0 0 31 27 0 0 28 40 39 38 34 36 0 0 
0 0 27 0 0 0 29 25 22 21 20 24 0 0 0 11 10 0 8 6 12 15 18 0 13 0 19 17 1 0 5 0 2 4 49 39 0 0 0 0 0 35 47 46 45 0 43 44 42 
44 0 41 0 0 42 43 39 36 0 34 0 37 40 23 25 24 21 22 20 0 0 0 30 27 28 0 31 15 0 19 13 16 0 0 4 0 0 0 0 0 0 0 0 10 0 0 0 7 
16 0 13 18 0 0 0 0 8 7 6 10 0 0 44 0 45 42 43 0 0 1 0 0 48 0 5 0 0 0 40 34 37 39 0 25 22 0 20 26 23 0 0 32 31 27 29 30 28 
37 38 34 39 40 35 0 32 29 28 27 31 30 0 0 18 0 0 15 13 19 22 0 0 0 0 0 24 0 10 12 6 0 0 0 0 43 45 0 47 44 42 5 0 0 0 0 2 0 
0 21 0 0 23 18 19 15 0 11 0 0 13 0 48 0 49 46 0 45 2 0 0 6 3 4 9 0 0 0 44 38 0 0 0 0 26 28 24 30 27 0 37 0 35 31 33 34 32 
0 0 0 36 37 32 33 29 26 25 24 0 0 30 0 15 14 0 0 10 16 0 22 20 17 18 23 21 0 0 9 3 6 8 4 43 0 42 38 44 41 39 0 1 49 45 47 48 0 
13 14 0 15 0 11 12 0 5 4 3 7 6 9 0 0 42 39 40 38 0 0 1 48 45 0 2 0 0 0 37 31 34 36 32 22 19 21 0 23 20 0 30 29 0 0 0 27 0 
0 28 24 29 30 25 26 22 0 18 0 21 0 23 0 8 0 4 5 3 9 12 15 0 10 0 0 14 47 49 2 45 48 1 46 36 0 35 31 37 0 0 0 0 0 0 40 0 39 
0 49 0 1 0 46 47 43 40 0 0 0 0 0 27 29 0 0 26 24 30 33 36 34 0 32 37 35 19 21 0 17 20 22 18 8 0 0 3 9 6 0 16 15 14 10 0 0 11 
6 0 3 0 0 4 0 0 47 0 0 49 48 0 0 0 35 0 0 31 0 0 0 0 0 39 0 0 0 28 30 0 27 29 25 0 0 14 10 0 0 11 0 22 0 17 19 20 18 
41 42 0 0 44 39 40 36 33 0 31 0 0 37 20 0 21 18 0 0 0 26 29 27 24 0 30 28 0 14 0 0 13 15 0 1 47 0 0 0 48 46 9 0 0 0 5 0 4 
0 0 23 28 0 0 25 21 18 0 0 20 0 0 0 7 6 3 4 2 8 0 14 0 9 0 0 13 46 0 1 0 47 49 45 0 32 34 30 0 0 31 43 42 0 37 0 40 38 
5 6 2 0 8 3 4 49 46 0 0 48 47 0 33 0 34 31 32 0 36 0 0 40 37 38 43 41 25 27 0 0 26 28 24 0 11 0 0 15 12 10 22 21 0 16 18 19 17 
47 48 44 49 0 45 46 42 39 0 0 41 40 43 26 0 27 24 0 23 29 0 35 33 0 31 36 0 18 0 0 16 0 21 17 0 4 6 2 8 5 3 15 14 13 9 0 12 10 
33 34 30 0 36 31 0 0 25 0 0 0 26 29 12 0 0 10 11 9 15 18 21 19 0 17 0 20 4 6 8 0 0 7 0 42 0 41 0 43 0 38 1 0 48 44 46 0 45 
0 13 9 0 15 0 11 7 0 3 0 0 5 8 40 42 41 38 0 37 0 0 49 0 0 0 1 0 0 0 0 0 0 0 31 0 0 20 16 22 19 17 29 28 27 23 25 26 24 
40 0 37 42 43 0 0 0 32 31 30 0 33 0 19 21 0 0 18 16 22 25 0 26 23 24 0 0 0 13 0 9 12 14 10 49 46 48 0 1 47 45 8 7 6 2 0 5 3 
19 0 0 21 22 0 18 0 0 10 9 13 12 15 0 49 0 45 46 44 0 4 7 0 2 3 8 6 0 41 43 0 0 42 0 0 25 27 23 0 26 0 0 0 34 0 32 33 0 
