7
21 19 16 0 20 18 0 0 36 0 31 32 0 35 0 10 12 0 9 0 0 23 0 0 0 28 24 0 8 7 4 0 5 2 6 40 43 0 0 41 0 42 45 46 0 0 0 44 47 
42 40 37 0 41 0 0 2 8 5 3 0 6 0 0 0 33 0 30 32 35 44 1 0 0 49 0 46 29 0 25 0 26 0 27 0 0 9 11 13 10 0 0 0 21 0 0 0 0 
0 26 23 0 0 25 29 37 43 40 0 0 0 0 20 17 0 0 16 18 21 0 36 34 33 0 31 32 0 14 0 10 0 9 0 47 0 44 46 48 45 49 3 4 7 8 6 2 5 
0 0 9 10 0 0 15 0 29 0 24 25 27 0 6 3 5 8 2 0 7 0 22 20 0 21 17 0 1 49 0 0 0 44 48 0 0 0 32 0 0 35 0 39 0 43 41 37 40 
7 0 0 0 6 4 8 0 22 19 17 18 20 21 48 0 47 1 44 46 0 9 15 0 0 14 10 11 0 42 0 0 40 0 41 26 29 0 25 27 24 0 31 0 0 0 34 30 33 
0 33 0 31 0 32 0 0 1 0 0 46 48 49 27 0 26 0 23 25 0 37 43 0 0 42 38 39 22 21 0 17 19 16 20 5 0 2 0 0 0 7 0 0 0 15 13 9 12 
49 0 44 45 48 46 0 9 15 0 0 11 13 0 0 0 40 43 37 39 0 2 8 6 5 7 0 4 36 0 0 31 33 30 0 19 0 16 0 20 17 21 24 0 0 0 0 23 26 
46 0 41 0 0 43 47 6 12 9 7 8 10 0 0 35 37 40 34 0 0 48 0 0 2 0 49 1 0 32 29 0 30 27 31 16 19 0 0 17 14 0 21 22 25 0 24 0 23 
11 9 0 0 10 8 12 20 26 23 0 22 0 0 0 49 2 5 0 1 4 13 19 17 16 0 0 15 47 46 43 42 44 41 0 0 33 27 29 31 28 0 35 36 0 0 0 0 37 
25 23 20 21 24 22 0 0 0 37 35 0 38 0 17 14 0 0 0 0 18 27 33 31 30 32 0 29 0 11 0 0 0 6 10 0 47 41 43 0 42 46 49 1 4 5 0 48 2 
0 0 0 0 3 1 5 0 19 16 14 15 17 0 0 0 44 0 0 43 0 6 12 10 0 11 7 0 0 39 36 35 37 0 38 0 0 0 0 24 0 0 28 0 0 33 0 0 0 
0 0 0 14 0 15 0 27 33 30 28 29 0 32 10 7 0 0 6 8 11 0 26 0 23 25 21 0 0 4 0 0 2 48 0 0 40 34 36 0 35 39 0 43 46 47 45 41 0 
39 0 0 35 38 36 0 48 0 2 0 1 3 4 31 0 30 33 0 29 32 0 47 0 0 0 42 0 0 0 22 21 0 20 0 9 12 6 8 0 0 11 14 15 18 19 0 0 0 
0 30 27 0 0 29 0 41 0 44 0 43 0 46 24 21 23 0 20 22 0 0 0 0 37 39 35 0 19 18 15 14 0 0 0 2 5 48 0 3 49 4 7 8 0 0 0 6 9 
0 0 11 12 15 13 17 25 31 0 26 0 29 30 0 0 0 10 4 6 0 18 24 22 21 23 19 20 3 2 0 47 0 0 1 0 0 0 0 36 0 0 0 0 44 45 0 39 42 
23 0 0 0 22 20 24 32 38 35 0 34 36 0 15 12 14 17 11 13 16 0 0 0 28 30 26 27 10 0 6 0 0 4 8 0 45 0 41 0 0 44 0 0 2 0 1 0 0 
2 49 0 47 0 48 3 11 17 14 12 0 15 16 43 40 42 45 39 41 0 0 0 8 7 0 5 0 38 37 34 33 0 32 36 0 24 0 0 0 19 23 0 27 30 31 29 0 28 
30 0 25 26 0 27 31 39 45 42 40 41 0 0 22 19 0 0 18 0 23 0 38 36 0 37 0 34 17 16 13 12 14 11 15 49 3 46 48 1 47 0 5 6 0 0 8 4 7 
0 0 4 5 8 6 10 0 0 0 19 20 22 0 1 47 49 3 46 48 2 0 17 0 14 16 12 0 0 44 41 40 42 39 43 28 31 0 0 0 26 0 0 34 37 38 36 0 0 
0 35 32 0 0 34 38 0 0 0 0 0 1 2 29 26 0 0 25 0 30 39 45 0 42 44 40 0 24 0 20 19 0 18 0 0 10 0 0 8 5 9 12 13 16 17 15 11 14 
0 0 39 40 43 0 0 4 0 7 5 6 8 9 36 33 35 38 0 34 0 0 3 0 49 2 47 48 0 30 0 0 0 25 29 0 17 0 13 15 12 16 19 20 0 24 22 18 21 
0 46 43 44 0 45 49 8 14 11 9 0 12 0 40 0 39 0 36 38 0 0 7 0 4 6 0 0 35 0 31 30 32 29 33 18 0 15 0 0 16 20 0 0 27 0 26 22 0 
0 32 0 30 33 0 35 43 49 46 0 0 0 48 0 0 0 0 0 24 27 36 0 40 39 41 37 38 21 20 17 0 18 0 19 4 0 0 3 5 0 6 9 10 13 0 12 8 11 
20 0 15 16 19 0 0 29 35 0 0 31 33 0 12 9 11 0 8 0 0 0 0 26 25 27 0 0 0 6 0 2 0 0 0 0 42 0 38 40 0 0 44 45 0 49 47 43 46 
27 25 22 0 26 24 0 36 0 39 37 0 0 41 19 16 0 0 15 17 20 29 0 33 32 34 0 31 14 13 10 0 11 8 0 46 49 0 45 47 0 0 2 3 6 0 5 1 0 
13 11 8 0 12 0 14 0 0 25 23 0 26 0 5 0 0 7 1 0 6 15 0 0 0 20 0 0 49 0 45 44 0 0 0 32 35 0 31 33 30 34 37 38 41 0 0 0 39 
6 4 1 0 5 3 7 15 21 18 16 0 0 0 0 0 46 0 43 0 48 8 14 12 11 13 9 10 42 0 38 37 39 0 40 25 28 22 0 26 0 27 0 31 34 35 0 29 32 
41 39 36 0 0 38 0 1 7 4 2 3 0 6 0 30 32 0 29 31 0 0 0 47 46 48 44 0 28 27 24 0 25 22 0 11 14 8 10 12 9 13 16 17 20 21 19 0 0 
43 0 0 39 42 40 0 3 9 0 4 0 7 0 0 32 0 0 31 0 0 45 0 0 48 0 0 0 0 0 26 25 27 0 28 13 0 0 12 0 11 15 18 0 22 23 0 17 0 
0 34 0 32 0 33 0 45 2 0 0 0 49 1 28 0 0 30 0 0 0 38 0 42 0 0 39 0 23 22 19 0 20 17 21 0 9 0 5 0 0 0 0 0 15 0 14 0 0 
29 27 0 0 0 26 30 0 0 0 39 0 0 0 0 0 20 23 17 19 22 0 37 0 34 36 32 33 16 0 0 11 0 0 14 0 2 45 0 0 0 1 4 5 8 9 7 0 0 
22 0 17 18 0 19 0 31 0 34 32 33 35 36 14 0 13 0 10 12 0 24 0 0 27 29 0 0 9 0 5 4 6 0 7 41 0 38 0 42 0 43 0 0 0 2 49 0 0 
8 0 0 0 0 0 0 17 23 0 18 19 21 0 0 0 48 2 45 47 0 0 0 14 13 15 11 12 0 43 40 0 41 0 0 27 30 0 26 28 25 0 0 0 0 0 0 31 34 
15 0 10 11 0 0 0 24 30 27 0 0 0 29 7 4 0 0 0 5 8 0 23 21 20 22 18 19 2 0 0 0 48 45 0 0 0 31 0 0 32 0 39 40 0 0 0 38 41 
1 48 45 0 49 0 0 10 16 0 11 0 0 15 0 39 0 44 38 40 43 3 0 7 6 0 4 0 37 0 33 0 0 31 35 20 23 17 0 21 0 22 0 26 29 30 28 24 0 
0 3 49 0 4 2 6 0 20 17 15 0 18 0 0 0 45 48 0 0 47 7 0 11 0 0 8 9 0 40 37 0 38 0 39 24 27 21 0 25 0 26 29 30 33 0 32 28 31 
0 24 0 22 25 23 27 35 41 0 0 0 39 40 0 0 17 20 14 0 19 0 0 0 31 0 0 0 13 0 0 8 10 7 11 45 48 42 0 0 0 47 0 2 5 0 0 0 3 
12 0 0 0 11 9 0 21 0 0 0 0 25 26 0 1 3 6 49 2 5 14 20 0 17 0 0 16 0 0 0 43 0 42 46 0 34 0 30 0 29 33 36 37 40 41 39 0 38 
40 0 35 36 39 0 0 0 6 0 1 2 4 5 0 0 31 34 28 0 33 42 48 46 45 0 0 44 0 0 23 22 24 0 25 10 0 7 9 11 0 12 15 16 19 20 18 14 17 
0 0 14 15 18 0 20 28 0 31 0 0 0 0 11 0 10 0 0 0 12 0 0 25 24 26 22 23 6 0 0 1 3 49 0 38 41 0 37 39 36 0 0 0 0 48 0 42 0 
0 31 0 29 32 30 34 42 48 45 0 0 0 47 0 22 0 0 21 23 26 35 41 39 0 40 36 0 20 0 16 15 17 14 18 3 6 0 2 4 1 5 8 0 12 0 0 7 10 
47 0 42 0 46 0 48 0 0 0 0 9 11 0 0 0 0 41 35 0 40 49 6 4 3 0 0 0 0 33 0 29 31 28 32 17 20 14 16 0 15 0 22 23 26 27 25 0 0 
0 0 47 48 2 49 4 12 18 15 13 0 16 0 44 0 0 0 0 0 45 5 11 9 8 10 6 7 39 38 35 0 0 33 37 22 0 19 0 23 0 24 0 0 31 32 30 0 29 
0 36 0 34 37 0 0 47 4 0 48 0 2 3 0 27 29 0 0 28 31 40 46 0 43 0 41 42 25 0 0 20 0 19 23 0 11 5 0 0 6 10 0 14 17 18 16 0 15 
0 0 0 13 0 14 18 26 32 29 27 28 30 0 9 0 8 0 5 7 0 0 25 23 22 0 20 21 4 3 49 48 1 0 0 36 39 33 35 37 34 0 0 0 0 46 44 40 43 
0 0 0 6 0 0 0 19 0 0 20 21 0 24 2 0 1 0 47 49 3 12 18 16 15 0 13 0 46 0 0 41 43 40 0 0 0 26 28 30 0 31 0 35 38 0 0 33 0 
0 43 40 0 44 0 46 5 0 0 0 0 9 10 0 34 36 39 0 0 0 47 4 0 1 3 0 49 32 31 0 27 0 26 0 0 18 12 0 0 0 0 20 0 0 25 0 0 0 
31 0 26 27 30 28 0 40 46 43 41 0 44 0 23 20 0 25 19 21 24 33 0 37 0 0 34 0 0 17 14 0 0 0 16 0 4 47 0 2 48 0 6 7 10 0 0 0 8 
24 22 19 20 23 0 25 0 39 36 0 35 0 0 0 13 0 0 12 14 17 26 0 30 0 31 27 28 0 0 7 6 0 5 0 0 0 40 42 44 41 45 48 49 3 0 0 47 0 
