7
0 13 7 0 0 9 11 0 0 0 46 48 0 42 26 0 27 0 23 22 24 0 14 18 0 0 0 0 0 0 0 31 30 0 0 0 0 0 6 0 4 49 39 0 37 35 0 0 40 
1 6 49 3 5 2 0 37 36 0 39 41 0 35 0 14 20 18 16 15 0 12 7 0 8 0 0 0 0 27 21 24 23 0 0 44 0 45 48 47 46 42 0 31 30 28 0 0 0 
22 0 21 0 26 0 0 0 8 10 0 0 0 7 0 35 41 39 0 0 38 0 28 32 0 30 34 0 0 0 0 45 44 47 0 16 0 0 0 19 18 0 0 0 0 0 0 0 5 
0 0 0 38 40 37 39 23 22 0 0 27 0 0 0 49 0 0 2 1 0 0 0 0 43 44 0 0 8 0 0 0 9 12 0 0 29 31 34 0 32 0 18 17 16 0 15 20 0 
43 48 42 45 47 0 46 30 29 31 0 34 0 0 12 7 13 0 0 0 0 5 0 0 0 2 6 0 15 0 14 17 16 0 18 37 0 0 0 40 0 0 25 24 23 0 0 0 26 
0 34 28 31 33 0 0 16 15 0 0 20 19 14 0 0 48 46 0 43 45 0 35 39 0 37 41 0 1 6 49 3 2 0 4 0 22 24 27 26 25 21 11 0 0 7 0 13 0 
15 0 14 17 19 0 18 2 1 0 4 6 0 49 0 28 34 0 30 0 0 0 21 0 22 23 27 0 36 0 0 38 37 40 39 9 0 0 0 0 0 7 46 45 0 42 0 48 47 
0 3 0 49 2 0 1 0 0 0 0 38 0 32 16 11 17 15 13 12 14 0 4 8 0 0 0 7 19 24 18 21 20 0 0 0 40 42 45 44 0 0 29 0 27 25 26 31 30 
0 38 0 0 37 0 0 20 19 0 22 24 23 18 0 0 0 1 48 47 0 44 39 0 40 41 45 42 5 0 4 7 6 0 8 27 26 28 31 0 29 0 15 14 13 11 12 0 0 
5 10 4 7 9 0 0 41 0 0 0 45 0 39 23 18 0 22 20 19 21 16 11 15 12 13 17 0 0 0 25 28 27 30 0 48 47 0 0 0 0 0 0 0 0 0 0 0 0 
19 24 18 21 0 20 22 6 5 0 0 10 9 4 0 32 38 36 0 0 35 30 25 0 26 0 0 28 40 45 0 0 41 0 43 13 12 14 17 16 15 11 1 0 0 46 47 0 0 
12 0 11 0 0 13 0 48 47 0 0 3 0 46 0 0 0 0 27 26 28 0 18 22 19 20 24 0 33 38 0 35 0 37 0 6 0 7 0 0 0 0 0 42 41 39 40 45 44 
26 0 25 0 0 0 0 0 0 14 0 0 0 11 44 39 45 0 41 40 42 0 32 0 33 34 38 0 0 0 0 0 0 0 0 20 0 21 0 23 22 18 8 7 6 0 5 0 9 
0 45 39 0 44 0 0 0 0 28 29 31 0 25 0 4 10 0 6 5 0 2 0 0 47 48 3 49 0 17 11 0 13 16 15 34 33 35 38 37 0 0 22 21 20 0 0 0 0 
0 0 0 6 8 0 0 0 0 41 0 44 43 0 22 17 23 21 0 0 0 0 10 14 0 0 0 13 0 30 0 27 26 29 0 0 46 0 2 0 0 45 35 34 33 31 0 0 0 
18 0 17 0 22 19 0 5 0 6 7 9 8 3 0 0 37 35 0 0 34 0 24 28 0 0 0 27 0 0 38 41 40 43 42 0 0 13 0 15 0 10 49 48 47 0 0 2 1 
11 16 0 13 15 0 0 47 46 48 49 2 0 0 29 0 0 0 0 0 0 0 17 21 0 0 23 0 32 37 31 34 0 36 0 5 0 0 0 0 0 0 0 41 0 0 39 0 43 
32 37 31 34 36 33 0 19 18 0 21 0 22 17 0 45 2 49 0 0 48 43 0 42 39 0 44 0 0 0 3 6 5 8 7 26 0 27 30 29 0 0 0 13 12 10 0 0 0 
39 0 38 41 43 0 42 0 0 27 28 0 0 0 0 3 9 7 0 4 6 1 45 0 46 0 2 0 0 0 10 13 12 15 0 0 0 0 37 36 35 31 21 20 0 0 18 23 22 
0 30 24 0 0 26 0 0 11 13 14 0 0 10 43 0 44 42 40 0 41 0 0 0 32 33 37 0 46 2 0 48 47 0 49 19 18 0 23 22 21 17 7 0 5 3 0 9 0 
46 0 45 48 0 47 49 0 32 34 0 0 36 31 15 10 16 0 12 0 0 0 3 0 0 5 9 6 0 23 0 20 19 22 0 0 39 41 0 0 0 0 0 27 26 0 0 0 0 
0 0 22 25 27 24 0 10 9 11 0 14 13 8 0 0 42 40 0 0 39 34 29 0 0 0 35 32 0 49 43 0 45 0 47 17 16 18 21 0 0 0 5 0 3 0 0 7 0 
9 14 8 11 0 10 0 45 44 46 47 49 0 0 0 0 28 0 0 23 25 0 0 0 0 0 21 0 0 0 29 0 31 0 33 0 2 4 0 6 5 1 40 39 38 36 37 42 41 
37 0 36 39 0 0 40 24 23 0 26 28 27 22 6 0 0 5 0 2 4 48 43 47 44 0 0 0 0 14 8 0 10 13 12 0 30 0 0 34 0 0 0 0 17 0 0 0 20 
0 0 0 0 34 0 33 17 16 0 19 21 0 15 48 43 49 47 45 0 0 41 36 40 0 38 42 39 2 7 1 4 0 6 0 24 23 25 0 27 0 22 12 11 10 0 0 14 0 
44 49 0 0 48 0 0 0 0 32 33 0 34 29 0 8 14 12 10 0 11 6 1 0 2 0 7 4 0 0 15 18 0 20 0 38 37 39 0 41 40 36 26 0 24 22 0 28 27 
2 0 1 4 0 0 0 38 37 39 0 42 41 36 0 0 0 0 17 0 0 13 0 0 0 0 0 0 23 28 0 0 24 0 26 0 0 46 0 0 0 43 0 32 31 0 30 35 34 
16 21 15 18 0 17 19 0 2 0 0 7 0 1 34 29 0 0 31 0 0 27 0 0 0 0 28 25 37 42 36 0 38 41 40 10 0 0 14 13 12 8 0 0 0 0 44 49 0 
13 18 0 15 17 14 0 49 48 1 2 0 3 47 31 26 32 30 0 27 0 24 19 23 20 0 25 0 34 39 33 0 0 38 37 7 6 0 11 10 9 0 44 43 42 0 41 0 45 
0 32 26 29 31 0 30 0 0 15 16 18 17 12 0 40 0 44 42 0 43 38 33 37 34 35 0 36 0 0 47 1 49 0 2 21 0 0 25 0 23 0 9 8 7 0 6 0 10 
0 25 19 22 24 21 23 7 6 0 9 0 10 5 38 33 0 0 35 34 0 31 0 0 27 28 32 0 41 46 40 43 42 45 44 14 13 0 18 17 16 12 2 1 49 47 48 4 0 
0 0 0 0 0 7 0 42 41 0 0 46 0 40 0 0 25 23 0 20 22 17 12 0 13 14 18 0 27 32 0 0 0 31 30 0 0 1 4 3 2 47 0 36 0 33 0 0 0 
34 0 0 36 38 35 37 21 20 22 23 25 24 0 0 47 0 2 0 48 1 45 0 0 41 0 46 0 6 0 5 0 0 0 0 0 0 29 0 31 30 26 0 15 0 0 0 0 17 
0 0 40 43 45 42 44 28 0 29 0 32 31 26 0 5 11 9 0 0 8 3 47 2 48 49 4 1 0 0 0 15 14 17 16 35 34 36 0 38 0 33 23 22 21 0 20 25 24 
0 4 47 1 0 49 2 35 0 36 0 0 0 33 0 0 18 16 0 13 15 0 5 0 6 7 11 8 0 0 19 22 21 24 23 42 41 43 0 45 0 40 30 29 28 0 27 32 31 
17 0 0 19 21 0 20 4 0 5 6 8 7 2 0 30 36 0 32 0 33 0 23 0 0 25 29 0 0 0 37 0 0 0 41 11 0 0 15 0 13 0 0 0 46 44 45 0 0 
31 0 30 0 0 0 34 18 0 19 0 22 21 0 49 0 0 0 0 45 47 42 0 41 0 0 0 40 3 0 0 5 4 7 0 0 24 26 0 0 27 23 13 0 11 0 0 15 0 
38 0 0 40 42 39 41 0 24 26 27 29 28 23 7 0 0 0 0 3 5 0 0 0 45 0 1 0 10 15 9 12 11 14 0 0 31 33 36 0 0 30 20 19 18 16 0 22 21 
45 1 0 47 49 0 48 0 0 0 34 36 35 30 0 9 0 13 11 10 0 0 0 0 0 4 8 5 0 0 16 19 18 21 20 0 38 40 0 0 41 37 27 0 25 23 24 0 28 
10 0 0 12 0 11 0 0 45 0 48 0 0 0 28 23 29 27 0 24 26 21 16 20 0 18 22 19 31 0 0 33 32 0 34 4 3 0 8 0 0 0 0 0 39 37 0 43 0 
24 29 0 26 0 25 27 11 0 12 0 0 14 9 42 37 43 41 39 38 0 0 30 0 0 0 36 0 0 0 44 47 0 49 0 18 17 0 22 0 20 16 6 5 0 0 3 0 0 
0 0 2 5 7 4 0 39 38 40 0 43 0 37 0 16 0 0 18 17 19 0 9 13 10 11 15 12 0 29 23 0 25 28 27 46 0 47 1 49 48 44 0 33 0 0 0 0 35 
0 26 20 23 25 22 24 8 7 9 0 12 11 6 39 0 0 38 36 35 0 32 0 31 28 29 33 0 42 0 41 0 43 0 45 15 0 16 19 18 17 0 3 2 0 48 49 0 4 
0 5 0 0 0 0 3 36 0 37 0 0 39 0 18 13 0 0 0 0 16 11 6 10 0 0 12 9 21 0 20 23 0 25 0 43 0 44 47 46 45 41 31 30 29 0 0 0 32 
0 33 27 0 32 29 31 15 14 0 0 19 18 0 46 41 0 45 43 42 44 0 34 38 35 0 40 37 0 5 48 2 0 4 0 22 21 23 0 25 0 0 0 0 0 6 7 12 0 
14 19 13 16 18 15 17 0 49 0 3 5 4 48 0 0 33 0 29 28 30 0 0 24 21 22 26 0 0 40 0 0 36 39 0 8 7 9 0 11 0 6 45 44 0 0 0 47 46 
0 40 34 37 39 36 38 22 21 23 24 0 25 20 4 48 0 3 0 49 2 46 0 0 0 43 47 44 7 0 0 0 8 11 10 0 0 30 33 0 0 0 17 0 15 13 14 19 18 
0 0 41 44 46 43 45 29 28 30 0 33 0 27 0 0 0 10 8 0 9 4 48 3 49 0 0 2 0 19 0 16 15 18 17 36 0 37 0 39 38 0 0 23 22 0 21 0 0 
0 12 6 0 11 8 10 43 42 44 45 47 46 0 0 20 26 0 22 0 23 18 0 17 14 0 19 16 28 33 27 30 29 32 31 1 49 0 0 4 3 48 38 37 36 0 35 40 39 
