7
0 48 0 3 1 49 0 14 0 13 12 0 16 0 37 39 0 33 34 36 0 0 41 40 0 42 44 46 8 0 6 0 5 11 9 29 30 0 28 0 32 27 24 23 0 0 19 21 0 
40 41 44 45 0 42 46 7 11 0 5 8 9 0 0 32 31 0 0 29 28 38 34 33 36 35 0 39 0 0 48 0 47 4 2 0 23 24 21 0 25 0 0 0 13 15 12 0 18 
0 6 0 0 8 7 11 0 25 20 0 0 0 24 44 0 0 40 0 0 42 3 48 47 1 49 0 0 0 14 13 17 0 18 16 0 0 38 35 33 39 0 0 0 27 29 26 0 32 
26 27 30 31 29 28 0 0 46 0 40 43 44 45 0 0 17 0 0 15 14 24 0 0 22 0 23 25 36 35 0 38 0 39 37 8 0 10 7 0 0 0 0 2 48 1 0 49 4 
12 13 16 17 15 14 0 28 32 27 26 29 0 0 2 4 0 0 48 1 0 10 0 0 8 0 9 11 22 21 20 0 0 0 23 0 44 45 0 0 0 0 38 37 0 0 33 35 39 
33 34 37 38 36 35 0 49 0 48 47 0 0 0 0 25 0 0 20 0 21 31 0 26 29 28 0 0 43 0 41 0 40 46 44 15 16 0 14 12 18 0 0 0 6 8 5 0 0 
19 0 0 24 22 21 0 35 0 34 0 36 37 0 9 0 10 0 0 0 0 17 13 0 0 0 0 0 0 28 27 31 0 32 30 1 2 3 49 0 0 0 45 0 41 0 40 42 0 
44 45 48 49 0 46 0 0 0 10 9 12 13 0 34 36 0 30 31 0 0 0 38 0 40 0 0 0 0 4 0 7 0 8 0 0 27 0 0 23 29 0 21 20 0 19 0 0 22 
37 38 0 42 40 0 0 4 8 3 0 5 6 7 0 29 0 23 24 0 25 35 0 30 0 32 34 0 47 46 45 49 0 1 0 0 0 0 0 0 0 0 14 13 10 0 0 0 15 
23 24 0 0 26 0 0 39 43 38 0 0 41 42 13 15 0 9 10 12 11 21 17 16 0 0 20 22 33 0 31 0 0 36 34 5 6 7 0 2 8 0 49 48 45 47 44 0 0 
0 0 0 0 19 0 0 32 36 0 30 0 0 0 0 8 0 2 0 0 4 0 0 0 0 0 13 15 26 0 24 28 0 29 27 47 0 49 0 44 1 0 42 41 38 40 0 0 43 
0 0 13 14 0 11 0 25 29 24 0 26 27 28 48 0 0 44 45 47 0 7 3 2 0 0 6 8 19 0 17 0 16 0 0 0 41 42 0 37 43 38 35 34 31 33 0 0 0 
30 31 34 35 33 32 36 46 1 45 44 47 0 0 20 0 0 16 17 19 18 0 24 0 26 25 27 29 40 39 38 42 0 43 0 0 13 0 0 9 15 10 7 6 3 5 2 4 8 
0 3 6 7 5 0 8 0 22 0 16 19 20 0 0 0 42 0 38 0 39 0 45 44 0 0 48 1 12 11 10 14 9 15 0 0 34 0 0 30 0 0 0 27 24 0 23 0 29 
42 0 46 47 45 44 0 0 13 0 7 0 0 0 0 0 33 28 29 0 0 0 36 35 38 37 39 41 3 2 1 5 49 6 4 0 25 0 0 0 0 22 0 0 0 17 0 0 20 
14 0 18 19 0 16 0 0 34 0 0 31 0 33 0 0 5 49 0 3 2 12 0 0 10 9 11 13 0 23 22 26 21 0 0 45 0 47 0 42 48 0 40 39 36 38 0 37 41 
49 1 4 0 0 0 0 0 20 15 14 17 18 19 39 41 40 35 0 0 0 0 0 42 45 44 46 48 0 9 8 0 7 13 0 0 32 33 30 28 0 0 26 0 0 24 0 0 27 
28 29 0 33 0 0 0 44 0 43 42 45 46 47 18 20 19 14 15 0 16 26 22 0 24 0 0 27 38 0 36 40 0 41 0 0 0 12 0 7 13 8 5 4 0 3 49 0 0 
0 36 39 40 0 0 0 0 0 1 49 3 0 0 25 27 0 0 0 24 0 33 29 28 31 0 0 0 45 44 0 0 0 48 46 0 18 0 16 14 20 15 12 11 0 0 0 9 13 
21 0 25 0 24 0 0 0 0 36 35 0 39 0 0 0 0 0 0 10 0 19 0 0 17 16 18 20 31 30 0 33 28 34 32 3 4 5 0 0 6 0 47 46 0 45 42 44 48 
7 8 0 12 0 9 13 23 0 22 21 0 0 26 0 48 0 42 0 45 0 0 1 0 3 2 4 6 0 16 15 0 14 20 0 0 39 40 37 35 0 36 0 0 0 31 28 30 34 
34 35 38 39 37 36 0 0 0 0 0 2 0 0 24 26 0 20 21 23 0 32 28 27 0 0 31 33 0 43 42 0 0 0 0 0 0 18 15 13 0 14 11 0 7 9 0 8 12 
20 21 0 0 0 22 26 36 40 35 34 0 0 0 10 0 11 6 7 0 8 0 14 0 16 15 17 19 0 29 0 0 27 33 31 2 0 4 1 0 5 0 46 45 0 44 0 0 47 
13 14 0 0 0 15 0 29 33 28 27 30 0 32 0 0 0 48 49 0 0 0 0 0 9 0 10 12 23 0 21 25 0 26 0 44 45 46 0 41 47 0 39 38 0 0 34 36 40 
27 0 31 32 30 0 0 43 0 42 41 44 45 46 17 19 0 0 0 0 0 25 21 20 23 22 24 26 0 36 0 39 0 40 38 0 10 0 8 6 0 0 4 3 49 2 0 1 5 
0 7 10 0 0 0 12 22 0 21 20 23 0 25 0 0 46 41 42 0 43 4 0 48 0 0 3 5 16 15 14 18 13 19 0 37 0 0 36 0 40 35 0 31 28 30 0 0 0 
48 0 3 4 2 0 5 15 0 14 13 16 0 0 38 40 39 34 35 37 0 46 42 41 44 0 45 47 0 8 7 0 6 0 0 30 31 32 29 27 33 28 25 0 21 0 20 22 26 
41 0 45 46 0 43 47 8 12 7 0 0 0 11 0 0 32 27 0 30 29 39 35 0 0 36 38 0 2 1 49 4 48 5 3 23 24 0 0 20 26 21 0 17 14 0 13 0 0 
0 0 0 48 0 45 0 10 14 9 8 11 0 13 33 35 34 29 30 0 0 0 37 36 39 0 0 0 4 3 0 6 1 0 5 25 0 27 24 22 28 0 20 19 0 0 15 17 21 
0 0 0 27 0 0 0 38 0 37 0 39 40 0 12 0 13 8 0 11 10 0 0 15 0 17 19 21 0 0 30 34 0 35 0 4 5 6 3 1 7 0 0 0 0 46 43 0 0 
0 0 0 0 0 0 0 45 49 0 43 0 0 0 0 0 20 15 16 0 0 0 0 22 25 0 26 28 0 0 0 0 0 42 0 11 0 13 10 8 14 9 6 5 2 4 1 0 0 
8 9 0 13 11 10 0 24 0 0 22 25 26 27 0 0 0 43 0 46 0 6 0 1 4 0 0 7 18 0 16 20 0 21 19 39 0 41 38 0 0 37 34 33 0 0 29 31 35 
0 37 40 0 0 0 42 0 0 2 0 0 5 6 0 0 27 22 23 25 24 0 30 0 32 0 33 35 0 45 44 48 43 0 0 18 19 0 17 15 21 0 13 12 0 11 8 0 14 
15 0 19 20 0 0 0 0 35 30 29 32 0 0 5 7 6 0 2 4 0 13 0 0 11 10 12 0 25 0 23 0 22 0 0 46 0 48 45 0 0 0 41 40 37 39 36 0 42 
0 0 0 0 0 3 7 0 0 0 15 18 19 20 40 42 41 0 37 0 0 0 44 43 46 45 0 49 0 0 0 13 0 0 12 32 33 34 0 29 35 0 27 26 23 25 22 24 28 
0 0 14 15 13 12 0 26 0 25 0 0 28 0 0 2 0 0 0 0 47 8 0 3 0 5 0 0 0 0 18 22 17 0 0 41 42 0 40 38 44 0 0 35 32 34 31 0 0 
17 0 0 22 20 19 0 0 37 32 31 0 35 0 0 0 8 0 0 6 5 15 0 0 0 0 14 16 27 0 25 0 24 30 28 48 49 1 47 0 2 46 0 0 39 41 38 40 0 
0 25 28 29 0 26 0 40 44 39 0 41 42 0 0 16 0 10 11 0 12 0 18 17 0 19 0 0 34 33 32 0 0 0 0 0 7 8 5 3 9 0 1 0 46 48 0 47 2 
3 4 0 8 6 0 9 19 23 18 17 20 21 22 0 44 0 38 0 0 40 1 46 45 0 47 49 2 13 12 11 0 0 16 14 0 0 36 0 31 37 32 0 28 0 0 0 0 30 
45 0 49 0 48 0 2 12 16 11 10 13 0 15 35 0 36 31 0 34 33 43 0 38 41 0 42 0 6 0 0 8 3 0 0 27 28 29 0 24 30 25 22 21 18 20 0 19 23 
0 32 35 36 34 33 37 0 0 46 45 0 49 0 0 0 22 17 18 20 19 0 25 0 27 26 28 30 0 0 0 0 0 0 42 13 14 15 12 10 0 0 8 0 4 6 0 5 9 
38 0 0 0 0 0 44 0 0 4 3 6 7 8 0 30 0 0 0 27 0 36 0 31 34 0 35 0 0 47 0 1 45 0 0 20 0 22 19 0 23 0 15 14 11 0 0 0 16 
0 0 1 0 49 0 0 13 17 12 0 14 15 16 36 0 37 0 33 0 0 44 40 39 42 0 0 45 7 0 0 9 4 10 0 0 0 0 27 0 0 0 0 22 19 21 18 0 0 
32 0 0 0 35 34 38 48 0 47 46 49 1 2 22 0 23 18 0 0 20 30 0 25 28 0 0 31 42 0 0 44 39 45 43 0 15 16 0 0 17 12 0 0 0 7 4 6 0 
0 26 0 0 0 27 31 41 45 0 0 42 43 0 0 0 0 11 12 14 0 23 0 0 0 0 22 0 0 0 0 0 32 0 0 7 0 9 0 0 0 0 0 1 47 49 46 48 3 
0 5 0 0 0 0 10 20 24 0 18 21 0 0 43 0 44 39 0 42 0 2 0 46 0 0 1 3 14 0 0 0 0 17 15 35 36 37 0 0 0 33 30 29 26 0 25 27 31 
18 19 0 23 21 0 0 34 38 0 0 35 0 37 8 10 9 4 5 7 0 16 12 0 14 13 0 17 28 0 0 0 0 31 0 49 1 2 0 0 3 47 44 0 40 0 0 41 45 
39 40 43 0 42 41 0 6 10 0 4 0 8 9 29 31 0 0 0 0 27 0 0 32 35 34 0 0 0 48 47 2 46 0 0 0 0 23 20 0 24 19 0 0 12 0 11 13 0 
11 12 15 0 14 13 17 0 0 0 0 28 29 30 1 3 0 0 0 49 48 9 5 0 7 6 8 10 21 0 19 23 0 24 0 0 0 0 0 39 45 40 37 0 0 0 0 34 0 
