7
11 10 13 12 0 9 0 0 0 0 16 18 0 0 41 0 40 37 38 0 0 0 36 33 30 32 34 35 25 27 28 0 0 0 0 0 48 1 0 49 44 46 0 4 0 3 6 0 0 
25 0 0 26 0 23 28 35 31 0 0 32 36 0 0 0 5 0 3 8 0 45 1 47 44 0 0 49 39 41 42 40 0 0 0 0 13 15 0 0 9 11 19 18 22 0 20 0 16 
0 45 0 47 1 44 49 7 3 0 2 0 0 6 0 0 26 0 24 29 28 0 22 19 16 18 20 21 11 0 0 12 15 0 9 0 0 36 33 0 0 0 0 0 0 38 41 42 37 
18 0 20 19 22 0 21 28 0 0 23 25 29 0 48 46 0 44 45 0 0 38 0 40 0 39 41 0 0 34 35 33 0 31 30 3 0 8 0 0 2 0 12 11 0 10 13 0 0 
39 38 41 0 43 37 0 0 45 47 44 46 0 48 0 0 0 16 17 22 21 10 15 0 0 11 13 14 4 0 7 0 8 3 2 24 0 29 26 0 23 25 0 32 36 0 34 0 30 
0 3 6 0 8 0 0 14 0 0 9 11 15 13 34 0 33 30 0 0 35 0 29 26 23 25 27 0 18 20 0 19 22 17 16 38 41 43 40 42 37 0 0 0 1 0 48 49 44 
32 31 34 33 36 30 35 42 0 0 0 39 43 0 0 11 0 9 0 15 0 0 0 0 2 0 0 0 46 0 49 47 1 45 44 0 0 22 19 21 16 0 0 0 0 24 27 28 23 
0 36 39 0 41 35 40 0 0 0 0 44 0 46 0 0 0 0 15 20 19 0 13 0 0 0 0 0 2 4 5 3 0 0 0 22 0 27 0 26 0 0 31 30 34 0 32 0 28 
9 8 0 10 13 0 12 0 15 0 14 0 0 18 39 37 38 35 0 0 0 29 34 0 0 30 0 0 0 25 26 24 0 0 21 43 46 0 45 47 0 44 3 0 6 0 0 5 0 
0 22 25 0 27 0 26 33 0 31 0 30 34 0 4 2 3 0 1 6 5 0 0 0 0 44 0 47 37 39 0 38 0 36 35 8 0 13 0 12 7 9 17 16 20 15 18 19 14 
0 0 18 17 20 14 0 26 22 24 21 23 27 25 0 0 0 42 43 48 47 0 0 0 35 37 39 40 0 0 0 0 34 29 28 1 4 6 0 0 49 0 0 9 13 8 0 0 7 
0 29 32 31 34 28 0 40 0 0 35 37 0 0 0 9 10 7 0 13 12 1 6 0 49 2 0 5 44 46 47 0 48 43 42 15 18 0 0 19 0 0 24 23 0 22 25 26 21 
0 43 46 45 48 42 47 5 1 0 49 0 6 0 0 23 24 21 0 0 26 15 20 17 14 16 18 19 9 0 0 0 0 8 7 29 32 34 0 33 28 30 38 0 41 36 39 0 35 
2 1 0 3 6 49 5 12 8 0 7 0 13 11 0 30 31 0 29 0 33 22 0 24 21 0 25 0 0 0 0 17 20 0 14 0 39 0 38 40 35 0 45 0 0 43 46 47 42 
31 0 33 32 35 0 0 0 37 39 0 0 42 0 0 0 11 8 9 0 0 2 0 4 1 0 5 0 45 47 48 46 0 44 0 0 0 0 18 0 0 0 0 0 28 23 26 27 0 
38 37 40 39 0 0 0 0 44 46 43 45 49 0 19 0 18 15 16 0 20 9 14 0 0 10 12 13 3 5 6 4 7 0 1 0 0 28 25 0 0 0 32 31 35 30 33 34 29 
45 44 47 46 0 0 48 6 0 0 0 3 7 5 26 24 25 22 0 0 27 0 0 18 15 17 0 0 0 0 0 0 14 0 8 30 33 35 32 34 0 0 0 0 42 37 0 0 36 
3 0 0 0 7 1 0 0 0 11 8 10 0 12 0 31 32 29 30 0 34 23 0 25 0 24 26 27 17 0 20 0 0 16 15 0 0 0 39 0 0 38 46 0 0 44 47 0 43 
0 16 19 18 0 0 20 27 0 25 22 24 0 0 0 0 46 43 44 49 48 0 42 0 36 0 40 0 31 33 34 0 35 30 0 0 5 7 0 6 1 0 0 0 14 9 0 13 8 
10 9 0 0 0 8 13 0 16 0 0 17 0 19 40 0 0 36 37 0 0 30 0 0 0 0 0 0 0 26 27 25 28 0 22 44 47 49 0 48 0 45 4 0 7 0 5 6 0 
0 23 0 0 28 22 27 0 0 32 29 0 35 0 0 0 0 1 0 0 0 0 49 46 0 0 47 48 38 40 0 39 0 37 36 9 12 0 0 13 0 0 0 0 21 16 0 20 15 
0 12 15 0 17 11 0 23 0 0 18 20 24 0 0 41 0 0 40 45 44 33 0 35 32 0 36 37 27 29 30 0 0 0 25 47 1 3 0 2 46 48 0 6 10 5 8 9 0 
0 33 0 35 0 32 0 0 0 42 39 41 0 0 15 13 0 11 12 17 16 0 10 7 4 6 8 0 48 1 2 49 3 47 0 19 22 24 21 0 0 0 28 27 31 0 0 30 25 
20 19 22 21 24 18 0 0 26 0 0 0 0 29 0 48 0 0 0 3 0 40 45 42 0 0 43 44 34 0 0 0 38 0 32 0 8 10 0 0 0 6 0 13 0 0 15 16 11 
0 0 1 49 3 46 0 0 0 0 4 6 0 0 29 27 28 25 26 31 30 0 0 21 18 20 22 23 13 15 0 14 0 0 0 0 36 38 0 0 0 0 0 0 45 0 43 44 39 
27 0 0 28 31 25 30 0 0 35 32 0 38 0 8 0 7 0 0 10 9 47 3 49 0 0 0 2 0 0 0 0 45 0 39 0 0 0 14 0 11 13 0 0 0 19 22 23 18 
41 40 43 0 0 0 44 2 47 49 0 48 3 1 0 20 21 0 19 0 0 0 17 0 0 13 0 0 6 0 9 7 10 0 4 0 29 31 28 30 0 27 35 34 38 33 0 37 32 
6 0 8 7 10 4 0 0 0 14 0 0 17 15 0 0 35 0 33 38 0 0 31 0 25 27 0 0 0 22 23 21 24 0 0 40 43 45 0 44 0 41 49 0 0 0 1 2 0 
0 14 17 16 19 13 18 25 0 23 20 22 26 24 45 43 0 41 0 47 0 0 40 0 34 0 0 0 29 0 32 30 33 28 27 49 3 5 2 4 0 1 9 0 0 0 10 0 6 
29 0 31 30 33 27 32 39 35 37 0 36 0 38 10 8 0 6 0 12 11 49 0 2 48 1 3 4 43 45 46 0 47 42 0 0 17 19 16 18 0 15 23 22 0 21 24 25 20 
0 0 0 23 0 0 25 32 28 0 27 29 0 31 3 1 2 48 49 0 4 42 0 44 0 0 0 0 36 0 0 37 40 35 0 7 0 0 9 11 0 8 0 15 0 14 17 0 0 
1 0 0 2 0 48 4 11 0 9 0 0 12 10 31 0 30 27 28 33 0 21 0 23 0 22 24 0 0 0 18 16 19 0 13 0 38 40 37 39 34 36 0 43 47 42 0 46 41 
0 0 0 0 47 41 46 4 49 2 48 1 5 0 0 0 23 0 0 26 0 14 19 0 13 15 17 18 8 10 0 9 0 0 6 28 31 33 30 32 27 29 0 0 0 0 0 0 0 
8 0 0 0 12 0 0 18 14 0 13 0 19 17 0 0 37 0 35 40 0 28 33 0 0 0 0 32 22 24 25 0 26 0 20 42 45 0 44 46 0 0 2 0 5 0 3 4 48 
36 35 38 0 0 0 0 0 42 0 41 43 47 45 0 15 16 13 14 19 18 7 12 0 6 8 10 0 1 0 4 2 5 49 0 21 24 26 0 0 20 22 30 29 0 28 0 0 0 
40 0 42 0 44 38 0 1 46 0 45 47 0 49 0 19 0 17 18 0 0 11 16 0 10 12 0 15 0 7 8 6 9 4 0 25 28 30 0 29 24 0 34 33 0 32 35 36 31 
0 46 0 0 2 0 0 0 4 6 3 5 9 7 0 0 0 24 25 30 0 18 0 0 17 19 21 22 12 14 0 0 0 0 10 32 0 37 0 36 31 33 41 40 44 39 0 43 0 
12 11 0 13 0 10 15 22 18 0 0 0 0 21 0 40 0 38 39 0 43 32 0 0 0 33 35 36 26 28 29 0 0 25 0 46 49 0 48 1 0 0 0 0 9 0 7 0 3 
0 4 7 6 0 0 8 15 11 13 10 12 16 14 0 33 34 31 32 37 0 0 30 0 24 0 0 29 19 21 22 20 0 0 0 0 42 44 0 0 0 40 0 0 0 46 0 1 0 
19 18 0 20 23 0 22 29 0 0 24 0 30 28 49 0 48 45 0 2 0 0 44 41 0 0 42 0 33 0 36 34 0 0 0 4 7 9 6 8 3 5 13 0 0 11 14 15 10 
0 25 28 0 30 24 29 36 0 34 31 0 0 35 7 5 0 3 4 0 8 0 2 48 45 0 49 0 40 0 0 0 0 0 0 0 0 16 13 0 0 0 20 0 23 18 21 22 17 
0 32 35 34 37 31 36 43 39 0 0 40 44 42 14 12 0 10 11 0 0 0 9 6 0 0 7 0 47 49 1 48 2 46 45 18 0 23 0 22 17 19 0 0 30 0 0 0 24 
0 0 0 43 46 0 0 0 48 1 0 49 4 0 23 0 0 19 20 25 0 0 0 15 12 0 16 17 7 0 0 8 11 0 0 0 30 0 29 31 0 0 36 35 0 0 37 38 0 
21 0 0 0 0 19 24 31 27 0 26 28 32 30 2 49 0 0 0 4 0 0 46 43 0 42 0 45 35 0 38 36 39 34 33 6 9 11 8 0 5 0 15 14 18 0 0 17 0 
14 13 0 0 18 0 17 24 0 0 19 21 25 0 44 0 0 40 41 46 45 0 39 36 0 35 37 0 28 0 31 0 32 27 26 0 2 0 1 3 0 49 8 7 11 0 9 0 5 
28 27 30 0 32 26 0 38 34 0 33 35 39 37 0 7 8 5 6 11 10 0 0 1 47 49 0 0 42 44 45 0 46 0 40 13 16 18 15 17 12 14 0 21 25 20 23 0 19 
49 0 0 1 4 47 3 10 6 0 0 0 11 9 30 28 29 26 27 32 0 20 25 22 0 0 0 0 14 0 17 0 18 13 12 34 0 39 36 0 33 35 43 42 46 0 44 0 0 
7 6 0 0 0 5 10 17 0 0 12 14 18 16 0 35 0 33 0 39 0 0 32 0 26 28 30 0 0 0 0 0 25 0 19 41 0 46 43 45 40 0 1 0 4 0 2 3 47 
0 0 37 36 39 33 0 0 41 0 0 0 46 0 0 0 15 12 13 18 0 0 11 0 0 7 9 10 0 0 0 0 4 48 47 20 0 25 22 0 0 21 0 28 0 27 30 31 26 
