7
0 0 4 0 6 0 0 36 0 39 0 41 35 37 10 0 11 0 0 0 0 46 0 45 42 48 47 43 21 0 22 26 25 24 27 19 20 0 14 16 0 15 0 34 0 0 0 29 0 
0 26 25 0 27 23 21 8 12 11 0 0 7 0 31 28 32 30 33 34 29 0 16 17 14 20 19 15 42 44 0 0 46 0 48 40 0 0 0 0 38 36 0 6 5 2 0 1 0 
43 47 0 45 48 0 0 0 0 0 31 34 0 0 3 49 4 2 0 6 0 39 37 0 35 41 0 36 0 16 15 19 0 17 0 0 13 0 7 9 0 0 0 0 0 0 0 22 25 
36 0 0 0 0 0 35 0 26 25 0 27 21 0 45 42 0 0 47 48 0 32 30 31 28 0 0 29 0 9 8 0 11 10 0 5 0 4 0 2 3 0 0 0 0 16 0 15 18 
0 33 0 31 0 0 0 15 19 0 17 20 0 16 38 0 0 0 0 41 36 25 0 24 0 0 0 22 49 0 1 5 0 3 6 47 0 0 0 44 45 43 10 13 12 9 0 8 11 
0 0 0 0 13 0 7 43 47 46 0 48 0 44 17 14 18 16 19 0 15 0 2 3 0 6 5 0 28 30 0 0 32 0 34 26 27 25 0 23 24 22 38 0 40 0 35 36 39 
0 0 18 0 0 16 0 0 5 4 0 0 0 2 0 0 0 23 26 0 22 11 0 10 7 13 0 0 0 37 0 40 0 38 41 0 34 0 28 30 31 29 45 48 47 44 42 0 46 
0 13 12 11 0 10 8 0 48 47 0 49 43 0 18 0 19 17 0 21 0 0 0 4 0 7 0 0 29 0 0 34 33 0 0 27 28 0 22 24 0 23 39 0 41 38 0 0 40 
23 27 26 0 28 0 0 0 0 0 11 0 8 10 0 0 33 0 34 35 0 19 0 0 15 21 20 16 0 45 0 48 0 46 49 41 0 40 0 38 39 0 0 0 6 0 0 2 0 
2 6 0 4 0 0 1 0 41 40 0 0 36 38 0 8 0 0 0 0 0 47 45 0 0 0 0 0 22 0 0 0 26 25 0 0 21 19 0 17 18 0 32 0 0 31 29 30 0 
30 0 0 32 35 0 29 16 0 19 0 21 15 17 39 0 40 38 0 42 0 0 0 0 22 28 27 0 0 0 0 0 0 4 7 48 49 47 43 45 46 44 11 14 13 10 8 0 12 
0 48 47 46 49 0 43 0 0 33 32 0 0 31 0 0 0 3 6 0 0 40 38 39 36 42 41 37 15 17 0 0 0 18 21 13 14 12 0 0 11 9 0 0 27 0 0 23 26 
37 41 40 39 42 0 0 23 27 26 25 0 22 0 0 0 0 0 0 49 0 0 0 0 0 35 0 0 8 10 0 0 12 0 0 0 0 0 0 0 0 2 18 0 20 0 0 0 19 
16 0 0 0 0 0 15 0 6 0 4 7 1 3 25 22 26 24 0 28 23 12 10 11 8 0 0 9 36 38 0 41 0 0 42 34 0 0 0 0 32 0 46 49 0 0 43 44 0 
0 36 0 34 0 0 31 0 0 21 0 23 17 19 41 0 42 40 0 0 0 28 26 27 24 30 29 0 0 0 0 8 0 6 9 1 0 49 45 47 0 46 0 16 15 12 0 11 14 
0 1 49 48 2 47 45 32 36 35 0 0 31 33 6 0 7 0 8 0 4 42 0 41 38 44 43 39 0 19 0 0 0 0 0 15 16 14 0 12 0 11 27 30 0 0 0 25 28 
0 0 0 0 44 40 0 25 0 28 27 0 24 0 48 45 49 47 0 2 46 35 33 0 0 0 36 32 0 0 11 15 0 13 16 8 0 0 0 0 6 4 20 23 22 19 0 18 0 
0 8 7 6 9 0 3 39 0 42 41 44 0 0 13 10 14 12 15 0 0 0 0 48 45 2 1 46 0 26 0 0 0 27 30 22 0 21 17 19 20 18 34 37 0 33 0 32 0 
0 29 28 27 0 0 24 0 0 14 0 16 0 0 34 0 0 33 0 0 0 21 0 0 0 0 22 18 0 0 46 1 49 48 0 0 44 0 38 40 41 0 6 9 0 5 3 4 7 
0 22 21 0 0 0 0 0 0 0 6 9 0 5 27 24 28 26 0 30 0 0 0 0 0 0 15 11 0 0 39 43 42 41 44 36 0 0 31 33 0 32 48 0 0 47 0 0 49 
0 0 0 13 0 12 0 0 0 49 48 0 0 47 0 0 21 19 0 0 18 7 0 6 3 9 0 4 31 33 32 0 0 34 0 0 0 28 24 26 27 0 0 44 43 0 0 39 0 
0 35 34 0 0 32 0 0 21 0 19 22 16 0 40 0 41 0 42 0 0 27 25 26 23 0 28 24 2 0 0 0 6 5 0 49 1 48 44 46 47 45 12 15 0 0 0 0 13 
24 28 0 0 29 0 0 0 0 13 0 15 0 0 0 30 0 32 35 36 0 0 0 0 16 0 21 17 44 0 45 0 48 47 1 0 0 0 0 0 40 0 5 8 7 0 0 3 6 
0 21 0 0 0 18 0 3 0 6 0 8 2 4 26 0 0 0 0 29 0 0 0 0 9 15 0 10 0 39 38 42 0 0 0 35 0 0 30 32 33 0 47 1 0 46 0 45 48 
10 14 13 0 0 0 9 45 0 48 0 1 0 46 19 0 0 18 21 0 17 6 0 5 2 8 0 3 30 32 0 0 34 33 0 0 29 0 23 0 26 0 40 0 42 39 0 38 41 
38 0 41 40 43 0 37 24 28 27 26 0 23 0 0 0 48 0 0 0 0 34 32 0 30 0 35 0 9 11 0 14 0 12 15 0 0 6 0 4 5 3 19 22 21 18 0 0 20 
3 7 0 5 8 0 2 38 42 41 40 43 0 0 12 9 13 11 0 0 10 0 46 47 0 1 49 0 23 0 0 28 0 26 0 21 0 0 16 18 0 17 33 36 35 32 30 0 0 
45 49 0 47 0 0 0 31 35 34 33 36 30 0 5 2 6 0 7 0 0 41 39 0 37 43 0 0 0 18 0 21 0 19 22 14 15 13 9 0 0 10 0 29 28 0 23 0 27 
26 30 0 28 0 27 25 0 16 15 14 0 0 0 0 32 36 34 37 38 33 22 0 0 0 24 23 0 46 48 47 2 1 0 3 0 45 0 0 0 0 0 7 10 9 6 0 5 8 
0 2 0 49 3 48 46 0 0 36 0 38 32 34 7 0 0 6 9 10 5 0 41 0 39 0 44 40 0 20 0 23 22 21 0 16 17 15 11 13 14 0 28 0 0 27 0 26 0 
5 9 8 0 10 6 4 0 44 0 42 45 39 41 0 11 15 0 16 17 0 0 0 0 0 0 0 47 0 27 0 30 0 0 31 23 24 22 18 20 0 0 35 38 37 34 32 33 36 
33 37 36 0 38 34 0 0 0 0 0 24 18 0 42 39 43 0 44 45 40 0 27 0 0 31 0 26 0 6 0 0 0 7 0 2 3 0 46 0 49 0 14 0 16 0 0 12 0 
12 16 15 0 0 0 11 47 2 0 0 3 46 0 21 18 0 0 23 24 0 0 6 7 4 10 9 0 32 0 33 0 36 35 0 30 31 29 0 0 0 0 42 0 44 41 39 0 43 
19 23 22 0 24 20 0 5 9 8 7 10 0 6 0 25 29 0 30 0 26 15 13 14 0 17 16 12 0 0 40 44 0 0 45 37 38 36 0 34 35 33 0 0 0 48 0 47 1 
40 44 0 0 0 0 0 0 30 0 28 31 25 27 49 46 0 48 0 0 0 0 34 35 0 0 0 0 11 0 0 0 0 0 17 9 10 0 4 6 0 0 21 24 23 20 18 19 0 
41 45 0 43 0 42 0 0 0 0 29 32 26 28 0 47 0 0 3 4 48 37 0 0 0 39 38 34 12 14 13 0 16 0 18 0 0 0 5 7 8 6 0 25 24 0 19 0 23 
48 3 2 0 0 0 47 34 38 37 36 39 33 35 8 5 0 0 10 11 0 44 0 0 40 0 45 0 0 21 20 0 23 0 25 17 0 16 12 14 15 0 0 0 31 28 26 27 30 
20 24 23 22 25 21 0 6 10 9 8 0 5 7 0 0 0 28 31 0 0 16 0 15 0 0 17 0 0 42 41 45 44 43 46 38 39 37 0 35 36 34 0 4 0 49 0 0 2 
0 31 30 29 0 28 26 0 17 0 0 18 0 14 0 33 0 0 38 39 0 0 21 22 0 25 24 0 0 49 48 3 2 1 0 45 46 44 0 42 43 41 8 0 10 0 5 6 0 
13 17 16 15 18 14 12 48 3 2 0 4 0 49 0 19 0 0 0 25 0 9 7 0 5 11 10 6 0 0 0 38 37 0 39 31 0 30 26 0 29 0 0 0 0 42 0 41 0 
0 10 0 0 0 0 0 41 45 0 0 0 0 42 15 12 0 14 17 0 0 2 0 0 0 4 3 0 0 0 27 31 30 0 0 24 25 23 0 21 0 0 36 39 38 35 33 34 37 
34 0 0 0 39 0 0 0 24 23 22 0 19 21 43 40 44 0 45 0 41 30 28 0 26 32 31 27 5 7 0 10 0 0 0 0 0 2 47 0 1 48 15 18 17 0 12 0 16 
0 0 10 0 12 8 0 0 46 45 44 47 0 0 0 0 17 15 0 19 14 3 0 2 48 5 4 49 0 29 28 32 31 30 33 0 26 0 0 22 23 21 37 0 0 0 34 0 0 
49 0 3 2 0 0 0 0 39 38 37 0 34 0 0 6 0 8 0 12 7 0 43 0 41 47 46 42 0 22 21 0 24 0 0 0 19 17 0 0 16 0 30 0 32 29 27 28 31 
0 0 24 0 26 22 20 0 11 0 0 0 0 8 30 27 0 0 0 33 28 0 0 16 0 19 0 0 41 43 42 0 45 0 0 39 0 0 34 0 0 35 2 5 4 1 48 49 0 
14 18 17 0 19 15 13 49 4 0 2 5 48 0 23 20 24 22 25 26 21 0 8 9 6 12 11 7 0 36 35 0 38 0 40 32 0 31 27 0 30 28 44 47 0 43 0 0 45 
42 0 0 44 47 43 41 0 32 31 0 0 27 0 2 48 3 1 0 5 0 0 36 37 0 40 0 35 13 0 14 18 17 16 19 11 12 10 0 0 9 0 23 26 25 22 20 21 0 
35 39 0 37 40 0 0 21 0 24 0 0 20 22 44 41 45 43 0 47 42 0 29 30 27 0 32 28 6 8 7 0 10 9 12 4 5 0 48 1 2 49 16 0 18 15 13 14 17 
28 0 0 30 0 29 0 0 18 17 16 0 13 0 0 34 0 36 39 0 35 24 0 23 0 26 0 21 0 0 49 0 3 0 0 46 47 45 0 0 44 0 9 12 11 8 6 0 0 
