7
0 42 0 40 39 38 36 4 7 5 0 6 2 3 45 0 49 0 47 44 46 16 15 0 17 19 0 21 0 0 0 0 10 0 14 0 35 31 0 0 34 32 27 0 24 0 22 23 25 
2 0 6 5 4 3 0 18 21 19 0 0 0 0 0 0 14 8 12 9 11 0 0 0 0 0 34 35 0 0 0 23 24 27 28 44 49 0 47 0 48 0 0 0 0 0 0 0 0 
0 0 34 33 0 31 29 46 49 47 43 0 44 45 0 0 0 0 40 0 0 9 0 0 10 12 0 14 1 5 0 0 0 6 0 0 0 0 26 22 0 25 0 19 0 0 15 16 18 
16 21 20 19 18 17 15 0 0 33 29 34 30 0 0 0 0 0 0 23 25 44 0 46 45 0 48 49 0 40 0 0 0 0 42 0 0 10 0 8 13 11 6 0 3 0 1 2 0 
0 28 0 26 0 0 0 39 0 0 36 0 37 0 0 34 0 29 33 0 0 0 0 4 0 5 6 0 0 0 46 0 45 48 0 0 0 17 19 15 20 18 0 12 0 14 0 0 11 
44 49 48 0 46 0 43 11 0 0 8 0 0 0 3 0 0 1 5 2 0 23 22 25 0 0 27 28 0 19 0 0 0 20 21 0 0 0 40 0 0 39 34 33 31 35 0 30 0 
0 0 0 12 11 10 8 25 28 26 22 27 0 24 17 20 0 15 19 0 18 37 36 39 0 40 0 42 0 33 0 30 31 0 35 0 7 3 0 0 0 0 0 47 0 0 43 0 46 
28 0 32 31 0 0 0 44 47 0 41 0 42 43 36 0 0 0 38 35 0 0 0 0 8 10 11 0 48 3 0 0 0 0 5 21 26 22 0 20 0 0 0 0 0 0 0 14 0 
14 0 18 0 0 0 0 0 0 0 0 32 28 0 0 0 0 20 24 21 23 0 0 44 0 0 0 47 0 0 37 0 36 39 0 0 0 0 0 6 11 0 4 3 0 5 48 49 2 
0 5 0 3 0 1 0 16 19 0 13 0 0 15 0 0 0 0 0 0 9 0 0 0 29 0 32 33 20 0 23 21 22 0 0 0 47 43 45 0 0 0 39 38 0 40 34 35 37 
35 0 0 0 0 36 0 2 5 0 48 4 49 0 0 46 0 0 45 42 0 14 13 16 15 0 0 0 6 0 0 7 8 11 12 0 33 0 0 0 0 0 25 0 0 0 0 21 0 
42 47 0 0 0 0 41 9 0 10 6 11 7 8 1 0 0 0 0 49 0 21 20 23 22 24 0 0 0 0 0 14 0 0 19 35 40 36 38 0 0 37 0 0 0 0 27 0 0 
7 0 0 0 0 0 6 0 0 24 20 25 0 22 15 18 0 13 17 0 16 35 34 0 0 0 39 0 27 0 0 28 29 0 0 0 5 0 3 0 4 0 46 45 43 0 41 42 0 
21 0 0 0 0 22 0 0 0 38 34 0 35 0 0 0 0 27 0 28 30 49 48 2 1 3 0 0 0 0 44 42 0 0 47 0 19 15 0 13 18 16 0 0 8 12 6 7 9 
0 31 30 29 0 27 25 42 45 43 0 44 40 41 34 0 38 0 36 0 35 0 4 0 0 0 0 0 46 0 49 47 0 2 3 19 24 20 0 18 0 21 16 0 13 0 11 0 0 
0 45 0 43 42 0 0 0 0 8 0 0 0 6 48 0 3 0 1 47 0 0 0 21 20 22 23 0 11 15 0 0 13 16 17 33 38 34 0 0 0 35 0 29 0 31 0 0 0 
0 0 0 15 0 0 0 28 0 29 0 0 0 27 20 23 24 0 0 0 21 0 39 0 41 0 0 0 0 36 0 0 34 0 38 5 0 0 0 0 9 0 0 1 0 3 0 0 49 
0 0 0 36 35 34 0 0 0 0 46 2 47 0 0 0 0 0 0 0 42 12 0 0 0 15 0 0 0 8 0 0 0 0 10 26 0 27 0 25 0 0 0 0 20 24 0 19 21 
19 0 0 22 0 0 0 0 38 0 32 37 0 0 27 0 31 25 0 26 28 0 46 0 0 0 0 0 39 43 0 40 0 0 0 0 0 13 0 0 0 0 0 0 6 10 0 0 7 
47 3 0 1 0 48 46 0 0 0 11 0 12 0 0 9 10 0 0 5 7 0 0 28 27 29 0 0 18 22 0 0 20 0 0 0 45 41 0 39 0 0 0 36 34 38 32 33 0 
5 0 9 8 0 6 4 0 0 0 0 0 0 20 0 0 0 11 15 12 0 33 0 35 34 36 37 0 25 29 0 26 0 0 0 0 0 48 1 46 2 49 44 43 0 0 0 40 42 
31 36 0 34 33 32 30 0 0 0 0 49 0 46 0 42 43 37 0 38 0 0 9 0 0 0 14 0 2 0 5 3 4 7 8 24 29 0 0 0 28 26 0 0 18 0 16 0 19 
0 8 7 0 0 0 0 19 22 0 16 0 17 18 11 14 0 9 0 0 12 0 30 0 0 0 0 0 23 0 0 0 25 0 0 45 1 0 48 44 49 47 42 41 0 43 0 38 40 
45 0 0 48 47 0 44 0 0 0 9 0 0 0 0 0 0 0 0 3 0 24 23 26 0 27 0 0 16 0 19 0 0 21 0 38 0 0 41 0 42 40 35 0 0 0 0 0 0 
0 29 0 27 0 25 0 40 0 41 37 0 38 0 32 35 0 0 34 0 0 3 2 0 0 0 7 8 0 0 47 45 46 0 0 17 0 0 0 16 21 0 0 0 0 0 9 10 0 
0 0 0 0 0 18 0 33 36 34 30 0 0 0 25 0 0 0 0 24 0 0 44 47 0 48 0 1 37 0 40 38 39 42 0 0 15 11 0 0 14 0 7 0 0 0 0 3 0 
10 0 14 13 0 0 9 0 29 0 0 28 0 0 0 21 22 0 20 0 19 38 0 0 0 41 0 43 0 34 33 0 32 35 0 0 0 0 6 0 7 5 0 48 46 0 0 45 0 
0 0 42 41 40 0 0 5 8 0 0 0 0 4 46 0 0 0 0 45 0 0 0 19 18 20 21 0 9 0 0 10 0 0 0 0 36 32 34 30 0 0 28 27 0 29 23 24 0 
0 0 5 0 3 2 0 0 0 0 14 19 0 0 9 0 13 7 11 0 10 0 28 0 30 0 0 0 21 0 0 22 23 26 0 0 0 44 0 42 0 45 40 0 0 0 35 36 38 
0 0 19 18 0 16 0 0 34 0 28 33 0 30 0 26 0 0 0 0 0 0 42 45 44 46 0 48 0 0 0 36 0 0 0 0 0 9 11 0 12 10 0 0 2 0 0 0 3 
0 0 0 25 24 23 21 38 0 0 0 0 0 0 30 33 0 28 0 0 31 1 49 3 0 0 5 6 42 46 45 43 44 47 48 15 0 16 18 14 0 17 0 11 9 0 0 0 0 
0 34 33 32 31 0 0 0 48 46 0 47 43 0 0 0 41 0 39 36 38 8 0 0 9 0 12 0 49 4 3 0 2 5 6 22 27 0 0 0 0 24 19 18 0 20 14 15 0 
0 41 0 39 0 37 0 0 6 4 0 5 0 2 44 0 48 42 0 0 0 0 0 0 16 0 19 20 7 0 0 0 9 12 13 29 34 30 0 28 0 0 26 0 0 0 21 0 24 
8 0 0 11 0 0 0 24 0 25 21 0 0 23 0 19 0 14 18 15 17 36 0 38 37 39 0 41 28 32 0 0 30 0 34 0 6 2 0 0 5 0 47 0 44 0 42 0 0 
0 0 47 0 0 0 0 0 13 11 7 0 0 0 2 5 6 0 4 0 3 22 21 0 23 25 0 0 14 0 0 0 16 0 20 0 0 37 0 0 0 38 33 0 0 0 28 29 0 
25 0 0 0 0 0 0 0 44 0 0 0 0 0 33 0 0 0 35 32 0 0 3 6 0 0 0 0 45 0 0 46 47 0 2 0 0 19 0 0 0 20 15 14 12 0 0 0 0 
0 16 15 0 13 0 10 0 0 0 0 0 0 26 0 0 23 0 21 18 0 0 38 41 40 42 43 44 31 0 34 32 33 36 0 0 0 5 0 0 8 0 0 0 0 0 0 0 0 
46 2 1 0 0 47 45 13 16 14 0 15 11 0 0 8 0 3 7 0 6 0 0 27 26 28 0 0 0 21 0 18 19 0 23 0 0 0 42 0 43 41 36 35 0 0 0 0 0 
18 23 22 21 0 19 17 0 0 0 0 36 0 33 0 29 0 0 0 25 27 0 0 48 47 0 1 0 38 0 41 0 40 0 44 11 16 0 14 10 0 13 0 7 5 9 3 0 0 
0 0 36 35 34 33 0 48 2 49 0 1 46 0 40 0 44 0 0 0 0 11 10 0 12 0 0 16 0 0 0 4 0 8 0 25 30 0 0 0 0 0 22 0 19 0 17 18 20 
39 44 0 0 41 40 0 6 0 7 3 8 0 5 47 0 0 45 0 46 48 0 17 0 0 21 22 23 0 0 13 0 0 0 16 32 37 33 35 31 36 34 0 0 26 0 0 0 0 
0 9 0 7 0 5 0 20 23 0 17 0 18 0 0 0 0 10 14 11 13 32 31 0 0 0 36 37 0 0 27 25 0 0 30 0 2 47 49 45 0 0 0 0 40 44 0 0 0 
0 46 0 44 43 42 0 8 11 9 5 0 6 0 49 0 0 0 0 48 1 20 19 0 0 0 0 25 12 0 15 0 0 0 0 34 39 0 0 33 38 36 0 30 0 32 0 0 29 
0 11 0 0 8 0 5 22 0 0 0 0 0 0 14 17 0 0 0 13 0 0 0 0 35 0 0 0 0 0 29 0 28 31 0 48 0 49 2 47 0 1 0 0 42 0 0 41 43 
0 39 0 0 0 0 33 1 0 2 47 0 48 0 42 0 46 40 44 41 43 0 12 0 0 0 17 0 5 9 8 6 7 0 0 27 0 28 0 26 31 0 0 23 21 25 19 20 22 
0 25 0 0 22 21 0 0 0 37 0 38 34 35 0 0 0 0 30 27 0 48 0 0 0 2 3 4 0 0 43 41 0 0 46 0 18 0 0 0 17 0 10 9 0 11 0 6 0 
13 18 17 16 0 14 0 29 0 0 0 31 0 28 0 24 25 0 0 20 22 0 40 0 42 44 45 46 33 0 0 0 35 38 0 6 0 7 0 5 0 0 3 0 0 0 0 0 1 
27 0 31 0 0 28 26 43 46 44 0 45 0 0 35 38 0 33 0 34 36 6 0 0 7 9 0 0 0 0 0 0 0 0 0 0 0 21 23 19 0 22 0 16 14 0 12 13 15 
48 4 3 0 1 0 0 0 18 0 12 17 0 0 0 0 0 0 0 0 0 27 0 29 0 30 31 0 19 23 22 20 21 24 25 0 0 42 0 40 0 0 38 0 0 0 33 0 36 
