7
0 0 36 37 0 0 33 24 23 22 18 19 20 21 0 0 0 1 0 2 0 0 0 0 15 16 12 0 9 0 0 4 7 0 6 0 0 0 42 0 44 0 0 29 27 0 0 25 28 
0 0 0 0 0 48 0 0 0 36 32 0 34 0 11 14 0 15 0 0 17 25 0 0 0 30 0 31 0 22 24 0 0 19 0 5 0 0 7 0 9 10 45 0 41 44 0 0 42 
0 0 0 0 0 0 0 17 0 15 11 0 0 0 39 0 0 43 40 44 0 4 7 6 8 9 0 10 0 1 3 46 49 0 48 33 36 32 0 0 0 0 24 22 20 0 19 18 0 
10 7 8 0 4 0 0 0 44 43 0 0 41 0 18 0 0 22 0 23 0 32 0 0 36 0 0 38 0 0 31 0 28 0 27 0 15 0 14 13 16 0 3 0 0 2 47 46 0 
0 42 0 44 39 0 0 31 30 0 25 26 0 28 0 0 6 0 5 0 10 18 0 0 0 23 19 24 16 15 0 11 14 0 0 0 1 46 49 0 2 3 0 0 0 0 33 32 0 
0 14 0 16 11 0 12 0 2 0 46 0 48 0 0 0 27 29 26 30 31 39 42 41 0 0 40 45 0 0 38 0 35 0 0 0 0 0 21 0 23 24 10 0 6 9 5 4 7 
0 0 22 23 18 0 19 10 9 8 0 0 6 7 0 0 0 0 33 37 0 0 0 0 0 0 47 3 0 43 45 0 0 0 41 26 0 0 0 0 0 31 17 15 0 16 0 11 14 
0 3 0 0 49 0 1 41 40 39 0 0 37 38 0 0 16 18 0 19 0 28 31 30 0 0 0 0 26 25 0 21 24 0 23 0 11 0 10 0 12 13 48 46 44 0 0 0 0 
20 17 18 19 14 0 0 6 5 4 49 1 0 0 0 31 30 32 0 33 34 0 0 0 0 0 43 48 40 39 41 0 38 36 37 0 0 21 0 0 0 0 0 0 9 12 8 7 10 
0 0 39 0 0 37 0 0 26 0 0 0 23 0 0 3 2 0 0 5 0 0 0 0 18 0 15 20 12 0 13 0 0 8 9 0 0 42 0 0 0 0 0 32 0 0 29 28 31 
27 24 25 26 0 0 0 0 12 11 7 8 9 10 0 38 37 0 36 0 41 0 0 0 0 5 1 0 47 46 0 42 0 43 0 0 0 0 0 30 0 34 20 18 0 0 15 0 0 
0 45 0 0 0 0 43 34 0 32 0 0 30 0 0 10 9 11 0 12 13 21 24 0 25 0 0 0 0 18 20 14 17 15 16 1 4 49 0 2 5 6 0 0 0 40 36 35 38 
0 10 11 0 0 0 0 0 0 46 0 43 0 0 21 0 0 25 22 26 0 0 38 0 0 0 36 41 0 32 34 28 31 0 30 0 0 0 17 16 0 20 0 0 0 5 1 0 3 
0 0 0 0 0 0 0 20 0 18 14 0 0 0 42 45 0 46 0 47 0 0 0 9 0 0 8 13 0 0 6 0 3 0 2 0 39 0 0 0 0 0 27 0 23 0 22 21 0 
23 20 0 22 17 19 18 0 8 0 3 4 0 6 0 34 0 0 32 0 37 0 48 47 49 1 46 0 43 42 0 0 0 0 0 25 28 24 0 0 0 30 16 0 0 15 0 10 13 
37 34 0 36 31 0 32 0 0 21 0 0 0 0 0 0 0 0 46 0 0 0 13 12 0 15 0 16 0 0 0 3 0 0 0 39 42 38 0 40 0 44 30 0 26 0 0 0 27 
2 48 49 0 45 0 46 37 0 0 0 32 33 34 10 0 0 14 0 0 16 24 27 0 0 29 25 0 0 21 0 0 0 18 19 0 0 3 6 5 8 9 0 0 0 43 0 0 0 
30 0 0 29 0 26 0 16 15 0 10 11 0 0 0 0 0 42 0 43 0 3 6 0 0 0 0 9 1 0 2 0 48 0 0 32 35 31 34 33 0 0 23 0 19 0 0 17 20 
9 0 7 8 3 0 0 0 0 0 0 39 0 0 17 0 19 0 0 22 23 0 34 0 0 36 32 0 29 28 30 0 0 0 26 11 14 10 13 12 15 16 0 49 47 0 0 0 48 
44 41 42 0 0 0 0 30 0 0 0 0 26 0 3 0 0 7 4 8 9 17 20 0 0 0 0 0 15 14 16 0 13 11 12 46 49 45 48 47 1 2 0 35 0 36 32 0 0 
0 0 0 15 10 0 0 0 1 49 45 46 47 0 24 0 26 28 25 0 0 38 0 40 42 0 0 44 0 0 37 31 34 32 33 0 0 17 20 0 22 0 9 7 5 8 4 3 0 
0 5 0 0 2 4 0 43 42 41 0 38 39 0 0 19 0 0 17 0 22 0 33 32 0 0 0 0 28 27 0 23 0 0 25 10 0 9 0 11 14 0 1 48 0 49 45 44 47 
0 0 0 14 9 11 0 0 0 0 44 0 46 47 23 26 0 0 0 28 29 37 40 0 41 42 0 43 35 34 36 30 0 0 32 17 20 0 0 0 0 22 0 6 0 0 0 0 0 
0 0 48 49 44 0 0 0 0 0 0 31 0 0 9 0 0 0 10 0 0 0 26 25 0 28 0 0 0 20 22 0 0 0 0 0 6 2 0 0 7 8 0 41 39 42 38 37 40 
0 0 0 0 0 39 38 0 28 0 23 24 25 26 2 5 4 0 0 0 0 0 0 0 20 0 0 22 0 13 15 9 12 10 11 45 0 0 47 0 49 1 0 34 0 35 0 0 33 
36 0 34 0 0 0 31 0 21 20 16 0 0 19 0 0 0 0 45 0 1 9 0 0 0 14 10 0 7 0 0 2 5 3 0 0 0 0 0 0 42 0 29 27 0 28 0 0 26 
22 0 0 0 16 0 0 8 7 0 0 0 0 0 0 33 0 34 31 0 36 0 47 0 0 49 45 1 42 0 0 37 0 0 39 24 27 0 26 25 28 29 15 13 0 0 0 9 12 
29 0 0 28 23 0 0 15 0 13 9 0 11 0 37 0 39 0 0 0 43 0 0 4 6 0 0 0 49 0 1 0 47 0 0 0 0 30 0 32 0 0 22 20 0 21 17 16 0 
0 23 24 0 20 22 21 0 11 0 0 7 0 0 0 37 36 38 35 39 40 48 2 1 0 4 0 5 0 45 47 41 0 42 43 28 31 0 0 29 0 0 0 0 15 18 14 13 0 
0 0 3 0 48 1 49 40 0 0 34 0 0 0 13 16 0 0 0 18 19 0 30 0 31 0 0 0 25 0 26 20 0 0 22 7 10 0 0 0 11 12 0 45 43 46 42 0 44 
12 0 0 11 6 0 0 0 0 45 41 42 0 44 0 0 22 0 21 25 26 0 37 0 0 39 0 40 32 31 33 27 30 28 29 0 17 0 16 0 18 0 5 0 0 4 49 0 0 
0 30 0 0 27 29 0 19 0 0 13 14 0 16 0 44 0 45 42 0 47 0 0 8 0 0 7 0 0 0 5 0 2 0 1 0 0 34 37 0 39 40 26 24 0 0 0 20 0 
47 0 0 0 0 43 42 33 32 31 0 28 0 30 6 0 0 0 0 11 12 20 0 22 24 25 0 0 18 0 0 13 16 14 15 0 0 0 0 1 4 5 40 0 36 39 35 34 0 
19 16 17 18 0 15 14 0 4 0 48 49 1 0 0 30 0 31 0 0 33 41 44 0 0 46 42 0 39 0 40 34 0 35 36 21 0 0 23 22 0 0 0 10 0 11 0 0 9 
0 0 0 0 0 0 35 0 25 0 20 0 0 23 48 0 1 0 49 0 5 13 16 15 17 0 14 0 0 0 12 0 0 7 8 42 45 0 0 43 0 0 33 31 29 0 28 0 30 
14 11 0 13 8 10 9 49 0 47 0 0 0 46 0 25 24 0 23 27 28 0 0 38 40 41 0 42 34 33 35 29 32 0 0 0 19 15 18 17 0 21 0 0 0 6 0 1 0 
42 39 0 41 0 0 0 28 27 0 0 0 0 0 0 0 0 5 0 6 7 15 0 0 19 0 16 21 0 0 0 0 11 9 0 44 0 43 46 45 48 0 0 0 0 34 30 29 32 
35 0 33 0 29 0 30 0 20 19 0 0 0 18 0 46 45 0 44 48 0 8 11 0 0 13 0 0 6 5 7 0 0 2 3 0 0 0 39 0 0 0 0 26 0 27 0 0 25 
0 46 0 0 0 45 0 0 0 33 0 0 31 0 0 11 10 12 0 13 14 22 25 24 0 27 0 0 20 19 0 15 0 16 0 2 5 1 0 0 0 0 0 40 38 0 0 0 0 
0 25 0 27 22 24 23 0 0 0 8 0 10 0 36 0 38 0 0 0 0 1 0 3 0 0 2 7 48 0 49 0 0 0 0 30 33 29 32 0 0 0 0 19 0 0 0 0 18 
7 4 0 6 1 0 0 0 0 40 0 37 38 39 15 18 0 0 0 20 0 0 0 0 0 34 0 0 27 26 28 22 25 0 0 0 12 8 0 0 0 14 49 47 45 0 44 0 46 
21 18 0 0 0 0 0 7 0 0 1 0 0 4 0 32 0 33 30 34 0 0 46 45 0 0 44 49 0 40 0 0 39 0 38 23 0 22 0 24 0 0 14 0 10 0 0 0 0 
18 15 16 17 0 0 0 4 0 0 47 48 49 1 0 0 0 0 27 0 32 0 0 42 0 0 41 46 0 37 39 0 36 34 0 0 0 19 22 0 0 25 0 0 7 0 0 0 8 
0 43 44 0 40 0 0 32 31 30 26 0 0 29 5 8 7 9 0 10 0 19 0 0 23 0 20 0 0 16 18 12 15 0 14 0 0 47 1 49 0 0 0 0 35 38 34 33 0 
0 0 0 0 0 49 0 39 0 37 33 0 0 36 12 15 14 16 13 17 0 0 0 0 30 31 0 0 24 0 0 19 22 20 0 6 9 5 0 7 0 0 0 44 0 0 0 40 0 
11 8 0 10 5 7 6 0 0 0 0 0 0 0 19 22 21 0 0 24 25 0 36 35 0 0 0 39 0 30 0 26 29 0 0 0 0 0 15 0 0 18 4 2 49 0 0 47 0 
39 0 37 0 33 0 34 25 0 0 19 0 21 0 47 0 0 2 0 3 4 0 15 0 16 17 0 18 10 0 0 0 8 6 0 41 0 40 0 42 45 46 0 30 0 0 27 26 0 
32 29 0 31 26 0 27 18 17 0 12 13 14 0 40 43 0 44 0 45 46 0 8 7 0 0 6 11 3 0 4 47 0 48 0 34 0 33 36 0 0 39 0 0 21 0 0 19 22 
25 22 0 24 0 0 20 0 0 0 5 0 0 0 0 36 35 37 0 38 0 47 0 49 2 3 48 4 0 0 0 0 43 41 42 27 0 26 0 28 31 0 18 16 0 0 13 0 0 
