7
19 17 20 0 18 0 0 2 0 6 0 1 5 3 9 0 0 0 10 12 0 24 0 0 0 0 27 23 40 0 0 39 42 36 0 0 0 43 0 0 0 0 0 0 30 0 0 0 0 
26 0 0 22 0 28 0 0 0 13 11 8 0 10 16 21 0 15 17 19 18 0 0 33 32 29 34 0 47 0 0 0 49 0 0 6 0 1 0 3 0 0 0 39 0 40 36 38 41 
0 0 13 0 11 0 0 44 49 0 46 0 47 0 2 7 6 1 0 0 0 17 0 19 18 0 20 16 33 0 0 32 0 0 0 0 0 0 0 38 37 0 0 0 23 26 0 24 27 
40 38 41 36 0 0 37 23 0 0 0 0 0 24 30 35 0 29 31 33 0 0 49 47 0 43 48 0 0 10 9 0 0 0 13 20 19 0 21 17 0 18 7 0 0 0 1 3 6 
47 45 48 0 46 49 0 30 0 34 32 29 33 0 37 42 41 0 38 0 0 0 7 0 4 0 6 2 0 0 0 18 21 15 20 27 0 0 28 0 0 25 0 11 0 12 0 10 0 
5 3 0 0 0 7 0 37 0 41 39 36 40 0 0 49 0 43 0 47 46 10 14 12 11 0 0 9 0 24 0 25 0 22 27 0 0 0 35 31 30 0 0 0 16 0 15 17 20 
0 0 0 29 32 35 0 0 21 0 18 0 19 0 0 0 27 0 24 0 0 38 42 40 39 36 41 37 0 0 0 4 7 0 0 13 12 0 14 0 0 0 49 0 44 0 0 0 48 
0 33 36 31 34 0 0 0 23 0 20 17 0 19 25 30 0 0 0 0 0 0 44 0 0 0 43 0 0 0 0 6 9 3 8 0 14 0 16 0 0 0 0 48 0 0 45 0 1 
28 0 0 0 0 30 25 0 0 0 0 10 14 12 0 23 22 17 0 21 0 33 37 0 34 31 0 0 49 0 0 0 0 0 0 0 0 3 9 0 4 0 44 41 0 0 0 40 0 
21 19 0 0 20 23 18 4 9 8 0 3 7 0 11 16 0 10 12 0 0 26 30 0 0 0 0 25 42 40 0 0 44 0 0 1 0 45 0 47 0 48 37 0 32 35 31 0 36 
49 0 0 45 48 0 46 0 37 0 34 0 35 33 0 44 43 38 40 42 0 0 9 7 0 0 8 0 21 0 18 20 23 17 22 0 0 0 30 26 0 0 16 13 0 14 0 0 15 
0 0 8 0 0 0 4 39 44 43 0 0 42 0 46 2 1 0 0 0 48 12 0 0 13 10 15 0 0 26 25 0 0 24 0 36 35 31 37 33 0 0 23 20 18 0 17 0 0 
42 0 43 38 0 44 39 0 30 29 27 0 28 0 32 0 36 0 0 35 0 47 0 0 0 0 0 0 14 0 0 13 0 10 0 0 0 17 23 0 18 0 9 6 4 0 3 0 8 
14 12 15 10 0 0 0 0 2 1 48 45 49 47 4 0 8 0 5 0 0 0 23 0 20 0 0 0 35 0 32 34 37 0 36 43 42 0 44 40 39 0 0 0 25 0 0 26 29 
48 46 0 0 0 1 45 31 36 0 33 0 0 32 0 0 42 37 0 0 40 4 0 6 0 2 7 3 0 18 17 19 22 16 0 0 0 0 29 25 0 26 15 12 0 13 0 11 14 
0 0 7 2 5 0 3 0 43 42 0 37 41 39 0 0 0 0 0 0 47 0 15 0 0 9 14 10 0 0 0 26 29 0 28 35 0 0 36 32 0 0 0 19 0 20 0 18 21 
13 11 0 0 0 0 0 0 1 49 0 44 0 46 0 8 7 0 0 6 5 0 22 0 19 0 21 17 0 32 0 0 0 0 35 0 41 37 43 39 38 40 0 26 0 27 0 0 28 
27 25 28 0 0 29 24 10 0 0 12 0 0 11 0 0 21 16 18 20 19 32 0 0 33 0 35 31 0 0 0 47 0 44 49 0 0 2 0 4 0 5 43 40 38 0 37 0 0 
20 18 0 16 19 0 17 3 0 7 0 0 0 0 10 15 0 9 0 13 0 0 29 27 26 0 28 24 0 0 38 40 43 0 0 49 48 44 0 46 0 47 0 0 31 0 30 32 35 
34 0 35 30 0 0 0 17 22 0 19 16 20 0 0 29 0 23 25 27 26 0 43 41 40 0 0 38 0 4 3 5 8 2 0 0 0 0 0 0 0 0 1 0 45 0 44 46 0 
0 0 42 0 40 0 0 24 29 28 26 0 0 25 31 0 0 0 0 34 0 0 0 48 47 0 49 45 0 0 10 12 15 9 0 21 20 16 0 18 17 0 8 0 0 6 2 4 0 
37 35 0 33 0 39 34 0 0 24 0 19 0 21 0 0 0 0 28 30 29 0 46 0 43 0 45 0 9 0 6 0 11 5 0 0 0 0 0 14 13 15 4 1 0 0 47 0 3 
23 21 24 19 22 25 20 6 11 0 0 0 0 7 0 0 17 0 14 0 0 28 0 0 0 0 0 0 44 42 0 0 46 0 45 3 0 47 0 0 0 0 39 36 34 37 33 35 0 
0 14 17 12 0 18 13 0 4 3 0 0 0 49 6 11 10 5 7 0 8 21 25 23 0 0 24 20 37 0 0 36 39 33 38 45 0 0 46 42 0 0 0 0 0 30 26 0 0 
0 0 31 26 0 0 0 0 0 17 0 12 16 0 20 25 0 19 21 0 22 35 39 0 36 0 0 34 2 0 0 0 0 0 0 10 0 0 0 0 6 8 0 0 0 44 0 0 0 
44 42 45 0 0 0 41 0 32 0 0 0 30 28 34 0 0 0 35 37 0 49 0 0 0 0 3 0 0 0 0 0 0 0 0 0 0 0 25 0 0 0 0 0 6 0 5 7 10 
0 0 3 47 1 4 48 34 0 38 0 33 37 0 41 0 45 40 0 0 0 7 11 0 0 5 10 6 0 0 0 22 25 19 24 31 30 0 0 28 0 0 18 0 13 16 0 14 17 
9 7 10 5 8 0 6 0 46 0 0 40 44 42 48 0 0 47 49 2 0 14 18 0 15 0 0 0 0 28 27 0 0 26 0 38 37 0 0 35 0 0 25 22 20 23 0 21 24 
0 0 18 13 0 19 14 0 5 4 0 48 3 0 0 0 11 0 0 10 9 22 0 0 23 20 0 21 0 36 35 37 40 0 39 46 0 0 0 0 42 0 0 30 0 31 0 29 0 
0 43 0 0 0 0 42 0 0 32 30 0 0 29 0 40 39 34 0 38 0 1 5 0 2 0 0 0 0 15 0 0 0 13 18 25 24 0 26 22 21 23 12 0 0 0 0 8 11 
38 36 39 34 0 0 0 21 26 0 0 20 0 22 0 33 0 27 0 31 0 0 0 0 0 41 0 0 0 8 7 9 0 6 0 0 0 13 0 0 0 16 0 0 0 3 0 1 0 
0 0 32 0 30 33 28 0 0 0 0 0 17 0 21 0 25 0 0 0 23 0 0 0 0 34 0 35 3 1 0 0 5 48 0 0 0 0 0 0 0 9 0 0 0 0 0 0 46 
24 0 0 20 23 0 0 7 12 0 9 0 10 8 0 19 0 13 0 17 0 0 33 0 30 0 0 0 0 43 0 44 47 0 0 4 0 0 5 0 0 0 40 37 0 0 0 0 0 
0 1 0 0 2 0 49 35 40 0 37 0 38 36 42 47 46 0 43 0 0 8 0 0 9 6 11 0 0 0 0 23 26 20 25 32 31 0 33 0 28 30 19 0 14 0 0 0 0 
0 0 11 0 0 0 7 0 47 0 0 0 0 43 0 5 4 0 1 3 2 15 0 0 16 0 0 0 31 29 28 0 33 0 32 39 38 34 40 36 0 37 0 0 0 24 20 22 0 
0 37 0 35 0 0 36 0 0 0 24 21 25 0 0 34 0 0 30 0 31 44 48 0 45 0 0 43 0 9 8 10 0 0 0 0 0 0 20 16 15 17 0 3 1 0 0 0 5 
25 23 0 0 24 27 22 8 0 12 10 0 0 0 15 20 0 0 16 18 0 30 34 32 0 28 33 0 46 0 43 45 0 0 47 0 0 49 6 0 0 3 0 38 0 0 35 0 40 
18 16 0 14 17 0 15 1 0 0 3 0 4 0 8 13 12 7 0 11 10 23 0 25 24 21 26 0 0 0 0 38 41 0 0 47 0 0 48 44 43 0 0 0 29 0 0 0 0 
0 30 0 0 0 0 29 15 0 0 17 0 18 0 22 27 0 0 0 25 24 0 41 39 0 0 40 36 0 2 0 0 6 0 5 12 0 0 13 9 8 0 0 0 43 0 42 44 47 
46 0 0 42 45 48 0 0 34 0 31 28 0 30 0 0 0 35 37 39 38 2 6 0 0 49 0 1 0 0 15 17 20 14 19 26 25 21 0 23 0 0 13 0 8 11 0 0 12 
4 2 5 0 3 0 0 36 0 40 0 0 39 0 43 48 47 0 44 0 0 9 0 0 0 0 0 0 0 0 22 0 0 21 0 0 0 0 0 30 29 0 20 0 15 0 14 0 0 
11 0 12 7 0 0 8 43 0 47 45 0 46 44 1 6 5 0 0 0 0 0 0 18 0 0 19 0 32 0 29 0 0 28 33 40 0 35 0 37 0 0 27 24 0 25 0 0 26 
0 34 37 0 0 38 0 0 0 0 21 0 22 0 26 31 30 25 0 29 28 41 0 0 42 39 44 40 0 6 5 7 0 0 0 0 0 0 0 0 0 14 0 0 47 1 0 0 2 
0 0 0 0 42 0 0 26 0 0 0 25 29 0 33 38 37 0 0 36 0 48 3 1 0 46 0 47 15 0 0 14 0 11 16 0 0 0 0 0 19 21 10 7 5 8 4 6 9 
0 27 30 0 0 0 26 12 17 16 0 0 15 0 19 24 0 18 20 0 0 0 0 0 35 0 0 0 1 0 47 0 0 46 0 9 8 0 10 6 0 7 45 0 0 43 39 41 0 
0 0 2 46 49 3 47 0 38 37 35 0 36 0 40 45 0 0 41 0 42 6 10 8 0 0 0 5 22 20 19 21 0 0 0 0 0 0 31 27 26 28 17 0 12 15 11 0 0 
22 20 23 18 21 24 0 0 10 9 7 4 0 6 12 17 0 0 13 0 0 0 31 0 0 0 0 26 43 0 0 0 0 0 0 2 0 0 3 48 47 0 0 0 33 0 0 34 0 
0 0 0 0 14 17 12 0 3 2 0 46 0 0 0 0 9 0 0 8 0 20 0 22 21 0 23 19 36 34 0 0 0 32 0 0 0 39 45 41 40 42 31 28 26 29 0 0 0 
8 6 0 0 7 0 5 40 0 44 42 0 0 0 0 0 2 0 0 1 49 13 17 0 14 11 0 12 0 0 26 0 31 0 30 0 0 0 38 34 33 0 0 21 19 0 0 20 0 
