7
0 0 19 16 0 0 14 41 0 47 0 0 44 0 0 12 6 0 7 0 8 34 0 39 0 0 0 0 23 20 0 25 26 0 0 0 32 0 0 0 27 31 1 2 4 0 3 0 5 
3 4 5 0 1 48 49 27 29 0 0 0 30 32 45 0 41 0 0 46 43 0 24 25 0 0 21 0 9 0 7 0 12 8 0 0 18 0 15 0 0 0 36 0 0 34 38 0 40 
0 0 0 23 0 20 0 48 1 5 0 0 0 0 0 19 13 16 0 18 15 41 0 0 0 43 0 0 30 0 28 0 0 0 31 0 39 37 36 0 34 38 0 0 11 0 0 0 0 
0 0 0 0 0 0 0 13 15 0 0 14 16 0 31 0 0 0 0 32 0 0 0 11 0 8 0 12 0 41 0 0 0 43 45 5 0 0 1 49 48 0 22 0 25 0 24 0 26 
10 0 12 9 8 0 0 0 36 0 0 0 0 0 3 5 48 2 49 4 1 27 0 32 30 0 0 0 16 13 0 0 0 15 17 26 0 23 22 21 0 24 43 0 46 0 45 42 0 
45 0 47 44 43 0 0 20 0 26 0 21 23 0 38 40 0 37 35 39 0 0 0 18 0 15 0 0 0 48 49 4 0 0 0 0 0 0 0 7 6 10 0 30 32 27 31 0 0 
31 32 0 0 0 0 28 6 0 0 10 7 0 0 24 0 20 0 0 0 22 0 0 4 2 1 0 5 0 34 0 0 40 0 38 0 46 44 43 42 0 0 0 16 0 13 0 0 0 
0 0 0 47 46 44 45 23 25 29 0 0 0 28 0 43 0 0 0 0 39 16 0 21 19 0 0 22 0 0 0 7 8 4 0 15 14 12 11 0 9 0 0 0 35 30 0 31 0 
41 0 0 40 0 0 38 0 0 0 20 17 19 21 34 0 0 0 31 0 0 9 13 0 12 0 0 0 0 0 45 49 0 46 0 8 0 0 4 3 0 6 25 26 0 0 0 24 0 
0 0 36 33 0 0 0 9 11 0 0 0 12 0 27 29 0 0 0 0 25 2 6 0 5 0 3 8 40 37 38 0 0 39 0 0 0 47 0 45 0 0 0 0 0 16 20 0 22 
0 28 29 26 25 0 24 2 4 8 6 0 5 7 0 0 16 0 17 21 18 44 48 49 0 0 45 1 33 30 31 35 0 0 34 43 42 40 39 38 37 0 0 12 14 0 0 0 0 
13 0 0 12 0 0 0 37 39 43 0 0 0 0 0 8 2 0 3 0 4 0 0 35 33 0 31 0 0 0 0 0 22 18 0 29 0 26 25 0 23 27 46 47 49 0 0 0 1 
6 0 8 0 0 0 0 0 0 0 0 0 33 35 0 1 0 0 0 49 0 0 27 28 0 0 0 29 0 0 0 14 0 11 0 22 21 0 0 0 16 20 0 40 42 0 0 38 43 
0 21 0 19 18 0 0 44 0 1 48 45 0 0 0 0 0 12 10 0 11 0 0 42 40 0 38 0 0 0 24 0 0 0 0 36 35 33 32 0 30 0 4 0 7 0 6 0 8 
47 48 0 46 0 0 44 0 0 28 0 23 25 27 0 42 36 39 0 0 38 15 0 20 18 17 0 0 0 0 0 6 7 0 0 0 13 11 0 0 0 12 0 0 34 0 33 0 0 
0 0 28 25 24 22 0 0 0 0 5 2 0 0 0 0 15 18 16 20 17 43 0 0 46 45 0 49 0 29 0 34 35 0 0 0 41 0 38 37 0 40 0 0 0 8 12 9 14 
33 34 0 0 0 0 0 0 0 0 0 0 0 0 0 0 0 25 23 27 0 1 0 0 0 3 0 0 0 36 37 0 0 38 0 0 0 0 45 44 43 0 0 0 0 0 19 0 21 
0 6 7 0 0 0 2 29 0 35 33 30 0 34 47 0 43 46 44 0 45 22 0 0 0 0 0 0 0 0 9 0 0 0 12 21 0 0 0 16 0 19 38 0 41 36 0 0 42 
19 0 0 18 0 15 16 0 45 49 0 44 46 48 0 14 0 0 0 0 10 36 40 41 0 0 37 0 0 0 23 27 28 0 0 0 0 0 31 0 29 33 0 0 6 1 5 2 7 
0 41 0 0 38 0 0 0 17 0 0 16 18 0 33 35 0 32 0 0 0 0 0 0 11 0 0 14 0 0 44 48 0 0 0 7 6 0 0 0 1 0 24 0 0 22 0 0 0 
12 13 14 11 10 0 9 0 38 0 0 0 0 0 0 7 0 4 2 0 0 29 33 0 32 0 0 35 18 0 16 0 0 17 0 28 27 0 24 23 0 26 0 46 48 43 0 0 0 
18 19 20 17 16 0 0 0 0 48 0 0 0 0 0 13 0 0 8 12 0 0 0 40 0 0 36 0 24 21 0 26 0 23 25 34 33 0 0 0 28 32 0 3 0 0 4 0 6 
0 0 0 3 0 49 1 28 0 34 32 29 0 33 0 48 0 45 43 0 0 0 25 0 0 23 22 27 0 7 8 0 13 0 0 0 19 0 16 0 0 18 0 0 40 0 39 0 41 
0 26 27 0 0 0 0 49 0 0 4 1 3 0 18 0 0 17 15 19 0 0 46 47 0 0 0 48 31 0 29 0 0 30 0 0 0 0 37 36 0 0 0 0 0 7 11 0 13 
0 40 0 0 0 0 0 14 0 0 18 15 0 0 32 34 0 0 0 33 30 7 0 12 10 0 8 0 45 0 0 0 48 44 0 0 0 0 0 1 0 4 0 0 0 21 0 0 27 
0 47 0 45 44 42 43 0 23 0 25 22 24 0 39 41 0 0 0 40 37 0 0 19 17 0 15 20 3 0 1 5 6 0 4 0 0 10 0 8 0 11 0 31 0 0 32 29 34 
0 0 34 0 30 28 29 7 0 13 11 0 10 12 0 27 0 0 0 26 23 0 0 0 3 2 1 6 38 0 36 40 0 37 0 0 0 45 0 0 42 0 0 17 19 0 0 0 0 
11 0 13 0 0 0 0 0 0 0 0 0 0 40 0 0 0 3 0 5 0 0 32 0 31 0 29 34 17 14 15 0 0 16 0 27 0 0 23 0 21 25 44 0 47 0 46 0 48 
0 0 0 21 20 18 19 46 48 3 0 0 0 0 0 17 11 0 0 16 13 0 43 44 42 41 40 0 0 0 26 30 0 27 0 0 0 35 34 33 32 36 0 7 0 4 8 0 10 
1 0 0 49 48 0 47 0 0 31 29 0 0 0 43 45 39 42 40 44 0 18 22 0 21 0 0 0 7 4 5 9 0 0 8 17 16 14 0 12 11 15 0 0 0 0 36 33 38 
0 0 38 0 0 32 33 11 0 0 0 0 0 0 0 31 25 28 26 0 27 4 0 9 0 6 5 0 42 0 0 0 0 41 0 3 0 0 0 0 0 1 20 21 0 18 22 0 24 
0 9 10 7 6 0 5 32 34 38 36 33 0 37 1 3 46 49 47 0 48 0 0 0 0 27 0 31 14 11 12 0 0 13 15 24 23 0 0 0 18 0 41 0 44 39 43 0 45 
15 0 0 0 13 11 12 0 41 0 0 0 42 44 0 10 4 7 5 0 6 0 36 0 0 34 0 0 0 18 19 0 24 20 22 31 0 0 27 0 0 29 0 0 2 46 0 47 3 
0 30 31 28 0 25 26 4 6 0 0 0 0 0 22 0 0 0 19 0 20 0 0 0 0 48 47 0 0 32 0 37 0 34 36 0 0 42 41 40 39 43 0 0 0 11 15 12 17 
0 44 45 0 41 39 40 0 0 24 22 0 21 23 36 38 32 35 0 0 34 0 15 0 14 0 0 0 0 0 0 0 0 0 0 0 9 7 0 5 0 8 27 0 0 0 29 26 0 
30 31 0 0 0 26 27 0 7 11 9 6 0 0 23 0 0 0 20 24 0 0 0 0 1 0 0 4 0 0 0 0 39 0 0 46 0 0 42 41 40 0 0 0 0 0 16 13 0 
9 10 11 0 0 0 0 0 0 39 0 0 0 38 0 0 47 1 48 3 0 0 0 31 0 28 27 0 0 0 13 17 0 14 16 25 0 0 21 20 0 23 42 0 0 40 44 41 0 
0 3 4 0 0 47 0 26 28 32 0 27 0 0 44 46 40 43 41 45 0 19 0 24 0 0 20 25 8 5 6 10 0 0 0 18 0 0 0 13 0 16 35 36 0 0 37 34 39 
0 0 0 36 0 33 34 0 14 0 0 13 15 0 0 0 0 29 0 31 28 0 9 10 8 7 6 11 43 0 41 0 0 42 44 0 0 0 49 48 0 2 21 22 0 0 23 0 25 
0 0 25 22 21 19 20 47 49 4 2 48 1 3 16 18 0 15 13 0 0 40 0 0 43 42 41 46 29 26 0 0 0 0 30 0 0 0 0 0 33 0 7 0 10 0 9 6 11 
0 0 0 43 0 40 0 19 0 0 0 20 22 24 37 39 0 0 0 0 35 0 16 0 0 14 0 0 0 0 0 0 4 49 0 11 0 0 7 6 5 0 28 0 0 0 0 27 32 
0 0 0 15 0 12 13 40 0 46 44 0 0 45 9 11 0 0 6 10 0 33 0 38 0 0 34 39 0 0 20 0 0 0 0 0 31 0 0 0 0 0 49 1 3 0 0 48 4 
0 0 2 48 47 45 0 24 0 0 0 25 27 29 42 44 38 0 0 0 0 17 0 22 0 19 18 0 6 0 4 8 0 5 7 0 15 0 12 0 0 14 0 0 36 31 35 0 37 
0 8 9 6 0 0 0 0 0 0 0 32 0 36 0 2 0 48 0 1 47 24 28 29 0 26 0 0 13 10 11 0 0 12 0 0 0 0 0 0 17 21 40 0 43 0 0 0 0 
0 0 23 20 0 17 18 0 0 2 49 0 48 0 14 16 0 0 11 0 12 38 42 0 0 40 0 0 27 24 25 0 30 0 28 37 0 0 0 32 31 35 0 0 8 0 0 0 9 
35 0 37 0 33 0 32 10 12 0 14 0 13 0 28 30 24 0 0 0 26 3 0 0 0 5 4 9 41 38 39 43 44 0 0 0 1 48 0 46 45 0 0 20 22 17 21 0 0 
0 15 0 13 0 10 0 0 40 44 42 0 41 0 0 0 0 6 0 0 0 31 0 0 34 33 32 0 20 0 0 0 23 19 0 30 0 27 26 25 24 28 0 0 1 45 49 0 2 
0 0 0 0 0 0 0 0 0 0 0 4 6 8 21 0 17 20 18 0 19 45 49 1 0 0 46 2 34 0 32 36 0 33 0 0 43 41 40 39 38 0 0 0 15 10 14 0 0 
42 0 0 0 0 38 39 0 19 23 21 0 0 22 35 37 31 34 0 36 33 0 14 0 0 0 0 16 48 45 0 1 2 47 49 0 0 0 5 4 0 0 0 0 0 24 28 25 0 
