7
0 8 7 0 12 9 6 31 29 0 32 0 30 28 0 5 1 0 0 0 3 0 41 46 0 43 42 45 0 38 35 34 37 40 0 22 0 21 0 0 0 0 0 0 15 0 0 17 0 
24 22 0 0 0 23 20 0 43 47 46 0 44 0 14 19 15 0 0 0 0 12 6 11 9 8 0 10 0 3 0 48 2 0 4 36 40 0 34 38 37 39 32 27 29 28 0 0 33 
45 43 0 46 47 44 41 17 15 19 0 0 16 14 35 40 0 34 39 0 38 33 0 0 30 0 28 31 22 0 0 0 23 0 0 8 0 7 0 10 0 11 0 48 0 49 0 3 5 
0 29 0 0 33 0 27 3 0 5 4 48 2 49 0 0 22 0 25 0 0 0 13 18 0 0 14 17 0 0 7 0 0 0 11 43 0 0 0 0 44 46 0 34 36 35 0 0 0 
0 0 14 18 19 16 0 38 0 0 39 0 0 35 0 0 8 0 0 0 0 5 0 4 2 0 49 3 0 45 0 41 44 47 46 29 33 28 0 0 30 0 25 20 22 21 0 0 0 
3 0 0 0 5 2 48 0 0 0 0 20 23 21 0 47 0 41 46 0 0 40 0 0 37 36 35 0 29 31 28 0 30 33 0 0 19 0 13 17 0 18 0 0 8 7 0 10 12 
38 36 35 39 0 0 34 10 0 0 11 0 0 0 28 0 0 0 32 0 31 0 20 25 0 0 21 24 0 17 0 13 16 0 18 0 0 49 48 0 2 4 0 0 0 0 44 0 0 
0 46 0 49 0 47 44 0 0 0 0 0 19 17 0 43 0 0 0 0 41 0 0 35 0 0 31 0 25 27 24 23 26 0 0 11 15 0 0 0 12 0 0 0 0 0 0 6 0 
0 25 0 0 0 26 23 48 46 1 0 0 47 45 0 22 18 16 0 0 20 15 0 14 0 11 0 13 4 6 3 0 0 0 0 0 0 0 0 0 40 42 35 0 32 31 0 0 0 
6 0 3 7 0 0 2 0 25 29 28 0 0 0 45 1 0 44 0 47 0 0 37 0 40 0 38 41 0 0 31 30 0 0 0 18 22 0 0 20 0 21 0 9 11 0 0 13 0 
0 18 17 21 22 0 0 0 39 0 0 37 40 38 10 15 0 0 0 12 13 0 2 0 5 0 3 0 46 0 0 44 47 0 0 0 0 0 30 0 33 35 0 0 0 24 0 27 29 
0 11 0 0 0 0 0 0 0 0 0 30 33 31 0 0 0 0 0 0 0 0 44 0 0 0 45 48 39 41 0 37 40 0 0 0 29 0 23 27 26 0 21 16 18 17 19 20 22 
41 0 38 0 0 0 0 13 0 15 0 9 12 10 0 36 0 0 0 33 34 0 23 28 0 25 24 0 18 20 0 16 0 0 21 0 0 3 0 6 5 7 0 44 46 45 0 48 0 
34 0 0 35 36 33 30 6 4 8 0 2 0 0 24 0 25 23 0 26 27 0 16 21 19 18 0 20 0 13 10 0 12 0 0 46 0 45 44 0 0 49 0 0 0 38 0 41 0 
0 16 0 19 0 0 0 0 37 0 40 0 0 36 0 0 9 7 0 0 0 0 0 5 3 0 1 4 44 46 43 0 45 0 47 0 34 0 28 32 0 33 0 21 23 0 0 25 27 
0 30 0 0 0 31 0 4 2 6 0 49 0 1 22 0 0 21 0 0 25 20 14 0 0 16 0 18 0 11 8 0 0 13 0 0 0 0 0 0 45 47 40 0 0 0 38 0 0 
0 0 0 0 27 0 21 46 0 48 0 42 45 43 15 0 16 0 19 17 0 13 0 0 0 9 8 11 2 0 1 0 3 6 0 37 0 0 0 39 0 0 0 28 0 0 31 0 0 
0 9 8 0 13 0 0 0 30 34 0 28 31 0 0 0 2 0 0 3 4 48 42 0 45 44 43 46 0 39 36 0 38 0 40 23 27 0 21 0 24 0 0 14 0 15 17 0 20 
0 2 0 0 6 3 49 0 23 27 0 21 0 22 43 48 44 0 47 0 0 0 0 0 38 0 0 0 30 0 29 0 31 34 0 16 20 15 0 0 17 19 12 0 9 0 10 11 0 
46 44 0 0 48 45 0 0 0 20 0 14 0 15 36 41 0 35 0 38 0 34 28 33 0 30 0 0 23 0 0 0 0 27 26 9 13 8 7 11 10 12 5 0 0 0 3 4 0 
0 0 36 40 0 0 0 0 9 0 0 0 0 0 29 34 30 28 33 0 32 0 21 26 0 0 22 25 16 18 15 0 0 20 19 0 0 1 0 0 0 0 47 42 0 0 45 0 48 
9 7 0 0 11 0 0 0 0 0 0 0 29 0 0 0 0 47 3 1 2 46 0 0 43 42 41 0 35 37 0 0 36 0 38 21 25 0 0 23 0 24 0 12 0 13 0 0 18 
37 0 34 38 39 0 0 9 0 11 10 0 0 0 27 32 28 26 31 29 30 0 19 24 0 0 20 0 14 0 0 0 15 18 17 0 0 48 0 0 0 3 45 0 0 0 0 0 46 
16 0 13 0 18 15 12 37 0 39 0 33 36 34 0 11 0 5 10 0 9 0 47 3 0 0 0 0 0 0 41 40 0 0 45 28 0 0 26 0 0 0 24 0 0 0 0 23 25 
2 49 0 3 4 0 47 0 0 25 24 0 22 0 41 46 42 40 0 43 0 0 0 0 36 35 34 0 0 0 0 26 0 32 31 0 0 13 12 0 0 0 0 5 0 6 0 0 0 
0 28 27 0 0 0 0 0 49 4 0 0 0 0 0 25 21 19 24 0 0 18 0 17 0 0 13 0 7 9 0 5 0 11 10 42 0 0 0 0 0 0 38 0 0 0 36 0 0 
0 21 0 0 0 22 19 44 0 0 45 0 43 0 0 0 0 0 17 0 16 11 0 0 0 0 6 9 0 0 0 47 0 4 3 35 0 34 0 0 36 38 31 26 0 27 29 30 32 
44 0 0 0 46 0 0 0 0 0 17 0 15 0 34 39 0 33 38 0 0 0 26 0 29 28 0 0 21 0 20 19 22 25 24 0 11 0 5 9 8 0 3 0 49 48 1 0 0 
0 0 0 13 0 0 0 0 31 0 0 0 0 30 2 0 0 1 6 4 5 49 0 48 46 45 0 0 38 40 0 36 0 0 0 24 28 23 0 0 0 0 20 15 0 0 18 19 21 
33 31 30 34 35 32 29 0 0 7 6 1 4 2 0 0 0 0 0 0 0 21 0 0 18 17 16 0 0 0 0 8 11 14 0 0 0 0 0 0 0 0 0 0 0 0 0 40 0 
47 0 0 48 0 46 43 19 17 21 0 0 0 0 37 0 0 36 0 0 40 0 0 0 32 31 30 33 24 0 0 0 0 0 27 10 14 9 8 12 0 13 6 1 0 0 4 0 0 
5 3 2 0 0 4 0 26 24 0 27 22 25 23 44 0 0 0 0 46 47 0 0 0 0 38 0 0 0 33 30 29 32 35 0 17 0 16 0 0 18 0 13 8 0 0 11 12 14 
0 17 0 20 21 0 15 0 0 0 0 0 39 37 9 14 0 8 0 0 0 0 0 0 0 3 2 5 45 0 0 43 0 0 0 0 0 0 0 33 32 0 27 22 24 23 25 0 0 
26 0 0 27 28 0 0 0 45 0 48 0 46 0 16 21 0 0 0 0 19 14 0 13 11 0 9 0 0 5 2 1 0 7 6 38 42 37 36 40 39 0 0 0 0 30 0 33 35 
40 38 37 0 42 39 36 12 0 14 0 0 0 0 30 35 0 29 34 0 33 0 0 0 0 0 23 0 17 19 0 0 18 21 0 0 0 0 0 5 0 6 48 43 45 44 46 0 49 
49 47 0 0 2 48 45 0 0 0 0 0 20 18 0 0 0 0 43 41 0 37 31 0 0 0 32 0 26 28 0 24 27 30 29 0 0 11 0 0 13 0 0 0 5 0 0 7 0 
0 12 11 15 16 0 10 0 33 37 36 0 34 32 0 0 5 3 0 6 7 2 0 0 0 47 0 0 40 0 0 38 0 0 0 26 0 0 24 28 27 29 22 17 0 0 20 0 23 
0 0 18 0 23 0 0 0 40 0 0 38 41 39 0 16 0 0 15 0 0 0 0 8 0 0 4 7 47 0 46 45 48 0 1 0 37 0 0 0 34 0 0 0 26 0 0 28 30 
0 0 4 0 9 0 3 28 26 0 29 24 0 0 46 0 47 45 0 0 49 0 0 43 0 40 39 0 0 0 32 31 34 37 0 19 23 0 0 21 0 22 15 0 12 0 13 14 0 
28 26 25 0 30 27 0 49 47 2 0 45 48 46 18 23 0 17 22 0 0 16 0 15 0 0 11 0 0 0 4 3 6 9 8 0 0 39 0 42 0 0 0 0 0 0 34 0 37 
42 40 0 0 0 0 38 14 0 0 15 10 0 11 0 37 0 0 0 0 0 0 24 0 27 0 0 0 0 0 0 17 20 23 0 5 9 0 3 7 6 0 0 45 47 0 48 0 2 
0 0 0 0 0 0 31 0 5 9 0 3 6 4 0 0 0 0 29 27 0 0 17 22 20 0 0 0 0 14 0 10 0 0 0 47 0 0 0 0 0 1 43 38 0 39 41 0 44 
0 20 19 23 0 21 0 0 41 45 44 0 0 40 12 17 13 0 16 14 15 10 0 0 7 0 5 0 0 0 47 46 0 0 0 0 0 0 32 36 0 0 0 25 27 26 0 29 0 
0 0 0 30 31 0 0 1 0 3 2 0 49 47 19 0 0 0 23 0 0 0 0 0 0 0 12 15 6 0 0 0 7 10 9 41 0 0 39 0 42 44 0 0 0 33 0 0 38 
8 6 5 9 0 0 0 0 27 31 30 0 28 26 47 3 48 46 0 49 1 45 39 0 0 41 40 0 0 0 33 0 0 38 0 0 0 0 18 22 0 0 0 11 0 12 14 15 17 
43 0 40 44 0 42 0 0 13 17 0 0 0 0 0 38 34 32 0 0 0 31 0 30 28 27 26 0 20 0 19 0 21 24 23 6 0 0 0 8 7 0 0 0 0 47 49 1 0 
15 13 12 0 17 14 11 0 34 38 37 0 35 33 5 0 0 0 9 7 8 0 46 0 49 0 47 0 0 0 40 0 0 0 0 27 31 0 25 29 0 30 23 0 0 19 21 22 24 
36 34 0 0 38 0 32 0 0 0 0 0 0 5 26 31 27 0 30 28 29 24 0 0 0 20 0 22 0 15 0 0 0 0 0 0 0 47 46 0 0 0 44 0 41 0 42 43 0 
1 0 47 0 3 49 0 0 20 0 0 0 0 0 40 0 41 39 0 42 43 0 0 0 0 34 0 36 0 0 26 0 0 31 0 13 17 12 11 15 14 0 0 4 0 5 0 8 10 
