7
21 18 0 19 20 0 17 23 27 22 0 24 28 0 6 0 3 2 0 7 0 31 0 0 0 0 32 0 12 0 0 9 0 0 0 0 45 0 0 0 0 0 36 0 38 37 0 40 39 
42 39 0 40 0 37 38 0 48 43 0 0 0 46 0 26 0 23 0 0 25 3 0 2 0 0 0 0 0 29 0 0 0 31 0 0 0 0 19 0 18 0 0 14 10 9 0 12 11 
35 32 0 33 0 30 31 0 0 0 40 0 42 39 0 0 0 0 0 21 0 45 0 44 43 48 0 0 26 0 0 23 0 0 0 8 0 0 12 13 11 0 0 0 0 2 0 0 4 
14 11 8 0 0 0 0 16 20 15 19 0 21 18 0 0 0 44 0 0 0 0 26 0 0 27 0 0 5 1 0 2 6 3 4 0 38 37 40 41 0 42 29 0 0 0 34 33 32 
0 46 0 0 0 44 0 2 6 1 5 3 7 0 34 0 0 0 0 35 32 0 0 9 0 0 11 14 0 0 0 0 41 0 39 0 24 23 0 0 0 28 15 0 0 0 20 0 0 
0 4 0 0 6 2 0 9 13 8 0 10 14 11 0 40 0 37 0 42 0 17 0 16 0 0 0 0 47 43 49 44 48 45 0 0 31 30 33 0 32 35 0 0 0 0 0 0 0 
28 0 22 0 0 23 0 30 34 29 0 31 0 0 0 12 0 9 0 0 0 38 40 37 0 0 39 42 0 15 21 0 0 0 18 0 3 0 0 6 4 7 0 0 0 44 48 0 0 
0 37 0 0 0 35 36 0 46 41 45 43 0 44 0 0 0 21 0 26 0 1 3 49 48 0 2 5 0 27 33 0 32 29 0 0 0 0 0 18 0 0 0 12 0 0 11 0 9 
0 0 0 31 0 28 0 0 0 0 0 0 0 37 0 17 15 14 13 0 16 43 45 0 0 0 0 47 24 0 0 0 25 22 0 0 8 7 0 0 9 0 48 0 0 49 4 3 2 
0 0 0 0 18 0 0 0 25 0 24 0 0 23 4 3 1 0 48 5 2 0 0 28 27 32 0 33 0 0 12 7 0 8 0 0 43 42 45 0 0 0 34 0 36 35 0 38 0 
5 2 48 3 0 0 0 7 0 6 0 8 12 9 39 38 36 35 0 0 37 15 17 0 0 0 16 19 0 41 0 0 46 43 0 0 0 28 0 0 0 33 0 0 0 0 0 0 0 
12 9 0 0 0 7 8 0 18 13 17 15 0 0 46 45 0 42 0 47 44 22 24 21 20 0 23 26 0 0 0 0 4 0 2 0 36 35 38 0 0 40 27 0 0 0 32 0 30 
0 0 20 24 25 0 0 0 32 27 31 0 0 0 0 0 0 7 0 0 9 36 38 0 34 39 0 40 17 0 0 0 18 15 16 0 1 49 0 0 0 5 41 47 0 42 46 45 0 
0 44 0 0 46 42 0 49 0 48 3 1 0 0 32 31 0 28 0 33 0 8 0 7 6 0 9 12 0 0 40 0 39 36 0 20 0 21 24 25 23 26 0 0 15 0 0 0 0 
0 0 24 28 0 25 26 0 36 31 35 33 0 34 15 0 12 0 10 0 13 0 0 0 0 0 0 44 21 17 0 18 0 19 0 0 5 0 7 0 6 9 0 0 0 46 1 0 48 
2 0 0 0 0 46 0 0 8 3 0 0 0 6 36 0 33 32 31 0 0 12 14 0 0 0 13 0 42 0 0 39 43 0 0 0 26 0 0 29 27 0 17 0 0 18 22 21 20 
16 13 0 0 15 11 0 0 22 17 21 19 0 20 0 0 0 0 0 2 0 26 0 0 24 29 27 0 7 0 0 4 0 0 6 0 0 0 42 43 0 0 0 37 0 0 36 0 34 
44 0 38 42 43 39 0 46 0 45 0 0 0 48 0 0 0 25 24 0 27 0 0 0 0 0 6 0 35 31 37 32 36 0 0 17 0 0 21 0 0 0 0 16 12 11 0 14 0 
0 0 0 35 0 0 33 39 43 38 0 40 44 41 0 21 19 18 0 0 20 0 0 0 0 0 0 0 28 0 30 0 0 26 0 10 12 0 0 15 13 0 0 0 0 4 0 0 6 
23 0 0 21 0 0 0 0 0 24 0 26 0 27 0 7 5 4 0 9 6 33 0 32 31 0 0 37 0 10 16 11 0 12 13 45 47 46 49 0 48 2 0 44 0 39 0 42 0 
0 0 0 0 0 4 5 0 15 0 14 12 16 0 43 42 0 39 0 0 0 0 21 18 0 22 0 0 49 45 0 0 0 47 48 0 33 32 0 0 34 37 24 0 0 25 0 28 27 
0 0 46 1 0 47 0 0 9 4 0 6 0 7 0 36 34 33 0 38 35 0 0 0 11 0 14 0 0 39 0 40 0 0 42 0 27 26 29 30 0 31 18 24 0 0 23 0 0 
10 0 0 0 9 5 0 0 16 0 15 0 17 0 44 0 0 40 0 45 0 0 22 0 18 0 0 0 0 0 3 0 0 48 0 0 34 33 0 0 35 38 25 0 27 26 30 29 28 
0 0 0 22 0 19 0 0 0 0 0 27 31 28 0 0 6 5 4 0 0 34 0 0 0 0 0 0 0 11 0 12 16 0 14 0 0 0 0 0 49 0 39 45 0 40 0 0 0 
31 0 25 29 0 26 0 33 37 32 36 0 38 0 0 0 13 12 0 17 0 0 43 40 39 0 42 0 22 0 0 19 0 20 0 0 0 0 8 9 0 0 46 3 48 0 0 0 49 
17 0 11 15 0 0 0 19 23 0 22 0 24 21 0 0 48 0 0 0 49 0 0 0 0 0 28 0 0 0 10 5 9 0 0 0 0 40 0 0 0 0 0 38 0 33 0 36 0 
0 0 0 0 44 40 0 47 2 0 1 48 3 0 30 29 27 26 0 0 0 6 8 0 0 9 0 10 0 32 0 33 37 0 0 18 0 0 22 0 21 0 11 0 13 0 0 0 0 
38 0 0 0 0 0 0 40 44 0 43 41 45 0 0 22 20 19 0 0 21 48 0 47 0 2 49 0 0 25 31 0 0 27 0 0 13 0 15 0 14 17 0 10 6 0 0 8 0 
36 0 30 34 35 0 0 38 0 0 0 0 0 0 0 20 18 17 0 22 19 46 0 0 0 49 47 1 0 0 29 0 0 25 0 9 0 10 13 14 0 15 2 8 0 3 7 0 5 
29 26 0 0 0 0 0 31 35 30 0 0 36 33 14 0 0 0 9 0 0 0 0 0 37 42 40 43 0 16 22 17 0 0 0 2 4 0 0 0 0 0 0 1 46 0 49 48 47 
0 0 44 0 49 45 0 0 0 0 6 4 8 0 35 0 32 31 30 36 33 0 0 10 0 0 12 15 41 37 43 38 0 0 0 0 25 24 0 28 0 0 16 22 0 17 0 0 0 
0 19 16 0 0 0 18 0 28 0 0 0 29 0 7 0 0 3 0 8 5 32 34 0 30 35 0 0 13 0 15 10 14 0 12 44 46 0 48 0 0 0 0 43 39 0 42 0 0 
15 12 0 0 0 0 0 17 21 0 0 0 22 0 0 48 46 0 0 1 47 0 0 0 0 0 26 29 0 2 0 3 0 0 0 0 39 38 41 0 0 43 30 0 0 0 0 0 33 
43 0 37 41 42 38 0 0 0 44 48 46 0 47 0 0 25 24 0 0 26 0 6 3 0 7 5 0 34 0 36 31 0 32 0 16 18 17 20 0 0 22 0 0 11 0 0 13 12 
0 0 2 6 7 3 0 0 14 0 13 11 15 12 42 41 0 0 0 43 0 0 0 0 0 21 0 22 48 0 0 45 49 0 0 0 32 0 0 0 0 0 0 29 25 24 28 0 0 
0 10 7 0 12 0 0 15 0 0 0 16 0 0 47 0 0 0 0 0 45 23 25 22 0 0 24 0 4 49 6 0 5 0 0 35 37 0 0 40 0 41 0 0 30 29 0 0 0 
0 31 28 0 33 0 30 36 40 0 39 37 0 0 0 0 0 15 14 20 17 0 46 43 42 0 45 0 0 21 27 0 26 23 24 0 0 8 11 12 0 0 0 6 0 1 5 0 0 
27 0 21 0 0 22 23 29 33 0 32 0 34 0 0 0 0 8 7 13 0 37 0 0 0 40 0 41 18 0 0 15 19 16 17 49 0 1 0 5 3 0 0 48 44 0 0 0 0 
41 38 0 39 40 0 37 43 0 42 0 0 48 45 0 25 0 0 0 27 0 0 4 1 0 0 0 0 0 28 0 29 0 0 31 14 0 15 18 19 17 0 0 13 9 8 0 0 0 
20 0 14 0 19 0 0 0 26 21 0 0 0 0 5 4 0 0 0 0 0 0 32 29 28 33 31 34 0 7 13 8 0 0 10 0 0 0 0 47 0 0 35 41 0 0 0 39 0 
0 0 49 4 0 0 2 0 12 7 0 9 13 10 0 39 0 0 35 0 0 16 0 0 14 0 0 0 0 42 0 43 0 0 0 28 30 29 32 0 31 34 21 0 23 0 26 25 0 
48 0 0 0 47 0 0 1 5 0 0 0 0 3 0 32 30 29 28 34 0 9 0 0 0 12 10 0 0 0 41 0 0 37 38 21 0 22 25 0 24 27 14 20 16 15 19 0 17 
0 0 0 0 3 48 0 0 10 5 0 7 0 0 0 37 0 0 0 0 0 14 16 13 12 17 15 0 44 0 46 41 0 0 0 26 0 27 30 0 29 0 19 0 21 20 24 0 0 
46 0 0 44 45 41 0 48 3 47 2 49 0 1 0 30 0 27 26 32 0 0 0 0 0 10 0 0 37 0 39 0 0 0 0 0 21 20 23 24 22 25 12 0 0 0 17 0 0 
0 22 0 23 0 0 21 0 0 26 0 28 32 0 0 0 0 0 5 0 8 0 37 0 33 38 0 39 16 12 18 13 0 14 0 47 0 48 0 0 0 0 0 0 42 0 45 44 43 
0 36 0 37 0 34 0 0 0 40 0 0 46 43 0 0 21 0 19 0 0 49 0 0 0 0 1 4 30 26 32 27 0 0 29 0 0 0 0 17 0 0 0 0 7 0 10 9 8 
0 8 5 0 10 0 0 0 17 0 0 14 0 15 45 44 0 0 40 46 43 21 23 20 19 24 0 0 2 0 0 48 3 49 0 33 35 34 37 0 0 39 0 0 28 0 0 0 29 
32 29 0 0 0 27 0 0 0 33 37 0 39 36 0 16 0 13 12 18 0 0 0 0 40 0 43 0 23 0 25 0 0 0 22 5 7 6 0 10 0 11 0 0 0 0 0 0 0 
0 15 12 0 0 13 14 20 24 19 23 0 25 0 3 2 49 0 47 4 1 28 0 27 0 31 0 32 0 0 0 0 10 7 0 40 0 0 44 45 43 46 0 0 35 34 0 0 36 
