7
18 0 24 0 23 0 0 38 0 0 37 32 0 35 0 0 45 39 0 40 42 29 0 0 0 28 0 31 6 7 8 10 0 9 0 0 0 0 0 46 0 48 0 0 0 15 0 0 0 
0 0 10 0 9 7 0 0 0 0 23 18 0 21 29 30 0 0 27 26 28 0 16 13 12 0 0 17 41 0 0 0 40 44 39 0 0 0 0 32 0 0 0 0 0 1 0 0 0 
25 27 0 0 30 0 0 45 0 43 0 39 40 42 0 2 3 46 0 47 0 0 0 34 0 35 32 0 13 0 0 17 0 0 0 0 0 5 0 4 0 0 0 24 0 22 0 19 0 
46 0 0 1 0 49 0 0 0 0 0 11 12 0 22 0 24 0 20 19 0 8 9 0 5 7 0 0 34 0 0 38 33 0 32 0 0 26 30 0 0 0 44 0 39 0 41 40 42 
39 0 0 43 0 0 0 0 0 0 9 0 5 7 0 16 17 11 0 12 0 1 0 48 47 49 46 3 27 0 29 31 26 0 25 24 21 19 0 18 0 20 37 0 0 0 34 33 35 
0 0 17 15 16 0 0 31 27 0 0 25 26 28 0 37 38 32 0 33 0 0 0 20 0 0 0 24 0 0 1 3 47 0 0 45 0 40 0 0 43 0 9 10 0 0 6 5 0 
0 0 0 36 0 0 33 3 0 1 0 0 0 0 0 9 0 0 0 5 7 0 44 0 0 42 0 0 20 0 22 0 0 23 18 17 0 0 0 11 15 13 0 0 0 0 27 26 0 
0 8 0 0 11 0 7 26 22 24 25 0 0 23 0 32 33 0 29 0 30 0 18 15 14 0 13 0 43 0 45 47 42 0 41 40 37 0 0 0 38 36 4 5 0 0 1 49 2 
0 0 0 0 0 2 49 19 0 17 18 13 0 16 24 25 26 20 0 21 23 10 11 8 0 0 6 0 0 37 38 0 0 39 34 33 30 0 0 0 31 0 46 0 41 0 43 42 44 
0 0 40 0 0 0 35 0 1 0 4 48 49 0 10 0 0 0 8 7 9 0 46 0 0 44 0 47 22 23 24 26 21 25 0 19 0 14 0 0 17 15 32 33 0 31 29 28 30 
41 0 47 45 0 44 42 12 0 10 0 0 7 9 0 0 0 0 15 14 0 3 4 1 49 2 0 5 0 30 31 0 28 0 0 26 23 0 25 0 0 22 39 40 34 38 0 35 0 
13 15 0 0 0 16 0 0 0 31 32 27 28 30 0 39 0 0 0 0 0 24 0 22 0 0 20 26 1 0 3 5 0 4 0 0 0 42 0 41 0 0 0 12 0 10 0 0 9 
0 22 0 0 0 0 0 0 0 0 39 0 35 0 45 46 47 41 43 0 44 31 0 0 0 30 27 0 8 9 0 0 7 11 0 0 2 0 4 48 3 1 0 0 13 0 15 14 0 
27 29 0 31 0 30 0 47 0 45 0 41 42 44 3 4 0 0 1 49 0 38 39 36 35 37 0 0 0 16 17 19 14 18 13 0 9 7 11 0 10 0 0 26 0 0 22 0 0 
40 0 0 44 0 0 0 11 7 9 10 0 0 8 16 17 0 0 14 0 0 0 0 0 0 0 47 4 0 0 30 32 27 0 0 0 0 20 0 19 0 0 38 0 33 0 0 0 36 
0 0 0 2 3 1 0 18 0 0 17 12 13 15 23 24 25 0 21 0 0 9 10 7 0 0 0 11 0 36 0 0 0 38 33 32 0 27 31 26 30 0 45 46 40 44 42 41 43 
0 35 39 37 38 0 34 0 0 0 3 47 48 0 0 0 11 0 7 6 8 0 45 0 41 43 0 46 0 0 0 0 20 24 19 18 0 0 17 12 0 14 0 32 0 0 28 0 0 
19 0 0 0 0 22 20 39 0 0 38 33 0 36 44 0 46 40 42 0 0 0 31 28 0 0 26 32 0 0 9 11 0 0 5 0 1 0 0 0 2 0 0 0 0 0 0 0 0 
0 28 32 30 0 29 27 0 0 44 45 0 41 0 0 0 4 47 49 0 1 0 38 0 0 0 33 39 0 0 0 18 0 17 0 0 0 6 10 0 9 7 24 0 0 23 21 20 22 
0 7 11 9 10 0 0 25 21 0 24 19 20 22 30 31 32 0 0 27 29 0 0 14 13 0 12 18 0 0 0 0 41 0 0 0 0 34 0 0 0 35 0 0 0 0 49 0 1 
12 0 18 0 0 15 0 32 28 30 0 26 27 0 0 0 39 33 0 0 0 23 0 0 20 0 0 0 0 1 0 0 0 0 47 0 43 0 0 40 44 0 0 0 5 9 7 0 8 
0 19 0 21 0 0 0 37 33 0 0 0 32 0 42 0 44 0 0 39 0 28 29 0 25 0 0 0 5 6 0 0 4 0 0 2 0 46 1 0 0 47 15 0 0 0 12 11 0 
0 40 44 42 0 0 39 9 5 0 0 0 4 0 0 0 16 0 12 0 13 49 1 47 46 0 45 2 26 0 0 30 0 29 24 0 0 0 0 17 0 19 0 37 0 35 0 0 0 
0 33 0 35 0 0 0 0 0 49 1 45 46 0 7 8 9 0 0 4 0 42 0 0 0 0 0 44 0 0 0 23 18 0 0 0 13 11 0 10 0 12 0 0 24 0 26 0 27 
0 0 0 28 29 0 25 0 40 42 43 0 0 41 49 0 2 0 47 0 0 0 0 33 32 0 0 37 12 13 0 16 11 15 10 0 0 4 0 3 0 5 0 0 17 0 19 18 0 
45 47 2 49 0 0 0 0 12 0 15 10 11 0 0 22 23 17 19 18 20 7 8 0 4 0 0 9 0 0 0 37 32 36 31 0 27 25 29 24 0 0 43 0 38 42 0 0 0 
0 0 0 0 0 0 0 23 19 0 22 0 0 0 28 29 30 24 0 0 27 14 0 12 0 13 0 0 0 0 42 44 39 0 0 37 34 0 36 0 35 0 1 2 45 0 0 46 48 
10 0 16 0 0 0 11 30 26 0 0 0 0 27 35 36 0 0 33 0 0 0 0 19 18 0 0 0 47 0 49 0 46 1 0 44 41 39 0 0 0 40 0 9 3 0 5 0 0 
36 38 42 0 0 0 0 0 0 0 0 0 2 0 0 0 14 0 0 0 0 47 48 0 0 0 0 0 24 0 26 0 23 27 0 21 18 0 20 15 0 17 0 0 29 0 31 0 32 
0 0 0 0 0 0 2 0 0 19 0 15 16 0 26 27 28 22 24 23 0 0 0 10 9 0 0 14 0 0 0 0 0 0 36 35 32 30 0 29 33 31 0 49 43 47 0 44 46 
0 31 35 33 34 0 0 0 0 0 0 0 44 0 5 0 7 0 0 2 4 40 41 0 37 0 36 42 0 0 19 0 16 20 15 0 11 9 13 0 12 10 0 28 22 0 0 23 25 
0 0 14 0 13 11 9 0 0 0 0 22 23 0 33 34 0 0 0 30 0 0 20 0 0 18 0 0 45 46 47 49 44 48 0 0 39 37 0 0 0 38 0 7 1 0 0 2 0 
15 0 0 19 0 18 16 35 0 0 34 29 30 0 40 0 42 0 0 0 0 0 0 0 0 0 22 28 0 4 0 7 2 0 1 0 46 44 48 0 47 45 0 14 0 12 0 9 11 
0 24 0 26 0 0 23 42 0 0 0 36 37 0 47 0 0 43 0 44 0 0 0 31 0 0 29 0 0 0 12 14 9 0 0 7 0 2 0 1 5 0 20 21 0 0 17 0 0 
43 45 49 47 0 46 44 14 10 12 13 8 0 0 19 20 21 15 0 16 0 5 0 0 2 4 1 0 0 32 33 35 30 0 29 28 25 0 27 22 26 0 41 42 0 0 38 0 39 
16 18 22 20 0 19 0 0 0 0 35 30 31 33 41 42 0 0 39 38 0 0 28 0 24 0 23 29 4 0 6 8 0 0 0 0 0 45 0 0 48 46 0 0 0 13 0 0 12 
2 0 0 0 0 0 0 0 0 20 0 16 0 19 0 28 0 23 0 0 26 0 0 11 0 12 9 0 39 0 0 43 38 42 0 0 0 31 0 30 34 32 49 0 44 48 46 0 0 
37 0 43 0 42 40 0 0 4 6 7 2 0 5 0 0 0 0 0 0 0 0 0 0 0 0 0 0 0 0 0 29 0 0 23 22 19 17 0 16 0 18 0 36 0 0 32 31 0 
9 11 15 13 14 0 10 29 25 27 28 23 0 26 0 35 0 0 32 31 33 20 0 18 17 19 0 22 46 47 48 1 0 0 44 0 40 0 0 0 41 0 0 8 2 6 0 3 0 
0 46 1 0 0 0 45 0 11 0 0 0 0 0 0 0 22 0 0 17 19 0 7 0 3 5 2 0 32 33 0 0 31 35 0 29 0 0 0 0 27 25 42 43 37 0 39 38 40 
0 0 36 0 0 0 0 0 46 0 49 44 0 0 0 7 8 0 4 0 5 41 42 0 0 0 0 43 18 0 20 22 17 0 16 15 0 0 14 0 0 11 0 29 0 0 25 0 26 
23 25 0 27 28 0 24 0 39 0 0 37 38 40 48 49 1 44 0 45 0 34 0 32 31 33 30 0 0 0 13 0 0 0 0 8 5 0 0 2 6 0 21 0 16 0 18 0 0 
7 0 13 0 0 0 0 0 0 0 26 0 0 24 32 33 34 0 0 29 31 0 0 0 0 0 14 20 0 45 46 48 0 0 42 0 38 0 0 0 0 37 0 0 49 4 0 0 3 
49 2 0 0 0 0 0 20 16 18 19 0 15 17 0 0 0 0 23 0 0 0 12 0 8 0 0 0 0 38 39 0 36 0 0 34 31 29 33 0 32 30 0 48 0 0 0 43 0 
28 30 34 32 33 31 29 0 0 0 47 0 43 0 0 0 0 0 2 0 0 39 0 37 0 38 35 0 16 0 18 20 15 19 0 13 10 0 12 0 11 9 0 27 21 0 23 0 24 
35 0 0 0 0 0 0 0 0 0 0 49 1 0 11 0 13 0 0 0 10 0 47 44 0 45 42 48 0 24 25 0 22 0 0 20 0 15 19 14 18 16 0 34 28 32 0 0 31 
0 0 0 46 0 45 0 0 9 11 0 0 8 0 18 19 20 14 0 15 17 0 5 2 1 0 0 0 0 0 32 34 0 0 0 0 0 22 0 0 0 0 40 41 0 0 0 0 0 
0 0 0 18 19 17 15 34 30 0 33 28 0 0 39 40 41 0 0 0 38 25 26 23 22 24 21 27 0 3 4 6 0 5 0 0 0 43 47 42 0 0 12 0 0 0 0 8 10 
0 23 0 25 26 0 0 0 37 0 40 35 36 0 46 0 0 42 0 43 45 0 0 0 0 0 0 0 9 10 0 13 8 0 7 0 3 0 0 49 4 0 0 0 14 18 0 0 17 
