7
36 39 0 0 0 40 35 10 9 7 11 0 13 0 48 47 0 0 0 0 0 33 0 0 0 29 0 0 0 0 0 0 22 0 27 0 0 15 19 0 20 16 3 0 49 0 1 0 0 
0 11 0 9 10 12 0 31 30 28 32 29 0 33 20 0 14 0 0 0 0 5 0 3 0 0 6 4 45 44 0 0 43 0 48 35 0 0 0 39 0 0 24 23 0 26 0 25 27 
1 0 0 2 3 5 49 0 0 21 25 0 27 0 0 12 0 9 10 8 0 0 42 45 0 43 48 46 38 37 0 0 0 35 0 28 0 29 0 32 34 30 17 16 14 0 0 0 20 
0 0 27 0 24 0 21 0 0 0 46 0 0 0 0 33 0 0 31 0 32 19 0 17 16 0 20 18 0 9 11 0 8 7 13 0 0 0 0 4 0 2 0 0 35 40 0 39 41 
15 0 20 16 0 0 0 38 0 0 0 0 0 0 0 0 0 0 0 0 0 0 0 0 0 0 13 0 3 2 4 0 1 0 0 0 45 0 0 0 48 44 0 30 0 0 0 32 34 
29 32 0 0 31 33 28 0 2 0 4 0 0 0 41 40 0 0 0 0 39 0 0 0 0 0 0 0 0 16 18 19 15 14 20 0 0 0 0 0 13 9 45 44 0 0 0 0 48 
0 0 48 44 45 0 0 0 0 0 18 0 20 19 6 5 49 2 3 1 0 0 0 0 0 0 41 39 0 0 32 0 29 0 34 21 0 0 0 0 0 0 10 0 0 0 0 0 13 
0 0 0 40 0 43 0 13 0 10 0 0 0 0 0 0 45 0 0 46 49 36 31 0 33 0 37 35 0 0 28 0 0 0 0 0 20 0 22 21 23 19 6 5 0 0 0 7 0 
46 0 2 0 48 1 45 20 0 17 21 0 0 22 0 8 0 5 0 4 7 43 38 0 0 0 44 0 34 33 0 36 0 31 37 24 0 0 29 0 0 0 0 0 0 15 11 0 16 
0 0 0 0 13 0 10 34 0 0 0 32 0 0 0 0 17 0 0 18 0 0 0 6 0 0 0 7 0 47 0 1 0 0 2 38 41 0 0 42 0 40 27 26 0 29 0 0 0 
0 28 30 0 27 29 0 0 0 45 49 46 0 1 37 0 31 0 34 0 0 0 0 0 19 18 0 21 0 0 14 0 0 0 16 0 6 4 0 0 0 5 41 40 0 43 39 0 0 
0 7 9 0 6 0 0 27 26 24 0 0 0 29 0 15 0 12 0 0 0 0 0 0 47 46 2 0 41 0 42 43 39 0 44 0 0 0 0 35 37 0 0 0 17 0 0 21 0 
32 0 37 33 34 0 0 6 0 3 0 4 9 8 0 0 0 40 0 39 0 29 24 27 0 25 30 28 20 19 21 22 0 17 0 10 13 11 15 0 16 12 0 0 0 1 0 49 0 
0 21 23 19 0 22 0 41 0 0 0 0 44 0 30 29 24 26 27 25 28 15 0 13 12 11 16 0 6 5 0 0 0 0 9 0 48 46 1 49 0 0 34 0 0 0 0 35 37 
0 0 21 17 0 20 0 39 0 36 40 0 0 41 0 27 22 24 0 0 0 0 0 11 0 9 0 0 0 3 5 6 2 1 0 43 0 44 48 0 49 45 32 0 29 0 0 33 35 
0 12 14 0 0 0 8 32 31 0 33 30 0 0 0 0 15 0 18 16 19 0 0 4 0 0 7 0 46 45 47 0 44 0 0 36 39 37 0 40 0 38 0 0 22 0 0 26 28 
0 5 0 3 4 6 1 25 0 0 0 0 28 27 0 0 0 0 11 9 0 0 0 46 0 44 49 0 0 38 0 0 37 0 42 29 0 0 34 0 0 31 18 17 15 20 16 19 21 
37 0 42 38 39 0 36 11 10 0 0 0 14 13 49 48 43 0 0 44 47 0 0 32 31 0 35 0 25 0 0 0 23 22 0 15 0 16 20 0 21 17 4 3 1 6 0 5 7 
0 0 49 45 0 48 43 0 0 15 19 0 0 20 7 0 0 0 4 0 0 0 36 0 0 37 0 40 0 0 33 0 30 29 35 0 0 0 0 26 0 0 11 10 0 13 0 0 14 
30 33 0 0 32 0 0 4 0 0 0 0 7 6 42 41 0 0 39 37 0 0 22 0 0 23 28 0 0 17 19 0 0 15 21 8 0 0 13 0 14 0 0 45 0 48 44 0 0 
0 0 0 24 0 27 0 0 0 43 47 44 0 48 0 34 0 0 0 0 33 20 15 0 17 0 21 19 0 10 12 0 0 8 0 0 0 2 6 0 0 0 39 0 36 0 0 0 42 
42 45 0 0 44 0 0 16 15 13 0 0 0 0 0 0 48 0 2 49 3 0 34 37 0 35 40 0 0 0 0 0 0 27 0 0 23 21 25 0 0 0 9 8 6 0 0 0 12 
7 0 0 0 0 11 0 30 29 0 31 0 33 32 0 0 0 0 0 0 0 0 48 0 0 0 5 3 0 43 0 0 42 41 0 0 37 0 0 0 40 0 23 22 20 25 0 24 26 
0 0 0 0 0 25 20 44 43 41 0 0 0 46 33 32 0 29 0 0 0 0 13 16 15 0 0 0 9 0 0 0 7 0 0 48 0 49 4 0 5 0 37 36 0 0 35 38 0 
14 17 19 15 16 0 0 0 0 0 38 0 0 0 26 0 20 22 23 21 24 11 0 0 0 0 12 10 0 0 0 4 49 0 5 41 0 42 46 45 0 43 30 29 0 32 0 31 0 
49 0 0 1 2 4 48 23 0 0 24 0 0 25 0 0 0 0 0 7 10 46 0 0 0 0 0 0 37 36 0 0 35 34 0 0 0 28 32 31 33 0 0 0 13 0 0 0 0 
0 0 0 0 0 0 0 2 0 0 0 49 0 4 40 39 34 36 37 35 38 0 20 0 0 0 0 24 0 0 17 0 14 13 19 6 9 7 11 10 0 8 44 0 0 0 0 0 0 
0 0 0 0 0 0 34 9 8 6 0 0 0 11 0 0 41 0 44 0 45 32 27 30 0 28 33 0 0 0 0 25 0 0 0 13 16 0 0 0 0 0 0 0 48 4 49 3 0 
0 23 0 0 0 24 19 0 0 40 44 0 46 45 32 0 0 0 29 0 30 17 0 0 0 0 0 16 8 7 0 10 6 5 0 0 1 0 0 2 0 0 36 0 0 0 34 0 0 
0 37 39 0 0 38 0 8 0 0 9 0 11 0 46 45 40 42 43 41 0 31 26 29 0 0 32 0 22 21 0 24 0 0 25 12 15 0 0 0 18 14 1 0 0 3 0 2 4 
0 30 32 0 29 0 0 0 0 0 2 48 0 0 39 0 0 35 0 0 0 0 0 0 0 20 25 0 0 14 16 17 13 0 18 0 0 6 0 9 11 0 43 42 0 0 41 0 46 
0 0 0 49 1 0 0 22 0 0 0 0 25 24 11 10 0 7 0 0 0 0 0 0 42 41 0 44 36 35 37 38 34 33 0 26 29 0 31 0 0 0 15 0 12 17 0 16 18 
0 0 46 0 0 0 0 0 14 0 16 13 18 0 4 0 47 0 1 0 0 38 33 36 35 0 39 0 0 28 30 31 0 26 0 19 22 20 24 23 0 21 0 7 5 10 0 9 11 
13 16 0 14 15 0 0 36 0 33 0 34 0 0 25 24 0 0 0 20 23 10 0 0 0 6 11 9 1 0 0 0 48 47 0 40 0 0 45 0 0 42 0 0 0 0 27 30 32 
0 9 11 0 8 10 5 0 0 26 0 0 0 31 18 0 0 14 0 13 16 3 0 1 49 48 0 0 43 42 44 0 0 40 46 33 36 34 38 37 0 0 0 0 0 24 0 23 25 
10 0 15 11 0 14 0 33 0 30 34 0 0 35 22 21 0 0 0 17 0 7 2 0 0 0 0 0 0 0 0 49 0 44 1 37 40 0 42 41 43 39 26 0 23 28 24 27 29 
38 41 43 39 40 42 37 0 11 0 13 10 0 0 1 49 44 46 47 0 48 35 0 0 32 31 0 0 26 25 27 0 24 0 0 16 19 17 21 20 22 0 0 4 0 0 0 6 8 
45 0 0 46 47 49 44 19 0 16 0 17 0 21 8 0 2 4 5 3 0 42 0 40 39 0 0 41 0 32 0 35 31 30 36 0 0 24 0 0 29 0 0 0 0 0 0 0 15 
3 6 0 4 5 0 0 0 0 0 0 24 29 0 15 0 9 11 0 0 13 0 0 47 46 0 0 0 0 0 0 0 0 37 0 30 33 0 35 34 0 32 0 0 16 21 0 20 0 
31 0 36 0 0 0 30 0 0 0 6 0 8 0 43 42 37 0 0 38 0 28 0 26 25 0 29 27 19 18 0 0 17 0 0 0 12 10 0 13 15 0 0 0 0 49 45 0 0 
0 20 0 18 0 21 16 0 39 0 0 38 0 42 29 0 0 0 0 24 0 14 0 12 0 0 0 0 0 4 6 7 0 0 8 44 47 0 49 0 1 46 33 32 30 0 31 0 36 
0 0 0 0 0 28 0 0 0 44 0 45 0 0 0 0 30 32 0 31 34 21 16 19 18 0 0 20 12 11 0 14 0 9 0 0 0 3 7 0 0 4 0 39 37 42 0 41 0 
5 0 10 0 0 0 4 0 0 25 0 0 0 30 17 16 11 0 14 12 0 0 46 0 48 47 0 0 42 0 0 0 0 39 45 32 35 33 0 0 38 34 0 0 18 23 0 22 0 
33 36 0 34 0 37 32 0 6 4 8 0 10 9 45 0 0 0 0 40 0 0 25 0 27 0 31 0 21 20 0 0 0 0 0 11 14 12 0 0 0 13 0 0 46 2 47 0 0 
40 0 45 0 0 0 39 14 0 0 0 12 0 0 0 2 46 0 0 47 1 37 0 0 0 0 0 36 0 0 0 30 0 25 31 18 0 19 0 22 24 0 7 6 0 9 0 0 0 
0 0 0 0 0 2 0 21 20 0 22 0 24 0 0 0 4 6 0 0 0 44 39 0 41 40 0 0 0 34 0 37 0 0 0 25 28 0 0 29 31 27 14 0 0 16 0 0 17 
0 0 31 27 28 0 25 49 48 0 1 47 3 0 38 37 0 34 35 33 36 0 0 0 20 19 0 22 0 13 0 16 0 11 0 4 7 5 9 8 0 0 0 0 0 0 40 43 45 
0 15 0 13 14 16 0 35 0 0 0 33 0 0 24 23 18 20 21 0 22 0 0 7 0 0 10 0 0 0 1 2 47 46 3 0 0 0 0 43 45 41 28 27 25 0 0 29 31 
19 22 0 0 0 23 0 0 0 39 0 40 0 0 0 0 0 27 0 0 29 16 11 14 13 12 17 15 7 0 0 0 5 4 10 46 49 0 0 1 0 0 0 0 0 0 33 36 38 
