7
0 6 0 5 0 0 9 0 0 32 37 35 0 0 1 0 0 0 3 0 48 13 12 16 15 17 0 14 0 20 21 23 0 24 18 39 42 43 40 0 0 0 0 0 0 26 25 0 0 
0 41 0 40 39 0 0 19 0 0 23 0 0 0 36 32 0 0 0 0 34 48 0 0 1 0 0 0 0 0 0 0 0 10 4 0 28 29 26 0 31 0 0 15 0 0 11 14 16 
0 34 0 0 0 35 37 0 0 0 0 14 13 0 29 25 0 0 0 0 0 0 40 44 43 0 0 42 0 48 49 0 1 3 0 0 21 0 0 23 0 20 10 0 6 5 0 7 9 
0 20 0 0 0 21 23 47 3 46 0 49 48 0 0 0 0 16 0 0 13 0 0 0 0 0 25 28 33 0 0 0 0 0 0 0 0 0 5 0 0 0 0 43 0 40 39 0 44 
0 27 29 0 0 28 30 0 10 4 9 0 6 8 22 0 19 23 24 0 0 34 33 37 0 38 32 0 40 41 42 44 0 0 39 11 14 0 12 0 17 0 3 1 48 47 0 49 2 
3 48 1 47 0 49 0 26 31 0 30 0 27 0 0 39 40 0 45 0 41 6 5 0 8 10 4 0 0 0 0 16 15 17 11 32 35 36 0 0 0 0 24 22 0 0 0 0 0 
17 0 0 0 11 14 16 40 0 39 44 42 0 43 8 0 0 9 0 0 6 20 0 23 0 24 18 0 26 0 28 0 29 0 0 46 0 1 0 0 3 48 0 0 34 0 32 0 37 
23 0 0 18 17 20 22 0 0 45 1 48 47 0 14 0 11 0 0 0 12 0 25 29 28 0 24 0 32 0 0 0 0 0 31 3 0 0 0 8 0 0 44 0 0 39 0 0 0 
37 33 35 0 31 34 36 11 0 0 0 13 12 14 28 24 25 29 0 0 0 0 39 0 0 44 38 0 46 0 0 1 0 0 45 0 0 0 0 22 23 0 9 0 5 4 3 0 0 
0 0 7 4 0 0 8 0 37 0 0 0 0 35 0 0 0 0 0 48 47 0 0 0 14 0 0 13 0 19 0 22 0 0 17 38 41 42 39 0 44 0 30 0 0 25 24 27 0 
30 26 0 25 24 27 0 4 0 3 8 6 5 0 0 0 18 0 0 20 19 33 32 0 35 0 31 0 39 40 41 43 0 0 38 10 13 0 11 15 0 12 2 0 47 0 0 0 1 
0 0 0 46 45 48 1 0 0 0 0 27 0 28 0 0 0 43 0 0 0 5 0 0 7 9 3 6 0 0 13 15 14 0 10 31 34 35 0 0 0 0 0 21 0 18 17 0 0 
0 0 42 0 0 0 43 18 0 17 0 20 19 21 35 31 0 36 0 34 0 0 46 0 49 0 45 0 4 0 0 8 0 0 0 24 27 28 0 29 30 0 16 14 12 0 0 0 0 
0 12 14 11 10 13 15 0 44 0 43 0 0 0 7 3 4 0 9 0 5 19 18 0 21 0 17 20 0 0 0 29 0 30 24 0 48 49 0 1 2 0 0 35 0 32 0 34 36 
18 0 0 13 0 15 0 0 46 40 45 0 42 44 0 0 6 0 0 8 7 21 20 0 0 25 0 22 27 28 0 0 0 32 26 47 1 0 0 0 4 49 39 0 0 0 33 0 38 
0 0 0 0 0 43 0 0 25 19 0 0 0 0 0 0 34 38 39 36 35 0 0 3 0 0 47 1 0 0 0 0 0 11 5 26 0 0 0 0 32 28 0 16 14 13 12 15 0 
0 21 23 20 0 0 24 0 0 47 3 1 49 2 16 12 13 17 0 0 14 28 27 31 0 0 0 29 34 35 0 0 37 0 0 5 8 0 0 0 11 0 46 44 0 41 40 43 0 
32 28 30 27 26 0 31 0 11 5 10 8 0 0 23 19 20 0 0 22 0 35 0 0 0 0 0 36 41 0 0 45 0 0 0 0 15 0 0 0 0 14 4 0 49 0 47 0 0 
0 35 0 0 0 0 38 0 18 0 17 0 14 0 30 26 0 0 32 29 0 42 41 0 44 0 0 43 0 49 1 0 2 0 0 0 0 23 0 0 0 0 11 9 7 6 0 8 0 
0 0 2 48 47 0 0 27 32 0 31 0 28 0 0 0 0 45 0 0 42 0 0 10 9 11 0 8 13 0 0 17 16 18 0 0 36 37 0 38 39 0 0 23 21 0 19 22 24 
11 7 0 6 0 0 10 0 0 33 0 0 0 0 2 47 48 0 0 0 0 0 13 17 0 18 0 15 0 0 0 0 0 0 19 0 43 0 0 0 46 0 32 30 28 27 0 0 31 
0 1 3 49 0 0 0 0 0 0 32 0 0 31 45 41 42 46 0 0 0 0 0 0 10 12 0 9 0 15 16 18 0 19 0 34 37 0 0 0 0 0 26 24 22 21 20 0 25 
0 36 38 0 0 0 0 14 0 13 0 16 15 17 0 27 0 32 0 0 29 43 42 0 0 47 41 44 0 0 2 4 0 0 48 20 23 0 0 0 26 0 0 0 0 0 6 9 11 
0 0 0 7 0 0 11 0 40 0 39 37 0 0 0 0 0 4 5 2 1 0 14 18 17 19 0 0 0 22 23 0 24 0 20 0 44 0 42 46 47 43 33 31 29 0 27 0 32 
0 29 31 0 27 0 32 0 12 0 0 0 0 10 0 0 0 25 26 23 22 36 35 39 38 40 0 37 42 43 0 0 0 47 41 0 16 17 0 0 19 15 0 3 0 0 0 2 0 
47 0 45 0 0 0 0 0 0 20 0 23 22 0 38 0 35 39 0 37 36 0 49 4 0 5 0 0 0 8 9 11 0 0 0 27 30 0 0 0 33 0 0 17 0 0 13 0 0 
19 0 0 14 0 0 18 42 47 41 0 0 0 45 10 0 7 0 12 0 8 22 0 25 24 26 0 23 28 29 30 0 31 33 0 0 0 3 49 0 5 1 40 0 0 35 34 0 39 
0 0 24 0 20 23 25 49 0 0 4 0 1 3 17 0 14 18 19 0 0 0 0 32 31 0 27 30 35 0 0 39 0 40 34 0 9 0 0 11 12 0 0 45 43 42 41 0 46 
0 0 0 17 0 0 0 45 1 44 49 47 46 48 13 0 10 0 0 0 0 0 24 28 0 29 0 26 31 32 0 0 34 0 0 0 5 6 3 0 0 0 0 0 0 38 0 40 0 
43 39 41 0 37 40 42 0 22 16 0 19 18 20 34 30 0 0 36 0 32 0 0 49 0 1 44 0 3 4 5 0 0 0 0 0 26 27 24 28 29 25 15 0 0 10 0 12 0 
29 25 0 24 23 26 28 0 0 2 0 0 0 0 20 16 17 0 0 0 0 0 31 0 34 0 0 33 38 0 0 42 0 0 0 0 12 13 0 14 15 11 0 48 0 45 44 47 0 
36 32 0 31 0 0 35 10 0 0 0 0 0 13 27 0 24 28 0 0 25 39 0 0 41 0 0 40 45 0 47 0 0 1 44 16 0 20 0 0 22 18 0 0 4 0 0 0 7 
1 0 48 45 0 47 49 0 0 23 0 0 25 27 41 0 38 0 43 0 39 4 0 0 6 0 2 0 0 0 0 0 13 15 9 0 0 0 31 35 0 0 22 0 18 17 16 0 21 
15 11 13 10 0 0 0 0 0 37 42 40 39 0 6 0 3 7 0 5 0 0 0 21 0 0 0 19 0 25 26 28 0 29 23 44 47 48 0 0 0 46 0 34 32 31 30 0 35 
8 0 0 0 2 5 7 31 36 0 35 0 0 34 0 0 45 0 1 0 46 0 0 0 13 15 0 12 0 0 19 0 20 0 0 0 40 41 0 42 43 0 0 27 25 24 0 0 0 
14 10 0 0 0 11 0 37 0 36 0 39 0 40 0 0 0 0 0 4 3 17 0 20 0 21 15 0 0 0 25 27 0 28 0 0 46 0 0 48 49 0 35 33 31 0 0 32 0 
0 24 0 0 0 0 27 0 0 0 0 0 0 0 19 0 0 0 21 0 17 0 0 0 33 35 0 0 37 0 0 41 40 42 36 8 0 12 9 13 14 10 49 0 0 0 43 46 48 
35 31 33 0 29 32 0 0 0 8 13 11 10 0 26 22 0 0 0 25 24 38 0 0 40 42 36 39 0 45 0 0 0 0 43 15 0 19 16 0 0 0 7 0 0 2 1 0 0 
7 3 0 2 0 4 0 0 0 0 0 32 0 0 0 43 0 48 0 46 0 0 9 0 0 0 8 11 16 0 18 20 0 21 15 0 39 0 37 0 0 38 28 0 0 23 22 0 27 
21 0 19 16 0 0 0 44 0 43 48 46 45 0 12 0 9 13 14 11 10 0 23 27 0 28 22 25 0 0 32 34 33 35 0 1 4 5 2 0 0 0 42 40 38 0 36 0 41 
42 0 0 37 0 39 0 16 21 15 0 18 0 0 33 0 30 0 35 32 31 0 0 0 47 49 0 46 0 0 0 0 0 7 1 0 25 26 0 27 28 0 14 0 10 9 8 0 13 
49 0 47 44 0 46 0 23 28 22 0 25 24 0 40 0 37 41 0 39 0 3 0 0 0 0 0 4 9 0 0 13 12 0 0 0 0 0 30 0 35 0 0 0 0 16 15 0 0 
0 16 0 15 0 17 0 0 48 0 47 0 44 0 0 7 8 12 13 0 9 23 0 26 0 27 21 0 0 0 31 33 0 0 0 0 3 0 1 0 6 2 41 0 0 36 35 38 0 
27 0 0 0 21 0 0 0 6 49 5 3 2 4 18 0 0 19 0 0 16 30 0 33 0 0 0 31 0 37 0 40 0 41 0 7 10 0 0 0 0 9 0 0 44 0 0 45 0 
0 2 0 1 49 0 5 0 34 0 33 0 30 32 46 42 0 47 48 45 0 0 8 12 11 0 0 10 0 16 0 19 18 0 0 35 38 39 36 40 0 37 27 25 23 0 21 0 26 
0 37 0 36 0 38 0 0 0 0 19 17 0 0 0 0 0 0 34 0 30 0 43 0 46 48 0 45 1 2 3 0 4 6 49 21 0 0 0 26 0 23 0 11 9 8 7 0 0 
34 0 32 0 0 0 33 0 0 0 12 0 0 0 25 21 22 26 0 0 23 0 36 40 0 41 35 38 43 44 45 47 46 0 0 14 17 18 0 19 20 0 0 4 0 1 0 3 5 
13 9 11 0 0 0 12 0 0 35 0 38 0 39 4 0 0 5 6 3 2 16 0 0 0 20 0 17 22 23 24 0 0 0 21 0 45 0 43 47 48 0 0 32 0 0 28 0 33 
48 44 46 43 0 45 0 0 27 21 26 0 0 25 39 0 36 40 41 0 0 0 0 5 4 0 49 0 0 9 10 12 11 0 7 0 31 0 29 33 34 30 20 0 16 0 0 17 0 
