7
38 33 35 0 34 0 36 0 9 4 0 5 8 7 49 3 2 47 48 46 0 0 26 0 0 28 0 0 0 24 18 0 0 23 0 15 0 0 0 0 0 11 0 0 0 40 45 0 44 
0 5 7 9 6 4 0 0 30 25 31 26 29 0 21 0 23 0 0 0 22 48 47 0 46 49 2 0 0 45 0 0 0 0 0 0 35 37 0 33 0 32 0 11 15 0 17 13 16 
0 0 42 0 0 39 43 0 0 11 17 0 15 0 0 10 0 5 0 0 8 0 0 36 0 0 37 0 0 31 0 0 28 0 0 0 0 0 24 0 0 18 0 0 1 0 3 0 0 
24 19 0 23 0 0 22 0 44 0 0 40 0 0 0 0 0 0 0 32 36 0 12 15 0 0 0 0 6 0 0 8 7 9 5 1 0 2 3 47 0 46 28 25 0 26 0 27 0 
3 0 0 0 0 46 1 20 23 18 0 0 22 21 0 17 0 12 13 11 15 0 0 43 0 0 44 45 0 38 0 36 0 37 33 0 28 0 0 26 27 0 0 4 0 5 0 0 0 
0 0 28 30 27 0 0 48 0 46 0 0 1 0 0 45 44 40 41 0 0 0 0 0 18 21 0 24 13 17 11 0 14 16 12 8 7 9 10 0 6 0 0 0 0 33 0 34 37 
0 0 14 16 0 0 0 34 0 0 38 33 36 35 28 31 30 26 27 0 29 0 0 0 4 0 9 10 0 3 46 1 49 0 0 0 42 0 45 0 0 39 0 0 22 0 0 20 23 
14 9 11 0 10 0 12 31 34 29 35 0 33 32 25 28 0 23 24 22 26 0 0 5 0 0 6 7 45 0 43 47 46 0 44 40 0 0 0 37 38 36 0 0 19 16 0 17 0 
0 0 18 20 0 0 0 38 0 36 42 37 0 39 32 0 0 30 31 29 33 10 9 12 0 11 13 0 3 7 1 0 0 6 0 47 0 0 49 44 0 0 0 0 0 23 0 24 0 
0 0 0 0 45 43 47 17 0 15 0 0 19 0 0 14 13 9 10 8 0 38 0 40 0 0 0 0 0 35 0 33 0 34 30 0 0 0 28 23 24 22 0 0 0 2 7 0 6 
0 23 25 27 0 22 0 45 0 43 49 0 0 46 0 0 41 37 0 0 40 0 16 0 15 18 20 0 10 0 8 0 0 0 9 5 0 0 0 0 3 1 32 29 0 30 35 31 34 
0 0 32 34 31 0 33 3 0 0 0 2 5 0 46 49 48 44 45 0 0 24 0 26 22 0 0 0 0 21 15 19 18 0 16 12 11 0 14 9 10 0 0 0 0 0 0 38 0 
0 0 4 6 3 1 0 0 0 0 28 0 26 25 18 0 0 16 0 15 19 0 44 47 0 46 0 0 0 0 36 0 39 41 0 0 32 34 0 0 0 29 0 0 12 0 0 0 0 
42 37 0 41 0 36 40 10 0 8 14 9 12 11 4 7 6 0 3 1 0 31 0 0 0 32 0 0 24 28 0 0 0 27 0 0 0 0 0 16 17 0 0 0 47 0 49 0 0 
33 0 30 0 29 27 31 1 0 48 0 49 3 0 0 47 0 42 0 0 0 22 21 0 20 23 25 26 0 19 0 17 16 0 0 0 0 11 0 7 8 6 37 0 38 0 0 0 39 
40 35 0 0 36 34 38 8 11 6 0 7 0 9 0 5 4 0 1 48 0 0 0 0 0 0 0 0 22 26 20 0 23 0 0 17 0 0 0 14 0 13 0 41 45 42 47 43 46 
0 0 44 46 0 0 0 0 18 13 0 0 0 0 0 12 11 0 8 0 0 0 0 0 34 37 39 40 0 33 0 0 30 0 0 0 23 0 26 21 22 20 2 48 3 0 0 1 4 
26 21 0 25 0 0 0 43 46 41 0 0 0 44 37 0 0 0 36 34 0 0 14 17 0 0 0 19 0 0 0 10 9 11 7 3 2 4 0 49 0 0 0 27 0 0 33 0 32 
19 0 0 18 15 0 0 0 39 0 40 35 38 0 0 33 32 0 29 0 31 8 0 0 6 0 11 0 0 0 48 0 2 0 0 0 44 46 47 42 0 41 23 20 0 0 0 0 25 
5 49 2 4 1 48 3 0 25 20 0 0 0 0 16 0 0 0 0 13 0 43 42 45 0 0 0 47 0 40 34 0 37 39 35 0 30 32 33 28 29 27 0 6 0 7 0 0 0 
12 7 0 0 0 6 0 29 32 27 33 28 0 30 23 26 0 21 22 20 0 0 49 3 48 0 4 0 43 0 41 45 0 46 42 0 37 0 40 0 36 0 0 13 0 0 19 0 0 
0 0 0 0 0 38 0 0 0 0 16 0 0 13 6 0 0 0 0 3 7 33 32 35 31 0 36 0 0 0 24 0 0 29 0 21 20 0 0 0 19 0 0 45 49 46 0 0 1 
0 0 0 0 33 31 35 5 0 3 9 4 7 0 48 0 1 0 47 45 0 26 0 28 24 27 29 0 19 23 0 0 0 0 0 14 0 15 16 0 0 10 41 38 42 0 0 0 43 
0 18 0 0 19 17 0 0 43 38 0 39 0 0 34 37 36 0 0 31 35 12 11 14 0 0 0 16 5 0 3 7 0 0 4 0 48 0 0 46 47 0 0 24 28 25 30 26 29 
16 11 13 15 0 0 0 33 36 0 37 32 0 0 0 30 0 0 26 0 0 5 0 7 3 0 0 0 47 2 0 0 0 1 46 42 41 43 0 0 0 38 0 17 21 18 23 19 22 
0 4 0 0 5 3 7 0 0 24 0 25 28 27 20 0 22 18 0 17 0 0 0 49 45 48 1 2 40 44 0 0 0 0 39 0 0 36 0 0 0 31 13 10 14 11 0 0 15 
2 0 48 1 0 45 0 19 0 17 0 0 0 0 0 0 0 0 0 10 14 40 0 42 38 0 0 44 0 0 31 35 0 36 0 28 0 29 0 0 26 24 0 3 0 0 0 5 0 
0 0 27 29 0 24 0 0 0 0 0 46 49 0 41 0 43 39 40 0 0 0 0 0 0 20 0 0 0 0 10 0 0 0 0 7 6 8 9 4 5 0 34 31 35 0 37 0 36 
39 34 0 0 0 0 37 0 0 0 11 0 9 0 1 4 0 48 0 0 0 0 0 0 26 29 0 0 0 0 19 0 0 0 20 0 0 17 0 13 0 12 43 40 44 0 0 0 45 
32 27 0 31 0 0 30 49 3 47 4 48 2 0 0 0 45 0 0 0 44 21 0 0 19 0 24 25 0 18 12 16 15 17 13 0 0 10 11 6 0 0 0 0 37 0 39 0 38 
0 20 22 24 0 0 23 42 45 0 46 0 0 43 36 39 0 0 35 33 37 14 0 0 12 15 0 18 7 0 5 0 8 10 0 0 0 0 4 48 49 47 0 26 0 0 0 0 0 
18 0 15 0 0 0 0 0 0 33 39 34 37 36 0 32 0 27 0 26 30 7 6 9 5 8 10 11 49 4 47 0 0 0 0 44 0 45 46 0 42 40 22 19 0 20 25 0 0 
0 48 1 3 49 47 2 21 24 0 25 0 23 22 15 18 17 0 0 0 0 0 41 44 40 43 0 46 0 0 33 0 0 0 0 0 29 0 0 0 28 26 8 0 9 0 0 7 10 
11 0 0 10 0 5 9 28 0 0 0 27 30 29 0 0 0 20 21 19 23 49 48 2 0 1 0 4 0 46 40 0 0 0 41 0 0 38 0 34 35 0 15 12 0 0 18 14 0 
0 41 0 45 0 40 44 0 17 12 0 13 0 0 8 0 10 6 0 5 9 0 0 37 33 36 38 0 28 32 26 30 0 31 0 0 0 0 0 20 21 0 1 47 2 48 0 49 3 
0 0 0 5 0 0 4 0 0 0 27 22 25 0 17 20 0 15 16 0 18 44 43 0 0 45 0 0 37 41 35 0 38 0 0 32 31 0 34 29 30 28 10 0 11 8 0 0 0 
34 0 0 33 30 0 32 2 5 0 0 0 4 0 0 48 0 0 44 42 46 0 0 25 21 24 26 27 0 0 0 0 0 19 15 11 0 0 13 8 0 0 0 35 39 0 0 0 0 
27 22 0 0 0 21 0 0 47 42 0 0 0 45 0 0 0 0 37 0 39 16 15 18 0 0 19 0 9 0 0 0 0 12 0 0 0 5 6 1 2 49 31 28 32 0 34 0 33 
41 36 38 0 37 0 39 0 0 0 0 0 11 0 0 0 0 1 2 49 0 30 29 0 28 0 0 34 0 27 0 25 24 26 22 0 17 0 0 0 16 0 45 42 0 0 48 0 0 
48 43 0 47 44 42 0 0 19 14 0 15 0 0 0 0 12 0 9 7 0 37 36 39 0 38 0 41 0 0 0 0 31 0 0 25 0 0 0 0 0 21 0 0 0 1 6 2 0 
0 15 17 0 0 14 0 0 40 0 0 0 0 38 0 34 0 0 30 0 32 9 0 11 0 0 0 0 2 6 49 4 0 5 0 46 45 47 0 43 0 0 0 0 25 0 0 23 0 
13 8 0 12 9 7 0 30 33 28 0 29 0 0 0 0 26 0 0 21 25 2 1 0 0 3 0 6 44 0 0 46 45 0 0 0 38 40 0 0 0 0 0 0 0 15 0 0 0 
22 0 0 0 0 16 0 0 42 0 0 38 0 40 33 0 0 0 0 0 0 11 10 0 0 12 0 15 4 8 0 6 5 0 3 0 47 49 0 45 0 0 26 23 0 24 0 25 0 
15 10 0 14 0 9 0 0 35 30 0 31 0 33 26 0 0 24 25 23 0 4 3 6 0 0 0 8 46 1 0 48 0 49 0 41 40 42 0 0 0 0 19 0 20 17 22 18 0 
0 3 0 0 4 2 6 25 28 0 29 0 27 0 0 22 21 0 18 0 0 46 0 0 0 47 49 1 0 43 0 41 40 0 38 34 0 0 36 0 32 0 0 9 0 10 15 11 14 
0 45 47 49 46 44 0 0 0 16 0 0 0 0 0 15 0 10 0 0 13 0 38 0 0 0 42 0 0 36 0 0 33 35 31 27 26 0 0 24 0 23 5 0 0 3 8 0 0 
36 0 0 0 32 0 34 0 0 2 0 0 6 5 0 1 49 45 46 0 48 0 0 0 0 0 0 0 0 22 16 20 0 21 0 13 0 14 0 0 0 9 40 0 0 38 0 0 42 
29 24 26 28 0 0 27 46 0 0 0 0 48 0 40 43 0 0 0 37 41 0 17 20 16 0 0 22 11 15 0 13 12 14 0 6 5 7 0 0 0 2 0 0 0 0 36 32 0 
0 0 40 0 0 37 0 0 0 9 0 10 13 12 0 8 7 3 4 0 6 32 31 0 30 33 0 36 25 29 23 27 26 28 0 0 19 21 0 17 0 16 47 0 0 0 1 0 49 
