7
30 0 27 33 31 29 0 0 17 16 0 0 0 0 36 34 35 38 37 40 39 4 0 0 0 0 0 0 0 11 6 7 10 8 9 41 0 0 0 46 42 0 0 26 21 22 25 23 24 
0 25 20 26 24 0 21 11 10 0 0 0 6 8 29 0 28 31 0 0 0 46 0 0 0 44 45 41 0 4 48 49 0 1 0 0 0 0 0 0 35 38 13 19 14 0 18 0 17 
37 0 0 0 38 0 0 25 24 0 26 0 0 0 0 41 0 0 44 0 0 11 0 0 0 9 10 6 19 0 13 0 17 15 0 48 2 5 0 4 49 0 0 0 0 29 32 30 31 
16 18 13 0 17 0 14 0 0 0 5 49 48 1 0 20 21 0 23 0 0 0 0 0 35 37 38 34 47 46 41 42 45 0 0 27 30 33 0 32 28 31 6 0 0 0 11 9 10 
0 0 41 0 0 43 0 0 31 30 33 0 27 29 1 48 0 3 2 0 0 18 0 0 14 16 0 13 0 25 20 0 0 0 0 6 0 12 0 11 7 10 0 0 35 0 39 37 38 
9 0 0 12 10 0 7 0 0 44 0 0 0 43 0 0 14 17 16 0 0 32 33 0 28 30 31 0 40 39 0 0 0 36 0 20 23 0 22 0 0 24 48 0 0 1 0 2 0 
2 4 0 5 3 0 0 39 0 37 0 35 34 0 8 0 7 0 0 0 0 0 26 22 21 23 24 20 33 32 0 28 31 0 0 13 16 19 15 18 0 0 0 0 0 0 0 44 0 
38 40 0 41 0 0 36 0 0 0 27 0 21 23 0 0 0 46 45 0 0 0 0 0 0 0 11 0 20 19 14 15 18 0 0 0 0 6 2 0 1 4 28 0 0 0 33 0 0 
3 5 49 6 0 2 1 40 0 0 0 36 0 37 9 0 0 11 0 13 12 0 0 0 0 24 0 0 34 0 0 0 0 0 31 14 0 0 16 0 15 18 0 0 0 0 0 0 46 
0 33 0 34 32 30 0 19 18 0 20 15 0 0 37 0 36 0 38 0 0 5 0 2 1 0 4 0 0 12 0 8 0 0 0 42 0 48 0 0 0 0 0 0 22 23 0 24 25 
0 0 21 27 0 0 22 0 0 0 13 8 0 0 30 0 29 0 31 0 0 47 0 44 43 45 0 0 0 5 49 0 0 0 3 35 0 0 0 0 0 39 0 20 0 16 0 17 18 
0 19 14 20 0 16 0 0 0 3 0 0 0 2 0 21 0 0 24 27 0 0 41 37 36 38 39 0 48 0 42 43 46 44 0 0 0 34 30 0 29 32 7 13 8 0 12 10 11 
10 0 7 13 11 0 8 0 46 45 0 0 42 0 16 0 0 0 17 20 19 0 34 30 29 31 32 28 41 0 0 36 39 0 38 21 24 0 23 26 22 0 49 6 1 2 5 3 4 
0 47 0 48 46 44 43 33 0 0 34 29 28 30 0 49 0 4 3 0 0 0 20 0 0 0 18 0 27 0 0 22 0 23 24 0 10 13 0 12 8 0 0 0 0 37 0 0 39 
13 15 0 16 14 12 11 1 0 48 2 0 0 0 19 0 18 21 20 0 0 0 37 0 32 34 35 31 0 43 0 39 42 40 41 24 0 30 0 29 25 28 0 9 4 0 8 6 7 
0 0 45 2 49 47 46 36 0 34 37 0 0 0 0 3 4 7 6 0 8 0 0 19 18 0 0 0 30 0 0 0 28 26 27 10 0 0 0 0 11 0 0 0 0 0 43 0 0 
0 22 17 0 21 19 18 8 0 0 9 0 0 5 26 0 25 28 27 30 29 43 44 0 0 0 42 38 2 0 45 0 49 47 0 31 0 37 0 36 0 35 0 16 0 0 15 13 14 
0 36 31 37 35 33 0 22 0 20 23 0 17 19 0 0 0 42 0 0 0 8 9 0 4 0 0 3 0 0 10 0 0 12 0 0 0 0 47 1 46 0 24 0 0 26 29 0 0 
0 8 3 9 0 0 0 43 42 41 0 39 38 40 0 10 11 0 0 0 15 29 30 0 0 0 28 0 0 36 31 32 35 33 0 17 20 23 0 0 0 0 0 0 46 0 1 0 0 
27 0 24 0 28 0 0 15 0 0 16 0 10 12 33 0 32 35 0 0 0 1 0 0 0 48 0 45 9 0 3 0 0 5 0 0 41 44 40 43 0 0 0 0 0 0 22 20 21 
41 43 0 0 42 40 0 0 28 27 0 0 0 0 47 45 0 0 0 2 0 15 0 0 0 13 14 0 23 0 0 18 21 19 20 3 0 0 5 8 0 7 0 37 0 0 36 34 35 
32 0 29 35 0 0 30 20 19 18 0 16 0 17 38 0 37 0 39 0 0 6 0 3 0 0 0 1 14 0 0 0 0 10 11 43 46 0 45 0 44 0 0 28 23 24 27 0 0 
0 41 36 42 0 38 0 0 26 25 0 23 0 0 0 0 0 0 0 49 0 13 0 0 9 11 12 8 21 20 0 0 0 17 0 0 4 0 3 0 0 0 0 35 0 31 0 0 0 
0 0 43 0 0 0 0 0 33 0 0 30 0 0 3 1 0 0 4 7 6 0 21 0 0 0 19 0 28 0 22 23 26 24 25 8 11 14 10 13 0 12 0 0 0 38 0 0 0 
0 6 0 0 0 3 2 41 0 0 0 37 0 0 10 8 9 0 11 14 13 27 0 24 0 25 26 22 35 0 29 0 33 0 32 15 18 0 0 0 0 0 43 0 44 0 48 0 0 
11 13 0 0 12 10 0 0 47 46 0 44 0 0 17 15 0 19 18 21 20 34 35 0 30 32 33 0 42 0 36 37 0 0 39 0 25 28 0 0 23 0 0 0 2 0 6 0 5 
0 0 0 28 26 0 0 13 12 0 0 9 0 0 0 0 30 0 0 0 34 48 0 45 0 0 47 0 0 0 1 2 5 0 0 0 0 0 38 0 37 0 15 0 16 17 20 0 19 
18 20 0 0 19 17 0 6 5 0 7 0 1 3 0 0 0 0 25 0 0 41 42 38 37 0 40 0 49 0 43 0 47 0 46 0 0 0 0 34 30 0 8 0 0 0 13 11 0 
21 23 0 24 22 20 0 0 0 0 10 0 4 0 0 0 0 0 28 0 30 0 0 0 0 0 43 39 0 2 0 0 1 0 49 32 35 0 34 37 33 0 11 0 12 0 0 0 15 
0 0 25 31 29 27 26 0 0 0 0 0 11 13 0 32 0 0 35 38 37 0 3 0 47 49 0 46 10 9 0 5 0 6 0 0 0 45 0 0 40 43 18 24 0 0 23 0 22 
14 16 11 17 15 13 0 2 0 0 3 47 0 0 0 0 19 22 21 0 0 0 38 34 33 35 36 0 45 44 39 0 0 0 0 0 0 31 0 0 0 0 4 10 5 0 0 0 8 
49 0 46 0 0 0 0 0 36 0 38 33 32 0 6 4 5 8 0 0 0 23 0 20 0 21 22 18 31 0 25 0 0 27 28 11 0 0 0 0 12 15 0 0 40 0 0 0 0 
35 0 32 38 0 0 0 0 22 0 24 0 18 20 41 39 40 43 42 45 0 0 0 0 5 7 0 4 17 16 11 0 0 13 14 46 49 3 48 0 47 0 25 0 0 0 0 28 29 
0 9 4 0 0 0 0 44 43 42 0 40 0 0 0 0 0 15 0 0 16 0 0 0 26 0 0 0 38 37 32 0 0 34 35 18 0 0 20 0 19 22 46 3 0 0 0 0 1 
0 0 39 45 0 41 40 0 29 28 0 26 0 0 48 0 47 1 0 0 2 16 17 0 12 14 15 0 0 23 18 0 0 0 21 4 7 10 6 0 0 0 32 0 33 34 37 35 36 
47 0 0 0 48 0 45 0 34 0 36 0 0 32 0 0 3 6 5 0 7 0 0 0 17 19 20 16 0 0 0 0 27 25 26 9 12 0 11 14 0 0 37 0 0 39 0 0 41 
5 7 0 8 0 4 0 42 41 40 0 38 0 39 0 0 10 13 12 0 14 28 0 25 0 26 27 0 36 35 30 0 34 0 0 0 19 0 0 21 17 20 0 1 45 0 0 47 48 
33 0 30 0 34 32 0 21 20 19 0 0 16 0 0 0 38 0 40 0 0 7 8 0 0 0 6 0 0 0 9 10 0 11 12 0 47 0 0 0 45 48 0 29 24 25 28 26 27 
40 0 0 0 0 0 0 28 27 0 0 0 23 0 46 44 45 0 47 0 49 0 0 11 0 0 0 9 0 0 16 0 20 18 0 2 5 0 4 7 3 6 0 36 0 0 0 33 0 
0 0 16 0 0 18 0 0 0 0 0 3 0 4 25 0 0 0 26 0 28 0 0 0 0 0 41 0 0 49 44 45 48 46 0 0 33 0 32 0 31 0 0 15 0 0 14 12 13 
26 0 23 29 0 25 0 14 13 0 15 10 0 11 0 0 31 34 0 36 0 49 1 46 45 0 48 44 0 0 2 3 0 0 0 0 40 0 0 0 38 0 16 22 0 18 0 19 20 
0 0 9 0 0 11 0 49 48 47 0 45 0 0 18 0 0 20 0 22 21 0 36 0 31 33 0 30 43 42 0 38 0 39 0 23 0 29 25 28 0 0 0 8 0 0 7 5 0 
1 0 47 4 0 49 48 0 0 36 39 34 0 35 0 5 0 0 8 0 0 0 25 0 20 22 23 0 32 31 0 0 0 28 0 12 0 0 0 0 0 0 0 46 41 0 45 0 44 
43 0 0 46 0 42 0 0 30 0 32 0 0 0 49 0 48 2 0 0 3 0 0 14 0 0 16 12 25 0 19 20 23 0 0 5 0 0 7 10 6 0 0 39 34 35 0 36 37 
0 0 5 11 0 0 0 0 44 0 46 0 40 42 14 12 13 16 15 0 0 31 32 0 27 0 30 0 39 0 33 0 37 0 0 0 22 0 0 0 20 23 0 0 48 0 0 1 2 
0 17 12 0 0 14 0 0 2 0 4 48 0 0 21 0 0 0 22 25 24 38 0 0 34 0 37 33 0 0 0 0 44 42 0 26 0 0 0 0 27 30 5 0 0 0 10 8 9 
0 38 33 39 37 35 0 24 0 22 0 20 0 0 0 40 41 44 43 0 45 0 11 7 6 0 9 5 18 0 12 0 16 0 15 47 1 0 49 3 0 0 0 32 27 0 31 0 30 
0 31 0 0 0 28 27 0 0 15 0 0 12 0 0 33 0 0 36 0 38 0 0 49 48 1 0 0 0 10 0 6 9 7 0 40 0 46 0 45 0 0 0 25 0 21 0 22 0 
0 24 19 25 23 21 20 0 0 0 11 6 5 0 0 26 0 30 29 0 0 45 46 42 0 43 44 40 0 0 47 0 2 0 0 33 0 39 0 0 34 37 0 0 0 14 17 15 16 
