7
0 17 0 15 0 19 0 20 25 0 24 0 22 21 0 0 47 41 0 0 0 0 0 0 0 0 0 0 0 1 5 3 0 49 0 9 11 7 8 0 0 12 36 0 37 0 40 34 38 
46 45 42 0 41 0 0 0 0 5 0 0 1 0 24 21 26 20 0 0 25 0 9 8 10 0 6 12 27 0 33 0 0 28 0 37 39 0 0 38 0 40 0 18 16 14 19 13 17 
0 38 35 0 0 40 37 41 46 47 0 44 43 42 0 0 0 0 0 15 18 49 0 1 0 4 0 5 20 22 26 0 0 21 23 30 32 0 0 31 27 33 8 11 0 7 0 6 10 
0 24 21 22 20 26 23 27 32 0 0 0 29 28 3 49 0 0 0 1 4 0 37 0 38 39 0 0 6 8 12 10 0 0 9 0 0 14 0 0 0 0 0 0 44 42 47 0 45 
11 10 7 0 0 12 9 0 18 0 0 16 0 14 0 0 0 0 37 36 0 21 0 0 24 25 0 0 41 0 47 0 46 0 0 0 4 49 0 0 48 5 29 32 30 28 0 0 31 
0 0 0 1 0 0 0 6 11 0 0 9 0 7 0 28 0 27 0 0 32 0 0 0 0 0 13 19 0 36 0 38 0 0 0 0 46 42 0 45 41 0 0 0 0 21 26 0 0 
32 0 28 0 27 0 30 0 39 40 38 0 36 35 10 7 0 0 9 8 11 0 0 43 45 0 41 0 0 15 0 0 0 14 16 23 0 21 0 0 0 26 0 0 2 0 0 48 0 
31 30 0 28 26 0 29 33 38 0 0 0 35 0 9 0 11 5 8 0 0 41 43 42 44 0 0 46 12 14 0 0 17 0 0 22 24 0 21 0 19 25 0 3 1 0 4 47 0 
45 0 41 42 40 0 43 0 3 0 2 0 0 48 0 0 25 19 0 0 24 6 0 7 0 0 0 0 0 28 32 0 31 27 0 0 38 0 0 37 33 0 14 17 15 0 18 12 16 
24 0 0 0 0 0 0 0 31 32 0 29 28 0 0 0 0 0 1 0 0 0 0 0 0 38 33 0 5 0 0 9 10 0 0 15 0 0 0 0 12 18 0 45 43 41 46 0 0 
0 0 13 0 0 0 15 19 24 0 23 22 21 0 44 41 0 0 0 0 0 27 0 28 30 31 0 0 0 49 0 2 3 48 0 0 0 0 7 0 5 0 0 38 0 0 39 33 37 
0 0 34 0 33 39 36 0 45 46 0 0 0 41 16 13 18 12 15 14 0 0 1 0 2 0 0 4 19 0 25 23 0 0 0 29 0 27 28 0 0 32 7 0 0 6 0 5 9 
3 2 48 49 47 4 1 0 0 11 9 0 7 6 0 27 0 26 29 0 0 13 0 0 16 0 0 0 0 0 39 0 38 34 36 43 45 41 0 44 0 46 21 0 0 20 0 19 0 
10 9 6 0 0 11 0 0 17 0 0 0 0 0 37 0 39 0 0 0 38 0 0 0 0 24 19 25 40 42 0 44 45 41 0 0 0 0 0 2 0 0 0 0 0 0 32 0 30 
21 0 0 18 0 22 0 23 28 29 0 26 25 0 48 45 1 0 0 46 49 31 33 32 0 0 0 36 0 0 0 0 0 3 5 0 14 0 0 13 9 0 39 42 40 0 43 0 41 
0 0 0 39 37 43 40 44 49 0 0 0 0 0 0 0 0 0 0 0 0 0 0 0 0 7 2 0 23 0 29 27 0 24 0 33 0 31 32 0 30 36 11 14 0 0 0 9 13 
7 6 3 4 2 0 5 0 0 0 13 12 11 10 34 0 0 0 0 32 0 17 0 18 0 0 16 22 0 39 43 0 42 38 0 0 0 45 0 0 44 1 25 28 0 24 29 0 0 
0 0 24 25 23 0 26 0 0 36 34 33 32 0 0 0 0 0 0 4 7 0 40 39 0 42 0 0 0 0 0 0 0 0 0 0 0 0 18 20 0 22 46 0 0 45 1 44 0 
49 0 45 0 0 1 47 0 7 8 6 5 4 0 0 24 29 23 26 25 0 10 12 11 0 14 9 15 30 32 0 0 0 31 33 40 42 0 39 41 37 43 0 21 0 17 22 0 20 
35 34 0 0 0 36 0 37 42 0 0 0 0 38 13 0 15 9 0 11 14 0 0 46 48 0 44 1 0 18 22 20 21 17 19 26 0 24 0 27 23 29 0 0 5 0 0 0 0 
14 0 10 0 0 0 12 0 21 0 20 0 0 0 0 0 0 0 0 0 42 0 0 0 27 0 0 29 44 0 0 0 49 0 0 0 7 3 0 6 0 8 0 35 33 31 36 0 0 
0 7 0 0 0 9 6 10 15 16 0 13 12 0 0 0 37 31 0 0 0 0 20 19 0 0 0 0 0 40 44 42 0 0 41 0 1 46 47 0 45 2 0 29 0 0 30 24 0 
0 35 32 0 31 37 0 0 43 0 42 41 40 0 0 11 16 0 0 0 15 0 0 47 49 1 45 0 17 19 23 21 22 18 20 0 0 25 26 28 24 30 5 0 6 0 9 3 7 
1 49 0 0 0 0 0 0 8 0 7 6 5 4 28 0 30 0 0 26 29 0 0 0 0 15 10 16 31 33 37 0 0 32 34 41 43 39 0 0 0 0 19 0 20 18 23 0 21 
15 0 11 12 10 16 13 0 0 0 0 0 0 18 0 39 44 38 0 0 43 25 27 0 28 29 24 30 45 0 2 0 0 0 0 6 0 4 0 0 3 0 33 36 0 32 0 0 0 
0 42 39 40 0 44 0 0 1 2 49 48 0 46 0 18 0 0 0 0 0 4 0 0 7 8 3 9 0 26 30 0 29 25 27 34 0 0 0 0 31 0 0 0 0 0 0 10 14 
22 0 18 0 17 23 0 24 0 30 0 0 26 25 49 46 2 45 48 47 0 32 0 0 0 36 0 37 3 5 9 0 8 0 6 13 15 11 0 14 10 0 0 43 41 39 44 0 42 
29 0 25 0 0 0 27 0 36 0 35 34 33 0 7 0 9 0 0 0 8 39 0 0 42 0 0 44 0 0 16 14 0 0 13 0 0 0 19 0 17 0 0 0 0 46 0 0 0 
23 22 0 0 0 0 21 25 0 31 29 0 0 26 1 0 3 46 0 48 2 0 0 0 0 37 32 0 0 0 10 0 9 0 0 14 0 0 0 0 11 0 41 44 42 0 45 39 43 
0 15 0 0 0 0 0 18 0 24 0 21 20 19 0 40 45 0 42 41 0 0 28 27 29 30 25 31 0 48 0 0 2 47 49 7 9 0 0 8 4 0 34 37 0 33 0 0 36 
0 43 0 41 39 45 0 46 2 0 1 49 48 0 0 0 24 18 21 0 23 0 7 6 8 9 4 10 25 27 0 29 30 26 0 0 37 33 34 0 32 0 0 16 0 12 0 0 15 
2 0 0 0 0 0 49 0 9 10 0 0 6 5 29 26 31 25 28 0 30 12 0 13 15 16 11 0 32 34 0 36 0 0 0 0 0 40 0 0 0 0 0 0 21 19 0 18 22 
0 0 0 34 0 38 0 39 44 0 0 42 0 40 15 0 0 0 14 13 16 0 49 0 0 2 0 0 18 0 0 0 0 0 0 0 0 26 0 0 25 0 0 9 0 5 0 4 8 
9 0 5 0 4 10 0 11 0 17 0 14 13 12 0 0 38 0 35 34 37 0 0 0 0 23 0 24 39 0 45 0 44 40 42 0 2 0 0 0 0 0 0 0 28 26 31 25 29 
0 29 0 0 0 0 28 32 0 38 36 35 34 33 0 0 10 0 7 6 0 0 42 0 43 0 0 0 11 13 0 0 16 12 14 0 23 19 20 0 0 24 48 0 49 0 3 0 0 
0 4 0 0 0 0 3 7 0 13 0 0 9 0 32 0 34 0 31 30 0 0 0 0 18 0 14 20 35 37 0 0 40 0 38 45 0 0 0 46 0 48 23 26 24 22 0 21 25 
0 0 0 37 0 0 0 42 47 48 0 45 44 43 0 15 0 0 17 0 0 0 3 2 0 0 49 0 21 23 0 25 0 22 24 31 33 0 0 0 0 0 9 12 10 8 13 7 11 
26 25 0 23 0 0 0 0 0 34 32 31 0 29 4 1 6 49 0 2 0 36 0 37 39 0 35 41 7 9 0 0 0 8 0 17 19 0 16 18 14 20 0 0 45 43 48 0 46 
0 0 0 0 14 0 0 0 0 27 0 24 0 0 46 0 0 42 45 44 0 29 0 30 0 33 28 34 0 2 0 0 5 0 3 0 0 0 9 11 7 0 37 40 38 0 41 0 39 
47 46 43 44 42 48 0 49 5 0 0 3 2 1 25 22 27 21 24 23 26 0 10 0 11 12 0 0 28 30 34 0 33 0 0 0 0 36 0 0 35 41 16 19 17 0 0 14 18 
0 32 29 30 0 0 0 35 40 41 39 38 0 36 0 8 0 0 0 0 0 43 0 44 46 0 42 0 14 0 20 0 0 0 0 0 0 22 23 25 21 27 0 0 0 1 6 49 4 
0 0 8 9 0 0 10 14 0 20 18 17 16 15 39 36 41 0 0 37 40 0 0 0 0 26 0 27 0 0 0 46 47 43 45 0 5 1 2 0 0 0 0 0 0 29 34 28 0 
48 0 44 0 43 49 0 0 6 0 5 4 3 0 0 0 0 0 0 0 0 9 11 0 12 0 0 14 29 0 35 0 0 0 0 39 41 37 38 40 36 42 0 0 0 0 21 0 0 
0 0 37 0 36 42 0 0 0 49 0 46 45 0 19 16 0 0 18 0 0 2 4 3 5 0 0 7 0 0 28 26 27 23 0 0 34 0 0 33 29 35 0 13 0 9 14 8 12 
0 0 9 10 8 14 11 0 20 0 19 0 0 0 40 0 0 36 39 0 0 0 25 24 26 27 0 28 0 0 0 47 48 44 0 0 0 2 0 0 1 0 31 0 32 0 0 29 0 
6 0 0 3 1 7 0 8 13 14 0 11 10 9 0 0 0 29 32 0 34 0 18 0 0 0 0 0 0 38 0 40 41 0 39 46 0 44 0 0 43 49 24 0 0 23 28 0 0 
0 0 0 24 22 28 0 0 0 0 33 32 0 0 0 0 0 1 4 3 6 0 0 38 40 0 36 42 0 10 0 12 0 0 11 0 20 0 0 19 0 0 0 0 46 44 0 43 0 
34 33 0 31 0 35 0 36 41 42 0 39 38 0 0 9 14 8 0 10 0 0 46 0 0 0 43 49 15 0 0 19 20 0 18 25 27 23 0 26 0 0 3 0 0 2 0 0 0 
20 0 16 17 0 21 18 0 0 28 0 25 24 23 47 0 0 43 0 45 48 30 0 31 0 0 29 35 1 3 7 5 6 2 0 0 0 0 0 12 8 14 0 0 0 37 0 0 0 
