7
0 8 0 0 0 7 0 24 28 29 30 0 0 0 17 23 0 22 20 18 19 0 0 0 44 43 40 39 0 37 0 34 31 35 32 16 15 0 0 0 0 10 0 0 0 0 46 49 2 
0 22 0 20 23 0 0 0 42 0 0 0 0 0 31 0 0 36 0 0 0 6 3 0 0 0 5 0 0 0 47 0 45 0 0 0 29 28 26 27 0 24 12 0 0 13 11 0 16 
31 0 32 0 37 0 0 0 7 8 0 5 6 0 0 2 0 1 48 46 47 20 17 0 23 0 0 18 15 16 12 0 10 14 0 0 43 42 40 41 0 38 0 29 0 0 0 0 30 
24 29 0 27 0 0 0 45 0 0 2 0 0 0 38 44 42 0 41 0 0 0 10 0 16 15 12 11 0 0 5 0 3 0 0 0 36 35 33 34 32 31 19 22 0 20 18 0 0 
10 0 0 0 16 14 0 31 35 0 0 33 34 32 24 0 0 0 0 25 0 0 0 49 2 1 0 46 0 0 40 0 0 0 0 23 0 0 19 0 18 17 5 8 3 6 0 0 9 
0 0 0 0 44 0 40 10 0 0 16 12 13 0 3 0 0 0 6 0 0 27 0 28 0 0 0 25 0 0 0 0 0 21 0 0 1 49 47 48 46 45 33 36 31 34 0 0 37 
45 1 0 0 0 49 0 17 21 22 23 0 0 0 10 0 14 15 13 11 0 34 0 0 37 0 0 0 29 30 0 27 0 0 0 0 0 0 5 6 4 0 0 43 38 41 39 0 44 
0 0 0 0 0 36 34 0 8 0 0 6 0 0 46 3 0 2 0 0 48 0 18 0 0 23 20 0 0 0 13 0 0 15 0 0 0 0 41 0 0 39 27 0 25 0 26 0 31 
4 9 5 7 10 0 0 25 0 0 31 0 0 0 18 0 0 0 21 0 0 0 39 43 45 0 0 40 37 0 34 35 0 0 0 0 0 0 0 0 12 11 48 2 46 0 0 1 0 
39 0 40 42 45 0 0 0 0 0 17 0 14 0 4 0 8 0 0 5 6 28 25 29 31 30 27 26 23 0 0 0 18 0 0 3 0 0 48 0 0 0 34 37 0 0 0 36 38 
18 23 0 0 24 22 20 39 43 44 45 0 42 40 0 0 36 37 35 33 34 0 0 8 10 0 0 5 0 3 48 49 0 0 0 31 0 29 0 28 0 25 13 16 11 14 0 15 17 
0 0 47 49 3 1 48 18 22 0 24 20 21 19 0 17 15 0 0 12 0 0 0 36 38 0 0 33 30 31 0 28 0 0 26 10 9 0 6 0 0 4 41 0 0 42 40 0 0 
0 0 26 0 0 29 27 0 1 0 0 48 0 47 39 0 43 0 0 0 41 14 11 0 17 0 13 0 0 10 6 7 4 8 5 38 37 0 0 0 33 0 20 23 0 21 0 22 24 
11 16 0 14 17 15 13 0 0 0 38 0 35 33 0 0 0 30 0 26 0 0 46 0 0 2 48 0 0 0 41 0 39 0 0 0 0 22 20 0 0 18 0 9 4 0 0 8 0 
0 0 43 0 0 0 0 0 0 19 0 0 0 0 0 13 0 0 10 0 9 0 0 0 0 0 30 29 26 0 0 24 21 0 22 0 5 0 2 3 0 49 0 0 35 0 36 39 41 
35 0 36 38 41 0 0 7 0 12 0 0 0 0 49 0 4 0 3 1 0 0 21 25 0 26 23 22 0 0 16 17 0 18 15 48 47 46 0 45 43 42 30 0 28 0 0 32 0 
0 0 15 17 0 0 0 35 0 0 41 37 0 36 28 0 32 33 31 29 30 0 49 0 6 5 2 1 0 48 44 0 42 46 43 0 0 25 0 24 0 21 9 0 7 0 8 0 0 
0 0 0 0 13 0 0 28 32 33 0 0 0 0 0 0 0 0 0 22 0 0 0 46 48 0 44 43 40 41 37 0 0 0 36 0 0 0 0 0 15 0 2 5 49 3 0 4 0 
21 0 0 24 0 0 23 42 0 0 48 0 45 43 0 0 0 40 0 0 0 0 0 11 13 0 9 0 5 0 0 0 49 4 1 0 33 32 30 0 29 0 0 19 0 17 15 18 20 
0 5 0 3 6 0 2 0 0 0 27 0 0 0 14 0 0 0 0 15 16 38 35 0 0 40 37 36 33 34 0 0 0 32 29 0 12 11 9 10 0 0 44 47 42 0 0 46 48 
0 0 29 31 34 32 0 49 4 5 6 2 3 1 42 0 0 0 0 0 0 17 14 18 20 0 0 15 12 0 0 10 0 0 0 41 40 39 37 38 36 0 23 0 21 24 22 25 0 
27 0 0 0 0 0 29 48 0 0 5 0 2 49 41 47 0 46 44 0 43 0 13 17 0 18 15 0 11 12 0 9 0 0 0 0 0 38 0 0 35 34 0 0 0 0 21 24 0 
0 18 14 0 0 17 0 34 0 0 40 0 37 35 27 33 31 32 0 28 29 0 0 3 5 4 0 49 46 0 43 44 41 45 42 0 25 24 0 23 21 0 8 11 0 0 7 10 0 
0 11 7 9 0 10 8 27 0 32 33 29 30 0 20 26 0 0 23 0 22 0 0 0 0 46 43 0 39 40 0 37 0 38 35 19 0 17 0 16 0 0 0 4 48 2 0 0 0 
34 0 35 0 40 0 36 6 10 11 12 8 0 7 48 5 3 4 0 49 0 0 0 24 26 25 22 21 0 19 15 16 0 17 14 47 0 0 43 0 0 0 29 0 0 30 0 0 0 
41 0 42 44 47 0 43 13 17 18 19 15 0 0 6 12 0 0 9 0 8 30 27 0 33 0 0 28 25 0 0 0 20 24 21 0 0 3 0 2 49 48 0 39 34 0 0 38 40 
0 0 49 0 0 0 0 0 24 25 0 0 23 21 0 0 17 18 16 14 15 0 0 38 0 0 0 0 32 0 29 0 0 31 28 0 0 0 0 9 0 6 43 46 41 44 42 0 47 
20 0 21 0 26 24 0 41 45 46 0 0 0 0 34 40 38 0 0 0 0 9 0 0 0 11 8 7 4 5 0 0 48 0 49 33 32 0 29 0 0 27 0 18 0 0 0 17 19 
0 0 0 39 42 0 0 0 12 13 14 10 0 0 0 7 5 6 0 2 3 0 0 0 28 27 24 0 20 21 17 18 15 0 0 49 48 47 45 46 44 43 0 0 29 0 0 33 35 
0 0 0 0 0 12 10 0 33 34 0 0 0 0 22 28 26 27 25 0 24 46 0 47 49 0 45 44 0 0 0 39 36 40 37 21 0 19 0 18 0 0 3 6 0 0 0 0 7 
0 27 0 0 0 26 0 0 47 0 0 45 46 0 36 42 0 0 39 0 38 0 8 12 0 0 10 0 0 0 0 0 1 0 0 0 34 33 31 0 0 0 17 20 0 18 0 19 0 
1 0 2 4 0 0 3 0 26 27 28 24 25 0 0 21 0 20 0 0 0 0 0 40 0 0 0 0 34 0 0 32 0 0 0 14 13 12 0 0 9 0 45 0 0 0 44 0 49 
29 34 0 0 35 0 0 1 0 0 0 3 0 2 43 49 0 48 0 0 0 18 15 0 0 20 0 16 0 0 10 11 0 12 9 42 0 40 0 39 0 36 0 0 0 25 23 0 28 
15 20 16 18 0 19 0 36 0 0 42 38 0 37 0 0 0 34 0 0 0 4 0 0 7 0 3 0 48 0 0 46 43 47 0 0 27 0 24 25 23 0 0 0 8 0 0 0 14 
0 0 44 0 0 47 0 15 19 20 21 17 18 0 0 14 12 0 0 0 0 32 29 33 35 0 31 0 27 28 0 0 0 26 23 0 0 5 0 0 0 1 0 0 36 39 37 40 0 
33 0 34 36 39 37 0 0 9 10 0 0 0 6 0 0 2 3 0 48 49 0 0 0 0 24 0 0 0 18 0 0 12 0 13 46 45 0 42 0 0 40 28 31 26 29 27 30 32 
0 3 0 0 4 0 49 19 23 0 0 21 22 0 0 18 16 17 0 0 14 36 33 0 0 38 0 34 0 32 28 29 26 30 0 0 10 9 0 8 6 5 42 0 40 0 0 0 0 
0 0 0 0 18 0 14 33 37 38 39 0 0 34 26 32 0 0 29 0 0 1 0 0 4 0 0 48 45 46 42 0 0 44 41 25 24 23 21 0 0 19 0 0 5 8 0 9 0 
0 0 41 0 46 0 42 0 16 17 18 0 0 0 0 11 9 10 0 6 0 0 0 30 32 31 0 0 0 0 0 22 0 0 0 4 0 2 49 1 48 47 0 38 0 36 34 37 0 
5 0 0 8 11 9 7 0 30 31 0 28 0 0 0 25 0 24 22 0 21 43 40 44 0 0 42 41 0 39 35 0 33 0 34 18 0 16 14 0 13 12 0 0 47 0 0 0 4 
26 0 27 29 0 30 28 0 0 0 0 49 1 48 0 46 44 0 43 41 0 0 0 0 18 17 14 13 10 0 7 8 5 0 0 39 0 37 0 36 0 33 21 24 19 22 0 0 0 
19 0 20 22 0 0 0 40 44 45 46 42 0 0 33 0 0 38 0 0 35 0 0 0 0 0 7 0 3 0 49 0 47 2 48 32 0 0 0 29 27 26 14 0 12 0 0 16 0 
0 21 17 19 0 0 0 37 0 0 0 39 40 0 0 0 0 0 33 31 0 0 0 0 0 0 0 0 0 1 46 47 0 0 45 0 28 27 25 0 0 0 11 0 9 0 10 13 15 
30 0 31 0 36 0 32 2 6 7 8 4 0 0 0 0 48 0 47 45 0 19 16 20 22 0 18 17 0 0 11 12 9 13 10 0 0 0 39 0 0 37 0 0 23 0 24 0 29 
0 7 0 5 0 6 0 0 0 0 29 25 0 0 0 0 20 0 0 0 18 40 0 41 43 0 39 0 35 36 0 0 0 34 31 15 14 0 11 0 0 0 0 0 44 47 45 0 0 
0 14 10 12 15 0 0 30 34 0 36 32 33 0 0 29 27 0 0 24 25 0 44 0 0 49 0 45 42 0 39 0 37 0 38 0 21 0 18 19 17 16 0 7 2 0 3 6 8 
37 0 38 0 43 0 0 9 13 14 15 0 12 10 0 8 6 7 5 3 4 0 0 27 0 0 0 24 0 22 0 19 16 20 17 0 0 0 46 47 0 44 0 35 0 33 31 34 36 
44 0 0 0 0 48 46 16 20 21 22 18 19 17 9 0 13 14 0 0 0 33 30 0 0 35 32 31 28 0 0 0 0 0 24 8 7 6 0 0 3 2 39 0 37 40 0 0 0 
0 28 0 0 0 27 25 44 48 0 1 0 0 45 37 0 0 0 0 38 0 12 9 0 15 14 11 0 7 0 0 0 2 6 3 0 35 34 0 33 31 0 0 21 0 0 0 0 22 
