7
0 0 47 42 44 0 0 0 0 13 17 0 0 0 48 3 4 0 0 0 0 0 0 23 21 0 24 0 28 33 32 27 31 29 30 0 7 0 0 12 6 0 36 39 34 0 0 0 0 
24 22 26 21 23 0 20 0 44 41 0 0 0 42 0 31 0 0 0 0 0 4 5 0 49 0 3 1 7 12 0 6 0 0 0 37 0 36 38 0 0 0 0 18 0 0 19 0 0 
0 0 0 14 0 18 0 0 0 34 38 40 0 0 0 0 25 0 0 0 0 46 47 44 42 0 45 0 49 0 0 48 0 0 0 30 0 0 0 0 0 0 0 0 6 0 0 10 7 
0 29 33 28 30 32 0 0 2 0 0 0 4 49 34 0 0 40 0 0 37 11 12 0 0 0 0 0 0 0 0 13 0 0 16 44 42 0 0 47 0 0 0 0 0 0 0 24 0 
0 0 0 0 0 4 48 22 23 20 0 26 0 21 0 0 0 0 0 7 0 0 0 0 0 27 31 0 0 40 39 34 38 0 37 0 14 15 17 0 13 0 0 0 41 0 47 45 0 
0 36 0 0 0 39 34 0 0 6 0 12 11 7 41 45 46 0 43 42 0 18 19 16 0 13 0 15 0 0 0 20 0 22 23 0 49 1 3 0 0 4 0 32 0 30 33 0 0 
0 0 0 0 9 0 6 29 0 27 31 0 32 28 0 0 18 0 0 0 16 0 40 0 0 0 0 0 0 47 0 0 45 0 0 0 0 0 0 0 20 25 0 0 48 0 0 0 49 
0 44 0 43 45 0 0 16 17 0 18 0 0 0 0 4 5 6 0 1 3 26 27 24 0 0 25 0 29 34 33 0 32 30 0 0 8 9 11 13 7 12 0 40 0 38 41 0 0 
0 2 0 1 3 0 49 0 0 21 25 27 0 22 7 0 12 0 9 8 10 0 0 0 0 28 32 30 36 0 0 0 39 0 0 17 0 16 0 20 0 19 0 47 0 45 0 0 43 
0 0 0 36 0 0 0 0 10 0 0 13 0 0 0 0 47 0 0 0 0 19 0 0 0 14 0 16 0 0 26 0 0 0 24 0 0 2 4 0 49 5 30 0 28 0 0 0 29 
25 23 0 0 24 0 21 44 0 42 46 0 47 43 0 32 33 0 30 0 31 0 6 3 1 49 4 2 0 13 12 7 11 0 0 0 0 0 39 41 35 0 0 0 0 0 20 0 0 
11 9 0 8 10 0 7 30 31 28 32 34 0 29 14 0 0 20 16 0 0 0 41 0 36 0 0 0 43 48 0 42 0 0 0 24 22 23 25 27 0 0 2 5 0 0 0 0 1 
32 30 0 0 0 0 0 2 3 49 0 6 0 0 35 39 0 0 37 0 0 12 0 10 0 7 11 9 0 20 19 0 0 16 17 45 43 44 0 0 42 47 0 0 21 24 27 0 22 
0 0 0 0 0 19 14 37 0 0 39 41 40 0 21 25 0 27 23 0 0 47 48 0 43 0 0 0 1 0 5 0 4 0 3 0 29 0 32 34 0 0 0 0 0 0 0 0 8 
15 0 0 0 0 0 0 0 35 0 36 38 0 33 0 22 23 24 20 19 21 44 45 42 40 39 0 0 47 3 2 0 1 48 49 0 0 0 29 0 25 30 6 0 0 0 10 8 0 
0 0 31 26 28 0 0 0 49 46 1 3 0 0 0 36 0 0 0 33 35 9 10 7 5 0 0 0 0 0 0 0 0 0 0 0 40 0 0 0 0 0 20 23 0 0 24 0 19 
43 0 45 0 42 44 0 0 0 0 0 0 16 0 0 1 2 3 0 47 49 23 24 21 19 0 22 20 26 0 0 25 29 27 0 0 5 6 0 10 4 0 0 0 0 35 38 0 33 
36 34 38 33 0 0 0 0 7 0 8 0 0 5 39 43 0 45 41 40 42 16 17 0 12 11 15 13 0 24 23 18 22 20 21 0 47 48 1 0 46 0 0 30 25 0 0 29 26 
0 20 24 0 0 23 0 41 42 0 43 0 0 40 25 29 0 31 27 26 0 2 0 49 0 46 1 0 0 0 0 0 0 6 0 0 33 34 0 0 32 37 13 16 11 0 0 15 0 
1 0 0 0 49 0 0 0 0 18 0 0 23 19 0 0 0 10 0 0 0 0 31 0 26 0 0 27 33 0 37 32 36 34 35 0 12 0 0 17 11 16 41 44 0 0 45 43 40 
8 6 10 5 7 9 4 27 0 25 0 31 0 0 11 0 0 0 13 0 0 37 38 0 33 0 0 34 0 0 0 39 43 41 42 0 19 0 0 0 18 23 48 2 0 49 3 1 47 
26 0 28 0 25 27 22 45 46 43 47 0 0 44 0 33 0 35 0 0 32 0 0 0 0 1 0 3 9 0 0 8 0 10 11 0 37 38 0 42 36 0 17 20 0 0 0 19 0 
19 17 0 0 18 20 0 0 0 36 40 42 41 37 22 0 0 0 0 23 0 0 0 46 44 0 47 45 0 7 0 1 5 0 0 0 0 0 33 0 29 0 0 13 8 11 0 12 0 
0 31 0 0 0 34 0 0 4 0 5 0 0 0 36 40 41 42 0 37 0 13 14 0 9 8 12 10 0 0 20 15 0 17 0 0 0 45 47 0 43 48 24 0 0 25 28 26 0 
47 45 49 0 0 48 43 0 0 0 19 0 0 16 1 5 6 7 3 2 4 27 0 0 23 0 26 0 30 0 34 29 33 31 0 0 9 0 12 0 0 13 38 0 36 39 0 0 0 
0 0 7 0 4 0 0 24 0 22 26 28 0 23 0 12 0 14 10 9 0 0 0 0 0 29 0 31 0 42 41 36 0 38 0 18 0 17 0 21 15 0 0 0 0 0 0 47 0 
12 0 0 9 11 0 8 0 32 29 0 35 34 0 15 19 20 21 17 16 0 0 42 0 0 0 0 0 44 0 0 43 0 0 0 0 23 0 0 0 22 27 3 0 0 0 0 0 0 
40 0 0 0 39 0 0 10 0 0 12 0 13 9 0 47 0 49 45 0 46 0 0 0 16 15 19 17 23 0 0 0 26 24 25 4 0 0 5 0 1 6 0 0 29 0 35 33 30 
0 0 0 0 5 0 0 25 26 0 0 0 0 24 0 0 14 15 11 0 0 0 36 0 0 30 0 0 0 0 42 0 0 39 40 0 0 0 0 22 0 21 46 0 0 47 1 48 45 
34 32 36 31 0 0 0 0 0 2 0 8 0 0 37 41 42 0 0 38 0 14 0 0 0 9 13 11 17 0 21 16 0 18 0 0 45 46 0 0 0 0 25 0 23 26 0 27 0 
0 46 1 45 47 0 0 0 0 16 20 0 0 0 0 6 7 0 0 0 0 0 29 26 24 0 27 25 31 36 0 0 34 32 0 0 10 11 13 15 9 0 39 0 0 0 43 41 38 
0 0 15 10 12 0 9 32 0 30 0 36 35 31 0 20 21 0 0 0 0 42 43 0 0 0 0 39 0 0 0 44 48 0 47 0 24 0 27 0 0 0 0 7 0 0 8 6 3 
20 18 22 17 0 0 16 39 40 0 0 43 42 0 0 0 28 29 25 0 26 0 0 0 0 0 0 0 0 8 7 0 6 0 0 33 31 0 0 36 30 0 11 14 9 0 15 0 10 
0 0 43 0 0 0 37 0 12 9 0 15 0 10 0 0 49 1 0 0 47 21 0 0 0 0 0 18 24 29 28 0 0 25 26 0 0 4 6 8 0 7 0 35 30 0 36 0 31 
0 25 0 24 26 0 0 46 0 0 0 1 49 45 30 0 0 0 32 31 0 7 8 5 0 2 0 4 10 15 0 9 0 0 0 40 38 0 0 0 37 42 18 0 16 19 22 0 0 
0 0 0 0 0 0 17 40 41 38 0 44 43 39 0 28 29 30 26 0 0 1 0 48 0 45 0 0 0 0 8 3 7 5 6 0 0 0 35 37 0 36 0 15 0 0 0 14 11 
0 0 0 4 0 8 0 26 27 24 0 0 0 0 10 14 15 0 0 0 13 36 0 0 32 31 0 33 39 0 43 38 42 40 41 20 0 0 0 23 17 22 0 0 0 0 0 0 46 
42 40 44 0 0 43 38 0 13 10 0 16 0 11 0 0 1 0 47 46 48 0 23 20 0 0 21 0 0 0 29 24 28 26 0 0 4 0 0 9 3 8 0 0 31 34 37 0 32 
0 0 0 0 0 0 10 33 34 0 35 37 0 32 17 0 22 0 19 18 20 0 44 41 0 0 42 40 46 0 0 45 49 0 48 0 0 0 0 0 24 29 0 8 3 0 0 0 0 
0 0 2 0 0 0 45 0 20 0 0 23 0 0 0 0 0 9 0 4 0 29 0 0 25 24 28 26 32 37 0 31 0 33 0 0 0 0 14 0 0 15 0 0 0 41 44 42 39 
0 26 30 25 0 29 24 47 0 0 0 2 1 0 31 35 36 0 33 32 34 8 0 0 0 3 7 0 0 0 0 10 0 0 0 0 39 40 42 0 38 43 0 22 17 20 23 21 18 
0 33 0 0 0 0 0 5 6 3 0 0 0 0 38 42 43 44 40 39 0 0 16 0 11 10 0 0 18 0 22 17 21 0 20 48 46 47 0 0 0 0 0 0 24 0 0 0 0 
44 42 46 0 0 45 40 0 15 12 16 0 17 13 0 2 3 4 0 0 0 24 25 22 0 19 0 0 27 0 31 26 30 28 0 0 0 0 9 11 5 0 0 38 0 36 0 0 0 
0 0 0 0 0 0 0 0 1 47 2 0 3 48 0 37 0 0 35 0 36 0 0 0 0 0 0 0 0 0 17 12 16 14 15 43 41 0 44 0 40 0 21 24 19 0 0 23 20 
0 35 0 34 0 0 33 0 0 5 9 11 10 6 0 44 45 0 0 41 43 0 0 0 0 12 16 14 20 25 0 0 23 21 22 0 0 49 2 0 47 0 28 0 0 29 0 0 0 
0 0 0 13 15 17 12 0 0 0 0 0 38 34 0 23 0 25 0 20 0 0 46 43 0 40 0 42 0 0 0 0 2 49 1 29 27 0 0 32 26 31 7 10 0 0 0 0 0 
2 49 0 0 1 3 47 0 0 19 0 25 0 20 0 0 10 0 0 6 0 31 0 29 27 26 30 0 0 39 0 0 37 0 0 15 0 14 16 0 0 0 0 0 40 43 46 0 0 
0 0 25 0 0 24 19 0 0 40 0 46 45 41 26 30 31 0 0 27 29 0 4 0 48 47 0 0 0 0 0 5 9 7 0 0 34 0 0 0 33 0 0 17 12 0 18 0 13 
0 7 11 6 8 10 5 28 0 26 30 0 31 27 12 0 0 0 14 0 15 38 0 0 0 33 0 0 41 0 45 40 44 42 0 0 20 0 23 25 19 0 0 0 0 0 4 2 48 
