7
0 0 42 0 0 38 0 0 0 0 0 4 2 5 0 0 0 9 10 0 0 28 0 23 26 0 22 0 0 48 46 45 0 0 0 0 33 0 29 32 34 31 18 17 0 21 19 15 16 
2 0 0 6 5 3 4 17 15 20 0 18 16 0 0 0 22 23 24 27 26 42 0 37 0 39 0 38 0 0 0 10 8 12 9 49 0 44 0 46 0 45 32 0 0 35 33 0 0 
30 0 0 0 0 31 32 45 0 0 0 46 44 0 7 0 0 2 0 0 0 21 20 16 0 18 15 17 42 41 0 38 0 40 0 0 26 0 22 25 0 24 0 0 13 14 0 0 0 
0 8 14 0 12 0 11 0 22 0 0 0 0 0 0 32 0 30 31 34 33 0 48 0 47 46 43 0 0 20 0 0 15 19 0 7 5 0 0 4 6 0 39 0 0 0 0 0 0 
16 15 0 0 19 17 0 0 0 0 35 0 0 33 42 0 36 0 0 0 40 0 6 2 5 4 1 0 0 0 0 0 22 0 0 0 12 0 0 11 13 10 0 0 48 49 47 0 44 
0 0 28 27 0 24 25 0 36 0 0 39 37 0 49 46 43 44 0 0 0 14 13 9 0 11 8 10 0 0 32 0 0 33 0 0 0 0 0 18 0 17 4 0 0 7 0 1 2 
44 43 0 48 0 45 0 0 8 13 14 11 0 0 0 18 15 16 17 0 0 0 0 30 0 32 29 31 0 6 0 0 0 0 0 42 40 0 36 39 0 0 25 0 0 28 0 22 0 
25 0 30 29 28 0 0 0 0 43 0 41 0 42 0 48 45 0 47 0 0 0 15 11 0 13 10 12 37 0 0 0 0 35 32 0 0 18 0 0 0 19 6 5 0 0 7 0 4 
11 0 16 15 0 0 0 0 24 29 30 27 25 0 37 34 31 32 0 36 0 0 0 46 49 48 45 47 0 0 0 19 0 21 0 0 0 4 3 0 8 5 0 40 43 0 42 38 0 
39 0 44 43 42 0 0 0 0 8 9 0 4 7 16 13 0 11 0 15 0 0 0 25 28 0 24 26 0 1 0 0 45 49 0 37 0 0 31 34 36 33 20 19 0 23 21 17 18 
0 45 0 1 0 0 0 0 0 0 16 0 0 0 23 0 0 18 0 22 0 37 0 0 35 0 0 0 9 8 0 0 3 0 4 0 42 0 0 0 43 40 27 26 29 30 28 0 25 
0 17 0 22 21 0 20 0 0 36 0 0 32 35 44 0 0 0 40 43 42 9 0 0 7 6 3 0 0 0 0 26 0 0 25 0 0 0 0 0 0 0 0 0 0 2 49 45 46 
32 31 37 0 35 33 0 0 0 1 2 48 46 49 9 0 3 0 0 8 7 23 0 0 21 20 0 0 44 0 41 40 38 0 0 0 28 0 0 0 0 0 13 0 15 16 14 0 11 
0 3 9 0 7 5 0 19 17 22 0 0 18 0 30 0 0 0 26 29 28 44 0 39 0 41 38 40 16 15 0 0 0 14 11 0 49 0 45 0 1 0 0 0 36 37 35 31 32 
0 0 0 10 9 0 8 0 19 0 25 0 20 0 0 29 26 0 28 0 0 46 0 41 44 43 0 0 18 0 15 0 0 0 0 4 0 48 47 1 0 49 36 35 0 0 37 33 34 
48 0 4 3 0 49 1 14 0 0 18 0 13 0 25 0 0 20 21 0 23 0 38 0 37 36 33 35 0 10 0 7 5 0 6 0 0 41 40 43 45 42 29 0 31 0 30 26 0 
13 0 0 17 0 0 15 0 0 31 0 0 27 0 39 36 33 0 0 0 0 0 3 0 2 0 0 49 0 24 0 0 0 0 20 11 9 6 0 8 0 7 43 42 0 46 0 40 0 
0 26 32 0 0 0 0 0 0 45 46 0 0 0 0 0 0 0 49 3 2 18 17 0 16 15 12 0 39 38 36 35 0 37 0 25 23 0 19 0 24 21 0 0 10 0 0 0 6 
34 33 0 0 37 0 36 49 0 0 4 0 0 2 0 8 0 6 0 10 0 0 24 0 23 0 0 0 46 0 0 42 40 0 0 32 30 0 0 29 31 28 15 0 0 18 0 12 0 
20 19 25 24 23 21 0 0 0 0 39 0 0 0 46 0 0 41 42 45 44 11 10 0 0 0 0 0 0 31 29 28 26 0 27 0 0 0 12 15 17 14 1 0 3 0 2 47 48 
41 0 46 0 0 0 0 7 0 0 11 0 6 9 18 15 12 0 0 17 0 32 31 27 0 29 0 28 4 0 0 0 47 2 48 39 37 34 0 36 0 0 0 21 0 25 0 19 0 
0 0 0 0 0 44 45 0 0 12 13 10 0 0 0 17 14 15 0 19 18 34 0 0 32 0 28 0 6 0 0 2 49 0 0 0 0 36 0 38 0 0 24 0 26 27 25 21 22 
0 35 41 0 39 0 38 0 0 0 6 0 0 0 0 10 0 0 9 0 0 0 26 22 25 24 0 0 0 47 45 0 42 46 0 34 0 0 0 0 33 30 17 16 0 0 18 14 0 
29 0 0 33 32 30 31 44 42 47 0 45 43 0 0 3 0 0 0 5 4 20 19 0 0 0 0 16 41 40 0 0 0 0 0 0 25 0 0 0 26 0 0 0 12 13 11 7 0 
8 7 13 0 0 9 10 0 21 0 27 0 0 25 34 0 28 0 30 0 32 0 47 43 0 45 42 0 20 0 17 0 14 18 0 0 0 1 49 3 0 2 38 37 0 0 39 0 0 
0 0 0 19 18 16 17 0 0 0 34 0 0 0 41 0 0 0 37 40 39 0 5 1 4 0 0 2 0 0 0 0 21 0 0 0 0 0 7 10 12 9 0 44 0 0 0 0 43 
22 21 27 26 25 23 24 37 0 40 41 38 36 39 48 45 42 43 0 0 0 13 0 8 11 0 0 0 34 0 0 0 28 0 0 20 0 15 0 0 0 16 0 0 5 6 4 0 1 
0 0 0 0 0 2 0 16 14 0 0 17 0 18 0 0 0 22 0 0 25 41 40 36 0 0 35 37 13 0 0 9 7 11 0 48 46 0 0 0 47 44 0 30 0 34 32 28 0 
35 0 0 0 38 36 0 1 48 0 5 2 0 0 0 9 6 0 0 0 0 26 25 0 24 23 0 22 47 46 0 43 0 45 0 33 31 28 0 0 32 29 0 15 0 19 17 0 14 
42 0 0 0 0 0 0 8 0 0 12 0 0 10 0 0 13 0 15 0 0 0 0 0 0 30 0 29 0 4 2 1 0 0 49 40 38 35 0 0 39 36 23 0 25 0 24 20 21 
28 27 0 32 0 0 30 43 41 46 0 0 0 45 0 2 48 49 0 0 3 19 18 0 0 16 13 15 0 0 37 0 0 38 0 0 0 0 0 0 0 0 9 8 11 12 10 6 0 
7 6 12 11 0 8 0 22 0 25 0 0 21 0 0 0 27 28 0 32 0 0 0 42 0 44 0 43 0 18 16 15 0 0 0 5 0 0 48 2 0 0 0 0 0 40 38 34 0 
0 0 0 0 3 0 2 0 0 18 0 0 0 17 26 0 20 0 22 25 0 40 39 0 0 37 0 36 0 0 0 0 6 10 7 47 0 42 41 44 46 43 0 0 32 0 31 27 28 
21 0 0 25 0 0 0 0 0 39 40 37 0 0 47 0 41 42 43 46 0 0 0 7 0 0 0 8 0 32 30 0 27 31 28 19 0 0 0 16 0 15 2 1 4 0 3 0 0 
0 13 19 0 0 15 0 29 0 0 0 30 0 31 0 0 0 0 0 39 38 5 4 0 3 0 0 1 26 25 0 0 0 24 21 0 0 7 0 9 0 0 0 43 46 0 0 0 42 
0 0 29 28 0 25 0 0 0 42 0 0 0 41 1 0 0 45 46 0 48 15 0 0 13 12 9 0 36 0 0 32 30 34 31 0 0 17 16 0 0 18 5 0 0 8 0 2 3 
38 0 0 0 41 0 0 4 2 0 0 5 3 6 0 12 0 0 11 0 0 0 28 24 27 26 23 25 0 0 0 0 0 48 45 36 0 0 30 0 0 0 19 18 21 0 0 16 0 
3 2 8 7 0 4 0 0 0 0 0 19 0 0 29 26 23 24 25 28 27 0 0 38 41 40 0 0 0 0 12 11 9 13 0 1 48 45 44 0 49 46 33 32 35 0 0 30 31 
45 0 0 0 0 46 47 11 9 0 0 0 10 0 22 0 16 17 0 21 0 0 0 31 0 0 30 0 0 7 5 0 0 6 3 43 41 38 37 40 42 0 0 25 0 0 0 0 24 
0 16 22 21 0 0 19 32 30 35 36 33 31 0 0 0 0 38 0 42 41 8 7 0 6 5 2 0 29 28 0 25 23 0 0 15 0 0 9 0 0 11 0 46 0 1 0 44 0 
0 0 0 35 0 32 0 46 0 49 1 47 0 0 8 5 2 0 0 0 0 22 0 17 20 0 0 0 0 0 40 39 0 0 38 0 27 24 0 0 28 0 0 0 14 15 0 0 10 
0 0 15 0 0 11 0 25 23 28 0 0 24 27 0 0 0 31 0 35 34 0 0 45 0 47 44 0 0 0 19 0 16 20 17 0 0 3 0 0 0 0 0 0 42 43 41 37 38 
0 25 0 30 0 0 28 41 39 44 45 0 0 43 0 49 0 0 48 2 1 0 16 0 0 14 0 13 0 37 0 34 32 36 0 0 22 19 0 21 0 0 0 0 9 0 0 0 0 
40 0 45 0 0 0 42 0 4 9 10 7 0 0 0 0 0 12 13 0 0 0 0 26 0 0 25 27 3 2 0 48 46 0 47 38 36 0 32 0 0 34 21 0 0 0 22 0 0 
0 4 0 0 8 0 0 20 18 0 0 21 0 0 31 28 0 26 27 0 0 45 44 0 0 42 0 0 17 0 0 13 11 15 0 0 1 0 0 0 2 48 0 34 0 0 36 32 0 
33 32 0 37 0 34 0 0 0 2 0 49 47 1 10 7 0 0 0 0 8 24 23 19 0 0 0 20 0 0 0 0 0 0 0 31 0 26 0 28 0 27 0 0 0 17 0 0 12 
0 0 0 0 0 0 14 27 25 30 31 28 0 29 38 0 0 0 34 37 36 3 2 47 0 49 0 48 0 23 0 20 18 22 19 0 0 5 4 0 9 0 0 0 44 0 43 39 0 
0 18 0 0 22 0 21 34 0 0 0 0 0 0 0 0 0 0 41 44 43 10 0 5 0 0 4 6 31 0 0 27 25 29 26 0 0 0 11 14 16 13 0 48 0 3 0 0 47 
47 0 0 2 0 0 49 13 0 16 0 14 12 15 24 21 0 19 20 23 0 0 37 33 0 35 32 34 0 0 0 6 4 0 5 0 43 40 39 42 0 41 28 0 0 31 29 25 26 
