7
17 14 0 0 16 0 0 3 5 0 0 0 4 0 0 0 23 26 0 0 25 0 0 39 35 38 40 36 0 9 11 10 0 12 7 44 41 0 0 43 0 42 0 0 0 33 28 0 30 
0 49 0 4 0 0 0 0 40 36 0 0 0 0 0 8 0 12 6 0 0 0 20 25 21 0 0 0 41 0 46 45 43 0 42 0 0 31 0 29 0 0 0 0 0 0 14 0 16 
0 0 29 32 0 33 27 17 0 0 0 14 18 16 38 36 0 0 34 0 0 0 48 0 49 0 0 0 20 0 0 24 0 0 21 0 0 10 0 0 11 7 41 0 43 47 0 46 44 
24 21 22 0 23 26 0 0 12 0 0 0 0 9 31 0 30 0 0 28 0 44 0 46 42 0 0 43 13 16 18 0 15 0 14 2 48 0 5 0 0 0 34 0 36 40 35 0 37 
0 0 36 0 37 0 34 0 26 0 20 21 25 0 45 43 0 0 0 0 0 0 0 0 7 10 0 8 0 30 0 31 29 33 0 0 0 17 0 15 18 14 0 0 1 0 49 0 2 
45 42 0 0 44 0 0 31 0 29 27 28 0 0 0 0 2 0 48 0 0 0 0 0 0 0 0 15 34 37 0 38 0 40 35 23 20 24 26 0 25 0 0 0 0 12 7 0 0 
0 7 8 11 0 12 0 45 47 43 0 42 0 44 0 15 16 0 13 0 0 30 27 0 0 31 0 29 48 2 0 3 1 0 49 0 34 0 0 36 0 35 0 24 0 0 21 0 23 
42 0 0 43 0 44 0 28 0 0 24 0 0 0 0 47 48 0 0 0 0 0 10 0 0 14 0 0 0 34 0 35 0 0 32 20 17 21 23 0 0 0 3 7 0 0 4 0 0 
0 0 47 1 0 0 45 0 37 33 31 32 0 0 7 5 6 9 3 4 8 20 17 0 18 0 0 19 0 41 0 0 0 0 0 27 24 28 0 0 0 25 10 0 12 0 0 15 0 
7 4 0 8 6 0 3 42 0 0 38 0 43 0 0 12 13 16 10 11 0 27 0 0 0 0 0 0 45 0 0 0 0 2 0 0 0 0 37 33 36 0 0 0 19 23 18 0 0 
0 18 0 0 0 0 0 7 9 0 0 4 8 0 0 26 0 30 0 0 29 0 38 43 0 0 0 0 0 0 0 0 0 0 0 48 45 0 2 0 0 0 31 35 0 0 32 36 0 
14 11 0 15 13 0 10 49 0 47 45 0 0 48 0 0 0 23 0 0 22 34 0 0 32 35 37 0 3 6 8 0 5 0 0 0 38 0 44 0 43 39 0 28 26 0 0 0 0 
0 32 33 36 34 37 0 0 0 19 0 0 22 0 42 0 41 44 0 39 0 0 0 8 4 0 0 5 0 27 29 0 26 30 25 13 10 14 16 12 0 11 45 49 0 0 46 1 0 
0 0 0 29 0 0 24 0 0 12 0 0 0 0 35 33 0 37 0 32 0 48 0 0 0 49 0 0 0 20 0 21 19 23 18 0 0 0 9 0 0 4 38 0 40 0 0 43 41 
36 0 0 0 0 0 32 22 24 0 0 19 23 21 0 0 0 45 39 40 0 7 0 9 5 8 0 0 25 28 30 29 0 31 0 0 11 15 17 13 16 12 46 0 48 3 47 0 49 
0 12 0 16 0 0 0 1 3 0 46 0 0 0 22 0 21 24 18 19 0 0 32 0 33 0 38 0 0 7 9 8 6 0 5 0 39 43 45 41 44 40 0 29 27 31 26 0 0 
0 0 0 9 7 0 0 43 45 0 39 0 0 42 0 0 0 17 0 12 0 0 25 30 0 0 31 27 46 0 2 1 0 0 47 0 0 0 38 34 37 33 18 22 0 24 19 0 0 
0 26 0 30 28 0 0 15 17 13 0 12 0 14 36 0 0 0 0 0 37 49 0 2 0 0 3 48 18 0 23 0 0 24 0 7 0 0 10 0 0 0 0 43 0 0 0 44 42 
0 0 20 23 21 0 0 0 10 0 0 5 9 0 0 0 28 0 25 26 0 42 0 0 40 0 45 41 0 14 0 15 13 0 0 49 46 1 0 0 2 0 0 0 34 38 0 0 35 
0 40 0 0 42 45 39 29 0 27 25 0 30 28 0 0 0 3 0 47 0 14 11 16 0 15 0 0 32 0 0 36 34 38 33 21 0 0 24 0 23 0 0 8 6 10 5 9 7 
1 0 48 2 0 0 46 36 38 34 32 0 0 0 8 6 7 10 0 5 9 21 18 0 0 0 0 20 0 0 0 0 41 0 40 0 0 0 31 27 30 0 0 0 13 0 0 0 14 
39 0 0 40 0 0 0 25 0 0 21 0 0 0 46 0 0 0 0 0 47 10 7 12 8 0 13 0 0 31 33 0 30 0 0 0 0 0 0 0 19 15 49 0 2 0 1 0 0 
46 0 44 47 45 0 42 0 34 30 0 0 0 0 4 2 3 0 0 1 0 17 14 0 0 0 20 16 0 0 0 0 0 41 0 24 21 0 27 23 0 22 7 0 0 0 8 0 0 
18 15 0 0 17 0 14 4 6 0 49 0 5 3 0 0 0 27 0 0 0 0 35 0 0 39 0 37 0 10 12 11 9 0 0 45 42 0 48 44 47 0 28 32 0 34 0 33 0 
4 1 2 5 0 0 0 0 41 37 0 0 40 38 11 9 0 13 7 8 0 24 21 26 22 0 27 23 42 45 47 0 0 0 43 0 0 0 0 30 0 29 14 18 16 0 0 19 0 
25 22 0 26 0 0 0 0 13 9 7 8 12 0 32 0 31 0 0 0 33 0 42 47 43 0 0 0 14 0 0 0 0 0 15 3 49 0 6 0 0 0 0 39 37 0 0 40 38 
11 0 9 12 10 0 0 46 0 0 0 0 47 45 18 16 17 0 0 0 19 31 0 33 0 32 34 0 49 0 0 0 2 0 0 0 35 39 41 37 0 0 21 25 23 0 0 0 0 
32 0 30 0 31 34 28 18 0 0 0 0 19 17 0 0 0 0 0 0 40 0 49 5 1 4 6 0 21 0 26 25 0 27 22 0 7 11 0 9 12 0 0 0 44 0 43 47 45 
0 0 0 14 12 0 0 48 1 46 0 0 49 0 0 0 0 0 0 17 0 33 0 35 0 0 36 0 2 5 7 0 0 0 0 40 37 0 0 0 42 0 23 27 0 29 24 28 0 
6 3 0 0 5 0 0 0 43 39 37 0 0 40 13 11 12 0 9 0 0 0 0 0 24 27 0 25 0 47 0 0 46 1 45 0 30 0 0 0 0 0 0 20 0 22 17 21 19 
20 17 0 0 0 0 0 0 8 4 0 0 0 5 27 0 0 0 23 0 28 40 37 42 38 0 0 39 9 12 14 0 0 0 0 47 0 0 1 0 49 45 30 34 32 36 31 0 0 
41 0 39 42 40 43 0 27 0 25 0 24 28 26 0 0 47 1 44 0 49 12 9 0 10 13 15 0 0 33 35 0 0 36 0 19 0 0 22 18 0 17 0 0 4 8 3 7 0 
0 0 0 0 0 1 44 0 0 0 30 31 0 0 6 0 5 0 0 0 0 19 16 0 0 0 22 0 37 0 42 41 0 43 38 0 0 27 29 25 0 24 9 13 11 0 0 14 12 
0 24 0 0 0 29 23 13 0 11 9 0 0 0 34 32 0 36 0 0 35 0 0 0 0 0 1 46 0 0 21 20 18 22 17 0 2 6 0 0 7 3 0 0 39 43 38 42 0 
34 31 0 35 0 36 30 20 0 18 16 17 0 0 41 39 40 0 37 0 0 0 0 7 0 6 8 4 0 26 0 27 0 29 24 12 0 0 15 0 0 0 0 48 46 0 0 49 47 
0 0 0 0 0 28 0 0 0 0 0 0 0 11 0 0 0 35 0 30 0 0 43 0 44 0 0 0 15 18 20 19 17 21 16 0 1 5 7 0 0 2 36 40 38 0 0 41 39 
0 0 31 34 0 0 29 0 21 17 0 16 0 0 0 0 0 42 36 0 0 4 1 0 2 0 7 0 22 25 0 0 24 28 23 11 8 0 0 10 0 9 0 0 45 0 44 0 0 
0 0 0 0 18 21 15 0 0 0 0 0 6 0 26 24 0 0 22 23 0 0 36 0 37 0 0 38 8 11 0 12 10 0 0 46 0 0 49 45 48 0 29 0 31 0 30 34 32 
5 2 3 6 0 7 1 40 42 38 36 0 0 39 12 10 0 0 8 9 0 0 22 0 0 0 28 24 43 46 48 0 45 49 0 0 0 33 0 0 34 0 15 19 0 0 0 20 18 
0 0 0 48 46 49 0 33 0 0 0 0 34 0 0 0 0 7 0 2 0 0 0 0 0 0 0 17 0 0 41 40 0 42 37 25 22 0 0 24 27 23 8 12 10 14 9 13 0 
0 9 10 0 0 0 0 0 49 0 43 44 0 0 0 17 0 0 0 16 20 0 0 0 30 33 35 31 1 0 6 5 0 0 0 39 36 40 0 38 41 37 0 0 0 0 0 27 25 
0 37 0 0 0 42 36 0 0 24 0 0 0 0 0 0 46 49 0 44 48 11 0 0 0 0 0 10 0 32 0 0 31 35 0 18 15 0 0 0 0 0 0 0 0 7 0 6 4 
23 0 0 24 22 25 19 9 11 7 5 6 0 8 0 0 0 32 26 27 31 0 40 45 41 44 46 42 12 0 0 0 0 0 0 0 0 2 4 0 3 48 0 0 0 0 0 0 36 
0 34 35 38 0 39 0 0 0 21 0 0 24 0 44 42 43 0 0 0 0 0 5 10 6 9 0 0 0 0 31 30 28 0 0 0 0 0 0 0 0 0 0 2 0 0 48 3 0 
2 48 0 0 0 0 0 37 0 0 33 34 38 0 0 7 0 11 0 0 0 22 0 0 0 23 0 0 0 0 0 0 42 46 0 29 26 30 0 0 0 0 0 0 0 18 0 17 0 
44 0 42 45 0 46 0 0 32 0 26 0 0 0 0 49 0 4 47 48 0 0 12 17 0 0 18 0 0 0 0 0 0 0 34 0 19 0 0 0 0 0 0 9 0 11 0 0 0 
0 0 14 17 15 0 0 0 0 49 0 0 0 1 0 21 0 25 0 0 24 36 33 0 0 0 0 0 0 8 0 9 7 0 6 43 40 44 46 0 0 41 0 0 0 32 0 31 0 
0 6 0 0 0 0 0 44 46 0 40 41 0 43 0 14 0 18 0 0 0 0 0 0 0 30 32 28 0 1 3 0 49 0 0 36 33 0 39 35 38 34 19 0 0 25 20 0 22 
30 0 28 31 0 32 26 0 18 14 12 0 0 15 0 35 0 0 0 34 38 0 0 3 48 2 0 49 0 0 24 0 21 25 20 8 0 0 0 0 0 0 40 44 42 46 41 45 43 
