7
0 0 39 0 0 40 0 0 33 0 0 34 35 0 19 22 0 17 18 16 20 0 0 48 0 44 0 0 0 0 0 0 0 0 0 24 0 27 0 23 0 0 0 0 10 0 13 9 12 
49 1 0 0 0 0 0 39 0 0 0 0 0 0 26 29 0 24 0 23 0 0 0 6 0 2 0 5 13 10 11 0 15 0 12 0 33 0 35 30 32 0 21 0 0 0 0 0 19 
0 0 0 16 0 19 17 0 12 0 10 13 14 0 47 0 0 0 46 0 0 0 25 0 28 0 0 26 0 0 0 0 0 35 0 0 5 0 0 2 4 0 42 39 38 0 41 0 0 
0 0 0 23 0 0 0 0 0 16 0 20 21 0 5 0 0 0 4 2 0 36 32 34 35 30 0 0 0 0 39 37 0 0 40 0 0 13 14 0 11 15 49 46 0 1 48 0 0 
0 15 0 9 0 0 10 4 0 0 0 6 7 0 40 0 42 38 39 37 41 0 18 0 21 0 17 0 27 0 25 23 29 0 26 45 47 48 0 0 0 1 35 32 31 36 34 0 33 
0 8 4 0 0 0 3 0 0 44 45 48 0 1 0 0 35 31 0 0 0 15 11 0 14 9 10 12 0 17 0 16 22 0 19 0 40 41 0 0 39 0 28 0 24 29 0 0 26 
0 0 32 30 0 33 31 0 0 23 0 0 28 29 0 0 14 0 0 0 0 43 39 41 0 37 0 0 48 0 46 44 0 49 47 17 0 0 21 16 18 22 7 4 3 8 6 0 0 
23 0 20 0 0 21 0 0 0 11 0 15 0 17 0 3 0 0 48 46 1 0 0 0 0 25 26 0 0 0 34 0 0 37 0 0 0 8 9 0 0 10 0 41 40 0 0 39 42 
0 0 27 0 29 0 0 0 21 0 19 22 23 0 7 10 9 5 6 4 8 38 0 36 0 0 0 35 0 0 41 39 45 0 0 12 14 15 0 0 0 17 2 0 47 3 0 46 0 
44 45 0 0 43 42 0 34 0 0 0 0 0 38 21 24 23 0 20 18 22 0 0 1 0 46 0 0 0 0 0 0 0 9 7 0 0 29 0 0 27 0 16 0 12 17 15 11 14 
16 0 13 0 15 0 0 0 7 0 0 8 0 10 42 45 0 40 0 0 0 0 0 0 23 0 0 21 29 26 0 0 0 30 28 0 0 1 2 46 0 3 37 34 33 0 0 0 0 
0 0 0 0 1 0 0 41 42 39 0 0 0 0 0 0 30 0 0 25 29 0 0 0 9 4 5 7 0 12 0 11 17 0 0 33 0 36 0 0 0 38 0 20 19 24 0 0 0 
9 10 0 0 8 7 0 0 49 46 0 0 2 0 0 38 0 0 34 0 36 0 0 0 16 0 0 0 22 0 0 0 0 23 21 40 42 43 44 39 41 45 30 27 0 31 0 0 0 
0 0 0 32 36 35 0 0 28 25 0 0 30 0 14 0 0 0 0 11 15 0 41 0 44 0 0 0 0 0 48 0 3 2 0 19 21 0 0 0 20 24 9 6 5 10 8 4 7 
22 0 19 0 0 0 18 12 13 10 0 0 15 0 0 0 1 46 47 45 49 0 26 0 29 24 25 27 35 0 0 31 37 0 34 0 6 0 0 0 0 9 43 0 0 44 0 0 0 
1 0 47 45 0 0 46 40 41 38 39 0 0 0 27 0 0 25 0 0 0 0 5 0 0 0 0 0 14 0 0 0 0 15 13 32 0 35 0 0 0 37 0 0 0 0 0 0 0 
0 44 40 0 42 0 39 0 0 0 0 35 36 37 20 0 0 18 0 17 0 0 0 49 0 45 0 0 0 4 0 0 0 0 0 0 0 0 0 0 0 0 15 0 0 16 0 10 0 
29 0 0 24 28 0 0 0 0 0 18 0 0 23 6 9 8 0 5 3 0 0 33 0 0 31 32 34 0 0 40 38 0 0 0 11 0 0 0 10 0 0 0 0 46 2 0 0 48 
36 0 0 31 0 34 32 26 0 24 25 28 29 0 13 0 0 11 12 10 0 44 0 42 43 38 0 0 49 0 47 45 2 0 0 18 0 21 22 0 19 0 0 0 0 0 7 3 0 
0 0 5 3 7 0 4 47 48 45 0 49 0 2 0 37 0 0 0 0 0 0 12 0 15 10 11 13 21 0 19 17 23 0 20 0 41 0 43 38 40 0 29 0 0 30 0 0 0 
0 0 12 0 0 0 11 5 0 3 4 0 8 9 41 44 0 0 0 38 0 0 0 21 22 0 18 20 28 25 26 0 30 0 0 0 48 0 1 45 47 0 36 33 0 0 0 0 0 
26 27 23 0 25 0 22 16 17 14 0 0 0 20 3 0 5 1 0 0 0 0 30 0 0 0 0 31 0 36 37 35 41 40 0 0 0 0 0 0 9 13 47 44 43 0 0 42 0 
40 0 0 35 0 38 0 0 0 28 29 32 0 0 17 20 0 0 16 0 0 48 44 46 0 42 43 0 4 1 0 0 6 0 0 22 0 0 0 0 0 0 12 0 8 0 0 7 0 
0 0 0 28 32 0 29 0 0 21 0 25 26 27 10 13 12 0 0 0 0 41 0 0 0 35 36 38 46 0 44 0 48 0 45 15 0 18 19 0 0 20 5 2 1 0 4 49 0 
12 13 0 7 0 10 8 2 0 0 1 0 5 6 38 0 40 36 37 35 0 20 16 0 19 0 15 17 0 0 23 0 27 26 24 43 0 0 0 0 0 48 33 30 29 34 0 28 31 
0 48 0 42 0 0 0 37 38 0 0 0 40 0 0 0 0 0 0 0 25 0 2 0 5 49 1 0 11 8 9 7 13 12 10 0 31 32 0 28 0 0 0 0 15 20 0 14 17 
5 6 2 0 0 3 0 0 45 42 43 46 47 0 0 34 0 29 30 0 32 0 0 11 0 7 8 0 18 15 0 14 20 19 17 36 0 0 0 0 37 41 0 23 22 27 25 0 24 
19 0 16 0 18 17 15 9 0 0 8 11 12 13 45 48 0 0 0 42 0 0 23 25 26 21 22 24 32 0 0 0 0 33 0 1 0 0 5 0 2 0 0 0 36 0 39 0 0 
0 0 0 0 45 44 0 36 37 34 35 0 0 40 0 26 25 0 0 0 0 5 0 3 4 0 0 0 0 0 0 6 12 0 0 28 30 0 32 0 0 0 18 15 14 0 0 0 16 
0 0 0 0 0 0 0 1 0 0 49 3 0 5 37 0 0 35 0 34 38 0 0 0 18 13 0 16 24 0 0 0 26 25 0 42 0 0 46 41 0 0 32 29 28 0 31 0 0 
4 5 0 48 0 2 0 0 0 0 42 45 46 0 30 0 32 28 0 27 31 0 0 0 11 0 0 9 17 0 15 0 0 0 0 0 37 0 39 34 36 0 0 22 21 26 0 0 0 
0 0 15 13 17 0 0 0 0 6 0 10 0 12 0 47 46 42 0 0 0 0 22 24 25 0 0 0 31 28 0 0 33 0 0 0 2 0 0 0 0 0 39 36 35 40 0 0 37 
0 40 0 0 38 0 0 29 0 0 0 31 0 33 16 0 18 14 0 0 0 47 0 0 46 41 42 44 3 0 1 0 5 4 0 0 0 0 25 20 0 0 11 8 7 12 10 0 0 
32 0 29 27 31 30 28 0 23 0 21 0 25 26 9 0 0 0 8 6 10 0 0 0 0 34 0 0 45 0 0 0 0 46 0 14 16 17 0 0 0 19 4 0 0 0 3 48 2 
25 26 22 20 24 23 21 15 16 13 14 17 0 19 0 0 4 49 0 0 3 33 0 0 32 0 28 0 0 35 36 0 40 0 0 7 0 10 11 6 8 0 0 43 42 0 0 41 44 
0 0 42 0 0 43 0 0 36 0 34 37 0 0 0 25 0 20 21 0 23 0 49 0 3 0 0 1 9 6 7 0 0 0 8 0 0 30 0 26 0 32 17 0 0 18 0 0 15 
0 39 35 33 0 36 34 28 0 0 27 0 0 32 15 18 17 13 14 0 16 0 0 0 0 0 41 43 2 48 0 47 0 3 1 0 0 23 24 0 21 25 0 0 0 11 0 0 8 
0 0 0 47 0 0 48 0 0 40 0 0 0 46 29 32 0 0 0 0 0 0 0 0 0 5 6 8 0 13 0 0 18 17 15 0 36 0 0 0 35 39 0 0 20 25 0 19 22 
17 18 14 12 0 0 0 0 0 5 6 0 10 0 43 0 45 0 0 0 44 25 0 0 24 19 20 22 0 27 28 26 0 0 29 0 1 0 0 47 0 4 0 35 0 0 37 0 0 
31 32 28 26 30 29 27 0 22 19 20 0 0 25 8 0 10 0 0 0 0 39 35 37 38 0 0 36 0 41 42 0 0 45 0 13 15 0 17 12 0 0 3 49 0 0 0 0 0 
24 0 0 0 0 22 20 14 15 0 0 16 17 0 0 0 0 0 49 0 2 0 0 30 31 26 27 0 37 34 35 0 0 0 36 6 8 9 10 5 0 0 0 42 0 0 0 40 0 
10 11 0 5 0 0 0 0 1 0 0 2 3 4 36 39 0 0 0 33 0 18 0 0 17 12 0 0 23 20 21 0 0 24 0 41 43 44 45 0 0 46 0 28 0 0 30 26 29 
41 42 38 36 40 39 37 31 32 29 0 33 34 35 0 21 0 16 17 0 0 49 45 47 48 43 44 46 5 2 0 0 7 6 0 23 0 26 0 0 0 28 0 0 9 0 12 0 11 
20 21 0 0 0 0 16 10 11 0 0 12 13 14 0 0 0 44 45 43 0 28 24 0 0 22 23 25 33 30 31 0 0 0 32 0 0 5 6 1 3 0 41 38 37 42 0 36 39 
0 35 31 29 0 0 30 24 25 22 23 0 27 0 11 0 13 0 10 0 12 0 38 0 0 36 0 39 0 44 45 0 49 48 46 0 18 0 0 15 0 21 6 0 0 0 0 1 0 
48 0 45 0 0 46 0 0 0 36 0 0 0 0 25 28 0 0 0 22 26 0 0 5 6 1 0 4 0 9 10 8 14 0 11 30 32 33 0 29 0 0 0 0 16 0 0 15 18 
6 7 0 0 0 4 0 45 46 43 44 47 0 0 32 0 34 30 31 29 33 0 0 0 13 8 9 11 19 0 0 0 0 20 18 0 0 0 41 0 0 0 0 24 23 0 0 0 0 
0 28 24 0 26 0 0 0 0 0 0 19 0 0 4 7 6 2 0 1 5 0 0 33 0 29 0 0 0 0 0 36 42 41 0 0 11 0 0 8 0 14 48 0 0 49 47 43 0 
13 0 10 8 0 0 9 0 4 0 0 5 6 7 0 0 41 37 0 0 40 0 17 19 0 15 0 0 26 0 24 0 28 0 0 0 0 47 0 43 45 49 34 0 0 35 33 0 32 
