7
0 23 24 21 20 0 0 0 0 28 0 0 29 30 0 49 0 0 3 4 48 0 0 37 35 34 0 0 12 0 0 0 0 0 17 7 6 0 11 0 0 0 0 44 0 0 46 0 0 
0 0 0 35 34 33 0 41 46 42 40 0 0 0 0 14 0 0 0 0 13 0 1 2 0 48 4 0 0 32 0 0 0 30 31 0 0 23 0 24 19 22 7 0 0 0 0 0 0 
0 0 17 0 13 0 15 20 25 0 0 24 22 23 0 0 40 43 45 46 41 0 29 30 28 27 0 0 5 11 8 0 7 9 0 0 48 2 0 3 0 0 0 37 0 0 39 0 0 
0 0 0 28 27 0 0 0 0 35 0 0 36 37 0 7 0 8 10 11 0 0 43 44 0 0 46 0 0 0 0 0 21 0 24 14 13 16 18 0 0 15 49 2 0 0 0 0 0 
11 9 10 0 6 5 8 0 0 14 0 17 15 16 37 35 33 36 38 0 34 24 22 0 0 20 25 0 0 4 0 48 49 0 3 42 41 44 46 0 0 43 0 0 29 0 32 26 0 
4 2 3 0 48 0 0 6 0 7 5 10 8 0 0 28 26 0 31 32 27 0 0 0 0 0 0 0 0 0 43 0 0 44 45 35 34 37 0 0 0 36 21 23 22 0 25 19 20 
0 0 45 42 41 40 0 0 4 49 47 0 0 0 0 21 0 0 24 0 20 0 8 9 0 6 11 5 0 0 0 34 0 0 38 28 27 30 32 31 26 0 0 0 0 17 0 12 13 
20 0 0 0 0 0 17 0 27 0 21 0 0 0 46 0 0 45 0 0 43 33 31 32 30 0 0 0 0 0 10 0 0 0 0 0 1 4 0 0 0 3 0 0 0 0 41 35 36 
0 11 12 0 8 0 0 15 20 16 14 19 17 18 0 37 35 0 0 0 36 0 0 0 0 22 27 0 49 6 3 1 0 4 5 0 0 0 0 47 42 45 30 0 0 0 0 0 0 
41 0 40 0 36 0 38 0 0 0 0 47 0 46 0 16 14 17 0 0 15 5 0 0 0 0 6 0 28 34 0 0 0 32 33 23 0 25 0 0 0 24 0 0 10 0 0 7 0 
34 0 33 0 29 0 31 36 0 37 0 40 38 0 11 9 7 10 12 0 8 0 0 46 0 43 48 0 21 27 24 0 23 0 26 0 15 0 0 0 0 17 0 0 0 5 6 0 1 
27 0 26 0 22 0 0 29 34 0 0 33 0 0 4 0 49 3 0 0 1 0 0 39 37 36 0 0 14 20 17 0 16 18 0 9 8 0 0 12 0 10 44 0 0 47 0 0 43 
0 4 5 0 1 49 3 0 0 0 7 0 10 0 32 30 28 0 0 34 0 0 0 18 0 15 20 0 0 48 0 43 44 0 47 0 0 39 0 0 35 38 23 25 0 0 0 0 0 
48 0 47 0 0 0 45 0 6 2 49 5 3 4 0 0 0 24 26 27 22 0 10 0 9 8 13 7 35 0 0 0 37 0 40 30 29 0 0 0 0 0 16 18 0 0 20 14 15 
14 0 0 0 9 0 11 16 0 0 0 0 18 0 40 38 0 39 41 42 0 0 25 26 0 0 0 22 1 0 0 2 3 0 6 45 44 47 0 0 0 0 31 33 0 0 35 29 0 
0 0 27 24 23 22 0 0 0 0 29 34 32 33 5 3 1 4 6 0 0 0 0 40 38 37 42 0 0 0 18 0 17 0 0 10 9 12 0 0 8 11 0 47 0 48 0 0 44 
0 19 0 17 16 15 18 0 0 0 0 27 0 0 0 0 43 46 0 49 0 0 32 0 0 30 0 0 8 14 11 9 0 12 0 0 2 0 0 6 0 0 38 0 39 0 42 0 0 
0 0 41 38 37 36 39 0 49 0 0 48 46 47 0 0 0 18 20 0 0 6 0 0 0 2 7 1 29 0 0 30 31 0 0 24 23 0 28 27 0 0 0 12 11 13 14 0 0 
35 33 0 31 0 0 32 37 42 38 36 41 39 0 12 10 0 0 0 0 0 48 46 47 45 0 49 43 0 0 0 0 24 0 27 0 16 0 0 20 0 18 3 0 0 0 7 1 2 
7 5 6 0 0 0 0 0 14 10 0 13 11 12 0 0 0 0 0 0 30 20 0 0 0 16 21 0 0 49 46 0 0 47 0 0 37 0 0 41 0 0 0 0 0 0 28 22 23 
49 47 0 0 44 43 0 2 7 3 1 6 0 0 26 0 0 0 27 28 0 13 0 0 0 0 14 0 0 0 0 37 38 40 41 0 30 0 0 0 29 32 17 19 0 20 0 0 16 
33 0 32 0 28 0 0 35 40 0 0 0 0 38 0 8 0 0 0 12 0 46 44 45 0 42 47 0 0 0 23 21 0 24 25 0 14 0 19 0 13 16 1 0 2 0 5 0 49 
0 45 46 0 42 0 44 49 0 0 48 4 0 0 24 0 0 0 0 26 0 11 0 10 0 7 0 6 0 0 37 35 0 0 0 0 28 0 0 0 27 30 15 0 16 0 0 13 0 
12 0 0 8 7 0 9 14 0 0 0 0 0 17 38 0 0 0 0 0 0 25 23 24 22 0 26 0 48 0 2 0 1 3 4 43 42 0 47 0 41 0 29 0 0 32 33 27 0 
19 17 0 0 0 0 0 0 0 0 20 25 0 0 45 0 0 44 0 0 0 0 30 0 29 28 0 0 6 0 9 7 0 0 0 0 49 0 5 0 0 2 0 38 0 0 40 0 35 
0 0 25 22 21 20 0 0 0 0 27 0 30 0 3 0 48 2 0 0 49 39 0 38 36 35 40 0 0 0 16 14 0 17 0 8 0 10 0 11 0 0 43 0 0 46 47 0 42 
0 3 0 0 0 0 2 0 0 0 6 11 9 0 0 0 27 30 0 0 28 0 0 0 0 14 0 0 0 0 44 42 0 45 0 36 35 38 0 39 34 37 22 24 23 0 26 0 0 
0 38 39 0 35 0 37 0 0 0 0 46 44 0 17 0 0 0 18 19 0 4 2 3 0 49 0 48 27 33 0 0 29 0 32 0 21 0 26 25 20 0 0 10 0 11 0 6 7 
0 1 0 48 0 0 0 5 0 0 0 0 0 8 29 27 25 0 0 0 0 0 14 15 0 0 17 11 0 0 42 0 41 0 44 34 0 36 0 37 32 0 20 0 0 23 24 0 0 
45 43 44 41 0 39 42 47 0 48 0 2 0 0 0 0 0 21 23 0 0 9 7 8 0 0 0 0 0 38 0 33 0 36 0 27 0 29 0 0 25 0 13 15 0 16 17 11 0 
24 22 0 20 0 0 21 26 31 0 25 0 0 0 0 48 46 0 2 0 0 37 35 0 0 0 0 32 11 17 0 12 0 0 16 6 0 0 10 0 4 0 41 0 0 0 45 39 40 
0 36 37 0 0 32 35 40 45 41 39 0 0 43 0 0 0 14 0 0 0 2 49 1 0 0 3 46 25 0 28 0 27 0 30 0 0 22 24 0 18 21 0 8 7 0 10 4 5 
17 0 16 13 0 0 14 0 0 0 18 23 0 22 43 0 39 42 44 0 0 0 28 0 0 0 31 0 0 0 0 5 6 8 0 0 0 0 3 0 0 0 0 36 0 37 0 32 0 
0 0 9 6 0 4 0 12 17 13 11 16 0 0 0 0 0 35 0 38 0 0 21 0 20 0 24 18 46 0 0 0 0 1 0 0 0 0 0 44 0 0 0 0 28 0 0 25 0 
31 0 30 0 26 25 28 33 0 34 0 0 0 0 0 6 4 7 0 10 0 44 42 0 41 0 45 39 0 0 0 19 20 0 23 0 0 0 17 16 0 14 0 0 49 2 0 46 47 
8 0 0 4 3 0 0 0 0 0 9 0 12 0 0 0 30 0 35 36 31 0 0 20 18 17 22 0 0 1 0 45 0 48 0 39 38 0 0 42 37 0 0 27 26 0 0 0 0 
36 0 35 0 0 30 0 38 0 39 37 0 40 41 13 0 0 12 0 15 10 49 0 48 0 0 0 44 23 29 0 24 0 0 0 0 17 20 22 21 16 0 4 0 5 7 0 0 3 
15 13 0 11 10 9 0 17 0 0 0 21 0 20 41 0 0 40 42 0 38 0 0 0 25 24 29 0 2 0 5 3 4 6 7 46 0 48 0 49 44 47 32 34 33 35 0 30 0 
0 20 0 18 0 16 19 0 29 0 23 0 26 0 0 0 44 0 0 0 45 0 33 0 0 0 36 30 0 0 12 10 0 0 14 4 3 6 8 7 2 0 0 0 40 42 0 0 38 
0 41 42 39 0 0 40 0 1 46 44 49 47 0 0 0 0 0 21 22 0 7 5 6 0 3 0 0 0 0 0 0 32 34 0 0 0 27 0 28 0 26 11 13 12 14 15 9 10 
0 27 0 25 0 23 0 0 0 32 0 0 0 0 6 4 2 5 0 0 0 42 0 41 39 0 0 37 16 0 0 0 0 0 21 11 0 13 15 0 9 0 46 0 47 49 1 0 45 
1 48 0 46 0 44 47 0 8 4 2 7 5 6 27 0 0 26 28 0 0 14 0 0 11 10 0 9 37 43 40 38 0 0 42 0 31 34 36 35 30 0 0 0 19 21 0 16 17 
2 0 0 0 0 45 0 4 9 5 3 0 6 7 28 26 0 0 0 0 0 15 0 0 0 0 0 0 0 44 0 0 40 42 0 0 0 0 37 0 0 0 19 0 0 0 0 17 0 
30 0 29 26 0 24 27 0 0 33 0 36 0 35 7 0 0 0 0 9 0 43 0 0 0 0 44 38 0 23 0 18 0 0 0 0 0 14 16 15 0 0 0 0 0 0 0 45 0 
9 7 8 5 0 0 6 0 16 12 10 0 0 0 0 0 31 34 36 37 0 22 0 21 19 0 0 0 45 2 48 46 0 0 0 0 0 0 0 43 0 0 0 0 0 29 0 24 25 
0 0 0 0 39 38 41 0 0 47 0 1 48 0 21 0 17 0 0 0 0 8 0 0 5 4 9 3 31 37 34 32 0 35 36 26 0 28 0 0 24 0 0 14 13 15 16 10 0 
23 21 0 19 0 0 0 0 0 26 0 0 27 0 49 0 45 48 1 2 46 36 34 0 0 0 37 31 10 0 0 11 12 14 15 5 4 7 0 8 0 6 0 0 0 43 44 0 0 
0 0 0 33 0 31 34 39 44 0 38 0 0 42 0 12 0 13 0 0 0 1 0 0 0 0 0 0 24 0 27 25 0 28 0 0 0 21 0 0 17 20 0 0 0 0 0 0 0 
16 14 15 12 0 0 13 18 23 0 17 0 20 21 0 40 38 41 43 44 39 0 27 28 26 0 0 24 3 9 0 4 0 7 8 0 0 49 0 0 45 0 0 0 0 36 37 0 32 
