7
0 0 0 0 13 11 15 34 33 31 30 32 36 35 0 3 5 0 8 0 4 0 48 44 0 49 0 0 25 0 0 0 0 27 23 38 42 0 41 0 0 39 20 0 16 18 0 0 0 
17 21 0 0 0 18 22 0 40 0 0 0 43 0 0 10 12 9 15 0 0 0 6 0 8 0 3 5 0 0 31 0 0 34 30 45 0 1 0 0 0 46 0 0 23 25 0 26 0 
0 0 40 0 41 39 43 0 0 10 9 0 0 14 0 0 33 0 0 35 0 0 27 0 29 28 0 26 4 0 3 0 0 6 0 17 21 0 0 0 19 18 48 0 0 46 0 0 49 
24 0 0 0 27 0 0 48 0 45 44 46 0 49 20 0 0 0 22 21 0 11 13 0 15 0 10 0 39 0 0 43 40 0 0 3 7 0 6 0 5 0 0 0 30 0 0 33 35 
3 7 5 0 6 0 0 27 0 0 0 0 29 0 0 45 0 0 0 49 46 39 41 37 0 42 0 40 18 21 0 22 0 20 0 0 35 0 34 30 33 32 13 10 0 11 15 12 0 
0 0 33 30 34 0 36 6 0 3 0 4 8 7 0 0 26 0 29 0 25 18 20 0 0 21 17 19 0 49 45 0 0 48 44 10 14 0 13 0 12 0 0 0 0 39 0 0 42 
0 49 0 44 0 0 0 20 19 17 16 18 22 0 0 0 40 37 0 0 0 32 0 30 0 35 0 0 11 0 10 15 12 13 0 24 0 0 0 23 0 25 0 0 2 4 8 0 7 
42 0 44 0 45 43 47 0 0 0 0 15 19 0 0 35 0 0 40 39 36 29 31 27 33 0 28 0 0 0 0 12 0 10 0 0 0 0 0 20 0 22 0 49 48 1 5 2 4 
7 0 0 6 10 0 0 31 30 28 0 0 0 0 0 49 2 48 5 0 1 0 0 0 0 46 0 0 22 25 21 0 0 24 20 35 39 0 38 0 0 36 0 0 0 15 19 0 0 
28 0 0 27 0 0 33 0 0 49 48 1 0 0 24 0 23 20 0 25 22 0 17 0 19 0 14 0 43 46 42 0 44 0 0 7 0 0 0 6 0 0 38 0 0 0 0 0 0 
0 0 0 48 0 0 0 0 0 21 20 0 0 25 45 0 0 0 0 0 0 0 0 0 0 39 0 0 0 18 0 0 16 0 0 28 32 33 31 27 30 0 10 7 6 8 12 0 11 
0 0 0 0 0 0 0 38 0 35 0 36 0 0 10 0 0 6 0 0 0 1 0 48 0 0 0 2 29 32 28 0 30 0 27 0 0 0 45 0 0 43 24 0 0 0 0 0 25 
0 0 23 0 0 0 26 45 0 42 0 43 47 46 17 14 0 0 0 18 15 8 10 0 12 11 0 9 36 0 35 40 0 38 0 0 0 0 3 48 0 1 0 0 27 29 33 30 0 
35 0 0 34 0 36 40 10 9 7 0 0 0 11 0 0 0 0 33 0 29 0 0 20 26 0 21 0 0 0 0 0 2 0 48 14 0 19 0 13 0 0 45 0 0 0 0 0 0 
0 0 0 0 4 2 6 0 0 22 0 23 0 0 0 43 0 42 0 47 0 0 39 35 41 40 0 0 16 0 0 0 0 18 14 29 33 0 32 28 0 0 0 0 7 0 0 0 12 
0 40 0 35 0 0 0 0 0 8 0 0 0 0 32 0 0 0 0 33 30 23 0 21 27 26 0 0 2 0 1 6 3 4 49 15 0 20 18 0 17 0 0 43 0 44 0 0 47 
0 0 0 7 11 0 0 32 0 29 0 30 34 0 0 1 0 49 0 0 2 44 0 0 0 47 0 0 0 26 0 27 24 0 0 36 0 0 0 35 0 37 18 15 0 0 20 17 19 
0 33 31 0 32 0 34 0 3 0 0 0 6 0 25 0 0 0 27 0 23 0 0 14 20 19 15 0 44 47 0 0 45 0 0 0 0 0 0 7 0 9 0 36 35 37 41 0 40 
43 47 0 42 0 44 0 18 0 0 0 0 20 19 39 36 0 35 41 40 0 30 32 0 0 33 0 0 0 0 8 13 10 11 7 0 26 0 25 0 24 23 4 1 49 2 0 3 0 
15 0 0 0 0 0 0 39 38 36 0 37 41 40 0 8 10 7 0 0 9 0 0 0 6 0 0 0 0 0 0 0 31 0 0 0 47 48 0 0 45 44 0 0 21 23 27 24 26 
0 26 24 21 0 0 27 0 0 43 42 44 0 0 0 15 17 14 20 0 16 0 11 0 0 12 8 10 0 40 0 41 0 39 0 0 0 6 4 0 0 0 0 29 0 0 34 31 33 
0 23 0 0 0 20 0 0 42 0 0 0 0 44 15 0 14 0 0 16 13 6 0 4 10 9 0 0 0 37 33 0 0 0 32 0 2 3 0 46 49 0 0 26 25 27 0 28 0 
33 37 35 32 0 34 38 8 7 5 0 0 0 0 29 26 28 25 31 0 27 20 22 18 0 0 19 21 48 2 47 0 49 1 0 12 16 17 15 0 0 13 0 40 39 0 0 42 44 
26 0 0 0 29 0 31 1 49 0 0 0 0 0 0 0 0 0 24 23 20 0 0 11 17 16 0 0 0 0 0 45 0 43 39 5 0 0 8 4 0 6 36 33 0 34 0 0 0 
0 0 14 0 0 13 0 0 35 0 0 34 0 0 8 0 0 0 0 9 6 48 1 46 0 0 47 49 27 0 0 0 0 0 25 0 0 0 43 39 42 41 0 0 0 20 0 21 0 
5 9 0 4 8 6 0 29 28 26 0 0 0 0 0 47 0 46 0 2 48 41 0 0 0 44 40 42 0 23 19 0 0 22 0 33 37 0 36 32 0 0 0 0 11 0 0 14 0 
0 0 42 0 43 41 0 0 0 0 11 0 17 16 0 0 0 32 38 0 34 0 29 25 31 30 26 0 0 9 0 0 0 0 4 0 0 24 22 18 0 0 1 47 0 0 0 0 2 
47 0 0 0 0 0 0 22 0 19 0 20 0 0 43 40 42 39 0 44 0 0 36 32 0 0 33 0 13 16 0 0 0 15 11 26 0 31 29 0 28 0 0 5 4 0 10 7 0 
2 0 0 1 5 0 0 26 25 23 0 0 0 0 0 44 46 0 0 48 45 0 0 36 42 41 0 39 17 20 0 21 0 19 15 0 0 35 33 0 0 0 12 9 8 10 14 11 13 
44 0 46 0 0 45 0 0 0 16 0 17 0 20 40 37 39 0 42 41 0 0 0 29 35 0 0 0 0 13 0 14 11 0 0 23 0 0 0 0 0 24 5 2 0 3 7 0 6 
30 34 32 29 33 31 0 0 0 0 0 0 0 0 0 0 0 0 28 0 24 17 19 0 21 20 16 18 0 0 0 0 46 0 43 0 0 14 0 0 0 10 40 37 0 0 0 39 0 
0 0 11 0 12 0 14 0 32 0 29 31 35 0 5 0 4 0 0 0 3 45 0 43 49 48 0 46 24 0 0 28 25 26 0 37 0 0 40 36 0 38 0 0 15 0 0 0 0 
0 20 0 15 19 17 0 0 0 0 0 0 0 41 0 9 11 0 0 0 0 3 5 0 0 6 2 0 0 0 30 0 0 0 29 44 48 0 0 0 0 0 26 0 22 0 0 25 27 
0 0 39 36 0 38 42 0 0 9 8 0 0 0 0 30 0 29 35 0 0 24 26 22 0 0 0 25 3 0 2 0 0 5 0 0 20 21 0 0 0 0 0 0 43 0 0 0 0 
23 0 25 22 26 24 0 47 46 44 0 45 49 0 0 16 18 0 0 20 17 0 0 8 0 0 0 11 38 41 0 0 39 40 36 2 6 0 0 0 4 0 33 30 0 31 0 0 0 
0 3 0 0 0 0 4 0 22 20 19 21 0 24 0 0 0 0 0 0 42 35 37 0 39 0 0 36 14 17 13 0 0 16 12 0 0 32 30 26 0 0 0 6 0 7 11 8 0 
13 0 15 12 16 14 0 0 0 0 0 0 0 38 0 6 8 5 11 10 7 49 0 47 0 0 0 0 28 0 0 32 0 30 0 0 45 0 44 0 43 0 0 0 19 0 0 22 0 
0 31 29 0 0 0 0 0 0 48 47 0 4 0 23 20 22 19 25 0 0 0 16 12 18 0 0 0 42 45 41 46 0 0 0 6 10 11 9 0 8 0 0 0 0 0 0 36 0 
0 45 43 40 44 42 0 0 15 13 0 0 18 0 37 34 0 0 0 0 35 28 0 0 32 0 0 0 7 0 6 11 0 9 5 0 0 0 23 0 0 21 0 48 0 49 4 0 3 
0 10 0 0 0 0 0 30 29 27 0 28 0 31 0 0 0 0 0 3 49 0 0 0 46 45 41 0 0 0 20 25 0 0 0 0 38 39 37 33 36 0 16 0 12 14 18 0 0 
0 0 0 19 23 21 25 0 43 41 40 0 46 45 16 0 0 0 18 17 14 0 0 0 11 10 6 0 0 38 34 39 36 0 33 0 0 0 2 0 0 49 30 27 26 28 32 29 0 
34 38 0 33 0 35 0 0 0 6 0 0 0 0 0 27 29 26 0 0 0 21 0 19 0 24 20 22 49 3 0 4 1 0 0 13 17 0 0 12 15 14 44 0 0 0 0 0 0 
0 0 0 45 0 47 2 0 20 18 0 0 0 0 0 0 0 38 44 43 40 0 35 31 37 0 0 0 12 15 11 0 13 0 10 25 29 30 0 24 0 26 7 0 0 0 9 6 8 
4 8 0 0 7 5 0 0 0 0 24 26 0 29 49 0 0 45 2 0 0 40 0 38 44 0 0 0 0 22 18 0 20 21 0 32 0 0 35 0 34 33 14 11 10 12 16 0 0 
0 15 13 10 0 0 16 35 34 32 0 0 37 0 7 4 6 0 9 8 5 0 0 0 0 1 46 0 26 0 0 30 27 28 0 39 43 44 0 38 0 40 21 18 0 0 23 20 0 
39 0 0 38 0 40 44 0 13 0 10 0 0 0 0 0 0 0 37 36 0 26 0 24 30 29 0 0 0 8 0 9 0 0 0 0 0 23 0 0 0 0 49 0 45 0 0 48 0 
18 0 20 0 21 19 23 42 41 0 0 40 0 0 14 11 0 10 0 0 0 5 0 0 9 8 4 0 0 0 0 0 0 0 31 46 1 0 0 45 48 0 28 0 0 0 0 0 29 
32 0 0 31 35 0 37 0 6 0 3 0 9 0 28 0 0 0 0 0 26 19 21 17 23 22 18 0 0 0 46 2 48 0 0 11 0 16 14 10 13 12 0 0 0 0 0 41 43 
25 29 27 0 28 0 30 49 0 46 45 47 0 1 21 0 20 0 23 0 19 0 0 10 16 15 0 13 0 43 39 44 41 0 38 4 0 0 0 3 0 5 0 0 31 0 0 0 0 
