7
29 0 25 0 26 24 27 47 1 0 49 0 0 0 0 40 0 0 42 38 43 0 34 0 0 30 32 35 5 0 0 2 0 0 0 22 0 0 16 0 17 20 11 0 12 13 14 10 15 
0 37 0 42 40 38 41 0 15 0 14 0 13 0 0 0 0 0 0 3 0 0 0 0 0 0 0 0 0 18 22 0 17 20 21 0 32 0 30 35 31 34 25 0 26 0 0 0 29 
0 0 0 49 47 0 48 0 0 16 21 18 20 0 0 0 0 0 14 0 0 5 0 0 3 2 4 7 26 0 0 23 24 27 0 43 0 0 37 42 0 41 0 30 33 34 0 31 0 
15 0 11 0 0 10 0 33 0 30 0 32 0 31 23 0 0 0 0 24 0 0 0 22 17 0 18 0 0 0 43 0 0 41 42 0 0 5 2 0 0 0 0 0 0 0 0 45 1 
0 0 32 0 33 0 34 0 8 2 0 0 6 3 0 47 48 0 49 45 1 0 0 0 0 37 39 0 0 11 0 9 0 0 14 0 0 0 23 0 24 0 0 0 19 0 21 17 0 
0 0 0 0 5 3 6 26 0 0 0 25 27 0 16 0 0 18 21 0 22 12 13 15 0 0 0 14 0 32 36 0 31 0 0 0 46 47 0 49 45 0 0 37 40 0 0 0 0 
22 16 0 0 19 0 0 0 43 0 42 39 41 38 30 33 34 32 35 31 36 0 0 0 0 23 25 28 47 0 1 0 45 0 0 15 0 0 9 0 10 13 0 2 0 6 7 0 8 
0 0 0 19 0 15 0 0 0 35 0 0 39 0 28 0 0 0 0 0 34 24 25 0 22 0 0 26 45 44 0 42 43 46 47 13 0 0 0 0 0 0 2 49 3 0 5 0 6 
0 0 23 26 24 0 25 0 48 0 47 44 46 0 35 0 39 37 0 0 41 31 32 34 0 0 0 0 3 0 6 49 1 0 5 0 16 0 14 19 0 18 9 7 10 0 12 0 0 
0 35 0 40 38 0 0 0 0 0 0 0 11 8 49 0 4 2 5 0 6 0 46 0 0 0 0 47 0 16 0 14 15 0 19 34 30 31 28 0 0 0 0 21 24 25 0 0 0 
0 7 0 12 10 8 11 31 0 28 0 0 32 0 0 24 25 23 26 22 27 0 18 20 15 14 16 19 0 0 41 0 36 0 0 6 2 3 49 5 0 4 44 0 45 46 0 0 0 
48 0 44 0 0 43 46 0 20 0 0 16 0 0 7 0 0 0 12 0 13 0 0 0 1 49 2 5 24 23 27 21 22 25 0 0 0 0 0 0 0 0 30 28 0 32 33 29 34 
34 28 30 0 31 0 0 0 0 0 5 0 4 0 0 45 0 44 0 43 48 38 0 0 0 0 37 0 0 9 13 7 0 11 0 0 0 0 21 0 22 0 0 0 17 18 0 15 0 
6 49 2 0 0 1 4 0 27 0 0 0 0 22 0 17 18 0 0 0 0 0 11 13 0 7 9 0 31 0 0 0 29 0 0 48 44 0 42 0 43 46 37 35 0 39 40 0 41 
0 32 0 37 35 0 0 7 10 4 0 6 0 5 0 49 1 48 0 47 3 42 0 0 40 39 41 44 0 0 17 11 12 15 16 31 0 28 25 0 26 0 20 18 0 22 0 19 24 
0 0 13 16 14 0 0 35 0 0 0 0 0 0 0 28 0 0 0 26 31 21 0 24 0 0 20 0 0 41 0 39 40 43 44 10 0 7 4 9 5 8 0 46 0 1 0 0 0 
0 0 0 30 28 26 0 0 3 0 2 48 1 0 39 0 43 0 44 0 45 0 0 0 0 32 0 37 0 6 10 4 0 8 0 0 20 21 0 23 19 0 0 0 0 15 16 12 17 
10 0 0 9 7 5 0 0 0 0 0 27 0 0 0 21 0 0 23 19 24 14 0 0 12 11 0 16 0 34 0 0 33 36 37 0 48 0 0 0 0 1 0 39 42 0 44 40 45 
3 46 0 0 49 0 0 0 0 0 0 20 22 19 0 0 15 13 0 12 17 7 0 10 5 4 0 0 0 0 31 25 0 0 0 0 0 42 0 0 40 43 0 0 35 36 37 0 38 
0 0 0 0 0 0 0 42 0 39 0 0 0 40 32 0 36 34 0 33 38 28 0 0 26 0 0 0 0 0 3 0 47 1 0 17 13 14 11 16 12 0 6 4 7 0 0 5 0 
0 0 41 0 0 40 43 14 17 11 0 0 15 12 4 7 0 6 0 0 0 0 1 0 47 0 48 0 21 0 0 18 0 0 0 0 34 35 32 37 33 36 0 25 28 0 30 0 0 
0 45 0 1 0 46 0 0 23 0 22 0 21 0 0 13 14 12 0 0 16 0 0 0 0 3 0 0 0 0 30 24 25 28 29 44 40 0 0 0 39 42 0 0 0 0 0 32 37 
0 0 0 15 13 0 14 34 0 0 36 33 35 0 24 27 0 0 0 0 0 20 21 23 0 17 0 0 0 40 0 0 39 0 43 9 0 6 3 8 4 7 0 45 48 49 1 0 2 
9 3 5 8 6 4 0 27 0 0 0 26 0 0 17 20 0 19 0 18 23 0 0 16 0 0 0 15 0 0 37 0 0 35 36 2 0 0 0 0 0 49 0 38 41 0 0 39 44 
0 0 19 22 0 0 0 0 0 38 0 40 42 39 31 0 35 33 36 0 0 27 0 0 0 0 26 0 48 0 0 45 46 0 1 0 0 0 0 15 0 0 0 3 0 0 0 0 9 
37 31 33 0 34 32 35 0 9 3 0 5 7 0 45 0 0 47 0 0 0 41 42 0 39 0 0 0 13 0 0 0 0 14 0 0 0 27 24 0 0 28 19 0 20 0 0 18 23 
0 0 0 0 41 39 42 13 16 10 15 0 14 0 3 0 0 0 8 0 0 0 49 0 0 45 0 0 0 0 0 17 0 21 0 0 33 34 31 0 32 35 0 24 0 28 29 25 30 
30 0 0 29 27 0 0 0 0 45 1 0 49 0 0 41 42 0 43 39 44 34 35 0 32 0 0 36 0 5 9 3 4 0 0 0 19 20 0 0 18 0 12 0 0 0 15 0 0 
0 0 43 46 44 0 0 16 0 0 18 15 0 14 0 9 10 8 0 0 12 2 3 0 0 48 1 0 0 0 26 0 21 24 25 0 0 0 34 39 35 0 0 27 30 0 32 28 0 
26 20 0 25 23 21 24 0 0 41 0 43 0 42 34 37 38 0 0 0 40 30 0 33 0 27 29 32 2 1 5 0 0 0 0 0 0 16 0 18 0 17 8 0 0 0 0 7 0 
0 0 0 4 0 0 0 0 26 0 25 22 24 21 0 0 0 15 18 14 0 0 10 12 7 0 8 0 30 0 0 27 28 0 0 0 0 0 0 46 0 45 36 34 37 38 39 0 0 
40 34 36 0 0 0 38 9 0 6 0 8 10 0 0 0 3 0 0 49 0 44 45 0 0 41 43 0 0 0 0 0 0 0 18 0 29 30 0 0 0 0 0 20 23 0 25 21 26 
0 0 0 0 0 7 10 30 0 27 0 29 31 28 20 23 24 0 0 0 26 16 17 19 0 0 0 0 0 36 0 0 35 0 39 0 1 2 0 0 49 3 43 0 44 45 46 0 0 
19 13 15 18 0 0 17 0 0 0 0 0 0 0 0 0 31 0 0 28 33 23 0 0 0 0 0 25 0 43 0 0 42 0 0 0 8 0 6 0 0 0 0 0 0 0 4 0 5 
33 27 29 0 0 0 31 2 0 0 4 1 0 0 0 0 0 0 46 0 47 0 38 0 0 0 0 39 0 0 0 6 0 0 0 26 0 23 20 25 21 0 0 0 16 0 0 0 19 
0 0 0 0 32 0 0 0 0 0 0 3 0 2 43 0 47 0 48 0 49 0 40 42 0 0 0 0 0 0 0 0 9 12 0 28 24 0 0 27 23 0 17 0 0 0 20 16 0 
28 22 24 27 25 23 0 0 49 0 0 0 0 0 36 0 40 0 41 0 42 0 33 35 30 29 31 0 0 0 7 1 0 0 0 0 17 18 15 20 16 0 10 0 11 12 13 9 14 
42 36 38 41 39 0 40 11 0 8 13 0 12 0 0 4 0 0 6 2 7 46 47 49 44 43 0 0 18 0 21 15 0 0 20 35 0 0 29 34 0 33 24 22 25 26 0 23 0 
14 0 0 13 0 9 12 0 0 29 34 31 33 30 22 25 26 24 0 23 28 0 19 0 16 15 0 0 0 0 0 36 37 40 41 7 0 0 0 0 0 5 0 43 46 0 48 44 0 
49 43 45 48 0 44 47 18 21 0 0 17 19 0 8 11 0 0 13 9 0 0 5 0 2 1 0 6 25 24 28 0 0 26 0 42 38 39 0 41 0 40 0 29 0 0 34 30 35 
0 0 0 0 4 2 5 25 0 22 0 0 26 0 15 0 19 17 20 0 0 0 12 14 0 0 0 13 0 31 35 29 0 33 0 49 45 0 43 0 44 47 38 36 0 0 41 37 0 
21 0 17 0 0 16 19 0 42 0 0 38 40 0 29 0 33 0 34 30 0 25 26 28 0 22 0 0 46 45 0 43 0 47 48 0 0 11 8 0 0 0 3 1 0 5 0 0 0 
0 12 0 0 15 0 0 36 39 33 38 35 0 34 26 29 0 0 0 27 0 0 23 0 20 0 0 24 43 0 0 40 41 0 0 0 7 8 5 10 6 0 49 0 0 0 3 0 4 
0 5 7 0 0 6 9 29 32 26 31 28 30 27 0 22 0 0 24 0 0 0 16 0 0 12 0 17 0 0 0 0 34 0 0 4 0 0 47 0 48 2 0 40 0 44 45 0 0 
32 26 28 0 0 27 30 0 4 0 3 0 0 48 0 43 44 42 0 41 46 36 0 0 34 33 35 0 0 0 0 5 0 0 10 0 0 0 19 24 20 23 14 12 15 0 17 0 18 
0 0 35 0 0 34 0 0 11 5 0 7 0 0 47 1 0 49 0 48 4 43 44 46 0 40 42 0 15 0 18 0 13 0 17 32 28 0 26 0 27 0 0 0 0 0 24 0 25 
46 40 0 45 43 0 44 0 18 12 0 14 0 0 0 8 0 0 10 6 11 1 2 0 48 0 49 3 0 21 25 19 0 23 0 39 35 0 0 38 0 37 0 0 0 30 0 27 32 
25 19 0 0 22 20 23 0 46 0 45 0 44 0 0 36 0 0 0 34 0 29 0 32 0 26 0 31 0 0 0 47 0 0 3 18 0 15 0 17 0 0 7 5 8 9 10 0 0 
0 47 49 3 0 48 2 22 25 19 24 21 0 20 0 15 0 14 17 0 18 0 9 11 0 0 7 0 29 0 0 26 0 30 0 46 42 43 40 0 0 0 35 33 0 37 38 0 39 
