7
0 0 18 15 20 19 16 0 0 0 0 11 12 0 37 38 0 0 0 42 0 32 35 31 0 0 30 29 0 22 0 0 27 26 28 5 3 7 6 0 0 2 43 49 44 0 0 48 0 
0 0 46 0 48 0 0 0 42 41 0 0 0 0 0 17 15 0 0 0 0 0 0 10 0 0 9 0 0 1 0 4 0 0 0 33 0 0 34 29 32 0 0 28 23 0 26 27 0 
0 0 39 36 0 40 37 29 35 34 0 32 33 31 0 10 0 11 13 14 0 0 7 3 5 6 0 1 45 43 0 46 48 47 49 0 24 0 0 0 0 0 0 21 0 0 0 20 0 
10 0 11 0 13 0 9 0 0 0 2 4 0 3 0 31 0 0 0 0 0 25 0 24 0 27 0 0 0 0 0 0 20 0 21 47 45 0 48 0 0 44 0 42 37 39 0 41 0 
3 7 0 0 0 5 2 43 49 0 0 46 0 0 0 24 22 25 0 28 26 18 21 17 19 20 16 0 0 0 9 0 13 0 0 0 0 42 0 0 0 0 29 35 0 32 33 34 31 
0 28 25 22 0 26 0 15 21 0 0 18 0 0 0 45 0 46 48 49 47 0 42 0 0 41 37 36 0 29 0 32 34 0 35 12 0 0 13 0 0 9 0 0 0 0 0 6 3 
31 0 0 0 34 33 30 0 0 27 0 0 26 24 2 0 1 4 0 0 5 0 0 45 0 48 0 43 38 0 0 39 0 40 0 0 0 0 20 0 18 0 0 14 0 11 0 13 0 
0 9 0 0 8 7 0 45 2 1 0 0 49 0 0 0 0 27 0 30 0 20 0 19 21 0 18 0 12 10 0 0 15 14 0 42 0 0 43 0 0 39 31 0 0 0 0 36 33 
0 16 13 10 0 0 0 0 9 8 0 0 7 0 32 33 0 0 36 37 0 27 30 0 0 29 25 24 19 17 0 0 22 21 23 0 0 2 1 0 48 46 0 0 39 41 0 0 0 
47 2 0 45 1 0 0 38 0 0 0 0 42 40 18 19 0 0 0 23 0 0 16 12 0 0 0 10 5 0 0 0 0 7 0 0 33 37 0 0 34 0 24 30 25 0 28 0 26 
33 37 0 31 0 35 32 0 0 0 25 27 28 26 4 5 3 0 8 0 0 48 2 0 49 0 0 45 0 0 0 41 0 42 0 0 19 23 22 17 20 18 0 16 0 13 14 15 0 
0 44 0 38 43 42 39 0 37 36 32 0 35 0 11 0 0 13 0 16 0 6 9 5 0 8 4 3 47 45 46 0 1 0 0 0 0 0 0 24 0 25 17 23 0 20 21 0 0 
19 0 0 17 0 0 0 10 16 15 11 0 0 12 39 40 0 0 43 44 42 0 0 0 35 0 32 31 0 0 0 27 29 0 0 7 5 0 8 3 6 4 45 2 0 0 49 0 47 
0 30 0 24 0 28 0 0 0 22 0 20 0 19 0 47 45 0 0 0 49 41 0 0 42 0 0 38 33 31 32 34 36 0 37 0 12 16 0 10 13 0 3 9 4 0 7 8 5 
0 31 0 25 0 0 26 18 0 0 0 21 22 20 47 0 46 49 2 0 0 0 0 41 0 0 0 0 0 32 33 0 37 36 38 0 13 17 0 0 0 12 0 0 0 7 8 0 6 
0 0 35 0 37 36 0 25 0 30 26 28 29 27 0 0 0 7 0 0 8 0 3 0 1 0 47 46 41 39 40 0 0 43 0 0 0 0 0 18 0 19 0 17 0 14 15 0 0 
13 17 0 0 16 0 12 0 0 9 5 7 8 0 33 34 32 0 37 0 36 28 0 0 0 30 0 25 0 18 19 21 23 0 0 1 0 3 2 46 0 47 0 45 40 42 43 44 41 
0 0 0 0 0 0 19 11 0 16 0 14 0 0 0 0 39 42 44 45 43 0 38 0 36 37 33 32 27 0 0 0 0 29 0 0 0 0 0 4 0 0 46 3 47 0 0 2 48 
0 0 42 0 0 43 0 32 0 37 33 0 0 0 12 13 11 0 16 17 15 0 10 6 8 0 0 4 48 0 47 49 2 1 3 0 0 0 30 25 28 0 18 24 0 0 22 23 0 
48 3 49 0 2 0 0 0 45 44 0 0 0 41 0 0 0 0 0 0 22 0 0 0 0 0 0 11 0 0 5 0 0 0 0 36 0 38 37 0 35 33 0 31 26 0 29 0 27 
0 10 7 4 9 8 5 46 3 0 47 49 1 0 26 0 25 28 30 0 0 21 24 20 22 23 0 18 13 0 12 0 0 15 17 0 41 0 0 0 42 0 32 38 33 0 0 0 0 
0 19 16 13 18 0 14 0 0 11 7 0 10 0 35 36 34 37 39 0 0 0 0 29 0 0 0 0 22 20 0 23 0 0 0 3 0 5 0 48 0 49 41 0 42 44 0 0 0 
0 0 44 41 0 0 42 0 40 39 0 0 38 0 14 0 0 0 0 19 17 0 12 0 10 0 0 0 1 0 0 2 4 3 0 0 29 33 0 0 0 28 20 0 21 0 24 25 22 
29 33 0 0 0 0 0 0 26 25 0 0 24 22 0 0 0 0 0 5 0 44 0 43 0 0 0 0 36 0 0 37 39 0 0 17 0 0 18 0 16 0 6 0 7 0 0 11 0 
22 26 0 20 25 0 0 0 0 0 0 16 0 15 42 0 41 0 46 0 45 37 0 0 38 0 0 0 29 27 28 0 32 31 0 10 0 12 0 6 9 7 0 0 49 0 3 4 0 
0 12 9 0 0 0 0 0 5 4 0 0 0 1 0 29 0 30 0 33 0 0 0 22 24 0 21 20 0 13 14 0 0 17 0 45 43 0 0 41 0 42 34 0 0 37 0 0 0 
0 5 2 0 4 0 0 41 47 0 42 0 0 43 21 22 0 0 0 26 24 0 19 15 17 0 14 13 8 6 0 9 0 10 0 0 0 40 39 0 37 35 0 33 0 30 0 32 29 
36 40 0 34 0 38 35 0 33 32 28 30 31 29 0 8 0 0 11 12 10 0 5 1 0 0 0 0 0 41 42 44 46 0 0 0 0 26 0 0 23 0 0 19 0 0 17 18 15 
18 22 19 0 21 0 0 0 0 0 10 12 13 0 38 0 37 40 42 0 0 0 36 32 0 0 0 0 25 0 24 26 28 27 29 6 4 0 0 0 5 3 44 1 0 0 0 0 0 
0 0 0 30 0 34 0 0 0 28 0 26 27 25 0 4 2 0 0 0 6 47 0 0 0 0 45 44 0 0 0 40 42 41 0 0 18 0 0 0 19 0 0 0 10 0 0 14 11 
0 0 0 23 0 27 0 16 0 0 17 19 20 0 0 46 0 0 49 1 48 0 43 39 0 42 0 0 32 0 0 33 35 34 36 13 0 15 14 9 12 0 0 0 0 0 6 7 0 
4 8 5 2 7 0 0 0 0 49 0 47 48 46 24 25 0 0 28 0 0 19 0 18 20 21 0 0 11 9 10 12 14 13 15 41 39 43 42 37 0 0 30 0 0 33 0 35 0 
46 0 0 0 49 48 0 0 43 42 38 40 41 0 17 18 16 19 0 22 20 0 15 0 0 0 0 0 4 2 0 5 0 0 0 34 0 36 35 0 33 31 23 0 24 0 27 0 0 
0 15 12 9 14 13 0 2 8 0 3 5 6 4 0 0 30 0 0 0 34 26 0 25 27 0 24 23 0 0 17 19 0 20 0 0 0 1 49 0 47 0 0 43 0 40 41 42 39 
39 43 40 37 0 41 0 0 36 35 31 0 0 0 10 0 9 12 0 0 0 5 8 4 6 0 3 0 0 44 45 47 0 48 1 0 25 29 0 23 0 24 16 22 0 0 20 21 18 
0 0 24 0 26 25 0 0 20 0 15 0 18 16 0 44 42 45 47 0 0 0 0 0 39 0 36 35 0 0 29 0 33 0 34 0 9 13 12 7 0 0 49 0 0 0 4 5 0 
0 20 17 0 19 0 0 7 0 12 8 0 11 9 0 37 35 38 0 0 39 0 34 30 0 33 29 0 23 0 0 24 26 0 27 4 0 6 0 0 3 1 42 48 0 45 0 0 0 
0 41 0 35 40 39 36 28 34 0 0 0 32 30 8 9 0 0 12 13 0 0 0 2 4 5 0 0 44 42 43 45 0 46 48 0 0 27 0 0 0 22 0 0 15 17 0 0 0 
0 0 45 42 0 0 43 35 0 40 0 0 39 37 15 0 14 0 0 0 0 0 0 9 0 12 8 0 0 0 0 0 0 0 6 32 0 0 33 0 31 0 0 27 0 24 0 0 23 
0 34 31 0 0 32 29 0 27 0 0 0 25 0 1 2 0 0 5 6 4 45 48 44 46 0 43 0 37 0 0 0 0 0 0 18 16 20 19 14 0 0 0 0 0 0 0 12 9 
9 0 0 7 0 11 0 49 6 5 0 3 4 0 0 0 28 31 0 34 0 24 27 0 0 26 22 0 0 14 15 17 19 18 0 46 0 0 0 0 0 0 0 0 0 38 39 40 0 
0 6 0 0 0 4 0 42 0 0 0 0 46 44 0 0 21 24 0 27 25 0 0 16 0 19 0 14 0 7 0 10 12 0 13 39 0 41 0 0 38 0 0 0 29 0 0 0 0 
35 39 0 33 0 37 0 26 0 0 27 29 0 0 0 0 0 8 10 11 0 0 4 49 0 0 48 47 42 40 0 0 45 44 0 0 0 25 24 0 22 20 12 18 0 0 16 17 0 
0 0 29 0 31 0 0 0 0 24 20 0 23 21 0 0 0 1 3 4 0 0 0 42 44 0 0 0 0 33 34 0 38 0 39 16 14 0 17 0 15 13 0 0 0 0 9 10 0 
0 0 22 19 0 23 0 12 0 0 0 0 16 0 41 0 40 0 45 0 44 36 39 35 37 38 34 33 28 26 0 0 0 30 32 9 0 11 10 0 8 6 0 0 0 0 2 3 0 
42 0 0 40 0 0 0 33 0 0 34 36 0 0 13 14 12 0 17 18 16 0 11 7 9 10 0 0 0 47 48 0 0 0 4 30 0 0 31 0 29 27 19 25 0 22 23 24 21 
7 0 0 5 0 0 6 0 0 0 0 1 0 0 27 0 0 29 31 0 30 22 25 21 0 24 0 0 14 0 0 15 17 16 0 0 42 46 0 40 43 0 0 39 34 0 0 0 0 
0 4 1 47 0 0 48 0 46 0 41 43 0 42 20 0 0 0 24 0 23 15 0 0 0 17 0 0 7 0 6 8 0 0 0 37 35 0 38 0 0 34 26 0 0 0 30 0 28 
14 18 15 12 17 0 0 5 11 0 6 0 0 0 0 0 33 36 0 0 0 29 32 28 0 31 27 26 0 0 20 0 24 0 25 2 0 0 3 47 1 0 0 46 0 43 44 0 42 
