7
17 0 16 15 18 14 0 46 47 42 45 0 43 44 7 0 8 6 0 0 12 0 20 0 25 0 0 21 0 36 37 0 35 40 38 0 0 31 0 29 0 0 0 2 0 0 4 0 1 
3 48 0 1 0 0 5 0 0 0 31 0 0 30 42 46 0 41 44 45 0 0 0 10 11 8 9 0 0 0 0 20 0 26 0 16 0 0 0 15 0 13 0 37 34 0 39 40 36 
0 0 37 36 0 35 40 0 19 14 17 13 15 0 0 0 0 27 30 0 33 0 0 0 46 43 44 0 11 8 9 6 0 0 0 2 0 3 0 1 4 0 0 0 20 21 0 0 22 
24 20 0 0 0 0 26 4 5 0 3 48 1 2 0 0 0 0 16 0 0 33 0 31 0 0 0 0 46 43 44 41 42 47 45 37 35 38 40 0 0 0 10 0 6 7 11 0 0 
31 0 0 29 0 28 0 0 0 7 10 0 0 0 0 25 22 0 0 0 26 40 0 0 39 0 0 35 4 1 2 0 49 0 0 0 42 45 0 0 46 0 0 0 13 14 0 19 15 
45 0 44 0 46 42 47 25 26 0 0 0 22 0 35 0 0 0 37 38 40 0 48 3 0 0 2 49 18 0 0 13 0 0 17 9 0 10 0 8 0 0 0 0 0 28 32 33 29 
10 0 9 8 11 7 12 0 0 35 0 34 36 0 49 4 0 48 0 0 5 19 13 0 0 0 16 0 32 29 0 0 0 0 31 23 0 0 26 22 0 20 45 0 41 0 0 0 0 
0 44 47 0 0 0 0 0 0 24 27 23 0 0 0 42 39 37 40 41 0 8 2 6 0 0 0 3 21 0 19 0 0 22 0 0 0 13 0 11 14 9 34 0 0 0 0 36 0 
0 30 33 32 0 31 0 14 0 10 13 0 0 12 0 28 0 23 0 27 29 43 37 41 0 39 0 0 0 0 0 0 3 0 6 47 45 48 1 46 0 44 20 0 16 0 0 22 18 
0 23 0 0 28 0 0 0 8 3 0 0 0 0 0 0 18 16 0 20 0 0 30 0 35 0 33 31 0 46 47 0 0 0 0 40 0 0 0 0 0 0 13 0 0 10 0 0 11 
20 0 0 0 0 17 22 49 1 45 0 0 0 0 0 14 11 9 12 0 0 0 23 0 0 25 0 24 0 0 0 37 38 0 41 0 31 0 36 0 35 30 6 0 0 3 0 8 0 
0 9 12 11 14 10 0 0 0 38 0 0 39 0 0 7 0 0 0 6 8 0 16 0 21 0 19 17 35 0 0 0 31 0 0 26 24 0 0 0 28 0 0 0 0 45 49 1 46 
0 0 0 0 0 38 0 21 22 17 0 16 18 0 31 0 32 30 33 0 36 0 44 0 49 46 0 45 0 11 12 0 0 0 0 5 0 0 8 0 7 0 27 0 0 24 0 29 25 
0 2 0 0 0 0 8 35 0 31 0 0 32 33 45 0 46 0 0 48 1 15 0 13 14 11 12 0 0 0 26 0 24 0 0 19 0 20 22 0 21 16 0 40 0 0 42 43 39 
0 0 0 0 0 0 25 0 4 48 0 0 49 1 0 0 0 12 15 0 0 0 26 0 31 28 0 0 45 0 0 0 41 46 44 0 34 37 39 0 38 33 9 0 5 6 0 11 0 
0 47 1 0 0 0 4 0 0 0 0 26 0 0 0 45 0 0 0 0 46 11 5 9 0 0 0 0 0 0 0 0 0 0 0 0 13 0 0 0 0 12 37 0 33 34 0 39 35 
0 0 15 0 17 13 0 45 46 41 0 0 42 43 0 0 0 5 0 0 11 25 0 23 24 0 22 0 38 0 36 0 34 0 0 0 27 0 0 0 0 0 2 0 0 48 3 0 49 
0 0 0 0 38 34 0 0 0 13 0 0 14 0 0 31 28 26 0 0 0 0 0 44 45 42 43 41 10 7 8 0 6 0 0 1 48 2 4 0 3 0 23 22 0 0 0 0 21 
0 40 0 0 45 0 0 0 25 20 0 0 0 22 34 0 35 0 36 37 39 0 0 2 0 0 1 0 0 0 15 0 13 0 16 8 0 0 11 7 0 5 30 0 26 0 31 32 28 
0 0 29 28 0 27 0 0 11 6 0 0 0 8 20 0 21 0 0 23 0 0 33 0 0 0 36 34 3 49 0 0 48 0 0 0 0 0 0 42 0 40 0 15 12 13 0 18 0 
9 0 8 7 0 0 0 38 0 34 37 0 0 36 48 0 0 47 1 2 0 0 0 0 0 0 0 0 31 0 0 26 0 32 30 22 20 0 25 0 24 19 44 43 0 41 45 0 0 
0 21 24 0 26 22 27 5 6 0 0 49 2 3 15 0 0 0 17 18 0 0 28 0 33 0 0 29 47 0 45 42 0 48 0 38 0 0 0 37 40 0 11 0 7 8 0 13 0 
32 0 31 0 33 0 0 0 0 8 11 0 9 10 22 26 0 21 0 25 27 0 0 39 0 0 38 36 0 2 3 0 1 6 0 0 0 46 48 44 0 0 18 0 0 0 0 0 16 
4 49 3 2 0 1 6 0 0 29 32 0 30 31 43 47 44 42 45 0 48 0 0 11 0 9 10 8 0 23 0 0 0 0 25 17 0 0 0 0 0 0 39 38 35 36 40 41 37 
39 35 38 37 40 0 0 19 0 0 0 0 0 17 29 0 30 0 0 32 0 0 0 0 47 44 45 43 0 9 10 7 0 13 0 3 1 4 0 2 0 49 25 24 21 22 26 27 23 
11 0 10 9 12 8 13 0 0 0 0 35 37 38 0 0 0 49 3 0 0 0 14 0 0 16 17 15 33 30 0 28 29 34 0 24 22 25 27 23 0 0 0 0 0 0 0 48 44 
0 14 17 16 0 15 20 47 48 0 46 42 44 0 0 12 0 0 0 0 13 27 0 25 0 0 0 22 0 0 0 0 36 0 0 31 0 0 0 30 33 28 0 0 49 1 5 0 2 
0 42 45 0 47 43 48 0 0 0 25 21 23 0 0 40 0 0 0 0 41 6 49 0 5 0 3 1 19 0 0 14 15 20 18 0 0 11 13 9 12 0 32 31 28 0 0 0 0 
0 0 20 0 0 18 0 1 2 0 0 45 47 0 11 15 0 10 0 14 16 0 24 0 29 26 0 25 43 0 41 38 39 44 42 34 0 0 37 0 36 31 7 6 3 0 8 0 5 
0 24 0 0 29 25 0 0 9 0 0 3 5 6 0 0 0 17 20 0 0 37 31 0 0 0 0 0 0 47 0 0 0 0 0 0 39 42 0 40 0 0 14 13 10 11 0 16 0 
0 0 0 0 15 11 0 43 0 39 0 38 40 41 0 8 0 3 0 0 0 23 0 0 22 19 0 0 0 0 0 0 0 37 0 27 25 28 30 0 0 0 49 0 45 46 1 0 47 
0 0 48 0 0 46 2 0 30 25 0 24 0 0 39 43 0 0 0 0 0 9 0 7 0 5 6 0 0 0 0 17 18 0 0 13 11 14 16 0 15 10 35 0 0 0 36 0 0 
35 0 34 33 36 0 0 0 0 11 0 0 0 13 0 29 0 24 0 28 0 0 0 0 43 40 41 0 0 0 6 0 4 0 0 0 46 0 2 0 0 45 0 0 0 18 0 0 0 
0 3 0 5 8 0 9 0 0 32 0 31 33 34 46 1 0 45 0 49 0 0 0 14 0 0 0 0 0 0 0 24 0 30 0 20 18 0 0 19 0 0 0 0 0 39 0 44 40 
42 38 0 0 43 39 44 22 0 18 21 0 0 0 0 36 0 31 0 35 37 2 45 49 0 0 0 0 0 0 13 0 0 16 0 0 4 7 9 0 8 0 0 27 0 0 29 0 26 
0 8 0 0 0 9 14 41 42 0 40 0 0 0 0 0 0 0 4 5 0 21 15 19 20 17 0 0 0 31 32 29 0 0 0 25 0 0 0 24 0 22 0 0 43 44 48 0 45 
19 0 18 17 0 0 21 0 0 44 47 0 45 46 9 13 0 8 11 12 0 28 22 26 27 0 0 23 0 38 39 0 0 0 40 0 0 0 35 31 0 29 0 4 1 0 6 0 3 
0 43 0 45 48 44 0 27 28 23 0 0 0 0 0 41 38 36 39 0 0 7 1 0 6 0 0 2 20 0 18 0 16 21 19 0 9 0 14 10 13 8 0 32 29 30 0 0 0 
0 0 0 24 0 23 28 6 7 2 0 0 0 4 16 0 17 0 0 0 21 0 0 0 0 31 0 0 48 45 46 43 44 49 0 0 37 0 0 38 41 0 0 0 8 0 13 14 0 
5 1 4 3 0 0 7 0 0 0 0 0 31 32 0 0 0 0 0 0 0 14 8 0 13 10 11 0 27 24 0 0 0 0 26 0 16 0 0 17 0 0 40 0 0 0 41 0 38 
40 36 0 0 0 0 42 20 21 16 0 0 17 18 30 0 0 0 32 33 0 0 0 0 48 45 0 0 13 10 0 0 9 14 12 4 2 5 0 0 6 0 26 0 0 0 0 0 0 
33 29 0 0 0 0 35 0 14 9 12 0 0 11 0 27 24 0 25 26 0 0 36 40 0 38 0 37 6 3 4 1 2 7 0 46 44 0 49 0 0 0 19 18 15 0 20 21 17 
0 39 42 41 0 40 45 23 24 0 22 18 20 21 0 0 34 0 0 36 0 3 46 0 2 48 0 0 0 13 14 11 12 0 15 0 5 0 0 6 9 4 29 0 25 26 30 0 27 
29 25 28 0 0 26 31 0 0 5 0 4 6 0 19 23 0 0 21 0 24 0 0 36 37 34 0 0 2 48 49 46 47 0 1 0 0 43 45 0 0 0 15 0 11 0 0 17 0 
0 18 21 20 0 0 0 2 0 0 0 46 0 0 12 0 13 11 14 0 0 31 0 0 0 27 0 26 0 0 0 39 40 0 0 0 0 36 38 0 0 0 0 7 4 5 9 0 0 
0 32 0 34 37 33 0 16 17 0 15 0 0 0 0 30 27 0 0 0 0 45 0 43 44 0 0 0 9 6 0 4 5 10 8 0 0 1 3 48 0 0 0 0 18 19 0 0 20 
1 46 0 48 2 0 0 30 31 0 29 25 0 28 40 44 0 0 0 0 0 0 4 0 9 0 0 0 0 0 21 18 19 24 0 0 0 15 0 0 0 0 36 0 0 33 0 0 0 
8 4 0 0 9 0 0 0 38 0 0 32 0 0 47 0 48 46 49 0 3 0 0 0 16 13 0 0 30 27 0 0 0 31 29 0 0 0 24 20 0 18 0 0 0 0 44 45 0 
15 0 14 0 16 12 17 44 45 0 43 0 41 42 0 9 6 4 7 0 10 24 0 0 0 20 21 19 37 34 35 0 0 38 0 28 0 0 0 0 30 25 1 49 0 47 2 3 48 
