7
32 0 31 0 30 0 0 0 0 35 0 36 0 0 44 46 43 41 0 45 42 0 0 0 49 0 4 0 0 21 0 20 0 0 0 10 9 0 6 0 0 12 15 0 19 0 0 13 0 
39 36 38 0 37 40 0 0 0 0 0 0 0 45 0 4 0 48 5 3 0 12 0 0 0 0 0 8 0 0 0 0 29 0 33 0 0 0 0 18 0 19 0 21 26 25 24 0 0 
0 22 0 21 0 0 20 32 30 0 0 0 27 0 0 39 0 0 0 38 0 47 0 0 0 0 46 0 0 14 17 0 0 0 19 3 0 1 48 0 49 0 0 7 0 0 0 6 0 
0 0 0 7 9 0 0 0 0 0 19 0 13 0 0 0 0 0 0 0 21 33 0 0 28 0 32 0 4 0 0 0 1 0 0 38 37 0 34 0 35 0 43 0 0 0 45 41 0 
4 0 0 0 2 0 0 0 0 7 0 0 0 10 0 18 15 13 19 0 14 26 23 0 0 0 0 22 0 0 45 0 43 0 47 31 0 29 27 0 0 0 0 35 0 0 0 34 0 
0 0 0 42 0 0 41 0 0 0 0 1 0 0 0 0 0 6 12 0 0 19 16 0 0 0 0 15 39 0 38 0 36 0 40 24 23 0 20 0 0 26 0 0 33 0 31 0 30 
18 0 17 14 16 0 0 25 23 21 0 22 20 0 30 0 29 0 0 0 0 0 37 0 0 38 39 36 0 7 0 0 8 0 0 0 44 0 41 0 0 0 0 0 5 4 0 48 2 
8 5 0 0 0 9 0 15 0 11 16 0 0 0 0 22 0 17 0 0 18 30 27 24 0 0 29 0 1 0 0 0 47 48 0 35 0 0 0 0 32 37 0 0 0 43 0 38 0 
0 0 0 0 27 0 0 0 34 32 0 33 0 35 0 0 0 0 44 0 39 0 0 45 46 49 0 0 0 0 0 0 19 0 0 0 0 5 3 8 4 0 12 0 0 0 14 0 0 
1 0 49 0 0 2 45 0 0 0 0 0 3 7 13 0 0 0 16 0 0 23 0 0 18 0 0 19 43 0 42 0 0 41 0 0 27 26 24 0 25 30 33 0 37 0 0 0 0 
43 0 0 0 41 0 0 1 0 0 0 0 0 0 6 0 0 0 9 7 4 0 13 0 11 0 0 0 0 0 0 31 0 0 37 0 20 19 0 0 18 23 26 25 0 29 0 24 27 
0 0 0 11 13 0 10 0 0 0 23 19 0 0 27 29 26 0 0 0 25 0 0 0 0 0 36 33 0 0 0 0 0 6 0 42 41 0 0 43 0 44 0 46 0 0 0 0 48 
0 19 21 0 20 0 0 0 27 25 30 0 0 28 34 36 0 0 37 35 0 0 0 0 0 0 0 0 15 0 14 10 0 0 0 49 0 0 45 0 46 0 0 0 9 0 0 0 0 
0 0 0 32 0 0 0 0 0 0 44 40 38 42 0 0 0 45 2 49 0 0 0 0 0 0 0 5 29 25 28 0 0 27 0 14 0 0 0 15 0 0 0 18 0 22 0 0 0 
0 0 0 2 0 0 0 0 0 0 14 0 0 0 18 0 17 15 0 19 16 0 25 0 23 0 0 24 48 0 0 43 0 0 0 33 0 31 0 34 30 0 38 37 0 0 0 0 0 
27 0 0 0 25 28 0 34 32 30 0 0 29 0 0 41 0 0 42 0 0 49 0 43 44 0 0 45 20 16 19 15 17 18 0 5 4 3 1 6 2 0 10 9 0 0 12 0 0 
0 17 19 16 0 0 15 0 0 0 0 0 22 26 0 0 0 29 0 0 0 42 39 36 0 0 0 0 0 0 0 0 0 11 0 47 0 0 43 48 0 0 0 2 0 0 0 0 4 
34 31 33 0 32 35 0 0 0 0 0 38 0 40 0 48 45 43 49 47 0 0 0 1 2 5 0 3 0 0 0 0 0 0 0 0 0 0 8 13 0 14 17 0 21 20 19 0 18 
0 10 0 0 0 0 0 20 0 0 21 0 15 0 0 0 24 0 0 26 0 0 0 0 0 33 34 0 0 0 0 0 0 0 7 0 39 0 0 0 37 0 0 44 0 48 0 0 0 
0 0 47 44 0 0 0 0 4 0 0 3 0 5 0 13 10 0 14 12 0 21 18 0 0 19 0 17 0 37 0 0 38 0 0 0 25 0 0 27 23 0 31 0 0 34 33 0 32 
0 0 40 37 0 0 0 0 0 44 49 45 43 0 0 0 3 0 7 0 2 0 11 0 0 12 0 0 34 30 33 29 31 32 0 19 0 0 15 20 0 21 0 0 28 0 0 22 25 
0 0 0 43 45 0 42 5 0 0 0 2 0 0 10 12 0 7 0 0 0 20 17 0 0 18 0 0 40 0 0 0 37 0 41 0 24 23 0 26 22 27 0 0 34 33 0 0 31 
0 0 0 0 0 0 28 0 0 0 0 0 0 39 45 0 44 0 0 0 0 0 3 0 1 0 0 2 26 0 25 0 0 0 27 0 10 0 0 0 0 0 0 0 20 0 18 14 17 
0 37 39 36 0 0 0 0 45 43 0 0 0 46 0 0 2 49 6 0 1 0 0 0 8 11 0 9 0 29 32 28 0 0 34 18 17 0 14 0 15 0 23 22 27 0 0 21 0 
0 0 4 0 0 6 0 12 10 8 0 0 0 11 17 0 0 0 20 0 15 0 24 21 0 0 0 0 0 43 0 42 0 45 0 0 0 0 28 33 0 0 37 0 41 0 39 0 0 
0 9 0 0 0 13 0 19 17 0 20 16 14 18 0 26 23 21 0 0 0 34 0 28 29 0 0 0 5 1 0 49 2 0 0 0 0 37 35 0 36 0 0 0 0 0 46 0 0 
0 0 0 0 0 20 0 26 0 0 27 0 21 0 31 0 30 0 0 32 29 0 38 35 0 0 40 37 12 0 0 0 9 10 13 46 0 44 0 0 43 0 2 1 6 5 0 49 3 
0 23 0 22 0 27 0 33 31 29 34 30 0 0 0 0 0 35 41 0 36 48 0 42 0 46 0 0 0 0 0 14 16 0 0 0 0 0 0 5 1 6 9 8 0 0 0 0 10 
0 0 0 17 19 22 16 28 26 0 0 0 23 0 0 0 32 30 36 34 0 0 0 37 0 0 42 39 14 0 13 0 11 12 0 48 47 0 44 0 45 1 0 0 0 0 6 2 5 
0 0 13 0 0 0 0 0 0 17 0 0 16 0 26 0 25 0 0 0 24 36 33 30 0 34 0 32 7 3 6 0 4 0 8 0 0 39 0 42 38 0 46 45 1 49 0 0 0 
0 0 0 3 0 0 2 14 12 0 15 0 0 0 0 0 0 0 22 0 17 29 0 23 24 0 28 25 0 0 48 0 0 0 1 0 0 0 0 35 31 0 39 0 43 0 0 0 40 
49 46 48 0 0 0 0 0 0 3 0 0 2 6 12 0 11 9 0 13 0 0 0 16 17 0 21 18 42 38 0 37 39 0 0 0 0 0 23 28 24 29 32 0 0 35 0 0 33 
42 39 0 0 0 0 0 49 47 0 0 0 44 0 0 7 0 2 0 0 0 0 12 0 10 13 0 0 35 31 0 0 0 33 0 20 0 0 16 0 0 22 25 0 29 0 27 23 0 
0 32 34 0 0 0 0 42 40 38 43 0 37 41 0 0 46 0 1 0 0 0 0 0 3 6 0 4 0 0 27 23 25 26 0 0 12 0 9 14 10 15 0 0 0 0 0 0 19 
0 25 0 24 0 0 0 0 33 0 0 32 0 0 0 42 39 37 0 41 0 1 47 44 0 48 0 46 0 0 0 0 18 19 0 6 0 0 2 0 0 0 0 0 0 0 0 0 12 
0 0 0 0 0 0 0 24 22 0 25 0 19 0 0 31 0 26 32 30 27 39 36 33 0 0 0 0 10 0 9 5 0 0 11 44 43 0 0 0 41 46 49 0 0 0 0 0 0 
10 7 0 0 0 0 0 17 0 13 18 14 12 0 22 0 0 0 25 0 0 0 29 0 0 0 31 0 0 48 0 0 49 0 0 37 36 0 0 0 0 0 0 41 0 0 0 0 43 
0 21 0 0 22 0 0 0 29 27 32 0 0 30 36 0 35 0 0 0 0 0 43 40 41 44 0 42 0 13 16 0 14 0 18 2 0 0 47 3 0 4 7 0 0 0 0 5 8 
0 35 37 0 0 39 33 45 43 0 0 0 0 0 0 0 49 0 0 0 0 0 0 5 0 0 10 7 0 27 0 0 0 0 0 16 15 14 12 0 13 18 21 20 0 0 23 0 0 
0 0 44 41 0 0 40 3 0 48 4 49 0 0 8 0 7 5 0 0 6 0 15 12 0 0 17 14 0 0 37 33 0 36 39 23 22 0 19 0 20 25 0 0 0 0 30 0 0 
3 49 2 48 0 4 47 0 8 6 0 0 5 0 0 17 0 12 18 0 0 25 0 0 0 0 0 21 0 0 44 0 0 0 0 30 29 0 0 0 27 32 0 0 39 0 0 0 36 
0 0 0 27 29 0 0 38 36 34 0 0 0 0 43 0 0 40 0 44 0 4 1 47 48 0 3 0 24 0 23 19 0 22 25 0 8 7 5 10 6 0 0 13 0 0 0 12 0 
0 0 8 0 7 10 0 16 0 0 0 0 0 0 0 23 0 0 0 0 19 0 0 25 0 0 0 0 2 0 0 46 0 0 0 0 0 34 0 0 33 0 41 40 45 0 0 0 0 
0 41 0 0 0 45 0 0 0 0 0 0 46 0 7 0 0 0 10 8 0 0 0 11 0 15 16 0 37 0 0 32 0 0 38 22 0 20 18 0 0 0 0 26 31 30 29 0 28 
37 34 36 0 0 0 0 0 42 0 0 0 0 43 0 0 0 0 0 0 0 10 7 0 0 8 9 0 30 0 29 0 0 0 31 15 0 13 11 0 0 17 0 0 0 23 0 18 21 
30 27 0 0 0 0 0 0 0 0 38 0 0 0 0 44 0 39 45 0 40 3 0 0 0 1 2 0 0 0 0 0 20 21 0 8 7 0 4 0 0 10 0 0 17 16 15 11 0 
16 0 15 0 14 0 0 0 0 0 24 20 18 22 0 0 0 0 0 29 0 0 0 0 33 36 0 0 0 0 8 4 0 0 10 43 42 0 39 0 40 0 48 47 3 0 1 46 0 
0 0 0 0 0 3 0 9 0 5 10 0 4 0 14 16 13 11 0 0 12 0 0 0 0 0 0 20 44 0 0 0 0 0 45 29 0 27 0 30 0 0 0 33 0 0 0 0 0 
0 20 22 0 21 0 18 0 0 26 31 0 0 29 0 0 0 0 0 36 33 0 42 0 40 0 0 41 0 0 0 0 13 0 17 0 0 48 46 0 47 0 6 0 10 0 0 0 0 
