7
0 0 40 41 0 0 37 0 36 0 0 0 32 0 20 0 0 0 19 0 0 26 0 0 0 0 0 27 8 0 0 0 4 0 0 0 0 45 0 0 0 0 0 0 0 0 15 10 13 
36 31 0 0 32 35 0 0 29 26 24 27 25 0 13 0 0 9 0 0 10 19 16 0 0 17 0 0 1 0 0 0 0 0 0 37 0 38 0 0 43 41 5 0 2 0 8 3 6 
0 0 47 48 0 0 44 0 0 40 0 0 0 0 27 25 28 0 26 29 0 0 30 0 0 31 36 34 15 0 10 9 0 0 0 0 7 3 0 0 0 6 0 21 16 0 0 17 0 
0 3 0 0 4 0 0 49 0 47 0 48 46 0 0 0 35 30 33 0 0 0 0 0 0 38 0 0 22 20 17 0 0 19 0 9 0 0 0 12 0 13 0 28 0 0 0 0 27 
0 0 19 0 0 0 16 14 0 12 0 13 0 0 0 0 0 0 0 1 45 0 2 0 0 3 0 6 36 0 0 0 0 33 0 0 0 0 25 26 0 27 0 0 37 39 43 38 0 
29 0 26 27 0 28 0 0 22 0 17 0 18 0 0 0 0 0 5 0 0 12 0 0 0 0 0 0 0 41 0 0 0 0 0 0 35 31 0 33 0 0 0 49 0 0 1 0 0 
0 0 0 13 11 14 9 0 0 0 0 0 0 0 41 0 42 37 40 0 0 0 44 46 49 45 1 0 0 0 24 0 0 26 0 0 21 0 0 0 22 0 0 0 0 32 36 31 0 
0 0 8 9 0 10 0 3 4 1 48 0 0 47 37 0 38 33 0 0 34 0 0 42 45 41 46 0 0 0 0 0 0 0 24 0 0 13 14 0 18 16 29 0 26 0 0 0 30 
0 0 1 0 49 3 0 0 0 0 41 44 0 0 0 0 0 0 29 32 27 36 0 0 0 34 0 0 0 0 13 12 0 0 0 0 0 0 7 0 0 9 0 0 0 0 25 20 0 
25 0 0 0 21 24 0 0 0 0 0 16 0 12 2 0 0 0 1 0 0 0 5 7 10 6 0 0 0 0 0 33 35 36 38 26 0 0 0 0 0 30 43 45 0 0 46 0 0 
0 0 0 0 0 0 0 38 0 0 34 37 0 0 0 0 0 0 22 0 0 0 0 28 0 0 0 0 11 9 0 0 0 8 0 0 0 48 49 0 0 0 15 0 12 0 0 13 16 
0 27 0 30 28 0 0 0 0 22 0 23 0 19 9 0 10 0 0 11 0 0 0 0 17 0 0 16 46 44 41 0 0 0 0 0 38 34 35 36 0 0 0 0 0 0 0 0 0 
18 0 15 0 14 0 0 10 0 0 0 9 7 5 0 0 0 0 43 46 0 0 47 0 3 0 0 2 0 0 0 26 0 0 0 19 24 20 0 0 25 23 36 0 0 35 0 0 37 
0 0 0 0 35 0 33 0 0 29 0 0 28 26 0 0 0 12 0 0 0 22 0 21 24 0 25 0 0 0 0 47 0 0 3 40 45 0 0 43 46 0 8 10 5 7 0 0 0 
35 30 0 33 0 0 0 27 0 0 23 0 0 0 0 0 13 8 0 14 0 18 15 17 0 16 0 0 0 0 44 0 0 46 48 36 0 0 0 0 0 40 0 6 0 0 0 0 0 
0 0 0 47 0 0 0 0 0 0 37 0 0 0 0 24 27 0 25 0 0 0 0 0 0 0 35 0 0 0 9 0 0 11 0 1 6 0 0 4 0 5 0 0 15 17 0 0 0 
42 0 39 0 0 41 0 34 0 32 0 33 0 0 0 0 0 15 0 0 16 25 22 24 27 23 0 0 7 0 2 0 3 4 6 0 0 0 0 46 0 0 11 0 0 0 14 9 12 
7 0 4 0 0 0 0 0 0 0 0 47 45 43 0 31 34 0 0 35 30 0 0 38 41 0 42 0 0 0 0 0 17 18 0 8 0 0 0 0 0 12 25 0 0 24 28 23 26 
0 9 0 12 0 0 8 6 0 0 0 0 3 0 0 38 41 0 0 0 0 46 0 0 0 44 0 0 0 0 0 22 24 0 0 0 20 0 0 0 0 0 0 0 0 0 0 0 33 
0 0 0 26 0 27 22 20 0 0 0 0 0 0 0 0 0 1 0 0 0 11 0 10 13 0 14 12 0 0 0 0 0 0 41 29 34 0 31 0 0 0 46 0 0 45 0 44 0 
21 0 0 0 17 0 0 13 0 11 0 12 0 8 47 45 0 43 0 0 0 0 1 3 6 0 7 5 35 0 0 0 0 32 34 0 0 23 24 0 0 0 0 0 36 0 0 0 0 
0 0 28 29 0 0 0 0 0 0 19 0 20 0 0 6 0 4 7 0 0 14 0 0 0 0 17 15 0 0 0 39 41 0 0 0 37 0 34 0 0 0 49 0 46 48 0 0 0 
0 0 0 8 0 9 0 2 3 0 47 1 0 46 0 34 0 0 35 0 33 42 0 0 0 40 45 43 0 22 0 18 0 0 23 11 0 12 0 0 17 0 0 30 0 0 31 26 0 
17 0 14 15 0 0 11 9 10 7 0 8 0 0 0 41 0 0 0 45 0 49 46 48 2 0 0 1 0 0 0 0 0 0 0 18 0 0 20 21 24 0 0 0 0 0 38 33 36 
0 19 0 22 20 0 0 16 17 0 0 15 0 0 0 0 2 0 0 3 0 0 0 0 9 0 10 8 0 0 0 32 34 35 37 0 30 0 0 28 0 0 0 0 0 0 45 40 43 
38 33 0 0 34 0 32 0 0 0 0 29 27 0 15 13 16 0 0 0 0 21 0 0 0 0 24 0 3 0 0 0 48 0 2 0 0 40 41 0 45 0 0 0 0 6 10 5 0 
45 0 0 43 0 0 39 0 38 35 0 0 0 0 0 20 0 0 21 24 0 0 25 27 0 0 0 0 10 0 5 0 0 0 0 0 0 47 48 0 3 0 0 16 0 13 17 0 0 
0 0 0 1 0 0 0 0 0 42 0 0 41 39 0 0 0 0 28 31 26 0 0 0 0 0 38 36 17 0 12 11 13 0 16 0 9 5 0 0 0 8 21 0 0 0 0 0 22 
2 0 48 49 0 1 45 43 0 0 39 0 40 38 0 26 29 0 0 30 0 0 0 0 0 32 37 35 0 0 11 0 0 0 0 0 8 0 0 0 0 7 0 22 17 19 0 0 21 
0 39 0 0 40 43 0 36 37 34 32 0 33 0 21 19 0 0 0 0 0 0 24 0 0 0 0 0 9 7 4 0 5 6 8 45 0 46 0 48 2 49 0 15 0 12 16 0 14 
9 0 6 0 0 0 3 0 2 48 0 49 47 0 0 0 0 31 0 37 0 0 0 0 0 39 0 0 0 0 0 0 0 0 22 10 0 11 0 13 0 0 0 29 24 0 0 0 0 
0 0 27 0 0 0 0 22 0 0 0 0 0 17 7 0 0 0 0 0 0 0 10 0 0 0 0 0 0 0 39 0 40 41 43 0 0 0 0 34 37 35 0 0 0 0 0 0 0 
0 18 20 0 0 0 0 15 0 13 0 0 0 0 0 47 0 0 0 0 0 6 0 0 0 0 9 7 0 0 32 31 0 0 36 24 0 25 0 0 30 0 41 0 0 0 44 39 42 
0 32 0 35 33 36 0 0 30 27 25 28 26 0 14 12 15 0 13 0 0 0 17 0 22 18 0 21 0 0 0 45 0 0 0 0 43 0 40 0 44 0 0 0 0 5 9 0 7 
0 0 0 14 0 0 0 8 0 6 4 7 0 3 42 0 0 0 41 0 39 48 45 0 0 46 0 0 0 0 0 0 26 0 0 0 0 0 19 0 0 21 34 0 31 0 37 0 0 
12 0 0 0 8 11 6 0 0 0 49 0 0 48 0 36 39 0 0 40 0 44 0 0 0 42 0 0 26 0 0 20 22 0 25 0 18 0 0 16 0 0 0 32 0 0 0 0 31 
5 0 0 0 0 0 0 0 0 44 42 0 43 0 0 0 0 0 0 0 28 37 34 36 0 35 0 38 0 17 0 0 15 16 18 6 0 0 0 0 12 0 0 0 20 0 26 21 0 
0 0 0 38 36 0 34 0 0 0 28 0 0 27 0 0 18 13 0 0 14 23 20 0 0 21 26 0 0 0 0 0 0 2 0 41 0 0 43 0 0 0 9 0 0 0 0 0 0 
0 0 0 31 29 0 27 0 26 23 0 24 0 0 0 8 11 6 0 0 0 0 0 0 0 14 0 0 47 45 42 41 43 0 0 0 0 0 36 0 0 0 0 0 0 1 0 0 3 
0 0 44 45 0 46 41 39 0 37 0 0 0 0 24 22 0 0 0 26 0 0 0 0 0 28 0 31 0 0 0 0 0 9 0 0 0 0 1 0 0 0 16 18 0 0 19 14 0 
19 0 16 17 0 0 0 0 12 9 7 10 8 6 0 0 46 41 0 0 42 2 0 0 4 49 0 3 0 0 28 27 0 0 0 20 25 0 0 0 0 0 37 39 0 36 0 35 38 
0 0 0 24 22 0 0 0 19 0 0 0 0 0 3 0 0 0 0 0 49 0 0 0 0 7 0 10 0 38 0 34 36 37 0 0 32 0 0 0 33 0 0 0 0 0 0 42 0 
0 43 0 46 0 0 0 0 41 0 36 0 37 0 0 0 0 0 0 0 22 0 0 0 33 29 34 32 0 0 8 7 0 10 12 0 0 0 2 0 6 0 0 19 14 0 0 15 18 
41 0 0 39 0 0 0 0 34 0 0 32 0 28 18 0 0 0 17 0 0 0 21 0 26 0 0 0 6 4 0 0 0 0 0 42 0 0 0 0 0 46 10 0 0 9 13 0 0 
0 29 0 0 0 0 0 26 0 0 0 25 0 0 0 9 12 0 10 0 0 0 14 0 0 15 0 0 0 46 43 42 44 45 47 35 0 0 37 0 41 39 0 5 0 2 0 0 4 
0 0 24 0 23 26 21 0 0 0 15 18 0 14 4 0 0 0 0 0 0 10 0 9 12 8 0 11 41 0 36 0 37 0 0 0 0 29 30 0 0 32 0 47 0 44 0 0 46 
20 0 0 0 0 19 0 0 0 10 0 0 9 0 0 0 0 42 45 0 43 3 49 2 5 0 0 0 34 0 0 28 0 31 0 21 0 0 0 0 27 0 38 0 35 0 41 0 39 
0 1 0 0 0 0 49 47 48 45 0 46 0 42 0 0 0 0 0 0 0 0 35 0 40 0 0 0 0 0 15 14 16 0 0 0 12 0 9 10 0 11 24 0 0 0 27 22 0 
13 8 0 0 9 12 7 5 6 3 0 0 2 0 39 37 0 0 0 41 0 0 0 44 0 0 48 46 0 25 0 21 23 0 0 14 0 0 0 0 20 18 0 33 0 0 0 29 0 
