7
0 0 0 0 0 0 0 0 0 0 31 0 36 0 0 0 0 39 40 0 44 0 27 0 0 0 30 0 0 0 0 2 46 0 45 0 17 19 0 0 0 0 0 0 6 0 9 0 0 
0 0 0 0 6 0 0 28 0 27 0 0 0 0 36 0 31 0 0 0 0 19 20 18 0 22 23 21 0 43 0 44 0 40 0 0 10 12 0 0 0 16 0 47 48 1 2 49 46 
0 23 0 21 20 0 0 42 0 0 38 0 0 39 1 48 0 0 47 49 2 33 0 0 0 36 0 0 0 0 7 0 4 0 3 0 24 26 27 25 29 30 0 0 0 0 0 14 0 
0 0 32 0 34 0 0 0 0 0 0 0 0 4 15 0 10 0 0 0 16 47 48 0 0 0 0 49 0 22 21 23 0 19 0 0 38 0 0 0 0 0 24 0 0 29 0 0 0 
0 30 0 0 27 24 0 49 0 48 45 0 0 0 8 6 3 0 0 0 9 0 0 0 0 43 44 0 13 0 0 0 0 12 10 35 31 0 34 0 0 0 17 0 20 22 23 0 18 
0 0 0 0 48 45 0 0 0 0 0 19 0 18 0 0 0 0 26 0 30 0 0 11 0 15 16 0 0 36 0 0 32 33 31 7 3 0 0 4 8 0 0 40 0 43 44 42 0 
0 44 39 42 0 38 43 14 16 0 0 0 0 11 22 0 17 18 19 0 23 5 0 0 3 8 9 7 0 29 0 0 0 0 0 49 0 0 0 46 0 0 31 0 0 36 0 35 0 
0 0 0 16 0 0 0 0 0 36 0 0 0 0 0 43 40 41 0 44 0 28 0 27 0 31 0 0 0 3 2 4 0 0 0 0 19 0 0 20 0 0 5 0 0 0 11 9 0 
0 0 0 37 0 0 38 0 11 8 0 0 10 0 17 15 12 13 0 16 18 0 0 0 47 0 4 0 0 0 0 0 20 21 0 0 0 0 43 0 0 0 0 0 0 0 32 0 27 
0 0 41 44 0 40 0 0 0 15 0 0 0 0 0 0 19 20 0 23 0 0 0 0 0 10 0 9 29 31 0 0 27 28 0 2 47 0 0 48 0 0 33 35 0 38 39 37 0 
0 0 0 0 0 0 0 0 0 29 0 0 0 0 38 36 33 0 0 0 39 21 0 20 19 24 0 0 43 0 0 46 0 0 0 0 0 14 0 13 17 0 0 49 0 0 0 0 48 
0 0 0 23 0 19 0 44 0 43 0 0 45 0 3 1 47 0 49 0 0 0 0 34 0 0 0 37 0 0 9 0 0 0 5 0 0 28 29 0 0 0 12 0 15 0 0 0 0 
0 0 48 0 0 0 3 0 0 0 0 0 24 0 0 29 26 0 28 30 32 14 0 0 0 0 0 0 0 0 37 0 0 35 0 9 5 7 8 0 10 0 0 0 43 45 0 44 41 
0 32 0 0 29 26 0 0 0 1 47 0 3 0 0 8 0 6 7 9 0 0 0 0 0 0 0 0 15 0 0 18 0 0 12 0 33 0 0 34 38 39 0 21 22 24 0 23 0 
0 22 0 20 0 16 0 41 43 40 37 0 42 0 49 47 44 45 46 0 1 32 0 0 0 0 36 0 0 7 6 8 0 0 0 0 0 0 0 24 28 0 9 11 0 14 15 13 0 
32 0 0 34 33 30 35 6 0 5 0 4 0 0 0 12 9 10 0 13 0 0 0 0 44 0 1 48 19 21 20 0 0 0 16 0 0 39 0 0 0 0 0 25 26 28 0 0 0 
46 1 0 0 47 0 49 0 0 19 0 0 0 0 28 0 0 0 25 27 29 0 0 10 9 14 0 0 0 0 34 0 31 32 0 6 0 0 0 0 0 0 37 0 0 42 43 0 38 
0 8 3 0 5 0 0 0 0 26 23 25 28 0 0 33 30 31 0 0 36 0 19 17 16 21 0 0 40 42 41 0 0 39 37 0 9 11 12 0 0 0 0 46 0 49 0 0 0 
11 0 0 0 0 0 14 34 0 33 0 32 35 0 42 40 37 0 0 41 0 25 0 0 0 0 0 0 47 0 0 1 45 46 44 0 16 0 0 0 21 22 2 0 0 7 0 6 3 
39 0 0 41 0 37 42 0 15 0 0 0 14 0 0 0 0 0 18 0 0 0 5 0 0 7 0 0 26 0 27 29 0 0 23 0 0 0 0 45 49 1 0 0 33 0 36 34 0 
0 0 0 0 26 23 0 48 0 0 0 46 49 0 0 5 0 0 4 6 8 39 0 38 37 42 0 41 0 14 13 0 0 11 0 0 0 32 0 31 0 0 16 18 19 21 22 0 17 
0 45 0 43 0 39 0 15 0 14 11 0 16 0 0 21 18 0 0 0 0 0 7 0 0 9 10 0 28 30 0 0 0 27 25 1 46 0 49 0 0 0 0 34 0 0 0 36 33 
13 17 0 15 0 0 0 0 38 0 32 0 37 0 44 0 0 0 0 0 0 0 0 26 0 0 0 0 49 2 0 0 0 48 0 0 0 0 0 0 23 0 0 6 0 0 10 8 5 
0 0 26 0 0 0 0 1 3 0 0 0 0 0 0 0 0 0 0 0 0 0 42 40 0 0 0 0 0 16 0 17 0 0 11 36 32 34 35 0 37 0 18 20 21 0 24 22 19 
0 24 19 0 0 18 23 0 0 0 39 41 0 0 0 49 46 47 0 0 0 0 35 33 32 0 38 0 0 9 0 0 5 6 0 0 0 27 28 0 0 0 0 0 14 16 17 0 0 
0 38 33 36 35 0 0 0 0 0 0 0 0 0 0 14 0 0 13 15 0 0 0 0 0 0 3 0 21 0 0 24 19 20 18 43 39 0 0 40 44 45 25 0 0 0 0 29 0 
48 3 0 0 0 0 2 0 24 0 18 0 0 0 0 28 25 0 27 0 31 13 0 0 11 16 0 0 35 0 0 0 0 0 0 8 0 0 0 0 0 0 39 41 0 0 0 43 40 
0 0 5 0 0 0 9 0 31 0 0 0 0 26 0 0 32 33 0 0 0 0 0 0 0 0 24 22 0 0 0 45 40 0 0 15 11 0 14 0 0 0 46 0 0 0 3 1 0 
0 13 0 11 10 0 0 32 34 0 0 0 0 29 0 38 35 0 37 39 0 0 0 0 21 0 0 0 0 0 0 0 0 0 42 18 0 0 0 0 19 20 49 0 0 0 6 4 0 
37 41 36 39 0 35 0 0 13 0 7 9 0 0 0 0 0 15 0 0 0 2 0 1 0 0 0 4 0 0 0 27 0 0 0 46 42 0 45 43 47 48 0 0 31 0 0 32 0 
0 0 22 0 24 0 26 0 48 45 42 0 0 0 0 0 49 0 2 4 6 37 0 0 35 40 0 0 0 0 11 0 0 0 0 32 0 0 0 29 0 0 14 0 0 19 0 0 15 
30 0 29 0 0 28 0 0 6 0 0 0 0 0 12 0 0 0 0 11 0 0 45 43 0 0 48 0 17 0 0 20 15 16 14 0 0 0 38 0 40 41 0 23 24 0 0 0 22 
44 48 0 46 45 0 0 0 0 0 14 16 0 15 26 0 21 0 23 0 0 9 0 0 0 12 0 0 31 0 0 34 29 30 0 4 0 0 0 1 0 0 35 0 0 40 0 0 0 
16 20 15 18 0 0 0 0 41 0 0 37 0 0 0 0 42 43 0 46 48 0 0 29 0 0 0 32 3 5 4 0 1 2 0 0 21 0 0 22 26 27 7 9 10 0 0 0 0 
0 6 0 0 3 0 0 25 0 0 0 23 26 0 0 31 28 29 30 32 0 0 17 0 0 0 0 18 0 0 0 0 36 0 0 11 0 0 0 0 12 0 0 44 45 47 0 46 0 
0 14 0 12 0 8 0 33 0 0 0 31 34 30 0 0 0 0 0 0 42 0 0 23 0 27 0 0 46 0 0 0 44 0 43 0 15 0 0 16 20 0 0 0 0 0 0 0 0 
0 0 0 5 4 1 0 0 0 25 0 24 0 0 34 0 29 0 31 33 35 0 0 0 0 0 0 19 0 0 0 0 37 38 0 0 0 0 0 9 13 0 43 0 46 0 49 47 44 
17 0 0 0 18 0 0 40 0 39 36 0 0 0 0 0 43 44 0 47 0 31 0 0 0 34 35 0 4 0 0 7 2 3 0 26 0 0 25 23 0 0 0 10 0 0 0 0 9 
24 0 0 0 0 0 27 0 49 46 0 0 48 0 0 0 0 0 0 5 7 0 0 0 36 41 0 0 11 0 12 14 0 10 0 0 29 31 0 30 34 35 0 17 18 20 0 0 16 
0 0 0 47 0 0 0 0 0 0 15 0 20 0 0 25 22 23 24 0 28 0 0 0 0 0 0 0 32 34 0 35 30 0 29 0 1 3 4 2 0 0 0 0 0 0 0 40 0 
0 0 0 0 39 36 0 0 14 11 0 10 0 9 0 18 15 0 0 0 0 0 0 0 0 0 0 5 25 0 0 28 0 0 0 0 43 45 46 0 0 0 0 0 32 34 0 33 30 
0 0 30 33 0 0 0 0 7 4 1 0 6 2 13 11 8 0 0 12 0 45 0 44 0 0 49 0 0 0 0 0 0 0 15 0 0 38 39 0 0 0 0 24 0 0 0 0 23 
0 0 0 31 0 27 0 0 0 2 0 0 0 0 0 0 0 7 0 0 0 43 0 42 0 0 0 0 0 0 0 0 0 0 0 0 0 0 37 0 0 0 0 22 0 25 26 24 21 
36 0 35 0 0 0 0 0 0 0 6 0 0 0 0 0 0 0 15 17 0 0 0 0 48 4 5 3 0 0 24 0 0 22 0 0 0 43 0 0 46 47 0 29 0 0 33 31 28 
15 19 0 0 0 13 18 0 0 0 0 0 39 0 0 0 0 0 0 0 0 29 0 0 0 32 0 0 2 4 0 0 0 1 48 24 0 22 0 21 25 0 0 0 0 0 0 10 0 
0 5 0 0 2 0 4 0 26 0 20 0 0 0 0 0 27 0 0 0 0 0 16 0 13 0 19 0 37 0 0 0 0 0 0 0 0 0 0 7 0 0 0 0 44 46 47 0 0 
0 0 0 10 9 6 11 0 33 30 27 0 32 0 0 0 34 0 36 0 0 0 0 21 0 0 26 24 0 46 0 0 0 43 41 17 13 15 0 14 18 0 48 0 0 0 5 3 49 
0 26 21 0 0 20 0 0 47 0 0 43 0 42 0 2 48 0 0 0 5 36 0 35 0 0 0 38 9 11 0 0 7 0 0 0 0 29 30 0 0 0 13 15 0 0 0 17 14 
43 0 0 0 0 0 0 17 19 0 13 15 0 14 25 23 20 0 22 0 0 0 0 7 6 0 0 0 30 0 31 0 0 0 0 0 0 0 2 0 0 5 34 0 37 0 0 38 0 
