7
29 0 0 28 32 0 26 0 0 16 0 0 14 15 0 38 36 34 0 0 35 9 0 0 0 0 0 0 0 0 21 0 25 19 23 0 0 0 43 46 0 41 48 47 0 0 0 0 0 
0 48 2 0 0 0 0 0 33 37 38 0 35 0 5 0 0 6 0 11 0 0 0 0 27 28 0 0 43 0 0 0 46 0 0 0 14 0 0 0 12 0 0 19 24 21 0 22 0 
0 41 0 0 46 0 0 27 0 30 0 0 28 29 0 3 1 0 0 0 0 0 0 25 0 0 0 24 0 0 0 38 39 33 37 9 0 0 0 11 5 0 13 0 0 0 0 0 16 
0 6 0 7 11 10 5 41 40 44 0 0 0 0 12 17 0 0 16 0 14 0 0 0 34 0 0 0 1 0 49 0 4 0 0 0 0 0 22 25 19 0 27 0 0 0 0 29 30 
0 34 0 0 0 0 33 20 19 23 24 0 21 0 0 0 0 41 0 0 42 0 12 18 13 14 0 17 0 0 28 31 32 26 0 2 0 3 0 4 0 48 6 0 10 0 11 0 9 
0 0 0 0 18 0 0 0 0 0 3 0 0 1 0 0 0 0 0 25 21 0 0 0 41 0 0 45 0 0 0 0 11 5 0 30 0 0 0 32 0 27 0 0 38 0 0 0 37 
0 0 23 21 0 0 19 0 0 9 10 11 7 0 26 31 0 0 30 32 28 2 47 0 0 0 0 0 0 0 14 0 0 0 0 0 0 38 36 39 0 34 41 0 0 42 0 0 0 
0 11 14 0 0 0 0 46 45 0 0 0 47 0 0 0 0 18 0 0 0 42 38 44 0 40 41 43 6 4 0 0 0 0 7 0 0 29 0 30 24 25 32 0 0 0 0 0 0 
0 0 49 47 0 0 0 0 31 0 0 37 0 34 0 8 6 0 0 0 0 28 0 0 25 26 27 29 0 0 40 0 0 0 0 0 0 0 13 0 0 0 0 17 0 0 0 0 0 
6 0 0 0 0 8 0 0 38 0 43 0 40 0 0 15 0 11 14 0 12 35 0 37 32 0 0 0 0 0 47 1 0 0 0 0 19 0 20 23 17 18 0 24 0 0 0 27 0 
0 25 0 26 0 0 0 11 0 0 0 0 0 0 0 0 0 32 35 37 0 7 3 0 0 0 6 8 20 18 19 0 0 0 0 42 0 0 0 0 0 0 0 0 1 0 2 0 0 
0 32 0 0 0 0 31 0 0 21 0 0 0 0 38 0 0 0 0 44 0 14 10 0 11 0 13 0 0 0 26 0 0 0 28 0 0 1 48 0 45 46 4 0 0 0 0 0 0 
20 0 21 19 23 22 17 4 0 7 8 9 5 0 0 0 27 0 0 30 26 0 0 0 0 0 0 0 0 0 0 15 0 0 14 0 0 36 0 0 31 0 39 0 0 0 0 0 0 
0 39 0 40 44 0 0 0 0 0 29 0 0 0 0 0 48 0 49 2 47 21 17 0 18 19 0 22 34 32 0 0 37 0 35 0 0 0 0 0 3 0 0 0 15 12 0 0 0 
0 0 0 0 0 0 49 0 35 0 40 0 37 38 0 12 10 0 0 13 0 0 0 0 0 0 31 0 45 0 0 0 0 0 0 0 0 0 17 20 0 15 0 21 0 0 27 24 25 
0 15 18 0 0 19 14 1 0 0 0 0 0 0 21 0 24 0 0 0 0 46 0 0 43 44 45 47 10 0 0 12 13 0 11 0 30 0 0 34 0 0 36 0 40 0 41 0 0 
10 8 0 0 0 12 7 0 0 46 47 0 0 45 0 19 17 0 0 20 16 0 35 0 0 0 0 40 0 0 0 5 0 49 0 25 0 0 0 0 0 22 29 0 0 30 0 0 0 
45 43 0 44 0 0 0 29 28 0 33 34 0 31 0 5 0 1 4 6 0 25 21 0 0 23 24 26 0 0 37 0 0 0 0 0 0 0 10 13 7 0 15 14 0 0 0 0 0 
31 0 0 0 0 0 0 15 14 0 0 0 0 0 35 40 38 36 0 0 0 11 0 0 8 9 0 12 24 0 23 0 27 21 25 46 0 47 45 48 42 0 1 49 0 0 0 0 0 
38 36 39 0 41 0 0 0 21 0 26 0 23 0 0 47 45 43 0 0 44 18 0 0 0 16 17 0 0 0 30 0 0 28 0 0 2 5 0 6 0 1 8 0 0 9 0 0 0 
24 22 25 0 27 0 0 0 0 0 0 0 9 10 0 0 0 29 0 34 0 4 0 6 0 0 3 0 17 0 0 19 20 0 0 39 0 40 0 41 0 0 0 42 47 44 48 0 0 
0 0 0 0 29 28 23 0 0 0 0 0 0 0 30 0 0 31 34 0 32 0 2 0 0 0 5 7 0 0 18 0 0 16 20 41 0 0 40 43 37 38 0 0 49 0 1 0 48 
12 0 0 11 15 0 0 45 0 48 49 0 0 0 16 0 0 17 20 0 0 0 0 0 38 39 0 42 5 3 4 0 0 2 0 0 25 28 0 29 0 24 0 0 0 32 0 0 0 
0 17 0 0 0 0 0 0 0 0 0 0 0 0 23 0 26 0 27 0 25 0 0 1 0 46 47 49 12 10 0 0 15 9 13 0 0 0 0 36 0 0 38 37 0 39 0 40 41 
0 0 6 4 0 0 2 0 37 0 42 43 0 0 9 14 0 10 13 0 0 34 0 0 0 0 0 35 0 0 0 0 0 0 0 20 18 0 0 22 16 0 0 0 0 25 29 26 0 
47 0 48 46 0 0 0 31 30 34 35 36 0 0 0 7 0 3 6 0 0 0 23 0 0 0 0 0 0 0 0 0 0 37 0 0 0 14 12 0 0 0 17 16 21 0 0 0 0 
0 31 34 0 36 0 30 0 0 0 21 22 0 0 0 0 0 38 0 0 0 0 9 0 0 11 0 0 0 0 0 0 0 0 27 0 46 0 0 1 0 0 0 2 0 0 0 5 0 
0 0 0 0 43 42 0 0 0 27 28 0 0 26 44 0 0 0 0 1 0 20 16 22 0 0 0 21 33 0 0 0 0 0 34 0 0 7 0 8 0 3 10 9 0 11 0 12 0 
0 16 0 0 21 0 15 0 1 5 6 7 0 0 22 0 0 23 0 28 0 0 0 49 0 0 46 0 11 0 10 0 14 8 12 0 0 34 0 0 0 0 37 0 0 0 0 0 40 
46 0 47 0 0 0 0 30 29 33 0 35 31 32 0 0 4 0 5 0 0 26 0 28 23 0 0 0 0 0 0 0 0 36 40 12 0 0 0 0 0 9 16 0 0 0 0 0 0 
0 37 40 0 0 41 0 23 0 26 27 28 0 25 43 48 0 0 47 49 0 19 0 21 0 17 0 20 0 30 0 0 35 29 33 0 0 0 0 0 1 2 0 8 0 0 0 11 12 
0 30 0 0 35 0 29 16 0 19 20 0 0 0 0 41 0 0 40 42 0 0 0 0 0 0 0 13 25 0 24 0 28 22 26 47 45 48 0 0 0 0 2 1 0 0 0 4 5 
25 0 26 0 0 0 22 0 8 12 13 14 10 0 0 34 0 30 33 0 31 0 1 7 2 0 0 0 0 16 0 20 0 15 0 0 38 41 39 0 0 0 0 43 0 0 0 0 47 
0 9 0 0 14 0 0 44 0 0 0 0 0 0 15 20 18 16 19 21 0 0 0 0 37 0 0 0 4 0 0 6 0 1 0 26 0 27 0 28 0 0 30 0 0 31 0 32 0 
4 0 5 3 7 6 1 37 0 40 0 0 0 39 8 13 11 0 0 14 10 0 29 35 0 31 0 0 0 44 0 48 49 0 0 19 0 0 0 21 0 0 23 22 27 0 28 0 26 
0 0 0 15 0 18 13 0 48 0 4 0 1 2 20 25 0 0 24 0 0 0 41 47 0 0 0 46 9 0 8 11 0 0 0 0 0 0 0 0 0 0 0 0 0 36 40 0 38 
0 0 0 1 0 0 0 35 0 38 0 0 36 37 6 0 9 7 0 12 0 0 27 33 28 29 0 32 0 0 0 0 47 41 0 0 0 0 0 0 13 14 21 20 25 22 0 0 0 
9 0 10 0 12 11 6 0 0 45 46 0 0 0 0 0 16 14 0 0 0 38 0 0 0 0 0 39 0 49 1 4 5 48 0 0 0 25 0 26 20 21 28 0 32 0 33 0 0 
0 42 0 43 0 46 0 28 0 0 32 0 0 0 0 4 0 0 0 0 0 24 0 0 0 22 0 0 0 0 36 0 40 34 0 0 0 0 0 0 0 7 0 0 0 0 19 16 17 
37 0 0 0 0 0 0 0 0 0 0 26 0 23 0 46 0 0 0 47 43 17 13 0 0 0 16 18 0 0 0 32 33 27 31 3 1 0 2 0 0 49 7 0 0 0 0 0 0 
0 0 24 0 26 0 0 0 0 0 0 12 8 0 0 0 0 0 31 0 0 0 48 0 0 1 0 0 0 0 0 0 0 0 17 38 36 39 0 0 0 0 42 41 46 43 0 0 0 
0 28 31 0 0 0 27 14 0 0 0 19 0 16 34 0 0 35 0 0 0 0 0 0 7 0 0 11 0 21 22 25 0 0 0 0 0 0 0 47 0 0 0 0 0 0 0 2 0 
14 0 0 13 17 0 11 0 0 0 0 0 0 49 18 0 21 0 0 24 20 43 0 45 0 0 0 44 0 0 0 9 0 0 0 0 27 0 0 0 0 26 0 0 0 0 0 0 36 
0 0 0 0 45 0 39 0 0 0 30 0 27 0 0 2 49 0 0 0 48 22 0 0 0 20 21 23 35 33 34 37 0 32 36 0 0 0 7 0 0 0 0 0 0 0 0 0 15 
0 0 0 34 38 0 32 19 0 0 23 0 0 0 0 0 42 0 0 45 41 0 11 17 12 0 14 16 28 0 27 0 0 0 29 0 0 0 0 0 46 0 0 0 0 0 0 0 0 
49 0 0 0 3 0 0 0 0 36 0 0 34 35 0 0 7 0 0 0 0 0 25 0 26 27 0 30 0 0 0 0 0 0 43 15 0 0 0 0 11 0 19 18 0 0 24 0 0 
7 5 0 0 0 0 4 40 39 43 0 0 41 0 0 0 14 12 15 0 13 0 0 0 33 0 35 0 0 0 0 0 0 46 0 0 20 23 21 0 0 0 0 0 0 27 0 0 29 
0 26 29 0 31 0 25 0 0 0 0 17 0 14 32 37 0 0 36 38 34 8 0 0 0 0 7 9 0 19 0 0 24 0 0 43 41 44 42 0 0 40 0 0 0 48 0 49 1 
0 19 0 20 0 0 0 5 0 8 0 0 0 7 0 30 28 26 29 0 0 1 0 3 47 0 49 2 14 0 13 16 17 0 15 0 0 37 0 0 0 0 0 0 0 0 0 0 0 
