7
16 13 0 14 12 0 10 0 0 0 0 0 0 0 9 0 0 0 4 0 0 0 0 0 0 41 39 0 23 0 0 0 0 22 0 34 0 0 0 35 37 31 0 46 0 45 48 0 0 
30 27 0 28 0 29 24 44 40 0 39 0 41 0 23 0 0 0 18 21 22 0 0 0 7 6 0 9 0 33 32 0 0 0 35 48 0 0 0 49 0 0 0 11 15 10 0 0 0 
0 6 0 7 5 8 3 0 19 17 18 21 0 22 0 0 0 0 46 0 1 0 0 0 0 0 0 0 0 0 0 0 0 0 14 0 26 29 25 0 30 0 0 39 0 38 0 0 42 
0 41 0 42 0 0 0 0 0 3 0 7 0 0 0 0 0 31 0 35 36 0 17 19 0 0 0 23 2 47 46 0 48 0 0 0 0 0 0 0 16 0 0 0 29 0 0 0 28 
0 20 0 0 19 22 17 0 33 31 0 35 0 0 16 12 0 10 11 0 0 1 45 47 49 0 46 2 30 0 25 24 0 29 0 41 0 0 0 0 44 38 9 0 0 0 0 5 7 
37 34 0 0 0 0 0 0 0 45 46 49 0 1 0 0 0 24 25 0 29 0 10 12 0 0 0 0 0 40 39 0 0 43 42 6 0 8 4 0 9 0 0 0 0 0 0 0 0 
0 48 0 49 0 0 0 0 0 10 0 14 13 15 0 0 0 0 0 42 0 0 24 0 28 0 25 0 0 0 4 3 0 8 0 20 0 22 18 0 0 17 0 32 0 0 34 33 0 
7 0 2 5 3 6 1 0 0 0 16 0 0 0 0 0 0 43 0 47 48 0 0 31 0 32 30 0 14 0 9 8 11 0 0 0 0 0 0 0 28 0 0 0 0 36 39 0 0 
0 0 0 0 0 0 0 28 0 0 0 26 0 0 7 0 0 0 0 5 6 0 0 38 0 0 0 42 21 0 0 0 0 20 0 0 31 34 30 33 35 0 49 0 0 43 46 0 47 
0 25 23 26 24 0 22 0 0 0 0 40 0 0 0 0 18 0 16 0 0 0 1 0 5 0 0 0 0 0 0 29 0 0 33 46 0 48 0 0 0 0 14 0 13 0 0 0 0 
42 0 0 0 38 0 0 0 3 1 2 5 4 6 0 31 32 29 0 0 34 0 0 0 0 18 0 0 49 0 0 0 46 0 0 0 0 0 0 0 0 8 28 0 0 0 25 24 0 
0 32 0 0 31 0 0 0 45 0 0 0 46 0 0 0 25 0 0 26 0 0 0 10 0 11 9 14 0 38 0 0 39 0 0 0 0 6 2 5 0 1 21 16 20 0 0 0 19 
0 46 44 47 0 0 0 0 10 0 9 0 0 0 42 0 39 36 37 0 41 27 0 0 26 0 0 28 0 3 0 0 0 6 0 0 0 20 16 0 0 0 35 30 0 29 32 0 0 
0 0 0 0 0 0 15 0 31 0 0 0 0 34 0 0 11 0 0 12 0 48 0 0 47 0 44 0 0 24 23 0 0 27 0 0 0 41 37 40 42 36 0 0 0 1 4 3 0 
43 0 38 0 0 0 0 0 4 0 0 6 5 0 0 32 33 30 31 0 0 21 16 18 0 0 0 22 0 0 0 0 47 0 0 0 11 0 10 0 0 0 29 0 28 0 0 25 0 
0 5 3 6 0 0 2 22 0 16 17 0 19 21 0 46 47 44 45 0 0 35 30 32 0 33 31 0 0 11 10 0 12 0 13 0 0 0 0 0 29 0 0 0 0 0 40 0 41 
0 33 31 0 0 0 0 0 46 44 45 0 0 49 0 0 0 0 0 27 28 0 0 11 0 12 10 0 43 0 38 0 40 0 0 5 0 0 3 0 0 0 0 17 0 16 0 0 0 
22 0 0 20 0 21 0 0 0 30 31 34 0 0 15 11 0 9 0 13 0 0 44 46 0 47 45 1 0 0 0 0 0 0 27 40 0 42 0 41 43 37 0 3 7 0 5 0 6 
15 0 0 13 11 0 0 29 0 0 24 27 26 0 8 0 5 0 3 0 0 0 37 39 0 40 0 0 22 0 0 0 0 0 0 33 32 0 0 34 0 0 0 0 0 0 47 0 48 
0 47 0 0 46 0 0 0 0 0 0 0 0 0 43 0 40 37 0 0 0 0 23 25 27 0 0 29 0 4 3 0 5 7 0 0 0 21 17 20 22 16 0 31 0 30 33 0 34 
29 0 0 0 0 0 23 43 0 0 0 0 40 42 22 0 0 0 17 20 0 7 0 4 6 5 3 0 0 0 0 30 33 35 0 47 46 49 0 0 0 44 15 0 0 0 0 0 13 
48 0 43 46 0 0 42 0 0 0 0 11 10 0 0 0 38 0 36 0 0 0 0 0 0 0 0 27 6 2 0 0 3 5 4 0 16 19 15 0 20 0 34 0 0 28 0 0 32 
0 0 29 0 0 33 0 0 0 42 43 0 45 0 0 23 0 21 0 0 0 12 0 0 0 0 8 0 41 37 36 35 38 40 39 3 2 5 0 4 6 0 20 0 0 0 0 16 18 
0 0 0 0 0 0 0 0 0 0 0 39 38 0 20 16 0 14 0 0 19 0 0 0 0 3 1 0 0 30 0 0 31 0 0 0 0 47 43 0 0 0 13 0 0 0 0 9 0 
0 0 8 11 0 0 7 0 0 0 22 0 0 0 0 0 3 0 0 0 0 0 0 0 0 38 0 0 20 16 0 14 0 0 0 31 30 0 29 32 0 28 0 0 0 42 45 0 46 
6 0 0 0 0 0 0 0 16 14 0 18 0 19 0 0 0 0 43 46 0 0 28 0 0 0 29 0 0 0 0 7 10 0 0 0 23 0 0 0 27 0 41 36 0 0 0 37 39 
0 0 0 39 0 40 0 0 0 49 0 0 0 0 0 0 0 0 29 0 33 19 0 0 18 0 0 20 48 0 43 42 45 0 0 0 0 12 8 11 0 0 0 22 0 0 24 0 0 
0 17 0 18 16 19 0 34 30 28 0 32 0 33 0 0 0 0 0 0 0 47 0 0 0 45 0 48 0 0 0 21 0 26 25 38 37 0 36 39 0 35 0 0 5 0 3 2 0 
0 0 0 0 0 32 0 47 0 0 0 0 44 0 26 22 0 0 0 0 0 0 6 8 10 9 0 0 0 0 0 0 0 0 0 2 0 0 49 0 5 0 0 14 18 13 16 0 0 
40 0 35 0 0 0 0 5 1 0 0 0 0 0 0 0 30 27 28 0 32 18 13 15 0 16 0 19 0 0 42 41 0 46 0 9 0 11 7 10 0 6 0 0 25 0 23 0 0 
0 0 7 10 0 11 0 0 0 20 0 24 0 0 5 1 0 0 49 0 0 0 34 36 38 37 0 40 0 15 14 13 0 18 17 0 29 0 0 0 0 27 47 42 0 0 0 0 0 
19 16 0 0 0 0 0 0 29 27 0 31 0 32 0 0 0 0 0 0 11 0 41 0 0 0 0 0 0 0 21 20 0 0 24 37 0 39 0 0 40 34 0 0 0 0 0 1 0 
47 44 0 0 43 46 41 0 8 6 0 10 0 11 0 0 0 0 0 0 39 0 20 0 0 0 0 26 0 0 0 0 2 0 0 0 15 18 14 0 19 13 33 0 0 27 0 29 31 
0 0 0 0 0 0 48 0 0 13 14 0 16 18 0 0 0 41 0 45 46 0 27 0 0 0 28 0 0 8 0 0 0 11 10 23 0 0 0 0 0 0 0 0 39 34 0 36 38 
26 23 21 0 22 0 0 0 0 0 0 0 0 39 0 0 0 0 14 0 0 0 48 0 0 0 0 0 0 0 28 0 30 0 31 44 43 0 42 0 0 0 12 0 0 0 0 8 10 
4 1 0 2 49 3 0 18 0 0 13 16 0 0 0 42 43 0 41 44 0 0 0 28 0 0 27 32 0 7 6 5 8 10 0 0 0 0 0 23 0 0 0 0 0 33 0 0 0 
0 0 0 0 0 0 0 11 0 0 6 9 8 0 0 0 0 33 34 37 0 0 19 0 0 0 20 25 0 0 48 0 0 0 2 0 0 0 0 0 0 12 32 27 31 0 29 28 30 
0 15 13 0 0 0 0 32 0 26 27 0 0 0 0 0 0 0 6 0 0 0 40 0 44 0 41 0 25 0 0 0 0 0 23 36 0 0 0 0 0 33 0 48 3 0 1 49 0 
0 0 0 0 0 0 19 39 0 0 0 37 0 38 18 0 15 0 0 16 17 0 47 0 0 0 0 0 32 0 0 26 0 31 0 0 0 45 41 0 0 0 11 6 10 0 0 0 0 
0 29 27 0 0 0 0 0 0 0 0 0 43 0 0 0 0 19 20 23 0 0 0 0 0 8 6 0 39 35 0 33 0 38 0 1 49 0 48 0 0 0 18 0 0 0 0 14 0 
11 0 0 9 0 0 0 25 21 0 20 23 22 0 0 0 0 0 48 0 3 0 33 0 0 0 34 0 18 0 0 12 0 0 16 29 28 31 0 0 32 26 0 0 45 40 0 0 44 
39 36 0 0 0 38 0 0 49 0 0 0 1 3 32 0 0 0 0 0 0 17 12 14 0 15 0 0 0 0 41 0 43 45 0 0 0 0 0 0 11 5 25 0 24 0 0 0 0 
0 0 0 8 0 0 4 24 20 18 0 0 0 23 0 0 49 46 0 1 2 0 0 34 0 35 0 38 17 0 0 0 14 0 0 0 0 0 0 0 0 0 45 0 0 39 0 0 43 
38 0 0 36 34 0 32 0 0 0 0 1 0 0 0 0 0 0 0 0 0 0 0 0 0 0 0 0 0 41 0 39 0 0 0 7 6 9 5 0 10 4 0 19 23 18 0 20 0 
0 0 47 0 48 0 0 0 0 0 0 15 14 0 0 0 0 0 40 0 0 0 25 27 0 0 0 0 0 0 0 4 0 0 0 21 20 0 19 0 0 0 0 33 37 0 35 0 0 
0 0 0 29 27 30 0 0 41 0 0 0 0 0 24 0 21 18 0 0 23 0 0 0 8 0 5 10 0 34 33 0 0 37 0 49 48 0 0 1 0 46 17 12 0 11 0 13 15 
0 0 0 43 41 44 39 10 0 0 0 8 7 0 0 0 35 0 33 0 37 0 0 0 0 0 19 0 3 0 47 46 0 0 1 14 0 16 12 15 0 0 0 26 0 0 28 0 29 
0 0 0 15 0 16 0 0 27 0 0 29 28 0 0 0 7 4 0 0 0 44 0 0 0 0 40 0 0 0 19 0 21 23 0 35 0 0 33 36 0 32 0 0 0 0 0 0 1 
24 0 19 22 20 23 0 0 34 0 0 36 35 37 17 0 14 0 0 0 0 0 0 48 0 0 0 0 0 0 0 0 28 0 0 0 41 44 40 43 45 39 0 0 0 0 7 0 8 
