7
0 14 15 0 0 0 0 0 0 0 35 34 32 0 0 40 0 41 0 42 0 0 0 24 23 28 26 0 0 1 0 44 0 45 47 0 0 0 0 21 0 16 7 8 0 0 6 0 0 
0 21 0 17 0 0 19 0 0 37 0 41 0 0 0 0 0 48 44 49 0 0 36 0 0 0 0 0 7 8 6 0 0 3 0 0 29 0 26 28 0 0 0 15 10 11 0 9 0 
37 0 0 0 41 0 40 0 0 0 14 13 11 0 0 19 18 0 16 0 17 4 0 3 2 7 5 6 28 29 27 0 0 0 0 0 0 0 0 0 0 0 0 0 0 0 0 0 33 
30 0 0 0 34 0 33 0 0 0 0 0 4 0 15 0 0 0 0 14 0 0 1 0 44 49 47 48 0 22 0 0 18 17 19 39 43 0 40 42 41 0 28 29 0 25 0 0 0 
23 0 29 0 27 0 26 0 0 0 0 0 46 0 8 5 0 0 0 0 0 39 0 0 37 42 0 0 14 0 13 9 0 0 12 32 0 0 0 0 34 0 0 22 0 0 20 0 0 
0 49 1 45 0 0 0 0 17 0 21 0 18 0 0 0 25 27 23 0 0 0 0 10 0 14 0 13 0 0 0 0 0 31 0 4 8 0 0 7 0 0 42 43 0 0 41 0 40 
0 0 8 0 0 0 0 0 24 0 28 0 0 29 36 0 0 0 0 35 31 0 22 17 16 21 0 0 42 0 41 37 0 0 40 11 0 10 0 14 0 9 49 0 0 0 0 44 0 
0 24 0 0 0 21 0 43 0 40 0 44 42 0 4 1 0 0 47 3 0 0 0 0 0 0 36 37 10 11 9 0 7 6 8 28 32 27 0 31 0 0 0 0 13 14 16 0 0 
5 0 0 6 0 0 0 29 27 0 0 0 0 0 0 36 35 0 33 0 0 21 0 0 0 0 0 0 0 46 44 40 42 0 0 14 18 0 0 0 16 12 3 0 0 49 0 47 0 
0 0 0 0 0 28 0 0 0 0 0 2 0 0 0 8 7 0 0 0 6 0 46 41 40 0 0 0 0 0 16 0 0 0 0 35 0 0 0 0 37 0 24 0 20 0 0 0 0 
12 17 18 0 16 0 15 0 0 33 0 37 35 39 0 43 42 44 0 0 41 0 32 0 26 0 0 30 3 4 0 0 49 0 1 0 25 20 22 0 23 0 0 0 0 7 0 5 8 
0 0 46 0 44 0 0 0 13 0 17 0 14 18 25 0 0 0 0 0 0 0 0 6 5 0 0 9 0 32 30 0 28 0 29 0 4 0 0 0 2 0 38 0 34 0 0 0 0 
33 0 39 0 37 35 0 0 0 0 10 9 0 0 0 15 0 0 12 0 13 0 4 48 47 3 0 0 24 0 23 19 21 20 0 0 0 41 43 0 0 0 31 32 0 28 30 0 29 
0 0 4 48 2 0 0 0 20 19 24 0 21 0 0 0 0 0 0 31 0 14 18 13 12 0 0 16 0 0 0 33 0 0 0 7 11 0 0 10 9 5 0 0 0 42 44 40 0 
0 0 0 0 11 0 10 31 29 28 0 32 0 0 0 0 37 39 0 0 0 0 27 0 21 0 24 0 0 48 0 0 44 0 45 16 20 0 0 0 18 0 0 0 1 2 4 0 3 
28 0 34 0 0 0 31 3 1 0 0 4 0 0 13 10 0 0 0 0 8 0 0 43 42 0 45 0 0 0 0 0 0 0 17 37 0 36 0 40 0 35 0 0 0 23 25 0 24 
0 0 0 1 0 2 3 0 0 21 0 0 0 0 34 0 30 0 28 0 0 16 0 15 0 0 0 18 40 0 0 35 0 0 0 9 0 8 0 0 0 7 0 48 0 0 46 0 45 
0 0 27 0 25 23 0 45 43 0 0 46 0 0 6 0 2 0 49 5 1 37 0 0 35 40 0 39 0 0 11 0 9 0 10 30 0 29 0 0 0 28 19 0 0 16 0 0 17 
0 0 20 15 0 0 0 0 0 0 40 39 37 0 0 0 44 0 0 0 0 30 0 0 0 0 31 0 0 0 4 0 2 0 3 0 0 22 24 0 0 0 12 13 0 0 0 7 0 
0 0 41 0 0 0 0 0 8 7 12 0 9 0 0 0 16 0 0 0 0 0 0 1 49 5 3 4 26 27 0 21 0 22 24 0 0 0 0 0 0 0 0 34 29 30 32 28 0 
0 0 0 43 46 44 45 17 15 0 0 18 0 0 0 0 23 0 0 0 0 9 0 0 7 0 0 11 33 0 0 28 30 0 0 2 0 0 0 5 4 49 40 41 0 37 39 0 0 
36 41 0 0 0 38 39 0 9 0 13 0 0 14 21 0 17 0 15 0 16 3 0 2 1 0 0 0 27 28 26 0 24 0 25 0 49 0 46 0 47 0 34 0 0 0 0 29 32 
8 0 14 0 0 0 0 0 0 29 34 0 31 35 42 0 38 0 0 0 37 0 0 23 22 27 0 0 0 49 47 0 45 0 0 17 21 0 18 0 19 0 0 0 2 3 5 0 4 
0 34 0 0 0 0 0 4 0 1 6 5 0 0 0 11 0 0 0 0 0 45 49 0 0 0 0 0 0 0 0 15 17 16 18 0 0 37 0 41 40 36 0 0 0 0 0 22 0 
43 48 49 44 47 0 46 18 0 0 0 19 0 21 0 25 0 0 0 0 23 0 0 0 8 13 0 0 34 35 33 29 31 30 32 3 0 0 0 0 5 1 0 42 0 38 0 0 39 
15 20 0 16 0 0 0 0 37 36 0 0 38 0 0 0 45 47 0 0 44 31 0 0 29 34 32 0 0 7 5 1 0 0 0 0 0 23 0 27 0 0 13 14 9 10 0 8 0 
22 27 28 23 0 0 0 46 0 43 0 0 0 0 7 0 3 0 0 6 2 0 42 37 0 0 0 40 0 0 12 0 0 9 11 0 0 0 32 34 33 29 20 21 0 0 0 0 0 
0 0 7 2 0 3 4 25 0 0 0 26 0 28 0 0 0 33 29 0 0 17 0 0 0 20 18 19 0 42 0 0 0 0 0 0 14 9 0 0 12 8 48 0 0 45 0 0 46 
20 25 0 0 0 22 0 0 0 41 46 45 43 47 5 2 0 0 0 4 0 36 40 0 0 0 0 38 0 0 0 6 8 0 0 0 0 28 30 0 31 0 18 0 0 0 0 0 16 
0 11 0 0 0 8 0 0 0 0 32 0 29 33 40 37 36 0 0 0 0 0 0 21 0 0 0 24 46 0 45 0 43 42 44 15 19 14 0 18 0 0 4 5 0 0 0 0 0 
0 0 47 0 45 0 44 16 0 0 0 17 15 19 0 0 0 0 20 25 21 0 12 0 0 0 0 10 32 0 31 0 29 28 30 0 5 0 2 0 0 48 0 0 0 36 0 34 0 
27 32 0 0 0 29 0 0 49 48 4 3 0 0 0 9 0 0 6 0 0 0 47 42 0 0 0 45 0 0 17 13 0 14 16 0 40 0 0 39 0 34 0 26 0 0 0 0 0 
0 0 19 0 17 0 16 0 0 34 0 0 0 40 47 0 0 0 41 0 42 0 0 0 27 0 30 0 0 5 0 0 0 49 2 0 0 21 23 25 24 0 0 0 0 0 10 0 0 
0 0 0 49 0 1 2 23 21 0 25 24 0 0 33 30 29 31 0 0 28 0 19 0 0 0 0 0 39 40 0 34 0 35 0 0 0 7 9 11 10 6 0 47 42 0 45 0 44 
0 39 0 35 0 0 0 0 7 0 0 0 0 0 0 16 0 0 13 18 14 0 5 49 0 4 0 3 25 0 24 0 22 21 23 0 47 0 44 46 45 0 0 0 0 0 0 0 0 
0 2 0 0 1 48 49 0 0 0 0 22 0 24 0 0 0 0 0 30 26 0 0 12 11 16 0 0 0 0 0 0 34 33 0 6 0 0 7 9 8 0 0 45 0 0 0 39 42 
0 0 17 12 15 0 0 0 33 0 0 0 0 0 0 42 0 0 39 0 0 0 0 0 0 0 28 0 0 3 0 0 0 47 49 0 0 0 0 0 0 0 9 10 0 0 0 0 7 
0 0 0 0 0 6 0 28 26 0 30 0 0 0 38 35 0 36 0 37 0 20 0 19 18 0 0 0 0 45 0 39 41 0 0 13 0 0 14 0 0 11 2 0 0 0 0 46 49 
39 44 45 0 43 41 0 0 0 11 16 0 0 17 24 21 20 0 0 0 0 6 10 5 4 9 7 0 0 31 0 25 0 0 0 48 0 0 49 0 0 0 0 38 0 34 0 0 35 
18 23 24 0 0 20 0 0 40 0 0 0 41 0 0 0 0 1 0 0 47 0 38 0 0 0 0 36 0 0 8 0 6 5 0 0 31 26 28 0 0 0 16 0 0 0 0 11 14 
25 0 31 0 0 0 0 49 0 46 0 1 0 3 10 0 0 0 4 0 5 41 45 0 0 0 42 0 16 17 15 0 13 0 0 0 0 0 0 0 36 0 0 0 0 20 22 18 0 
0 0 38 33 0 34 0 7 0 4 0 0 6 0 17 14 0 0 11 0 0 0 0 0 0 2 49 1 23 0 22 0 0 0 21 41 0 0 0 0 0 0 0 0 0 27 0 25 0 
3 0 0 0 7 0 0 0 0 0 0 0 0 30 37 34 33 35 0 0 0 0 23 0 0 0 0 21 43 44 0 0 40 0 41 0 0 0 13 15 0 10 0 2 0 0 49 45 0 
0 0 0 32 35 0 34 6 4 0 0 7 0 0 0 13 0 0 0 15 11 47 0 46 0 1 0 49 22 0 0 0 0 0 20 40 0 39 41 0 0 38 0 30 0 0 28 24 0 
0 15 0 0 14 0 0 34 32 0 0 0 0 37 44 41 40 42 38 0 0 0 30 0 24 0 27 0 1 2 49 0 0 46 0 19 0 0 20 0 21 17 8 0 0 0 7 3 0 
38 0 0 39 0 40 41 0 0 0 0 14 12 16 0 0 19 0 17 22 0 0 0 0 0 0 0 0 29 0 0 0 0 0 0 0 0 0 0 0 49 0 0 0 32 0 35 31 34 
0 29 30 0 0 26 27 48 46 0 0 0 0 2 0 0 5 7 0 8 0 40 0 0 0 43 0 0 0 0 14 0 12 0 13 33 0 32 0 0 0 0 22 0 0 0 21 0 0 
45 1 2 46 0 47 0 0 0 17 22 0 19 23 30 0 0 28 0 0 25 0 0 0 10 0 13 14 0 37 35 31 0 0 0 0 9 4 0 8 7 0 0 0 39 0 0 0 41 
0 22 0 18 21 19 0 0 0 0 43 0 0 44 0 48 0 49 0 0 0 0 0 32 31 36 34 0 8 0 0 0 5 0 6 0 0 0 0 29 28 0 0 16 11 0 0 10 0 
