7
0 0 13 16 10 0 0 35 0 0 0 0 36 34 0 47 0 45 0 0 0 0 0 0 39 43 0 0 0 25 26 0 0 0 0 0 0 0 0 0 0 0 0 0 0 0 20 21 19 
0 33 0 0 31 0 32 0 0 5 0 0 8 6 0 0 0 0 0 0 23 13 16 0 11 0 0 0 0 0 0 0 0 0 0 24 27 26 0 25 0 0 0 0 0 43 41 0 40 
0 0 0 44 0 0 0 0 0 0 10 0 0 13 0 0 0 24 27 25 30 0 0 0 0 0 0 0 0 0 5 0 8 0 0 0 0 0 35 0 0 36 0 0 2 0 48 49 0 
0 0 0 0 0 49 0 21 23 19 0 0 0 0 36 33 0 0 0 0 37 0 0 0 0 0 28 24 0 0 12 0 15 16 0 0 0 0 0 39 0 43 0 4 0 0 0 0 0 
0 0 6 0 3 7 4 0 30 26 0 25 0 0 0 40 0 38 41 0 0 0 37 0 0 0 0 0 0 18 0 20 0 0 0 0 0 47 49 46 2 1 10 11 16 0 0 0 0 
0 0 27 0 24 28 0 0 0 0 0 0 1 48 15 0 14 10 13 0 0 0 9 5 4 8 0 3 0 0 0 0 0 0 0 0 20 0 0 0 0 0 0 32 37 36 34 0 33 
22 0 0 0 0 0 0 0 44 40 0 39 0 41 8 5 0 0 6 0 9 48 2 0 0 1 0 0 0 0 0 34 36 37 31 0 0 12 0 0 0 0 24 0 30 0 27 0 26 
0 30 0 34 0 0 0 0 0 2 49 1 0 0 19 16 0 14 0 15 0 10 13 0 0 0 11 0 0 43 44 0 0 0 0 0 0 0 25 22 0 26 35 36 0 0 38 0 0 
0 2 0 0 0 0 1 0 27 23 21 22 0 0 40 0 39 35 38 0 41 31 34 0 0 0 0 28 18 15 0 0 0 0 14 0 0 44 46 43 0 47 0 8 0 12 0 0 0 
26 23 0 0 21 25 0 0 48 44 42 0 0 0 12 0 0 0 0 8 0 0 6 2 0 5 0 49 39 36 0 0 0 0 35 14 0 16 18 0 20 19 0 0 0 33 31 0 30 
19 16 0 0 0 0 0 0 0 0 35 0 0 38 5 2 4 49 0 0 0 0 0 0 0 0 0 0 32 29 30 31 0 34 0 0 10 0 0 0 0 12 21 0 0 0 24 0 0 
40 0 0 41 0 0 36 0 13 9 0 8 12 0 26 23 0 21 24 22 0 17 20 0 0 0 18 14 0 1 0 0 5 6 0 28 0 0 32 0 0 0 42 0 48 47 45 46 0 
0 0 45 0 42 46 0 0 20 16 0 0 0 0 0 0 0 0 31 29 0 24 27 0 0 0 0 21 11 0 9 0 0 0 0 0 0 0 39 0 0 0 0 0 6 0 0 0 2 
12 9 0 13 0 0 0 0 34 0 0 0 33 0 0 0 0 0 45 0 0 0 41 37 36 40 39 0 0 0 23 0 26 0 0 0 0 0 0 1 0 0 14 0 0 19 17 18 0 
0 0 26 0 23 0 24 0 0 46 0 0 49 47 0 0 0 0 0 0 0 5 0 0 3 0 0 0 0 0 39 0 0 0 0 0 0 0 20 17 22 0 30 0 36 35 0 0 32 
0 0 12 0 9 13 10 0 36 0 30 0 0 33 49 0 0 0 0 45 0 40 43 0 0 42 41 0 0 24 0 26 28 0 0 2 0 0 6 3 8 0 0 0 0 0 0 0 18 
35 0 33 36 0 0 0 0 0 4 2 3 7 0 21 18 0 16 19 17 22 0 15 0 0 14 0 9 48 0 0 0 0 1 0 23 0 0 0 24 0 28 0 38 0 0 40 0 39 
0 0 47 0 0 0 45 0 0 0 16 17 21 0 35 0 0 0 0 31 0 26 29 25 0 28 27 0 0 0 11 0 14 15 0 0 0 39 41 0 0 0 2 0 0 0 5 6 0 
21 18 0 22 16 20 17 0 0 39 37 38 42 0 0 0 6 2 0 0 0 47 0 0 0 49 0 44 34 0 32 0 35 36 0 9 0 11 13 10 15 0 0 24 29 28 26 0 0 
42 39 0 0 0 41 0 0 0 0 9 0 14 0 0 25 27 23 26 0 0 0 22 0 0 0 0 0 6 3 4 5 0 0 2 0 0 0 34 0 0 0 0 0 0 0 0 0 0 
0 4 0 0 2 6 3 27 0 0 0 0 0 0 42 39 0 0 0 38 43 33 36 0 0 0 34 30 0 0 0 0 21 22 0 0 47 0 0 45 1 49 0 0 0 14 0 0 0 
46 0 44 0 41 45 42 17 0 0 0 14 0 16 0 29 0 0 30 0 0 0 0 0 0 25 0 0 0 0 8 0 11 12 6 34 37 36 0 35 0 0 0 49 0 0 2 0 0 
0 29 0 33 0 31 0 3 5 0 0 49 4 2 18 0 17 0 0 0 0 0 0 8 0 11 0 6 45 0 0 0 0 47 41 0 0 0 0 0 0 0 0 35 40 0 0 0 0 
0 0 0 0 20 0 21 0 0 43 41 0 0 44 11 8 0 0 0 7 12 0 0 0 0 0 0 0 0 0 0 0 39 0 34 0 0 0 0 14 0 0 27 0 33 0 0 31 29 
0 0 37 0 34 38 0 10 12 0 6 0 11 9 25 0 0 0 0 21 0 0 19 0 0 0 0 13 0 0 1 0 0 0 48 0 30 0 31 0 0 0 0 42 0 46 44 45 43 
0 0 0 0 6 0 0 31 0 0 27 0 0 30 0 0 45 41 44 0 47 37 0 0 0 0 38 34 24 21 22 0 0 26 0 48 0 0 0 0 5 4 0 14 0 18 0 0 15 
18 15 16 19 0 17 14 0 0 36 0 0 39 37 0 0 0 0 0 49 0 0 47 0 42 0 0 41 31 0 29 30 32 0 27 6 0 8 0 7 0 11 20 21 26 0 23 24 0 
0 1 2 5 0 0 0 24 26 0 20 21 25 23 39 0 0 0 37 0 0 0 0 29 28 0 0 27 0 0 15 0 0 19 0 0 44 43 0 0 47 0 6 0 12 0 0 10 8 
23 0 0 24 18 0 0 0 45 41 39 0 44 42 9 6 0 4 0 0 10 0 0 0 0 2 1 46 0 0 0 35 0 38 32 11 14 0 0 0 0 16 0 0 31 0 28 29 0 
30 0 0 0 25 29 0 1 3 0 0 0 2 49 0 0 0 11 0 0 17 0 10 0 5 9 0 0 0 0 0 42 0 45 0 0 0 0 0 0 24 0 0 0 0 37 0 36 0 
0 41 42 0 0 43 0 15 0 13 0 12 16 0 0 0 29 0 0 26 31 0 24 20 19 0 22 18 0 0 0 0 0 0 0 0 0 0 0 0 38 37 0 0 0 0 0 1 48 
0 0 0 0 4 0 0 29 0 0 25 26 30 28 0 0 0 39 42 0 45 0 38 34 0 37 0 32 0 0 0 21 23 0 0 46 0 48 1 0 0 0 0 12 0 0 14 15 0 
2 0 49 3 46 0 0 0 24 20 18 0 0 0 37 34 36 0 35 0 0 28 0 27 26 30 29 0 15 0 13 0 0 17 0 0 42 0 0 0 0 0 4 5 0 0 0 8 0 
0 34 0 38 0 0 33 0 0 0 0 0 0 0 0 0 0 0 0 0 0 14 0 13 12 16 0 11 0 0 48 0 2 3 0 25 0 0 0 0 0 0 0 40 0 0 0 43 0 
0 0 14 0 0 0 0 0 38 0 0 33 37 35 0 0 0 46 0 47 3 0 0 0 0 0 0 39 0 0 27 0 0 0 0 0 7 0 0 0 0 0 18 19 0 23 0 22 20 
0 0 0 4 0 0 48 0 0 0 19 20 0 22 38 35 37 0 36 34 0 29 32 0 0 0 0 0 0 0 0 0 0 18 12 0 0 42 0 0 46 0 5 0 0 0 0 9 7 
0 14 0 0 12 0 0 37 39 0 0 0 0 0 0 0 2 47 1 0 0 0 0 0 41 45 44 40 0 27 0 0 0 32 26 0 8 0 9 6 0 10 0 0 25 0 0 23 21 
0 7 8 11 0 9 0 30 32 0 0 0 31 0 45 0 0 0 43 0 46 0 39 35 0 0 0 33 23 0 0 0 0 25 0 47 1 0 0 48 0 0 12 13 18 0 15 0 0 
24 21 0 25 19 23 0 0 46 0 0 41 45 43 10 0 9 0 0 0 11 0 0 0 48 0 2 0 37 34 35 0 38 39 0 12 15 14 16 0 0 17 0 0 32 0 29 0 0 
0 28 29 0 0 0 0 0 0 49 0 0 0 0 0 0 0 0 15 0 0 8 0 7 0 10 0 5 0 41 42 0 45 0 0 0 22 21 23 20 0 0 33 34 0 0 36 0 35 
38 0 36 39 0 0 34 0 0 0 0 0 0 8 0 0 0 19 0 0 0 0 0 0 0 17 16 0 2 0 0 1 0 0 0 0 29 0 0 0 0 0 0 41 0 0 0 44 0 
45 42 43 0 40 0 41 16 0 0 0 0 17 0 0 0 30 26 0 27 32 0 0 21 0 0 23 19 0 0 0 8 0 11 0 33 0 0 37 0 0 38 0 0 0 3 0 0 49 
0 0 0 0 0 0 2 0 0 24 0 23 27 0 0 0 0 0 0 0 0 0 0 0 30 0 33 0 0 0 0 0 20 21 0 43 46 0 0 0 0 0 0 9 0 0 11 0 0 
48 45 0 0 0 47 0 19 21 0 0 0 20 18 0 31 33 29 0 30 35 0 0 0 23 0 26 22 0 0 0 11 13 0 0 0 0 38 0 0 0 0 1 2 0 0 0 0 3 
0 31 0 0 29 33 0 0 7 3 1 0 6 4 0 17 0 0 0 16 21 11 14 10 9 0 0 0 0 44 45 0 0 0 0 0 0 24 26 23 28 0 0 0 42 41 39 0 0 
13 0 0 14 0 12 0 33 0 0 29 0 34 0 0 0 47 0 0 0 0 0 0 0 0 0 40 0 0 0 0 0 0 0 22 0 4 0 5 0 0 0 15 16 21 0 18 0 17 
0 24 0 28 22 0 0 0 49 45 43 44 48 0 0 0 0 0 0 0 14 0 0 0 0 6 0 0 0 37 0 0 41 0 36 0 18 0 0 0 21 20 29 0 35 34 0 33 0 
0 17 0 0 0 0 0 40 42 38 36 0 0 39 0 0 5 0 4 0 7 46 0 45 0 0 0 43 33 0 31 32 0 0 29 0 0 0 0 0 0 0 0 23 28 0 25 26 24 
41 0 0 0 0 0 37 12 0 10 0 0 13 0 0 24 26 22 0 23 0 0 21 0 0 0 19 15 5 0 3 4 6 0 1 0 32 31 33 0 0 0 0 0 0 48 46 47 45 
