7
0 0 0 44 40 38 0 0 0 0 0 35 0 37 0 0 5 7 0 0 4 20 21 0 22 0 0 0 0 0 11 15 14 0 0 0 0 2 48 0 46 1 0 24 25 0 0 0 0 
0 0 1 0 0 0 49 0 0 0 0 0 40 0 10 0 0 0 15 0 0 0 0 0 0 0 0 0 0 17 0 0 21 20 0 5 0 0 6 7 0 0 0 0 0 0 0 0 34 
0 4 0 9 5 0 7 45 0 0 0 49 0 0 0 0 0 21 22 20 18 0 0 31 36 0 32 0 0 24 0 29 28 0 0 12 10 0 13 14 11 15 0 0 39 0 0 43 0 
20 18 0 0 0 17 0 0 0 0 13 0 12 0 31 0 33 0 0 34 32 0 0 0 0 2 0 47 0 38 0 0 0 0 44 0 24 30 0 0 25 29 5 0 4 0 7 8 0 
0 0 15 0 0 0 14 0 0 4 0 0 5 0 24 0 0 0 0 0 25 41 0 0 0 44 39 0 33 0 0 0 35 0 0 0 0 23 20 21 0 22 0 45 46 2 49 1 48 
0 0 0 0 0 31 0 24 29 0 0 0 26 0 0 0 47 49 0 0 0 13 0 10 0 0 11 0 5 0 0 0 7 0 0 40 0 44 41 0 0 43 0 0 0 23 21 0 0 
0 0 0 0 0 0 0 17 0 0 20 21 19 0 0 0 0 0 43 0 39 6 7 0 8 9 0 0 47 45 0 1 0 48 0 0 0 0 34 0 0 0 12 0 0 0 0 0 13 
47 0 0 0 0 44 48 0 0 0 0 0 0 43 0 0 11 0 14 0 10 0 0 0 0 0 0 0 18 0 0 21 0 0 0 0 0 8 0 0 0 0 32 30 0 0 0 35 33 
12 0 0 0 11 0 13 2 0 0 0 6 4 0 23 29 0 0 0 0 0 40 0 37 42 0 0 39 32 0 0 0 0 33 0 18 0 0 19 0 0 21 46 44 45 1 0 0 47 
0 0 7 0 4 2 0 0 0 45 47 48 0 1 0 0 18 0 0 0 0 0 0 0 35 36 31 0 25 23 0 0 27 0 0 11 0 0 0 0 0 0 39 37 0 0 41 42 0 
40 0 0 43 0 0 0 0 35 0 0 0 32 0 2 8 0 6 0 0 0 0 0 0 0 22 17 18 0 0 0 0 0 0 15 46 0 1 47 0 45 49 25 23 0 29 0 0 0 
26 24 0 0 0 23 27 0 0 17 19 20 18 0 0 0 0 0 0 0 0 0 0 0 7 0 0 0 0 0 0 0 48 0 0 32 0 0 33 34 0 0 11 9 10 15 13 14 0 
33 0 0 0 0 30 0 0 28 24 26 27 0 0 0 0 46 0 0 0 0 0 0 0 0 0 0 11 0 2 3 0 6 5 8 39 0 0 0 0 0 42 0 16 17 0 0 21 0 
19 17 21 22 18 16 0 9 0 0 0 0 0 15 0 36 0 34 0 0 31 47 48 44 49 1 0 46 39 0 0 0 41 0 0 0 0 29 26 0 0 28 0 0 3 0 6 0 5 
0 8 0 13 9 0 0 0 5 0 0 0 2 0 0 27 0 0 0 24 0 38 0 35 40 0 0 0 0 0 0 0 0 31 34 0 0 20 0 18 0 0 44 42 0 0 46 0 0 
0 0 26 27 23 0 0 14 19 15 17 0 0 0 0 0 0 0 40 0 36 0 0 0 5 6 1 0 0 42 0 0 46 45 48 30 0 0 31 0 0 33 0 0 8 0 0 0 0 
0 0 0 6 2 0 4 42 47 43 45 46 0 48 0 0 0 0 0 0 0 0 32 0 0 0 29 0 0 21 0 0 0 0 0 0 0 0 10 0 8 0 0 0 0 0 0 40 0 
0 0 0 0 37 0 0 0 0 0 31 0 30 34 0 6 0 0 5 3 1 17 18 0 0 0 0 16 9 0 0 12 0 0 13 0 42 0 0 46 0 0 0 21 22 0 25 26 0 
31 0 0 0 0 0 0 21 0 0 24 0 23 27 0 0 44 0 0 0 0 0 11 0 0 0 0 0 2 0 0 0 4 0 6 0 0 0 0 0 0 0 0 0 15 0 18 19 0 
0 15 0 20 0 14 18 7 0 8 10 0 0 13 0 0 0 32 0 0 0 0 0 0 47 48 43 44 37 0 36 0 39 38 41 23 0 0 0 0 0 0 2 0 1 0 0 0 3 
0 43 47 0 44 0 0 35 40 36 0 0 0 41 7 13 9 0 0 0 0 0 25 0 0 27 0 0 16 0 0 19 18 17 20 0 0 6 0 0 0 5 30 0 0 0 32 0 31 
0 27 31 0 28 26 0 0 0 0 22 0 0 25 0 46 0 0 0 0 0 0 0 5 10 0 0 7 49 47 0 3 2 0 4 0 0 0 36 0 34 0 0 12 0 18 0 17 15 
0 0 0 39 35 0 0 26 0 27 29 0 0 32 47 4 0 2 3 0 0 15 16 12 17 18 0 0 0 0 6 0 9 0 0 42 0 46 0 0 41 0 0 19 20 25 0 0 22 
15 13 17 0 0 0 0 5 0 0 0 9 0 0 0 0 28 30 0 0 0 0 44 40 0 0 41 42 35 0 34 38 0 0 39 0 0 0 0 0 0 0 0 0 0 4 2 0 0 
22 20 0 25 0 19 23 0 17 0 0 16 14 0 33 39 0 0 38 0 34 1 0 0 3 0 0 0 0 0 0 0 44 0 46 28 26 0 29 30 0 0 0 0 0 11 9 0 8 
0 6 0 0 0 0 0 47 0 0 1 0 49 0 0 0 0 0 0 22 0 0 37 33 0 0 34 35 0 0 0 31 0 0 32 0 0 18 0 16 13 17 42 0 0 0 0 0 43 
0 0 45 0 42 0 44 33 0 34 0 37 0 0 0 11 0 9 0 0 6 22 0 0 24 25 0 0 0 0 13 0 0 15 0 0 47 4 0 0 48 0 28 26 27 32 30 0 0 
1 0 3 4 0 47 0 0 0 0 0 44 42 46 0 0 14 0 0 15 0 29 0 0 0 32 0 0 0 0 20 24 0 0 0 7 0 11 8 0 0 10 35 0 34 0 37 0 0 
0 0 0 0 0 36 0 0 34 30 0 33 31 0 1 7 0 0 0 0 2 0 0 0 20 21 16 17 0 8 9 0 0 0 0 45 0 49 0 0 44 48 24 0 0 28 0 0 25 
0 23 27 0 0 22 0 0 0 16 18 19 0 0 0 42 38 40 0 0 37 0 0 1 0 0 2 0 0 0 0 0 47 0 0 0 29 0 32 33 0 0 0 0 9 14 12 13 11 
0 0 0 0 0 0 0 43 0 0 0 0 45 0 0 0 17 0 0 18 16 0 33 0 0 35 0 0 0 0 23 0 0 0 28 10 8 0 0 12 9 13 38 0 0 0 0 0 0 
0 0 0 21 17 0 0 8 0 0 0 0 0 0 0 0 31 0 0 32 0 46 47 43 48 0 44 45 0 36 0 41 0 39 0 24 22 0 0 26 0 27 3 0 0 0 0 0 0 
0 44 0 0 0 0 0 0 0 0 0 40 38 42 0 0 10 0 0 11 0 0 0 22 0 0 0 0 0 0 16 0 19 18 21 0 1 0 0 0 0 6 31 0 0 0 33 0 0 
11 0 13 14 0 0 0 1 6 0 0 0 0 0 0 0 0 0 27 25 0 0 0 0 41 0 37 0 31 0 0 0 0 0 35 17 0 0 0 0 0 0 0 0 44 0 0 48 0 
32 0 0 0 31 29 33 0 27 0 0 0 0 0 0 0 0 47 48 0 0 11 0 0 0 14 0 0 0 0 0 0 5 4 0 0 0 0 0 0 37 0 17 0 0 0 0 0 0 
0 0 44 45 0 0 43 0 0 0 0 36 34 0 4 0 0 8 0 7 0 0 22 0 0 0 19 0 13 11 0 0 0 0 0 0 0 3 0 0 47 0 0 0 26 0 0 30 0 
0 5 9 0 0 0 8 0 2 0 0 0 48 0 0 0 0 22 0 0 19 0 0 0 0 38 0 0 0 0 0 30 29 28 0 0 0 17 0 0 12 16 41 0 40 0 0 0 42 
0 0 0 0 0 32 0 25 30 0 0 29 0 0 46 3 48 0 2 49 0 14 15 0 0 17 12 13 6 4 0 0 0 0 10 0 39 45 42 43 0 0 0 0 19 0 22 0 0 
0 19 0 24 0 18 22 11 16 12 0 15 13 0 32 38 34 36 0 0 0 0 0 46 0 3 0 0 0 0 40 44 43 0 0 27 25 0 0 0 0 30 0 4 0 0 0 0 0 
0 0 0 17 0 11 0 0 9 0 0 0 6 10 25 31 27 0 0 28 0 42 0 39 0 45 40 0 0 0 33 37 0 0 38 0 0 24 21 22 19 23 0 46 0 0 0 0 0 
0 0 2 0 0 0 0 39 0 0 0 0 41 0 11 17 0 0 16 14 0 28 0 25 0 0 0 27 0 18 0 0 22 0 0 6 0 10 7 0 0 0 0 32 0 0 36 37 35 
0 26 30 0 0 0 0 18 0 0 0 0 0 24 0 0 0 0 0 42 0 0 0 0 9 0 0 0 48 46 47 0 1 0 0 0 0 0 35 0 0 0 0 11 12 0 0 0 14 
0 35 39 0 36 0 0 27 0 0 0 31 0 0 48 0 0 0 0 0 0 0 17 0 18 19 0 0 0 0 7 11 10 0 0 43 0 0 0 45 42 0 22 0 21 26 0 25 23 
0 0 0 0 0 48 0 0 0 0 0 0 0 0 13 0 0 0 0 0 0 0 31 0 32 0 28 0 0 0 21 0 0 23 0 8 0 12 0 10 0 0 36 34 0 40 0 0 0 
0 0 0 0 0 0 0 0 39 0 37 0 0 40 6 0 0 0 0 9 0 23 0 0 0 0 0 0 0 13 0 0 0 16 0 0 0 0 0 0 0 4 29 0 0 0 0 0 30 
23 0 25 26 22 20 24 0 18 0 0 0 15 0 0 0 0 0 39 0 0 0 0 48 0 5 49 0 43 41 42 46 45 44 0 29 0 33 0 31 28 0 0 0 0 12 10 11 0 
30 0 32 33 0 27 31 0 0 0 23 24 22 0 0 0 0 0 46 0 0 9 0 6 11 0 7 8 0 0 49 0 0 0 5 36 0 40 0 38 0 0 15 0 0 19 0 18 0 
0 0 0 0 0 0 0 0 0 0 0 0 1 5 0 0 22 0 25 23 0 37 0 0 0 0 0 0 0 27 0 0 0 30 33 0 13 0 0 0 0 0 43 0 42 0 0 0 0 
16 14 0 19 0 0 0 6 0 7 9 0 0 0 27 33 0 0 32 0 0 0 45 41 0 0 0 43 0 0 0 0 38 37 0 0 20 0 0 0 21 25 1 0 49 0 0 4 2 
