7
0 10 8 11 12 0 0 41 0 0 0 0 0 46 0 26 0 0 0 0 23 0 16 13 0 18 14 0 0 0 29 0 0 0 31 35 34 0 0 0 0 0 0 0 0 0 0 3 0 
0 0 43 46 47 0 0 0 33 28 0 30 0 0 6 12 8 0 0 10 0 5 2 48 0 0 0 1 0 18 0 0 14 0 0 0 0 0 22 23 24 0 0 0 0 39 35 0 36 
13 0 15 0 0 0 0 0 5 0 0 2 0 4 0 0 0 32 0 0 30 0 0 0 24 25 21 0 0 39 0 40 35 0 0 0 41 0 0 0 0 46 0 0 0 11 0 10 0 
48 3 1 0 5 2 49 34 40 0 0 0 0 39 0 19 15 0 0 17 16 0 9 6 0 0 0 0 20 25 22 0 21 0 24 0 27 0 29 30 0 0 47 0 41 0 0 45 43 
0 31 0 0 33 0 28 0 0 14 0 0 0 0 41 47 0 46 42 0 44 40 0 34 38 39 35 0 0 0 0 0 0 2 0 7 6 0 0 0 0 11 0 23 0 25 0 0 0 
34 38 0 0 40 37 0 20 0 0 24 23 22 25 48 5 0 0 0 3 2 0 0 0 45 46 0 0 0 11 0 12 0 0 0 0 13 19 15 0 17 0 33 0 0 0 0 0 0 
0 24 0 0 26 0 21 6 12 7 0 9 8 0 0 0 0 0 35 0 37 0 30 0 31 0 0 0 0 0 43 47 42 44 0 0 48 0 0 0 3 0 0 16 13 18 0 0 0 
0 18 0 0 20 0 0 49 0 0 0 0 2 0 28 34 0 33 29 0 31 27 0 0 0 0 22 0 35 0 0 0 0 0 39 0 42 48 0 0 46 0 0 0 0 0 8 0 0 
0 0 0 47 0 0 0 0 34 0 32 31 0 0 0 0 0 0 0 0 10 6 0 0 0 5 0 0 14 0 0 20 0 0 18 22 0 27 23 24 25 26 0 0 35 40 0 39 0 
0 25 0 26 0 0 0 0 0 8 0 10 9 0 0 0 0 40 36 0 0 0 31 0 0 0 0 0 42 47 44 0 0 0 46 0 49 0 0 0 4 0 20 17 0 19 0 0 16 
0 11 0 0 13 0 0 0 0 43 0 0 44 0 0 0 23 26 0 0 0 0 0 14 0 0 15 0 28 33 0 0 0 31 32 0 35 41 37 38 0 0 0 3 0 0 0 0 0 
0 4 2 0 6 0 0 35 41 0 39 0 0 40 14 0 0 0 0 18 0 0 10 7 11 12 0 0 0 0 0 27 22 0 25 0 28 0 0 31 0 0 48 0 0 47 43 46 0 
35 0 0 0 0 0 36 0 0 22 0 24 0 0 49 0 2 5 0 0 0 0 45 42 46 47 43 0 7 0 9 0 0 10 0 15 14 0 16 17 18 19 0 31 0 0 29 0 30 
28 0 0 33 34 0 0 0 20 0 0 17 0 0 42 0 0 0 0 0 0 0 38 0 0 40 0 37 49 0 0 6 1 0 4 8 0 13 9 0 11 0 0 24 0 0 0 0 23 
37 0 39 0 0 0 0 0 0 0 27 0 0 0 0 0 4 0 3 0 0 0 47 0 48 49 45 46 0 14 11 0 0 0 0 0 0 0 18 0 20 21 36 0 0 0 31 0 32 
0 0 0 14 15 12 0 0 0 0 48 0 0 49 0 29 0 0 0 0 26 22 0 0 0 21 0 18 0 35 0 0 0 0 0 0 0 43 0 40 0 0 8 5 0 7 3 6 0 
0 34 32 0 0 0 31 0 0 0 0 19 0 21 44 0 0 0 0 0 0 43 0 0 41 42 38 0 0 0 0 8 0 0 0 0 0 0 0 0 0 0 0 0 23 0 24 0 0 
0 0 0 49 0 47 45 30 36 31 0 0 0 0 0 15 0 0 10 0 0 0 0 2 0 7 3 0 0 21 0 0 17 19 20 24 0 0 0 0 0 28 0 0 37 42 38 41 0 
0 20 0 0 0 0 0 2 8 3 0 0 4 0 30 0 0 0 0 34 33 0 0 0 0 0 24 0 0 0 39 43 38 0 0 0 0 0 46 0 0 0 0 12 9 14 0 13 0 
0 0 25 28 0 26 0 9 15 10 13 0 11 0 0 0 0 0 38 0 0 36 0 0 0 0 31 0 44 49 46 0 0 0 0 0 0 0 0 0 6 0 22 19 0 0 0 0 18 
0 6 4 7 0 5 0 37 0 38 0 0 39 42 0 22 0 21 17 0 19 0 12 9 0 14 10 0 0 28 25 29 24 0 0 31 0 36 0 33 0 0 1 0 0 0 0 0 46 
19 0 0 0 0 0 0 0 0 0 9 8 0 0 33 0 35 0 34 37 0 0 29 0 30 0 0 0 40 0 0 46 41 0 44 48 0 0 0 1 2 0 0 0 0 17 0 0 14 
26 0 0 31 0 0 27 12 18 13 0 15 14 17 0 0 0 0 0 0 0 39 36 0 0 0 0 0 0 0 49 4 48 0 0 6 5 11 7 8 9 10 25 22 19 0 20 23 0 
47 0 0 0 4 1 0 0 0 0 0 36 0 38 0 18 0 0 13 0 15 11 8 0 0 0 6 0 19 24 0 25 0 22 0 27 0 0 28 29 0 31 0 0 0 45 41 0 0 
0 9 7 0 0 8 0 0 0 41 44 43 0 0 0 0 21 0 0 0 0 18 15 0 0 17 13 0 0 0 0 0 0 29 30 34 0 39 35 36 37 0 4 0 0 3 0 2 49 
0 0 0 38 39 0 0 0 0 20 0 22 0 24 47 0 0 0 0 2 1 0 43 0 0 0 41 42 5 0 7 0 0 0 0 0 0 0 0 0 0 17 0 29 0 0 27 0 0 
0 0 0 45 46 43 41 26 0 27 0 0 28 31 0 11 7 0 0 9 0 0 0 0 0 3 0 0 12 17 0 0 0 15 16 0 19 0 21 0 0 0 39 36 33 0 34 37 35 
12 16 14 0 0 15 0 47 4 48 0 0 0 0 0 0 0 0 0 0 0 0 0 19 23 24 0 0 0 0 0 0 34 36 0 0 0 46 0 43 0 0 0 8 0 0 0 0 7 
46 0 48 0 0 49 47 0 0 0 0 0 0 0 11 17 0 0 12 0 14 10 0 4 0 0 5 6 0 23 20 0 19 21 22 0 0 31 27 0 29 30 45 0 0 0 0 0 41 
0 43 0 44 0 42 0 0 0 0 0 0 27 30 0 0 6 9 0 0 0 3 0 0 0 2 47 0 0 16 13 17 0 0 15 19 18 0 0 0 0 0 0 0 0 37 0 36 34 
11 15 13 0 17 14 0 46 3 0 0 0 0 0 25 0 0 30 0 29 0 24 0 18 0 23 19 0 0 37 0 0 0 35 36 0 39 0 0 0 43 0 0 0 0 9 0 0 0 
18 0 20 0 0 0 0 0 10 0 0 7 6 0 32 0 0 37 0 36 0 31 0 0 0 0 26 0 39 44 41 0 40 0 43 0 0 3 0 49 0 0 0 0 0 0 0 0 0 
0 29 0 0 31 28 26 11 17 0 0 14 0 0 0 0 0 0 40 43 0 0 35 0 0 37 0 0 0 0 48 0 47 0 1 5 0 0 6 0 0 9 24 0 0 0 0 0 0 
32 0 0 0 0 35 0 0 0 0 0 0 20 0 46 3 0 0 0 0 0 0 42 39 43 44 0 0 0 0 6 0 0 0 8 12 11 17 0 0 15 0 31 0 25 0 26 29 0 
0 0 6 0 10 0 0 0 0 40 0 42 0 0 0 0 0 23 0 0 0 0 0 11 0 0 0 0 25 0 27 0 0 0 29 33 0 38 0 35 36 0 3 49 46 2 0 1 0 
0 0 0 0 0 0 0 17 23 18 0 0 0 22 0 0 47 1 46 0 48 44 0 38 0 0 0 40 3 0 5 9 0 6 0 0 0 16 0 0 0 15 0 27 24 0 0 28 0 
0 14 0 0 16 0 0 0 0 46 0 0 0 1 0 30 26 29 0 0 0 0 20 17 0 22 0 0 31 0 0 0 0 0 35 39 38 0 40 41 42 0 0 6 3 0 4 7 5 
0 21 19 22 23 0 0 0 0 0 0 0 0 8 31 37 33 36 0 0 0 0 0 0 28 0 25 26 0 0 0 0 39 0 0 0 45 0 0 0 0 0 16 0 0 0 11 14 12 
45 49 0 1 0 0 0 0 0 0 35 34 0 0 10 0 0 15 11 14 0 0 6 0 0 8 4 0 0 0 0 23 18 0 0 25 0 0 26 27 0 0 0 41 38 0 0 0 40 
0 0 0 29 0 27 0 0 16 0 0 0 0 0 0 44 0 0 0 0 41 0 0 0 0 36 0 33 0 0 0 0 0 48 49 0 3 9 0 6 7 8 23 0 17 22 18 0 0 
38 42 40 0 0 0 0 24 30 25 28 0 0 0 0 9 5 0 0 0 0 0 48 0 0 0 0 47 10 0 0 16 0 13 0 0 0 23 0 0 0 0 0 34 0 36 0 0 33 
3 0 0 8 9 0 0 38 0 0 0 0 40 43 17 23 0 22 18 0 20 0 13 0 0 0 11 12 0 0 26 30 25 27 28 0 31 0 33 0 35 0 2 0 0 0 0 0 0 
0 0 0 0 0 4 0 36 42 37 40 0 38 0 15 0 17 0 0 19 18 14 11 0 0 13 9 10 0 0 0 28 23 25 26 0 29 0 31 0 0 0 0 0 43 48 0 0 0 
0 26 24 0 0 25 0 0 0 0 12 0 0 0 0 0 0 41 37 40 0 35 0 0 33 0 0 0 0 48 45 0 44 46 0 2 0 0 0 4 0 0 0 0 15 0 0 0 0 
0 0 10 0 14 0 0 43 0 44 0 0 0 0 0 0 0 27 0 26 25 0 18 15 0 0 0 17 0 34 0 35 30 0 0 37 0 0 38 39 0 0 7 0 1 0 0 5 0 
0 0 31 0 0 32 0 0 21 0 0 0 0 20 0 0 0 48 0 47 46 42 0 0 40 0 37 0 0 0 0 7 0 4 0 0 8 14 10 11 12 0 0 25 22 0 0 26 24 
0 19 0 0 0 0 16 1 0 0 5 4 0 6 0 0 31 34 30 0 32 0 25 0 0 0 0 0 36 0 0 42 37 39 0 0 0 49 45 46 47 48 0 11 8 0 9 0 0 
0 0 0 0 0 0 37 22 28 23 26 0 0 0 1 0 0 6 2 5 0 49 46 0 0 0 0 0 0 0 10 0 0 0 0 0 15 21 0 0 0 20 35 32 0 34 0 0 0 
43 0 0 48 49 0 0 0 0 0 0 32 0 34 8 0 10 13 9 0 0 0 4 0 5 6 0 3 0 0 0 21 0 18 19 23 0 0 0 0 26 0 0 0 0 0 0 0 38 
