7
18 20 24 23 0 19 0 0 9 0 0 0 8 0 29 28 30 0 26 25 0 0 0 33 37 0 0 0 0 0 0 39 0 43 0 0 0 48 0 1 0 46 0 17 0 0 13 12 14 
0 0 38 0 0 33 36 0 0 0 0 0 0 20 43 0 0 41 40 39 45 46 0 0 0 3 49 0 5 9 0 0 0 8 7 14 0 0 0 15 0 0 0 0 0 0 27 26 28 
25 27 31 0 28 0 0 11 0 0 17 0 15 0 0 35 37 0 0 32 0 39 0 40 44 0 42 0 0 0 48 46 0 1 49 0 0 0 0 0 0 0 23 24 22 0 20 0 0 
0 0 0 0 14 0 15 46 0 0 0 49 0 48 22 0 23 20 19 18 24 0 27 0 0 0 28 0 33 37 0 0 38 36 0 0 44 41 0 43 0 39 0 0 8 0 6 0 7 
0 6 10 0 0 0 0 39 0 40 0 0 0 0 0 0 0 0 0 0 17 18 0 0 0 0 21 0 0 0 27 0 0 0 28 0 37 0 33 0 0 0 0 3 0 46 0 0 49 
0 0 0 0 42 0 0 25 0 0 0 0 0 27 0 0 0 0 47 46 0 0 6 0 9 0 0 0 0 0 0 11 0 0 14 21 0 0 0 22 24 0 0 38 0 0 34 33 0 
0 48 3 0 0 0 1 32 0 0 0 35 0 0 8 0 9 0 0 0 10 0 0 0 0 17 0 0 0 23 20 0 0 0 21 28 0 0 0 0 31 25 44 0 43 0 0 40 42 
48 0 0 0 2 49 3 0 39 35 0 0 0 0 0 0 0 0 0 6 0 13 15 0 18 19 0 0 21 0 22 20 26 24 0 0 32 29 28 0 0 27 46 47 45 0 43 0 0 
20 22 0 25 23 0 0 0 0 0 0 9 0 8 31 30 0 0 28 27 33 34 0 35 0 0 0 0 42 0 43 0 47 45 44 0 4 1 49 0 0 48 0 0 17 0 15 14 16 
0 29 0 32 30 28 0 13 18 0 0 16 0 0 38 0 0 0 0 0 0 0 43 0 46 47 0 45 49 4 0 0 0 0 0 9 0 8 0 0 0 6 0 26 0 0 0 0 23 
34 0 0 0 37 35 38 0 25 0 26 0 24 0 0 0 46 43 0 0 0 0 0 0 0 0 0 3 7 0 0 0 12 0 0 0 0 15 14 0 0 13 0 0 0 27 29 0 30 
0 0 0 0 0 7 0 0 0 0 47 0 0 43 17 16 18 0 14 0 0 0 22 0 25 26 23 24 0 32 0 0 0 0 30 0 0 36 35 38 0 34 4 5 0 0 0 0 0 
0 43 0 0 0 0 0 0 32 0 0 0 31 0 3 0 0 1 0 0 5 0 0 0 11 0 0 0 0 0 0 13 0 17 16 0 0 0 21 24 0 20 0 40 0 0 36 0 0 
13 15 0 18 16 0 17 48 0 49 0 2 0 0 0 23 25 0 0 20 0 0 0 0 0 33 0 31 35 0 36 0 0 0 0 0 0 43 42 45 0 41 11 0 10 0 8 0 0 
0 0 0 0 0 11 0 0 0 0 0 0 49 0 0 0 0 0 18 17 0 0 0 0 0 0 0 28 32 36 33 0 37 0 34 41 43 0 39 0 0 0 0 0 0 3 0 0 0 
31 0 0 0 34 32 35 0 0 18 0 20 0 19 0 41 0 0 0 0 44 0 0 46 1 2 48 0 0 0 0 0 0 0 0 0 0 12 11 14 16 0 29 0 0 0 0 0 27 
0 0 0 0 20 0 0 0 0 4 9 6 0 0 0 27 29 26 0 24 0 0 33 32 0 0 0 35 39 0 0 38 44 0 0 0 0 47 0 49 0 0 15 0 0 0 12 11 0 
0 40 0 43 0 0 0 0 29 0 0 0 28 26 0 48 0 0 0 0 2 3 5 4 8 9 6 0 0 0 0 10 0 14 0 20 0 19 0 0 0 0 0 0 0 0 33 32 0 
3 0 9 0 0 0 0 0 43 0 0 41 42 0 14 0 15 0 0 10 16 17 0 0 0 0 20 0 0 0 0 0 30 0 0 0 0 0 0 0 37 0 1 2 49 45 47 0 48 
0 0 2 0 0 46 0 0 36 0 37 0 35 33 0 0 0 5 4 0 0 10 0 0 15 0 0 0 0 22 0 0 0 0 20 27 0 26 0 28 0 0 43 44 0 0 0 0 41 
0 26 0 29 0 25 28 10 15 0 16 0 0 12 35 0 36 33 32 0 0 38 40 0 43 44 0 0 0 0 0 0 0 49 48 6 8 5 0 0 9 3 0 23 0 0 0 18 0 
0 0 4 0 0 0 2 0 0 0 39 0 37 35 0 0 0 7 6 0 0 0 0 13 17 0 15 0 20 0 0 19 0 23 22 0 0 28 0 30 0 26 45 46 0 0 0 0 0 
5 7 0 10 0 6 0 0 45 41 0 43 0 0 16 15 0 0 0 12 18 19 0 20 0 25 0 0 27 0 0 26 0 0 0 0 0 0 0 0 0 33 0 0 2 47 49 0 0 
0 0 0 45 43 0 0 26 0 27 32 0 30 0 0 0 0 49 0 47 0 0 7 6 0 0 0 0 0 0 14 0 18 16 15 0 0 0 20 23 0 19 38 39 0 0 35 0 0 
0 0 0 0 36 0 37 19 24 20 0 0 0 0 44 0 0 0 41 0 46 0 49 48 3 0 0 0 6 10 7 0 0 0 0 0 0 14 13 0 0 12 31 0 0 0 0 0 29 
12 0 18 17 15 0 0 0 3 0 0 0 0 49 0 0 24 0 20 19 25 26 28 27 31 0 0 0 0 0 0 33 0 37 36 43 0 0 41 0 46 40 10 0 0 0 0 0 0 
0 0 0 31 29 0 0 12 17 0 0 15 16 0 37 0 0 35 0 33 0 0 0 41 0 0 43 44 0 3 0 47 4 2 0 0 0 7 0 0 0 5 24 0 0 0 0 20 0 
0 0 25 0 22 20 23 0 10 0 0 0 9 0 0 0 31 0 0 26 32 0 0 0 0 0 0 0 0 0 42 40 0 0 43 0 0 0 0 0 4 47 0 0 16 0 14 13 0 
35 37 0 40 38 0 39 21 26 22 0 0 25 0 0 0 0 44 0 0 48 0 0 0 0 0 0 0 8 12 9 0 0 11 0 0 0 0 0 18 0 0 0 34 32 28 0 29 31 
0 0 6 5 0 0 0 0 40 0 0 0 39 37 0 10 0 0 0 0 13 0 0 0 0 0 0 0 22 26 23 0 0 0 24 0 0 0 0 32 0 0 0 0 0 0 0 0 45 
0 0 27 0 0 22 0 7 0 8 0 0 0 0 32 31 0 30 0 28 34 0 0 0 0 41 38 39 0 0 0 42 0 0 45 3 0 2 1 0 0 49 19 20 0 0 16 0 0 
0 16 20 0 0 0 18 49 0 0 6 0 0 0 0 24 0 23 0 0 27 0 0 29 0 0 31 32 36 0 37 0 0 0 0 0 0 0 0 0 48 42 0 13 11 7 0 0 0 
7 9 13 0 0 8 0 0 0 0 0 45 46 44 18 0 19 16 15 0 20 21 0 22 0 0 24 25 29 33 0 0 34 0 0 0 0 37 36 0 41 35 5 0 4 0 2 0 0 
0 44 0 0 0 0 0 0 0 0 0 31 0 30 4 0 5 2 0 0 0 7 0 0 0 0 0 0 0 0 0 14 0 18 17 0 0 0 0 25 27 0 0 41 39 0 0 36 38 
28 0 0 0 0 29 0 14 19 0 20 17 0 0 0 0 0 37 0 0 0 42 0 0 47 48 0 0 1 0 0 49 6 4 0 10 0 0 0 0 0 0 0 0 25 21 0 0 0 
0 0 0 21 0 17 20 2 7 0 0 5 0 4 0 26 28 25 0 23 0 0 32 31 0 0 33 0 0 0 39 0 43 41 0 47 0 0 0 0 1 0 0 0 0 0 0 10 12 
0 32 36 35 0 31 0 16 0 0 22 0 20 18 0 0 42 0 0 37 0 0 46 45 49 0 0 48 0 0 4 0 8 0 0 12 0 0 0 13 15 0 0 29 27 0 0 0 0 
0 0 0 49 47 0 0 0 0 31 36 0 0 32 0 5 7 0 0 2 0 0 0 10 14 15 0 0 0 21 0 16 22 0 19 26 0 0 0 27 0 23 42 0 0 0 39 38 40 
0 11 15 0 0 10 0 0 0 45 0 0 0 0 0 0 0 0 0 16 0 0 0 0 0 29 26 0 0 0 32 30 36 0 33 0 42 0 0 0 0 0 0 8 6 0 4 3 5 
2 0 0 7 5 0 6 0 0 38 43 40 41 0 0 0 0 0 10 9 15 0 18 0 0 0 0 20 0 28 0 23 0 27 26 0 0 32 0 34 0 0 0 1 0 44 0 0 47 
0 0 29 0 26 0 27 0 0 0 15 0 13 11 0 33 0 0 31 30 0 0 39 0 0 43 40 0 0 0 46 44 0 48 0 5 7 0 3 0 0 0 21 0 0 0 0 0 0 
0 0 0 0 40 0 0 23 0 0 0 0 27 0 48 0 49 0 0 0 1 0 0 0 0 8 5 0 10 0 0 9 15 0 12 19 21 0 0 20 0 0 35 36 34 30 0 0 0 
0 0 14 0 0 0 0 43 48 44 49 0 0 45 0 18 20 0 0 15 21 0 0 23 27 28 0 0 0 0 0 0 0 0 0 39 0 38 37 40 0 36 6 0 5 0 3 0 0 
0 0 21 0 0 16 0 0 6 0 0 0 0 0 0 0 27 24 0 0 28 0 0 30 0 0 0 0 0 0 0 36 0 0 39 46 0 0 44 0 0 0 13 0 12 0 10 0 0 
29 31 35 0 0 0 0 15 0 16 0 0 0 0 0 0 0 38 0 36 0 0 0 0 48 0 46 0 0 6 0 1 7 5 0 0 13 10 0 12 14 8 27 28 0 22 0 0 0 
0 0 0 27 0 23 26 8 13 0 0 11 0 0 33 0 0 0 30 29 35 0 38 0 41 0 0 0 0 48 45 43 0 47 0 0 0 0 2 5 7 0 20 0 19 0 17 16 0 
1 0 0 0 4 2 0 36 0 0 42 39 0 38 0 11 0 0 0 0 14 0 0 16 0 21 0 0 0 0 24 0 0 0 0 32 0 0 0 0 35 29 0 0 0 43 45 44 46 
0 0 0 41 39 0 0 0 0 0 0 25 0 0 0 0 48 0 44 0 0 0 3 0 0 0 4 0 0 0 10 0 14 12 0 18 0 0 16 19 21 0 0 35 0 0 0 0 32 
0 0 0 0 46 44 0 0 34 0 0 32 0 0 0 0 0 3 2 1 0 8 10 9 0 0 11 12 0 0 17 15 21 0 0 0 0 0 23 0 0 0 0 0 40 0 0 37 0 
