7
27 28 26 24 23 0 0 32 34 0 0 0 31 0 0 16 0 0 18 0 15 48 0 46 0 0 0 0 0 41 0 0 0 0 0 0 5 0 7 3 0 0 0 0 0 0 0 12 0 
0 0 0 0 30 29 32 0 41 37 0 40 0 0 0 23 0 0 0 28 0 0 1 0 5 0 0 7 45 48 0 0 0 0 0 0 12 8 14 0 13 11 0 16 0 0 0 0 17 
0 0 0 17 16 0 0 25 0 0 0 26 0 0 10 9 12 0 11 0 8 41 0 39 0 0 38 42 31 0 0 0 30 0 0 0 0 0 49 45 0 46 0 2 1 0 6 5 3 
0 7 5 3 2 0 4 0 0 0 0 12 0 8 45 44 0 0 0 0 0 27 0 0 26 0 0 0 17 20 21 0 0 0 0 30 33 0 0 31 0 0 0 0 0 42 0 40 38 
41 0 0 0 37 36 39 0 0 0 49 0 0 43 0 30 33 0 0 0 0 13 0 11 12 0 10 0 0 0 0 0 2 0 5 0 0 0 0 0 20 18 25 23 0 28 27 26 0 
13 0 0 0 0 0 0 0 20 0 0 19 0 15 0 0 0 0 0 7 1 0 0 32 0 30 0 0 0 0 0 0 0 0 26 37 40 36 0 0 41 39 0 0 0 49 48 0 0 
0 49 0 0 44 0 46 4 0 0 0 5 0 0 38 0 0 41 39 0 36 0 0 18 19 0 0 21 0 13 0 0 9 0 12 23 26 0 0 24 0 25 0 30 29 0 34 0 31 
29 0 28 0 0 24 0 34 36 0 0 35 0 31 0 0 0 22 20 23 0 0 0 48 49 0 47 2 0 0 0 0 0 0 0 0 7 3 9 5 8 0 0 0 0 0 0 0 0 
0 16 14 0 0 10 0 20 22 0 0 0 19 17 5 4 0 0 6 0 3 0 31 0 35 0 33 0 26 29 0 0 0 0 0 39 42 38 0 0 0 0 0 0 0 0 0 49 0 
22 23 0 0 18 0 20 0 0 25 30 28 26 24 0 0 14 15 0 0 0 0 0 41 0 0 0 44 33 0 0 34 0 31 35 46 0 0 0 0 1 48 6 4 0 9 0 7 5 
0 9 0 0 0 0 0 13 0 0 16 14 12 10 0 46 49 0 48 2 0 0 0 0 0 25 26 30 19 0 23 0 0 0 0 0 35 31 0 0 0 34 0 39 38 44 0 0 0 
0 2 49 0 0 0 48 6 0 0 0 7 0 0 40 0 0 0 41 44 0 22 0 0 0 0 0 0 0 0 16 13 0 10 0 25 0 0 30 0 0 27 34 0 0 37 0 0 0 
43 0 42 40 39 38 0 0 0 46 2 0 47 45 0 32 35 36 0 37 0 0 10 13 0 0 12 16 5 0 9 6 4 3 7 0 0 17 0 0 0 0 0 0 0 30 0 0 26 
36 37 0 0 32 31 34 0 0 0 44 42 0 38 26 25 0 0 0 0 24 0 0 0 0 4 5 9 0 0 2 0 0 0 49 0 14 0 0 12 0 13 0 18 0 0 0 0 0 
9 10 8 6 5 0 0 0 16 0 0 0 0 11 0 47 1 0 49 0 46 0 0 28 29 0 27 0 0 23 24 21 19 18 0 0 0 0 0 34 0 35 0 0 39 0 44 0 41 
0 0 0 0 0 32 0 42 44 0 45 43 0 0 27 0 0 0 0 31 25 9 4 0 8 0 0 10 0 2 3 0 47 46 0 12 15 0 0 0 16 0 0 0 18 0 23 22 0 
0 0 15 0 12 11 0 21 0 0 24 22 20 18 0 5 8 0 7 0 0 0 32 0 0 0 0 0 0 0 0 28 26 25 0 0 43 39 0 0 44 0 0 47 46 3 2 0 0 
30 31 29 27 0 0 0 0 0 0 0 36 0 0 0 19 0 23 21 24 18 0 0 49 0 47 48 0 41 0 45 42 40 39 0 0 8 0 0 6 0 7 0 0 11 17 0 0 13 
0 0 1 0 0 46 49 0 0 0 0 0 6 4 0 0 43 44 0 0 39 23 0 0 22 19 20 0 0 16 0 0 0 0 0 26 29 25 0 27 0 0 35 33 0 38 0 36 0 
44 45 43 0 0 0 0 49 0 0 3 0 0 46 0 0 0 37 35 0 32 0 11 14 15 0 0 0 6 9 0 0 5 0 8 0 22 0 0 0 0 21 0 26 0 31 30 0 0 
23 0 0 0 0 0 0 0 0 26 31 0 0 0 0 0 0 16 14 0 11 0 39 0 43 0 41 45 0 0 38 35 33 0 36 47 1 46 0 48 0 49 0 5 0 0 9 0 0 
0 0 46 0 0 0 45 0 5 0 0 0 0 49 0 0 39 40 0 0 0 0 14 17 0 15 0 20 0 0 0 0 8 7 0 0 0 21 0 23 0 0 0 0 0 0 0 32 0 
0 0 0 2 1 0 3 10 0 8 0 11 0 7 44 43 0 47 0 0 0 0 21 24 0 0 0 0 16 0 20 0 15 14 0 0 0 0 0 0 33 0 38 0 35 41 0 0 37 
0 0 0 37 0 0 0 45 0 43 0 0 0 0 30 0 32 0 0 0 0 0 7 0 0 0 9 13 0 5 6 0 0 0 4 15 0 0 0 0 19 0 0 22 0 27 0 0 0 
0 13 0 0 0 0 10 17 19 0 20 0 0 0 2 0 0 5 3 0 0 0 0 31 0 29 30 0 0 0 0 24 0 0 0 36 0 0 41 37 0 38 0 43 42 48 47 46 44 
0 27 0 23 22 21 0 0 0 29 34 0 0 28 16 0 18 0 17 0 0 47 0 0 0 43 0 0 0 0 0 0 0 0 39 0 0 0 0 0 0 0 0 8 0 13 12 0 0 
33 34 32 0 0 0 31 0 40 36 0 39 37 0 0 22 0 0 0 0 21 5 49 3 4 0 2 0 0 47 0 0 0 0 0 8 11 7 0 9 12 10 0 0 14 20 0 0 0 
19 20 0 16 0 0 0 0 26 22 0 25 23 0 9 0 0 0 0 0 0 40 35 38 39 0 0 41 0 33 0 0 0 28 0 0 0 42 48 0 0 0 0 1 49 0 5 0 0 
0 4 2 49 0 0 0 0 10 6 0 0 0 0 42 41 0 0 43 0 40 0 0 0 0 0 0 25 0 0 18 0 0 12 16 0 0 0 0 0 31 0 0 0 0 0 0 37 0 
0 0 0 0 0 0 0 0 0 27 0 30 0 26 0 13 0 0 15 18 12 0 40 0 0 0 0 0 0 0 39 0 34 33 37 48 2 47 0 49 0 0 0 0 5 0 0 9 0 
0 0 0 7 6 0 8 15 0 0 18 16 0 0 0 0 0 3 1 4 0 31 0 29 0 0 28 0 0 24 0 22 0 19 0 0 37 33 39 0 0 0 43 0 40 46 45 44 42 
17 0 16 14 13 0 0 0 24 20 0 0 0 0 0 6 0 10 0 11 0 38 0 0 0 34 0 0 28 0 0 0 0 0 30 0 44 0 0 0 0 0 0 48 47 0 0 2 0 
0 39 0 0 0 33 36 43 45 0 46 0 0 0 0 0 0 0 0 0 26 0 0 0 9 0 7 0 0 3 0 0 0 0 2 0 16 0 0 0 17 0 22 0 19 0 24 23 0 
31 0 30 0 0 26 29 36 0 0 0 0 0 0 21 0 23 24 0 0 0 0 47 1 0 48 49 0 42 45 0 0 0 40 0 0 0 0 11 7 0 8 0 0 0 0 17 0 14 
45 0 0 0 0 0 0 0 3 0 0 2 49 0 0 34 0 0 0 39 33 17 0 0 16 13 0 18 7 10 11 8 6 0 9 0 0 0 25 0 24 0 29 27 0 32 0 0 0 
32 0 0 0 28 27 0 0 0 0 0 38 0 0 0 21 24 0 23 26 20 4 0 0 0 0 0 5 43 0 47 0 42 0 0 7 10 0 12 8 0 9 0 0 13 0 0 17 0 
0 5 3 0 49 48 2 0 0 0 0 10 8 6 0 0 0 46 44 0 41 25 20 0 24 21 0 0 15 0 0 0 0 0 17 28 0 0 33 0 0 0 37 35 0 40 39 0 0 
0 0 0 0 0 0 0 0 18 0 19 17 0 0 1 0 3 0 0 0 0 0 27 30 0 0 0 33 22 0 0 23 0 0 0 35 38 0 0 0 0 0 0 0 0 47 46 45 43 
0 0 38 0 0 0 0 44 0 42 0 0 0 0 0 28 31 0 30 33 27 11 0 9 0 0 0 0 1 4 5 0 0 0 3 14 0 0 0 15 0 0 0 0 0 26 25 0 0 
0 0 45 43 0 0 0 2 0 0 0 3 0 0 36 0 0 39 0 0 0 18 0 0 17 0 0 19 0 11 0 9 0 0 0 21 0 20 0 0 25 0 0 28 0 0 0 0 0 
0 0 0 0 14 13 0 23 0 0 0 0 22 20 8 7 0 0 9 0 6 0 0 0 38 0 36 0 0 0 33 30 28 0 0 0 0 0 0 0 0 0 2 0 48 5 0 0 1 
0 0 24 0 0 20 0 0 32 0 0 0 29 0 0 0 17 0 0 19 13 0 41 0 0 0 43 0 36 0 40 0 35 0 0 0 0 0 0 0 0 0 0 0 0 12 0 0 0 
42 0 41 0 0 37 0 47 49 0 1 0 0 44 0 31 0 35 33 36 0 0 9 12 0 10 11 0 0 0 8 5 0 2 6 0 20 16 0 0 21 0 0 0 23 29 0 27 0 
0 0 27 0 0 0 0 0 0 31 0 0 0 0 0 0 0 21 0 0 16 49 44 47 0 45 46 1 0 0 43 0 0 37 0 3 0 0 8 0 7 5 12 10 9 0 0 0 0 
14 0 13 11 0 9 0 0 0 0 22 20 18 0 0 0 0 7 0 0 0 0 30 33 0 31 32 0 0 0 0 0 0 0 27 0 41 37 0 0 0 40 47 0 0 0 0 48 46 
0 0 0 0 0 0 0 0 14 0 0 0 11 9 46 0 48 0 47 1 44 28 0 0 27 24 0 0 18 21 0 0 17 0 0 0 0 0 0 32 0 33 0 0 0 0 0 0 0 
35 0 34 32 0 0 0 0 42 38 0 0 0 0 25 0 27 0 26 0 23 0 0 5 0 3 4 0 46 49 1 0 45 0 0 0 0 9 0 0 0 12 0 0 0 22 0 20 18 
0 0 0 0 17 0 19 0 0 24 0 0 0 23 0 0 13 0 0 0 0 0 37 0 0 0 0 43 32 0 36 0 31 0 0 0 48 44 1 46 0 0 5 0 2 8 0 0 0 
49 1 0 0 45 0 47 0 0 3 0 0 4 2 0 38 0 42 0 0 0 0 0 0 20 0 18 0 0 0 0 0 0 0 0 0 0 0 0 25 0 0 0 31 0 36 0 0 32 
