7
12 14 0 15 13 0 10 0 0 0 35 32 34 0 0 0 0 1 0 45 46 20 17 0 16 19 21 0 0 38 37 0 39 41 0 25 0 0 24 27 0 0 0 0 0 0 2 0 6 
0 0 25 0 0 0 24 0 0 44 49 0 0 45 9 0 0 0 0 10 0 0 31 0 30 33 35 32 0 3 0 5 4 0 0 39 0 0 0 0 0 0 18 22 21 0 0 19 0 
0 0 18 22 0 0 0 43 0 0 0 39 41 0 0 0 0 8 0 0 4 27 24 29 0 0 28 0 49 0 0 0 0 0 0 32 0 0 0 0 30 0 0 15 14 0 0 0 13 
0 0 0 0 0 30 31 0 0 0 7 4 0 0 0 0 20 0 21 17 0 41 0 43 0 40 0 0 0 0 0 12 0 13 15 46 0 47 45 48 0 0 0 0 0 24 0 0 0 
47 49 0 1 0 44 0 0 0 16 21 0 0 17 0 0 0 0 35 0 0 0 0 0 0 5 0 0 0 0 23 26 25 0 0 11 0 0 10 13 0 15 0 0 0 0 0 0 41 
5 7 4 8 0 0 3 29 26 23 28 0 0 24 0 40 41 0 0 0 0 0 10 15 0 0 14 0 0 0 0 33 32 0 0 0 0 0 0 20 16 0 46 0 0 0 0 0 48 
0 0 0 43 41 0 0 15 0 0 14 0 0 10 0 26 27 0 28 24 25 0 45 0 0 47 49 0 21 0 0 0 0 0 0 0 0 0 0 6 0 8 32 0 0 0 0 33 0 
17 0 16 0 0 0 15 0 38 35 40 0 39 0 0 3 4 0 0 0 0 0 22 0 0 24 0 0 0 43 42 0 44 46 0 30 33 0 29 0 28 34 0 13 0 8 7 10 0 
0 0 0 41 39 35 0 13 0 0 0 0 0 8 21 0 0 0 26 0 0 46 43 0 0 0 0 44 19 15 0 0 0 18 0 2 0 0 0 4 49 0 0 34 0 0 0 0 0 
0 0 23 0 0 21 0 0 45 42 47 44 0 43 0 10 11 13 12 0 0 32 0 0 0 31 33 0 5 1 49 0 0 0 6 37 0 38 0 39 35 0 16 0 0 0 0 0 0 
0 0 2 0 0 49 0 27 0 0 26 23 25 22 0 0 0 41 0 36 0 11 8 0 7 0 12 0 0 0 0 0 0 0 0 16 19 0 0 18 14 0 44 48 47 43 42 0 0 
0 47 44 0 46 0 43 0 17 14 19 16 0 0 0 0 0 0 33 0 0 0 0 0 0 0 5 2 0 0 21 0 23 25 0 0 12 10 0 0 0 13 0 41 40 0 35 0 0 
0 33 0 0 32 0 0 0 0 0 0 2 0 0 0 17 18 20 0 15 16 39 36 0 0 0 40 0 0 0 0 10 0 11 0 44 0 0 0 46 42 0 0 27 0 0 21 0 25 
10 12 0 13 0 7 8 34 0 0 0 0 32 0 0 45 0 0 0 43 0 0 15 0 14 17 0 0 40 0 0 0 0 39 41 23 0 0 22 0 0 27 0 0 5 0 0 0 4 
0 0 0 0 0 0 26 0 49 0 2 48 1 47 11 0 0 17 0 0 13 0 0 0 0 35 37 34 0 5 4 0 0 0 0 41 44 0 40 0 0 0 20 0 0 19 18 0 0 
0 0 0 38 0 0 33 10 7 4 0 6 8 5 0 21 0 0 0 0 0 43 40 0 0 0 0 0 0 12 11 14 13 15 0 48 0 0 47 0 0 0 0 0 30 0 0 28 29 
0 0 0 0 1 46 0 0 0 18 0 0 0 0 32 0 0 0 37 33 34 8 0 0 0 7 0 6 0 0 25 0 0 0 31 0 0 14 12 15 0 0 41 45 0 40 0 0 43 
42 44 41 0 0 0 40 17 0 0 16 0 0 12 0 0 29 0 0 26 27 0 47 3 0 49 0 0 23 0 0 0 20 22 0 0 0 0 0 0 4 0 0 0 0 0 32 35 36 
21 0 20 0 0 0 19 45 42 39 44 0 0 0 0 0 8 10 9 0 6 0 26 31 25 28 0 0 0 0 0 0 0 0 3 0 0 0 0 36 32 0 13 0 0 0 0 14 15 
0 0 0 10 8 0 0 0 0 25 0 0 29 0 39 0 43 0 0 40 41 0 0 17 0 14 0 13 37 0 0 35 0 36 0 0 23 0 0 0 18 24 0 3 0 47 46 0 0 
0 16 0 17 0 0 0 38 0 0 0 34 0 0 0 0 0 3 0 47 0 0 19 0 0 21 23 0 0 40 39 0 0 43 45 0 0 28 0 29 25 0 0 0 9 0 4 7 8 
44 0 43 47 0 0 0 19 16 0 0 0 0 14 0 0 31 0 0 28 29 3 0 0 0 2 4 1 0 21 0 0 0 24 0 0 11 0 0 10 0 0 36 40 0 0 0 0 0 
0 11 8 12 0 0 7 33 0 0 32 29 31 28 0 0 45 0 46 0 43 17 0 0 0 0 18 15 0 0 34 37 36 38 0 0 0 23 21 24 0 26 0 0 0 49 0 0 0 
16 18 15 0 0 13 14 40 0 34 39 0 38 35 0 0 3 5 0 0 1 0 0 26 20 23 0 0 46 42 0 0 0 0 0 0 32 0 0 31 0 0 8 0 11 0 6 9 10 
0 0 36 40 0 0 0 0 9 0 11 8 10 0 20 0 0 26 25 21 0 0 0 0 0 44 46 0 18 0 13 16 0 0 19 0 4 2 0 3 0 0 29 33 32 28 0 30 0 
0 0 0 5 0 0 0 26 0 20 25 22 24 0 34 0 0 40 39 35 36 0 0 12 0 9 11 0 0 0 27 30 29 0 0 0 0 16 14 0 0 19 0 47 46 0 41 0 45 
0 0 0 33 0 0 28 0 2 0 0 0 0 0 13 0 0 0 0 14 0 38 0 40 0 37 0 36 11 0 0 0 0 0 0 0 0 44 42 0 0 0 0 26 25 0 0 23 0 
0 0 0 26 0 0 0 0 44 41 0 0 0 42 6 0 0 0 0 7 8 31 0 0 27 0 0 29 0 0 0 0 0 3 0 0 0 0 35 38 34 0 0 0 18 0 13 16 0 
0 0 0 44 42 0 0 0 13 0 15 0 0 11 0 0 28 30 0 0 0 49 0 0 0 0 1 47 0 18 17 0 0 0 0 5 0 0 0 0 3 9 33 0 0 32 0 0 35 
0 0 19 23 21 17 0 0 0 38 0 40 0 0 0 6 0 0 0 0 5 28 0 0 0 27 0 0 1 0 0 0 0 0 0 33 0 0 32 0 31 37 12 0 15 11 10 0 14 
34 0 0 37 0 31 32 0 0 3 8 5 0 0 17 0 0 23 0 18 19 42 0 44 38 41 0 0 0 0 10 0 0 0 16 0 0 0 0 49 0 0 26 30 0 25 0 27 28 
27 29 0 0 0 0 0 2 0 45 1 47 49 0 10 0 14 16 0 0 0 0 0 0 0 34 36 33 0 4 0 6 5 0 9 40 43 0 0 0 0 0 19 0 22 18 0 20 21 
13 0 12 0 0 10 11 0 0 31 0 33 35 32 0 48 0 0 0 46 47 0 0 0 17 0 22 0 0 39 0 0 0 0 44 0 29 0 0 0 0 0 0 9 0 4 0 6 0 
0 0 47 2 49 0 0 0 20 17 0 19 0 0 0 34 35 0 0 0 33 0 0 0 0 0 8 5 0 0 0 27 0 0 30 12 15 13 11 0 10 0 40 0 0 0 0 41 42 
6 8 0 0 7 0 0 0 0 0 29 26 0 25 38 41 42 0 43 0 40 14 0 16 10 0 0 0 36 0 31 0 0 0 0 0 22 0 18 0 0 0 0 0 0 46 45 0 0 
8 0 0 11 9 5 0 0 0 0 31 0 0 0 40 43 0 46 0 41 0 0 0 18 0 15 0 0 0 0 0 0 0 0 39 0 24 22 20 23 0 0 49 0 0 0 0 1 0 
15 0 14 18 0 0 0 0 0 0 0 0 0 0 0 0 2 4 0 0 49 0 0 0 19 0 0 21 0 0 0 0 0 44 0 0 31 0 27 30 0 0 7 0 0 0 5 8 0 
22 24 21 25 23 0 0 0 43 0 0 0 0 41 5 0 9 0 0 0 0 30 27 0 0 29 0 0 0 0 47 0 49 2 0 0 0 0 34 37 0 0 0 18 0 0 0 15 16 
0 3 0 4 0 0 0 0 22 0 0 21 23 0 0 0 37 0 0 34 0 0 0 0 5 0 10 7 0 0 0 0 28 0 0 0 17 15 13 0 0 18 42 0 0 41 40 43 44 
43 45 0 0 0 40 0 0 0 12 17 0 0 0 26 0 0 32 0 0 0 0 0 4 0 1 0 0 24 0 0 22 0 0 25 7 10 8 0 0 5 11 0 0 0 0 33 0 0 
0 0 28 0 30 26 27 0 0 0 3 0 0 0 0 0 0 0 17 13 0 0 34 39 33 36 0 0 10 6 5 0 0 9 0 42 45 0 41 44 0 0 21 0 0 20 19 0 0 
0 0 35 0 0 0 0 0 0 0 0 7 9 0 0 0 23 25 0 20 21 44 0 0 0 43 0 0 0 0 12 0 0 16 18 0 0 1 48 2 0 4 0 0 0 27 0 0 0 
0 0 0 28 0 0 0 0 0 0 0 0 0 44 0 11 0 0 13 0 10 33 30 0 0 0 34 31 6 0 0 0 0 5 0 38 0 39 0 40 36 42 17 0 20 0 0 18 0 
46 48 45 0 0 0 44 0 18 0 0 17 0 16 0 32 0 0 0 0 0 0 0 0 0 0 0 3 27 0 22 25 24 26 0 10 0 11 9 12 8 14 38 0 0 37 36 0 0 
0 0 10 0 12 0 0 35 32 0 0 31 33 0 43 0 47 0 0 0 0 19 16 21 15 0 0 17 0 0 0 0 38 0 42 24 0 25 0 26 22 0 0 7 6 0 0 0 0 
0 41 0 0 40 0 37 14 0 8 0 0 0 0 0 0 0 0 0 0 24 47 0 0 0 46 48 45 0 0 0 18 17 0 21 0 6 0 0 0 1 0 31 0 0 0 0 0 33 
0 34 0 0 0 29 0 0 0 1 0 3 0 0 15 18 0 21 0 16 0 40 37 42 0 39 0 38 13 0 0 11 10 12 14 0 48 46 0 47 43 49 24 0 0 0 22 25 26 
0 6 3 0 0 0 0 28 25 0 27 0 26 23 0 39 40 42 0 37 0 0 9 0 0 0 13 0 34 30 0 32 0 33 0 0 0 0 0 19 0 0 45 49 0 0 0 46 0 
18 20 0 0 19 15 16 0 39 0 0 0 40 37 0 4 0 0 6 0 0 26 0 0 0 25 27 0 48 0 0 0 45 0 0 31 0 32 0 33 29 35 0 0 0 0 8 11 12 
