7
38 35 0 0 0 0 34 33 0 0 29 28 0 0 14 0 0 0 0 0 0 0 0 46 45 0 0 0 26 23 21 0 24 0 0 6 10 0 0 12 9 8 0 2 1 49 5 0 3 
0 0 0 0 0 0 0 5 48 0 0 0 0 3 0 0 0 37 39 34 0 0 0 0 17 0 0 16 0 0 42 43 0 0 46 0 31 0 0 33 0 0 20 0 22 0 0 0 0 
31 28 0 0 32 0 0 0 0 0 0 21 0 24 7 10 12 0 0 0 0 0 0 0 0 0 36 0 0 16 0 0 0 13 0 0 3 4 49 5 2 0 0 0 0 42 0 0 45 
0 0 43 0 46 0 0 40 0 39 36 0 37 0 21 0 0 0 0 0 0 0 49 4 0 0 0 0 0 30 28 29 0 27 0 13 17 0 14 19 0 15 6 0 0 0 0 11 0 
0 14 0 0 18 19 0 0 6 11 0 0 0 0 42 0 47 0 0 41 43 20 0 25 0 26 0 23 0 0 49 0 0 0 4 0 0 0 0 0 0 0 27 0 0 0 0 32 31 
0 0 0 2 4 5 48 0 0 0 0 0 44 0 0 0 0 0 0 27 0 0 0 11 0 12 0 0 0 0 0 36 38 0 0 0 24 0 0 0 0 0 0 16 0 0 19 18 17 
0 21 0 0 0 0 20 19 13 0 0 0 0 0 49 0 5 0 0 48 1 0 0 32 0 0 0 0 0 9 0 0 0 0 0 0 0 0 42 0 0 43 0 37 0 0 40 0 38 
18 15 0 0 19 0 0 0 0 12 9 0 0 11 0 0 0 45 47 0 44 21 22 0 25 0 0 0 0 0 0 2 0 49 0 0 39 0 0 0 38 37 28 0 30 0 0 33 0 
0 0 0 0 12 13 7 0 0 0 2 0 0 0 36 39 0 38 0 0 0 0 0 19 0 0 16 17 48 45 0 44 0 42 47 0 32 0 0 0 31 0 0 0 23 0 0 0 0 
0 0 44 45 47 0 0 0 0 40 37 36 0 39 22 0 0 24 0 21 0 49 0 0 4 0 0 0 34 0 0 30 0 28 0 0 18 19 0 0 0 0 0 0 0 0 0 0 11 
0 0 30 0 0 0 28 27 0 0 0 0 0 25 0 11 13 0 0 0 0 0 36 40 0 0 37 38 0 17 15 0 0 0 0 49 0 0 0 0 0 2 0 0 0 0 0 0 0 
0 36 37 0 0 0 35 34 0 33 0 0 0 0 0 0 0 17 0 0 0 42 43 0 0 48 0 0 27 24 0 0 0 0 0 7 11 0 0 13 0 9 0 0 0 0 0 0 0 
0 0 0 24 0 27 0 0 0 19 0 0 0 0 1 4 6 0 5 0 0 0 29 33 0 0 30 31 0 0 8 0 0 7 12 0 0 0 0 48 45 0 35 38 0 36 41 40 0 
0 0 2 0 0 6 49 0 0 0 0 0 0 46 0 0 0 31 33 0 0 7 8 0 0 0 9 0 0 38 36 0 0 0 40 0 0 0 22 27 0 23 0 0 16 15 20 19 0 
0 0 0 0 0 0 10 0 0 0 5 0 6 7 39 42 0 41 0 0 40 0 18 22 21 0 0 0 0 48 46 0 0 45 0 31 0 0 32 0 0 0 0 27 0 0 0 29 28 
42 39 0 0 0 0 38 0 0 0 33 32 0 35 0 21 23 0 0 17 0 45 0 1 0 2 0 0 0 27 25 0 28 0 0 0 0 0 0 0 0 0 3 0 0 0 0 8 7 
21 0 19 20 0 23 17 0 0 15 0 11 0 14 0 0 2 48 1 45 0 0 25 29 28 30 0 0 0 0 4 0 7 0 8 0 0 43 0 0 41 0 0 0 0 0 37 36 0 
28 0 0 27 29 0 24 23 17 0 19 18 20 0 0 7 0 6 0 0 0 0 0 36 35 37 0 34 16 0 11 0 0 10 15 45 0 1 0 0 0 47 38 0 0 0 0 0 0 
0 0 47 0 0 0 0 0 38 43 0 0 41 42 25 0 30 27 0 24 26 3 4 0 0 0 5 0 0 0 32 33 35 0 0 17 0 0 0 23 20 19 0 0 0 0 0 15 14 
0 32 33 0 0 37 31 0 0 29 26 25 0 28 0 0 0 13 0 0 12 0 39 0 0 44 40 0 23 0 18 19 0 0 22 3 7 8 4 9 6 0 0 0 0 46 2 0 0 
7 0 5 0 8 0 3 2 0 0 0 0 48 0 0 35 0 34 0 31 0 0 0 15 0 0 12 0 0 41 39 40 0 0 43 0 28 29 0 0 0 0 0 20 0 0 0 22 21 
27 0 25 26 28 29 23 22 0 0 0 0 0 20 0 0 8 0 7 0 0 0 31 35 34 0 0 33 0 0 0 11 0 9 14 44 0 49 0 0 0 0 0 0 0 38 0 0 41 
0 31 0 0 0 0 0 29 0 0 25 24 26 0 0 0 15 12 0 0 0 37 0 0 0 0 39 0 0 19 0 0 0 16 0 2 0 7 3 0 0 0 44 47 0 0 0 0 0 
20 0 0 0 0 0 16 0 9 0 0 10 12 0 0 0 1 47 0 44 0 0 0 0 0 0 0 0 8 5 0 0 0 0 0 0 0 42 0 0 0 0 0 33 0 0 0 35 34 
6 3 0 5 7 8 2 1 0 49 0 0 47 48 31 0 36 33 35 30 0 0 10 0 0 0 0 0 0 0 0 0 41 0 0 0 0 0 0 29 26 25 16 19 0 0 0 0 0 
0 0 0 47 0 0 0 43 0 42 39 0 0 41 24 0 29 0 28 0 0 2 0 0 0 0 4 5 0 0 31 0 0 0 35 0 0 21 0 22 0 0 0 0 0 10 15 0 0 
0 10 0 12 0 15 9 0 2 0 0 0 0 6 0 0 43 0 42 0 0 0 0 21 20 22 0 19 0 47 45 0 0 44 0 30 0 35 0 0 33 0 0 0 0 0 0 28 0 
0 38 0 0 0 0 0 36 30 35 32 31 0 0 0 0 0 0 21 16 18 0 0 0 0 0 46 47 29 26 24 25 0 0 28 9 0 14 0 15 12 0 0 0 4 0 0 7 0 
0 0 0 1 0 0 0 0 0 45 42 41 0 0 0 30 32 29 0 26 28 5 6 0 0 11 0 0 39 0 0 0 0 33 0 19 0 24 0 25 22 0 12 0 14 13 18 17 0 
0 34 35 36 38 0 0 32 0 0 0 0 0 0 13 0 18 0 0 0 0 0 41 0 0 0 0 0 0 0 0 21 0 19 0 0 0 10 0 11 8 7 0 0 0 0 4 0 0 
0 0 0 0 0 32 26 25 19 0 0 20 0 0 6 9 11 8 0 5 7 33 0 0 0 39 0 36 0 0 0 0 0 0 0 47 2 0 48 4 0 49 0 43 42 0 46 0 0 
0 6 7 8 0 0 5 0 0 0 0 0 0 0 0 0 0 36 38 0 35 12 13 0 0 0 14 0 46 0 0 42 0 40 0 0 30 0 27 0 29 0 0 22 0 0 0 24 0 
44 0 0 0 0 46 40 0 0 38 0 0 0 0 20 0 0 22 24 19 21 47 0 0 0 0 49 1 32 0 27 28 30 0 31 0 16 0 13 18 15 14 5 0 0 0 11 10 0 
0 20 21 0 24 0 19 0 0 0 14 0 0 16 0 0 0 1 3 0 49 26 27 0 0 0 28 29 0 0 0 0 0 0 0 0 0 45 0 0 0 42 33 0 35 0 0 38 37 
0 0 0 15 17 18 0 0 5 0 7 0 8 9 41 44 46 0 45 0 0 19 0 24 23 25 21 0 4 0 0 49 0 0 0 0 37 0 0 0 0 0 0 0 28 0 0 31 0 
0 47 0 0 0 0 0 0 0 0 0 0 0 0 0 0 0 0 30 25 0 0 5 9 0 10 0 0 0 0 33 0 36 0 37 18 22 23 19 24 0 0 0 0 13 12 0 0 15 
8 5 6 0 0 10 4 0 46 2 48 0 0 1 33 36 0 35 0 0 34 11 12 0 0 0 13 0 0 0 40 0 43 39 44 25 29 0 26 0 0 27 18 21 20 19 24 0 0 
0 33 0 0 0 0 0 0 25 0 27 0 0 0 0 0 0 0 0 11 13 0 40 44 0 45 0 0 24 0 0 20 22 0 0 0 8 0 0 10 7 0 46 0 0 0 0 2 1 
0 19 20 21 0 0 18 17 0 0 0 0 0 0 0 1 3 0 0 46 48 0 26 30 29 0 27 0 0 0 0 6 8 0 0 0 0 44 40 0 0 41 32 35 0 33 0 37 36 
29 26 0 0 30 0 25 0 0 0 20 19 0 0 0 0 10 0 0 4 0 32 0 37 0 0 34 0 0 14 0 0 0 0 0 0 0 2 0 0 0 48 0 0 41 0 45 0 43 
0 0 0 0 0 17 0 0 4 0 6 5 0 0 0 0 0 0 44 39 0 18 0 23 0 0 0 21 3 0 0 0 1 0 0 0 36 0 33 0 35 0 25 28 0 0 31 30 29 
0 0 0 0 0 45 0 0 0 0 0 0 0 0 0 0 0 21 0 0 0 46 0 2 0 0 0 0 31 0 26 0 29 25 30 0 0 16 12 17 0 0 0 0 0 0 10 0 8 
33 0 0 0 34 35 0 28 22 0 0 0 0 26 0 0 0 0 0 0 0 0 0 0 0 42 38 0 0 0 0 17 0 0 0 0 0 6 0 0 0 0 43 0 45 44 0 48 0 
0 44 45 46 0 49 43 0 0 41 0 0 0 0 0 26 28 25 0 0 0 0 0 6 0 7 0 0 0 0 0 0 33 0 34 15 19 0 16 0 0 17 0 11 0 0 14 0 0 
0 0 38 39 0 0 36 0 0 0 31 30 32 33 0 0 21 0 0 0 0 43 44 0 0 0 45 0 0 0 0 24 0 0 0 0 0 13 0 0 0 0 0 0 3 2 0 0 5 
0 2 3 0 6 7 1 49 0 0 0 0 0 0 0 0 35 32 0 0 0 0 0 0 12 0 10 11 0 39 0 0 0 36 0 0 26 27 0 0 0 0 15 0 17 0 0 0 0 
0 0 0 18 20 21 15 0 8 0 0 0 0 12 44 0 49 0 48 43 0 22 23 0 26 0 24 0 0 0 0 0 0 0 0 36 0 41 0 0 0 0 29 32 0 0 35 34 0 
0 9 10 11 0 0 0 0 0 0 0 2 4 5 0 0 42 0 41 0 38 0 16 20 19 21 0 18 0 46 44 0 47 43 0 0 33 0 0 35 0 0 0 0 24 0 28 0 0 
26 0 0 25 0 0 0 21 0 0 0 0 0 0 2 5 0 4 0 0 3 0 0 34 0 35 31 0 14 11 9 0 0 8 13 43 0 0 0 0 0 45 0 39 0 37 0 0 0 
