7
0 35 40 0 0 0 37 12 7 11 13 10 8 0 6 0 5 0 4 0 2 14 15 0 17 0 0 16 34 0 29 33 0 31 0 44 0 42 0 0 0 0 22 26 0 0 23 25 0 
0 0 0 6 4 3 0 26 21 0 27 0 22 23 0 14 0 15 18 17 16 0 0 0 31 32 0 30 0 46 0 0 0 0 0 9 0 0 0 0 0 0 0 0 0 38 0 0 0 
15 0 19 20 18 17 0 0 0 0 41 38 0 0 0 0 0 0 32 31 0 0 43 0 0 0 48 0 0 0 8 0 0 0 0 0 0 0 24 0 0 0 0 0 6 0 2 4 49 
29 0 0 0 32 31 0 0 49 4 0 0 0 0 0 0 47 0 0 0 0 0 8 12 10 0 0 0 0 25 22 0 0 0 0 37 0 0 0 0 0 0 15 19 0 17 0 18 0 
8 0 0 13 0 0 0 0 0 32 0 0 29 0 27 0 0 0 25 0 23 0 36 0 38 0 0 37 6 4 1 0 0 3 0 16 19 14 17 0 0 0 0 0 48 0 0 0 42 
0 0 47 48 0 45 0 0 0 0 0 0 0 16 0 7 12 8 11 0 9 21 0 0 0 25 0 0 41 0 36 0 0 0 0 2 0 0 0 0 0 0 29 33 0 0 0 32 0 
0 21 26 27 25 24 23 47 42 46 48 45 43 0 0 0 0 36 0 38 37 49 0 5 0 0 0 0 20 0 0 0 0 0 0 0 0 28 31 0 0 0 8 0 13 10 0 0 0 
0 0 0 49 0 0 45 20 0 0 0 0 0 17 0 0 13 9 12 0 0 0 0 27 0 26 28 24 0 0 0 0 36 0 38 3 6 1 4 0 7 0 0 0 0 0 0 0 29 
0 8 13 14 0 0 0 0 0 33 35 32 30 0 0 0 27 0 0 0 0 0 37 41 0 0 0 0 0 0 2 6 0 4 0 17 0 0 0 19 0 0 0 48 49 0 45 47 0 
0 36 0 42 40 0 0 0 0 12 0 11 0 0 7 0 0 0 0 0 0 0 0 0 0 0 0 17 0 0 30 34 0 0 0 0 0 0 0 0 49 0 0 0 0 0 24 0 22 
2 0 0 7 0 4 0 0 0 26 28 0 23 0 0 15 0 0 0 0 0 0 0 0 32 33 0 0 49 47 0 0 43 46 45 10 13 0 0 12 14 9 0 0 42 39 0 0 36 
16 0 0 21 0 0 17 0 0 40 42 0 0 0 35 0 34 0 33 0 0 43 0 0 0 47 49 0 0 0 9 0 0 11 0 24 27 0 0 26 28 23 0 0 0 4 3 5 0 
0 22 27 0 0 0 0 0 0 0 0 0 44 0 42 36 41 0 0 0 0 0 2 0 0 0 0 0 21 0 0 20 0 18 0 0 0 29 0 33 0 0 0 0 0 11 10 12 8 
30 0 0 35 0 32 0 0 1 5 0 0 0 3 49 43 48 0 47 0 0 8 9 13 0 0 14 0 0 26 0 0 0 0 0 0 41 36 39 0 42 0 16 20 0 0 0 0 15 
0 18 0 24 22 21 20 0 39 0 0 0 0 41 0 0 0 33 0 35 0 46 0 2 49 0 3 0 0 0 12 16 0 0 0 27 30 25 28 29 31 26 0 9 0 7 0 8 4 
0 0 37 38 0 0 0 9 4 8 0 7 5 6 3 0 0 0 1 0 48 0 0 0 0 15 17 0 31 0 0 0 0 28 0 0 0 39 42 0 0 0 0 0 24 21 20 22 18 
0 0 0 0 0 28 0 0 0 1 0 0 0 0 0 0 0 0 0 0 41 0 0 0 7 0 10 6 24 22 19 0 18 21 20 34 0 0 0 36 0 33 12 0 0 0 13 0 11 
40 39 0 45 0 0 41 0 0 15 17 0 12 0 0 0 0 0 0 0 0 18 19 0 21 22 24 20 0 0 33 0 0 0 0 0 2 0 0 0 3 47 0 30 0 28 0 0 25 
47 0 0 0 0 49 48 0 18 22 0 21 0 0 17 0 0 0 15 14 0 0 0 30 0 29 31 27 0 43 0 44 0 0 0 6 0 4 7 8 0 5 0 37 0 0 0 0 0 
5 0 9 0 8 0 6 0 25 0 31 28 0 27 24 0 23 0 0 21 0 0 33 37 0 0 38 0 0 0 47 0 0 0 0 13 0 0 14 15 0 0 40 44 45 0 0 0 39 
12 0 16 17 15 0 0 0 0 0 0 35 33 34 0 25 0 26 0 28 0 0 0 0 42 0 45 41 0 0 0 0 0 7 0 0 0 18 0 0 0 0 47 0 3 49 48 0 0 
18 0 22 23 0 20 0 0 0 42 44 41 0 0 37 0 36 32 0 34 0 45 46 0 0 49 2 0 16 0 11 15 0 0 0 26 0 24 0 28 30 0 4 0 0 0 0 0 3 
25 0 29 30 28 27 0 0 0 49 0 48 0 0 44 38 0 39 0 0 0 0 4 0 6 0 0 0 0 0 0 22 17 0 19 0 0 0 0 35 0 32 0 0 16 13 12 14 0 
0 31 36 37 35 34 33 0 0 0 9 0 4 0 0 0 1 46 49 0 47 10 11 0 13 0 16 0 0 0 25 0 24 27 0 40 0 38 0 0 44 39 18 22 23 20 0 0 0 
46 45 0 2 49 0 0 0 17 0 23 20 18 0 16 0 15 0 14 0 0 24 0 0 0 28 30 0 0 0 39 0 38 41 40 5 0 3 6 0 9 4 32 0 0 0 33 0 31 
39 38 0 44 0 41 0 0 0 0 16 0 0 12 9 3 0 0 7 6 0 0 0 0 20 0 0 19 0 0 0 36 0 34 33 0 1 0 0 49 2 46 0 0 30 27 26 28 0 
0 3 0 0 7 0 5 29 0 0 30 0 25 0 0 0 0 0 0 0 0 0 0 36 34 0 37 0 0 0 0 0 45 48 0 0 15 10 0 0 0 0 39 43 0 41 40 0 0 
11 0 0 16 0 13 12 0 0 35 37 34 32 0 0 0 29 25 0 27 26 38 39 0 0 42 0 0 9 0 0 0 3 0 0 0 0 0 0 21 0 0 0 0 2 0 47 0 0 
0 0 3 4 2 1 0 24 19 23 25 0 20 0 0 0 0 0 0 15 14 0 27 31 0 30 32 0 46 0 0 0 0 0 42 0 10 0 0 9 11 6 0 38 0 0 0 0 0 
34 0 0 0 0 36 0 10 5 9 0 0 6 0 4 0 3 48 0 1 49 0 0 17 0 16 0 14 0 30 27 0 26 29 0 0 0 40 0 0 46 0 20 0 25 0 0 0 0 
0 12 0 18 16 15 14 0 33 0 0 0 0 0 0 0 0 27 0 29 0 0 0 0 0 44 46 0 0 9 0 0 5 8 0 21 0 0 0 0 25 20 48 3 4 0 0 0 0 
0 0 0 0 0 22 0 0 0 44 0 0 0 42 39 33 38 34 37 36 35 47 48 0 0 0 0 0 18 0 0 17 12 0 0 28 0 26 29 0 32 27 0 10 11 8 7 9 5 
41 40 45 0 44 43 42 17 12 16 18 0 0 14 11 0 0 0 9 0 0 19 0 0 0 0 25 21 39 0 0 0 0 36 35 0 0 47 0 2 0 48 0 31 0 0 0 30 0 
0 26 0 0 0 0 28 0 0 0 4 0 48 0 0 40 0 41 0 0 42 0 0 0 8 9 11 0 0 0 0 0 19 0 21 0 0 0 36 37 0 0 0 17 18 15 0 16 12 
0 5 10 11 9 8 0 0 0 0 0 29 27 28 0 0 24 0 0 0 0 33 0 0 0 0 39 0 0 2 0 0 0 0 0 0 0 12 0 0 0 0 0 0 46 43 0 44 0 
0 0 25 26 0 0 0 46 0 0 0 44 0 0 40 0 0 0 0 0 0 0 0 0 2 0 5 0 19 0 0 0 13 16 15 0 0 0 0 31 33 28 7 0 0 9 8 0 6 
0 27 32 0 0 30 0 0 0 0 0 0 49 0 47 41 0 42 45 44 0 6 7 0 0 0 12 0 26 0 0 25 0 23 0 0 39 0 0 0 0 0 0 0 0 16 0 0 0 
0 0 0 0 0 9 8 0 27 31 33 0 28 0 26 0 0 0 0 23 0 34 0 0 0 38 40 36 0 3 0 0 48 2 0 0 0 13 0 0 19 0 42 0 0 44 0 45 0 
0 48 0 0 3 0 0 25 0 0 26 0 0 22 19 13 18 0 0 0 0 0 0 32 30 31 0 0 0 45 0 0 0 0 0 0 0 0 0 0 0 0 35 39 0 0 0 38 34 
35 0 0 0 0 0 36 11 6 0 12 9 7 0 0 48 4 0 3 0 0 0 0 0 16 0 0 15 0 0 0 0 27 30 0 0 0 0 0 0 0 42 21 0 0 0 0 0 20 
0 0 0 0 45 44 0 18 0 17 19 0 14 15 0 6 0 7 10 0 8 0 0 0 0 24 26 0 0 0 0 39 0 37 36 1 4 0 0 0 0 0 0 32 0 0 29 0 0 
0 0 18 19 0 16 15 39 0 38 0 37 35 0 0 27 0 0 0 0 29 0 0 46 0 45 0 0 12 0 0 0 0 0 0 22 25 0 23 0 26 21 49 4 5 2 0 0 48 
31 0 0 0 0 33 0 0 0 0 8 0 0 0 0 44 0 0 48 47 0 9 10 0 12 0 0 11 29 0 0 28 0 0 0 39 0 0 40 41 43 38 0 0 0 0 18 0 16 
0 0 0 15 0 0 11 35 0 0 0 0 31 32 0 0 28 24 27 0 0 0 38 0 0 0 0 0 0 0 0 7 0 0 4 0 0 0 0 20 0 17 45 0 1 47 0 48 44 
0 0 0 0 0 26 0 49 0 0 0 0 0 0 43 37 0 0 41 40 0 2 3 7 5 0 8 4 22 0 0 21 16 19 0 0 35 0 33 0 36 0 10 0 0 0 11 13 9 
45 44 49 0 0 0 46 21 16 20 22 19 17 0 0 9 0 0 13 0 0 0 0 28 0 0 0 0 43 0 0 0 0 0 39 4 0 0 5 0 8 0 0 35 0 0 0 0 30 
0 0 7 0 0 5 4 0 23 0 29 26 0 25 0 0 21 0 0 19 18 30 0 0 33 0 36 32 1 0 45 0 0 0 46 11 14 9 12 13 0 0 38 0 0 0 0 41 37 
0 16 0 0 0 0 0 0 37 0 0 40 38 39 0 0 35 31 34 0 32 0 45 49 0 48 1 0 0 13 0 14 0 0 11 0 28 0 26 0 0 24 0 0 0 0 0 0 0 
38 37 0 43 0 40 0 0 9 13 0 12 0 11 8 0 7 0 6 5 4 0 17 0 19 0 22 18 36 34 0 0 0 33 32 46 49 44 0 0 0 0 0 0 0 26 25 0 0 
