7
5 0 0 0 0 0 0 0 0 26 31 0 0 25 12 17 0 0 0 0 0 33 37 0 32 38 0 0 0 0 0 0 40 42 0 0 23 0 0 20 0 0 0 0 0 46 0 49 2 
0 0 0 0 0 18 0 0 0 0 45 0 43 0 0 0 0 25 29 0 30 0 0 48 0 3 49 0 8 0 0 0 5 0 9 36 37 0 35 34 32 0 0 15 0 11 0 14 0 
12 0 0 0 13 11 0 0 0 0 0 0 36 0 19 24 20 18 0 0 23 40 44 0 0 0 0 0 0 0 0 3 0 0 2 0 0 31 0 27 0 0 6 0 10 4 0 7 0 
0 45 43 0 41 39 0 0 13 0 0 0 15 11 0 3 0 0 1 49 2 0 0 0 18 0 0 0 0 0 27 31 0 0 0 8 9 0 7 6 4 0 0 36 38 32 33 35 0 
0 0 0 49 48 0 0 0 0 0 0 0 0 0 0 0 0 0 0 7 0 26 0 27 0 0 0 0 0 32 0 38 33 0 37 0 16 0 14 0 0 12 0 0 45 0 40 42 0 
26 0 29 28 27 0 0 0 48 47 0 0 0 46 0 38 34 32 36 35 0 0 9 6 0 10 7 0 0 0 13 0 12 0 16 43 0 45 0 41 0 40 0 22 0 18 19 21 23 
0 0 0 35 0 32 0 0 6 0 0 0 0 0 0 45 0 0 0 0 0 0 0 13 11 0 14 0 0 18 20 0 19 21 0 0 0 0 0 48 0 0 0 29 0 25 26 28 0 
0 40 0 0 0 0 39 11 0 7 0 0 10 6 0 47 43 41 0 0 0 14 18 0 0 0 0 0 24 0 0 0 21 23 25 0 4 0 0 0 0 0 0 0 33 27 0 0 32 
49 0 3 0 0 0 0 25 0 0 0 23 24 20 0 0 0 0 10 0 0 28 0 0 27 0 30 31 38 0 36 0 0 37 39 17 18 0 0 0 0 0 43 0 47 41 0 0 0 
0 12 0 0 0 6 11 0 29 28 0 0 31 27 14 19 15 13 17 16 0 35 0 0 0 0 37 0 0 0 0 47 42 0 0 24 0 0 23 0 20 0 1 0 0 0 0 0 4 
14 19 0 0 0 13 18 0 36 0 0 0 38 0 21 26 0 0 24 0 0 0 46 0 41 47 44 45 0 0 1 0 49 0 4 0 32 0 0 0 0 0 0 0 0 6 0 9 0 
42 0 45 44 0 41 0 0 15 0 19 16 0 0 49 0 0 48 3 0 4 21 0 22 20 26 0 0 0 27 29 0 28 0 0 10 11 12 0 8 6 0 36 38 40 0 0 37 39 
28 33 31 0 29 27 0 0 0 49 0 0 0 48 0 0 36 34 0 37 39 0 0 0 0 12 0 10 0 13 0 0 0 0 0 45 0 47 44 0 41 0 0 0 26 0 21 0 0 
0 0 24 0 22 20 25 46 43 0 0 0 0 41 28 0 29 27 31 0 32 0 0 0 0 0 0 0 10 6 8 0 0 0 0 38 0 0 0 0 0 35 0 0 0 13 14 16 0 
0 0 0 0 0 0 0 0 0 20 25 22 23 0 0 0 0 5 9 0 10 0 0 0 26 0 0 0 0 0 0 39 0 0 0 0 0 0 0 0 12 13 0 44 0 0 41 43 0 
13 18 0 15 0 0 17 0 35 0 0 36 0 0 0 0 21 19 23 22 24 41 45 42 0 0 43 0 2 0 49 4 48 0 0 0 0 32 29 0 26 27 0 0 0 0 0 8 10 
0 0 0 0 0 0 24 45 42 41 46 0 0 40 0 32 28 0 0 29 31 0 3 0 47 4 0 0 0 5 7 0 0 0 0 0 0 0 0 0 33 0 14 16 0 12 13 0 17 
0 0 37 0 0 0 0 0 0 0 11 0 9 0 41 46 42 0 44 0 0 13 0 14 0 18 0 0 0 19 0 0 20 0 0 2 3 4 1 0 0 0 28 30 32 0 0 0 0 
6 11 0 0 7 5 0 0 0 0 0 0 0 26 0 18 0 0 16 15 17 34 38 0 0 39 36 0 44 0 0 0 0 0 45 23 24 25 0 21 0 20 49 2 0 0 0 0 3 
0 0 0 0 0 0 0 3 49 0 0 0 2 0 0 0 35 33 37 36 0 6 0 0 0 11 8 0 0 12 0 0 0 15 17 44 45 46 0 0 40 0 0 23 25 0 0 0 0 
41 0 0 0 0 40 0 0 0 13 18 0 16 0 48 4 49 0 2 1 0 20 0 0 0 25 0 0 0 0 0 0 0 0 31 0 10 0 8 7 5 0 0 0 0 33 0 0 38 
29 34 0 0 30 0 33 5 0 1 6 3 4 0 36 41 0 35 39 38 40 8 12 0 0 13 0 0 18 0 16 20 15 17 0 0 0 0 0 44 42 43 0 25 0 21 0 0 0 
0 13 11 10 0 0 0 0 30 0 0 31 0 28 15 20 16 0 18 0 0 0 0 0 0 0 0 0 46 42 0 0 0 0 0 25 26 0 24 23 21 22 0 0 0 49 0 3 0 
0 0 0 38 37 0 0 0 9 8 0 10 11 0 0 0 0 0 0 45 0 0 19 0 0 20 0 0 25 21 23 0 22 0 0 4 0 6 0 0 0 0 0 0 0 0 0 0 0 
43 0 46 0 44 42 47 19 16 0 20 17 0 14 1 6 0 49 4 0 5 22 0 0 0 27 0 25 32 0 30 0 0 0 0 11 12 0 10 0 7 0 37 0 41 35 0 0 0 
0 27 0 0 23 0 26 0 44 43 0 0 0 42 29 0 0 28 32 0 0 0 5 0 49 0 0 4 11 0 0 0 0 10 12 0 0 41 38 37 0 36 0 18 0 14 0 0 0 
1 0 4 0 2 0 5 26 0 22 27 24 25 0 0 13 9 0 11 10 0 29 33 0 28 0 0 32 39 35 0 41 36 38 40 0 19 0 0 16 14 15 0 46 0 0 0 45 47 
15 0 0 0 16 14 19 40 0 0 41 0 0 35 22 27 0 0 25 0 0 0 47 0 0 0 45 0 0 49 2 0 0 3 5 32 0 34 31 30 28 0 9 0 13 0 8 10 0 
0 1 0 47 0 44 0 21 0 0 0 0 20 16 3 0 0 0 0 5 0 24 0 0 0 0 0 0 0 30 32 36 31 33 0 0 14 0 0 11 9 0 0 0 0 0 38 40 0 
0 0 0 12 11 9 0 0 0 0 36 0 34 0 0 22 18 16 20 0 0 38 0 0 0 43 40 41 48 44 46 0 45 0 0 0 0 0 0 0 23 0 4 0 0 2 3 0 7 
0 0 0 0 18 0 0 0 39 0 43 40 0 0 24 29 0 0 0 0 0 0 49 0 44 1 0 0 6 0 0 8 0 5 0 34 35 0 0 0 30 0 11 13 0 9 0 0 14 
0 29 0 0 0 0 0 0 0 0 0 0 0 44 0 36 0 0 34 33 0 3 7 4 2 0 0 0 13 9 0 0 10 12 0 41 0 43 40 0 0 0 0 0 0 16 0 19 21 
38 43 41 0 0 0 42 14 0 0 0 12 13 9 45 0 46 44 48 47 0 0 0 0 0 0 0 20 27 23 25 0 24 0 0 6 7 8 0 4 0 0 32 0 0 0 0 0 0 
0 0 34 0 32 0 35 7 4 3 8 5 6 2 0 0 0 0 41 0 42 0 14 0 9 0 0 13 20 16 0 22 17 19 0 0 0 0 0 0 0 0 25 27 0 0 0 0 0 
0 0 0 0 4 0 0 0 0 0 0 26 27 0 0 15 11 0 0 0 0 0 0 32 0 0 33 34 0 37 39 43 0 40 42 20 0 22 0 0 0 17 0 48 1 0 0 47 0 
0 35 0 0 31 0 0 0 0 0 7 0 0 0 0 0 38 0 0 0 41 9 13 10 8 14 0 12 0 15 17 0 16 0 0 47 48 49 0 0 43 44 0 0 0 0 0 0 27 
0 0 0 18 0 15 20 0 0 0 42 0 40 0 0 0 0 22 0 0 27 0 48 45 0 49 0 47 0 1 3 0 0 0 6 33 0 0 32 0 0 0 10 0 0 0 0 11 0 
0 42 40 39 38 0 41 0 0 0 0 11 0 0 0 49 0 0 47 0 48 0 0 0 0 21 0 19 0 0 0 0 0 0 27 0 0 0 0 0 0 2 0 0 35 0 0 32 0 
9 0 12 0 0 8 13 0 31 30 0 0 0 0 0 0 0 0 0 0 0 37 0 0 36 42 39 0 47 43 45 0 44 0 0 0 0 0 0 0 0 0 0 0 7 0 2 0 6 
0 28 26 0 0 0 27 0 45 0 49 46 0 0 0 35 31 0 33 32 0 2 0 3 1 0 0 5 0 0 10 14 9 0 0 40 41 42 39 0 36 37 0 19 0 0 0 0 0 
0 7 0 4 0 0 0 0 24 23 28 25 0 0 0 0 0 0 12 11 13 30 34 0 0 0 32 0 40 0 38 42 0 39 0 0 0 0 0 0 0 16 0 0 0 43 44 46 0 
0 0 0 0 45 43 0 0 0 0 21 0 0 0 2 7 0 1 0 0 0 23 0 0 22 28 0 0 33 0 31 0 30 32 0 0 0 14 11 0 8 9 38 0 0 36 0 0 0 
18 0 0 0 0 17 0 0 0 0 44 41 0 0 0 30 0 0 0 27 0 0 1 0 45 2 48 0 7 0 5 0 4 0 0 35 0 37 0 0 31 32 0 14 0 0 0 0 0 
0 0 0 34 0 31 36 8 0 4 0 6 7 3 0 44 40 0 42 0 0 0 15 0 10 16 13 14 21 17 0 23 0 0 22 0 0 0 48 47 45 0 0 0 0 24 0 27 29 
4 0 0 0 5 3 0 0 26 0 0 27 28 0 11 0 12 10 0 0 15 0 0 0 0 0 0 0 42 0 0 44 39 0 0 0 22 0 20 19 0 0 0 0 2 45 46 48 1 
11 0 14 0 0 0 0 0 33 32 37 0 35 31 0 23 19 17 21 20 22 0 0 0 38 44 41 42 49 45 47 2 46 0 0 0 0 0 27 0 0 25 5 7 0 3 4 6 0 
39 0 0 41 0 38 0 15 12 11 16 13 0 10 46 2 0 45 0 48 0 0 22 0 17 0 0 0 0 24 0 0 25 27 0 0 0 0 0 0 0 0 0 0 37 31 0 0 0 
0 0 49 0 0 45 0 0 19 18 0 0 21 17 4 9 5 0 0 6 0 0 29 0 0 30 27 0 35 31 33 0 32 0 36 0 0 16 0 12 0 0 40 42 44 0 0 0 43 
25 0 0 0 0 24 0 0 47 46 0 48 49 0 32 0 0 31 35 34 36 0 8 0 0 0 6 7 0 0 0 0 11 0 0 0 43 0 0 40 0 0 19 21 0 17 0 20 22 
