7
0 0 0 20 21 0 24 0 0 3 1 4 0 48 36 0 0 34 40 0 0 0 0 0 0 16 17 0 44 0 0 42 0 0 45 0 31 33 29 30 0 0 0 0 0 0 0 9 8 
0 0 0 0 49 2 0 28 0 0 0 0 0 27 0 0 14 0 0 0 0 43 47 0 0 0 45 41 23 0 25 0 0 0 24 7 10 0 0 9 0 0 0 34 0 0 0 0 36 
39 40 0 0 0 37 38 0 0 17 0 0 0 0 0 4 49 48 0 0 3 29 0 28 0 30 31 0 9 0 0 0 12 0 0 0 0 0 43 0 41 46 0 0 0 0 0 0 0 
11 12 8 0 0 0 0 0 0 0 36 0 40 0 0 25 0 0 26 23 24 0 0 0 4 0 3 48 30 0 0 0 33 0 31 14 17 0 15 0 13 18 0 0 0 0 0 0 0 
32 33 29 27 28 30 31 0 0 0 8 0 12 0 43 0 42 41 47 0 45 0 0 0 0 23 0 20 0 48 0 49 5 1 0 0 0 0 0 0 34 0 19 0 0 18 17 0 15 
0 0 15 0 14 16 0 42 0 45 43 0 47 0 0 0 0 0 33 0 0 8 0 7 11 0 0 0 0 0 0 35 40 36 38 21 0 0 22 0 20 0 5 0 49 0 0 0 0 
0 47 43 41 0 0 0 0 0 0 0 0 26 0 0 0 7 0 0 0 0 0 0 0 0 37 0 34 16 0 18 0 0 15 0 0 0 0 1 2 0 4 0 0 0 0 0 0 0 
10 0 7 5 0 0 0 34 0 37 35 0 0 0 0 24 0 0 0 0 0 49 0 0 3 0 0 47 0 26 0 0 0 0 0 0 16 0 0 0 0 17 46 0 0 45 44 43 0 
0 0 21 19 0 22 0 0 0 2 49 3 4 47 0 38 34 0 39 0 37 0 0 0 0 15 16 0 0 0 0 0 46 0 44 27 0 0 28 29 0 0 0 0 6 10 9 8 0 
31 0 28 0 27 0 0 6 0 9 0 0 0 0 42 0 0 0 0 0 0 0 0 0 0 22 23 0 1 47 0 0 4 49 0 0 0 39 0 0 0 0 0 0 13 0 0 0 14 
0 39 0 0 34 36 0 13 15 0 14 0 18 0 0 0 0 0 4 0 0 0 32 0 0 29 0 0 0 0 0 0 0 7 0 0 44 0 0 43 40 45 0 0 20 24 23 0 0 
0 4 49 47 48 0 2 27 0 30 28 0 32 0 14 17 0 0 0 0 0 0 0 41 0 0 44 40 22 0 24 20 0 0 0 0 9 0 0 8 5 10 0 33 0 38 0 0 0 
17 0 14 0 0 0 0 0 0 0 42 0 0 0 28 0 0 26 32 29 0 7 11 0 0 8 9 0 0 0 0 34 39 0 0 20 0 25 21 0 0 24 4 0 48 3 0 1 0 
0 46 42 0 0 0 0 20 22 0 0 0 0 19 7 10 0 5 11 0 9 0 0 0 38 0 37 33 0 12 17 0 0 14 16 48 0 4 0 1 47 0 0 0 0 0 0 0 0 
0 20 16 0 0 0 18 43 0 0 44 0 0 0 0 33 0 28 34 0 0 0 0 0 0 0 11 0 38 0 0 0 0 0 0 0 0 27 23 0 0 26 6 49 1 5 0 0 0 
0 6 0 49 1 0 4 0 31 0 0 0 34 28 16 0 0 14 20 17 0 44 48 0 0 0 46 42 0 21 26 22 27 0 0 0 11 0 0 0 0 0 0 35 36 0 0 0 37 
0 0 9 0 8 0 0 36 0 39 0 0 0 35 23 0 22 21 0 0 0 0 6 1 0 0 0 49 0 28 0 0 34 30 32 0 0 20 16 0 14 19 0 0 0 0 0 45 0 
0 34 30 0 0 31 32 8 10 0 0 12 0 7 44 0 0 0 0 45 0 0 27 0 0 0 0 21 0 49 5 0 0 0 4 36 0 0 0 0 35 40 0 14 0 0 18 17 0 
0 0 0 0 0 0 46 0 0 25 0 0 0 0 0 12 8 0 0 0 11 0 41 36 0 0 0 35 17 0 19 0 0 0 18 0 4 0 0 3 0 0 0 28 0 33 0 0 30 
0 27 23 21 22 0 0 0 0 4 0 0 0 0 0 0 36 0 41 0 0 16 20 15 19 17 0 0 0 42 0 43 0 44 0 29 32 0 0 31 0 33 0 0 0 12 11 10 9 
40 41 0 0 36 0 0 0 17 0 16 19 20 0 0 5 1 0 0 3 4 0 34 0 0 31 0 28 0 7 12 0 0 0 0 0 46 48 44 45 42 0 27 21 22 26 0 0 0 
0 0 0 0 0 0 43 0 21 0 0 23 0 0 0 0 5 4 10 7 8 0 0 0 0 0 0 0 0 0 0 12 0 0 15 47 1 3 48 0 0 0 31 0 0 0 0 28 27 
0 0 34 32 0 35 36 12 0 0 0 16 0 0 0 2 47 46 0 49 0 27 31 26 0 0 0 0 0 0 9 5 0 0 8 40 43 0 0 0 0 0 24 0 0 0 0 0 20 
0 0 0 18 0 0 0 0 0 0 0 0 0 46 0 0 33 0 38 35 0 0 17 0 0 14 15 0 0 39 0 0 0 0 0 0 0 31 27 28 0 30 0 4 0 0 0 7 0 
0 10 0 0 5 7 0 33 35 0 34 0 0 0 20 0 0 18 24 21 22 0 0 0 2 0 1 0 0 25 0 0 0 0 29 12 15 0 13 0 0 0 45 0 0 44 0 42 0 
0 0 0 0 0 0 15 40 42 0 41 0 0 0 27 0 26 25 0 0 0 0 0 0 0 0 0 4 0 0 0 33 38 34 0 0 0 24 0 0 18 23 3 0 0 2 0 49 48 
0 3 0 0 0 0 0 0 0 0 0 0 0 0 0 0 12 0 17 14 0 41 45 40 0 42 0 0 0 18 0 19 0 0 22 5 0 10 0 0 0 0 38 32 0 37 36 0 0 
30 0 0 0 0 0 0 0 7 0 6 0 10 0 0 44 0 0 45 0 0 0 0 19 23 0 0 0 49 46 0 0 0 0 0 33 0 38 34 0 0 0 17 0 12 16 0 14 0 
43 44 40 0 0 0 0 0 20 21 0 0 0 0 0 0 4 0 0 0 7 0 0 32 36 34 35 31 13 0 0 11 16 0 0 46 0 2 0 0 45 0 0 0 0 0 28 0 0 
0 9 0 3 4 6 0 32 34 0 0 36 37 31 19 0 18 17 0 0 0 47 0 46 0 0 0 45 27 24 0 0 0 0 28 0 0 0 0 0 0 15 0 38 0 0 42 0 40 
0 16 12 0 0 0 0 0 41 42 0 43 44 38 26 0 0 0 0 27 28 0 0 0 0 6 0 3 0 0 0 0 0 33 35 0 0 0 0 0 0 0 0 0 0 1 49 48 0 
0 2 47 45 46 0 49 0 0 0 0 29 0 0 12 15 0 0 0 0 0 0 44 39 43 41 42 38 0 0 0 0 0 0 0 0 7 0 0 0 3 0 0 31 32 36 35 0 0 
0 37 33 0 32 34 0 0 13 0 12 15 0 0 47 1 0 0 2 0 0 0 0 0 0 0 0 24 0 3 8 0 0 5 0 0 0 44 0 0 38 43 23 17 18 0 0 0 0 
0 0 26 24 25 27 0 0 6 0 5 0 0 0 0 0 0 38 44 0 0 19 0 0 0 0 21 17 0 0 1 0 2 47 0 0 0 0 0 0 0 36 0 0 11 0 14 0 0 
22 0 19 0 18 20 0 46 0 0 0 0 2 0 33 0 0 31 37 34 0 0 16 0 0 13 14 0 41 38 0 0 44 40 0 0 0 0 0 0 0 29 9 3 0 8 7 0 5 
0 0 0 0 0 0 33 0 0 0 10 13 0 0 45 0 0 43 49 46 47 24 28 0 0 25 0 0 0 0 0 2 0 0 5 0 0 42 38 0 0 0 0 0 16 0 0 18 0 
0 14 0 0 0 0 12 0 39 0 0 0 42 36 24 0 23 0 0 0 0 3 7 2 6 0 0 0 0 0 34 30 0 31 0 0 19 21 0 18 15 0 0 0 44 48 47 46 45 
0 0 3 1 0 4 0 0 32 0 31 34 0 29 0 20 0 0 21 0 0 45 0 0 0 0 47 43 0 22 27 0 0 0 0 0 12 14 10 11 0 0 0 36 0 0 40 39 0 
41 0 0 36 37 39 0 0 18 0 0 0 21 0 0 6 2 0 0 4 5 0 35 0 0 32 33 0 11 8 0 0 0 0 12 44 0 0 45 0 0 0 28 0 0 27 0 0 0 
48 49 0 43 44 0 0 23 25 26 24 27 0 22 0 13 0 0 14 0 0 0 0 0 0 0 0 0 18 0 0 16 21 17 19 2 5 0 3 0 1 6 0 29 0 34 33 0 0 
0 21 0 0 0 0 0 0 46 0 0 0 0 0 0 34 0 29 35 0 33 10 14 9 13 11 0 0 0 0 0 37 0 38 0 0 0 0 24 25 22 27 7 0 2 0 0 4 3 
0 28 24 22 0 0 0 0 4 5 3 6 0 1 0 41 0 36 0 0 0 0 0 0 20 0 0 15 0 0 48 0 0 45 47 30 0 35 0 32 0 0 0 8 9 0 0 11 0 
42 43 0 37 0 40 41 17 0 0 18 0 22 16 0 0 3 2 8 0 6 32 36 0 35 33 0 30 0 9 0 0 15 11 13 0 48 1 0 0 0 0 0 0 0 0 0 0 0 
0 0 0 2 0 0 0 0 33 0 0 35 0 30 18 0 0 16 0 19 0 0 1 0 0 47 48 0 0 0 0 24 0 25 0 0 0 0 0 12 0 0 0 37 0 42 41 0 0 
0 0 0 0 45 47 48 24 0 0 0 0 0 0 11 0 0 0 0 12 0 0 0 0 0 40 0 37 19 0 0 17 22 18 20 0 0 0 4 5 0 7 36 30 31 0 0 33 0 
21 0 0 0 0 0 20 0 0 48 0 0 0 44 32 0 0 0 0 33 0 11 15 10 0 12 0 0 40 37 42 38 0 39 0 0 27 29 25 0 23 28 8 0 0 7 0 0 4 
0 29 25 0 0 26 27 0 0 0 4 0 8 0 39 0 38 0 0 0 41 0 0 17 0 0 20 16 47 0 0 45 0 0 0 0 0 0 0 0 0 35 15 9 10 0 13 0 11 
0 0 32 30 0 33 0 0 0 13 0 14 0 0 0 0 0 44 1 47 48 25 0 24 28 26 0 23 5 2 0 0 0 0 0 0 0 0 39 0 37 0 22 0 0 0 20 19 18 
0 15 11 0 10 0 13 0 40 0 0 42 0 0 25 0 0 23 29 26 27 0 0 0 0 0 6 2 0 30 0 31 0 0 0 0 20 22 18 19 0 0 1 0 45 0 48 0 0 
