7
49 45 47 0 0 48 1 0 19 0 0 18 0 22 0 0 16 0 0 0 13 41 0 0 42 0 40 0 28 0 0 26 0 0 30 0 0 0 0 33 0 0 0 3 0 0 0 4 0 
21 17 19 18 23 20 0 0 0 0 0 39 0 0 0 33 37 0 35 31 34 0 0 10 0 0 0 0 49 0 0 0 0 0 2 0 0 0 0 5 0 4 0 24 0 0 0 25 0 
7 0 5 4 9 0 0 27 26 24 0 0 30 0 0 19 23 18 21 17 0 48 1 45 0 0 0 2 0 31 34 0 0 0 37 0 0 0 41 0 44 0 0 0 0 0 0 11 0 
0 0 0 25 30 0 0 0 0 0 0 0 0 1 0 40 0 39 42 0 0 20 0 17 21 0 19 23 7 0 0 0 0 0 0 0 10 0 0 12 0 11 0 31 0 0 0 32 35 
14 0 0 11 0 0 0 0 0 0 35 0 0 36 0 0 0 0 0 0 0 0 0 0 0 0 5 9 0 38 41 0 0 0 0 0 0 49 0 0 2 0 0 17 20 22 19 0 0 
0 38 40 0 0 0 0 0 0 0 14 0 0 0 8 0 0 0 0 0 6 0 36 31 35 0 33 37 0 0 0 19 0 18 0 0 0 28 0 0 30 25 2 45 0 0 0 46 0 
35 0 33 0 37 0 0 6 5 0 0 0 0 0 0 0 2 46 0 0 48 27 29 0 0 0 0 0 0 0 0 12 0 0 16 0 0 21 0 19 23 0 0 38 41 0 0 0 0 
0 2 0 3 0 0 0 0 0 0 0 0 0 0 21 0 0 0 0 0 19 0 49 0 48 45 46 1 0 30 0 0 35 0 0 42 37 0 40 0 43 0 0 9 0 0 11 10 13 
0 0 0 0 0 40 0 0 0 0 0 0 0 0 7 4 0 0 0 2 5 33 0 0 0 0 0 0 0 16 0 0 0 0 0 28 0 27 26 0 29 24 1 0 0 0 46 45 48 
0 0 46 45 1 0 49 0 18 16 20 17 22 0 0 11 15 10 13 0 12 40 0 0 0 0 39 43 0 0 0 25 0 0 0 35 0 34 0 32 36 0 8 2 0 0 0 3 6 
0 0 0 0 0 0 0 0 0 0 0 3 0 0 0 0 1 0 0 44 0 0 28 0 0 0 0 29 13 9 12 11 0 0 15 0 0 20 0 0 0 0 0 0 40 0 39 0 0 
0 23 0 0 29 0 0 47 46 0 0 45 1 0 0 39 43 0 0 37 0 19 0 0 20 17 18 0 0 0 5 4 0 3 0 14 9 0 12 0 0 0 36 0 0 0 32 31 34 
20 0 0 17 22 19 0 0 0 0 0 38 43 0 35 32 0 0 0 0 33 12 0 0 13 0 0 15 0 44 47 46 0 45 0 0 2 0 0 0 0 0 29 23 26 0 25 0 27 
0 0 0 0 15 12 14 0 0 0 34 0 36 35 0 0 29 0 0 0 0 0 0 2 0 0 4 0 0 0 0 0 0 0 0 0 0 48 0 46 0 0 0 0 0 0 0 0 20 
0 0 0 0 38 35 37 7 6 4 0 5 0 9 0 0 0 0 1 0 49 0 0 25 29 0 0 0 0 0 0 0 0 0 0 0 0 0 0 20 0 0 0 39 0 0 0 0 0 
0 0 0 12 17 0 16 0 0 0 0 33 0 0 0 27 0 26 29 25 0 7 9 4 8 0 6 0 0 0 0 0 0 0 0 2 0 0 0 0 3 0 0 18 0 23 0 0 0 
0 39 0 0 45 0 0 14 0 0 0 12 0 0 9 0 10 0 0 4 0 0 0 32 36 0 34 0 22 18 0 0 0 19 0 0 25 29 0 27 0 0 3 0 0 2 0 47 1 
1 0 48 0 0 49 0 21 0 0 0 19 0 0 0 13 17 12 15 11 0 0 44 39 43 0 41 45 0 25 0 27 30 0 0 37 32 36 35 34 38 0 10 4 0 0 6 0 8 
0 0 0 0 0 0 0 0 0 25 29 0 31 0 0 0 24 0 0 18 0 0 0 0 0 0 48 0 0 0 35 0 37 0 0 0 0 0 0 0 45 40 0 11 0 16 0 12 15 
29 25 0 26 31 0 30 0 48 0 0 0 0 2 0 0 0 40 43 0 42 0 23 0 0 19 20 24 0 0 0 6 0 5 0 16 0 0 0 0 17 0 38 0 35 0 0 33 36 
0 0 20 0 0 0 23 0 41 39 0 0 45 44 37 0 0 33 36 0 35 0 16 0 15 0 0 0 0 46 0 0 0 47 3 0 0 0 0 0 0 5 0 0 0 30 27 26 0 
39 0 0 0 41 38 0 10 9 7 0 8 0 0 5 2 0 0 0 49 0 0 33 0 0 29 0 0 18 14 0 16 0 15 0 0 21 25 0 23 27 22 48 0 45 0 0 0 46 
25 0 0 0 0 24 0 0 0 0 46 0 0 0 40 0 0 0 0 0 0 0 19 0 0 0 16 0 4 0 3 0 5 0 0 0 7 0 10 9 0 0 34 28 0 0 30 29 32 
32 0 30 0 34 31 0 3 2 49 0 1 0 0 0 0 48 0 0 42 0 0 26 0 0 22 23 0 0 0 0 9 0 8 0 19 14 18 17 0 20 0 0 35 38 40 0 36 0 
0 0 0 0 0 10 12 31 0 28 0 0 34 0 26 23 27 22 25 0 24 0 0 0 4 0 0 0 0 35 0 37 0 0 0 47 0 0 45 44 48 0 20 0 0 19 0 15 0 
0 0 2 1 0 0 0 0 23 0 25 22 0 0 0 0 0 0 0 0 0 0 0 0 0 0 0 0 32 0 31 0 0 0 0 40 35 39 0 0 41 0 0 0 10 0 9 8 0 
0 0 0 43 0 45 0 17 0 14 18 15 0 0 0 0 13 0 0 0 10 38 0 0 0 36 0 41 0 0 0 23 26 22 27 0 28 0 31 0 0 0 6 0 3 0 0 1 0 
18 0 16 0 0 17 0 0 37 35 0 36 41 40 0 0 0 0 32 0 0 0 0 7 0 0 0 13 0 0 0 0 47 0 0 0 0 0 0 2 0 0 0 0 0 0 23 22 0 
0 20 0 0 0 0 0 44 43 0 45 0 0 0 0 36 40 0 38 34 37 16 18 0 0 0 0 0 3 0 0 1 4 0 5 0 0 0 0 0 0 7 0 0 0 0 0 0 31 
0 0 0 14 0 0 18 0 0 0 38 0 0 0 32 0 0 0 0 0 0 0 11 0 10 7 8 0 0 0 44 0 0 0 0 0 0 3 2 1 0 0 0 20 0 0 0 0 0 
3 0 1 0 0 2 4 0 0 20 24 0 0 25 0 0 0 0 0 0 16 0 0 41 45 42 0 47 0 27 30 29 0 28 0 0 0 0 37 0 0 0 12 6 9 11 0 0 10 
0 0 0 28 0 30 32 2 1 0 0 49 0 4 0 0 0 0 0 41 44 0 25 0 24 21 22 0 0 0 9 8 11 0 12 0 0 0 16 0 19 0 40 34 0 0 36 35 0 
38 34 36 0 40 37 39 0 0 0 0 7 0 0 0 0 0 49 0 0 0 30 0 0 31 28 0 33 0 0 0 0 18 14 0 0 20 0 0 0 26 0 0 0 0 46 0 0 0 
0 0 43 42 0 0 0 0 0 13 17 0 19 0 0 8 0 0 0 6 0 0 39 0 0 35 36 40 0 0 0 0 25 0 0 32 27 0 0 29 0 28 5 0 0 0 0 0 0 
0 6 0 0 0 0 11 0 0 0 0 0 0 32 0 0 0 0 0 0 0 0 0 48 0 49 1 0 0 0 0 36 0 0 0 0 0 0 0 0 47 42 19 0 0 18 0 0 0 
0 36 0 0 0 0 41 0 0 8 12 0 14 0 6 3 0 0 5 0 0 0 34 29 0 30 0 0 19 15 0 0 0 0 21 0 0 0 25 24 0 23 49 0 0 48 45 0 0 
0 8 0 0 14 0 0 0 31 0 0 30 0 0 0 24 0 23 0 22 0 0 6 0 5 0 0 0 0 0 0 0 41 37 0 48 0 0 0 0 0 44 0 0 0 0 17 16 0 
0 0 0 0 0 25 27 46 45 0 0 44 49 0 0 38 0 0 0 0 39 18 0 0 0 16 0 0 0 0 4 0 6 2 0 13 8 0 11 10 14 9 35 29 0 34 0 30 33 
0 0 0 0 0 0 0 0 0 36 0 0 42 0 0 0 35 30 0 0 0 11 0 0 12 0 10 14 0 0 0 45 48 44 0 0 1 0 4 0 0 0 28 0 25 0 0 0 0 
0 0 3 0 0 0 0 25 24 0 0 23 0 27 20 17 0 16 0 0 0 46 0 43 47 0 0 0 33 0 32 31 34 30 35 41 36 0 0 38 0 0 14 0 0 0 10 0 0 
33 0 0 0 0 0 34 0 3 0 0 0 7 6 48 45 49 44 47 43 0 25 0 0 0 23 0 0 0 0 11 0 13 0 14 0 0 19 0 0 21 0 42 0 39 0 0 37 40 
0 0 0 44 49 0 48 18 17 0 0 0 21 0 13 0 14 0 0 8 0 39 0 0 40 0 38 42 26 22 25 24 27 23 28 34 29 33 0 0 35 0 7 0 0 6 3 0 5 
0 47 0 0 0 1 3 22 0 19 0 20 0 0 0 14 0 13 0 12 0 0 0 0 0 41 0 46 0 0 0 28 0 0 32 0 0 37 0 0 0 34 11 0 8 0 7 0 0 
0 33 0 0 0 0 0 0 0 0 0 0 11 0 3 49 4 0 0 0 1 29 0 0 0 0 0 0 0 12 0 0 17 0 18 0 0 23 0 0 0 20 0 0 43 0 42 0 0 
0 0 0 0 11 8 0 29 0 0 0 0 0 0 24 0 25 20 0 0 0 0 3 0 0 0 49 0 37 33 36 35 38 0 39 45 0 0 43 0 0 0 0 0 0 0 0 13 0 
30 26 0 27 32 0 31 1 0 0 0 0 0 0 0 0 46 41 0 0 0 0 24 19 0 0 0 0 9 5 0 7 10 0 0 0 0 0 15 0 18 0 0 33 0 0 0 34 0 
0 19 0 20 0 22 0 0 0 40 0 0 46 45 0 35 39 0 0 0 36 15 17 0 16 0 14 18 0 0 0 0 3 48 0 0 0 0 8 7 11 0 32 0 29 0 0 0 0 
0 40 0 41 46 43 0 0 0 0 0 0 0 17 10 7 11 0 0 0 0 0 0 0 37 34 0 0 23 0 0 21 0 0 0 31 0 30 29 0 0 27 0 47 0 0 0 48 0 
0 12 14 0 0 15 0 0 35 0 37 34 39 38 31 28 0 27 30 0 29 0 10 5 0 6 7 11 44 0 0 0 0 41 0 3 47 2 0 0 4 0 0 0 0 0 0 0 23 
