7
0 0 30 0 0 29 0 10 0 0 0 14 16 0 8 0 0 0 0 0 0 0 0 0 38 0 0 0 21 18 23 0 0 0 0 46 0 0 48 47 45 1 0 0 35 31 37 34 36 
0 0 0 0 35 36 33 0 0 0 0 0 0 0 0 0 14 0 0 0 10 49 0 2 45 0 0 0 28 0 30 0 0 0 0 0 9 0 0 5 0 0 40 0 0 0 44 0 0 
0 0 0 17 21 22 19 0 4 0 8 0 0 0 1 2 0 0 0 0 45 0 33 0 0 0 32 0 0 0 16 0 10 12 0 39 0 0 41 40 38 0 0 25 0 24 0 0 29 
0 0 16 10 0 0 0 45 0 0 1 0 0 48 43 0 0 0 0 40 0 0 26 0 0 0 0 27 0 4 9 0 0 0 8 32 0 0 34 33 31 0 0 0 0 0 0 0 0 
0 0 0 3 0 0 5 38 39 40 43 42 44 41 0 37 35 0 0 33 31 0 0 23 0 0 18 20 0 0 0 0 45 47 0 0 0 0 27 0 24 29 12 11 0 0 0 0 15 
39 41 44 38 42 0 40 24 0 0 0 0 30 0 22 23 0 0 0 0 17 7 0 9 3 0 0 0 0 32 0 0 0 33 0 11 16 0 13 0 10 15 0 0 49 0 0 0 1 
0 0 0 45 49 0 0 31 0 0 0 35 0 34 0 30 0 0 25 26 0 0 0 16 0 15 11 0 42 0 0 0 0 0 0 0 23 0 0 0 17 0 0 0 0 3 0 0 8 
42 44 0 0 0 46 0 0 0 29 0 0 0 0 0 26 0 23 0 0 20 10 0 0 6 11 0 0 0 0 0 0 34 36 39 0 0 0 16 0 0 18 1 0 3 0 0 0 0 
0 16 0 0 0 0 0 0 0 0 0 0 0 2 0 0 0 0 42 43 41 0 0 0 27 0 0 0 0 7 12 9 0 8 0 0 40 0 37 0 0 0 0 0 24 20 0 0 0 
0 23 26 0 0 0 0 0 7 0 11 10 0 9 4 0 0 2 49 1 0 38 0 40 34 0 0 37 17 14 0 0 13 15 18 0 0 0 0 0 0 0 29 0 0 0 0 0 32 
0 0 0 0 0 39 0 20 21 22 0 0 26 23 0 0 17 0 14 0 13 0 0 5 0 4 49 2 0 28 33 0 27 29 32 0 0 10 0 0 6 0 43 0 45 0 0 0 46 
0 0 33 0 31 0 29 0 0 0 18 17 0 0 11 12 10 0 0 0 0 0 43 47 41 0 0 44 0 21 0 23 0 22 0 0 5 0 0 0 48 4 36 0 0 0 0 0 0 
7 9 12 0 10 11 0 0 0 43 0 0 0 44 39 40 38 37 35 0 34 0 0 0 20 0 0 23 0 0 5 2 48 0 0 0 33 31 0 0 27 32 0 0 17 0 0 16 0 
0 2 0 0 0 0 0 34 35 0 39 0 40 37 0 0 31 30 0 0 27 0 15 0 0 0 0 16 0 42 0 0 0 43 0 0 0 0 0 0 20 0 0 0 0 0 0 0 11 
26 28 0 0 0 0 0 0 12 0 0 15 17 14 0 0 8 7 0 0 4 43 0 0 0 0 40 0 0 19 0 21 18 0 0 0 3 0 49 0 46 0 0 0 36 0 38 35 0 
0 0 17 11 0 16 13 46 47 0 0 0 3 0 0 0 0 42 40 0 0 29 27 0 25 0 0 0 8 0 10 7 4 0 9 33 0 36 0 0 0 0 0 19 0 0 0 0 23 
0 42 45 0 43 0 0 0 26 0 0 0 0 28 23 0 22 0 0 0 0 8 0 0 0 9 0 0 0 0 38 35 0 0 0 12 17 15 0 0 0 0 0 0 0 46 0 0 0 
0 0 0 32 0 0 0 18 0 0 0 0 24 21 0 17 15 14 0 13 0 0 0 3 0 0 0 49 0 0 0 0 0 0 30 5 0 0 7 0 0 9 0 0 0 0 0 0 44 
0 0 0 0 1 2 0 32 0 0 0 0 38 0 0 31 29 0 26 27 25 0 0 0 0 16 12 0 0 40 45 42 0 41 44 0 24 0 0 20 0 0 0 5 8 0 10 7 9 
0 0 0 0 22 23 0 4 0 0 0 0 10 0 0 0 0 0 0 0 46 0 34 38 0 0 33 0 15 0 0 0 11 13 0 0 0 0 0 41 39 0 0 0 29 0 0 0 30 
0 0 10 4 8 0 6 39 40 0 44 0 0 0 37 0 0 0 0 34 32 22 0 0 0 23 0 0 0 0 0 0 0 48 0 0 0 0 28 27 25 30 0 0 0 11 0 14 16 
0 22 25 0 23 0 0 5 0 0 10 9 0 0 0 0 0 0 48 49 0 0 35 0 0 0 0 0 0 0 0 15 0 0 17 41 0 44 0 0 0 0 28 0 30 0 32 29 0 
0 15 18 0 0 0 14 47 48 49 0 2 0 1 45 0 44 43 0 42 0 30 0 0 0 0 27 0 0 0 0 8 0 0 10 0 0 0 0 35 0 0 21 20 0 0 0 0 24 
0 29 0 26 0 0 28 0 0 0 17 0 0 0 10 0 0 0 0 7 5 0 0 0 0 0 0 0 0 20 25 22 19 21 0 48 0 0 0 0 47 0 35 34 37 33 39 0 38 
0 8 0 0 0 0 7 40 0 0 0 44 0 43 0 39 37 0 0 35 0 0 0 25 0 24 0 22 2 48 4 1 47 49 0 27 0 30 0 28 26 0 14 0 16 0 0 15 17 
41 43 46 0 44 45 0 26 0 0 0 0 32 0 24 0 0 0 0 21 0 0 0 0 5 10 0 0 37 0 0 0 33 0 0 0 18 0 0 0 0 17 0 0 0 47 4 0 0 
0 1 0 47 2 0 0 33 34 35 38 0 0 36 0 0 0 0 0 0 0 16 14 0 0 0 0 0 44 41 0 43 0 0 45 20 0 23 0 0 19 24 0 6 9 0 0 8 0 
34 0 0 33 0 0 35 0 20 0 0 0 0 0 0 0 16 0 0 0 0 0 0 4 0 0 0 0 30 27 0 29 26 0 0 6 0 0 0 0 5 0 0 0 44 40 46 43 45 
36 0 0 35 0 0 37 0 0 0 26 25 0 24 19 20 18 17 0 16 0 0 0 6 0 5 0 0 0 0 34 31 0 0 33 0 13 11 0 0 0 0 0 0 0 0 0 0 47 
0 0 0 49 0 0 2 35 0 0 0 0 0 38 33 0 32 0 0 0 0 18 0 0 0 19 15 17 0 0 0 45 42 0 0 0 27 0 0 0 0 0 0 8 11 0 13 0 0 
0 0 0 7 0 0 0 42 43 44 47 0 0 0 0 0 39 38 36 0 35 0 0 27 21 0 0 0 4 1 6 3 0 2 5 0 34 32 31 0 28 0 0 15 0 0 20 0 19 
0 24 0 21 0 0 0 0 0 0 12 11 13 0 0 6 4 0 0 0 49 39 37 0 0 40 36 38 18 0 20 17 0 16 19 0 0 46 45 0 42 0 0 0 32 0 34 31 33 
0 0 48 42 0 0 44 28 0 0 0 0 0 31 0 0 0 24 0 0 21 0 0 0 0 12 8 10 0 0 0 38 0 0 0 15 0 0 0 16 14 0 0 0 0 0 0 0 5 
15 17 0 14 0 19 0 0 1 0 0 0 0 3 0 0 46 45 43 44 0 32 0 0 28 33 0 31 11 0 0 0 7 0 0 0 0 0 0 0 35 0 0 0 0 0 0 24 0 
0 0 0 0 0 33 0 0 0 0 0 0 0 17 0 13 0 10 0 0 7 0 0 0 42 0 0 45 0 22 27 0 0 23 26 0 0 0 0 0 49 5 0 36 0 0 41 38 0 
30 32 35 0 0 34 0 15 0 17 20 0 0 18 0 14 0 0 0 10 0 47 45 49 0 48 44 0 0 0 0 0 22 24 0 0 0 0 0 3 0 6 0 37 0 0 0 39 0 
37 39 0 0 40 0 0 0 0 0 0 0 28 0 0 21 0 18 16 0 0 0 0 7 0 0 0 4 33 30 35 0 29 0 34 9 14 12 0 0 0 0 45 44 0 0 49 0 0 
0 4 7 1 5 6 3 36 0 38 0 0 42 0 0 0 0 32 0 31 0 19 0 0 15 0 16 0 0 44 0 0 43 45 0 0 28 0 25 24 0 0 10 9 12 8 0 0 0 
0 0 0 15 0 0 0 1 2 0 0 5 0 0 48 49 47 46 44 45 0 33 31 0 0 34 30 32 12 9 14 0 0 10 0 0 42 0 0 38 36 41 0 0 26 0 0 0 0 
0 46 49 0 0 48 0 0 30 0 34 33 35 0 0 28 0 25 23 0 0 12 0 14 0 0 0 11 0 0 0 0 0 0 0 0 0 19 0 0 15 0 0 2 5 1 0 4 0 
0 0 0 0 12 0 0 43 0 45 0 0 49 0 0 0 0 0 0 0 0 26 24 28 22 0 0 0 0 0 0 4 0 3 6 0 35 0 32 31 29 34 0 16 19 0 21 18 20 
0 25 0 0 0 0 0 8 9 0 0 0 0 0 6 7 0 0 2 3 1 40 38 0 0 0 37 0 0 0 21 18 0 0 20 0 0 0 0 45 0 48 31 30 0 0 0 32 0 
24 0 29 0 0 28 0 9 0 11 0 0 15 0 7 0 6 5 0 4 0 41 0 0 0 0 0 40 0 0 22 19 0 18 0 0 1 0 0 46 0 0 32 0 0 30 36 0 0 
0 0 43 0 41 0 0 0 24 0 28 0 0 0 0 0 0 0 0 18 16 6 0 0 0 0 3 5 34 0 36 0 30 0 0 10 0 0 12 0 0 0 46 45 0 0 1 47 49 
3 0 8 0 0 0 4 37 0 39 42 0 43 0 35 0 0 0 31 0 0 0 18 22 0 21 0 19 48 0 0 47 0 46 0 0 0 27 0 0 23 28 0 10 0 0 0 12 14 
45 0 1 0 0 49 46 30 0 0 35 0 36 33 0 29 0 0 24 0 23 0 0 0 0 14 0 0 41 0 0 40 0 0 0 0 0 20 0 18 16 0 0 0 6 2 8 0 0 
0 0 0 0 34 0 0 16 0 0 0 0 0 0 14 0 0 0 0 0 0 0 46 0 0 49 0 47 27 0 29 0 23 0 0 0 0 0 5 4 2 0 39 0 41 37 43 40 0 
0 0 0 0 0 14 0 0 0 0 0 0 0 0 0 43 0 40 0 39 0 0 25 0 23 0 0 0 0 3 8 5 0 0 0 31 0 0 0 0 0 35 0 0 0 0 0 19 21 
0 0 0 16 0 0 18 2 3 0 0 0 0 5 0 0 0 0 0 0 0 0 0 0 0 0 31 0 0 0 15 0 0 0 0 38 43 0 0 39 37 42 25 24 27 23 29 0 0 
