7
0 0 0 0 5 0 0 0 0 41 38 42 0 39 0 0 0 0 36 35 32 0 0 0 0 18 19 0 0 29 27 30 26 0 0 13 11 0 0 0 14 0 0 0 2 0 0 0 0 
0 23 20 0 0 0 0 0 0 6 3 0 9 0 45 0 47 0 0 49 0 31 35 0 0 0 0 0 0 0 0 0 0 0 39 27 25 0 0 26 28 30 0 11 0 0 12 0 0 
0 0 34 31 0 36 0 22 0 20 17 21 23 18 0 13 12 0 0 0 11 0 0 0 0 0 0 0 7 0 6 0 0 0 0 0 0 43 38 0 0 0 28 0 0 0 0 27 24 
0 0 48 0 0 0 49 36 0 0 0 0 37 0 0 0 0 0 0 28 25 0 0 15 0 0 0 0 21 0 20 23 0 17 0 6 0 0 3 5 7 0 0 39 44 0 0 0 0 
0 16 0 10 0 0 14 0 47 0 45 49 2 46 0 0 40 44 0 42 0 0 0 29 27 0 0 0 0 36 0 37 33 0 32 20 18 22 0 0 21 0 7 0 0 0 5 0 3 
39 0 41 38 0 0 0 29 0 0 24 0 0 0 0 0 0 0 0 21 0 3 0 8 0 4 0 9 0 0 13 0 0 10 0 48 46 0 45 0 49 0 0 0 0 36 33 0 0 
0 30 27 24 0 0 28 15 0 0 0 0 0 0 0 6 0 9 8 0 0 0 0 0 41 0 0 0 49 0 48 0 47 0 46 0 32 36 0 33 0 0 21 0 0 22 0 0 17 
0 0 0 0 23 26 25 0 9 0 7 0 0 0 0 3 0 0 0 4 0 0 0 40 0 0 37 0 0 0 0 0 44 42 43 0 29 33 0 0 0 34 0 0 20 19 0 0 0 
0 0 0 49 2 5 4 0 37 0 35 39 0 36 0 0 30 34 33 0 29 0 0 19 0 0 0 0 0 0 24 0 23 21 22 0 0 12 7 0 0 13 46 43 0 0 44 45 0 
0 0 0 0 0 0 0 0 0 0 42 46 0 0 35 0 0 41 0 39 0 0 0 26 24 22 23 0 0 33 31 34 30 28 0 17 15 19 0 0 0 20 0 1 0 5 2 0 0 
0 48 45 42 44 47 46 33 0 31 0 0 34 0 21 0 23 27 26 0 22 0 0 0 10 0 0 0 0 0 17 20 0 0 0 3 0 5 0 0 0 0 0 0 0 0 0 38 0 
0 0 0 35 0 40 0 0 0 0 21 0 0 0 0 17 0 20 19 18 0 0 0 5 0 1 0 6 0 0 0 0 9 7 0 45 0 0 0 0 46 0 32 29 0 0 30 31 0 
0 34 31 0 0 33 32 19 0 0 0 0 0 0 0 0 0 0 0 11 0 42 0 0 0 0 44 0 4 5 3 0 0 0 0 38 36 0 0 0 39 41 0 0 0 0 23 24 0 
0 0 0 0 16 19 0 0 2 3 0 4 6 0 0 0 44 48 0 0 43 0 0 0 0 29 0 0 0 0 0 0 0 0 36 0 0 26 0 0 0 27 11 0 13 0 0 0 0 
0 25 0 0 21 0 23 0 7 8 0 0 0 6 0 0 0 4 0 2 0 0 37 0 36 34 35 0 0 45 0 46 0 40 0 29 0 31 0 28 0 0 0 13 0 0 0 15 0 
0 0 0 0 0 45 0 31 28 0 26 0 32 0 19 22 21 25 24 0 0 5 9 10 0 6 7 0 0 17 15 0 14 12 0 0 0 0 0 0 2 0 37 0 0 38 35 36 33 
48 4 1 0 0 3 2 0 0 0 33 0 0 0 0 29 28 0 31 30 0 0 0 0 15 13 14 18 23 24 22 0 21 19 0 0 0 0 0 7 9 0 0 0 46 0 0 0 40 
0 32 0 0 0 31 30 0 0 15 0 16 0 13 0 0 0 11 10 9 0 40 0 0 0 0 0 46 2 3 0 4 0 47 0 0 0 0 33 0 0 0 0 0 25 0 0 0 0 
6 11 0 0 0 0 0 0 0 0 40 44 46 0 33 0 0 39 0 0 34 0 0 0 22 20 21 0 0 0 0 32 0 0 27 0 0 17 0 0 16 0 2 48 0 3 49 0 0 
0 18 15 0 0 17 0 0 0 0 0 0 0 0 40 0 42 46 45 44 0 0 0 31 0 0 0 32 37 38 0 0 0 33 34 0 0 24 0 0 23 25 0 6 11 10 0 0 0 
0 39 0 0 35 0 0 0 0 0 0 23 0 0 12 15 0 0 17 0 13 47 2 3 0 0 0 4 9 10 0 11 0 0 0 0 0 45 40 42 44 0 0 0 0 31 28 0 0 
0 0 0 0 29 0 0 18 0 16 13 17 0 0 0 0 8 0 0 0 0 41 0 0 0 0 0 0 3 0 0 0 1 0 0 37 35 0 34 36 38 40 0 21 0 0 22 0 0 
0 47 44 41 0 0 0 32 29 30 0 0 0 0 0 23 0 0 0 24 0 6 10 11 0 0 0 0 0 0 16 0 0 13 14 2 0 4 0 1 0 5 0 0 0 0 36 37 0 
7 0 9 6 8 11 10 46 0 44 0 45 0 0 0 0 0 40 39 38 0 0 24 0 23 0 22 26 0 32 0 0 29 0 0 0 14 18 13 15 0 0 3 0 5 4 0 0 0 
0 40 0 0 0 39 38 0 22 23 20 0 0 21 0 16 0 0 0 17 0 0 3 0 2 0 1 5 10 11 9 12 8 0 7 0 42 0 0 0 0 0 31 0 0 0 0 0 27 
49 5 0 48 1 0 3 0 36 37 34 0 0 0 0 0 0 0 0 0 28 0 17 0 0 14 15 19 24 0 0 26 0 0 21 0 0 0 6 8 10 0 45 42 47 0 0 44 41 
0 26 23 0 0 25 24 0 8 9 6 0 0 0 0 2 1 5 0 0 0 34 0 0 0 35 0 0 0 46 0 0 0 41 42 0 0 32 27 29 0 0 17 14 19 18 15 16 13 
14 0 16 0 15 0 0 4 1 2 48 0 0 0 0 0 43 47 0 0 0 0 31 32 30 0 29 33 0 0 0 40 36 0 0 23 0 0 20 22 0 26 10 0 12 0 8 0 6 
0 3 49 46 0 2 0 37 34 0 32 36 0 0 0 0 27 0 0 0 26 0 0 0 14 0 0 0 0 23 21 0 20 0 0 0 0 9 0 0 8 0 0 0 0 0 41 0 39 
0 38 0 32 0 0 36 23 20 0 18 22 0 0 0 14 0 0 0 0 0 46 1 0 0 0 0 0 8 9 0 0 6 4 0 42 0 44 0 0 0 45 0 26 0 0 27 0 0 
40 0 42 39 0 0 43 30 27 0 0 0 0 26 0 0 0 24 23 0 19 0 0 0 7 0 6 10 15 0 0 0 13 0 0 0 0 0 46 0 0 0 36 0 38 0 0 0 32 
0 0 21 0 0 23 0 9 0 7 0 8 0 0 0 49 48 0 2 0 47 32 0 0 0 0 0 0 43 44 0 0 41 0 0 28 26 0 25 0 29 31 0 0 17 0 0 14 0 
0 0 7 0 6 0 8 0 0 0 0 43 0 40 0 0 0 38 0 36 33 18 0 0 0 19 0 0 29 30 28 0 0 0 0 0 0 16 0 13 0 17 0 0 0 0 0 0 46 
0 0 14 0 0 0 0 2 0 0 0 0 3 0 0 0 0 0 0 43 40 25 29 30 0 26 0 0 0 0 0 38 34 0 33 21 0 0 18 0 0 0 8 0 10 0 0 7 0 
26 0 28 25 27 0 0 0 13 0 0 0 17 12 4 0 0 0 9 8 0 0 0 44 42 40 0 0 0 0 49 0 0 46 47 0 33 37 32 0 0 38 22 0 0 0 0 0 0 
0 35 0 29 0 34 0 0 0 18 0 19 0 16 8 11 10 0 13 0 0 0 0 48 46 44 0 0 0 6 0 0 0 0 0 0 0 0 0 38 0 0 0 0 0 27 0 0 0 
16 21 0 0 0 0 0 0 0 0 0 5 7 2 0 0 45 0 48 47 0 29 33 0 0 30 0 35 0 0 39 0 0 0 0 0 0 0 22 0 0 0 0 9 14 0 0 11 0 
0 14 0 0 10 0 0 0 45 46 0 47 0 44 0 39 0 42 0 0 0 22 0 0 25 23 0 0 33 34 0 35 31 0 0 18 0 20 15 17 19 0 5 2 0 0 0 0 0 
37 42 39 36 0 0 0 0 24 0 0 0 0 23 0 18 17 21 0 19 0 1 0 6 4 0 0 0 0 13 11 0 0 8 0 46 0 48 0 0 47 0 33 0 0 34 31 32 0 
0 0 25 22 0 0 26 0 10 0 0 0 0 0 0 0 3 0 0 5 2 0 0 0 39 37 0 0 0 0 0 0 0 43 44 0 0 34 0 0 0 0 0 16 21 20 0 0 0 
0 0 0 0 45 48 0 34 0 32 29 33 0 0 22 25 0 0 0 0 23 0 0 0 11 9 0 14 0 0 18 0 0 15 0 0 0 6 0 0 5 7 0 0 0 0 38 0 0 
0 0 4 0 3 0 5 41 0 0 36 40 0 0 0 32 31 0 0 0 30 0 0 0 18 0 17 0 0 0 0 0 24 22 23 0 0 0 0 0 12 0 0 0 0 0 0 46 43 
0 0 26 0 0 0 27 0 11 12 9 13 0 0 0 5 0 8 0 0 3 0 0 42 0 38 0 43 0 0 0 1 0 44 0 0 31 0 30 0 0 36 0 0 0 21 18 19 16 
45 1 0 0 46 0 0 35 0 0 0 34 0 0 0 0 0 0 0 0 24 9 13 0 12 0 0 15 0 0 0 0 18 0 0 0 0 7 0 4 6 0 0 0 0 42 39 40 37 
0 0 0 2 0 0 0 0 39 0 37 0 0 0 0 33 0 0 35 34 31 0 0 0 0 0 18 0 27 28 0 29 0 23 0 12 0 0 9 11 0 0 0 0 0 0 0 47 44 
0 0 0 37 0 42 0 28 0 26 23 0 29 0 16 19 0 22 0 0 0 0 6 0 0 0 0 8 13 14 0 0 0 9 10 47 45 0 0 46 48 0 34 0 0 0 0 33 0 
31 0 33 0 0 35 0 21 0 0 0 0 22 0 0 12 0 15 0 0 0 0 48 0 0 0 0 0 6 7 0 0 0 0 0 0 38 0 0 0 0 43 0 0 29 28 0 0 23 
0 15 12 0 0 0 13 0 46 47 0 0 1 0 37 0 39 0 0 41 0 23 27 28 0 0 25 29 0 0 33 36 0 30 31 0 0 0 16 0 0 0 6 3 0 0 4 5 0 
0 22 19 16 0 0 20 7 0 0 0 0 0 3 0 0 0 0 0 48 0 0 0 0 0 0 0 36 0 0 0 43 0 0 0 26 0 28 0 0 0 0 13 10 15 0 0 0 0 
