7
46 0 0 0 0 0 49 20 17 0 16 0 21 18 0 0 0 0 0 0 0 0 0 0 0 0 12 14 0 0 22 0 23 0 24 0 0 42 37 41 38 0 0 0 29 34 0 0 0 
25 0 26 0 24 27 28 48 45 0 44 47 0 0 0 0 29 0 33 0 35 37 38 0 0 0 0 0 7 5 1 0 2 4 0 0 0 21 16 0 17 15 9 12 0 13 0 14 0 
0 8 0 0 0 0 0 34 0 0 0 33 35 0 20 0 0 16 19 17 0 0 24 27 22 0 0 0 0 40 0 41 0 0 0 0 0 7 2 0 3 0 0 0 0 0 46 49 0 
4 1 5 2 0 0 7 0 0 22 23 0 28 0 0 0 0 9 0 10 14 0 0 0 15 0 19 0 35 33 0 0 30 0 0 47 0 0 0 0 0 43 0 40 36 41 0 0 38 
32 0 33 30 0 0 0 0 3 0 0 0 0 0 0 0 0 0 40 0 42 0 0 48 0 0 0 49 14 12 0 0 0 0 0 0 0 0 23 27 24 0 0 0 15 0 0 21 0 
0 0 0 16 0 0 21 0 0 0 0 40 42 0 27 25 22 0 0 0 0 0 0 0 0 32 33 0 49 0 0 0 0 46 0 0 0 0 0 0 10 8 0 5 1 0 4 0 0 
39 0 40 0 0 41 0 0 10 0 0 0 14 0 0 46 43 0 0 45 0 0 3 0 0 0 0 0 0 0 0 20 16 18 0 33 0 35 30 0 31 0 0 26 22 27 0 28 0 
28 0 29 0 27 0 31 0 0 0 0 0 0 0 37 35 0 0 0 34 0 40 41 0 0 0 43 0 0 8 4 0 5 7 6 22 21 24 0 0 0 0 0 15 0 16 14 17 0 
21 18 22 0 0 23 0 0 0 0 0 0 45 0 0 0 25 0 0 0 0 0 0 0 32 0 36 0 0 0 0 0 47 0 0 0 0 0 0 0 13 0 5 8 0 9 7 0 0 
0 46 1 0 0 0 0 0 20 0 0 0 0 0 0 7 0 5 8 0 10 0 0 0 11 0 0 17 31 29 0 0 0 0 0 43 0 45 40 0 0 39 0 0 32 0 0 38 0 
35 0 36 0 0 0 38 9 0 0 0 0 10 7 0 0 39 40 43 0 0 0 48 2 0 49 1 3 17 15 0 0 12 14 0 0 0 0 0 0 27 25 0 22 0 0 0 0 20 
42 0 0 0 0 44 0 0 13 11 12 0 0 0 0 0 46 47 1 48 0 5 0 9 0 0 0 10 24 22 18 23 0 21 0 0 0 0 33 37 34 0 0 0 0 0 28 0 27 
0 0 8 5 0 0 0 30 0 0 0 0 0 0 0 0 0 0 0 0 0 19 0 0 18 21 0 0 0 0 0 37 33 0 0 0 49 3 0 0 0 46 40 43 39 44 42 0 41 
14 0 15 12 13 16 0 0 0 32 0 0 0 0 23 21 0 19 22 20 0 0 0 30 0 0 29 31 0 43 0 44 40 0 0 8 0 0 5 0 0 0 0 0 0 0 0 3 0 
0 42 46 43 0 0 0 0 16 0 15 18 0 0 5 0 0 0 0 2 0 8 0 0 0 10 0 0 0 0 21 26 22 0 0 39 38 41 0 0 0 35 0 0 0 0 31 0 0 
0 35 39 0 0 40 0 0 0 0 8 0 0 10 47 45 0 43 0 0 0 0 0 0 49 0 4 0 20 0 0 19 0 0 16 32 31 0 0 0 30 0 22 25 21 0 0 27 23 
0 0 0 0 0 33 0 0 0 0 1 0 0 0 0 0 0 36 0 37 0 43 0 47 0 0 0 48 0 0 7 0 8 0 9 25 0 27 0 0 0 21 0 0 14 19 17 0 0 
10 0 11 0 0 12 13 33 30 0 29 0 34 0 0 0 14 0 0 0 0 0 0 26 21 24 25 0 41 0 35 0 36 38 0 4 3 0 0 0 0 49 0 0 0 0 0 48 44 
0 0 4 0 0 0 0 0 23 0 0 0 0 24 0 0 0 0 0 0 13 15 0 0 0 17 18 0 0 0 28 0 0 0 30 46 0 0 43 0 0 42 0 39 35 40 0 0 0 
0 0 0 15 0 0 20 0 37 35 0 0 0 0 26 24 21 22 25 23 27 29 0 0 0 31 0 34 0 0 42 0 0 45 44 11 10 0 0 12 0 0 1 0 0 0 0 0 2 
0 21 0 0 0 0 0 0 44 42 0 46 0 0 0 0 0 29 0 0 0 36 37 40 0 38 39 41 0 4 49 0 0 0 0 0 17 20 0 0 0 14 8 11 0 0 0 13 9 
20 17 0 18 0 0 0 0 40 0 0 0 0 0 29 0 0 25 28 0 0 32 33 0 31 34 35 0 0 0 0 1 46 0 0 14 0 16 11 0 12 0 4 0 0 0 6 0 5 
48 45 0 46 47 0 0 0 19 0 0 21 23 0 0 6 0 0 0 0 0 11 0 0 0 13 0 16 0 0 24 0 0 27 0 42 41 44 39 0 0 0 0 0 0 0 34 0 33 
34 0 0 32 0 36 0 0 0 0 4 7 0 6 43 41 38 0 0 0 0 46 0 0 45 48 49 0 16 0 0 0 11 13 0 28 27 30 0 0 0 0 18 21 0 0 0 23 0 
0 10 14 0 0 0 16 0 33 0 32 0 0 0 0 0 0 0 0 0 23 0 0 0 24 27 28 0 0 0 38 0 0 0 40 7 0 0 0 0 0 3 0 49 45 1 0 0 47 
41 38 42 0 0 0 0 15 0 10 11 14 0 0 0 0 0 46 0 0 0 0 0 8 0 6 0 0 23 0 0 0 18 0 19 0 0 0 32 0 0 0 0 0 24 29 0 30 26 
0 3 0 0 0 0 0 0 0 24 0 28 0 27 0 0 10 0 14 0 16 0 0 0 0 0 21 23 0 0 0 0 0 0 33 0 48 2 0 0 0 0 39 0 38 43 0 44 40 
27 0 28 0 0 29 30 0 47 0 0 49 0 48 0 34 31 0 0 0 37 0 40 43 0 0 0 44 9 7 0 8 4 0 0 21 0 0 0 0 19 0 11 14 0 0 0 0 0 
8 5 0 0 0 10 11 31 0 0 0 0 0 29 17 0 12 0 16 0 0 0 21 0 19 0 0 0 0 37 33 38 34 0 35 0 0 0 48 0 49 0 0 0 0 0 0 46 0 
0 0 0 41 42 0 0 17 14 0 0 0 0 15 3 0 0 0 2 0 0 6 0 0 0 8 0 11 0 0 0 24 20 0 21 0 36 0 0 38 35 33 0 0 0 31 29 0 0 
36 33 37 0 35 38 39 0 7 0 6 0 0 0 45 0 0 0 0 42 0 0 0 3 0 1 2 0 18 0 0 17 0 0 0 0 29 0 27 31 0 26 0 23 19 0 22 25 21 
0 0 16 0 0 0 0 38 0 33 0 0 39 36 0 22 19 20 23 21 0 0 28 31 26 29 0 32 0 44 0 0 0 0 0 0 0 11 0 0 7 0 48 0 0 3 0 4 0 
0 0 30 0 28 0 0 0 0 0 48 2 0 0 0 0 33 34 0 35 0 41 0 0 0 43 0 46 0 0 5 0 6 0 0 0 0 25 0 24 21 19 0 16 0 0 0 18 0 
0 0 0 0 0 3 0 0 0 19 20 0 0 0 10 0 0 0 9 0 11 0 0 0 12 0 0 0 0 0 0 0 27 29 28 44 0 46 0 45 0 40 0 0 33 38 0 39 35 
22 19 0 0 21 0 25 0 0 0 41 0 0 0 0 0 0 0 0 0 0 34 35 0 33 0 0 0 0 0 47 3 0 0 49 0 0 0 13 17 14 0 0 0 5 10 0 11 0 
0 30 0 31 32 0 36 0 0 0 0 0 8 5 0 0 0 38 0 0 43 45 46 49 44 47 0 0 0 13 0 14 0 0 11 0 0 29 0 28 0 0 0 20 0 0 19 22 0 
0 37 0 0 0 0 0 0 11 0 10 13 15 12 0 47 44 45 0 46 0 0 4 7 2 0 0 0 0 20 16 21 0 19 0 34 0 36 0 0 0 0 24 0 0 0 0 0 25 
0 0 0 10 11 0 15 0 0 0 0 34 0 0 0 0 0 17 0 0 22 24 0 28 0 26 27 29 43 41 37 0 0 0 39 6 0 8 3 0 4 0 0 48 0 0 0 0 0 
5 0 0 3 0 0 0 0 0 0 0 27 0 26 0 0 9 10 0 0 0 0 18 21 0 0 0 22 36 0 0 35 31 0 32 0 0 0 45 0 46 0 0 0 0 42 40 0 39 
0 23 0 0 25 0 29 49 46 0 0 48 0 47 35 0 30 31 34 0 36 0 0 42 0 40 0 43 0 6 0 0 3 0 0 0 0 22 17 0 18 0 10 13 9 14 0 0 11 
19 16 20 17 0 21 0 0 0 0 0 0 43 0 28 26 23 0 27 25 29 31 32 0 0 33 34 36 1 0 44 0 0 0 0 0 12 0 0 0 0 0 3 6 2 7 0 0 0 
0 44 0 45 0 0 0 0 18 16 17 0 0 0 0 0 2 0 0 4 0 0 0 14 0 12 0 15 0 0 0 0 24 26 25 0 0 43 38 0 39 0 31 0 30 35 0 0 0 
0 0 0 0 0 46 0 0 0 13 0 17 19 0 0 2 0 49 0 1 5 7 0 0 6 9 0 12 0 0 20 0 0 0 22 0 37 0 35 0 0 0 0 0 0 0 0 33 29 
0 20 0 21 0 25 0 46 43 0 0 0 0 44 32 30 0 0 0 0 33 0 0 39 34 0 38 40 0 3 0 4 0 0 0 0 0 19 0 18 0 0 0 10 0 0 0 0 0 
2 48 0 0 0 4 0 25 22 0 0 0 0 0 0 9 6 0 0 0 0 0 0 0 0 16 0 0 0 0 0 0 0 30 0 0 0 47 42 0 0 0 0 38 0 0 37 0 36 
0 0 38 0 0 0 0 0 0 6 7 10 0 9 0 0 0 42 0 0 0 49 0 0 0 0 3 5 0 17 0 18 0 16 0 31 0 33 0 32 0 0 0 0 0 25 0 0 0 
30 0 0 0 0 32 0 4 0 0 49 0 0 2 0 37 0 0 0 0 40 42 43 0 0 44 0 0 12 10 0 11 7 9 0 0 0 0 0 0 0 20 0 0 0 18 16 19 15 
0 0 10 7 0 11 0 32 0 27 28 0 0 30 18 16 0 0 17 0 0 21 22 25 0 23 0 26 40 38 0 0 0 0 0 3 0 0 0 4 1 48 42 0 0 46 0 47 0 
0 13 17 0 15 0 0 0 36 34 0 38 0 0 25 0 0 21 0 0 0 0 0 32 27 0 0 33 0 0 0 0 0 44 43 0 0 0 0 0 8 0 49 0 0 4 2 0 1 
