7
0 0 0 0 36 38 39 31 29 27 0 0 0 30 15 0 0 14 0 0 0 0 0 0 0 0 43 0 48 49 3 5 0 0 0 0 0 0 0 0 0 8 0 0 0 0 0 0 0 
49 0 48 2 0 0 0 45 43 0 0 0 46 0 29 31 0 0 0 0 0 12 0 0 11 0 0 0 0 0 0 19 0 16 0 0 0 0 25 20 24 0 35 0 0 0 0 0 0 
21 0 0 0 0 0 25 0 0 0 0 0 0 0 0 0 0 49 0 4 0 0 0 31 0 28 0 30 34 0 0 40 0 37 0 0 0 47 0 0 0 0 0 0 0 9 0 0 0 
0 0 0 0 0 45 0 0 0 0 40 35 0 0 0 0 0 0 0 25 0 0 0 3 0 0 0 0 6 0 10 0 8 0 0 0 0 0 0 0 0 0 0 29 0 30 0 0 0 
7 0 6 0 0 0 0 3 1 0 5 49 0 0 36 38 0 35 0 0 37 0 0 0 0 14 15 0 0 21 0 26 0 23 0 0 30 33 0 0 0 0 42 0 0 0 46 0 0 
14 19 0 0 0 0 0 10 0 0 0 0 0 0 0 0 0 0 0 46 0 0 20 0 0 0 0 0 27 0 0 33 29 0 0 35 37 0 0 0 0 36 0 1 5 0 0 0 0 
0 0 0 0 29 0 0 24 22 0 0 21 0 0 0 0 0 0 0 11 9 40 0 0 0 35 0 0 0 0 45 47 43 44 0 0 0 0 0 0 0 0 0 0 0 0 0 0 0 
0 0 0 0 0 0 37 0 27 25 0 26 0 0 13 15 0 0 17 16 14 0 0 0 0 40 0 0 0 47 0 0 0 0 0 5 0 0 9 0 0 6 0 20 0 0 0 0 18 
0 0 4 0 0 8 0 1 0 0 0 0 2 0 0 0 0 0 38 0 0 0 11 0 16 12 13 14 0 0 0 24 20 21 0 26 0 0 0 25 0 0 40 41 0 0 0 0 0 
19 0 0 0 20 0 23 0 13 0 0 0 0 0 0 0 46 47 0 0 0 0 0 29 0 26 0 28 0 0 36 0 34 35 0 0 0 0 0 39 43 0 0 0 0 0 9 0 0 
47 0 0 49 48 1 2 0 0 39 45 0 0 0 0 0 25 0 31 30 0 0 4 0 0 0 0 7 0 0 0 0 0 0 16 0 21 24 0 0 0 0 0 0 0 0 37 0 32 
0 0 0 42 0 43 44 0 34 32 0 0 0 35 20 0 0 19 24 23 0 3 0 0 2 0 48 0 0 5 8 0 0 7 0 12 0 17 0 11 15 0 0 0 0 0 30 0 0 
0 31 0 0 0 0 0 22 0 0 0 0 0 0 0 8 4 0 10 0 0 0 0 0 0 0 0 35 0 40 0 0 0 0 0 47 0 3 0 0 1 0 0 13 17 14 16 15 0 
0 17 0 0 0 0 0 0 6 4 0 0 9 0 0 0 0 0 0 44 0 0 0 0 0 19 20 21 0 0 29 0 0 28 0 0 0 0 0 32 0 0 0 0 3 0 0 1 46 
0 0 0 0 0 0 0 0 0 14 0 0 0 17 0 0 0 0 6 5 0 0 28 0 0 29 0 0 0 0 0 0 0 0 40 0 0 0 47 42 46 44 0 0 13 10 0 0 0 
0 0 0 0 0 0 19 0 9 7 0 0 0 0 0 0 0 0 0 0 0 0 0 25 0 0 23 0 28 29 0 0 0 0 33 0 0 0 0 35 0 0 1 2 0 0 0 4 49 
0 0 0 38 0 39 0 0 0 0 0 0 33 0 0 0 14 0 0 0 0 48 42 0 47 0 0 0 49 0 4 6 0 0 0 8 0 0 0 0 11 0 0 23 0 0 0 0 0 
0 6 0 3 2 4 0 0 44 0 0 0 47 45 0 32 28 0 0 0 0 13 7 0 0 8 9 0 14 0 0 0 16 17 0 0 0 0 0 0 25 0 0 0 0 38 40 0 35 
0 0 0 0 0 0 47 0 37 35 0 0 40 38 0 0 21 22 27 26 24 0 49 0 0 0 2 0 0 0 0 13 0 0 12 0 17 20 19 14 0 0 0 0 34 31 0 0 28 
8 0 7 0 0 0 0 4 0 0 0 0 0 3 37 0 35 36 0 0 0 0 0 0 0 15 0 0 0 0 0 0 0 0 0 0 0 0 0 0 0 0 0 0 0 0 0 46 0 
0 34 0 0 0 32 0 0 0 0 0 22 0 24 9 0 0 8 0 12 0 0 0 0 40 0 0 0 0 0 0 0 0 0 47 0 0 0 0 0 0 0 0 16 0 0 0 0 0 
0 1 44 0 46 0 49 0 0 0 0 0 42 0 0 0 23 0 0 0 0 0 0 0 0 0 0 0 9 0 0 15 11 12 0 0 0 0 0 0 20 0 0 32 36 33 35 0 30 
0 0 9 12 0 13 0 0 4 0 0 0 0 0 39 0 0 0 43 0 40 0 16 0 21 0 18 19 23 0 27 29 0 0 28 0 0 36 0 0 0 32 0 0 0 0 0 48 44 
0 0 0 0 0 0 7 0 46 44 1 45 0 0 0 0 0 0 0 35 0 15 9 0 0 0 11 0 16 17 0 0 18 0 0 24 26 0 0 23 27 0 38 39 43 0 0 0 0 
0 0 37 0 0 0 0 34 0 0 36 31 0 0 0 0 0 17 22 21 0 0 0 0 0 0 46 47 0 0 0 0 4 0 0 0 0 0 0 9 0 0 0 0 29 0 0 0 0 
17 0 0 0 0 0 0 0 11 0 0 0 0 0 46 0 0 0 0 0 47 0 0 0 0 24 0 0 30 0 34 0 32 33 35 0 40 0 42 0 41 39 0 0 8 5 0 6 0 
0 29 0 0 0 0 0 0 0 0 0 0 21 19 0 6 2 0 0 7 0 36 0 34 35 31 32 0 37 0 0 43 0 40 0 0 0 0 49 44 0 0 10 11 0 0 14 13 9 
31 0 0 0 0 34 0 27 0 0 29 0 28 26 0 0 0 10 0 14 12 0 0 41 0 38 0 40 44 0 0 0 0 0 0 0 5 0 0 0 6 0 0 18 0 0 21 20 0 
0 4 0 0 49 0 0 0 0 40 46 0 0 0 0 0 26 0 32 0 0 0 5 0 10 0 0 0 0 0 0 18 0 0 0 0 22 0 0 19 0 0 34 0 0 0 38 37 0 
0 0 0 0 0 0 0 0 0 0 0 0 31 29 0 0 0 0 0 17 0 46 0 0 0 41 42 43 0 48 0 0 0 1 0 0 8 11 0 0 9 7 0 0 0 0 24 0 19 
6 11 0 8 0 0 0 2 49 0 0 0 3 0 0 37 0 34 0 38 0 18 0 0 0 0 0 0 19 0 23 0 0 0 0 0 0 0 31 0 0 0 0 42 0 43 0 0 40 
0 18 12 0 0 0 0 0 0 5 0 6 0 0 0 0 0 0 0 0 43 25 0 0 0 0 0 22 0 0 0 0 28 29 31 34 0 39 0 0 0 0 48 0 0 0 0 0 0 
0 32 26 0 28 0 0 0 0 0 25 0 24 22 0 0 0 0 11 0 0 0 33 0 38 0 0 0 0 0 0 0 0 0 45 0 0 4 0 47 2 0 0 14 18 15 0 0 12 
0 25 0 0 0 0 0 0 0 0 18 0 17 0 0 0 0 0 0 0 0 32 0 30 0 27 0 0 0 34 0 0 0 0 38 0 0 0 0 0 0 0 0 7 0 0 0 0 0 
0 46 0 43 0 0 0 37 0 33 39 0 0 0 0 0 0 20 25 0 0 0 47 0 3 48 0 0 0 0 9 11 0 0 10 13 0 18 0 12 16 0 0 0 0 0 0 0 26 
0 0 45 0 0 49 0 42 40 38 0 39 43 0 0 28 0 0 0 0 0 9 0 7 8 0 5 6 0 0 0 16 0 0 0 0 0 23 0 0 21 0 0 0 0 0 0 35 31 
0 0 17 20 0 21 0 0 0 0 0 0 0 13 0 49 45 0 0 0 0 30 0 0 0 0 0 27 0 32 0 37 0 0 36 0 0 44 43 0 0 0 0 0 0 0 0 0 0 
0 9 0 0 0 0 8 49 0 0 0 0 0 0 33 0 0 32 0 36 34 16 0 0 0 0 0 0 0 18 21 23 0 20 0 0 0 0 29 24 28 0 0 0 44 41 0 0 38 
0 44 0 41 0 0 0 0 0 0 0 0 0 34 0 0 17 0 23 0 0 0 0 0 1 0 0 0 0 0 0 9 0 0 8 0 13 16 0 0 14 12 0 0 0 27 0 0 0 
32 0 0 34 0 35 0 0 0 0 0 25 0 0 12 0 10 0 0 0 13 0 0 42 0 39 40 41 0 0 0 0 0 0 0 0 0 9 8 3 7 0 18 0 0 0 0 0 0 
0 16 10 0 0 0 15 7 5 0 0 0 0 0 40 0 38 39 44 43 41 0 0 0 0 18 19 20 0 0 0 0 0 0 0 0 0 0 36 31 35 33 0 47 0 0 0 49 0 
0 30 0 0 0 28 0 0 0 17 0 0 0 0 5 7 0 0 0 8 6 0 0 0 36 0 0 34 0 39 0 0 0 0 0 0 0 0 0 0 0 0 11 0 16 13 0 0 0 
0 0 0 0 17 19 0 0 10 0 0 0 13 0 0 0 0 0 0 48 0 0 0 26 0 0 0 0 0 30 0 0 0 0 0 0 0 42 0 0 0 0 0 0 7 0 0 0 0 
0 28 0 0 0 26 27 19 0 15 0 16 0 18 3 0 0 2 0 0 0 35 0 0 0 0 0 0 0 0 0 0 38 39 41 0 46 0 0 0 47 0 9 0 0 0 0 0 8 
0 0 0 0 0 0 0 0 31 0 0 0 0 32 17 0 15 16 0 0 0 0 0 47 0 44 0 0 0 0 0 7 3 0 0 0 0 0 0 0 0 0 0 24 28 0 27 26 0 
0 0 8 0 0 0 13 5 0 0 0 2 0 0 0 40 0 0 0 41 0 21 0 0 0 0 0 18 0 23 26 0 0 0 27 30 0 0 0 29 33 0 0 0 0 0 0 47 0 
2 7 0 0 0 5 0 47 45 43 0 44 48 0 0 0 0 30 0 34 0 0 0 0 0 0 0 11 0 16 19 0 0 18 0 23 25 28 27 0 0 24 0 0 0 0 0 40 0 
0 0 0 0 31 33 0 0 0 0 0 23 27 0 10 0 0 0 0 0 11 42 0 0 41 0 0 0 0 0 0 49 0 0 0 0 0 7 0 1 0 0 0 17 0 18 20 0 15 
0 0 0 0 0 0 48 0 0 0 0 0 0 0 24 26 22 23 0 0 0 0 0 0 0 0 0 4 0 9 12 0 10 0 0 16 0 0 20 15 19 0 0 0 0 32 0 33 29 
