7
5 6 0 2 0 4 3 0 0 28 27 0 22 0 0 0 0 0 0 0 46 0 36 0 0 0 42 41 13 0 11 14 0 0 0 0 30 35 31 0 0 0 0 21 0 0 19 16 20 
19 0 0 0 15 18 0 37 0 42 0 40 0 0 14 0 0 13 0 0 11 5 0 0 3 0 0 0 27 0 0 28 26 0 0 0 44 49 0 0 0 0 0 35 29 0 0 0 34 
0 0 0 0 0 0 38 0 0 0 0 12 0 0 0 30 0 0 0 0 32 0 22 23 24 25 0 27 48 0 0 0 47 0 0 0 0 0 0 0 0 18 0 7 0 0 0 2 0 
0 34 35 0 0 0 0 2 0 7 0 0 0 3 0 23 24 27 0 0 25 0 0 16 17 0 0 0 41 0 0 0 40 0 0 0 0 0 10 12 0 0 0 49 0 0 47 0 0 
0 0 0 23 0 0 24 0 46 0 0 0 43 45 0 16 0 0 0 0 0 0 8 0 10 0 0 0 0 29 0 0 0 0 0 0 0 0 0 5 6 4 0 0 36 39 0 37 0 
47 0 49 44 43 46 0 0 0 21 0 0 0 0 0 0 0 41 40 36 0 0 0 30 0 32 0 34 0 0 0 0 5 0 0 22 0 0 0 0 0 0 0 0 0 0 0 0 0 
12 13 0 9 0 0 0 30 0 35 0 33 0 0 0 2 0 0 0 0 4 0 43 0 45 0 49 0 0 15 0 0 0 17 0 0 0 42 38 0 0 0 24 28 0 0 0 23 0 
43 44 0 0 0 0 0 12 14 17 0 15 11 0 38 0 34 0 0 0 0 0 25 0 27 0 0 0 2 0 0 0 0 0 0 18 0 0 20 22 0 0 0 0 0 0 0 0 0 
0 0 0 5 0 7 0 0 0 0 30 0 0 27 0 0 48 0 0 0 0 0 0 40 41 0 45 0 0 11 0 17 0 0 0 32 33 0 34 0 0 0 0 0 0 0 0 0 0 
29 0 0 0 0 0 0 47 49 0 0 1 0 48 24 19 0 23 0 0 21 0 11 0 0 0 0 0 37 0 35 38 36 0 33 0 0 10 0 0 9 0 0 45 39 0 0 40 0 
0 0 17 0 0 14 0 0 35 0 37 0 0 0 0 0 0 0 8 4 0 0 46 0 0 49 0 0 23 18 0 0 0 0 0 0 40 45 0 43 44 42 27 31 0 28 29 0 0 
36 0 0 33 0 35 0 0 0 0 0 0 0 0 0 26 27 0 0 0 0 22 0 0 0 0 0 0 0 0 0 0 43 41 0 11 12 0 0 15 0 0 48 3 0 49 0 47 0 
0 2 0 0 0 0 0 0 0 24 0 0 18 0 0 40 0 0 0 0 0 36 0 0 0 0 0 0 0 4 0 0 0 0 5 0 0 0 0 0 30 0 0 0 11 14 0 0 16 
0 0 0 19 18 21 0 0 42 0 0 43 0 0 0 0 0 0 0 11 0 0 4 0 6 0 0 0 0 25 0 0 0 0 26 0 0 0 48 0 0 0 0 0 0 35 0 0 0 
0 0 0 0 0 0 14 34 36 0 38 0 0 0 11 6 0 10 0 0 8 0 47 0 0 0 0 0 0 0 0 0 23 0 0 0 0 0 0 44 0 43 0 32 26 0 0 0 0 
30 0 32 0 0 29 28 0 0 0 0 2 0 0 0 20 21 0 23 0 0 16 0 0 0 0 0 17 0 33 36 0 37 35 34 5 6 0 7 0 10 0 0 0 0 43 0 0 0 
0 45 0 0 40 0 0 0 0 0 0 0 0 0 39 0 0 0 37 0 0 30 26 0 28 0 0 0 0 0 0 0 0 0 0 0 0 25 0 0 24 0 0 0 5 0 0 0 10 
0 0 0 0 0 22 0 0 0 46 0 0 0 0 18 13 14 0 0 12 0 0 5 0 0 0 11 10 0 0 29 0 0 0 0 0 48 4 0 0 3 1 35 0 0 0 0 0 0 
0 0 0 0 33 0 0 6 0 0 0 0 0 7 32 0 0 0 0 0 0 0 19 0 0 0 0 0 0 0 0 46 0 0 0 12 0 0 14 0 0 15 0 4 0 1 0 0 0 
0 0 0 0 0 0 0 0 0 0 0 30 0 0 4 0 49 0 0 47 1 44 40 0 0 0 0 45 17 0 0 18 0 0 0 0 34 39 35 37 0 0 21 0 0 0 0 0 0 
0 0 0 0 0 0 49 0 0 0 24 0 0 0 0 0 42 0 44 0 0 0 0 0 0 0 39 0 10 0 8 0 0 0 0 26 0 0 0 0 31 29 14 0 0 15 0 13 0 
0 15 16 11 10 0 0 0 34 0 0 35 31 0 0 0 0 0 0 0 6 0 0 0 0 0 0 0 0 0 0 23 21 0 18 0 39 0 0 42 0 0 26 0 0 0 0 0 0 
0 0 30 0 24 0 0 0 0 2 0 0 0 47 23 0 0 0 0 17 20 0 0 0 12 0 16 0 0 31 0 0 35 0 0 3 4 0 5 0 8 0 0 0 0 0 0 0 43 
0 0 0 0 0 0 0 0 0 0 15 14 10 0 0 32 0 0 0 0 0 28 0 0 26 0 0 0 1 0 0 0 49 0 0 17 0 0 0 0 0 20 0 9 3 0 0 0 0 
0 8 0 0 0 0 0 25 0 0 0 0 0 26 0 46 47 0 49 45 0 0 38 0 40 41 0 43 0 0 0 16 14 0 0 31 32 0 0 0 0 34 0 0 17 0 0 18 0 
0 0 2 46 45 0 0 0 0 0 0 0 17 19 0 0 40 0 0 38 0 35 31 0 33 0 0 0 8 0 0 0 0 0 4 0 0 0 0 28 29 27 0 0 0 0 0 0 0 
0 0 37 0 0 0 0 0 0 0 0 0 0 0 0 0 26 0 0 0 27 0 17 0 19 20 0 0 0 0 41 44 0 0 0 0 11 0 12 0 0 0 0 2 0 0 0 0 0 
21 0 0 0 0 0 0 0 0 0 43 0 0 0 16 0 12 0 0 0 13 7 0 0 0 6 0 0 0 0 0 0 0 26 25 0 46 0 47 0 1 0 33 37 31 0 0 0 36 
0 0 0 43 0 0 44 0 0 20 19 0 14 16 41 36 37 0 0 0 0 0 0 29 0 0 0 0 0 0 0 0 4 0 0 21 22 27 0 25 26 0 0 13 0 10 0 0 0 
0 0 6 1 49 0 0 22 0 0 0 0 0 0 0 43 0 0 0 0 0 0 0 0 37 0 0 0 0 7 0 13 0 9 0 0 0 0 0 0 0 0 0 0 0 17 18 0 0 
0 0 0 0 0 0 0 0 0 0 0 32 0 0 0 1 0 0 0 0 0 0 0 43 44 0 48 0 0 0 0 0 18 16 0 0 0 0 0 0 0 38 23 0 21 0 25 0 26 
0 0 0 0 0 0 0 0 0 0 0 0 0 0 27 0 23 0 25 0 0 0 0 0 16 17 0 0 40 35 0 41 0 0 0 7 8 0 0 0 0 10 44 0 0 0 0 43 47 
0 0 20 15 14 17 0 36 38 0 40 39 35 37 0 0 0 0 0 0 0 0 0 0 0 0 0 5 26 0 0 0 0 0 0 42 43 0 44 46 0 0 0 0 0 0 32 0 33 
0 0 0 0 0 0 0 0 0 0 0 46 42 0 0 15 0 19 0 0 17 0 0 0 0 0 0 0 33 0 0 0 0 30 0 0 0 6 0 0 0 0 37 0 0 0 39 0 0 
0 0 0 36 35 38 0 0 0 0 0 0 7 0 34 29 0 33 0 0 0 0 21 0 0 24 27 0 0 0 0 0 46 0 43 0 0 20 16 0 0 0 0 0 0 0 4 0 0 
17 0 0 0 0 0 0 0 37 0 0 0 0 36 0 0 0 0 0 0 0 0 0 0 0 2 0 0 0 0 0 0 0 0 0 0 0 47 0 0 0 0 0 0 0 0 31 0 0 
31 0 0 28 0 0 29 0 2 0 0 0 0 0 0 21 0 0 0 0 23 0 0 14 15 0 0 0 39 34 0 40 0 0 0 0 0 0 8 0 0 0 43 47 0 0 45 0 0 
0 0 0 0 0 0 22 0 44 0 0 45 41 0 0 14 15 0 0 13 16 10 0 0 0 0 12 11 0 0 0 0 0 0 0 48 0 5 0 0 0 0 0 0 0 0 0 0 39 
10 0 0 0 0 0 0 0 0 0 0 0 0 0 5 0 1 4 3 48 0 0 0 0 43 0 0 0 0 0 16 0 0 0 0 34 35 40 0 0 39 37 22 26 20 0 0 21 0 
0 0 0 0 48 0 0 21 23 26 0 0 0 22 0 0 0 0 45 0 44 0 34 0 36 0 0 0 0 0 9 0 10 0 7 27 0 0 0 0 0 0 0 0 0 0 0 0 0 
0 0 40 0 0 0 36 0 0 12 0 0 0 0 0 28 0 32 31 0 0 0 0 21 0 0 26 0 0 41 0 0 45 0 0 0 14 0 0 0 0 0 0 5 0 2 3 0 0 
0 0 47 42 0 0 0 0 0 19 0 17 0 0 0 35 0 0 0 34 37 0 0 0 0 0 0 0 0 0 0 0 3 0 0 20 0 0 22 0 0 0 0 0 0 0 10 7 0 
20 0 0 0 16 0 0 38 0 43 0 0 0 0 0 10 0 0 0 9 0 0 0 0 0 5 0 7 28 0 0 29 0 0 0 0 45 1 0 0 0 0 0 0 0 0 0 31 35 
13 0 15 0 0 0 11 0 0 0 35 0 0 32 0 0 0 0 0 2 0 0 44 0 0 0 1 49 0 0 0 22 0 18 0 37 0 0 0 0 0 0 25 0 0 0 0 0 0 
0 35 0 31 30 33 32 0 5 0 0 6 0 0 29 24 0 28 27 0 26 20 0 0 0 0 0 0 0 0 0 0 41 0 0 0 0 0 11 0 0 12 46 0 0 0 0 45 0 
0 0 0 0 0 40 0 0 0 0 14 13 9 0 0 31 0 0 0 30 0 27 23 0 0 26 0 0 0 44 0 0 0 0 0 0 0 0 18 20 0 19 0 0 0 0 6 3 7 
0 0 8 0 2 0 0 0 0 0 0 0 0 0 0 0 46 0 0 0 0 0 0 38 0 40 0 42 0 0 0 15 0 0 0 0 0 36 0 0 0 33 0 0 0 19 0 17 21 
0 49 1 0 0 0 0 0 0 0 0 0 0 0 0 38 0 0 0 0 0 34 30 0 32 33 0 0 0 2 5 0 0 0 0 0 0 0 25 0 0 0 0 0 9 0 0 0 14 
0 0 29 0 0 0 25 45 0 0 0 0 0 46 22 17 0 0 0 0 0 0 0 10 0 0 15 0 0 0 0 0 0 32 31 2 0 8 0 6 0 0 39 43 37 0 0 38 42 
