7
6 0 9 0 4 7 5 0 0 0 34 0 0 32 0 0 12 0 0 16 0 0 22 18 0 21 0 17 0 0 29 0 0 0 30 0 0 0 0 41 0 0 0 0 0 0 0 0 0 
20 17 23 0 18 0 0 0 0 47 0 0 0 0 0 0 26 28 0 0 24 0 0 32 0 0 34 31 0 0 43 0 0 0 0 8 4 0 0 6 0 0 0 0 15 0 0 12 0 
0 45 0 1 46 49 47 0 24 0 0 29 30 0 0 0 0 0 0 9 0 12 15 11 0 14 0 0 0 0 0 18 0 0 0 0 0 0 0 0 0 37 38 0 0 42 41 40 0 
0 38 44 0 39 42 40 21 0 0 20 0 23 0 0 0 0 0 0 0 0 0 0 4 0 0 6 3 0 0 0 0 13 0 0 0 0 0 0 0 28 0 0 0 0 0 34 0 0 
0 0 30 0 0 28 0 7 0 5 0 0 9 0 0 0 0 35 36 0 31 40 43 39 44 0 0 0 47 0 0 46 48 0 0 15 11 0 0 0 14 0 17 0 0 0 0 19 0 
13 0 0 0 0 0 12 42 38 0 0 43 44 39 0 18 0 0 0 0 0 26 0 0 0 0 0 0 0 35 36 0 34 0 0 0 0 47 45 0 49 2 0 9 0 0 0 5 4 
0 0 0 36 32 35 33 0 0 12 0 0 16 0 41 39 40 42 43 0 38 0 0 0 0 0 48 0 0 7 0 0 0 0 0 0 18 0 17 0 0 0 0 0 0 0 0 0 0 
5 0 0 7 3 0 4 34 0 0 0 0 0 0 0 0 11 0 0 0 0 18 0 17 22 20 19 0 0 27 0 0 0 0 0 42 0 39 0 0 0 0 0 0 0 48 47 0 0 
0 0 0 21 0 0 0 0 44 0 47 0 0 0 26 0 0 0 0 0 0 0 0 0 36 0 33 0 39 0 0 0 0 0 43 7 0 0 2 5 0 0 0 15 0 0 0 0 0 
0 0 0 35 0 0 0 13 9 0 0 0 15 0 0 0 0 41 42 0 37 0 49 45 0 0 47 44 0 0 0 0 0 0 0 0 0 0 16 0 0 22 23 0 0 0 0 0 0 
0 0 0 0 0 0 0 6 0 0 5 0 8 0 0 31 32 0 0 36 0 0 0 0 43 0 0 0 46 48 49 45 0 44 0 0 0 0 0 12 0 0 0 0 21 0 0 0 0 
0 0 0 42 0 41 0 0 0 0 19 0 0 0 0 0 46 0 49 1 44 0 7 0 0 0 0 2 11 0 14 0 0 0 0 0 0 0 0 0 0 0 0 0 0 0 0 0 31 
0 44 0 49 0 0 0 0 23 25 0 0 0 24 0 0 0 0 0 8 0 11 0 10 0 13 12 9 0 0 21 0 19 0 0 0 0 32 0 0 34 0 0 0 42 0 0 39 0 
0 0 0 0 10 13 11 41 37 0 0 0 0 0 0 0 0 0 0 0 16 25 28 24 0 0 0 0 0 0 0 0 0 0 36 0 45 0 0 0 48 1 0 0 0 0 5 0 3 
31 28 34 0 0 0 0 0 0 9 10 0 13 0 0 0 37 0 0 0 35 0 47 43 0 46 0 0 2 0 5 0 3 0 0 19 0 0 14 0 0 20 0 0 0 0 0 23 0 
3 0 0 5 1 0 0 0 28 0 0 0 34 0 0 8 0 0 0 13 7 0 0 0 0 18 17 14 23 0 0 0 24 0 0 0 0 0 0 0 0 0 42 0 0 0 0 0 0 
0 14 0 19 0 18 16 0 0 0 0 0 0 0 0 0 0 0 0 0 0 0 0 0 0 32 0 28 0 0 0 0 38 0 0 5 0 2 49 0 0 0 0 0 0 0 0 9 0 
10 0 0 0 0 0 0 0 0 37 0 0 0 0 0 0 0 0 0 0 14 0 0 0 0 0 24 21 0 0 33 0 31 0 0 0 0 44 42 0 46 0 0 6 0 4 3 2 0 
0 0 0 0 0 0 37 0 0 16 0 0 0 0 0 0 0 46 0 48 42 0 0 0 0 0 3 0 9 0 0 0 10 7 13 0 0 0 21 0 0 0 0 0 33 0 0 30 0 
0 42 0 0 0 46 0 0 0 0 24 0 0 0 0 0 2 0 0 6 0 0 12 0 0 11 10 0 0 18 19 0 0 0 0 33 29 0 0 31 32 0 0 0 0 0 0 0 0 
0 21 27 0 22 0 0 0 0 2 3 0 6 0 31 0 30 0 0 0 0 37 0 0 0 0 0 0 0 0 0 0 0 42 48 0 0 0 7 0 0 0 0 20 0 18 0 16 0 
0 0 47 0 0 0 0 24 0 0 23 0 0 21 2 0 0 3 4 0 0 0 11 0 0 0 0 0 15 0 18 0 0 13 0 0 0 0 27 0 0 0 0 0 0 38 0 0 0 
30 27 33 0 0 0 0 0 0 0 0 0 0 0 0 0 0 38 0 0 0 0 46 42 47 0 44 41 1 3 4 0 0 0 0 0 0 0 0 16 17 19 0 0 0 0 0 22 0 
0 0 26 0 0 0 0 0 0 0 0 4 0 0 0 28 0 0 0 33 0 36 39 0 0 0 0 0 43 45 0 0 0 0 47 11 0 0 0 0 0 0 0 0 18 17 16 15 14 
2 48 0 0 0 0 0 0 0 0 30 0 33 0 0 7 8 0 0 12 0 0 18 0 0 0 16 0 0 0 0 21 23 0 0 39 0 0 34 0 0 0 0 47 0 0 0 0 0 
0 0 40 0 0 0 0 0 0 0 0 18 19 0 0 42 43 45 0 0 0 0 0 0 5 0 0 0 0 0 0 7 9 0 12 0 0 0 20 23 24 0 0 0 32 0 0 29 0 
16 0 0 0 14 0 15 0 41 0 44 0 0 0 0 0 0 0 0 26 0 0 0 0 0 0 30 0 36 0 39 35 0 0 40 4 0 1 0 2 3 5 0 0 0 10 0 0 0 
9 0 0 0 7 10 0 0 0 36 0 39 0 0 16 0 0 0 0 0 0 22 25 0 26 0 23 0 0 0 0 0 0 27 33 0 42 0 0 0 45 0 48 0 4 0 2 0 49 
14 0 0 0 0 0 0 0 0 0 42 0 0 0 0 0 0 0 23 0 0 0 0 0 31 0 0 25 0 0 37 0 0 32 0 0 47 0 0 0 1 0 4 0 9 0 0 0 0 
0 0 0 0 0 0 41 0 0 20 21 0 0 0 0 0 0 0 0 3 0 0 0 0 10 0 7 0 0 15 16 0 14 0 0 0 26 0 25 0 0 31 0 38 37 0 0 0 33 
0 32 38 0 0 36 0 15 0 0 0 0 0 12 42 40 41 43 44 0 0 0 0 0 0 0 0 0 0 0 0 0 7 0 10 23 19 20 0 21 0 0 25 31 0 29 0 0 0 
0 0 0 9 5 8 6 36 0 34 0 0 38 0 0 0 0 0 16 17 0 0 23 0 0 0 0 0 0 29 0 0 0 0 31 0 0 41 39 42 43 45 0 3 2 1 0 48 47 
0 0 0 0 0 0 48 29 25 0 28 30 0 0 7 5 0 0 0 0 4 0 0 0 17 15 14 11 20 22 0 0 0 0 24 0 0 34 0 0 36 0 0 45 44 0 0 41 40 
0 18 0 0 19 0 0 0 46 0 0 0 0 0 28 0 0 29 0 0 0 0 37 0 38 0 35 32 41 0 0 0 0 0 0 9 0 0 0 7 0 0 0 17 0 15 0 0 0 
0 0 0 30 0 0 27 8 0 6 7 0 0 0 0 33 0 36 0 0 0 0 0 0 45 0 0 39 0 1 0 0 0 0 0 16 0 0 0 0 15 17 0 24 0 22 21 0 19 
0 1 0 0 0 0 0 33 0 0 32 0 0 30 11 0 0 12 0 0 0 0 0 0 0 0 0 0 0 0 0 0 25 0 28 41 0 0 0 0 0 0 0 0 0 0 0 0 0 
18 0 0 20 16 19 0 47 0 0 0 0 0 0 0 0 0 0 27 0 22 0 0 0 35 33 32 29 0 0 0 0 0 0 0 0 2 0 1 0 0 0 0 0 13 0 11 10 0 
0 36 0 0 0 40 38 19 0 17 0 0 21 16 0 0 45 47 48 0 0 0 0 0 0 0 4 0 10 0 13 9 0 0 14 27 23 0 0 0 0 0 29 0 0 0 0 31 0 
0 43 0 0 0 47 45 26 0 0 0 0 0 0 4 0 0 0 0 0 1 10 0 9 14 12 0 0 17 0 0 0 18 15 21 0 0 31 0 0 0 35 0 0 0 0 0 0 37 
25 22 0 0 23 26 0 5 1 0 0 0 0 2 32 0 0 0 34 0 29 0 41 0 0 40 39 36 45 47 0 0 0 0 49 0 0 10 0 0 0 14 0 0 0 19 0 0 16 
0 0 0 0 0 0 10 40 0 0 0 0 0 0 0 16 17 0 0 0 0 24 0 0 0 0 25 0 31 0 0 30 0 0 0 0 0 0 0 46 0 0 0 7 0 0 0 0 2 
0 0 0 34 30 0 31 0 0 0 0 0 14 0 39 37 38 0 0 0 0 0 0 44 0 0 0 0 0 5 6 0 0 1 0 0 0 17 0 0 19 0 22 28 27 0 0 0 23 
0 19 0 0 20 0 21 0 0 0 0 3 0 48 0 27 0 30 0 32 26 35 0 34 0 0 0 33 42 0 0 41 43 40 0 0 0 0 0 8 0 0 12 0 17 0 15 14 0 
0 0 4 3 0 2 0 30 0 0 0 31 32 27 0 6 0 0 10 0 5 0 0 13 18 0 15 12 21 0 0 20 0 0 0 0 0 0 0 0 0 0 40 0 45 0 0 0 41 
0 5 0 0 0 0 7 37 33 0 36 0 0 0 0 13 0 0 0 0 12 21 24 20 0 0 22 19 0 0 0 27 0 0 0 0 0 42 0 0 44 0 47 4 0 0 1 49 0 
0 0 0 17 0 0 0 0 0 0 0 0 0 41 22 20 0 0 0 0 19 0 0 0 0 0 0 0 0 0 0 0 36 0 0 0 48 0 0 0 0 4 0 0 10 9 0 7 0 
36 0 0 0 0 0 0 0 0 14 15 0 0 0 43 41 42 44 0 0 40 0 0 48 0 0 1 0 0 0 0 0 0 0 0 0 0 21 19 0 0 0 0 32 0 0 0 0 27 
0 0 0 31 0 0 0 0 0 0 0 0 0 0 0 0 35 0 38 39 0 0 45 0 46 44 0 40 0 2 3 0 0 0 0 17 0 0 0 15 0 0 0 0 0 0 0 0 0 
0 0 0 45 0 44 42 23 0 0 0 0 0 20 1 0 0 2 0 0 47 7 10 0 0 0 0 0 0 0 0 0 0 0 0 0 0 28 0 0 0 0 0 39 0 0 0 35 34 
