7
24 0 0 0 23 18 0 14 0 13 0 17 0 0 36 0 0 0 37 0 0 0 0 0 0 0 30 0 0 0 2 49 0 0 0 0 0 0 0 0 40 0 0 0 6 0 0 0 0 
0 8 0 0 0 0 0 0 0 0 0 0 0 0 0 0 24 0 0 0 0 15 0 0 0 0 0 12 0 0 37 35 38 0 36 28 29 0 0 31 0 0 0 44 0 0 0 0 39 
0 0 0 0 0 0 14 7 8 0 0 10 0 0 29 0 0 28 0 0 0 22 20 0 0 0 23 19 0 41 0 42 0 0 0 0 0 0 37 0 0 0 0 0 0 0 0 3 0 
0 0 34 0 37 0 0 0 29 0 25 31 0 0 0 0 0 0 0 0 47 0 0 42 0 0 0 40 11 0 0 0 0 0 0 0 8 0 0 0 0 0 0 0 0 19 0 0 0 
0 0 48 0 0 0 0 42 43 0 0 0 44 0 0 0 0 0 0 11 0 0 6 0 0 0 9 0 25 0 30 0 0 26 29 0 0 20 0 0 0 18 0 0 0 33 0 38 0 
0 0 0 40 44 0 0 0 36 0 32 0 37 0 0 6 0 7 0 0 0 0 0 49 0 0 0 47 0 0 0 0 0 0 22 0 0 0 0 17 12 0 29 0 0 26 0 0 25 
0 0 0 26 30 0 28 0 22 0 0 0 23 0 43 0 0 0 0 0 0 0 0 0 0 0 37 0 0 0 0 7 0 0 0 49 1 48 0 0 0 0 0 16 13 0 0 17 0 
0 49 0 0 0 45 48 41 0 40 0 44 0 0 14 0 0 0 0 0 0 0 5 0 0 3 0 0 24 0 0 27 0 0 28 0 0 19 0 0 0 0 0 36 0 0 0 0 0 
23 0 0 0 0 17 0 0 0 0 0 0 0 0 0 33 0 34 36 31 32 0 26 0 0 24 29 25 0 47 0 0 0 0 0 41 42 40 43 0 0 0 0 0 0 0 0 0 0 
0 0 12 0 0 10 0 0 0 0 3 0 0 4 0 0 0 0 0 24 0 21 0 0 0 0 0 0 38 0 43 0 44 0 0 0 0 0 0 0 0 0 0 0 0 46 0 2 0 
0 42 0 0 0 0 0 34 0 0 0 0 0 0 7 0 0 0 8 0 4 0 47 48 0 0 0 0 0 0 22 0 0 18 0 13 14 12 15 0 0 0 0 0 0 25 27 0 0 
30 28 0 0 0 24 27 20 0 19 17 0 22 0 0 0 0 0 0 38 0 35 0 34 0 0 36 0 0 0 0 0 9 0 7 48 0 0 0 2 46 0 0 15 0 0 0 0 10 
0 35 0 0 36 31 34 0 28 0 24 0 0 0 0 47 0 0 0 0 46 0 0 0 44 0 0 39 10 0 0 0 0 11 0 0 7 0 0 0 0 0 0 0 0 18 0 0 0 
0 0 0 0 0 0 0 0 49 0 45 0 1 46 0 0 0 0 22 17 0 14 0 0 0 0 0 11 0 33 36 34 37 0 0 0 0 0 0 0 25 24 0 0 0 39 41 0 0 
33 31 0 0 0 27 0 0 24 0 20 26 0 21 0 0 47 0 0 0 42 0 36 0 0 0 0 35 6 0 0 0 0 0 0 0 0 0 0 0 0 48 0 0 0 0 0 0 13 
40 0 0 0 0 0 37 0 0 0 0 33 0 28 0 1 0 2 4 48 0 0 43 0 0 0 0 0 13 0 0 0 19 0 0 0 0 8 11 0 0 6 0 0 0 0 23 0 20 
47 0 0 42 46 41 0 0 0 36 0 0 0 35 10 8 0 0 0 0 0 0 1 0 0 0 4 0 0 0 0 23 0 0 24 0 17 15 18 0 0 13 0 0 0 28 0 0 27 
0 10 0 7 11 6 0 0 0 1 0 0 0 49 0 22 26 23 0 0 21 0 0 0 0 0 0 14 0 36 0 0 0 0 0 30 0 29 0 0 0 0 0 46 0 0 0 0 41 
0 0 15 0 18 13 0 0 10 0 0 12 0 0 31 0 0 0 0 0 0 0 0 0 0 0 0 0 0 43 0 0 0 0 45 37 0 36 0 40 0 0 0 0 0 0 0 0 0 
0 0 0 0 0 20 0 0 0 0 0 19 0 14 0 36 0 37 39 0 35 31 0 0 33 27 32 0 0 1 4 2 0 0 3 0 45 43 0 0 0 0 0 0 0 0 0 12 6 
5 0 0 49 0 0 2 0 0 0 41 0 46 0 17 0 0 0 0 13 14 10 0 0 0 0 11 0 27 0 32 0 33 0 0 0 24 0 0 0 0 0 38 39 0 0 0 40 0 
0 23 0 0 0 19 22 0 0 0 0 0 17 0 0 0 0 0 0 0 0 0 28 0 0 0 0 0 0 49 3 0 0 0 0 43 44 0 45 0 0 0 0 0 7 6 8 0 0 
0 0 49 48 0 0 1 0 0 42 40 0 45 0 0 0 0 0 0 0 13 9 7 8 0 0 0 6 26 0 0 29 0 27 30 0 0 21 0 25 20 19 0 0 0 0 0 0 33 
0 0 0 0 0 0 29 0 0 0 19 25 24 0 0 0 0 0 45 40 0 0 0 36 0 0 0 34 0 0 0 0 0 0 0 0 0 0 0 4 0 47 16 17 0 13 0 0 0 
11 9 0 0 0 0 8 0 0 0 0 4 0 0 0 0 25 0 24 0 0 0 0 15 18 0 17 0 33 0 0 0 0 0 0 0 0 0 0 0 0 26 44 0 42 41 0 0 0 
0 0 0 41 45 0 0 0 0 0 33 0 0 0 9 0 0 0 0 5 0 0 0 0 0 0 0 0 19 0 0 0 25 20 0 0 0 0 17 18 13 0 0 0 0 0 0 0 0 
0 0 0 0 38 0 36 29 0 28 26 32 0 0 2 0 4 0 3 0 0 0 0 0 0 40 0 41 0 0 17 0 0 13 0 8 0 7 0 0 0 0 0 0 0 0 0 25 0 
0 0 0 13 0 0 0 0 9 0 0 11 0 0 0 0 32 0 0 0 0 23 0 0 0 0 0 0 0 0 0 0 0 41 0 0 0 35 38 39 0 0 0 0 0 0 0 0 0 
22 20 0 17 21 0 0 0 0 11 9 15 0 10 0 0 36 0 0 30 31 0 0 0 29 23 0 24 0 46 49 0 1 0 48 0 0 0 42 0 0 0 6 0 0 0 0 0 2 
1 0 46 0 0 0 0 0 0 39 37 43 0 38 0 0 0 12 14 9 0 0 0 0 0 2 0 0 0 0 0 0 0 0 0 0 0 18 21 0 0 16 34 0 0 0 0 0 0 
0 0 0 0 35 0 0 26 0 25 0 29 0 0 0 46 0 47 49 0 0 41 0 40 0 0 0 0 9 0 14 12 15 0 0 5 6 0 0 0 3 0 20 0 0 0 0 0 0 
29 27 0 24 28 23 0 0 0 0 0 0 0 0 41 0 0 0 0 0 0 34 0 0 0 30 0 0 0 0 0 0 8 0 0 47 0 0 49 0 45 44 13 0 0 0 12 0 0 
0 6 0 0 0 0 0 0 48 46 0 0 0 45 20 0 0 0 0 16 17 13 0 0 0 0 0 0 0 32 35 33 0 0 0 0 0 0 28 29 0 0 0 0 39 38 0 0 0 
0 0 0 0 0 9 0 5 0 0 2 8 7 0 27 25 0 26 0 0 0 0 18 0 0 0 0 0 0 0 0 0 43 0 0 33 0 32 0 36 0 0 0 0 0 0 0 0 44 
0 41 0 0 0 0 0 0 34 32 0 0 35 31 6 0 0 0 7 0 3 0 0 0 0 0 0 45 0 0 0 0 0 0 0 12 13 0 0 15 0 0 0 0 0 0 26 0 0 
0 0 0 9 0 0 0 0 5 3 1 0 0 0 0 24 0 25 0 0 0 0 0 0 21 0 0 0 36 0 0 0 0 37 40 32 0 0 0 0 30 0 0 0 0 0 0 0 0 
42 0 0 0 0 0 39 0 0 31 0 0 34 0 0 3 0 4 6 0 2 0 45 0 0 0 0 0 0 0 0 0 21 0 0 0 0 10 0 14 9 8 26 0 24 0 0 28 22 
0 26 24 0 0 0 0 0 19 17 0 0 0 0 0 0 0 0 0 0 0 0 0 0 0 29 34 0 0 3 0 0 0 0 5 46 47 0 0 0 0 43 12 13 0 0 0 0 0 
0 33 0 30 34 0 0 0 26 0 0 28 0 0 47 0 49 0 0 43 0 0 0 39 0 0 0 37 8 0 0 11 0 0 0 0 0 3 0 7 0 0 19 20 0 0 0 0 0 
49 0 45 44 0 0 0 0 0 0 36 0 41 0 0 0 0 11 13 8 0 5 0 0 7 0 0 2 0 0 0 0 28 0 0 18 0 0 0 0 0 0 33 0 0 0 0 0 0 
7 5 0 0 6 0 0 0 0 0 43 0 48 0 0 0 0 0 0 0 0 0 0 11 0 8 13 0 0 0 0 32 0 30 33 25 0 0 0 0 0 22 40 41 38 37 39 0 0 
21 0 0 0 0 0 0 0 0 0 0 0 0 0 0 0 0 0 34 0 30 0 24 0 0 0 0 23 43 0 0 0 0 44 0 0 0 38 0 0 0 36 5 6 3 2 4 0 0 
0 0 0 0 19 14 0 0 0 9 0 0 0 0 0 0 34 0 0 0 29 0 0 0 0 0 0 0 42 44 47 0 0 43 0 0 0 37 0 0 0 35 0 5 0 1 0 0 49 
48 46 0 43 0 0 45 0 0 0 0 0 0 0 0 9 13 0 0 0 0 0 0 0 0 0 0 0 0 23 0 0 0 0 25 0 18 0 0 20 0 0 0 33 0 0 0 34 0 
0 0 0 0 0 0 0 0 0 0 0 48 0 0 0 16 20 0 0 0 0 0 0 0 13 0 12 0 0 0 0 0 0 0 0 0 25 0 0 0 0 0 39 0 37 36 0 0 35 
27 25 23 0 0 21 0 0 0 16 0 0 0 0 0 0 0 0 0 0 0 0 0 31 34 0 0 0 0 2 5 3 6 0 0 0 0 0 0 0 0 42 0 0 0 0 0 0 7 
0 0 0 0 40 0 0 31 0 0 28 34 33 0 0 0 0 0 0 0 1 0 0 0 48 0 47 0 14 0 0 17 0 15 18 0 0 9 0 0 0 7 0 26 0 22 24 27 0 
0 0 9 0 0 0 0 3 4 0 0 6 0 1 0 23 0 24 0 0 22 0 16 0 0 0 0 0 35 0 40 0 0 0 0 31 0 30 33 0 0 0 0 0 0 43 0 0 0 
0 32 0 0 0 0 0 0 25 0 0 0 26 0 0 0 48 45 0 0 0 0 0 38 41 0 0 36 0 0 0 0 13 0 0 3 0 0 0 0 1 0 18 19 0 0 0 0 14 
