7
0 17 0 16 18 0 0 0 0 0 0 12 0 0 6 0 1 0 0 0 0 0 42 40 41 37 0 0 0 35 31 0 0 30 0 0 0 0 0 0 25 0 0 0 0 0 0 45 0 
0 0 0 0 25 26 0 0 0 0 0 0 0 0 0 10 0 0 0 0 0 43 0 0 0 44 0 45 36 42 0 0 41 0 0 34 0 0 35 0 32 0 0 0 0 0 2 0 0 
0 38 42 0 0 0 0 0 34 29 30 0 0 0 27 0 0 0 0 0 0 0 0 12 0 0 0 0 0 0 3 5 6 2 0 48 0 0 49 0 0 44 0 18 0 0 0 0 21 
0 0 0 0 46 0 0 38 0 0 37 0 0 42 34 0 29 33 0 32 30 0 0 19 0 16 0 17 0 0 0 0 13 0 0 0 3 0 7 0 4 2 26 0 27 22 0 0 0 
0 0 0 0 0 0 0 0 6 0 0 0 4 7 0 0 43 0 49 0 0 0 0 0 34 0 0 0 22 28 24 0 0 23 0 0 0 0 0 0 18 0 0 39 0 36 37 0 0 
0 0 7 0 0 0 0 0 0 0 44 0 0 0 0 0 0 0 0 0 0 0 28 26 0 0 0 24 0 0 0 0 0 0 0 0 10 0 14 12 11 0 0 0 34 0 0 0 0 
0 31 0 30 0 0 0 0 0 0 0 0 0 28 20 17 0 0 0 18 0 1 0 0 0 0 4 3 0 0 45 0 0 0 0 0 0 0 42 0 0 37 12 0 0 0 9 0 14 
30 27 0 0 0 29 0 20 23 0 0 22 0 24 0 0 11 15 0 0 0 46 0 0 0 0 0 0 0 45 0 43 0 40 0 37 34 0 0 36 0 0 0 0 9 0 0 0 10 
0 0 0 40 0 0 0 0 0 0 0 0 0 0 0 0 0 0 0 28 26 0 17 0 0 0 0 0 0 0 0 0 0 0 7 2 48 46 0 0 0 47 0 0 0 0 19 20 0 
0 20 0 0 0 0 0 0 16 11 0 0 0 0 0 0 0 0 0 0 0 0 0 0 44 0 42 0 32 0 0 36 37 0 0 30 0 0 0 0 28 26 0 0 0 0 0 0 0 
0 0 17 0 14 15 0 0 0 0 0 0 0 0 0 48 0 0 0 0 47 0 0 0 0 0 35 0 0 31 27 0 0 0 28 0 0 18 0 0 21 0 0 0 44 0 0 0 0 
0 0 0 0 0 0 0 0 0 0 0 1 0 0 44 0 0 43 45 0 40 0 0 0 0 0 0 0 0 0 20 22 23 19 0 16 0 0 0 15 0 0 0 35 0 32 0 34 0 
0 0 3 0 49 0 46 0 0 39 0 0 0 45 0 0 0 0 0 35 0 0 24 0 23 19 0 0 0 17 0 0 16 12 0 0 0 0 0 0 0 0 0 0 0 0 26 27 0 
37 0 38 0 0 36 0 0 0 0 0 0 28 0 0 0 0 0 0 0 19 4 10 8 0 0 0 0 0 0 0 1 2 0 49 0 0 0 45 43 0 0 0 14 16 0 0 0 17 
0 0 0 0 0 21 0 0 0 10 11 14 13 0 8 0 3 0 9 0 0 38 0 42 0 0 0 0 0 0 0 0 0 0 0 0 0 0 0 28 0 25 0 0 0 45 0 0 0 
0 0 0 25 0 0 0 19 22 0 18 21 0 23 15 0 10 14 0 13 0 0 0 0 0 0 0 47 0 0 40 42 43 0 0 0 0 31 0 35 0 32 7 6 0 3 0 5 0 
0 12 16 0 13 0 0 5 0 3 0 0 0 0 0 0 0 0 2 0 0 0 37 0 0 0 34 33 0 0 0 0 29 0 0 0 0 17 0 0 0 18 0 0 0 0 0 0 0 
0 0 0 0 0 0 0 47 0 45 0 0 0 2 0 0 0 0 44 41 0 0 0 0 0 25 0 26 0 23 19 21 22 0 0 0 0 10 0 0 0 0 0 34 0 0 0 33 37 
0 0 0 0 0 0 0 26 29 0 25 28 0 0 22 0 0 0 0 0 0 0 0 0 8 0 0 0 0 0 0 0 0 46 0 0 0 0 44 0 41 0 14 0 0 10 11 0 16 
0 47 0 46 0 49 45 40 43 0 39 0 0 44 0 0 0 35 37 0 0 17 23 0 0 18 0 0 10 0 0 0 0 11 0 0 5 0 9 0 0 0 0 0 0 0 25 0 0 
0 40 0 0 0 0 0 33 0 31 0 35 0 0 29 26 0 28 30 0 0 0 0 14 0 11 13 0 0 9 0 7 0 0 0 0 47 0 0 49 0 0 21 0 22 17 0 19 23 
31 0 0 27 0 0 26 21 0 19 0 0 22 0 17 0 0 0 0 15 0 47 4 0 0 48 0 0 0 46 0 0 0 41 0 0 0 0 0 37 36 0 0 0 0 5 0 0 11 
0 0 0 34 0 0 0 0 0 0 0 0 0 32 24 0 0 0 0 0 0 0 11 0 0 0 0 7 47 4 0 0 3 0 1 45 0 0 0 0 0 41 16 0 0 0 0 0 0 
10 0 0 0 0 9 0 0 0 47 0 0 0 0 0 0 40 0 0 0 0 0 0 0 0 0 0 28 0 25 21 23 24 20 0 0 0 12 0 16 0 0 0 0 38 0 0 0 0 
0 0 0 0 15 0 0 0 0 0 0 0 0 0 0 49 47 0 0 1 0 0 39 0 0 0 0 0 26 0 28 0 31 0 0 24 0 0 25 0 0 20 44 43 0 0 41 42 0 
0 0 0 48 0 0 0 0 0 0 0 0 43 0 38 35 0 37 0 0 34 0 0 23 24 20 0 0 12 0 0 16 0 0 0 0 0 0 0 0 0 0 0 0 31 26 0 0 0 
0 0 46 41 0 44 40 0 0 0 34 0 0 0 0 0 0 0 32 0 0 0 0 0 17 0 0 0 0 0 7 0 0 6 0 3 0 0 0 2 0 0 0 22 24 0 20 0 0 
24 0 25 0 0 0 0 0 17 0 0 0 15 0 10 0 0 0 11 8 0 40 46 0 45 0 0 42 0 0 0 0 0 34 0 31 28 0 0 0 0 0 2 0 0 0 0 49 0 
0 25 0 0 26 27 23 0 0 0 0 0 19 0 0 0 0 0 0 0 0 44 1 0 49 0 0 46 0 43 0 41 0 0 0 0 0 0 0 0 33 0 0 0 0 0 0 0 0 
0 39 0 0 40 41 37 0 0 30 0 34 0 36 0 0 23 27 29 0 0 0 0 13 0 10 0 0 0 8 0 6 0 0 0 0 0 0 1 48 0 0 0 0 0 0 0 0 22 
0 0 0 3 0 6 0 0 0 0 0 48 47 0 42 0 0 0 43 0 0 0 0 27 28 0 0 0 16 0 18 0 21 0 19 0 0 9 0 13 0 10 0 0 35 0 31 0 0 
0 0 0 0 0 0 44 39 0 37 0 41 0 0 0 32 0 0 36 0 0 0 0 20 21 0 0 0 0 0 0 0 0 10 0 0 0 2 0 0 0 3 27 26 0 23 24 25 0 
0 0 0 0 0 20 0 0 0 9 10 0 0 0 0 4 0 6 0 0 0 37 43 0 0 38 0 0 0 0 32 34 0 31 33 0 0 0 0 0 0 24 0 0 49 44 0 0 0 
0 32 0 0 0 0 0 0 0 0 24 0 0 0 0 0 0 20 0 0 17 0 0 6 0 3 0 0 0 0 0 0 0 45 0 42 0 0 43 41 40 0 0 0 0 0 0 0 15 
0 11 15 10 12 0 9 0 7 0 3 0 0 0 49 46 0 0 0 47 0 0 36 34 35 0 33 0 0 0 0 0 0 0 0 21 0 0 22 0 0 0 0 0 0 0 0 0 0 
0 0 0 14 0 0 0 0 11 6 7 10 0 0 0 0 0 0 0 0 0 0 0 38 0 0 0 0 0 0 0 0 0 0 0 0 22 0 0 0 0 0 0 0 46 0 42 0 47 
0 0 33 28 30 31 0 0 25 20 21 0 0 0 0 0 0 0 0 0 0 48 0 0 4 0 0 0 0 0 0 0 0 0 0 0 0 34 0 38 37 35 0 0 0 6 0 0 0 
0 0 0 0 0 0 34 0 32 0 0 0 0 0 0 0 0 24 0 23 21 0 0 0 0 7 0 0 0 0 0 0 4 0 2 46 43 0 0 0 44 0 0 0 0 0 14 0 19 
0 22 0 21 0 0 20 0 0 0 14 17 0 0 11 0 6 10 0 9 0 0 47 0 0 42 44 43 0 0 36 0 0 0 0 0 29 27 33 0 0 28 0 0 4 0 0 0 0 
46 43 47 42 44 0 41 0 0 0 35 38 0 40 32 0 27 0 33 0 28 0 19 0 0 0 0 0 0 0 0 0 0 0 0 0 1 0 0 0 2 0 0 0 0 0 0 22 26 
0 8 0 7 9 0 0 1 0 0 0 0 2 0 0 0 41 0 0 0 0 27 0 31 0 0 0 29 0 26 0 0 0 0 0 0 0 0 0 0 0 14 0 37 0 0 35 0 0 
0 0 0 0 0 0 48 0 0 0 0 45 0 47 0 0 0 38 40 0 35 0 0 0 0 0 0 0 13 19 15 0 0 0 0 0 0 0 0 0 0 0 0 0 0 27 0 0 0 
0 0 41 0 0 0 0 0 0 0 0 0 0 0 0 23 0 0 27 0 22 0 0 0 12 8 0 9 0 0 0 4 0 1 0 47 0 0 0 0 0 0 18 0 19 0 0 0 20 
26 0 27 0 0 0 21 16 0 14 0 0 0 0 0 0 7 0 13 0 0 0 0 0 47 0 45 44 0 41 0 0 0 0 0 0 0 0 0 0 31 0 0 0 0 0 1 2 6 
0 2 0 0 0 4 0 0 47 0 43 0 45 0 0 0 0 0 41 0 0 0 0 0 0 0 0 0 0 0 16 18 0 0 17 0 0 0 13 11 0 0 0 0 0 0 0 30 0 
33 0 34 29 31 0 0 23 0 0 0 25 0 0 0 0 14 0 0 17 0 0 6 0 0 0 3 2 42 0 44 0 0 0 0 40 0 35 0 0 0 0 0 0 0 0 0 0 0 
19 16 0 0 0 0 0 9 12 7 0 0 0 13 0 0 0 0 0 0 1 35 0 0 40 0 0 37 0 0 30 0 0 0 0 0 23 21 0 0 24 0 0 0 47 0 0 44 0 
0 0 0 43 0 0 0 0 0 0 0 39 0 0 0 0 0 32 34 31 0 0 0 18 0 0 0 0 0 0 0 0 12 0 0 5 0 0 0 0 0 0 0 0 0 0 0 23 0 
0 0 0 0 0 0 0 0 0 0 1 0 0 0 47 0 0 0 48 0 0 0 0 0 0 29 0 0 0 0 0 25 0 0 24 19 0 14 0 0 0 15 0 0 0 0 36 37 0 
