7
30 0 0 0 0 0 0 0 35 0 0 37 40 0 0 0 0 0 17 0 0 0 0 0 0 41 0 0 0 0 0 21 0 0 0 11 0 0 0 6 0 8 0 0 0 4 0 2 0 
0 0 18 0 0 0 15 0 21 0 0 23 0 0 0 5 4 48 0 0 0 28 33 0 0 0 0 0 11 0 0 0 0 9 0 0 0 42 0 0 0 43 40 38 0 0 0 0 0 
0 0 0 40 34 0 36 41 0 46 0 44 47 0 21 0 0 20 0 0 0 49 0 0 1 0 0 0 0 31 0 0 0 0 27 18 0 14 0 13 0 15 0 10 8 11 0 9 6 
44 0 46 0 0 0 43 0 0 0 1 0 0 3 28 0 0 0 0 0 29 7 0 0 8 0 10 9 39 38 36 0 40 37 0 25 0 0 0 20 0 0 19 17 15 0 0 16 13 
0 21 25 26 0 0 22 27 0 0 0 0 0 0 0 0 0 6 0 0 8 0 40 0 0 0 0 0 0 0 0 0 0 0 0 4 0 0 0 48 0 1 0 0 0 0 0 0 0 
9 0 11 12 0 0 8 0 0 18 0 0 0 17 0 0 0 41 45 0 43 21 0 0 0 0 0 23 0 0 1 49 0 0 48 39 0 35 0 0 0 36 33 31 29 0 0 0 27 
0 0 4 5 0 3 0 6 0 0 0 0 0 0 0 0 0 0 0 0 0 14 0 0 0 13 0 16 0 0 0 42 47 44 0 0 31 0 0 0 0 29 26 24 0 0 0 0 0 
0 0 0 0 0 26 24 29 0 34 31 0 0 33 9 14 0 0 12 0 0 37 0 0 0 0 0 39 0 0 17 16 21 0 0 0 5 0 0 1 7 3 0 0 0 0 0 46 0 
39 0 0 0 36 0 38 43 0 0 45 0 49 0 0 0 0 22 0 0 0 2 0 0 0 0 0 4 34 0 0 30 35 0 0 20 0 0 0 15 21 0 0 0 0 13 0 11 8 
4 0 6 0 1 0 0 0 9 0 0 11 0 12 0 42 0 36 40 0 0 16 0 0 0 15 19 0 0 0 45 44 0 0 43 0 0 30 0 29 0 31 0 0 0 0 0 0 0 
0 9 0 0 8 0 10 0 16 0 0 18 0 0 0 49 0 0 47 0 45 23 0 0 24 22 0 0 6 5 3 2 0 0 1 0 40 0 39 0 42 38 0 0 0 0 0 0 0 
32 0 0 0 0 0 0 0 0 0 38 39 42 0 16 0 0 0 0 18 0 0 49 0 45 0 0 0 0 0 0 0 0 0 22 13 12 9 11 0 14 0 0 5 0 0 0 0 0 
0 0 48 0 0 47 0 1 0 0 0 4 0 0 0 35 0 29 0 0 0 0 0 0 10 0 12 0 0 0 0 37 0 39 0 0 0 0 0 0 0 0 0 19 0 0 0 18 0 
0 16 0 21 0 0 17 22 0 27 0 0 0 0 2 0 6 1 5 4 0 0 35 34 31 29 33 0 0 0 0 0 0 11 8 48 47 44 0 0 0 0 0 0 0 41 0 39 0 
47 0 49 1 44 0 46 0 0 0 0 5 0 0 0 36 0 0 34 0 0 0 0 0 11 0 0 0 42 0 0 0 0 0 0 0 0 0 0 0 29 0 0 0 0 21 0 19 16 
0 0 0 0 0 27 25 0 31 0 0 0 0 0 0 0 0 9 0 0 11 0 0 42 0 0 0 0 0 0 0 17 0 19 0 7 6 0 0 2 0 4 0 48 0 0 0 0 0 
5 0 7 0 0 0 0 0 0 14 11 0 0 0 38 0 0 0 0 0 0 17 0 21 0 0 20 0 49 0 46 0 0 0 0 0 0 31 33 30 0 0 29 0 0 28 0 0 23 
0 31 0 0 0 0 32 0 0 0 0 0 0 0 0 0 21 16 0 0 18 45 0 0 46 44 0 0 0 27 25 0 0 0 23 0 0 0 12 9 0 0 0 0 4 0 0 0 0 
0 0 42 0 37 41 0 0 0 49 0 47 0 0 0 0 28 0 27 0 25 3 0 0 0 0 0 0 0 34 32 31 0 33 0 0 0 17 0 0 0 0 0 13 0 0 10 0 9 
0 17 0 0 0 20 0 0 0 0 0 0 0 0 0 0 7 2 0 5 0 0 36 35 0 0 0 33 0 0 0 0 0 12 0 49 0 45 47 0 1 0 43 0 0 0 0 0 0 
0 0 14 0 0 13 0 0 0 0 0 0 22 20 0 0 0 0 48 47 0 24 29 0 0 0 0 0 7 6 0 0 8 5 2 0 0 0 40 0 0 39 0 0 0 0 0 0 30 
10 8 12 0 0 0 9 0 0 0 0 0 0 0 43 0 47 42 0 0 0 0 0 0 0 0 0 24 0 0 0 0 0 0 0 40 0 36 38 0 41 37 34 32 30 33 29 0 0 
0 36 40 0 0 39 0 0 43 0 0 0 0 0 0 0 0 0 0 0 0 1 0 5 0 49 4 0 33 32 30 0 0 0 28 0 0 0 17 14 0 16 13 0 9 0 0 10 0 
0 0 33 34 28 32 0 0 36 0 0 0 0 0 0 20 19 0 0 0 16 0 48 0 0 0 0 45 0 25 23 0 0 24 21 0 0 8 0 0 13 0 0 0 0 5 0 3 49 
0 43 0 0 0 0 0 0 0 0 0 3 0 0 29 34 0 0 0 0 30 0 13 0 9 0 11 0 40 39 0 36 0 0 0 26 25 22 0 0 0 23 20 0 0 19 0 0 0 
0 0 0 0 0 0 16 0 0 0 23 0 0 0 0 0 0 0 0 0 2 0 0 0 0 28 0 0 0 0 9 0 0 10 0 0 0 0 0 42 0 0 0 0 0 0 0 0 0 
0 0 0 0 49 4 0 0 0 0 0 0 13 0 0 0 0 0 0 0 0 0 20 0 16 0 18 0 47 46 0 43 0 0 0 0 0 29 31 0 34 0 0 0 23 0 22 0 21 
0 0 0 0 21 0 0 0 29 0 30 0 34 0 8 13 0 0 0 0 9 0 0 0 0 0 0 38 0 0 16 0 0 17 14 0 0 1 0 0 6 0 48 0 0 0 43 45 42 
0 0 0 0 0 16 0 0 0 0 0 22 0 0 0 0 0 0 0 0 0 0 0 0 0 26 0 0 0 0 0 6 0 8 5 0 44 0 43 0 0 42 0 37 35 38 34 0 33 
0 0 0 0 0 44 0 47 48 0 0 0 4 0 27 32 0 0 0 0 0 0 11 0 7 0 9 0 0 0 0 34 0 36 0 0 0 0 0 0 25 0 0 0 14 17 13 0 0 
1 0 0 4 47 0 0 0 0 0 7 8 0 9 34 0 0 0 0 0 0 13 0 0 0 0 0 0 0 0 42 0 0 0 0 31 30 0 0 0 32 0 0 0 21 0 20 22 19 
0 0 24 0 0 23 21 26 0 31 0 0 0 30 6 0 10 0 0 0 0 0 0 38 0 0 0 0 0 0 0 13 0 15 0 0 2 0 0 0 0 0 46 0 0 0 0 0 40 
8 0 0 11 5 9 0 0 0 0 0 0 0 0 41 0 45 0 0 0 0 20 25 0 0 0 0 22 3 2 0 48 4 0 47 0 37 0 0 0 0 0 0 30 0 0 0 0 26 
36 34 38 39 33 37 0 0 41 0 42 0 46 0 0 0 24 0 0 22 0 0 0 0 0 47 0 0 0 0 28 0 0 0 0 0 0 0 0 0 0 0 0 9 7 10 0 0 0 
0 0 31 0 0 30 0 33 34 38 0 0 39 37 0 18 0 0 16 0 0 41 0 45 0 0 0 0 0 23 0 0 0 0 0 10 0 6 8 0 11 0 4 0 49 0 0 0 47 
14 12 16 0 0 0 0 0 0 0 0 0 24 0 0 0 0 46 0 0 48 0 0 0 0 0 0 0 0 0 0 0 10 0 0 0 0 0 0 0 0 0 0 0 0 0 0 0 32 
0 5 0 0 4 0 0 0 0 16 0 14 17 0 0 45 0 39 43 42 41 0 0 0 0 18 0 0 2 0 0 0 3 0 46 37 0 0 0 0 38 0 0 0 0 0 26 0 0 
0 0 0 0 0 0 0 0 26 30 27 28 0 0 0 0 0 4 0 0 0 0 0 37 0 32 0 0 0 0 13 0 17 0 0 0 1 47 0 0 0 0 0 0 41 0 40 0 39 
0 0 44 0 39 43 41 46 0 2 0 49 3 0 0 0 30 0 0 0 0 0 0 9 0 0 0 0 0 36 34 0 38 0 0 23 0 0 0 18 0 20 0 0 0 0 0 0 0 
0 0 0 3 0 1 0 0 0 0 6 0 0 0 33 0 0 0 0 0 0 12 17 0 0 11 0 0 0 0 41 40 0 0 0 30 0 26 28 25 0 0 24 0 20 23 0 21 0 
0 26 0 0 0 0 0 0 33 0 0 35 0 0 0 0 0 11 15 14 0 0 0 0 0 0 0 0 23 0 0 0 0 0 0 0 8 0 7 0 0 0 0 1 0 0 47 49 0 
0 0 0 0 0 36 0 0 0 44 0 0 45 43 19 0 0 0 22 0 0 0 0 0 0 0 0 0 0 0 0 0 0 28 0 0 15 0 0 0 17 0 10 0 0 0 0 0 0 
48 46 0 2 0 0 0 0 0 0 0 0 0 7 0 37 36 0 35 0 33 0 0 15 12 0 0 0 0 0 40 39 0 0 0 0 0 0 0 0 0 26 0 0 0 0 18 20 0 
0 0 29 0 24 28 0 31 0 36 0 34 37 35 11 16 0 10 0 0 0 0 0 43 40 38 42 41 0 0 0 18 0 0 0 8 0 0 0 0 0 0 0 0 47 1 0 48 0 
0 0 0 16 10 14 12 0 0 22 0 0 23 0 0 0 0 0 49 0 0 0 0 0 0 0 28 0 0 0 0 4 0 0 0 0 0 0 0 0 0 0 0 35 0 0 32 0 0 
0 0 0 0 0 21 19 0 0 0 0 0 30 0 0 0 0 3 0 0 0 0 37 0 0 31 35 34 15 0 0 0 16 0 10 0 0 0 0 0 2 0 0 42 0 0 0 0 0 
6 0 0 0 0 0 5 0 0 0 12 0 16 14 0 0 0 0 42 41 40 18 0 0 0 0 0 20 0 0 0 0 0 0 0 0 0 0 0 31 0 0 0 28 0 29 25 27 0 
0 32 36 0 0 0 0 0 0 43 40 41 0 0 18 0 22 17 0 20 0 0 0 1 0 0 0 0 0 0 26 25 0 27 24 0 0 11 13 10 16 12 0 7 0 0 0 6 3 
0 0 43 0 0 0 40 45 0 0 0 0 0 0 25 0 29 0 0 0 0 0 9 0 0 0 7 6 0 0 0 0 0 34 0 22 21 0 20 17 23 19 0 14 0 0 0 0 0 
