7
0 3 6 0 0 7 9 0 0 41 43 0 44 0 1 0 0 0 2 0 0 0 21 20 19 0 0 0 0 0 0 36 0 34 0 0 0 0 0 0 24 0 12 0 11 10 0 0 0 
46 0 0 47 1 49 0 0 32 0 0 35 0 0 0 0 42 0 0 0 0 0 0 0 12 0 16 0 0 0 30 0 0 0 0 0 18 0 19 0 17 0 0 0 0 0 0 0 0 
0 0 0 40 0 0 0 0 0 0 0 28 30 26 0 34 0 0 37 0 0 0 0 0 0 8 0 0 0 0 23 22 17 0 0 0 0 13 0 0 0 0 47 0 0 0 49 0 0 
0 17 0 0 0 21 0 0 0 0 0 7 0 0 15 13 0 0 0 0 12 0 35 34 33 0 37 0 49 0 0 0 45 48 0 0 0 0 0 0 0 0 26 30 0 0 0 0 0 
0 10 0 0 0 0 16 45 0 48 0 49 0 0 0 6 0 0 9 0 0 0 28 0 0 29 0 0 42 0 0 43 0 0 0 0 0 34 0 0 0 0 0 0 0 0 21 0 20 
0 0 0 0 0 0 0 0 0 0 0 0 0 0 22 20 0 0 23 17 0 39 42 0 40 0 44 0 0 5 0 0 0 0 4 0 46 0 47 0 0 0 33 0 0 0 35 36 0 
0 0 0 0 36 0 37 0 0 0 0 0 23 0 0 0 28 25 0 0 26 0 0 0 0 0 2 0 0 12 16 0 0 0 0 7 0 0 0 0 0 0 0 0 0 0 0 43 0 
0 0 0 0 0 15 17 0 0 0 0 0 0 0 0 7 8 5 10 0 6 26 0 0 0 0 0 0 43 0 0 0 0 0 0 36 33 35 0 38 32 37 0 0 19 0 0 23 21 
0 0 0 0 0 29 31 0 12 14 0 0 0 0 0 21 22 0 0 0 0 0 0 0 0 44 0 0 0 0 0 9 4 7 5 0 0 0 0 3 46 0 0 0 33 0 36 37 0 
0 0 0 48 0 0 3 0 0 0 37 0 38 0 0 42 43 40 0 0 0 0 15 0 13 0 0 11 0 0 31 0 0 0 26 0 0 0 0 0 0 23 0 0 0 4 0 0 7 
0 18 0 0 0 0 0 0 5 0 0 0 0 0 16 14 15 0 0 0 13 0 36 0 0 0 38 0 0 0 3 0 0 0 0 0 0 42 0 45 0 0 27 0 0 0 0 0 0 
40 0 0 41 44 0 0 25 0 28 0 0 0 0 0 0 36 33 0 32 34 0 0 0 0 0 0 4 22 0 0 0 18 0 0 0 0 14 0 0 11 16 48 0 0 0 0 0 49 
0 32 0 0 37 0 0 0 0 21 0 22 0 20 0 0 0 0 0 25 0 0 0 0 0 0 3 0 15 13 17 0 0 14 12 0 5 0 0 10 0 0 0 0 0 0 0 0 0 
0 0 0 0 9 0 0 0 0 42 44 43 0 41 2 0 0 47 0 46 48 19 0 0 0 0 0 0 0 0 0 0 32 35 0 29 26 0 27 31 25 0 0 17 0 0 0 16 0 
0 0 0 0 0 0 0 6 7 0 0 0 0 0 18 16 0 0 0 13 15 0 0 0 36 0 40 34 3 1 5 0 0 0 0 45 0 0 43 0 41 46 0 0 28 0 0 32 0 
0 27 0 29 0 31 33 0 0 16 0 0 0 0 0 0 24 0 0 20 22 0 0 0 0 46 0 0 0 8 12 0 0 0 0 0 0 0 0 5 0 0 0 0 0 0 0 39 0 
0 0 16 15 0 0 0 0 49 0 0 0 0 0 0 9 0 0 0 0 0 0 0 30 0 0 0 0 0 0 47 46 0 0 0 38 0 37 0 0 0 0 22 0 0 20 0 0 0 
0 0 0 0 0 0 0 27 28 0 0 0 0 29 39 37 0 0 0 0 0 0 10 0 0 0 0 0 0 0 0 0 0 0 21 0 0 0 0 0 13 0 1 0 0 48 3 4 0 
7 0 0 0 11 0 0 0 0 0 0 0 0 43 4 2 3 0 5 0 0 21 24 0 0 0 0 0 38 0 40 39 34 0 0 0 0 0 29 33 0 0 0 19 0 0 17 0 0 
0 0 0 0 0 0 0 0 0 37 0 0 0 36 46 0 0 0 0 0 43 0 0 16 15 0 0 13 31 0 33 0 0 0 28 0 0 0 22 0 0 0 8 0 7 0 10 0 0 
0 0 37 36 0 0 0 20 0 0 0 0 0 22 0 0 0 0 0 27 0 49 0 0 0 4 5 48 0 0 19 0 0 0 14 0 7 9 8 12 0 0 0 0 0 41 0 46 44 
0 0 0 0 0 0 0 0 0 0 0 0 0 0 0 8 0 0 0 5 0 0 0 0 0 0 0 26 0 0 46 0 0 0 0 0 0 36 0 0 0 0 0 25 0 0 0 24 0 
0 19 0 0 24 0 0 0 0 0 10 0 0 0 0 0 0 0 0 0 0 34 0 0 0 0 0 33 0 49 0 0 0 1 48 44 0 43 42 0 0 45 0 0 27 0 30 0 29 
0 0 0 0 0 0 0 0 0 29 31 30 32 0 38 36 0 0 0 33 0 0 0 8 7 10 0 0 0 0 0 0 19 22 0 0 13 0 0 0 0 0 0 4 48 0 0 0 0 
27 0 0 28 31 0 32 0 0 15 17 0 18 0 24 22 0 0 0 19 0 0 0 0 0 0 0 0 0 0 0 10 5 8 0 0 0 1 0 0 0 3 35 0 34 33 0 0 0 
34 33 0 0 0 37 0 0 0 22 0 0 0 21 31 29 0 0 0 0 28 0 0 1 0 3 0 0 0 0 18 0 12 15 13 0 0 0 0 11 0 0 0 46 0 0 44 0 43 
0 47 0 0 0 0 0 0 0 0 38 37 0 0 0 0 0 0 0 40 0 0 0 0 0 0 0 12 0 0 0 0 0 0 0 23 20 0 0 0 0 0 0 0 6 0 9 0 0 
0 0 0 7 0 0 0 40 41 0 0 0 0 42 3 0 0 48 4 0 49 20 0 0 0 24 25 0 0 35 39 0 0 0 34 30 0 0 28 0 0 0 0 0 0 12 0 0 0 
0 16 0 0 0 0 22 0 0 0 0 0 8 0 14 0 0 0 0 0 0 0 0 33 32 35 0 30 48 0 1 49 0 0 0 0 0 40 0 0 0 0 0 0 24 23 0 0 0 
0 2 5 4 0 6 8 37 0 0 42 0 0 39 49 47 48 0 1 0 46 0 20 0 0 21 0 0 34 0 36 0 0 33 0 0 0 26 25 0 0 28 11 0 10 9 0 0 0 
0 0 47 0 49 0 0 0 0 0 0 0 0 32 0 0 0 38 0 0 0 10 13 0 11 14 15 0 27 0 0 0 0 0 0 0 17 0 18 22 0 0 0 0 0 0 6 0 0 
31 0 0 0 0 0 36 16 17 0 0 0 22 0 28 0 27 0 0 23 0 0 0 0 0 0 0 0 0 0 0 14 0 12 10 0 0 5 0 0 0 7 39 0 0 0 0 42 0 
0 9 0 0 0 0 0 0 0 47 0 0 0 46 7 0 0 0 0 0 4 24 27 0 0 0 0 23 0 39 0 42 0 0 0 0 0 0 32 0 0 35 0 0 0 0 20 0 19 
0 0 0 0 0 41 0 0 0 0 0 0 29 0 0 33 34 0 0 0 0 0 6 0 0 0 0 0 20 0 0 0 0 0 0 0 0 0 0 0 0 14 46 0 45 44 48 0 0 
24 0 26 25 28 0 0 0 0 12 0 0 0 0 0 0 20 0 0 0 0 38 0 40 0 0 0 37 6 0 8 0 0 0 0 0 45 47 0 0 0 0 0 0 0 30 0 0 0 
9 0 0 10 0 0 0 0 44 46 0 0 0 0 6 0 0 0 0 0 0 0 26 0 0 0 28 0 0 0 0 0 36 39 37 0 0 32 0 0 0 0 0 21 0 0 19 0 0 
0 0 0 0 0 0 0 0 0 0 34 0 0 0 0 0 0 0 0 0 0 0 0 0 0 0 0 0 0 0 0 0 0 0 23 0 0 0 0 0 0 0 3 0 0 0 5 0 0 
0 0 0 0 6 0 7 0 37 0 0 0 0 0 0 46 0 0 0 0 45 0 0 18 0 0 21 0 33 0 0 0 0 32 0 0 0 0 0 0 0 27 0 0 0 0 0 0 0 
0 0 18 0 0 0 0 0 0 0 6 0 0 0 0 0 0 0 0 8 0 0 33 0 0 0 0 0 47 0 49 0 43 0 0 0 37 39 38 42 0 41 24 0 0 0 0 0 0 
0 0 0 24 0 0 0 8 9 0 0 12 0 0 0 0 0 0 0 15 0 0 40 0 38 41 42 0 5 0 0 0 0 0 0 0 0 0 0 0 0 48 31 35 30 29 33 0 32 
0 29 0 0 0 0 35 15 0 0 0 0 21 0 27 0 0 0 0 0 24 0 0 46 0 48 0 0 0 0 0 0 8 0 0 5 0 0 0 0 0 0 0 0 0 0 0 0 39 
0 0 0 38 0 0 42 0 0 25 27 26 28 0 0 0 0 0 0 0 0 2 5 0 0 0 7 0 0 17 21 20 0 0 16 12 9 0 0 0 0 0 0 0 0 43 0 48 0 
43 0 0 0 0 0 0 28 29 31 0 32 0 30 0 0 0 0 0 0 37 0 11 0 0 0 0 7 0 23 0 0 0 24 0 18 0 0 0 0 0 0 0 6 1 0 4 0 0 
0 0 0 0 19 0 0 0 0 3 0 0 0 0 0 10 0 0 0 0 9 0 0 31 30 0 0 0 46 0 0 47 0 0 0 0 0 38 0 41 35 40 0 27 0 0 0 0 0 
0 0 0 0 0 11 0 42 43 45 47 46 0 0 0 3 0 0 6 0 2 0 0 0 0 26 0 0 0 0 0 0 35 0 36 32 0 31 0 0 0 33 16 20 0 0 18 0 0 
0 0 0 0 26 0 27 0 8 0 0 0 0 0 19 17 18 0 0 14 0 36 39 0 37 0 0 0 4 0 6 0 0 3 1 0 43 0 44 0 0 47 0 0 0 0 32 33 0 
0 0 31 0 0 0 0 0 0 0 0 0 0 0 0 0 25 22 27 0 0 0 0 0 0 0 0 42 0 0 0 0 0 0 0 0 0 0 0 0 0 0 0 0 0 0 39 40 0 
0 35 0 0 0 39 0 21 0 24 26 25 0 0 0 0 0 29 0 0 0 0 0 0 0 0 6 49 0 0 0 19 0 17 0 0 0 10 0 13 7 0 44 0 0 42 46 47 45 
0 49 3 0 0 0 0 0 0 0 0 0 0 0 0 45 0 0 48 0 44 0 18 0 16 19 0 0 0 0 0 33 0 31 0 0 0 24 0 0 0 0 0 13 8 0 0 0 10 
