7
41 0 0 0 44 45 0 26 0 0 0 0 0 0 9 0 10 0 0 0 6 0 0 0 22 0 18 0 0 0 1 3 0 0 0 0 0 13 0 16 0 15 0 0 33 0 0 37 0 
0 0 0 21 0 0 0 0 0 0 0 9 0 0 0 0 0 33 0 0 0 0 47 49 0 0 0 0 0 25 0 0 0 0 0 45 0 41 40 0 0 0 15 0 0 11 0 16 0 
0 0 0 0 0 0 0 0 22 0 0 0 0 0 0 0 0 47 49 0 48 0 0 14 15 0 0 0 0 0 0 0 0 0 44 0 0 0 5 0 0 8 0 0 0 0 0 0 0 
13 0 12 0 0 0 11 0 0 46 0 0 0 0 0 25 31 0 0 0 0 41 40 0 0 0 0 0 19 0 22 0 0 0 0 0 32 0 0 0 0 0 0 0 0 0 0 9 6 
0 0 0 0 0 0 46 0 0 32 38 0 0 0 0 0 0 0 0 0 0 27 0 0 29 0 0 30 5 4 0 0 0 0 9 0 0 0 0 0 0 0 0 0 0 39 0 0 0 
27 29 0 0 0 0 0 0 15 0 0 16 13 0 0 0 45 0 42 43 0 6 0 0 0 0 4 0 0 0 36 0 34 0 0 0 46 48 0 0 0 0 22 24 0 18 0 0 0 
0 0 0 0 9 0 0 0 43 0 45 0 41 0 0 0 0 0 0 22 0 0 33 0 36 0 0 0 0 0 0 0 0 14 0 0 0 0 0 0 0 29 0 0 47 46 0 0 0 
0 0 0 0 0 19 13 0 0 48 0 0 0 0 0 0 33 0 30 0 0 43 0 0 0 47 41 0 21 0 0 0 0 0 0 40 0 0 0 0 0 38 0 0 0 6 9 11 0 
22 24 0 0 0 0 0 7 10 0 12 0 0 0 39 34 0 0 37 38 36 0 0 0 0 5 0 4 0 0 0 0 0 30 0 0 0 0 42 46 0 0 0 19 0 0 16 0 15 
0 0 0 0 0 0 0 0 0 0 0 0 0 0 0 0 0 0 0 0 0 36 0 0 0 0 0 0 0 0 0 19 15 16 0 0 0 0 0 0 0 0 3 5 0 0 0 0 0 
0 0 49 0 0 5 0 0 0 0 0 39 0 0 0 0 0 0 0 17 15 29 28 30 0 0 27 0 0 0 10 0 8 9 0 0 0 0 0 25 0 24 45 0 0 0 0 46 43 
0 0 0 0 39 0 0 21 24 20 0 0 0 0 0 0 5 0 0 3 0 0 0 16 0 0 0 18 0 41 45 0 0 44 46 0 6 0 7 0 9 0 0 0 0 27 0 32 0 
0 0 0 0 0 0 0 0 0 13 0 0 15 0 0 41 47 42 44 45 43 0 0 9 0 12 0 0 0 34 0 40 0 0 0 0 48 1 0 0 0 0 0 26 0 0 0 0 0 
43 0 42 44 46 0 0 0 0 0 0 0 0 0 11 0 0 7 0 0 0 0 0 0 0 26 0 25 0 0 3 5 1 0 0 0 13 15 14 18 0 0 0 0 0 0 0 39 0 
0 0 32 0 0 0 31 0 0 0 23 22 19 0 0 45 0 0 48 0 0 0 0 13 0 16 0 15 0 0 0 44 0 0 43 9 3 0 0 0 0 0 0 30 25 0 27 0 0 
0 0 0 0 0 0 0 0 0 38 0 0 40 41 22 17 0 0 20 0 0 33 32 0 0 0 0 0 11 0 0 16 0 0 0 0 24 26 0 0 0 28 0 0 0 0 0 0 47 
0 0 0 0 1 0 45 0 0 0 0 0 33 34 0 10 0 0 0 0 12 26 0 0 0 0 0 0 0 0 7 0 0 0 0 23 17 19 18 0 20 21 42 0 0 0 0 0 0 
0 0 11 0 0 0 0 0 0 0 2 1 0 48 0 24 0 0 27 0 26 0 0 41 42 0 0 0 18 0 0 0 0 0 22 0 31 33 0 36 0 0 7 0 0 3 0 8 0 
0 0 0 0 29 0 0 11 0 0 0 15 0 0 0 38 44 0 0 0 0 0 0 6 0 9 0 0 0 31 35 0 33 0 36 0 45 0 0 1 0 49 21 0 18 17 0 0 0 
19 21 0 0 0 0 0 0 7 0 0 8 0 0 0 0 0 32 0 0 0 0 46 48 0 0 0 1 0 0 28 0 26 27 0 0 0 0 0 0 41 42 0 16 0 10 13 0 0 
40 0 0 0 0 0 38 25 28 0 0 29 26 0 0 3 0 0 6 7 5 19 18 0 21 0 17 22 0 45 0 2 0 48 1 16 0 0 0 0 0 14 0 0 32 0 0 0 0 
0 0 0 0 10 0 0 0 0 0 0 45 42 43 0 0 25 0 22 23 0 0 0 36 0 39 0 0 0 0 0 0 14 0 17 0 26 0 27 31 0 0 2 0 48 47 0 0 0 
0 16 0 0 0 18 0 0 2 47 0 0 0 1 0 0 0 0 29 30 0 42 0 43 0 0 40 0 0 19 0 0 21 0 24 0 0 0 34 0 0 0 0 11 6 0 0 10 0 
0 37 0 0 0 39 33 0 23 0 0 0 21 0 3 47 0 0 0 0 0 0 0 0 0 0 0 0 0 0 0 0 0 0 45 11 5 0 6 10 0 0 0 0 0 0 29 0 28 
0 23 20 0 0 0 0 6 0 5 0 10 0 0 38 0 0 0 0 0 0 0 0 1 0 4 47 3 27 0 30 32 28 0 0 0 40 0 0 45 43 44 0 0 0 12 0 0 0 
0 0 0 0 0 0 0 13 0 0 0 0 0 0 0 40 0 41 43 0 0 0 0 0 0 0 0 0 0 33 37 0 0 36 0 4 0 0 48 0 0 0 0 0 0 0 0 0 0 
0 0 48 0 3 0 0 0 0 0 39 0 35 0 17 12 18 13 0 16 0 28 0 29 0 0 26 0 0 5 0 0 0 0 0 25 0 0 20 0 22 0 0 0 0 0 43 0 42 
42 44 0 0 0 0 40 0 30 0 32 0 0 0 10 0 0 6 0 0 0 21 20 0 23 0 19 24 48 0 2 0 0 0 0 18 0 0 0 0 0 16 0 39 0 33 0 0 35 
0 0 0 5 7 0 2 38 0 37 43 42 0 0 21 0 0 0 19 0 0 32 0 0 0 0 30 0 0 9 0 0 11 0 0 0 0 0 0 0 26 27 0 0 45 0 47 49 0 
0 20 0 0 21 0 16 0 0 0 0 0 0 5 0 0 0 0 0 0 32 46 0 0 0 0 0 0 24 0 0 29 0 26 0 0 37 0 38 0 40 41 13 15 0 0 0 14 0 
0 13 0 0 14 0 0 0 0 0 0 49 0 47 0 0 29 0 0 0 25 39 0 0 41 43 0 42 17 0 20 0 0 0 21 0 0 0 31 35 0 0 0 0 0 0 0 0 0 
0 0 24 0 0 0 0 0 0 0 0 0 0 0 0 0 43 0 0 0 39 0 0 0 0 0 0 0 0 0 0 0 0 0 0 0 0 0 0 49 0 48 0 0 0 16 0 0 18 
0 0 0 0 42 0 0 0 0 0 0 0 25 0 0 0 0 0 0 0 4 18 0 0 20 22 0 21 0 0 0 0 0 0 0 0 9 11 0 14 12 0 0 0 31 0 0 0 0 
0 34 0 0 35 0 30 17 0 0 22 0 18 0 49 44 1 0 47 0 46 11 0 12 0 0 0 14 0 37 0 43 0 0 0 0 0 0 0 7 0 0 0 29 0 0 0 0 25 
0 0 0 0 0 1 0 0 0 30 36 0 32 0 0 0 15 0 0 0 0 0 0 0 0 0 0 0 0 0 0 0 0 0 0 0 0 0 0 0 19 0 0 0 38 0 40 42 0 
0 0 0 0 5 0 0 0 0 0 0 0 0 0 0 14 0 0 0 0 0 0 0 0 0 0 0 0 0 7 11 0 0 0 0 27 0 0 0 26 0 0 0 0 0 0 0 47 0 
0 0 0 0 12 0 7 0 0 0 0 0 44 0 0 0 0 0 0 0 23 0 36 0 0 0 35 40 0 0 0 20 0 0 0 0 0 0 0 0 31 0 4 0 0 0 0 5 0 
0 0 15 0 0 0 0 0 0 49 0 0 2 0 33 0 34 0 31 0 0 0 0 0 0 0 42 0 22 21 25 0 0 24 0 0 0 0 36 0 0 0 0 0 0 7 0 0 9 
0 0 0 0 0 0 42 29 0 28 34 0 30 31 0 0 0 0 0 0 9 0 0 24 25 0 0 0 0 49 4 0 0 0 0 0 0 0 0 0 0 0 39 0 0 35 0 40 0 
0 0 0 0 0 0 28 0 0 0 0 19 0 0 0 0 48 0 0 46 0 0 0 0 0 0 0 0 0 0 0 41 0 0 0 0 0 0 0 5 0 0 0 0 0 21 0 0 0 
37 0 0 0 0 0 0 0 0 0 27 26 23 0 0 49 0 0 0 0 0 16 15 0 18 0 14 0 0 0 0 0 44 0 0 0 0 0 0 0 10 0 0 0 0 28 0 0 30 
0 0 0 0 0 27 0 8 0 7 0 0 0 10 0 0 0 0 38 39 37 2 1 0 0 0 0 0 29 0 0 0 30 31 0 48 42 44 0 0 45 0 0 0 0 0 17 0 16 
0 47 44 46 48 0 43 0 0 0 35 0 0 0 0 0 14 9 11 12 10 24 23 25 26 28 22 27 0 0 0 7 0 4 0 0 0 17 0 0 18 0 0 0 37 0 0 41 38 
0 33 0 0 34 0 29 16 0 0 0 20 17 0 0 0 0 44 0 0 45 0 0 11 12 0 0 0 0 0 0 42 38 39 0 0 0 0 0 0 4 5 0 28 23 22 25 0 0 
10 0 0 0 13 0 0 0 0 0 0 48 0 0 0 22 0 23 0 0 24 0 0 0 0 0 0 0 0 0 0 0 0 0 20 0 0 0 0 0 0 33 0 0 0 0 0 0 0 
0 0 0 0 0 0 0 0 0 0 0 6 3 0 0 29 0 0 0 33 0 0 0 0 0 0 0 48 0 0 26 0 0 0 0 0 0 38 0 0 0 0 0 14 0 0 0 0 0 
38 40 0 39 41 0 0 0 26 0 28 0 0 0 0 0 0 0 4 0 0 0 0 18 19 0 0 20 44 0 0 0 0 46 48 0 8 0 0 0 0 0 33 35 0 0 0 0 0 
0 26 0 0 0 28 22 0 0 0 0 0 10 0 0 36 0 0 39 0 0 3 2 0 0 0 0 0 0 0 0 35 0 32 0 0 0 0 0 0 46 47 19 0 16 0 0 20 0 
0 0 0 0 6 0 0 0 0 0 0 0 38 39 0 0 21 16 0 19 17 31 30 0 0 0 29 0 0 8 0 0 0 0 0 0 0 0 0 0 25 0 0 49 0 0 46 0 45 
