7
2 3 0 0 5 0 0 0 0 10 0 0 0 15 0 0 0 0 0 0 0 49 0 45 48 0 0 0 0 0 0 0 0 0 0 0 23 0 0 0 26 0 0 41 40 0 0 0 0 
9 0 0 0 0 15 11 0 0 0 0 0 0 22 0 0 0 0 0 0 0 0 0 0 0 0 0 0 0 0 0 0 0 0 37 0 0 31 32 0 0 0 0 0 0 45 0 0 0 
44 0 48 0 0 1 46 0 5 0 0 6 0 0 13 0 11 0 0 0 0 42 0 0 0 0 37 40 0 25 0 0 0 0 0 0 0 0 0 22 19 0 0 34 33 0 36 0 0 
0 0 20 0 0 0 0 0 26 0 0 0 0 0 0 0 0 0 36 31 35 0 0 0 0 0 0 12 0 0 0 0 0 0 0 0 37 0 0 0 40 0 2 0 0 3 0 0 0 
0 0 0 35 0 0 32 39 0 0 0 0 0 0 0 0 0 44 0 0 49 0 0 24 0 0 0 0 0 11 14 0 0 12 9 7 0 0 0 0 5 0 16 0 0 0 0 21 18 
23 24 27 0 0 29 25 0 0 0 35 0 30 36 0 0 0 0 0 38 0 21 0 17 0 0 16 0 0 0 7 0 0 5 0 0 0 45 46 0 47 48 0 0 0 10 0 0 0 
0 0 0 0 0 43 39 0 47 45 0 0 44 0 0 5 4 0 8 0 0 35 0 0 0 0 0 0 0 0 0 0 0 19 16 0 9 0 0 0 0 0 0 0 0 0 0 0 25 
28 0 32 0 0 0 0 37 0 0 0 39 0 0 0 0 0 0 0 43 0 26 27 22 0 0 0 24 0 0 12 0 0 0 0 0 0 0 0 0 0 0 0 0 17 15 0 0 0 
0 22 25 0 0 27 23 0 0 0 0 32 0 0 39 0 37 0 0 36 0 19 20 15 0 0 0 17 0 2 0 0 0 0 0 0 42 0 0 0 45 0 7 11 10 0 0 12 0 
49 0 0 0 0 0 0 0 10 0 12 0 7 0 0 17 0 0 20 15 0 0 0 43 0 0 0 0 0 30 0 0 32 0 0 26 0 0 23 27 0 0 35 0 38 0 0 0 0 
7 8 0 12 0 0 0 16 0 15 19 0 0 0 0 24 0 21 27 0 0 0 0 0 0 0 0 3 0 37 40 0 39 0 35 0 0 0 0 34 0 32 42 0 0 0 0 0 0 
14 0 0 0 0 20 16 0 0 0 0 0 0 27 0 0 0 0 0 0 33 0 13 0 0 0 0 0 43 0 0 48 0 45 0 0 35 36 37 0 0 39 0 0 0 0 6 0 0 
0 36 0 0 38 0 0 0 45 43 0 0 0 0 0 0 0 0 0 1 0 0 0 0 32 0 28 31 0 0 0 0 0 0 0 0 0 8 0 13 0 0 0 0 0 22 27 26 0 
42 0 0 0 0 0 0 0 3 0 0 0 49 0 0 0 9 7 0 8 0 0 0 0 39 0 35 0 0 0 0 0 0 0 0 0 0 0 0 0 0 0 0 0 31 0 0 0 0 
0 0 7 0 6 0 5 12 13 0 0 0 0 0 21 0 19 0 0 0 0 1 0 46 0 0 0 0 32 33 0 0 0 0 0 29 24 25 0 0 0 0 38 42 0 39 44 0 40 
0 0 49 0 0 0 0 0 0 4 8 7 0 9 0 13 0 10 0 0 0 0 0 0 0 40 38 0 0 26 29 0 0 27 0 0 0 18 0 0 0 0 0 0 0 32 0 0 0 
0 0 0 15 0 16 0 19 0 0 0 0 17 0 0 0 0 0 0 0 0 8 0 4 0 0 0 6 0 0 0 0 0 0 0 0 31 32 33 0 0 0 0 49 0 46 2 1 47 
0 0 28 0 27 0 0 0 0 32 36 35 0 37 42 0 0 0 0 0 43 0 0 0 0 19 17 0 0 0 0 0 0 0 0 0 0 0 0 0 0 0 0 14 13 0 0 0 0 
0 0 21 0 0 23 0 26 27 0 0 28 0 0 0 0 0 31 0 0 0 0 0 0 0 0 0 13 0 0 1 2 0 0 0 43 0 39 0 44 41 0 0 0 0 0 9 8 0 
0 0 35 0 0 37 0 40 41 0 0 42 0 0 0 0 47 0 0 46 0 29 0 0 0 0 0 0 0 0 0 16 0 0 10 8 0 4 0 9 6 7 0 0 0 0 0 22 19 
0 0 0 0 41 0 0 47 0 0 1 0 0 0 0 6 0 0 9 4 0 0 0 0 35 0 0 0 18 19 0 23 21 20 17 15 0 0 0 0 0 0 0 28 0 0 0 29 0 
0 0 17 0 16 0 15 0 0 0 0 0 0 0 0 0 0 0 0 0 0 11 12 0 0 0 0 9 42 43 0 0 45 44 0 39 34 35 0 40 37 0 0 0 0 0 0 4 1 
0 0 0 0 0 0 1 0 0 0 11 0 0 0 0 0 15 13 19 0 0 46 0 0 0 0 0 0 28 0 0 0 31 30 0 0 0 21 22 0 23 0 34 0 0 0 0 0 36 
20 0 0 25 23 26 0 0 0 0 32 0 27 0 0 0 0 34 40 0 0 0 0 14 0 0 0 0 0 0 0 5 0 2 0 46 0 0 0 0 0 0 6 0 0 7 12 0 0 
0 0 0 0 0 33 0 36 0 0 0 38 34 0 45 0 0 0 0 0 0 0 0 0 0 0 0 0 7 0 11 0 0 0 0 0 48 0 0 0 2 0 0 0 0 14 0 0 0 
6 7 0 0 0 0 0 15 0 0 18 0 0 0 0 23 0 0 26 21 0 4 0 0 0 0 0 0 35 36 0 40 0 37 34 0 27 0 0 33 0 31 41 0 0 0 0 0 43 
34 35 0 39 37 0 0 0 0 0 46 0 41 0 0 2 0 0 0 49 0 0 0 0 0 0 0 30 14 15 18 0 0 0 0 11 0 7 0 0 0 0 0 24 23 21 0 25 0 
0 42 45 46 0 0 0 1 2 49 0 3 0 0 0 0 0 6 0 0 0 0 40 0 0 0 0 37 0 0 25 0 24 0 0 0 0 0 15 19 16 17 0 0 0 0 0 0 0 
0 0 0 0 0 0 0 6 0 0 0 0 0 0 15 0 0 0 0 0 0 0 45 0 43 0 0 0 0 27 0 0 0 28 0 0 0 19 0 24 0 22 32 0 35 33 38 0 0 
0 0 0 0 0 0 0 0 0 0 0 0 0 0 22 0 0 0 0 0 0 2 3 0 0 0 46 0 0 0 37 0 0 0 32 0 0 0 0 0 0 0 39 43 42 0 0 0 0 
25 0 29 0 0 31 27 0 0 0 37 0 0 38 43 0 41 0 45 0 0 23 0 0 0 0 0 0 0 0 9 0 0 0 0 0 46 0 0 0 49 1 0 15 14 0 0 0 13 
0 0 43 0 42 0 0 48 49 0 0 0 0 0 0 0 6 0 0 0 9 0 38 0 0 0 32 35 0 20 0 0 0 21 0 0 0 0 0 17 0 15 0 29 28 0 0 0 27 
0 0 0 0 14 0 13 20 0 19 23 0 0 0 29 0 27 0 31 0 0 0 0 5 0 0 0 0 0 0 0 0 0 0 39 0 0 33 0 38 0 0 0 0 0 47 0 0 0 
0 0 22 0 0 24 0 27 0 26 0 29 0 0 0 0 34 32 0 0 37 0 17 0 0 0 0 14 0 48 2 3 0 0 0 44 0 40 0 0 0 43 4 0 0 0 0 9 0 
32 0 0 0 35 38 34 0 0 40 0 0 39 45 0 0 48 46 0 47 2 30 0 0 0 0 0 0 12 0 0 0 0 14 0 9 0 0 6 10 0 0 18 22 0 0 0 0 0 
0 0 2 0 0 4 0 0 8 0 0 9 0 11 0 15 14 0 18 0 17 45 0 0 44 42 40 0 0 0 0 0 0 0 0 0 0 0 21 0 0 0 0 0 36 0 0 0 35 
0 0 0 0 0 0 0 0 29 0 0 0 0 0 0 0 0 0 39 0 38 17 0 0 16 0 0 0 48 0 3 4 2 0 47 45 40 41 0 46 43 0 0 0 0 6 0 0 7 
0 0 0 38 36 0 35 42 0 0 0 44 0 0 0 0 0 0 0 0 0 31 32 27 0 0 0 29 0 14 0 0 0 0 0 0 0 0 0 0 0 0 0 0 0 0 0 0 21 
40 41 44 0 0 0 0 0 1 0 3 0 0 4 0 0 0 5 0 6 0 0 0 0 37 35 33 36 0 0 24 0 0 0 19 17 0 13 0 0 0 0 0 0 29 0 0 0 0 
0 0 0 0 8 11 0 0 0 0 17 0 12 18 23 0 21 0 0 20 0 3 4 48 0 0 0 0 34 0 0 0 0 36 33 0 0 0 0 32 0 0 0 44 0 0 0 0 42 
0 13 0 17 0 0 0 21 22 0 0 0 0 0 30 0 28 0 32 27 0 0 11 0 0 0 5 0 41 0 0 0 44 0 0 38 0 0 35 0 0 0 0 2 0 48 4 0 49 
0 0 30 31 0 32 0 35 0 34 0 0 33 0 0 0 0 0 0 0 45 0 25 0 0 21 0 0 0 7 0 11 0 0 0 3 0 48 49 0 0 2 0 16 0 13 0 0 0 
0 0 0 0 0 28 0 0 0 0 34 33 29 0 0 0 0 0 0 37 0 20 0 0 0 0 15 0 0 0 6 0 0 0 0 48 0 44 0 0 0 47 8 0 11 9 0 0 10 
0 0 40 0 0 42 0 45 0 0 48 0 0 0 0 4 0 0 0 2 6 34 0 0 0 0 0 0 0 0 0 0 19 0 15 0 0 9 10 0 0 0 0 26 0 0 0 0 0 
0 0 0 13 11 14 10 17 0 0 0 0 15 0 26 0 24 22 0 0 27 0 0 0 0 3 1 4 0 38 0 42 0 0 36 34 0 0 0 0 32 33 0 0 0 0 0 0 0 
0 30 0 34 0 0 0 0 0 0 0 40 0 0 0 46 0 0 0 0 48 27 0 0 26 0 0 25 0 0 0 0 0 0 0 0 0 0 3 0 4 5 0 19 0 0 21 0 0 
0 44 47 0 0 49 45 0 0 2 0 5 1 0 0 0 0 0 14 0 0 0 42 0 40 0 36 39 0 24 0 0 0 0 22 20 0 0 17 21 18 19 0 0 32 0 0 34 31 
0 0 5 0 0 0 3 10 11 0 13 0 0 0 0 18 0 0 0 0 0 0 0 44 47 0 43 0 0 31 0 35 0 0 0 0 0 0 0 0 0 0 36 0 0 0 0 0 38 
0 16 0 0 0 0 0 24 25 23 27 0 0 0 33 0 0 0 0 30 0 0 0 9 12 0 0 0 44 0 0 49 0 46 0 0 0 0 38 0 0 40 1 0 0 0 0 0 3 
