7
0 0 0 32 0 0 31 18 17 0 0 0 0 0 0 0 0 21 26 25 0 0 0 9 0 0 0 0 42 0 0 46 0 0 48 0 0 0 0 0 35 0 6 0 0 0 0 0 1 
0 0 0 11 0 0 0 0 45 0 0 0 0 0 1 0 3 0 0 0 6 0 36 0 0 0 39 41 0 0 0 0 22 26 0 0 0 16 0 0 14 0 0 0 0 32 0 0 0 
0 0 0 0 0 44 0 0 0 0 0 0 0 28 0 0 0 0 0 0 0 0 0 0 26 0 25 0 0 0 0 0 8 0 0 0 0 2 5 0 0 0 0 0 0 18 0 0 0 
41 0 36 0 0 0 0 0 0 0 0 0 22 0 0 30 0 28 0 32 0 0 0 0 19 0 0 0 0 0 2 4 0 0 0 0 0 44 0 0 0 48 13 0 0 0 0 10 0 
0 0 0 0 0 0 17 0 3 0 6 0 1 0 0 0 0 7 0 0 0 45 0 44 0 42 0 0 28 0 0 0 0 0 0 22 0 0 26 24 21 27 0 37 0 0 0 0 0 
0 21 22 0 0 0 0 0 0 0 0 0 8 0 15 0 0 0 0 0 0 3 0 0 5 0 0 0 0 0 0 0 0 0 0 0 0 0 0 31 0 34 48 44 0 0 0 0 43 
0 0 1 4 0 2 0 0 0 37 0 0 0 0 43 44 0 0 47 0 0 0 0 30 0 0 0 34 14 0 16 0 0 0 20 0 11 0 0 0 0 0 0 23 21 25 26 0 22 
0 31 0 35 0 0 0 0 0 0 0 0 18 0 0 26 0 0 29 0 30 0 0 0 0 0 0 0 0 0 0 0 46 1 0 39 42 40 0 0 38 44 9 0 0 0 0 6 4 
23 0 18 21 0 19 0 0 0 0 9 0 0 3 0 0 13 0 15 14 16 0 0 47 1 45 0 2 0 0 0 0 32 36 0 0 0 0 0 0 0 0 0 0 0 0 0 0 39 
0 0 11 0 0 12 0 0 0 47 0 0 46 0 0 0 6 0 0 0 9 0 0 0 0 0 0 44 0 0 0 28 25 29 30 18 21 0 22 0 0 0 0 0 0 0 36 0 0 
9 0 0 0 0 0 0 0 41 0 44 0 0 0 46 0 48 0 0 0 0 34 32 0 0 31 0 0 17 0 0 0 0 0 0 0 0 12 0 13 10 16 0 26 0 0 29 0 0 
44 38 0 42 0 0 0 0 27 0 0 29 25 24 0 0 0 0 36 35 37 0 0 0 0 0 21 0 3 0 0 0 0 0 0 0 49 0 0 48 0 2 0 12 0 0 0 0 0 
30 0 0 28 0 26 27 0 13 0 16 15 11 0 0 0 0 0 0 0 0 0 0 0 0 0 0 0 0 41 0 42 0 43 44 0 35 0 0 34 31 0 0 0 0 0 0 0 0 
0 0 0 49 0 0 48 0 0 0 37 36 0 0 0 0 0 0 0 42 0 0 0 26 0 0 28 0 10 0 0 0 0 15 0 0 0 0 0 6 0 9 23 19 0 0 0 0 0 
17 0 0 15 0 0 0 0 49 0 3 0 47 46 5 0 0 4 0 0 0 0 0 41 0 39 0 0 0 0 0 0 0 0 0 0 22 0 23 0 18 0 0 0 32 36 37 0 33 
0 0 0 0 0 0 0 22 0 20 0 0 19 0 0 0 28 25 0 29 0 14 12 13 16 0 0 0 0 49 0 0 0 2 0 0 43 0 0 0 0 0 10 0 4 0 9 7 0 
45 0 0 0 44 0 0 29 0 0 0 30 0 25 0 34 0 0 0 0 0 0 0 20 0 0 0 0 0 7 0 8 0 0 10 47 0 0 2 0 0 0 0 0 0 15 0 14 0 
24 18 19 22 23 20 0 0 0 0 10 9 5 0 0 0 14 0 0 0 0 49 0 48 2 0 0 0 0 0 0 36 0 0 0 0 0 0 0 28 0 0 0 0 0 0 0 42 40 
3 0 0 0 0 48 0 0 0 34 0 37 0 0 0 0 0 0 44 0 45 0 0 27 0 0 0 0 0 0 13 0 0 0 0 0 0 6 0 0 4 0 24 0 0 22 23 0 0 
10 0 0 0 9 0 0 43 42 0 0 44 0 0 0 0 0 0 0 0 0 35 0 34 0 0 0 0 0 0 0 22 0 0 0 0 0 0 0 14 11 0 0 0 25 0 0 0 0 
0 0 0 0 30 0 0 0 14 0 17 0 0 0 0 0 21 0 0 0 0 7 5 0 0 0 8 10 39 42 0 43 40 44 0 0 0 0 0 0 0 0 3 48 0 0 0 0 0 
0 20 0 0 25 22 0 0 9 8 12 0 0 0 0 15 0 0 0 0 0 2 49 0 0 0 0 5 0 0 0 38 0 39 40 28 31 0 0 0 27 0 0 0 0 0 46 44 0 
0 6 0 0 11 8 0 0 44 0 47 46 0 0 0 1 0 0 0 0 5 0 0 0 0 0 0 0 0 23 0 0 0 0 0 0 17 0 18 0 0 19 33 0 0 0 0 0 0 
0 0 42 0 0 0 0 0 30 29 0 32 0 0 0 0 0 0 0 0 0 23 0 0 0 0 0 0 6 0 0 0 0 0 0 0 3 0 4 0 0 0 0 0 13 0 0 16 0 
0 0 0 0 0 0 0 0 23 0 0 25 21 0 0 29 30 0 0 0 0 0 0 0 18 0 0 0 0 2 0 0 0 0 0 0 0 0 46 44 0 0 0 0 0 0 0 9 7 
0 48 0 0 0 1 2 0 37 0 0 39 35 0 0 43 44 0 0 45 47 0 0 0 32 0 0 0 13 0 15 0 0 18 0 7 0 0 0 0 6 12 26 0 0 0 0 23 0 
0 0 0 0 18 15 16 3 0 0 0 0 49 48 0 8 0 0 0 0 12 44 0 0 0 0 0 0 0 0 0 31 0 32 33 21 24 22 25 23 0 0 40 36 34 0 39 0 0 
0 0 0 0 0 0 30 0 0 0 0 0 14 0 0 0 0 0 0 0 0 0 0 0 0 6 0 0 0 0 43 0 0 0 0 35 0 0 0 37 0 40 0 0 0 0 0 0 0 
4 0 0 0 0 0 1 0 0 0 0 38 0 33 41 0 0 0 0 0 0 0 27 0 0 0 30 0 0 0 14 16 0 0 18 6 0 0 10 0 0 0 0 21 0 0 0 22 20 
11 0 0 0 0 0 0 44 43 0 0 0 0 0 0 0 0 0 3 2 0 36 0 35 38 0 0 39 0 22 21 23 20 0 25 0 16 14 0 15 0 0 0 0 26 30 0 0 0 
0 0 34 0 38 0 0 23 0 21 25 0 0 0 0 0 0 0 31 0 0 15 13 14 0 12 0 0 0 0 0 0 48 3 4 0 44 0 0 0 0 0 0 0 0 9 0 0 0 
18 0 13 16 0 14 0 0 0 49 4 3 0 47 6 0 0 0 0 0 0 0 0 0 45 0 0 0 26 29 28 0 27 31 32 0 0 0 0 0 19 25 39 0 0 37 0 0 34 
0 0 0 0 24 0 22 0 0 7 0 0 0 0 0 14 15 12 0 0 0 0 0 0 0 0 0 0 33 36 35 37 0 38 39 0 0 28 0 0 0 0 0 0 0 44 45 0 0 
46 0 0 0 0 42 0 0 0 0 0 0 0 0 34 35 0 0 0 0 0 0 0 0 0 0 23 0 0 0 7 0 0 10 0 0 0 0 0 0 47 4 0 14 0 0 0 0 0 
0 0 0 30 0 0 29 0 0 0 0 17 0 0 20 21 22 19 24 0 0 8 0 7 0 0 0 11 40 43 42 44 0 0 46 0 0 35 38 36 33 39 4 0 0 0 0 0 0 
0 22 0 26 0 0 0 0 0 0 0 0 9 0 0 0 0 0 0 0 0 0 0 0 0 0 0 0 36 39 38 0 0 0 42 30 0 0 0 32 0 0 0 45 0 0 0 46 0 
0 0 0 0 0 17 0 5 4 0 7 6 0 0 9 0 0 0 0 0 0 0 0 45 0 0 0 0 0 0 0 0 30 0 0 0 0 24 0 0 0 0 42 38 0 0 0 0 0 
0 36 0 0 41 0 39 26 25 0 28 27 23 0 0 0 0 0 0 0 35 0 0 0 20 0 0 0 0 0 3 0 0 0 0 44 47 45 48 46 43 0 14 10 0 0 0 11 9 
0 0 0 0 6 0 4 0 39 0 0 0 0 36 44 0 0 0 0 47 49 0 0 0 0 0 0 0 0 0 0 0 0 0 21 0 0 0 0 0 8 0 28 0 0 0 0 0 23 
0 0 44 0 0 0 0 0 32 0 0 34 30 0 37 38 39 0 0 0 0 0 0 0 0 22 0 0 8 11 0 0 0 13 0 0 0 0 0 0 0 0 0 17 0 0 20 0 0 
14 0 0 12 13 0 0 0 0 0 0 48 0 0 0 3 4 1 0 0 0 0 37 0 0 0 0 0 0 0 0 26 0 0 0 0 0 17 20 18 0 21 0 0 0 0 0 32 0 
35 0 30 33 34 0 0 0 0 0 0 0 0 15 0 0 0 22 0 26 0 0 0 10 0 0 0 0 0 0 0 47 44 0 0 0 0 0 41 0 0 0 0 0 0 0 6 0 2 
0 0 3 0 0 0 0 41 0 0 0 0 38 0 45 0 0 0 0 48 0 33 0 0 35 0 0 0 0 0 0 20 0 0 0 10 0 11 0 12 9 15 0 25 23 0 0 0 0 
22 0 0 0 0 0 0 6 0 0 8 0 0 0 0 0 0 0 0 0 15 0 0 0 0 0 48 0 0 0 0 0 31 0 0 0 0 0 0 0 23 0 0 39 0 0 42 0 0 
0 0 0 0 28 25 0 0 0 0 15 0 0 0 0 0 19 0 0 20 0 0 0 4 0 0 6 0 0 0 0 41 0 0 0 0 34 0 0 0 30 0 0 46 44 0 49 47 0 
0 37 0 0 0 0 0 27 0 0 29 0 0 0 0 0 33 0 0 0 0 0 0 18 21 0 20 22 0 5 0 6 0 0 0 45 0 46 0 0 0 0 0 0 0 0 0 0 0 
0 0 10 13 0 0 12 0 47 0 0 0 0 44 3 0 0 0 7 6 8 0 0 39 0 0 41 0 23 0 25 0 0 28 0 0 0 18 0 0 16 0 0 0 0 34 0 0 31 
1 0 0 0 49 0 0 0 0 0 0 0 31 30 0 0 40 0 0 0 43 0 0 0 0 0 0 0 0 12 0 0 0 0 0 3 0 0 7 0 0 0 0 0 0 0 0 0 0 
36 0 0 0 35 0 0 0 0 18 0 21 17 16 0 25 0 0 28 0 0 0 10 0 0 0 0 15 44 47 46 0 0 0 0 38 0 0 42 0 0 0 0 0 2 0 0 0 0 
