7
0 0 43 0 39 0 0 0 30 0 0 31 33 35 0 0 0 45 46 49 48 24 0 0 0 0 0 0 0 0 0 0 0 0 0 6 0 0 0 0 4 0 0 0 0 0 0 0 15 
17 20 22 0 0 19 21 0 0 15 0 0 12 14 23 0 0 24 25 28 0 0 0 2 0 0 0 0 0 0 0 0 0 47 45 34 0 31 0 30 0 0 0 0 0 0 0 0 43 
10 13 0 0 0 12 0 6 0 0 0 3 0 0 16 0 22 0 18 21 20 45 0 0 47 0 49 0 41 0 0 37 0 0 0 0 0 0 0 0 0 28 0 0 0 0 34 32 0 
31 0 0 0 0 0 0 27 23 0 0 24 0 0 37 0 43 0 0 0 0 0 0 0 0 20 0 18 0 0 0 0 0 0 0 0 0 0 0 0 0 0 0 0 0 3 6 0 0 
0 6 0 0 0 5 7 48 0 0 0 0 47 49 0 0 0 0 0 0 0 0 0 0 0 41 42 0 34 0 32 0 0 0 0 0 0 0 19 0 18 0 26 23 0 0 0 0 0 
0 0 29 0 0 26 0 20 0 0 0 0 0 0 0 0 0 0 32 0 34 0 0 0 12 0 14 0 6 0 0 2 7 0 0 41 0 38 0 0 0 0 0 44 0 45 0 0 0 
0 0 0 0 0 0 0 0 0 0 39 0 40 0 0 5 0 0 4 7 0 0 36 0 0 34 0 0 27 29 0 0 0 26 24 0 0 0 12 0 11 0 0 0 0 0 0 0 22 
23 0 0 22 0 0 0 0 0 0 0 0 18 20 0 0 0 0 0 0 33 0 0 0 11 12 0 10 0 0 0 0 6 0 0 0 0 37 39 0 0 0 0 0 0 0 0 45 0 
0 0 0 15 0 0 0 0 8 0 10 0 0 0 22 25 0 0 0 27 0 2 0 0 0 0 6 0 0 49 45 0 0 46 0 33 35 0 32 29 0 0 0 0 41 0 40 0 0 
37 40 0 0 0 0 41 0 0 0 0 0 0 0 0 46 0 0 0 0 0 23 0 0 0 0 27 0 0 0 17 15 20 0 16 0 0 0 0 0 3 6 0 8 0 0 0 0 0 
0 0 0 0 0 0 34 0 22 0 0 0 0 27 0 0 42 0 38 0 0 0 21 15 0 19 20 17 0 0 0 0 0 0 9 0 0 44 0 0 45 0 0 0 0 2 5 3 0 
0 47 49 0 0 0 0 0 0 42 0 0 0 0 0 0 0 0 0 0 5 30 35 0 32 33 0 0 26 0 24 0 27 25 0 12 0 0 0 0 0 0 18 0 20 16 0 0 0 
0 0 0 0 0 0 0 0 1 7 0 0 0 0 0 18 0 16 0 20 19 0 0 43 46 0 0 0 40 0 0 0 0 39 37 0 0 23 0 22 0 0 0 29 0 0 33 0 0 
0 0 0 1 0 0 0 0 0 0 0 44 46 0 0 11 0 9 0 0 12 0 42 36 0 0 0 0 0 0 0 0 0 32 30 0 0 0 0 0 0 0 25 0 27 23 0 0 0 
0 0 0 24 26 0 29 0 0 0 19 0 0 22 0 0 0 0 0 0 0 0 16 0 13 0 0 0 0 0 0 3 8 0 0 0 0 0 0 0 40 0 0 45 0 46 0 0 0 
0 0 0 0 12 0 15 7 3 9 5 4 0 8 17 0 0 0 0 0 21 0 2 45 0 0 0 0 0 0 0 38 0 41 39 28 0 0 27 0 0 0 34 0 0 0 0 0 37 
0 0 0 45 0 48 0 0 0 44 0 39 0 0 0 0 0 4 0 0 7 32 0 0 0 0 0 0 0 30 0 0 0 0 25 0 0 11 13 10 0 0 0 17 0 0 21 19 0 
32 35 0 0 33 0 0 0 0 30 0 0 0 0 0 0 0 0 0 0 0 0 0 17 0 0 22 0 0 0 0 10 0 0 0 0 0 0 0 0 0 0 0 3 0 0 0 5 9 
0 0 0 3 5 6 0 0 0 2 47 0 0 0 10 0 0 0 12 0 0 0 0 0 41 0 0 0 0 0 0 0 36 0 32 0 0 0 0 0 0 0 27 24 29 25 28 0 0 
0 0 44 0 40 0 43 0 0 0 0 0 0 36 0 48 2 0 47 0 0 25 30 0 0 0 0 0 21 23 0 0 0 20 18 0 0 0 0 3 0 0 13 0 15 0 0 0 16 
18 0 0 17 0 20 0 0 10 16 0 11 0 0 0 0 0 0 0 0 0 0 0 0 0 0 0 5 49 2 0 0 0 48 0 0 37 0 0 0 33 0 0 0 0 0 42 0 44 
0 0 48 42 0 0 0 39 0 0 37 0 0 0 0 3 0 0 0 0 0 29 0 0 0 0 0 0 25 0 0 0 0 0 0 0 0 0 0 0 9 12 0 14 19 15 18 16 20 
15 0 20 14 0 17 0 0 0 0 0 8 0 12 0 0 0 22 23 26 25 0 6 0 0 0 0 0 0 0 44 0 0 0 43 0 0 0 31 0 0 0 0 0 0 0 0 0 41 
0 0 0 0 0 0 0 0 49 6 0 0 3 0 0 0 0 0 0 0 0 0 0 42 0 0 0 0 39 41 37 35 0 0 0 0 0 0 24 21 0 0 31 0 0 0 0 0 0 
0 39 0 0 0 38 0 0 0 0 0 0 0 0 0 0 0 43 44 0 0 0 0 0 0 0 0 23 18 0 0 0 0 0 0 0 0 0 3 0 0 0 0 0 12 0 11 9 13 
0 0 34 28 30 0 33 0 0 27 0 0 24 0 0 38 41 36 0 0 39 0 0 14 0 0 0 0 0 0 0 0 0 0 8 0 0 43 0 42 0 47 0 49 0 0 0 0 0 
1 4 0 0 2 3 5 0 0 48 0 0 0 0 7 0 0 8 0 0 11 0 41 0 38 0 0 37 0 0 0 0 0 31 0 0 0 0 0 0 0 0 0 21 26 22 25 0 0 
0 0 0 0 0 0 0 0 0 0 0 0 0 0 0 0 0 0 30 0 32 0 0 7 0 0 12 0 0 0 0 0 0 0 0 0 0 36 0 0 0 0 0 0 0 43 0 0 0 
0 0 26 0 22 0 0 17 13 0 15 14 0 18 0 30 0 0 29 0 0 0 0 0 0 0 0 0 3 0 0 48 0 0 0 38 0 35 0 0 0 39 44 41 0 0 0 0 0 
0 0 0 0 0 0 11 0 48 0 1 0 0 0 0 16 0 0 0 18 0 0 0 41 0 45 0 0 0 40 0 0 39 0 35 0 0 0 0 0 22 25 0 0 0 0 31 0 33 
0 3 0 48 0 0 4 0 0 0 0 0 0 0 0 0 12 0 0 0 0 0 40 0 0 38 0 36 0 0 0 0 0 0 28 0 0 0 0 0 0 0 0 0 0 0 24 0 0 
0 38 0 0 36 0 0 0 0 33 29 0 0 32 0 44 47 42 43 46 0 0 0 20 0 0 0 0 17 0 0 0 0 0 0 0 0 0 2 0 0 0 0 0 0 7 0 0 0 
0 0 0 41 0 44 0 0 0 40 0 0 37 39 0 2 0 0 0 0 0 0 0 0 0 0 32 0 0 0 0 20 25 0 0 0 0 0 0 0 0 11 16 0 0 14 0 0 19 
0 0 0 0 29 0 32 24 0 0 0 21 23 0 0 0 0 0 0 0 38 0 0 0 0 0 18 15 0 0 8 6 0 0 0 0 0 0 0 0 43 46 0 48 0 0 3 1 0 
0 17 19 0 0 0 0 0 0 12 0 7 0 11 0 0 26 0 0 0 24 49 5 0 0 0 0 0 0 0 0 0 0 0 0 0 0 0 0 0 0 0 0 0 0 35 0 0 40 
0 0 46 40 0 0 0 37 0 0 0 0 0 38 0 0 4 0 0 3 0 0 0 26 0 0 31 28 0 0 0 19 0 22 0 9 0 0 0 5 7 10 15 0 0 0 16 14 18 
0 0 0 5 0 8 0 2 0 0 49 0 0 3 0 0 0 13 14 0 0 0 46 40 0 0 45 0 0 0 0 0 0 36 34 0 0 20 22 19 21 0 0 26 0 0 0 0 0 
20 0 25 0 0 0 0 0 0 18 0 0 0 17 26 0 32 0 0 0 30 0 0 0 8 0 0 7 2 4 0 47 0 0 0 0 39 34 0 0 0 0 0 0 0 41 0 0 0 
0 0 39 0 35 36 0 0 26 0 0 0 29 31 0 43 0 0 0 45 0 0 25 0 22 0 24 21 0 0 0 0 0 0 0 2 0 0 0 0 0 0 0 0 0 0 0 0 0 
0 0 0 0 28 0 0 0 19 0 0 0 0 0 0 0 0 0 0 0 37 0 0 0 0 0 17 14 9 0 0 0 0 0 6 0 46 0 43 0 0 0 0 0 0 48 0 0 0 
13 16 0 0 0 15 17 9 0 0 7 6 0 0 19 22 0 0 0 0 23 48 0 0 0 0 0 0 0 0 42 0 0 43 0 0 32 0 0 0 0 0 0 0 38 34 0 0 0 
0 0 0 0 0 1 3 0 40 46 0 0 0 45 5 0 11 0 0 10 0 0 0 0 0 37 0 0 30 0 28 0 31 0 0 0 0 0 0 0 0 0 0 19 0 0 0 21 0 
0 0 0 0 48 0 2 0 0 45 41 0 42 0 0 0 0 0 6 0 0 33 0 0 35 0 0 0 0 31 0 0 0 0 26 15 0 12 14 11 0 0 0 0 23 19 22 0 0 
0 0 0 0 0 0 0 29 0 0 0 0 28 0 39 42 0 40 0 0 43 0 24 0 21 0 0 0 0 0 0 11 0 14 0 0 0 0 0 0 0 0 7 0 9 0 8 6 0 
26 0 0 0 0 0 0 22 0 0 20 0 0 23 32 0 0 0 0 0 36 12 0 0 14 15 0 0 0 0 6 0 9 7 0 0 45 0 0 0 0 0 0 46 2 47 0 0 0 
0 0 0 0 0 0 0 0 4 0 6 5 0 0 18 0 0 19 0 0 22 47 3 0 0 0 2 0 43 45 0 0 0 42 0 29 0 0 0 0 0 30 35 0 37 33 0 0 0 
0 8 10 0 6 0 0 0 46 3 0 47 0 0 0 0 0 0 0 0 15 0 0 0 0 0 44 0 0 0 0 32 0 0 0 0 0 19 0 0 0 0 28 0 0 0 0 0 0 
40 0 0 0 41 42 0 36 0 0 0 0 0 37 0 0 0 0 0 2 0 0 31 0 28 0 0 0 22 0 0 0 0 0 0 0 10 0 0 0 0 0 0 11 16 0 0 0 0 
19 0 0 18 20 21 23 0 11 0 0 0 0 16 0 0 31 0 0 0 29 0 0 0 0 8 0 0 0 0 0 46 2 0 47 0 0 0 0 0 34 0 0 39 0 0 43 0 45 
