7
0 12 0 0 0 0 0 20 0 0 0 0 0 0 0 10 0 4 8 5 0 0 0 26 0 0 0 0 0 36 0 0 0 35 33 0 48 2 0 46 3 0 0 0 0 43 45 0 0 
0 40 0 0 41 0 0 48 0 49 2 0 0 0 0 0 34 0 36 33 0 10 0 0 0 0 0 6 11 15 0 0 13 14 12 28 27 0 0 0 0 26 19 20 0 0 0 0 0 
0 0 0 0 0 31 0 34 0 0 0 0 36 0 21 0 0 0 22 0 0 0 0 40 0 0 0 0 0 0 0 3 48 0 0 0 0 16 0 0 0 0 5 0 0 0 0 7 0 
46 0 0 1 48 0 0 6 0 0 0 0 0 0 42 45 0 39 0 0 0 0 0 0 0 0 0 0 0 0 0 24 0 0 0 35 0 37 0 32 0 33 0 0 0 0 0 28 0 
0 0 23 0 0 0 0 0 0 0 0 25 0 0 0 0 0 0 0 0 0 0 0 0 0 0 35 0 0 0 0 45 41 0 0 0 6 0 8 4 0 0 47 0 0 0 3 0 0 
32 33 0 0 0 0 0 0 0 0 0 0 0 0 28 31 0 25 0 0 0 3 0 0 1 0 0 0 0 0 9 0 6 7 0 0 20 0 0 0 24 0 12 0 0 15 0 0 16 
0 0 0 0 0 0 7 0 0 14 16 11 0 0 49 3 0 0 1 47 2 0 23 0 0 0 21 20 0 29 30 31 0 0 26 0 41 0 0 39 0 40 33 0 32 0 38 35 37 
0 1 0 0 0 6 0 0 0 10 0 0 0 0 0 0 44 0 0 43 0 20 19 15 0 0 0 0 0 25 0 27 0 0 0 0 0 0 0 35 0 36 0 0 0 0 0 0 0 
0 0 0 0 0 27 0 0 0 31 0 28 0 0 17 20 16 14 0 0 0 0 0 0 39 35 0 0 0 0 0 48 0 0 0 0 0 12 11 0 0 0 0 0 0 0 6 3 5 
0 29 0 0 0 0 0 0 0 0 40 0 0 0 24 0 0 0 25 0 26 48 0 43 46 42 0 44 0 0 0 0 0 0 0 0 0 0 18 14 20 0 0 0 0 0 0 10 0 
0 8 0 11 0 13 0 0 0 0 0 0 18 20 3 0 0 0 0 0 5 27 0 22 25 0 24 0 0 0 33 0 0 0 0 45 44 0 46 42 0 0 0 37 0 0 0 0 40 
0 0 19 18 0 0 17 0 0 24 0 0 0 0 10 0 9 0 11 0 0 34 0 0 0 0 0 0 0 39 40 0 37 38 36 0 2 0 0 49 6 0 0 0 42 0 0 45 0 
0 0 0 39 0 41 0 0 0 45 0 0 46 0 0 34 0 0 32 29 0 6 5 0 4 0 0 0 7 11 0 13 0 0 8 0 0 26 0 0 0 0 15 0 0 18 0 17 0 
0 0 0 0 0 48 45 0 1 0 0 0 4 6 0 41 0 0 39 36 0 0 12 0 0 0 10 9 0 0 0 20 16 17 0 31 30 0 0 0 0 0 0 0 21 0 0 0 0 
0 38 0 41 39 0 0 46 0 47 0 0 0 0 33 0 0 30 0 0 0 0 7 0 0 2 0 4 0 0 0 15 0 12 0 26 0 28 0 0 0 0 0 0 16 0 22 0 21 
16 0 21 20 18 0 0 0 0 0 28 0 0 0 0 0 0 0 0 10 0 36 0 0 34 0 33 0 37 0 42 0 39 0 0 0 0 0 0 0 8 0 0 0 0 0 0 0 49 
44 0 0 0 0 0 0 0 0 0 0 0 6 0 0 0 0 0 0 38 0 0 14 0 0 9 0 11 0 0 21 0 18 0 17 0 0 35 0 30 36 31 0 0 0 27 0 0 0 
0 0 0 34 0 0 0 0 0 0 0 0 0 0 0 29 25 0 0 0 0 1 49 0 0 44 0 0 0 0 0 0 4 0 3 0 18 0 0 16 22 0 0 0 0 0 15 0 0 
0 3 7 0 4 8 0 0 0 0 0 0 0 0 0 0 0 0 48 0 0 0 21 17 0 0 0 0 0 0 0 0 0 0 24 0 0 0 41 37 0 0 31 0 0 0 36 0 35 
0 10 0 13 0 0 0 0 0 0 0 0 0 22 0 8 4 0 0 0 7 0 0 24 0 23 0 25 0 0 0 36 32 0 0 47 0 49 0 0 0 0 38 0 37 0 0 0 0 
23 0 0 0 25 0 0 0 0 0 0 0 0 0 0 0 0 0 0 17 0 43 0 0 41 0 0 0 0 0 49 1 0 0 0 0 0 14 13 0 0 0 3 0 0 6 0 0 0 
0 18 22 0 0 23 20 0 0 0 0 0 0 30 0 16 12 10 14 0 15 0 0 32 35 31 34 0 38 42 0 0 40 41 39 0 0 8 7 0 0 0 0 47 45 0 0 0 0 
0 0 0 0 12 16 0 0 0 0 0 17 0 0 6 0 0 0 0 0 0 0 29 25 0 24 0 0 0 0 36 0 0 34 32 48 47 0 0 45 2 0 0 0 38 0 0 0 43 
0 0 43 0 0 44 0 0 46 48 1 0 0 2 34 37 0 31 0 0 0 0 0 0 0 0 6 5 0 0 0 0 0 0 0 0 0 0 0 24 0 0 0 0 17 0 0 0 0 
0 0 0 0 0 0 0 12 0 13 15 0 0 0 0 0 0 0 49 46 0 0 0 18 0 0 0 0 0 0 0 0 26 0 25 0 0 0 42 0 0 0 32 0 0 0 0 0 36 
0 0 0 0 47 0 48 5 0 0 8 0 0 0 0 0 0 38 0 39 0 0 0 11 14 0 0 0 0 21 0 0 19 0 0 0 33 0 0 31 37 0 0 26 0 0 0 0 0 
0 0 29 0 0 0 0 0 0 0 0 0 0 37 0 23 0 0 21 0 0 0 0 0 42 0 0 0 0 0 0 0 0 0 0 13 0 0 0 0 0 11 4 0 0 7 0 0 0 
0 0 0 35 0 0 34 0 0 0 0 0 0 44 0 30 26 0 0 0 0 0 0 46 0 45 0 0 0 0 0 9 0 6 0 20 19 0 0 0 23 0 11 12 10 0 0 13 15 
40 0 0 0 42 0 0 0 0 1 0 0 0 0 36 0 0 33 0 34 38 11 0 0 9 5 0 0 0 0 0 0 0 15 0 0 0 31 30 26 0 27 0 21 19 0 0 0 24 
0 0 0 0 0 0 0 0 0 0 0 0 0 0 0 0 7 0 0 6 10 0 31 0 0 0 0 0 0 0 0 39 35 0 0 1 49 0 0 47 0 0 0 0 0 44 0 0 0 
26 0 0 0 0 32 29 0 0 0 38 33 0 0 0 25 21 0 0 20 24 0 0 0 0 40 0 0 0 0 0 0 0 0 48 15 0 0 0 0 0 0 6 0 0 0 0 0 0 
0 0 0 0 0 0 0 0 41 43 45 40 44 0 0 0 0 0 0 0 0 0 0 0 0 47 1 49 5 0 0 0 7 0 0 0 21 0 0 0 0 0 0 0 12 0 18 15 0 
19 0 0 0 21 25 22 28 0 29 31 0 30 0 0 0 0 0 16 0 0 0 0 0 0 0 0 0 40 44 0 0 0 0 0 0 0 0 0 0 0 0 0 0 0 0 0 0 0 
0 0 0 0 0 0 0 0 6 0 0 5 9 0 0 0 42 0 44 0 0 0 0 0 0 0 0 14 19 0 0 0 0 0 0 0 0 38 37 0 0 0 0 28 0 0 32 0 31 
5 6 10 0 0 0 8 14 13 0 0 0 0 0 1 0 0 47 2 48 0 25 24 0 0 0 0 0 0 0 0 0 0 0 0 0 0 0 0 0 46 41 0 0 0 37 0 0 0 
0 0 0 0 0 40 0 0 0 0 0 0 0 0 0 0 29 0 0 0 32 0 0 0 0 0 0 0 6 0 0 0 0 0 0 0 22 0 0 0 0 21 0 0 0 0 19 0 0 
13 0 0 0 15 0 0 0 0 23 0 20 0 0 9 0 0 6 0 0 11 0 0 28 0 0 0 0 34 0 0 0 0 0 35 0 0 0 0 0 5 49 0 43 41 0 0 0 0 
48 0 4 0 1 5 2 0 0 0 0 6 10 0 0 0 0 0 0 0 46 0 0 14 0 0 0 0 0 0 0 0 0 23 0 0 36 0 0 0 0 0 28 0 0 0 0 30 0 
6 0 0 0 0 0 0 0 0 0 0 0 17 19 0 5 1 0 0 0 0 0 0 0 0 0 0 0 0 31 0 0 0 0 0 0 0 0 45 41 47 42 35 0 0 0 40 0 0 
20 0 0 24 22 0 0 29 28 30 32 0 0 0 16 0 0 0 17 14 0 0 0 0 38 0 0 0 0 45 0 47 0 0 42 0 8 0 10 0 12 7 0 0 48 3 5 0 0 
0 0 0 45 0 0 44 0 0 0 0 0 3 5 0 0 0 0 38 0 39 0 11 7 0 6 0 0 13 0 0 19 15 16 14 30 0 0 31 27 0 0 21 0 0 24 0 23 0 
0 0 0 0 0 0 0 36 0 0 39 34 38 0 0 0 0 0 24 21 25 0 0 0 0 0 44 0 0 0 0 0 0 0 0 0 15 0 0 13 19 0 7 0 0 10 12 0 0 
1 0 0 0 0 0 0 10 0 0 0 8 12 0 46 49 0 0 0 0 48 0 20 0 0 0 18 0 22 26 0 0 24 25 23 0 0 0 0 36 0 0 0 0 0 0 0 32 34 
0 0 48 47 0 49 0 0 0 0 6 1 0 0 0 0 38 0 0 0 0 0 0 0 0 8 0 0 0 0 0 0 17 0 0 32 0 0 33 29 35 0 0 0 0 26 0 0 0 
0 0 0 12 10 14 11 0 16 0 0 0 19 0 0 7 0 0 0 0 0 0 0 0 26 22 25 24 0 0 0 0 0 0 0 46 0 48 47 0 49 44 37 0 0 40 0 0 0 
0 0 0 0 31 0 0 0 0 39 41 0 0 42 0 0 0 22 26 0 0 0 48 0 0 43 46 0 0 0 0 0 3 0 0 18 0 0 0 0 21 16 0 0 0 0 0 0 0 
0 0 0 19 0 0 18 0 0 0 27 0 26 0 0 0 0 0 0 0 0 35 34 0 0 29 0 0 0 0 0 0 38 0 0 0 0 0 5 0 0 0 44 45 43 0 49 46 0 
36 37 0 0 0 42 39 45 0 0 48 0 0 0 32 0 0 0 33 0 34 0 0 0 0 0 0 0 0 0 0 0 0 11 9 25 0 0 26 0 0 23 0 0 15 0 0 0 0 
0 0 27 0 0 0 0 0 0 0 0 0 33 35 0 0 0 15 19 0 20 42 0 37 0 36 39 38 0 0 0 0 0 46 44 11 0 13 0 8 0 0 0 3 0 0 7 0 6 
