7
7 8 4 0 3 0 0 0 0 0 30 36 0 0 0 17 0 0 0 0 0 0 0 0 0 0 15 13 0 0 42 39 43 0 0 0 0 0 0 0 0 28 0 0 48 47 0 0 0 
0 0 18 0 0 20 0 0 0 0 44 0 0 0 0 0 0 33 0 0 0 0 0 0 0 0 0 0 2 0 0 0 0 0 0 40 0 0 0 0 0 0 0 0 0 12 11 0 0 
0 0 0 0 0 0 0 0 12 0 0 0 11 0 0 0 1 0 0 46 0 0 38 0 0 42 0 0 0 20 0 0 0 0 0 0 0 0 2 0 0 0 24 29 27 0 0 0 0 
28 29 0 26 0 27 0 0 0 6 0 0 0 0 41 0 43 0 0 0 0 32 0 0 0 35 0 0 0 0 0 0 0 0 12 0 0 45 44 48 0 0 0 0 0 0 0 0 0 
0 15 11 0 0 0 0 38 0 0 37 43 0 0 27 24 0 26 0 0 0 0 17 19 0 0 0 0 0 48 0 46 1 0 0 0 0 31 30 0 0 35 0 0 0 5 0 0 0 
42 0 39 0 0 0 37 17 0 0 0 0 0 21 0 0 0 5 0 4 7 0 0 0 0 0 1 48 23 0 0 0 0 0 0 0 0 10 9 0 11 14 0 0 0 33 0 0 0 
0 0 46 0 0 0 0 24 0 0 0 29 0 28 0 10 0 0 0 0 0 4 3 5 0 0 0 6 0 34 0 0 0 0 0 0 0 17 0 0 0 0 0 0 0 0 0 0 0 
0 0 42 0 0 0 0 0 22 0 0 0 0 24 0 0 0 8 0 7 10 0 0 0 0 0 4 0 0 0 0 0 0 0 0 0 0 0 0 16 14 17 0 39 37 0 0 0 0 
0 11 0 0 6 0 0 0 0 0 0 0 35 0 0 20 25 22 0 0 0 0 13 0 0 0 0 0 0 0 0 0 0 0 43 0 0 27 26 0 28 0 0 0 2 0 49 0 0 
0 0 0 0 0 30 0 0 0 0 5 0 7 10 0 0 0 43 0 0 45 0 0 36 0 0 0 0 12 16 17 14 0 0 0 1 0 48 0 0 49 0 0 25 23 0 21 19 0 
0 0 0 0 0 0 0 0 0 0 12 0 14 17 0 48 4 0 47 0 0 0 0 43 0 0 46 44 19 0 24 0 0 20 22 8 0 0 5 0 7 10 0 0 30 29 28 0 0 
0 0 21 0 0 0 19 48 0 0 47 0 0 0 37 0 39 0 0 35 0 28 27 0 0 0 0 0 0 9 10 7 0 6 0 0 46 0 0 0 0 0 0 0 0 0 0 0 0 
0 0 49 0 0 0 0 0 0 0 26 0 28 0 0 0 18 15 0 0 0 0 0 0 5 10 11 0 0 37 0 0 39 0 0 22 0 0 0 0 0 0 41 46 0 43 0 0 0 
17 0 0 0 0 0 0 41 43 0 40 46 42 0 30 27 32 0 0 0 31 0 0 22 19 0 0 23 0 0 0 49 0 48 0 0 39 0 0 37 0 38 6 0 9 0 0 5 0 
12 0 9 10 0 11 0 0 0 0 0 0 37 0 0 0 27 0 0 0 0 16 15 0 0 0 0 0 0 0 0 0 0 43 45 0 0 0 0 0 0 33 0 0 0 0 2 0 0 
0 0 0 0 0 0 0 15 0 0 0 0 0 0 0 0 6 3 0 0 0 0 0 0 0 0 0 0 0 0 26 0 27 0 0 0 0 0 0 0 0 0 0 0 32 0 0 0 0 
0 27 0 24 0 0 21 0 3 4 49 6 2 0 0 36 0 38 0 0 0 0 29 0 28 0 0 0 7 0 0 0 0 0 0 0 48 0 42 0 0 0 0 20 18 17 0 0 0 
0 0 0 0 29 0 28 8 0 11 0 13 0 0 0 0 0 0 0 0 47 0 0 0 0 0 0 39 0 0 0 0 20 0 0 0 0 0 0 4 2 0 22 27 0 24 0 0 26 
0 0 16 0 0 18 14 0 0 46 42 0 0 0 32 0 0 31 28 0 0 0 22 0 0 0 0 25 0 4 5 0 0 1 0 38 0 0 0 0 0 0 0 0 0 0 0 0 0 
5 0 2 3 0 4 49 0 0 32 28 0 0 33 0 0 20 17 0 0 19 0 0 0 0 0 13 0 0 39 0 0 0 0 0 0 27 0 0 25 0 0 0 0 46 0 44 0 0 
0 0 44 0 43 0 42 0 0 0 0 0 0 0 0 0 0 0 0 0 0 0 1 3 0 5 6 0 0 0 0 0 0 0 0 0 0 0 0 0 0 0 36 0 39 0 0 0 40 
9 0 0 0 0 0 0 0 35 0 0 0 0 0 0 0 24 0 0 0 0 0 0 0 0 16 0 15 0 0 0 0 0 0 0 28 0 0 0 0 27 30 0 3 0 0 0 0 0 
0 0 0 42 0 0 0 19 0 0 0 0 0 0 0 5 0 7 0 0 9 48 47 0 0 0 3 0 0 29 0 0 0 0 0 14 0 0 0 0 0 0 0 0 0 35 0 0 37 
0 0 0 21 0 0 0 47 0 0 0 0 0 0 0 0 0 35 0 34 0 0 26 0 25 0 31 0 0 0 0 0 0 0 0 0 0 0 0 0 41 44 12 17 15 0 13 11 0 
0 0 0 0 0 0 0 0 0 0 0 45 0 0 0 0 0 0 0 27 0 0 0 0 0 23 0 0 0 1 2 0 3 0 0 0 38 0 0 0 0 37 0 0 8 0 0 4 0 
30 0 0 0 0 0 0 0 0 0 0 10 0 0 0 40 0 0 0 0 0 0 33 0 0 37 0 0 0 0 0 13 0 0 0 49 0 0 0 0 48 2 0 24 0 0 20 0 23 
0 3 0 0 0 0 0 0 28 0 25 31 0 0 15 12 0 14 0 13 0 0 0 0 4 9 0 0 32 0 0 0 0 0 0 21 24 19 0 0 0 23 0 0 0 0 0 39 0 
37 38 0 0 33 36 0 0 0 0 0 17 0 0 0 0 3 0 46 48 0 41 40 0 0 0 0 43 0 22 0 0 0 19 0 0 0 0 4 0 0 9 0 0 29 0 0 25 0 
0 0 22 0 21 0 0 0 0 0 0 0 1 4 0 35 40 37 34 0 0 0 0 0 27 0 0 31 6 10 0 0 12 0 0 0 0 42 0 0 0 0 14 19 17 16 0 0 0 
0 0 0 44 0 45 41 21 0 24 20 26 0 0 10 7 0 0 0 8 0 1 0 2 48 0 0 0 0 0 0 0 0 0 0 16 19 0 0 0 15 18 0 40 0 0 0 34 39 
0 0 0 0 0 0 48 0 0 0 0 33 0 32 0 0 0 16 0 0 0 0 0 0 6 11 0 10 0 38 0 0 0 35 0 0 0 21 0 0 0 0 0 0 0 44 43 41 0 
18 19 0 16 0 0 0 0 44 0 0 0 0 46 31 0 33 0 27 29 0 0 0 0 0 0 0 0 48 0 0 0 5 0 2 0 0 0 0 0 0 0 7 0 10 0 0 0 0 
11 0 8 0 0 0 6 0 0 0 0 0 0 39 0 21 0 0 20 0 0 0 14 0 0 18 0 17 0 0 46 0 0 0 0 0 0 0 0 0 29 32 0 0 3 0 1 48 0 
0 0 0 0 0 38 0 0 0 0 0 19 0 18 0 49 0 0 0 1 0 43 0 44 41 0 0 45 20 24 25 22 0 0 23 9 0 0 0 10 0 11 0 0 0 0 0 0 0 
0 33 29 0 0 31 0 0 0 10 0 12 0 11 45 42 0 44 0 0 46 0 0 0 0 0 0 38 0 0 18 15 0 14 0 0 0 0 0 0 0 0 21 26 0 0 0 0 0 
0 0 12 0 11 0 10 0 41 0 38 44 0 0 0 0 0 27 0 0 0 19 18 0 17 0 23 0 45 0 0 0 2 0 0 0 0 32 0 35 0 36 0 9 7 0 0 0 0 
0 0 0 6 0 0 3 0 0 35 31 0 0 0 21 18 23 0 0 19 0 0 11 0 0 0 0 14 0 0 43 0 0 0 0 0 30 25 0 0 0 0 46 0 0 48 0 0 1 
0 2 47 48 0 0 45 25 0 0 24 30 0 29 0 0 0 13 0 0 0 0 4 6 3 0 0 7 31 35 0 0 0 0 0 0 0 18 17 0 0 0 0 0 0 0 0 38 0 
0 0 0 0 0 42 0 18 0 21 0 23 19 0 0 0 0 6 0 0 0 47 0 0 45 0 0 49 24 0 0 26 0 25 0 0 0 0 0 0 0 0 32 0 0 0 0 31 36 
22 0 0 20 0 21 0 0 48 49 0 2 47 0 0 32 37 0 31 0 0 26 25 0 0 0 30 0 0 0 0 0 0 4 0 0 0 0 38 0 40 0 0 16 14 13 0 0 0 
29 0 0 27 0 28 24 0 6 7 0 0 0 0 0 0 0 41 0 0 0 33 0 34 0 36 0 35 0 14 0 0 0 0 0 48 0 0 0 49 0 0 18 23 21 0 0 0 22 
0 37 0 0 0 0 0 11 13 0 10 0 0 0 0 0 0 0 0 0 1 0 0 41 0 43 0 42 17 0 0 0 0 0 0 0 0 0 3 0 0 0 0 0 0 0 0 0 0 
27 0 0 0 23 26 0 0 0 0 1 7 3 0 40 0 0 39 36 0 0 0 30 0 29 0 35 33 8 12 13 0 0 0 0 0 0 0 0 47 0 48 0 0 0 0 17 0 20 
0 14 0 0 9 0 0 0 0 40 36 0 0 41 0 0 28 0 22 0 0 0 16 0 15 20 0 0 0 0 0 0 0 0 46 0 0 30 0 0 0 34 2 7 0 0 0 0 6 
34 35 31 32 0 0 0 0 0 0 8 0 0 0 0 0 0 0 43 0 0 0 0 0 0 41 42 0 0 0 0 17 21 16 0 4 7 2 0 0 0 6 0 0 26 0 0 22 0 
0 0 0 0 0 0 0 23 0 0 0 0 0 0 12 0 14 0 8 10 0 3 0 0 0 6 0 0 29 33 0 0 35 0 0 18 0 0 15 0 0 0 0 0 0 39 0 0 0 
0 0 0 0 0 0 0 44 0 0 0 0 0 0 0 30 0 0 0 31 0 24 0 25 0 0 28 0 1 0 6 0 7 0 4 0 0 37 0 40 38 0 9 0 0 11 0 0 0 
0 0 0 0 0 0 0 0 0 0 15 0 17 0 0 0 0 0 0 0 0 0 0 0 43 0 0 0 0 0 0 0 0 0 0 0 0 0 8 0 10 0 30 0 0 0 0 0 0 
0 0 3 4 0 0 0 30 32 33 0 35 0 34 19 0 0 0 0 17 0 10 0 0 0 0 0 0 0 0 0 0 42 0 0 25 0 23 0 0 24 27 44 0 0 0 0 0 0 
