7
41 0 0 0 47 0 45 23 25 0 0 0 0 0 8 0 0 10 0 12 11 0 0 0 0 0 0 37 0 0 0 2 0 0 3 33 0 0 0 0 0 0 0 0 13 0 0 16 0 
6 0 0 0 12 11 10 0 39 0 0 36 0 0 0 0 0 0 23 26 0 0 0 0 0 0 0 0 14 0 0 0 13 19 0 0 42 43 0 46 0 0 0 0 27 0 0 0 32 
0 0 0 35 0 0 38 0 0 17 0 0 0 0 0 0 0 0 0 0 4 0 0 27 0 0 0 0 0 0 0 0 41 0 0 0 21 0 0 0 0 20 0 0 0 7 0 0 0 
20 0 0 0 26 0 24 0 4 3 0 1 0 0 0 0 34 0 0 40 39 19 14 13 0 15 0 16 28 0 0 0 27 0 0 12 0 0 9 0 0 0 0 47 0 0 0 0 0 
0 0 2 0 5 0 3 0 0 31 0 29 28 0 0 0 0 0 16 0 0 0 0 0 0 0 0 0 0 0 0 0 0 0 0 0 0 0 0 0 0 0 24 26 0 0 0 0 0 
0 0 30 0 33 32 31 0 0 0 0 0 0 0 0 0 0 0 0 47 0 0 21 20 25 0 24 0 0 0 0 0 0 40 0 0 14 15 16 18 0 0 0 5 48 49 0 2 0 
0 0 0 0 0 18 0 0 46 0 0 0 42 41 0 0 0 0 0 0 0 12 0 0 0 0 0 0 21 0 0 23 20 0 0 5 0 0 2 0 0 48 38 0 0 0 0 37 39 
0 0 0 0 0 44 0 0 0 0 0 20 0 0 0 0 4 0 0 0 9 0 0 0 0 0 36 0 0 2 48 49 0 0 1 0 26 27 28 0 0 25 15 0 0 12 0 0 0 
0 0 14 0 17 16 0 42 0 0 0 0 40 39 0 26 0 0 28 31 30 10 5 0 9 0 0 7 0 0 0 0 0 0 0 0 0 0 0 0 1 46 0 38 0 33 0 35 0 
32 0 35 0 0 37 36 14 0 15 17 0 0 0 48 0 0 0 0 0 0 31 0 0 0 0 0 0 40 0 0 42 0 0 0 0 0 0 0 0 22 0 0 0 0 0 6 7 0 
18 20 0 0 0 0 0 0 2 0 3 0 0 0 0 33 32 36 0 0 0 17 12 11 0 0 0 0 0 0 0 0 0 0 0 0 0 0 7 0 0 0 43 0 0 40 41 0 0 
0 0 28 0 0 0 29 0 0 0 0 6 0 4 41 40 0 0 0 0 0 0 0 0 23 20 0 0 33 0 34 0 0 0 36 0 12 0 0 0 15 0 0 0 0 0 0 0 0 
46 0 49 0 0 0 1 0 0 0 31 0 26 0 0 0 11 0 0 0 0 45 0 0 0 0 0 0 0 0 0 0 0 0 0 0 0 0 0 0 0 32 22 0 18 19 20 21 23 
0 0 0 0 0 9 0 0 0 36 38 0 33 0 0 0 18 22 21 0 0 0 0 0 2 0 1 49 0 0 0 0 0 0 15 0 0 0 0 0 43 0 0 0 0 26 0 0 0 
3 0 0 0 0 0 0 0 0 0 0 0 32 31 0 0 0 0 0 0 0 0 46 0 0 0 0 48 0 0 0 0 0 0 0 44 0 0 41 0 0 0 0 0 24 0 0 0 0 
24 0 0 0 0 0 0 0 0 0 0 5 4 0 0 0 0 42 0 44 43 0 0 0 22 0 0 0 0 0 0 0 0 37 0 16 11 12 13 0 0 0 49 0 45 0 47 0 1 
0 0 0 0 44 0 0 0 22 0 0 19 0 17 0 4 0 0 0 9 8 0 32 0 0 0 35 0 46 1 0 48 0 2 0 0 0 26 0 0 28 24 0 0 0 0 12 13 0 
0 47 48 46 2 0 0 27 0 0 0 0 25 0 0 0 0 0 0 0 0 44 0 38 0 0 42 41 4 0 0 0 0 0 7 37 0 0 0 36 0 31 0 23 0 0 19 20 0 
0 33 0 0 37 36 0 0 0 0 0 0 0 0 0 0 0 49 0 2 0 30 25 0 0 0 0 27 0 0 0 0 0 0 0 23 0 0 0 22 21 0 0 0 3 0 5 0 0 
0 12 0 0 0 15 0 0 0 0 44 0 0 0 0 0 0 0 0 0 0 0 0 3 0 0 0 0 0 22 0 0 0 23 0 0 0 0 0 0 0 45 0 0 0 0 33 0 36 
0 0 20 0 23 22 0 48 0 0 0 47 0 0 0 0 0 35 0 0 36 0 0 10 15 12 0 13 0 29 26 27 0 0 0 0 0 5 0 0 0 3 0 0 0 0 0 0 0 
0 0 26 0 0 0 0 5 0 0 0 0 0 0 39 0 0 0 0 0 0 22 0 0 21 0 0 0 0 35 32 0 0 36 0 15 10 0 0 0 0 0 0 1 0 0 46 0 0 
44 0 0 0 0 0 0 26 28 0 0 25 0 0 0 0 0 0 0 15 0 43 0 0 42 0 41 40 0 0 4 0 2 8 6 36 0 0 0 0 0 0 0 0 0 0 0 0 21 
0 32 0 0 0 0 0 0 0 13 15 11 10 9 0 45 44 0 0 0 49 0 0 0 0 25 0 0 0 0 0 0 0 43 0 0 0 0 19 21 0 0 0 0 2 3 0 5 0 
9 11 12 0 0 0 13 40 0 0 43 0 38 37 0 24 0 27 0 0 0 0 0 2 0 4 6 0 0 0 0 19 0 22 20 0 0 0 0 0 48 0 0 36 0 0 32 0 0 
0 0 19 0 0 0 0 47 49 0 0 46 0 0 0 0 0 0 0 36 0 0 10 0 0 0 13 0 0 28 0 26 0 0 0 8 3 0 0 0 0 0 0 0 0 0 39 0 42 
0 0 0 0 0 7 0 0 35 34 36 0 0 0 0 17 16 20 19 22 0 0 0 0 0 0 0 0 0 0 11 12 0 0 0 43 38 0 0 0 0 0 0 0 0 0 0 0 0 
0 0 0 0 43 0 41 0 0 0 0 0 0 0 4 0 2 0 5 0 0 0 0 0 0 0 0 33 0 0 46 47 0 0 0 29 0 0 26 28 0 0 0 0 0 0 0 0 0 
0 2 3 0 0 0 0 0 0 32 0 30 29 0 0 15 0 0 17 0 0 48 0 0 0 0 46 45 0 0 0 0 0 0 0 0 36 0 0 0 0 35 0 0 0 0 0 0 26 
42 0 0 43 0 0 46 0 26 25 0 0 0 0 9 0 0 0 0 13 0 0 0 0 0 0 0 38 0 5 0 0 49 6 4 0 29 0 31 33 32 28 0 0 0 0 0 0 19 
0 0 10 0 13 0 0 38 0 39 0 0 0 0 23 0 21 0 0 0 0 0 0 0 0 0 0 0 15 0 16 0 0 0 0 0 0 44 0 0 0 0 0 0 0 0 0 0 0 
0 0 0 0 0 19 0 45 0 0 0 0 0 0 0 29 0 0 0 0 33 0 0 0 0 0 11 0 0 0 0 0 21 0 25 6 0 0 3 5 4 49 0 0 35 0 0 38 40 
0 37 0 0 0 0 0 0 0 0 0 0 15 0 2 0 0 0 0 0 0 34 0 0 0 0 32 0 43 0 0 0 0 48 0 0 22 0 24 26 0 0 11 13 0 0 0 10 0 
0 0 0 0 0 0 0 0 0 0 0 2 0 0 37 0 0 39 0 0 40 0 0 14 0 0 18 17 0 0 0 0 0 0 0 0 8 0 10 12 11 7 46 48 0 0 44 0 0 
0 0 31 0 0 0 32 0 0 0 0 9 0 0 0 0 0 0 45 0 0 0 0 0 0 0 25 0 0 40 0 38 35 0 39 0 0 0 17 0 18 0 0 0 0 0 2 0 5 
0 0 0 0 14 0 0 39 0 0 0 0 0 36 0 23 0 26 0 0 0 0 0 0 0 0 0 0 0 0 0 18 15 0 0 0 0 45 46 0 47 0 0 0 29 0 0 32 0 
0 17 18 0 21 0 0 46 48 0 49 0 0 0 31 30 0 33 32 35 34 14 0 8 13 0 0 11 0 0 24 0 0 28 26 0 0 0 0 0 5 0 0 42 36 37 0 0 0 
0 0 0 0 0 0 0 0 0 12 0 0 0 8 0 0 0 0 0 0 0 0 0 0 27 0 0 0 0 41 38 0 0 0 40 21 0 0 0 0 19 0 0 0 1 0 3 0 0 
0 0 0 0 28 27 26 0 0 0 0 0 2 0 0 0 36 40 0 0 0 0 0 0 20 0 0 0 30 0 0 0 0 35 33 14 0 0 11 0 0 0 0 0 43 0 0 0 0 
1 3 4 2 0 0 0 0 0 0 0 0 0 29 0 0 0 19 0 0 0 0 0 43 48 0 47 0 0 0 0 0 0 0 0 0 0 0 0 41 0 0 26 0 0 0 0 25 27 
0 0 0 37 0 0 0 18 0 19 0 0 0 15 0 0 0 5 0 0 0 0 30 0 34 0 0 32 0 0 0 0 0 49 0 0 0 0 25 27 0 0 0 0 8 0 0 0 0 
0 0 46 0 49 0 0 0 0 26 0 24 0 22 0 0 0 12 0 0 13 0 37 0 0 0 0 0 0 0 0 0 1 0 0 0 0 0 0 0 0 29 0 0 0 16 0 0 0 
0 0 0 0 46 45 44 22 0 23 25 0 0 19 0 6 0 0 0 0 0 0 34 0 0 0 0 0 48 0 0 1 47 0 2 32 0 28 29 0 0 0 0 0 0 0 0 0 0 
47 49 0 0 0 0 2 0 31 0 0 0 27 0 0 0 0 0 0 0 0 0 0 0 0 0 0 0 0 10 0 0 5 0 0 0 34 0 36 38 0 0 0 0 0 0 0 0 0 
26 0 0 27 0 0 0 0 10 0 0 0 0 5 42 0 40 44 43 0 0 25 0 0 0 0 23 22 0 0 35 0 0 39 37 18 0 0 0 0 16 0 0 0 0 0 49 0 0 
0 0 0 0 0 38 0 0 0 0 0 0 0 0 49 0 47 0 0 4 0 32 0 26 0 28 0 0 0 45 0 0 0 46 44 0 0 0 0 0 0 0 9 0 0 0 0 0 0 
0 0 0 0 0 0 0 0 0 0 0 42 0 0 0 0 0 0 29 0 31 0 0 0 10 0 9 8 20 24 0 22 19 0 23 0 48 0 0 0 0 0 0 0 0 34 0 36 0 
0 7 0 0 0 0 0 0 38 37 39 0 0 0 0 0 0 0 0 0 0 0 0 0 0 0 0 0 0 17 0 0 0 0 0 0 41 0 0 0 0 0 0 0 0 27 0 29 0 
19 0 22 20 0 0 0 1 3 2 0 49 0 0 35 0 0 37 36 39 0 18 0 0 0 14 0 0 0 0 28 0 0 0 0 11 0 0 0 10 0 0 44 46 0 0 42 0 45 
