7
0 47 0 0 0 0 0 0 0 0 0 0 0 0 0 0 0 0 0 0 0 36 0 0 0 39 0 0 0 0 0 0 8 0 0 0 0 0 0 0 0 0 0 0 0 0 0 27 0 
0 0 0 0 27 23 22 0 8 0 0 10 0 0 0 0 0 0 0 0 0 0 19 0 16 0 0 0 0 0 0 0 36 0 0 0 42 0 48 0 0 0 0 0 0 0 0 0 0 
0 0 11 0 0 0 0 0 43 0 0 0 0 0 0 14 0 0 0 0 0 0 0 0 0 0 0 6 0 0 0 0 0 0 0 0 0 0 0 0 30 0 0 0 36 38 0 41 0 
0 0 0 0 41 0 0 0 0 0 23 0 0 0 0 42 0 0 0 0 46 29 0 0 30 0 0 0 5 3 0 0 1 4 0 0 7 0 0 12 0 0 0 14 15 0 0 0 0 
0 5 0 0 0 2 0 0 0 0 0 0 41 0 0 0 0 0 0 0 0 0 0 0 0 0 0 0 0 17 0 20 0 0 0 0 21 0 0 0 0 0 0 0 0 0 0 0 32 
0 33 0 31 0 0 0 0 0 0 0 0 0 0 0 0 0 0 0 0 0 0 0 0 0 25 0 0 0 45 0 48 0 0 0 0 0 1 0 5 0 0 0 0 0 0 0 0 0 
0 0 0 17 0 0 0 0 0 0 0 0 0 5 23 0 22 0 0 0 0 8 0 0 0 0 0 13 0 31 0 0 0 0 0 0 0 36 41 0 37 0 0 0 43 0 0 0 46 
2 0 6 0 8 0 0 0 0 0 0 0 0 0 11 0 0 14 0 0 0 0 49 0 0 0 0 0 0 0 0 0 0 20 16 0 0 24 29 0 0 0 0 0 0 0 35 0 0 
44 0 0 0 0 46 0 0 0 0 0 0 0 0 0 2 0 0 0 8 6 0 0 0 0 0 37 43 0 12 0 0 0 0 0 20 0 0 0 0 0 0 0 0 0 0 0 0 0 
0 0 0 19 22 0 17 0 0 0 0 5 0 7 0 0 0 0 26 0 27 0 0 12 0 0 0 0 0 0 0 0 0 0 0 0 0 0 43 0 0 0 0 0 45 47 0 0 0 
0 0 0 0 0 0 24 0 0 13 0 0 0 0 0 0 0 0 0 36 0 17 0 0 18 0 0 0 0 0 0 0 0 0 37 0 0 45 0 0 0 0 0 0 0 0 0 0 6 
0 35 34 0 0 32 31 0 17 0 0 0 0 0 0 0 0 0 0 0 41 0 0 0 25 0 0 0 0 0 0 0 0 48 0 0 0 0 0 0 4 5 0 0 0 0 14 15 0 
37 0 0 0 0 0 0 0 0 0 0 0 0 0 0 0 0 0 47 0 0 0 0 0 0 34 0 0 7 5 0 0 0 6 0 0 0 0 0 0 0 12 0 0 0 0 21 0 0 
0 0 13 0 15 0 0 0 0 48 0 0 0 0 0 0 17 0 0 0 0 0 0 0 0 0 0 0 0 0 0 0 0 0 0 0 0 0 0 35 32 33 0 37 0 0 0 43 0 
25 0 0 28 0 0 0 0 0 0 0 0 0 0 0 0 0 0 0 0 0 0 23 0 0 0 0 0 0 0 0 0 0 0 0 0 0 47 0 0 0 0 0 4 0 0 0 0 0 
0 0 0 0 0 0 0 18 19 0 20 0 0 0 0 0 0 0 0 0 0 0 0 0 27 0 0 31 0 0 0 0 0 0 46 0 0 0 0 0 0 0 0 0 0 0 0 17 15 
0 0 0 0 0 0 0 0 0 0 0 7 0 0 0 0 0 0 0 31 0 0 0 0 13 15 11 0 0 0 0 38 0 0 0 0 0 0 45 0 0 0 0 0 47 0 2 0 1 
0 9 0 0 0 0 0 0 0 0 0 0 0 0 0 0 0 0 0 0 15 0 0 0 0 0 0 0 0 21 0 0 0 0 0 29 0 0 31 0 0 28 0 32 0 35 0 0 0 
0 0 0 0 17 0 0 46 0 0 48 0 3 0 0 0 0 0 0 0 0 5 0 0 0 0 4 10 0 28 0 0 0 0 0 0 0 0 0 0 0 0 0 0 0 0 44 0 0 
0 2 0 0 0 0 0 0 0 0 0 35 0 37 0 0 0 0 0 10 0 0 0 0 0 0 0 0 0 0 13 17 12 0 0 0 0 0 24 0 0 0 0 0 26 28 0 31 0 
0 44 43 0 0 0 40 0 0 0 0 28 0 0 0 0 47 0 0 0 1 0 0 0 0 0 0 0 0 0 0 0 0 8 0 0 0 12 0 16 13 0 20 0 0 0 0 0 0 
0 0 37 0 0 0 0 0 0 0 0 0 0 0 42 0 41 0 43 0 0 0 0 0 28 0 0 0 0 0 0 0 0 0 47 0 0 0 0 0 0 0 14 0 0 0 0 0 16 
0 0 0 0 0 0 0 0 0 0 28 0 32 0 0 0 0 3 0 4 0 0 0 0 0 0 0 39 10 0 0 0 0 0 5 0 0 0 0 0 0 15 0 0 0 0 0 0 0 
0 0 0 0 0 0 0 0 0 0 0 0 0 0 0 0 0 0 0 0 23 0 10 0 0 0 0 0 0 0 0 32 0 0 0 0 33 34 39 38 0 0 0 0 41 43 0 0 0 
0 0 0 0 0 0 0 0 0 0 35 0 0 0 0 0 0 10 0 0 0 0 0 43 0 0 0 0 0 0 0 0 0 16 0 0 0 20 0 0 0 0 0 0 0 0 0 32 0 
0 0 0 0 0 0 27 0 13 0 0 0 0 0 0 0 0 0 0 0 0 20 0 22 0 0 0 0 0 43 42 46 0 0 40 2 0 0 0 0 0 0 0 0 0 8 0 0 0 
0 24 0 0 25 0 0 0 6 0 0 0 0 0 0 0 27 31 0 32 0 0 0 0 0 0 0 0 0 0 0 0 0 37 0 0 0 0 0 0 0 0 0 47 48 0 0 0 0 
0 10 0 0 11 0 0 0 0 0 0 0 46 0 0 0 0 0 0 18 16 0 0 0 0 0 0 0 0 22 0 0 0 0 0 0 0 0 32 31 28 0 0 33 0 0 0 0 0 
0 0 31 0 0 0 0 0 0 0 15 0 19 0 36 0 35 39 0 0 0 0 25 23 0 24 20 0 46 0 0 0 42 0 0 0 0 0 5 4 0 2 8 0 0 0 0 0 10 
0 0 0 0 0 0 0 6 0 0 0 0 0 0 0 0 0 0 0 0 0 0 18 0 0 0 0 19 0 0 0 0 0 38 0 45 41 0 47 46 43 44 0 0 49 0 0 0 0 
0 0 10 0 0 0 0 0 0 0 0 0 0 0 0 0 0 0 16 0 0 0 0 0 0 0 0 0 0 0 0 0 0 0 0 0 0 0 33 32 0 0 0 0 0 0 0 0 0 
13 0 0 0 0 0 14 0 0 0 0 2 0 4 0 20 0 0 0 0 24 0 0 0 0 0 0 0 0 0 0 0 0 0 27 0 0 35 40 0 0 37 0 0 42 0 0 0 0 
0 0 0 0 0 0 0 0 0 0 29 0 0 0 0 0 49 0 0 0 0 35 0 0 36 38 0 40 0 9 0 0 0 10 0 0 0 14 0 18 0 0 0 0 0 0 0 0 0 
0 0 3 0 0 0 0 34 35 0 0 0 0 39 0 0 7 0 0 0 10 42 0 0 0 0 0 0 0 16 0 0 14 0 0 0 0 0 26 0 0 0 0 27 0 0 0 0 0 
0 0 38 0 0 0 35 0 0 0 0 0 0 0 0 0 0 46 44 0 45 0 0 0 0 0 0 0 0 0 0 0 49 3 48 0 0 0 0 11 0 0 0 0 0 16 0 0 0 
0 0 7 0 0 0 0 0 39 0 0 0 44 0 12 0 0 0 0 0 0 46 0 0 0 0 0 0 22 0 0 23 0 0 0 28 0 0 0 29 0 0 0 31 0 34 0 37 35 
24 29 28 0 30 0 0 0 0 0 0 13 0 0 0 0 0 0 0 0 0 0 22 0 0 0 0 23 43 41 0 44 39 0 0 0 0 0 0 0 0 0 0 0 0 0 8 9 0 
0 0 0 0 0 0 46 0 0 0 0 0 37 36 0 0 0 0 0 0 7 0 0 0 0 0 0 0 0 0 0 0 0 0 0 0 0 0 0 0 19 0 0 24 0 0 29 0 0 
0 0 0 0 0 33 0 17 0 0 0 0 0 22 0 0 0 0 0 0 0 0 0 0 26 0 0 0 0 48 47 2 0 0 0 0 0 0 9 8 0 6 0 0 0 0 0 16 14 
38 0 42 0 0 40 0 0 25 0 0 0 0 0 0 0 0 0 0 0 0 0 0 0 0 35 0 0 0 0 5 0 0 0 3 0 10 11 0 15 12 0 0 0 0 0 0 0 0 
17 0 21 0 0 0 0 3 0 7 0 0 9 0 26 0 25 0 0 30 0 0 0 13 12 0 0 16 0 0 0 37 0 0 0 0 0 0 0 0 0 0 0 0 0 0 0 0 49 
0 15 14 0 16 0 11 45 0 0 0 0 0 1 0 0 0 0 0 0 0 0 0 0 0 0 0 0 29 0 0 0 0 0 0 0 0 0 0 0 0 0 0 0 0 0 0 0 0 
0 0 0 25 0 0 23 0 0 0 0 0 0 13 0 0 0 0 0 0 33 0 0 0 17 19 0 21 0 0 0 0 0 40 36 0 43 0 0 48 0 0 0 0 0 4 0 0 0 
0 34 0 0 35 0 0 0 0 0 0 0 0 0 0 0 0 0 0 0 0 23 0 0 0 26 0 0 0 0 0 49 0 0 0 0 0 0 0 0 0 0 0 8 0 0 0 0 0 
0 0 0 0 7 0 0 0 0 0 0 39 42 0 10 8 9 0 0 0 0 44 48 46 0 47 43 0 20 18 0 0 0 0 15 0 0 23 0 0 0 0 0 0 0 0 34 35 33 
0 0 0 46 49 0 0 0 0 33 0 0 0 0 0 0 2 0 0 0 0 0 0 0 0 0 36 0 13 0 0 0 0 0 0 0 15 16 21 0 0 18 0 0 0 0 0 0 0 
0 0 12 0 0 0 0 43 44 0 0 46 49 0 17 0 16 20 0 0 0 0 0 4 0 0 1 7 27 0 24 28 0 0 0 0 0 0 0 34 0 0 38 0 37 0 0 0 40 
0 0 0 0 42 0 37 22 23 0 0 0 0 0 0 43 0 48 0 0 0 0 34 32 0 0 0 0 0 0 3 0 2 0 1 0 0 0 0 0 0 11 0 0 0 0 20 21 0 
0 0 0 0 0 0 0 0 0 5 0 0 0 0 0 0 23 0 0 28 0 0 0 11 0 0 0 0 0 0 31 0 0 0 0 0 0 37 0 0 0 0 0 0 44 0 0 0 0 
