7
0 0 0 0 0 0 0 0 0 0 0 0 0 14 0 0 0 7 0 0 10 0 0 0 0 0 0 0 2 0 0 0 0 0 0 0 0 25 0 21 0 24 0 35 0 0 0 0 0 
0 0 0 0 0 0 0 0 0 0 0 0 0 0 0 0 4 49 0 2 0 0 0 0 35 0 0 40 0 0 0 0 0 0 0 19 0 0 15 0 0 0 0 0 0 0 0 0 0 
0 0 0 0 0 0 0 0 43 0 0 45 0 0 0 0 0 0 0 0 0 0 0 0 0 0 0 0 0 0 0 0 0 0 0 0 0 0 0 49 0 0 0 0 0 0 15 0 0 
0 0 0 0 0 0 0 0 0 0 0 0 0 28 0 0 0 0 0 0 24 0 0 0 0 0 9 0 0 0 0 0 0 0 13 0 0 0 0 35 0 0 0 0 4 0 0 0 0 
34 40 0 0 0 0 0 25 0 0 0 0 0 0 0 0 0 0 0 0 17 0 0 0 49 0 0 0 0 0 0 0 0 0 0 0 30 0 0 0 0 31 41 0 0 0 43 0 44 
13 0 16 0 14 0 0 0 1 0 0 0 0 49 41 0 46 0 0 44 0 0 0 32 28 0 30 0 0 0 0 0 0 36 0 0 9 0 0 7 0 0 0 0 0 0 0 0 0 
0 0 2 0 0 0 0 0 36 0 0 38 0 0 0 0 0 0 0 0 0 17 0 0 0 15 0 0 23 0 0 26 0 0 0 0 44 0 0 42 0 0 0 0 0 0 0 12 0 
0 0 0 0 0 0 0 43 0 0 41 0 0 0 31 0 0 0 0 0 0 21 0 0 0 0 0 23 0 0 0 30 29 0 0 0 0 0 47 46 45 49 0 0 0 0 0 0 0 
0 0 0 0 0 22 0 0 0 0 6 0 0 0 0 0 0 0 0 0 49 0 0 0 0 0 0 37 0 42 0 0 0 0 38 0 13 15 0 0 0 14 0 25 29 28 0 30 0 
45 0 0 49 46 0 0 0 0 0 0 0 0 0 24 0 0 0 0 0 0 0 0 15 0 0 0 0 0 0 0 0 0 0 0 0 0 0 0 0 0 0 3 0 0 7 0 9 6 
0 44 0 0 0 0 0 0 0 30 0 0 24 0 17 0 0 0 0 0 0 0 3 0 0 0 0 0 0 0 0 0 0 0 0 0 34 0 0 0 31 35 45 0 0 0 0 0 0 
10 0 13 0 0 0 0 0 0 0 0 0 0 0 0 0 0 0 0 0 0 0 0 0 0 0 27 0 34 0 0 37 0 0 0 0 0 0 5 0 0 0 0 0 0 0 19 0 0 
0 0 0 0 32 0 0 0 0 0 0 0 0 18 0 0 0 0 0 13 0 0 0 1 0 47 0 0 0 0 0 9 0 0 0 30 0 0 0 0 0 0 0 0 0 0 0 0 0 
0 0 0 0 0 0 0 0 0 0 0 0 0 0 0 0 0 4 0 6 0 0 0 0 39 0 0 44 0 0 0 0 1 0 0 0 0 22 0 0 0 21 0 32 36 0 0 37 0 
0 0 0 4 0 5 0 0 0 0 0 0 35 0 28 34 0 29 0 0 0 0 0 19 0 16 0 0 24 0 0 0 26 0 0 48 0 0 0 0 0 0 0 8 0 0 0 0 0 
0 0 0 0 0 0 0 0 0 0 17 18 0 0 0 0 0 8 0 10 0 46 0 0 0 44 0 0 0 0 0 6 0 2 0 27 0 26 0 22 0 0 0 0 0 0 0 0 38 
0 0 0 46 0 0 0 0 0 0 0 0 0 0 0 27 26 0 0 0 0 0 0 0 8 0 0 13 17 0 0 0 0 0 0 0 0 0 37 0 0 0 0 0 5 0 0 6 3 
0 0 0 0 0 0 0 0 0 0 0 0 0 0 35 0 0 36 0 38 0 0 0 0 0 0 0 0 0 32 29 0 33 0 28 6 0 0 0 0 0 4 0 0 19 18 0 0 0 
0 0 0 0 0 0 0 0 0 0 0 0 49 0 0 0 0 0 44 0 0 0 0 33 0 30 31 0 38 0 0 0 0 0 0 0 0 12 0 0 0 11 0 0 0 0 0 0 0 
0 0 0 39 36 0 0 26 0 0 0 0 0 0 0 0 0 0 0 0 0 0 0 0 0 2 0 0 0 0 0 0 0 0 0 0 0 33 0 0 28 0 0 0 0 46 0 0 0 
0 27 0 0 22 0 0 0 9 0 10 0 0 0 49 0 0 0 0 0 0 39 35 0 36 0 0 0 0 0 43 0 0 0 0 0 0 0 0 0 0 0 0 0 0 32 0 0 0 
0 0 0 0 0 0 0 0 0 0 0 0 37 0 0 0 0 0 0 0 0 20 0 0 0 0 0 0 0 0 0 0 28 0 23 0 47 0 46 0 44 48 0 0 0 0 0 0 0 
0 0 0 0 0 0 0 0 0 0 0 0 0 10 2 8 0 0 0 5 6 41 0 42 0 39 0 0 0 0 0 0 0 0 44 0 0 0 18 0 0 0 0 0 0 0 0 0 0 
0 0 19 0 17 0 0 0 4 0 0 6 2 0 44 0 0 45 0 47 48 0 0 0 0 0 0 36 0 0 0 0 0 0 37 0 12 0 0 0 0 13 0 0 0 0 25 29 0 
0 0 0 0 0 0 32 0 0 0 0 0 0 17 0 0 14 0 0 0 0 0 0 0 45 0 0 0 0 0 0 8 0 0 0 0 0 0 0 0 0 0 0 0 0 0 0 0 0 
0 0 0 0 0 0 0 0 0 0 0 0 44 0 37 0 0 0 0 0 0 27 0 0 0 0 0 0 0 0 0 0 35 0 30 0 0 0 0 0 0 0 0 17 0 0 0 0 19 
0 0 0 0 0 0 0 0 0 0 0 0 0 0 0 0 0 17 0 19 20 0 0 0 3 0 0 8 12 0 10 15 14 0 0 0 0 0 0 0 0 0 0 0 49 0 0 0 0 
0 0 0 48 0 0 0 35 0 0 0 0 30 0 0 0 0 0 0 0 0 13 0 14 0 11 0 0 19 0 0 22 21 0 16 0 0 0 0 38 0 0 0 0 0 0 0 0 0 
46 0 0 0 0 0 0 0 0 0 0 0 0 33 0 0 30 0 27 0 0 15 11 0 0 0 0 0 0 0 0 0 0 0 0 0 42 0 0 0 0 0 0 0 0 0 0 0 0 
0 0 0 0 0 0 0 0 0 0 0 0 0 0 0 0 0 0 0 0 0 0 0 0 0 27 0 0 0 0 0 0 37 0 0 0 0 0 0 5 4 8 0 0 0 0 0 0 0 
0 0 0 0 0 0 0 0 20 0 0 0 0 0 0 0 0 0 0 14 0 0 0 0 0 48 0 3 0 0 0 0 0 0 4 0 28 0 27 0 0 0 0 0 0 0 0 0 0 
0 0 28 0 0 0 27 16 0 17 0 0 0 12 0 0 0 5 6 7 0 0 0 0 40 0 0 0 0 0 0 0 2 48 0 0 0 23 0 0 0 0 0 0 0 0 0 38 0 
0 0 0 0 0 0 0 0 27 0 28 29 25 26 0 0 23 19 0 0 0 0 0 0 0 0 0 0 0 0 12 0 0 13 0 38 35 0 0 0 0 36 0 0 0 0 0 0 0 
0 10 0 8 0 0 6 0 0 0 0 0 39 0 0 38 0 0 0 0 0 0 0 0 0 0 0 0 0 0 0 0 0 0 0 0 0 0 0 0 0 0 11 0 0 0 0 17 14 
0 0 0 0 19 0 20 0 0 0 0 0 0 0 46 0 0 0 0 0 0 0 0 37 0 0 0 0 42 0 40 0 0 0 0 0 0 0 0 0 0 0 0 26 0 29 27 0 0 
33 0 0 0 0 0 35 0 0 0 0 0 0 0 0 18 0 0 0 0 0 0 0 0 0 0 0 0 0 0 0 0 0 7 0 32 0 0 28 27 0 0 0 0 0 0 0 46 0 
0 0 0 0 0 0 0 31 0 0 29 0 0 27 0 0 0 20 21 0 0 0 0 0 0 0 0 11 0 0 0 0 17 0 12 0 0 0 0 0 33 37 0 0 0 0 0 0 1 
0 0 0 0 0 0 0 0 0 0 0 0 40 0 0 39 0 0 0 0 37 0 0 0 0 0 22 25 29 0 27 0 0 28 26 0 0 0 0 48 47 0 12 0 0 0 0 0 0 
12 0 0 16 13 0 0 0 0 0 0 0 0 0 0 0 0 0 0 0 0 0 0 0 0 0 0 0 0 37 0 39 0 0 33 0 0 0 0 0 0 0 0 0 0 23 0 0 0 
0 0 22 0 0 0 0 0 0 11 0 0 0 6 0 0 0 48 0 1 2 37 0 38 0 0 0 0 0 0 0 46 0 0 0 0 15 0 0 0 12 0 26 0 31 0 0 0 0 
47 0 0 0 0 0 0 0 0 0 0 37 0 0 0 0 0 0 0 0 0 0 12 17 0 0 0 0 0 0 0 0 0 0 0 0 0 0 0 0 0 0 0 0 0 0 0 0 0 
0 0 29 0 0 0 0 0 14 0 0 16 0 0 0 0 0 0 0 0 0 0 0 0 0 0 0 46 0 0 0 0 0 0 0 25 0 0 0 20 0 0 0 0 0 0 0 0 0 
0 0 0 0 0 0 0 0 3 0 0 0 1 2 0 0 0 0 0 0 0 0 29 0 0 0 0 0 39 40 0 0 0 0 0 0 11 13 0 0 0 0 0 0 0 0 0 0 0 
0 0 0 0 0 0 0 41 0 0 0 0 0 0 0 35 34 0 0 32 0 19 15 0 0 0 0 21 0 0 0 28 0 24 0 49 0 0 0 0 0 0 0 0 0 0 0 0 0 
0 0 0 0 0 34 0 0 0 21 0 0 0 0 0 14 0 0 0 0 0 47 0 48 0 0 46 0 0 0 0 0 0 3 0 0 25 0 0 0 22 26 36 0 0 40 38 0 39 
8 0 0 0 0 0 0 0 0 0 0 0 0 0 0 0 0 0 0 0 0 0 22 0 23 0 0 0 32 33 0 0 0 31 0 0 0 0 0 0 1 0 0 0 20 0 0 0 0 
0 49 0 0 0 0 45 0 0 0 0 0 0 0 0 0 0 0 0 0 0 0 0 0 0 10 0 0 0 0 0 21 0 0 15 42 0 41 0 0 36 40 0 0 0 0 0 0 0 
0 0 0 0 0 0 0 0 24 28 25 0 0 0 0 21 0 16 0 0 0 5 1 0 0 0 0 0 0 0 0 0 13 0 8 35 0 0 0 0 0 33 0 0 0 0 0 49 0 
22 0 25 0 0 0 0 0 0 14 11 12 0 9 0 0 0 0 3 4 0 0 0 41 0 0 0 0 0 0 0 49 48 45 0 0 0 0 0 0 0 0 29 0 34 0 31 0 0 
