7
18 0 0 0 0 19 0 0 0 0 5 0 6 0 0 0 28 25 0 0 0 0 0 0 0 0 13 0 0 0 0 0 35 0 0 0 0 0 0 0 0 0 0 0 0 39 37 0 0 
0 0 0 2 0 0 6 0 0 0 0 0 0 0 0 0 0 0 12 10 8 0 0 0 0 0 0 0 17 0 0 0 0 0 0 0 0 0 0 0 0 0 0 0 0 0 0 0 27 
11 10 0 0 8 0 0 0 0 46 0 0 0 44 0 0 0 0 0 0 0 0 0 0 2 0 0 0 0 0 0 0 0 0 0 0 0 40 0 0 0 0 0 0 0 0 0 33 0 
0 31 0 0 0 0 0 0 0 0 0 21 0 16 41 0 42 0 0 0 0 25 26 0 0 0 0 0 0 0 0 0 0 0 43 0 0 0 0 0 0 13 0 0 0 0 2 0 0 
46 45 0 0 0 0 0 31 0 0 0 35 34 0 0 0 0 4 0 0 0 0 0 0 0 0 0 0 0 0 0 0 0 0 0 0 0 0 0 0 0 0 0 0 0 0 0 0 0 
25 0 0 0 0 26 0 0 0 0 0 14 0 0 0 0 0 0 0 0 0 18 0 15 0 0 0 0 0 0 37 0 42 41 0 1 3 0 0 4 2 0 0 45 0 0 0 0 48 
0 0 0 37 0 0 0 0 0 0 26 0 27 0 0 0 49 46 0 0 0 0 0 29 0 0 0 0 0 0 2 5 0 6 0 0 0 0 0 0 0 0 0 0 0 0 0 0 0 
0 0 0 0 0 0 0 23 0 0 25 27 0 0 47 0 48 0 0 0 0 0 0 28 0 0 0 0 0 0 0 0 6 0 0 0 16 18 0 0 0 0 7 0 0 0 0 0 0 
0 0 0 0 0 0 0 30 0 0 0 0 0 0 0 0 0 0 0 0 0 0 0 35 0 0 40 0 0 0 0 0 0 0 7 21 23 25 0 0 0 0 0 0 0 17 0 0 0 
0 2 6 0 0 4 0 0 35 38 39 0 0 0 0 0 0 0 0 9 0 0 0 0 0 0 0 0 0 0 15 0 0 19 0 0 0 32 0 0 29 0 0 23 0 0 0 0 0 
10 0 13 0 0 0 0 0 0 0 0 0 0 0 0 0 0 17 0 0 0 0 0 0 0 0 0 0 0 24 0 0 0 0 0 0 37 0 0 0 0 0 28 30 34 0 0 0 0 
0 0 27 0 0 0 0 0 7 10 0 0 0 0 0 29 0 0 0 0 0 0 0 0 15 0 0 0 0 38 0 0 0 0 35 0 0 0 0 0 1 5 0 0 48 0 0 0 0 
0 0 20 0 14 0 0 0 0 3 0 0 0 0 0 0 0 0 0 0 0 10 11 0 8 13 0 0 0 0 0 32 0 0 28 0 0 46 0 45 0 0 35 0 41 0 0 0 40 
0 0 0 29 0 0 0 0 0 17 0 0 0 0 40 0 0 0 0 0 0 0 0 0 0 0 0 0 0 0 0 0 0 0 0 7 0 0 13 0 0 0 0 0 0 3 0 4 5 
0 0 0 18 17 0 22 0 0 6 0 9 0 0 0 0 0 0 0 0 0 0 0 0 0 16 15 0 0 0 0 0 0 36 0 45 47 0 0 0 0 0 0 0 0 0 0 0 0 
0 40 0 0 0 0 0 0 0 0 0 0 0 0 1 0 0 0 0 0 0 34 0 0 0 0 36 0 0 0 0 0 0 0 0 17 0 0 0 0 18 0 0 0 0 0 11 0 0 
0 5 9 0 0 0 0 40 0 0 0 0 0 0 0 0 16 13 0 0 0 0 0 45 0 0 0 0 0 0 0 0 0 0 0 0 33 0 0 0 32 0 0 0 0 0 25 0 29 
0 0 37 32 31 0 0 19 0 0 0 0 22 0 0 0 0 41 0 0 0 0 0 0 0 0 0 0 0 0 0 0 0 0 0 0 0 0 16 0 0 0 0 5 9 0 0 0 0 
0 47 0 0 0 0 0 0 0 34 0 0 0 0 0 0 0 0 7 0 0 0 0 0 0 0 0 0 0 0 0 0 0 15 10 0 0 28 0 27 0 0 0 0 0 0 0 0 22 
0 0 16 0 0 14 15 47 0 0 0 2 0 0 0 0 0 0 0 0 0 0 0 3 0 0 8 0 0 0 0 0 0 0 0 0 0 0 0 0 0 0 0 0 0 34 0 0 0 
27 0 0 0 0 0 0 0 0 0 0 0 15 0 0 0 37 0 0 0 0 0 0 0 18 0 0 19 0 41 39 0 0 0 0 0 0 0 0 0 0 0 0 0 0 48 0 0 0 
0 0 0 0 0 0 28 0 0 0 0 0 0 0 0 0 0 0 34 0 30 0 0 0 0 0 0 0 0 0 0 0 0 0 37 2 4 6 8 5 3 0 0 0 0 0 0 0 0 
0 0 0 10 0 0 0 0 0 0 48 1 0 0 21 0 0 0 0 0 16 0 0 2 0 0 0 0 0 0 0 27 29 28 0 0 39 41 0 40 0 42 0 0 0 0 0 0 0 
0 0 22 0 16 20 0 4 0 0 0 8 0 0 0 0 0 0 0 0 0 0 0 0 0 0 14 0 0 0 0 0 0 0 0 0 0 0 1 0 0 0 37 0 0 0 0 0 0 
0 32 0 0 0 0 0 0 0 19 0 0 21 0 0 0 0 0 0 39 0 0 0 0 0 0 28 25 0 47 45 0 0 49 44 9 0 0 0 12 0 0 0 4 0 0 0 0 0 
0 0 8 0 0 6 0 0 0 0 0 0 42 0 14 10 0 12 0 11 9 0 0 44 0 0 0 0 0 0 0 20 0 0 0 0 0 0 36 0 0 35 0 0 0 0 0 0 0 
47 0 0 0 44 0 0 0 0 33 0 0 0 0 0 0 0 0 6 4 2 0 0 0 0 0 0 0 0 0 0 0 0 0 0 0 0 0 0 0 0 0 0 0 0 0 0 0 0 
40 0 0 0 0 0 0 25 0 0 0 0 0 0 0 0 0 0 0 0 0 0 0 0 31 36 0 32 0 0 0 0 8 0 0 16 18 0 22 0 0 0 0 0 0 0 0 0 14 
0 0 0 0 0 0 0 0 39 42 0 0 0 40 0 12 0 14 0 0 0 49 0 0 0 0 2 0 0 21 0 0 0 0 0 0 0 0 0 0 0 0 0 0 0 0 0 29 0 
0 0 0 0 0 0 44 0 0 0 0 31 0 0 0 0 0 0 0 48 0 0 0 0 0 0 0 0 0 0 0 0 0 0 4 0 0 0 0 0 0 0 0 0 0 0 12 15 0 
0 0 0 0 0 0 0 0 0 0 0 0 0 0 0 0 0 7 0 0 0 0 43 0 0 45 0 0 0 14 0 0 17 0 0 0 0 0 0 0 0 30 0 20 0 0 0 0 0 
35 0 0 0 0 0 0 0 0 0 0 0 23 0 0 0 0 0 0 0 0 28 0 0 26 0 30 27 0 49 0 0 0 2 0 0 13 15 0 0 0 0 0 0 0 0 0 0 0 
0 0 31 26 0 0 0 0 0 0 0 0 16 0 37 0 0 0 0 0 32 0 0 0 19 0 23 0 0 0 0 0 0 0 0 4 0 0 0 0 0 0 0 0 0 0 0 0 0 
0 0 0 12 0 15 0 0 0 0 0 0 0 0 0 0 0 0 0 0 18 7 0 0 0 0 0 6 0 0 0 0 0 0 25 0 0 0 0 0 0 0 32 0 0 0 0 0 0 
0 20 24 19 0 0 0 6 0 0 0 0 0 5 30 0 0 0 29 0 0 0 0 0 0 17 16 0 0 0 0 0 0 0 32 0 0 0 0 0 0 0 39 0 0 0 0 0 0 
0 0 0 0 6 0 0 0 0 0 0 0 0 0 0 0 19 16 0 0 0 0 3 0 49 5 4 0 22 0 21 0 0 0 0 0 0 0 0 0 0 0 0 0 0 0 0 0 0 
0 22 0 0 0 0 0 0 0 0 0 0 0 0 0 0 0 0 0 29 0 0 17 0 0 0 0 0 0 0 0 0 0 0 0 0 0 0 0 2 49 4 0 0 0 0 42 45 0 
0 15 0 0 0 0 0 0 0 0 3 0 0 49 0 0 0 0 0 0 0 0 0 6 7 0 0 0 0 0 0 0 33 0 0 0 0 0 47 44 0 46 0 0 0 37 35 0 0 
2 1 0 0 48 0 0 0 34 37 38 0 0 0 0 0 0 0 0 8 0 0 0 41 0 0 0 43 15 16 0 17 0 0 0 0 0 0 0 0 0 0 0 0 0 0 0 0 0 
44 43 0 0 0 0 0 0 27 0 0 0 0 28 4 0 0 2 0 0 0 0 0 0 35 0 0 0 0 0 0 0 12 11 0 0 0 24 26 0 21 0 13 15 0 0 14 0 0 
0 0 0 0 0 0 0 0 13 0 0 19 0 0 0 0 0 0 0 36 0 0 0 0 0 0 0 0 0 0 0 0 0 0 0 0 8 0 0 0 0 0 0 0 5 0 0 0 0 
0 0 40 35 0 0 0 22 20 0 24 0 0 0 46 0 0 0 0 0 0 0 31 0 0 0 0 0 0 0 0 0 0 4 0 0 0 0 0 0 14 0 6 0 12 0 0 0 0 
0 14 18 13 0 0 0 0 0 0 0 0 0 0 0 20 0 0 23 0 0 0 0 0 0 0 0 7 0 0 0 0 32 0 0 0 0 0 0 0 41 45 0 0 0 0 0 0 0 
0 7 0 0 0 0 0 0 0 43 0 0 45 0 0 0 0 0 16 0 0 0 0 0 0 0 0 0 0 22 0 0 0 0 0 0 35 0 0 0 34 0 26 28 0 29 0 0 0 
0 0 0 0 0 0 0 0 0 8 0 0 0 6 0 0 0 0 0 0 0 0 0 12 0 18 0 0 0 0 0 0 0 0 0 47 0 0 4 0 0 3 0 0 0 0 0 0 0 
29 0 0 0 0 0 31 14 0 15 0 0 17 0 38 0 0 0 37 0 0 0 0 0 20 0 0 0 0 0 0 0 0 0 0 5 0 0 0 0 0 0 0 0 0 0 0 0 3 
0 0 0 0 0 0 0 0 0 0 30 0 0 0 0 0 0 0 0 0 0 0 0 0 0 39 0 0 0 0 0 9 11 0 0 19 0 0 0 0 0 0 0 14 0 0 0 0 0 
0 0 0 0 0 0 0 0 0 22 23 0 0 0 0 0 0 0 0 0 0 0 0 0 0 0 31 28 0 0 48 0 0 0 0 12 14 16 0 0 0 0 0 0 0 0 0 0 0 
0 0 0 48 0 0 0 0 33 0 0 0 0 0 0 0 0 0 0 7 0 0 0 0 41 46 0 0 14 0 0 0 18 17 0 26 0 0 0 0 0 0 0 0 0 0 0 0 0 
