7
0 0 0 5 4 0 0 28 0 0 24 0 0 0 0 0 22 0 0 0 17 0 10 0 0 0 0 0 0 31 0 0 0 33 0 0 0 0 0 0 0 0 0 0 0 0 0 0 0 
0 0 0 19 18 0 0 0 0 40 0 0 0 41 0 0 0 30 0 0 0 0 24 0 26 0 0 0 0 0 0 0 0 0 0 0 12 0 0 0 0 0 0 0 0 0 0 5 0 
43 0 0 40 39 0 37 0 0 0 0 0 0 0 0 0 0 0 0 0 0 0 0 0 0 0 44 0 0 0 0 0 0 0 22 34 0 0 0 0 0 0 0 0 0 0 0 26 0 
0 0 0 0 0 0 0 0 0 0 0 0 0 6 0 46 1 0 49 48 45 39 38 0 0 43 0 0 0 0 0 0 0 0 15 0 26 0 0 0 0 24 0 0 0 0 0 0 0 
0 0 0 0 0 24 0 49 0 0 0 0 46 0 40 0 43 0 42 0 0 0 0 0 0 0 0 0 0 0 0 0 0 0 0 0 0 0 0 18 0 0 9 0 11 13 0 0 0 
1 0 0 47 0 0 0 0 22 19 0 16 18 0 0 0 0 0 14 13 0 0 0 0 0 0 0 0 0 0 0 0 0 0 0 41 0 0 0 0 0 38 30 0 0 0 0 33 36 
0 0 0 12 11 0 0 0 0 0 0 0 0 0 0 0 29 0 28 0 0 0 0 21 19 0 0 0 0 0 0 0 0 0 0 0 0 0 8 4 0 0 0 45 0 0 0 0 0 
0 0 0 0 0 0 0 0 10 0 0 4 0 8 0 0 0 0 0 0 47 41 0 44 0 0 39 0 0 0 11 0 0 0 17 0 0 0 0 27 0 0 18 19 0 0 0 0 0 
10 0 8 0 0 0 0 0 0 0 0 0 27 0 0 0 0 0 0 22 0 0 12 0 0 0 0 15 0 0 0 0 0 0 0 1 0 0 3 0 0 0 0 40 0 0 0 0 0 
0 44 0 0 0 40 39 0 17 0 0 0 13 0 7 0 10 0 0 0 0 0 0 0 0 0 0 0 0 0 0 0 0 21 0 36 0 0 0 0 0 0 25 0 0 0 0 0 0 
0 0 0 0 0 0 0 0 0 0 0 0 34 0 0 0 0 25 30 0 0 0 0 0 0 24 0 0 0 40 0 44 0 0 0 0 0 0 0 6 0 0 46 0 0 0 0 0 3 
0 0 29 28 0 0 0 0 0 0 0 0 0 1 0 41 45 39 0 0 0 34 0 0 35 0 0 36 0 0 4 0 0 0 0 0 0 0 0 0 0 19 0 0 0 0 16 14 0 
0 0 0 0 0 0 0 0 0 0 0 0 0 22 0 13 17 11 0 0 12 6 0 0 7 0 4 0 0 0 0 30 27 0 0 0 0 0 45 0 39 0 0 0 0 0 37 0 0 
0 0 0 0 20 0 0 0 0 42 40 0 0 0 0 0 0 32 0 0 0 0 0 0 28 0 0 0 0 0 0 2 0 0 3 0 0 0 17 13 0 0 4 0 0 0 0 0 10 
0 43 0 0 0 0 0 0 16 0 0 10 0 14 6 0 0 0 0 0 0 0 0 0 0 2 0 0 21 0 0 0 0 0 0 0 0 0 0 0 0 0 0 0 0 28 29 27 0 
0 0 0 0 0 0 0 0 0 48 0 0 0 0 0 40 0 0 0 0 0 33 0 36 0 37 31 0 0 0 0 8 5 0 0 21 0 22 0 0 17 0 0 0 0 0 0 13 0 
0 0 7 0 0 0 0 0 0 0 0 0 0 0 0 0 0 0 22 0 0 0 0 0 13 0 0 0 0 0 0 0 0 34 0 0 0 0 0 0 0 0 0 0 0 42 0 0 44 
0 0 14 0 12 0 0 0 0 34 0 0 33 35 0 0 0 0 0 0 0 0 18 0 0 0 0 0 0 39 38 0 0 0 44 7 0 0 0 0 3 4 0 0 47 0 0 0 0 
0 0 0 0 0 0 0 8 0 0 0 3 0 0 48 0 2 45 0 0 46 40 39 0 0 0 0 0 0 0 10 0 0 0 0 28 0 29 30 0 0 0 0 0 0 0 0 0 0 
0 0 0 0 0 0 45 0 0 20 0 0 0 21 13 0 0 0 0 0 0 0 0 0 6 0 0 0 0 0 24 0 26 0 0 42 0 0 0 0 0 0 0 0 0 0 36 0 0 
0 0 0 0 0 18 0 0 0 0 0 0 0 0 0 0 0 31 0 35 0 0 0 29 0 0 0 0 0 0 0 0 47 0 0 0 13 0 16 0 0 0 3 0 0 0 0 0 0 
0 0 0 0 0 13 0 38 0 0 0 0 0 0 29 28 0 0 0 0 0 0 20 0 0 0 0 0 0 0 0 0 42 0 46 0 0 0 0 7 0 0 0 0 0 0 0 1 4 
0 0 0 8 0 0 0 0 32 0 0 0 0 30 0 0 0 19 24 0 0 0 0 0 15 0 0 0 37 34 0 38 0 0 0 2 0 3 0 49 0 0 0 0 0 0 0 0 0 
0 38 0 0 0 0 0 10 0 0 0 0 0 0 0 0 4 0 0 0 48 0 41 0 0 0 40 0 0 13 0 0 14 15 18 0 0 0 0 28 0 0 0 0 0 23 0 0 0 
0 0 0 1 0 48 47 24 0 0 0 0 0 0 0 14 0 0 0 0 0 0 6 0 8 0 0 9 30 0 0 31 0 0 0 0 0 0 0 42 40 0 33 0 0 0 38 0 39 
0 0 23 0 0 20 19 0 0 0 0 0 0 44 0 0 0 0 0 37 0 0 27 0 0 0 0 0 0 0 0 0 0 0 0 0 0 0 0 0 0 13 0 0 0 0 0 0 0 
0 45 0 0 42 41 40 0 0 0 13 0 0 0 8 0 0 0 10 0 0 0 48 0 0 0 0 0 0 0 0 0 0 0 0 0 36 0 39 0 0 34 0 0 0 0 0 0 32 
0 0 0 0 0 0 0 0 0 0 0 0 0 0 0 0 46 0 0 0 41 0 34 0 0 0 0 0 9 0 5 0 7 0 11 0 0 0 0 0 0 20 0 0 0 0 0 15 0 
0 0 0 3 0 0 0 26 0 24 0 21 0 0 17 0 0 0 19 18 0 0 8 12 0 0 0 11 0 29 0 0 0 0 0 0 0 47 0 0 42 0 0 0 0 0 40 0 0 
0 0 0 45 0 0 0 0 0 0 0 0 16 0 0 0 0 0 12 11 0 0 0 5 0 0 49 0 0 22 0 0 23 0 0 0 38 0 0 0 35 0 28 0 30 0 0 0 0 
0 12 0 0 9 0 0 33 0 0 0 28 0 0 0 0 0 0 0 0 22 0 0 0 0 20 0 0 0 0 0 0 0 38 0 0 3 0 0 0 0 1 0 0 0 0 47 0 0 
0 0 0 0 0 0 0 5 0 3 1 49 0 4 0 44 0 0 0 0 0 37 0 0 0 0 0 0 0 0 0 0 0 0 0 25 0 0 0 0 21 22 14 0 16 0 0 0 20 
0 0 0 24 0 0 0 0 48 0 0 0 44 0 38 0 41 0 0 39 0 30 0 0 31 34 0 0 0 0 0 0 2 0 0 0 0 0 20 0 0 0 0 8 0 0 0 0 0 
0 0 18 0 0 0 0 40 41 0 36 0 0 0 0 0 0 0 33 0 0 0 0 0 0 0 21 25 46 0 42 0 0 45 0 0 0 0 0 0 7 0 0 1 0 0 0 0 0 
0 0 0 0 0 0 0 0 0 10 0 0 0 0 0 2 0 49 0 0 0 44 0 0 0 48 0 0 18 0 0 19 0 0 0 0 0 0 34 0 0 29 0 0 0 0 0 24 0 
0 0 24 0 0 0 0 0 47 0 42 41 0 0 37 0 40 34 0 0 0 0 0 0 30 0 0 31 0 0 0 0 0 0 0 0 0 0 0 0 13 0 0 7 0 0 0 0 0 
0 32 31 30 0 0 0 0 0 0 0 0 0 0 0 43 0 0 0 0 0 0 0 39 0 0 0 38 0 0 0 0 0 0 12 0 0 0 26 0 0 0 0 14 0 0 18 0 0 
0 0 0 0 0 0 0 0 0 0 14 0 0 0 0 0 12 0 0 10 0 0 0 4 0 5 48 0 0 0 0 25 0 0 0 0 0 39 40 0 0 0 0 0 0 0 0 0 0 
0 18 0 0 0 0 0 0 40 0 0 0 0 0 30 0 0 0 0 0 0 0 0 0 0 26 0 0 45 42 0 0 43 0 0 0 0 0 12 0 0 0 0 49 1 0 0 0 5 
0 0 38 0 0 0 0 0 12 0 0 0 0 0 0 0 0 0 4 3 0 0 42 0 0 47 0 0 0 0 0 18 0 0 0 0 0 0 33 0 0 0 0 0 0 24 0 0 26 
0 0 0 0 0 0 0 0 0 23 0 20 0 0 16 0 19 0 0 17 0 0 0 0 0 0 0 0 0 0 0 0 0 0 0 0 0 0 0 0 0 42 0 0 0 38 0 0 0 
0 0 0 0 8 7 0 32 0 0 0 0 0 0 0 0 0 0 0 0 0 0 0 18 0 0 0 17 38 0 0 0 0 37 40 0 0 4 0 0 0 0 0 0 0 45 0 0 0 
0 0 0 11 10 0 0 34 0 0 30 0 0 0 0 0 0 0 27 0 0 0 16 0 0 0 15 0 40 37 0 0 0 39 0 0 0 6 0 0 0 0 0 0 0 0 0 46 0 
49 0 0 0 0 0 0 0 21 0 0 0 17 0 0 0 0 0 0 12 0 0 0 6 0 0 0 0 0 0 0 0 0 0 0 0 0 0 42 0 0 0 0 30 0 0 0 0 35 
35 34 0 0 0 0 0 0 7 0 0 1 0 0 0 0 49 0 0 0 44 0 0 0 39 0 0 0 0 0 0 13 0 0 0 0 25 27 0 0 0 0 0 0 0 0 0 0 0 
21 0 0 0 0 0 0 0 0 0 0 0 0 0 0 0 0 29 0 0 0 0 0 27 0 0 22 0 0 0 43 0 45 0 0 0 0 13 0 0 0 0 0 0 0 5 0 0 0 
0 0 0 0 0 0 22 0 0 0 0 43 0 0 0 0 0 0 0 0 0 0 0 0 0 35 0 0 0 0 0 0 0 4 0 0 18 0 0 0 0 16 0 0 0 0 0 0 0 
0 0 0 0 0 0 0 0 0 11 0 0 0 12 0 0 0 0 0 0 0 45 0 0 0 0 0 47 0 0 0 0 0 0 21 33 0 0 0 0 0 0 0 0 0 0 0 0 0 
0 6 0 0 3 0 0 0 0 0 0 0 0 0 18 0 21 0 0 0 0 0 0 0 0 0 0 0 0 0 0 0 31 0 0 0 0 0 49 0 0 0 0 0 0 0 0 0 0 
