7
0 0 0 0 0 0 17 24 23 0 0 0 0 0 0 0 6 0 0 0 0 0 0 0 0 37 0 0 0 36 34 0 0 0 0 0 0 0 0 0 0 0 0 0 0 0 14 0 0 
37 39 42 0 0 40 38 0 0 0 49 0 0 0 0 0 0 0 0 0 0 0 0 10 0 0 0 15 0 0 0 0 0 0 0 0 19 0 0 0 21 0 0 0 0 34 35 0 36 
0 0 0 27 0 0 0 0 0 32 0 0 0 0 0 0 13 0 9 0 11 0 0 0 0 0 0 1 42 0 0 0 0 0 0 0 5 0 0 0 0 6 0 0 0 0 21 16 22 
0 0 0 0 0 0 0 0 0 0 0 0 0 0 0 31 0 0 0 0 32 0 0 0 0 0 20 0 0 15 0 0 0 12 11 0 26 0 29 0 0 0 0 0 0 41 0 0 0 
0 0 14 0 0 12 0 0 0 0 0 0 0 0 1 0 48 0 0 0 0 0 0 31 0 0 0 0 0 0 0 0 0 0 25 0 0 38 43 0 0 0 0 0 3 0 0 0 0 
0 4 0 0 0 0 0 10 0 0 14 0 15 0 0 0 0 0 0 40 39 26 28 24 0 23 0 29 21 0 0 0 0 0 0 0 0 0 0 0 35 0 0 0 0 0 49 44 0 
0 0 0 0 0 0 0 0 0 0 0 0 0 0 22 0 0 0 0 0 18 0 0 3 0 0 6 0 49 0 0 0 45 0 0 0 0 0 0 0 14 0 0 0 0 0 0 0 0 
34 0 0 0 0 0 0 0 0 0 0 0 0 0 0 0 24 0 0 23 0 0 11 7 0 0 0 0 0 0 0 0 0 0 0 0 0 0 0 0 0 17 0 0 28 31 0 0 0 
0 0 0 24 0 0 0 28 27 0 0 0 0 31 0 0 0 0 0 0 0 0 46 0 0 0 0 47 39 40 0 0 0 0 36 0 0 0 0 1 4 0 0 15 14 0 0 0 0 
0 0 0 0 12 0 7 0 0 0 0 0 19 0 0 0 45 0 0 0 43 0 0 0 0 0 31 0 0 0 0 0 21 0 0 0 0 0 0 0 0 38 2 1 0 0 0 0 0 
41 0 0 0 47 0 0 0 0 0 4 0 0 0 0 0 0 0 0 30 0 0 18 14 0 0 0 0 0 12 0 0 0 0 0 0 0 0 0 0 25 0 0 36 35 0 0 0 0 
0 0 32 0 0 0 0 0 0 36 0 0 0 0 0 0 0 0 0 0 15 0 0 0 0 0 0 0 46 0 45 0 0 0 0 6 0 0 0 0 11 0 0 0 21 0 0 0 26 
0 1 0 0 0 0 0 7 0 0 11 0 0 0 40 0 0 39 0 37 0 23 25 0 22 20 0 0 0 0 0 0 0 0 0 0 0 0 0 0 0 31 0 0 0 0 46 0 0 
0 0 0 0 0 0 0 21 0 0 0 0 0 24 0 0 0 0 0 0 0 0 0 0 0 0 0 0 0 0 31 0 28 0 0 0 0 0 0 0 0 0 0 0 0 0 0 0 0 
0 47 0 0 0 48 0 0 3 0 0 0 9 0 0 32 0 0 0 34 0 20 0 0 0 17 0 0 15 0 0 0 0 0 0 0 0 0 0 26 0 0 0 0 0 0 0 0 44 
24 0 0 0 0 0 0 0 0 0 0 0 37 0 0 0 14 0 0 0 0 48 0 0 0 0 49 0 0 44 0 38 0 0 0 0 0 0 0 0 0 0 0 0 0 0 0 0 0 
0 0 0 0 0 0 0 0 0 0 0 0 0 0 2 0 0 0 0 48 47 0 36 0 0 31 0 37 0 0 0 24 0 0 0 0 0 39 0 0 0 42 0 0 0 0 0 0 0 
0 0 0 0 0 41 0 46 45 47 0 0 0 0 0 0 0 0 24 0 0 13 0 0 0 0 14 0 8 0 0 0 4 0 5 0 0 0 0 19 0 0 0 33 0 0 0 0 0 
3 0 8 0 0 0 0 11 10 0 0 13 0 14 0 0 42 0 0 0 40 0 0 0 0 0 0 0 0 0 0 0 0 20 0 0 0 0 37 0 0 0 0 47 0 0 1 0 0 
0 33 36 0 37 0 32 39 0 0 0 0 0 0 23 0 0 0 0 20 0 0 8 0 0 0 0 0 0 2 49 0 0 0 0 10 0 11 16 0 0 0 0 0 25 0 0 0 0 
0 19 0 0 23 0 18 0 0 0 0 27 0 0 0 0 7 0 0 6 0 41 0 39 0 0 42 0 0 0 0 0 0 0 0 0 48 46 2 0 0 0 0 0 0 0 0 0 0 
0 0 0 9 0 0 6 0 0 0 0 0 0 16 0 0 0 0 0 0 0 0 31 0 28 0 0 0 24 25 0 0 0 0 0 0 0 0 39 0 0 0 0 49 0 0 0 0 0 
19 21 0 0 0 0 0 0 0 0 0 0 0 0 0 0 0 0 0 0 7 0 0 41 0 40 0 0 0 0 37 0 34 0 0 0 0 0 0 0 0 0 0 0 13 16 0 0 0 
0 42 0 0 0 0 0 0 47 0 0 0 0 0 0 27 0 0 0 0 0 0 0 0 0 12 0 18 0 0 0 5 0 0 0 19 0 0 25 0 24 0 0 0 0 0 38 0 0 
0 0 38 0 0 0 0 0 0 42 0 0 0 44 0 0 0 0 0 0 0 0 0 0 0 0 0 0 0 0 2 0 48 0 49 0 15 0 0 14 0 0 0 28 0 0 0 26 0 
12 0 0 0 0 0 0 0 0 0 0 22 0 0 4 0 0 0 47 0 0 0 38 0 0 0 0 0 0 0 0 0 0 0 28 0 0 41 0 0 0 0 0 7 0 9 0 0 11 
0 0 3 0 0 0 0 0 0 0 0 0 0 0 0 0 0 0 0 0 35 22 0 0 21 0 0 0 0 0 16 0 0 0 0 26 0 0 0 0 0 0 0 42 0 0 0 0 0 
0 0 31 0 0 0 0 0 0 35 0 0 0 0 0 0 0 0 0 0 0 0 3 0 0 0 0 0 45 0 0 0 0 0 0 0 0 0 0 7 0 0 22 21 0 0 0 0 25 
0 3 0 0 0 0 0 0 0 0 0 0 14 0 0 0 0 0 36 0 0 0 0 0 24 22 0 28 0 21 0 15 0 0 0 0 32 0 35 0 34 0 0 0 0 0 0 0 0 
0 0 41 40 0 0 0 0 0 45 0 0 0 47 28 0 26 0 0 25 0 0 0 0 0 8 0 0 6 0 0 0 0 4 0 0 0 0 21 0 0 0 0 31 30 0 0 0 0 
29 0 0 0 35 0 0 0 0 0 0 0 42 0 0 0 0 0 0 0 17 4 0 2 3 0 5 0 0 0 0 0 44 0 0 0 0 0 0 0 0 0 25 0 0 26 27 0 0 
0 0 0 0 0 0 16 0 0 0 0 0 0 0 0 0 5 0 1 0 3 39 0 0 0 0 0 0 0 0 33 0 0 0 0 0 46 0 49 0 48 0 0 0 0 12 0 0 0 
0 24 27 0 28 0 0 30 0 0 0 32 35 33 0 0 0 13 0 0 0 0 0 0 0 0 0 0 0 42 0 0 0 39 0 0 0 0 0 0 0 5 0 0 0 0 0 0 0 
0 0 0 0 0 11 9 0 0 0 0 0 0 19 0 0 0 0 0 0 45 32 0 0 0 29 0 0 0 28 0 0 0 0 0 0 0 0 0 0 0 0 0 3 0 5 0 1 0 
0 0 0 0 0 46 0 0 0 0 0 0 0 0 0 30 0 0 0 0 0 0 0 0 0 0 0 21 0 0 0 0 0 0 0 0 25 0 28 0 0 0 0 38 0 0 0 36 0 
0 0 33 32 34 31 0 36 0 0 0 0 0 0 20 0 0 0 0 17 0 0 0 0 2 49 0 0 0 0 0 0 0 45 44 0 0 0 0 0 0 11 0 0 0 25 26 21 27 
42 0 0 46 0 0 0 0 0 0 5 0 0 0 0 0 32 0 0 0 30 0 0 0 0 0 0 0 0 0 0 0 0 0 0 21 0 22 0 0 0 0 0 37 0 0 0 0 41 
0 0 0 0 13 0 0 0 14 0 0 0 0 0 0 0 0 0 0 0 0 0 0 0 0 0 0 0 26 0 0 0 0 0 0 0 38 36 0 0 0 0 0 0 0 4 0 0 0 
0 0 19 18 0 0 0 22 0 0 26 0 0 0 0 0 0 5 0 3 0 0 40 0 0 35 39 0 0 0 0 0 0 31 0 0 0 0 48 0 47 0 0 0 0 0 0 0 13 
0 2 0 4 0 0 0 0 0 9 0 10 0 0 0 0 0 40 0 0 0 24 0 0 0 0 0 27 0 0 0 0 0 0 0 0 0 0 0 0 0 0 0 0 0 0 0 0 0 
0 0 0 0 0 0 0 29 0 0 33 31 0 0 0 8 11 12 0 0 9 0 0 43 0 0 0 48 0 0 39 0 0 0 37 0 0 0 0 0 0 0 17 0 15 0 0 0 0 
35 0 0 0 0 0 36 0 0 0 0 45 0 0 0 0 0 0 21 0 0 0 0 8 0 0 11 0 0 0 0 49 0 0 0 0 0 0 0 0 0 0 0 30 0 0 0 0 34 
4 6 0 0 10 0 0 0 0 0 0 0 0 0 0 0 0 44 0 42 0 0 0 0 0 0 29 31 0 0 0 0 0 0 0 32 0 0 38 0 0 36 0 48 0 1 0 0 3 
0 0 0 0 0 35 0 0 39 0 0 0 0 0 0 0 22 0 0 0 20 0 0 0 0 0 8 0 0 0 0 0 0 49 48 0 0 0 0 0 0 0 0 0 0 0 0 0 0 
0 0 30 0 0 0 0 0 0 0 0 0 0 0 0 0 15 16 0 0 0 0 0 0 0 0 0 0 0 0 0 0 0 0 0 0 0 0 0 0 0 0 0 20 0 0 0 0 0 
0 0 16 15 0 0 0 0 0 0 0 21 0 0 0 0 0 0 46 49 0 0 37 0 34 0 0 0 0 0 0 0 0 0 0 0 42 40 0 0 0 43 0 0 0 0 0 4 0 
0 0 44 0 0 0 0 0 46 0 0 0 0 1 0 0 29 0 25 0 27 0 0 0 13 0 0 0 0 0 0 0 0 0 0 0 0 0 0 0 0 0 0 34 0 0 0 0 0 
0 0 0 0 0 0 0 0 25 0 0 0 0 0 0 0 8 0 4 7 0 0 0 0 0 0 0 0 0 38 0 0 0 35 0 0 49 0 0 0 0 0 0 0 0 0 0 0 0 
0 0 0 1 3 49 0 0 4 6 9 7 10 0 0 0 36 0 0 0 0 0 0 0 0 18 22 0 16 0 0 0 0 0 13 25 0 0 0 0 0 0 0 0 0 0 0 0 0 
