7
0 0 49 0 0 0 48 7 0 0 0 0 0 0 0 0 0 0 30 0 0 40 0 0 0 41 0 0 12 0 0 0 0 0 0 0 0 0 0 0 0 0 0 0 0 36 0 0 0 
9 0 0 8 4 0 0 0 11 0 0 0 0 0 0 0 0 0 37 0 36 0 0 0 0 0 0 0 0 0 0 17 0 0 0 0 0 0 0 28 0 0 39 44 0 0 0 42 0 
0 0 0 0 0 0 0 0 32 0 37 0 0 36 0 5 0 0 0 0 8 0 0 0 0 20 0 0 0 0 43 0 0 0 0 0 0 0 47 0 0 0 0 0 0 0 0 0 0 
0 0 0 0 0 0 0 0 39 40 0 38 0 0 0 0 0 0 0 0 0 0 30 25 0 0 0 0 0 0 0 0 0 0 0 0 0 0 0 0 0 0 0 0 20 22 0 0 19 
0 0 0 0 0 0 0 21 0 19 23 0 0 0 0 40 41 0 44 0 43 0 0 4 0 0 3 0 0 27 29 0 0 0 28 34 32 0 0 0 0 31 0 2 0 0 0 0 0 
0 0 0 0 18 17 20 0 0 0 30 0 0 0 0 47 48 0 0 0 1 0 0 0 15 13 0 0 0 0 36 0 0 0 0 0 0 0 0 0 0 38 0 0 6 0 0 0 0 
0 0 0 0 0 38 0 0 0 0 2 45 0 0 0 19 20 0 0 0 0 0 0 0 0 0 0 0 0 6 0 0 9 4 7 0 11 0 0 0 15 0 25 0 0 29 0 0 0 
0 41 0 0 0 0 0 0 0 0 0 46 0 0 0 0 0 0 0 0 0 0 0 0 37 35 0 36 0 0 0 0 0 5 0 14 0 0 0 0 0 11 0 0 0 0 0 29 0 
0 0 0 0 26 0 0 0 33 0 0 0 0 0 0 6 0 4 0 0 0 0 0 0 0 21 0 0 41 0 0 0 0 40 0 0 0 0 0 0 0 0 0 0 0 16 0 15 0 
3 0 0 0 0 0 49 0 0 0 0 0 0 0 0 0 0 0 0 0 0 41 0 40 0 0 0 0 0 0 0 0 17 0 15 21 19 0 0 22 0 0 0 0 0 0 0 0 0 
0 0 0 0 0 11 0 0 0 0 0 18 0 0 0 0 0 39 0 0 0 0 0 0 9 0 4 8 27 0 0 0 0 0 0 35 0 0 34 36 0 0 0 0 0 0 0 1 48 
0 0 0 0 33 0 0 43 40 41 45 39 0 0 12 0 0 0 0 0 0 0 31 0 0 28 0 0 0 0 0 0 0 0 0 0 0 0 6 0 0 0 19 0 0 0 0 0 0 
0 20 0 0 0 0 21 0 0 27 31 0 28 0 0 48 0 0 0 1 0 13 0 12 16 0 0 0 34 35 0 0 0 0 36 0 0 0 0 0 44 0 0 0 0 0 4 0 6 
0 0 0 0 0 0 0 15 12 0 0 0 0 0 0 0 0 0 38 36 37 0 0 47 0 0 46 0 0 21 0 0 0 0 0 0 0 0 0 0 0 0 0 0 42 0 0 43 41 
0 17 0 0 0 0 18 0 0 24 0 0 0 0 0 0 0 0 49 0 48 0 0 0 13 0 0 0 0 0 0 0 0 0 33 0 0 0 0 0 41 36 2 0 0 0 0 0 0 
0 0 0 0 0 0 0 19 0 0 21 0 0 20 0 0 0 36 0 0 0 0 7 0 6 4 0 0 0 0 0 0 0 0 26 0 0 0 0 0 0 0 0 0 0 0 0 47 0 
0 0 0 0 0 36 39 0 0 0 0 0 0 48 0 17 0 0 0 0 20 31 35 0 0 0 29 33 0 0 0 0 0 0 0 0 0 0 0 0 0 0 0 0 0 0 0 26 0 
0 31 0 0 0 0 0 0 37 0 42 0 0 41 9 10 0 0 0 12 0 0 0 0 27 25 0 26 45 0 48 0 0 0 0 4 0 0 0 0 0 0 0 0 18 20 0 0 17 
28 24 0 0 23 0 0 0 0 0 0 0 0 0 0 0 0 0 0 0 6 0 0 0 0 0 0 0 0 0 0 0 0 37 0 46 0 0 45 0 0 0 0 0 11 0 8 0 0 
0 0 0 0 2 0 0 0 0 0 0 0 0 13 30 0 32 0 35 0 0 45 0 0 0 0 0 0 0 0 0 0 21 0 0 25 0 0 0 26 27 0 0 0 0 0 0 0 38 
49 45 0 48 0 0 0 0 0 0 0 0 0 6 0 0 0 0 0 0 0 0 0 0 0 0 0 0 10 0 0 0 0 0 0 0 0 0 0 0 20 0 0 35 0 0 0 33 0 
32 0 0 0 0 26 0 0 0 0 0 0 36 0 0 0 0 0 0 0 0 0 0 0 0 0 0 0 42 0 0 0 0 0 0 0 0 4 0 0 0 0 0 0 0 0 0 0 0 
0 21 0 0 0 0 0 0 0 0 32 0 0 0 0 49 0 0 4 0 0 0 18 13 0 0 0 0 0 0 0 33 0 0 0 0 0 0 0 0 0 0 6 0 8 0 0 0 0 
0 0 16 0 13 0 0 0 0 21 0 19 0 24 0 0 0 0 46 44 0 0 11 0 0 0 0 0 0 29 31 0 0 27 0 0 0 0 0 0 0 33 0 4 0 0 0 0 0 
11 0 0 0 0 0 0 0 0 14 0 12 0 17 0 0 36 33 0 0 0 0 0 0 0 1 0 0 0 0 0 0 25 0 23 0 0 0 28 0 0 0 41 46 0 0 0 0 0 
0 42 0 45 0 0 0 0 48 0 0 0 0 3 0 0 22 19 25 23 0 0 0 0 38 0 0 0 7 0 0 0 0 0 0 0 13 0 0 0 17 0 0 0 0 0 0 0 0 
0 0 0 0 48 0 0 0 0 0 0 5 0 0 0 0 0 0 32 0 0 42 0 0 0 0 0 44 0 15 0 0 0 0 16 0 20 0 0 23 0 0 0 0 0 0 0 0 0 
39 0 0 0 0 33 0 0 0 42 0 0 0 0 0 0 0 0 18 0 0 28 0 0 31 29 0 0 0 0 3 0 0 0 0 0 0 11 0 0 10 0 0 0 0 0 19 0 0 
0 0 0 0 0 0 0 0 31 0 36 0 0 0 0 0 0 0 0 0 0 0 0 0 21 0 0 0 0 0 0 0 0 0 0 47 0 0 46 0 0 0 0 0 12 0 9 0 0 
0 0 0 0 0 0 47 0 3 0 0 0 0 0 0 0 0 0 0 0 0 0 0 0 0 0 0 0 11 0 0 0 0 0 0 0 17 0 0 0 0 0 0 0 0 0 30 0 0 
43 0 0 0 0 0 40 0 0 46 0 0 0 0 0 0 19 0 0 0 21 0 0 0 0 0 0 0 4 0 0 2 0 0 0 0 0 0 0 13 14 0 0 0 0 0 0 0 0 
0 0 0 21 0 0 0 0 0 0 0 0 0 0 0 0 0 0 0 0 49 11 0 0 0 12 9 0 0 33 0 0 36 0 0 0 38 0 39 0 0 0 0 8 5 7 0 6 0 
0 0 0 0 0 0 0 0 0 18 22 0 19 21 0 0 0 37 0 0 0 0 0 0 0 0 2 0 0 26 0 0 29 0 0 33 0 0 32 0 0 30 0 0 0 0 44 0 0 
36 0 0 0 0 0 0 0 0 0 0 0 0 0 10 11 12 0 0 0 0 0 0 0 0 0 0 0 46 47 0 0 1 45 0 0 0 0 4 0 0 2 17 0 0 0 0 0 0 
0 4 6 7 0 0 0 0 0 0 0 0 0 0 0 0 0 0 0 0 0 0 0 45 0 0 0 48 0 0 0 0 0 0 20 0 0 29 0 0 0 0 38 0 40 0 37 0 0 
0 8 0 0 7 6 9 0 14 0 0 0 0 0 0 0 0 0 0 0 0 1 0 0 0 0 48 0 0 0 0 0 0 0 0 0 0 0 0 0 0 27 42 0 44 0 0 0 0 
26 0 0 0 0 0 0 0 0 29 0 0 0 0 0 1 0 0 0 0 0 0 0 14 0 0 0 0 36 0 0 0 0 0 0 0 0 0 0 0 0 0 0 0 9 0 0 0 8 
0 0 0 46 0 0 0 0 0 0 0 0 0 4 21 0 0 0 0 0 0 0 0 0 39 0 34 0 0 9 0 0 0 7 10 0 0 0 15 0 0 13 0 0 0 0 0 0 0 
0 0 17 0 0 0 0 0 0 0 0 20 23 0 0 0 0 41 0 0 0 0 12 7 0 0 0 0 0 30 0 0 0 0 0 0 35 0 36 0 39 34 49 0 0 4 0 0 0 
0 0 31 0 0 0 0 0 0 0 40 0 0 0 7 0 0 0 0 0 0 0 26 0 0 0 0 0 0 0 0 0 0 42 45 0 0 0 0 0 4 0 14 0 0 0 0 0 0 
0 0 0 39 0 0 37 0 0 0 0 0 0 0 0 0 16 13 0 0 0 0 0 0 0 0 0 0 0 0 0 0 0 49 3 0 0 0 0 0 0 0 0 0 0 25 0 0 22 
0 0 0 4 0 0 0 0 0 0 0 6 0 0 28 29 30 0 0 0 0 0 0 42 0 0 41 0 0 0 0 0 0 14 0 0 0 0 0 0 0 0 0 40 37 0 0 0 0 
0 0 11 12 0 0 0 0 0 0 0 14 0 0 0 0 0 0 0 0 0 0 0 0 5 3 0 0 0 0 26 0 0 0 25 0 0 0 0 0 33 0 0 0 0 47 0 0 0 
0 0 32 0 0 0 0 0 0 0 0 35 38 0 0 9 0 0 0 0 12 0 0 0 0 0 0 0 0 0 0 0 0 43 0 0 0 0 0 0 0 0 0 20 0 0 0 0 0 
6 0 4 0 1 49 0 0 0 0 0 0 0 12 29 0 0 0 0 0 0 0 0 0 47 0 0 0 0 17 19 0 0 15 0 0 0 27 0 0 0 0 0 0 38 40 0 0 0 
0 0 39 0 0 0 38 0 0 44 0 0 45 47 0 0 0 0 0 0 0 0 0 0 0 0 0 0 0 0 0 0 6 1 0 0 0 0 0 0 0 7 0 0 24 0 0 0 0 
0 0 0 0 22 0 0 0 0 0 0 0 0 0 0 2 0 0 6 0 0 0 20 0 0 17 0 0 37 0 0 0 0 0 39 0 0 0 0 0 0 0 0 0 0 0 7 0 0 
20 0 0 0 0 0 0 0 0 0 0 0 0 0 43 0 45 0 0 0 0 0 13 0 0 0 0 0 0 0 0 0 0 0 32 0 0 0 0 0 0 0 1 0 3 0 49 0 2 
0 0 0 47 0 0 0 0 0 0 0 0 0 0 0 23 0 0 0 0 0 0 0 36 0 0 0 0 0 0 0 0 0 0 0 0 15 0 16 0 0 0 0 0 0 33 0 0 0 
