7
0 0 0 0 0 0 0 36 0 0 0 0 0 0 0 0 0 0 0 0 0 0 0 0 0 23 25 0 10 0 0 11 9 0 0 0 0 0 0 0 0 0 0 0 0 0 49 0 0 
0 0 0 0 0 0 47 43 38 42 39 0 0 0 0 0 0 13 0 0 0 31 0 34 33 0 0 0 0 0 0 0 0 0 0 0 0 0 0 0 0 27 0 0 0 0 7 5 0 
0 0 0 0 0 0 0 0 0 0 0 0 13 0 0 0 31 0 33 30 0 0 0 0 0 2 4 0 0 0 0 0 37 0 0 0 0 1 0 0 0 0 25 0 0 0 28 0 0 
0 0 0 0 0 0 0 0 0 0 4 2 0 0 0 0 0 0 0 0 0 0 49 0 0 0 0 0 0 36 0 0 0 0 0 0 0 0 0 0 37 0 0 0 20 0 21 0 0 
0 0 0 35 32 30 0 0 0 0 0 23 27 0 0 0 0 0 0 44 46 0 0 0 0 0 18 0 0 0 0 0 0 0 6 0 0 0 0 0 0 0 0 0 41 0 0 0 0 
0 3 0 7 0 0 0 0 0 0 0 0 0 47 22 0 0 0 0 16 0 0 0 0 0 0 0 0 0 0 0 0 0 28 0 33 0 0 0 0 0 0 0 9 0 0 0 0 0 
0 0 27 0 0 23 0 0 0 0 0 0 20 0 43 0 0 0 0 0 0 0 0 13 0 9 0 0 0 1 0 46 0 0 0 5 0 8 4 0 2 0 32 0 0 0 0 0 0 
0 0 0 0 0 0 0 0 0 17 0 12 0 0 0 38 34 0 0 0 0 6 0 9 8 0 0 0 41 0 43 0 40 0 0 0 0 0 0 0 0 0 28 0 30 0 0 29 0 
0 0 0 0 0 0 29 0 0 0 0 0 0 0 0 0 0 0 0 0 0 13 0 0 0 0 0 18 0 0 0 0 0 3 0 0 0 0 0 0 0 0 0 0 37 0 0 0 39 
0 0 2 3 49 0 0 46 0 0 0 0 0 43 0 0 0 0 0 0 0 0 0 0 0 0 0 0 0 0 0 0 0 0 0 29 0 32 28 0 0 0 0 0 9 6 10 0 0 
0 0 0 0 0 0 8 0 0 0 0 0 2 0 25 0 0 0 0 0 0 0 0 0 43 0 0 0 27 0 0 0 0 0 30 36 0 0 0 38 33 0 14 0 0 0 0 0 0 
0 0 0 0 0 0 0 0 0 31 0 0 0 29 4 0 0 0 0 47 0 0 24 23 0 0 0 0 0 11 0 0 0 10 0 0 0 0 0 0 0 0 0 0 0 0 0 0 0 
0 0 0 0 0 0 0 0 0 0 0 0 9 0 0 31 0 0 0 0 0 0 0 0 0 47 49 4 0 0 0 35 0 0 0 0 0 0 0 0 0 0 0 0 0 20 0 0 25 
0 0 0 0 0 40 0 0 0 38 35 33 0 0 11 10 0 0 0 5 7 0 0 0 0 26 0 0 0 18 0 0 0 0 16 0 0 0 0 24 19 23 49 0 0 48 3 0 0 
0 0 0 20 0 0 0 0 9 0 0 0 0 0 0 0 30 0 0 0 31 0 0 0 0 0 0 0 0 0 0 0 36 0 0 0 0 0 0 0 0 47 0 22 26 0 27 25 0 
0 0 0 0 0 0 0 0 0 0 0 0 0 0 0 0 0 0 25 0 0 0 0 47 0 0 0 0 0 35 0 0 0 0 0 0 0 0 0 0 36 0 0 0 0 16 0 0 0 
0 2 0 0 0 0 0 0 0 0 0 0 47 46 0 0 0 19 0 0 0 37 41 0 0 0 0 0 0 0 25 24 0 0 0 0 0 35 0 0 0 33 0 0 0 0 13 0 14 
0 37 0 0 0 36 0 0 0 0 0 0 0 0 0 0 0 0 0 1 0 0 0 0 25 22 0 28 0 14 0 10 0 0 12 0 0 0 0 0 0 0 0 0 0 0 0 0 0 
0 0 0 0 0 29 0 0 0 0 0 0 0 25 0 0 0 0 0 0 0 0 20 0 0 0 17 21 0 0 4 0 0 0 0 11 9 0 0 0 0 0 0 0 0 0 0 0 0 
49 44 0 0 0 0 0 0 0 0 0 0 0 0 0 13 9 0 11 0 0 0 34 0 0 0 0 35 0 0 18 0 0 20 19 0 0 0 0 0 0 0 3 0 5 2 0 0 7 
0 0 0 0 0 0 25 0 0 0 0 0 0 0 0 0 0 0 0 0 0 0 0 0 11 0 0 14 0 0 0 0 0 0 0 4 0 0 0 6 1 5 0 0 0 0 0 0 0 
0 0 32 33 0 0 31 0 0 26 0 0 0 24 0 0 0 46 0 0 0 0 0 0 17 14 0 0 0 0 0 0 0 0 0 0 0 13 9 0 0 0 37 0 0 0 0 0 41 
6 0 4 5 0 0 0 0 0 47 0 0 46 0 0 19 0 0 17 0 0 0 0 0 0 35 37 41 0 0 24 23 0 0 0 0 29 0 0 0 0 0 0 0 0 8 0 0 0 
0 8 0 0 0 0 0 6 0 5 0 0 4 0 0 0 0 25 0 0 0 0 0 46 45 0 0 0 0 0 0 0 28 0 32 0 0 0 0 0 0 0 16 0 0 0 0 0 0 
0 0 46 0 0 0 0 0 36 0 0 0 0 0 13 12 8 0 0 7 0 0 0 0 0 28 30 0 0 0 0 16 0 0 18 24 0 0 0 26 21 0 0 0 0 0 0 0 0 
0 0 0 0 0 14 0 0 0 0 0 0 0 0 34 0 0 0 0 0 0 0 0 0 3 0 0 0 36 0 0 0 35 0 0 0 43 0 0 0 0 0 0 21 0 22 0 0 27 
0 0 0 0 0 0 0 34 0 0 0 0 0 0 0 0 0 4 0 0 2 0 0 0 0 0 0 0 8 13 10 0 0 0 0 0 0 0 0 0 0 0 44 0 0 0 0 0 0 
0 22 0 0 23 0 0 0 0 0 0 0 18 17 0 0 36 0 0 0 0 0 0 0 0 0 0 0 0 48 45 44 0 47 0 0 0 6 0 0 0 0 0 0 32 0 0 0 34 
0 0 0 0 0 6 0 5 0 0 0 48 0 0 0 0 21 0 0 20 0 0 0 45 44 0 0 0 0 0 30 0 0 0 0 37 0 0 0 0 0 0 0 0 0 0 0 0 0 
0 0 0 0 0 0 2 0 0 0 0 0 45 0 0 0 14 0 16 0 0 0 0 0 0 0 0 40 21 0 0 0 0 25 0 0 0 0 0 0 27 0 0 0 0 0 11 0 0 
0 0 0 0 0 27 0 0 0 0 0 0 0 0 0 0 0 0 0 0 0 0 0 0 0 13 15 0 0 0 0 0 0 4 0 0 0 0 8 0 0 0 36 0 38 0 39 0 0 
0 0 45 0 0 0 44 0 0 0 0 0 0 0 0 0 0 0 9 0 8 0 0 0 0 0 0 0 0 0 16 0 0 0 17 0 0 26 0 25 0 0 1 0 3 0 4 0 0 
26 21 0 0 22 0 0 19 14 0 0 0 0 16 0 0 0 0 0 0 0 0 0 0 0 6 0 0 0 0 44 0 0 0 45 0 0 0 1 0 0 0 29 27 0 0 0 30 0 
0 0 0 0 0 0 16 0 0 0 0 0 10 0 0 0 28 31 0 0 0 0 0 0 0 0 0 5 0 40 0 0 0 0 0 44 0 0 43 0 0 0 0 20 0 0 25 23 0 
0 0 0 0 0 0 0 33 0 0 0 27 0 30 0 0 0 0 0 0 0 0 0 0 23 0 0 0 7 0 0 0 6 0 0 0 0 0 0 18 0 0 0 0 0 0 0 0 0 
0 11 14 0 12 0 0 9 0 8 0 0 7 0 30 0 0 28 0 0 0 0 0 0 0 0 0 0 32 0 34 0 0 0 0 0 0 0 40 43 0 0 0 0 0 0 0 0 23 
0 18 0 0 0 0 0 0 0 0 0 0 0 0 0 0 0 0 0 0 0 0 0 0 0 3 0 0 0 0 0 0 0 0 0 0 0 0 47 0 0 0 0 0 0 0 29 0 0 
0 0 0 1 47 0 48 0 39 0 0 0 42 0 0 0 0 0 13 0 0 0 0 0 0 0 0 37 18 0 20 19 17 0 0 0 25 30 0 0 0 0 5 0 7 0 0 0 9 
0 32 0 0 0 31 34 30 0 29 0 0 0 0 0 0 0 0 48 0 0 0 0 0 20 17 0 0 0 0 0 5 0 0 0 0 0 0 0 0 10 0 0 38 42 0 0 0 0 
0 0 0 29 26 0 0 23 18 0 19 0 0 0 0 0 0 0 41 0 0 0 0 14 0 0 0 0 0 0 0 0 0 0 49 6 4 0 5 0 0 0 0 0 0 32 0 0 0 
0 0 0 0 0 0 0 0 32 0 0 0 0 34 9 0 0 0 0 0 0 0 0 0 27 24 0 0 11 0 0 0 0 15 0 20 18 23 0 0 0 0 0 0 49 0 0 48 0 
0 0 7 0 0 0 0 0 0 0 0 0 0 0 0 0 0 0 0 0 19 0 0 42 0 38 0 44 0 0 0 0 0 0 0 0 0 0 0 0 31 0 12 0 0 0 15 0 0 
10 5 0 0 0 0 7 0 0 0 0 0 0 0 0 0 0 0 0 0 0 0 44 0 0 39 0 0 0 0 0 0 0 30 0 0 0 38 0 37 0 36 0 0 15 0 0 14 0 
0 0 1 0 0 46 0 0 0 0 0 0 43 0 0 0 0 0 0 0 13 0 0 0 0 0 34 0 0 24 0 0 0 0 0 0 0 0 0 0 0 0 6 4 0 0 0 0 0 
0 33 36 0 0 0 35 0 26 0 27 0 0 0 0 0 0 1 0 0 0 0 23 22 0 0 0 0 0 0 7 0 0 0 0 0 0 17 0 16 0 0 41 0 0 0 0 42 0 
0 0 0 0 27 0 0 0 0 0 20 0 0 0 0 44 0 0 0 0 0 0 0 15 0 0 0 0 0 3 0 48 0 0 0 0 0 0 0 0 0 0 0 0 0 33 37 0 0 
0 0 0 0 0 0 0 0 0 37 34 0 0 0 0 0 0 0 0 0 6 0 0 0 0 0 0 31 0 0 0 13 0 0 0 0 0 0 0 0 0 0 0 0 0 47 2 0 0 
17 0 0 16 0 0 0 0 0 0 0 4 0 0 31 0 0 0 0 25 0 0 0 1 0 0 0 0 33 0 35 0 0 0 0 0 0 0 0 0 0 43 0 18 0 0 0 0 0 
0 0 0 0 0 0 21 0 0 16 0 0 0 0 38 0 0 0 0 0 34 0 0 8 0 0 6 0 0 0 0 0 0 0 0 0 0 0 48 0 0 0 0 0 0 0 0 0 0 
