7
0 0 0 0 0 0 47 0 0 0 0 3 5 0 0 0 0 0 0 21 0 0 38 43 0 0 41 0 0 0 0 0 0 0 0 0 33 0 0 0 31 0 0 0 0 0 12 0 11 
0 0 0 0 0 0 5 0 0 0 0 10 12 0 29 0 0 26 0 28 0 0 0 0 0 0 0 0 0 30 0 35 0 0 34 42 0 0 41 0 38 0 0 0 0 0 19 0 18 
0 0 0 0 0 0 19 28 0 0 0 0 0 0 0 0 0 0 0 0 0 11 10 0 0 14 0 0 0 0 0 0 0 0 48 0 5 0 0 0 0 4 0 0 0 0 33 0 0 
0 0 0 0 0 0 0 0 0 0 0 17 0 0 0 0 0 0 0 35 0 0 0 8 0 0 0 0 0 0 0 0 0 0 0 0 0 44 48 0 45 0 23 0 0 0 0 0 0 
0 0 24 0 27 0 26 0 0 0 0 0 0 0 1 0 0 0 0 0 0 0 0 0 0 0 0 0 0 0 0 0 0 0 6 0 0 9 0 0 0 0 0 0 0 0 0 0 0 
0 39 38 37 0 43 0 0 0 0 0 45 0 0 0 0 9 0 0 0 13 0 0 0 0 35 0 33 0 0 0 0 0 18 0 0 0 0 0 0 0 0 0 0 0 0 0 0 4 
0 0 0 0 34 0 0 0 39 0 0 38 40 0 0 0 0 0 0 0 0 0 0 29 23 0 27 26 0 9 15 0 0 0 13 0 0 0 0 0 0 0 44 0 0 0 0 0 0 
0 43 42 0 0 0 44 0 0 0 0 0 0 0 0 0 13 0 0 0 17 0 0 0 0 0 0 0 0 0 0 25 21 0 0 0 30 27 0 0 28 0 0 0 0 0 0 0 0 
0 0 0 0 3 0 0 0 0 0 0 0 0 0 0 0 0 23 0 0 24 0 0 47 0 0 0 0 0 27 0 0 0 0 0 0 37 0 0 40 0 0 0 0 0 0 0 0 0 
0 0 7 6 10 12 0 0 0 0 0 0 0 13 0 0 0 0 0 32 0 0 0 0 0 0 0 0 0 0 0 0 0 0 0 0 0 0 0 47 0 43 0 0 0 0 0 0 22 
0 36 0 0 38 0 0 0 0 0 0 0 44 41 0 0 6 0 0 0 0 0 28 0 0 0 0 30 16 0 0 0 0 0 0 0 0 0 0 0 0 0 0 0 5 0 0 0 0 
0 22 21 0 0 0 0 0 0 0 31 0 0 0 0 0 41 0 0 0 0 0 0 0 0 0 0 16 0 0 0 0 0 0 3 0 0 0 10 0 0 0 0 0 40 35 0 0 0 
0 0 0 0 0 0 0 25 22 0 0 21 0 0 40 0 0 37 35 0 0 0 0 0 0 0 0 9 0 0 47 0 0 0 0 4 0 0 0 5 49 0 0 0 33 0 0 0 29 
0 0 28 0 0 33 30 39 0 0 38 0 0 0 5 1 48 0 0 0 0 0 0 0 0 0 0 23 9 0 0 11 0 0 0 0 0 0 0 0 0 0 0 0 0 0 0 0 0 
0 14 13 0 16 0 0 0 0 0 0 0 0 0 0 0 0 0 0 0 0 0 0 0 0 10 0 0 0 0 0 45 0 42 0 0 0 47 0 0 0 0 0 31 0 0 0 30 0 
0 0 0 0 23 0 0 0 28 0 30 0 0 0 0 42 0 0 41 45 0 0 0 18 0 17 0 0 1 0 4 0 0 49 2 0 8 0 0 0 0 0 0 0 0 34 36 0 0 
38 0 34 33 0 0 0 45 42 46 0 0 0 0 11 0 5 0 0 0 9 0 27 0 26 0 0 0 0 0 0 0 0 0 0 0 0 0 0 0 20 0 47 0 0 48 0 0 49 
10 0 0 0 0 0 8 17 0 0 0 0 15 12 0 0 26 0 0 0 30 0 0 0 0 0 2 1 0 0 0 0 0 0 0 0 0 0 0 0 0 42 19 0 0 0 0 0 0 
0 0 0 0 0 0 0 38 35 0 0 0 0 0 4 49 0 0 0 3 0 0 0 0 0 0 0 0 0 0 0 0 0 0 0 0 0 0 0 0 0 0 0 0 0 0 0 0 0 
0 0 0 0 2 0 0 0 0 0 9 0 8 0 0 0 0 0 0 0 23 0 41 46 40 0 44 0 29 26 0 0 0 0 0 0 0 33 0 39 0 0 0 0 18 0 0 0 0 
45 42 0 0 0 46 43 0 0 0 2 0 0 47 18 0 0 0 0 17 16 0 0 0 0 0 0 36 22 0 0 24 20 0 0 0 29 0 0 32 0 0 5 0 0 0 0 0 0 
0 0 0 0 0 23 20 0 0 0 0 0 0 24 0 0 0 41 0 43 42 0 0 16 0 0 0 0 0 45 0 0 0 0 0 8 0 3 0 0 4 0 0 0 0 0 0 0 33 
0 0 4 0 0 0 6 0 0 16 0 0 0 0 0 0 0 0 0 0 0 0 0 0 45 0 0 0 0 0 0 0 0 0 0 43 0 38 0 44 0 0 0 0 0 0 0 0 0 
0 0 0 0 0 0 0 0 0 0 0 0 0 0 0 0 0 0 0 15 0 0 0 0 0 0 35 0 0 0 0 0 18 0 0 0 0 0 0 0 0 0 3 0 0 0 6 0 0 
15 12 11 0 0 0 0 0 0 0 21 18 0 17 0 0 0 0 0 0 0 0 0 0 0 0 7 0 0 0 0 0 0 0 0 0 48 0 0 0 0 0 0 0 30 0 0 0 26 
0 0 46 0 0 0 48 0 5 0 0 0 6 0 0 0 17 20 18 0 0 0 0 44 0 0 0 0 0 0 0 0 0 0 0 0 0 0 0 0 0 0 0 0 0 11 0 0 12 
0 0 25 0 0 0 0 36 0 37 35 0 0 0 0 0 0 0 46 0 0 0 0 23 0 0 0 0 0 0 9 0 0 0 0 0 0 0 0 16 0 0 38 0 0 0 0 0 40 
36 0 0 0 0 0 0 0 0 0 42 0 0 0 0 0 0 0 0 0 0 0 0 0 0 0 28 0 0 0 0 0 0 0 0 0 0 17 0 0 18 0 0 0 0 0 48 0 47 
0 0 0 0 0 0 0 6 0 0 0 0 0 0 0 0 0 0 0 0 19 0 0 0 0 0 0 39 0 0 0 0 0 24 0 0 0 0 33 0 30 31 0 0 0 0 0 0 10 
0 0 0 8 0 0 0 0 0 0 0 0 18 0 0 31 29 0 0 0 33 3 0 7 0 6 0 0 0 0 0 0 0 0 0 0 0 0 0 0 0 0 0 0 0 0 0 26 24 
0 17 0 15 0 0 18 0 0 0 0 0 0 0 0 38 0 0 0 0 0 0 0 0 8 0 0 0 0 0 0 0 0 0 47 0 0 0 0 0 2 0 0 0 0 30 0 33 31 
6 0 0 0 5 7 0 13 0 0 12 9 0 0 0 0 0 0 0 0 0 0 0 0 0 0 0 0 32 0 0 0 0 0 0 0 0 0 0 0 0 0 0 0 0 0 18 0 0 
0 0 0 29 33 0 0 0 0 42 40 0 0 36 7 0 0 0 0 0 0 0 0 0 22 27 0 0 0 0 0 0 0 0 0 0 0 0 0 21 0 17 0 0 49 0 46 0 0 
27 24 0 0 0 0 0 0 0 35 0 0 32 29 0 45 0 0 0 48 0 0 0 0 0 0 19 0 0 0 0 0 0 0 0 0 0 0 0 14 9 0 0 0 0 0 0 40 0 
0 0 37 0 0 0 0 0 0 49 47 0 0 0 0 10 0 11 0 13 0 31 0 0 0 0 33 0 0 0 0 0 0 0 0 0 0 0 26 28 0 0 0 0 0 0 0 0 0 
0 0 0 0 0 0 0 0 0 0 15 0 0 0 0 0 0 0 0 0 0 0 0 0 46 2 0 0 0 32 0 0 0 0 36 0 0 39 0 0 0 0 0 0 0 0 0 0 0 
23 20 19 18 0 0 0 0 0 0 0 0 0 0 0 0 0 0 0 0 0 0 0 0 0 0 0 0 49 46 3 0 0 0 0 0 7 0 0 0 0 0 0 37 0 0 0 0 0 
0 48 0 46 0 0 0 0 0 0 0 0 0 0 0 0 0 0 0 0 0 0 0 0 0 0 0 42 0 0 31 0 26 27 0 0 0 0 0 38 0 0 0 0 0 0 0 15 0 
0 0 0 0 0 0 28 0 0 0 0 0 0 32 0 0 0 0 47 0 0 0 0 0 18 0 0 21 0 4 0 0 0 0 0 0 0 11 0 0 0 0 0 0 0 0 0 0 0 
0 0 0 0 0 0 0 0 41 0 0 40 0 0 0 0 4 0 0 0 0 0 26 0 0 0 29 0 0 0 0 16 0 0 0 0 21 0 0 24 0 20 0 0 0 0 0 0 0 
0 41 0 39 0 0 0 0 0 3 0 0 0 0 0 0 0 0 0 0 0 34 0 0 0 0 0 0 0 0 0 23 0 0 0 0 0 0 0 0 0 0 0 0 0 0 0 0 6 
0 0 0 11 0 17 0 0 0 0 22 0 21 18 38 0 0 0 33 37 0 0 0 0 0 0 0 7 0 39 0 0 0 41 0 0 0 0 0 0 0 0 0 0 0 0 0 0 0 
0 9 0 0 0 0 0 0 0 0 18 0 0 14 0 0 0 0 0 0 0 0 0 6 0 0 0 3 0 0 0 0 0 37 0 0 45 0 0 0 0 44 0 0 0 0 0 0 23 
0 0 0 0 0 0 0 40 0 0 0 0 0 0 0 0 0 0 0 0 0 0 0 27 0 26 25 0 10 0 0 0 0 0 11 19 17 0 0 0 0 0 0 47 0 43 0 0 0 
0 0 0 21 0 0 0 33 30 0 0 0 0 0 48 0 0 0 43 0 46 0 15 0 0 0 0 0 0 0 0 0 0 0 0 0 0 7 0 0 0 0 0 0 0 36 0 0 0 
0 0 0 0 0 0 0 0 0 48 0 0 45 0 0 0 0 0 0 12 0 0 29 34 0 0 32 0 0 0 0 19 15 0 0 26 0 0 0 0 0 23 0 0 0 1 3 4 0 
0 0 0 0 18 20 0 0 0 0 0 0 24 21 0 37 0 0 0 0 0 0 0 0 0 0 11 0 0 42 48 0 43 0 0 0 0 0 0 0 1 2 0 0 0 0 0 0 0 
0 0 0 0 0 6 0 0 0 0 0 8 10 0 27 23 21 0 0 0 0 0 0 0 0 0 0 45 0 0 34 0 29 0 0 0 0 35 0 0 36 0 0 0 0 0 0 18 0 
0 0 43 0 0 0 0 0 2 0 0 0 3 0 0 16 14 0 0 0 0 0 0 0 35 0 0 0 0 0 0 0 0 23 0 33 31 0 0 0 29 30 0 0 0 0 0 11 0 
