7
0 0 0 0 38 0 0 0 0 19 0 20 0 0 44 0 0 0 0 0 0 0 0 0 0 31 0 0 22 24 0 0 0 0 0 0 0 0 0 8 0 0 0 4 2 5 0 0 0 
0 0 0 0 3 0 5 30 0 33 32 0 0 0 0 0 0 0 0 0 7 0 0 0 0 45 0 0 0 38 0 0 0 0 0 0 27 0 0 0 0 0 0 18 0 19 0 0 0 
0 0 0 0 0 0 0 37 0 0 0 0 0 0 0 0 0 0 0 0 14 0 0 0 4 0 0 1 0 45 0 0 44 0 0 0 34 30 0 29 28 0 21 0 23 0 0 0 0 
0 0 0 0 0 0 0 0 0 0 0 0 0 49 0 0 33 0 29 0 0 0 0 14 0 0 19 0 0 0 0 0 0 0 0 0 0 0 0 0 0 0 0 39 0 40 0 0 0 
34 0 0 0 0 0 0 0 0 0 11 0 0 0 0 0 0 0 0 0 0 0 0 0 0 0 0 22 0 17 0 0 16 0 0 3 0 0 0 0 49 0 0 0 0 0 0 48 0 
48 0 0 46 0 0 0 0 0 0 25 0 0 21 0 4 0 0 1 0 0 0 0 0 0 0 0 0 29 31 32 0 0 0 0 0 0 16 0 0 0 0 0 0 0 0 0 0 0 
0 14 0 0 17 0 19 0 0 0 0 48 0 0 0 25 0 0 0 0 0 0 9 0 0 10 0 0 0 0 0 0 2 0 0 0 0 0 39 36 0 0 0 0 30 0 0 0 0 
0 0 0 0 0 0 41 0 0 0 19 0 16 0 0 0 0 0 0 0 0 0 0 0 0 32 0 0 0 0 0 0 0 0 27 0 14 0 0 0 0 0 0 0 3 6 0 0 0 
0 0 0 19 0 0 0 0 0 0 0 0 0 43 0 0 0 25 23 28 0 0 0 0 0 0 0 9 0 4 5 7 0 0 0 0 42 38 40 0 0 41 0 0 0 0 0 0 0 
0 0 0 0 0 0 0 0 25 0 0 0 23 0 0 0 0 0 0 0 1 0 0 36 40 0 41 0 30 0 33 0 0 0 0 0 0 0 0 0 0 0 0 12 0 13 11 0 0 
0 29 0 0 32 0 0 10 0 0 0 14 9 8 0 0 41 0 0 42 36 0 0 0 26 0 27 0 0 0 0 0 0 0 0 0 0 0 0 0 0 0 0 0 45 0 0 0 0 
0 0 0 0 0 0 0 0 0 0 0 42 37 0 0 0 20 0 0 0 0 0 0 1 0 0 0 0 0 0 47 0 0 0 48 0 0 0 33 30 0 0 22 0 24 0 0 0 0 
0 0 23 0 0 0 0 0 0 6 0 0 0 0 0 0 0 0 0 0 29 21 0 15 19 0 0 16 0 0 12 0 0 8 0 0 0 0 0 0 0 48 0 0 38 0 0 0 0 
0 0 0 0 0 0 0 0 32 0 0 0 0 0 0 0 0 0 0 0 0 0 0 0 0 0 0 0 0 0 0 0 0 0 0 0 0 0 0 0 0 0 0 19 17 0 0 0 0 
0 0 0 0 0 0 0 0 35 0 0 0 33 0 0 0 0 0 0 0 0 0 0 0 1 49 0 0 0 0 43 0 0 0 0 0 31 0 0 0 25 0 0 22 0 0 0 0 19 
0 18 0 0 21 0 0 0 0 0 0 0 0 0 0 0 0 0 0 0 0 0 13 0 0 0 0 0 0 0 8 0 0 0 0 0 0 0 0 0 39 0 32 0 34 0 0 0 0 
0 0 0 0 0 34 0 0 0 0 15 0 0 0 0 0 0 0 0 0 0 31 0 0 0 0 0 0 0 0 0 0 0 0 0 0 10 0 8 0 0 0 0 0 0 0 0 3 47 
0 0 0 1 49 0 2 0 0 0 0 0 0 0 0 0 0 0 0 0 0 0 41 0 0 0 0 0 0 0 36 38 34 32 0 0 0 0 0 0 18 23 0 0 0 0 0 0 0 
0 0 0 0 14 0 0 0 0 0 0 0 0 0 0 0 23 0 0 0 18 0 0 0 0 0 0 0 47 0 1 3 0 0 2 0 0 0 0 0 0 0 0 0 0 0 0 0 0 
45 0 0 43 0 0 44 0 0 0 22 0 0 0 48 1 0 0 47 0 46 38 0 0 0 0 0 0 0 0 0 31 0 0 30 0 0 0 0 12 0 0 0 0 0 0 0 10 0 
0 0 26 0 0 0 30 0 0 9 8 10 0 0 0 0 0 0 0 0 0 0 0 0 22 0 0 0 0 0 0 0 13 0 0 0 0 0 0 0 0 0 0 0 0 0 42 0 0 
0 0 0 0 16 0 0 0 0 0 45 47 42 0 0 0 0 0 0 0 0 0 8 0 0 0 0 0 0 0 0 0 0 48 0 0 0 0 38 0 0 0 27 0 0 0 0 0 0 
0 0 0 0 0 8 0 36 0 0 0 40 0 0 15 0 0 16 0 0 0 5 0 48 0 0 0 0 0 0 0 0 0 41 0 0 0 0 0 28 0 0 0 0 0 25 0 0 0 
0 0 0 0 0 0 0 0 0 0 0 0 0 48 0 0 0 0 28 0 27 0 0 13 0 16 0 0 0 0 0 0 0 0 0 0 0 0 0 42 41 0 0 38 0 0 37 40 35 
0 0 0 0 0 0 0 0 0 0 0 0 0 0 8 0 11 0 0 12 6 0 0 0 0 0 0 0 0 0 0 40 0 0 0 0 0 0 0 21 0 25 0 0 0 0 16 19 0 
0 0 0 0 44 0 0 0 0 0 24 0 0 0 0 0 0 0 49 0 0 0 0 0 0 0 0 0 28 0 0 0 0 0 0 0 0 0 0 0 0 0 6 0 0 0 0 0 0 
0 0 0 38 0 0 0 0 0 18 0 19 0 0 0 0 0 0 0 0 0 0 0 0 0 30 0 0 0 0 0 0 0 0 0 0 0 0 0 7 6 0 0 3 0 4 0 0 0 
0 0 0 0 0 0 0 0 0 0 0 12 0 0 0 0 0 0 0 0 0 26 0 20 0 0 0 0 0 0 0 0 0 0 18 2 0 0 0 0 48 0 41 45 0 0 44 0 42 
0 0 0 0 0 0 0 0 0 0 0 0 0 0 0 0 0 0 0 0 0 8 0 0 6 0 7 3 0 0 0 0 0 0 0 0 0 0 0 0 0 0 0 0 25 0 26 0 0 
36 0 0 0 0 0 0 0 0 0 13 0 10 0 0 0 0 0 0 0 37 29 0 0 0 0 0 24 17 0 0 0 0 0 0 0 0 0 0 0 0 0 0 0 46 0 0 1 0 
0 0 0 0 0 0 49 25 0 0 0 0 0 0 0 0 7 5 0 0 0 0 0 37 0 40 42 0 0 0 0 0 0 0 0 0 22 18 0 0 0 0 0 0 0 0 0 0 0 
0 0 0 6 0 4 0 0 0 0 0 0 0 0 0 0 0 0 0 0 9 0 0 44 0 0 0 0 0 0 0 0 0 0 0 26 0 0 0 0 23 28 0 0 0 0 19 0 0 
0 0 0 41 0 0 42 18 19 0 0 0 0 0 0 0 49 0 0 0 0 0 0 0 34 0 35 0 24 0 0 0 0 0 28 0 15 11 0 0 0 14 0 6 0 7 0 8 0 
0 0 0 0 0 0 0 0 0 0 0 0 0 0 0 34 0 0 31 0 0 0 0 16 20 0 0 0 0 0 0 0 0 0 0 0 0 0 0 45 0 49 0 0 0 0 0 0 38 
0 16 17 20 0 18 0 0 47 49 0 0 0 0 0 0 28 0 0 0 0 15 0 0 0 0 0 0 0 0 0 0 0 0 0 40 0 0 0 0 0 42 0 0 0 35 0 0 0 
0 38 0 0 0 0 0 0 0 0 21 0 18 17 0 0 0 0 0 0 0 0 33 0 0 0 0 0 0 27 0 0 0 0 0 13 0 0 0 0 0 0 0 7 0 0 0 0 4 
0 0 0 0 0 0 0 0 27 0 0 0 0 0 0 0 0 0 0 0 0 44 0 0 0 0 0 0 0 0 0 0 0 31 0 20 23 0 0 0 17 0 0 0 0 15 0 0 0 
0 0 0 0 0 0 36 0 0 0 14 16 0 0 0 0 0 0 0 0 38 0 0 0 0 0 29 0 18 20 0 0 0 0 0 0 9 0 0 0 3 0 45 49 0 0 48 0 46 
9 0 0 7 0 5 0 0 0 0 0 37 32 0 12 0 0 0 11 0 0 0 0 0 0 0 0 46 0 0 42 44 0 0 43 0 0 0 0 0 0 0 17 0 0 0 0 23 0 
0 0 0 21 0 0 0 0 0 1 0 0 0 0 0 0 0 0 0 0 0 0 0 0 0 0 0 0 0 0 0 9 5 0 0 0 44 0 0 39 0 0 0 0 0 0 0 0 0 
30 0 0 0 0 26 0 0 0 0 0 0 0 0 0 0 0 0 0 0 0 0 0 0 0 0 0 0 11 0 14 0 12 0 0 0 0 47 49 46 0 0 0 42 0 0 0 0 0 
0 0 0 0 13 0 0 0 41 0 0 0 39 0 0 0 0 0 0 0 0 0 0 0 0 6 0 0 0 0 0 0 0 0 0 0 0 0 0 0 0 0 24 0 26 0 27 0 0 
0 0 13 0 0 0 0 0 0 0 0 0 0 0 21 0 24 0 0 25 0 0 0 0 0 8 10 0 0 0 0 0 0 0 3 0 0 0 37 0 0 0 26 0 0 0 0 0 0 
0 0 48 0 0 0 0 0 0 0 0 0 27 0 0 0 10 0 0 0 0 0 42 0 0 0 0 0 0 0 0 0 0 0 0 22 0 0 0 20 0 0 0 0 0 0 0 0 0 
0 0 0 0 0 0 10 0 0 0 0 0 0 0 0 16 17 0 0 0 0 0 49 0 2 0 0 0 0 43 44 0 0 0 0 0 0 0 0 0 0 0 0 0 0 0 22 0 0 
0 33 34 0 36 0 0 0 0 0 0 0 13 0 0 0 0 0 0 0 0 0 0 0 0 0 0 27 0 0 23 0 0 0 0 0 0 7 9 0 0 10 0 0 0 0 0 0 48 
0 0 0 0 29 0 0 7 0 0 0 11 6 0 35 0 0 0 0 39 0 0 0 19 23 0 0 0 0 0 0 0 0 0 17 0 0 0 0 48 47 0 0 0 0 0 0 0 0 
0 19 0 0 0 21 0 0 0 3 2 0 0 0 0 0 0 0 0 0 0 18 0 0 16 0 0 13 0 0 0 0 0 0 0 43 0 42 0 0 40 0 0 0 0 0 0 0 0 
0 0 41 44 0 42 0 0 0 0 0 0 20 0 0 0 0 0 48 0 0 0 0 0 0 0 0 0 0 29 0 0 0 0 0 0 0 0 0 13 0 0 0 0 7 10 8 0 0 
