7
0 0 20 0 0 0 19 0 0 0 0 4 0 0 29 30 32 0 0 0 0 0 0 0 0 0 11 0 0 0 0 36 0 34 0 0 0 0 0 0 0 16 0 0 0 0 41 0 45 
0 38 0 0 0 36 0 0 13 12 0 0 0 0 0 0 0 0 0 0 0 0 0 0 0 0 0 21 0 0 0 0 0 0 0 0 0 28 0 0 0 30 0 5 0 0 0 0 0 
0 10 0 0 0 0 0 0 34 0 0 0 0 0 0 0 0 17 0 0 13 44 0 0 0 41 46 42 0 0 0 0 0 0 24 0 0 0 0 0 0 0 0 0 0 0 0 0 0 
4 0 0 0 0 0 47 29 0 0 28 0 0 0 0 0 11 0 0 0 0 0 0 0 0 0 39 0 12 0 0 15 0 0 0 0 0 0 0 45 0 0 0 19 0 0 0 0 0 
0 17 0 0 0 0 0 43 0 0 0 0 0 0 0 0 0 0 0 0 0 0 0 0 0 0 0 0 0 0 0 0 32 0 31 0 0 0 0 0 8 9 0 33 0 0 34 0 0 
0 0 0 0 0 29 0 8 0 0 7 0 0 9 0 0 0 0 35 0 0 0 0 12 0 0 0 0 0 42 0 0 0 0 0 0 25 0 0 0 22 0 2 47 0 0 0 0 0 
0 0 41 0 0 0 40 0 0 0 0 25 0 23 0 0 4 0 0 47 0 0 0 26 0 0 0 0 0 0 0 0 0 0 0 0 0 0 0 0 0 0 0 0 0 15 0 0 0 
0 0 45 0 0 0 44 0 0 0 0 0 0 0 0 0 0 7 0 0 0 0 0 0 0 31 36 0 9 0 13 0 0 0 0 0 0 0 38 0 0 0 20 16 0 0 0 18 0 
0 0 0 0 6 0 0 0 0 0 0 0 0 0 0 0 0 0 11 0 0 41 40 37 0 0 0 0 0 0 0 0 0 0 0 0 1 0 0 49 47 0 0 0 0 0 24 25 0 
43 0 0 0 0 0 0 19 0 16 0 0 0 20 47 0 0 0 0 0 0 0 0 0 0 0 0 0 0 0 0 0 0 0 7 0 0 0 31 35 0 0 0 0 15 12 0 0 0 
0 28 0 0 0 0 0 0 3 0 0 0 0 0 0 0 36 0 0 0 0 0 0 0 0 0 0 0 37 39 0 0 0 0 0 0 0 0 0 0 0 0 0 0 0 47 45 0 0 
0 0 0 0 0 0 0 0 0 0 0 0 0 0 0 0 29 0 0 0 0 0 0 0 0 3 0 0 0 32 0 0 0 0 0 0 0 0 0 14 0 0 0 0 0 0 0 0 0 
0 0 0 32 0 33 0 0 0 0 0 0 0 0 40 0 0 0 39 0 0 0 0 0 0 0 22 0 0 0 48 0 0 0 0 0 0 0 0 0 26 0 6 0 0 0 0 0 7 
15 0 0 0 0 0 0 0 0 0 0 0 42 0 0 0 0 21 0 16 17 0 0 0 0 0 1 0 0 0 0 0 0 0 0 0 8 0 0 0 0 0 0 0 0 33 0 0 0 
0 0 47 0 1 0 0 28 26 0 0 0 0 0 0 8 0 0 0 0 0 0 35 32 0 0 0 0 0 0 15 14 0 0 0 39 45 0 0 0 0 0 22 18 0 0 0 0 0 
0 0 0 0 0 0 0 0 0 0 0 24 0 0 0 1 0 0 48 0 0 0 0 0 0 0 31 27 0 0 0 0 0 0 0 0 38 0 33 0 0 0 0 0 0 0 0 13 0 
0 0 0 0 0 0 0 0 0 39 41 0 0 0 21 22 24 0 0 0 19 0 0 46 2 0 0 0 25 0 0 0 0 0 30 0 10 0 0 0 7 0 36 0 0 0 0 0 0 
0 0 0 34 0 0 0 0 0 0 0 0 0 0 0 0 0 0 0 39 0 0 0 0 23 0 0 0 0 48 0 0 0 0 0 25 0 0 26 0 0 0 0 0 0 7 0 0 0 
0 0 0 0 0 0 0 0 0 46 48 0 2 0 0 0 0 0 27 0 0 0 0 0 0 0 10 0 0 0 0 0 0 33 0 0 0 13 0 0 0 0 43 39 0 0 0 41 0 
0 0 0 0 29 0 0 0 5 0 0 0 0 0 0 0 38 0 0 32 33 0 14 0 0 12 0 0 0 41 0 0 0 0 0 0 0 0 0 0 0 0 0 46 0 0 47 0 0 
0 0 0 0 0 0 4 0 0 0 34 0 37 0 0 0 0 0 0 11 0 43 0 0 0 40 45 0 0 0 0 0 0 19 0 46 0 48 0 0 0 0 0 0 0 28 0 0 0 
0 0 0 0 0 0 0 0 0 42 0 0 47 0 0 0 0 26 0 0 0 0 3 49 5 0 0 0 0 0 0 0 34 0 0 0 0 0 8 0 0 0 0 0 0 0 0 0 0 
0 0 0 0 46 0 0 0 0 0 0 0 0 0 0 0 6 0 2 0 1 0 0 28 0 0 0 0 0 0 0 0 0 0 0 0 0 37 0 0 0 39 0 14 0 0 15 16 0 
0 5 0 0 0 0 49 0 0 0 0 34 0 0 10 0 0 0 0 0 0 0 0 35 0 0 0 37 0 0 18 0 0 0 0 0 48 0 0 0 0 0 0 21 0 0 22 0 26 
13 12 0 0 0 10 0 0 0 0 0 0 40 39 0 18 0 0 0 14 0 0 0 42 47 0 0 44 0 0 25 0 0 0 26 0 0 2 0 5 0 0 0 0 34 0 0 30 0 
27 0 0 0 0 0 0 3 0 0 0 0 5 0 0 0 0 33 30 0 0 0 10 0 0 0 0 0 0 0 0 0 0 0 0 0 0 0 0 0 0 18 0 0 0 0 0 0 47 
0 0 0 0 32 0 0 0 0 7 0 13 0 0 0 0 0 0 0 0 0 0 0 0 0 0 0 0 0 0 0 0 0 0 0 0 0 0 0 0 0 25 0 49 0 0 0 0 0 
0 0 36 0 0 0 0 0 0 0 16 0 0 0 0 46 0 0 0 0 0 0 0 0 0 22 0 0 0 0 0 0 6 0 0 0 34 0 29 33 0 0 0 7 13 0 8 0 0 
0 0 0 0 0 0 0 0 0 45 0 2 0 0 0 0 0 0 0 24 0 0 0 0 8 0 0 0 0 0 0 0 0 0 0 0 0 0 11 0 0 0 0 0 0 0 0 0 0 
9 0 0 0 0 0 3 0 32 0 0 0 0 35 0 0 16 0 0 0 0 0 0 0 0 0 0 0 0 0 0 0 23 18 22 0 0 0 46 1 0 0 28 0 0 27 0 0 29 
0 1 0 47 0 48 0 0 25 0 0 0 29 0 0 7 0 0 0 3 0 35 0 0 0 0 0 0 10 0 0 0 0 0 0 38 0 0 0 0 0 0 21 0 0 0 0 0 0 
0 0 0 0 28 0 0 0 0 3 0 0 0 0 34 0 0 0 0 0 0 0 0 0 0 0 0 0 0 0 0 0 0 0 0 0 23 0 0 0 20 0 0 45 0 0 46 0 0 
0 43 0 0 0 0 38 0 0 17 0 0 0 0 0 0 0 0 0 45 0 28 0 24 0 0 0 0 0 0 7 0 9 0 8 0 0 0 0 0 34 35 0 0 0 0 0 0 0 
0 36 0 0 0 0 31 0 0 0 0 0 0 0 0 42 0 0 40 0 0 21 0 0 0 0 0 0 0 0 0 0 0 46 1 0 0 0 0 0 0 28 7 0 0 0 4 0 0 
0 0 11 0 14 0 0 0 39 0 0 44 0 42 20 0 0 0 0 0 0 0 0 0 0 0 2 0 24 0 28 0 0 0 29 0 0 0 4 0 6 7 0 31 0 0 0 0 0 
0 0 0 0 0 0 20 0 49 0 0 5 0 0 30 31 33 32 0 0 0 0 0 0 0 7 0 0 34 0 0 0 40 0 0 0 0 15 0 0 16 0 0 0 47 0 0 0 0 
40 0 0 0 0 0 34 0 0 0 0 0 0 0 0 0 0 0 0 0 0 24 0 0 0 21 0 0 0 0 0 0 0 0 0 0 33 0 28 0 0 31 0 0 0 0 0 8 0 
0 0 0 0 0 0 0 0 0 0 0 0 0 0 9 10 12 11 0 0 0 0 0 0 39 0 0 0 0 0 17 0 0 0 0 0 0 0 0 0 0 45 24 0 0 0 0 0 0 
33 0 0 0 0 0 0 0 0 0 8 0 0 0 0 0 0 0 0 0 0 0 16 0 0 0 0 0 0 0 0 0 0 0 0 0 0 0 21 25 0 0 0 0 5 0 49 0 4 
0 0 0 0 0 0 0 0 21 20 0 0 0 24 0 0 0 4 0 0 0 0 0 0 0 0 0 29 6 0 10 9 0 0 0 34 0 0 0 0 0 0 0 0 19 0 0 0 0 
19 0 0 15 0 0 0 0 0 41 0 0 0 45 0 0 26 0 0 0 21 0 0 0 0 0 0 0 0 0 0 30 0 28 32 6 0 8 0 0 0 0 0 0 40 0 0 0 0 
0 0 0 0 0 0 6 0 35 34 36 0 39 0 16 0 0 0 0 0 0 0 0 0 0 42 0 0 0 0 0 0 26 0 0 48 0 0 0 0 0 3 0 0 0 0 28 29 0 
49 0 0 45 0 0 0 25 0 22 0 0 0 26 4 5 0 6 0 0 0 0 0 0 0 0 0 0 0 0 0 0 0 0 0 0 0 0 0 0 0 40 0 0 21 0 0 17 0 
0 0 30 0 0 32 0 0 0 8 0 14 13 0 0 0 0 0 0 0 0 0 18 15 0 16 0 17 43 45 0 0 0 0 48 0 28 0 0 0 25 0 0 0 0 0 0 0 0 
0 0 0 0 0 0 0 0 0 29 0 0 0 0 0 0 0 13 0 0 0 0 0 0 41 0 0 38 0 17 0 0 0 0 0 0 0 45 0 0 0 0 0 22 0 0 0 24 27 
0 0 37 38 40 0 0 0 16 0 0 0 0 0 0 47 49 0 0 0 0 0 0 22 0 0 0 0 0 0 0 0 0 0 0 29 35 0 30 0 0 0 12 0 0 11 9 10 0 
0 0 0 0 0 0 0 39 0 0 38 42 0 0 0 0 0 0 17 0 0 0 0 0 0 0 0 0 0 0 0 0 0 0 0 0 0 3 0 0 0 5 0 29 35 32 30 0 34 
0 0 0 0 0 0 22 0 2 0 0 0 0 0 0 0 0 0 31 0 0 0 0 0 0 0 0 0 0 0 40 0 42 0 0 0 0 0 0 0 0 0 0 43 0 46 0 0 0 
21 0 0 17 0 0 15 0 0 0 45 0 0 0 0 0 0 0 0 22 0 5 0 0 0 0 0 0 0 0 33 0 0 0 0 0 0 0 9 0 0 0 0 0 42 0 0 0 0 
