7
15 0 0 0 0 14 0 9 0 0 0 0 0 0 0 30 29 27 0 0 0 0 38 0 0 0 0 35 1 0 0 0 48 0 0 0 0 43 0 0 0 0 0 0 0 0 0 0 24 
0 0 45 0 0 0 44 0 0 0 36 0 0 0 0 9 0 0 7 0 0 15 0 0 13 0 16 14 0 0 0 32 0 0 30 0 0 0 0 0 0 0 0 0 0 0 0 0 0 
0 0 0 0 26 0 30 0 19 0 0 0 0 0 0 44 0 41 0 0 0 0 3 0 0 47 0 49 0 0 0 0 0 0 0 0 10 0 6 11 0 0 39 0 0 0 34 0 0 
0 0 0 4 0 0 2 0 0 0 0 0 42 41 12 16 0 0 14 0 0 0 0 0 0 0 0 0 0 0 0 0 0 0 0 0 0 0 0 32 0 30 0 0 0 9 0 0 0 
36 34 0 0 0 0 0 30 26 0 0 0 0 0 47 0 0 48 0 0 4 0 0 0 0 0 0 7 22 0 0 0 0 0 0 0 0 15 0 0 0 16 0 0 43 0 0 0 0 
8 0 0 0 0 0 9 2 0 0 0 0 0 0 0 0 0 0 0 0 25 0 31 32 0 0 0 0 43 0 0 0 0 42 0 33 0 36 0 0 35 0 0 12 0 0 0 14 0 
22 0 0 0 19 0 0 16 0 0 0 0 0 0 0 0 0 0 35 0 39 0 45 0 0 0 0 42 0 5 0 0 0 0 0 47 0 0 0 0 49 0 0 0 29 30 27 0 0 
0 0 0 0 0 0 0 18 0 20 0 19 0 15 0 0 0 0 37 0 0 0 0 0 0 42 0 0 0 0 0 0 0 9 0 0 0 0 0 0 2 0 0 28 0 0 0 30 33 
31 0 0 0 28 0 0 25 0 0 0 0 0 0 42 46 0 0 44 0 0 0 0 6 0 0 0 0 0 0 0 0 0 0 0 7 0 0 0 0 0 0 0 0 0 0 0 37 40 
45 0 0 0 0 0 0 0 0 0 0 0 0 0 0 0 0 0 0 0 13 0 0 0 0 0 0 0 0 28 33 0 29 0 0 21 0 0 0 0 0 0 0 0 0 0 0 0 0 
0 0 0 41 0 37 0 0 0 0 31 0 0 0 0 0 3 0 2 0 0 0 0 13 0 0 0 0 0 0 0 0 22 0 0 0 0 17 15 0 0 18 0 0 0 0 43 44 0 
0 0 5 6 49 0 0 0 0 48 0 47 0 43 0 0 0 15 0 0 0 0 0 0 0 0 0 23 38 35 0 0 0 0 0 0 0 0 29 0 30 0 13 0 0 0 8 9 0 
10 0 0 0 0 0 0 0 49 0 0 0 0 0 0 25 24 22 0 0 0 0 0 0 0 0 0 0 0 0 0 0 0 0 0 0 0 38 36 41 0 0 20 0 0 0 0 0 0 
0 0 0 0 14 0 0 0 0 0 10 0 0 0 0 0 0 0 0 0 0 0 0 0 36 0 0 0 0 0 0 0 1 0 0 0 47 0 43 48 44 0 0 21 0 0 22 0 0 
0 0 0 0 0 0 0 0 0 0 0 0 0 0 0 0 0 0 45 0 0 0 0 0 0 0 0 0 18 0 20 21 0 0 0 0 0 0 0 14 10 0 0 0 0 0 0 38 0 
0 0 0 0 0 0 0 0 0 7 0 0 0 0 0 0 0 23 24 27 0 0 0 0 0 29 0 0 0 0 0 0 0 0 0 0 0 0 37 0 0 0 0 0 0 19 0 0 20 
0 0 0 0 43 0 0 40 0 0 0 0 0 0 0 0 0 0 0 0 0 0 0 0 0 0 0 0 0 0 0 35 30 0 0 22 0 0 0 0 0 0 0 0 0 0 0 0 6 
4 0 0 0 0 0 0 0 43 0 0 48 0 0 0 0 0 16 0 0 0 0 0 0 0 0 26 0 0 0 0 0 0 0 0 0 34 0 0 0 0 0 0 0 0 12 9 0 0 
18 0 0 0 0 0 0 0 0 0 0 0 10 0 0 0 0 30 0 34 0 0 0 0 0 0 40 0 0 0 6 0 0 0 0 0 48 0 0 0 0 0 0 0 25 26 0 0 0 
0 0 0 0 22 24 0 0 0 0 0 0 0 0 0 0 0 0 0 0 0 0 0 49 44 43 0 45 0 0 13 14 9 0 0 0 0 0 0 0 3 0 0 0 0 0 0 0 0 
39 0 0 42 36 0 0 0 0 35 0 0 0 30 0 5 0 2 3 6 0 11 0 14 0 0 0 0 0 0 0 0 0 0 0 15 0 0 16 0 0 0 0 43 0 0 0 45 0 
0 0 0 0 0 0 0 0 0 3 0 2 0 0 0 0 0 0 0 23 0 28 0 0 0 0 0 27 0 0 0 0 40 0 43 0 0 0 0 0 34 0 0 0 14 0 12 0 0 
42 0 0 0 0 0 0 0 0 38 35 0 0 33 0 8 0 0 0 9 0 0 0 0 0 11 0 0 0 0 30 0 0 0 29 18 0 21 0 0 0 0 0 0 0 0 0 0 0 
0 33 0 0 0 0 0 0 0 0 28 0 0 0 0 0 49 0 0 2 0 0 9 0 0 0 8 0 0 0 0 0 0 0 0 0 0 0 0 0 0 0 0 0 42 43 0 0 0 
0 0 0 24 0 0 0 0 0 0 0 0 0 0 0 0 0 0 0 37 0 0 0 45 0 0 0 0 7 0 0 10 0 0 0 0 0 49 0 0 0 0 0 0 28 0 0 0 0 
0 12 16 0 0 13 0 0 0 0 0 0 0 0 0 0 28 0 0 0 0 35 0 0 0 0 0 0 0 0 0 0 0 0 0 0 44 42 0 0 41 0 0 0 0 0 0 0 0 
0 0 0 0 0 48 0 0 39 45 0 0 0 0 11 0 0 0 0 0 0 0 0 0 0 18 0 0 0 0 37 38 33 0 0 0 0 28 0 0 0 0 0 0 0 0 0 0 0 
28 0 0 0 0 0 29 22 0 0 21 0 0 0 0 0 0 0 41 0 0 0 0 0 0 0 0 0 0 0 0 0 0 0 0 0 0 0 5 0 0 8 0 0 0 0 33 0 0 
0 32 0 0 0 0 0 0 0 0 27 29 26 25 0 0 0 0 0 1 0 0 0 0 0 3 0 0 0 0 0 0 18 19 0 0 0 0 0 0 0 0 0 0 41 0 0 40 43 
0 0 0 0 0 0 0 42 0 0 0 0 0 0 0 0 0 0 0 0 0 0 0 0 18 0 0 0 0 31 0 0 0 0 35 0 0 0 0 0 0 0 9 0 0 0 0 5 8 
0 0 0 0 0 0 0 0 10 16 0 0 0 0 31 0 0 0 0 0 37 41 0 0 0 0 0 0 0 0 0 0 0 0 0 0 0 0 0 0 0 0 0 0 27 0 0 0 0 
41 0 0 0 0 0 0 0 0 0 0 0 0 32 0 7 0 0 0 0 0 0 0 16 0 0 0 12 0 0 0 30 0 0 0 17 0 0 18 23 0 0 0 0 0 0 0 47 1 
0 0 0 0 10 0 0 0 3 9 0 0 0 0 0 28 0 0 26 0 0 0 36 0 0 0 0 0 0 0 0 0 0 0 0 0 0 0 39 0 0 42 23 0 20 0 0 0 0 
0 0 0 0 24 26 0 0 0 0 0 22 0 18 0 0 0 0 0 0 0 48 0 0 46 0 0 0 0 0 0 0 0 12 14 0 0 0 0 0 0 0 0 0 0 0 0 0 0 
0 0 0 0 0 0 0 0 0 2 0 0 47 0 0 21 0 0 0 0 0 0 29 0 25 0 0 26 0 0 0 0 39 0 0 31 0 0 0 0 0 35 0 0 13 0 0 12 15 
26 0 0 29 0 0 0 0 16 0 0 0 0 0 0 0 40 0 0 0 0 0 0 0 45 0 48 0 0 0 0 0 0 0 0 0 0 0 0 0 0 6 36 0 0 0 31 0 0 
0 0 0 0 0 0 0 34 30 0 0 0 0 0 0 0 0 0 0 0 0 12 0 0 0 9 0 0 0 23 0 0 24 0 0 0 0 0 17 0 0 0 0 0 0 0 0 0 0 
0 0 0 0 0 0 0 0 9 0 0 0 0 0 0 0 0 0 0 0 0 0 0 0 0 0 41 0 0 2 0 0 0 0 6 0 0 47 0 0 46 0 29 23 0 0 0 0 28 
0 0 0 8 0 0 0 0 44 0 0 0 0 0 0 0 0 0 0 0 22 0 0 29 0 0 0 0 0 0 0 0 0 0 0 0 0 0 0 0 0 0 0 0 0 0 0 11 0 
0 0 0 0 0 46 48 0 0 43 0 0 0 38 0 0 0 0 0 0 0 0 0 0 0 0 0 0 0 0 0 0 0 0 34 0 0 26 0 0 0 0 0 0 0 0 0 0 7 
12 0 0 0 0 11 0 0 0 0 0 7 0 0 23 0 0 0 0 0 0 0 0 0 0 0 0 0 0 0 49 0 0 0 48 0 0 0 0 0 0 0 0 0 19 0 0 0 0 
0 0 0 0 0 0 0 27 0 0 0 0 0 0 0 48 0 0 0 0 0 0 0 0 3 0 0 0 0 0 0 0 0 18 0 0 14 0 0 0 0 0 43 0 0 0 0 0 0 
9 0 11 0 6 8 0 0 0 0 0 0 0 49 20 0 23 0 0 25 0 0 0 0 0 0 0 0 0 0 0 0 0 0 0 0 0 37 35 0 0 38 0 13 0 0 0 0 0 
0 0 0 0 0 15 0 0 0 0 0 0 0 0 0 0 0 0 29 0 0 0 0 40 35 34 0 36 0 0 0 5 49 0 0 0 0 0 0 0 0 0 0 0 0 0 0 22 0 
0 0 0 47 0 0 0 38 0 0 37 0 0 0 0 10 0 0 8 0 0 0 0 0 0 13 0 15 0 27 0 0 0 0 0 0 0 0 0 0 22 0 0 0 0 0 0 0 0 
0 0 32 0 0 0 0 0 20 26 23 0 22 21 0 0 0 42 43 46 0 0 0 0 0 0 0 0 0 0 0 0 0 0 0 0 0 0 0 0 0 0 0 0 37 0 0 36 39 
37 0 39 40 0 0 38 0 27 0 30 0 29 0 0 0 0 0 0 0 0 0 11 0 0 0 0 0 0 0 0 0 0 22 0 0 0 0 14 0 0 0 47 41 44 0 0 0 0 
23 0 0 0 20 0 0 17 13 19 0 0 0 0 0 0 0 35 0 0 0 44 0 0 0 0 0 0 0 0 0 0 0 0 0 48 4 0 49 0 0 0 0 0 0 0 28 0 0 
0 0 0 0 0 1 3 45 0 0 44 0 0 0 0 0 0 0 0 0 19 0 25 0 0 0 24 0 37 0 0 0 0 0 0 0 0 0 0 33 0 0 0 0 0 0 0 0 0 
