7
0 0 0 0 0 0 0 0 0 0 0 0 0 0 0 6 0 0 0 0 0 0 0 0 0 0 31 0 0 0 0 0 0 0 0 0 0 0 20 19 0 0 0 0 0 0 0 0 40 
0 0 0 0 0 15 0 30 0 0 33 0 0 0 0 0 0 28 0 22 0 0 0 0 0 0 0 0 0 0 0 0 0 0 0 38 0 0 0 0 37 0 0 0 9 10 0 0 0 
0 0 0 0 11 8 0 0 0 0 26 0 28 0 0 0 0 0 18 0 0 0 43 49 0 0 45 0 38 0 0 42 41 0 40 0 0 0 0 0 0 0 0 0 0 0 0 0 0 
0 0 0 0 0 0 7 0 0 0 0 18 0 0 10 0 0 14 11 0 0 0 0 0 0 0 0 0 31 0 0 0 0 0 0 0 0 22 0 0 0 25 49 0 0 0 0 46 0 
0 0 0 0 39 0 0 2 0 0 0 0 0 0 45 48 0 49 0 0 0 0 0 0 0 0 0 23 17 15 0 0 0 0 0 0 0 0 0 12 0 0 0 0 0 0 29 0 33 
0 0 0 0 0 29 35 0 0 43 0 0 0 0 0 41 0 42 0 0 40 18 0 0 19 0 0 0 0 8 0 0 0 11 0 0 0 0 0 5 0 0 0 27 0 0 22 0 0 
0 0 27 0 0 0 0 0 0 36 0 0 0 0 31 34 0 0 32 0 0 0 0 0 0 0 10 9 0 0 0 0 0 0 0 0 0 0 0 0 44 0 21 0 0 0 0 18 0 
0 0 0 0 0 0 34 0 0 0 0 0 0 0 0 0 0 0 0 35 0 0 0 20 0 19 0 15 0 0 0 13 0 0 0 0 6 0 0 0 0 3 0 0 0 0 0 0 0 
0 0 0 0 0 0 0 0 0 0 0 0 0 0 9 12 0 0 0 0 0 38 0 41 0 0 0 0 0 0 0 0 0 0 32 0 0 0 26 25 0 0 48 47 0 0 0 0 0 
0 0 0 0 0 0 41 1 0 0 0 0 0 0 0 0 0 0 0 0 0 0 0 27 0 0 0 0 16 14 0 0 0 0 0 0 0 7 0 0 0 0 0 0 0 30 0 0 32 
0 0 0 43 0 0 0 8 0 0 0 10 13 0 0 0 0 0 3 49 4 31 0 0 0 0 30 0 0 0 0 0 0 0 25 0 0 0 0 0 15 0 41 40 0 0 0 0 0 
0 0 26 0 0 21 0 36 0 0 0 0 0 0 0 0 29 0 31 0 0 0 0 0 0 0 0 0 0 0 0 0 0 0 0 44 48 42 0 46 43 0 20 0 0 16 14 0 0 
0 16 0 15 0 0 0 0 33 0 0 0 0 0 0 26 0 0 24 21 0 3 0 0 0 0 0 0 0 42 0 0 0 45 0 0 0 35 0 0 0 38 13 0 0 0 7 0 0 
0 9 0 0 0 0 0 0 26 0 0 24 0 0 0 19 15 0 0 0 18 45 42 0 0 0 0 0 0 0 0 0 40 0 39 0 0 0 0 0 0 0 0 0 0 2 0 0 0 
0 0 0 0 0 0 0 0 0 0 0 23 0 22 0 0 0 19 0 0 17 0 41 0 0 0 0 0 0 0 0 0 39 0 0 0 33 27 0 0 0 0 5 0 0 0 0 0 0 
0 0 0 0 0 0 0 35 39 0 0 0 0 0 0 0 0 0 0 0 0 0 0 0 0 0 0 0 0 0 0 0 4 0 0 0 0 0 0 45 42 0 19 0 0 15 13 0 0 
0 0 0 0 0 0 0 0 0 0 0 0 0 0 0 0 0 0 0 34 38 0 13 0 0 0 0 0 0 0 0 0 0 0 0 0 5 48 0 0 0 0 26 0 0 22 0 0 0 
0 0 0 35 0 0 0 0 0 48 0 0 0 1 0 0 0 0 0 0 45 23 0 0 0 25 0 0 15 0 0 0 0 0 0 0 0 0 0 0 0 0 33 32 0 0 0 0 0 
0 0 0 0 0 41 0 0 0 6 0 0 0 0 0 0 0 5 0 0 0 0 0 0 0 0 29 0 0 0 0 0 0 0 0 0 0 0 0 17 0 0 0 0 0 0 0 0 38 
0 0 0 0 0 0 0 14 0 0 0 16 0 0 8 0 0 0 0 0 0 0 34 0 38 0 0 0 0 0 0 0 0 30 0 22 0 0 25 0 0 23 0 0 0 0 0 0 0 
0 0 0 0 0 13 0 0 0 0 0 0 33 0 22 0 0 0 0 0 0 0 0 0 0 4 0 0 0 0 0 0 0 0 0 0 40 0 39 0 0 0 0 0 0 8 0 9 0 
34 0 0 0 0 0 36 0 0 0 0 0 1 46 0 0 38 43 40 0 0 19 0 0 0 0 0 17 0 0 10 0 0 0 0 0 0 0 0 0 0 0 0 0 0 25 0 0 0 
0 0 0 0 0 16 22 31 0 0 0 0 36 0 25 0 0 0 0 0 27 0 0 0 0 0 0 0 0 44 0 0 0 0 0 0 0 0 42 0 0 0 0 0 0 11 9 0 0 
0 0 0 0 0 0 0 3 0 0 0 0 0 0 0 0 0 1 0 0 0 26 0 0 0 0 0 0 0 0 0 0 0 19 0 0 0 9 14 0 10 0 0 0 0 0 0 0 0 
0 0 28 0 0 0 0 0 0 37 41 0 0 0 0 0 0 0 33 30 0 0 0 0 0 0 0 10 0 2 0 0 0 0 0 0 0 0 0 0 0 0 0 0 0 0 16 0 20 
13 0 14 0 0 0 0 24 0 0 27 0 0 0 18 0 0 0 19 0 0 0 0 0 0 0 0 0 0 0 0 0 0 0 0 0 0 30 35 0 0 0 0 0 0 0 0 0 0 
48 0 49 0 0 0 1 0 0 0 0 12 0 0 0 0 0 0 0 0 0 0 0 0 0 0 0 0 0 0 24 0 0 0 27 0 22 0 0 0 0 0 0 0 0 0 0 0 41 
6 4 0 0 0 0 0 0 0 0 0 0 0 0 0 0 0 0 0 0 0 0 0 0 0 0 0 0 0 0 31 0 0 0 34 0 0 0 0 0 0 26 1 0 0 46 0 47 0 
0 28 0 0 29 0 0 0 0 0 44 0 46 0 0 0 34 39 0 33 0 0 0 0 0 0 0 13 0 0 6 0 10 0 0 0 0 0 0 0 0 1 0 0 20 0 0 0 0 
16 14 0 0 0 0 18 0 0 0 0 29 0 28 21 0 0 25 0 0 0 1 0 0 0 0 0 0 0 0 0 0 0 43 0 0 0 0 0 0 0 0 0 0 0 0 0 8 0 
0 0 0 0 0 0 0 0 0 0 0 22 0 0 0 0 0 18 0 0 0 0 0 46 0 0 0 0 0 0 0 0 0 36 0 0 0 0 0 0 0 0 0 0 0 0 47 0 0 
0 0 0 0 43 0 46 6 0 5 0 0 0 7 0 3 0 0 1 0 0 29 0 32 30 0 28 0 0 0 0 0 0 0 0 0 0 0 17 0 0 0 0 0 0 0 33 0 37 
0 0 0 20 0 0 25 0 0 0 0 0 39 35 0 0 0 32 0 0 0 0 5 11 0 10 0 0 0 0 0 0 0 0 0 0 0 40 0 0 0 0 0 0 0 0 0 0 0 
0 0 0 0 0 0 0 0 0 0 2 0 0 0 0 0 0 0 0 40 0 0 19 0 0 24 0 0 0 0 0 0 0 15 16 0 0 0 0 0 6 8 0 0 0 0 0 29 0 
2 0 0 0 0 0 0 13 17 0 0 15 0 0 0 0 0 0 0 0 9 0 0 0 0 0 0 34 28 0 0 32 0 0 0 21 0 0 0 23 0 0 0 0 0 0 40 0 0 
0 0 0 0 0 0 0 40 0 0 0 0 0 0 0 0 0 0 0 0 36 14 0 0 0 0 0 0 0 0 0 10 9 0 0 0 0 0 2 0 0 0 0 0 0 0 18 0 0 
0 0 0 0 49 0 0 0 0 0 0 0 0 0 0 9 0 0 7 4 0 0 0 38 0 0 34 0 27 0 0 0 0 0 0 0 0 18 0 0 0 21 0 0 40 41 0 0 43 
0 0 37 0 0 0 38 0 0 0 0 0 0 0 0 0 40 45 42 39 0 0 0 24 0 0 0 19 0 0 0 17 0 0 15 6 0 0 9 0 0 7 0 0 0 27 0 0 0 
0 0 0 0 0 4 0 0 0 0 0 0 0 0 0 0 0 17 14 0 15 0 0 0 0 0 0 0 0 32 0 0 0 0 0 0 31 0 30 0 0 0 0 0 47 0 0 0 1 
0 0 0 0 0 0 0 0 0 0 0 0 0 0 0 0 0 0 0 0 0 0 0 31 0 0 0 0 0 0 0 0 0 0 22 13 17 0 0 0 0 0 0 0 0 0 0 35 0 
15 0 16 0 14 0 0 0 0 0 0 28 31 0 0 23 0 0 21 0 0 0 0 3 0 2 0 0 41 0 0 0 0 0 0 0 0 32 0 0 0 0 0 0 0 0 0 0 0 
0 0 0 19 0 0 0 33 0 0 0 0 0 0 0 0 26 31 0 0 0 0 4 10 8 0 0 0 0 0 0 0 0 0 1 0 0 0 0 0 0 0 0 0 12 13 0 14 0 
28 0 0 25 0 0 0 39 0 0 0 0 0 0 0 36 0 37 0 0 0 13 0 0 0 0 0 11 0 0 0 0 0 6 0 0 0 0 0 49 0 0 0 0 0 0 0 20 0 
42 0 0 0 0 0 0 4 8 0 0 0 0 0 0 1 0 0 48 0 0 0 24 0 0 0 26 25 0 17 0 0 0 0 0 0 0 0 0 0 0 0 0 0 0 0 0 0 0 
0 0 0 0 0 17 0 0 36 0 0 0 0 33 0 0 0 0 0 0 0 0 0 0 0 0 0 4 0 45 0 0 0 0 0 0 0 0 0 0 0 41 0 0 11 12 0 0 0 
0 0 0 0 0 0 0 0 0 0 0 0 0 0 0 8 0 0 0 3 0 0 31 0 35 0 0 0 0 0 0 0 0 0 0 0 23 0 0 0 0 20 44 43 0 0 0 0 0 
0 0 0 0 0 0 0 0 0 17 0 0 0 0 12 15 0 16 0 0 0 0 0 0 0 0 0 39 0 0 0 0 0 0 0 26 30 0 29 0 25 0 0 1 0 47 45 0 0 
0 33 0 32 34 0 0 0 0 45 0 0 0 0 0 0 0 44 41 0 0 0 0 0 0 0 0 0 0 0 0 0 15 0 14 0 0 0 0 0 4 0 0 0 0 0 0 0 28 
14 0 0 0 0 0 0 0 0 0 0 27 30 0 19 0 0 23 0 0 0 0 0 0 0 0 47 46 0 0 0 0 43 0 0 0 0 0 0 0 0 0 0 0 0 0 0 0 0 
