7
0 0 0 0 0 31 0 0 0 0 0 0 22 19 0 0 0 0 0 0 0 0 0 0 28 30 0 0 0 15 0 0 0 0 0 40 0 39 43 0 42 0 0 9 0 0 0 8 0 
0 0 0 0 0 0 0 0 6 0 0 7 0 0 0 0 0 32 0 37 0 15 13 0 0 0 0 11 0 0 0 0 0 0 0 0 0 0 0 0 0 0 39 0 40 0 0 0 0 
0 0 0 0 0 0 0 0 0 0 30 0 0 0 0 0 0 0 0 0 0 0 34 0 0 0 0 32 0 0 0 0 0 0 0 0 0 0 0 2 0 0 0 0 0 0 0 0 0 
0 0 0 16 11 0 0 0 0 0 0 0 0 0 0 0 0 0 0 0 0 0 0 0 7 9 0 4 0 43 0 0 42 41 44 0 17 0 0 0 0 20 0 0 0 0 0 36 31 
29 0 0 0 25 0 0 0 0 0 0 14 0 0 0 41 40 0 0 0 0 0 0 19 0 0 0 0 3 0 0 0 0 0 0 0 0 0 0 0 0 0 0 0 0 48 0 0 0 
0 47 0 0 46 45 0 31 0 0 0 0 0 0 0 0 0 0 0 0 0 0 0 0 0 0 38 0 0 0 0 0 0 0 0 0 3 0 0 0 7 0 0 0 19 0 0 0 17 
0 0 0 0 0 0 0 0 0 0 44 42 0 40 0 20 0 18 0 0 17 0 48 47 0 0 45 0 0 0 0 0 35 0 0 0 0 0 0 0 14 0 0 0 0 0 0 0 0 
0 0 38 0 0 0 0 0 0 0 0 0 0 0 0 0 0 0 0 0 0 0 0 0 0 0 0 0 0 0 0 0 0 0 0 0 0 43 0 48 46 45 0 0 0 0 0 0 0 
5 0 0 0 0 49 0 0 0 0 0 0 0 0 0 0 16 15 0 0 0 0 0 0 0 0 0 0 28 0 0 0 0 0 0 0 0 0 0 0 11 0 0 27 0 0 0 0 0 
0 0 0 0 0 21 25 0 0 0 0 0 0 9 0 0 0 36 0 0 0 0 0 0 0 0 14 0 49 5 0 0 0 3 6 0 28 29 0 0 0 0 0 0 0 0 46 0 0 
0 0 0 0 29 0 0 14 0 0 0 0 0 0 0 0 0 0 0 0 0 0 0 0 0 0 0 0 0 12 0 0 0 0 0 0 0 0 0 0 0 38 0 0 2 0 0 0 49 
0 0 0 0 0 0 11 0 0 43 48 0 0 0 0 0 0 0 25 0 0 0 0 2 0 0 0 0 0 0 0 36 0 0 0 0 0 0 0 20 0 0 29 34 0 0 0 0 0 
0 0 0 0 0 0 0 0 0 0 0 0 0 0 0 0 0 29 0 0 28 0 0 0 0 0 0 0 42 0 0 0 46 0 0 0 21 0 0 0 0 0 0 0 0 0 0 0 0 
47 0 0 0 0 0 0 0 0 0 0 0 0 0 0 0 0 0 0 0 0 0 0 0 39 0 0 36 0 26 0 0 25 0 0 2 0 0 0 6 0 0 0 0 16 0 0 19 0 
0 0 0 0 0 0 23 0 0 0 11 0 0 0 0 0 35 34 0 0 0 0 0 0 0 18 0 0 0 3 49 0 0 0 0 0 26 0 0 32 0 0 0 46 0 0 0 0 0 
0 42 0 0 0 0 0 0 0 27 0 0 0 0 0 0 0 6 9 0 5 0 0 0 37 0 0 0 0 0 0 0 23 0 0 0 0 48 0 4 0 1 0 0 0 0 0 0 0 
0 28 29 0 27 0 0 0 15 0 0 16 0 0 0 0 42 0 0 46 0 0 0 0 0 0 0 0 0 10 0 0 0 8 11 0 0 0 0 0 37 36 0 0 0 0 0 0 0 
0 0 0 0 13 0 0 0 0 0 4 2 3 0 31 0 0 0 0 0 0 0 8 0 0 11 0 0 0 45 42 41 0 0 0 0 19 20 0 25 0 0 0 0 0 0 0 0 0 
0 0 0 0 0 0 0 0 0 0 0 0 0 42 24 0 0 0 23 0 0 0 1 0 0 0 47 0 0 38 0 0 0 0 0 14 0 13 0 0 0 0 0 0 28 0 30 31 26 
0 0 0 0 0 0 0 0 0 0 0 0 38 35 17 0 0 0 0 0 0 0 0 0 0 0 0 0 0 0 0 0 0 0 0 0 0 0 0 0 0 0 0 0 0 22 0 0 0 
0 0 0 0 0 0 0 0 0 0 0 0 0 0 0 0 0 0 0 0 0 31 29 0 0 0 0 0 12 0 0 0 16 0 0 0 0 0 0 0 44 0 0 0 0 0 0 0 5 
0 0 0 0 0 0 0 44 0 45 1 0 0 0 0 0 0 0 0 0 0 0 5 4 0 0 2 0 0 0 0 0 0 0 0 0 0 0 21 0 0 0 0 36 0 0 0 0 0 
0 0 26 0 0 0 27 9 0 0 15 0 0 0 0 40 0 0 0 0 0 0 0 0 0 22 0 0 0 0 0 0 0 0 0 32 0 0 0 0 0 0 45 0 0 47 0 49 0 
0 0 0 0 0 2 6 0 0 38 0 0 0 0 0 0 0 0 0 0 16 0 0 0 0 0 0 0 0 0 0 0 34 33 0 0 0 10 14 0 0 12 0 29 0 0 0 0 0 
0 0 0 22 0 0 0 0 0 3 0 6 0 4 35 33 0 31 0 36 30 14 0 11 13 0 0 0 44 0 0 45 48 0 1 0 0 24 0 0 0 0 0 0 0 0 0 0 0 
0 32 0 0 0 0 0 0 19 17 0 0 21 18 0 0 0 0 0 0 0 0 0 0 0 0 0 0 0 14 0 0 0 0 0 39 37 0 0 43 0 0 0 0 0 0 0 0 2 
0 0 0 0 45 0 0 0 0 0 0 0 0 0 14 0 11 0 0 0 9 0 0 0 0 0 37 0 23 0 0 24 0 0 29 0 0 0 0 0 0 5 0 22 0 0 0 21 0 
0 0 0 0 0 0 0 0 0 0 29 0 0 0 0 5 0 0 0 0 0 0 0 0 34 0 0 31 0 21 0 0 0 19 0 0 44 45 0 0 48 0 0 0 0 12 0 0 9 
0 0 0 0 42 0 0 27 0 0 33 31 0 0 0 0 0 0 0 0 0 39 0 0 0 0 0 0 0 25 0 21 0 0 26 1 0 0 0 0 3 0 0 19 0 0 0 0 0 
0 0 0 0 28 0 0 13 0 0 0 0 0 0 0 0 0 0 0 0 0 0 0 0 0 0 0 0 0 11 0 0 10 0 0 0 0 0 0 40 0 37 0 0 0 0 0 0 0 
0 0 2 0 0 0 0 0 0 0 40 38 39 0 0 0 15 0 0 0 0 0 0 43 0 47 41 0 27 0 0 0 0 30 0 0 0 0 0 0 10 9 21 0 22 0 0 0 20 
0 0 0 12 0 6 0 41 0 0 0 45 0 43 0 0 22 0 24 0 20 0 0 0 0 0 48 0 0 0 0 0 0 37 0 0 0 0 0 0 0 0 0 0 0 30 0 32 0 
0 0 0 0 0 34 38 0 0 0 0 0 25 0 0 0 1 0 3 0 48 0 0 0 0 33 0 0 0 0 0 0 0 16 19 0 41 0 0 0 0 0 0 12 0 0 10 0 0 
0 0 0 0 0 0 0 6 0 0 0 10 0 8 0 0 0 0 0 0 0 0 16 0 0 0 0 0 0 0 0 0 0 0 0 0 0 0 0 33 0 0 0 47 43 0 0 0 0 
0 0 0 19 0 0 17 0 0 0 0 0 0 0 0 0 0 28 0 0 0 11 0 0 10 0 0 0 0 0 0 0 0 0 0 22 0 0 0 26 0 0 0 0 0 0 0 0 0 
0 34 0 0 0 32 0 18 0 0 0 0 0 0 2 0 0 0 0 3 0 0 0 0 0 0 0 0 0 0 0 0 0 14 0 0 0 0 0 0 0 0 5 0 6 0 0 0 0 
0 0 0 0 5 0 0 39 0 0 0 0 0 41 23 0 0 0 0 0 0 2 49 0 0 0 0 0 0 37 0 33 0 35 0 0 0 0 0 0 0 0 26 0 0 0 0 0 0 
0 0 0 0 26 0 0 0 0 0 0 0 0 0 0 0 0 0 0 45 0 0 0 20 0 0 18 0 4 0 0 0 8 0 0 34 0 0 0 0 0 0 0 0 48 0 0 0 46 
0 0 0 0 0 0 0 32 0 0 0 0 0 0 0 14 0 0 0 0 11 0 0 0 0 0 0 0 0 0 0 26 0 0 0 0 0 0 0 0 0 7 0 0 0 0 0 23 18 
0 0 42 45 40 0 0 25 0 0 0 29 0 0 0 0 0 0 0 0 0 0 0 0 0 0 0 33 0 23 0 0 22 0 0 48 0 0 2 0 0 0 12 0 0 0 0 0 0 
0 0 0 0 0 0 0 46 0 0 0 0 0 48 30 0 0 0 0 0 0 9 0 0 8 0 4 0 0 0 0 0 0 0 0 20 18 19 0 0 22 0 0 0 34 0 36 0 32 
0 20 0 24 0 0 0 0 0 5 0 0 0 0 0 0 0 0 36 0 32 16 0 0 0 0 0 12 0 0 48 0 0 49 0 0 0 0 0 0 0 0 0 0 0 0 0 0 0 
0 0 0 0 0 0 0 0 0 0 0 19 0 17 0 0 45 0 0 0 0 0 0 0 0 0 22 0 0 0 0 0 0 11 0 0 0 0 0 0 0 0 0 0 3 0 0 0 0 
13 10 0 0 0 0 0 0 0 0 0 0 0 0 0 25 0 23 0 0 0 6 0 0 0 0 0 0 0 0 0 0 0 0 0 0 15 0 0 21 0 0 0 0 0 0 0 0 0 
0 0 0 0 0 0 0 1 4 2 0 0 0 3 0 32 0 0 33 0 0 0 11 0 0 14 0 0 0 0 0 0 47 46 0 24 0 0 0 0 0 25 0 42 0 0 0 0 0 
6 0 0 0 2 1 0 36 0 0 0 0 41 38 20 0 0 0 0 0 0 0 0 0 47 0 0 0 0 0 0 0 0 0 35 10 0 0 0 0 0 0 0 0 24 0 26 0 22 
27 0 0 0 0 0 0 8 0 0 0 0 0 0 0 0 0 37 0 0 0 0 0 0 0 0 0 16 0 0 3 0 0 0 0 0 0 0 0 0 33 0 0 0 0 46 0 48 0 
0 0 39 0 0 0 0 22 0 0 0 0 0 0 0 0 0 0 0 7 0 34 0 0 0 0 29 30 0 0 0 0 0 0 0 0 0 0 0 49 0 0 9 0 0 0 0 0 0 
0 0 0 49 0 0 0 0 0 0 0 33 0 31 0 11 10 0 0 0 0 0 0 38 0 42 0 0 0 0 24 0 0 25 28 0 0 0 0 0 0 0 16 0 0 0 0 0 0 
