7
0 0 0 0 0 0 39 0 0 0 0 0 0 0 49 45 0 0 44 46 0 0 11 0 0 0 0 0 2 3 5 0 0 0 0 0 0 24 0 0 28 0 0 0 0 29 0 0 0 
0 0 0 0 0 17 0 0 43 0 0 0 0 0 0 0 0 27 23 0 22 0 0 0 0 0 0 0 0 0 0 35 0 0 0 0 0 3 0 0 0 0 0 0 14 0 0 0 0 
0 0 0 0 0 0 0 0 0 0 27 28 0 0 7 0 5 6 2 4 0 0 0 20 0 15 0 17 0 10 12 0 8 13 0 0 0 0 0 0 0 0 38 0 0 0 0 0 0 
0 0 0 0 0 0 0 0 0 0 0 0 0 0 21 0 0 0 0 0 0 33 0 0 0 0 0 0 0 0 0 0 0 0 25 0 48 0 0 44 0 0 0 0 0 0 6 5 0 
0 0 0 0 0 0 0 0 0 0 34 0 0 0 0 0 0 13 9 0 0 0 0 0 0 0 0 0 0 0 0 0 0 0 18 0 0 38 0 0 42 39 0 0 0 0 0 0 0 
0 0 0 0 0 0 0 0 0 0 6 0 0 0 0 0 33 0 0 0 29 0 0 0 44 0 0 0 0 0 0 0 0 0 39 8 0 0 0 0 0 0 17 0 21 0 0 0 0 
0 0 0 0 0 0 0 0 0 11 0 0 0 0 0 0 40 0 0 39 0 0 0 0 0 0 0 0 0 0 47 0 0 0 46 15 0 0 0 0 0 0 0 23 0 22 0 0 0 
0 0 0 38 0 0 0 0 0 0 17 0 0 16 0 0 0 0 0 0 0 0 0 0 0 0 0 7 0 49 0 4 0 3 1 0 0 21 0 0 0 0 0 0 0 0 0 30 29 
20 0 0 0 19 0 0 49 0 0 0 0 0 0 0 0 0 31 0 0 0 0 0 0 0 0 0 0 0 0 0 39 0 38 0 0 0 7 0 0 0 8 0 0 0 0 0 0 0 
0 9 0 0 0 7 0 0 33 0 0 0 0 0 0 0 0 0 0 0 0 0 0 0 0 0 32 0 0 0 0 0 19 0 0 0 45 0 0 41 0 43 0 0 0 0 0 0 0 
27 0 0 0 0 0 0 7 0 0 0 0 0 0 0 0 37 0 0 36 0 0 1 3 0 0 0 0 0 0 0 0 0 45 0 12 17 0 16 0 0 0 0 0 0 0 0 0 0 
0 44 0 0 0 0 0 0 0 0 24 0 0 0 4 0 0 3 48 0 0 0 0 0 0 0 0 0 0 0 0 0 0 0 0 0 0 0 0 0 0 0 35 0 0 33 0 0 0 
0 0 0 3 0 0 0 0 0 0 0 32 0 0 0 7 0 0 0 0 0 0 0 0 0 0 0 0 13 0 0 0 0 0 15 33 0 35 0 0 0 36 0 0 0 40 0 0 43 
0 16 0 0 0 0 0 0 0 0 0 46 41 44 0 21 0 0 0 0 0 0 0 0 0 0 39 0 27 0 0 0 0 0 29 0 0 0 0 48 4 0 0 0 0 5 10 0 0 
0 22 0 0 0 20 0 48 0 0 0 0 0 0 31 0 0 0 0 0 0 0 0 0 0 0 0 0 0 0 36 0 0 0 0 0 0 0 0 0 0 0 13 0 0 0 0 0 0 
47 0 0 0 0 0 0 0 25 0 0 31 26 0 0 0 0 9 0 0 0 0 0 0 0 0 0 0 0 13 15 0 0 0 0 32 37 0 0 0 0 0 0 40 0 0 0 0 0 
0 0 0 0 4 0 0 0 0 0 0 0 0 0 0 0 15 0 0 0 11 0 0 0 0 25 31 0 0 0 0 0 18 0 0 0 44 41 0 0 45 0 0 0 0 0 0 0 49 
0 0 0 0 0 27 28 0 0 0 9 0 0 0 38 34 0 0 0 0 32 0 0 0 0 0 0 0 0 0 0 45 0 44 42 11 0 0 0 0 0 0 0 0 0 0 0 22 0 
0 0 0 0 0 34 0 0 0 0 0 17 0 0 0 41 0 0 0 0 0 8 7 0 0 0 10 6 47 0 0 0 0 0 0 18 0 0 0 0 0 21 0 0 0 0 0 0 0 
0 0 0 0 0 0 0 0 0 21 0 0 0 0 0 0 0 0 0 0 46 0 0 0 12 11 0 0 0 0 0 0 0 0 0 0 0 27 0 0 0 28 0 0 0 0 0 0 0 
0 0 0 16 0 0 0 0 0 0 0 0 0 43 24 0 22 0 0 0 0 0 0 37 33 0 0 0 0 27 0 31 0 30 0 0 0 0 0 0 0 0 0 0 0 0 0 0 0 
0 0 0 0 0 0 0 37 0 0 0 0 0 0 0 0 0 0 0 0 0 0 0 0 0 0 0 0 0 0 0 0 21 0 0 0 0 44 0 43 0 45 0 0 0 0 0 0 3 
22 0 0 0 0 0 24 0 0 0 0 0 0 0 0 0 0 0 0 31 0 0 0 0 0 0 0 0 0 0 0 41 0 0 0 0 0 0 0 8 0 0 0 0 0 14 0 18 0 
0 0 34 33 0 0 0 0 0 10 0 0 0 0 0 0 0 0 36 0 35 0 0 0 0 0 0 0 0 0 0 0 0 0 0 0 0 0 0 0 0 0 23 0 0 0 26 0 0 
0 39 41 0 0 0 0 0 0 0 0 20 0 0 0 0 0 0 0 0 0 0 0 0 8 0 0 0 1 0 0 0 0 0 0 0 26 0 0 0 0 24 0 0 0 0 0 0 0 
0 4 0 0 0 2 0 30 28 0 0 0 0 0 0 0 0 0 8 0 7 0 24 26 0 0 27 0 0 0 0 0 0 0 0 35 40 37 0 0 0 0 0 43 48 0 0 0 0 
0 0 0 0 0 16 0 0 0 0 0 0 0 0 0 0 0 0 0 24 21 0 0 40 0 35 0 0 0 0 0 0 0 0 0 0 0 0 0 0 6 0 0 0 0 0 12 0 0 
0 0 0 47 0 0 0 23 0 0 0 0 22 25 0 0 0 0 0 0 0 0 0 0 15 14 0 0 0 0 0 13 0 12 10 0 0 0 0 0 34 31 0 0 0 35 40 0 0 
0 0 37 0 0 0 0 0 10 0 0 0 0 0 44 0 42 0 0 0 0 0 6 0 4 0 0 0 0 0 0 2 0 1 0 0 22 0 21 0 0 0 0 0 0 0 0 0 27 
0 0 0 43 0 0 0 0 17 0 0 0 18 0 0 0 0 0 0 0 0 0 13 0 11 0 0 0 0 0 0 0 0 8 6 0 0 0 0 0 0 27 0 0 0 0 0 0 0 
0 0 16 0 10 0 0 0 0 0 0 0 0 42 23 0 0 0 0 0 0 35 0 0 32 0 0 33 0 0 28 0 0 0 27 0 0 0 0 0 2 0 0 0 0 0 0 0 6 
0 0 0 0 0 0 0 0 0 0 0 0 0 0 30 26 28 0 0 0 0 0 0 0 0 38 0 40 32 0 35 0 0 0 0 3 8 0 0 0 0 0 0 0 16 0 0 0 0 
0 7 0 8 0 0 0 0 0 0 0 37 0 35 0 0 0 0 0 0 0 0 0 0 0 24 0 0 0 0 0 23 0 0 0 38 43 0 0 39 0 0 0 0 0 0 0 0 0 
0 49 0 0 0 0 48 26 0 0 0 0 0 28 0 0 0 8 0 0 0 0 0 0 0 0 0 19 0 0 0 0 0 0 0 0 0 0 0 0 0 0 0 0 0 0 43 0 0 
0 0 30 0 0 0 0 0 0 0 0 0 0 7 37 33 0 0 32 0 0 0 0 1 0 0 0 0 0 40 42 0 0 43 41 0 0 0 14 0 0 0 0 0 0 17 22 21 0 
0 0 0 39 0 0 0 0 13 16 0 0 0 0 0 0 0 0 0 44 41 0 0 0 0 0 0 0 0 1 0 5 0 0 2 0 0 22 24 0 0 23 0 28 0 0 0 0 0 
49 0 0 0 0 0 2 0 27 0 0 0 0 0 12 0 0 0 0 0 0 0 0 0 0 0 0 0 14 15 17 19 0 0 0 34 0 0 0 0 0 0 0 0 0 41 46 45 44 
0 0 0 0 0 0 9 0 0 0 0 0 35 0 0 0 0 0 14 16 0 0 0 0 0 0 0 0 0 0 0 0 20 0 23 0 0 0 45 42 0 0 0 49 5 48 0 3 2 
0 0 0 0 0 0 0 0 41 0 46 0 0 0 0 22 0 0 0 23 20 0 0 0 35 34 0 0 0 0 0 0 0 0 0 48 0 0 0 0 0 0 0 0 12 0 0 10 0 
0 0 0 0 0 0 0 0 0 0 0 0 7 10 0 0 0 0 0 0 0 0 0 0 0 0 0 0 0 43 0 0 0 0 0 0 0 0 0 0 0 16 22 21 0 0 0 0 0 
21 24 0 0 0 0 0 1 48 0 0 0 49 0 0 0 0 0 28 0 0 0 44 0 0 0 47 0 0 0 0 40 0 0 37 6 0 0 0 0 12 0 0 0 0 0 0 17 0 
0 0 47 0 0 43 0 0 0 23 0 26 0 24 0 0 0 0 0 0 48 0 0 0 0 0 0 0 0 0 0 0 0 11 0 0 0 0 0 0 0 30 0 0 0 0 0 0 0 
24 0 0 0 23 0 26 4 0 5 7 0 0 6 0 0 0 0 0 0 0 0 0 0 0 0 0 0 0 0 41 0 37 0 0 0 14 0 0 10 0 0 0 0 0 0 0 0 0 
3 6 0 0 0 0 5 0 0 0 0 0 31 34 0 0 0 0 0 12 9 0 0 0 0 23 0 0 17 0 20 0 0 0 0 0 0 39 0 0 0 0 0 0 0 0 0 0 0 
31 34 0 35 0 0 0 0 9 12 14 15 0 0 0 0 0 0 0 0 0 0 0 0 3 0 0 0 0 0 0 0 44 49 0 16 0 0 20 17 0 0 25 0 0 0 0 0 26 
0 0 0 0 0 0 0 0 0 0 0 0 0 41 22 0 0 21 17 0 0 0 0 35 0 0 0 0 24 25 0 0 0 0 0 0 0 0 48 0 1 0 0 3 0 0 7 0 5 
0 48 0 0 44 0 47 0 0 26 0 0 0 27 0 0 0 0 3 0 0 0 0 0 0 0 0 0 0 0 13 0 9 14 0 0 0 0 34 31 0 0 0 0 0 0 0 0 40 
0 20 0 0 0 0 0 0 0 0 0 0 0 0 0 0 0 0 0 0 0 0 40 0 38 37 0 0 0 32 0 0 30 0 33 0 7 0 0 0 0 0 0 0 0 0 0 0 0 
0 0 0 42 0 0 0 18 16 0 0 22 0 0 0 0 0 49 0 0 0 0 0 0 0 0 15 11 0 0 6 0 0 0 5 0 28 0 0 0 0 26 0 0 0 0 0 0 0 
