7
0 11 0 0 0 0 13 0 0 0 0 0 0 0 0 32 0 0 36 0 0 0 0 0 1 0 0 44 0 0 0 0 0 5 0 21 0 22 0 0 0 0 41 38 0 0 39 0 0 
0 0 24 0 0 0 27 38 39 0 0 0 0 0 0 0 0 0 1 0 0 0 0 0 0 11 0 9 0 0 0 20 22 0 0 0 0 0 0 0 0 31 0 0 0 0 0 0 0 
0 0 0 0 0 0 20 0 0 0 0 34 0 0 0 39 0 0 0 0 0 0 0 0 0 0 0 0 10 0 0 0 0 0 0 0 0 0 26 0 0 0 0 45 44 0 46 0 0 
0 0 0 0 0 0 0 3 4 0 0 0 0 0 0 11 10 0 15 0 0 0 0 0 0 0 27 23 31 0 0 34 0 0 0 0 0 1 0 0 44 0 0 0 0 0 0 0 0 
33 0 0 0 0 0 0 0 0 0 0 48 0 47 0 0 0 0 0 5 0 0 21 0 22 18 0 0 0 0 0 27 0 0 0 0 39 0 0 0 0 38 0 0 0 0 0 0 0 
0 0 0 0 49 0 48 10 11 0 9 13 14 12 21 18 0 0 22 0 0 0 0 0 0 0 34 30 0 0 0 0 0 0 0 0 0 0 0 0 0 3 0 0 0 0 0 0 29 
5 0 0 0 0 8 0 0 18 0 16 0 21 0 28 0 0 0 0 0 0 0 0 38 0 0 0 37 45 0 44 48 0 0 46 0 11 15 0 0 9 10 0 0 0 33 0 0 0 
3 2 1 0 5 0 0 0 0 0 0 0 0 0 0 0 22 0 0 0 0 38 0 0 0 0 0 0 0 0 0 0 0 0 44 12 0 13 0 0 0 8 0 29 0 0 30 0 34 
0 0 0 0 0 0 0 0 0 27 0 0 0 0 0 0 0 32 0 0 28 45 0 43 0 0 0 0 1 5 49 0 0 3 0 0 0 0 17 0 0 15 0 0 0 0 0 0 0 
0 0 0 0 0 34 0 43 0 48 0 46 0 0 0 2 0 0 0 3 0 0 0 0 20 0 0 0 0 0 0 0 27 0 23 0 0 0 0 0 0 0 0 0 0 0 0 0 0 
0 0 0 0 0 0 0 0 0 0 28 0 33 31 0 0 0 0 0 0 0 0 0 0 6 0 0 0 0 0 0 11 0 0 0 0 0 0 0 0 0 0 0 0 0 0 0 0 0 
24 23 0 0 0 0 25 0 37 0 0 0 0 38 0 0 43 0 48 0 0 0 0 8 0 9 0 0 15 0 0 0 20 17 16 33 0 0 0 0 0 29 0 1 0 0 0 0 0 
0 0 0 0 0 41 0 0 0 6 49 0 0 0 0 0 8 11 0 0 0 0 0 22 0 0 0 0 0 0 0 0 0 0 0 0 0 0 0 0 0 0 0 0 0 0 0 0 0 
0 0 0 0 0 48 0 0 0 0 0 0 0 0 0 0 0 0 0 17 14 31 33 0 0 0 0 28 0 0 0 0 0 38 0 0 0 0 0 0 0 0 0 0 0 24 0 0 0 
0 0 14 0 18 19 0 0 0 0 27 0 32 0 0 0 0 38 40 0 34 0 0 0 5 1 3 0 0 0 0 0 0 0 0 25 0 0 0 24 0 0 0 0 0 0 0 46 0 
0 22 0 0 0 26 0 0 0 40 0 38 0 37 46 0 0 45 0 0 0 0 0 0 0 0 0 0 0 0 0 0 0 0 0 0 0 33 30 0 0 0 0 49 48 0 0 0 5 
0 0 0 0 0 0 0 0 0 0 48 3 0 0 0 0 7 0 0 0 0 0 0 0 0 0 0 0 28 32 27 31 0 0 0 46 0 0 0 0 0 0 0 0 0 0 0 0 0 
0 0 0 27 0 0 0 42 0 0 0 0 46 0 4 0 49 0 0 2 0 0 0 14 0 0 17 0 0 0 0 0 0 0 0 0 0 0 37 0 0 0 0 0 0 0 0 0 12 
0 0 0 0 0 0 0 0 0 0 0 0 0 0 0 22 0 24 0 0 0 37 39 0 0 0 0 0 0 0 0 0 47 0 0 0 0 0 9 0 0 0 0 0 27 0 29 32 0 
0 0 0 0 0 0 45 0 0 12 6 0 0 0 0 15 0 17 0 16 0 0 0 0 33 0 0 0 0 0 0 38 0 37 0 0 0 0 2 3 0 0 0 0 20 0 0 0 0 
0 0 0 0 0 0 0 0 0 0 0 24 25 0 0 29 28 0 33 0 0 44 0 42 0 0 0 0 0 0 0 0 0 0 0 18 0 0 0 0 13 0 0 35 0 0 0 39 0 
0 0 0 25 0 0 0 0 0 0 39 0 0 0 0 0 47 0 0 49 0 0 0 12 0 0 0 11 0 0 0 0 0 0 0 0 0 0 0 0 0 0 0 0 0 0 0 0 10 
0 0 0 0 0 0 0 47 0 0 0 1 0 49 9 0 0 0 0 0 0 0 0 0 0 0 0 0 26 0 25 0 0 0 27 44 0 0 0 0 0 0 0 0 0 14 0 0 0 
0 0 5 0 0 0 0 0 0 24 0 22 0 21 0 0 0 29 0 0 25 0 44 0 0 0 43 0 0 0 0 0 0 0 48 0 0 0 0 15 0 12 0 33 0 0 0 0 0 
0 0 12 0 0 0 0 0 0 31 0 0 0 0 0 0 0 0 38 0 32 0 0 0 0 0 0 0 0 0 0 0 10 0 0 0 0 24 0 22 0 0 0 0 39 0 0 0 0 
0 0 0 0 0 0 0 5 0 0 0 8 0 7 0 0 0 0 0 14 0 0 0 0 0 0 0 0 0 0 32 0 38 0 0 0 0 0 49 0 0 0 22 0 0 0 0 0 0 
0 0 0 18 0 0 0 0 0 0 32 0 0 0 44 41 0 0 45 0 0 0 9 0 0 0 0 0 12 0 0 15 0 0 0 0 0 0 0 0 0 0 0 0 0 0 0 0 0 
0 0 0 0 2 3 1 0 13 0 0 0 0 14 0 0 19 22 0 0 0 0 0 0 0 0 0 0 0 0 0 0 0 0 41 9 0 0 0 8 0 0 0 0 0 0 27 0 0 
0 0 0 12 0 18 0 0 0 32 0 0 31 0 0 0 0 0 0 0 0 0 0 0 0 0 0 0 0 0 0 0 0 8 0 24 0 0 0 0 19 0 44 41 0 0 0 45 0 
43 0 0 0 0 0 44 0 7 0 0 0 0 0 0 0 0 0 0 0 0 0 0 0 0 0 0 0 0 38 0 0 0 0 0 0 0 0 0 0 47 0 23 0 0 0 0 0 0 
0 28 27 0 0 0 0 0 0 0 0 0 45 0 3 49 0 0 0 0 0 0 0 13 0 0 0 0 0 24 19 0 25 0 21 0 0 39 36 37 0 0 0 0 0 0 0 10 0 
0 0 48 0 0 0 0 0 14 0 12 0 0 0 0 0 0 0 0 0 0 0 0 34 0 35 0 0 0 45 0 0 0 0 42 10 0 11 0 9 0 0 0 0 0 0 0 0 0 
36 0 0 0 0 39 0 0 0 0 47 0 3 0 0 0 0 0 0 0 0 0 0 20 0 0 0 19 0 31 0 30 32 29 0 0 0 46 0 0 0 0 0 13 12 15 0 0 0 
0 0 0 0 0 11 0 0 21 0 0 0 0 0 0 0 0 30 0 0 26 0 0 41 0 0 0 0 48 0 47 0 0 1 0 0 0 0 0 0 0 0 0 34 0 0 0 0 0 
0 0 0 0 24 0 0 34 0 0 33 0 0 36 0 42 0 0 0 0 40 0 0 0 11 0 0 0 0 0 0 16 0 0 0 0 0 0 0 0 0 0 0 48 0 0 49 0 0 
0 31 0 0 0 0 0 0 0 0 0 0 48 46 0 3 0 0 0 0 0 0 0 0 0 0 0 0 0 27 0 26 28 0 0 0 0 42 0 0 0 0 0 0 0 11 0 0 14 
0 0 0 0 0 0 0 0 0 0 1 0 0 0 0 0 0 0 0 0 0 25 0 0 0 0 0 0 0 0 0 0 0 0 31 0 0 0 46 0 0 44 19 0 0 0 0 0 0 
18 0 16 0 0 21 19 0 0 0 0 0 0 32 0 0 0 0 0 0 0 0 0 0 0 3 0 1 0 0 0 12 0 0 0 0 0 0 0 0 22 0 47 44 0 0 0 0 0 
4 0 0 0 0 7 5 0 0 0 15 0 0 0 0 0 0 0 0 0 0 0 0 0 42 38 40 36 0 0 0 0 0 0 0 0 0 0 0 12 0 0 33 30 0 0 31 0 0 
0 0 0 0 0 0 0 0 0 42 0 0 0 0 0 0 0 47 0 46 43 11 0 9 0 0 12 0 0 0 0 0 0 0 17 0 0 0 0 0 0 0 0 0 1 0 0 0 0 
0 0 0 0 0 0 0 0 0 0 0 0 0 25 0 31 0 33 35 0 0 46 48 0 0 0 47 0 0 0 0 0 0 0 3 0 0 0 0 0 0 0 0 0 0 39 0 0 0 
0 0 0 0 0 49 0 0 10 0 0 12 0 0 20 0 0 0 0 0 0 0 34 0 0 0 0 0 0 0 36 40 0 0 38 0 0 7 0 0 1 2 0 23 0 0 0 0 28 
0 0 0 0 0 0 0 0 0 0 0 0 0 0 36 0 0 35 0 0 0 0 0 0 0 0 0 0 4 0 3 0 0 0 0 0 0 23 0 0 0 0 42 0 0 0 0 0 0 
0 0 0 0 0 0 0 0 0 37 31 0 0 0 0 0 39 0 0 0 0 0 0 0 9 0 0 0 11 0 0 0 0 0 0 29 0 0 0 0 24 0 0 46 0 0 47 0 0 
0 0 0 3 0 9 0 0 0 0 0 0 0 0 0 26 0 0 0 0 24 41 43 0 0 0 0 38 0 0 0 0 0 0 0 0 0 0 0 14 0 0 0 0 0 34 0 36 0 
0 0 0 0 0 37 35 0 0 2 0 49 0 48 8 5 0 0 0 0 0 0 0 0 0 0 0 0 25 0 0 0 0 0 26 0 0 0 0 0 0 39 14 11 0 13 0 0 0 
41 0 0 0 0 0 0 4 0 0 0 0 0 0 0 0 0 0 0 0 0 0 0 25 0 0 0 0 0 36 0 0 0 0 0 0 0 2 0 0 0 0 0 0 0 20 0 0 0 
27 0 0 24 0 30 0 0 40 0 0 0 0 0 1 0 46 49 0 48 0 13 0 11 0 0 0 0 0 0 0 0 0 0 0 0 0 37 0 0 31 0 0 0 0 0 0 0 0 
48 0 0 0 0 0 0 0 0 0 0 14 0 13 0 19 0 0 0 0 17 0 0 32 37 0 0 0 0 43 0 0 0 41 0 0 5 0 6 0 0 0 0 0 0 27 0 0 0 
