7
0 0 0 11 8 0 0 13 15 0 0 0 0 16 0 0 42 0 0 0 0 20 0 0 0 22 0 0 0 0 0 37 0 0 0 0 48 0 0 0 0 0 0 0 0 0 0 0 0 
0 26 0 0 0 0 30 0 0 0 0 0 0 0 0 0 0 0 0 18 0 41 0 0 0 0 0 0 0 0 0 0 0 0 0 0 0 0 0 0 0 0 0 0 47 0 1 0 48 
0 0 0 0 0 0 37 0 0 0 0 0 46 44 0 24 0 0 23 25 0 0 0 2 0 0 0 47 0 0 0 0 12 0 0 0 0 0 0 0 0 29 11 0 0 0 0 9 0 
0 0 0 0 0 45 0 0 0 0 0 0 4 0 29 0 0 27 30 32 0 0 0 0 11 0 0 0 0 0 0 0 0 25 0 0 0 0 0 0 0 0 0 0 0 0 0 0 13 
0 0 0 0 0 3 0 0 8 0 0 10 0 0 36 0 0 0 0 0 0 0 0 0 0 15 0 12 0 0 0 0 0 0 0 0 0 0 40 0 0 0 0 0 0 0 22 0 0 
0 0 0 0 22 24 23 0 0 0 0 0 32 0 0 0 0 0 0 0 0 34 0 0 0 0 0 33 0 0 0 0 0 0 0 0 0 0 0 14 0 0 0 0 0 0 0 0 41 
0 12 0 0 0 0 0 0 0 21 0 0 0 23 0 0 0 48 0 0 0 0 28 30 0 29 0 0 0 45 42 0 0 0 0 0 0 0 0 0 9 8 39 0 0 0 0 37 0 
0 0 38 0 0 0 0 0 0 0 0 0 49 0 0 0 0 0 0 0 0 0 0 0 0 0 0 0 0 0 0 0 0 0 0 0 0 35 0 0 0 0 0 0 0 0 0 0 0 
0 0 0 49 0 48 0 0 4 0 0 0 0 0 0 34 0 30 0 35 0 0 0 0 0 0 13 0 0 0 0 26 22 0 0 0 37 0 0 38 0 0 21 0 0 0 0 0 0 
30 0 0 0 0 0 0 0 0 0 0 0 42 0 0 20 0 0 0 0 15 0 0 0 0 0 0 0 11 13 0 0 0 0 9 0 23 0 0 0 0 0 7 0 0 0 0 0 0 
9 0 0 0 0 13 0 16 0 0 0 0 0 19 0 0 45 0 0 0 43 0 0 26 0 25 0 22 39 0 0 0 0 0 0 0 2 0 0 0 0 0 0 0 29 31 0 0 0 
0 0 0 0 0 0 0 0 0 0 0 27 0 26 0 6 0 0 0 0 1 0 0 33 0 32 0 0 0 0 45 0 0 0 0 0 0 0 8 0 12 11 0 0 0 0 0 40 0 
0 0 0 0 0 0 5 0 0 10 0 13 14 0 39 0 0 0 0 42 0 0 0 19 0 0 20 0 0 34 0 0 29 0 30 0 0 0 43 0 0 0 0 0 0 0 0 26 0 
0 0 0 0 0 27 26 0 0 0 0 0 35 0 11 0 10 0 0 14 8 0 0 0 0 0 41 36 4 0 0 0 1 0 0 0 16 21 0 0 19 0 0 0 0 45 0 0 0 
0 0 0 0 0 0 4 0 10 0 0 0 0 0 0 0 0 36 0 0 0 0 16 0 0 0 0 0 0 33 0 0 0 0 0 0 0 48 42 44 0 0 0 0 0 0 0 0 0 
0 0 0 41 0 0 0 43 0 0 0 47 0 0 0 0 0 0 0 0 0 0 0 4 0 0 0 0 17 19 0 0 0 0 0 0 0 0 0 0 0 0 0 12 0 0 0 11 0 
0 0 23 0 0 0 0 0 0 0 0 33 0 0 0 12 0 8 0 0 0 36 0 0 0 38 40 35 3 5 0 4 0 0 0 0 0 20 0 0 0 0 0 47 0 0 0 46 0 
0 7 0 0 0 0 11 0 0 0 0 0 0 0 45 0 0 0 0 0 0 0 23 0 0 0 0 21 0 0 0 0 0 0 36 5 1 0 0 0 0 0 0 0 0 30 0 0 0 
29 0 0 0 0 33 0 0 0 0 0 40 0 0 0 19 0 0 0 0 0 0 0 0 0 45 47 0 0 12 0 0 7 0 0 0 0 27 0 23 0 0 0 0 49 0 0 0 0 
0 42 0 48 0 0 0 0 0 0 0 5 0 0 0 0 0 0 0 0 28 0 0 0 0 0 0 0 0 0 23 0 0 0 0 0 0 0 0 0 0 38 0 19 0 16 0 0 0 
0 0 0 0 0 0 0 22 0 0 21 0 0 0 0 5 2 0 0 6 0 29 0 0 34 0 0 0 0 0 0 0 0 0 0 0 0 0 7 0 0 10 0 0 35 0 0 0 0 
0 0 0 0 0 0 10 14 0 0 0 18 0 0 0 46 0 0 0 0 41 0 22 0 26 0 0 20 37 0 0 0 0 0 0 0 0 0 0 0 3 0 33 32 0 29 0 0 0 
42 0 0 0 0 0 0 0 0 0 0 0 0 0 30 0 0 0 0 33 0 0 0 0 0 0 11 0 0 25 0 0 20 0 0 0 0 40 0 0 0 0 0 0 13 0 16 0 0 
35 0 36 0 0 0 0 0 0 0 0 0 0 0 0 0 0 0 0 26 0 0 1 0 0 0 0 48 0 0 0 17 0 19 0 0 0 33 0 0 0 0 0 0 0 0 0 0 0 
0 0 0 0 0 0 0 0 30 0 0 32 33 31 0 0 0 7 0 0 0 0 0 38 0 0 0 0 0 0 0 0 0 0 0 0 0 0 0 0 0 0 0 46 41 0 0 0 0 
14 13 0 0 0 18 0 0 0 0 0 0 26 0 0 4 0 0 0 0 0 0 29 0 0 0 32 27 44 0 43 0 41 0 0 11 0 12 0 0 0 0 40 39 0 0 0 0 35 
0 0 0 0 0 32 31 0 37 0 0 0 0 0 16 0 15 0 17 19 0 42 0 45 0 0 0 0 0 11 0 0 0 0 0 25 0 0 0 0 0 0 5 0 0 0 0 0 0 
0 0 0 0 0 0 0 0 0 0 6 0 0 0 0 39 36 0 0 0 0 0 0 0 0 0 0 0 30 0 29 0 27 33 0 0 0 0 41 0 0 0 26 25 0 0 0 0 0 
0 0 0 0 0 0 8 0 0 0 0 0 0 15 0 44 0 0 0 45 0 0 0 0 0 0 0 0 0 0 0 0 0 0 0 0 0 0 0 0 1 0 31 30 0 27 0 0 0 
0 0 13 17 0 0 15 19 0 20 0 0 0 22 0 0 0 47 0 3 0 0 0 0 0 28 0 0 0 0 0 0 0 0 0 0 0 0 4 6 0 0 0 0 0 34 35 0 0 
0 32 0 0 0 0 0 0 0 0 0 0 0 0 21 0 0 19 0 0 0 0 0 0 3 49 0 0 0 16 0 0 0 17 0 0 0 0 25 0 0 0 0 0 0 6 0 0 0 
0 25 27 0 28 0 0 0 35 0 32 37 0 0 0 0 13 12 0 0 0 0 0 43 0 0 0 0 7 0 0 8 4 10 0 0 0 0 0 20 0 0 0 0 0 0 0 0 0 
0 0 0 0 0 0 0 0 0 0 0 0 0 0 0 0 0 0 0 0 32 0 0 0 0 0 0 0 0 0 0 0 0 0 0 0 0 0 0 0 0 42 24 0 0 0 0 0 0 
0 18 0 0 0 23 22 0 0 0 0 30 0 0 0 9 0 0 0 0 0 0 0 0 0 35 0 0 0 2 48 0 0 0 0 16 0 0 0 0 0 0 0 0 0 0 0 0 0 
0 0 41 0 0 0 0 0 0 0 0 0 3 0 0 0 0 0 0 0 0 0 6 0 0 0 0 4 0 0 20 0 0 0 0 0 0 0 0 0 36 0 0 0 0 0 14 0 0 
0 0 0 0 0 14 0 0 0 0 0 21 0 0 47 49 0 0 0 0 0 0 0 0 29 0 0 23 0 42 0 0 0 43 0 0 0 0 0 4 6 0 0 0 0 0 0 0 0 
45 0 0 1 0 0 0 0 0 0 0 0 8 6 0 0 0 0 0 0 0 0 0 13 0 12 0 0 0 0 0 0 0 0 0 0 0 0 0 0 0 0 0 0 16 0 0 20 0 
0 0 0 29 0 0 0 31 0 0 0 0 0 0 12 0 0 0 0 0 0 0 39 0 0 0 0 37 0 0 0 0 0 8 0 0 0 0 0 0 0 0 0 0 0 0 0 48 45 
0 16 0 0 0 0 0 0 0 0 0 0 0 0 0 0 0 3 0 0 0 0 0 0 0 0 0 0 0 0 0 0 0 1 0 14 0 15 9 0 13 0 0 0 0 0 0 0 0 
0 0 0 0 0 0 0 0 0 11 0 0 0 0 0 0 39 0 0 0 0 0 0 0 0 0 0 0 33 0 0 0 0 0 0 0 0 0 0 0 0 0 0 0 0 25 0 0 0 
0 0 0 36 0 0 34 38 0 0 0 0 0 0 0 0 0 0 0 0 0 0 0 0 0 0 49 0 0 0 0 0 9 0 0 0 0 0 0 0 0 0 8 0 0 0 0 6 0 
0 0 0 0 0 0 0 0 0 0 0 0 0 0 0 28 0 24 0 0 0 0 0 0 0 0 0 0 0 0 0 20 16 0 0 0 0 36 0 0 0 0 0 0 0 0 0 0 0 
0 24 0 30 0 0 0 0 0 33 31 0 0 0 0 0 12 0 0 16 0 0 0 0 44 0 0 0 0 0 0 7 0 0 0 0 0 0 0 0 0 0 0 0 0 0 0 0 0 
0 45 0 2 0 0 0 0 0 0 0 0 0 0 0 0 0 0 0 0 0 0 0 14 0 0 0 0 0 0 26 0 0 0 0 0 0 0 0 0 42 0 0 0 0 0 0 0 0 
0 0 19 0 0 0 0 0 27 0 0 29 0 0 0 0 0 4 0 0 0 0 0 0 0 0 0 0 0 0 0 49 0 0 46 15 0 16 0 0 0 13 0 0 0 0 0 0 0 
0 0 0 0 34 36 35 0 41 0 0 0 0 0 0 0 0 0 0 0 0 0 0 0 0 0 0 0 0 15 0 0 0 0 11 0 25 30 0 0 28 0 9 8 0 0 0 7 4 
0 0 0 9 0 0 0 0 0 0 10 0 16 0 0 0 0 39 42 0 0 0 0 0 0 0 22 0 34 36 0 0 0 37 0 0 46 0 45 0 0 0 0 0 0 0 27 0 0 
0 0 0 0 0 0 0 18 0 0 17 22 0 0 48 0 0 0 0 0 45 25 0 0 0 0 0 24 41 0 0 0 0 0 0 8 4 0 0 0 0 0 0 0 0 0 34 0 0 
39 0 0 44 41 0 0 0 0 0 0 1 0 0 0 29 26 0 0 0 0 0 0 0 0 0 8 0 0 22 0 0 0 0 0 0 0 0 0 0 0 0 16 0 0 12 0 0 11 
