7
0 0 0 0 0 0 36 0 22 0 0 0 0 0 0 0 0 0 0 0 0 0 0 44 0 42 39 40 0 0 0 0 0 0 0 0 48 47 0 1 0 0 0 0 0 0 0 7 0 
0 0 0 0 2 0 0 0 0 0 0 0 0 0 0 30 0 0 0 0 0 0 6 9 0 0 0 0 44 0 0 43 0 0 0 0 0 0 0 15 0 0 0 24 0 0 0 0 20 
11 0 0 0 0 0 0 0 0 0 0 0 0 0 39 0 0 0 0 0 45 0 20 0 0 21 0 0 0 0 0 0 0 5 0 0 0 26 0 0 0 0 0 38 0 0 0 35 0 
0 0 21 0 0 0 0 0 8 6 0 0 0 0 0 0 48 1 0 0 3 0 27 30 0 28 25 0 0 0 0 0 0 0 0 0 34 33 0 36 0 0 0 0 0 44 39 0 0 
25 0 0 0 0 0 0 0 0 0 0 0 0 0 0 0 6 0 7 0 0 0 0 37 0 35 0 33 0 0 0 0 0 0 24 0 0 0 0 0 0 0 47 0 0 0 0 0 48 
0 6 0 0 0 0 0 0 0 0 0 0 0 0 0 0 0 0 0 0 0 0 0 0 0 14 0 0 0 0 46 0 0 0 0 0 0 19 0 0 0 0 0 0 0 0 25 0 0 
39 0 42 0 44 0 0 0 0 0 0 0 0 0 0 0 20 0 0 0 0 0 48 0 0 0 0 0 0 0 0 0 0 0 0 0 0 0 0 0 0 0 0 0 0 0 0 0 0 
21 0 0 0 26 0 25 0 0 0 0 12 0 0 0 0 0 0 0 0 0 32 0 33 0 0 0 29 0 17 0 18 0 0 0 41 0 0 35 39 0 0 0 0 0 0 0 45 0 
0 0 0 0 0 0 32 0 0 16 0 0 14 0 7 0 0 11 0 0 0 0 0 0 0 0 0 0 0 0 0 0 23 0 0 0 0 43 0 0 0 0 0 0 0 5 0 0 0 
0 0 0 6 0 0 0 0 0 0 0 40 35 0 28 0 30 0 0 0 0 0 9 0 13 0 0 8 0 0 0 0 0 0 0 20 0 0 0 0 0 0 22 27 25 0 0 24 0 
42 0 0 0 0 0 0 0 0 0 0 0 0 31 0 0 0 25 0 0 0 4 0 0 0 0 49 0 0 0 35 0 0 0 0 13 0 0 0 11 0 12 15 0 18 19 0 0 0 
0 0 0 0 0 0 0 22 25 0 0 0 21 0 14 0 0 0 0 0 0 0 0 0 48 0 42 0 0 0 0 32 0 0 0 6 0 0 0 0 0 5 0 0 0 12 7 0 0 
0 0 0 0 0 0 0 0 0 0 0 0 0 45 0 0 0 0 0 0 41 0 0 19 20 0 0 15 0 0 0 0 2 0 0 27 0 0 0 0 24 26 0 0 0 0 0 0 0 
0 0 0 0 0 0 0 0 0 0 0 0 49 0 42 0 0 0 0 0 0 0 0 0 0 0 0 0 0 0 0 0 0 0 0 0 0 0 0 0 0 0 0 0 0 0 0 38 0 
0 0 0 15 0 0 0 45 48 0 0 0 0 0 37 0 0 0 40 0 0 0 0 21 22 0 0 0 0 5 0 0 0 0 0 29 0 0 0 0 26 0 0 0 0 35 0 0 0 
0 0 0 0 0 0 0 24 0 0 0 0 0 0 0 0 0 0 0 0 0 0 0 0 1 0 0 0 35 33 0 0 0 0 0 0 0 0 0 0 0 0 0 0 13 0 0 0 11 
0 0 0 0 0 0 0 0 0 18 0 0 0 0 0 0 0 0 0 0 0 0 0 42 43 0 0 0 0 0 0 0 0 24 0 0 0 0 0 48 0 0 0 0 6 0 0 0 0 
0 0 0 0 0 0 0 0 6 0 0 0 0 0 0 0 46 0 0 0 1 0 0 0 29 0 23 0 14 0 0 13 11 10 0 0 0 0 0 0 33 0 38 0 0 42 0 0 0 
0 0 0 0 0 0 0 0 0 0 15 0 0 0 2 0 0 0 0 0 8 0 0 0 0 0 0 31 0 0 0 0 18 0 0 0 0 0 0 0 0 42 0 0 0 0 0 47 0 
44 0 0 0 49 0 0 0 0 32 0 0 30 0 0 0 0 0 26 0 0 0 0 0 0 0 2 0 42 0 0 0 0 0 0 0 0 0 0 0 0 14 17 0 0 21 0 0 0 
0 0 0 0 7 0 0 0 0 0 43 0 37 0 0 0 32 0 0 0 0 0 0 14 0 0 0 0 0 0 44 48 0 0 0 0 0 17 0 0 0 0 0 0 27 0 0 26 25 
0 0 0 0 41 0 40 0 0 0 0 0 0 0 0 0 0 0 0 0 0 0 0 0 49 0 0 0 0 0 0 0 0 0 0 0 0 2 0 0 4 0 0 0 12 13 8 0 0 
0 0 0 0 27 0 26 0 0 0 0 0 0 0 0 0 0 0 0 0 0 0 0 0 0 0 0 30 0 0 0 0 0 0 0 0 0 0 0 0 0 0 0 49 0 0 0 0 0 
0 0 0 0 20 0 0 0 0 0 0 0 0 0 43 0 0 47 0 44 0 0 24 0 28 25 0 0 0 0 0 0 0 0 0 0 0 0 0 0 0 0 0 42 0 41 36 0 0 
0 0 0 0 0 30 0 0 19 0 0 0 0 18 0 0 0 12 0 0 14 40 38 0 0 0 0 37 0 25 22 26 0 0 0 0 0 44 0 0 0 0 0 0 0 0 0 4 0 
0 0 4 0 6 2 0 0 0 0 0 0 0 0 0 0 31 0 32 0 0 0 10 13 14 11 0 0 0 0 0 0 0 44 49 0 17 0 15 0 0 0 0 0 0 27 0 0 0 
0 0 0 0 0 0 0 0 47 0 49 0 0 0 0 0 0 0 0 0 0 0 0 0 0 0 15 0 0 0 1 0 0 0 0 0 24 0 0 0 0 0 0 35 0 0 0 0 0 
0 0 0 0 0 44 0 0 0 0 0 34 29 0 0 0 0 0 0 23 0 5 0 0 0 0 1 0 0 0 0 0 0 0 0 0 0 9 0 0 0 13 0 0 0 0 0 0 0 
0 15 0 0 0 0 0 0 0 1 0 0 0 0 41 46 0 45 0 0 0 0 0 0 26 0 0 21 11 0 0 0 8 7 0 0 29 0 0 0 0 0 0 40 0 39 0 0 0 
41 0 0 0 0 0 45 0 0 0 0 0 0 0 0 0 0 0 0 0 0 0 0 0 0 0 0 0 0 0 0 0 0 0 0 0 8 7 6 0 0 0 0 19 0 0 0 16 15 
48 0 0 0 4 49 3 35 0 0 0 0 0 0 0 0 29 0 0 0 0 10 0 0 12 0 6 7 0 0 41 0 0 0 0 0 0 0 0 17 0 18 21 0 0 0 0 0 0 
0 0 23 0 0 0 0 0 0 0 0 0 0 9 0 0 0 0 0 0 0 0 0 0 0 0 0 28 0 0 0 0 0 0 0 0 36 0 0 38 37 0 0 47 0 0 41 44 0 
0 0 37 0 0 0 0 0 24 0 0 0 0 0 0 0 0 0 0 14 0 0 0 0 0 0 0 42 0 30 0 0 0 0 0 0 0 49 0 0 0 4 0 0 0 0 6 0 0 
0 0 0 0 0 0 31 0 0 0 0 18 0 0 0 11 0 0 0 0 12 0 0 0 40 0 0 0 25 0 0 0 0 0 0 0 43 0 0 0 0 0 49 0 0 0 0 0 0 
0 0 0 12 11 0 0 0 0 0 0 0 0 0 0 0 0 0 0 0 0 0 15 0 0 0 0 0 0 0 0 0 0 0 0 0 0 0 0 0 0 0 0 0 0 0 0 30 29 
0 0 13 0 0 11 0 46 49 0 0 1 45 0 0 43 0 42 0 0 44 0 0 0 23 20 0 0 0 0 0 0 0 0 9 0 0 0 24 0 0 29 0 0 0 0 0 0 33 
0 0 0 2 0 46 0 0 0 0 0 36 0 0 0 0 0 0 0 0 0 7 0 0 0 0 3 0 0 0 0 0 0 0 0 16 0 0 0 0 0 0 0 0 21 0 0 0 0 
0 0 0 0 0 0 0 0 0 0 23 0 17 0 0 0 0 0 0 0 0 0 0 0 0 41 0 0 0 27 0 0 0 0 0 0 47 46 0 0 0 0 0 0 0 0 0 0 5 
0 0 0 0 0 0 0 11 0 0 16 0 0 0 3 0 5 0 6 0 0 0 0 0 0 0 31 0 22 0 0 21 0 0 23 0 0 0 0 0 0 0 46 0 0 0 0 0 0 
0 0 41 0 0 39 0 0 0 0 0 0 0 0 0 0 0 0 0 0 0 0 47 0 0 0 0 0 0 0 0 0 0 0 0 0 0 4 0 0 0 8 0 0 0 0 0 13 0 
0 0 6 0 0 0 0 0 0 0 0 0 0 0 31 36 0 0 0 0 0 0 0 15 0 0 0 0 0 0 0 49 0 0 0 0 0 18 0 0 0 0 0 0 0 29 24 0 26 
0 0 0 0 0 0 0 4 0 0 0 0 0 0 0 0 0 0 48 0 0 0 0 0 0 0 0 25 0 0 0 0 12 0 0 37 33 32 31 0 34 0 39 44 0 43 0 41 0 
0 7 0 0 0 0 0 41 0 0 0 0 0 0 33 38 0 0 0 0 0 0 14 17 18 0 0 0 3 0 47 0 0 0 0 0 21 0 0 0 0 0 0 0 30 0 0 0 28 
0 0 29 0 0 0 0 13 0 0 0 0 12 0 0 0 0 0 0 0 11 0 0 0 0 0 0 0 0 0 0 23 0 0 0 0 0 0 0 0 0 0 0 0 0 0 47 0 0 
0 35 0 0 0 0 0 20 0 0 0 0 0 22 0 0 0 0 15 0 0 0 0 0 0 0 40 41 0 0 0 0 0 0 0 0 0 0 0 0 0 0 0 0 9 0 0 0 7 
40 0 0 0 45 0 0 27 0 0 0 0 0 29 0 0 0 0 0 0 25 2 0 3 0 0 0 0 0 36 0 37 0 0 0 0 0 0 0 0 0 0 13 0 0 0 0 0 14 
12 0 15 0 0 0 0 0 0 0 4 0 0 0 0 45 42 44 0 41 0 23 0 0 0 0 0 0 0 0 0 0 0 0 0 0 0 0 0 0 29 31 34 0 37 0 0 0 0 
0 49 0 0 0 0 0 0 0 0 0 0 0 36 0 0 0 0 0 0 32 0 7 0 0 0 5 0 45 43 0 0 0 0 0 0 0 13 0 0 0 0 0 25 0 0 0 0 0 
19 0 0 0 0 0 0 0 0 0 0 0 0 0 0 3 49 0 1 0 0 0 0 31 32 0 0 27 0 0 0 0 0 13 18 0 0 0 0 37 0 0 41 46 0 0 0 0 42 
