7
0 0 0 0 0 0 49 34 0 0 31 0 0 30 0 0 0 0 0 45 0 0 10 0 0 8 11 0 0 0 0 0 0 0 0 0 24 0 0 0 27 23 0 0 40 0 0 0 0 
0 9 0 0 0 0 0 0 0 0 0 0 0 0 0 2 0 4 0 0 0 0 0 19 0 0 0 20 0 0 21 23 0 24 0 28 0 29 33 0 34 0 0 0 0 44 0 0 0 
0 0 0 0 0 0 0 20 0 0 0 0 0 0 0 0 0 0 0 0 0 0 0 0 42 43 0 0 0 0 0 0 0 0 0 0 0 0 12 0 13 0 0 0 0 0 0 0 0 
29 0 0 33 0 32 0 0 0 0 0 11 0 0 0 0 26 0 0 0 0 0 0 0 0 0 0 0 0 0 0 0 0 45 46 49 0 0 0 0 6 0 0 0 19 0 15 0 0 
0 0 0 0 0 46 0 27 0 0 0 25 0 0 0 0 0 39 0 0 0 0 0 0 0 0 0 0 0 0 7 0 0 0 11 0 0 0 19 0 20 0 0 0 0 0 0 0 0 
0 16 0 0 20 0 0 0 0 47 0 0 0 0 0 0 0 11 0 0 0 0 0 0 0 0 25 0 0 0 0 0 0 0 0 0 0 36 0 0 0 0 3 0 0 0 0 49 0 
22 0 0 0 0 25 0 6 0 0 3 0 0 0 0 0 0 0 0 0 0 0 31 0 0 29 0 34 41 0 0 37 0 0 0 0 45 43 0 0 48 0 0 0 0 0 0 0 0 
48 0 0 0 0 0 0 0 0 0 29 30 0 0 0 0 0 44 41 0 0 0 0 0 5 0 0 0 18 0 0 0 0 0 0 0 0 0 0 0 0 0 36 37 0 0 0 0 0 
0 42 0 0 0 0 0 25 0 0 22 23 0 21 0 0 0 0 0 0 0 0 1 0 0 0 0 0 11 6 0 0 0 8 0 0 0 0 0 0 0 14 0 0 0 28 0 0 0 
0 28 0 0 0 0 26 0 0 0 0 0 5 0 0 0 0 0 20 0 0 35 0 0 0 34 37 0 0 0 0 0 0 43 0 0 0 0 3 2 0 0 15 0 0 0 13 0 0 
0 14 0 0 18 0 0 46 0 0 0 0 0 42 0 0 0 0 0 8 0 21 0 0 0 20 0 0 0 0 0 28 0 0 30 0 0 0 0 0 0 0 0 2 0 49 0 0 0 
0 21 0 0 0 0 19 4 0 0 0 0 0 49 0 0 0 16 0 15 0 0 0 0 26 0 30 0 0 0 33 0 0 0 0 0 0 41 0 44 46 0 8 0 0 0 0 0 0 
0 0 0 0 0 0 0 0 0 0 0 37 0 35 0 0 0 0 48 0 47 0 0 0 0 0 0 0 0 20 0 21 0 0 0 0 0 0 0 0 0 0 0 44 0 42 0 0 0 
0 0 0 0 0 0 0 18 0 0 0 0 12 0 32 0 0 0 0 0 0 42 0 0 0 0 44 46 4 0 0 0 3 1 2 0 0 0 0 0 0 7 0 0 0 0 0 0 0 
35 0 0 0 40 38 0 0 0 0 0 0 13 0 33 0 0 31 0 30 0 0 0 46 0 0 0 47 0 0 0 0 0 0 0 0 0 0 0 0 0 0 0 24 0 22 0 20 26 
0 0 0 0 0 0 0 0 21 0 0 0 0 0 0 0 0 0 0 0 0 1 0 4 0 0 0 0 12 0 0 0 0 0 0 13 0 0 0 0 0 0 0 31 0 0 0 0 0 
0 0 0 0 0 0 0 0 0 0 0 0 34 0 0 0 0 0 0 0 0 0 16 0 0 14 0 0 0 0 0 0 0 0 0 0 0 0 32 31 0 0 0 45 0 0 0 0 0 
0 0 0 32 0 0 0 0 0 0 0 0 0 0 0 22 0 0 0 0 0 0 0 0 0 0 0 0 0 0 0 0 46 0 45 0 0 0 4 0 0 0 0 17 0 0 14 0 19 
0 0 0 0 0 0 0 0 0 0 0 0 0 0 0 0 0 0 0 0 0 0 0 0 0 0 10 0 0 0 0 0 0 0 0 0 0 21 0 0 0 0 0 38 0 0 0 0 0 
0 0 0 0 0 0 0 0 0 0 44 0 0 0 0 0 0 0 0 0 0 0 23 25 20 0 0 0 0 0 27 0 0 0 0 0 0 35 39 38 0 0 0 0 0 1 0 0 0 
0 0 0 0 0 0 0 0 0 0 0 0 0 0 0 0 0 0 0 0 0 0 0 0 0 0 0 0 40 0 0 0 0 0 0 41 0 0 0 0 0 0 0 0 0 0 0 0 0 
40 0 0 0 0 0 0 0 0 0 0 0 0 0 38 0 0 0 0 0 32 0 0 2 46 0 0 0 10 0 0 0 0 0 8 0 0 0 0 0 0 0 0 29 0 27 0 0 0 
0 13 0 0 0 0 0 45 0 44 0 0 0 0 10 0 0 0 0 0 0 0 21 0 0 0 22 0 0 0 25 27 0 0 0 0 0 33 0 0 38 0 0 0 2 0 0 46 0 
26 0 0 30 31 0 0 0 0 0 7 0 0 6 0 0 0 0 0 0 0 0 0 0 0 0 0 0 0 0 0 0 0 42 43 0 0 0 0 0 0 0 0 0 0 0 0 0 0 
0 0 0 0 0 0 0 0 47 0 49 1 0 0 0 0 0 0 0 0 0 0 0 30 25 26 0 0 0 0 0 0 0 0 0 0 0 0 0 0 0 0 0 8 0 0 0 0 0 
0 0 0 0 0 0 0 0 0 0 0 0 0 0 0 0 0 0 0 0 0 0 0 44 0 0 43 45 3 0 0 48 0 0 0 0 0 0 0 0 0 6 21 0 23 0 0 0 0 
0 0 0 0 0 0 0 0 0 0 0 0 0 0 45 41 0 0 0 0 0 0 7 9 0 0 0 0 0 0 0 0 0 0 0 18 0 0 0 0 0 0 35 0 0 0 0 0 0 
0 0 0 0 0 0 0 38 0 0 0 36 0 34 0 0 0 0 0 0 46 0 14 0 0 0 0 0 0 0 18 0 0 0 0 0 28 0 0 0 0 0 0 0 44 0 40 0 0 
0 0 0 0 0 0 0 9 0 0 0 0 0 0 0 0 0 0 0 0 0 0 0 36 0 0 0 0 0 39 0 40 43 41 0 45 48 0 0 0 0 0 0 0 15 0 0 10 0 
46 47 0 0 0 49 45 0 0 0 0 0 24 0 44 40 0 42 0 0 0 0 6 0 0 0 0 9 16 0 10 0 0 13 0 0 0 0 0 0 0 0 0 0 0 33 0 31 0 
0 0 0 0 0 0 0 0 0 0 0 0 17 0 0 0 0 0 0 0 31 0 0 1 0 46 0 0 0 4 0 0 0 6 7 0 0 0 0 0 0 0 0 0 0 0 0 0 0 
0 0 0 0 0 0 0 0 0 0 0 14 0 0 0 0 29 0 0 0 0 40 0 0 0 0 0 0 0 0 0 0 0 0 49 0 0 0 0 0 0 0 0 0 0 0 18 0 23 
0 0 0 0 0 0 3 0 0 0 0 35 0 0 0 0 1 0 0 0 45 0 13 0 0 0 14 0 0 0 0 0 0 0 0 0 27 0 0 0 0 0 0 0 0 40 0 38 0 
0 0 0 0 0 0 0 0 0 0 48 49 0 0 0 0 0 0 0 13 0 26 0 0 0 0 0 0 0 0 0 33 0 34 0 0 41 0 0 0 44 0 0 0 0 0 4 3 0 
0 0 0 0 16 0 0 44 0 0 0 0 0 0 0 0 0 7 0 6 0 0 0 0 0 0 21 0 0 0 0 0 0 0 0 0 0 32 36 0 37 33 0 0 0 0 46 0 0 
0 0 0 0 0 0 1 35 0 34 32 0 0 0 0 0 0 0 44 0 0 0 0 0 0 0 0 0 0 16 0 17 0 18 0 0 0 0 0 26 0 0 0 0 0 0 0 36 42 
16 0 0 0 21 0 0 0 44 48 0 0 43 0 0 0 0 0 0 0 0 0 25 0 0 0 26 0 0 0 0 0 34 0 0 0 0 0 0 0 0 0 0 0 6 0 0 0 0 
0 0 0 48 0 0 43 0 0 0 0 0 0 0 0 0 0 0 37 0 36 0 0 0 0 0 5 0 14 0 8 0 0 11 0 15 18 0 20 19 0 0 32 0 0 0 0 0 35 
0 0 0 0 0 0 0 0 0 0 0 0 0 0 0 0 27 0 0 0 0 0 0 0 0 0 40 42 0 0 0 0 48 0 0 0 0 0 6 5 0 0 0 0 0 0 0 0 0 
37 0 0 0 0 0 36 0 0 20 18 0 0 0 0 0 0 0 30 32 0 45 0 0 0 0 47 0 0 0 0 0 0 0 0 0 11 9 13 0 14 0 0 0 0 0 0 0 0 
0 24 0 0 28 0 0 0 0 6 0 0 1 0 21 0 0 0 0 0 15 0 0 0 0 0 0 0 42 0 36 0 0 0 0 0 0 44 0 0 0 0 0 12 0 0 0 0 0 
0 0 0 0 0 0 0 0 0 0 0 0 0 0 7 0 0 0 0 0 0 0 0 0 0 0 0 0 0 0 0 0 0 25 0 0 32 0 0 0 0 0 0 47 0 0 44 0 49 
0 18 0 21 0 0 16 0 0 0 0 0 0 46 0 11 0 0 10 0 0 0 0 28 0 0 0 0 0 0 0 32 35 0 0 0 0 38 0 0 0 0 0 6 0 0 3 2 0 
0 11 0 0 0 0 0 0 0 0 40 0 0 39 0 4 0 0 0 0 0 0 0 0 0 0 0 0 29 0 0 0 0 0 0 30 0 0 0 0 0 0 0 48 0 0 45 0 0 
45 0 0 0 0 0 0 0 0 0 0 0 0 0 0 0 0 0 0 0 0 0 0 0 0 3 0 0 0 0 0 0 0 0 0 16 0 0 0 0 0 0 0 0 0 0 0 0 36 
0 25 0 28 0 0 0 0 0 0 0 0 0 0 0 0 0 0 0 0 0 0 0 0 0 0 34 0 0 0 0 0 0 0 41 0 0 0 0 48 0 0 0 0 0 0 0 0 0 
31 0 0 0 0 0 0 0 0 0 12 0 0 0 0 0 0 0 0 0 0 0 0 0 0 0 0 0 0 45 44 0 49 0 0 0 0 3 0 0 8 0 0 20 0 0 0 0 0 
0 0 0 42 0 41 37 0 0 0 0 0 0 0 0 32 0 0 0 0 0 0 0 0 0 0 48 1 0 0 0 0 0 0 0 0 0 0 14 0 0 0 0 0 0 25 0 0 0 
0 0 0 0 0 0 0 0 0 0 0 0 0 0 0 0 0 0 0 0 44 0 0 0 0 0 0 15 0 0 0 0 0 0 0 0 0 0 0 0 0 25 0 0 0 0 0 37 0 
