7
17 0 0 0 0 0 18 0 0 0 0 0 0 0 0 0 0 0 0 0 4 0 0 0 0 0 0 0 0 36 41 39 0 0 0 0 0 0 0 0 33 0 0 0 0 0 8 0 0 
0 8 0 0 0 0 0 38 0 0 40 41 0 0 0 0 43 0 0 0 0 0 0 0 21 0 0 16 0 0 0 0 33 31 0 28 0 0 0 0 0 0 7 0 0 5 0 4 6 
0 0 0 0 0 0 0 0 0 0 0 0 0 0 0 0 0 0 34 0 0 5 0 0 0 0 0 0 0 15 0 0 0 17 0 0 11 0 0 0 0 0 0 37 0 0 0 39 0 
0 0 0 0 42 0 39 0 16 21 0 20 18 0 0 26 0 0 27 23 0 0 0 45 0 0 0 0 0 0 13 0 0 0 0 0 0 0 1 0 0 0 0 0 0 0 0 0 0 
0 0 0 0 0 0 0 0 0 0 0 0 0 0 0 40 0 42 0 0 0 0 0 0 0 0 13 9 0 0 0 0 0 24 23 0 0 0 0 17 0 0 0 0 0 0 0 0 0 
24 0 27 0 0 0 0 0 0 0 0 0 0 0 0 0 0 0 0 0 0 0 29 0 0 0 34 30 0 43 0 0 0 0 0 0 0 37 36 38 0 0 0 0 0 0 0 0 20 
0 0 0 30 0 0 0 0 0 0 12 0 0 0 0 0 0 0 0 0 0 0 0 0 0 0 0 0 0 1 6 4 5 0 0 0 0 44 0 0 0 0 0 0 0 0 0 0 0 
0 0 0 0 0 0 0 0 14 0 0 0 0 0 0 0 0 0 0 0 0 0 0 0 0 0 0 42 12 6 0 0 10 8 0 5 2 0 0 0 0 0 0 28 0 0 0 0 0 
0 0 0 0 0 0 0 1 49 0 0 4 0 0 8 10 0 0 0 0 0 0 27 0 0 0 0 28 0 0 0 44 0 0 0 0 0 0 0 36 0 0 19 0 0 17 0 0 0 
0 0 0 0 0 17 0 0 0 0 0 0 0 0 1 0 0 0 0 0 0 0 0 0 26 0 0 0 0 0 0 0 0 0 0 0 0 0 0 0 0 0 0 0 0 0 0 0 0 
0 0 46 0 0 0 44 0 21 0 0 0 23 0 0 0 27 0 0 0 0 0 0 0 0 0 0 0 0 0 18 0 17 0 0 0 0 0 0 0 0 11 0 0 36 38 0 37 0 
0 0 0 0 33 0 0 0 0 0 0 11 9 0 15 0 13 0 0 14 0 0 0 0 0 37 0 0 0 0 4 0 0 0 0 47 0 0 41 0 45 0 0 0 0 0 0 0 25 
0 0 0 0 0 0 0 0 0 0 0 0 0 0 36 0 34 0 39 0 0 0 0 0 0 0 0 0 0 0 0 23 0 0 0 0 0 0 0 0 0 0 0 0 0 0 0 0 0 
8 0 11 0 0 0 0 0 0 0 0 39 37 0 0 45 41 0 0 0 0 0 0 15 0 0 0 0 0 0 0 30 0 0 0 0 0 21 20 0 24 0 0 0 0 0 0 0 4 
0 0 12 0 0 0 0 0 0 0 39 0 0 0 0 0 42 48 47 0 0 18 14 0 0 0 0 0 0 0 0 0 32 0 0 27 0 0 0 0 0 0 0 0 0 0 0 0 0 
0 0 40 0 0 0 0 0 0 20 0 0 0 0 0 0 0 0 0 0 0 0 42 0 48 0 0 0 0 0 0 0 0 0 0 0 0 1 0 0 4 0 0 0 0 0 0 31 0 
23 0 0 0 0 0 24 2 0 0 4 0 0 0 0 0 0 0 0 8 0 0 28 0 0 0 0 29 48 0 0 0 46 0 0 0 0 0 0 37 0 0 0 15 0 0 14 0 19 
44 0 0 43 0 0 0 0 0 0 0 0 0 0 0 0 28 0 33 0 0 0 0 2 6 3 0 0 20 0 0 0 0 0 15 0 0 8 0 0 0 12 0 36 0 39 0 38 0 
0 0 0 0 0 18 17 0 0 0 0 0 0 42 0 0 49 0 0 0 0 0 0 0 0 0 0 0 41 0 40 38 0 0 0 0 0 0 0 0 0 0 0 8 0 0 7 0 0 
0 0 0 0 0 0 0 0 29 0 32 0 0 0 0 39 0 0 0 36 38 11 7 0 13 0 0 8 0 0 0 0 0 0 0 0 0 0 14 0 0 0 0 0 44 0 42 45 0 
30 0 0 0 0 0 0 0 0 0 0 0 0 0 0 0 0 0 0 0 0 0 0 0 41 0 0 0 6 0 0 0 0 0 0 0 0 0 0 0 0 0 0 0 0 0 0 0 0 
0 3 0 0 0 0 0 0 0 0 0 0 0 31 0 0 0 44 0 0 0 14 0 0 16 0 0 0 0 0 29 27 0 0 0 0 20 18 0 0 0 0 0 0 47 0 0 0 0 
0 0 0 0 0 0 0 0 0 0 0 0 0 38 47 0 0 0 0 0 0 0 0 0 0 0 22 18 0 0 36 0 35 0 0 30 0 0 0 0 0 0 0 0 0 0 0 6 0 
47 0 0 46 0 0 0 0 0 30 0 0 0 0 33 0 0 0 0 0 34 0 0 0 0 0 0 0 0 0 0 0 0 0 0 0 13 0 0 0 0 0 44 0 0 0 38 41 0 
0 17 0 0 0 0 20 0 46 0 0 1 0 0 0 0 0 0 0 0 0 28 0 0 0 0 0 25 0 0 0 0 42 0 0 0 0 0 0 0 0 0 0 0 12 0 0 0 15 
0 0 36 0 37 35 0 12 0 16 0 0 13 0 0 0 0 23 0 18 20 42 0 40 0 41 0 0 0 0 0 0 0 5 0 0 0 0 0 0 0 0 0 0 0 0 0 0 0 
26 0 0 0 0 0 0 5 0 0 0 0 6 0 12 0 0 0 0 0 0 0 0 0 0 0 0 0 0 45 0 0 0 0 0 44 41 0 0 0 0 43 0 0 0 0 0 0 22 
0 0 0 0 0 0 0 0 0 0 0 22 20 0 0 0 0 0 0 0 0 0 0 0 0 0 0 0 0 10 15 0 14 0 0 0 0 0 0 0 0 0 37 0 0 0 0 0 0 
0 23 0 24 0 0 26 0 3 0 0 0 5 0 0 0 0 0 0 10 0 0 0 0 0 0 0 0 0 0 0 0 48 0 45 0 40 0 0 0 0 0 0 0 0 0 16 19 0 
0 0 0 0 0 0 0 0 0 0 48 0 0 0 0 6 0 8 0 3 0 0 0 0 0 0 0 0 0 0 0 0 0 0 0 0 0 31 0 0 0 0 0 0 0 0 9 0 0 
39 0 0 0 0 0 0 0 0 22 0 21 0 0 0 0 0 29 0 0 0 0 0 0 0 0 0 45 0 9 0 0 0 11 0 0 0 0 0 4 0 0 0 0 0 0 0 0 0 
0 2 0 0 0 0 5 0 0 0 0 0 0 0 39 41 0 0 0 0 0 0 0 0 0 0 14 0 0 0 0 0 0 0 0 22 0 0 16 18 0 0 1 0 0 0 0 0 0 
0 0 35 0 36 34 0 0 0 0 0 0 0 0 0 20 0 0 0 0 19 41 0 0 0 0 42 0 8 0 0 0 0 0 3 0 0 0 0 46 0 0 0 24 25 27 0 0 0 
0 0 0 0 0 0 47 0 0 0 0 0 0 0 0 0 0 36 0 0 0 0 0 0 0 0 0 3 0 0 0 0 0 0 17 0 0 0 0 11 0 0 0 0 0 0 0 0 42 
0 0 14 0 0 0 0 0 0 43 0 42 40 0 0 0 0 0 49 0 47 0 16 0 0 0 0 17 0 0 0 0 0 0 0 0 0 0 23 0 27 0 8 0 0 0 0 5 0 
48 0 0 0 3 0 0 0 0 0 0 0 0 0 0 0 0 0 0 0 0 0 0 0 0 0 0 0 0 0 23 21 0 0 0 0 0 0 0 0 0 0 0 0 41 43 0 0 44 
0 0 0 12 0 0 0 0 40 45 0 0 0 0 0 0 0 0 0 47 0 0 0 0 0 0 0 0 0 0 0 0 0 0 0 0 0 0 25 27 0 0 0 0 6 0 0 0 0 
0 18 0 0 0 0 0 0 47 0 0 0 0 0 0 0 0 0 0 0 0 0 0 27 0 0 30 0 0 0 0 0 0 0 0 0 0 0 32 0 0 0 0 0 0 0 0 0 0 
0 0 9 0 10 0 0 34 0 0 36 37 0 0 0 0 39 0 0 0 0 15 0 0 17 0 0 0 0 25 0 28 0 0 0 0 21 0 0 20 0 0 0 47 0 0 0 0 0 
0 0 0 0 0 0 0 13 0 0 0 0 0 11 20 0 0 0 0 0 0 0 0 41 0 0 0 0 0 0 0 0 0 0 0 0 0 0 0 48 0 0 31 0 0 0 0 0 30 
0 0 0 0 0 0 0 0 5 0 0 0 0 0 0 0 0 0 16 0 0 0 0 34 0 0 0 0 3 0 0 0 0 0 0 0 0 40 0 0 43 0 0 0 0 0 0 0 0 
0 39 0 40 0 0 42 0 0 0 0 0 21 0 0 0 0 31 0 0 0 0 46 0 0 0 0 0 0 0 0 0 0 13 0 0 0 0 0 0 0 0 38 0 0 0 32 0 0 
0 0 0 20 0 23 0 0 48 0 0 3 0 0 0 9 0 0 0 6 0 0 26 0 0 0 0 0 0 0 0 0 0 0 0 0 0 34 0 0 37 0 0 0 0 0 0 0 17 
0 0 45 41 0 44 43 0 0 0 23 0 0 0 0 0 0 0 31 0 29 0 0 0 0 0 3 0 18 0 17 0 0 0 0 0 0 6 0 0 9 0 0 0 0 0 33 0 0 
0 0 0 0 39 0 0 0 0 0 0 17 0 12 0 0 0 0 24 0 0 44 0 0 0 0 45 0 11 0 10 8 9 7 6 0 0 48 0 0 2 0 0 0 0 0 0 0 0 
49 0 0 48 0 0 0 28 0 0 30 31 0 26 0 0 0 0 0 0 0 9 5 0 0 8 0 0 0 0 0 0 0 0 0 18 0 0 0 14 0 0 46 41 42 44 40 0 0 
28 0 0 0 0 0 29 0 0 11 0 0 0 0 0 0 0 0 0 0 0 0 0 35 0 36 38 0 0 0 0 1 0 49 0 0 0 0 0 42 44 0 0 0 0 0 0 0 0 
0 0 17 0 0 16 0 42 41 46 44 0 0 0 0 0 0 0 0 0 0 0 0 0 0 0 0 20 0 0 0 0 0 0 0 0 0 0 0 0 0 0 0 0 0 0 0 8 0 
0 0 0 6 0 0 0 0 0 0 0 0 0 0 0 0 40 0 0 0 43 0 0 0 18 0 17 0 0 0 0 29 30 0 27 25 0 0 0 0 0 24 0 0 0 0 0 0 0 
