7
0 0 0 0 0 0 0 0 0 0 0 0 0 0 23 22 0 0 25 0 0 0 0 0 0 0 0 34 0 0 0 0 0 0 0 0 19 20 0 0 0 0 0 0 0 0 3 7 0 
0 0 0 17 0 0 0 0 0 38 0 0 0 41 0 0 6 0 0 0 7 0 0 0 0 0 0 13 0 0 0 24 0 0 0 0 0 48 0 0 0 0 33 0 0 0 31 0 0 
0 0 0 3 0 0 0 0 0 24 0 22 28 0 0 36 0 0 0 0 42 0 45 0 0 0 0 48 0 9 0 10 12 0 0 0 33 0 0 0 0 0 0 0 0 18 0 0 0 
0 0 0 0 0 0 0 0 0 31 0 29 0 0 0 0 0 0 46 0 0 0 0 0 0 0 0 0 0 0 0 0 0 0 0 42 0 41 0 0 0 39 26 0 0 0 0 0 0 
0 0 23 0 0 28 0 44 0 0 0 0 0 0 0 8 0 12 0 0 0 0 0 0 16 0 0 0 0 0 0 0 0 0 0 0 5 0 2 0 0 0 0 0 0 0 0 0 0 
0 32 0 0 0 0 0 0 0 0 0 1 0 0 16 0 0 0 0 0 0 0 0 0 23 0 0 0 0 0 36 0 0 0 0 0 0 0 0 0 0 0 0 0 0 0 0 0 0 
0 46 44 0 0 0 0 0 18 0 0 0 21 0 0 0 0 0 0 0 0 0 0 0 0 42 0 0 0 2 1 0 0 0 0 28 26 0 0 0 0 0 0 0 13 11 0 0 0 
0 0 0 0 47 0 0 0 0 0 0 0 0 0 0 0 0 37 0 0 0 0 0 0 0 0 0 0 0 6 0 7 0 0 8 0 0 0 27 0 0 29 16 0 0 15 14 0 0 
0 0 0 0 19 0 0 0 0 42 0 0 0 0 0 0 0 0 0 7 11 0 0 0 0 0 0 17 31 0 0 28 30 0 0 0 0 0 0 0 0 0 0 0 0 0 0 0 0 
0 0 0 7 0 0 9 0 0 28 0 0 0 0 0 0 0 0 43 0 0 2 49 47 0 4 0 3 0 0 0 0 0 0 0 0 0 0 0 0 0 0 0 0 0 0 0 0 0 
0 15 13 14 0 0 16 0 36 0 0 0 0 0 0 0 0 2 0 0 0 0 0 0 0 0 8 0 0 0 0 21 0 0 0 0 0 0 0 0 40 43 0 0 31 0 0 0 0 
0 0 0 0 0 0 0 0 8 0 0 0 0 0 0 0 0 23 22 21 0 30 0 26 0 0 0 0 0 0 0 0 44 0 0 0 16 0 13 14 0 0 0 0 0 0 0 0 0 
0 0 0 0 0 32 0 48 0 0 0 0 0 0 0 0 0 0 0 0 0 23 21 0 0 25 0 24 0 0 0 0 0 0 0 0 9 0 6 0 0 8 0 40 0 0 0 0 0 
0 0 41 0 0 0 0 0 0 0 0 0 18 0 27 26 31 30 0 0 0 0 35 0 0 0 0 0 3 0 0 0 0 4 0 25 23 0 20 0 0 0 0 0 10 0 0 0 0 
0 0 0 0 0 0 27 0 0 46 0 0 0 0 0 0 0 0 12 0 15 0 0 16 0 0 0 0 0 31 0 0 0 0 33 8 0 0 0 0 0 0 0 0 0 0 0 0 0 
21 0 0 18 0 22 0 0 0 0 41 0 0 0 0 0 0 0 5 4 8 0 0 0 10 0 0 0 28 24 0 0 27 0 26 0 0 0 0 0 0 0 0 0 0 0 0 0 0 
0 0 0 0 0 0 0 0 0 0 0 30 36 0 45 0 49 0 47 0 0 6 0 0 0 0 0 0 0 0 16 18 0 22 0 0 0 0 0 0 0 0 0 23 28 0 0 0 0 
35 0 31 0 0 0 0 3 5 0 0 0 0 0 17 0 21 0 0 0 0 0 0 23 0 29 26 0 0 0 0 0 41 0 0 0 0 14 10 0 0 0 0 0 0 0 0 0 0 
0 47 0 0 44 0 0 0 0 0 0 0 22 0 0 0 0 0 0 0 0 0 0 0 0 0 0 42 0 0 0 0 6 0 0 0 0 0 0 0 0 0 0 0 0 0 0 0 0 
0 0 0 0 37 43 0 0 12 0 0 0 0 14 24 0 28 0 0 0 0 0 0 0 0 0 33 0 0 0 0 0 0 0 0 22 20 0 0 0 0 0 0 0 0 0 0 8 0 
0 0 0 0 0 8 0 24 0 0 27 23 0 0 0 0 0 0 0 0 43 0 0 44 0 0 47 0 0 0 0 0 13 0 0 0 0 0 0 0 0 33 0 0 21 19 0 22 0 
0 0 0 0 0 0 0 0 0 0 0 0 26 0 35 0 0 38 0 0 0 0 0 0 0 0 0 0 0 0 0 0 0 12 0 0 0 0 0 0 0 0 0 0 0 0 15 0 14 
0 0 28 0 27 0 0 0 2 0 0 0 0 0 0 0 0 0 0 0 0 0 0 0 0 0 23 0 0 35 0 0 0 0 0 0 0 0 0 0 0 0 45 0 0 0 0 47 0 
0 0 0 0 0 0 10 0 0 0 0 0 0 0 0 0 46 0 0 43 0 0 0 0 0 5 0 0 0 0 0 15 0 0 0 0 0 0 0 36 0 0 0 20 0 23 0 0 21 
0 0 0 0 0 0 0 0 0 0 0 0 0 0 21 0 25 0 0 0 0 0 0 0 0 0 30 0 0 0 0 0 0 0 0 0 0 0 0 0 0 0 0 0 0 0 0 0 0 
0 0 0 0 0 0 0 35 0 36 0 0 0 0 0 0 0 0 0 0 0 0 8 0 7 0 0 0 0 0 20 0 0 26 0 0 0 0 0 0 0 0 31 0 0 30 29 0 0 
0 0 42 0 0 0 0 0 16 15 0 13 0 0 0 0 0 0 0 0 33 0 0 0 35 40 0 0 0 0 0 0 0 0 0 0 24 25 0 0 20 23 0 0 0 0 0 0 0 
25 0 0 0 0 0 0 0 44 0 0 41 0 0 0 0 0 0 0 0 0 17 0 0 14 0 0 0 0 0 0 0 31 0 0 0 0 0 0 0 0 0 0 0 0 0 0 0 0 
0 14 0 13 0 0 0 0 0 0 0 32 0 0 0 0 0 0 0 48 0 8 6 4 0 0 0 0 0 0 0 0 0 0 0 0 0 0 0 0 0 0 0 0 0 28 0 0 0 
0 49 0 0 0 3 0 19 0 0 0 0 24 0 0 0 0 0 0 0 0 0 0 0 0 0 42 0 9 0 0 0 8 0 0 31 0 0 0 0 0 28 0 0 0 0 0 0 12 
0 0 0 0 32 0 36 0 0 0 0 0 10 0 0 18 0 0 0 20 0 0 0 25 0 0 28 30 44 0 0 0 0 45 42 0 15 0 0 0 0 0 0 0 2 0 0 0 47 
0 0 0 27 0 0 0 0 0 48 0 0 3 2 0 0 16 0 0 0 0 0 0 0 0 0 21 0 0 33 32 0 0 38 35 0 0 0 0 0 0 0 0 0 0 0 41 0 40 
44 0 0 0 0 45 0 0 0 0 0 11 0 0 0 0 0 0 0 0 0 0 34 0 0 0 0 0 2 0 0 0 1 0 0 0 0 0 0 20 18 21 0 0 0 7 0 10 0 
0 0 0 0 0 0 22 0 42 0 0 0 0 44 0 0 0 0 0 0 10 0 13 11 0 0 0 0 0 0 0 0 0 31 0 0 1 2 0 0 46 0 0 0 37 0 0 0 33 
0 7 0 0 0 0 0 0 28 0 0 25 0 0 0 39 44 0 0 0 0 0 0 46 0 0 0 0 0 0 11 0 15 0 14 0 36 0 0 0 0 0 0 0 23 0 0 0 0 
0 0 0 0 0 0 0 0 0 0 0 0 0 0 0 0 0 0 0 0 0 11 0 0 0 0 0 0 0 0 21 23 0 0 0 0 0 47 0 44 0 0 0 0 33 0 0 34 0 
40 0 0 0 0 41 0 0 10 0 0 0 0 0 0 0 0 0 0 0 0 0 0 0 0 0 31 0 47 0 42 0 46 0 45 0 0 0 0 0 14 0 0 0 0 0 0 0 0 
0 0 0 44 0 0 0 0 0 0 0 0 0 0 0 28 0 32 0 0 0 0 0 35 0 0 0 0 0 0 0 0 4 0 0 0 0 0 22 0 21 0 11 0 0 0 0 0 0 
0 0 0 0 0 0 32 0 0 0 0 49 6 0 0 14 0 0 17 0 20 0 0 0 0 0 0 0 0 0 0 0 39 0 0 13 0 12 0 9 0 10 0 0 0 45 0 0 0 
12 10 8 0 0 0 0 0 0 0 0 0 34 0 0 0 0 0 0 0 0 0 0 0 0 0 0 0 0 0 0 0 18 0 0 0 0 0 0 0 0 0 0 0 0 0 0 0 22 
0 0 1 2 0 6 0 0 24 0 25 21 0 0 0 0 0 0 38 0 0 0 0 0 43 0 0 0 0 8 0 0 0 13 0 0 0 0 0 0 0 31 0 0 0 17 0 20 0 
0 24 0 0 21 0 25 0 45 0 46 0 48 47 0 0 12 11 0 0 0 0 0 0 0 0 0 0 0 29 0 30 0 0 0 0 4 0 0 2 0 0 0 0 0 0 0 0 0 
22 0 0 0 17 0 0 39 41 0 0 0 44 43 0 0 0 0 0 0 9 14 12 0 0 0 0 0 0 0 0 0 0 0 27 0 49 0 46 0 0 0 0 31 0 0 0 37 32 
0 0 0 5 0 0 7 25 0 0 0 24 0 0 0 0 0 42 41 0 0 0 0 0 46 0 0 0 0 0 0 12 0 0 0 37 0 0 0 0 0 0 0 0 0 0 0 0 18 
0 0 0 0 0 0 14 0 34 0 0 0 0 0 0 0 0 49 0 0 0 7 0 3 0 0 0 0 22 0 0 0 0 0 0 0 0 0 0 0 0 0 0 0 0 0 0 30 25 
29 0 25 0 0 30 0 46 48 47 0 0 2 0 11 0 15 14 13 0 0 0 0 0 0 0 0 0 36 0 0 0 0 0 0 0 0 0 0 0 0 0 0 0 0 0 0 0 0 
0 0 0 0 0 0 0 4 6 0 7 0 0 0 0 0 22 0 20 19 0 0 0 24 25 0 0 0 0 39 0 0 0 0 0 0 14 0 0 0 10 0 0 0 0 0 0 0 0 
0 0 39 0 0 0 0 0 0 12 0 0 0 0 25 0 0 28 0 0 0 0 0 0 0 0 0 0 0 0 45 0 0 0 48 0 0 0 0 0 0 0 0 0 0 6 0 0 0 
0 0 0 0 0 0 0 0 0 19 0 0 23 0 0 0 0 35 0 0 0 0 40 38 39 0 0 0 0 0 3 0 0 0 6 0 0 0 0 0 0 0 0 0 0 0 12 0 0 
