8
50 0 0 0 55 54 0 0 34 0 0 0 0 36 39 35 11 16 0 9 15 0 13 14 0 0 0 5 4 0 2 3 0 24 0 18 17 23 19 21 61 60 64 58 0 63 57 62 29 0 27 30 26 31 28 0 47 0 48 44 46 43 42 41 
34 33 35 40 0 38 36 0 18 24 0 0 21 0 23 19 59 64 0 0 0 0 61 62 54 0 0 0 52 0 50 51 4 8 6 2 1 7 3 0 45 44 0 42 0 47 41 46 13 9 11 0 10 15 0 16 31 29 32 0 30 0 26 25 
0 57 59 0 63 0 60 61 42 0 41 46 45 44 47 0 19 24 20 17 23 18 21 22 14 16 9 13 0 15 10 11 0 0 0 0 0 31 27 29 5 4 0 0 3 7 1 6 37 33 0 38 34 39 36 0 0 53 0 52 54 51 50 49 
42 0 43 48 47 46 44 45 0 0 25 30 0 28 31 27 3 0 0 0 0 0 5 6 62 64 57 61 60 63 58 59 12 16 14 0 0 15 11 13 53 0 56 50 51 55 49 54 21 17 19 0 0 23 0 0 39 37 40 36 38 35 34 33 
10 9 0 16 15 14 12 0 58 0 57 0 61 60 63 59 0 40 36 33 0 0 37 38 30 32 0 29 28 0 26 27 44 48 46 42 0 0 0 0 21 0 24 18 19 23 17 22 53 49 0 54 50 55 52 0 0 5 0 4 6 3 2 0 
26 25 27 32 31 30 28 29 10 0 9 14 13 12 15 11 0 0 0 49 55 50 0 54 0 0 41 45 44 47 42 43 60 64 62 58 57 63 59 61 37 0 40 0 0 39 33 38 0 1 3 6 2 7 4 8 23 21 24 20 22 19 18 0 
2 1 3 0 0 6 4 5 0 0 49 0 0 0 55 51 0 32 28 0 31 26 0 0 22 24 17 21 20 23 18 19 36 40 0 34 33 39 0 0 13 0 16 10 11 15 9 14 45 41 0 46 42 47 0 0 63 61 0 60 0 0 58 57 
18 0 19 24 23 22 20 21 2 8 1 0 0 4 7 3 43 48 44 41 0 42 0 0 38 40 33 0 0 0 0 35 52 56 54 0 49 55 51 53 29 28 32 26 0 0 25 0 0 0 0 0 58 0 60 0 15 13 0 12 0 0 10 9 
53 52 54 59 0 0 55 56 37 43 36 41 40 39 42 38 14 19 15 12 0 0 16 17 0 0 0 8 7 10 0 6 0 27 25 21 0 0 0 24 64 0 0 61 62 2 60 1 32 28 30 33 0 34 0 0 50 48 0 47 49 46 0 44 
0 60 62 3 0 1 0 0 45 51 0 49 48 47 50 0 0 0 0 20 0 21 24 0 17 19 0 16 15 0 13 14 31 35 33 29 28 34 0 32 8 0 11 5 6 10 4 0 40 36 38 41 0 42 39 43 58 0 59 55 0 54 53 0 
5 4 6 0 0 0 0 8 53 59 0 0 56 55 58 0 30 0 0 28 34 29 32 33 0 27 20 24 0 26 21 22 0 43 0 37 36 0 38 40 16 15 0 13 14 18 12 17 48 0 0 49 0 50 47 51 0 64 3 63 1 62 61 60 
37 36 0 0 0 41 0 40 21 27 20 25 24 23 0 22 0 3 63 60 2 0 64 1 0 59 52 56 0 58 53 54 7 0 9 0 4 10 6 0 48 47 51 45 46 50 44 0 0 12 0 0 0 18 15 0 34 0 0 31 33 30 0 28 
0 44 46 51 50 49 47 48 29 35 0 0 32 31 34 30 6 11 7 4 0 5 8 9 1 3 0 64 63 2 0 62 15 19 17 13 12 18 14 16 56 55 59 0 54 0 52 57 24 20 22 25 21 26 23 0 42 40 43 0 41 38 0 36 
29 28 30 35 34 33 31 0 13 19 0 17 16 15 18 14 0 0 55 0 58 53 0 0 0 0 44 48 47 50 0 46 0 3 1 61 60 2 0 0 40 39 43 37 38 42 0 0 0 4 0 9 5 10 7 11 26 0 27 0 0 22 21 20 
13 12 14 19 18 17 0 0 0 0 0 0 64 0 2 0 0 43 39 36 42 37 0 41 33 35 28 32 31 0 29 30 47 0 49 0 0 50 0 0 0 23 27 0 22 0 20 25 56 0 54 57 53 0 55 59 10 0 11 7 9 6 5 4 
21 20 22 27 26 25 0 24 5 0 4 9 8 7 10 6 46 51 47 44 50 0 48 49 0 43 36 40 39 0 37 38 55 0 57 53 52 58 54 0 32 31 0 29 0 34 28 0 0 60 62 1 0 2 63 0 0 16 19 15 0 0 0 12 
9 8 10 15 0 13 11 12 57 63 56 61 60 59 0 0 0 0 0 32 38 0 36 0 29 31 24 28 27 30 0 0 0 47 45 41 40 46 42 44 20 19 23 17 0 0 16 21 0 0 50 53 49 54 0 0 6 4 7 3 5 2 0 64 
41 0 42 47 46 45 43 44 25 0 24 29 0 27 30 26 0 0 3 64 0 1 4 0 61 0 56 60 59 62 0 58 11 15 0 9 8 0 0 0 0 51 0 49 0 0 48 53 0 16 18 0 17 0 0 23 38 36 39 0 0 34 33 32 
0 56 58 0 62 61 59 60 41 47 40 45 0 43 0 0 18 23 19 0 22 0 0 21 13 0 8 12 11 0 9 10 0 0 29 0 24 0 26 28 4 3 0 1 2 6 0 0 36 32 0 37 33 38 35 39 54 0 0 51 0 50 0 48 
25 24 26 31 30 29 27 28 9 15 8 0 12 11 14 10 50 0 51 48 54 49 0 53 45 0 40 44 0 46 41 0 59 0 0 0 56 62 58 60 0 35 39 33 34 0 32 37 4 0 2 0 0 6 0 7 0 0 23 19 21 18 17 16 
49 48 50 55 54 0 51 0 33 39 32 37 36 0 38 0 0 0 11 8 0 0 12 13 5 7 64 4 3 0 1 2 19 23 21 17 16 22 18 20 0 59 63 57 58 0 56 61 0 24 26 29 25 0 0 31 0 44 47 0 0 42 41 40 
33 32 34 39 38 0 35 0 17 0 0 0 20 19 0 18 0 63 59 0 62 0 60 61 53 55 0 52 51 0 49 50 3 7 5 1 64 6 0 4 44 43 47 41 0 0 40 45 12 0 10 0 9 14 0 0 30 28 31 27 29 26 0 24 
0 16 0 23 22 0 0 0 0 0 0 5 0 3 6 2 42 47 0 40 46 41 0 0 0 39 32 36 35 0 33 34 51 55 53 0 0 54 50 52 28 27 0 0 26 30 0 0 60 56 58 61 0 62 59 63 14 0 0 11 13 10 9 8 
0 64 2 0 6 5 3 4 49 55 48 53 52 51 54 0 26 31 27 0 30 25 28 29 0 0 16 20 19 22 17 0 35 0 37 0 32 38 34 0 0 0 15 9 10 14 8 0 44 40 0 45 41 0 43 47 62 60 63 59 61 58 57 0 
23 0 0 29 28 0 25 26 7 0 6 11 0 9 0 0 0 53 49 0 52 0 0 0 43 45 0 42 41 44 39 0 57 0 59 0 0 60 0 58 34 0 37 0 0 36 30 35 2 62 64 3 0 0 1 5 20 18 21 17 19 0 15 0 
63 62 0 5 4 0 1 2 0 53 0 0 0 49 52 48 24 29 0 0 0 23 26 27 0 21 14 18 17 0 0 16 33 37 35 31 0 0 0 34 10 9 0 7 0 12 6 11 42 0 40 43 39 44 41 45 60 0 61 0 59 0 55 0 
39 38 0 45 44 43 0 0 0 0 22 27 26 0 28 24 64 0 1 62 4 63 0 0 0 61 54 0 57 60 55 0 0 13 0 7 6 12 8 0 50 49 53 47 48 52 46 51 18 14 16 19 15 20 17 21 36 0 0 33 35 32 0 30 
7 0 8 13 12 0 9 10 55 61 54 0 0 57 60 0 0 0 33 0 36 31 34 0 27 29 22 26 25 28 23 0 41 45 0 39 38 44 40 42 18 17 21 0 16 20 14 0 50 0 48 51 47 52 49 53 0 0 5 0 3 64 0 0 
55 54 56 61 0 0 57 0 39 0 0 43 42 0 44 0 16 0 0 14 20 15 18 19 11 0 0 10 0 0 0 0 0 29 0 23 22 0 24 26 0 1 5 63 0 0 0 0 34 0 0 35 31 36 33 0 0 50 53 0 51 48 47 0 
15 14 0 21 20 19 17 18 0 5 62 0 2 1 4 64 0 45 41 38 0 39 42 43 35 0 0 34 0 0 0 32 49 53 51 0 46 52 48 50 26 0 29 23 24 0 0 27 58 54 56 59 55 0 57 61 0 0 13 9 11 8 7 6 
31 30 32 0 0 35 0 34 15 21 14 19 0 0 0 16 56 61 0 54 60 0 58 59 51 0 46 50 49 0 47 0 0 5 3 0 62 4 64 2 0 41 45 39 0 44 38 43 0 6 8 11 7 12 9 13 28 26 29 25 27 0 23 0 
47 46 48 53 52 51 49 50 31 37 30 35 0 0 36 32 8 13 9 6 0 7 10 11 3 5 62 0 0 4 63 0 17 0 0 0 14 20 16 18 0 57 0 0 56 60 54 59 26 22 24 0 0 28 25 29 44 0 45 41 43 40 0 38 
62 61 63 4 3 0 64 0 46 0 45 50 49 48 0 0 0 0 0 21 27 22 25 0 18 20 13 17 0 19 14 15 0 36 34 30 0 35 31 33 0 0 12 0 0 0 5 0 41 0 39 42 38 43 0 44 0 57 0 56 58 0 54 0 
54 53 55 60 59 58 56 0 38 44 0 42 41 0 43 39 0 20 16 0 19 14 17 18 10 12 5 0 8 0 0 0 24 0 0 22 21 27 23 25 0 64 0 62 63 3 0 0 0 29 31 34 30 0 32 36 51 49 52 48 50 0 46 45 
30 0 31 0 35 34 32 33 0 0 13 0 0 0 19 15 55 60 0 0 59 54 0 58 50 52 45 49 48 51 0 47 0 4 2 62 0 0 0 0 41 40 44 38 39 43 37 0 0 5 7 0 0 11 8 12 0 0 28 24 26 23 22 21 
14 0 15 20 0 18 16 17 62 0 61 2 1 64 3 63 39 44 40 0 43 0 41 42 0 0 29 33 0 35 30 31 0 0 50 46 45 51 0 49 0 24 0 0 0 0 21 0 57 53 55 58 0 59 0 0 0 9 12 8 0 7 6 5 
6 0 7 12 11 10 8 0 54 0 53 58 57 56 0 0 31 36 32 29 35 30 0 0 0 28 21 25 24 27 22 0 40 44 0 38 37 0 39 41 17 16 20 14 15 19 0 18 49 45 0 50 46 51 0 0 0 0 4 64 2 63 62 0 
0 21 23 0 27 26 24 0 6 12 5 0 9 8 11 7 47 52 48 45 0 46 0 50 42 44 37 41 0 0 0 39 56 60 58 54 0 0 55 0 0 32 36 0 0 35 29 0 1 61 63 0 62 3 64 0 0 0 20 16 0 15 14 0 
0 37 39 0 43 42 0 41 0 28 21 0 0 24 27 23 0 0 64 61 0 0 1 2 58 60 0 0 56 0 54 0 8 12 10 6 0 0 7 9 49 48 52 46 47 51 45 0 0 13 15 0 14 19 16 20 35 33 36 32 0 31 30 29 
46 45 47 52 51 0 0 49 30 0 29 0 0 32 0 31 7 12 8 5 11 0 9 10 2 4 61 0 64 3 62 0 16 20 18 14 0 19 0 17 0 56 60 54 55 0 53 58 25 21 0 0 22 0 24 28 0 0 44 0 42 39 0 37 
51 0 52 57 56 55 0 54 35 0 34 0 38 37 40 36 12 17 13 10 16 0 0 15 7 0 2 6 0 8 3 4 0 25 23 19 18 24 20 22 62 61 1 59 0 64 0 0 30 26 0 0 27 32 29 33 48 0 49 45 47 0 43 42 
0 0 20 25 0 0 21 0 0 9 2 7 6 5 0 0 44 0 45 42 48 43 46 47 39 0 34 0 0 40 35 36 53 0 55 51 50 0 52 54 30 0 33 27 0 32 26 31 62 0 0 0 59 0 61 1 16 14 17 0 15 12 11 0 
27 0 28 33 32 31 29 30 11 17 10 0 14 13 0 0 52 57 0 50 0 51 54 55 47 0 0 0 45 48 43 44 61 1 63 0 0 64 0 62 38 37 41 35 0 40 0 0 0 2 4 7 0 8 5 0 0 0 25 21 23 20 0 18 
35 0 36 41 0 39 0 38 19 25 18 23 0 0 24 20 60 1 61 0 64 59 62 63 0 0 50 0 53 56 51 52 5 0 7 3 2 0 0 6 0 0 49 43 0 48 42 47 14 10 12 15 0 16 0 17 32 30 33 29 0 28 27 26 
59 0 60 1 64 63 61 0 0 0 0 47 0 45 0 44 20 0 0 18 24 19 22 23 0 17 10 14 13 16 11 12 29 33 31 27 26 32 28 30 6 5 9 0 4 8 2 7 38 0 36 0 35 0 37 0 56 0 57 0 0 52 51 50 
3 0 0 9 8 7 5 6 0 57 50 55 0 53 56 52 28 33 0 26 32 27 0 31 23 0 0 22 21 24 19 20 37 41 0 0 34 40 36 0 14 13 17 11 0 16 10 15 0 42 44 47 0 48 45 49 64 62 1 0 63 60 0 0 
0 42 44 49 0 0 45 46 27 33 26 0 30 0 32 28 0 9 0 2 0 3 6 7 63 0 58 62 61 64 0 60 13 17 15 11 0 16 0 14 54 53 57 0 52 0 50 55 0 18 20 23 0 24 21 25 40 0 41 0 39 36 35 0 
0 10 12 0 16 15 13 14 59 1 0 63 62 61 64 60 0 0 0 34 0 35 38 0 31 33 26 30 29 32 27 0 45 49 47 43 0 0 44 46 22 21 0 19 20 0 18 23 54 0 52 55 51 56 53 57 8 6 0 5 7 4 0 0 
0 0 61 2 1 64 0 0 0 50 0 48 0 46 49 45 21 0 22 19 25 20 23 24 16 0 11 0 14 17 0 0 30 34 0 0 27 33 0 31 7 6 10 4 0 0 3 8 0 35 37 40 0 41 38 0 57 55 0 54 0 0 52 0 
28 0 29 34 33 32 30 31 12 18 11 16 15 0 17 13 53 58 54 51 0 52 0 56 48 50 0 47 46 49 44 0 62 2 64 60 59 1 61 63 39 38 42 36 0 41 35 40 7 3 5 8 4 9 6 0 25 23 26 22 24 0 20 19 
20 19 0 26 0 0 22 0 4 10 0 8 0 6 9 0 0 50 46 43 0 44 0 48 0 42 35 39 38 41 0 0 54 0 56 0 51 57 53 0 31 0 34 0 29 33 27 32 63 0 0 0 0 0 62 2 17 15 18 0 16 13 12 0 
0 3 5 10 9 8 0 7 0 58 51 56 55 54 57 53 29 34 0 27 0 28 0 32 24 26 0 23 22 0 0 21 38 0 40 36 0 41 37 39 0 14 0 12 13 17 0 16 0 43 45 0 44 49 46 0 1 63 0 0 0 0 60 0 
52 51 53 58 0 56 54 0 36 42 35 0 39 38 41 37 13 18 0 0 17 12 0 16 0 0 3 0 0 9 0 5 0 26 24 20 0 25 21 23 63 62 2 0 61 0 59 0 31 27 0 0 28 33 30 34 49 47 50 46 48 0 44 43 
0 43 45 50 0 0 46 47 28 34 27 32 31 30 0 0 5 10 6 0 9 4 0 8 64 2 59 63 62 1 60 0 14 18 0 12 11 17 13 0 55 0 0 0 53 0 51 56 23 19 21 24 20 25 22 0 41 39 42 0 0 37 0 0 
12 11 13 18 0 16 14 15 60 2 59 0 63 0 1 0 0 0 38 35 41 36 0 40 32 34 27 0 30 33 0 29 46 50 48 0 43 49 45 47 0 0 0 0 0 0 0 0 55 51 53 56 52 57 54 58 0 7 0 6 0 5 4 0 
0 35 37 42 0 40 38 0 0 26 0 24 23 22 25 0 0 2 0 59 1 60 63 64 0 0 0 0 54 0 52 53 6 10 0 4 3 9 5 0 47 0 0 44 45 49 43 48 15 11 13 0 12 17 14 0 33 0 0 30 32 0 28 27 
16 15 0 22 21 20 18 19 64 6 0 4 3 2 0 0 41 0 0 39 45 40 43 44 0 38 31 35 0 37 0 0 50 0 52 48 47 0 49 0 27 0 30 24 25 29 0 0 0 0 57 60 0 61 58 0 13 11 14 10 0 0 8 7 
0 0 0 46 45 44 0 43 24 30 23 28 27 26 0 25 1 0 2 63 5 64 0 0 0 62 55 0 58 61 56 57 0 14 12 8 7 13 9 11 51 50 54 0 49 0 47 52 19 0 17 0 16 0 18 0 0 0 38 34 36 33 32 31 
0 23 0 0 29 28 0 27 8 14 0 12 11 0 13 9 49 54 0 47 53 48 0 52 44 0 39 0 42 45 0 0 0 62 0 0 0 61 57 59 35 34 0 0 0 0 31 36 3 63 0 4 64 5 0 6 21 19 0 18 20 0 16 15 
64 0 1 6 0 0 2 0 0 54 0 52 51 50 53 0 25 0 26 23 29 24 27 28 20 0 15 0 18 21 16 0 0 38 36 32 31 37 0 35 0 0 14 8 9 13 7 12 43 39 0 44 40 0 42 0 0 59 62 58 0 57 56 0 
48 47 49 54 53 52 50 51 0 0 0 36 35 34 37 33 9 14 10 7 13 0 11 12 4 6 63 0 2 5 0 0 18 22 20 0 15 0 17 19 59 58 62 56 57 61 0 60 27 23 25 28 0 29 26 30 0 43 0 42 44 41 40 39 
32 31 33 0 37 36 0 35 16 0 0 20 19 0 21 17 57 62 58 55 61 56 0 0 52 54 47 0 50 0 48 0 2 6 4 64 63 5 0 3 43 42 0 40 41 45 0 0 0 0 9 12 8 13 10 14 29 0 30 26 28 0 24 23 
8 7 9 14 13 0 10 0 56 62 55 60 59 0 61 0 0 38 0 31 37 32 35 36 0 0 23 27 0 29 24 0 42 46 0 40 39 45 41 43 19 18 22 16 0 21 15 0 51 47 49 0 0 0 50 54 5 0 6 2 0 1 64 63 
0 55 57 62 0 60 58 0 40 46 39 0 0 42 45 41 0 22 0 0 21 16 19 0 0 14 0 0 10 0 8 9 0 30 0 24 23 29 0 0 0 2 0 64 1 5 63 4 0 31 33 0 0 37 34 38 53 51 54 50 52 49 48 0 
