8
50 48 0 51 47 45 46 0 57 53 0 0 58 55 0 60 0 26 0 28 24 22 0 0 12 6 9 8 0 11 7 5 17 14 19 0 16 0 0 13 0 36 32 31 35 29 34 33 0 38 0 0 42 0 0 0 0 62 64 1 0 3 4 0 
18 16 20 0 15 0 14 17 25 0 22 0 26 23 24 28 53 0 0 60 56 54 57 0 44 38 41 40 42 43 39 37 0 46 51 50 0 0 52 45 62 4 64 63 3 61 2 0 9 6 0 0 10 8 0 5 29 30 32 33 34 35 36 31 
2 0 4 0 63 0 62 1 9 5 6 11 10 0 8 0 37 42 39 44 40 38 41 43 28 0 25 0 26 0 23 21 0 30 0 34 0 31 36 0 46 52 48 47 0 0 50 0 57 0 59 60 58 0 0 0 0 14 0 17 0 19 20 15 
26 0 28 0 0 21 22 25 33 0 30 0 34 0 32 36 61 2 0 4 64 62 1 0 0 46 49 48 0 0 47 45 57 54 0 0 56 55 0 53 6 12 8 7 0 0 10 0 17 14 19 20 18 16 15 13 37 0 40 41 0 0 44 39 
42 40 44 43 39 37 0 0 49 45 46 0 0 0 48 52 13 18 15 20 16 0 0 0 0 62 0 64 2 3 63 0 9 6 0 10 8 7 12 5 22 28 24 0 27 0 26 0 33 30 35 36 34 0 31 0 53 0 56 57 58 59 60 0 
58 56 60 0 0 53 54 57 1 61 0 3 2 0 64 4 0 34 31 0 32 30 33 35 20 14 17 0 18 0 15 0 25 0 27 26 24 0 28 0 38 44 40 39 43 0 0 0 49 46 51 0 50 48 47 45 0 6 8 0 10 11 12 7 
34 0 0 35 31 29 30 33 41 37 38 43 42 39 40 0 0 0 7 12 8 0 9 11 0 54 0 0 58 0 55 53 1 62 3 2 64 63 4 61 0 20 16 15 19 0 18 17 25 22 27 28 26 24 23 21 45 46 48 49 0 0 52 47 
10 8 12 0 7 5 6 9 17 13 14 19 18 15 16 20 45 50 47 0 0 0 49 51 36 30 33 32 34 0 31 0 41 38 43 42 40 0 44 37 54 60 56 55 59 53 0 57 1 0 3 4 2 64 0 61 21 22 24 25 26 27 0 0 
54 52 56 0 51 0 50 53 61 57 58 63 0 59 60 64 25 30 27 32 0 0 29 31 0 10 13 0 14 0 0 9 21 18 23 22 20 19 0 17 0 40 36 35 0 33 38 37 45 42 47 0 46 0 0 0 1 2 4 5 0 7 8 3 
14 12 16 15 11 0 10 13 0 17 18 23 22 19 0 24 0 0 0 0 52 50 53 55 40 34 37 0 38 39 0 33 45 42 47 46 44 43 48 41 58 0 60 0 63 57 0 0 0 2 7 8 0 4 3 0 25 26 0 29 30 31 32 0 
22 20 24 0 19 17 18 21 29 25 26 31 0 27 28 0 0 0 0 64 60 58 61 63 48 42 45 44 0 47 0 41 0 50 55 54 52 51 0 49 2 0 0 3 7 1 6 0 13 0 15 16 14 12 11 9 0 34 36 37 0 0 0 35 
0 4 0 7 3 1 2 5 0 9 10 15 14 11 12 0 0 46 0 48 44 42 45 47 32 26 29 28 30 31 27 25 37 0 39 38 36 0 0 33 50 0 52 51 55 49 0 53 61 58 0 64 62 0 59 57 17 0 20 0 22 0 0 19 
46 44 48 0 43 0 0 45 53 49 50 55 0 51 52 56 0 22 19 0 20 18 21 0 8 2 5 4 6 0 0 1 13 0 15 0 12 11 16 9 26 32 0 0 31 25 30 29 37 34 0 40 38 36 35 33 57 58 60 61 62 63 64 59 
62 60 0 0 0 57 58 61 5 1 0 7 6 3 4 8 0 0 0 40 36 34 37 39 24 18 21 20 22 23 0 0 29 0 31 30 28 27 32 25 0 0 0 43 47 41 46 45 53 50 0 0 54 52 51 49 9 0 12 13 14 0 16 11 
38 36 0 0 35 33 34 37 0 41 42 47 46 43 44 48 9 14 11 16 12 10 0 0 64 58 61 60 62 0 0 57 5 2 0 6 0 0 8 1 0 24 20 19 23 17 22 21 0 0 31 32 30 28 27 25 0 50 52 53 0 55 56 51 
30 28 32 31 0 25 26 0 0 33 34 39 38 35 36 40 1 6 3 0 4 2 5 7 56 50 53 52 0 0 51 0 0 58 63 0 60 0 0 57 10 16 12 0 15 0 14 13 21 18 0 24 22 0 19 17 0 42 44 45 46 47 0 43 
55 53 0 56 52 50 51 54 62 0 59 64 0 60 61 0 26 31 0 0 0 27 30 32 17 11 0 13 15 16 12 10 22 19 0 23 0 20 25 0 35 41 37 36 40 34 39 38 46 43 48 49 47 45 44 0 2 3 0 6 0 8 9 0 
15 0 17 0 12 10 11 14 22 18 19 0 0 20 21 25 50 55 52 0 53 51 0 56 41 0 38 0 39 40 36 0 46 0 0 0 45 44 49 0 59 1 61 60 64 0 63 62 6 3 0 9 7 5 0 2 26 0 29 30 31 0 33 28 
31 29 33 32 28 26 27 30 0 34 35 40 0 36 0 41 0 7 4 9 0 3 6 0 57 51 54 53 0 0 52 50 62 59 64 63 0 60 1 0 0 17 13 12 16 10 0 14 0 0 24 25 0 0 20 18 42 0 45 0 47 48 0 0 
0 0 25 24 0 18 0 0 30 0 27 32 31 28 0 33 58 0 60 1 61 0 62 64 49 0 46 0 0 0 44 0 0 0 56 55 53 52 0 0 3 9 5 0 8 2 7 0 14 11 0 17 15 0 0 10 0 0 37 38 0 0 41 36 
47 0 49 0 44 0 43 46 54 50 51 56 55 52 53 57 0 23 20 25 0 19 22 24 9 3 6 5 7 8 4 0 14 11 16 0 13 12 0 10 27 0 29 0 32 26 31 30 38 35 40 41 0 37 0 0 58 59 0 62 63 64 1 60 
0 5 9 8 0 2 3 6 14 0 11 16 15 0 13 0 42 47 44 0 45 0 0 48 0 0 30 29 0 32 28 26 38 0 40 39 0 36 0 34 0 0 53 52 0 50 0 0 62 59 0 0 63 61 60 58 0 19 21 22 23 24 25 20 
0 61 0 64 0 58 59 62 6 2 3 8 0 0 5 9 34 39 36 41 0 0 0 40 25 19 22 21 23 24 20 0 30 27 32 31 0 0 0 26 43 49 0 44 48 0 47 46 0 51 56 0 55 53 0 0 0 11 0 14 15 16 17 12 
39 37 41 40 36 34 0 38 46 42 43 48 47 44 45 0 0 15 12 0 0 11 0 16 1 0 62 61 63 0 60 58 6 3 0 7 0 4 9 2 19 0 21 0 0 18 23 22 30 27 0 33 31 0 28 26 50 51 0 0 0 56 57 52 
41 39 43 42 38 36 37 0 48 0 45 50 49 46 47 51 0 0 0 19 15 13 0 18 0 0 0 0 1 0 0 60 8 5 0 9 7 6 11 0 21 27 23 22 26 20 25 0 32 0 0 35 33 31 30 28 0 53 55 0 0 58 59 54 
0 0 0 50 0 44 45 0 56 52 53 0 57 54 55 0 20 25 0 27 0 21 0 26 11 5 8 7 9 10 6 0 16 13 18 0 15 14 19 12 29 0 0 30 34 28 33 32 40 37 0 0 0 39 38 36 60 0 63 0 1 0 3 62 
33 31 35 0 30 28 29 32 0 36 37 0 0 38 39 43 4 9 6 11 7 0 8 0 59 53 0 55 57 0 54 52 0 61 2 0 0 0 3 0 13 19 15 14 18 12 17 0 0 21 26 27 0 23 22 0 44 0 47 48 49 50 0 46 
0 55 59 58 54 52 0 0 64 60 61 2 1 0 63 0 28 33 0 35 0 29 32 34 19 0 16 15 17 18 14 12 24 21 26 25 23 22 27 20 37 43 39 38 42 36 0 0 0 0 50 51 49 47 46 44 4 5 7 8 0 10 0 0 
0 7 11 10 0 4 5 8 16 12 13 18 17 14 0 0 0 49 46 51 0 45 48 50 35 29 32 31 33 34 0 28 40 37 0 0 39 38 43 36 53 0 55 54 58 52 0 56 0 61 2 3 0 0 0 0 20 21 0 0 25 26 27 22 
1 63 0 2 0 60 61 64 8 4 5 10 9 0 7 11 36 41 0 0 39 0 40 42 27 0 24 0 25 26 22 20 0 29 0 33 31 0 0 28 45 51 0 0 50 44 49 48 0 53 58 59 57 55 54 52 12 13 15 16 17 18 19 14 
25 23 0 26 22 0 21 0 32 0 0 34 0 30 31 0 60 1 62 0 0 61 0 0 51 45 48 0 0 50 0 44 56 53 58 0 55 54 0 52 5 11 7 6 10 4 9 8 16 0 18 0 17 15 14 12 36 37 0 40 41 42 43 38 
0 15 0 0 14 0 0 0 24 0 21 26 0 22 23 0 52 0 54 59 55 0 56 58 43 37 40 39 41 42 38 0 0 45 50 49 0 46 0 44 61 3 0 0 0 60 1 0 8 5 10 11 9 0 6 4 28 29 0 0 33 34 35 30 
61 59 0 62 58 56 0 60 4 64 0 6 0 2 3 7 32 0 34 39 35 33 0 38 23 17 20 19 0 0 18 0 28 25 30 0 27 26 0 0 41 0 0 42 0 40 0 0 0 49 54 55 53 51 50 48 8 0 11 0 13 14 15 10 
37 35 39 0 34 0 33 0 44 40 41 46 45 0 43 47 8 13 0 0 11 9 12 14 63 57 60 59 61 62 0 56 4 1 6 5 3 2 0 64 17 0 19 18 22 16 21 20 28 25 0 0 0 27 26 24 0 49 0 52 0 54 0 50 
13 11 0 14 10 8 9 12 20 16 17 22 21 18 19 23 48 53 0 55 51 49 52 54 0 33 36 35 0 38 34 32 44 41 46 0 43 42 0 0 57 0 0 58 62 56 61 0 0 1 6 0 0 0 0 64 24 25 0 28 29 30 31 26 
0 51 0 0 0 48 49 52 0 56 57 0 61 0 59 63 24 29 0 0 0 0 0 0 15 9 0 0 0 14 0 8 20 17 22 21 19 18 23 16 33 39 35 34 38 32 37 36 44 41 46 47 45 43 42 40 64 1 3 4 5 0 0 2 
5 0 7 0 2 64 1 4 0 8 9 14 13 10 11 15 40 45 42 47 43 0 44 46 31 25 28 0 29 0 0 0 36 33 38 0 35 34 39 0 49 55 0 50 54 0 0 0 60 57 0 0 61 59 58 0 0 17 19 20 0 0 23 0 
29 0 31 0 0 0 25 28 36 32 33 38 37 0 35 0 64 5 2 7 0 1 4 6 0 49 0 0 53 54 50 48 60 57 0 61 59 58 63 56 9 0 0 10 14 0 0 12 0 17 22 0 0 19 18 0 40 41 43 44 45 46 47 42 
45 43 0 46 42 40 41 44 0 48 49 54 53 50 0 0 16 21 18 23 0 17 0 22 0 1 4 0 5 6 0 64 12 0 14 0 0 10 0 8 0 31 27 26 30 0 0 28 36 33 38 0 37 35 34 32 56 57 59 60 61 0 0 58 
21 0 23 0 18 16 17 20 0 24 25 0 0 26 27 31 56 61 58 0 0 57 0 62 0 0 44 43 0 46 0 0 52 49 0 0 0 50 55 48 0 7 0 0 0 64 5 4 0 9 0 15 13 11 0 8 32 33 35 0 37 38 0 34 
43 0 45 44 40 0 39 42 50 46 47 52 0 48 49 0 14 0 16 0 0 15 0 20 5 63 0 1 3 4 64 62 0 0 12 0 9 0 13 6 0 0 25 24 0 22 27 26 34 31 36 0 0 33 32 30 54 55 57 0 59 0 0 56 
11 0 13 0 8 6 7 0 18 14 0 0 19 0 17 21 0 51 0 53 0 0 50 0 0 31 34 33 35 36 32 30 42 39 44 43 41 40 0 38 55 61 0 0 60 54 0 58 0 63 4 5 3 1 64 0 22 0 0 26 27 28 29 0 
51 49 53 0 48 46 47 0 58 0 0 0 59 0 57 61 0 27 24 29 0 0 0 28 13 7 0 9 11 12 8 6 18 15 20 19 0 16 21 0 31 37 33 32 36 30 35 34 0 39 0 0 0 41 40 38 62 63 1 2 0 4 0 0 
19 17 21 20 16 14 0 0 26 22 23 0 27 24 25 29 54 0 0 0 57 55 58 0 45 39 42 41 0 44 40 38 50 0 52 0 0 48 53 46 0 0 1 64 0 62 3 2 10 7 0 13 0 9 0 6 30 0 33 34 35 36 37 32 
3 1 0 4 64 62 0 0 10 0 7 0 11 0 9 13 38 0 0 45 41 39 42 44 29 23 0 0 27 28 24 22 0 31 36 35 0 32 37 30 47 53 0 48 52 0 0 50 0 55 60 61 59 0 56 0 14 0 17 0 0 0 21 16 
27 25 29 28 24 0 23 26 0 0 31 36 35 32 0 0 62 3 64 5 1 0 2 4 53 0 50 49 51 0 0 46 0 55 60 59 0 56 61 54 7 0 0 8 12 0 0 10 18 15 20 21 0 0 0 14 0 39 41 42 43 0 45 40 
35 33 37 36 32 0 31 0 42 38 0 44 43 40 41 45 6 0 8 0 9 7 0 0 0 0 58 0 59 60 0 54 2 63 4 0 0 0 5 62 0 0 17 0 0 14 19 0 26 23 28 29 27 0 24 22 46 47 0 50 0 52 53 48 
0 0 61 60 0 54 55 58 2 62 63 4 0 64 0 5 0 0 32 37 0 31 34 36 0 15 18 17 19 20 16 14 26 0 0 27 25 0 0 22 39 45 41 0 44 38 43 0 50 0 52 53 51 49 0 46 6 7 9 0 11 12 0 8 
32 0 34 33 29 27 28 31 39 35 0 0 40 37 38 42 3 8 5 0 6 0 7 9 58 52 55 54 56 57 0 51 63 0 1 64 0 61 2 59 0 18 14 0 17 11 16 0 0 0 25 26 24 22 0 19 43 44 46 0 0 0 50 45 
40 38 0 41 37 35 36 39 47 43 44 49 0 0 46 50 0 16 0 18 14 12 15 0 0 60 63 62 64 1 0 59 0 4 9 0 0 5 10 3 20 26 22 0 0 19 24 0 31 28 33 0 32 30 0 27 51 52 0 55 56 57 58 0 
64 62 2 1 61 59 0 63 0 3 4 9 8 0 6 10 0 40 37 0 38 36 0 0 26 20 0 0 24 0 21 19 0 28 33 32 30 29 34 0 44 50 46 45 49 43 48 0 0 0 57 58 56 54 53 51 11 12 14 15 0 17 18 13 
8 0 10 9 5 0 4 7 15 11 12 17 0 0 14 0 43 48 0 50 46 44 47 0 34 28 0 30 0 33 29 27 39 36 41 40 38 37 42 0 52 58 0 53 57 51 0 55 63 0 1 2 64 62 61 59 19 20 0 23 24 0 0 21 
48 0 50 49 45 0 0 47 55 51 52 57 56 53 0 0 19 24 21 26 22 0 23 25 0 4 0 6 8 9 0 0 15 12 17 16 14 0 18 11 28 34 30 0 0 27 32 0 39 36 0 42 40 38 37 35 59 60 62 63 64 1 2 61 
16 14 0 17 13 0 12 0 23 19 20 0 24 21 0 26 0 56 0 58 54 52 55 57 0 0 39 0 40 41 37 35 47 44 49 48 46 45 50 43 0 0 62 61 1 59 64 63 7 0 0 0 8 6 5 3 0 28 30 31 32 0 0 0 
24 22 26 25 0 19 0 0 0 27 28 33 32 29 30 34 59 64 0 0 62 60 0 0 50 44 0 0 48 0 45 43 0 52 0 56 0 53 58 0 4 0 6 0 9 3 8 7 0 12 17 0 16 14 13 11 0 36 38 0 40 0 42 37 
56 0 58 0 0 51 52 55 63 59 0 1 64 61 0 0 27 32 29 0 30 28 31 33 18 0 15 14 16 17 13 11 23 0 25 24 0 21 0 0 36 0 0 37 41 0 40 0 47 44 49 50 48 46 45 0 0 0 6 7 8 9 0 5 
20 0 22 0 0 15 16 0 0 23 24 29 0 25 0 0 55 60 0 0 58 0 59 61 0 40 43 42 44 45 41 39 51 48 0 52 0 49 0 47 0 0 2 1 0 63 4 0 0 8 13 14 0 10 0 7 31 32 0 0 0 37 38 33 
44 0 46 45 41 39 40 43 51 0 48 53 52 49 50 0 0 20 17 22 0 0 0 21 6 0 0 2 4 5 1 63 0 8 0 0 0 9 14 7 24 30 26 25 0 0 28 27 0 0 0 38 36 34 33 31 0 0 58 59 60 61 0 57 
36 0 38 37 33 0 32 35 43 39 40 45 44 41 42 46 0 12 9 14 10 8 0 13 0 56 0 58 60 61 0 55 0 64 5 4 2 1 6 63 16 22 18 17 0 15 20 19 27 24 29 0 0 0 25 0 0 48 0 51 0 53 0 49 
0 58 62 0 57 55 0 59 0 63 64 5 4 1 2 6 31 0 0 0 34 0 0 37 0 16 19 18 20 21 17 15 27 24 0 28 26 25 30 23 40 46 42 41 45 39 0 43 51 48 53 54 52 0 49 47 0 8 0 0 0 13 14 0 
4 2 0 5 1 0 64 3 11 7 8 13 12 9 10 14 39 44 41 46 0 0 0 45 0 24 27 26 28 29 0 23 35 32 37 36 34 0 0 0 48 54 50 49 0 47 52 51 0 56 0 0 60 58 57 0 15 16 18 19 0 21 22 17 
28 0 30 29 25 0 24 27 35 31 32 37 36 33 34 0 0 4 0 6 2 64 3 5 54 48 51 50 0 0 49 47 59 56 61 60 0 57 62 55 0 14 10 9 13 7 12 11 0 16 21 22 20 18 0 0 0 40 42 0 44 0 0 41 
0 10 0 13 0 7 8 11 19 15 0 0 20 17 18 0 0 52 0 0 0 48 51 0 0 32 0 34 0 37 33 31 43 40 45 0 42 41 0 39 56 62 58 57 61 55 0 0 3 64 5 6 4 0 1 63 23 24 26 0 28 29 0 0 
52 0 54 0 49 47 48 51 59 55 56 61 60 57 58 62 23 28 25 30 26 0 0 29 0 0 11 10 12 13 9 7 19 16 0 20 18 17 22 15 0 38 0 33 0 0 36 35 43 40 45 46 0 0 41 0 63 64 2 0 4 5 6 0 
