8
0 63 0 1 61 0 60 59 15 18 16 11 12 0 13 0 42 38 39 36 0 41 0 37 0 0 0 24 22 19 20 21 49 0 0 45 44 50 0 0 0 58 51 54 55 53 56 52 10 0 8 4 0 7 5 0 0 32 0 28 34 30 27 31 
0 55 54 0 0 56 0 51 0 0 8 3 4 0 0 9 34 30 31 28 27 33 32 29 17 15 18 16 14 11 12 0 0 0 40 37 36 42 0 0 49 0 43 46 47 45 48 44 2 0 64 60 62 0 0 0 25 24 21 20 26 22 0 0 
0 0 6 9 5 8 4 3 0 26 0 19 20 22 21 25 50 46 47 0 0 0 48 45 0 31 34 32 30 27 28 29 0 0 0 53 52 58 0 54 1 0 0 62 63 0 0 0 18 17 0 0 14 15 13 0 41 40 0 36 0 38 35 39 
0 39 0 41 0 40 0 0 55 58 0 51 0 54 53 0 18 14 15 12 11 17 16 13 1 63 2 64 62 59 60 61 0 23 24 21 20 26 19 22 33 34 27 30 31 29 0 28 50 49 48 0 46 0 45 43 0 0 5 4 10 6 3 0 
34 31 30 0 0 32 28 27 47 50 0 0 0 0 45 0 0 0 0 0 3 9 8 5 0 55 0 56 0 51 52 53 17 15 16 13 0 0 11 0 25 26 19 22 23 21 0 20 42 0 40 0 38 39 0 35 1 64 0 60 0 62 59 63 
0 0 22 0 21 0 20 19 39 0 40 35 36 38 37 41 2 0 63 60 59 1 64 61 49 47 50 0 46 0 44 45 9 7 0 0 4 10 0 6 17 0 11 14 0 13 16 0 0 33 32 0 30 31 0 27 0 56 53 0 58 0 51 0 
0 15 0 0 13 16 12 0 31 0 32 0 28 30 29 0 58 54 0 52 51 0 56 53 41 39 42 0 0 0 0 0 0 63 64 61 0 0 0 0 9 10 3 6 7 5 8 4 26 25 0 20 0 0 0 0 49 0 0 0 50 46 43 47 
50 47 46 49 0 48 0 43 63 2 64 0 60 62 61 1 26 22 0 20 19 0 24 21 9 7 0 8 6 0 4 0 33 31 32 0 28 34 27 0 41 42 35 38 0 37 40 0 58 57 56 0 54 55 53 0 17 16 0 12 18 14 11 0 
22 19 0 0 0 0 16 15 0 38 0 31 32 0 33 37 62 58 59 56 55 61 60 57 45 0 46 0 0 0 0 0 5 3 4 1 0 6 0 0 0 14 7 10 11 0 12 8 30 29 28 24 26 27 25 23 53 52 49 0 54 0 47 51 
54 51 0 53 49 52 48 0 0 6 4 63 64 2 1 5 30 26 27 24 0 29 0 25 13 11 14 0 0 7 8 9 37 35 0 33 0 38 0 34 45 0 39 0 43 0 44 40 62 61 60 56 58 59 57 0 21 20 17 16 22 18 15 0 
0 0 0 0 1 4 64 63 0 22 0 0 0 18 17 0 0 0 0 0 39 45 0 0 29 27 30 0 26 23 0 25 53 51 52 49 48 54 47 50 0 0 0 58 0 57 60 56 14 13 12 0 10 11 9 0 37 36 0 32 38 34 31 35 
46 43 0 45 41 44 40 39 59 62 60 55 0 58 57 0 0 0 0 16 0 21 20 17 0 3 6 4 2 63 0 1 29 27 0 0 0 30 0 0 37 38 0 34 35 33 36 0 0 53 52 48 50 0 49 47 13 12 0 0 14 10 7 11 
14 11 0 0 0 12 0 0 27 30 28 23 24 26 0 29 0 0 51 48 47 53 52 0 0 35 0 36 34 31 32 33 61 59 0 0 0 0 55 58 5 6 63 2 3 1 4 0 22 21 0 16 18 19 17 15 0 0 41 40 0 0 39 43 
62 59 58 0 57 60 56 0 11 0 0 7 8 0 9 13 38 0 35 0 31 37 36 33 21 19 22 0 0 0 16 17 45 43 44 0 0 0 0 0 53 54 47 50 0 49 52 0 0 5 4 64 2 0 1 63 29 28 25 24 30 26 23 0 
0 35 34 37 33 36 32 31 51 54 52 47 48 50 49 0 0 10 11 0 7 13 0 0 0 0 62 60 58 55 0 57 21 19 20 17 16 0 15 18 0 30 23 26 27 25 28 24 46 45 44 40 0 43 0 39 0 0 0 64 6 2 0 3 
0 27 26 29 0 28 24 23 0 46 44 0 0 0 41 45 6 2 0 0 0 5 4 1 0 0 54 52 50 0 48 49 0 0 12 9 0 14 7 0 21 22 15 18 0 17 20 16 0 37 36 0 34 35 0 0 61 60 57 56 62 58 55 0 
33 30 29 32 0 0 0 26 46 49 47 42 43 0 44 0 0 5 0 3 2 8 0 4 56 0 0 55 53 0 0 52 16 14 0 12 0 17 10 13 24 25 0 21 22 20 23 19 41 40 39 0 37 38 0 0 64 0 60 59 1 61 58 62 
25 22 21 24 20 23 0 18 38 41 39 34 35 37 36 0 0 61 62 59 58 64 63 60 48 46 0 0 0 42 43 0 8 6 7 0 3 9 2 0 16 0 10 0 14 12 0 11 33 32 31 0 0 30 28 26 56 55 52 51 0 53 0 54 
41 38 37 40 36 0 35 34 54 57 55 0 51 53 0 0 0 13 0 0 0 16 15 0 64 62 1 0 61 58 59 60 24 0 23 0 19 0 18 21 0 0 26 0 30 0 0 27 0 48 47 43 45 0 44 0 8 7 4 0 9 5 0 6 
0 46 45 48 44 47 43 42 62 1 63 58 0 61 0 64 25 21 22 19 0 24 23 0 8 6 0 7 0 2 3 0 32 0 31 28 27 33 0 29 0 41 34 0 38 36 0 0 57 56 55 51 0 0 0 50 16 15 12 11 0 13 0 14 
0 54 53 0 52 55 51 0 6 9 7 2 3 5 4 8 33 29 0 27 0 32 31 28 16 14 17 15 0 10 0 12 40 38 0 36 35 0 34 37 48 0 42 0 46 44 47 43 1 64 63 59 61 62 60 58 24 23 20 19 25 21 18 22 
1 62 61 64 60 63 0 58 14 17 15 0 11 13 0 16 0 0 38 35 34 40 39 36 24 22 25 23 0 18 19 20 48 46 0 0 43 49 42 45 0 57 50 0 54 52 55 0 9 0 0 0 5 6 4 2 0 0 28 27 0 0 0 30 
0 0 13 16 12 15 11 10 0 33 31 26 27 29 0 0 57 53 0 51 50 56 55 0 40 38 0 39 37 34 0 0 64 62 63 0 0 1 0 61 8 9 2 5 0 4 0 3 0 24 23 19 21 22 20 18 48 47 44 43 49 45 42 46 
9 6 5 8 4 7 3 0 22 25 23 18 0 0 0 0 49 45 46 43 42 48 47 0 32 30 33 31 0 0 27 28 56 0 55 52 51 0 50 53 64 1 58 61 0 0 0 59 0 16 15 11 13 14 12 10 40 0 36 35 0 37 34 38 
0 32 31 0 30 0 0 28 0 51 49 0 0 47 46 0 11 0 8 5 0 10 0 6 58 0 59 57 55 52 53 54 18 0 17 0 13 19 12 15 26 27 20 23 24 0 25 21 0 42 41 37 39 0 0 0 2 1 62 0 3 0 60 64 
59 56 55 58 0 57 0 52 8 11 9 0 5 7 6 10 0 0 32 29 28 34 33 0 18 16 19 0 15 0 13 14 42 40 41 38 37 43 36 0 50 51 44 47 48 46 0 45 3 0 0 0 63 64 62 60 26 25 0 21 27 23 0 0 
0 24 23 26 22 25 0 20 40 43 0 36 37 39 38 42 3 63 0 0 60 0 1 0 0 0 51 49 47 44 45 46 10 8 0 0 5 11 4 0 18 19 12 0 16 14 17 13 35 34 33 0 31 0 30 0 0 57 54 0 0 55 52 0 
19 16 15 18 14 17 13 12 32 35 0 0 29 0 30 34 59 55 56 53 52 58 0 54 42 40 43 0 39 36 37 38 0 0 1 0 0 3 0 63 10 0 4 7 8 0 9 0 27 26 25 21 0 0 0 20 0 49 0 45 0 0 44 0 
3 0 63 0 62 1 61 0 0 0 17 12 0 15 0 18 0 39 40 37 36 42 0 0 0 24 27 25 23 20 0 22 50 48 49 0 45 0 44 47 58 59 52 55 0 54 57 53 11 10 9 5 7 8 0 4 34 33 30 29 35 31 28 32 
0 40 39 0 0 41 37 36 56 59 57 0 53 55 54 58 19 15 16 0 12 18 17 14 2 0 3 1 63 60 61 62 0 24 25 0 0 27 0 23 34 35 28 31 32 0 33 29 0 50 49 0 47 48 46 0 10 9 6 5 11 0 4 8 
11 8 0 10 6 0 5 4 0 27 25 20 21 0 22 26 51 47 48 45 0 50 0 0 34 32 35 33 0 0 29 30 0 56 0 54 0 59 52 55 0 3 0 63 64 62 0 61 19 18 17 13 15 0 14 12 42 41 38 0 0 0 36 0 
51 48 47 50 46 49 45 44 0 0 0 0 0 63 62 0 27 23 24 21 20 26 25 22 10 0 11 9 7 0 0 6 0 32 33 30 0 35 28 31 42 43 36 39 40 38 0 0 59 58 0 53 0 0 54 52 18 17 14 13 19 15 12 16 
64 61 0 0 59 62 58 0 13 16 0 0 10 12 11 15 0 36 37 34 33 39 0 35 0 0 24 22 20 0 18 0 47 45 46 0 42 0 41 44 55 56 0 0 53 0 54 0 0 7 6 2 4 5 3 1 0 0 27 26 32 0 25 29 
0 45 44 0 43 46 42 41 61 0 62 57 58 0 0 63 24 0 0 18 0 23 0 0 0 5 8 6 4 0 2 0 31 29 0 27 26 32 0 0 39 40 33 36 0 0 38 0 56 55 54 50 0 53 51 49 0 14 11 10 0 0 9 0 
0 37 36 0 35 0 0 0 0 56 54 49 0 0 51 55 16 12 0 10 0 0 0 0 63 61 0 62 0 0 58 59 23 21 22 19 0 0 17 20 31 32 25 28 29 27 0 26 48 0 0 42 44 45 0 0 7 6 3 2 8 4 1 0 
0 5 4 7 3 6 2 1 21 24 0 17 18 20 19 0 48 44 45 0 41 0 0 43 31 0 32 0 28 0 26 0 0 53 0 0 50 56 0 52 63 64 57 60 0 59 62 0 0 15 14 10 12 13 0 9 0 38 0 34 40 36 0 37 
32 0 0 31 27 30 0 25 0 48 0 0 0 0 43 47 8 4 0 0 1 7 6 0 55 53 56 54 52 49 50 0 15 13 14 0 10 16 0 12 23 24 17 0 21 19 0 18 0 39 0 0 0 37 35 0 63 62 0 58 64 60 57 0 
16 13 0 15 11 0 10 0 0 0 30 25 26 28 27 31 0 0 0 50 49 55 54 51 39 37 0 0 36 0 34 35 0 61 62 59 58 64 57 60 7 0 1 0 0 3 6 2 0 23 22 18 20 21 0 17 47 46 43 42 48 0 41 0 
0 0 52 55 51 54 50 49 0 0 0 1 0 0 0 0 32 0 29 26 25 31 30 27 15 0 16 14 12 0 10 0 39 0 38 35 34 40 33 36 0 48 41 44 45 43 46 42 64 0 62 0 0 61 59 57 0 22 19 18 24 20 17 21 
24 21 20 23 19 22 0 0 37 40 38 33 0 0 35 39 64 60 61 0 0 63 62 0 0 45 48 46 44 41 42 43 7 5 0 0 2 8 0 4 15 16 0 12 13 11 0 10 32 31 30 26 28 29 27 0 55 0 51 50 56 52 49 53 
0 50 49 0 0 0 47 0 2 5 3 62 63 1 64 0 29 25 26 23 22 28 27 24 0 10 13 11 9 6 0 0 36 0 35 0 31 37 0 33 0 45 38 41 42 40 43 39 61 60 0 55 0 58 56 0 20 0 0 15 0 17 14 18 
0 2 1 4 64 3 0 62 18 21 19 0 0 17 16 20 0 0 0 39 0 44 43 0 28 26 29 27 0 22 0 24 52 50 51 0 47 53 46 49 0 61 54 57 58 56 59 55 13 12 11 7 9 10 0 6 0 35 32 31 37 0 0 34 
37 34 33 36 32 0 31 30 50 53 0 0 0 49 48 0 13 9 10 7 6 12 0 0 60 0 61 59 57 0 0 56 0 0 0 0 15 21 14 17 0 29 22 25 26 0 27 0 45 44 43 39 41 42 40 38 0 0 64 63 0 1 62 2 
0 10 0 12 0 11 0 6 26 29 27 0 0 25 0 28 53 49 50 0 46 0 51 0 36 34 0 35 33 0 0 32 60 58 59 0 55 61 0 0 0 5 62 1 0 0 0 63 21 20 19 15 17 18 16 0 44 0 0 39 45 41 38 42 
0 18 17 20 16 19 0 14 34 0 35 30 31 33 32 36 61 0 0 0 54 0 0 56 44 42 0 43 41 38 39 0 4 0 0 64 0 0 62 1 12 13 6 9 10 0 11 7 29 28 0 23 25 26 0 22 52 51 48 0 53 49 46 0 
45 0 0 44 0 43 0 38 0 61 59 54 0 57 56 60 21 0 0 0 14 20 0 16 4 2 0 0 0 62 63 64 28 26 0 24 0 0 0 25 0 37 0 33 0 32 35 0 53 52 0 47 0 50 48 46 0 11 8 7 13 0 6 10 
61 58 0 60 0 0 0 54 10 13 11 0 7 9 0 0 37 33 34 31 0 36 35 32 20 18 21 19 17 14 15 0 44 42 43 40 39 45 38 41 52 53 46 49 0 0 51 0 5 4 3 0 0 2 64 62 28 27 0 23 29 25 22 26 
29 26 25 28 24 27 23 0 42 45 43 38 39 41 0 44 5 0 2 0 62 4 3 64 52 50 53 0 49 0 47 0 12 10 11 8 7 13 6 9 20 21 14 17 0 16 0 15 37 0 0 0 33 34 32 30 60 59 56 55 61 0 54 0 
0 49 0 51 0 0 46 45 1 0 2 61 0 64 63 3 0 24 25 22 21 27 0 23 11 0 12 0 8 5 6 7 35 0 34 31 30 0 29 32 0 0 0 40 0 0 42 38 60 59 58 54 56 0 0 53 19 0 15 14 20 0 13 17 
0 57 56 0 55 58 54 0 9 12 10 0 0 8 7 11 36 32 0 30 0 0 0 31 19 0 20 18 16 0 14 0 43 41 42 39 0 44 0 0 51 0 45 48 49 47 50 46 0 0 2 62 0 1 63 61 27 0 23 22 28 24 21 25 
0 33 0 35 31 34 30 29 49 52 50 0 0 48 0 51 12 8 9 6 5 0 10 7 0 57 60 58 0 0 54 0 0 0 0 0 0 20 0 16 0 28 21 24 25 23 26 22 44 43 0 38 40 41 39 0 0 2 63 62 4 0 61 1 
44 41 0 43 39 0 0 37 57 60 0 53 54 56 55 0 0 16 0 14 13 19 18 0 3 1 4 2 0 0 62 63 27 0 26 23 22 28 0 0 35 36 29 32 0 31 0 30 0 0 0 46 48 49 47 45 11 10 0 0 12 8 0 0 
12 0 8 0 7 10 0 5 0 28 26 21 0 24 23 27 52 48 0 46 45 51 0 0 35 0 0 0 0 0 30 31 0 0 58 55 0 0 53 56 3 0 61 64 1 0 2 62 20 19 18 0 16 0 0 0 43 42 0 38 44 40 37 0 
28 25 24 0 0 26 0 21 0 44 42 37 0 40 0 43 4 0 1 62 0 3 2 63 0 49 52 50 48 45 46 0 11 0 10 7 6 12 5 8 19 0 0 16 0 15 0 0 0 35 34 0 0 33 31 29 59 0 0 0 60 0 0 0 
20 17 0 19 15 18 0 0 33 0 0 29 0 32 31 0 60 0 0 54 53 59 58 55 43 41 44 0 40 37 38 0 3 1 2 63 62 4 61 64 0 12 5 8 9 7 0 6 28 0 26 0 24 25 23 0 51 50 47 0 52 0 45 49 
4 1 64 3 0 2 62 0 17 0 18 13 14 0 15 19 44 40 0 38 0 43 42 39 0 25 28 0 24 0 22 23 0 49 50 47 46 0 45 0 0 60 53 56 57 55 0 54 12 0 10 6 0 0 0 0 35 0 31 30 36 32 29 0 
7 0 0 0 2 5 1 0 20 0 0 16 17 19 18 0 0 0 44 0 40 46 0 0 0 0 31 29 27 24 25 26 0 52 0 50 49 55 0 0 62 63 0 59 60 58 61 57 15 14 0 0 11 12 10 0 38 37 34 33 39 35 32 36 
0 0 27 30 26 0 25 24 44 47 0 0 0 43 42 46 0 0 4 0 64 6 5 0 54 52 55 0 51 48 49 50 14 0 13 10 9 0 0 11 22 0 0 0 20 0 21 0 39 38 0 33 35 36 34 32 62 61 58 57 63 0 56 0 
23 20 0 22 18 21 0 0 36 0 0 32 33 35 34 0 63 59 60 57 56 62 61 58 0 0 47 45 43 40 0 42 0 4 5 2 1 0 64 3 14 15 8 0 12 10 0 0 0 30 29 0 27 28 26 24 54 53 50 49 0 0 48 52 
39 36 35 38 34 0 33 32 0 55 53 48 49 51 50 54 0 11 12 0 8 14 13 10 62 60 63 61 59 56 57 58 22 20 21 18 17 23 16 19 30 31 24 27 28 0 29 0 0 0 0 41 0 44 42 40 6 0 2 1 0 3 64 0 
15 12 11 14 10 13 0 8 28 0 0 24 25 27 26 30 55 0 52 49 0 54 53 0 38 0 0 37 35 32 0 0 62 60 61 58 57 63 0 59 0 7 0 3 4 2 5 1 23 22 21 0 0 0 18 16 46 45 42 41 0 43 40 44 
55 52 51 54 50 53 0 0 4 7 5 64 1 3 2 0 31 0 28 0 24 30 29 0 0 12 15 0 0 8 0 0 38 36 37 34 33 39 0 35 0 47 40 43 44 42 45 41 63 0 61 0 59 0 58 0 22 21 18 17 0 0 16 20 
0 0 59 62 58 0 57 56 12 15 13 8 9 11 10 14 39 35 36 33 0 38 37 34 22 20 23 0 19 16 17 18 0 44 0 0 0 47 40 0 0 55 48 51 52 50 53 49 7 6 0 1 3 4 2 64 30 29 26 0 31 0 24 28 
47 0 43 46 0 0 41 40 60 0 61 56 0 59 0 62 23 0 20 17 16 22 21 18 6 4 7 0 0 64 1 0 0 28 0 26 0 0 0 27 38 39 32 35 36 34 0 0 55 54 0 49 0 52 50 48 14 0 10 9 15 11 0 12 
