8
0 3 5 63 0 4 0 1 53 50 52 46 51 48 49 47 29 23 27 0 0 0 25 28 19 21 0 20 17 14 18 0 0 45 43 44 42 0 0 38 0 7 8 6 10 11 13 9 0 0 58 61 60 59 56 57 30 31 0 34 0 0 36 33 
34 35 0 31 32 36 30 33 0 18 20 14 19 16 17 15 0 55 59 56 0 54 57 60 51 53 47 52 49 46 50 0 8 13 0 12 0 0 7 0 44 39 40 0 0 43 45 41 22 23 0 29 28 27 24 25 62 63 3 0 0 5 4 0 
10 11 0 7 0 12 6 9 0 58 60 54 59 0 57 55 37 31 35 32 34 30 33 0 27 29 23 0 0 22 26 24 0 53 51 52 50 49 0 46 20 0 16 14 18 19 21 0 62 0 0 5 0 3 0 0 0 39 43 0 40 0 0 0 
26 27 29 23 24 0 22 25 13 10 12 0 11 8 9 0 53 47 51 48 50 46 49 0 43 0 39 44 0 38 42 40 64 5 0 4 2 0 63 0 36 31 0 30 34 35 0 0 14 15 18 0 20 19 16 17 0 0 59 58 56 61 60 57 
0 19 0 15 16 20 14 17 5 2 4 0 0 64 1 0 45 39 43 40 42 38 41 0 35 37 31 36 0 30 34 0 56 61 59 60 58 0 55 54 0 23 24 0 26 27 29 0 6 0 10 0 12 11 8 9 46 47 0 0 48 53 52 49 
50 51 53 47 48 0 0 49 37 34 36 30 35 0 33 31 13 7 11 8 10 0 9 0 0 5 0 4 1 62 2 64 24 0 27 0 26 0 23 22 60 55 56 0 0 59 61 57 0 39 42 45 0 0 0 0 14 15 19 18 0 21 20 17 
0 43 45 39 40 0 38 41 0 26 28 0 27 0 0 23 5 63 0 64 2 62 1 4 59 0 55 60 57 54 58 56 16 21 0 20 0 17 15 14 0 0 48 46 50 0 0 49 0 0 34 37 36 0 32 0 0 7 11 10 8 13 12 0 
58 59 61 55 56 60 0 57 45 0 44 0 43 0 41 39 0 15 19 16 0 14 17 20 0 13 7 12 9 6 10 0 32 0 35 36 0 0 0 30 4 63 0 0 2 3 0 1 46 47 50 53 0 0 48 0 22 0 27 26 0 29 28 25 
0 0 0 0 38 42 36 0 0 24 0 0 25 22 23 21 3 61 1 62 64 60 0 0 57 59 0 58 55 52 56 54 14 0 17 18 16 15 13 12 50 45 0 44 48 0 0 47 0 29 32 35 0 33 30 31 4 5 9 0 6 11 10 7 
48 0 51 45 0 50 44 47 35 0 34 28 33 30 31 29 0 0 9 6 8 4 0 10 1 3 61 2 63 0 0 62 22 27 0 26 0 23 21 20 0 53 54 52 56 57 59 55 0 37 0 43 0 41 0 39 0 13 0 0 14 19 0 15 
56 57 59 53 54 58 0 55 43 40 0 36 0 38 39 37 19 0 17 14 16 12 0 18 9 11 0 10 7 4 8 0 30 35 0 34 32 0 29 28 2 0 62 0 64 1 0 63 44 45 0 51 0 49 46 47 0 21 25 24 22 27 26 23 
32 33 35 29 30 34 28 31 19 16 0 12 17 0 15 13 59 53 57 54 56 52 0 58 49 51 0 50 0 44 48 46 6 11 0 10 0 0 5 4 42 37 38 0 40 0 43 0 0 21 24 0 26 0 0 23 60 61 1 64 0 3 0 63 
0 17 19 13 14 18 0 0 3 64 2 0 1 62 63 61 43 37 41 38 0 36 39 0 0 0 29 34 31 0 32 30 54 59 57 58 56 55 53 52 26 0 22 20 24 25 0 23 4 5 0 11 10 9 0 7 0 45 49 0 0 51 0 0 
8 9 11 0 6 10 4 7 59 56 58 0 57 54 55 53 35 0 33 30 0 28 0 34 0 27 0 26 0 20 24 22 0 51 49 50 48 47 45 44 0 0 0 12 16 17 19 15 60 61 64 3 0 0 0 63 0 37 41 0 38 43 42 0 
24 25 0 21 22 26 0 0 0 0 10 4 9 0 7 0 0 0 49 46 48 44 0 50 41 43 37 42 39 36 40 38 62 3 1 2 64 0 0 60 0 0 30 0 0 33 35 31 0 13 0 0 18 0 14 0 0 53 0 56 54 0 58 55 
0 1 0 0 62 2 0 63 51 0 50 44 0 46 47 45 27 21 25 22 24 20 23 0 0 19 13 0 15 12 16 14 38 43 41 42 40 39 37 36 0 5 0 4 8 9 11 0 52 53 0 59 58 0 54 55 28 29 33 0 30 35 34 0 
0 28 30 0 0 29 23 26 14 0 13 7 12 9 10 8 0 48 52 49 0 0 50 0 44 46 40 0 42 0 43 41 1 6 0 0 0 2 0 63 0 32 33 31 35 36 38 0 15 16 19 0 21 0 0 0 55 56 60 59 57 0 61 58 
0 36 0 32 33 37 31 34 22 0 21 0 0 17 18 16 62 0 0 0 59 55 58 61 52 54 0 0 0 47 51 0 9 14 0 13 11 0 8 0 45 40 41 39 0 0 0 42 0 0 27 0 0 0 25 26 63 64 4 0 1 0 5 2 
0 60 0 56 57 61 55 58 46 43 45 39 0 41 42 40 22 0 20 17 19 15 0 21 12 14 8 13 10 0 0 9 33 38 36 37 0 34 0 0 5 0 1 63 3 4 6 2 0 0 51 0 53 52 49 50 23 0 0 27 25 0 29 0 
51 52 0 48 49 0 47 50 38 35 37 0 0 0 34 0 0 8 12 9 11 0 10 13 0 6 64 0 2 63 0 1 25 30 28 29 0 26 24 23 61 0 57 55 59 60 62 58 39 0 43 46 45 0 0 42 0 0 20 19 17 22 0 18 
0 44 46 0 41 0 39 42 0 27 29 23 28 0 26 0 0 64 4 1 3 0 2 0 60 62 56 61 0 0 59 57 17 0 0 21 19 18 16 15 53 48 0 0 51 52 54 0 31 32 35 38 0 36 33 0 7 0 0 11 9 14 13 10 
19 20 0 16 17 21 15 0 6 3 5 63 4 0 2 0 46 40 44 41 43 39 42 45 36 38 32 37 34 31 0 33 57 62 0 0 0 58 56 0 29 24 0 23 0 28 30 26 7 8 11 14 13 0 9 10 47 48 52 51 49 0 0 50 
11 12 0 8 9 13 7 0 0 59 61 55 0 57 0 56 38 32 0 33 35 31 0 0 28 0 24 29 0 23 27 0 49 0 52 0 51 50 48 47 0 16 17 15 0 20 0 18 63 64 0 0 5 0 1 0 39 0 44 43 41 46 0 0 
3 4 6 0 1 0 63 2 54 51 53 47 0 0 50 48 30 24 28 25 27 23 26 0 20 22 16 21 18 15 0 17 41 46 44 45 43 42 40 0 0 8 9 7 11 12 14 0 55 56 0 62 0 60 57 0 31 32 36 0 33 0 37 0 
63 64 0 0 61 1 59 0 0 0 49 43 48 45 46 44 0 20 0 0 23 0 0 0 0 18 0 17 14 11 15 13 37 0 40 41 39 38 36 35 0 4 5 3 7 8 0 6 51 0 55 58 57 0 53 0 27 28 0 31 29 0 33 30 
7 8 10 4 5 9 0 0 58 55 57 51 56 0 54 52 34 0 32 0 31 27 0 33 24 0 20 25 22 0 0 21 0 50 0 0 47 46 44 43 17 0 0 0 15 0 18 0 0 60 63 2 1 64 0 62 0 0 0 39 0 42 0 38 
31 0 34 28 0 33 27 30 18 0 0 11 16 13 14 12 58 52 56 0 55 51 54 57 48 50 0 49 46 43 0 45 5 10 0 9 7 6 0 3 41 36 37 35 39 40 0 38 19 0 23 26 25 0 21 22 59 60 64 63 61 2 0 62 
55 56 58 52 53 57 51 54 0 0 41 35 40 37 38 36 18 0 16 13 0 11 14 17 8 10 4 9 0 3 7 0 29 34 0 33 31 0 28 27 1 0 0 59 0 64 2 62 43 0 47 50 0 0 0 0 0 20 24 23 21 26 25 22 
0 40 42 36 37 0 0 0 26 0 25 0 0 21 0 20 2 0 64 0 63 59 62 0 56 58 0 0 54 0 0 53 0 18 16 17 0 14 0 11 0 44 45 43 47 0 50 46 0 0 31 34 33 32 29 30 0 4 8 0 5 0 0 6 
47 48 50 44 45 49 0 0 34 31 33 27 0 29 30 28 10 0 8 0 7 3 6 9 0 0 60 0 62 0 63 61 21 26 0 25 23 22 0 0 0 52 53 51 55 56 58 0 35 36 39 0 41 0 37 38 0 0 16 15 0 18 17 14 
15 16 18 12 13 17 11 14 2 63 0 59 64 61 62 60 0 36 40 37 39 35 38 0 32 34 28 0 30 0 31 0 53 0 56 57 55 54 52 51 25 20 0 19 0 0 26 0 3 0 7 10 0 8 5 0 0 44 0 0 45 50 0 46 
23 0 26 20 21 25 0 0 10 0 0 3 8 5 6 4 0 0 48 0 47 43 46 49 40 0 0 41 38 35 39 37 0 0 0 1 63 62 0 0 33 0 29 27 0 32 34 0 11 12 15 18 17 0 13 14 51 52 0 55 0 0 0 54 
0 63 0 0 0 0 58 61 0 46 0 42 0 44 45 43 0 0 23 20 22 18 21 24 15 0 0 16 0 10 14 12 36 41 39 40 38 37 35 0 8 3 4 2 0 7 9 5 50 51 54 57 56 55 0 53 26 27 31 30 28 33 32 0 
30 0 33 27 28 0 26 0 0 14 16 10 15 12 0 11 57 0 0 0 0 50 53 56 47 49 43 48 45 42 46 44 0 9 0 0 6 0 0 2 0 0 36 0 38 39 41 37 18 19 0 0 24 0 20 21 58 0 0 0 60 1 0 61 
0 7 9 0 0 8 0 5 0 54 0 50 55 52 53 51 33 27 31 28 30 0 0 32 0 25 0 24 0 18 0 20 44 0 47 48 46 45 43 42 16 11 12 10 14 15 17 13 0 59 0 1 64 63 60 61 0 35 39 0 36 41 40 37 
38 0 41 35 0 40 34 37 25 0 0 18 0 0 21 0 1 59 63 0 0 58 61 64 55 57 51 56 53 50 54 0 12 17 15 16 14 13 0 10 0 43 44 42 46 47 49 45 26 27 30 33 32 0 28 29 2 3 0 6 4 0 8 5 
22 0 25 19 20 24 0 21 9 0 8 2 7 4 0 3 49 0 47 44 46 42 45 48 39 0 35 40 37 34 38 36 0 1 63 64 62 61 0 58 32 0 28 26 30 31 0 29 10 11 14 0 0 15 12 0 0 51 55 0 52 57 0 53 
14 0 0 11 12 16 10 0 0 62 64 58 63 0 61 59 0 35 0 0 38 34 37 40 31 33 27 32 29 26 30 28 0 0 55 56 54 0 51 50 24 0 20 0 22 23 25 21 2 0 0 0 8 7 0 5 42 0 47 46 44 49 48 45 
54 55 0 51 0 56 50 53 41 38 40 0 0 0 37 0 17 11 0 0 0 10 13 16 7 9 0 8 0 2 6 4 28 33 0 0 30 29 0 26 64 59 60 0 0 63 1 0 42 43 0 49 0 47 44 0 0 19 23 22 20 0 24 21 
46 47 0 43 44 48 0 45 33 30 32 0 0 0 29 0 9 3 7 4 6 2 5 0 63 1 59 64 61 0 62 60 0 0 23 24 22 0 19 18 56 51 0 50 0 0 0 53 34 35 38 41 40 39 36 37 0 11 15 14 12 0 16 13 
5 0 0 0 3 7 0 4 56 53 55 49 54 0 52 0 32 26 0 0 29 0 0 31 22 0 18 23 0 17 21 19 0 0 46 47 45 44 42 0 15 10 0 9 0 14 16 0 0 58 61 64 63 0 59 60 33 34 0 0 35 40 39 36 
53 54 56 50 51 55 49 0 40 0 39 33 0 35 36 0 16 0 14 0 13 0 0 0 6 8 2 7 4 1 5 3 27 0 30 0 29 28 0 0 0 0 59 57 61 62 0 0 41 42 45 48 47 46 43 0 0 18 0 21 19 24 0 20 
37 0 40 34 35 39 0 36 24 21 23 17 22 19 20 18 64 58 62 59 61 57 60 0 54 56 50 55 52 49 53 51 0 0 14 15 13 12 10 9 47 42 43 41 0 46 48 44 25 26 29 32 31 30 0 28 1 2 0 0 0 0 7 4 
13 14 0 10 11 0 0 12 0 0 63 57 62 0 0 0 40 34 38 0 0 33 36 39 30 0 26 0 28 25 29 27 51 56 54 55 53 52 50 49 23 0 19 0 21 0 0 0 1 2 5 8 7 6 3 4 0 0 0 45 43 0 47 44 
0 30 32 0 27 31 25 28 16 13 15 9 0 0 0 0 56 50 54 51 0 49 0 0 46 0 0 0 0 41 45 43 0 8 6 7 5 4 2 1 39 0 0 0 0 38 0 0 0 18 0 24 0 22 19 0 57 58 62 61 59 0 63 60 
0 22 24 18 0 23 0 20 0 5 0 1 6 0 4 2 48 42 46 43 45 41 44 47 0 40 0 39 36 33 37 35 0 64 0 63 0 60 58 57 31 0 27 0 29 30 0 0 9 10 0 16 15 14 11 0 49 50 0 53 51 56 0 52 
45 46 48 42 43 47 0 0 32 0 0 0 30 27 28 26 0 2 6 0 5 1 4 0 62 64 0 63 60 57 0 59 19 24 22 23 21 20 18 17 55 50 51 49 53 54 56 52 33 34 37 0 0 38 35 36 9 10 14 13 11 0 0 12 
61 62 64 0 59 63 0 0 48 45 47 0 46 0 44 42 0 0 22 19 21 17 0 23 14 16 0 15 0 9 0 11 35 40 38 0 0 36 34 0 7 2 3 0 5 0 8 4 0 50 53 0 55 0 51 52 25 26 0 29 0 0 0 28 
0 0 0 9 10 14 8 11 0 60 62 56 61 0 59 57 39 0 37 34 36 32 35 0 29 31 25 30 0 24 28 26 50 55 0 54 0 0 49 0 22 17 18 16 0 0 23 0 0 1 4 7 6 5 2 3 40 41 45 44 0 47 46 43 
0 0 7 1 2 0 64 3 0 52 54 48 53 0 51 49 31 25 0 26 28 24 27 0 21 23 17 22 0 16 20 0 42 47 45 46 0 43 0 0 14 9 10 8 12 13 0 11 0 0 60 0 62 61 58 59 32 33 0 36 34 39 0 0 
0 0 39 0 34 38 32 35 23 0 22 16 21 18 19 0 63 57 0 0 60 56 59 62 53 0 49 0 0 48 52 50 10 0 0 0 12 0 9 8 46 41 42 40 44 0 0 0 0 25 28 31 30 0 0 27 64 1 5 4 2 7 0 3 
28 29 31 25 26 30 24 27 0 0 0 8 13 10 11 9 55 49 53 50 52 48 0 54 45 47 0 0 0 40 0 42 0 0 5 6 4 3 1 0 38 33 0 32 36 0 39 0 16 17 20 23 22 0 18 19 56 57 61 60 0 63 62 0 
20 0 23 17 18 0 16 19 0 4 6 0 5 2 3 1 47 41 0 42 44 40 43 0 37 39 33 38 35 32 36 34 58 63 61 0 60 59 57 56 30 25 26 24 28 29 31 27 0 9 12 15 14 13 10 11 48 49 53 52 50 55 54 0 
52 53 55 49 50 0 48 0 39 0 38 32 0 0 0 33 0 9 0 10 12 8 0 0 5 7 1 0 3 64 4 0 26 31 0 0 28 27 25 0 0 57 0 56 60 61 0 59 0 41 44 47 46 45 0 43 0 17 0 20 18 23 22 0 
60 61 63 0 58 62 0 59 0 44 46 40 0 0 0 41 0 17 21 0 20 16 19 22 0 15 0 14 0 8 0 10 34 0 0 38 0 0 33 32 0 1 2 64 0 5 7 0 0 49 52 55 54 53 50 0 24 25 29 28 26 31 30 27 
0 45 47 0 42 46 0 43 31 0 30 24 0 26 27 0 0 0 5 2 4 64 3 6 61 0 57 0 59 56 0 58 18 23 21 22 0 0 0 0 54 49 50 0 0 53 55 0 0 0 36 39 38 37 34 0 8 0 0 0 0 15 14 11 
0 42 44 38 39 0 37 0 0 25 27 0 0 0 24 0 4 62 2 0 1 61 64 3 58 60 0 0 56 53 0 0 0 0 18 19 17 16 0 13 0 0 0 0 0 50 52 48 29 30 0 36 0 34 0 0 5 6 0 9 7 12 0 8 
25 26 28 22 0 27 21 24 12 9 11 5 10 7 0 6 52 0 50 47 49 0 0 0 42 0 38 0 40 0 41 0 63 4 0 3 1 0 62 0 35 0 0 29 33 0 36 0 0 14 0 20 0 0 0 16 53 54 0 57 0 0 0 0 
0 0 52 46 47 0 45 48 36 0 35 29 34 31 32 30 0 6 10 7 9 5 0 11 0 4 62 0 0 61 1 63 23 0 26 27 0 24 22 0 0 54 55 53 57 58 60 56 37 38 41 0 43 42 0 40 0 14 18 17 0 20 0 16 
57 0 0 54 55 59 53 0 44 41 43 37 42 39 0 0 20 14 0 15 17 13 0 19 10 12 6 0 0 5 0 7 0 36 0 35 33 32 30 0 3 0 0 0 1 2 4 64 45 46 49 52 51 0 47 48 21 22 0 25 0 28 0 24 
9 10 12 0 7 11 5 8 60 57 0 53 58 0 56 54 0 30 34 31 0 29 0 0 26 28 0 0 0 0 25 23 47 52 0 51 49 48 46 45 0 14 15 13 0 18 0 0 61 62 1 4 3 2 0 64 0 38 42 0 39 44 43 0 
17 18 20 0 0 19 13 16 4 1 3 61 2 0 64 62 0 38 42 39 41 37 40 0 34 36 30 35 32 29 0 31 55 60 58 59 57 0 0 53 27 0 0 21 25 26 0 24 0 6 0 12 11 10 7 8 45 0 0 49 0 52 51 48 
0 0 4 62 0 0 0 64 52 49 0 45 50 0 48 46 0 22 26 0 25 0 24 0 18 0 0 19 0 0 0 15 39 0 42 43 0 40 38 0 11 0 7 5 9 10 0 8 53 0 0 60 59 0 0 56 29 30 34 0 31 36 35 32 
33 34 0 30 31 35 29 0 20 17 19 13 18 15 16 14 60 54 58 0 0 0 56 0 0 52 46 0 48 0 49 47 7 12 0 0 9 0 6 5 43 38 39 37 41 0 44 40 21 0 0 28 0 0 23 24 61 0 0 1 63 4 0 0 
