8
0 34 0 0 38 41 35 37 0 27 29 32 0 26 0 31 0 48 0 42 0 44 46 45 18 19 21 20 0 22 23 24 16 13 12 0 11 14 15 17 52 56 57 51 50 0 0 0 0 2 5 7 0 6 4 0 62 0 1 60 58 63 61 0 
0 18 20 0 22 25 19 21 0 11 13 16 17 0 0 15 33 32 27 26 31 28 30 29 2 0 5 0 9 0 0 0 64 61 60 58 59 62 0 0 36 40 41 35 34 39 37 0 57 50 53 0 56 54 52 51 0 43 0 44 42 47 45 48 
0 2 4 7 6 0 3 5 0 59 61 0 1 58 60 0 17 16 11 10 0 12 14 0 0 51 53 52 57 0 55 56 0 45 0 0 0 46 0 0 20 24 25 19 18 0 0 22 41 0 37 39 0 38 36 0 0 0 0 28 26 31 29 0 
0 0 28 31 0 33 27 29 22 0 0 0 25 0 0 23 41 40 35 34 39 36 38 0 10 11 13 0 17 0 15 16 0 0 0 2 3 6 7 0 44 48 49 43 42 47 45 46 1 0 0 63 0 62 60 0 54 51 0 0 0 55 53 56 
48 0 0 47 0 49 0 45 38 0 0 40 41 34 36 0 57 56 51 50 55 52 0 53 26 0 29 28 33 30 31 32 0 21 0 0 0 0 23 0 60 64 1 59 0 63 0 62 0 10 13 15 0 14 12 11 6 3 9 4 2 7 0 0 
16 10 12 15 0 17 0 13 6 3 5 8 9 2 4 7 25 0 19 0 23 0 22 21 58 59 61 60 1 62 63 64 56 53 52 50 51 0 55 0 28 32 33 27 26 31 29 0 49 0 45 47 48 46 44 43 0 35 41 36 34 0 37 40 
0 50 0 55 54 0 51 53 46 43 45 48 49 42 0 47 0 64 59 58 63 60 0 61 34 35 37 0 0 0 39 0 32 29 28 26 0 30 31 0 0 8 0 3 0 7 0 6 25 18 0 23 0 0 0 19 0 0 17 12 0 15 13 16 
0 0 0 63 0 1 0 61 54 51 0 0 57 0 52 55 9 8 0 0 0 4 6 0 42 0 45 44 0 0 47 48 40 0 36 0 0 0 0 41 0 16 17 11 0 15 0 14 33 26 29 0 32 30 0 27 22 0 25 20 0 23 21 24 
31 0 27 0 29 32 26 28 21 18 20 0 24 17 19 0 40 39 0 0 38 0 37 36 9 10 12 11 16 0 14 0 0 4 3 1 2 0 6 8 43 47 48 42 0 46 0 45 0 57 60 0 63 61 59 58 0 0 56 51 0 54 52 55 
55 49 0 0 53 56 0 0 0 42 0 0 48 41 43 46 64 0 58 0 62 59 0 60 0 0 36 35 0 37 38 39 31 28 0 25 26 29 30 32 3 7 8 0 0 0 4 5 24 17 20 22 0 21 19 18 13 10 16 11 9 14 12 15 
7 1 3 0 5 8 2 4 61 58 60 0 64 57 0 62 0 15 10 9 14 11 13 12 49 50 52 0 56 0 0 55 47 0 43 41 42 45 0 48 0 23 24 18 17 0 20 0 40 33 36 38 39 37 35 34 29 26 32 0 0 0 0 31 
39 33 35 38 37 40 0 36 29 26 28 31 32 25 27 30 48 47 42 41 0 43 45 44 0 0 0 19 0 0 22 23 15 12 11 0 0 0 14 16 51 55 56 50 49 54 0 53 8 1 0 6 7 0 3 2 61 58 64 59 57 62 60 63 
15 9 0 14 13 0 10 12 0 2 0 0 0 1 3 6 24 23 18 17 22 19 21 20 57 0 60 0 64 61 62 0 55 0 51 0 50 53 54 0 0 31 32 26 25 0 28 29 48 0 44 0 47 45 43 42 0 0 40 35 33 38 36 39 
63 57 59 0 61 64 58 60 53 0 52 55 0 49 51 0 8 7 0 1 0 3 5 4 41 0 44 0 48 0 46 0 39 0 35 33 34 0 0 40 0 15 16 10 9 14 12 0 0 0 0 0 31 0 0 0 21 0 24 0 17 22 0 0 
47 0 43 46 45 0 42 44 37 34 36 39 40 33 0 38 56 55 50 49 0 51 53 52 0 26 28 27 32 29 30 0 23 20 0 0 18 21 22 24 0 63 64 0 57 0 60 61 0 9 12 14 15 13 11 10 5 2 8 3 1 6 0 0 
23 17 19 22 0 24 18 20 13 0 12 0 16 9 0 14 32 31 26 25 0 0 0 0 1 2 0 0 8 5 0 0 0 60 59 0 58 61 0 64 35 39 40 34 33 38 36 37 56 0 52 54 55 0 51 0 0 0 0 43 41 46 0 47 
3 61 0 0 1 4 62 64 57 54 0 0 60 53 55 0 12 11 6 0 10 7 0 8 45 0 0 0 52 49 0 51 43 40 39 37 0 0 42 0 15 19 20 0 13 0 16 17 36 29 0 0 35 0 31 0 25 22 28 23 0 26 0 27 
19 13 15 18 17 20 14 0 9 6 0 11 12 0 7 10 28 27 22 21 26 23 25 24 61 62 0 0 4 1 2 3 0 0 55 53 54 57 58 0 0 35 36 30 29 34 32 33 52 45 0 50 51 0 47 46 0 0 44 39 37 0 0 43 
27 21 23 26 25 28 0 24 0 14 16 19 20 13 0 0 0 35 0 29 34 0 0 32 5 6 0 7 12 9 10 11 3 64 0 61 62 0 2 4 0 43 44 0 37 42 40 0 60 53 56 58 0 57 55 0 0 0 52 47 45 50 48 51 
0 53 55 0 0 60 54 56 49 46 0 51 52 0 0 50 4 3 0 61 2 63 1 64 0 38 0 39 0 41 42 43 35 32 31 0 30 33 34 36 7 0 12 6 0 10 8 9 0 21 24 26 27 25 0 0 17 0 20 0 13 18 16 19 
0 0 0 10 9 0 6 0 1 62 0 0 0 61 0 2 20 0 0 13 18 0 17 16 0 54 56 0 60 57 58 59 51 48 47 45 46 49 50 0 23 27 28 0 21 26 24 25 44 0 40 0 43 41 39 38 33 30 36 31 0 34 32 0 
35 0 0 34 33 36 30 32 0 22 0 27 28 21 0 26 44 43 38 0 42 0 0 40 0 14 0 15 20 17 18 19 0 0 7 5 6 9 10 12 47 51 52 0 45 50 48 49 4 61 0 2 3 0 63 0 57 54 60 55 0 58 0 0 
0 45 0 50 0 52 46 48 41 38 40 43 0 0 39 0 60 59 54 0 58 55 57 56 0 30 32 31 36 0 0 35 27 24 23 0 22 25 26 0 63 3 4 0 61 2 64 1 20 13 16 18 19 17 0 14 9 0 0 0 0 0 8 11 
43 37 39 42 41 44 0 40 33 0 32 0 36 29 0 34 52 0 46 45 0 47 0 0 21 22 0 23 0 25 0 0 19 16 15 13 0 0 0 20 55 59 60 54 53 58 56 57 12 5 8 10 11 9 7 6 1 62 4 63 61 0 64 3 
4 0 64 0 2 5 63 1 58 55 57 60 61 54 0 0 0 0 7 6 11 8 0 0 0 0 0 48 53 50 0 52 44 41 0 0 39 42 43 0 16 20 21 15 14 0 0 18 0 0 33 35 0 0 0 31 26 0 0 24 0 27 25 28 
12 6 0 11 0 13 7 9 0 63 1 4 5 0 64 3 0 20 15 0 19 16 0 17 54 55 0 0 0 58 59 0 52 49 48 46 47 50 51 53 24 28 0 23 22 27 0 26 0 38 41 0 44 42 40 39 0 31 37 0 30 0 33 0 
36 30 0 35 34 0 0 33 26 23 25 0 29 0 24 27 0 0 0 38 0 40 0 0 14 15 17 16 21 18 0 20 0 0 8 6 7 10 0 13 0 52 53 47 46 51 49 50 5 0 1 3 4 0 64 0 58 0 61 0 54 59 57 60 
60 0 56 59 58 61 0 57 50 47 49 52 53 0 0 51 5 0 63 62 3 64 2 1 38 39 41 40 45 0 43 44 36 33 0 30 31 34 35 0 8 0 13 7 6 11 9 10 29 0 25 27 0 26 0 23 18 0 0 16 14 19 17 20 
28 22 0 0 26 29 23 25 0 15 0 0 0 14 16 19 0 36 31 30 35 32 34 33 0 0 9 0 0 10 11 0 4 1 64 0 0 2 3 5 0 44 0 39 38 0 41 42 61 54 57 0 60 58 56 55 0 47 53 48 46 0 49 52 
52 0 48 51 50 53 0 49 0 39 41 44 45 38 40 43 61 60 0 54 59 56 58 57 30 0 33 32 0 34 35 36 28 25 0 22 23 26 27 29 64 4 5 63 62 3 1 2 0 0 17 19 20 18 16 15 10 7 13 8 0 0 0 0 
0 38 40 0 42 0 39 41 34 31 33 36 0 30 32 0 0 52 47 0 0 48 0 49 22 23 0 24 29 0 27 28 20 0 16 14 15 18 19 0 0 0 61 0 54 0 57 58 13 6 9 11 12 10 8 7 2 63 5 64 0 3 0 4 
20 0 0 0 0 21 15 17 10 0 9 12 0 6 8 11 29 28 0 0 27 0 26 25 62 63 1 64 5 0 0 0 60 57 56 54 55 58 59 61 32 0 0 31 30 35 0 0 53 0 49 51 52 0 48 47 0 39 45 40 0 43 0 44 
34 28 30 33 32 0 0 31 0 21 23 0 27 0 0 25 0 42 37 36 0 38 40 39 12 13 15 14 19 16 17 0 0 0 6 4 5 8 9 11 46 0 51 45 0 0 47 48 3 60 0 0 2 64 62 61 0 53 59 54 0 57 0 58 
0 36 38 0 40 0 37 0 32 29 31 0 35 0 0 33 51 50 45 44 49 46 48 47 20 0 23 22 27 24 25 26 18 15 14 12 13 16 17 0 54 0 59 53 52 57 55 56 11 0 0 0 0 0 6 0 64 61 0 0 60 1 63 2 
18 12 14 17 16 0 13 15 8 0 0 10 11 4 0 0 27 0 0 0 0 22 0 23 60 61 0 62 3 64 1 2 0 55 0 52 53 56 57 59 30 34 0 0 28 0 31 32 51 44 0 0 0 48 46 0 40 0 0 38 0 41 39 42 
26 20 22 0 24 27 21 0 16 13 15 18 0 12 14 0 0 34 29 28 0 30 0 31 0 0 7 0 11 8 9 10 0 0 62 60 61 64 1 0 38 42 0 0 36 41 39 40 0 52 55 57 0 56 54 53 48 45 51 0 44 0 47 50 
0 0 46 0 0 51 45 47 40 37 0 0 0 36 38 0 59 58 53 0 57 0 56 0 0 0 31 0 35 32 0 34 0 0 22 20 21 24 0 27 0 0 0 61 60 1 63 64 19 12 0 17 0 16 14 13 8 0 11 0 4 0 7 10 
0 52 54 57 56 59 53 55 48 45 0 50 51 0 46 0 3 0 61 60 0 0 64 63 36 37 0 0 43 40 0 0 0 31 0 28 29 0 33 0 6 10 11 5 4 9 7 0 27 20 23 25 26 24 22 21 16 13 0 14 12 17 15 18 
0 0 62 1 0 0 61 63 56 53 55 58 0 0 54 57 11 0 0 4 0 0 8 7 44 45 47 0 51 48 0 0 0 0 38 36 37 40 41 43 14 18 0 13 12 17 15 16 0 28 31 33 34 0 30 0 0 21 27 0 20 0 23 0 
10 4 6 9 0 0 0 7 64 0 0 2 3 60 62 1 0 0 13 12 17 14 16 15 0 0 0 54 59 56 0 0 50 0 46 44 0 48 49 0 22 26 27 21 20 25 23 0 0 0 39 0 42 40 0 37 32 29 35 0 28 33 31 34 
62 56 58 61 60 63 57 59 52 49 0 0 0 48 50 0 0 0 1 0 0 2 0 3 0 41 43 0 0 44 45 46 38 35 34 0 33 36 37 39 10 14 0 0 0 13 11 12 31 0 27 29 0 28 26 0 0 0 23 18 0 0 0 22 
30 24 26 29 28 0 25 27 0 17 19 22 23 16 18 21 0 38 0 0 0 0 36 35 0 0 11 10 15 12 13 0 6 3 2 64 1 4 0 0 0 46 47 41 0 45 43 44 63 56 59 61 62 0 58 0 52 49 55 50 0 53 0 0 
0 0 10 13 12 15 0 11 0 1 3 6 7 64 0 5 0 22 0 16 0 18 20 19 0 57 59 58 0 60 61 0 54 51 0 48 0 52 0 55 26 0 31 0 0 29 27 0 0 40 43 45 46 44 42 0 36 33 39 34 0 0 35 38 
6 64 2 5 4 0 1 0 60 57 59 62 63 56 0 61 0 14 9 0 13 10 0 11 0 49 51 0 0 52 0 54 46 0 42 0 0 44 0 47 18 22 23 17 16 0 0 20 39 32 35 37 38 36 34 33 28 25 31 0 24 29 0 30 
0 16 18 21 0 23 17 19 0 9 11 14 15 8 10 0 0 30 0 24 29 0 28 27 64 0 3 2 7 4 0 6 62 0 0 56 57 0 61 0 34 38 0 33 0 0 0 36 55 0 0 53 54 52 50 49 44 41 47 0 40 0 43 46 
38 32 34 0 36 39 33 35 28 25 27 30 0 24 26 29 0 46 41 40 0 42 0 43 0 17 19 18 0 20 21 22 14 11 0 8 9 12 0 15 50 54 55 0 48 53 51 52 7 0 3 5 6 4 0 1 0 0 0 58 56 61 59 62 
46 40 42 0 0 0 41 43 36 33 35 38 0 32 34 37 55 54 49 48 53 50 52 51 24 0 27 0 31 0 29 0 22 0 18 16 17 20 21 23 58 62 63 57 56 61 59 0 15 8 11 13 14 12 10 0 4 0 0 2 64 5 3 6 
54 48 50 53 52 55 0 51 0 0 43 0 47 0 42 45 63 62 57 0 61 0 60 59 0 33 35 0 0 36 0 38 0 27 0 24 25 28 29 31 2 0 0 0 64 5 3 0 23 16 0 0 22 20 0 17 0 9 0 10 8 13 11 14 
0 7 9 0 11 14 0 10 3 64 0 5 0 63 1 4 22 21 0 15 20 0 0 0 55 56 0 57 62 0 60 61 53 50 49 47 48 0 52 0 0 29 30 24 23 0 0 0 0 39 0 44 45 0 0 40 35 32 38 33 31 0 0 37 
37 31 33 36 35 38 32 34 27 0 0 29 30 23 0 28 0 45 0 39 0 0 43 42 0 16 18 17 0 19 0 21 13 10 9 7 0 0 12 14 49 53 54 0 0 52 0 51 6 63 2 4 5 3 1 0 59 56 62 57 55 60 58 0 
21 15 17 0 19 22 16 0 0 8 10 13 14 0 9 12 30 29 24 23 28 25 0 26 63 64 2 1 6 3 4 5 61 0 57 55 56 59 60 62 33 0 0 32 31 36 0 35 54 47 0 52 53 0 49 48 0 40 0 41 39 0 42 45 
5 63 1 4 0 6 0 2 59 56 58 61 62 55 57 0 14 13 8 0 12 9 0 10 0 48 50 49 54 51 52 0 45 42 41 0 0 43 44 46 0 21 22 16 15 20 0 19 0 31 34 36 37 35 0 0 0 24 30 25 0 28 26 29 
61 55 0 0 0 0 56 0 51 0 50 0 0 0 49 52 6 5 64 0 4 1 3 0 39 40 0 41 46 43 44 45 37 0 33 31 32 0 36 38 0 13 14 8 0 12 10 0 30 23 0 28 0 27 25 24 19 16 22 0 0 20 18 0 
0 0 49 52 0 54 0 0 43 40 0 45 46 39 0 44 0 0 0 55 60 57 59 58 31 0 34 0 38 0 36 0 29 26 25 23 24 0 28 0 1 5 0 64 63 4 2 3 22 15 18 20 21 0 17 16 11 8 14 9 7 0 0 13 
45 39 41 44 43 46 40 0 35 32 0 37 38 0 33 36 54 53 0 0 52 49 51 50 23 24 26 25 0 27 28 29 21 0 17 15 16 19 20 22 57 0 0 56 55 0 58 59 14 7 0 12 13 0 9 0 3 0 0 0 63 4 2 5 
0 0 25 28 0 30 0 26 0 0 18 21 22 15 17 20 38 37 32 31 36 33 0 34 7 8 10 9 0 11 12 13 0 2 0 63 0 0 4 6 41 45 46 40 0 44 42 43 0 55 0 60 61 59 57 56 51 0 54 49 47 0 50 0 
9 0 5 0 7 0 4 6 0 0 62 1 2 59 0 64 18 17 12 0 16 0 15 14 0 52 0 53 58 55 56 0 0 0 45 0 44 47 48 50 21 25 26 20 19 24 22 23 42 35 38 40 41 0 37 36 31 0 34 0 27 32 30 33 
0 0 53 56 0 0 52 0 0 44 46 49 50 43 0 48 0 0 60 0 64 0 63 0 35 36 38 37 42 39 0 41 0 30 29 0 0 31 0 34 0 9 10 4 3 8 6 7 26 19 22 24 0 23 21 20 15 12 18 13 11 16 14 17 
1 59 61 64 63 2 60 62 55 0 0 57 0 0 53 56 10 9 4 3 8 0 7 0 43 44 0 45 50 47 48 0 41 38 37 35 0 39 40 42 13 0 18 12 0 0 14 0 34 27 0 32 33 31 29 28 23 20 0 21 0 24 22 25 
0 11 13 16 15 18 0 14 7 4 6 0 10 3 5 8 26 25 20 19 24 21 23 22 59 60 62 0 0 63 64 1 0 54 53 51 52 55 0 0 29 33 0 0 0 32 30 31 0 0 46 48 49 47 0 44 39 0 0 0 0 40 0 41 
25 0 21 24 0 26 20 22 15 0 0 17 18 0 13 16 34 33 28 27 32 29 31 0 0 4 6 5 0 7 8 9 1 62 61 59 60 0 64 2 0 41 0 36 0 40 38 39 58 0 0 0 57 55 53 0 0 44 50 0 43 0 0 49 
49 43 45 48 47 50 0 46 39 0 38 41 42 35 37 40 58 57 52 51 56 53 0 0 27 28 30 0 34 0 32 0 25 0 0 19 20 23 0 26 61 1 2 0 59 64 62 63 18 0 14 0 17 0 13 12 0 4 0 5 3 8 6 0 
41 35 0 0 39 42 36 38 31 28 0 0 34 27 0 32 50 49 44 43 0 45 0 0 19 0 22 0 26 23 24 0 17 14 0 11 12 0 16 18 53 57 0 52 51 56 54 0 10 0 6 8 9 7 5 4 0 60 2 61 59 0 62 1 
0 27 29 32 31 0 28 30 23 20 22 0 26 0 0 24 42 41 36 0 0 37 0 38 0 12 14 0 18 15 16 17 0 0 5 3 0 0 0 10 45 49 50 44 43 48 46 47 0 59 62 64 1 63 61 60 55 0 58 0 51 0 0 57 
