8
7 0 13 12 0 14 0 0 50 48 54 47 52 51 53 49 0 2 63 0 4 5 64 3 0 32 31 34 0 35 37 38 0 55 60 62 57 61 56 59 40 0 42 0 41 45 43 44 27 26 0 28 29 24 23 0 21 16 0 15 22 20 0 19 
0 26 29 28 24 30 0 27 2 0 0 0 4 3 0 0 22 0 0 0 0 21 0 19 49 0 0 0 0 51 53 54 10 7 12 14 9 13 8 11 56 0 58 55 57 61 59 60 43 42 46 0 45 40 0 0 37 32 0 31 38 0 33 35 
31 34 37 36 32 38 33 35 10 8 0 7 12 11 0 9 0 26 23 25 28 0 0 27 57 56 55 0 0 59 0 62 0 15 20 0 17 21 16 19 64 6 2 63 0 5 3 0 51 50 54 52 53 48 47 49 45 40 0 39 46 44 41 0 
63 2 5 4 64 6 1 0 42 0 0 0 0 43 45 41 0 0 0 57 0 61 56 0 25 0 23 0 28 0 0 30 0 47 52 54 49 53 0 0 32 38 0 31 0 37 35 36 0 0 22 20 21 16 15 0 13 0 0 0 14 12 0 11 
55 58 61 60 56 62 57 0 0 32 0 31 36 0 0 33 54 50 47 49 0 53 48 0 17 16 15 18 20 19 0 22 0 39 0 46 41 45 40 43 0 0 26 23 0 0 27 28 11 10 14 12 13 0 7 9 0 0 2 63 0 4 0 3 
0 18 0 20 16 22 17 0 58 56 62 55 60 59 0 57 0 10 7 9 12 13 8 0 0 40 39 42 44 0 0 46 2 63 0 6 1 5 64 3 0 54 50 47 49 53 51 52 35 34 0 36 37 0 31 33 29 0 26 23 30 28 0 27 
39 42 45 44 40 46 0 43 0 16 22 15 20 19 0 17 0 34 31 0 36 0 0 35 1 64 0 2 4 3 5 6 26 23 28 30 0 0 0 0 0 14 0 7 9 13 11 0 0 58 62 60 61 56 55 0 53 0 0 47 54 52 49 0 
47 50 53 52 0 0 49 51 0 24 30 23 28 27 0 25 46 0 0 41 44 45 40 43 9 8 7 10 0 11 13 0 34 0 36 38 33 0 32 35 0 22 18 15 17 0 19 20 3 2 6 4 5 0 63 1 0 56 0 0 62 60 57 0 
8 11 14 0 9 15 10 12 0 49 55 0 53 52 54 50 7 3 64 0 5 6 0 4 34 0 32 35 37 36 38 0 59 0 61 0 58 62 0 60 0 0 43 40 42 46 44 45 28 27 31 0 30 25 24 26 0 17 0 16 0 21 0 0 
16 19 22 0 17 23 18 20 59 0 63 56 61 0 62 58 15 0 8 0 13 0 9 0 42 0 40 43 45 44 46 47 3 0 5 7 2 6 1 4 0 0 51 48 50 0 52 53 36 35 39 37 0 33 32 34 0 25 27 24 31 29 26 0 
0 27 0 29 25 0 26 0 3 1 7 0 5 0 6 2 23 19 16 18 21 22 17 20 50 0 48 51 53 52 54 55 11 8 13 0 10 14 9 12 57 63 0 56 58 62 0 61 44 43 47 45 46 41 40 42 0 33 0 32 39 37 0 36 
0 51 0 53 49 0 0 0 27 25 0 24 0 28 0 26 47 0 40 42 0 46 0 44 10 0 8 11 13 12 14 15 0 0 0 0 34 0 33 36 17 23 0 16 0 0 20 21 0 3 0 0 6 1 64 2 0 57 59 56 0 61 58 60 
32 35 38 37 33 0 34 36 0 0 15 8 13 12 0 10 31 0 0 0 29 30 0 0 58 57 0 59 0 0 62 63 19 0 0 23 18 0 0 20 1 7 3 64 2 6 4 5 0 51 55 0 0 0 48 0 46 0 43 0 47 45 0 44 
0 0 0 5 0 7 2 0 43 41 47 40 45 44 46 0 63 59 56 0 61 62 0 60 26 25 0 0 29 0 30 31 51 48 53 55 50 54 49 52 0 39 35 0 34 38 0 37 20 19 23 21 22 0 0 18 14 0 11 0 0 0 0 12 
40 43 46 45 41 47 42 44 19 0 23 0 21 20 0 18 39 0 32 34 37 38 33 36 0 0 64 0 0 4 6 7 27 24 29 0 0 30 25 28 0 0 11 0 10 14 12 13 0 0 63 61 62 57 56 58 54 49 51 48 0 53 50 52 
56 0 0 61 57 63 58 0 0 33 0 0 37 36 38 34 0 51 0 0 53 0 49 52 0 0 16 19 21 20 0 23 43 0 45 47 42 46 41 44 25 0 27 24 26 0 28 0 12 11 0 13 14 9 0 10 6 1 0 64 0 5 2 4 
0 8 11 10 0 12 0 9 48 46 52 45 50 49 0 47 4 64 0 63 2 3 62 1 31 30 0 0 34 0 0 0 0 53 0 60 0 0 54 0 38 44 40 37 0 43 41 0 25 24 28 26 0 22 0 23 19 14 16 13 20 18 15 0 
37 40 43 42 38 44 39 41 0 14 20 13 18 0 0 0 36 32 0 31 0 0 30 33 0 62 61 64 2 1 3 0 24 21 0 28 23 27 22 25 6 12 0 5 7 11 0 10 57 0 60 58 59 0 53 55 0 46 48 45 52 50 47 49 
45 0 51 0 46 52 47 0 24 0 28 21 26 0 0 0 44 40 0 39 42 0 0 0 0 6 0 8 10 9 11 12 32 29 34 0 31 0 30 0 14 0 0 0 0 19 17 18 1 64 4 2 0 62 61 63 59 0 56 0 60 58 0 0 
0 32 35 34 0 36 31 33 0 6 0 5 10 9 11 7 28 24 21 0 26 27 22 0 0 54 0 0 58 0 59 60 16 0 18 20 0 19 0 0 62 4 64 61 0 0 1 2 49 48 52 0 51 0 0 47 43 0 40 0 0 0 0 41 
13 0 19 0 14 0 0 0 56 0 60 53 58 57 0 55 12 8 5 0 10 11 6 9 39 0 37 40 42 41 43 44 64 61 2 4 63 3 62 1 46 52 48 45 47 51 49 50 33 32 0 34 0 0 29 0 27 0 0 21 28 0 23 0 
61 64 3 2 62 0 63 1 40 38 44 37 0 0 43 39 60 0 0 55 58 59 54 0 23 22 21 0 26 25 27 28 0 45 0 0 0 0 46 49 30 36 32 0 31 35 0 34 0 0 20 18 0 14 13 15 0 0 8 5 0 0 0 9 
21 0 27 26 22 28 23 25 64 62 4 0 0 0 3 0 0 0 0 15 18 19 14 0 47 0 45 48 50 0 51 52 0 5 0 12 7 11 0 9 54 60 56 0 0 59 57 0 41 0 44 0 43 38 37 39 35 30 32 0 36 34 0 33 
53 0 59 0 0 60 55 0 0 30 36 29 0 33 0 31 52 48 45 47 50 51 0 49 15 14 0 0 0 17 0 20 40 37 42 0 0 43 38 0 22 28 0 21 23 27 25 26 9 8 12 10 11 6 5 7 3 0 0 0 4 0 63 0 
22 25 0 0 23 0 0 26 0 63 0 62 3 2 4 0 21 17 14 16 19 20 15 18 48 47 46 49 51 50 0 53 9 0 11 0 8 0 7 10 55 0 57 54 56 60 58 0 42 41 45 0 44 39 38 0 36 31 33 0 37 35 32 34 
38 41 0 0 39 45 40 42 0 15 21 14 0 18 20 16 0 0 0 0 0 36 0 34 64 63 62 1 3 2 0 0 25 22 27 29 24 28 23 0 7 13 9 0 8 12 10 0 58 57 61 59 60 55 0 0 0 47 49 46 0 51 48 0 
30 33 36 35 0 37 32 34 0 7 13 0 11 10 12 8 29 25 22 24 27 28 23 26 56 55 54 0 59 58 60 0 0 14 19 21 16 0 15 18 0 5 0 0 0 4 2 3 0 0 0 51 52 0 46 48 44 39 0 38 45 0 40 42 
62 0 4 0 63 5 0 0 41 39 45 0 0 42 44 40 61 0 54 56 59 0 0 0 24 23 0 25 27 26 28 29 49 46 0 0 0 52 47 50 31 37 33 0 32 36 0 35 18 17 21 19 20 0 14 16 12 7 0 6 13 11 8 0 
54 0 60 59 0 0 56 58 0 0 0 30 35 34 36 0 53 49 0 48 0 52 0 50 0 15 14 17 19 18 20 0 0 38 43 45 0 0 39 42 23 29 0 0 24 0 0 27 10 0 13 11 12 7 6 8 4 63 1 62 5 3 0 0 
0 49 0 51 0 0 0 50 25 0 29 22 27 26 0 24 0 41 38 40 0 44 39 0 0 0 0 0 11 10 12 13 33 0 0 37 32 36 0 34 15 21 17 14 16 20 0 19 2 1 5 3 4 63 62 0 60 0 57 54 61 0 0 58 
14 17 0 19 15 21 16 18 57 55 61 54 59 58 0 56 0 0 6 8 0 12 7 10 40 0 38 41 0 0 0 45 0 0 3 5 0 4 63 2 0 53 49 46 48 52 50 0 34 33 37 35 0 31 0 0 28 0 0 22 29 27 24 0 
0 0 12 11 7 13 8 10 49 0 53 46 51 50 52 48 0 1 62 0 0 4 0 2 32 0 30 33 0 0 36 37 0 54 59 61 56 0 0 58 39 45 41 38 40 44 42 43 26 0 0 27 28 23 0 24 20 15 17 14 21 0 16 18 
0 23 26 25 21 27 22 24 63 61 3 60 1 64 2 0 19 0 12 14 17 0 13 16 46 45 44 47 49 0 50 0 7 4 9 11 6 0 0 8 53 0 55 52 54 58 56 57 40 39 43 41 42 37 36 38 34 0 31 28 35 0 30 32 
0 7 0 9 0 11 0 8 0 45 51 44 0 0 50 46 3 63 0 62 1 2 61 0 30 29 28 0 33 0 0 35 55 52 57 59 0 58 53 56 0 43 39 36 38 0 40 41 24 23 27 25 0 21 20 22 18 13 15 12 0 0 14 16 
44 47 50 0 0 51 0 48 0 21 0 20 0 24 26 0 0 0 0 38 0 42 0 40 0 0 4 0 9 8 10 11 31 28 33 35 30 34 0 0 13 19 15 0 0 18 0 17 0 0 0 1 2 61 60 0 58 53 0 52 59 57 54 0 
0 0 0 1 0 0 62 0 39 37 43 36 41 0 0 38 59 0 52 54 0 58 0 56 22 21 20 23 25 24 26 27 47 44 49 51 46 0 45 0 29 35 31 28 0 0 0 0 16 15 19 17 18 13 12 14 10 5 7 0 11 9 6 0 
0 31 34 33 29 35 30 32 0 0 11 4 0 0 0 6 0 23 20 22 0 26 21 0 0 0 0 55 57 0 58 0 0 0 17 19 14 0 13 16 61 3 63 60 0 0 64 1 0 0 0 49 0 45 44 0 42 37 0 36 43 41 0 40 
0 0 42 41 37 43 38 0 0 13 19 12 17 0 18 14 35 31 0 0 33 34 29 0 62 0 0 63 0 0 2 3 23 20 25 0 22 26 0 24 5 11 0 4 0 10 8 9 56 0 59 57 58 53 52 54 0 0 47 44 51 0 46 48 
12 0 0 0 13 19 0 16 55 53 59 52 57 0 58 54 11 7 0 0 9 10 5 0 38 37 0 39 41 40 42 43 63 60 1 3 62 2 61 64 45 51 47 0 0 0 48 49 0 31 35 33 0 29 28 30 26 21 0 20 0 25 22 24 
52 55 0 0 53 59 54 56 31 29 35 28 33 0 34 30 0 0 44 46 49 0 0 0 14 13 0 15 17 0 0 0 0 36 41 43 0 42 37 40 21 0 0 20 22 0 24 25 0 7 0 9 10 5 0 6 0 61 0 0 0 0 62 0 
9 0 15 14 10 0 11 0 52 50 56 49 54 0 55 0 0 4 0 3 6 7 2 5 0 0 33 36 38 37 39 40 0 0 62 64 0 63 58 61 0 48 44 0 43 47 45 46 29 0 32 30 31 26 25 27 0 18 20 17 0 22 0 21 
17 20 23 22 18 0 19 0 60 0 64 0 0 61 63 59 0 12 0 11 0 15 0 13 0 42 0 44 0 45 47 48 4 0 6 8 0 7 2 0 50 56 0 0 51 55 53 0 37 0 0 38 39 0 0 35 0 26 28 25 32 30 27 29 
25 28 31 0 26 0 27 29 4 2 0 1 6 5 0 3 24 20 0 19 0 23 18 0 51 50 49 52 54 0 55 56 12 9 14 16 0 0 0 13 58 0 60 0 0 0 61 62 45 44 48 46 0 0 0 43 39 34 36 33 40 38 0 37 
33 36 39 0 34 40 0 37 12 10 16 9 14 13 0 0 0 28 25 0 30 31 26 29 59 0 0 60 62 61 63 64 20 0 22 0 19 23 18 21 0 0 4 1 3 7 0 6 0 52 56 0 0 50 49 51 0 42 44 0 48 46 43 45 
1 4 0 0 0 8 3 0 0 42 48 41 0 45 47 43 64 60 57 0 0 63 58 61 0 26 25 0 30 29 31 0 52 49 54 56 0 0 0 53 34 40 0 33 35 39 37 38 21 0 24 22 23 18 17 19 15 10 0 9 16 14 11 13 
41 44 47 0 0 48 43 45 20 18 24 17 22 21 0 19 40 36 0 35 38 39 34 37 3 2 1 4 6 0 0 8 0 0 30 32 27 31 26 29 0 0 12 0 11 15 13 14 61 60 64 62 63 58 0 59 55 50 52 0 0 54 51 53 
0 0 63 0 58 64 59 61 0 34 40 0 0 37 39 35 0 52 49 51 54 55 50 53 19 0 0 0 22 21 23 0 0 41 46 48 0 47 42 45 26 32 0 25 27 31 0 30 0 0 16 14 15 10 9 0 7 2 4 0 8 6 3 0 
49 52 55 54 0 56 0 0 28 0 32 25 0 0 0 0 48 44 41 0 46 0 42 45 0 0 9 12 0 0 15 16 36 0 0 0 35 39 34 0 18 0 0 0 19 0 0 22 5 4 0 0 7 2 0 3 63 58 60 0 0 62 59 0 
43 0 49 48 44 50 45 47 22 20 0 19 24 0 25 21 0 38 35 37 40 0 36 0 5 4 3 6 8 7 0 10 30 27 0 34 29 0 28 0 12 0 0 11 13 17 0 16 63 0 2 64 1 60 59 61 57 0 54 51 58 56 53 55 
0 62 1 0 60 0 61 63 38 36 42 35 0 0 41 37 0 0 51 53 56 0 52 55 21 20 19 22 24 23 0 0 46 43 48 50 45 0 44 0 28 34 0 27 0 33 0 0 15 14 0 0 17 12 11 13 9 4 6 0 10 8 5 7 
0 0 33 32 0 0 0 31 0 0 10 3 8 0 9 5 26 0 19 21 24 25 20 0 0 52 51 54 56 55 0 58 14 11 16 0 13 17 12 0 0 0 62 59 61 1 0 64 47 0 50 0 0 44 43 0 41 36 38 35 42 40 37 39 
3 6 9 8 4 10 5 0 0 44 50 43 48 47 49 45 0 62 0 61 64 1 0 0 29 28 27 30 32 31 0 34 54 51 0 58 53 57 52 0 0 42 38 35 0 41 39 40 23 0 0 0 0 0 19 21 0 12 14 0 0 0 0 15 
51 0 0 0 0 0 0 0 30 28 34 0 32 31 33 0 50 0 43 0 48 0 44 47 13 12 11 0 16 15 17 18 0 35 40 42 37 0 0 0 20 0 22 19 21 25 23 24 0 6 10 8 9 0 3 5 0 60 62 59 2 64 61 63 
0 0 0 24 20 26 21 0 62 60 2 59 64 0 1 61 18 14 11 0 0 0 12 15 45 44 43 46 0 47 0 50 6 3 8 0 0 9 4 7 52 58 54 51 0 57 55 56 39 38 42 40 41 36 35 0 33 28 30 27 34 0 29 31 
35 38 41 40 0 0 37 39 14 12 18 0 16 0 17 0 0 0 27 29 32 33 28 31 61 60 0 0 64 63 0 2 0 19 24 26 21 25 20 23 0 0 6 3 5 9 0 8 0 0 58 56 57 52 0 0 0 44 0 43 50 48 45 47 
0 14 17 16 12 18 13 15 54 52 58 0 0 55 57 0 10 6 0 5 8 9 4 7 0 36 0 0 40 39 41 42 62 59 64 2 61 1 0 63 44 50 0 43 45 0 47 48 0 30 34 0 33 28 0 0 25 20 0 0 26 24 0 0 
0 45 48 47 43 49 0 0 0 0 25 18 23 22 24 0 41 0 0 36 39 0 35 0 4 3 2 0 7 0 8 9 0 26 31 33 28 32 27 30 11 0 13 10 12 16 0 0 0 61 1 0 0 59 0 60 56 51 53 50 57 55 52 54 
18 21 0 23 0 25 0 0 61 59 1 0 63 62 0 60 0 13 0 0 15 16 11 14 44 43 42 45 47 46 0 49 5 2 7 0 4 8 3 0 51 57 53 50 52 56 54 0 38 37 41 39 40 35 0 36 32 27 29 0 0 0 28 30 
26 0 32 31 27 33 28 30 0 3 0 2 0 0 8 4 25 0 0 20 23 24 0 22 52 51 50 0 55 54 56 57 13 10 0 17 12 16 11 14 59 1 0 58 60 64 62 63 0 45 0 47 48 43 42 44 0 35 37 0 0 39 36 38 
58 0 64 63 59 1 60 62 37 35 41 34 39 38 40 36 57 0 50 52 55 0 51 54 20 19 18 0 23 0 0 25 45 42 47 0 44 48 43 0 27 33 29 0 0 0 30 31 0 13 17 15 16 11 0 0 8 3 5 0 0 0 4 6 
2 5 8 0 0 9 4 0 45 43 49 42 47 46 0 44 0 61 58 0 63 0 0 62 28 27 0 29 31 30 32 33 53 50 0 57 52 0 51 54 35 41 37 34 36 40 0 39 22 21 25 23 24 19 18 0 0 11 13 10 17 15 12 14 
10 13 16 15 11 17 0 0 53 51 57 50 55 54 0 52 9 5 0 4 7 8 0 6 0 0 34 37 39 38 40 0 61 58 63 1 60 64 0 62 0 49 0 42 0 0 46 47 30 29 33 31 0 27 0 0 24 0 21 0 25 23 0 0 
50 53 0 55 51 57 52 54 29 27 0 26 31 30 32 28 49 0 42 0 47 48 0 0 12 11 10 13 15 14 0 17 37 34 0 41 36 40 35 38 0 0 21 0 20 24 22 0 6 5 0 7 0 3 2 0 64 59 0 0 0 63 60 62 
34 0 40 39 0 41 36 38 13 11 17 0 15 0 16 0 0 0 26 28 31 32 0 30 60 59 58 61 63 0 64 1 21 18 0 0 0 24 19 22 3 0 5 2 0 8 6 7 0 53 57 55 0 0 50 0 48 43 45 42 49 0 44 46 
