8
40 42 37 0 39 0 38 36 0 0 0 0 0 6 4 8 63 0 1 0 0 0 2 64 25 26 0 27 20 23 0 21 50 46 44 47 45 0 48 49 12 18 17 16 13 0 19 14 28 30 33 0 35 29 34 0 55 59 0 54 52 0 58 57 
0 0 0 49 47 51 0 44 19 17 15 0 0 0 12 0 7 11 9 0 4 0 0 8 33 34 30 35 28 0 0 29 58 54 52 0 53 59 56 57 20 0 25 24 21 0 27 0 36 38 0 39 0 37 42 40 63 0 0 62 60 61 2 0 
56 58 53 57 55 59 54 52 27 0 23 0 26 0 20 24 0 19 0 0 12 13 0 16 0 0 38 43 0 39 40 37 2 62 60 0 61 3 64 0 28 0 33 32 29 31 35 0 0 0 49 47 51 45 50 0 7 11 8 6 0 5 10 0 
64 2 61 1 0 3 0 60 35 33 0 29 34 0 0 32 23 27 25 22 0 21 26 24 49 0 46 51 44 0 48 45 10 6 4 0 0 11 0 9 36 0 0 40 0 39 43 38 52 54 0 0 0 53 0 0 0 0 0 14 0 13 18 0 
0 26 0 25 23 27 0 0 59 0 0 53 58 54 0 56 0 0 49 46 0 0 50 48 9 10 6 11 4 7 8 5 34 0 0 31 0 35 32 0 60 0 1 0 61 0 3 62 12 14 17 0 19 13 18 16 0 0 40 38 0 37 0 0 
0 18 0 17 15 0 14 0 51 49 0 0 50 0 44 0 39 43 41 38 36 37 42 0 1 2 0 3 60 63 64 61 26 22 20 23 21 0 0 25 52 0 57 56 0 0 59 0 0 6 9 0 0 5 10 0 0 0 32 30 28 29 0 33 
32 0 29 33 31 35 0 28 3 1 63 61 2 62 60 64 0 59 57 54 52 53 58 0 17 0 14 0 12 0 16 13 0 38 36 39 37 43 0 41 0 0 9 0 5 0 11 6 20 0 25 23 27 21 0 24 0 51 48 46 0 0 0 0 
0 0 5 9 0 11 0 4 0 41 39 37 42 38 36 0 0 35 0 30 28 29 0 0 0 58 54 59 52 55 56 53 0 0 12 0 0 0 16 0 0 50 0 48 45 47 0 46 0 62 1 63 3 61 0 64 23 27 24 0 20 21 0 0 
58 60 55 0 57 61 56 54 29 0 25 0 28 0 0 26 17 21 19 16 14 15 20 18 43 44 40 45 0 0 0 39 4 0 62 1 63 0 0 3 30 36 0 34 31 0 37 32 46 48 0 49 0 47 52 50 9 13 10 8 0 7 12 0 
18 20 15 19 17 21 0 14 53 51 49 47 0 48 46 50 41 0 43 40 38 0 44 42 3 4 64 5 62 1 2 0 28 24 22 25 23 29 26 27 0 60 59 58 55 57 0 56 6 0 11 9 13 7 0 10 33 37 0 0 30 0 36 35 
10 12 7 11 9 13 8 6 45 43 41 39 0 0 38 42 33 37 35 32 30 0 36 34 59 0 56 61 0 0 58 55 20 16 14 17 15 21 0 19 46 52 51 0 47 49 53 48 62 64 3 1 5 63 4 2 25 29 0 24 22 0 28 27 
0 52 47 51 0 53 48 46 21 19 17 15 20 16 0 18 0 13 11 8 6 7 12 10 35 36 32 37 30 33 34 0 60 56 54 0 55 0 58 0 22 0 27 0 23 25 0 24 38 0 43 41 45 0 44 42 1 5 2 64 62 63 4 0 
0 28 0 0 0 29 24 0 0 59 0 55 0 0 0 58 0 53 51 48 46 0 0 50 0 12 0 13 0 0 10 7 36 32 30 33 31 0 34 0 0 4 3 2 63 1 0 0 0 16 0 17 21 15 0 18 0 45 42 0 0 39 44 0 
34 36 31 35 0 37 32 30 0 0 1 63 4 64 62 2 57 61 59 56 54 55 60 58 19 20 16 0 14 0 18 15 0 40 0 0 39 45 42 0 0 12 11 10 7 0 13 8 22 24 27 25 29 23 28 0 49 53 50 0 46 47 52 0 
2 4 0 3 1 0 64 0 37 35 33 31 36 32 30 34 25 0 27 24 22 23 28 0 51 52 48 0 46 49 50 0 0 0 6 9 0 0 10 11 38 44 0 0 39 41 45 40 54 56 0 57 0 55 0 0 17 0 18 16 14 15 20 0 
0 44 39 43 41 45 0 38 13 11 9 7 0 8 6 10 0 5 0 64 62 0 4 2 27 28 0 29 0 0 26 0 0 48 46 49 47 53 50 0 14 0 19 18 15 17 0 0 30 0 35 33 0 31 36 0 0 0 58 0 0 0 60 59 
37 0 34 38 36 40 35 33 0 6 0 0 0 3 1 5 0 64 62 59 57 58 63 61 22 0 19 24 0 20 21 18 47 43 41 44 42 48 0 46 9 15 14 13 10 12 16 11 0 27 30 28 32 26 31 29 52 56 53 0 49 50 55 54 
21 0 0 22 20 24 19 17 56 0 52 50 0 0 49 53 44 48 46 0 41 42 47 0 0 7 0 0 1 0 0 2 31 27 25 0 26 32 29 30 57 63 62 61 58 60 64 59 0 11 14 12 16 10 0 13 0 40 37 0 0 34 0 38 
13 15 10 14 0 16 11 9 48 0 44 0 47 43 41 45 36 0 38 0 33 34 39 0 62 0 59 0 57 60 61 58 0 19 0 20 0 0 21 0 0 0 54 0 50 52 56 0 1 0 6 4 8 0 0 5 28 0 0 0 25 26 31 0 
5 0 2 6 4 8 0 1 40 38 36 34 39 0 33 37 0 0 30 0 25 0 31 0 54 0 51 0 0 52 0 50 0 11 0 12 10 16 13 14 0 47 46 45 42 44 48 43 0 0 0 0 0 58 63 0 20 0 0 19 17 18 23 0 
29 31 26 30 28 32 27 0 64 0 60 58 63 59 0 0 52 0 54 51 49 50 0 53 14 15 11 16 0 12 13 10 39 35 0 0 0 40 37 38 1 0 6 5 2 4 8 3 17 0 22 20 24 18 23 21 0 48 45 43 41 0 47 46 
0 0 50 54 52 0 51 49 24 22 20 18 23 19 17 21 12 0 0 11 0 10 15 0 38 0 35 40 33 0 37 34 63 59 57 60 58 64 0 62 25 31 0 0 0 28 32 0 41 43 46 44 48 0 47 0 4 8 5 3 1 2 0 6 
0 47 42 46 44 48 43 0 16 14 12 10 15 0 9 13 4 8 6 3 1 2 7 0 30 31 0 32 25 0 29 26 0 51 49 0 0 0 0 0 17 23 22 0 18 20 24 19 33 0 0 36 40 0 39 0 60 0 61 0 57 58 63 62 
0 63 0 62 60 64 0 0 32 30 0 26 31 27 25 29 0 24 22 19 17 18 23 0 46 47 0 48 41 0 45 42 7 0 1 0 2 0 0 0 33 39 38 37 34 36 0 0 0 51 0 52 56 0 0 0 12 16 13 0 9 0 15 14 
33 35 30 34 0 36 31 0 0 0 64 62 0 63 61 1 56 0 0 55 53 54 59 57 0 19 15 0 13 16 17 14 43 39 37 40 0 44 41 0 0 11 0 0 6 8 12 0 21 23 26 0 0 22 0 0 48 52 49 0 45 46 51 50 
0 19 14 0 16 0 0 13 52 50 48 0 0 47 45 49 40 0 42 39 37 38 43 41 2 3 63 4 61 64 1 0 27 0 21 24 22 0 25 26 0 59 58 57 54 0 60 55 5 7 10 0 12 6 11 9 32 0 33 0 29 0 35 34 
9 11 0 0 8 0 7 0 44 42 40 0 0 39 37 41 32 36 34 31 0 30 35 33 58 0 55 60 53 0 57 54 0 15 13 16 14 20 17 0 45 0 0 49 0 48 0 0 61 63 2 0 4 62 3 1 24 28 25 0 21 22 27 26 
57 0 54 58 56 60 0 0 28 26 0 22 0 23 21 25 16 20 18 15 0 14 0 0 42 0 39 44 37 40 41 0 3 0 61 64 0 4 0 0 29 35 0 33 0 0 36 0 45 47 0 0 52 46 51 0 0 12 9 7 5 6 11 10 
0 51 0 0 48 52 0 45 20 18 0 0 19 15 13 17 8 12 0 7 5 6 0 9 0 0 31 36 29 0 33 0 59 55 53 56 54 0 57 0 21 0 0 25 0 24 28 0 37 39 0 0 44 0 43 0 0 4 0 63 0 62 0 2 
1 3 0 2 64 4 0 0 0 34 32 30 0 31 0 0 24 0 26 23 21 22 0 0 50 51 0 0 45 0 49 0 11 7 5 8 6 12 0 10 37 0 42 41 38 0 0 39 53 0 58 56 60 54 0 0 16 20 17 0 0 14 19 18 
0 0 22 26 24 28 23 0 0 58 0 54 59 55 53 57 48 52 50 0 45 46 0 0 0 11 7 12 0 8 9 6 35 0 29 32 30 36 33 34 0 3 2 1 62 0 0 0 13 15 0 16 0 14 0 17 40 44 41 39 37 38 43 42 
41 43 38 42 0 44 39 37 0 10 0 6 11 7 0 9 64 4 2 63 0 62 3 0 26 27 23 0 0 24 25 22 51 0 45 48 46 52 49 50 0 19 18 17 0 0 20 15 29 31 34 0 36 30 0 33 56 0 57 55 53 54 0 0 
0 38 0 37 35 0 0 32 0 5 3 1 6 2 64 4 59 63 61 58 56 57 62 0 0 0 18 23 16 19 20 17 0 42 40 0 41 0 44 45 0 0 0 12 9 11 0 10 0 26 29 27 31 25 30 28 51 0 52 50 48 0 54 53 
52 0 49 0 51 0 50 48 23 21 19 0 22 18 0 0 11 0 13 0 0 9 14 12 37 0 34 0 32 35 36 0 62 0 0 0 57 0 60 0 24 30 29 28 25 0 31 26 0 42 0 43 47 41 46 44 3 0 4 2 64 0 6 5 
20 0 0 0 0 23 0 16 55 0 0 49 54 50 48 52 0 0 45 42 0 41 46 44 5 0 0 7 64 3 4 1 0 26 24 27 25 0 0 0 0 0 0 60 57 0 0 58 8 0 13 11 15 0 14 12 0 39 36 0 0 33 38 37 
12 0 0 0 0 15 10 8 47 45 0 41 46 42 40 0 35 0 37 0 32 33 38 36 61 62 58 0 0 59 0 0 22 18 0 19 17 23 0 0 48 54 0 0 49 0 55 50 0 0 5 3 0 1 0 4 0 0 0 0 0 25 0 29 
44 46 0 45 43 47 42 40 15 13 0 0 14 0 8 0 3 7 5 2 64 1 6 4 0 30 26 31 24 27 28 25 0 50 48 0 49 55 52 0 0 22 0 20 17 19 23 0 32 34 37 35 39 33 38 36 59 63 60 58 56 57 62 0 
4 0 0 5 3 7 2 0 39 0 0 33 38 34 32 36 27 0 0 26 24 0 30 0 0 54 50 0 48 51 52 0 14 10 8 11 0 15 12 13 40 46 45 0 41 43 47 0 56 58 61 59 63 0 0 0 19 23 20 0 16 17 22 21 
60 62 57 61 59 63 58 0 31 0 27 25 30 26 24 0 0 0 21 0 16 0 22 20 45 46 42 47 40 0 0 41 6 2 64 0 1 0 4 5 32 38 0 36 0 35 39 34 48 50 53 51 0 49 54 0 11 15 12 0 8 9 14 13 
28 30 25 29 0 31 26 0 63 61 59 57 0 58 56 60 51 0 0 50 0 49 54 0 13 14 10 15 8 0 12 9 38 34 0 35 33 0 36 0 64 6 5 4 0 0 7 2 16 18 0 19 23 0 22 20 43 47 44 42 40 41 46 45 
46 0 0 47 45 49 44 42 0 15 0 11 16 0 10 14 0 9 7 4 0 3 0 0 31 0 0 33 0 29 30 27 56 0 50 0 0 57 0 55 0 24 23 0 19 21 25 0 34 36 39 0 0 35 40 0 61 0 0 60 58 59 64 63 
30 32 0 0 29 33 28 26 1 63 0 59 64 0 0 62 0 57 55 52 50 51 56 54 15 16 0 17 10 0 14 11 0 0 0 37 0 41 38 39 2 0 7 0 0 0 9 4 18 20 23 0 0 0 24 22 0 0 46 44 42 0 0 47 
14 16 0 15 13 0 12 10 49 47 0 43 0 0 0 0 37 0 39 0 34 35 0 38 63 64 0 1 58 61 62 0 24 20 18 21 19 0 22 0 50 56 55 54 51 0 57 52 2 4 7 5 9 3 0 6 29 0 0 28 0 0 32 0 
38 40 35 39 37 41 36 34 9 0 0 3 0 4 0 6 0 0 0 60 58 59 0 62 0 0 0 0 18 21 22 19 48 0 0 45 0 49 46 0 10 16 15 14 11 13 17 12 0 28 31 29 0 27 32 30 53 57 54 0 50 51 0 0 
62 64 0 0 61 0 60 0 33 0 29 27 0 28 0 0 0 25 0 20 0 0 0 0 0 48 44 49 42 45 46 43 0 4 2 0 3 9 6 7 0 40 39 38 0 37 41 36 0 52 0 53 57 0 0 54 13 17 14 12 10 11 0 15 
6 8 0 7 0 9 4 2 41 39 37 35 40 36 34 38 0 33 31 28 26 27 32 0 55 56 0 57 50 53 0 51 16 12 10 0 0 17 0 15 42 0 47 46 43 45 49 44 0 0 63 61 1 59 64 0 21 25 22 0 18 19 24 23 
0 56 51 55 0 57 52 50 25 23 21 0 24 20 0 0 13 17 15 0 10 11 16 14 39 40 36 0 34 37 0 0 64 60 58 61 59 1 62 63 0 32 31 0 27 0 33 28 42 44 47 0 0 0 48 0 5 9 6 0 0 3 8 0 
22 24 19 23 21 25 20 0 57 55 53 0 56 52 0 54 0 49 47 44 42 43 48 46 0 8 4 0 2 5 0 3 32 28 0 29 27 33 30 31 58 64 63 62 59 0 1 60 10 0 15 13 17 11 0 14 0 41 38 36 34 35 0 39 
11 13 8 12 10 14 0 7 0 44 42 40 45 41 39 43 34 0 36 0 0 32 0 35 60 61 57 62 55 58 0 56 21 17 15 18 16 22 0 0 0 0 52 0 48 50 0 0 0 1 4 2 6 64 5 3 0 30 0 25 23 24 29 28 
35 37 32 36 34 0 33 0 6 4 2 64 5 0 63 0 58 0 60 0 0 56 61 59 20 21 17 0 0 18 19 0 45 41 0 42 40 46 43 44 7 0 12 11 8 0 14 9 23 25 28 0 30 0 29 27 0 0 51 49 47 0 53 0 
59 61 0 60 58 62 57 55 0 28 26 24 29 0 23 27 18 22 20 17 15 16 0 0 44 0 0 46 39 0 43 40 5 1 63 2 64 6 3 4 31 37 36 35 32 34 38 33 47 49 52 0 54 48 53 51 0 14 11 9 7 8 13 0 
43 45 0 44 42 0 0 39 0 12 10 8 13 0 7 0 0 0 4 1 63 64 5 3 0 29 25 30 23 26 27 24 0 49 47 50 0 0 51 52 15 21 0 19 16 18 22 0 0 0 36 34 0 32 37 35 58 62 0 0 55 0 61 60 
19 21 16 0 18 22 17 0 54 52 50 48 0 49 0 0 0 46 44 41 39 40 45 43 4 5 1 0 63 0 3 0 0 25 23 26 24 30 27 28 55 61 0 0 56 0 0 0 7 9 0 10 14 0 0 11 0 38 0 0 31 0 0 0 
51 53 48 52 50 0 0 47 22 0 18 16 0 17 15 0 10 14 12 9 7 8 0 11 36 37 0 38 31 0 35 0 0 0 0 58 0 62 59 60 23 29 28 27 24 26 0 25 0 41 0 42 46 40 45 43 0 6 3 1 63 0 0 4 
27 29 24 28 0 30 25 23 0 0 58 56 0 57 55 59 50 54 52 49 47 48 53 51 12 13 9 14 7 10 11 8 37 33 31 0 32 0 0 0 63 5 0 3 64 2 6 1 0 17 20 18 22 0 0 19 42 46 43 0 0 40 45 0 
3 5 64 0 2 6 0 63 38 0 0 32 37 0 0 35 0 30 0 0 23 24 29 27 52 53 0 54 47 50 51 48 0 9 0 10 8 0 11 0 39 45 44 43 0 0 46 0 0 57 60 58 62 56 61 59 0 22 19 17 0 16 0 20 
39 41 0 40 0 0 37 0 0 8 0 4 0 0 3 7 62 2 0 61 59 60 0 63 0 25 21 26 0 22 23 20 49 45 43 46 44 0 47 48 11 17 16 15 0 0 18 13 27 29 32 0 34 0 0 31 54 58 0 53 51 52 0 0 
47 0 0 48 0 50 0 43 0 16 14 12 17 13 11 15 6 0 8 5 3 0 9 7 32 33 29 0 27 30 31 28 57 0 51 54 52 0 55 56 19 25 24 23 20 22 0 21 35 37 40 38 42 36 41 39 62 0 63 0 59 60 1 64 
0 9 4 8 0 10 5 3 42 0 0 36 0 37 0 39 30 34 0 29 0 28 0 31 56 0 53 58 51 54 0 52 17 13 0 14 12 18 15 0 0 49 0 47 44 46 0 45 0 0 64 0 2 0 1 63 22 26 23 21 19 0 25 24 
63 1 60 64 0 2 0 0 34 32 30 28 33 29 27 31 22 26 24 21 19 20 0 23 48 0 45 50 43 0 47 0 9 5 3 6 4 10 7 8 0 41 40 0 36 38 42 0 0 53 0 0 58 52 57 55 14 18 15 13 11 12 0 0 
31 33 28 32 30 34 0 27 0 0 62 60 0 61 59 63 0 0 56 53 51 52 57 55 0 0 0 0 11 14 15 12 41 37 35 0 36 42 0 0 3 0 8 0 4 6 10 5 0 21 24 0 26 0 25 23 0 50 47 0 0 44 0 48 
0 57 0 0 54 58 53 51 26 24 22 20 25 0 19 23 14 18 16 13 0 12 17 15 40 0 37 0 35 38 39 0 1 0 59 62 60 2 0 64 0 33 0 31 28 30 34 0 43 45 48 46 0 44 0 47 6 0 7 5 3 4 9 8 
0 17 12 0 14 18 0 11 50 0 46 0 49 45 0 47 0 0 40 37 35 36 0 39 0 1 61 2 59 62 63 60 0 21 19 22 20 26 23 0 51 57 56 55 52 0 58 53 3 5 0 0 10 4 0 0 30 34 31 29 27 28 33 32 
23 25 0 0 0 26 21 19 0 56 0 52 0 53 51 55 46 50 48 0 43 0 49 0 8 9 5 10 0 6 7 4 33 29 27 0 28 34 0 32 0 1 64 63 60 62 0 61 11 13 16 0 18 12 17 15 0 42 39 37 35 36 41 0 
