8
44 40 43 42 46 45 0 41 33 38 36 35 0 31 37 32 6 0 63 4 1 2 3 64 0 14 10 13 9 11 8 7 0 25 27 0 0 24 23 0 0 49 47 51 48 0 0 54 17 19 21 16 20 0 15 18 0 56 61 62 0 55 57 0 
36 32 35 34 38 0 31 33 25 30 28 27 26 23 29 24 62 0 55 60 0 58 59 56 0 6 2 0 1 3 64 0 22 0 19 0 21 16 15 18 44 41 39 43 40 0 42 46 9 11 13 0 12 0 0 10 51 0 0 54 50 47 0 52 
60 0 59 0 0 61 0 57 0 54 0 51 50 47 53 0 0 0 15 20 0 0 19 16 28 30 0 29 25 27 24 23 46 41 43 44 0 40 39 42 0 1 63 0 64 5 2 6 33 35 37 32 36 38 31 34 11 8 0 0 10 0 9 0 
20 16 0 18 22 21 15 17 0 14 12 11 10 7 0 8 0 45 0 0 41 42 43 0 52 54 50 0 49 51 48 0 0 1 3 4 5 0 63 2 28 25 23 27 24 29 0 30 0 59 61 56 0 62 55 58 35 32 37 0 34 0 33 0 
0 64 3 2 6 5 0 1 57 62 60 59 58 55 61 56 30 0 0 28 25 0 0 24 36 38 34 37 33 0 0 31 54 0 0 52 53 0 47 0 12 9 7 0 8 13 10 14 0 43 45 40 44 46 39 42 19 0 0 22 0 15 17 20 
52 48 51 0 54 0 47 0 41 0 44 43 42 0 45 40 0 13 7 12 9 10 11 0 20 22 18 21 17 0 0 15 0 33 0 36 37 32 31 0 60 57 0 0 56 61 58 62 0 27 29 24 0 30 23 0 3 64 5 6 2 0 1 4 
12 0 11 10 14 13 0 9 1 6 4 0 0 63 5 64 0 37 31 0 0 0 35 32 0 46 0 45 0 43 40 39 0 57 0 60 0 56 55 0 20 17 15 19 0 21 18 22 49 51 53 48 0 0 0 50 27 0 29 30 26 23 0 28 
28 24 0 26 30 29 23 25 0 22 20 19 18 15 21 16 54 53 47 52 0 50 0 48 60 62 58 61 57 59 0 55 0 0 11 12 13 8 7 10 0 33 31 35 32 0 34 38 0 3 5 0 0 6 63 2 0 40 45 0 42 39 41 0 
34 0 33 32 0 0 29 31 0 0 0 25 0 0 27 22 0 0 0 58 55 0 57 54 2 4 0 3 63 1 62 0 0 0 0 18 19 14 0 16 0 39 37 41 0 43 40 44 7 9 0 6 0 12 5 8 49 0 51 52 0 0 0 50 
18 14 17 16 20 0 0 0 0 12 0 0 8 0 11 0 44 0 37 42 39 40 41 38 50 52 0 51 0 49 46 45 4 0 0 2 0 0 61 64 26 23 21 25 22 27 0 28 55 57 59 54 58 60 0 0 0 30 35 0 32 0 31 0 
42 0 0 0 0 43 37 39 31 36 34 0 32 29 35 0 4 3 61 2 63 64 0 62 0 12 8 11 7 9 6 0 28 0 25 0 27 0 21 24 50 47 0 49 46 51 48 0 15 0 19 14 18 20 0 0 57 0 59 60 56 53 55 58 
0 0 0 24 0 27 21 23 15 20 18 0 0 13 19 14 0 0 45 0 47 48 49 46 58 0 56 59 55 0 54 53 12 7 0 10 11 0 5 0 0 31 29 0 30 35 32 36 0 1 3 62 2 4 61 64 41 0 43 0 0 37 0 0 
58 54 57 0 60 0 53 55 47 52 50 49 48 45 51 46 20 0 13 18 15 16 0 14 0 0 24 27 23 25 22 21 44 0 41 42 43 38 37 40 2 0 0 1 0 3 0 4 0 33 35 30 34 36 29 0 9 6 11 12 8 0 0 0 
0 62 1 64 4 3 61 63 55 60 0 57 56 53 59 54 28 27 21 0 23 24 0 22 34 0 0 0 31 33 30 29 52 47 0 50 51 46 45 48 0 7 5 9 6 11 8 12 39 41 0 38 42 0 37 40 17 14 0 20 16 0 15 0 
10 6 0 0 0 11 5 7 0 4 2 0 64 0 3 0 0 0 0 34 31 32 33 0 42 0 40 43 39 41 0 37 0 0 0 0 59 0 0 0 18 0 13 0 14 19 16 20 0 49 51 0 50 0 45 48 25 0 27 28 24 21 23 0 
50 46 49 48 0 0 45 0 39 0 42 0 0 0 43 0 12 0 0 10 7 8 0 0 18 20 16 0 15 0 14 0 36 0 33 34 35 30 29 32 0 55 53 57 0 0 56 60 23 0 27 22 26 0 0 24 1 62 0 4 64 0 63 2 
0 26 0 28 32 31 25 0 19 24 22 21 20 17 23 18 56 55 49 54 51 0 0 50 62 0 60 0 0 61 58 0 16 0 0 14 15 10 9 12 0 35 33 0 34 39 36 0 0 5 7 0 6 8 1 4 45 42 47 48 0 41 43 0 
46 42 0 0 48 47 0 43 35 0 38 37 36 33 39 34 8 0 1 6 3 4 5 0 14 16 12 0 0 13 10 0 32 27 29 30 0 26 25 0 54 51 49 0 0 55 52 56 19 21 0 18 22 0 0 20 0 58 63 64 60 57 59 62 
14 0 13 12 16 0 9 11 3 0 0 5 4 1 7 2 40 39 33 0 35 0 37 0 46 48 44 47 43 45 42 0 64 0 61 0 0 0 57 60 22 19 17 21 18 0 0 0 51 0 55 50 0 56 0 52 29 0 31 32 28 25 27 0 
0 50 0 0 0 0 49 51 43 48 46 45 44 41 47 42 0 15 9 14 11 12 13 10 22 24 0 23 19 0 0 0 40 35 37 38 39 0 0 0 0 59 57 61 0 63 0 64 0 0 31 26 30 32 25 0 5 2 7 8 4 1 0 6 
0 0 61 0 0 63 57 59 51 56 54 0 52 49 55 0 24 23 0 22 0 20 21 18 30 0 28 0 27 0 0 0 48 0 0 46 47 0 0 44 6 3 0 0 0 0 0 8 0 0 39 34 38 0 33 0 0 0 15 16 0 0 11 14 
22 0 21 20 24 23 17 0 11 0 14 13 0 9 15 10 48 47 41 46 0 44 45 42 0 0 0 55 51 53 50 49 8 3 5 6 7 2 1 4 0 27 0 29 0 0 0 32 59 0 0 58 0 64 57 60 37 0 0 40 36 0 0 38 
6 2 0 4 8 7 1 3 59 64 62 61 0 57 63 58 32 31 0 30 27 28 29 26 38 40 36 39 35 37 34 0 0 0 53 54 55 50 0 52 14 0 9 13 10 0 0 16 0 0 47 0 46 0 41 0 0 18 23 24 20 17 19 22 
38 34 37 36 0 39 33 35 0 32 0 29 0 25 31 26 64 63 57 62 0 60 61 58 6 0 4 7 3 0 2 1 0 0 21 22 23 18 17 20 46 43 41 0 42 47 44 48 11 13 15 10 0 0 9 12 53 50 55 56 52 0 51 54 
56 52 55 54 0 57 51 53 45 0 48 47 0 0 49 44 18 17 11 16 13 0 15 12 24 0 22 25 21 23 20 19 42 37 39 40 41 0 0 38 64 61 59 63 60 1 62 2 0 31 33 28 32 34 0 0 7 4 9 0 6 3 5 8 
0 44 47 46 50 0 43 45 0 0 0 39 38 35 41 36 10 9 3 8 0 0 7 4 16 18 14 17 13 0 12 11 34 0 0 32 33 28 27 30 56 53 51 55 0 57 54 58 21 0 25 0 24 26 0 22 0 0 1 2 62 59 61 64 
8 4 7 6 10 0 3 0 0 0 64 63 62 0 1 60 0 33 27 32 29 30 31 0 40 0 0 0 37 39 0 35 0 53 55 56 57 52 0 0 16 13 0 15 12 0 14 18 45 47 49 0 48 50 43 46 0 20 25 0 0 19 0 24 
0 0 0 0 18 17 0 0 5 0 8 0 6 0 0 0 0 41 35 40 0 38 0 0 48 0 46 49 45 47 44 43 2 0 0 64 1 60 59 62 24 21 19 23 20 0 22 26 0 0 57 52 56 58 0 54 31 28 0 34 30 0 29 32 
64 0 63 62 2 1 59 0 53 0 56 55 54 0 57 52 26 25 0 24 0 22 0 20 32 34 0 33 0 0 28 27 50 45 0 48 49 44 0 46 8 5 3 7 4 0 6 10 37 39 0 36 40 42 35 38 0 0 17 0 14 11 13 0 
24 20 23 22 26 25 0 21 13 18 16 15 14 11 17 12 50 0 0 48 45 46 47 44 56 0 0 57 0 0 52 51 10 0 0 0 9 4 3 0 0 29 27 31 28 0 0 34 61 63 1 60 64 2 0 0 39 0 41 42 38 35 37 0 
0 0 39 38 42 41 35 0 29 0 32 31 30 27 33 28 0 1 0 0 0 62 0 60 8 0 0 9 5 7 4 3 26 0 0 24 25 20 19 22 0 0 43 0 0 0 46 50 13 15 17 12 16 0 11 14 55 52 57 0 54 51 53 56 
0 0 31 30 34 0 0 0 21 0 24 23 0 19 0 20 58 0 51 0 53 54 55 52 64 2 0 0 61 0 60 59 18 0 15 16 17 12 11 14 40 0 35 39 36 41 38 0 5 7 9 4 0 10 3 0 0 44 49 50 46 0 45 48 
63 59 0 61 1 64 58 60 0 57 55 54 53 50 56 51 25 24 0 23 20 21 0 19 0 33 29 0 0 0 27 26 49 44 46 47 48 43 42 0 7 4 2 6 3 8 5 0 36 38 40 0 39 0 0 0 14 11 16 0 0 10 12 0 
47 43 46 45 0 48 0 44 36 41 39 38 37 0 40 35 9 8 2 7 0 0 6 3 15 0 0 16 12 14 0 10 33 0 0 31 32 27 26 29 55 52 50 54 51 56 0 0 0 22 0 19 23 25 18 21 0 0 0 0 61 0 60 0 
15 0 14 13 0 16 10 0 4 9 0 6 5 0 8 3 41 40 34 39 36 37 38 35 47 49 45 0 0 46 0 0 1 60 62 63 0 0 58 61 0 0 0 22 0 24 21 0 52 54 56 51 0 57 0 53 30 0 32 0 29 26 28 0 
31 27 30 29 33 0 26 28 0 25 23 22 0 18 0 19 57 56 50 0 52 0 54 51 0 0 61 64 0 62 59 58 17 0 14 15 16 11 0 0 39 36 34 38 35 40 37 41 4 0 8 3 7 9 2 5 46 43 0 49 45 0 44 47 
0 3 6 5 9 8 2 4 60 1 63 62 61 58 64 0 33 32 26 0 0 29 30 0 39 41 37 0 0 0 35 34 57 0 0 0 0 51 50 53 15 12 10 0 11 0 13 17 44 46 0 43 47 49 42 45 0 0 24 0 21 18 20 0 
0 51 54 53 57 0 50 0 44 49 47 0 45 42 48 43 0 16 10 0 12 13 14 0 23 25 21 24 20 22 0 18 41 36 0 39 40 35 34 37 63 60 58 62 59 64 61 1 0 30 0 27 0 33 26 29 6 3 0 9 0 2 4 0 
39 35 38 37 41 40 34 36 28 0 31 30 29 26 32 27 0 64 58 0 0 61 62 0 7 9 5 8 0 0 3 0 25 20 22 23 24 19 18 21 0 0 42 46 0 48 45 49 12 14 16 0 0 17 0 13 54 51 56 57 53 50 0 55 
0 19 22 21 0 24 18 20 12 17 15 0 13 10 16 11 49 48 42 0 0 0 46 43 55 0 53 56 0 0 0 50 9 4 0 7 0 3 2 5 31 28 26 0 27 32 29 33 60 62 0 59 63 0 58 61 0 35 0 41 0 34 36 39 
43 39 0 0 45 44 38 0 32 0 35 34 0 0 36 0 5 4 62 0 0 1 2 63 0 13 9 12 0 10 7 0 0 0 26 27 28 23 22 0 51 48 0 50 47 52 49 53 16 0 20 15 19 21 14 17 58 55 0 61 57 0 56 0 
0 55 58 0 61 0 54 56 48 0 51 50 49 46 52 47 21 0 14 19 16 17 18 15 0 29 25 0 24 26 0 22 0 40 0 43 44 0 0 41 3 0 62 2 0 4 1 5 32 34 0 31 35 37 30 33 0 0 12 13 9 0 8 11 
3 63 2 1 5 0 62 64 56 61 0 58 57 0 60 0 0 0 22 0 24 0 26 23 35 37 33 36 32 0 0 30 0 48 0 51 52 0 46 0 11 0 6 10 7 12 0 0 0 42 44 39 43 45 38 41 18 15 20 21 17 14 16 19 
19 15 0 17 21 20 14 0 8 0 11 0 0 6 12 7 45 44 0 43 40 41 0 39 51 53 49 52 48 50 47 46 5 0 2 0 4 0 62 1 0 24 22 0 0 0 25 0 56 58 60 55 59 0 54 0 0 31 36 0 33 30 32 35 
51 47 0 49 53 52 46 48 40 45 0 42 41 38 44 39 13 0 6 11 0 9 0 7 19 21 0 20 16 0 15 0 37 32 0 0 36 0 0 0 59 0 54 58 0 0 57 61 24 26 0 0 27 29 22 25 2 63 4 5 0 62 64 3 
11 7 10 9 13 0 6 8 64 5 3 2 0 0 4 0 37 36 0 35 0 33 34 0 43 0 41 0 40 42 39 38 0 56 58 0 0 55 0 57 19 0 14 0 15 20 0 0 48 50 52 47 51 53 0 0 0 23 28 29 25 22 24 0 
0 23 26 0 29 0 22 24 16 21 0 0 0 14 20 0 53 52 46 51 48 0 0 0 59 0 0 0 56 58 0 0 13 8 10 11 12 0 6 0 0 32 30 34 0 36 0 37 64 2 4 63 3 5 0 1 42 0 0 45 41 38 40 0 
35 31 0 0 0 36 0 0 24 29 27 26 0 22 28 0 61 0 54 0 56 0 58 0 3 0 1 4 64 2 63 62 21 16 0 0 20 0 14 17 43 40 0 42 39 0 0 45 0 10 12 0 11 13 6 0 0 47 0 53 49 46 48 51 
17 13 0 15 19 0 0 14 6 11 0 0 7 0 10 0 0 42 36 41 38 39 40 37 0 51 47 50 46 48 45 44 3 62 0 0 0 0 0 0 25 0 0 24 21 26 0 27 0 56 0 0 57 0 52 0 32 29 34 35 31 28 30 33 
9 5 8 0 11 10 4 6 62 3 0 64 0 0 0 61 35 34 28 33 30 31 32 29 41 43 0 42 38 0 37 36 59 54 56 57 0 53 52 55 17 14 12 16 13 18 15 19 0 48 50 45 0 51 44 47 24 0 26 27 0 0 22 0 
0 29 32 31 35 34 28 30 22 27 25 24 23 0 0 0 59 58 52 57 0 0 56 0 1 3 0 2 62 64 61 60 19 0 0 0 18 0 12 0 41 0 36 40 37 42 39 43 6 8 10 0 0 11 4 0 0 0 50 51 0 44 46 49 
41 37 40 0 43 42 0 38 30 35 33 32 0 0 34 29 3 2 60 0 0 63 64 61 9 11 7 10 6 0 5 0 27 0 24 25 26 0 20 23 0 46 0 48 45 0 0 0 14 0 18 13 17 19 12 15 56 53 58 59 55 52 54 57 
0 21 24 23 0 26 0 22 0 19 17 16 15 12 18 13 0 50 44 49 0 0 0 45 0 59 55 58 54 56 0 0 11 0 8 9 10 5 4 7 0 30 28 32 29 0 31 35 62 64 0 61 1 3 0 63 40 37 0 43 39 0 38 41 
0 53 0 55 59 58 0 54 0 51 49 48 0 44 0 0 19 18 0 17 14 0 16 0 25 0 23 26 22 24 21 0 0 38 40 0 42 37 36 39 0 62 60 64 61 2 63 0 30 0 34 0 33 35 0 0 0 0 10 11 0 4 6 9 
0 45 48 47 51 0 44 46 38 0 41 40 39 0 42 37 11 0 4 0 6 0 0 5 17 19 0 0 14 0 13 12 35 30 32 0 34 0 0 31 0 0 0 56 0 58 55 59 22 0 26 0 0 0 20 23 64 61 0 3 63 60 0 1 
1 0 0 0 3 0 60 0 54 59 0 56 55 0 0 53 0 26 20 25 22 0 24 0 33 35 0 34 0 32 29 28 51 46 48 0 50 0 44 47 9 0 0 8 0 0 7 11 0 0 42 0 41 0 0 0 0 0 18 19 15 12 14 17 
61 57 0 0 0 62 56 58 0 55 0 0 51 48 54 49 23 22 16 0 18 0 20 0 29 31 0 30 26 28 25 24 47 42 0 45 0 0 40 43 0 0 64 4 0 6 3 0 0 36 0 33 37 39 32 35 12 9 0 15 11 8 10 0 
37 0 36 35 39 0 32 0 0 31 0 28 27 0 0 25 0 62 56 61 58 59 60 57 5 7 3 6 0 4 1 64 23 0 0 21 0 0 16 0 0 42 40 44 41 46 43 47 0 12 0 9 0 15 8 11 52 49 54 55 51 48 50 0 
0 9 12 11 0 14 8 10 2 7 5 4 3 0 6 0 39 38 32 0 0 35 36 0 45 47 0 0 42 0 41 40 63 58 60 61 0 57 0 0 0 0 0 20 17 22 19 0 50 0 54 49 53 55 0 51 0 25 0 0 0 0 26 29 
21 17 20 19 23 22 0 0 10 15 0 12 11 8 14 9 47 46 40 0 42 0 44 0 0 55 51 54 50 52 49 48 7 2 4 5 6 1 64 0 29 0 24 28 0 0 27 31 58 0 62 57 61 63 0 59 36 33 0 0 35 32 34 37 
53 49 52 0 55 54 48 50 0 0 45 0 43 40 46 41 15 14 8 13 10 11 12 9 0 23 19 0 0 20 17 0 39 34 0 37 0 33 0 0 61 0 56 60 57 0 59 0 26 28 30 0 29 31 24 27 4 1 0 7 3 0 2 0 
0 1 0 3 7 0 0 0 0 63 0 60 59 0 0 57 31 30 24 29 26 0 28 0 0 39 35 38 0 36 0 0 55 50 52 53 54 49 0 51 13 10 8 12 9 14 0 0 42 44 46 41 45 47 40 43 0 17 22 23 19 0 18 21 
29 25 0 0 31 0 24 0 18 23 21 20 19 16 22 0 0 54 0 53 0 51 52 49 61 0 59 62 58 60 57 0 15 0 12 13 0 9 8 11 37 34 32 0 0 38 35 39 2 4 6 1 5 7 64 3 44 0 46 47 43 40 42 45 
45 41 0 0 47 0 40 42 34 39 37 36 35 32 0 33 7 6 64 0 2 3 0 1 13 15 11 14 10 12 9 8 31 26 28 29 30 25 24 27 53 50 0 52 49 54 51 0 18 0 22 17 21 23 16 0 60 0 62 63 0 56 58 61 
