8
51 50 49 0 52 45 48 0 57 54 60 55 0 56 58 59 0 37 0 38 41 0 39 0 0 2 64 1 4 3 0 63 0 14 16 15 0 19 0 18 9 5 8 0 12 0 10 6 34 33 35 36 0 32 31 29 0 27 24 0 26 25 0 0 
0 26 0 23 0 21 24 22 33 0 36 31 29 32 34 35 0 13 16 14 0 20 0 0 38 0 40 41 44 0 37 39 57 54 56 0 0 0 0 58 0 45 48 0 52 51 50 46 10 9 11 12 6 8 0 5 61 3 0 0 2 1 62 0 
3 0 1 0 4 0 64 62 9 0 12 0 0 8 0 11 0 53 56 0 57 60 55 0 0 18 0 0 0 0 13 0 33 30 0 31 36 35 29 34 0 21 24 23 28 0 26 0 50 49 0 52 46 48 0 0 37 43 40 0 0 41 38 39 
35 34 33 31 36 29 32 30 41 38 44 39 37 40 0 0 0 0 24 22 25 0 0 0 46 50 48 0 0 51 45 47 0 62 64 63 4 3 61 0 57 0 56 55 60 59 58 54 18 0 0 20 0 16 0 13 5 11 8 12 10 9 6 7 
43 42 41 39 44 37 40 38 49 46 0 47 45 48 50 51 35 0 32 0 0 36 31 34 0 58 56 57 60 0 53 0 9 6 0 7 12 11 0 0 1 61 64 63 4 3 2 62 26 25 27 28 22 0 23 21 0 19 16 20 18 17 14 15 
19 18 0 15 20 13 16 0 25 22 28 0 0 24 26 0 0 0 8 0 0 12 7 10 30 0 0 33 36 35 29 0 49 46 48 0 52 0 45 50 41 37 40 39 44 0 0 38 0 1 3 4 0 64 0 61 0 0 56 0 58 0 54 55 
59 0 57 55 60 53 56 54 1 0 4 0 0 0 2 0 51 45 48 46 0 0 47 50 6 10 8 9 0 11 5 0 25 22 24 0 28 27 0 0 17 13 0 0 0 19 18 14 42 41 43 0 38 40 39 0 29 35 0 0 34 33 30 31 
11 0 9 7 0 5 0 6 17 0 20 15 0 16 18 19 0 61 0 62 1 0 63 2 22 0 24 25 28 27 21 23 41 38 40 39 44 0 37 42 33 0 32 31 36 35 34 30 58 57 59 60 54 56 0 53 45 0 48 52 50 0 46 47 
0 60 0 57 62 55 0 56 3 64 6 1 63 2 4 5 53 47 50 48 0 54 49 52 0 0 10 11 14 0 7 9 0 0 26 25 30 29 0 28 19 15 18 17 0 21 0 0 44 43 45 46 40 42 0 0 31 37 34 38 36 35 32 33 
37 36 0 33 38 0 34 32 0 0 0 41 0 42 0 45 29 0 26 24 27 0 25 28 48 52 50 51 0 0 47 49 0 64 2 0 0 5 63 0 59 55 58 57 62 61 60 56 0 19 21 0 16 18 0 0 0 13 10 14 12 11 8 9 
29 28 0 25 30 23 26 24 35 32 0 0 31 34 0 37 0 15 18 16 0 0 17 0 0 0 0 0 46 0 0 0 59 0 58 57 62 0 0 0 51 0 50 0 54 53 0 0 12 11 0 14 8 10 0 0 63 5 2 0 4 0 0 0 
5 0 0 0 6 63 2 64 11 8 14 9 7 10 12 0 0 0 0 56 59 62 0 60 16 0 18 19 22 21 0 17 35 32 34 33 38 37 0 0 27 23 26 25 30 0 28 24 0 0 53 0 48 50 49 47 39 45 42 46 0 43 0 41 
21 0 0 17 22 15 18 16 0 0 30 0 23 26 0 0 13 0 10 8 11 0 9 0 32 36 34 0 38 37 0 0 51 48 50 49 0 0 47 52 43 39 42 41 0 45 44 40 4 3 0 6 0 2 1 63 55 0 58 62 60 59 56 57 
13 12 11 0 14 0 10 0 0 0 0 17 0 0 20 0 5 63 0 64 3 0 1 4 24 28 26 27 30 0 23 0 0 0 42 0 46 45 0 0 35 31 0 33 38 0 0 32 60 59 61 62 0 58 57 0 47 0 50 0 52 0 0 0 
0 44 43 41 46 0 0 40 51 48 54 49 47 0 0 53 37 31 34 0 35 38 0 36 0 60 58 59 62 0 0 0 11 8 10 9 14 13 7 12 3 0 2 1 6 0 4 0 28 27 29 30 0 26 0 0 0 21 18 0 20 19 16 17 
0 0 0 49 54 47 50 0 0 56 0 57 55 58 60 61 45 39 0 0 43 0 0 44 64 0 2 3 6 0 63 0 19 16 18 17 22 21 15 0 11 7 10 9 14 13 0 8 36 35 37 0 32 0 0 31 0 29 0 30 28 27 0 25 
1 64 63 61 0 59 62 60 7 0 0 5 3 6 8 9 57 51 0 52 55 58 53 56 0 16 14 0 18 17 0 13 0 0 0 0 34 33 27 0 23 0 0 0 26 0 0 20 48 47 49 0 44 0 45 43 35 41 38 42 40 39 36 37 
25 24 23 21 26 0 0 20 31 0 34 29 27 0 32 33 17 11 14 0 0 0 13 16 36 0 38 39 42 0 35 0 55 52 54 53 0 57 0 56 47 43 46 0 50 0 48 44 8 7 0 10 4 6 5 3 0 1 62 0 64 63 0 0 
33 32 31 29 34 0 0 28 39 36 0 37 0 38 40 0 25 19 0 20 23 26 21 24 0 48 0 0 50 49 43 45 63 60 62 0 2 1 0 0 0 51 54 53 58 0 56 52 0 0 0 18 12 14 13 0 0 9 0 0 0 7 4 5 
57 56 0 0 58 0 0 0 63 60 2 61 59 62 64 0 49 0 46 44 47 0 45 48 4 8 6 7 10 9 0 5 23 0 22 0 26 0 19 24 0 11 14 13 18 17 0 12 40 0 0 42 0 38 37 35 27 0 0 34 32 0 28 29 
0 0 7 5 10 3 6 4 15 12 18 13 11 14 16 17 1 59 62 60 63 2 0 64 20 24 22 23 26 25 0 0 39 36 0 37 42 41 35 40 31 0 30 0 34 0 0 28 0 55 57 0 52 0 53 0 0 49 46 50 48 47 0 45 
17 16 15 13 18 0 14 12 23 0 26 21 19 0 24 0 0 0 6 4 7 10 5 8 28 32 0 0 34 33 27 29 47 44 0 45 50 0 43 48 39 35 0 37 42 0 40 36 64 63 1 2 60 62 61 59 51 57 0 58 56 55 0 53 
49 48 47 0 0 43 0 0 0 52 58 53 51 54 56 0 41 35 38 0 39 42 0 40 0 64 0 0 0 1 59 0 15 12 14 13 0 17 11 16 0 3 0 5 10 0 8 4 32 0 33 0 0 0 0 0 19 25 22 26 24 0 20 21 
41 40 39 0 42 35 0 36 0 0 0 45 0 0 0 0 33 0 30 28 31 0 29 0 52 56 0 55 0 0 0 53 7 4 0 5 10 9 0 8 63 59 0 61 2 1 64 60 0 23 0 26 20 22 21 0 0 17 14 18 0 0 12 13 
50 49 48 46 0 44 0 45 0 53 59 0 0 0 57 0 42 0 0 0 40 43 38 41 61 0 63 64 3 2 0 62 16 13 0 14 19 18 12 17 8 4 7 6 11 10 0 5 33 32 34 0 29 31 30 28 20 26 23 27 0 24 21 0 
42 41 40 38 43 36 39 37 48 0 51 0 0 47 0 0 34 28 31 29 32 0 30 33 53 0 0 56 0 58 52 54 0 5 7 6 11 10 4 9 64 0 63 62 3 2 0 61 25 24 0 0 21 23 22 20 12 18 15 19 17 16 13 0 
0 9 8 6 11 4 7 5 16 0 19 14 12 15 17 18 2 0 63 0 64 3 62 0 21 25 23 24 0 26 0 0 0 0 0 38 43 42 36 41 32 0 0 30 35 34 33 29 0 56 58 0 0 55 0 52 0 50 0 51 49 48 0 46 
58 0 0 0 59 0 55 0 0 61 3 62 60 63 1 2 50 44 47 0 0 51 46 49 0 9 7 0 11 10 4 6 0 21 0 0 27 26 20 25 0 12 15 14 19 18 17 13 0 40 0 43 37 0 38 36 28 0 31 35 33 0 0 0 
18 17 16 14 19 12 0 13 0 21 0 22 20 23 0 26 10 4 7 5 0 11 0 9 29 33 31 32 0 34 28 30 48 45 0 46 51 50 44 49 40 36 39 38 43 42 41 37 0 64 2 0 61 63 62 0 52 58 55 59 57 56 53 54 
0 25 0 0 0 20 23 21 0 0 35 0 0 31 33 34 0 12 0 0 0 19 14 17 37 0 39 40 43 0 36 38 56 0 55 0 59 58 0 57 48 0 47 46 51 50 49 45 0 8 10 11 0 7 6 4 60 2 63 3 0 64 61 62 
0 0 0 30 35 0 31 0 40 37 0 0 36 39 41 0 0 0 23 21 0 27 0 25 0 0 0 48 51 50 44 46 0 0 63 62 3 0 60 1 56 52 55 54 59 58 57 53 17 16 18 19 13 0 14 12 4 0 7 11 0 0 0 6 
0 1 64 62 3 0 63 61 8 0 0 6 4 0 9 0 58 0 0 53 56 59 54 57 13 17 15 16 0 18 12 0 0 0 0 30 35 0 28 0 24 20 23 0 0 26 0 21 0 0 50 51 45 47 46 0 36 42 39 43 41 0 37 38 
22 21 0 18 23 0 19 17 28 25 31 26 24 27 29 30 14 8 11 0 12 0 10 0 33 0 35 0 39 38 0 34 0 0 51 50 55 0 48 53 0 40 43 42 47 0 45 41 5 0 0 0 1 0 0 64 56 0 59 0 61 0 57 58 
62 61 0 58 63 56 59 57 0 1 0 2 64 3 5 0 54 48 0 0 0 0 50 53 9 0 11 0 15 0 0 10 0 25 0 26 31 30 24 29 20 0 0 18 0 22 0 0 0 44 46 47 41 43 0 40 32 38 35 39 0 36 33 34 
0 0 44 42 47 40 0 0 52 0 55 50 48 51 53 54 38 32 0 33 36 0 0 37 0 61 0 60 63 62 0 58 0 9 11 10 15 14 8 13 0 64 3 2 7 6 5 1 0 0 30 31 25 27 0 24 16 0 19 23 21 0 17 18 
0 5 4 2 0 64 3 0 12 9 15 0 8 0 0 14 62 0 0 57 60 63 58 61 17 21 19 20 23 22 16 18 36 33 0 34 0 0 32 37 0 24 27 26 31 30 0 25 53 52 54 0 49 51 50 48 0 46 43 0 0 44 0 0 
38 37 36 34 39 32 0 33 44 41 47 42 40 0 45 46 0 24 0 25 0 0 26 29 49 53 51 0 0 0 48 50 4 0 0 2 7 0 0 0 0 56 59 58 63 62 0 57 21 20 22 0 0 19 18 16 0 0 0 15 13 12 0 10 
30 0 28 0 31 24 27 0 36 33 0 34 32 35 0 0 22 16 19 17 20 23 18 21 0 45 43 44 47 0 40 42 60 57 59 0 0 62 0 61 52 48 51 50 0 0 53 0 13 12 14 15 0 11 10 8 64 6 3 7 0 4 1 2 
54 53 52 0 55 48 51 49 60 0 0 58 56 0 61 0 46 40 0 0 44 47 42 45 1 0 3 4 0 0 64 0 20 17 19 18 23 22 16 21 0 0 11 10 0 14 13 9 37 36 0 39 33 0 34 0 24 0 27 31 29 0 25 26 
14 0 12 10 15 8 11 9 20 0 23 18 16 19 21 0 6 0 3 1 4 7 0 0 25 29 27 28 0 30 24 26 44 41 0 42 47 0 0 45 0 32 35 34 0 38 37 33 61 0 62 63 0 59 58 56 48 54 51 55 0 0 49 0 
55 54 0 51 56 0 0 0 0 58 0 59 57 60 0 63 47 41 44 42 45 0 43 46 2 6 0 5 0 7 1 3 21 18 20 19 24 0 17 22 0 9 0 0 16 15 0 10 0 0 39 40 34 0 35 33 25 31 28 32 0 0 26 0 
0 22 0 19 24 17 20 18 29 0 32 27 25 0 30 31 15 0 0 10 13 16 11 0 34 38 36 0 0 39 33 35 53 50 52 51 56 0 0 0 0 0 0 43 48 0 46 42 6 5 0 8 2 4 3 1 57 63 60 64 62 61 58 59 
15 14 13 11 16 0 12 10 21 0 0 19 17 20 0 23 7 1 4 0 5 8 3 6 26 30 0 29 32 31 25 27 0 0 44 43 48 47 41 0 0 0 0 35 40 0 38 34 0 61 63 64 58 60 59 0 49 55 0 56 54 53 50 51 
0 6 0 3 8 0 4 0 0 0 16 11 9 12 14 15 63 57 0 0 0 0 59 62 0 22 20 21 0 23 17 19 37 0 36 35 40 39 33 38 29 0 28 27 0 31 30 0 54 0 0 56 50 52 51 49 41 47 44 48 46 45 0 43 
0 0 37 0 40 0 36 34 0 0 48 43 41 44 46 47 31 0 28 0 29 32 27 30 50 54 0 53 0 55 49 51 5 0 4 3 8 7 1 6 61 57 0 59 0 63 62 58 22 21 0 24 0 0 19 17 0 15 12 16 0 0 10 11 
47 46 0 0 0 0 44 42 53 0 56 51 49 52 54 55 0 33 0 34 37 40 35 38 0 62 0 61 64 63 57 0 13 0 12 11 16 15 9 0 5 1 4 3 8 7 6 0 30 29 0 32 26 28 27 0 17 0 20 24 22 0 18 19 
63 62 61 59 64 57 60 58 0 2 8 3 0 0 6 7 55 49 52 50 0 0 51 0 10 0 0 13 0 0 9 11 29 26 28 27 0 31 25 0 0 17 20 19 24 23 22 18 46 45 47 48 42 44 43 41 33 39 0 0 38 37 34 0 
31 30 29 27 0 25 28 26 37 34 40 35 33 36 38 39 23 17 20 18 21 0 19 22 42 46 44 0 48 47 41 0 61 58 60 59 64 63 0 62 0 0 0 51 0 0 54 0 14 13 0 16 0 0 11 9 0 7 4 8 0 5 2 0 
20 0 18 16 0 14 17 15 0 23 29 24 0 25 27 28 12 0 9 0 10 0 0 0 31 35 33 34 37 0 30 32 0 0 0 0 53 52 46 0 42 0 41 40 45 0 0 39 3 2 4 5 63 0 64 62 54 60 0 61 0 0 55 56 
0 59 58 0 0 0 0 55 2 63 5 64 62 0 3 4 52 0 0 47 50 0 48 0 7 11 9 10 0 12 6 8 0 0 25 24 29 28 22 27 18 14 17 16 21 20 0 0 43 0 44 45 39 41 40 38 30 36 33 37 35 34 31 0 
0 35 34 0 37 30 33 0 0 39 45 0 38 41 43 44 28 22 25 23 26 0 24 27 0 0 0 50 0 52 46 0 2 63 1 64 5 4 0 0 0 54 57 0 61 60 0 55 19 0 20 0 0 0 16 14 6 12 0 0 0 0 7 8 
44 43 42 40 45 0 0 39 50 0 53 48 46 49 51 52 0 30 33 31 0 37 32 35 55 59 57 58 61 60 54 0 10 7 9 0 0 12 0 11 0 0 0 0 0 0 3 63 27 26 28 0 23 25 0 22 14 0 17 21 19 18 0 0 
28 27 26 24 29 22 25 23 34 31 0 32 30 0 0 0 20 14 0 15 0 0 16 0 39 0 41 42 0 44 38 0 58 55 57 56 61 60 0 59 0 46 49 0 0 52 0 47 11 10 0 13 7 9 8 0 0 4 1 5 3 2 0 64 
52 51 50 0 0 46 0 47 58 55 61 56 54 0 59 60 44 38 0 39 0 0 40 43 0 3 0 0 0 4 62 64 18 15 0 16 21 20 14 19 10 6 0 8 13 12 11 7 35 34 0 37 31 0 32 30 22 0 25 0 0 26 0 0 
4 3 2 64 5 62 0 63 0 7 13 0 0 9 0 12 60 0 57 55 58 61 56 59 15 19 17 0 21 0 14 0 0 31 0 32 37 36 0 35 0 22 25 24 29 28 27 23 51 50 0 0 47 0 48 0 0 0 41 0 0 42 39 0 
12 0 0 8 0 6 9 0 18 15 0 16 14 17 19 20 4 0 1 63 0 0 64 3 23 0 25 26 29 28 22 24 0 39 41 40 45 44 38 43 34 0 33 32 0 36 35 31 59 0 60 61 0 57 56 0 46 52 49 53 51 50 47 48 
48 47 46 44 49 42 45 43 0 51 57 52 50 53 55 0 0 34 37 0 0 41 36 0 0 63 61 62 1 64 0 60 0 11 0 12 17 0 10 0 6 0 0 0 0 8 0 0 0 30 32 33 27 29 28 26 18 24 21 25 23 22 19 20 
8 7 6 4 9 0 5 3 14 11 0 12 10 13 0 0 64 58 61 59 62 0 60 63 19 23 21 22 25 24 18 20 38 35 0 36 41 40 34 0 30 26 29 28 0 32 0 27 0 54 56 57 51 0 52 0 0 48 45 49 0 0 0 44 
0 15 14 12 17 0 13 0 22 0 0 20 18 21 0 24 8 2 5 3 0 9 4 7 27 31 29 30 0 0 0 28 0 43 45 44 0 48 42 0 0 34 37 36 41 40 0 0 63 62 0 1 59 61 60 58 50 56 0 57 55 54 51 52 
56 0 54 52 57 50 53 0 0 59 0 60 58 61 63 64 48 0 45 43 46 0 0 47 3 7 0 0 9 8 2 4 0 0 21 20 25 24 18 23 14 0 13 0 17 0 15 11 0 38 0 41 35 37 36 34 0 32 29 33 31 30 27 28 
40 39 0 0 0 34 37 0 46 43 49 44 42 0 47 48 0 0 0 0 0 33 0 31 51 55 0 54 57 56 50 0 6 0 5 4 9 8 2 7 62 58 61 60 0 0 63 59 23 0 24 0 19 21 20 0 0 16 13 17 0 14 11 0 
24 23 0 20 25 0 21 0 30 27 33 28 26 29 31 0 0 10 0 11 14 17 12 15 35 39 0 0 41 0 34 36 0 0 53 52 57 56 0 0 46 42 0 0 49 48 47 43 0 6 8 9 0 5 4 2 58 64 61 0 63 0 0 60 
0 63 0 60 1 58 61 0 6 3 9 0 0 0 0 8 56 50 53 0 54 57 0 55 11 15 13 14 17 16 0 0 30 27 29 28 33 32 26 31 22 18 21 0 25 24 23 19 47 46 48 0 0 0 0 0 34 40 0 41 39 0 0 36 
0 0 30 0 33 0 29 27 38 35 41 0 34 0 0 0 24 0 21 0 0 25 20 0 0 47 0 46 0 48 0 44 62 59 61 60 1 64 58 63 0 50 0 52 57 0 55 51 15 14 0 17 11 13 12 0 2 8 5 9 7 6 0 4 
