8
52 0 45 49 47 0 48 46 6 0 9 7 0 12 0 11 41 42 0 0 40 0 37 43 1 61 0 0 2 64 0 63 0 18 0 15 13 17 0 19 32 33 34 31 29 0 35 30 0 60 54 53 58 57 56 59 0 22 28 26 23 0 0 24 
0 0 5 0 7 11 8 0 30 29 33 31 34 0 32 35 1 2 0 0 0 62 61 3 25 21 28 22 26 24 27 23 0 42 0 39 37 0 44 43 56 0 58 55 53 0 59 54 0 0 14 13 0 17 0 0 51 0 0 50 47 45 0 48 
20 0 13 17 15 19 0 0 38 37 41 39 42 44 40 43 9 10 7 12 8 0 0 0 33 0 36 30 34 32 35 0 0 50 46 47 45 0 0 0 64 0 2 63 0 4 3 62 23 28 22 21 26 25 24 0 0 54 60 0 55 53 57 56 
36 34 29 33 31 0 0 0 0 0 0 0 58 60 56 59 25 26 23 28 0 22 21 27 49 45 0 46 50 48 51 47 64 0 62 63 61 1 4 3 16 17 18 0 13 20 19 14 39 44 38 37 42 0 40 0 0 0 0 10 7 0 0 8 
44 42 0 41 39 0 40 38 62 61 1 63 2 4 64 0 33 34 31 36 32 30 29 35 0 53 60 54 58 0 59 55 0 10 6 7 5 9 12 0 24 0 0 23 0 28 0 0 47 52 46 45 0 0 48 51 19 14 20 0 15 0 17 16 
0 58 53 57 55 59 56 54 0 0 17 0 0 0 0 19 0 50 0 52 48 0 45 51 9 0 12 6 10 8 11 7 24 26 0 23 0 25 28 27 40 41 42 0 37 44 0 38 0 0 62 61 0 1 64 3 35 0 0 0 31 29 33 32 
28 0 21 25 23 27 24 22 46 45 49 47 0 52 48 0 0 0 15 20 0 0 0 19 41 37 44 38 42 40 43 39 56 58 54 55 53 57 60 59 8 9 10 7 5 12 0 6 0 36 0 29 34 33 32 35 3 62 0 2 63 61 1 0 
4 2 61 1 0 0 64 0 22 0 25 0 26 28 24 0 0 0 55 60 0 0 0 0 0 0 0 14 18 16 0 15 32 34 30 0 0 33 36 35 48 49 50 47 45 52 51 0 7 0 6 5 10 9 8 11 43 38 44 42 39 0 41 40 
35 33 0 32 30 0 31 0 53 52 56 54 0 59 55 58 24 25 22 0 23 0 0 26 48 44 0 0 49 0 50 46 63 1 61 62 60 0 3 2 15 0 17 0 12 19 18 13 38 43 0 36 41 0 0 42 10 0 11 9 6 0 8 7 
51 49 44 48 46 0 0 0 5 4 0 6 9 0 7 0 40 41 38 43 39 37 0 0 0 60 3 61 1 63 2 62 15 0 13 0 0 0 0 0 31 32 33 30 28 35 0 29 54 0 0 52 57 0 55 58 26 0 0 25 22 0 0 23 
19 17 12 16 14 18 15 13 37 36 0 38 41 0 0 42 0 9 0 0 0 5 0 10 32 28 0 0 33 0 34 30 0 49 45 46 0 0 51 50 63 64 0 0 60 0 2 61 22 27 21 0 0 24 23 26 58 0 59 0 54 52 0 55 
0 9 4 8 6 0 7 5 0 28 32 30 0 0 31 34 0 0 0 0 63 61 60 2 24 20 27 21 25 0 26 22 0 0 0 38 36 40 43 42 55 56 57 0 52 59 0 0 0 19 13 12 17 16 15 0 50 0 0 49 46 0 48 47 
27 25 20 24 22 26 23 21 0 0 48 46 49 0 47 50 0 17 14 19 15 13 0 18 40 0 0 37 41 39 42 38 55 57 0 54 52 56 59 58 0 8 0 6 0 11 10 0 0 0 29 0 33 32 31 34 0 61 3 1 62 60 0 63 
0 0 0 64 0 0 63 61 21 20 0 22 25 27 23 26 56 57 54 59 55 0 52 58 16 12 0 13 17 15 18 14 31 33 29 0 28 0 35 34 0 0 49 46 44 51 50 45 0 0 0 4 0 0 7 10 42 37 43 41 38 0 40 39 
0 41 0 40 38 0 39 0 0 60 64 62 0 3 0 0 32 33 30 0 31 0 28 34 56 52 0 53 57 0 58 54 7 9 5 0 4 0 11 10 23 24 25 0 20 27 0 21 46 51 45 44 49 0 0 0 18 0 19 17 14 12 16 0 
59 57 0 56 54 58 55 53 0 12 16 14 0 0 15 18 0 0 46 0 47 45 44 50 0 0 11 5 9 7 10 6 0 25 21 22 20 0 27 26 39 40 41 0 36 0 42 37 62 3 0 60 1 64 63 2 34 29 35 33 30 28 0 31 
15 13 8 0 0 0 11 9 0 32 36 0 37 39 35 38 4 5 2 7 3 1 64 6 28 24 31 25 0 27 30 0 0 0 41 0 40 44 47 46 59 0 61 58 56 63 0 57 18 23 17 0 21 20 19 22 54 49 55 53 50 48 52 0 
39 37 32 36 34 38 35 33 57 0 60 0 0 63 59 0 28 29 26 0 0 25 24 30 52 48 0 0 0 0 54 0 3 5 0 0 0 4 0 6 19 20 21 0 16 23 22 17 42 0 41 40 45 44 43 0 14 0 15 0 0 0 12 0 
23 21 16 20 0 22 19 17 41 40 44 42 45 0 43 46 12 13 10 15 11 9 8 14 36 32 39 33 0 35 38 0 0 53 0 0 48 0 55 54 0 4 5 2 0 7 6 0 26 0 25 24 29 28 27 0 0 0 63 0 0 56 60 59 
63 61 56 60 58 62 59 57 0 16 0 18 21 23 19 0 52 53 50 55 51 49 48 54 0 0 15 9 13 11 14 10 27 29 0 26 24 28 31 0 43 0 0 0 40 47 46 0 0 7 1 64 5 0 3 6 0 33 39 37 34 32 36 35 
7 0 64 4 0 0 3 1 25 24 0 26 0 0 0 30 60 61 58 63 59 0 0 62 20 16 0 17 21 19 22 18 35 37 0 0 0 36 39 38 51 0 53 50 48 55 54 0 0 15 0 8 0 12 11 0 0 0 47 0 42 40 44 43 
0 45 40 44 0 46 0 41 0 64 0 2 5 0 3 0 0 0 34 39 0 33 32 0 0 0 63 57 61 59 62 58 0 13 9 10 8 12 0 14 27 28 29 0 0 0 30 25 0 55 49 48 53 0 51 54 0 0 0 0 18 16 20 19 
55 53 0 52 0 54 0 49 0 0 0 10 13 0 0 0 44 0 0 47 0 0 40 46 4 0 0 1 0 3 6 0 0 21 0 0 16 20 0 0 35 36 0 34 32 39 38 33 0 0 57 56 61 0 0 62 30 25 0 0 26 24 0 27 
0 0 0 28 0 30 27 25 49 48 52 0 0 55 0 54 20 0 18 23 19 0 16 0 44 0 47 41 45 43 46 42 59 0 57 58 56 60 63 62 0 0 13 10 0 15 14 9 34 0 33 0 37 36 35 38 0 1 7 5 0 64 4 3 
54 52 47 0 49 0 50 48 8 7 11 9 0 14 10 0 0 0 0 46 42 40 39 45 0 63 6 0 0 0 5 1 18 20 0 17 15 19 22 21 34 35 36 33 0 0 0 32 57 62 56 55 60 59 58 61 29 24 30 28 25 23 0 26 
0 0 31 35 33 37 0 32 56 55 59 57 60 62 58 61 0 0 25 30 26 24 23 0 51 47 54 48 52 0 0 49 2 0 64 0 63 3 6 0 0 19 20 17 15 22 0 16 41 0 0 0 0 43 42 45 13 8 14 0 9 7 11 0 
14 0 7 11 9 13 10 8 0 31 0 33 36 38 0 37 3 4 0 6 0 64 63 5 0 23 0 0 28 26 29 25 42 44 0 41 39 43 46 0 0 59 0 0 55 62 61 56 17 22 16 15 20 19 18 21 53 48 54 52 0 0 0 50 
62 60 55 59 57 61 58 56 16 0 0 17 0 0 0 21 0 0 49 54 50 48 47 0 11 7 14 0 12 0 0 9 0 28 0 0 0 27 0 0 0 43 0 0 39 46 0 40 0 6 0 63 4 3 0 0 37 0 0 36 0 31 35 34 
30 28 0 27 0 29 26 0 48 47 0 0 0 54 50 0 19 20 0 0 0 16 15 21 43 39 46 40 44 42 45 41 58 0 56 0 55 0 0 0 10 11 12 9 0 14 0 8 0 0 32 31 0 35 0 0 5 64 0 4 0 63 3 2 
6 4 63 3 1 0 2 64 24 23 27 25 28 30 26 29 59 60 57 0 58 56 0 61 19 0 22 16 20 18 21 0 34 36 32 0 0 35 0 0 50 0 52 0 0 0 0 0 9 0 8 7 12 11 10 13 45 40 46 44 0 0 0 42 
0 44 39 0 41 45 0 40 64 63 3 1 4 6 2 5 35 36 0 0 0 32 31 37 0 0 62 56 60 58 0 57 10 12 0 9 7 11 14 13 26 27 28 25 23 30 29 24 49 0 48 0 52 0 50 0 21 16 22 20 17 15 19 0 
22 20 15 19 17 21 0 0 0 39 43 41 44 46 42 45 11 12 9 0 10 8 7 13 35 0 38 32 36 34 37 33 0 52 48 0 47 51 54 53 2 3 4 1 0 6 0 64 0 30 24 23 0 27 26 29 61 56 62 0 0 55 59 0 
64 62 57 0 59 0 60 0 18 17 21 19 22 24 20 0 53 54 51 56 52 50 0 55 13 0 0 10 14 12 15 11 28 0 26 27 0 29 32 31 44 45 46 43 41 48 47 42 3 8 2 1 6 5 4 7 39 0 0 38 35 0 37 36 
0 6 1 0 3 7 4 0 26 25 29 0 30 32 28 31 0 0 0 64 0 58 0 63 21 17 0 0 22 20 0 19 36 0 34 35 33 0 40 39 0 0 54 51 0 56 0 50 11 16 10 9 14 13 12 15 47 42 48 0 43 41 0 44 
16 14 9 0 11 15 0 0 0 33 37 35 38 40 36 39 5 6 3 8 4 2 1 7 0 25 0 26 30 28 0 27 44 46 42 43 41 0 0 0 0 61 62 0 57 0 0 58 0 0 18 17 0 21 0 0 0 50 56 0 0 49 53 52 
32 0 25 29 0 31 28 26 0 49 53 0 54 56 52 55 21 22 0 0 0 18 17 0 0 41 0 42 46 44 47 0 60 0 58 59 0 61 0 63 12 13 14 11 0 16 15 0 35 40 34 33 38 37 36 0 0 2 8 6 0 1 5 4 
48 46 0 45 43 0 44 42 0 1 5 0 0 0 4 7 0 0 35 40 36 0 0 39 61 57 64 58 0 60 63 59 0 14 10 0 9 13 0 15 0 29 0 0 25 32 31 26 0 56 50 49 0 0 52 0 0 18 24 22 0 17 0 20 
24 22 0 0 19 23 0 18 42 41 45 43 46 48 44 0 13 0 11 0 12 10 9 15 37 33 40 0 0 36 0 35 52 54 50 0 0 53 0 0 4 0 6 3 0 8 7 0 27 0 26 0 30 29 28 31 0 58 64 62 0 0 0 60 
0 0 0 0 35 0 0 34 58 0 61 59 62 64 0 63 0 0 0 32 28 26 0 0 0 49 56 0 54 52 55 51 0 6 0 3 0 0 0 0 0 21 0 19 17 24 23 0 0 48 42 0 46 45 44 47 0 10 16 14 11 0 13 12 
56 54 49 0 0 55 0 0 10 9 13 0 14 16 12 15 45 46 43 0 0 0 0 47 0 1 8 0 6 4 7 3 20 22 18 19 0 21 0 23 0 37 38 35 33 40 39 0 59 0 58 57 0 61 0 0 31 26 0 30 27 0 29 28 
0 3 62 2 64 4 1 0 23 22 26 24 0 0 25 0 58 0 56 61 57 55 54 60 0 0 21 15 0 17 0 16 0 35 31 0 30 34 37 36 49 50 51 48 46 53 52 47 8 13 7 6 11 10 9 12 44 39 45 43 0 38 42 0 
0 27 22 26 0 28 25 23 47 0 0 0 51 53 0 0 18 19 0 21 0 0 14 20 42 38 45 0 43 41 44 40 57 59 55 56 54 58 61 60 9 0 11 8 0 13 12 7 32 37 31 30 35 0 0 0 4 63 0 3 64 0 0 0 
61 59 54 58 56 0 0 55 0 14 18 16 19 21 0 20 0 0 48 0 0 47 46 0 10 6 13 7 11 0 0 8 25 27 23 0 0 0 29 28 41 0 0 40 38 45 44 39 0 0 63 62 3 0 1 4 36 31 37 35 32 0 34 0 
13 11 0 0 8 12 0 7 0 30 34 32 0 37 33 36 2 3 64 5 1 0 62 4 26 0 29 23 27 25 28 24 41 43 39 40 38 42 45 44 57 58 59 56 54 61 60 55 16 21 0 0 19 0 0 20 52 0 53 51 0 0 0 0 
21 19 14 18 16 0 0 15 39 0 42 40 43 45 41 0 10 11 8 13 9 7 0 12 34 0 37 31 0 33 36 0 49 0 0 48 46 0 53 0 1 2 3 64 0 5 4 63 24 29 23 22 27 26 25 28 60 55 61 59 56 54 58 57 
37 35 30 0 32 36 33 31 0 54 0 56 59 61 57 0 26 27 24 29 25 0 22 28 50 46 0 47 51 0 52 0 1 3 63 0 62 2 5 0 17 18 19 0 0 21 20 15 40 45 0 38 0 0 41 0 12 0 13 11 8 6 0 9 
53 51 46 0 48 0 49 47 7 6 10 0 11 0 9 12 42 43 40 45 0 39 38 0 0 62 0 63 3 1 0 0 17 0 15 16 14 0 21 20 33 34 35 0 30 37 0 31 56 0 55 54 59 58 57 60 28 0 0 27 24 22 26 25 
0 43 38 42 40 44 41 39 0 0 2 64 3 5 1 4 34 35 32 0 33 31 30 36 58 54 0 0 59 57 0 56 9 11 7 8 6 10 13 12 0 0 27 24 22 29 28 23 48 53 47 46 0 50 49 52 20 15 0 19 16 14 0 17 
0 0 0 31 29 0 0 28 0 0 55 0 56 58 54 57 23 24 0 26 22 20 0 25 0 43 0 44 48 46 0 0 0 64 60 61 0 0 0 1 14 0 16 13 11 18 17 0 37 0 36 0 40 39 38 41 9 4 0 8 5 0 7 0 
10 8 3 7 5 0 0 4 28 27 31 29 32 0 30 33 63 64 0 0 62 60 59 1 23 19 26 0 24 22 25 21 0 40 36 37 0 39 42 41 54 55 0 53 51 58 57 0 0 18 12 11 16 15 0 17 49 44 50 48 45 0 47 0 
58 56 51 55 53 57 54 52 12 11 15 13 16 0 14 17 47 48 45 0 46 44 43 49 7 3 10 0 8 6 9 0 22 0 0 21 19 23 26 25 38 39 40 0 35 42 41 36 61 0 0 59 64 0 62 1 33 28 34 32 29 0 0 0 
26 24 0 23 21 0 22 20 44 0 47 45 0 50 46 0 15 16 13 18 14 12 11 17 0 35 0 36 40 38 41 37 54 56 52 0 51 55 0 0 6 7 8 5 0 0 9 4 0 34 28 0 32 31 0 0 1 60 2 64 0 59 63 62 
0 16 11 0 0 17 14 12 36 35 39 0 40 42 0 41 7 8 5 10 6 0 0 0 0 27 0 28 32 0 0 29 46 48 44 45 43 47 50 0 0 63 0 61 59 2 0 60 0 26 20 19 24 23 0 25 0 52 0 56 53 51 0 54 
2 0 0 63 61 0 62 0 20 19 0 0 24 26 0 25 0 56 0 58 54 52 51 57 0 0 18 12 16 14 17 13 30 32 28 29 0 31 0 33 46 0 48 45 43 50 49 44 5 0 4 3 8 0 6 9 41 36 0 40 37 35 39 38 
50 0 0 47 45 49 0 44 4 0 7 5 8 10 6 0 39 40 37 0 38 0 35 41 0 0 2 0 0 62 0 61 14 0 0 13 11 15 18 0 0 31 32 29 0 0 33 28 0 58 52 51 0 55 54 57 25 20 0 24 21 0 23 22 
42 40 35 39 37 0 0 0 0 0 63 61 64 0 62 0 0 32 29 0 0 28 27 33 55 51 58 52 56 54 0 53 6 8 0 0 0 7 10 9 22 23 24 21 0 26 25 0 0 50 44 43 48 0 46 49 0 0 0 16 13 11 15 14 
0 0 26 0 28 32 29 27 51 0 54 52 0 57 53 56 0 0 0 0 21 19 18 0 0 0 49 43 47 45 48 0 0 63 59 0 0 62 0 64 13 14 0 12 0 17 16 11 36 0 35 34 39 38 37 40 8 3 0 7 4 2 0 5 
49 47 42 0 0 0 45 43 3 2 6 4 7 0 5 0 38 0 36 41 37 35 34 40 0 58 1 59 63 61 0 60 13 0 11 12 0 0 17 16 0 30 0 28 0 0 32 0 52 57 0 50 55 54 53 0 24 0 25 23 0 18 22 0 
57 55 50 54 52 56 0 0 0 10 14 12 0 17 13 16 46 0 44 0 0 43 42 48 6 0 9 3 7 5 0 4 21 23 19 20 0 22 25 24 37 0 0 36 34 41 40 35 60 0 59 58 63 62 61 0 32 27 0 31 28 26 30 29 
25 0 0 0 0 24 0 19 43 42 46 0 0 49 45 0 14 0 12 17 0 11 10 0 0 34 41 35 39 37 0 36 0 55 51 0 50 54 57 56 0 6 7 4 0 0 8 3 28 0 27 26 0 0 29 0 64 59 1 63 60 58 0 61 
17 15 10 14 0 0 0 0 35 34 38 36 39 41 37 0 6 7 0 9 5 3 0 8 0 0 33 27 31 0 32 28 0 0 43 44 42 46 49 0 61 62 63 60 58 1 64 59 20 0 19 18 0 0 0 0 56 51 57 55 52 50 54 0 
0 7 2 6 0 8 0 0 0 26 30 28 0 33 0 32 0 63 60 1 61 59 58 0 22 0 0 19 23 21 24 20 0 39 35 36 34 38 41 0 53 0 55 52 0 57 56 51 12 17 11 0 15 14 0 16 48 43 0 47 44 42 0 45 
0 0 0 38 36 40 37 0 59 58 62 0 63 1 61 64 0 0 28 0 29 27 26 32 54 50 57 51 55 53 56 52 5 7 3 0 0 6 0 8 21 22 23 20 18 0 24 0 0 0 43 0 47 46 0 48 0 11 17 0 12 10 14 13 
0 0 58 0 60 0 0 0 19 18 22 20 0 25 0 0 54 55 52 57 53 51 50 56 14 10 17 11 15 13 16 12 29 31 27 28 26 30 33 32 45 46 47 44 42 49 48 0 4 0 0 0 7 6 5 8 40 35 41 39 36 0 0 0 
