8
14 16 12 18 11 15 13 17 22 20 23 25 24 21 0 26 0 0 27 34 33 32 30 0 46 0 0 43 0 50 0 44 56 0 57 53 0 58 52 0 0 0 0 9 10 3 7 0 0 40 0 42 37 38 36 0 61 0 2 1 59 62 60 64 
30 32 28 0 0 31 29 0 38 0 0 41 40 37 35 42 47 45 43 50 49 48 46 44 62 0 63 0 61 2 0 60 0 3 9 5 0 10 0 0 0 0 20 0 0 19 23 22 57 56 51 58 53 54 52 55 13 15 0 17 11 14 12 0 
46 0 0 50 0 47 0 49 54 52 55 57 56 53 51 58 63 61 0 2 1 0 62 60 14 0 15 0 13 18 0 12 0 19 0 21 0 26 0 23 40 37 0 0 42 35 0 0 9 8 0 10 5 6 4 7 29 0 34 33 27 30 28 0 
6 8 4 0 0 7 5 0 0 12 15 17 16 0 11 18 23 21 19 0 25 24 22 20 38 40 39 35 0 42 41 36 48 0 49 45 46 50 0 0 64 61 0 1 2 0 0 62 33 32 0 34 0 30 28 31 0 55 0 57 51 54 52 56 
0 56 0 58 51 55 53 57 62 60 63 1 64 61 59 2 7 5 3 10 9 8 0 4 0 24 0 0 21 26 25 0 32 27 33 29 30 34 28 0 0 45 44 49 50 43 0 46 0 16 11 18 13 14 0 15 37 39 42 41 0 0 0 40 
38 40 0 42 35 39 0 41 46 0 0 0 48 0 0 0 55 53 51 58 0 56 54 0 6 8 7 3 0 10 9 0 16 11 0 13 14 18 12 15 32 29 28 0 34 27 31 30 0 64 0 0 61 62 0 0 21 0 26 25 19 0 20 24 
22 24 20 26 19 23 21 25 0 28 31 33 32 29 27 0 39 37 35 0 41 40 0 36 54 56 0 0 53 58 57 52 64 59 1 61 62 2 60 0 16 0 12 17 0 0 0 14 49 48 43 50 0 46 44 47 0 7 0 9 3 6 4 0 
62 64 60 0 59 0 0 0 0 4 7 9 0 5 3 10 15 13 11 0 17 16 0 12 30 32 31 27 0 0 0 28 40 0 0 37 38 42 0 39 56 53 52 57 0 51 55 54 25 0 19 26 21 22 0 23 45 47 50 49 43 0 44 48 
40 42 38 44 37 0 39 43 48 46 0 0 50 47 45 0 0 55 53 60 0 58 56 0 0 10 0 5 0 0 11 0 18 13 19 0 0 20 0 0 34 0 0 0 36 0 33 0 3 0 61 0 63 64 0 1 23 0 28 27 0 24 0 26 
24 26 22 28 0 25 23 27 32 30 33 0 0 31 29 36 41 0 0 44 43 42 40 0 56 58 57 53 55 60 0 0 2 61 3 0 64 4 62 1 18 15 14 19 20 0 0 16 51 50 0 0 47 48 46 49 7 0 12 0 5 8 6 0 
8 0 6 12 5 0 7 11 0 14 17 19 18 15 13 20 0 23 21 28 0 0 24 22 40 0 41 37 39 0 43 0 50 45 51 47 48 52 46 0 2 0 62 0 0 61 1 0 35 34 29 36 31 32 30 33 0 57 60 59 0 0 0 0 
56 58 54 60 0 57 55 59 64 0 1 3 2 0 61 4 9 7 0 12 11 10 8 6 24 26 0 21 0 28 0 22 34 29 35 31 32 36 0 33 0 47 46 51 52 45 49 48 19 18 13 20 15 16 14 17 39 41 44 0 0 40 38 0 
32 34 30 36 0 33 0 35 40 38 41 0 42 39 37 44 49 47 45 0 51 50 0 46 64 0 1 61 63 4 3 62 10 5 0 7 8 0 0 9 26 23 22 0 0 0 25 24 59 0 53 60 55 56 54 0 15 17 20 19 13 16 14 0 
0 18 14 20 13 17 15 0 24 22 25 27 26 0 0 0 33 31 0 36 35 34 32 30 48 50 49 45 47 0 51 46 0 53 0 0 56 0 54 57 10 7 6 11 12 5 0 8 43 0 37 44 0 40 38 41 63 1 4 3 0 0 62 0 
48 50 46 52 0 49 47 0 56 54 0 59 58 0 53 0 1 63 61 4 3 2 64 62 0 0 17 13 15 20 0 14 26 21 0 23 0 0 22 0 42 39 38 0 44 37 41 40 11 10 5 12 7 8 6 9 31 33 36 35 29 0 30 0 
64 0 62 4 61 1 63 3 8 0 9 11 10 0 5 12 17 15 0 20 19 18 0 14 32 34 33 29 31 36 0 30 0 0 43 39 40 0 0 41 0 55 54 0 60 53 57 56 27 0 21 28 23 0 22 25 0 0 52 51 45 0 0 50 
23 0 21 0 20 24 0 26 31 29 32 34 33 30 28 35 0 38 36 43 42 41 39 37 55 57 56 52 54 0 58 53 1 0 2 0 0 0 61 64 17 14 0 18 19 12 16 0 50 49 44 51 0 47 45 0 0 8 11 0 0 7 5 0 
0 17 0 19 12 16 14 18 23 21 0 26 25 0 20 0 32 30 28 35 34 33 31 29 0 49 48 0 46 51 50 45 0 0 0 54 0 0 53 56 0 0 5 0 0 0 8 7 42 41 36 43 38 0 0 0 62 64 3 2 60 63 0 1 
7 0 5 11 4 0 6 0 15 0 0 18 17 0 12 19 24 22 20 27 26 25 0 21 39 41 40 36 38 43 42 37 0 0 0 46 47 0 45 48 1 62 61 2 0 60 64 0 0 33 0 35 30 31 29 0 54 0 59 58 0 55 53 57 
0 0 0 0 52 0 0 0 63 61 64 0 1 62 60 3 8 6 4 0 10 0 7 5 23 25 24 20 22 0 26 0 33 0 34 30 0 35 29 0 49 0 0 50 0 44 0 47 18 17 0 19 0 15 13 16 38 40 43 0 0 0 0 0 
63 0 61 3 60 64 0 0 0 5 8 10 0 6 0 11 0 0 12 19 18 0 15 0 31 0 0 0 30 35 34 29 41 0 42 38 39 0 0 40 57 54 53 58 0 0 56 55 26 0 20 27 22 0 21 24 46 48 51 50 0 47 45 0 
39 0 37 0 36 40 38 42 0 45 48 50 49 46 44 51 0 0 52 59 58 57 55 53 0 9 8 4 0 0 0 5 17 12 0 14 0 19 13 16 33 30 29 34 35 28 32 0 2 1 0 3 62 63 61 0 22 24 27 26 20 23 0 0 
31 0 29 35 28 32 30 34 0 37 40 0 41 38 36 43 48 46 44 0 50 0 47 45 63 1 64 0 62 0 2 0 9 4 0 6 7 11 5 0 25 22 21 26 27 0 24 0 58 57 0 59 0 55 53 56 0 16 19 0 0 15 13 17 
0 49 0 51 0 48 46 50 0 53 56 58 57 54 52 59 64 62 60 0 2 1 63 0 15 17 16 12 14 0 0 13 25 20 26 22 23 0 21 24 41 0 37 42 43 36 40 39 10 9 4 11 0 7 5 0 30 0 35 34 0 31 29 0 
1 3 63 5 62 2 64 4 9 7 0 12 11 8 0 0 18 16 14 21 0 0 17 15 33 35 0 30 32 0 36 0 43 0 44 40 41 0 0 0 0 56 55 0 0 0 58 57 28 0 22 0 24 25 0 26 48 50 53 52 0 49 47 0 
0 35 31 37 0 34 0 36 41 39 42 0 0 40 0 45 50 48 46 53 52 0 0 47 0 0 2 62 64 5 0 0 11 6 0 8 0 13 7 10 27 24 23 28 29 22 26 25 60 59 54 61 56 57 55 58 16 18 0 0 14 17 0 19 
25 27 0 29 22 26 24 28 33 0 34 36 35 32 30 37 42 40 38 0 0 43 41 0 57 0 58 54 0 61 60 0 0 62 4 0 0 5 63 2 19 16 15 20 0 0 0 17 0 51 46 53 48 49 0 50 8 10 13 12 0 0 7 11 
49 51 47 53 0 50 48 52 0 55 58 0 59 0 54 0 2 64 62 0 0 3 0 63 17 0 0 0 16 21 20 0 27 22 28 0 0 0 0 0 0 40 0 44 0 38 0 41 12 11 6 13 8 0 7 10 32 34 37 36 30 33 31 0 
0 19 15 21 14 18 16 0 25 23 0 28 27 24 22 0 0 0 0 0 0 0 0 0 49 51 50 46 48 0 52 47 59 0 60 56 0 61 0 0 11 0 7 12 13 0 0 9 0 43 38 45 0 41 39 42 64 2 5 4 62 0 63 3 
41 43 39 45 38 0 40 44 49 0 50 52 0 48 46 53 58 56 54 0 60 59 0 0 9 11 0 6 0 13 12 7 0 0 20 16 17 21 0 18 35 0 31 36 37 30 0 0 4 3 62 5 0 1 63 0 0 0 29 28 22 25 23 27 
0 59 55 0 54 58 56 60 1 0 2 4 3 64 0 5 10 8 6 13 12 0 9 7 25 0 26 22 24 29 28 23 35 0 0 0 33 0 31 34 0 48 47 0 0 0 50 0 20 19 14 21 16 17 15 0 0 42 45 44 0 41 0 43 
0 0 7 0 6 10 8 12 17 15 18 20 19 16 0 21 26 24 22 0 28 0 25 23 41 43 42 0 40 0 0 39 51 0 0 48 49 0 47 50 0 64 63 4 0 0 2 0 0 35 0 37 32 33 0 34 56 0 61 60 54 57 0 59 
53 55 51 57 0 54 52 56 0 59 0 64 0 60 0 1 6 4 0 9 8 7 0 0 21 23 22 18 20 25 0 19 31 26 32 0 29 33 27 30 47 44 43 48 49 0 46 45 16 15 0 0 0 13 11 0 0 38 0 40 0 37 0 0 
21 23 19 25 18 0 0 24 0 27 30 32 31 28 26 33 38 36 34 0 40 39 0 35 53 55 0 0 52 57 56 51 63 58 64 60 61 1 59 62 15 12 11 16 17 10 14 13 48 0 0 49 44 0 0 0 4 6 9 8 0 5 3 7 
13 15 11 17 10 14 12 0 21 0 0 0 23 0 0 0 30 28 26 33 32 31 0 27 0 47 0 0 44 49 48 0 55 50 0 52 53 57 0 0 7 0 3 8 0 0 6 0 40 39 34 41 36 0 35 38 60 62 1 0 58 61 59 63 
0 31 27 33 26 30 28 0 0 0 38 0 39 36 0 41 46 44 42 49 48 0 45 43 0 0 62 58 0 1 0 0 7 2 8 0 0 9 0 0 23 20 0 24 25 0 22 21 0 55 0 0 52 53 0 54 12 0 17 0 10 0 0 15 
5 7 3 9 0 0 4 0 13 11 14 16 15 0 10 17 0 20 18 25 0 0 21 19 0 0 38 34 36 0 0 0 0 42 0 44 45 0 0 46 63 0 59 64 0 58 62 0 0 31 26 33 0 29 27 30 0 54 57 56 0 53 51 55 
37 39 0 41 34 0 36 0 0 43 0 0 47 44 42 49 54 52 50 0 56 55 53 0 5 7 6 2 0 0 8 0 15 10 0 0 13 17 11 14 0 0 27 32 0 26 0 0 64 63 58 1 0 0 0 62 0 22 25 24 18 21 19 23 
61 63 59 1 0 0 0 64 5 3 0 0 0 4 0 0 14 0 10 17 16 15 13 0 29 31 30 26 28 33 0 27 0 0 40 36 37 41 35 0 0 52 51 56 57 0 0 53 0 23 0 0 20 21 19 22 44 46 0 48 42 0 43 47 
0 0 0 0 42 0 44 0 53 51 54 56 55 52 50 0 62 0 0 0 0 63 61 59 0 0 0 0 0 0 16 11 23 18 0 20 0 25 19 0 0 36 35 40 41 0 0 37 0 7 2 9 0 5 3 6 28 30 33 32 26 29 27 31 
3 0 1 7 0 4 2 0 0 9 0 14 13 0 8 15 20 18 16 23 22 21 0 0 0 0 36 32 34 0 0 33 45 40 46 42 43 0 0 0 61 0 0 62 63 56 60 0 30 29 24 0 26 27 25 28 50 52 0 54 0 51 49 53 
0 21 0 23 0 0 18 22 0 0 28 30 29 26 0 31 36 0 32 39 38 37 35 0 0 53 52 48 0 0 0 49 0 56 0 58 59 0 57 0 13 10 9 14 15 8 12 11 46 0 0 47 0 43 0 44 2 4 7 6 0 3 1 0 
35 37 33 39 32 36 34 38 43 41 0 46 0 42 40 0 52 50 48 0 0 53 0 49 3 0 4 64 2 0 6 0 13 8 14 10 11 15 0 12 29 26 25 30 31 0 28 0 62 0 56 63 58 59 57 60 18 0 23 22 16 19 17 21 
11 13 9 0 8 12 10 0 19 17 0 22 21 18 16 0 28 0 24 31 30 29 0 0 0 45 44 0 42 47 46 41 53 48 54 50 51 0 49 52 5 2 1 6 7 0 0 3 38 0 32 39 34 0 33 36 0 60 63 62 56 59 57 61 
43 45 0 47 0 44 0 46 51 49 52 54 53 50 48 55 60 58 56 63 0 61 0 0 11 13 12 0 10 15 14 9 21 16 0 18 0 23 17 20 0 34 33 38 39 32 36 35 6 5 0 0 2 0 0 0 0 28 31 0 0 27 25 29 
51 53 49 55 0 52 50 54 59 57 60 0 61 58 56 0 4 2 0 7 0 5 3 1 19 0 20 16 18 23 22 17 29 0 0 26 27 0 25 28 45 42 0 46 47 40 0 0 14 13 8 15 10 11 9 12 34 36 39 0 32 35 33 37 
0 61 57 63 56 60 0 62 3 0 4 0 5 2 64 7 0 10 8 15 14 13 11 9 27 0 28 0 0 0 30 25 37 32 38 34 35 39 0 36 53 0 49 54 0 48 0 51 0 21 16 23 18 0 17 0 42 44 0 46 0 0 41 45 
0 29 25 31 24 28 26 30 35 0 36 38 37 34 0 39 44 42 40 0 46 0 43 0 59 0 60 0 58 0 62 57 5 64 6 2 3 7 1 0 0 18 17 0 23 16 20 0 54 53 48 55 50 0 49 0 10 0 0 14 0 0 9 13 
60 0 58 0 57 61 0 63 4 0 0 0 6 3 0 8 0 11 9 16 0 14 12 10 0 30 0 25 0 32 0 26 38 33 39 35 0 40 34 37 54 0 50 0 0 49 53 52 23 0 0 24 19 20 18 21 43 45 48 0 41 0 42 0 
52 54 50 56 49 0 51 0 60 58 61 63 62 0 57 0 5 3 1 8 7 0 4 2 20 22 21 17 19 24 23 18 0 25 31 0 28 32 0 29 46 43 0 47 0 0 0 0 0 0 0 16 11 12 0 0 0 37 40 39 33 36 34 38 
36 38 34 40 33 37 0 39 44 42 45 47 46 43 41 48 53 51 49 56 55 54 52 50 4 6 0 0 3 8 0 0 14 9 15 11 12 16 10 13 30 0 26 31 32 25 29 0 0 62 57 64 59 60 58 0 19 21 24 0 17 20 18 0 
4 6 2 0 1 5 3 7 12 10 13 15 14 11 0 16 21 19 0 24 23 22 20 18 36 0 0 33 0 0 39 34 46 41 47 0 0 48 42 45 62 59 0 63 0 57 0 0 31 30 25 32 27 0 26 29 51 53 56 55 49 52 50 54 
44 46 42 48 41 45 43 0 52 50 53 55 54 0 0 56 61 59 57 64 63 62 60 58 0 14 13 9 11 0 0 10 0 17 23 19 20 0 18 0 38 0 0 0 40 33 0 36 0 6 1 8 3 4 2 5 0 0 0 31 0 28 0 30 
20 22 18 0 17 21 19 0 0 26 0 0 30 0 25 32 37 35 33 40 39 38 0 34 52 0 53 49 0 56 55 50 62 57 63 0 0 64 0 61 14 0 0 0 0 9 13 12 47 46 41 0 0 44 0 0 0 0 0 7 1 0 0 6 
28 30 0 32 0 29 0 0 0 34 0 39 38 35 33 40 45 43 41 0 47 46 44 42 60 62 61 57 0 64 63 58 0 1 7 3 0 8 2 0 22 0 18 23 24 17 21 0 0 54 49 56 51 0 50 53 11 0 0 15 0 0 0 0 
0 14 10 16 9 13 11 15 20 0 21 23 22 19 17 24 29 27 0 0 31 0 28 26 44 46 45 41 0 48 47 42 54 0 0 0 0 56 50 53 6 3 0 7 8 0 0 0 39 38 0 40 35 36 0 37 59 0 64 0 57 0 58 62 
50 0 48 54 0 51 49 53 0 56 59 0 0 57 0 0 3 1 63 6 5 4 2 64 18 20 0 0 0 22 21 16 28 0 29 25 0 30 0 27 44 41 0 45 0 0 43 0 13 0 7 14 9 10 8 11 33 35 0 0 0 34 0 0 
26 28 24 30 23 27 0 29 34 0 35 0 36 33 0 38 43 0 39 46 45 0 0 40 58 60 59 55 57 62 0 56 0 63 5 1 2 6 0 3 0 0 16 21 0 15 19 0 0 52 47 54 49 50 48 51 9 11 14 0 7 10 8 12 
0 12 8 0 7 0 0 13 18 0 19 0 20 0 15 22 0 25 23 30 29 0 26 0 0 0 43 39 0 0 45 40 52 47 53 49 0 54 0 0 0 0 0 0 6 63 3 2 37 36 31 38 33 34 0 35 0 0 62 61 55 0 56 0 
18 20 16 22 15 19 0 21 26 0 27 0 28 25 0 30 0 33 31 38 37 36 34 32 50 52 0 0 49 54 53 0 60 55 61 57 0 62 0 59 12 9 8 0 14 0 0 10 45 44 39 46 41 42 0 43 1 0 6 5 63 0 64 4 
34 0 32 0 0 35 0 37 42 40 43 45 44 41 39 46 51 0 47 54 53 0 0 48 2 4 3 0 1 6 5 64 12 7 0 0 10 0 8 11 28 25 0 29 0 23 27 0 61 60 55 0 57 58 56 59 17 19 22 0 0 0 0 0 
2 4 64 6 63 3 1 5 0 0 11 13 12 9 0 14 19 17 15 0 21 20 18 16 34 36 0 31 33 38 37 32 44 39 45 41 42 46 40 0 60 57 56 0 62 0 0 58 0 0 23 30 0 0 24 27 0 51 54 0 0 50 48 52 
58 0 56 62 55 0 57 61 0 0 3 5 4 0 0 6 0 9 0 14 13 0 10 8 0 28 27 0 25 30 29 24 36 31 37 33 0 38 0 0 0 49 0 0 54 0 51 50 21 20 15 22 17 18 0 19 41 43 46 45 0 42 0 44 
0 44 40 46 0 43 0 45 50 0 0 0 52 49 47 54 0 0 55 0 61 60 58 0 10 12 11 7 9 14 0 8 0 15 21 0 18 22 16 0 36 33 32 0 38 31 35 34 5 4 0 0 1 0 64 3 25 27 30 29 0 0 24 28 
