8
44 43 45 47 0 0 0 0 4 1 0 2 5 3 8 7 51 52 0 0 55 0 54 56 16 9 15 12 0 0 10 0 31 27 0 0 0 0 29 32 0 0 0 38 0 39 36 35 0 23 0 0 21 19 24 18 61 0 0 58 62 0 0 0 
0 3 5 7 0 6 2 1 28 25 0 26 29 0 32 31 11 12 10 13 15 0 14 16 0 33 39 36 0 0 0 0 55 51 0 52 49 54 0 56 64 0 61 62 0 0 60 59 46 47 0 44 45 43 0 0 0 19 0 0 22 23 17 24 
0 0 53 55 56 54 50 49 12 9 14 10 0 11 16 15 0 0 58 61 63 57 0 64 24 17 0 0 0 0 18 22 39 35 34 0 0 0 37 0 0 42 45 46 41 47 44 0 30 31 25 28 29 0 32 0 5 0 0 0 6 7 0 8 
0 19 21 23 0 22 0 0 44 41 46 42 45 43 48 0 27 28 26 29 0 25 0 0 0 49 55 52 51 53 50 54 7 3 2 0 1 6 5 0 16 10 13 14 0 0 12 11 62 0 57 0 61 59 64 0 0 35 36 0 38 39 33 0 
36 35 37 39 40 38 34 0 0 0 62 58 61 59 0 63 43 0 0 0 47 41 46 48 0 1 0 0 0 5 2 6 23 0 18 0 0 0 21 24 32 0 29 0 0 31 28 27 14 15 9 12 13 0 0 0 53 51 52 50 54 0 49 56 
28 0 0 31 0 30 26 25 0 49 54 50 0 0 56 55 0 36 34 0 0 33 0 40 64 0 63 60 59 61 58 62 15 0 10 12 9 0 0 16 0 18 21 22 0 23 20 0 0 7 0 4 5 3 0 2 0 43 44 42 0 47 41 48 
12 0 13 0 16 14 10 9 0 0 38 0 37 0 40 39 19 0 18 21 23 17 22 24 48 41 47 44 43 45 42 46 63 0 58 60 0 62 0 64 8 2 5 0 1 7 4 3 54 0 49 52 0 0 56 0 29 27 28 26 0 0 0 32 
60 59 61 0 64 62 58 0 20 0 22 18 21 0 24 0 3 0 0 5 0 0 6 8 32 25 31 28 0 29 26 30 0 43 0 44 41 46 45 0 56 50 0 54 49 55 52 0 38 0 0 36 37 35 40 34 13 11 0 10 14 15 0 16 
64 63 1 3 4 2 62 0 24 21 26 0 0 0 0 0 7 8 0 9 0 5 10 0 36 0 35 0 31 33 0 34 51 47 46 0 0 0 49 52 60 0 57 0 53 59 56 55 42 43 37 40 41 0 0 38 17 15 16 14 0 19 13 0 
48 47 49 51 0 50 46 0 0 5 10 6 9 7 0 11 55 56 0 57 59 53 0 60 0 13 19 16 15 0 14 0 35 31 30 0 0 34 33 0 44 38 41 42 37 0 40 39 26 27 21 0 0 23 0 22 1 63 64 0 2 3 0 0 
8 7 9 11 12 10 6 0 32 0 0 30 0 31 0 0 15 16 14 17 19 13 0 20 44 37 43 40 39 41 0 42 0 55 0 0 53 0 57 60 4 62 1 0 61 3 64 63 50 51 45 0 49 47 52 46 25 23 24 22 26 27 21 28 
40 39 41 0 44 42 38 37 64 61 2 0 1 0 4 3 47 48 0 49 51 45 0 0 12 5 11 8 7 9 6 10 0 0 22 0 21 26 0 28 36 0 33 34 29 0 0 0 18 19 0 0 0 15 20 14 57 55 56 54 0 59 0 60 
16 15 17 19 20 18 14 0 40 0 42 0 0 0 44 43 23 24 22 25 0 21 26 28 52 45 0 0 47 49 46 50 3 63 0 0 61 0 0 4 12 6 9 10 0 11 8 7 58 59 53 0 57 0 60 54 33 31 32 30 34 35 29 0 
24 0 0 27 28 26 22 0 0 45 50 0 49 47 52 0 0 32 0 33 35 29 34 0 60 0 0 56 55 57 54 58 11 7 6 8 5 10 0 12 20 14 0 0 0 19 16 15 0 0 61 64 0 0 0 62 41 0 40 38 42 43 0 44 
32 31 33 35 36 0 30 29 56 53 58 54 0 0 60 59 39 0 0 41 0 37 42 44 4 0 3 64 63 1 0 2 0 15 0 16 13 18 17 0 28 22 0 0 0 0 0 23 10 11 5 8 9 7 12 0 0 47 48 0 0 51 0 52 
56 55 0 59 60 58 54 53 16 13 18 14 0 15 0 19 63 0 0 0 3 0 0 4 28 21 27 24 0 0 22 0 0 39 38 0 37 42 0 44 0 0 0 50 0 51 48 47 0 35 29 0 33 0 36 30 9 7 0 6 10 0 5 0 
7 0 8 0 0 9 5 4 0 28 33 29 32 30 35 34 14 15 13 0 18 12 0 19 43 36 42 39 38 0 37 41 58 54 53 55 52 0 56 59 0 0 64 0 0 0 63 62 49 50 44 47 48 46 0 45 24 22 23 21 25 26 20 0 
15 14 0 18 19 17 13 0 39 0 41 0 40 0 43 42 22 23 0 0 0 20 0 27 0 44 50 47 46 48 0 49 2 0 61 63 0 0 0 0 11 5 8 9 4 10 0 6 57 58 52 55 56 54 59 0 0 30 0 29 33 0 0 0 
31 30 32 0 35 33 0 28 55 0 57 0 56 54 59 58 38 39 0 0 0 0 41 0 3 0 2 63 62 0 0 1 18 0 0 15 12 0 16 19 27 21 24 25 20 0 23 0 0 10 4 7 8 6 11 5 0 0 47 45 49 0 44 0 
39 38 40 0 43 41 37 0 0 60 1 0 0 0 3 2 0 47 45 0 0 0 49 0 11 4 10 7 6 0 5 9 26 22 21 23 20 0 24 27 0 0 0 33 0 34 31 30 17 18 12 15 16 14 19 13 56 54 55 0 57 58 52 59 
23 22 24 0 27 0 0 20 47 44 49 45 0 46 51 0 30 31 29 32 34 28 33 35 59 0 58 0 54 56 53 0 10 6 5 7 4 9 0 11 19 0 16 17 0 18 15 14 1 2 60 63 0 62 0 61 40 38 39 0 41 0 36 0 
0 62 0 2 0 1 61 0 23 0 25 0 24 22 27 0 6 7 0 8 10 4 9 11 35 28 34 31 30 0 29 33 50 0 45 0 0 49 48 51 59 53 56 57 52 58 55 54 0 42 36 39 40 38 43 37 16 14 15 13 0 18 12 19 
0 46 0 50 0 0 45 0 0 4 9 0 8 0 11 0 54 55 53 56 58 52 0 59 0 12 18 15 0 0 13 17 34 30 29 31 28 33 32 0 43 37 40 41 36 42 39 38 0 26 20 23 0 0 27 21 64 62 0 61 1 2 60 3 
0 54 56 0 0 57 0 0 0 12 17 13 0 14 0 18 62 63 61 0 2 60 1 3 0 20 26 0 22 0 21 25 42 0 37 39 36 41 0 0 51 0 0 49 0 50 0 46 33 34 28 0 32 0 35 29 8 6 0 5 9 10 0 0 
0 0 38 0 41 39 35 34 61 58 63 0 62 0 1 0 44 45 43 46 0 42 47 0 9 2 0 5 4 6 3 7 24 0 19 21 18 23 22 25 33 27 30 31 26 32 29 28 15 16 10 0 0 0 0 11 54 52 53 51 0 0 0 57 
21 20 0 0 25 23 0 18 0 42 47 43 46 44 49 48 28 29 27 30 32 26 31 33 57 50 56 0 52 54 51 0 8 0 3 5 2 7 6 9 17 11 0 15 10 0 0 0 0 0 58 61 62 60 0 59 38 36 37 0 39 40 34 41 
61 60 0 0 1 63 0 0 21 18 0 19 22 20 25 24 4 0 3 6 8 2 7 9 33 26 32 0 28 30 27 0 0 44 43 0 42 47 46 49 0 51 54 55 0 56 0 52 39 40 0 37 38 0 41 0 0 12 13 0 15 0 10 17 
0 4 6 8 0 7 0 2 29 26 31 27 0 28 33 0 0 13 0 14 0 10 0 17 0 34 0 37 36 38 0 0 0 0 51 53 0 0 54 57 0 59 62 63 58 64 61 0 47 0 42 45 46 44 49 0 22 20 21 19 23 24 18 25 
13 0 14 16 17 15 11 10 0 34 39 0 0 0 41 40 0 21 0 22 24 18 23 25 49 42 48 0 44 0 43 47 0 0 59 61 58 63 62 1 9 3 0 7 2 0 5 0 0 56 50 53 0 52 57 51 0 28 0 0 31 32 26 33 
45 0 0 48 0 0 43 42 5 2 7 0 0 4 9 8 0 0 51 54 56 50 0 0 0 10 16 13 12 14 0 15 0 28 27 29 26 0 0 33 0 35 0 39 34 40 0 0 23 24 0 21 22 20 25 19 62 0 61 59 63 0 58 1 
29 28 0 32 33 31 27 26 53 50 55 51 54 52 57 56 36 0 0 38 40 34 39 41 1 58 64 0 60 62 59 63 16 12 11 13 10 15 14 17 25 0 0 0 0 0 0 20 7 8 2 5 0 0 0 3 46 44 0 43 47 48 0 0 
53 52 0 0 57 55 51 0 0 10 15 11 14 12 0 16 60 61 59 62 64 0 0 1 25 0 24 0 20 22 19 0 0 0 35 37 34 39 38 41 49 0 46 47 42 48 45 44 0 0 0 29 30 28 33 27 6 4 5 3 0 0 2 0 
17 0 18 20 0 19 15 14 41 0 0 0 42 40 0 44 24 25 23 26 0 0 27 29 0 46 0 49 0 50 47 51 4 64 0 1 62 3 2 5 13 7 0 11 0 12 0 0 59 0 54 57 58 0 61 55 0 0 33 0 35 36 0 37 
57 0 0 0 61 0 55 54 17 14 19 15 18 16 21 20 0 1 63 2 0 62 0 5 29 0 28 25 0 26 0 0 44 40 39 41 38 43 0 45 53 47 50 51 46 0 49 48 0 36 30 33 34 32 0 31 0 0 9 7 11 12 6 13 
49 48 50 52 0 51 47 0 9 6 11 7 10 8 13 12 56 57 0 58 60 54 0 61 0 14 20 17 16 18 0 19 36 32 31 33 30 0 34 0 0 39 42 43 38 0 0 40 27 28 0 25 26 24 0 0 2 64 1 63 3 4 62 5 
33 32 34 36 0 35 31 0 57 54 59 55 0 0 61 0 40 41 39 42 44 38 0 45 5 0 4 1 0 2 0 3 20 16 0 17 0 0 0 21 29 23 0 27 0 28 0 0 11 12 6 0 10 8 13 0 50 0 49 47 0 52 46 0 
1 64 0 0 0 0 63 62 25 0 27 23 0 24 29 28 0 9 0 10 0 6 11 13 37 0 36 0 0 34 31 35 0 0 47 49 0 0 50 0 0 0 0 59 54 60 57 56 43 44 38 41 0 40 45 39 18 16 17 0 0 0 0 21 
41 40 42 44 45 43 39 38 1 0 3 63 2 64 5 0 0 49 47 50 0 46 51 53 13 6 12 9 8 10 7 0 0 24 23 25 22 27 26 0 37 31 0 0 30 0 33 0 19 0 14 0 18 0 21 15 58 56 57 55 59 60 54 61 
9 0 10 0 13 0 0 0 0 0 0 31 34 32 37 0 0 0 15 18 20 14 19 21 45 0 44 0 40 0 39 43 60 56 0 57 0 59 58 0 5 0 2 3 62 0 1 64 51 52 46 0 50 0 0 47 0 24 0 23 0 0 22 29 
25 0 26 0 0 0 23 22 49 46 0 0 50 48 53 52 32 33 0 0 36 0 0 37 61 54 60 57 0 0 55 59 12 0 7 9 0 11 10 13 0 15 0 19 0 0 17 16 3 4 0 1 0 64 0 63 42 40 41 0 43 44 38 0 
54 0 55 57 0 56 52 51 14 11 16 12 0 13 0 0 61 62 0 0 0 0 64 2 26 19 25 22 21 0 20 24 41 37 36 38 35 40 39 42 50 44 47 0 0 49 0 0 0 33 27 30 31 29 34 28 0 5 0 0 0 9 3 10 
22 0 23 25 26 24 20 19 46 43 48 0 47 45 50 49 0 0 28 31 33 27 0 0 58 51 0 54 53 55 52 56 9 5 4 0 0 0 7 10 0 12 15 0 0 17 14 13 64 1 59 0 63 61 2 60 0 37 0 36 40 41 0 0 
0 13 15 0 18 0 0 0 38 35 40 0 39 37 42 0 21 0 0 23 25 19 24 26 0 43 49 46 45 47 44 0 1 61 60 62 0 64 63 2 10 4 7 8 3 0 6 5 56 57 51 54 55 53 58 52 0 0 0 28 0 33 27 34 
38 37 39 41 0 40 36 35 62 59 0 60 63 0 2 1 45 0 44 47 0 43 48 50 0 3 9 6 0 7 4 8 25 21 20 22 0 24 23 26 0 0 31 0 0 33 30 29 0 0 0 14 15 13 18 12 55 53 54 52 56 57 0 58 
62 61 0 1 2 0 0 59 0 0 24 20 23 0 26 25 5 6 4 0 0 0 8 10 34 0 33 30 29 0 0 32 49 45 44 46 43 48 0 0 0 52 55 0 51 0 0 53 40 41 35 38 39 37 42 0 15 13 14 12 16 17 11 18 
46 45 47 49 0 0 44 43 6 0 8 4 0 5 10 0 53 54 52 55 57 0 56 58 18 11 17 14 13 15 12 16 33 29 28 30 27 32 31 0 0 36 39 40 35 41 38 0 24 0 0 22 23 21 0 0 63 0 0 60 64 1 59 2 
30 0 31 33 34 0 28 27 0 0 56 52 0 53 0 57 37 38 0 39 41 35 40 42 2 59 1 62 61 63 0 64 17 13 12 14 11 16 15 18 26 0 0 0 0 0 0 21 8 9 0 6 7 0 10 4 47 45 46 44 48 49 43 50 
0 0 7 9 0 8 4 3 0 0 32 0 31 0 0 0 13 0 0 15 0 0 16 0 42 35 0 38 0 0 0 40 57 0 52 54 51 56 55 58 2 60 0 64 59 1 62 61 48 49 43 0 0 45 50 44 23 21 22 20 24 0 0 26 
2 1 0 5 0 0 64 63 26 23 28 0 0 0 0 29 0 0 8 11 0 0 12 0 38 31 37 34 33 35 32 0 53 0 48 50 47 52 0 54 62 56 0 0 55 61 0 57 44 45 0 42 0 0 46 40 19 17 18 16 0 21 15 22 
18 0 0 21 22 0 16 15 42 39 44 40 43 41 0 45 25 26 0 27 29 23 28 30 0 47 0 50 49 0 48 52 5 0 64 0 63 4 3 0 0 8 11 12 0 13 0 9 0 61 55 58 59 0 62 56 0 33 0 0 36 37 31 0 
0 0 0 37 38 36 32 0 0 55 60 56 59 57 62 61 41 42 40 0 45 39 0 46 6 63 0 2 1 0 64 4 21 0 16 18 0 0 0 0 30 24 27 0 23 29 26 0 12 13 7 10 11 0 0 8 51 49 50 48 52 0 0 54 
50 0 51 53 54 0 0 47 10 0 12 8 11 9 14 13 57 0 56 59 61 0 60 62 0 15 0 0 17 0 0 0 37 33 32 34 0 36 35 0 0 40 0 0 39 45 42 0 28 0 23 26 0 25 30 24 3 1 2 0 4 5 0 6 
10 0 11 13 14 12 0 7 0 0 36 0 35 33 0 0 17 18 16 19 0 15 20 22 46 0 45 42 0 43 0 44 61 57 0 58 55 60 59 62 6 64 3 4 63 5 2 1 52 53 47 0 51 49 0 48 27 25 26 24 0 29 23 30 
58 0 0 61 62 60 56 0 18 15 20 0 0 0 22 21 0 2 64 0 0 0 4 6 30 23 0 26 25 27 0 28 45 41 40 42 0 0 43 46 54 48 51 52 47 0 0 49 36 37 31 0 35 33 38 0 11 9 10 8 0 0 7 14 
26 0 27 29 30 28 0 23 50 47 52 48 0 49 54 53 0 0 0 35 0 31 36 38 62 55 61 58 57 59 0 60 13 0 8 10 7 0 0 14 22 0 0 20 0 21 0 0 4 5 0 2 3 1 0 64 43 41 0 40 44 0 39 46 
42 41 43 45 0 44 40 0 2 0 4 0 3 0 0 5 49 50 0 51 53 0 0 54 14 0 13 10 9 11 8 12 0 25 0 26 23 28 27 30 38 32 35 36 0 0 34 33 0 21 0 18 0 0 0 0 59 57 58 56 60 0 0 62 
43 0 44 46 47 0 41 40 3 64 5 1 4 2 7 0 50 51 49 52 54 48 53 55 0 8 0 11 10 12 9 13 0 26 0 0 24 29 28 31 39 33 36 0 32 38 35 34 21 22 0 19 20 18 23 17 60 58 59 57 61 0 0 63 
59 58 60 62 63 61 57 0 19 16 21 17 20 18 23 0 2 3 0 4 6 64 5 7 0 0 0 27 0 28 0 0 0 0 41 43 40 0 44 47 55 49 52 53 48 54 51 0 37 38 32 0 36 34 39 0 12 10 11 9 0 0 8 15 
0 34 36 0 39 37 33 32 59 56 0 57 0 58 0 62 0 0 41 44 46 0 0 0 7 0 0 3 0 4 1 0 22 18 17 19 0 21 0 23 31 25 0 29 24 0 27 26 13 14 8 11 0 10 0 0 52 0 51 49 53 0 48 55 
19 18 20 0 23 0 17 0 43 0 45 41 0 42 47 46 0 27 25 0 30 0 0 31 0 48 54 51 50 0 49 53 6 2 1 0 0 5 0 7 15 9 12 0 8 14 11 10 0 62 56 0 60 0 0 57 0 34 35 0 0 38 0 39 
0 26 28 30 31 29 25 24 51 48 0 49 52 50 55 54 0 0 33 0 38 32 37 39 63 56 0 59 58 60 57 61 14 0 9 11 0 0 12 0 23 0 20 21 0 22 0 18 5 0 0 3 4 2 7 1 0 42 0 41 45 46 40 0 
3 0 4 6 7 5 1 64 27 24 29 25 28 0 31 0 10 11 0 12 14 0 13 15 39 0 38 35 34 36 33 37 54 0 49 0 0 0 52 55 0 57 60 61 0 62 0 58 45 46 40 43 0 42 47 41 0 18 19 0 21 0 16 23 
0 50 0 54 55 53 49 48 11 8 13 9 0 10 15 14 58 59 57 0 62 56 61 63 23 16 22 19 18 0 0 0 38 34 0 35 32 37 36 39 0 41 44 45 40 0 43 0 29 30 24 27 28 0 31 25 0 0 3 1 0 6 0 7 
11 10 12 14 15 13 9 8 35 0 37 0 36 34 39 38 18 0 0 0 0 16 0 23 47 40 0 43 0 0 41 45 0 0 57 59 0 0 60 63 0 0 0 5 64 6 3 0 53 0 48 51 52 0 55 49 28 26 27 0 29 0 0 31 
