8
8 5 10 0 11 4 7 0 16 19 15 0 17 18 12 13 34 35 30 28 33 29 32 31 0 20 23 21 24 0 0 22 3 0 61 0 2 0 1 0 53 0 0 57 54 0 59 0 44 51 0 49 45 0 50 46 39 40 41 37 36 0 42 0 
40 37 42 0 43 0 0 38 48 0 0 0 0 50 44 45 2 3 0 60 0 61 64 63 57 52 55 53 56 0 59 54 35 31 29 30 0 0 0 28 21 0 23 25 22 24 27 20 0 19 15 0 0 0 18 0 7 8 9 5 0 11 10 6 
24 21 0 25 27 0 23 22 32 0 31 0 33 34 28 0 0 51 46 0 49 0 48 47 0 36 39 37 40 42 43 0 19 15 13 14 18 16 17 12 0 10 0 9 0 8 11 4 60 3 63 1 61 64 2 62 55 56 57 53 52 59 58 0 
0 61 2 0 0 60 63 62 0 11 0 0 9 10 0 0 26 27 22 20 25 21 24 23 17 0 0 13 16 18 19 14 59 55 53 0 58 56 57 0 45 0 47 49 0 48 51 0 36 43 39 0 37 0 0 38 0 0 33 29 28 0 0 0 
0 45 50 49 0 44 47 0 0 59 0 54 57 0 52 53 0 11 6 4 9 5 0 7 1 60 63 61 64 2 3 62 43 39 37 38 42 40 0 0 0 34 31 33 0 0 0 28 20 27 23 25 21 24 0 22 15 16 17 13 0 19 18 14 
16 0 18 17 19 12 15 14 24 0 23 22 25 26 0 0 42 43 38 36 41 0 0 39 0 28 31 0 32 34 35 30 0 7 5 6 10 8 9 0 61 2 0 1 62 64 3 60 52 0 55 57 53 0 58 54 0 0 0 45 44 51 50 46 
56 53 58 57 59 52 0 54 0 3 63 62 1 2 60 61 18 0 0 0 17 13 16 0 9 4 7 5 8 0 0 6 51 0 45 0 50 48 0 0 37 42 39 41 38 40 43 36 28 35 31 33 29 0 34 30 23 24 0 0 20 27 26 22 
32 0 0 0 0 28 31 0 0 0 39 0 41 0 0 0 0 59 54 0 57 53 0 0 49 44 47 45 0 50 51 46 27 23 21 22 0 24 25 20 13 0 0 0 0 16 19 12 0 11 7 9 5 8 10 0 63 64 1 0 0 0 0 62 
0 7 0 11 0 6 0 8 18 0 17 16 0 20 0 15 36 37 32 0 35 0 34 0 27 22 25 23 26 28 29 24 0 1 63 64 4 0 0 62 0 60 57 59 0 58 0 54 46 53 49 51 47 50 52 48 41 0 0 39 38 0 0 40 
18 15 20 19 21 0 17 0 26 29 25 24 27 28 22 23 0 0 40 38 43 0 42 41 35 30 33 0 34 0 0 32 0 9 0 8 12 10 0 0 63 0 1 3 64 0 0 62 0 61 0 59 55 58 60 56 49 50 51 47 46 53 52 0 
0 63 4 3 0 62 1 0 10 13 9 8 11 12 6 7 28 29 24 22 27 0 26 25 19 14 17 0 0 20 21 16 0 57 55 56 0 58 0 0 47 0 49 0 0 50 53 0 38 45 41 43 0 42 0 0 33 0 35 31 30 37 36 32 
26 23 28 27 29 22 25 24 34 37 0 0 35 36 30 31 52 53 48 46 0 47 0 0 43 0 41 39 42 44 45 0 21 0 0 16 20 18 0 14 7 0 0 11 8 10 0 6 0 0 1 3 63 0 4 64 57 0 0 55 0 0 60 56 
34 31 36 35 37 30 33 0 42 45 41 40 43 0 38 39 0 61 0 54 59 55 0 0 0 46 49 47 50 0 53 48 29 25 0 24 28 26 27 0 0 20 0 0 16 18 21 14 6 13 0 11 7 10 12 0 1 2 3 63 62 0 0 64 
50 47 52 0 53 46 0 48 58 0 0 0 0 60 54 55 12 13 8 6 11 0 10 9 3 0 1 0 2 0 5 64 45 41 0 40 44 42 43 0 0 0 33 0 0 34 0 30 22 29 0 27 23 0 28 24 0 0 0 0 14 0 0 16 
58 55 0 59 61 54 57 0 2 5 1 64 3 0 62 0 0 0 0 0 0 0 18 17 11 6 9 0 10 0 13 8 0 49 47 48 52 50 51 46 0 44 41 0 0 42 0 38 0 37 33 35 0 34 36 32 25 26 0 0 22 0 28 0 
42 39 0 43 45 38 0 40 50 53 0 48 0 0 46 47 4 0 64 0 0 0 0 1 59 0 57 55 58 0 61 56 37 0 31 32 36 34 35 30 23 28 25 27 24 26 29 22 14 21 0 0 0 0 0 16 9 10 0 0 6 0 12 0 
23 20 25 24 26 19 0 21 31 34 0 0 32 33 27 0 0 0 45 0 0 0 47 46 40 0 38 0 39 41 42 37 18 14 0 13 0 15 0 11 0 0 6 0 5 7 10 0 0 2 62 64 0 0 1 61 54 0 0 52 51 0 0 0 
39 0 41 40 42 35 38 37 0 50 46 45 0 49 0 44 0 0 0 59 64 0 0 62 56 51 54 0 55 0 58 0 0 0 0 29 0 0 0 0 20 0 22 24 0 23 26 19 11 18 14 16 12 0 0 13 6 7 0 4 0 0 9 5 
63 60 1 64 2 0 62 0 7 0 6 0 8 9 3 4 25 26 21 0 24 20 23 22 16 11 14 12 15 17 18 0 58 54 52 53 57 55 0 0 0 49 0 0 45 47 0 43 35 0 38 40 36 39 41 37 30 0 32 0 0 34 0 29 
7 4 0 0 10 3 6 0 0 18 14 0 16 17 11 12 33 34 0 27 32 0 0 0 24 0 22 20 23 0 0 21 2 62 60 61 1 63 64 59 52 57 54 0 53 0 58 51 0 50 46 48 44 0 0 45 0 0 0 36 35 0 41 37 
0 0 57 56 0 51 54 53 63 2 0 61 0 1 59 60 17 18 0 0 16 12 15 14 0 3 0 4 7 9 10 5 0 46 44 45 49 0 0 43 36 0 38 40 37 39 0 35 27 34 30 32 28 31 33 29 22 23 24 20 19 0 25 0 
31 28 33 32 34 27 30 29 39 42 38 37 40 41 35 0 0 0 53 51 0 52 0 54 48 0 0 44 47 0 50 0 0 0 20 21 0 23 0 19 12 17 0 16 13 15 18 11 0 0 0 8 4 7 9 0 0 63 64 0 0 2 0 61 
47 44 49 48 50 43 46 45 55 58 54 53 56 57 0 52 0 10 5 3 8 4 7 6 0 59 62 60 63 1 0 61 42 38 36 37 0 39 40 35 28 0 30 32 29 31 34 0 19 26 22 0 0 0 25 21 0 15 16 12 11 0 0 0 
0 0 17 0 18 11 14 13 23 0 22 21 0 25 0 20 41 0 37 35 0 36 0 0 0 27 30 28 0 0 0 29 10 0 4 5 0 7 8 3 60 1 0 64 61 63 2 0 51 58 0 56 52 0 57 0 46 0 48 44 43 50 49 45 
46 0 0 47 0 42 45 44 54 57 53 52 55 56 50 51 8 9 4 0 7 3 6 5 63 58 61 59 0 64 1 60 41 37 0 0 40 38 0 34 27 32 0 31 0 30 0 0 0 25 0 23 19 0 24 20 13 14 0 11 10 17 0 12 
0 51 56 55 57 50 0 52 0 1 61 60 63 0 58 0 0 17 12 0 0 11 14 13 7 0 5 3 0 8 0 0 0 45 43 44 48 0 47 42 35 40 37 39 36 38 0 34 26 33 29 31 27 0 32 28 21 22 23 19 18 25 24 0 
38 35 40 39 41 34 37 0 46 49 45 0 47 48 42 43 0 1 0 58 63 59 62 61 55 50 53 51 54 56 0 52 0 29 0 28 32 30 31 26 0 0 21 23 20 0 0 0 10 17 13 15 0 0 0 12 5 6 7 3 2 0 0 4 
30 0 32 0 33 26 29 28 38 41 37 0 0 40 34 35 0 0 52 50 0 0 0 53 0 42 45 43 46 48 49 44 0 21 0 0 0 22 23 18 11 0 0 15 12 14 0 0 0 9 5 7 3 6 0 0 61 62 63 59 0 0 64 60 
14 11 0 15 17 10 13 0 22 0 21 20 23 24 0 0 40 0 36 34 0 0 38 37 31 26 0 27 0 32 33 28 9 5 0 4 0 6 7 2 0 64 0 63 60 62 1 58 50 57 53 55 0 54 56 0 45 46 47 0 0 0 0 0 
22 19 0 23 25 18 0 20 0 33 29 28 0 0 0 27 48 49 44 0 0 0 0 45 39 0 37 35 0 40 0 36 17 13 0 12 0 0 15 10 3 0 5 7 0 0 9 0 58 0 61 63 59 0 0 0 53 54 0 51 0 57 0 0 
0 0 0 0 9 2 5 4 0 17 13 12 15 16 10 11 0 0 0 26 0 0 30 29 23 18 21 0 22 24 0 20 0 61 59 60 0 0 63 58 51 56 53 55 52 54 0 50 42 49 45 47 43 46 48 44 37 38 39 35 34 0 40 36 
62 59 64 63 0 0 61 60 0 0 5 0 0 8 2 0 24 25 20 18 0 19 0 21 0 10 13 0 14 16 0 0 57 0 0 52 56 54 55 50 43 48 45 47 44 46 49 42 34 0 0 0 35 0 40 36 29 0 0 27 26 0 32 0 
59 56 61 60 0 55 58 0 3 6 2 1 4 5 63 64 0 22 0 15 20 16 19 18 12 7 10 8 11 0 0 9 0 0 0 49 53 51 52 47 40 45 42 44 41 43 46 39 31 0 34 36 0 35 0 0 26 27 28 24 23 0 29 25 
0 32 0 0 38 31 34 0 43 46 42 41 44 45 39 40 61 62 57 0 60 56 0 58 0 47 0 48 51 53 54 0 0 26 0 25 0 27 28 23 16 21 18 0 17 0 22 15 7 14 10 12 0 11 13 9 0 3 4 64 0 0 5 0 
3 0 5 4 6 63 0 1 11 14 10 9 12 13 7 8 0 30 25 23 28 0 27 26 0 0 18 0 19 21 0 0 62 0 56 0 61 59 60 0 0 53 50 52 49 0 0 0 39 0 0 44 40 0 45 41 34 35 36 0 31 38 0 0 
0 48 53 52 0 0 50 49 59 62 0 57 60 61 55 0 13 14 9 0 12 0 11 10 0 63 2 0 3 5 6 0 0 42 40 41 45 43 44 0 32 37 0 0 33 35 38 31 0 30 26 28 0 27 29 25 0 0 20 16 15 0 21 0 
27 0 29 28 30 23 26 25 35 38 34 33 36 0 31 32 53 54 49 47 52 48 51 50 44 39 0 40 0 45 46 0 22 18 16 0 21 19 20 15 8 13 0 12 9 11 14 7 0 6 2 4 64 3 0 1 0 59 60 56 0 62 0 57 
19 16 21 20 22 15 18 17 27 30 26 25 0 29 23 24 0 0 0 39 44 40 43 42 36 31 0 32 35 0 38 33 14 10 8 9 13 0 12 7 0 5 2 4 0 0 0 63 55 62 58 60 56 59 61 0 0 51 52 0 47 54 53 49 
11 8 0 0 0 7 10 9 19 22 18 17 0 21 0 0 37 38 0 31 36 32 35 34 28 23 26 24 0 29 0 25 0 2 64 0 5 0 4 63 56 61 0 60 57 59 0 55 47 54 50 52 0 51 53 49 0 43 44 40 0 0 45 0 
43 40 45 44 46 39 42 41 51 54 50 0 52 53 47 48 5 0 1 0 4 64 0 0 60 55 58 56 0 61 62 57 0 34 32 0 37 35 36 31 0 29 26 28 0 0 30 0 15 22 18 20 0 19 21 17 10 11 0 8 7 14 0 0 
44 41 46 45 47 40 0 42 52 0 51 50 53 54 0 49 6 0 2 64 0 0 4 0 61 56 59 57 0 62 0 0 0 35 33 34 38 0 0 0 25 30 27 0 26 28 0 24 0 23 0 21 0 20 22 18 11 12 13 9 0 0 14 0 
36 33 0 37 39 32 0 0 0 47 0 42 0 46 40 41 62 0 0 0 61 57 0 0 53 0 0 49 0 54 55 50 31 27 0 0 30 0 29 24 17 0 19 21 18 20 0 16 8 15 11 0 0 12 14 10 3 4 5 1 0 7 0 2 
12 9 14 0 15 8 11 10 0 23 19 0 21 22 0 17 0 0 0 0 37 33 36 35 29 24 27 25 28 30 31 26 0 0 1 0 6 4 5 0 57 62 59 61 58 0 0 0 48 55 51 53 49 0 54 50 43 44 0 41 40 47 46 42 
0 1 0 5 7 64 3 2 0 15 11 0 13 14 0 0 0 31 0 24 29 25 28 27 21 0 19 17 0 22 23 18 0 0 57 58 0 0 0 56 0 54 51 53 50 0 0 48 40 47 0 45 41 44 46 42 0 36 37 33 32 39 0 0 
28 25 30 29 31 24 0 0 0 39 35 34 0 38 32 0 54 55 50 48 0 0 0 51 45 0 43 41 44 46 47 42 23 19 0 18 22 20 0 16 9 14 11 13 10 12 15 8 0 0 3 5 1 0 6 0 59 60 0 0 56 63 62 58 
60 0 62 61 63 56 59 0 4 7 3 2 0 0 64 1 22 23 0 16 21 17 20 19 0 8 11 0 12 14 15 10 55 0 0 50 54 0 0 48 41 0 0 45 42 44 47 40 32 39 35 37 33 0 38 0 27 28 29 25 24 31 30 26 
52 49 0 53 55 0 0 50 60 63 59 58 0 62 56 57 0 15 0 8 13 0 0 11 5 64 0 1 0 0 7 2 0 43 41 0 46 44 45 40 33 38 35 0 34 36 0 32 0 31 27 29 25 0 30 26 19 20 21 17 0 23 0 0 
20 17 0 21 23 16 19 0 0 31 0 26 0 30 0 25 46 47 42 40 45 41 44 43 37 0 35 33 36 38 39 34 0 0 0 10 0 12 13 8 0 6 0 5 0 4 7 64 56 0 59 61 57 0 0 58 51 52 53 49 0 55 54 0 
0 0 43 42 44 37 40 0 49 52 48 0 0 51 45 46 3 4 0 61 2 62 0 64 58 0 0 54 57 59 60 0 0 32 30 31 35 0 34 29 22 0 0 26 0 25 28 21 0 20 16 0 0 17 19 15 8 0 10 6 5 0 11 0 
0 62 3 2 0 61 64 63 9 12 8 7 10 11 0 6 27 0 0 0 26 22 25 0 18 13 16 14 17 0 20 0 60 56 54 55 59 57 58 0 46 51 0 50 47 49 52 45 37 44 40 0 38 0 0 39 32 33 0 0 29 36 35 31 
33 30 35 0 36 0 32 0 41 44 0 39 42 43 0 0 59 0 55 53 0 0 57 56 50 45 0 46 49 51 0 47 28 0 0 23 27 25 26 0 14 19 0 18 0 17 0 13 0 12 8 0 6 9 11 7 64 0 0 62 61 4 3 0 
49 0 51 50 52 45 48 0 0 60 56 55 0 0 0 54 0 12 7 0 10 6 9 8 2 61 64 62 1 0 4 63 0 40 0 0 43 41 42 37 0 0 0 34 31 33 36 29 0 28 0 0 0 0 0 23 16 17 18 14 13 0 19 0 
0 6 11 10 12 5 8 7 17 0 0 15 18 19 0 14 35 36 0 0 34 30 33 32 26 21 24 0 25 27 28 0 4 64 62 63 0 1 0 61 54 59 0 58 55 57 60 53 45 52 48 50 46 49 51 0 40 41 42 0 37 44 43 39 
0 54 59 58 60 53 0 55 0 4 0 63 2 3 0 0 19 20 15 0 0 14 0 0 10 5 8 0 9 11 12 0 52 0 46 47 0 0 0 45 38 43 40 42 39 41 44 37 0 36 32 34 30 0 35 0 24 25 0 0 0 0 0 0 
0 22 0 26 28 0 24 23 33 36 32 0 34 35 29 30 0 52 47 45 50 46 49 48 42 37 40 38 41 43 0 39 20 0 14 15 19 17 18 13 6 11 0 10 7 9 12 0 61 4 64 2 62 0 3 63 56 57 58 54 0 0 59 55 
0 0 0 0 20 13 0 15 25 28 24 0 0 27 21 22 43 44 39 37 42 38 41 40 0 0 32 30 33 35 0 0 12 8 6 7 11 9 10 5 62 0 64 2 63 1 0 61 53 0 0 58 0 57 59 55 48 49 50 46 45 0 0 47 
37 34 0 38 40 33 36 35 0 48 44 43 0 47 41 42 63 0 0 57 62 58 61 0 54 49 52 50 53 55 56 0 32 28 26 27 31 0 30 0 18 0 20 22 0 0 24 17 0 16 12 14 10 13 0 0 4 5 0 2 0 8 7 3 
29 26 0 0 0 25 0 27 37 40 0 0 0 0 33 34 55 56 51 49 54 50 0 52 0 41 0 42 45 47 48 43 24 20 0 19 23 21 22 0 10 15 12 14 11 0 16 9 1 0 4 6 2 5 7 3 60 0 62 0 57 0 63 59 
45 42 0 46 48 41 44 0 53 56 52 0 54 0 0 50 7 8 3 0 0 0 5 4 62 57 60 0 61 63 0 59 40 36 0 35 39 37 0 33 26 31 0 30 27 29 32 25 17 24 0 22 18 0 23 19 12 13 14 10 9 16 15 0 
0 18 0 22 0 17 0 19 29 32 28 27 0 0 25 26 47 48 43 41 46 42 45 44 38 0 36 34 37 39 40 0 16 12 10 11 15 0 0 9 0 7 0 6 3 0 8 1 57 64 0 0 58 61 63 59 0 53 0 50 49 56 55 51 
5 2 7 6 8 1 4 0 13 16 12 11 14 15 9 10 31 32 27 0 0 26 29 28 22 17 20 18 21 23 24 0 64 60 58 0 63 61 62 0 50 55 52 54 0 53 56 49 41 0 44 46 0 0 0 43 0 0 0 0 33 0 39 35 
13 10 0 14 0 9 12 11 0 24 20 19 22 23 17 18 39 40 35 33 38 34 0 36 30 25 0 26 29 0 0 27 8 0 2 3 7 5 6 1 0 0 60 0 59 0 64 57 0 56 52 0 50 0 55 51 44 0 46 42 41 48 47 0 
0 58 63 62 64 57 0 0 0 0 4 3 0 7 1 2 0 24 19 0 0 0 0 20 14 9 12 0 13 0 16 11 56 52 50 51 0 0 54 0 42 0 44 46 0 0 0 41 33 40 0 38 34 37 39 35 28 29 30 26 25 0 31 0 
53 50 55 0 56 49 52 0 61 64 0 59 62 63 57 58 15 16 11 9 14 10 13 12 6 1 0 2 5 0 8 0 48 44 0 0 47 45 0 41 34 39 0 38 0 37 40 0 25 0 0 30 26 29 0 27 20 21 22 18 17 0 0 0 
