8
15 14 8 11 13 12 9 10 52 48 49 50 55 51 54 53 0 59 61 63 0 56 58 57 0 43 42 45 41 47 0 40 3 6 2 64 0 7 0 0 27 29 25 0 0 30 31 0 33 0 0 0 38 32 35 37 20 21 0 0 22 17 23 18 
47 46 40 43 45 0 41 0 20 0 17 18 23 0 22 21 28 0 29 31 0 24 26 25 14 0 10 13 9 15 0 0 35 38 34 32 0 39 33 0 59 0 57 60 0 62 63 0 0 0 2 4 0 64 0 0 52 0 48 0 54 49 55 50 
0 0 64 0 5 4 1 2 44 40 41 42 0 0 0 45 52 51 53 55 54 48 50 49 0 0 34 0 0 39 36 32 59 62 58 56 60 0 57 61 19 21 17 0 0 0 23 18 25 0 26 28 30 24 0 29 0 13 8 0 0 9 0 10 
31 0 24 27 29 28 25 26 4 0 1 2 7 3 0 0 0 11 13 15 14 8 0 9 62 0 58 61 57 0 60 56 19 22 0 16 20 23 17 21 43 45 41 0 40 0 47 0 49 55 0 52 0 0 51 0 36 37 0 35 38 33 39 34 
23 22 16 19 21 20 17 18 60 56 57 58 63 59 62 61 0 3 5 7 6 0 0 1 54 0 50 0 49 55 52 48 11 0 0 8 12 0 9 13 0 37 33 36 0 0 39 34 41 0 0 0 0 40 43 45 28 29 0 27 30 0 31 26 
63 62 56 59 61 0 57 58 36 32 0 34 39 35 38 0 44 43 45 47 46 40 42 41 30 0 26 29 25 31 28 24 51 54 50 48 52 55 0 0 11 0 9 12 8 0 0 0 0 0 0 20 22 16 19 21 4 0 64 3 6 0 0 0 
0 38 32 0 37 0 0 34 12 8 0 10 15 11 0 13 20 0 21 23 22 0 0 17 6 3 0 0 1 7 4 64 27 30 0 24 0 0 0 0 51 0 49 52 0 54 55 0 0 63 58 60 0 56 59 61 44 45 0 43 46 0 0 0 
55 54 48 51 53 52 49 50 28 24 25 0 31 27 30 29 36 35 37 39 38 32 34 0 22 0 0 21 17 0 20 16 43 46 42 0 0 47 41 45 3 5 1 4 64 6 7 2 0 0 10 0 14 0 11 13 60 0 56 59 62 57 63 58 
0 28 22 25 0 26 0 0 2 62 63 64 0 1 4 3 10 9 11 13 12 6 8 7 0 0 56 59 55 61 58 54 17 20 16 0 0 21 0 19 41 43 39 42 0 44 45 0 47 0 48 50 52 0 49 51 34 0 30 33 0 31 37 32 
0 0 38 41 43 42 39 0 18 0 0 0 0 0 0 19 0 25 27 29 28 22 0 23 12 0 8 0 7 13 0 6 33 0 0 30 34 0 31 35 0 59 55 58 0 60 61 56 63 0 64 2 0 0 1 3 50 51 46 49 52 47 0 48 
53 52 0 49 0 50 47 48 26 22 23 24 29 0 28 27 0 0 35 37 36 30 0 31 20 0 0 0 15 21 0 0 41 0 40 38 42 45 39 43 0 0 63 2 62 0 0 64 7 0 8 10 12 6 0 11 58 59 0 57 0 55 0 56 
0 0 6 9 11 0 7 8 0 46 47 48 53 49 0 51 0 57 59 61 60 54 0 0 44 41 40 43 0 0 0 38 1 0 0 62 2 5 0 0 25 0 23 0 22 28 29 0 31 0 0 0 36 0 33 35 18 19 14 17 20 15 21 16 
0 0 62 0 3 0 63 64 42 38 0 0 45 41 44 43 50 0 51 53 52 46 0 47 0 0 32 35 31 37 34 30 0 60 56 54 0 61 55 59 17 19 15 18 14 0 21 16 23 29 24 26 28 22 25 27 10 11 6 0 12 7 13 8 
21 20 14 17 19 18 15 16 0 0 55 56 61 57 60 59 2 1 0 5 4 62 64 63 52 49 48 51 47 53 50 0 0 12 0 0 10 13 7 11 33 35 0 34 30 0 0 0 39 45 0 42 0 38 0 0 26 27 0 0 28 23 29 0 
0 0 0 33 0 34 31 32 10 6 0 0 13 9 12 11 0 17 19 21 20 14 16 0 4 0 0 0 63 0 2 62 0 28 24 22 26 29 23 27 49 0 47 50 46 52 0 48 0 0 56 58 60 54 57 0 42 43 0 0 44 39 45 40 
61 60 54 0 59 0 0 56 34 0 31 32 0 33 0 35 42 0 43 0 44 38 0 39 28 25 0 0 23 0 0 22 0 52 0 0 0 53 47 51 9 0 0 10 0 12 13 8 15 0 0 18 0 0 17 19 2 3 62 1 0 0 5 64 
60 59 0 0 0 57 54 0 0 29 30 31 36 0 35 34 41 40 42 44 43 37 0 0 27 24 23 26 22 0 25 21 0 51 47 45 49 52 46 0 0 10 6 9 5 11 12 0 0 20 0 0 19 13 16 18 1 2 61 0 3 62 0 0 
36 35 29 32 34 33 30 31 0 0 0 7 12 8 11 0 17 16 18 20 19 0 15 14 3 64 63 0 62 4 1 61 24 0 23 0 25 0 22 26 0 0 46 49 45 51 52 47 0 60 0 57 59 0 56 58 41 42 37 40 43 0 0 39 
44 0 0 40 42 41 38 39 17 0 14 15 20 16 19 18 25 24 0 28 0 21 23 22 0 8 7 10 0 0 9 0 32 0 31 29 33 0 0 34 56 58 54 0 53 0 60 55 62 0 63 0 0 61 0 0 49 50 45 48 51 46 52 47 
28 27 21 0 0 0 22 23 1 61 62 63 4 64 0 0 9 8 10 12 11 5 7 6 59 0 55 58 54 60 57 53 16 19 15 13 17 0 14 0 40 42 38 41 37 0 44 39 0 0 0 0 51 45 48 50 33 34 29 0 0 30 36 31 
0 19 13 16 0 17 14 15 57 53 54 55 60 56 59 58 1 64 2 4 0 0 0 62 0 48 47 50 46 52 49 0 8 11 0 5 9 0 6 0 32 34 30 33 29 35 36 0 0 44 0 0 43 0 40 0 0 26 21 24 27 22 28 23 
12 0 0 8 10 9 6 7 49 45 46 47 52 48 51 50 0 0 58 0 59 53 0 54 43 40 0 42 38 0 0 0 64 3 63 61 0 4 62 0 24 0 22 25 21 27 28 0 30 36 0 33 35 0 32 0 0 18 13 16 19 0 20 15 
4 3 61 64 2 1 62 63 41 0 38 0 44 40 43 42 0 48 50 52 0 45 47 46 35 0 31 0 0 36 0 29 56 59 55 53 0 0 54 58 16 18 14 0 13 0 20 0 22 28 23 25 0 0 0 0 0 10 5 8 11 0 0 7 
52 51 0 48 50 49 46 47 25 0 0 23 28 24 27 26 33 32 34 36 35 29 31 30 19 16 15 0 14 0 17 13 40 0 0 37 41 0 38 42 0 2 0 0 0 3 4 63 6 12 7 9 11 5 8 0 57 58 0 0 59 0 60 55 
43 0 36 39 0 40 37 38 16 0 0 14 0 15 18 17 24 23 25 27 0 20 0 0 10 7 6 9 5 11 8 4 31 0 30 0 0 0 0 33 0 0 53 56 0 58 59 0 0 0 62 0 2 60 0 1 48 49 44 0 50 0 0 46 
11 0 4 7 9 8 5 6 48 44 45 0 51 0 50 49 0 0 57 0 58 52 54 53 0 39 38 41 0 0 0 0 63 2 62 60 64 3 61 1 23 0 21 24 0 0 27 22 29 35 30 0 34 0 31 0 0 17 0 15 0 13 19 0 
19 0 12 15 0 0 13 0 56 52 0 54 59 55 0 57 64 63 1 3 2 0 62 61 0 47 46 0 45 51 48 44 0 10 0 4 0 11 0 0 31 33 29 32 0 34 0 0 37 43 38 40 42 36 39 41 24 25 20 23 26 21 27 22 
0 0 28 31 33 0 29 30 8 4 5 6 0 7 10 0 0 0 0 0 18 12 0 13 2 63 62 1 0 3 64 0 23 26 22 20 24 27 21 25 47 49 45 48 44 50 51 46 0 59 54 56 58 52 55 57 40 41 36 39 42 37 43 38 
3 2 60 63 1 0 61 62 0 36 37 38 43 39 42 41 0 47 49 0 50 44 46 0 34 31 0 33 29 35 32 28 0 58 0 0 56 59 53 57 0 17 13 16 0 18 0 14 21 0 0 24 0 20 23 25 0 9 4 7 10 5 11 6 
59 58 52 55 0 56 53 54 0 28 29 30 35 31 34 33 40 0 41 0 42 36 38 37 0 23 22 25 21 0 0 0 0 50 46 0 48 0 0 49 7 9 0 8 4 0 11 6 13 19 14 16 18 0 15 17 0 1 60 63 0 0 3 62 
27 26 20 23 25 0 0 22 0 60 61 62 3 63 0 0 8 0 9 11 10 4 0 0 58 55 54 0 53 59 56 0 15 0 0 12 16 19 13 0 39 41 0 0 0 0 43 38 45 51 0 48 0 44 0 49 0 0 28 0 0 29 0 30 
51 50 44 47 49 0 45 46 24 20 21 0 0 0 26 25 32 31 0 35 0 0 0 29 0 15 14 0 0 19 16 12 39 0 38 36 40 43 37 41 63 0 61 64 60 0 0 0 5 11 6 8 10 0 7 9 56 0 52 55 58 0 0 54 
32 0 25 28 0 29 26 0 0 1 2 0 8 0 7 0 0 0 14 0 15 9 11 10 63 60 59 0 58 64 61 57 0 23 19 17 0 0 18 0 0 46 0 0 41 0 48 0 50 56 0 53 0 49 0 0 37 38 0 36 39 34 40 0 
8 7 1 4 6 5 2 3 45 41 42 43 48 44 47 46 53 52 54 56 55 49 51 50 0 0 0 38 0 0 37 33 60 0 0 57 0 64 0 62 0 0 18 21 17 23 24 19 26 32 27 29 0 25 28 30 13 0 9 0 15 10 0 11 
16 0 9 12 14 13 0 11 53 49 0 51 56 0 55 54 0 0 0 64 63 57 0 58 0 44 43 46 42 48 0 41 4 7 3 1 0 8 0 6 0 30 0 0 25 0 32 27 0 40 0 0 39 33 36 38 21 22 17 20 23 18 24 19 
56 55 49 52 54 53 50 0 29 0 26 27 32 0 31 30 37 0 38 40 39 33 35 34 23 0 19 0 18 0 21 17 44 47 43 0 45 0 0 46 4 6 2 5 1 7 8 3 0 0 11 13 0 0 12 14 0 62 0 60 63 58 64 0 
24 23 17 20 22 21 18 19 61 57 0 59 0 0 63 0 5 4 0 0 0 1 0 2 55 0 51 54 50 56 0 49 12 15 11 9 0 0 0 0 36 38 34 37 33 0 40 35 0 0 0 45 47 41 0 46 29 30 0 28 31 26 32 0 
48 47 0 0 0 45 42 43 21 17 18 19 24 0 23 22 0 0 30 32 0 0 27 26 15 0 11 14 10 16 13 9 36 39 35 0 37 40 34 0 60 62 0 0 0 63 0 0 0 8 3 0 0 0 0 6 0 0 49 0 0 50 0 51 
40 39 33 36 38 37 0 0 13 9 10 0 16 0 15 14 21 0 22 24 23 0 0 18 7 4 3 6 2 0 0 1 28 31 27 25 29 32 26 30 52 0 0 0 49 0 56 51 0 64 59 61 63 57 60 62 45 46 41 0 47 0 48 0 
64 0 0 60 0 61 58 59 37 33 34 35 40 0 39 38 0 0 46 48 0 41 43 0 0 28 27 30 26 32 29 25 52 0 51 0 53 56 50 54 12 0 0 13 9 0 16 11 18 0 0 0 23 17 20 0 0 0 1 4 0 2 0 3 
42 0 35 0 0 0 36 37 15 11 12 13 0 14 17 16 23 0 24 26 25 0 21 20 0 6 0 0 4 10 7 3 30 33 0 27 31 34 0 32 54 56 52 55 51 57 0 0 60 2 0 63 1 59 62 64 47 48 43 46 49 0 0 45 
2 1 0 62 64 0 60 61 39 35 36 0 42 0 41 40 47 46 0 50 49 0 45 44 33 0 0 0 0 34 31 27 54 0 53 51 0 0 52 0 14 16 12 0 11 17 0 0 0 26 0 23 25 0 22 0 0 8 3 0 9 4 10 0 
34 33 27 0 0 31 28 29 7 3 4 5 10 0 0 0 0 14 16 18 17 11 13 12 1 62 0 64 0 0 63 0 22 25 0 0 23 0 20 24 46 48 44 47 43 49 50 45 0 58 53 55 57 51 0 0 39 40 0 0 41 36 42 37 
10 9 0 6 8 0 4 0 47 43 0 0 50 46 49 48 0 54 56 58 0 51 53 52 41 38 37 40 36 42 0 35 62 1 61 59 0 2 60 64 0 0 20 23 19 25 26 21 0 0 29 0 0 0 30 32 15 16 11 14 17 0 18 13 
0 0 43 0 48 47 44 45 23 19 20 21 26 22 0 0 31 30 32 34 0 27 0 28 17 14 13 16 0 18 0 11 38 41 37 0 39 42 36 0 62 0 60 63 59 1 2 0 4 10 5 7 0 3 6 0 55 56 51 54 57 0 58 53 
18 17 11 14 16 15 12 13 55 51 52 0 0 54 57 0 63 62 64 0 0 59 61 60 0 46 45 48 44 0 47 0 6 9 0 0 7 0 4 8 30 32 0 31 0 33 34 0 0 42 37 39 41 35 0 40 23 24 19 0 25 0 26 0 
58 57 0 54 56 55 52 53 31 0 0 29 0 0 33 32 39 38 40 42 41 35 37 36 0 22 0 24 0 26 23 0 46 49 0 43 0 50 44 48 6 0 4 7 3 9 10 5 12 18 0 15 0 11 0 0 63 0 59 62 1 60 2 61 
26 25 19 22 24 0 20 21 0 0 0 0 2 62 0 64 7 0 0 10 9 3 5 4 57 54 53 56 0 58 55 0 14 17 0 11 0 18 12 16 38 40 36 39 35 41 42 37 44 0 45 47 49 0 0 48 31 32 27 30 0 0 34 0 
0 0 39 42 44 43 40 41 19 15 16 17 22 18 21 20 27 26 28 30 29 23 0 24 13 0 9 12 8 14 11 7 34 37 0 0 35 38 32 36 0 60 0 59 55 61 62 0 64 0 1 0 5 63 2 4 51 52 47 50 53 0 54 0 
0 5 63 2 4 0 64 1 43 39 0 0 46 42 45 0 51 0 52 0 53 0 49 48 0 34 33 0 0 38 35 31 58 0 57 0 0 62 56 60 18 20 16 0 15 21 0 17 24 30 25 0 0 0 0 28 11 12 7 0 0 8 14 9 
30 0 0 0 28 27 0 25 0 0 64 1 6 0 5 0 11 10 12 14 0 7 9 0 61 58 57 60 56 0 59 55 18 0 17 15 19 22 0 0 0 44 0 0 39 0 46 0 48 54 0 51 0 47 0 52 35 36 31 0 37 32 38 33 
54 53 47 50 52 51 48 49 27 23 0 25 0 26 29 28 35 34 0 38 37 0 33 0 21 18 0 0 0 22 0 15 42 45 41 39 43 46 40 44 2 4 64 0 63 5 6 1 8 14 9 0 13 7 10 0 59 0 55 58 61 56 62 57 
62 61 55 58 60 0 0 57 35 31 32 33 38 34 0 36 0 42 0 0 0 39 0 40 29 0 25 28 0 0 0 23 50 0 49 47 51 0 48 52 0 0 8 0 7 13 14 9 16 22 0 0 0 15 18 0 3 4 63 2 5 64 0 0 
38 37 31 34 36 35 32 33 0 7 8 0 0 10 13 0 0 18 20 22 0 15 0 16 5 0 1 4 64 6 3 63 26 29 25 0 27 30 0 28 50 52 48 51 47 53 54 0 56 62 57 0 61 55 0 60 43 44 39 0 0 0 46 41 
14 0 7 10 0 0 8 9 51 47 48 49 54 50 0 52 59 58 60 62 61 55 57 56 0 0 41 0 40 46 0 39 2 5 1 0 3 6 64 4 26 28 24 27 23 29 0 25 32 38 0 0 37 31 0 36 19 20 15 0 21 16 22 0 
0 21 15 18 0 19 16 17 0 55 56 57 62 58 61 60 3 0 4 6 5 0 1 64 0 0 49 0 48 54 51 47 10 13 9 7 0 14 8 12 34 36 32 0 31 0 38 0 40 0 41 43 0 39 42 44 0 28 23 26 29 24 30 25 
41 40 34 37 39 38 0 36 14 0 11 0 17 13 16 0 22 21 23 25 24 0 20 19 0 0 0 7 3 9 6 2 0 32 28 26 30 33 27 31 53 55 0 54 0 56 0 52 59 1 0 0 64 0 61 63 46 47 42 45 48 43 0 44 
17 16 10 13 0 14 11 12 54 0 51 52 57 53 56 55 62 61 63 1 64 58 60 59 48 45 44 47 43 0 46 42 0 8 0 0 0 0 3 7 0 31 0 30 0 0 0 28 35 0 36 38 40 34 37 39 0 23 18 0 24 0 25 0 
25 24 18 21 23 22 0 20 62 58 59 60 1 61 64 63 6 5 7 0 0 0 4 3 0 53 52 55 51 57 54 50 0 16 12 10 14 17 0 15 37 39 0 0 0 0 41 0 43 49 0 46 48 0 45 47 30 31 0 29 0 0 0 0 
0 64 58 61 0 62 59 60 0 34 35 36 41 0 0 39 46 45 47 0 48 0 44 0 32 29 28 0 27 33 30 26 53 56 52 50 54 57 0 55 13 0 11 14 10 0 17 12 19 0 0 0 24 0 21 0 6 0 0 5 8 0 9 4 
9 0 2 5 0 6 3 4 46 42 43 44 0 45 0 47 54 0 55 57 56 0 52 0 40 37 36 0 35 41 38 0 61 64 60 58 62 0 59 63 0 23 0 0 0 24 0 20 27 33 0 0 32 0 29 31 14 15 0 13 16 0 17 0 
33 32 26 29 0 30 27 28 6 2 0 0 9 5 8 0 0 13 15 17 16 10 0 11 64 61 0 63 59 1 0 58 21 24 20 18 0 25 19 23 0 0 43 0 0 48 49 44 0 57 52 54 56 50 53 0 38 39 0 37 40 35 41 36 
49 48 0 0 47 46 43 0 0 18 19 20 0 0 24 23 0 29 31 33 32 26 28 27 0 13 12 0 0 17 14 10 37 0 36 34 38 41 35 39 0 63 59 62 58 0 0 60 0 0 4 6 8 0 5 7 54 55 0 0 56 51 0 52 
57 56 50 53 55 54 51 52 30 0 27 28 33 0 0 31 38 0 0 41 0 34 36 35 0 0 0 23 0 25 22 18 0 48 44 42 46 49 43 47 5 7 3 0 0 8 0 4 11 0 12 0 16 10 13 15 62 0 0 61 64 59 0 60 
