8
61 0 0 2 0 64 0 63 0 10 0 9 8 5 7 0 51 49 0 46 0 47 50 44 16 18 15 0 0 17 0 13 0 57 56 0 59 54 53 0 30 34 32 29 31 35 33 28 41 40 38 37 42 43 39 36 0 21 0 25 20 27 26 0 
29 35 33 0 28 32 0 31 0 42 38 0 40 37 0 36 19 17 13 0 16 0 18 12 48 50 47 0 44 49 46 45 0 25 0 23 27 22 21 20 62 2 0 61 0 3 1 60 9 8 6 0 0 11 0 4 56 53 54 0 52 59 58 0 
37 43 41 0 36 40 38 39 51 50 0 49 48 45 0 44 0 25 0 22 24 23 26 20 0 58 0 59 52 0 54 53 0 33 0 31 35 0 29 28 0 10 8 5 7 0 9 4 0 0 14 0 18 19 15 12 64 61 62 0 60 3 2 0 
45 0 49 50 44 48 0 47 0 0 54 57 0 53 0 52 0 33 29 0 32 31 0 0 64 2 63 3 60 1 0 61 0 41 40 0 43 38 0 36 14 18 16 13 0 19 17 12 25 24 0 21 0 0 23 20 8 5 0 9 4 11 10 7 
21 27 0 0 20 24 0 23 0 0 30 0 32 0 31 28 11 9 5 6 8 7 10 4 40 0 0 43 36 0 38 37 0 17 0 15 0 14 13 12 54 58 56 0 55 59 57 0 1 64 62 0 2 3 63 0 48 45 0 49 0 0 0 0 
0 0 0 10 0 0 6 7 0 18 0 17 0 13 0 12 0 57 53 54 56 55 58 0 24 0 23 0 20 0 22 21 2 0 0 63 3 62 61 60 38 42 0 37 0 43 0 36 49 0 46 0 50 51 0 44 32 29 30 33 28 35 0 31 
13 19 0 18 0 0 0 0 27 26 22 25 24 21 23 0 0 1 61 62 64 0 2 0 32 34 31 0 0 0 0 0 0 0 8 0 11 6 5 0 0 50 48 45 0 0 0 44 0 56 54 0 58 0 55 52 40 37 38 41 0 0 42 39 
53 59 0 58 52 56 54 0 3 0 62 1 64 61 0 60 43 41 37 0 40 39 42 36 8 0 7 0 4 9 6 5 0 0 48 47 51 46 45 44 22 26 24 21 0 27 25 0 33 0 30 29 34 0 0 0 0 13 14 17 12 19 18 15 
6 12 10 11 0 9 0 8 20 19 0 18 0 14 16 0 60 58 54 55 0 0 59 53 0 27 24 28 21 0 0 22 3 0 1 0 4 63 0 0 39 43 41 38 40 44 42 37 50 49 0 0 51 52 48 45 33 30 31 34 29 0 35 32 
0 0 0 19 13 17 15 16 28 27 23 26 25 22 24 21 4 2 62 0 1 64 3 61 33 35 32 0 0 34 0 0 11 0 9 0 0 0 6 5 47 51 49 46 48 0 50 45 58 57 0 0 59 0 56 53 41 0 39 42 37 0 43 40 
46 0 0 51 45 0 47 48 0 59 55 58 57 54 56 53 36 34 30 31 33 32 35 0 1 0 0 4 61 0 0 0 43 42 41 40 0 39 38 37 15 19 17 0 16 20 18 13 26 0 0 0 0 28 24 0 9 6 7 10 0 12 11 8 
62 4 2 3 61 0 0 64 12 11 7 10 0 6 8 5 52 0 46 47 49 48 0 45 0 0 0 20 13 18 0 14 59 58 57 56 0 55 54 53 0 35 33 30 0 0 34 29 42 41 0 38 43 0 40 37 25 22 0 0 21 28 27 24 
54 60 58 59 0 57 0 56 4 0 63 2 1 0 64 61 44 42 0 39 0 0 43 0 0 11 0 12 5 10 7 6 51 50 49 0 52 47 0 45 23 27 25 22 24 0 26 21 34 33 31 30 0 36 32 29 17 0 15 18 13 20 0 16 
0 44 42 0 37 41 0 40 0 51 47 0 49 46 0 45 28 0 22 0 0 24 27 21 0 0 56 60 53 0 55 54 0 0 0 32 36 31 30 29 7 0 9 6 0 12 10 5 0 17 15 0 19 0 16 13 0 62 63 0 61 4 3 64 
22 28 26 27 21 25 0 24 36 35 31 34 33 0 32 29 0 10 0 7 9 8 11 5 0 0 0 0 37 42 39 38 0 18 0 16 20 0 14 13 55 0 0 54 56 0 0 53 2 1 63 0 3 4 64 61 0 46 47 0 45 52 51 0 
30 0 0 0 0 33 31 32 44 0 39 42 41 0 0 0 20 0 14 15 0 0 19 0 49 0 0 0 45 50 47 46 27 0 0 0 0 23 22 0 63 3 0 62 0 4 2 61 10 9 7 6 11 12 0 0 57 54 55 58 53 60 59 56 
3 9 7 8 0 0 4 5 0 0 12 15 14 11 13 10 57 55 0 52 54 53 56 0 22 24 21 25 0 23 0 19 64 0 62 61 1 60 59 58 36 40 38 35 37 41 39 34 47 46 44 43 48 0 45 42 0 27 0 31 0 33 32 29 
35 41 39 40 34 0 36 37 0 0 44 47 0 43 45 0 25 0 19 0 22 21 24 18 0 56 53 57 50 55 52 0 0 31 30 0 33 28 27 26 4 8 6 3 0 0 7 0 0 14 12 11 16 17 13 10 0 0 60 0 0 1 64 0 
51 57 55 56 0 54 52 53 1 64 60 63 62 0 61 58 41 0 35 36 38 37 40 34 6 8 5 0 2 7 4 0 48 0 46 45 49 44 43 42 20 24 22 19 21 25 23 18 31 30 0 0 32 33 29 26 0 11 0 0 0 17 16 0 
59 0 63 0 58 0 0 61 9 0 0 7 6 0 5 2 0 47 43 44 0 45 0 0 0 16 13 17 0 0 12 11 56 0 54 53 57 52 51 50 28 32 0 0 29 33 0 26 39 38 36 35 40 41 37 34 22 19 20 0 18 0 0 21 
0 25 23 24 18 22 20 21 33 0 28 31 30 27 29 26 9 0 3 4 6 0 8 2 38 0 37 41 0 39 36 35 16 0 14 13 17 0 0 0 52 0 0 51 53 0 55 50 63 62 60 0 64 0 0 58 46 43 44 0 42 49 48 45 
43 49 0 48 0 46 0 45 0 56 52 0 0 51 53 50 33 31 0 0 0 29 32 0 0 64 61 1 0 63 60 0 40 39 38 37 0 0 35 34 12 0 14 0 13 17 15 0 0 22 20 0 24 25 21 0 0 3 0 7 0 9 8 0 
11 17 15 16 0 14 12 13 25 0 20 23 0 19 21 18 1 0 59 0 62 61 0 58 30 0 0 0 26 31 0 27 8 7 0 5 9 0 3 0 44 48 46 0 45 49 47 42 55 54 52 0 56 57 53 50 38 35 36 0 0 0 40 37 
27 33 31 0 26 30 28 29 0 40 36 39 38 35 0 0 17 0 0 12 14 0 16 0 46 48 45 49 42 47 44 0 24 23 22 21 25 0 19 0 60 64 62 59 61 1 63 58 0 0 4 3 8 9 5 2 0 0 0 0 0 0 56 53 
0 5 3 0 62 2 64 0 13 12 8 0 10 7 9 0 53 0 47 48 50 0 52 46 18 20 17 0 14 19 0 15 0 59 0 57 61 0 55 54 32 0 34 0 33 37 35 30 43 0 40 39 44 0 41 0 26 23 0 0 22 0 28 25 
0 0 59 60 54 58 56 57 5 0 64 0 2 63 1 62 45 43 39 40 42 41 44 38 10 12 9 13 6 0 8 0 52 51 50 49 53 48 47 46 24 0 26 0 0 0 27 22 35 0 32 31 0 37 33 30 18 0 16 19 14 0 20 17 
0 0 43 0 38 0 0 41 53 52 48 51 50 0 49 46 29 27 23 24 26 0 0 22 58 60 57 0 54 59 56 55 0 0 34 0 0 0 31 30 0 12 10 7 9 13 11 0 19 18 16 15 20 0 17 14 2 63 64 3 62 5 0 0 
0 0 51 52 0 50 0 49 0 60 56 0 58 55 57 54 37 35 31 32 34 33 36 30 0 4 1 5 62 0 64 63 44 0 42 0 45 40 39 38 16 20 18 15 0 0 19 14 0 26 0 23 28 0 25 22 0 7 0 0 0 13 12 0 
15 21 0 20 0 18 0 17 29 28 24 0 0 23 0 0 0 3 63 64 2 1 0 62 34 0 33 37 30 35 32 31 12 11 10 9 0 8 7 6 48 0 50 47 49 53 51 0 59 58 56 55 60 61 0 54 42 39 40 43 38 45 44 0 
0 0 35 0 30 34 0 0 0 44 0 43 42 39 0 38 21 19 15 16 18 17 0 14 50 0 0 53 0 51 48 47 28 27 26 25 29 0 0 22 64 0 2 63 1 5 0 62 11 10 8 0 0 0 9 0 0 0 56 59 54 61 0 0 
23 29 0 0 22 26 24 25 37 36 32 35 34 31 33 0 13 11 7 8 10 9 12 0 42 44 41 45 38 43 40 0 0 19 18 17 21 16 15 0 0 0 58 55 0 0 59 54 3 0 0 0 4 0 1 62 50 0 48 51 46 53 52 49 
7 0 11 0 6 10 8 0 21 20 16 19 18 0 17 14 0 0 55 56 58 57 60 0 26 28 25 29 22 0 24 23 4 0 0 1 0 64 63 62 40 44 42 39 41 45 43 0 51 50 48 47 0 53 0 46 34 0 32 35 30 37 36 0 
64 6 4 0 0 0 0 2 14 13 9 12 0 8 0 7 54 0 48 0 51 50 53 47 19 0 0 22 15 20 0 16 61 60 59 58 0 57 0 0 0 37 0 32 34 38 36 0 44 43 41 0 45 46 42 39 27 0 25 28 23 30 29 0 
56 0 60 0 55 59 57 0 6 0 1 4 0 64 0 63 46 44 40 0 43 42 45 0 11 13 10 0 7 0 9 8 53 52 51 50 54 0 48 0 25 29 27 24 26 30 28 0 36 35 33 32 37 38 34 31 0 0 17 0 15 22 21 18 
8 0 12 13 0 11 9 10 0 0 17 20 0 16 18 15 0 60 56 57 0 58 0 55 27 29 0 0 23 28 25 0 0 0 3 0 0 0 64 0 0 0 0 40 42 46 44 39 52 51 49 0 53 54 50 47 35 32 0 0 31 0 37 0 
16 0 20 21 15 0 0 18 30 0 25 0 27 24 26 23 0 4 64 1 3 0 0 63 35 37 34 0 31 36 33 32 0 12 11 10 0 9 0 0 49 0 0 48 50 0 52 47 60 59 57 0 61 62 0 55 0 0 41 0 39 0 45 42 
48 0 52 0 47 0 0 50 0 61 57 0 59 56 0 55 38 36 32 33 0 34 37 0 3 5 0 6 63 4 1 0 45 0 43 42 0 41 0 0 17 21 19 16 18 22 20 15 28 27 0 24 0 0 0 23 11 0 9 12 0 0 13 0 
24 30 28 29 23 27 25 26 0 37 33 36 0 32 34 31 14 12 8 0 11 10 13 0 43 0 0 46 39 0 41 40 21 0 0 18 22 17 16 15 57 0 59 56 58 62 60 55 0 3 1 64 5 0 2 63 51 0 49 52 0 54 53 50 
40 0 44 45 0 43 41 42 54 0 0 52 51 0 50 47 30 0 24 25 27 26 29 23 59 0 58 62 55 60 57 0 37 36 0 34 0 33 32 31 9 13 11 8 10 14 12 7 0 0 17 16 0 22 0 15 0 0 1 4 63 6 5 2 
32 38 36 0 31 0 33 34 46 45 41 0 0 40 42 39 22 20 0 0 19 18 0 0 51 53 50 54 47 52 0 48 29 28 0 26 30 25 0 23 0 5 3 64 0 0 4 0 0 11 9 0 0 14 10 7 59 56 57 60 0 0 0 58 
58 64 0 0 57 0 59 60 8 0 3 6 5 2 4 1 48 46 42 0 45 44 47 41 0 0 12 16 9 14 11 10 0 54 53 52 0 51 0 49 27 31 29 0 28 0 30 25 0 37 35 0 39 40 0 33 21 18 19 22 0 24 23 20 
2 0 6 0 0 5 0 0 16 15 11 0 13 10 12 9 56 0 0 51 0 52 0 0 21 23 20 24 17 22 19 18 63 62 0 0 0 59 0 57 35 39 0 34 36 40 0 33 46 45 43 42 0 48 44 0 29 26 27 0 25 32 0 0 
0 56 54 55 49 53 0 0 0 0 0 0 61 58 60 57 40 0 34 0 37 36 39 0 5 0 4 8 1 6 3 2 47 46 45 44 48 43 42 41 19 23 0 18 20 24 0 0 0 29 0 26 31 0 28 25 13 10 11 14 0 16 15 12 
18 24 0 23 0 21 0 0 0 31 0 0 29 26 28 25 8 0 0 3 0 4 0 1 37 0 0 40 33 0 35 34 15 0 13 12 0 11 10 9 0 0 0 50 52 56 54 49 62 0 59 58 63 64 0 0 45 0 43 46 41 48 0 0 
42 48 0 47 0 45 0 0 56 55 51 54 53 50 52 0 32 30 0 0 0 28 31 25 0 63 60 64 0 62 59 0 39 38 0 36 40 35 34 33 11 15 13 0 12 16 14 0 22 0 0 18 0 24 20 17 5 2 3 6 1 8 0 0 
0 40 38 0 33 37 0 0 0 47 43 46 45 0 44 0 24 22 18 19 21 20 23 17 53 55 52 56 49 54 0 50 31 30 0 28 32 27 26 25 3 0 5 2 0 8 6 0 14 13 0 10 0 16 12 9 61 58 59 62 0 0 0 60 
26 32 30 31 0 0 27 0 40 0 35 0 0 34 0 0 16 14 10 0 13 12 15 0 45 47 0 48 0 46 0 42 23 22 21 20 24 0 18 17 0 63 0 58 0 64 0 57 6 5 0 2 7 8 0 0 53 50 51 54 49 56 0 52 
10 0 0 15 9 13 0 12 24 0 0 22 21 18 20 17 64 62 0 59 61 60 63 0 29 31 28 32 25 0 0 26 7 0 5 0 8 3 2 1 43 0 0 42 44 48 46 41 54 53 51 50 55 56 0 49 37 0 0 38 0 40 39 36 
0 31 29 30 0 0 0 0 39 38 34 37 0 33 35 32 0 13 9 10 12 11 14 8 0 46 43 47 0 0 42 0 22 21 20 0 23 18 17 16 58 62 60 0 59 63 61 56 5 0 2 0 0 0 3 64 0 0 50 53 48 55 54 0 
41 47 0 0 0 0 42 43 55 0 50 53 52 0 0 48 31 29 25 26 28 27 30 24 60 0 59 63 56 61 58 57 38 37 36 35 0 34 33 0 10 14 12 9 0 0 13 8 21 0 18 0 22 0 19 0 4 0 0 0 0 7 0 0 
17 23 0 0 0 20 18 19 31 30 26 29 0 25 0 0 7 0 1 0 4 3 0 64 0 38 0 39 32 37 34 0 14 13 0 0 15 10 9 8 50 0 0 49 51 55 53 48 61 60 58 0 62 0 59 0 0 41 0 0 40 47 46 43 
0 39 37 38 32 36 34 35 0 46 42 45 0 0 43 40 0 21 17 18 20 19 22 16 52 54 51 55 48 53 0 49 30 0 28 0 31 0 25 0 2 6 0 1 0 7 0 64 13 12 0 9 14 15 11 8 0 57 0 0 0 63 0 59 
9 0 13 0 0 0 0 0 23 22 18 21 20 17 19 0 0 61 57 58 60 59 62 56 28 30 27 31 24 29 0 0 6 0 4 0 0 2 0 64 42 46 44 41 0 47 0 40 0 0 0 49 0 0 51 48 36 33 34 0 32 39 38 35 
49 0 53 54 48 0 50 0 63 62 58 0 60 57 59 56 0 37 33 0 36 35 0 0 4 6 3 7 64 0 0 1 46 45 0 43 0 0 41 0 18 22 20 17 19 23 0 16 29 0 26 25 0 31 0 24 12 9 10 13 0 15 14 0 
57 63 61 62 0 60 58 59 0 6 0 5 4 1 3 64 47 0 0 42 44 43 0 40 0 14 11 15 8 0 10 0 0 0 52 0 0 50 49 48 26 30 0 25 27 31 29 24 37 0 34 33 38 0 35 32 20 17 18 0 16 23 22 19 
0 0 5 6 0 4 2 0 0 0 0 13 12 9 11 8 0 53 49 50 52 51 54 0 0 22 19 23 0 0 18 17 62 61 60 59 0 58 57 56 0 38 36 33 35 0 37 0 45 44 42 41 46 47 0 0 28 25 26 29 0 31 30 27 
60 2 0 0 0 63 61 0 10 9 0 8 7 4 0 0 50 48 44 0 0 46 49 43 15 17 14 18 0 16 0 0 57 56 55 54 58 53 52 51 0 33 31 28 30 34 32 27 40 39 0 36 41 42 38 35 23 20 21 24 19 26 25 22 
0 0 0 41 35 39 37 38 50 49 45 48 47 0 46 43 26 24 20 0 23 22 0 19 0 0 54 0 0 56 0 52 0 0 31 30 0 0 28 27 5 9 0 4 6 0 8 0 16 0 0 12 17 18 14 0 0 0 61 0 59 2 1 62 
28 34 32 33 27 31 0 30 0 0 0 40 39 36 0 0 18 16 12 13 15 14 0 11 47 49 46 50 43 48 45 44 25 24 0 22 26 21 0 19 0 1 63 60 62 0 0 0 8 7 0 0 9 0 6 3 55 0 0 56 51 58 0 54 
12 18 0 17 11 15 13 14 26 0 21 24 23 20 22 19 2 64 60 61 63 62 1 59 31 0 30 34 27 0 29 28 9 0 7 6 10 5 4 0 45 49 0 0 0 50 48 0 56 0 0 0 57 0 0 51 39 36 37 0 35 42 0 0 
0 26 24 25 19 23 21 22 34 33 29 32 31 0 30 27 10 8 4 0 7 6 9 0 39 41 38 42 35 0 37 36 17 0 15 0 0 13 0 11 53 57 55 52 54 58 0 0 64 63 61 60 0 0 62 59 0 44 45 48 43 0 0 46 
44 50 48 49 43 47 45 46 58 57 0 0 55 52 54 51 0 32 28 0 31 30 33 27 0 1 0 0 59 0 0 0 0 0 39 38 42 37 0 0 13 17 15 0 14 18 0 11 24 23 21 20 25 26 22 19 0 4 5 8 3 10 9 6 
0 10 0 9 3 0 5 6 18 17 0 16 0 12 14 11 58 56 52 53 55 0 57 51 23 0 22 0 19 24 21 20 1 64 63 0 2 0 60 0 37 0 0 0 38 0 40 35 48 47 45 44 49 0 46 43 31 28 29 32 27 34 33 0 
52 58 0 57 51 55 53 54 0 1 61 64 63 0 62 59 42 40 0 37 39 38 41 35 7 0 6 10 3 8 0 4 0 48 47 46 0 0 44 43 21 0 23 20 22 26 24 19 0 31 29 0 0 34 30 27 15 12 13 16 0 18 17 0 
