8
0 0 56 0 53 55 54 60 43 0 38 39 0 37 44 42 46 48 47 51 52 0 0 49 32 29 31 0 0 0 36 30 62 63 61 64 1 3 0 2 8 11 5 7 9 10 6 12 14 0 0 17 19 15 0 18 26 22 0 0 21 25 0 27 
50 49 48 51 0 0 46 52 0 0 0 0 33 0 36 34 38 40 0 43 44 0 42 41 24 21 23 26 27 25 0 22 54 55 53 0 57 59 60 58 0 0 0 0 1 0 62 4 6 0 8 9 11 7 5 10 0 14 20 15 13 17 16 19 
0 0 0 43 37 0 38 44 27 0 22 0 25 21 28 26 30 32 31 35 36 0 0 33 16 13 15 0 19 17 20 14 0 0 45 0 49 0 52 50 56 0 53 0 57 58 54 60 62 4 64 0 3 63 61 2 10 6 12 7 5 9 8 11 
26 25 24 27 21 23 22 0 0 0 6 7 0 0 0 0 14 16 15 19 20 13 0 0 64 61 0 0 3 1 0 62 0 31 0 32 0 35 36 34 40 43 37 39 41 42 0 44 0 52 0 49 0 47 45 50 58 54 0 55 53 57 0 59 
34 0 0 35 0 31 0 36 19 16 14 15 0 0 20 0 0 24 0 27 0 0 26 25 8 5 0 10 11 9 0 6 38 0 37 0 0 43 0 42 48 51 45 0 49 50 0 52 54 60 56 0 0 55 53 0 0 62 4 63 0 0 64 3 
2 0 64 3 61 63 62 4 51 48 0 47 49 0 0 50 54 56 55 0 60 53 0 57 40 37 39 42 43 41 44 38 6 7 5 0 9 11 0 10 16 19 13 15 0 18 14 0 22 28 24 0 27 23 0 26 34 0 36 31 29 0 32 35 
10 9 8 0 5 7 0 0 0 0 0 55 57 0 0 0 62 64 63 3 4 61 0 1 48 45 0 0 51 49 52 0 14 15 13 16 0 19 20 18 24 27 0 23 25 0 0 28 30 36 32 0 0 31 0 34 42 38 44 39 37 41 40 43 
0 17 0 19 0 15 0 20 3 0 62 63 1 61 0 2 0 0 0 0 0 5 10 9 0 53 55 58 0 57 0 54 22 23 0 24 25 27 28 26 0 0 29 0 0 34 0 36 38 0 40 0 43 39 37 0 50 46 52 47 0 49 48 51 
29 28 27 30 24 26 25 31 14 11 9 10 0 8 0 0 17 19 18 22 23 0 21 20 0 64 2 5 6 0 7 1 33 34 32 35 0 38 39 0 43 46 40 0 0 0 0 47 0 0 51 52 0 0 48 53 61 57 63 58 56 60 0 62 
61 0 0 0 56 58 0 63 46 43 41 42 0 40 0 45 0 51 50 0 0 48 53 0 0 32 34 0 0 36 0 0 1 0 64 3 0 0 7 5 11 0 8 10 0 13 9 15 17 23 19 20 22 18 16 21 0 25 31 26 0 0 0 0 
21 20 0 22 0 18 17 23 6 0 0 2 4 64 7 0 9 0 10 0 0 8 13 0 59 56 0 0 0 60 63 57 25 0 24 0 28 0 0 29 35 38 32 34 36 37 0 39 41 47 0 44 0 0 40 45 53 49 55 50 48 52 51 54 
37 0 35 0 0 34 33 39 22 0 17 0 0 16 0 21 0 27 26 30 31 24 29 28 0 8 10 13 14 12 0 9 0 42 40 0 44 46 47 45 51 54 48 50 52 53 49 55 57 63 59 0 62 58 56 61 0 1 0 2 64 4 0 6 
45 44 0 0 40 42 0 47 30 27 25 26 0 24 31 0 33 35 34 38 0 32 37 36 19 0 0 0 0 20 23 0 49 50 48 0 0 54 55 53 59 0 0 58 60 61 0 0 1 0 3 0 6 0 64 0 13 9 0 10 8 12 11 14 
5 0 3 6 0 0 0 0 0 51 0 50 52 48 55 53 57 59 58 62 63 0 0 60 43 40 42 45 46 0 0 41 9 10 8 11 12 0 0 13 19 0 0 18 20 0 17 0 25 0 27 28 0 26 24 29 37 33 39 34 32 0 35 38 
53 0 51 54 48 50 0 55 38 35 33 0 36 32 0 0 41 43 42 46 47 0 45 0 0 0 26 29 30 28 31 25 57 58 56 59 0 62 63 61 3 6 64 0 4 0 0 7 9 15 11 12 0 10 0 13 21 17 0 0 16 20 19 0 
13 0 0 14 8 10 0 15 0 59 57 58 60 56 0 61 1 3 0 0 7 64 5 0 51 48 0 53 0 52 55 49 17 0 0 0 0 0 23 21 27 30 24 26 28 0 0 0 0 39 35 36 0 34 32 37 45 0 0 42 40 0 43 0 
33 0 31 34 28 30 29 35 18 15 0 14 0 12 0 17 0 23 0 26 27 20 25 24 0 4 6 9 0 8 11 5 37 38 36 39 40 0 43 0 0 0 44 46 48 49 0 0 53 59 55 56 0 54 0 57 0 61 0 62 60 64 63 2 
57 56 55 0 0 54 53 0 0 0 37 0 40 36 0 41 0 47 0 0 51 44 49 48 31 28 30 33 0 32 0 29 0 62 0 63 64 2 0 1 7 10 4 6 0 9 0 0 13 0 0 0 18 14 0 0 25 0 0 22 0 0 23 26 
17 0 15 18 0 0 13 0 2 63 61 0 64 60 3 1 5 7 6 10 0 4 0 0 55 0 54 0 58 56 59 53 21 22 20 23 24 0 27 25 0 0 28 30 32 0 29 0 37 0 39 40 0 38 36 0 49 45 51 0 44 0 47 50 
0 48 47 0 44 46 45 51 0 31 0 0 32 28 35 33 37 0 0 42 0 36 41 40 23 20 0 25 26 0 27 0 53 0 52 55 0 0 0 0 63 2 60 62 64 1 0 0 5 0 7 8 10 6 0 0 17 0 0 14 12 0 15 18 
41 40 39 42 0 38 37 43 0 23 21 22 0 0 0 0 0 31 0 34 35 0 0 32 15 12 14 0 18 0 19 13 45 46 44 0 48 50 51 49 55 58 52 54 56 0 53 0 61 3 0 64 2 62 60 1 9 5 11 0 4 8 7 0 
25 24 0 0 0 22 21 27 10 7 5 6 0 0 11 0 13 15 0 18 19 12 17 16 63 0 62 0 0 64 0 0 29 30 28 31 32 34 35 33 0 42 36 38 0 41 37 43 45 0 0 0 50 46 44 0 57 53 59 54 0 56 55 58 
1 64 63 2 60 62 61 3 50 47 45 0 48 44 51 49 53 0 54 58 59 52 57 56 39 36 38 41 42 40 43 37 5 6 0 7 8 10 0 9 15 18 12 14 16 17 0 19 21 0 23 0 26 22 20 0 33 29 35 30 28 32 31 34 
9 8 7 10 4 6 0 11 58 55 0 54 56 52 59 57 61 63 62 2 0 60 1 0 47 44 46 49 50 48 0 45 0 14 0 15 16 18 0 17 23 26 20 22 0 0 21 27 29 0 31 32 34 30 28 0 41 37 43 0 36 40 39 0 
8 7 6 9 3 5 4 0 57 54 52 0 55 0 58 0 60 0 0 1 2 59 64 63 0 0 45 0 0 47 50 44 12 0 0 14 15 17 0 16 0 25 19 21 0 24 20 26 28 0 0 31 33 0 27 32 40 0 0 37 0 39 38 0 
0 55 0 57 51 53 0 0 41 0 36 37 39 35 0 0 0 0 45 49 50 0 48 47 30 27 29 32 33 0 0 28 60 0 59 62 0 1 0 0 6 9 3 5 7 8 0 10 12 18 14 15 17 13 11 16 24 20 26 0 19 0 22 0 
64 0 62 0 59 61 60 0 49 46 0 45 47 0 0 48 52 0 0 57 58 0 56 55 0 35 37 40 41 0 42 0 4 5 3 0 7 9 0 8 14 17 0 13 0 0 12 18 20 0 22 23 25 21 0 24 32 28 34 29 27 31 30 33 
32 0 30 33 27 29 28 34 17 0 0 0 0 0 0 16 20 22 21 0 26 19 24 23 6 3 0 0 9 0 0 0 36 0 0 38 39 41 42 40 46 49 43 45 0 48 44 50 52 0 54 55 0 53 51 56 0 0 2 61 59 63 62 0 
40 39 38 0 0 0 36 42 0 22 0 21 23 19 26 24 28 30 29 33 34 27 32 31 14 11 0 16 17 15 18 12 44 45 43 46 47 0 0 48 54 57 0 53 0 0 52 58 60 0 62 63 1 61 59 64 0 4 0 5 0 7 6 9 
16 15 0 0 0 13 0 18 1 0 60 61 63 59 2 0 4 6 5 0 10 3 0 7 54 51 53 0 57 0 0 52 20 21 19 0 23 25 26 24 0 0 0 29 31 32 0 34 36 42 38 39 41 37 0 40 0 44 0 45 43 47 46 49 
24 23 0 25 0 21 0 26 9 6 4 5 0 3 10 0 0 14 13 17 18 0 0 15 62 59 61 64 1 0 2 60 28 29 27 30 0 33 34 0 38 41 35 37 0 0 36 42 44 0 46 47 0 0 43 48 56 52 58 53 51 55 0 0 
0 47 0 49 43 45 44 0 0 30 28 29 31 0 0 0 36 0 37 41 0 35 40 0 22 19 21 0 25 23 26 20 52 53 0 54 55 0 58 56 62 1 59 61 63 64 60 2 4 10 6 7 9 5 3 8 16 12 18 0 0 15 14 0 
36 35 0 37 31 0 0 38 0 18 0 17 19 15 22 20 24 26 25 29 0 0 0 27 10 7 9 12 13 0 14 8 40 41 39 42 43 45 46 44 50 53 0 49 0 52 48 54 0 0 58 0 0 57 55 60 4 64 6 1 63 3 2 0 
0 0 0 0 0 49 48 54 37 0 32 33 35 31 38 36 0 42 41 45 46 39 44 43 0 23 25 28 29 0 30 24 56 57 55 58 0 0 62 60 2 5 63 1 3 0 64 6 8 14 10 0 13 0 7 12 20 16 0 17 0 19 18 21 
0 3 2 5 63 0 64 0 53 50 0 49 0 47 54 52 56 58 57 61 0 55 60 59 0 0 41 0 45 0 46 0 0 9 7 10 11 0 14 12 18 0 0 17 19 0 0 22 24 30 26 27 0 25 0 0 36 0 0 33 31 0 0 0 
60 59 0 61 55 57 56 62 0 42 40 0 0 39 46 44 0 50 49 0 54 47 0 0 0 0 33 0 37 35 38 32 0 0 63 2 3 5 6 4 10 13 0 9 0 0 8 14 0 0 18 19 21 17 15 20 28 24 30 25 23 27 0 29 
20 19 18 21 15 0 0 22 0 0 64 0 0 0 0 4 8 10 9 13 14 7 0 11 0 55 0 60 0 59 0 0 0 25 0 26 27 29 0 28 0 37 31 33 35 36 32 0 0 46 42 43 45 41 0 44 52 0 54 49 47 51 50 53 
0 11 10 0 7 9 8 14 61 58 56 0 0 55 62 60 64 2 1 5 6 63 4 0 0 47 0 52 53 0 54 0 16 0 15 18 19 21 22 20 26 29 23 25 0 28 24 30 32 38 34 35 0 33 31 36 44 40 46 41 39 43 42 45 
0 43 42 45 0 0 40 46 29 26 0 25 27 23 30 0 0 0 33 37 0 0 36 35 18 15 0 0 21 19 0 0 48 49 47 50 51 53 54 0 58 61 0 57 59 60 0 62 64 0 2 3 5 1 63 4 12 8 0 0 7 11 0 13 
0 27 26 0 0 25 24 0 13 10 8 9 11 0 14 0 0 0 17 21 22 0 20 19 2 63 1 4 5 0 6 64 32 33 31 34 35 37 0 36 0 0 39 41 43 0 0 46 48 54 50 51 53 49 47 52 0 0 62 57 55 0 58 61 
19 18 17 20 14 16 0 0 4 1 0 0 2 62 5 3 0 9 8 12 13 6 11 0 0 54 56 59 60 58 0 55 23 0 22 25 0 28 29 0 33 36 0 32 34 35 31 37 0 45 41 0 44 40 0 43 51 0 53 48 46 50 49 52 
0 0 9 0 6 8 0 0 0 57 55 0 58 0 61 0 63 0 64 0 5 0 0 2 49 0 48 51 52 50 0 47 15 16 0 17 18 20 0 0 25 28 22 24 26 27 0 29 0 37 33 34 36 32 30 35 0 0 45 40 38 0 41 44 
0 2 1 4 0 64 63 5 52 0 47 48 0 0 0 51 55 0 0 0 0 0 59 0 0 0 40 0 44 42 0 39 0 8 0 9 0 12 13 0 0 20 0 16 0 19 15 0 23 29 25 26 28 24 0 0 35 31 0 32 30 34 33 36 
0 50 49 52 0 48 47 53 0 0 0 32 0 0 37 0 0 0 0 0 0 0 43 42 0 0 24 27 0 0 29 23 0 56 54 0 58 60 61 59 0 4 62 64 2 3 63 5 0 13 0 10 12 8 6 11 0 15 0 16 14 18 17 0 
0 0 0 0 38 40 39 0 0 0 23 24 0 22 29 0 31 0 32 36 37 30 0 34 17 14 0 19 20 18 21 15 47 0 46 0 50 52 0 51 57 60 54 0 58 0 55 0 63 5 1 0 4 0 62 0 0 7 0 0 6 10 9 12 
35 34 33 36 30 0 0 37 20 17 15 16 0 14 21 19 23 25 0 0 29 22 0 0 9 6 8 0 12 10 13 7 39 40 38 41 0 44 45 43 49 0 0 48 50 0 0 53 0 61 0 58 60 56 0 0 3 0 0 64 62 2 1 4 
27 26 25 0 22 24 0 29 0 9 0 8 10 6 0 11 15 0 16 20 21 0 19 18 1 62 64 3 4 0 0 0 0 32 30 0 34 36 37 35 0 44 38 40 42 0 39 0 47 0 49 50 52 48 0 51 0 0 61 56 54 58 57 60 
59 0 57 60 54 56 0 61 0 0 39 40 42 38 45 43 47 49 0 0 0 46 0 0 0 30 32 35 36 0 0 0 63 64 62 1 2 4 0 0 0 0 6 8 10 11 0 13 15 0 17 18 0 16 14 19 27 23 29 24 22 26 25 28 
55 54 0 0 50 52 0 0 40 37 35 36 38 34 41 39 43 45 44 0 49 42 0 0 29 26 28 31 32 30 0 27 0 60 58 61 0 0 1 63 0 8 2 0 6 7 3 9 11 0 13 0 0 12 10 15 23 19 25 0 18 0 0 24 
15 14 13 0 10 12 11 17 0 61 59 60 62 0 1 63 0 5 4 8 0 2 7 0 53 50 52 0 56 0 0 0 19 20 18 21 22 24 25 23 29 32 26 28 30 31 27 33 35 41 0 0 0 36 0 0 47 43 49 44 0 46 0 48 
0 62 61 0 58 60 59 1 48 45 0 44 46 0 49 0 51 53 52 0 0 50 55 54 37 34 0 0 0 38 41 35 3 4 2 5 6 8 9 0 13 16 10 12 14 15 11 17 19 25 21 0 0 0 18 23 31 27 33 0 0 30 29 32 
0 22 21 24 18 20 0 25 8 5 3 0 6 0 9 7 0 13 12 16 17 0 15 0 61 58 60 0 64 62 1 0 27 28 0 0 0 32 0 31 37 0 34 36 0 0 35 41 43 0 45 0 0 0 42 47 0 51 57 0 50 0 0 0 
0 30 29 32 26 0 27 33 0 13 0 12 14 10 0 15 19 0 20 24 25 18 23 0 5 0 4 0 8 6 9 3 35 36 34 37 0 40 41 39 45 48 42 44 46 0 43 0 51 0 53 54 0 52 0 55 0 59 1 0 58 62 0 0 
0 0 45 48 42 44 43 49 0 29 27 0 30 26 0 31 35 0 0 40 41 34 39 38 21 18 20 23 24 22 25 0 51 52 50 53 54 56 57 0 61 64 0 60 62 63 59 0 3 0 5 6 0 4 0 0 0 0 17 12 10 14 13 16 
39 38 37 40 34 36 35 0 24 0 0 20 22 0 25 23 27 29 28 32 0 26 31 0 13 10 12 0 16 0 0 11 43 44 0 45 46 48 49 47 53 0 50 52 0 55 51 57 0 1 61 62 64 60 58 63 0 3 9 4 2 6 5 8 
0 6 5 8 2 4 3 9 0 0 51 52 54 50 0 55 59 61 60 64 1 58 63 62 45 42 44 47 48 46 49 0 11 12 10 0 14 16 0 15 0 0 18 20 0 23 19 25 27 33 29 30 0 0 26 31 39 35 41 36 34 38 0 40 
30 29 28 31 25 27 0 32 15 12 10 11 0 9 16 14 18 0 19 23 0 17 0 21 4 1 3 6 7 0 8 0 0 0 0 36 37 39 0 38 44 47 0 43 45 46 42 48 50 56 0 0 55 51 49 0 62 0 64 59 0 61 60 0 
6 0 4 7 1 3 2 0 55 0 0 51 53 49 0 54 0 60 59 0 64 57 62 61 0 41 0 46 47 0 48 0 0 0 9 0 0 15 16 0 20 23 17 19 0 22 0 24 26 32 28 29 31 27 0 30 38 34 40 35 33 37 36 39 
54 53 0 55 49 51 50 56 39 36 34 35 37 33 0 0 42 44 43 47 48 41 0 45 28 0 27 30 31 29 32 26 0 59 57 60 0 63 64 0 4 7 1 3 5 6 0 8 10 16 12 13 15 11 9 0 22 0 24 19 0 21 20 0 
22 0 0 0 0 0 18 24 7 0 2 3 5 0 0 6 10 12 11 15 0 9 14 13 0 0 59 62 63 0 64 58 26 27 25 28 0 31 32 0 36 39 33 35 0 38 34 40 42 48 44 0 0 43 41 0 54 50 56 51 49 0 52 55 
62 61 0 63 57 59 58 64 47 0 42 43 0 41 48 46 50 52 51 55 0 0 54 0 36 0 35 38 0 37 40 34 2 0 1 4 5 7 0 6 12 0 9 11 13 14 10 16 18 24 0 21 23 0 17 0 30 26 32 0 25 29 0 0 
38 0 36 0 33 0 0 0 23 20 18 0 0 0 24 22 26 28 27 31 32 0 30 29 0 0 11 0 15 13 16 10 42 43 41 0 0 47 0 0 0 55 0 51 0 0 50 56 58 64 0 0 63 59 57 62 6 0 0 0 1 0 4 7 
0 13 12 0 0 11 10 16 63 60 58 59 61 57 64 62 2 4 3 0 0 1 6 0 0 49 0 54 0 0 56 50 0 19 17 20 21 23 24 22 0 31 25 27 0 30 26 0 34 40 36 37 39 35 33 0 46 0 0 43 41 45 44 0 
46 45 44 47 41 43 42 48 31 28 26 27 29 0 32 30 34 36 0 0 40 0 0 37 20 17 19 0 23 21 24 18 50 51 49 0 53 55 56 54 0 63 57 0 0 62 58 64 2 8 4 0 7 0 1 6 14 10 16 0 9 13 12 15 
