8
0 31 30 28 0 25 27 26 0 11 14 15 8 12 0 10 50 0 0 48 55 54 52 53 39 34 38 35 32 37 0 33 0 23 22 16 20 0 18 21 0 0 59 57 62 61 0 56 3 4 7 64 0 2 6 0 43 41 40 45 47 44 0 46 
0 47 0 44 40 0 43 42 0 0 0 0 24 28 29 26 2 0 3 0 7 6 4 5 55 50 54 51 48 53 52 49 33 0 38 32 36 0 0 0 0 15 11 0 14 13 10 8 19 20 23 16 21 18 0 17 59 57 56 61 0 60 58 62 
37 39 0 36 32 0 35 34 0 19 22 0 16 20 0 0 58 57 59 0 63 0 60 61 47 42 46 0 0 0 0 41 25 31 0 24 0 27 26 29 4 7 3 0 0 5 0 64 11 0 15 8 13 10 0 9 51 49 48 53 55 52 0 0 
13 0 14 0 8 9 11 0 57 0 62 0 56 0 0 58 34 0 35 32 39 38 36 0 23 0 22 0 0 21 20 17 0 7 0 64 4 3 2 5 44 47 43 41 0 0 42 40 51 52 55 48 0 0 54 0 27 0 24 29 31 28 0 30 
0 55 54 52 48 49 51 50 0 35 38 39 32 36 37 34 0 9 11 8 15 0 12 0 0 0 62 59 0 61 60 0 41 0 46 0 44 43 0 45 20 0 0 17 0 21 0 0 0 28 31 24 29 26 30 25 0 1 64 5 7 4 2 0 
61 0 0 60 0 0 59 58 41 43 46 47 40 44 45 42 18 17 19 0 23 22 20 0 7 2 6 3 64 5 4 1 49 0 54 0 52 51 50 0 28 31 0 25 30 29 26 0 35 36 39 0 37 0 0 33 11 0 8 13 0 0 10 0 
5 0 0 0 0 1 3 0 0 0 54 55 48 52 0 0 26 25 27 0 0 30 28 29 0 10 14 11 8 0 0 9 0 63 62 56 60 59 58 61 36 0 35 33 0 0 0 32 43 44 47 0 45 42 46 0 19 17 16 0 23 20 0 0 
21 23 0 0 16 0 19 0 1 3 6 0 0 0 0 2 0 0 43 40 0 46 44 45 31 26 30 0 24 29 28 25 0 15 14 0 0 11 0 13 52 0 51 0 54 0 0 48 0 0 0 56 61 58 62 57 35 0 32 37 0 36 34 0 
0 2 0 0 0 0 62 0 44 46 0 50 43 47 48 45 21 20 22 19 0 0 23 24 10 5 9 6 3 8 7 0 52 0 57 51 55 54 53 56 0 0 30 28 33 0 29 27 38 0 42 35 40 37 41 0 14 12 0 0 18 15 0 17 
48 50 49 0 0 44 46 45 0 30 33 0 27 31 32 29 0 4 6 0 0 9 7 8 0 53 57 54 0 56 55 0 0 0 41 35 39 38 0 40 15 18 14 12 17 0 0 0 0 23 0 0 0 21 0 0 62 60 59 64 2 0 0 1 
24 26 0 23 0 20 22 21 4 6 9 10 0 7 8 0 0 0 46 0 0 0 0 48 0 29 33 30 27 32 0 0 12 0 0 11 0 0 0 0 55 58 0 0 57 56 53 0 62 63 2 59 0 61 0 0 38 36 0 40 42 39 37 41 
16 0 17 15 0 0 14 13 60 0 1 0 59 0 64 61 37 36 0 0 42 41 39 40 26 21 0 22 19 24 23 20 4 10 0 3 7 6 5 8 47 50 46 0 49 0 45 0 0 0 58 51 56 53 0 52 30 28 27 32 0 31 29 33 
56 58 57 0 51 52 0 53 36 38 41 0 35 39 0 0 13 12 0 0 18 0 0 16 0 61 0 62 59 64 0 0 44 50 49 0 47 46 0 0 23 26 22 20 25 24 21 19 0 31 0 27 32 0 33 28 6 4 0 8 10 0 5 9 
0 0 33 31 0 28 30 0 12 14 17 18 0 15 16 13 53 0 54 0 0 57 55 56 42 37 41 0 35 40 0 36 20 26 25 19 23 22 0 24 63 0 62 60 1 64 0 59 6 7 0 3 0 5 9 4 46 44 43 48 50 47 45 49 
40 42 41 0 0 0 0 37 20 22 0 26 0 0 24 21 61 0 62 0 0 1 0 64 50 0 49 0 43 48 0 0 28 34 0 27 0 30 29 32 7 10 6 0 9 8 5 3 14 15 0 11 16 13 17 12 54 52 51 0 58 55 53 57 
8 10 9 0 0 0 0 5 52 54 0 0 51 55 56 0 0 28 30 0 34 33 31 32 18 13 0 14 11 0 15 12 0 0 0 59 63 62 0 0 0 42 0 0 41 40 0 35 46 47 50 43 48 0 0 44 0 20 0 24 0 0 21 25 
17 19 0 0 12 0 0 0 61 63 2 0 0 64 1 62 0 37 39 36 43 0 0 41 27 0 26 23 20 25 0 21 5 11 10 4 8 7 0 0 0 51 47 45 50 0 0 44 55 56 59 52 0 54 58 53 31 0 28 33 0 32 30 34 
33 35 0 0 28 29 0 0 13 15 0 19 12 16 17 14 54 0 55 52 59 58 56 0 0 38 42 0 36 41 40 37 0 27 26 20 24 23 22 0 64 3 63 61 2 1 62 60 7 8 11 4 9 6 0 5 47 0 44 0 51 0 46 0 
1 0 0 64 60 61 63 0 45 47 50 51 0 48 0 0 22 21 0 20 0 26 24 25 11 6 10 7 0 9 8 0 0 59 58 52 56 55 0 0 32 0 31 0 34 33 30 28 0 40 0 36 41 38 42 37 0 13 12 17 0 0 14 18 
9 0 10 8 0 5 7 6 53 55 0 0 52 56 0 54 30 29 0 28 35 0 0 33 19 14 0 15 12 17 0 13 61 3 2 0 0 63 62 1 40 43 39 37 42 41 38 36 47 48 51 44 0 0 50 45 23 21 0 0 27 24 22 26 
0 51 0 48 44 45 0 46 29 31 0 0 28 0 33 30 6 0 7 4 11 0 8 9 0 0 0 55 0 57 56 53 37 43 42 0 40 39 38 41 16 0 15 13 18 17 14 12 0 24 27 0 25 0 26 21 63 0 60 0 3 64 62 2 
0 27 0 0 20 21 23 22 5 0 0 0 4 8 9 6 0 0 0 44 51 50 48 0 0 30 34 31 0 33 32 0 13 0 0 12 16 15 14 17 0 59 55 53 0 57 54 0 63 64 3 60 0 62 2 0 0 37 36 41 0 40 0 0 
0 0 42 40 36 37 0 38 21 23 26 0 20 0 0 22 62 61 0 0 3 2 64 0 51 46 0 47 44 49 48 0 0 35 34 28 32 0 30 33 8 0 7 5 10 9 6 4 15 16 19 12 17 0 0 0 0 0 52 0 0 0 54 58 
0 59 58 56 52 53 55 0 0 0 0 43 36 40 41 38 14 0 15 0 19 18 16 17 0 62 0 63 60 1 0 61 0 51 0 44 0 47 0 49 24 27 23 21 26 0 0 20 0 32 0 28 33 30 34 29 7 0 4 9 0 0 0 10 
19 21 20 18 0 15 0 16 63 0 0 5 0 2 3 0 40 0 41 38 0 44 0 0 0 24 28 0 22 27 26 23 7 13 12 6 10 9 8 0 50 0 49 47 52 0 48 0 57 58 61 0 59 56 60 55 33 31 30 35 0 0 32 36 
3 5 4 0 62 63 0 0 47 49 52 0 46 50 0 0 0 0 25 22 29 28 26 27 13 8 0 9 6 11 10 7 55 61 60 0 58 57 56 0 34 0 33 31 36 35 32 30 41 42 0 38 0 40 0 0 17 0 14 19 0 18 16 20 
59 61 60 0 0 0 57 56 39 0 0 45 0 42 43 0 16 15 17 14 0 0 0 19 5 64 4 1 62 0 0 63 47 0 0 46 0 49 48 0 26 0 25 0 0 27 24 22 0 34 37 30 0 32 0 31 9 0 6 11 0 10 8 12 
0 29 28 0 22 23 25 24 0 0 12 13 0 10 11 8 48 47 0 46 53 52 50 51 37 32 36 33 0 35 34 0 15 21 20 14 18 17 0 19 58 61 0 0 60 59 56 54 1 0 5 62 3 64 0 63 41 39 38 0 45 0 40 0 
35 37 36 34 30 31 33 32 15 17 0 0 14 0 19 16 0 55 57 54 61 0 58 59 0 0 44 41 0 0 42 39 23 29 28 22 26 0 24 27 2 5 1 63 0 0 64 0 9 10 0 6 11 8 0 7 49 47 46 51 0 50 48 0 
0 45 0 42 0 39 41 0 0 25 0 29 0 26 27 24 64 0 0 0 0 4 2 0 0 48 52 49 0 0 0 0 0 37 36 30 34 33 32 35 0 0 0 0 0 11 0 6 0 18 21 0 19 16 20 15 57 0 0 59 61 0 56 0 
0 13 12 10 6 7 9 8 55 57 60 61 54 0 0 56 0 31 0 30 37 36 34 35 21 0 0 0 0 19 18 15 0 5 0 62 2 1 64 0 42 0 0 0 44 43 0 0 49 0 53 46 51 48 0 47 25 23 22 27 29 26 24 28 
51 53 0 0 46 0 49 48 31 33 36 37 30 0 35 0 0 7 9 6 0 12 0 11 61 0 0 57 0 59 0 55 39 0 44 38 0 41 40 0 18 21 17 0 0 19 16 0 25 26 29 22 0 24 0 23 0 63 62 0 0 2 64 4 
0 0 32 30 26 0 0 28 0 13 0 17 10 0 15 0 52 0 53 50 57 56 0 55 41 36 40 0 34 39 0 35 19 25 0 0 0 0 20 23 62 1 0 59 0 63 60 0 5 0 0 2 7 4 0 3 45 43 42 47 49 46 0 0 
63 1 64 62 58 0 0 0 43 45 0 49 42 46 47 0 20 19 21 18 25 0 22 0 0 4 8 0 2 7 6 3 51 57 56 50 0 0 52 55 30 0 29 27 32 0 0 0 37 0 41 0 39 36 40 35 13 11 10 15 17 14 12 0 
0 0 16 14 10 0 13 12 0 61 64 0 0 62 63 60 0 35 37 34 0 40 38 39 25 20 0 21 18 23 0 0 3 0 8 0 6 5 0 7 46 0 45 0 0 47 44 42 0 54 0 0 0 52 56 51 29 27 0 31 33 30 28 0 
7 0 8 6 0 0 5 4 51 53 56 57 0 54 55 52 28 27 29 26 33 0 30 31 17 0 16 0 0 15 0 11 0 1 64 58 0 61 60 0 38 41 0 35 0 39 36 34 45 46 49 42 0 44 0 0 0 19 0 23 25 22 20 24 
39 41 40 0 34 35 0 0 0 21 24 0 18 22 23 20 60 59 61 0 0 64 62 63 49 44 48 0 0 47 0 43 27 33 32 26 30 29 0 31 6 9 5 3 8 0 0 0 13 14 17 10 15 12 16 11 0 51 0 55 57 54 0 0 
23 25 0 22 18 0 21 20 3 5 8 0 0 6 7 4 44 43 45 42 0 0 46 47 0 0 0 29 26 31 0 0 11 0 16 0 14 0 12 15 54 57 0 51 56 0 52 50 61 62 1 0 63 60 64 59 0 35 34 39 41 0 0 40 
47 49 48 46 42 43 45 44 0 29 0 33 0 30 0 28 4 3 5 2 9 8 6 7 0 52 56 53 0 0 0 0 35 41 40 0 38 37 36 39 14 17 13 11 16 15 12 10 0 0 0 18 23 20 24 0 61 0 58 63 1 0 60 64 
55 57 56 54 0 0 53 52 35 0 40 0 34 38 39 36 12 0 13 0 17 0 0 15 0 0 0 0 58 63 62 0 43 0 48 0 46 45 44 47 22 0 0 19 0 0 0 18 29 0 33 26 31 28 0 0 0 0 2 7 9 6 0 8 
50 52 0 49 45 46 48 0 30 0 0 0 29 0 34 31 7 0 8 5 12 11 9 10 60 0 59 0 53 0 57 0 38 0 0 37 41 0 39 42 0 20 0 0 19 18 15 13 0 25 28 21 26 23 27 22 64 62 61 2 4 1 63 0 
26 0 0 25 0 0 24 23 6 8 11 12 5 0 10 7 47 46 48 45 0 0 0 0 0 0 0 0 29 0 33 30 0 20 19 0 17 16 0 18 57 0 56 54 59 58 55 0 64 1 4 61 2 63 3 62 40 38 37 42 44 0 0 0 
2 0 0 1 61 62 64 0 46 48 51 52 45 0 50 47 23 0 0 21 28 27 0 0 12 7 11 0 5 10 9 6 54 60 59 53 0 56 55 58 33 36 32 0 35 34 0 29 0 41 44 37 0 0 0 38 16 14 0 18 20 17 15 19 
18 20 0 0 13 14 16 0 0 0 3 4 0 1 2 0 39 38 40 37 44 0 41 42 0 23 0 24 21 26 0 0 6 12 0 5 0 8 7 10 49 52 0 46 0 50 47 0 56 0 60 53 58 0 59 54 32 30 29 34 0 0 0 0 
0 0 35 33 29 30 32 0 14 16 19 0 13 17 18 15 55 54 56 53 60 0 57 58 44 39 0 40 0 42 41 0 22 28 27 0 25 24 23 0 1 4 0 62 0 0 0 61 8 9 12 0 10 0 11 6 48 46 0 50 52 0 47 51 
42 0 43 41 37 38 40 39 22 24 27 28 21 25 26 23 0 62 64 61 4 0 0 0 52 47 0 48 45 0 49 46 0 36 35 0 0 0 31 34 9 12 0 0 0 0 7 5 16 17 20 0 18 15 0 14 56 0 53 58 60 57 55 59 
0 60 0 0 0 54 56 55 0 0 43 44 37 41 42 39 15 14 16 13 20 19 0 0 0 63 0 64 0 2 1 0 46 0 51 45 49 0 0 50 25 28 24 0 0 26 23 21 32 33 36 29 34 31 35 30 0 0 0 10 12 9 7 11 
0 0 11 9 5 6 8 7 54 56 0 60 53 57 0 55 31 30 32 0 0 0 0 0 0 0 19 16 13 0 17 14 62 0 3 61 1 64 63 2 41 44 40 38 0 42 39 37 48 0 52 0 50 0 51 0 24 22 21 26 0 25 23 27 
0 62 61 59 0 56 58 57 40 42 45 0 0 0 44 41 17 0 18 15 22 21 19 20 6 0 5 2 63 4 3 64 48 0 0 0 51 50 49 0 27 0 26 24 29 0 25 23 34 35 0 0 36 33 0 32 10 8 7 0 14 11 9 13 
44 46 45 43 0 40 42 41 0 26 0 30 0 0 0 25 1 64 2 63 6 0 3 0 54 0 53 0 47 52 51 48 0 0 37 0 35 34 0 36 11 14 10 8 13 0 0 0 18 19 22 0 20 17 0 16 0 56 55 0 0 0 0 61 
0 54 53 0 0 0 0 49 0 34 37 38 31 35 36 33 9 8 0 7 14 0 0 12 0 57 61 58 55 60 59 56 40 46 45 0 0 42 41 44 0 22 18 16 21 0 17 0 26 0 0 23 0 0 0 24 2 64 63 4 0 3 0 0 
28 30 0 27 0 24 0 25 8 10 13 0 7 0 12 0 49 48 0 47 54 53 51 52 0 0 37 34 31 36 0 32 16 0 21 15 0 0 0 0 59 0 58 0 61 0 57 55 2 3 0 0 4 0 0 0 0 0 39 0 0 43 0 0 
4 6 5 3 63 64 2 1 48 0 53 54 47 0 52 0 0 24 0 23 0 29 27 28 0 9 13 0 0 12 11 8 56 62 61 0 59 0 57 60 0 0 34 32 0 36 0 31 42 43 46 0 44 41 0 40 0 16 0 20 22 0 17 0 
0 14 0 11 7 0 10 9 56 58 0 62 55 59 60 57 0 32 34 31 38 37 0 0 22 17 21 0 0 20 0 16 0 6 5 63 0 2 1 4 43 46 42 0 0 44 41 39 0 0 54 47 52 49 0 48 0 24 0 0 0 0 25 29 
0 38 37 35 31 32 0 0 0 0 21 0 15 0 20 17 57 0 58 55 62 61 0 60 0 41 45 42 39 44 43 40 24 30 0 0 27 0 25 28 3 6 2 64 5 4 0 63 10 11 14 7 12 0 13 0 50 48 47 52 54 51 49 53 
20 22 21 19 15 16 18 17 64 2 0 0 63 3 4 1 41 40 42 39 46 45 43 44 30 25 29 0 23 0 27 24 8 14 13 7 11 10 9 0 0 54 50 48 53 52 0 47 0 59 62 55 60 57 61 56 34 32 31 0 38 35 33 37 
14 16 0 0 9 0 12 11 58 60 63 64 0 61 62 59 35 34 36 33 40 39 0 38 24 19 0 20 17 22 0 0 0 8 7 1 5 4 3 6 45 48 44 42 0 46 43 41 0 0 56 49 0 51 0 0 28 0 25 30 32 29 27 0 
54 56 55 53 0 50 0 51 34 0 39 0 33 37 0 35 11 0 12 0 16 0 13 14 0 0 63 60 57 62 61 58 42 48 0 41 45 44 0 46 21 0 20 0 23 22 19 0 0 29 32 0 30 0 31 26 0 2 1 6 8 5 0 7 
6 8 0 0 1 2 0 0 50 52 0 0 49 0 54 0 27 26 28 0 0 0 29 30 16 0 15 12 0 14 0 10 0 0 63 57 61 0 59 62 37 40 36 0 0 38 0 0 44 45 0 41 46 43 47 0 20 18 17 22 24 21 19 23 
62 0 0 61 57 58 0 0 42 44 0 48 41 45 46 43 19 18 20 17 24 23 21 0 8 3 7 4 1 6 0 2 50 56 0 0 53 52 0 54 29 32 28 26 31 30 27 25 0 37 0 33 38 35 39 0 12 10 9 14 0 13 11 15 
38 40 39 0 33 34 36 35 18 20 23 24 17 21 0 19 0 0 60 0 64 63 61 62 48 43 47 44 41 46 0 42 26 0 31 0 29 28 27 30 0 0 4 0 7 0 3 1 0 13 16 9 0 0 0 0 52 0 49 54 56 0 51 55 
30 32 0 29 25 0 0 0 10 12 0 16 0 13 14 11 51 50 52 49 56 55 0 54 40 35 39 36 0 38 37 34 18 24 23 17 21 0 19 22 61 0 60 58 0 62 59 0 4 5 8 1 6 3 7 2 0 42 41 46 48 45 43 0 
46 48 0 45 41 42 0 0 26 0 0 32 0 29 30 0 0 2 4 1 8 7 5 6 0 0 55 52 0 0 53 50 34 40 0 33 37 36 35 38 0 16 12 10 15 0 11 0 20 0 24 17 22 19 23 18 60 58 57 62 64 61 0 63 
22 24 0 21 17 18 0 19 0 4 0 8 1 5 6 0 0 42 0 41 0 47 0 0 32 27 31 28 0 30 0 26 10 16 15 9 13 12 11 14 53 56 52 50 55 0 0 0 0 61 64 57 62 59 63 0 36 34 33 38 0 37 35 0 
