8
38 35 34 33 32 36 37 31 4 0 1 2 0 64 0 5 0 0 56 0 62 0 0 0 47 52 48 54 51 53 50 49 43 45 0 0 46 0 41 44 0 20 0 18 22 16 17 0 0 28 25 30 24 29 27 26 0 0 0 13 7 12 10 9 
22 19 0 17 16 20 0 0 52 54 49 0 51 48 0 53 0 0 40 0 46 0 0 41 31 36 32 0 35 37 0 33 27 29 24 0 30 23 25 28 0 0 0 2 0 64 0 63 0 0 9 14 8 13 11 0 0 59 0 61 55 60 0 0 
14 11 10 9 8 0 0 7 0 0 0 0 43 40 39 0 37 0 32 34 38 31 36 33 23 0 0 30 27 0 0 25 0 21 16 0 22 0 0 20 61 0 59 58 0 56 57 55 63 4 1 0 64 5 0 2 54 51 0 53 47 52 50 49 
54 51 50 49 0 0 0 47 20 22 17 18 19 16 0 0 0 0 0 10 14 7 12 0 63 0 64 6 3 5 2 1 0 61 56 58 62 55 57 0 0 36 0 34 38 32 33 31 39 44 41 46 40 45 43 42 30 27 24 29 0 28 26 0 
0 59 58 57 0 0 61 55 28 0 25 26 27 24 0 29 21 0 16 18 22 0 20 17 0 12 8 14 0 13 10 9 3 0 64 0 6 63 0 0 45 44 43 0 46 0 41 39 0 0 49 54 48 53 51 50 38 0 32 0 31 36 34 0 
30 0 0 25 0 28 29 0 60 62 57 0 59 56 0 61 0 0 48 50 54 0 52 49 39 44 0 46 0 0 42 41 35 37 0 34 38 31 0 0 0 12 11 10 0 8 9 7 15 0 17 0 16 21 0 0 6 0 0 5 63 0 2 1 
0 0 0 1 64 4 0 63 36 38 33 34 0 0 0 0 29 27 24 26 0 23 28 0 15 20 16 22 0 21 18 0 0 13 8 0 14 7 9 12 53 52 51 50 54 0 0 47 55 60 0 0 56 61 59 0 46 0 40 45 0 44 0 0 
0 43 42 41 0 44 0 39 12 14 9 10 11 8 7 13 0 0 64 2 0 0 4 1 0 0 56 0 0 0 0 57 51 0 48 50 0 47 0 0 0 28 0 0 30 24 25 23 0 36 33 0 32 37 0 34 22 19 16 21 15 20 18 0 
48 45 0 43 42 46 0 41 14 16 11 12 13 0 9 15 7 5 0 4 8 0 0 0 57 62 58 64 0 0 60 0 0 55 0 0 0 49 51 0 31 30 29 28 32 0 27 25 33 0 35 0 34 39 0 36 24 21 18 0 0 22 20 0 
8 5 4 0 0 6 7 1 38 0 35 0 37 0 0 39 31 29 0 28 32 0 0 0 17 22 0 24 21 23 20 19 13 15 10 12 0 0 0 14 55 0 0 0 56 50 0 0 0 62 59 64 58 63 61 0 48 45 0 47 41 46 44 0 
40 0 36 35 0 38 0 33 6 8 3 4 0 2 1 7 63 61 0 60 64 57 62 59 0 54 50 56 53 0 52 51 45 47 42 44 48 0 0 46 0 0 21 20 24 18 19 17 25 30 27 32 26 0 0 28 16 13 10 15 9 14 0 11 
0 0 28 27 0 30 31 0 62 64 0 60 61 58 57 63 55 53 50 52 56 49 54 51 41 46 42 0 0 47 44 43 0 39 34 0 40 0 0 38 15 14 13 12 0 10 11 9 17 0 19 24 0 0 0 20 0 5 2 7 1 0 4 3 
24 21 0 19 18 22 0 17 0 56 0 0 53 50 49 0 47 0 42 0 48 0 0 43 33 38 34 40 37 0 36 0 29 31 0 28 0 0 27 0 7 6 5 4 8 2 0 1 0 0 0 16 10 15 13 12 64 0 58 63 57 62 0 59 
64 61 60 59 58 62 63 57 0 0 27 0 29 0 25 31 0 0 18 0 24 17 22 19 9 14 10 16 13 15 12 11 0 7 2 4 8 1 0 0 47 46 45 0 0 0 43 41 49 54 51 0 0 55 53 52 0 37 0 39 33 38 36 35 
16 13 12 0 0 0 15 0 0 48 43 0 0 42 0 47 39 37 34 36 40 0 38 35 25 30 26 32 29 0 28 27 21 0 0 20 24 17 19 0 63 62 61 60 0 58 0 57 1 6 3 8 2 7 5 0 0 53 50 0 49 54 0 51 
56 53 52 51 0 54 0 49 22 24 19 20 21 0 17 23 0 13 10 12 16 0 0 11 1 0 2 0 5 7 4 3 61 63 58 60 64 57 0 0 39 38 37 0 40 0 35 33 41 46 0 0 42 0 45 44 0 29 26 31 25 0 28 27 
18 0 14 13 12 16 0 11 48 50 45 46 47 44 0 49 41 39 36 38 42 0 40 37 27 32 28 34 0 33 30 29 0 0 20 22 0 19 21 0 1 64 63 62 2 0 61 59 3 8 5 10 4 0 7 0 58 55 52 0 0 56 54 53 
34 31 30 29 28 32 33 0 64 2 61 62 0 60 0 0 57 55 52 54 58 51 56 53 43 48 44 50 47 49 46 0 39 41 36 38 0 35 0 0 17 16 0 14 18 12 13 0 19 24 0 0 20 25 23 22 10 7 0 9 0 0 6 5 
58 55 54 53 52 56 57 51 24 0 0 22 0 0 0 0 17 15 12 14 18 11 0 13 3 8 0 10 0 9 6 5 63 1 60 0 2 0 61 64 0 40 39 38 0 36 37 0 43 48 45 50 0 49 47 46 34 31 0 33 27 32 30 0 
0 63 62 0 60 64 0 59 32 34 29 30 0 0 27 33 0 0 20 22 0 19 24 0 0 16 0 0 15 17 14 13 0 9 4 0 10 3 5 0 49 0 47 46 0 0 45 43 0 0 0 58 52 57 55 54 42 0 36 0 35 40 38 37 
0 0 6 5 4 8 9 3 40 0 37 0 39 0 35 41 33 31 0 30 34 0 32 29 19 0 0 0 23 0 22 21 15 17 12 14 18 11 13 0 57 0 55 54 58 52 53 51 59 64 61 2 60 0 0 0 50 0 44 49 43 48 46 45 
42 39 0 37 36 40 41 35 8 10 5 6 7 0 0 9 1 63 60 62 0 0 64 0 51 56 52 58 55 57 54 53 0 0 44 46 50 0 0 48 25 24 23 22 0 0 21 19 27 0 29 34 28 0 31 0 18 15 12 0 11 16 14 13 
50 47 46 45 44 0 49 43 16 18 13 14 15 12 11 17 9 7 4 6 0 0 8 5 0 64 60 2 0 0 62 61 55 0 52 54 0 51 53 56 0 32 0 30 0 0 0 27 35 40 0 42 0 41 0 38 0 0 20 25 19 24 0 0 
26 23 22 0 20 24 25 0 56 58 53 0 0 52 51 0 49 47 0 0 50 0 48 45 35 40 36 0 39 0 38 37 31 0 0 30 0 27 29 32 9 0 7 0 10 4 5 0 0 16 13 18 12 17 0 14 2 0 0 1 59 0 62 61 
39 36 35 34 33 37 38 32 5 7 2 3 4 1 0 6 0 60 57 59 0 56 61 58 48 53 49 55 0 54 51 50 44 46 0 0 47 0 42 45 22 0 20 0 0 17 18 16 0 29 0 0 0 0 28 27 15 12 9 14 0 13 11 0 
47 44 43 42 41 45 0 40 0 0 10 0 12 0 8 14 6 4 1 0 7 64 0 2 56 0 0 63 60 62 59 58 0 54 49 0 55 48 50 53 30 29 0 27 0 0 26 24 32 37 0 0 0 38 0 0 0 20 17 22 16 21 19 0 
0 0 0 0 9 0 14 0 0 47 42 43 44 41 40 46 0 36 0 35 0 32 37 0 24 29 0 31 28 0 27 26 0 22 17 19 0 16 18 21 0 61 60 59 0 57 58 56 64 5 2 0 1 6 4 3 55 52 0 54 48 53 51 50 
55 52 0 0 49 53 54 48 21 23 0 19 20 17 16 0 0 12 9 11 15 0 13 0 64 5 0 0 4 6 3 2 60 62 57 59 0 0 0 61 38 0 36 0 39 33 34 32 0 45 42 47 0 46 44 0 0 28 25 30 24 29 27 26 
0 4 3 2 1 5 6 64 37 39 34 0 36 33 0 38 30 28 25 27 31 24 0 0 16 21 17 23 20 22 0 0 12 0 0 11 15 0 10 0 54 53 52 51 0 49 50 0 56 61 0 0 57 62 60 0 0 44 41 46 40 0 43 42 
0 60 59 58 57 61 62 56 29 0 26 0 28 25 0 0 22 20 0 19 23 0 21 0 8 13 9 0 12 14 0 10 4 0 1 3 7 64 2 0 46 45 0 43 47 41 42 0 48 53 50 55 49 0 0 51 0 0 0 0 32 37 0 0 
23 20 19 0 0 21 0 16 0 55 0 51 52 49 48 54 46 0 41 43 47 40 45 42 0 37 33 0 36 0 35 34 28 30 0 27 0 24 0 0 0 0 4 3 7 1 2 64 8 13 0 0 0 14 12 0 63 60 57 62 0 61 0 58 
31 28 27 0 25 0 0 24 61 63 0 59 0 57 56 62 0 52 0 51 55 48 53 0 0 0 0 47 0 0 0 42 36 38 33 0 39 0 34 37 0 13 12 11 0 9 10 8 0 21 18 0 0 0 0 19 0 4 0 6 0 0 0 0 
36 33 32 0 30 0 35 29 2 4 63 0 1 62 61 3 59 57 54 56 60 53 58 55 45 50 46 52 49 51 0 47 41 43 38 40 44 37 39 0 19 18 17 16 20 0 0 0 0 0 23 0 0 27 25 0 0 0 6 11 5 10 8 7 
0 0 8 0 0 10 11 0 0 44 39 0 41 38 37 0 35 0 30 32 36 29 34 31 21 0 0 0 25 27 0 23 0 19 0 16 0 0 15 18 0 0 0 56 60 54 55 0 0 2 63 4 0 3 1 64 0 49 46 51 45 50 48 47 
0 1 64 63 0 2 3 0 34 0 31 32 33 30 29 35 27 0 0 24 0 21 26 23 13 18 0 20 17 19 16 0 0 11 6 8 12 5 7 10 51 50 49 48 52 0 0 45 0 58 55 60 0 59 0 56 44 41 38 43 37 42 40 39 
60 57 56 0 54 58 59 53 0 0 23 24 25 0 21 27 19 17 14 16 20 0 18 15 0 0 0 12 0 0 8 7 0 0 62 64 4 61 63 2 43 42 41 40 44 38 0 37 45 50 47 0 0 51 49 48 0 0 30 35 29 0 32 31 
44 0 40 0 38 42 0 0 10 0 7 8 9 6 0 11 3 0 0 64 4 0 2 63 0 58 54 60 57 59 0 55 49 51 46 0 0 45 0 50 27 26 25 0 28 22 0 21 29 34 31 36 30 35 33 32 0 17 14 19 13 0 16 15 
52 49 48 47 46 0 51 45 18 0 15 16 17 14 13 19 11 0 6 8 0 0 10 7 0 2 62 4 1 0 0 63 0 59 54 56 60 0 0 58 0 34 0 32 36 30 31 29 37 42 0 44 38 43 0 40 28 0 0 0 21 26 24 23 
28 0 0 23 22 0 27 21 58 60 0 56 0 54 53 59 51 49 46 48 52 45 50 47 37 0 38 0 0 43 40 0 0 35 0 0 36 29 31 0 11 10 0 8 12 0 7 5 13 18 15 20 14 19 17 16 0 1 0 3 61 0 0 63 
20 0 0 15 14 0 19 13 0 52 0 48 49 0 0 51 43 41 0 40 0 0 42 39 29 34 30 36 0 35 32 0 25 0 22 24 28 0 23 0 0 2 0 64 0 62 63 61 0 10 7 12 6 11 9 8 60 57 0 59 53 58 56 0 
0 50 49 48 47 51 52 46 19 21 16 0 18 15 0 20 12 10 7 9 0 0 11 8 62 3 63 5 2 4 0 0 58 60 55 57 61 54 56 59 36 35 34 33 0 31 32 30 38 43 40 0 39 44 42 41 0 26 23 28 22 27 25 0 
0 0 57 56 0 59 60 54 27 29 24 25 26 0 22 28 20 0 15 0 0 14 19 0 6 0 7 13 10 12 0 0 2 0 63 0 0 62 64 3 44 43 42 41 0 39 40 0 46 51 0 53 47 0 50 49 37 0 31 36 30 35 33 32 
0 0 17 0 15 19 20 14 51 53 48 49 50 47 46 52 0 42 39 41 0 38 43 0 0 35 31 37 0 36 33 32 26 0 23 25 29 22 24 0 4 3 2 1 5 63 64 62 6 11 0 13 7 12 10 9 61 58 55 0 0 59 57 0 
5 2 1 64 63 0 4 62 0 37 0 33 34 31 0 0 28 0 23 0 29 0 27 0 14 19 15 21 18 20 17 0 0 0 0 9 0 6 0 11 52 51 0 0 53 0 48 46 54 59 56 61 55 60 58 57 45 42 0 0 38 43 0 0 
29 26 25 0 23 0 28 22 59 61 56 57 58 55 54 60 52 0 47 0 0 46 0 48 0 43 39 45 42 0 0 40 34 36 31 33 37 0 32 0 12 11 10 0 13 7 0 0 14 19 0 21 15 20 18 17 0 2 63 0 0 3 1 64 
45 42 41 40 39 0 44 38 11 13 8 0 10 7 6 12 4 0 63 1 5 62 3 64 0 59 55 61 58 60 57 56 50 52 47 0 53 0 0 51 28 27 26 25 29 23 24 22 30 0 32 0 31 36 0 33 21 0 15 20 0 0 0 16 
0 10 9 8 0 11 12 6 0 0 0 41 42 39 0 44 36 34 31 0 0 30 35 32 22 27 23 29 26 28 25 0 18 20 0 0 21 0 0 19 60 0 58 57 0 0 0 54 62 3 0 5 63 4 2 0 53 50 47 52 46 51 0 48 
37 34 33 32 31 35 36 30 3 5 0 1 2 0 62 4 0 0 55 57 61 54 59 56 46 51 47 53 0 52 49 48 0 0 39 0 45 38 0 43 20 19 0 0 0 15 16 14 0 27 24 29 0 0 26 25 13 10 7 12 6 11 9 8 
57 54 0 52 51 55 56 0 23 0 20 21 22 19 18 24 16 14 11 13 17 10 15 12 2 0 3 9 0 0 0 4 0 0 0 61 1 58 60 0 0 39 38 0 0 35 0 34 42 0 44 49 0 0 46 45 33 0 27 0 26 31 0 28 
9 0 0 4 0 7 8 2 0 0 0 37 0 0 0 40 32 30 27 0 33 0 31 28 18 0 19 25 22 24 21 20 14 16 11 13 0 10 0 0 56 55 0 0 0 51 0 50 58 63 60 1 59 64 62 61 49 46 43 48 42 47 45 44 
25 22 21 20 0 0 0 18 0 0 0 53 54 0 50 56 48 46 0 45 49 42 47 44 34 0 0 0 38 0 37 36 30 0 27 29 0 26 28 31 8 7 6 5 0 0 4 2 10 15 12 0 11 16 14 13 1 62 0 0 58 0 0 60 
0 62 61 60 59 63 0 58 31 33 28 29 30 27 0 0 0 22 19 0 25 18 23 20 10 15 11 17 14 16 13 0 0 0 0 5 9 0 4 7 48 47 46 0 0 43 44 0 50 0 52 0 51 56 54 53 41 0 0 40 34 39 37 36 
49 46 45 44 43 47 48 42 15 0 12 13 14 11 10 16 0 0 3 0 9 2 7 4 0 63 59 1 0 64 61 60 54 56 0 53 0 0 52 0 0 31 0 0 0 27 28 0 34 39 36 41 0 0 38 0 25 22 0 24 0 23 21 20 
33 30 0 28 0 0 32 26 0 1 0 0 0 0 58 64 0 54 51 53 57 0 55 52 0 47 43 0 0 48 0 44 0 40 35 37 0 34 36 39 16 0 14 13 17 0 12 10 0 23 20 0 0 24 22 21 9 0 0 8 2 7 5 4 
17 0 13 12 11 15 16 10 47 49 0 0 46 43 42 0 40 38 35 37 0 0 39 36 26 31 0 33 30 32 0 28 0 24 19 0 25 18 20 23 64 63 62 0 1 59 0 0 0 7 4 0 3 0 6 5 57 54 0 0 50 55 53 52 
0 38 37 36 35 39 40 0 0 9 4 0 0 0 0 0 64 62 0 61 1 58 63 60 50 55 0 57 54 56 53 52 0 48 0 45 49 0 44 47 0 0 0 21 25 19 0 18 0 31 0 0 27 0 30 29 17 0 11 16 10 15 13 12 
11 8 7 6 5 9 10 4 41 0 0 0 40 37 0 0 34 32 29 31 35 28 33 0 20 25 0 27 0 26 23 0 16 18 13 15 19 12 14 17 0 57 0 0 59 0 54 52 60 0 62 0 61 2 0 63 51 0 0 50 44 49 47 46 
51 0 47 0 45 49 50 44 0 0 0 15 16 13 0 18 10 8 0 0 11 0 0 6 60 1 0 3 0 0 0 62 0 58 53 0 59 52 54 57 34 0 0 0 35 0 0 28 36 41 0 43 0 42 40 39 27 24 21 26 20 25 23 0 
3 64 63 0 61 1 2 60 33 0 30 31 0 29 0 0 26 24 21 23 27 20 25 22 12 17 0 19 0 18 0 0 8 0 0 7 11 0 6 9 50 49 48 47 51 0 0 0 52 57 54 59 53 58 0 55 0 40 0 42 0 41 0 38 
59 56 0 54 0 0 58 52 25 0 22 0 0 21 20 26 18 16 13 0 19 12 0 14 4 9 0 0 0 0 0 0 64 2 0 0 0 0 0 1 0 0 40 39 43 0 38 36 44 0 46 51 0 0 48 47 0 32 29 0 28 33 0 30 
43 0 39 38 37 0 0 36 9 11 0 0 0 5 4 10 2 64 61 0 3 60 1 0 0 0 53 0 56 58 55 54 48 50 45 47 0 44 46 49 26 25 0 0 27 21 22 20 0 33 30 35 29 34 0 31 19 16 0 18 12 17 15 14 
35 0 31 30 29 33 0 28 1 0 62 0 0 61 60 0 0 56 0 55 59 52 57 54 44 49 45 51 48 50 47 46 40 42 0 0 0 36 0 41 18 0 16 0 19 13 0 0 0 25 0 0 21 26 24 23 11 8 0 10 4 9 0 0 
0 0 15 14 13 0 18 12 49 51 46 0 48 45 44 50 42 0 0 0 43 36 41 38 28 33 29 0 32 34 31 30 24 26 0 23 27 20 22 25 2 1 0 63 3 61 62 60 4 9 6 11 5 10 8 7 59 56 0 58 52 57 0 54 
0 0 23 22 21 25 0 20 57 0 0 55 0 0 0 58 50 48 45 47 51 44 0 46 36 0 37 43 40 42 39 38 32 34 29 31 35 0 30 0 10 9 8 7 0 5 6 0 0 17 14 19 0 18 16 15 3 64 61 0 60 0 63 62 
