8
0 48 43 49 0 44 0 46 0 0 0 61 0 64 60 1 17 13 15 10 0 11 14 16 0 40 0 36 0 38 0 34 4 8 5 0 3 7 6 2 25 23 22 0 0 0 0 21 0 57 0 0 0 0 54 0 29 0 32 31 27 26 33 30 
0 56 51 57 55 52 50 54 0 0 2 5 0 8 4 9 0 21 23 18 20 19 0 24 0 48 49 44 0 0 47 0 0 16 0 17 0 15 0 10 33 0 0 26 0 28 32 0 0 1 0 58 0 59 62 61 37 36 40 0 0 34 0 38 
13 16 0 17 0 12 0 14 27 30 0 0 31 32 28 0 49 0 47 0 44 43 46 0 0 8 9 4 0 0 7 0 36 40 37 41 0 39 38 0 57 55 0 0 51 52 56 0 0 0 20 0 24 19 22 0 61 60 64 0 59 0 1 62 
61 64 59 1 63 60 58 62 11 14 10 13 15 16 12 17 33 29 31 26 0 0 30 32 51 56 57 52 0 54 55 50 0 24 0 25 19 23 22 18 0 39 38 0 35 36 0 0 7 0 0 2 8 3 0 0 0 44 0 47 43 42 0 46 
21 24 0 25 23 20 18 22 0 0 34 37 39 40 36 41 57 53 55 50 0 0 54 56 11 0 17 12 13 14 15 0 0 48 45 49 0 47 46 42 1 63 62 58 59 60 64 61 31 0 28 26 0 27 0 0 5 4 8 7 3 2 9 0 
29 0 27 33 31 0 26 30 0 46 0 0 47 48 0 49 1 61 63 58 0 59 0 64 19 24 0 20 21 0 23 18 52 56 53 57 0 55 54 50 0 7 0 0 3 4 8 0 39 0 36 34 0 35 38 37 13 12 16 15 0 10 17 14 
5 8 3 0 7 4 2 0 19 22 18 21 23 24 20 25 41 37 0 34 0 0 38 40 59 0 1 60 61 62 63 0 28 0 29 33 0 0 0 26 49 0 46 0 0 0 48 45 15 17 0 10 16 0 0 13 53 52 0 55 51 0 57 54 
37 40 0 41 0 36 0 38 51 0 50 0 55 56 52 57 0 5 0 2 4 0 6 8 27 32 0 0 29 30 0 26 60 0 61 0 59 0 62 0 17 15 14 10 0 0 16 13 47 0 0 42 0 43 46 0 21 20 24 23 19 18 25 22 
6 9 4 10 8 5 0 7 0 23 0 0 0 25 21 26 42 0 0 35 37 36 0 0 60 1 2 61 0 63 0 0 29 33 0 34 28 32 31 0 50 0 47 0 44 45 49 0 0 18 13 11 0 0 15 14 54 53 57 56 0 51 58 55 
38 41 36 42 40 37 0 39 52 55 51 54 56 57 53 58 0 6 8 3 5 4 7 9 28 33 0 29 30 31 0 0 61 1 62 2 60 0 63 0 18 16 0 11 0 13 17 14 0 50 45 43 49 44 0 0 22 21 25 24 20 19 26 23 
46 49 44 50 48 45 43 47 60 63 0 0 64 1 61 2 0 0 16 0 0 12 0 17 36 41 0 37 38 0 0 0 0 0 6 0 4 8 7 0 26 24 0 0 20 0 25 22 56 58 53 0 57 0 55 0 30 29 33 0 28 0 34 0 
0 0 0 58 56 53 0 55 0 7 0 6 8 9 5 10 26 22 24 0 0 20 23 25 44 49 50 45 0 47 48 0 13 0 14 0 12 0 15 11 34 32 0 27 0 0 33 30 0 2 61 59 1 60 63 0 0 37 41 0 0 35 42 39 
62 1 60 2 64 61 59 63 12 15 11 14 0 17 0 0 34 0 32 27 0 28 31 33 52 0 0 53 54 55 56 0 21 0 22 26 20 24 23 19 42 40 39 35 0 0 0 38 0 10 5 3 9 4 7 6 46 45 49 48 0 43 50 47 
30 33 28 34 32 29 0 31 0 0 0 46 48 0 45 50 2 62 64 59 0 0 0 1 0 0 26 21 22 0 24 19 0 57 54 58 52 56 0 51 10 8 0 0 0 5 0 6 40 42 0 35 41 36 0 0 0 13 17 16 12 11 0 0 
0 25 20 0 24 21 19 0 36 39 0 38 40 41 0 42 0 54 56 51 53 0 55 57 0 17 18 13 14 15 16 0 0 49 46 0 44 48 0 0 2 64 63 59 60 61 1 0 32 34 29 27 33 28 31 30 6 5 9 8 4 3 10 7 
14 17 0 18 16 0 11 0 28 31 27 0 32 33 29 0 0 0 48 0 45 44 0 49 0 9 10 0 0 0 8 3 0 0 38 42 36 40 39 35 58 56 55 51 0 53 57 0 24 26 21 0 25 20 23 22 62 61 1 64 60 0 2 63 
0 12 7 0 11 8 6 10 23 26 22 0 27 28 24 29 45 41 0 0 40 0 0 0 0 0 0 0 1 2 3 62 32 0 33 37 31 35 0 30 53 0 0 46 47 0 52 49 19 21 16 14 20 15 0 0 57 56 60 59 55 54 61 58 
0 0 15 21 19 16 14 18 31 34 0 33 35 36 0 37 0 49 51 0 0 47 50 52 7 12 13 0 0 0 11 6 40 0 0 45 39 43 0 38 61 59 0 54 55 0 60 57 27 0 0 22 0 23 0 0 1 64 0 3 63 62 5 2 
57 60 55 61 59 56 54 58 7 10 0 9 11 12 8 13 0 25 27 22 0 23 26 28 47 0 53 48 49 50 0 46 16 20 0 0 0 19 0 14 37 35 34 30 31 32 36 33 3 5 0 62 0 63 2 0 41 0 44 43 0 0 45 42 
41 44 39 45 0 40 0 42 0 58 54 57 0 60 56 0 0 0 11 6 8 7 0 12 0 36 37 32 0 34 35 30 0 4 0 5 63 0 2 0 0 19 18 14 15 0 20 0 0 0 48 46 52 47 50 0 25 24 28 27 0 0 29 26 
49 0 47 0 51 0 46 0 63 2 0 0 3 0 64 5 21 17 19 14 16 15 18 20 0 0 45 40 41 0 43 0 8 12 9 13 7 0 10 0 29 27 26 22 23 0 0 25 59 61 56 54 60 0 58 0 0 32 0 0 31 30 0 34 
33 36 31 37 35 32 0 34 47 50 0 49 51 0 48 53 0 1 3 0 0 63 0 4 23 28 29 24 25 26 0 22 56 0 0 61 55 59 58 54 0 11 10 0 0 8 0 9 43 45 40 0 44 0 42 41 17 16 20 0 15 0 21 18 
1 4 0 5 0 0 62 2 15 18 14 17 19 20 16 0 0 33 35 30 32 31 34 36 55 60 61 56 57 58 0 54 24 0 25 0 23 27 0 22 45 0 42 38 39 40 0 41 11 13 0 0 12 0 0 9 49 0 0 0 47 0 53 50 
25 28 23 29 27 24 22 26 39 42 38 41 43 44 0 45 61 57 0 54 56 55 58 60 15 20 21 16 17 0 19 14 0 0 0 53 47 0 0 46 5 3 0 0 63 64 4 1 35 37 32 0 36 31 0 33 9 8 12 11 7 6 13 10 
60 0 58 0 62 0 0 0 10 13 0 12 0 15 11 16 32 28 30 25 27 26 0 31 50 0 56 51 52 0 0 49 19 0 0 24 18 0 21 17 40 38 37 33 34 35 39 36 6 8 0 1 7 2 5 4 0 0 0 46 42 0 48 45 
52 55 50 0 54 0 0 53 2 5 1 0 6 0 3 8 24 20 0 17 19 18 21 23 42 47 48 43 0 45 46 41 11 15 0 16 0 14 13 9 32 0 0 25 0 27 31 0 0 64 59 57 63 58 0 60 0 0 39 0 34 33 40 37 
12 0 0 16 0 0 9 13 26 0 25 28 30 31 27 0 48 0 46 41 0 42 45 47 2 7 8 3 0 5 6 1 35 39 36 40 0 38 37 33 56 54 53 49 0 51 55 0 0 24 0 0 23 0 21 20 60 59 0 62 58 0 0 0 
44 47 42 0 46 43 41 0 58 61 57 60 62 0 59 64 16 12 14 9 11 10 0 15 0 39 40 35 0 0 38 33 3 0 0 8 0 0 0 1 24 22 21 17 18 19 0 20 54 0 51 49 0 50 53 0 0 27 31 30 0 0 0 29 
0 0 34 40 0 35 33 37 50 53 49 52 54 0 51 56 8 4 0 0 0 2 5 0 0 31 32 27 28 29 0 0 59 0 60 64 0 0 61 57 0 0 13 9 0 11 15 12 46 48 43 41 47 42 45 0 20 19 0 0 18 0 24 0 
4 7 2 0 6 0 0 5 18 21 0 0 0 0 19 24 40 36 0 33 35 34 0 39 58 0 0 59 60 61 62 57 0 0 0 32 26 0 29 25 48 46 45 41 42 0 0 44 14 0 11 9 0 0 0 12 52 0 55 54 0 49 0 0 
28 0 0 0 30 27 25 0 42 45 41 44 46 47 43 0 64 60 62 57 0 0 61 63 18 23 24 19 20 21 0 17 51 55 52 56 50 54 53 0 8 0 5 1 2 0 7 4 38 0 35 33 39 34 37 0 12 0 0 0 0 9 16 13 
0 23 18 24 0 0 0 21 34 0 33 36 38 39 35 0 56 52 0 49 51 50 53 55 10 15 16 11 12 0 14 9 43 47 44 48 0 0 45 41 64 62 0 0 0 59 0 60 30 0 0 25 31 26 29 28 0 3 7 0 2 0 8 0 
50 53 48 54 52 49 47 51 0 3 63 2 0 5 0 6 0 18 0 15 17 16 19 21 40 45 46 0 42 43 44 39 0 13 10 0 8 0 11 7 30 28 27 0 0 25 29 26 60 62 57 0 61 56 59 58 0 33 0 0 32 31 38 0 
0 0 16 22 0 0 15 19 0 35 0 0 36 37 33 38 54 50 52 47 0 48 0 53 8 13 14 9 10 0 0 0 41 0 42 0 40 44 43 39 62 0 59 55 0 57 0 58 0 0 0 23 29 24 27 26 2 1 5 4 0 63 6 3 
0 0 32 38 0 0 31 35 48 51 47 50 52 0 49 54 6 2 4 63 0 64 3 5 24 29 0 25 0 27 28 23 57 61 58 0 0 60 59 55 14 12 0 0 8 9 0 10 44 0 41 39 45 40 43 42 18 17 21 20 16 15 22 0 
58 61 0 0 60 0 55 59 0 11 7 0 12 0 9 0 30 26 0 23 25 24 27 29 0 53 54 49 0 51 52 47 17 21 18 22 0 20 19 15 0 36 0 0 0 0 37 34 4 6 1 63 5 64 3 2 42 41 45 44 0 0 46 43 
10 13 0 14 12 0 0 11 24 27 23 26 28 0 25 30 0 0 44 39 0 40 43 45 64 5 6 1 0 3 0 63 33 37 0 0 32 36 0 31 54 0 51 47 48 49 0 50 20 0 0 0 21 16 19 18 0 0 61 60 56 55 62 0 
0 29 24 30 28 25 23 0 40 43 39 42 44 45 41 0 62 0 60 55 0 56 59 61 16 0 22 17 18 19 20 15 0 53 50 54 48 0 51 47 0 4 3 63 0 1 5 2 36 38 33 31 37 32 35 34 0 0 0 12 0 7 0 11 
2 5 64 6 0 0 63 3 16 0 15 0 20 21 17 22 38 34 36 31 33 0 35 37 0 61 62 57 58 0 0 55 0 29 0 30 24 28 27 0 0 44 0 39 0 41 0 42 12 14 9 7 13 8 11 10 50 49 0 0 48 47 54 0 
42 0 40 46 44 0 39 43 0 0 0 58 60 61 57 0 0 0 12 0 9 8 11 13 0 0 38 33 34 35 36 31 0 0 2 6 0 4 3 0 0 0 19 15 16 17 21 18 52 54 49 47 53 48 51 50 26 25 0 28 24 23 30 27 
43 46 41 0 45 0 0 0 57 60 56 59 0 62 0 0 15 11 0 8 10 9 12 14 33 0 39 34 35 36 37 32 2 6 3 7 0 5 4 64 23 21 20 16 0 0 0 19 0 55 50 48 54 49 52 51 27 0 30 29 25 24 0 28 
0 14 9 15 13 0 8 12 0 0 24 0 29 0 26 31 47 43 45 0 42 41 44 46 1 6 7 2 0 0 0 64 34 0 35 39 0 0 0 32 55 53 52 48 49 50 54 51 21 23 18 16 22 17 20 19 59 58 62 61 57 56 63 60 
35 38 33 39 37 0 32 0 0 0 0 51 53 0 0 55 0 0 5 64 0 1 4 6 25 0 31 26 0 0 0 0 58 0 0 0 57 0 60 56 15 13 0 8 9 10 14 0 45 0 42 40 46 41 0 43 19 18 22 21 17 0 23 20 
19 22 17 23 0 18 16 0 0 36 32 35 0 0 34 39 55 51 53 48 0 49 52 0 0 14 15 10 11 12 13 8 42 0 43 0 41 45 44 40 63 61 60 56 57 58 62 0 29 0 26 24 0 0 28 27 3 2 6 5 1 64 7 4 
0 0 0 0 29 26 24 28 41 44 40 43 45 46 42 47 63 0 0 56 58 57 60 62 0 22 23 0 0 20 21 16 50 54 51 55 49 0 0 48 7 5 0 0 1 0 6 0 0 39 34 0 0 33 36 35 11 10 14 0 9 8 15 12 
0 0 49 55 0 50 48 52 0 4 64 0 5 6 0 7 23 19 21 16 18 0 0 22 41 46 47 42 0 44 45 0 0 14 11 15 0 13 12 8 31 0 0 24 0 26 30 27 0 63 58 0 62 57 60 0 35 0 38 0 33 32 39 36 
3 6 0 0 5 2 64 4 17 0 16 19 21 22 18 23 0 35 37 0 0 33 36 38 0 62 0 58 59 60 61 0 0 30 0 31 25 29 28 24 0 45 44 40 0 42 46 0 13 15 10 0 14 9 12 11 0 0 54 53 49 0 0 52 
59 0 0 63 61 0 56 60 9 0 8 0 0 0 10 15 31 27 29 0 26 25 28 0 49 0 55 0 51 52 53 48 18 22 0 23 0 0 20 16 39 37 36 32 33 34 38 35 5 7 0 64 0 1 0 3 43 42 46 0 41 40 47 44 
16 19 0 20 0 0 13 0 30 0 29 32 34 35 0 36 52 48 0 45 47 0 49 0 6 11 0 7 8 9 10 0 0 0 0 44 38 0 41 37 60 0 57 0 54 55 59 56 0 28 23 21 0 22 25 24 0 0 3 2 62 61 4 1 
0 0 6 12 10 0 5 9 22 25 0 0 26 0 23 28 44 0 42 0 39 38 41 43 62 3 0 63 64 1 0 61 31 0 32 36 30 34 0 0 0 50 0 45 46 47 0 48 18 0 15 13 0 14 17 16 0 55 59 0 54 0 60 57 
48 0 0 52 50 0 45 49 62 1 0 0 2 3 0 4 20 0 0 13 15 0 17 0 0 43 44 0 40 41 42 37 0 11 0 0 6 10 9 0 28 26 25 21 22 0 27 0 58 60 55 53 59 54 57 56 32 0 35 34 0 0 36 33 
0 0 0 0 58 55 0 0 6 9 5 8 10 11 0 12 28 24 26 21 23 22 25 27 46 0 52 47 48 49 0 45 15 19 16 20 14 18 17 13 0 34 33 29 30 0 35 0 2 0 63 0 3 62 1 64 40 39 43 0 38 37 0 41 
0 3 62 4 2 63 61 1 14 17 0 0 18 19 15 0 36 0 34 29 31 30 33 35 54 0 60 55 56 57 0 0 23 27 0 28 0 0 0 21 0 0 41 37 38 0 0 0 10 12 7 5 11 6 0 8 48 47 51 50 46 45 52 0 
32 35 30 36 34 31 29 33 46 49 0 48 50 51 47 0 4 0 0 0 63 62 1 3 22 0 28 23 24 25 26 0 0 59 0 60 0 58 0 53 12 0 9 5 6 0 11 8 0 44 39 37 0 38 41 40 16 15 19 18 14 0 0 17 
24 27 22 0 26 23 21 25 38 0 37 40 0 0 0 0 0 56 58 0 0 0 57 0 14 19 20 15 0 17 18 13 47 51 48 52 46 0 0 45 4 2 1 0 62 63 3 64 0 0 0 0 0 30 0 32 8 7 0 0 6 0 0 9 
0 43 38 44 0 0 37 41 54 57 53 0 0 59 0 60 0 8 0 5 7 6 9 11 30 0 36 0 32 33 34 29 63 3 0 4 62 2 1 61 20 18 0 0 0 15 19 16 0 52 47 45 0 46 0 0 24 23 27 0 0 21 28 25 
15 18 13 0 0 14 12 0 29 32 28 31 0 34 30 35 51 47 0 44 46 45 48 0 5 10 0 6 7 8 9 4 0 42 0 0 37 0 0 36 59 57 56 52 53 54 0 0 25 27 0 20 26 21 0 23 63 62 0 0 61 60 3 64 
63 2 0 3 1 62 0 64 13 16 12 15 0 18 0 19 0 0 33 28 30 29 32 0 53 0 0 54 0 56 0 52 22 26 23 27 21 25 24 20 43 0 40 36 37 0 42 39 9 0 6 4 10 5 8 7 47 46 50 0 0 44 51 48 
0 0 0 0 41 38 36 40 53 56 0 0 57 58 0 59 0 0 9 0 6 0 8 10 0 34 35 0 31 32 0 0 62 0 63 3 0 0 0 60 0 17 16 0 13 14 0 15 49 51 46 0 50 45 48 0 0 0 26 0 21 20 0 0 
0 34 0 0 33 30 0 32 45 48 44 47 49 0 46 51 3 63 1 60 62 61 64 0 21 26 27 22 0 0 25 20 54 0 0 59 53 0 0 52 11 0 8 0 0 6 0 7 41 0 0 0 0 0 0 0 15 14 18 17 0 0 19 0 
55 58 53 59 0 54 0 56 5 8 0 0 9 0 0 11 27 23 0 20 22 21 24 26 45 50 0 46 47 48 49 0 14 0 0 0 13 17 16 12 35 0 32 0 29 30 34 31 1 3 62 60 0 0 64 63 39 0 0 0 0 36 43 40 
23 26 21 27 0 22 20 24 37 40 0 0 41 42 0 43 59 55 0 0 54 53 0 0 13 18 19 14 15 16 17 12 46 50 47 51 45 49 48 44 3 0 0 60 61 0 2 63 33 35 0 28 34 0 0 31 7 0 0 0 0 0 0 0 
47 50 45 51 0 0 44 48 0 0 60 63 1 2 0 0 0 0 17 0 0 13 0 18 37 42 0 38 39 40 41 36 6 10 7 11 0 0 0 0 27 0 24 20 21 22 26 23 57 59 54 52 0 53 0 0 31 30 34 33 0 0 35 32 
7 10 5 11 9 6 0 8 21 0 0 23 25 26 22 27 43 39 41 36 38 37 40 0 61 2 0 62 0 64 1 60 0 0 31 0 29 33 32 28 51 49 0 44 0 46 50 0 17 19 0 12 18 13 0 15 0 54 58 0 53 52 59 0 
