8
0 64 1 0 4 7 3 2 22 0 20 21 19 18 23 17 33 0 39 37 35 36 32 38 0 26 27 28 0 25 30 0 61 0 62 0 59 56 57 0 52 48 54 0 0 53 50 55 0 44 47 0 41 0 46 42 8 12 0 0 10 14 11 15 
22 16 17 0 20 23 19 0 38 32 36 37 35 34 39 33 49 50 0 53 51 52 48 54 0 42 0 44 40 41 0 0 13 0 14 10 11 0 9 12 4 64 6 1 3 5 2 7 0 0 0 56 0 0 62 0 24 28 29 25 0 30 27 31 
38 32 0 0 36 39 0 34 54 0 52 53 51 0 55 49 0 0 7 5 3 4 64 6 63 58 0 0 56 57 62 61 29 31 0 26 0 0 0 0 20 16 22 0 19 0 0 23 13 12 15 8 9 11 0 0 0 0 45 41 42 0 43 47 
54 48 0 53 0 0 51 0 6 64 0 0 3 2 7 1 17 0 0 21 0 20 0 22 0 10 11 12 0 9 14 0 45 47 46 42 43 40 41 44 36 32 38 33 35 37 34 0 0 28 31 24 0 27 30 26 56 0 61 0 58 0 0 0 
30 24 25 29 28 31 27 26 46 40 44 45 0 42 47 41 0 58 63 0 59 60 0 0 55 50 0 52 0 0 0 0 0 0 0 18 0 16 0 20 0 0 14 9 11 0 10 0 5 4 7 0 0 0 6 0 0 36 0 33 34 0 35 39 
0 40 41 45 44 47 0 0 62 0 60 61 59 58 63 57 9 10 15 13 11 12 0 14 7 0 3 4 64 0 0 5 37 39 38 0 0 0 33 0 28 0 30 25 27 29 26 31 21 20 23 0 17 0 22 18 0 52 53 49 50 0 51 55 
62 56 57 61 0 63 59 0 14 8 0 0 11 10 15 9 25 26 31 0 27 28 24 30 23 18 19 20 16 17 22 21 53 0 0 50 51 48 49 52 0 40 46 41 43 0 42 47 0 36 0 0 33 35 38 34 64 0 5 1 2 6 0 7 
0 8 9 13 12 0 11 10 30 24 28 29 27 26 31 25 0 42 47 45 43 44 0 46 39 34 35 36 32 0 38 37 5 0 0 0 3 64 1 4 60 0 62 57 59 61 58 0 0 52 0 48 0 51 54 50 0 20 21 0 0 0 19 0 
33 0 28 32 31 34 30 0 49 0 0 48 46 45 50 44 0 61 0 64 62 63 59 1 0 53 54 55 51 52 57 56 0 26 25 0 0 19 0 0 0 11 17 12 0 0 13 18 8 0 10 3 4 0 9 0 35 39 0 36 37 41 38 42 
9 3 4 0 7 10 0 0 25 19 23 0 22 21 0 20 36 37 42 0 38 0 35 41 34 29 30 31 27 0 33 32 64 2 1 0 62 0 60 63 0 51 57 0 54 56 53 58 48 47 50 0 44 46 49 0 11 15 16 12 13 17 14 0 
25 0 20 0 23 26 22 21 41 0 39 40 38 37 0 0 52 0 58 56 0 55 0 0 50 45 0 47 43 0 49 48 16 18 17 13 0 11 0 0 7 3 0 4 0 8 5 10 0 63 2 0 60 0 1 61 27 31 32 0 0 33 30 34 
49 43 44 48 47 50 0 45 1 59 63 64 0 61 2 60 12 13 18 0 14 15 11 17 0 5 6 0 3 4 9 8 40 42 41 37 38 35 0 0 31 27 33 0 0 32 0 34 24 23 0 0 20 22 25 21 51 0 0 0 53 57 0 58 
0 35 36 0 39 42 38 0 0 0 55 56 54 53 58 0 4 5 10 8 0 7 3 9 2 61 0 0 0 60 1 0 0 34 33 0 0 0 28 0 23 0 25 20 22 24 21 26 16 0 18 11 0 0 17 0 43 47 48 44 0 0 46 0 
1 59 60 0 0 2 62 61 17 11 15 16 14 13 18 12 28 29 34 0 30 0 27 33 26 0 22 23 19 0 0 24 56 0 57 0 0 51 52 55 0 0 49 44 0 48 0 50 0 39 0 0 36 0 41 0 0 7 8 4 0 9 6 10 
57 51 52 0 55 58 54 53 9 3 7 0 6 5 10 4 20 0 26 24 0 0 19 25 18 13 14 15 0 12 17 16 48 0 0 0 0 43 0 47 0 0 41 36 38 40 0 42 32 0 34 27 0 30 33 0 59 0 64 60 61 0 62 2 
0 11 12 0 15 18 14 0 0 27 31 0 30 29 34 0 0 45 50 48 46 0 43 0 42 37 38 39 35 36 41 40 8 10 9 0 6 3 4 7 63 0 0 60 62 0 61 2 56 55 58 51 0 54 57 53 0 0 0 20 21 25 0 26 
0 44 45 0 48 51 47 46 2 0 64 1 0 62 0 0 13 14 0 17 15 16 0 18 0 6 7 8 0 0 10 9 41 43 42 38 39 36 37 40 0 28 0 0 31 33 30 35 0 0 0 20 0 23 26 22 52 56 57 53 0 0 55 0 
42 36 37 41 40 0 39 0 0 0 56 0 55 54 59 53 5 6 11 9 0 8 0 10 0 0 63 64 60 61 2 1 33 35 0 0 31 28 29 0 0 20 26 21 23 0 22 0 0 16 0 0 13 15 18 14 0 48 0 45 0 50 47 51 
58 52 53 57 56 59 55 54 10 4 0 9 0 6 0 5 21 0 27 0 23 24 20 26 0 14 0 0 12 0 0 0 0 51 50 46 47 0 45 48 0 36 42 0 0 41 38 43 33 32 35 0 29 31 34 0 60 0 1 61 62 2 63 3 
0 20 21 25 0 0 0 22 42 36 0 0 39 38 43 37 53 54 59 0 55 0 52 0 0 46 47 0 44 0 0 0 17 19 18 14 15 12 13 16 8 4 10 5 0 9 0 11 1 64 3 60 61 63 2 0 28 0 0 29 30 34 0 35 
10 0 5 9 8 11 0 6 26 20 0 0 0 22 0 0 0 0 0 41 39 40 36 42 0 0 31 32 28 29 34 33 0 3 0 62 63 0 61 64 0 0 58 53 55 57 0 0 0 0 51 44 0 47 50 0 12 16 0 13 14 18 15 0 
18 0 13 17 16 19 15 14 34 28 32 33 31 30 0 29 45 46 51 49 47 48 0 50 0 38 39 40 36 37 42 41 0 11 10 6 7 0 5 8 64 60 2 61 63 1 62 3 0 56 59 52 53 55 58 54 20 24 25 0 0 26 23 27 
2 0 0 1 64 0 0 62 18 0 0 0 0 14 0 0 29 30 35 33 31 32 28 34 27 22 23 0 0 0 26 0 57 59 0 54 0 52 53 0 0 44 0 45 0 49 0 51 41 40 43 36 37 39 42 0 4 0 0 0 6 0 7 11 
34 28 29 0 0 0 31 30 50 44 48 49 47 46 0 0 61 0 0 1 0 64 60 0 0 54 0 56 52 0 58 57 0 27 26 22 0 20 21 24 16 12 0 13 15 17 0 19 9 0 11 4 5 0 10 6 0 40 41 37 38 42 39 43 
32 26 0 31 0 0 29 0 0 42 46 47 0 44 49 0 59 60 0 0 61 0 58 0 57 0 53 54 50 51 56 55 23 25 24 20 21 0 0 0 14 10 16 11 13 15 0 17 7 6 9 2 3 5 8 0 34 38 39 0 36 0 37 41 
0 34 35 39 0 41 0 0 56 50 54 55 53 52 57 51 0 4 0 7 5 6 0 8 1 60 0 0 58 0 64 63 31 0 32 28 0 26 27 30 22 18 24 0 21 0 20 25 0 14 17 10 11 13 16 12 42 46 0 43 44 48 0 0 
64 58 59 63 0 1 61 60 16 10 14 15 13 0 0 11 0 28 0 31 0 0 26 0 25 20 0 22 18 19 0 0 55 0 56 52 53 50 0 54 0 42 48 43 45 0 44 49 39 38 41 34 0 0 40 36 0 0 7 3 0 0 5 9 
24 18 19 0 22 0 0 20 40 34 38 39 37 36 41 35 51 52 57 55 53 54 50 0 0 44 45 46 42 43 48 47 0 17 16 12 0 10 11 14 0 2 8 0 5 0 0 0 63 62 0 58 59 61 64 60 0 0 31 27 0 32 0 0 
16 0 0 15 14 17 13 0 32 26 30 0 29 0 33 0 43 0 49 0 45 46 42 48 0 0 37 0 0 35 0 0 7 9 8 4 5 0 3 0 0 0 64 59 61 0 60 0 55 54 57 50 0 53 56 52 18 22 23 19 20 0 21 25 
8 0 3 7 6 9 0 4 24 0 22 0 0 20 25 19 35 36 41 39 37 38 34 40 33 28 0 0 26 0 0 0 63 1 0 60 61 58 59 62 54 0 0 51 53 55 52 57 47 46 0 42 0 45 48 44 10 14 15 11 12 16 13 17 
48 42 0 47 46 49 0 44 0 58 62 63 61 60 1 59 0 12 17 0 13 0 10 16 9 4 5 6 2 3 8 0 0 41 0 36 37 34 0 38 30 26 32 27 29 0 28 33 0 0 25 18 19 21 24 0 0 54 0 51 52 0 53 57 
56 50 0 55 54 57 0 0 8 2 6 0 5 0 9 3 19 20 25 23 0 22 18 0 17 12 0 0 10 11 16 15 47 49 48 44 45 42 0 46 38 34 40 35 37 39 36 0 31 0 33 26 27 29 32 28 58 0 63 0 0 64 61 1 
59 53 54 58 57 60 56 0 11 0 0 10 8 7 12 6 0 0 0 26 24 25 21 27 20 0 16 17 0 14 19 18 50 0 0 47 48 45 46 49 0 0 43 38 40 0 39 0 0 33 0 29 30 32 35 31 61 1 2 62 0 3 64 0 
43 0 0 42 41 0 40 39 59 53 57 0 56 55 0 54 0 7 12 0 8 9 0 11 4 63 64 1 0 62 3 2 34 36 35 0 0 29 0 33 0 21 27 0 24 26 23 28 0 17 20 13 14 0 19 15 45 49 50 46 47 51 48 0 
19 13 14 18 0 20 0 15 0 29 0 34 32 31 0 30 0 0 0 0 48 49 0 51 44 39 40 0 37 38 0 0 0 12 11 0 8 5 6 9 1 61 0 62 0 2 63 4 58 0 60 53 54 0 0 55 21 0 26 22 23 27 24 0 
27 0 22 26 0 28 24 23 43 37 41 0 40 0 44 0 0 55 60 58 56 0 53 0 52 0 48 0 0 0 0 50 18 20 19 15 16 0 0 17 9 0 11 6 8 10 0 12 0 0 0 61 62 64 3 63 29 33 0 30 31 35 32 0 
0 5 0 10 9 0 0 0 27 21 25 26 0 23 0 22 38 39 44 42 40 41 37 43 0 0 32 0 29 30 35 0 0 0 3 63 0 61 62 1 57 53 59 54 56 58 55 60 50 0 52 45 0 48 0 0 13 17 18 14 15 19 16 20 
0 45 0 50 49 0 0 0 3 61 0 2 64 63 4 62 14 15 0 18 16 0 13 19 0 0 0 0 5 0 11 0 42 44 43 0 0 37 0 41 33 29 35 30 32 0 31 36 26 25 0 21 0 0 27 23 53 0 58 54 55 59 0 60 
0 61 0 2 1 4 0 63 19 0 17 0 16 15 20 14 30 31 0 34 0 33 29 35 28 23 24 0 21 0 27 26 58 60 59 55 56 53 54 0 49 0 51 46 48 0 47 52 0 41 44 37 38 40 0 0 0 9 10 0 7 0 8 12 
0 29 30 34 33 36 0 0 51 45 49 0 0 47 0 46 62 0 0 2 64 0 0 3 0 0 0 57 0 54 59 58 26 28 0 0 0 0 0 25 17 13 0 14 16 18 15 20 10 9 12 5 6 0 11 7 37 41 42 38 0 0 0 44 
45 39 40 44 43 46 42 41 0 55 0 0 0 57 62 56 8 0 14 12 10 11 0 13 6 1 2 0 63 0 0 4 36 0 37 33 0 0 32 35 27 23 29 24 26 0 25 0 20 19 22 15 0 0 21 0 47 51 52 48 49 53 50 54 
5 0 64 0 3 0 2 0 0 15 19 20 18 17 0 16 0 33 38 0 0 0 31 37 0 0 0 27 0 24 0 28 60 62 61 57 58 55 56 59 0 47 0 0 50 52 0 54 44 43 46 0 0 0 45 0 0 11 12 8 9 13 0 14 
0 0 32 36 35 38 34 0 53 0 51 52 50 0 54 48 64 1 0 4 0 3 63 5 62 0 0 59 55 0 61 60 0 30 29 25 26 23 0 27 19 15 21 16 0 20 17 22 12 11 14 7 8 0 13 9 39 43 0 40 0 0 42 46 
53 0 48 0 51 0 50 0 5 0 0 4 0 1 0 64 0 17 0 0 18 0 15 21 14 9 10 11 7 8 13 0 0 46 45 0 0 39 0 0 35 31 37 32 34 0 33 38 0 27 30 0 0 26 0 0 55 0 0 56 57 0 58 62 
0 55 0 60 59 0 58 57 13 0 11 0 10 0 14 8 0 0 0 0 26 27 23 0 0 17 18 0 15 16 21 20 52 0 53 0 0 0 48 0 0 39 45 0 42 44 41 46 36 35 38 31 32 34 37 0 63 3 0 0 1 5 0 6 
21 15 0 20 19 0 18 0 37 31 35 36 34 33 38 32 0 0 54 52 50 0 0 53 46 41 42 0 0 40 45 44 12 14 13 9 10 7 0 0 3 0 0 64 2 0 0 6 60 0 62 55 56 58 61 57 0 27 28 0 25 0 26 0 
13 7 8 12 11 14 10 9 29 23 27 28 26 25 30 24 40 0 46 44 0 43 0 45 38 33 34 35 0 0 37 36 4 0 5 1 2 63 0 0 59 55 0 0 58 60 57 62 52 0 54 0 0 50 0 0 15 19 20 0 17 21 18 22 
29 23 24 28 0 30 0 25 45 39 43 44 0 41 0 0 56 57 0 60 58 59 55 61 54 49 0 0 47 48 53 0 20 22 0 17 0 15 16 0 11 7 13 0 10 0 9 0 4 3 0 63 0 0 5 1 31 35 0 0 33 37 34 38 
12 6 7 11 10 13 0 0 28 0 26 27 0 0 29 23 39 40 0 43 0 0 0 0 37 0 33 34 30 0 36 0 3 0 4 64 1 0 0 2 58 54 60 55 0 59 56 61 51 0 0 46 47 49 52 48 14 0 19 0 16 20 17 21 
0 54 55 0 58 0 57 56 12 0 10 11 0 8 13 7 23 24 0 27 25 26 0 28 0 16 17 18 14 0 20 19 51 53 52 48 49 46 47 0 42 38 44 0 41 0 40 45 35 34 37 30 31 0 36 0 0 2 0 63 0 4 0 5 
36 0 0 35 34 37 33 32 0 46 50 51 49 0 0 0 63 64 5 3 1 2 0 0 61 56 57 0 54 0 60 0 27 29 28 24 25 0 23 26 18 14 0 0 17 19 0 0 0 10 13 6 0 9 12 8 38 42 43 0 40 44 41 45 
52 0 0 51 50 53 49 48 4 62 2 3 0 64 5 0 15 16 21 19 17 18 14 0 0 8 0 10 6 0 12 11 0 45 0 40 0 38 39 42 34 0 0 31 33 35 32 37 0 26 0 22 0 25 28 24 54 0 59 55 56 60 0 61 
4 62 0 3 2 5 1 0 20 14 0 19 17 16 0 0 31 32 37 35 33 34 30 36 29 0 25 26 0 23 0 27 59 61 0 56 57 0 0 58 50 46 52 47 49 51 48 53 43 42 45 38 0 41 44 0 6 0 11 7 8 12 0 13 
0 14 15 19 0 0 0 16 0 30 34 0 0 32 0 0 47 48 53 51 0 50 46 52 0 40 41 42 38 39 0 43 11 13 12 0 0 6 7 10 2 62 4 63 1 3 64 5 59 58 61 0 55 57 60 0 0 26 27 0 24 28 25 0 
0 22 23 27 0 29 25 24 0 0 42 43 41 0 0 0 0 56 0 59 0 58 54 0 53 48 49 50 46 0 52 0 19 0 20 0 0 0 15 18 10 6 12 0 0 11 8 13 0 2 5 62 63 0 0 64 30 0 35 31 32 0 33 37 
44 38 39 0 42 45 41 0 60 0 0 59 57 56 0 55 7 8 13 11 9 10 6 12 5 64 1 0 62 63 0 3 35 37 36 32 0 30 31 34 26 0 28 23 0 27 0 29 19 0 0 0 0 17 20 0 46 50 0 47 0 52 49 53 
0 17 18 22 21 24 0 0 0 33 37 38 36 35 0 34 50 51 56 54 0 53 49 55 48 43 0 45 0 42 47 46 14 16 15 11 0 9 0 13 5 1 7 2 4 0 3 0 62 61 64 0 58 60 0 0 25 0 30 26 27 31 28 0 
39 33 34 0 37 40 36 0 0 49 53 54 52 0 0 50 0 3 8 6 0 0 1 0 64 0 0 61 57 58 63 0 0 32 0 27 28 25 26 29 21 0 23 18 20 22 0 24 0 13 16 0 10 0 15 11 41 45 46 42 0 47 44 48 
0 25 26 0 29 32 28 0 0 41 45 46 0 43 0 42 58 59 0 62 60 61 0 63 56 51 52 53 49 50 55 54 22 0 0 19 20 17 18 21 13 0 15 10 12 14 11 0 0 5 8 0 0 4 7 3 33 37 38 0 35 39 36 40 
7 1 2 6 0 0 4 3 23 17 21 0 0 19 0 0 34 35 40 38 36 37 0 39 32 0 28 29 25 26 0 30 62 64 0 59 60 57 58 61 0 49 55 0 52 54 51 56 46 0 0 41 0 44 0 43 9 13 14 0 11 15 0 0 
15 9 10 14 13 0 12 11 31 25 29 30 0 27 32 26 42 0 0 46 44 45 41 47 40 0 36 0 33 34 39 0 6 8 0 3 0 1 2 5 61 57 63 58 60 0 59 64 54 53 0 0 0 52 55 0 0 21 22 18 19 23 0 0 
47 41 42 0 45 0 0 0 63 57 0 62 0 59 0 58 0 11 16 14 12 13 9 15 8 0 0 5 1 2 7 0 0 40 39 35 36 0 34 37 29 25 31 26 28 30 27 0 22 21 24 17 0 0 23 0 49 53 0 50 0 55 52 56 
63 57 0 0 0 64 60 59 15 9 13 0 12 11 16 10 26 27 32 30 0 29 0 0 24 19 20 0 17 0 0 22 54 56 55 51 52 49 50 53 45 41 47 42 44 0 43 48 38 37 40 33 34 36 0 35 1 5 0 2 3 0 4 0 
0 49 50 0 53 56 52 51 7 1 5 6 4 3 8 2 18 19 24 22 20 21 17 0 16 0 0 13 0 10 15 14 46 48 47 43 0 41 42 45 37 0 39 34 36 38 35 40 30 29 0 25 26 28 0 0 0 61 62 0 0 63 60 64 
