8
0 33 38 0 31 34 37 32 0 56 58 0 59 62 57 61 0 9 11 10 13 12 14 7 49 47 0 54 53 51 48 50 15 0 21 0 17 0 16 22 0 45 0 46 42 43 40 0 1 5 2 64 4 0 6 3 0 0 23 24 0 30 27 25 
59 0 62 60 55 58 61 56 0 16 18 15 19 22 17 21 0 33 35 34 0 36 38 31 0 7 0 14 13 11 8 10 0 0 0 42 41 0 40 46 4 0 0 6 2 3 64 1 25 29 26 24 28 0 30 0 0 53 47 0 50 0 0 49 
27 0 30 28 23 26 0 0 52 48 50 47 51 0 0 53 0 1 0 0 5 0 6 0 41 0 0 46 0 43 0 42 0 11 0 0 0 12 8 14 36 0 31 0 0 35 32 33 57 61 58 0 60 55 62 59 0 0 15 16 0 22 19 17 
0 0 46 44 0 42 45 40 4 0 2 0 0 6 1 0 16 17 19 18 21 0 0 0 0 55 60 0 0 59 56 0 23 27 0 26 0 28 24 30 52 53 47 54 50 51 48 49 0 13 10 8 0 0 14 0 0 37 31 32 0 0 35 0 
11 9 0 12 0 10 13 8 36 32 34 31 0 0 0 37 0 49 0 50 53 0 0 0 0 0 28 30 29 27 0 26 55 59 61 58 57 60 56 62 20 0 0 0 18 19 0 17 0 0 0 0 44 39 46 43 0 5 63 64 2 6 3 1 
51 0 0 52 47 50 53 0 12 8 0 7 11 14 9 13 24 25 27 26 29 28 30 23 1 63 4 6 5 3 64 2 31 35 37 0 33 36 0 38 60 61 55 62 58 0 56 57 0 21 18 16 0 15 22 0 0 45 39 0 42 0 43 41 
3 1 6 4 63 2 5 64 28 24 0 23 27 30 25 29 40 41 43 42 45 44 46 39 17 0 20 0 0 19 16 18 0 0 53 50 49 0 48 0 0 0 0 0 10 11 8 9 0 0 34 32 36 31 38 0 60 0 55 56 0 0 59 57 
0 17 0 20 15 18 0 16 44 40 42 39 43 0 41 45 56 0 59 58 0 60 0 55 33 31 36 38 37 35 32 34 63 3 0 0 1 4 64 6 28 29 23 30 26 0 24 25 0 53 0 0 0 0 54 51 12 13 7 0 10 14 0 9 
18 16 0 19 0 0 0 0 43 0 41 38 42 45 40 0 55 56 58 57 60 0 61 54 32 0 0 0 36 0 31 33 62 0 4 1 64 0 63 0 27 0 22 0 25 26 0 24 48 52 0 0 51 46 53 50 0 12 0 0 9 0 10 0 
42 40 45 0 38 0 44 39 0 63 1 0 2 0 64 4 0 16 18 17 0 19 21 14 56 54 59 61 60 58 55 0 22 26 28 25 0 27 23 29 51 52 46 0 0 0 47 48 8 12 9 7 11 6 13 10 35 36 30 31 0 37 34 0 
34 32 37 35 30 33 36 31 59 0 0 54 58 61 0 60 0 0 0 0 0 11 0 0 48 46 51 53 52 50 0 0 14 0 20 0 0 19 15 21 43 44 38 0 41 42 39 0 0 4 1 63 3 62 5 2 0 0 22 0 0 0 0 24 
0 48 0 51 0 49 52 47 11 7 0 6 10 0 8 12 23 0 0 0 0 0 0 0 0 62 3 5 4 2 0 0 30 0 36 33 0 35 31 37 0 0 54 61 57 58 55 56 0 20 17 15 19 0 21 18 43 44 38 39 41 45 42 0 
58 56 61 59 54 57 60 55 19 0 17 0 18 21 16 20 0 32 34 33 0 35 37 30 8 6 11 13 0 10 0 9 38 42 44 0 40 43 39 45 3 4 62 5 0 2 63 64 0 28 0 23 27 0 0 0 51 52 0 0 0 53 50 48 
2 64 0 0 62 1 4 63 27 23 25 22 26 29 24 28 39 0 42 41 44 0 0 38 16 14 19 0 0 18 15 0 46 50 52 0 48 51 0 53 11 12 0 13 0 0 7 8 32 36 0 31 35 0 0 34 59 60 0 55 57 61 58 0 
26 24 29 27 22 25 28 0 51 47 0 0 0 53 48 52 0 64 2 1 0 3 5 0 40 38 43 45 44 42 39 41 6 10 12 9 8 11 7 0 35 0 30 37 0 34 31 32 56 60 57 55 0 0 61 58 0 20 14 15 17 21 0 0 
10 8 13 11 6 0 0 7 35 0 33 0 34 37 32 36 0 48 50 49 0 0 53 46 24 0 27 29 0 26 0 25 54 0 60 57 56 59 55 61 19 0 0 21 17 18 15 16 0 0 0 39 43 38 45 42 3 0 62 63 1 5 2 64 
0 31 36 0 29 32 0 30 0 54 56 53 0 60 0 0 6 7 9 8 11 10 12 5 47 0 50 52 51 49 0 0 13 0 0 0 15 18 14 20 42 43 37 0 40 41 0 39 63 0 64 62 2 61 4 1 26 0 0 0 0 28 25 23 
0 55 60 0 53 56 0 54 18 0 16 13 17 20 15 0 0 0 33 0 35 34 36 29 7 5 10 0 11 9 6 8 37 41 0 40 39 42 38 0 2 3 0 4 0 1 0 63 23 27 0 0 0 21 0 25 0 51 45 0 0 0 49 47 
9 7 12 10 5 8 11 6 34 0 32 29 0 36 31 35 46 47 49 48 51 50 52 45 23 21 26 28 0 25 22 24 53 0 0 56 0 0 54 60 18 19 13 20 16 17 14 15 39 43 40 38 42 37 0 41 2 3 61 62 64 0 1 63 
1 63 4 2 61 0 0 0 0 0 0 21 25 28 23 0 38 0 41 40 43 42 0 37 15 0 0 20 19 17 14 16 45 49 0 48 47 0 0 52 0 11 5 0 8 0 6 7 31 35 32 30 34 29 36 33 0 0 0 54 56 0 57 55 
25 23 28 0 0 24 27 22 50 46 0 45 49 52 0 51 62 63 1 64 3 0 4 61 39 0 42 44 43 0 38 40 5 0 0 8 7 0 0 12 0 35 29 36 32 0 30 31 55 59 56 54 58 53 60 57 18 19 13 14 16 20 0 15 
41 39 44 0 37 40 0 38 0 62 64 0 1 0 63 0 14 15 17 16 19 18 20 0 55 53 58 60 0 57 54 56 21 25 27 24 0 26 0 28 50 51 45 52 48 49 0 47 0 0 8 6 0 5 12 0 0 35 29 30 32 0 33 0 
0 47 52 0 0 48 51 46 0 6 0 5 9 0 7 0 0 23 0 24 27 26 28 0 63 0 2 4 0 1 62 0 0 33 35 32 31 0 0 0 0 0 53 60 0 57 54 0 0 0 16 0 18 0 20 17 42 43 37 38 40 44 41 39 
17 15 0 0 13 16 19 14 0 0 40 37 41 0 39 0 54 0 0 56 59 58 60 53 0 29 34 36 35 33 30 32 0 0 3 0 63 2 62 4 26 27 21 28 24 25 0 23 0 51 48 0 50 45 52 49 10 11 0 0 0 12 0 0 
32 30 35 33 28 31 34 29 57 53 55 52 56 0 54 58 5 6 8 7 0 9 11 4 46 0 0 0 50 48 0 0 12 0 18 0 0 0 13 19 0 42 0 0 39 40 37 38 62 0 63 61 0 60 3 64 25 26 20 0 0 27 24 22 
40 0 0 41 36 39 42 0 0 0 63 60 64 3 62 2 0 0 16 0 0 17 19 12 54 52 0 59 0 56 0 0 20 24 26 23 22 25 0 27 49 50 0 0 47 48 0 46 6 0 7 5 9 4 0 0 33 34 28 29 31 35 32 30 
56 0 0 57 52 55 58 53 17 13 15 12 0 0 0 0 29 30 0 31 0 33 35 28 6 0 9 11 0 8 5 7 36 40 42 39 38 41 0 0 1 0 0 3 63 64 61 62 22 0 23 21 25 0 27 24 0 50 44 45 0 51 48 0 
16 0 19 17 0 15 18 13 0 37 39 36 40 43 38 42 53 54 56 55 58 57 59 52 0 28 33 0 34 32 0 0 60 64 0 63 62 1 61 3 0 0 20 27 23 0 0 22 0 50 47 45 49 44 51 0 9 10 4 0 0 11 0 6 
8 6 0 9 0 0 10 0 33 0 31 28 32 35 0 34 45 46 0 0 50 49 51 0 22 0 25 27 0 24 21 23 52 56 0 55 54 57 0 59 17 0 0 19 15 0 13 14 38 42 39 0 41 36 43 40 0 2 0 61 0 3 64 62 
64 0 3 1 60 0 0 61 25 0 0 0 24 0 22 26 0 38 0 0 42 41 0 36 0 12 17 0 18 16 13 0 44 48 50 47 46 0 45 51 0 10 4 11 7 8 5 0 30 34 31 0 33 28 35 32 57 58 52 53 55 59 56 54 
24 22 0 25 0 0 26 0 0 45 47 0 0 51 0 0 61 62 64 63 0 0 3 60 0 36 0 43 42 40 0 0 4 8 10 0 6 9 5 11 0 34 0 35 31 32 29 30 54 58 0 0 57 52 59 56 0 18 12 13 0 19 16 14 
48 0 51 49 44 47 50 0 0 5 7 4 8 11 0 10 0 22 24 0 26 25 0 0 62 0 0 3 0 0 0 63 28 32 34 0 30 33 29 35 0 58 52 59 55 56 53 54 14 0 0 13 17 12 19 16 41 42 36 37 39 43 0 0 
30 28 0 0 26 29 32 27 55 0 53 0 54 57 0 56 3 4 6 5 8 7 9 2 44 0 0 49 48 0 0 45 10 14 16 13 12 15 0 0 39 0 34 41 37 38 0 0 60 0 0 59 0 0 1 62 0 0 18 19 21 0 22 20 
6 4 9 0 2 0 8 0 31 27 29 26 30 33 28 32 0 44 46 45 48 0 49 42 0 18 23 0 0 22 19 21 0 54 56 53 52 55 51 57 15 16 0 17 13 0 11 0 36 0 37 35 39 34 0 38 63 64 0 59 61 1 62 0 
54 52 0 55 50 53 56 51 15 11 13 10 14 0 12 16 27 0 0 29 0 0 33 26 0 2 7 0 0 6 3 5 34 38 0 37 36 39 35 0 63 0 58 1 0 0 59 60 0 24 21 19 0 0 25 22 47 48 0 43 45 49 0 44 
14 0 17 15 10 13 0 0 0 35 37 34 38 41 36 40 51 52 54 0 56 55 57 50 28 26 31 33 32 30 27 29 58 0 64 61 60 63 59 1 23 24 18 25 21 0 19 0 0 48 45 43 47 42 49 46 7 0 2 0 5 0 6 0 
46 44 49 47 42 0 48 43 0 3 5 0 6 9 4 0 19 20 22 21 0 23 0 0 60 0 63 1 64 0 59 61 0 30 32 29 0 31 27 0 0 0 50 57 53 54 51 52 12 16 13 11 15 10 0 14 0 40 0 0 37 0 38 0 
22 0 0 0 18 21 0 19 47 0 45 0 0 0 44 0 59 0 62 61 64 63 0 0 36 0 39 0 0 38 35 0 2 6 0 5 4 0 3 0 0 32 26 33 29 0 0 28 52 56 0 51 55 0 57 54 15 16 10 0 0 17 0 12 
62 0 1 63 58 61 0 59 23 19 0 0 0 25 0 24 35 36 38 37 40 39 41 34 12 10 15 0 16 14 11 13 42 46 0 45 44 47 0 49 7 8 0 9 5 6 3 4 28 0 0 0 31 26 0 30 0 0 0 51 53 0 0 52 
0 36 0 39 34 37 40 35 63 59 0 58 62 1 60 0 0 12 0 0 16 15 0 10 0 0 55 57 56 0 0 0 18 22 24 21 20 23 0 25 47 48 42 49 45 46 0 44 4 8 5 3 0 2 0 6 31 32 26 27 29 33 30 28 
44 42 0 0 0 43 0 41 5 1 3 0 4 0 2 6 0 18 20 19 22 21 0 16 58 0 61 63 62 60 0 59 24 0 0 27 26 29 25 31 53 0 48 0 51 52 0 0 0 14 11 9 13 8 15 12 0 38 32 0 0 39 0 0 
4 2 0 5 0 0 0 0 29 25 0 24 28 31 0 30 41 42 44 0 46 0 47 0 18 0 0 23 22 20 17 19 48 52 0 0 50 0 0 0 0 0 8 15 11 12 0 10 34 38 0 0 37 0 0 36 0 62 56 57 59 0 60 58 
36 34 39 37 32 35 38 33 61 0 59 56 60 63 58 0 9 10 0 11 14 13 15 8 50 48 53 55 54 0 49 51 0 20 22 19 18 21 17 0 45 46 40 47 0 0 0 42 0 0 0 0 0 64 7 4 29 30 24 25 27 31 28 26 
60 58 63 61 56 59 62 57 0 17 19 16 0 23 18 22 33 34 36 35 38 0 39 32 10 8 13 15 0 12 0 0 0 44 46 0 42 45 0 0 0 6 64 7 3 0 0 0 26 0 27 0 0 24 0 28 0 54 48 49 51 55 0 50 
12 10 0 13 8 11 14 9 37 33 35 0 36 39 34 0 49 0 52 51 54 53 55 48 0 24 29 31 0 28 0 0 56 60 62 59 58 0 57 63 21 0 0 0 19 20 17 18 42 46 0 41 45 40 0 0 0 6 64 1 0 7 0 2 
20 0 0 21 16 19 22 17 45 41 43 0 44 47 42 46 57 58 60 59 62 0 63 56 0 32 37 0 38 0 0 35 64 0 6 3 2 5 1 7 29 30 0 0 27 28 25 26 50 0 0 0 0 48 55 52 0 14 8 0 11 15 0 10 
28 26 31 29 24 0 0 25 53 0 51 48 52 55 0 54 0 2 4 3 6 5 7 0 42 0 0 47 0 44 0 0 8 0 0 11 0 13 0 15 37 38 32 39 35 36 33 34 0 62 59 57 61 56 63 0 21 22 0 17 19 23 0 18 
0 50 55 0 48 0 0 49 0 0 11 8 12 15 10 14 25 0 28 0 30 0 0 0 2 64 0 7 6 4 0 0 32 36 38 35 34 37 33 39 61 62 56 63 59 0 57 58 18 22 19 17 0 0 23 0 45 46 40 41 43 0 44 0 
0 51 56 54 0 0 0 50 0 10 12 9 0 16 11 0 0 27 29 28 0 30 32 0 0 1 0 8 7 5 0 0 33 37 39 0 0 38 34 0 0 0 57 64 0 61 0 59 19 23 20 18 0 17 24 21 46 47 41 42 44 0 45 43 
5 3 8 0 0 4 0 2 30 26 0 25 29 0 27 0 42 0 45 44 47 46 48 41 0 17 22 24 23 21 0 20 49 0 55 52 51 54 0 56 0 15 9 16 0 0 10 11 0 39 0 34 38 0 0 37 62 63 57 0 60 64 61 59 
61 59 64 0 0 0 0 0 0 0 20 17 21 24 19 23 34 35 37 0 39 38 40 33 11 9 14 0 15 13 0 12 41 45 47 0 43 46 42 48 6 7 0 8 0 5 2 3 27 0 0 26 0 25 32 0 54 55 49 50 52 0 53 0 
21 0 0 22 0 20 23 18 0 0 44 41 0 48 43 47 0 59 61 60 63 62 64 0 0 33 38 40 0 37 0 0 1 5 0 4 0 6 2 0 30 31 25 0 28 29 26 27 51 0 52 0 54 0 0 53 14 15 9 10 12 16 13 11 
45 0 48 46 41 44 47 42 6 2 4 1 0 8 0 0 18 19 21 0 23 22 24 0 59 57 0 64 63 0 58 60 25 29 31 0 27 30 0 0 54 0 49 0 0 53 50 51 11 0 12 10 0 9 16 13 0 39 0 34 36 40 37 0 
0 11 16 14 9 12 15 10 0 0 0 33 0 40 35 0 50 51 53 52 55 54 0 0 27 25 0 32 31 29 0 28 57 61 63 60 0 62 58 0 22 0 17 24 0 0 18 19 43 47 44 0 0 0 0 45 0 7 1 2 4 0 5 3 
37 0 40 0 33 36 0 34 62 0 60 0 61 64 0 0 0 0 0 0 15 0 16 9 0 49 0 0 55 53 0 52 17 21 23 20 19 22 18 24 0 0 41 48 44 45 42 43 3 0 4 0 0 0 0 0 0 31 0 26 0 32 29 27 
29 0 0 30 0 28 0 26 54 50 52 49 53 0 0 55 2 0 5 0 7 6 8 1 43 0 46 48 47 0 42 44 9 13 15 0 11 14 0 16 38 0 33 40 36 0 0 35 0 63 60 58 62 57 0 61 0 23 17 18 20 24 21 0 
0 13 18 0 0 0 17 12 40 36 38 0 39 42 0 41 52 53 55 0 57 56 58 0 0 27 32 0 0 31 28 30 59 63 1 62 61 0 60 0 24 25 0 26 22 0 20 21 45 0 0 44 48 43 50 47 8 9 0 0 6 10 7 5 
0 45 0 48 43 0 0 44 0 0 0 3 7 0 5 9 20 0 23 22 25 24 26 19 61 59 64 0 0 63 0 62 27 31 33 30 29 32 28 34 56 0 0 58 0 55 52 53 13 17 14 12 0 11 18 15 40 41 35 36 38 42 39 37 
0 21 0 24 19 0 25 20 0 44 0 43 47 50 45 49 0 61 63 0 1 64 0 0 37 35 40 42 41 39 36 38 3 7 9 6 5 0 4 10 0 33 27 34 30 31 0 0 0 0 0 52 0 51 58 0 0 17 11 12 14 18 15 13 
31 0 34 0 0 30 33 28 0 52 54 0 55 0 53 0 4 5 0 6 9 8 0 3 0 43 48 50 0 47 44 46 11 15 17 0 13 16 12 0 40 41 35 42 38 39 36 37 61 0 0 60 0 0 0 63 24 25 19 20 0 26 23 21 
7 5 10 8 3 0 0 4 32 28 0 0 0 0 29 33 44 45 47 46 49 0 50 43 21 0 24 26 0 23 20 0 0 0 57 0 53 56 52 0 16 0 11 18 14 15 12 13 0 41 38 36 40 35 42 39 64 0 0 60 62 2 63 0 
63 61 0 0 0 62 0 60 24 0 0 0 23 26 21 25 36 37 39 0 0 40 42 0 0 11 0 18 17 15 0 14 43 47 0 0 45 0 44 50 8 0 3 10 6 7 4 0 29 33 0 28 32 0 0 31 0 57 51 52 54 0 55 0 
55 0 58 56 0 54 0 52 16 12 14 11 15 18 13 17 28 29 31 30 33 32 34 27 0 3 8 0 0 7 4 6 35 0 41 38 0 40 36 42 64 1 59 2 62 63 60 0 0 0 22 20 0 19 26 23 48 49 0 44 46 0 47 45 
0 37 0 0 0 38 0 36 64 0 0 0 63 2 0 1 12 13 15 14 17 0 18 11 53 51 56 58 57 0 52 0 19 23 0 0 21 24 20 26 48 49 43 50 0 47 44 0 5 9 6 0 8 3 10 7 0 33 0 28 30 34 0 29 
