8
53 0 54 55 58 59 57 56 0 20 26 25 21 24 23 27 39 40 0 37 42 41 43 36 0 60 2 61 63 62 0 0 33 30 29 28 35 34 31 32 19 14 13 0 0 18 16 17 5 4 0 6 0 9 11 10 51 45 47 0 48 46 44 50 
37 36 38 39 42 43 41 40 6 4 0 9 5 8 7 11 23 24 22 21 0 0 27 20 51 44 50 45 47 46 0 49 17 14 13 0 19 0 15 0 3 62 61 60 0 0 64 1 53 52 55 54 56 57 59 58 35 29 31 33 0 0 28 34 
61 0 62 63 0 0 1 64 30 0 34 33 0 32 31 35 47 48 46 45 50 49 0 44 11 4 0 5 7 6 0 0 41 38 0 36 43 42 39 40 27 22 21 20 23 26 0 25 0 12 15 0 16 17 19 18 59 53 55 57 56 54 52 58 
0 0 30 31 0 35 33 32 62 60 0 0 0 64 63 0 0 0 14 13 18 17 0 12 0 36 42 37 39 38 40 41 9 6 0 4 11 0 0 8 0 54 0 0 55 58 0 0 45 44 47 0 0 49 51 50 27 0 0 25 24 0 20 26 
13 12 14 15 18 19 17 16 0 44 50 0 45 48 47 51 63 0 62 61 2 0 0 60 27 20 26 21 23 22 24 0 57 0 53 52 59 58 0 56 43 38 37 36 0 42 40 0 29 28 0 30 32 33 35 34 11 5 7 9 8 0 4 10 
5 4 6 7 10 11 9 8 0 0 42 0 37 0 39 0 55 56 54 0 58 57 59 0 19 12 0 13 15 14 16 17 0 46 45 44 0 0 0 48 35 30 29 28 0 34 32 33 21 20 0 0 24 25 27 26 0 0 0 1 64 62 60 2 
0 20 22 23 26 0 0 24 54 52 0 57 53 56 55 59 7 0 6 0 10 0 11 4 0 28 0 0 31 30 32 33 1 62 0 60 3 2 63 64 0 0 0 44 47 50 48 49 0 36 39 0 0 41 43 42 19 13 15 17 16 14 0 0 
45 44 46 47 50 0 49 0 14 0 18 17 13 0 15 19 31 0 30 29 34 33 35 28 0 52 58 53 0 54 56 57 25 22 21 20 27 26 23 0 11 6 5 4 7 10 8 9 0 60 63 62 64 1 3 2 0 37 0 41 0 38 36 42 
9 8 0 0 14 0 13 12 42 40 46 45 41 44 43 47 0 60 0 57 62 0 63 0 23 16 22 0 0 18 0 21 53 0 49 48 55 54 0 52 0 34 33 32 35 38 36 37 25 24 27 26 0 29 31 30 7 0 3 5 4 2 64 6 
0 32 0 0 0 39 37 0 2 64 6 5 1 0 3 7 0 20 18 17 0 21 23 16 0 40 46 0 43 42 0 45 0 10 9 8 15 14 11 12 63 0 0 56 59 62 60 61 49 48 51 50 52 53 55 0 31 0 0 29 0 26 0 0 
41 0 0 43 46 0 45 44 0 0 14 13 0 12 11 0 0 0 26 25 30 29 31 24 55 0 54 49 51 0 0 53 21 18 0 16 23 22 19 20 7 0 0 64 3 0 4 5 57 56 59 0 0 61 63 62 39 33 35 37 36 34 32 38 
49 48 0 0 0 55 53 0 18 16 22 21 17 20 19 23 35 36 0 0 0 37 39 32 63 0 62 0 59 0 60 61 29 0 25 24 31 30 27 0 15 10 9 8 11 0 0 13 0 64 3 0 4 5 7 0 47 41 43 45 44 0 40 46 
57 56 58 59 62 63 61 60 0 24 30 29 25 28 27 31 43 44 42 41 46 45 0 0 7 0 6 1 0 0 0 5 37 34 33 0 39 0 35 36 23 0 17 0 19 0 20 21 9 0 11 10 12 13 15 0 0 49 51 53 0 0 0 0 
25 24 26 0 30 31 29 28 0 56 0 61 0 0 59 0 11 12 0 9 14 0 15 8 39 0 0 33 35 34 36 0 5 0 1 0 0 0 3 0 55 0 49 0 0 54 52 53 41 40 0 42 0 45 0 46 23 0 19 21 20 0 16 22 
0 0 18 19 22 23 21 20 50 0 0 53 49 52 51 0 3 0 2 1 0 0 0 64 31 24 0 25 0 26 0 29 61 58 57 56 63 62 59 60 47 42 41 40 0 46 44 0 33 32 35 34 36 0 39 38 15 9 11 0 12 10 0 14 
0 64 2 0 6 0 0 4 34 32 38 0 33 36 0 39 51 52 50 49 0 53 55 48 0 8 14 9 11 0 0 0 45 0 41 40 47 46 43 0 0 0 25 24 0 30 0 29 17 16 0 18 20 21 0 22 63 57 0 61 60 0 56 62 
15 0 16 17 0 0 0 0 48 46 52 0 47 0 49 0 1 2 64 63 4 3 5 62 29 22 28 23 25 0 0 27 0 0 0 54 0 60 57 0 45 40 39 0 41 44 42 0 31 30 33 32 0 35 0 36 0 0 9 11 0 0 6 12 
0 22 0 0 0 0 27 26 56 54 60 59 55 58 0 61 9 0 8 7 12 11 13 6 0 30 36 0 33 0 34 35 0 64 63 62 0 4 1 2 53 0 0 46 0 52 50 51 39 0 0 40 42 0 45 44 0 15 17 19 18 16 14 20 
31 30 32 33 0 37 35 34 64 62 4 0 63 0 1 5 17 18 16 15 20 19 21 14 0 38 44 0 0 0 0 43 11 8 7 6 0 12 9 10 0 56 0 54 57 60 58 59 47 46 0 48 50 0 0 52 29 23 0 27 0 24 0 0 
55 54 56 57 60 61 0 58 24 22 28 27 23 26 0 29 41 0 0 39 44 43 0 38 0 62 0 0 1 64 2 3 35 32 31 30 37 0 33 34 21 16 15 14 17 20 18 19 7 6 9 0 10 11 0 12 53 47 0 0 50 0 46 0 
47 46 0 49 52 53 51 50 0 0 20 19 0 18 17 21 0 34 32 31 36 35 37 30 61 54 60 55 0 56 0 0 27 24 23 22 0 28 25 26 13 8 7 6 9 12 10 11 0 62 1 64 0 3 5 4 45 0 41 0 42 40 0 44 
7 0 8 9 12 13 11 10 40 0 0 43 39 0 41 45 57 58 0 0 60 59 61 0 0 14 0 15 17 16 18 19 51 0 47 46 53 52 49 0 37 32 31 30 33 0 0 35 23 22 0 24 26 27 29 28 5 0 1 3 2 64 62 0 
63 62 64 1 4 5 0 2 0 30 36 35 31 0 33 0 49 50 0 47 52 51 53 46 0 6 0 7 9 0 10 0 43 0 0 38 45 0 41 0 0 24 23 0 25 0 26 27 15 14 17 16 18 0 21 0 61 55 57 59 0 0 54 60 
39 0 40 41 44 45 43 0 8 6 12 11 7 0 9 0 0 0 24 23 28 27 29 22 53 46 0 47 0 0 50 51 19 16 15 14 0 0 17 18 5 0 63 62 0 0 2 3 0 54 57 0 58 0 0 0 37 0 33 0 34 0 30 36 
2 1 3 4 0 0 0 0 35 33 0 38 0 37 0 40 52 0 51 0 55 54 56 49 16 0 15 10 0 11 13 14 46 43 42 41 48 47 44 45 32 27 26 25 0 31 0 30 18 17 20 19 21 0 24 23 64 58 0 62 61 0 57 63 
0 0 35 0 39 40 38 37 3 1 0 0 0 0 0 8 20 0 0 18 23 22 0 0 48 41 47 0 44 43 45 0 14 0 10 9 16 0 0 0 64 59 58 0 60 63 61 62 0 49 52 51 0 54 56 0 32 26 28 30 0 0 25 0 
42 41 43 0 47 48 46 45 0 9 0 14 10 13 12 0 0 0 0 26 31 30 0 25 56 49 0 50 52 51 53 54 22 19 18 0 24 23 20 21 0 3 0 1 4 0 5 6 58 57 60 59 61 62 0 63 40 0 36 38 37 35 0 39 
18 0 19 20 23 24 0 0 51 0 0 0 50 53 0 0 4 0 0 2 7 0 0 1 32 25 31 26 28 0 0 0 62 59 0 57 64 63 60 0 0 43 42 41 44 47 45 0 34 0 0 35 37 0 40 39 16 10 12 0 13 11 9 0 
50 0 51 52 0 56 54 53 19 17 23 22 18 0 20 0 36 37 35 34 39 38 40 0 64 57 0 58 60 59 61 62 0 27 26 25 32 31 28 29 16 11 10 0 0 0 0 0 2 1 4 3 5 0 0 7 48 42 44 0 45 43 41 0 
26 25 27 28 31 32 30 29 0 57 63 62 0 0 60 0 12 13 11 10 15 0 0 0 40 33 39 0 0 35 37 0 6 3 2 1 8 7 0 5 0 51 50 0 52 55 0 0 0 41 44 0 45 0 48 47 0 18 20 0 0 19 0 23 
10 9 11 0 15 0 0 13 43 0 47 46 0 0 44 48 60 61 59 0 63 62 64 0 0 17 0 18 20 0 21 22 54 0 50 49 56 0 0 53 0 0 34 33 36 39 37 0 26 25 28 27 0 0 32 0 8 2 4 6 0 3 1 7 
58 57 59 60 0 64 62 61 0 0 0 30 26 0 28 32 44 45 0 42 47 46 48 0 8 1 7 0 4 3 0 6 0 0 34 0 40 0 36 37 0 19 18 17 20 23 21 22 10 9 12 11 13 14 0 0 56 0 52 54 53 51 0 55 
0 0 1 2 0 6 4 3 33 31 37 36 32 35 0 38 50 51 0 48 53 52 54 47 14 7 0 8 10 0 0 12 44 41 40 39 46 0 42 0 30 25 0 23 26 0 27 28 16 15 18 17 0 20 22 21 62 56 0 0 59 57 55 0 
40 0 41 42 45 46 44 0 9 7 13 12 0 11 10 0 26 27 25 24 29 0 30 23 54 47 53 48 50 0 51 52 20 17 16 0 0 0 0 0 6 1 0 63 2 5 3 4 0 55 58 57 59 60 0 61 38 32 34 36 35 33 0 0 
56 0 57 58 0 62 0 59 0 0 29 28 24 27 26 30 42 43 0 40 45 44 0 39 0 63 5 64 0 1 0 4 0 0 32 31 38 37 34 0 0 17 16 15 18 21 19 0 8 7 0 9 11 12 0 13 54 48 50 52 51 49 47 53 
48 47 0 0 0 0 0 51 17 15 21 0 0 19 18 0 0 35 0 0 37 36 38 31 62 55 61 56 58 57 59 60 28 25 0 23 30 29 26 27 14 0 8 0 0 13 11 12 64 0 0 1 3 4 6 0 46 40 42 44 43 41 39 0 
0 7 9 10 0 0 12 11 41 0 45 44 0 0 42 46 58 0 57 0 0 60 62 55 22 0 21 0 0 0 19 0 52 49 48 47 54 53 50 0 0 33 32 31 34 37 35 0 0 23 26 25 0 0 30 29 0 0 2 0 0 1 63 5 
0 31 33 34 37 0 36 0 0 63 5 4 64 3 2 0 0 19 17 0 0 20 0 15 46 39 45 0 0 41 0 0 12 0 8 7 0 13 0 11 0 0 0 55 58 0 0 60 0 0 0 49 51 52 54 53 30 0 26 28 0 25 23 29 
24 23 0 26 0 0 28 27 57 55 61 60 56 0 0 62 10 11 9 8 13 12 14 7 0 0 37 32 34 33 35 36 0 1 0 63 6 5 2 3 54 49 48 47 50 53 51 52 40 0 42 0 43 44 46 45 22 16 18 0 0 17 15 21 
0 0 17 18 21 0 20 19 0 47 53 52 48 51 0 54 2 3 1 64 5 4 6 63 30 23 29 24 0 25 0 0 60 0 56 55 62 61 58 0 0 41 40 39 42 45 43 44 32 0 34 33 0 36 0 0 0 0 10 0 0 9 7 13 
38 37 39 0 43 44 42 0 0 5 11 0 6 9 0 12 0 25 23 22 27 0 0 0 52 0 51 46 48 47 49 0 18 0 0 13 20 19 16 0 4 63 62 61 0 0 1 2 54 53 0 55 57 0 60 0 0 30 32 0 33 0 29 35 
0 0 7 8 11 0 10 9 39 0 43 42 38 0 40 44 56 57 55 0 59 0 60 53 20 13 19 14 16 0 17 0 50 0 46 0 52 51 48 0 0 31 30 0 32 35 33 0 22 21 24 23 0 26 28 27 4 62 64 2 1 63 61 3 
14 13 15 16 0 20 0 0 47 45 51 0 46 49 48 52 0 1 0 0 3 2 0 61 28 0 27 0 24 23 25 0 58 55 54 53 60 0 56 57 44 39 0 0 40 0 41 42 0 0 32 31 33 34 0 35 12 6 8 10 9 7 0 0 
0 29 31 32 0 36 34 33 0 61 3 2 62 1 0 0 16 17 15 14 19 18 20 0 44 37 43 38 40 39 0 42 10 0 0 5 12 0 0 9 0 55 0 53 56 0 57 0 0 45 48 47 0 50 52 51 0 22 0 0 25 23 0 27 
54 53 55 56 0 0 58 57 23 21 27 26 22 25 24 28 40 41 39 0 0 42 44 0 4 61 0 62 64 63 1 2 0 31 30 29 0 35 32 33 0 15 14 13 16 19 17 18 0 5 8 0 0 10 0 11 52 46 48 50 49 47 45 51 
46 45 47 48 51 0 50 49 15 0 19 0 14 17 16 20 0 33 31 0 35 34 36 0 60 53 59 54 56 55 57 0 26 23 22 21 28 27 24 0 12 7 0 0 0 11 9 10 0 61 64 0 1 0 4 0 44 0 0 42 41 39 0 43 
0 61 63 64 0 0 0 1 31 29 35 34 30 33 0 36 48 49 0 46 0 0 52 0 0 5 11 6 0 7 9 10 42 0 38 0 44 0 0 41 28 23 0 21 24 27 25 26 0 13 16 15 17 18 0 19 60 0 0 58 57 55 53 59 
22 21 0 0 27 28 26 0 55 53 59 58 54 57 56 60 0 9 7 6 11 0 12 5 36 29 35 0 32 31 0 34 2 0 62 0 4 3 64 1 52 47 46 0 48 0 49 50 38 0 40 0 0 42 44 43 0 14 16 0 17 0 13 19 
0 19 21 0 25 0 0 23 53 51 57 56 52 55 54 58 6 7 0 0 9 8 10 3 0 27 33 28 30 29 31 32 64 61 0 59 2 1 0 0 50 45 0 43 46 49 47 48 0 35 38 37 0 0 42 41 0 12 0 16 0 13 11 17 
4 3 5 6 0 0 8 7 37 0 0 40 36 39 0 0 0 55 53 52 57 56 58 51 18 11 17 12 14 13 15 0 0 45 44 43 0 49 46 47 34 29 0 27 30 0 0 32 20 0 0 21 23 24 0 25 2 60 62 64 63 61 59 0 
60 0 0 62 1 0 0 63 29 0 0 32 0 31 30 34 46 47 45 44 49 48 50 43 10 0 9 4 6 0 7 8 40 37 36 35 0 0 38 0 26 21 20 0 22 25 23 0 12 11 0 0 15 16 18 0 58 0 0 0 55 53 51 57 
52 51 0 54 57 58 56 55 21 19 25 24 0 0 0 26 38 39 0 36 41 0 42 35 2 59 1 0 62 61 63 64 32 29 28 27 0 33 30 31 18 0 12 11 14 17 15 16 4 0 6 0 7 8 10 9 0 44 46 48 47 0 43 49 
12 11 13 14 17 18 16 0 0 0 0 48 44 47 46 0 0 0 61 0 1 0 2 59 0 0 0 0 22 21 23 0 0 53 0 51 58 57 54 55 42 37 36 35 0 0 39 40 0 0 30 29 31 32 0 33 10 4 6 8 7 5 0 9 
36 35 0 38 0 42 0 39 5 3 9 8 4 7 6 10 0 0 21 20 25 24 26 19 0 0 49 44 46 45 47 0 16 13 0 11 18 0 14 0 0 61 0 0 62 0 0 0 0 0 0 53 55 0 58 0 0 0 30 32 31 0 0 33 
44 0 45 46 0 50 48 47 0 11 17 0 12 15 14 18 30 31 29 28 33 32 34 27 58 51 57 52 54 0 55 56 24 21 0 19 26 25 22 23 10 5 0 3 6 0 7 8 0 59 62 61 63 64 0 1 42 0 0 40 39 37 35 0 
0 27 29 0 0 34 32 31 61 59 0 64 60 63 62 2 14 15 13 0 17 16 0 0 0 35 41 36 0 0 39 40 8 5 4 3 10 0 0 7 0 53 0 51 54 57 55 56 44 43 46 0 47 48 50 0 26 20 0 0 23 21 19 0 
3 2 4 5 8 9 7 6 36 34 0 39 35 38 37 41 53 54 0 0 56 55 57 0 0 0 16 0 13 12 14 15 47 44 43 0 0 48 45 46 33 28 27 26 0 32 30 0 19 18 0 20 22 23 0 24 0 0 0 0 62 0 0 0 
51 0 0 53 0 57 0 0 20 18 24 0 19 22 0 0 37 0 0 0 40 39 0 34 1 58 64 59 61 0 62 0 31 28 0 26 33 32 29 30 0 12 11 10 13 0 14 15 3 2 5 4 6 0 9 8 49 43 0 47 0 0 0 0 
59 58 0 61 64 1 63 62 0 26 0 31 27 30 29 33 45 0 44 43 48 47 0 42 0 2 8 3 5 4 6 7 39 0 0 0 0 40 37 38 25 0 19 18 21 24 0 0 11 0 13 0 0 15 0 0 57 0 53 55 54 0 50 56 
19 0 20 21 24 25 23 22 52 50 56 0 51 0 0 57 5 6 4 3 8 7 9 2 0 26 32 27 0 28 30 31 0 60 59 58 1 0 61 62 0 44 43 0 0 48 0 47 35 34 37 36 0 0 0 40 17 11 13 0 0 0 0 16 
27 0 28 29 32 33 31 30 0 0 64 63 59 62 0 1 0 0 12 11 16 15 17 0 41 34 40 35 0 0 38 39 7 4 3 2 9 0 0 6 57 0 51 0 53 56 0 55 43 42 45 44 46 47 0 0 25 19 21 23 0 0 18 24 
0 10 12 0 16 17 15 0 44 42 48 47 0 0 0 0 0 62 60 0 64 0 1 0 25 18 24 0 0 20 0 23 0 52 51 0 0 56 0 0 41 36 35 34 37 40 0 39 27 26 29 28 30 31 33 32 0 3 5 0 0 0 2 8 
43 0 44 0 48 49 47 46 12 10 0 15 0 14 0 17 0 30 28 27 32 31 33 0 57 0 56 0 53 52 0 55 0 0 19 18 25 24 21 0 9 4 3 2 0 8 6 7 59 58 61 60 62 0 1 64 41 35 37 39 38 0 34 40 
35 0 0 0 0 41 39 38 0 2 8 7 3 0 0 9 0 22 0 19 0 0 25 18 0 42 0 43 45 44 46 47 15 0 0 10 17 0 13 14 1 60 59 58 61 64 0 0 0 0 53 0 54 55 57 56 0 27 29 31 30 28 26 32 
