8
55 53 0 56 0 52 54 57 10 8 6 4 3 5 0 9 61 64 63 0 2 60 1 0 0 49 45 0 0 44 46 50 28 31 29 33 30 34 32 27 0 0 0 15 0 0 0 11 35 36 37 0 41 39 0 40 26 20 0 19 23 24 25 22 
23 21 0 24 0 0 0 25 42 40 0 36 35 37 0 41 29 32 31 27 34 0 33 30 11 0 0 0 15 12 14 18 60 0 61 1 0 2 64 59 0 49 48 47 0 50 44 43 3 4 0 6 9 7 10 0 0 52 53 51 55 56 0 0 
47 45 50 0 0 44 46 49 0 0 62 60 59 61 63 1 53 0 55 51 0 52 57 54 35 0 37 40 39 36 38 42 20 23 21 0 0 26 24 0 6 9 0 0 5 10 4 3 27 28 29 30 33 31 34 0 18 0 13 11 0 16 17 14 
15 13 18 0 0 12 14 17 0 32 30 28 27 29 31 33 21 0 0 19 26 0 25 22 3 0 5 8 7 4 0 10 52 55 0 57 0 0 56 51 0 41 0 0 37 0 36 0 59 0 61 0 0 0 2 64 50 44 45 43 0 48 0 46 
63 61 2 64 0 60 62 1 18 0 14 12 11 13 15 17 5 0 7 3 10 4 9 6 51 57 0 56 55 0 54 0 36 0 37 0 38 42 40 35 22 0 24 23 21 26 0 19 43 0 45 46 0 47 50 48 0 0 29 27 31 32 33 30 
31 0 34 32 27 28 30 33 50 0 46 44 0 45 47 49 0 40 39 35 0 36 41 0 0 25 0 24 23 20 22 26 4 0 5 0 0 10 8 3 0 0 56 0 53 58 52 0 0 0 0 14 17 15 18 16 2 0 61 59 63 64 1 0 
39 0 42 40 35 36 38 0 58 56 0 52 0 53 55 57 45 0 0 0 50 44 49 46 27 33 0 32 31 0 30 34 12 15 13 17 14 0 16 11 62 1 64 63 0 0 60 59 19 20 21 22 25 0 26 24 10 0 5 3 7 8 9 6 
7 0 0 8 3 4 0 9 26 0 22 0 19 21 0 25 13 0 15 11 18 0 17 0 59 0 61 64 63 0 62 2 44 47 45 49 46 50 48 43 30 0 32 0 29 34 0 27 0 52 53 54 57 55 58 56 42 36 37 0 39 40 41 38 
26 24 29 27 22 23 25 28 45 43 0 0 38 40 0 44 32 35 34 30 37 31 36 33 14 20 16 19 18 15 0 0 63 2 64 4 1 5 3 0 0 0 51 0 0 0 47 46 0 7 0 0 12 0 13 11 61 55 0 54 0 0 60 57 
58 0 61 59 54 55 57 60 13 11 9 7 0 0 0 12 64 0 0 62 5 0 0 1 46 0 48 51 50 47 49 53 31 34 32 36 33 0 0 30 0 20 0 18 0 21 15 14 0 0 0 0 44 42 45 0 29 23 24 22 26 27 28 25 
34 32 37 35 0 31 33 36 53 0 49 47 46 0 50 52 40 0 42 38 0 39 44 41 0 0 24 27 26 23 25 0 7 10 8 0 0 13 11 6 57 60 59 0 0 61 55 54 14 15 16 17 20 18 0 19 5 63 64 62 2 0 0 1 
18 16 0 0 0 15 17 20 0 35 33 31 0 32 34 0 24 0 26 22 0 23 28 25 6 12 8 0 10 7 0 0 55 58 0 60 0 61 59 54 41 0 43 42 40 45 39 38 62 63 64 1 0 2 5 0 53 0 48 0 50 51 52 49 
2 64 0 0 62 63 1 0 21 19 0 15 0 0 18 20 8 11 0 6 13 0 0 0 54 60 0 59 58 55 57 0 39 0 40 44 41 45 0 38 25 28 27 26 0 29 23 22 46 47 48 49 0 0 53 0 37 31 32 30 34 0 36 33 
42 40 45 43 38 39 41 44 61 0 57 0 54 0 58 60 0 51 0 46 53 47 52 49 30 36 32 35 0 31 33 37 0 18 16 20 17 21 19 14 1 4 3 2 64 5 63 62 22 23 24 0 28 26 0 27 13 7 8 6 10 11 12 9 
0 48 53 0 46 0 0 52 0 3 0 63 0 64 0 0 56 0 0 54 0 0 0 57 38 0 0 43 42 39 41 45 23 26 0 28 25 0 0 0 0 12 11 0 8 13 0 6 0 31 32 0 36 0 0 35 21 15 16 0 0 19 0 0 
10 8 0 0 6 7 0 12 29 27 25 23 22 24 0 0 16 19 18 14 21 15 0 17 62 4 0 0 2 0 0 5 47 50 48 52 0 53 0 46 33 36 0 34 0 37 31 30 0 55 56 57 60 58 61 0 45 0 0 0 42 43 0 0 
53 51 56 54 49 50 0 0 0 0 4 2 1 3 5 0 59 62 61 0 0 0 0 60 41 0 43 46 45 42 44 48 26 29 0 0 0 32 30 0 12 0 14 13 0 16 10 9 0 0 35 36 39 37 40 38 0 0 19 17 21 22 0 0 
29 0 32 30 25 0 28 31 0 46 44 0 0 43 0 47 35 38 0 33 40 34 39 36 0 23 19 0 0 18 0 24 0 5 0 7 4 0 6 1 52 0 54 53 0 56 50 49 0 10 11 12 15 0 16 14 64 58 59 57 0 62 63 60 
0 11 16 14 9 10 12 15 32 30 28 0 25 27 29 0 0 22 0 0 0 18 23 20 1 7 3 0 5 2 4 0 50 0 51 0 0 0 0 49 36 39 0 0 0 40 34 0 0 0 59 60 0 0 64 0 48 0 43 41 45 46 0 44 
45 43 48 46 41 42 0 0 64 62 60 58 57 59 61 63 51 54 53 0 56 0 55 52 0 39 35 0 37 0 36 40 18 0 19 0 20 0 22 0 4 7 6 5 3 8 0 1 25 26 27 28 31 0 32 30 0 10 11 0 0 14 15 12 
37 35 40 38 33 34 0 39 56 54 52 0 49 0 53 55 43 46 45 41 0 0 47 0 25 31 27 30 29 26 28 32 0 13 11 15 12 16 14 9 60 63 62 61 59 64 58 57 17 18 19 0 0 21 0 22 8 2 3 1 0 6 0 0 
5 0 8 6 0 2 4 7 24 22 0 18 0 19 0 23 11 14 13 9 16 10 15 12 57 0 59 62 0 58 0 0 0 45 0 0 44 0 46 41 28 0 30 0 27 32 26 25 49 50 51 52 55 53 56 54 40 34 35 33 37 38 39 36 
0 59 64 0 57 0 60 0 16 14 12 0 9 11 0 15 3 0 5 1 8 0 7 0 49 55 51 54 0 50 52 0 34 37 0 39 36 40 38 0 0 23 0 21 0 24 18 17 41 42 0 44 0 45 0 46 0 26 27 25 29 30 31 28 
21 19 24 22 0 18 20 0 40 0 36 0 33 35 37 39 27 0 29 0 32 0 0 28 9 0 11 14 13 10 12 16 58 61 0 0 60 0 62 57 44 47 46 0 43 48 42 41 1 2 3 4 7 0 8 6 56 0 51 49 53 54 55 52 
0 0 3 1 60 61 0 2 19 17 15 13 12 14 16 18 6 9 0 4 11 5 0 0 52 58 54 0 56 53 0 0 37 40 38 0 39 43 0 36 23 0 0 24 22 0 0 20 0 0 46 47 50 48 0 49 0 29 30 28 0 33 0 0 
16 14 0 17 0 13 15 0 0 0 0 29 28 30 0 34 0 0 0 20 27 21 26 0 4 10 0 9 8 5 7 0 53 56 0 58 0 0 0 0 39 42 0 40 38 0 37 0 60 61 62 63 0 0 3 1 51 0 46 44 48 49 50 0 
24 0 27 25 20 0 23 26 0 41 39 0 36 38 40 42 30 33 32 0 0 0 34 31 0 0 14 17 16 13 15 0 61 64 62 0 63 3 0 60 47 50 0 48 46 51 45 44 0 5 0 7 10 8 11 9 59 53 54 0 56 0 58 0 
40 0 43 41 0 0 0 0 0 57 55 53 0 54 0 58 46 0 0 44 51 45 0 47 28 0 30 33 32 0 31 35 13 16 14 18 0 19 17 0 0 2 0 64 62 0 61 60 0 21 0 23 26 24 27 25 11 0 6 4 0 9 10 7 
32 0 35 33 28 29 31 34 51 0 47 45 0 46 48 0 0 41 40 36 43 37 42 39 0 26 0 0 24 0 23 27 0 8 6 10 0 11 0 4 0 58 57 56 54 59 53 52 12 13 14 15 18 0 19 17 3 61 62 60 64 0 2 0 
8 0 11 9 4 5 7 0 27 0 23 0 20 0 24 0 14 0 0 12 19 0 0 15 0 2 62 1 64 61 63 3 0 48 0 50 47 51 0 44 0 0 33 0 0 35 29 28 0 53 0 55 58 56 59 57 43 0 38 36 40 41 42 39 
0 46 0 0 0 45 0 0 3 1 0 61 60 62 64 2 54 57 56 52 0 0 58 0 36 42 38 41 40 37 39 0 21 24 0 0 23 0 0 0 0 10 0 8 6 11 0 4 0 29 0 0 0 0 35 33 19 0 14 12 0 17 18 0 
56 54 0 57 52 53 55 58 11 9 7 0 0 6 8 10 62 1 64 0 3 61 2 0 44 0 0 0 0 45 47 0 0 0 30 34 31 35 33 0 15 18 0 0 0 19 0 12 36 37 0 0 42 40 43 0 27 21 0 0 0 25 26 23 
9 0 12 0 5 6 8 11 0 0 0 22 0 23 25 27 15 18 0 13 0 14 19 16 0 3 0 2 1 0 64 4 46 0 47 0 48 52 50 45 0 35 0 33 31 0 30 0 53 54 55 0 59 0 0 58 0 0 39 0 0 42 43 40 
1 63 4 2 61 62 64 0 20 18 16 14 13 0 17 19 7 0 9 0 12 0 11 8 53 59 0 58 0 0 56 60 38 41 39 43 40 44 42 37 24 27 0 0 0 28 22 21 0 46 0 48 0 0 52 50 0 0 31 0 0 34 35 32 
41 39 0 42 37 38 0 43 60 58 56 54 0 55 57 0 0 50 0 0 0 46 0 48 29 0 0 34 33 30 32 36 14 17 15 19 16 20 0 0 0 3 2 1 63 4 62 61 0 0 0 24 27 25 0 0 12 0 7 5 9 10 0 8 
0 31 36 34 29 30 32 35 52 0 48 46 45 0 0 51 39 42 41 37 44 38 43 40 21 27 23 0 0 22 24 28 6 9 7 11 8 12 0 5 0 59 58 57 55 60 54 53 13 14 15 16 19 17 20 18 0 0 63 61 1 2 3 64 
49 47 52 50 45 46 48 51 4 2 0 62 61 63 1 3 0 58 57 53 60 54 59 56 37 43 39 42 0 0 40 44 22 25 23 27 24 0 26 21 8 11 10 9 7 12 6 5 29 30 31 32 35 0 36 34 20 14 15 13 0 18 19 16 
0 0 60 58 53 54 56 0 12 0 0 6 0 7 9 11 0 2 1 61 0 0 0 0 45 51 0 50 49 0 0 52 30 33 31 35 0 0 34 29 0 0 18 17 15 20 14 13 37 38 0 40 43 41 44 0 28 22 23 21 0 26 0 24 
17 15 20 18 13 0 16 0 36 34 32 30 0 31 33 35 23 0 25 0 28 22 27 24 5 11 7 10 0 0 8 12 0 57 0 59 0 0 0 53 40 43 42 0 39 44 38 37 61 62 63 0 3 0 4 2 52 46 47 45 49 0 51 48 
25 23 28 26 21 0 0 27 0 42 40 38 0 39 41 43 31 0 0 29 36 0 35 32 0 0 15 18 17 0 16 20 62 1 0 3 64 4 2 61 48 0 50 0 47 52 46 45 0 6 7 8 11 9 12 0 60 0 55 53 57 58 59 56 
28 26 0 29 0 0 0 0 47 45 0 41 40 42 44 46 34 0 36 32 39 33 38 35 16 22 18 21 20 17 19 23 1 4 2 6 0 7 0 64 51 54 53 52 0 55 49 0 8 0 10 11 14 12 0 13 0 0 0 56 0 61 62 0 
0 58 0 0 56 57 59 62 0 13 11 9 0 10 0 14 0 5 0 64 7 1 0 3 48 0 50 0 52 49 51 55 33 0 0 38 0 0 37 32 19 22 21 20 18 23 0 16 0 41 42 0 46 0 0 45 0 25 0 0 28 0 0 27 
0 34 39 37 32 33 35 38 0 0 0 49 0 50 52 54 42 45 44 0 47 41 46 43 0 30 0 29 0 25 0 31 9 12 10 0 11 15 13 8 59 62 61 60 0 0 0 56 0 17 18 19 22 0 23 21 7 1 2 64 0 5 6 3 
52 50 55 53 48 49 51 54 7 5 0 0 0 2 0 0 58 61 60 56 0 57 62 0 40 0 0 45 44 41 43 47 25 28 26 0 27 0 29 24 11 14 13 12 10 15 9 8 32 0 34 35 38 36 0 37 0 17 18 0 20 21 22 0 
0 0 23 21 16 0 19 22 39 37 35 33 32 34 36 38 0 29 0 24 0 25 0 27 8 0 0 0 12 9 11 0 0 60 58 62 0 63 61 56 43 46 45 44 42 47 41 40 0 1 2 3 6 4 7 5 55 49 50 48 52 53 54 51 
44 42 47 45 0 41 43 46 63 0 0 57 56 58 60 0 0 53 0 0 55 49 54 0 32 38 34 0 0 0 35 39 0 20 18 0 0 0 21 16 3 6 0 4 2 0 1 64 24 25 0 27 30 28 31 29 0 0 10 0 12 0 14 11 
12 10 15 13 8 9 0 0 31 29 0 25 0 26 0 30 18 21 20 16 23 0 22 19 0 6 2 5 4 0 0 7 49 0 50 54 51 0 53 48 35 38 0 36 0 39 33 0 0 0 0 59 62 60 63 0 47 0 42 0 44 45 46 0 
4 2 7 0 64 1 3 6 0 0 19 17 0 0 0 22 10 13 12 8 0 9 14 11 56 0 58 61 0 57 59 63 41 44 42 0 0 0 45 40 0 30 29 28 26 0 25 0 48 0 0 51 0 0 0 53 39 0 0 0 36 37 0 35 
0 44 0 47 42 43 45 48 1 0 61 59 0 60 62 0 52 55 0 50 0 51 0 53 34 0 36 39 38 0 37 41 0 22 20 24 21 25 23 0 5 0 7 0 0 0 3 2 26 27 0 0 32 0 33 31 17 11 0 0 14 0 16 0 
0 0 0 0 0 0 0 0 0 15 13 0 0 12 0 16 4 0 6 0 9 3 8 5 50 56 52 55 0 51 53 57 35 38 36 0 37 41 39 0 21 24 0 22 0 25 19 0 0 0 44 45 48 46 0 47 33 0 28 26 30 31 32 0 
0 4 0 0 2 3 0 8 0 23 21 19 0 0 22 24 12 0 14 10 17 11 16 13 58 64 0 0 62 59 61 0 0 0 44 48 45 49 0 42 29 32 31 0 28 0 27 0 0 51 0 53 56 54 0 0 41 0 36 0 38 0 40 0 
0 0 41 0 34 0 0 40 57 55 53 51 0 0 54 56 0 47 0 0 0 43 48 45 26 32 0 0 30 27 29 33 11 14 12 0 13 17 15 0 61 64 63 62 0 1 0 0 18 19 20 21 24 22 0 23 9 0 0 2 0 7 0 5 
22 20 0 0 18 19 0 24 41 39 0 35 0 0 38 0 28 31 30 26 0 27 0 0 10 16 12 15 14 11 0 17 0 0 60 64 61 0 0 58 0 0 47 46 44 49 43 42 0 0 4 5 8 0 0 7 0 51 52 50 54 55 56 53 
14 0 0 0 10 0 0 16 33 31 0 27 26 28 30 32 0 23 0 18 25 19 0 21 0 8 4 7 6 3 5 9 51 54 52 0 53 57 55 0 37 40 0 0 36 0 0 34 58 59 0 0 0 62 1 63 49 0 44 0 46 47 0 45 
54 52 0 0 50 0 53 56 0 7 5 0 2 4 0 0 60 0 0 0 1 59 64 61 42 0 44 47 46 43 45 49 27 30 28 32 29 33 31 26 13 0 0 14 12 17 11 10 34 35 0 0 40 38 41 39 25 19 20 18 22 23 0 21 
30 28 33 31 26 0 29 0 49 47 45 43 0 44 46 48 0 39 38 34 41 0 0 0 18 24 20 0 22 19 21 25 0 6 0 8 0 9 7 2 0 0 0 54 52 57 51 50 10 11 12 13 0 14 17 15 1 59 60 58 62 63 64 0 
43 41 46 44 0 0 0 45 62 0 58 0 55 57 0 0 49 0 0 47 54 48 53 0 31 37 33 0 35 32 34 0 16 19 17 21 18 22 0 15 2 5 4 3 1 6 0 63 23 24 25 26 29 27 30 0 14 8 9 0 11 0 0 0 
0 57 62 60 55 56 0 61 14 12 10 8 7 9 0 0 1 4 3 0 6 64 5 0 0 53 49 0 0 48 0 54 0 0 0 37 0 38 36 0 18 0 20 19 0 22 0 15 39 40 0 42 0 43 46 44 30 0 0 0 27 28 29 26 
0 17 0 20 15 0 0 21 0 0 34 32 0 0 35 0 25 28 27 23 0 24 29 26 0 13 9 12 11 8 10 14 56 59 0 61 58 62 60 0 42 45 44 0 0 46 0 39 0 64 0 0 5 3 6 0 54 0 49 47 51 52 53 50 
27 25 30 0 0 24 26 29 46 44 42 0 39 41 0 45 33 36 35 31 38 32 37 34 15 0 17 0 19 0 18 22 0 3 0 5 2 6 4 63 50 53 0 51 49 54 48 47 0 0 9 10 0 11 14 0 62 56 57 0 59 0 61 58 
0 1 0 4 63 64 2 0 22 20 18 16 15 17 19 21 9 12 11 7 14 8 0 0 55 61 0 60 0 56 58 62 40 0 41 45 42 46 0 39 26 29 0 27 25 0 24 23 47 0 49 50 0 51 54 52 38 32 33 31 35 36 0 34 
0 33 38 0 31 32 34 37 0 52 0 48 0 0 51 0 0 44 0 39 46 40 0 42 23 29 25 28 27 24 26 0 8 0 9 13 0 14 0 0 58 61 0 59 0 62 0 55 0 16 17 18 21 19 0 20 0 0 1 0 0 4 5 0 
51 49 0 52 47 48 50 53 6 4 0 0 0 1 3 0 0 60 59 55 62 56 0 58 0 0 41 44 43 0 42 46 24 27 25 29 26 30 28 23 10 13 0 11 9 0 8 7 31 32 0 34 37 35 0 36 22 16 17 15 0 20 21 18 
11 0 14 12 7 8 10 13 30 0 26 24 23 25 27 29 0 0 19 15 22 16 21 0 63 0 0 4 3 0 2 0 0 0 49 0 0 0 52 47 34 37 0 35 0 38 0 0 55 56 0 0 61 0 62 60 0 40 41 39 43 44 45 42 
