8
44 46 42 0 0 45 0 48 33 0 0 0 0 39 34 36 0 0 60 63 59 0 0 61 21 0 0 0 22 24 18 17 0 52 49 0 56 0 0 53 0 0 0 26 32 0 29 0 0 10 0 13 0 0 12 11 7 4 0 6 0 0 2 0 
12 0 0 0 0 13 0 16 0 5 3 6 8 7 2 4 0 0 0 0 0 25 0 0 53 55 0 51 0 56 50 49 22 0 17 0 24 23 19 0 60 0 63 0 64 0 0 57 0 42 46 45 41 48 44 0 39 36 33 38 0 37 34 40 
0 0 0 39 0 37 35 40 25 29 0 30 32 0 26 0 0 0 52 0 51 0 0 53 13 0 0 11 0 16 0 0 46 44 41 42 0 47 0 45 20 0 23 18 0 19 21 0 0 0 0 5 1 0 4 0 63 60 57 0 59 61 0 0 
4 6 0 7 1 0 3 8 0 61 59 62 64 0 58 60 22 0 0 23 19 17 24 0 0 0 44 0 0 0 0 41 0 12 9 0 0 15 0 0 52 54 55 50 56 51 53 49 39 34 38 37 0 40 36 35 0 0 0 0 27 0 26 32 
52 0 50 0 49 53 0 0 0 45 43 46 0 47 0 0 0 2 4 7 0 0 8 0 0 31 0 27 30 0 0 0 0 60 0 0 0 63 0 61 36 38 39 0 40 35 0 33 23 0 22 0 17 24 0 0 0 0 9 14 0 13 10 0 
0 30 26 0 0 0 27 0 0 21 0 22 24 0 0 20 46 42 44 47 43 41 48 0 0 0 4 0 0 0 2 0 38 36 33 0 40 39 35 0 0 14 0 0 16 11 0 9 63 0 0 0 0 0 60 59 55 0 0 54 51 53 0 0 
0 62 0 0 57 0 0 64 49 53 51 0 0 0 50 52 14 10 12 15 0 9 16 13 0 39 36 0 38 40 0 0 6 4 1 0 8 0 3 5 44 46 47 0 0 0 45 0 31 26 30 29 25 0 28 0 0 20 17 22 0 21 18 0 
20 0 0 0 17 21 0 0 9 13 11 14 16 15 10 12 0 0 36 0 0 0 40 0 0 63 0 0 0 64 58 0 30 0 0 26 0 31 0 0 0 6 7 2 0 3 5 1 55 50 54 0 0 0 0 0 0 44 41 0 43 45 0 48 
61 63 59 0 0 0 60 1 50 0 0 0 57 0 0 53 15 11 13 16 12 10 17 0 38 0 37 36 0 41 35 34 0 0 0 0 9 8 4 6 0 0 0 43 0 0 46 0 32 27 0 0 26 33 29 0 24 21 0 23 0 22 0 25 
45 47 43 48 42 46 44 49 34 38 36 39 41 40 35 37 63 59 61 64 60 0 0 0 0 0 21 0 23 25 0 0 55 0 50 51 0 56 52 0 29 0 32 0 0 28 30 0 0 11 15 14 0 0 13 12 0 0 2 0 4 6 3 9 
37 39 0 0 34 38 0 0 26 30 28 31 33 32 27 29 55 51 0 56 0 50 0 0 14 16 13 12 0 17 11 0 47 45 42 43 49 48 44 46 21 23 24 0 25 20 0 0 0 3 0 6 2 0 5 4 64 61 58 63 0 62 59 1 
5 7 0 8 2 6 4 0 58 0 0 63 1 0 59 61 0 19 0 0 20 18 0 22 0 48 45 0 0 0 43 42 15 13 10 0 17 16 12 14 53 55 0 51 57 0 54 0 40 35 0 38 34 41 37 36 0 0 26 0 28 30 27 33 
0 0 19 24 0 22 20 25 0 14 0 15 17 16 0 13 39 35 0 40 36 0 41 0 62 64 0 60 63 1 59 58 0 29 26 27 33 0 28 0 0 7 8 3 9 4 6 0 0 51 55 0 0 0 53 0 48 45 42 47 44 0 43 0 
0 0 11 16 10 14 0 17 2 0 4 0 9 8 0 5 31 27 0 32 0 0 33 30 54 56 53 52 0 57 0 50 23 21 18 0 25 24 0 0 61 0 64 59 0 60 62 0 48 43 0 46 0 49 45 44 40 0 34 0 0 38 35 41 
29 31 27 0 0 30 28 0 18 22 0 0 25 0 19 21 47 43 0 48 0 42 0 46 6 0 5 0 7 9 3 2 39 0 0 35 41 40 0 0 13 15 16 11 0 0 0 0 0 59 0 0 0 0 61 0 56 53 0 55 52 0 51 57 
0 55 0 56 0 54 52 57 42 46 0 47 49 48 0 45 0 3 5 0 4 0 9 6 30 32 0 0 0 0 27 26 0 61 0 59 1 0 0 62 0 0 40 35 0 36 0 34 24 0 0 22 0 0 0 20 16 0 10 0 0 14 11 17 
0 25 21 0 20 24 22 0 12 0 0 17 19 18 0 15 0 0 39 0 0 0 43 40 0 2 0 62 1 3 61 60 33 31 28 29 35 34 30 0 7 0 10 5 11 0 0 4 58 53 57 56 52 59 55 0 50 0 0 0 46 0 0 0 
0 0 0 10 4 0 6 11 0 64 62 0 0 2 61 0 0 21 23 0 22 20 27 24 0 0 47 0 49 51 0 0 0 15 0 0 19 18 14 16 55 0 58 53 59 0 56 0 42 0 41 40 36 43 39 0 34 31 28 33 0 32 0 35 
0 57 0 0 52 0 0 59 0 48 46 0 0 0 0 47 9 0 0 10 6 4 0 0 32 0 31 0 0 0 29 0 1 0 60 0 3 0 0 0 39 41 42 37 0 0 40 36 0 0 0 24 0 0 23 0 18 15 12 0 14 16 0 19 
0 0 13 18 12 16 14 0 0 0 0 0 11 10 5 0 0 29 0 0 30 28 0 0 56 0 0 54 57 59 0 52 25 23 20 21 0 0 0 24 0 0 2 61 0 0 64 0 50 45 49 48 44 51 47 46 42 39 36 41 38 40 0 43 
39 0 37 42 0 40 0 43 28 32 30 0 0 34 29 0 0 53 55 58 0 52 0 56 16 0 15 14 0 0 13 12 49 47 44 45 51 50 0 48 0 25 26 21 27 22 0 20 0 5 9 8 0 11 7 0 2 63 60 1 0 64 61 0 
47 49 0 0 0 0 46 0 0 0 0 41 43 0 37 0 1 61 0 2 62 60 3 64 24 26 23 22 25 27 0 0 57 55 0 53 0 58 0 56 0 0 34 0 0 0 32 28 18 13 17 0 0 0 15 0 10 0 0 0 0 0 5 0 
0 33 29 34 28 0 0 35 20 0 22 25 27 0 0 23 49 45 47 50 46 0 0 0 8 0 7 0 9 0 5 4 41 39 36 37 43 0 38 40 0 0 0 13 19 14 16 12 2 0 1 64 60 0 63 62 58 55 0 57 54 0 53 0 
63 0 61 0 60 0 62 0 52 0 54 57 0 0 53 0 17 0 15 18 14 12 0 0 0 42 39 0 41 43 37 36 0 0 4 0 11 0 0 8 47 0 50 0 51 0 48 0 0 29 33 32 28 0 0 0 0 0 20 0 22 24 0 27 
59 61 0 62 56 0 0 63 48 0 50 0 0 54 0 0 0 0 11 14 0 8 15 0 36 0 35 34 37 39 33 32 5 0 64 1 0 0 2 4 43 45 46 0 47 42 44 0 30 0 0 28 0 31 27 26 22 19 0 21 18 0 0 23 
51 53 0 0 0 0 0 55 40 44 0 45 47 46 41 43 0 1 3 0 2 64 7 4 28 0 27 0 29 31 25 24 61 59 0 57 63 0 0 0 0 37 38 33 39 0 0 0 0 0 21 0 0 0 0 18 0 0 8 13 0 12 0 0 
35 37 33 0 32 36 0 0 24 28 26 0 31 0 25 27 0 0 51 0 50 48 0 52 0 14 11 10 0 0 0 8 0 43 40 41 0 0 42 0 19 21 22 0 23 18 20 16 6 0 5 0 64 7 0 2 0 59 56 61 58 60 57 0 
19 21 17 22 16 20 18 0 8 0 10 13 15 14 0 11 0 33 0 38 34 32 39 36 60 62 0 58 0 0 57 56 0 27 24 0 31 0 0 0 3 0 6 0 7 0 4 64 0 49 53 52 0 55 0 0 46 43 40 45 42 44 0 0 
27 29 25 30 24 28 0 31 16 20 18 21 23 0 0 19 0 41 43 0 0 40 47 0 4 0 0 0 0 7 0 0 37 35 32 33 0 38 0 36 11 13 0 0 15 10 12 0 62 57 0 60 56 0 59 58 54 51 0 53 0 52 0 55 
11 13 9 14 0 12 10 15 0 0 0 0 7 6 0 3 0 0 27 30 26 0 31 28 0 0 51 50 0 0 49 48 21 0 16 17 0 22 18 20 59 61 62 57 0 0 60 0 0 41 45 44 0 0 0 0 38 35 0 37 34 36 33 0 
0 0 1 0 64 4 2 7 0 60 0 0 63 0 57 59 21 0 19 0 18 0 0 0 44 46 0 42 45 47 41 40 13 11 0 0 15 14 0 0 0 53 0 0 0 0 52 0 38 0 37 36 32 39 35 0 30 0 24 0 26 0 25 31 
0 45 41 0 40 44 42 0 32 0 0 0 0 38 33 0 61 0 59 62 58 56 0 0 20 22 0 18 21 23 17 16 0 51 48 49 55 54 0 0 27 0 0 0 31 26 0 24 14 0 13 12 0 0 11 0 0 0 64 0 0 0 1 7 
0 0 32 37 0 35 33 0 0 0 0 28 0 0 24 0 52 48 0 0 49 0 54 0 0 0 0 9 12 0 8 0 44 42 0 40 0 0 0 0 0 0 21 0 22 17 19 0 0 0 4 3 63 6 2 1 0 0 0 60 57 59 56 0 
58 60 0 61 55 59 0 0 47 51 49 0 54 53 48 50 12 0 0 13 0 0 0 11 0 0 0 33 0 38 32 31 4 0 63 64 0 0 0 3 42 44 45 40 46 41 43 39 0 24 0 0 23 30 0 0 21 18 0 20 0 19 0 22 
0 20 16 0 0 0 0 22 7 11 9 0 14 13 8 0 36 0 34 37 33 31 0 35 59 0 58 57 0 0 0 0 0 26 0 24 30 29 0 0 2 4 0 0 0 0 0 63 0 0 0 51 47 0 0 0 45 0 0 0 41 43 40 46 
0 0 0 29 0 0 25 0 15 0 17 0 22 21 16 18 44 0 42 45 0 39 46 43 3 5 2 0 0 6 64 63 0 34 0 32 38 37 33 0 10 0 0 0 14 9 0 0 61 0 60 59 55 62 0 57 53 50 47 52 49 51 0 0 
50 0 48 0 47 51 49 54 0 43 41 44 0 0 0 42 4 64 0 0 0 63 6 3 27 29 26 25 28 30 24 0 60 0 55 56 62 61 57 59 0 36 37 0 38 0 35 31 21 16 0 19 15 22 18 17 0 10 7 12 9 11 8 14 
2 4 0 0 63 3 1 0 55 59 0 0 62 0 56 0 20 16 18 21 17 0 0 19 43 45 42 41 44 46 40 0 12 0 7 0 14 13 9 11 50 52 0 0 54 49 0 47 37 32 36 0 31 0 34 33 29 26 0 0 25 0 24 30 
42 44 0 45 39 0 0 46 31 35 0 36 38 0 32 34 60 0 58 61 57 0 62 0 19 21 18 17 0 22 0 15 52 0 47 48 0 0 49 51 0 0 29 0 30 0 27 23 13 0 12 11 0 14 0 9 0 2 63 4 0 3 0 0 
10 12 0 13 7 11 0 0 63 0 0 4 0 5 64 2 28 24 26 0 25 23 30 27 0 53 50 0 52 0 48 47 20 0 15 16 0 21 17 19 0 0 61 0 0 57 59 55 45 0 0 43 39 0 42 41 0 34 31 36 0 35 32 38 
17 19 0 0 0 0 16 0 0 10 0 0 0 12 0 9 0 0 0 36 0 30 0 0 58 60 57 0 59 61 55 54 0 25 22 0 29 28 0 0 1 3 0 63 0 0 2 62 0 0 51 0 0 0 49 0 44 41 38 0 40 42 39 45 
25 27 23 0 22 26 0 29 14 0 0 19 0 20 0 17 0 0 41 44 0 38 0 0 0 4 1 64 0 0 63 0 35 33 0 0 37 0 32 34 0 11 12 7 0 8 10 0 0 55 59 58 54 61 57 0 52 49 46 0 0 50 47 53 
57 0 55 60 0 58 56 61 46 50 0 0 53 0 0 0 0 0 0 12 8 6 13 10 34 36 33 32 35 37 0 0 3 1 62 63 5 4 0 2 41 0 44 39 45 40 42 0 28 23 27 26 0 29 25 24 20 17 14 19 0 0 15 0 
1 3 63 0 62 2 64 5 54 58 56 0 61 0 0 57 0 15 17 20 0 14 0 18 42 0 41 0 43 45 39 38 0 0 6 0 13 12 8 10 49 51 52 47 0 0 50 0 36 0 0 0 30 0 33 32 28 25 0 0 24 0 23 29 
0 0 39 0 38 0 0 45 0 34 0 35 0 0 31 0 59 55 0 60 0 54 61 58 18 20 17 16 19 0 0 14 0 0 0 47 53 52 48 0 25 27 28 0 29 0 26 0 0 7 11 10 6 0 0 8 0 1 62 3 64 0 0 0 
33 35 0 36 30 0 0 37 22 0 24 0 29 0 0 25 0 0 0 52 48 0 0 50 10 0 0 8 11 13 0 0 0 41 38 39 0 44 0 42 17 0 20 0 21 0 18 0 4 63 3 0 0 5 1 0 0 57 0 0 56 0 55 0 
9 0 7 12 6 0 8 13 0 0 64 3 5 0 0 1 27 0 0 0 24 22 29 26 0 0 49 48 51 53 47 46 19 17 14 15 0 20 0 18 57 59 0 55 0 0 0 54 44 0 0 0 0 0 0 40 36 33 0 35 32 0 31 37 
49 0 0 0 46 0 0 0 38 42 0 0 45 44 0 0 0 0 0 4 64 0 5 2 26 28 25 0 0 29 23 0 59 0 54 55 61 60 0 58 33 35 36 0 37 32 34 0 20 15 19 18 0 21 17 16 12 9 0 0 8 10 0 13 
62 64 60 0 0 63 61 2 51 0 53 0 0 57 52 54 0 12 14 17 0 0 18 15 39 0 38 0 0 42 0 0 8 0 3 0 10 0 5 0 0 48 49 0 0 45 47 43 33 0 0 0 0 0 0 29 0 22 0 24 21 0 20 0 
22 24 0 25 19 0 21 0 11 15 13 0 0 17 12 14 0 0 38 41 0 0 42 39 0 0 0 61 0 0 60 0 32 0 27 0 34 33 0 31 6 8 0 4 10 5 7 3 0 0 56 55 51 58 0 53 0 0 43 48 45 0 44 0 
6 0 4 0 3 7 5 10 59 63 61 0 2 1 60 0 0 20 22 25 0 0 26 23 0 49 46 0 0 0 44 43 16 14 0 0 18 17 13 0 54 56 57 52 58 53 0 51 0 36 40 39 35 42 0 0 0 0 27 32 0 31 0 34 
0 48 0 0 0 0 45 0 35 39 0 40 42 0 0 38 64 60 0 1 61 59 2 0 23 25 0 21 24 26 20 0 56 0 51 52 0 57 53 55 30 32 0 28 0 0 31 0 17 0 0 15 0 18 14 13 9 6 3 8 0 0 4 0 
14 0 12 0 0 15 13 18 3 7 5 8 0 0 4 6 32 28 0 0 29 0 0 0 0 0 0 53 0 0 0 51 0 22 0 20 26 25 0 0 0 0 0 60 2 61 0 59 49 44 48 0 0 50 0 0 41 38 35 40 37 0 0 42 
0 40 36 0 0 39 37 42 27 31 29 32 0 0 0 0 56 52 54 57 0 0 58 55 0 0 14 13 16 18 12 0 48 46 43 0 50 49 45 0 22 0 0 20 26 21 23 19 9 4 8 0 3 10 6 5 0 62 0 64 0 0 60 0 
54 56 0 57 51 0 53 58 0 0 0 48 0 0 0 46 8 4 6 9 0 3 10 7 31 33 0 29 32 0 28 27 0 0 59 60 2 0 0 0 38 0 0 36 42 0 39 0 25 20 0 23 0 0 22 21 0 14 11 0 0 0 12 0 
30 32 28 0 27 31 0 0 19 23 21 24 0 25 0 22 0 0 0 0 45 43 0 47 0 9 6 5 8 10 0 0 40 38 0 36 42 0 37 0 14 0 0 0 18 0 0 0 0 0 64 63 59 2 0 0 0 54 51 56 53 55 52 58 
0 34 30 35 0 33 31 36 0 25 23 26 28 27 0 0 50 0 48 0 47 0 52 49 0 11 8 7 10 0 6 5 42 40 0 38 0 43 39 41 16 18 19 14 20 15 17 13 3 0 0 1 61 4 64 63 0 0 53 58 55 0 54 60 
8 10 0 0 0 9 0 0 0 1 63 2 4 0 0 64 26 22 0 0 23 21 28 25 49 0 48 47 50 0 46 0 18 16 13 0 20 0 0 17 56 58 59 54 0 55 0 53 43 0 0 0 37 44 40 39 35 32 0 34 31 0 30 0 
48 50 0 51 45 0 47 52 37 0 0 42 0 0 0 40 2 62 64 3 63 61 0 1 25 27 24 23 0 0 22 21 0 56 53 54 60 59 55 0 32 0 0 0 0 0 33 29 0 14 18 17 0 0 16 0 11 0 5 0 7 9 0 0 
0 0 38 43 37 41 0 0 0 0 31 34 36 35 0 32 0 54 56 59 55 0 60 0 17 19 0 15 18 20 0 0 50 48 45 46 0 51 0 0 24 26 27 22 28 23 25 21 11 0 0 9 0 0 8 0 0 0 0 0 0 0 0 0 
64 2 62 0 0 1 0 4 0 0 55 0 0 0 54 56 0 14 16 0 15 13 20 17 41 0 0 39 0 0 38 0 10 0 0 0 0 11 7 0 48 0 0 0 0 47 0 0 35 0 34 33 0 36 32 31 27 24 0 26 23 25 0 28 
0 58 54 59 53 57 55 0 0 0 0 50 0 51 0 48 0 0 8 11 7 5 0 9 33 35 0 31 34 36 30 29 0 64 0 62 4 3 63 0 40 42 0 38 0 0 41 0 27 22 26 0 0 0 24 23 0 16 13 0 15 17 14 20 
0 18 0 0 13 17 15 20 0 9 7 10 12 0 6 0 0 0 32 0 31 29 0 0 57 59 0 55 0 0 54 53 26 0 0 22 28 0 23 25 64 0 0 0 4 63 1 61 0 0 0 49 0 0 48 0 0 0 0 0 39 41 0 0 
0 26 22 0 21 25 0 0 13 0 15 18 0 19 14 16 0 38 40 0 0 37 0 41 1 3 0 0 0 0 62 61 0 0 0 30 0 35 31 33 8 10 11 0 0 0 0 5 59 0 0 57 53 60 56 55 51 0 0 50 47 0 46 52 
