8
39 43 41 42 44 0 45 0 0 51 0 50 0 0 0 48 59 61 0 0 0 58 0 55 0 27 0 26 0 0 28 0 0 36 31 0 32 34 30 0 0 0 11 0 0 0 6 0 0 63 0 3 1 62 4 0 17 0 19 0 14 0 18 20 
31 0 33 34 36 0 0 32 41 0 0 42 38 45 44 40 0 0 46 48 0 50 52 0 0 0 17 0 15 21 20 14 27 28 0 0 24 0 22 0 5 0 0 0 0 64 0 4 61 55 56 59 57 54 0 0 0 0 11 0 6 8 0 12 
63 3 1 2 4 0 5 64 9 0 0 0 6 13 12 8 19 0 14 16 17 18 20 15 0 51 49 0 47 0 52 46 59 60 0 61 56 58 0 0 37 33 35 31 34 0 30 36 29 23 24 27 0 22 28 0 41 45 43 39 38 0 0 44 
23 0 25 0 28 0 29 24 33 35 31 34 30 37 36 32 0 45 38 0 0 0 0 39 8 11 9 0 7 0 12 6 0 20 0 21 16 18 14 17 61 0 0 55 58 0 54 60 53 47 0 0 49 46 0 50 1 5 3 63 0 64 0 0 
0 51 0 0 52 46 53 0 57 0 0 58 0 61 0 0 0 5 62 64 1 0 4 63 32 0 33 34 31 37 0 0 0 44 0 45 40 42 38 41 21 17 0 15 18 0 14 20 13 7 8 11 0 6 12 10 0 29 27 23 22 0 0 28 
0 0 17 18 20 14 21 0 0 27 23 0 0 29 28 24 0 37 30 0 0 34 36 31 64 3 1 2 63 5 4 0 11 12 7 13 8 10 6 9 53 49 51 0 50 48 0 52 0 39 40 43 0 38 0 42 0 61 59 55 0 0 58 60 
7 0 0 0 12 6 0 8 17 0 15 18 14 21 0 16 0 29 22 0 0 26 28 23 56 59 0 58 55 0 0 0 0 4 0 5 0 0 62 1 45 41 0 0 0 0 0 0 37 31 32 0 0 0 36 0 0 53 51 0 46 0 50 0 
0 0 57 0 60 54 61 0 1 0 0 2 62 0 4 64 11 0 6 8 9 10 0 7 40 43 41 0 0 0 0 38 0 52 0 0 0 0 46 49 29 25 27 23 0 24 22 0 0 15 0 0 17 14 0 0 33 0 35 31 30 32 0 36 
17 21 0 0 22 16 23 0 27 29 0 0 0 0 30 0 0 0 32 0 0 0 0 0 0 5 3 4 0 7 6 0 0 14 9 15 10 12 8 11 0 51 53 0 52 0 48 0 0 41 42 0 43 40 46 44 59 0 61 0 56 58 60 62 
57 61 59 60 0 56 0 0 3 0 0 0 64 0 0 2 13 15 0 10 0 12 0 9 0 45 43 0 0 47 46 0 53 0 49 0 0 52 0 51 31 0 29 0 28 0 0 30 0 0 0 0 19 0 22 0 0 39 37 33 0 34 0 38 
9 0 11 12 0 8 15 0 19 0 17 0 16 23 22 18 29 0 24 26 0 0 30 25 58 0 0 0 57 63 0 56 5 6 0 0 2 4 0 3 47 43 45 0 44 42 0 46 0 33 34 37 0 0 38 0 0 55 0 0 48 50 0 0 
25 29 0 0 0 0 0 26 35 37 0 0 0 0 38 34 45 0 40 42 43 44 0 41 0 0 0 12 9 0 14 8 21 22 17 0 18 20 16 19 0 59 61 57 0 58 0 0 0 49 50 0 0 0 0 52 3 7 0 1 64 2 4 0 
0 0 35 0 38 0 39 0 43 0 41 44 40 47 0 0 0 0 48 50 51 0 54 49 18 0 19 20 0 0 22 0 0 30 25 0 26 0 0 0 0 0 5 1 4 2 0 0 63 57 58 61 0 56 62 0 0 15 13 9 8 0 12 14 
0 0 43 44 0 40 0 0 51 53 0 52 48 55 0 0 61 0 56 58 59 0 62 57 26 29 27 28 25 0 0 0 37 0 33 39 0 36 0 35 15 11 0 9 0 10 0 0 0 0 2 0 3 64 6 4 19 23 21 0 16 18 20 22 
1 5 3 0 6 64 7 2 0 13 0 0 8 15 14 10 21 0 16 18 0 0 22 17 50 0 51 0 0 55 0 48 0 62 0 63 58 0 0 59 0 0 37 0 36 0 0 0 31 0 0 0 27 24 0 28 0 0 45 0 40 0 44 0 
49 53 51 52 54 0 0 0 0 61 57 0 0 63 0 58 0 0 64 2 3 0 6 0 0 37 35 0 0 39 38 32 0 0 0 0 42 44 40 43 23 0 21 0 0 18 0 0 0 0 10 13 11 8 0 12 0 31 29 25 0 26 0 0 
14 0 0 17 19 13 20 15 0 0 22 25 21 28 0 0 0 0 29 0 0 33 35 30 63 0 64 1 62 0 0 61 0 11 6 12 7 9 5 0 52 0 0 0 0 47 0 51 44 38 39 42 40 0 43 41 0 0 58 0 0 55 0 0 
22 26 24 25 27 21 0 0 32 0 30 0 0 0 35 31 0 0 0 0 40 41 43 38 0 0 0 0 6 12 0 0 18 0 14 0 15 17 0 0 60 56 58 0 0 55 0 0 0 0 47 0 48 45 51 0 0 4 0 62 0 63 0 0 
0 0 0 33 0 0 36 31 0 42 38 0 37 44 43 0 50 52 0 0 48 49 51 0 0 0 16 0 0 20 19 13 26 27 0 0 23 25 21 0 0 64 0 62 1 0 0 3 0 54 55 0 56 53 0 0 0 0 10 6 5 0 9 0 
6 10 8 9 0 5 12 0 0 0 14 17 13 0 19 0 0 0 21 23 24 0 27 22 0 58 0 57 0 0 0 53 0 3 62 0 63 1 0 64 44 40 0 38 41 0 37 0 0 0 0 34 0 0 35 0 48 0 0 46 0 0 0 51 
0 0 0 0 0 61 0 0 0 10 6 9 0 12 0 0 0 20 13 15 0 17 19 0 47 50 48 49 0 52 0 0 0 0 0 60 0 57 53 56 0 32 34 30 33 31 0 0 0 0 23 0 24 21 0 0 40 0 42 0 37 0 41 43 
38 42 0 0 43 0 44 39 0 50 46 0 45 0 51 0 58 60 53 55 56 0 59 54 0 0 24 25 0 28 27 0 0 35 30 36 31 33 0 32 12 8 0 6 9 0 0 11 0 62 63 2 64 61 3 1 16 20 18 14 13 0 17 19 
0 0 56 0 0 53 0 55 64 2 62 1 61 4 0 63 0 12 5 0 8 9 11 6 39 0 0 41 38 44 43 37 50 0 46 52 0 0 45 48 28 24 26 22 25 23 0 0 0 0 0 18 0 13 0 0 32 0 0 0 29 31 33 0 
46 0 48 0 51 0 52 47 56 58 0 0 53 60 59 55 2 4 61 63 64 1 0 62 31 34 0 33 0 0 0 29 0 43 38 44 0 41 37 0 20 16 18 0 0 0 0 0 12 6 0 10 0 5 11 0 24 28 0 22 0 23 0 27 
28 0 0 31 0 27 34 29 0 40 0 0 0 42 41 37 48 50 43 45 46 0 0 0 13 16 14 15 0 18 17 0 0 0 0 26 21 23 19 0 2 0 64 0 63 61 59 1 0 52 53 56 0 51 57 55 6 10 8 0 3 5 0 9 
20 24 22 0 25 0 0 21 30 0 0 31 0 0 33 29 40 42 35 0 0 39 0 0 5 0 0 7 0 10 9 3 16 17 0 18 13 15 11 14 58 54 56 52 0 53 0 0 0 44 45 48 46 0 49 47 0 2 0 60 59 0 63 0 
36 0 0 39 41 35 0 0 46 0 0 47 43 50 0 0 0 0 51 53 54 0 57 52 0 0 22 0 20 26 0 0 0 0 0 34 29 0 27 30 0 0 8 4 7 5 0 9 2 0 61 64 0 59 1 0 14 0 0 12 11 13 15 17 
0 16 0 15 17 11 18 0 0 0 20 23 19 26 25 21 32 34 27 29 0 31 0 28 61 64 0 0 60 2 1 0 8 0 4 10 5 7 0 0 50 0 48 0 0 0 43 0 0 0 37 40 38 0 41 39 54 0 0 0 51 0 0 0 
60 64 62 63 1 0 0 0 0 8 4 7 3 10 9 5 0 0 11 13 14 15 17 12 45 48 46 47 44 0 49 0 0 0 52 0 53 55 0 0 34 30 0 0 31 0 0 33 0 0 21 24 22 0 25 23 38 42 0 36 35 0 0 41 
52 0 0 0 0 0 58 0 0 64 60 63 0 2 1 0 0 0 3 0 0 0 9 4 37 40 38 39 36 0 0 0 0 49 0 50 0 47 43 46 26 22 24 20 23 21 19 0 0 0 0 0 0 0 17 15 30 34 0 28 27 29 31 0 
0 48 46 0 0 43 50 0 54 56 0 55 0 0 57 53 64 0 59 0 62 0 0 60 0 32 30 0 28 0 33 0 40 41 36 42 37 39 35 38 18 14 0 12 15 13 11 17 0 0 5 8 6 3 9 7 22 0 24 20 0 21 23 0 
4 0 0 0 9 3 0 0 14 0 0 0 11 0 17 0 24 0 19 21 0 0 0 0 53 0 54 55 0 0 57 0 64 1 0 2 61 63 59 62 42 0 40 36 39 37 0 41 34 0 29 0 0 0 33 31 46 0 0 44 43 45 47 49 
21 0 0 0 0 0 27 0 31 33 29 0 0 0 0 0 41 43 36 0 0 0 42 37 6 9 7 0 0 0 0 4 0 18 0 19 0 16 0 15 0 55 57 53 56 0 52 0 51 0 46 0 47 0 0 48 0 0 1 61 60 62 0 0 
45 49 0 48 50 44 51 46 55 57 0 0 0 59 58 0 1 3 60 62 63 64 0 0 0 0 0 32 0 35 34 28 0 42 0 43 38 0 36 39 19 0 17 13 16 0 0 18 0 5 0 0 0 4 10 0 23 27 0 0 0 0 24 0 
0 0 63 0 0 60 3 62 0 9 5 0 4 0 10 6 0 19 12 14 0 0 18 0 46 49 0 0 45 51 0 0 57 58 0 0 54 56 0 55 0 0 33 29 0 0 28 34 27 21 0 0 23 20 26 0 0 0 41 37 36 0 40 0 
29 33 0 32 0 0 0 0 39 41 37 0 0 43 0 0 49 51 44 46 0 48 0 45 14 0 0 0 13 19 0 0 0 26 0 27 22 0 0 23 0 63 0 0 64 0 60 2 0 53 54 57 0 0 0 56 7 11 9 5 4 6 0 10 
13 0 0 0 0 0 19 14 23 25 21 24 20 27 26 0 33 35 28 30 31 0 0 0 0 0 63 64 0 3 0 60 9 10 5 0 6 8 4 7 51 0 49 45 48 46 44 50 0 37 38 41 0 36 42 0 0 59 57 53 0 0 0 58 
0 0 0 0 0 0 0 54 63 1 61 0 0 0 2 62 0 0 4 6 7 8 0 0 0 41 0 40 0 43 0 36 0 50 45 51 0 48 44 47 0 23 0 21 24 0 20 0 19 0 0 17 15 12 0 0 0 35 0 29 28 0 32 0 
5 9 7 8 0 0 11 6 0 17 13 16 0 19 0 14 0 0 20 22 23 24 26 21 0 57 55 0 53 0 0 52 1 2 0 3 62 64 60 63 43 39 41 37 40 0 36 42 35 29 30 33 0 28 34 0 0 51 49 0 0 46 48 50 
0 0 39 40 42 0 43 38 0 0 45 0 0 51 50 46 57 59 0 54 0 56 58 53 22 25 23 24 0 27 26 20 33 0 0 35 30 32 0 31 0 7 9 5 8 0 4 10 0 0 0 1 63 60 2 0 15 0 17 13 12 14 0 0 
32 0 34 35 37 31 0 33 0 0 0 43 0 46 45 41 52 0 0 0 50 0 53 0 17 20 18 0 16 22 21 15 0 29 0 30 0 27 23 0 0 2 4 0 0 0 63 5 0 56 57 60 58 55 61 0 0 0 0 8 0 0 11 0 
8 12 10 11 13 7 14 0 18 20 16 19 15 0 21 17 28 30 0 25 26 0 0 0 57 60 0 0 56 0 0 55 0 5 64 0 0 0 63 2 0 42 0 40 0 0 0 0 0 32 33 36 34 31 0 35 50 54 52 48 47 49 51 53 
0 4 2 0 0 0 6 0 0 0 0 0 7 14 0 9 20 22 15 0 0 0 21 16 0 0 50 0 48 54 53 0 0 61 56 0 0 0 55 58 38 34 0 0 35 33 31 0 30 0 0 28 0 23 0 0 0 0 0 40 39 41 0 45 
40 0 42 0 45 39 46 41 0 52 0 51 0 54 53 49 0 62 55 57 58 0 61 56 25 0 26 27 24 0 29 0 0 0 32 38 33 0 0 0 14 0 0 0 0 9 0 13 6 64 0 0 2 63 5 0 18 0 20 16 0 17 19 21 
56 60 58 59 61 0 0 57 2 4 0 3 0 6 5 0 0 14 7 0 0 0 13 8 41 0 42 43 40 46 0 39 0 53 0 0 49 51 47 50 0 26 28 24 27 25 0 29 0 16 17 20 18 15 21 0 34 38 36 32 0 33 0 37 
48 52 0 51 53 47 54 0 0 60 56 0 55 62 61 57 4 6 63 1 2 0 5 64 0 0 34 35 0 38 37 31 44 0 40 46 0 43 39 0 22 0 0 0 0 17 15 0 0 8 9 12 10 7 13 0 0 0 28 24 23 0 27 29 
0 0 0 27 29 23 0 0 0 0 32 35 31 38 37 0 44 46 39 0 42 0 45 40 9 12 0 11 0 14 13 7 20 21 16 0 17 19 0 18 0 58 60 0 59 0 0 61 54 48 0 52 0 47 0 51 0 6 0 0 0 0 3 0 
0 0 18 19 21 15 22 17 0 28 0 0 23 0 0 0 36 0 0 0 34 35 37 32 0 0 2 0 64 6 0 0 12 13 8 0 0 0 7 10 54 50 0 0 0 49 0 0 46 40 0 44 0 39 0 43 0 0 60 0 0 0 59 61 
0 0 21 0 24 0 0 0 29 31 0 0 0 0 32 0 39 0 0 36 37 38 0 35 4 7 5 6 3 9 0 0 15 16 11 17 0 14 10 0 0 53 55 51 54 0 50 56 0 43 0 47 0 42 0 46 0 0 0 59 58 60 0 64 
0 15 13 0 16 0 0 12 0 0 0 22 18 0 24 20 31 0 0 28 0 30 32 27 60 63 61 0 59 0 0 58 7 8 3 9 0 6 2 5 49 45 47 43 0 0 0 48 0 35 36 0 37 0 40 38 53 57 55 51 50 52 54 0 
0 0 0 46 48 0 49 0 0 55 51 0 0 57 56 52 63 0 58 60 61 0 0 59 28 31 29 30 0 0 32 26 0 0 35 0 0 0 0 37 17 0 0 11 0 12 10 0 0 0 4 0 0 2 0 0 0 25 23 19 18 20 0 0 
35 39 37 0 0 0 41 36 0 47 0 46 42 0 48 44 55 0 0 52 53 0 56 51 20 0 21 22 0 0 24 0 31 0 0 33 28 0 26 29 0 5 7 0 0 4 0 0 1 0 60 63 61 0 0 62 13 17 15 0 10 12 14 16 
51 55 53 0 0 50 0 52 0 0 0 0 58 1 0 60 7 0 0 4 0 0 8 3 36 39 37 0 35 41 40 34 0 0 0 0 44 46 42 0 25 21 23 0 0 0 18 0 0 0 12 15 13 10 16 14 0 0 31 27 26 28 0 32 
3 7 5 6 8 0 9 0 0 15 11 14 10 0 0 0 0 0 0 0 0 22 0 0 0 55 53 0 51 57 56 0 63 0 0 1 60 62 58 61 41 0 39 0 0 0 34 0 33 27 28 0 29 26 32 0 45 49 0 0 0 44 46 48 
0 0 61 62 64 0 1 60 5 7 3 0 2 9 8 4 15 17 0 12 13 0 16 11 0 0 45 0 43 49 48 42 0 56 51 0 52 0 50 0 33 29 31 27 30 28 26 32 25 19 0 23 21 18 24 0 37 41 0 0 34 36 38 40 
27 31 29 30 0 0 0 28 0 39 0 38 34 0 0 0 47 0 42 44 45 0 48 43 0 15 0 0 0 0 16 10 0 24 0 25 0 0 18 21 0 61 63 0 0 0 58 64 57 51 52 55 53 50 56 0 0 9 0 3 2 4 6 8 
0 6 4 5 0 1 0 0 12 0 10 13 0 0 15 11 22 0 0 19 20 0 23 18 0 54 52 0 50 56 55 49 0 63 58 0 0 0 0 60 40 36 38 0 0 35 33 39 32 0 27 30 0 25 0 0 44 0 0 42 41 0 45 0 
50 54 0 0 0 49 0 51 0 62 0 61 0 64 0 0 6 8 1 0 4 5 0 2 35 0 36 37 34 40 39 0 46 47 42 0 0 0 41 0 24 20 22 18 21 19 0 0 0 10 0 14 12 9 15 0 28 32 0 26 25 0 0 31 
0 46 44 45 0 41 48 43 0 0 50 53 49 56 55 51 62 0 0 0 0 0 0 58 27 0 28 29 26 32 31 0 38 39 34 0 35 37 33 36 16 12 14 0 13 11 9 15 0 2 3 6 0 1 7 5 20 24 22 18 17 19 21 23 
0 38 36 37 0 33 40 0 0 46 42 45 41 48 47 0 54 56 49 0 0 0 55 0 19 22 0 0 18 0 23 17 30 31 26 0 27 0 25 0 8 0 6 0 5 3 1 0 0 58 59 62 0 57 0 61 12 0 0 0 9 11 13 0 
10 14 0 0 15 9 16 0 20 22 0 21 17 24 0 19 30 0 0 0 0 29 0 0 59 0 60 61 0 0 63 0 6 7 0 0 0 5 1 0 48 0 0 42 45 0 0 0 0 34 0 38 36 0 39 0 0 56 0 50 49 0 0 0 
0 30 28 0 31 0 32 27 0 0 0 0 0 0 0 35 46 48 0 0 0 0 47 42 11 14 12 0 10 16 15 9 0 0 18 0 19 21 17 0 64 60 0 58 0 0 0 63 56 50 0 54 0 49 0 53 4 8 6 0 1 0 5 7 
58 0 0 61 63 57 0 59 0 6 2 0 0 0 7 0 14 0 9 0 12 0 0 10 43 46 44 45 42 48 47 0 54 55 50 56 51 53 49 52 0 28 0 26 0 27 25 31 0 18 0 0 20 0 0 21 36 40 38 34 33 35 0 39 
0 22 20 21 0 0 24 19 28 0 0 0 25 32 31 27 38 40 0 0 36 37 39 34 0 0 4 5 0 8 7 1 14 0 0 16 11 13 0 12 0 52 0 50 53 51 49 55 48 0 0 0 0 0 47 0 0 64 0 0 57 0 61 63 
