8
64 60 63 61 59 0 1 62 0 0 18 22 21 23 0 0 44 43 0 0 45 42 47 46 0 37 0 0 35 39 36 38 0 15 0 12 17 0 16 0 0 4 2 0 0 5 9 0 0 0 26 33 0 0 27 32 0 56 55 50 0 0 0 0 
16 0 15 0 11 10 17 0 36 35 34 0 0 0 0 41 60 59 0 0 61 58 0 0 0 0 50 57 0 55 52 54 0 0 0 0 0 0 32 0 0 20 18 0 0 21 25 22 46 0 0 0 0 45 0 48 0 8 7 2 0 4 3 5 
0 36 39 37 35 34 41 38 0 59 0 0 61 63 64 0 0 19 25 24 0 0 0 22 0 0 10 17 11 15 0 14 53 55 0 0 0 54 56 50 43 44 42 0 0 0 49 46 0 0 0 9 0 5 0 8 0 32 0 26 0 28 27 29 
8 0 7 5 3 2 0 6 0 27 26 30 0 0 32 33 0 0 57 56 53 50 0 54 48 45 0 49 0 47 0 46 21 23 19 0 25 0 24 18 11 0 0 16 15 13 0 0 38 0 0 41 39 0 0 40 62 0 0 0 1 0 0 61 
48 44 0 45 43 42 49 46 0 3 0 0 5 7 0 9 0 27 0 0 0 26 31 30 0 21 18 0 0 0 20 22 0 63 59 0 1 62 64 58 51 52 50 56 55 53 57 0 0 12 10 0 15 13 0 16 0 0 0 34 41 0 35 0 
0 0 55 53 0 50 0 0 12 11 10 14 13 15 0 17 0 35 0 40 37 34 0 38 0 29 0 0 0 0 28 30 5 7 0 4 0 6 8 2 59 0 0 64 63 61 0 0 22 20 0 25 23 0 0 0 46 0 0 0 49 44 0 45 
24 20 0 21 19 18 25 22 44 0 42 46 45 47 48 49 4 0 0 8 0 2 7 0 0 61 58 0 0 63 0 0 37 39 35 36 0 38 0 34 27 28 0 32 0 0 0 30 54 0 0 57 55 0 0 0 0 16 0 10 0 0 11 13 
32 28 31 0 0 26 0 30 0 51 0 54 0 55 0 57 12 0 17 16 0 10 15 14 8 5 0 9 3 0 0 6 0 47 0 44 49 0 48 42 35 0 0 40 39 37 41 38 62 60 58 0 63 61 0 64 22 0 0 18 25 20 0 21 
0 50 0 0 49 48 55 52 0 9 8 12 0 13 14 0 34 33 0 0 0 0 37 36 30 27 24 0 0 29 0 28 0 0 0 2 7 0 6 64 57 58 56 62 61 59 0 60 20 18 16 0 21 19 17 22 0 46 45 40 47 0 41 43 
30 26 0 0 25 24 31 0 50 0 0 52 51 0 0 0 10 9 15 14 11 8 0 12 6 0 0 7 1 0 2 4 43 45 0 42 0 0 46 40 33 34 32 0 37 35 39 36 60 0 0 63 61 59 0 62 0 0 21 0 23 18 17 0 
0 10 13 11 0 8 15 0 0 0 0 36 35 37 38 39 58 57 0 62 0 56 61 0 54 0 48 55 49 53 0 0 0 29 25 26 31 0 30 0 0 18 0 0 21 19 23 20 44 42 40 47 45 43 41 46 0 0 5 0 7 2 1 3 
0 2 5 3 1 0 7 4 26 25 24 0 0 0 30 31 0 0 55 54 51 48 0 52 0 43 0 47 0 45 0 0 0 21 0 0 0 0 22 0 0 0 0 14 0 11 15 0 36 34 0 0 37 35 0 0 60 62 0 56 63 58 57 59 
0 58 61 0 57 56 0 60 0 17 16 0 0 21 0 23 42 0 47 46 0 40 0 0 0 0 32 39 0 0 34 0 0 0 9 0 15 0 0 0 1 2 64 0 5 0 7 0 28 0 0 0 29 27 0 30 0 0 53 48 55 50 49 51 
0 34 37 0 33 0 0 36 0 0 56 60 59 61 62 0 0 0 23 0 19 16 21 20 14 0 8 0 9 0 0 12 51 53 49 0 0 0 54 0 41 42 40 0 45 0 47 0 4 2 0 0 5 0 1 6 28 0 29 24 31 26 0 27 
0 42 0 43 41 40 47 0 2 1 0 0 0 0 0 0 26 25 31 30 27 24 29 28 22 19 16 23 0 21 0 20 59 0 57 0 63 0 62 56 0 50 0 0 53 51 55 52 12 10 0 15 13 11 9 0 36 0 37 32 39 34 0 0 
22 18 21 19 17 0 0 20 0 41 0 44 43 45 46 0 0 1 7 6 0 64 5 4 62 59 56 0 57 61 0 60 0 37 33 34 0 0 38 32 25 0 24 30 29 27 31 0 0 0 0 55 53 51 0 0 0 14 13 0 15 10 9 0 
39 35 0 36 0 0 40 37 59 0 57 0 60 0 0 64 0 0 0 0 0 17 22 21 0 12 9 16 10 0 11 13 0 0 50 51 56 53 55 49 42 43 41 0 46 44 0 0 5 0 0 0 0 4 0 0 29 31 30 0 32 0 26 28 
0 0 62 0 0 0 0 61 19 18 17 0 20 22 0 24 43 0 48 47 0 0 46 0 39 36 33 40 34 0 0 0 0 0 0 11 16 13 15 9 2 0 1 7 6 0 8 5 29 27 25 0 0 28 26 31 0 55 54 0 56 51 50 0 
0 19 0 0 18 17 24 0 43 42 41 45 0 46 0 48 3 2 8 7 0 1 0 0 0 60 57 64 0 0 59 61 36 0 34 35 0 0 0 0 0 0 25 0 0 28 0 0 53 51 0 0 54 52 50 0 0 15 0 9 16 0 10 12 
0 0 0 28 26 25 0 29 51 50 49 53 0 0 55 0 11 10 16 0 0 9 14 13 7 0 1 8 2 6 3 5 44 46 0 0 48 0 0 41 34 0 0 39 0 36 40 37 61 59 0 0 0 60 0 0 0 0 0 17 0 0 0 20 
15 11 14 12 0 9 16 0 35 0 0 37 0 38 39 0 59 58 0 63 0 57 62 61 55 52 49 56 50 54 51 0 0 0 0 27 32 29 31 25 18 19 17 23 0 0 24 21 45 43 41 48 46 44 42 0 0 7 6 0 8 0 0 4 
47 0 0 0 42 0 0 45 3 2 0 0 4 6 7 8 0 0 32 0 28 25 30 0 0 0 17 24 18 0 19 0 0 0 58 0 0 61 63 57 50 0 49 55 0 0 56 0 13 11 9 16 0 12 0 15 0 39 0 33 40 35 0 36 
0 0 0 0 2 0 0 0 0 26 25 0 28 30 31 0 51 50 0 0 52 0 54 53 47 0 41 48 0 0 43 45 20 0 0 0 24 0 0 17 0 0 9 0 0 0 16 0 37 35 0 40 0 36 34 39 61 0 0 57 64 0 58 0 
0 51 54 0 50 0 56 0 11 10 9 13 0 0 15 0 0 0 40 39 36 0 0 37 0 0 0 32 26 30 27 0 0 6 2 0 8 5 7 1 58 59 57 63 0 0 0 0 21 19 17 24 22 20 18 23 0 47 46 0 0 0 0 44 
0 48 0 49 47 46 53 50 8 7 0 10 9 0 0 13 32 31 0 36 33 30 35 34 28 25 22 29 0 27 24 0 1 0 0 0 5 0 4 62 55 56 0 60 0 0 0 0 0 0 14 0 0 0 0 20 0 44 43 38 45 40 39 0 
0 0 0 1 63 62 0 0 0 23 22 0 25 0 0 29 48 0 53 0 49 0 51 0 44 0 0 45 0 43 40 0 0 19 15 16 21 18 20 0 7 0 0 12 0 9 0 0 34 32 0 0 35 33 0 0 0 0 0 0 61 56 0 0 
36 32 35 0 31 30 0 0 56 0 0 0 57 0 60 0 0 15 0 20 17 14 19 0 12 9 6 0 7 11 8 10 49 51 47 48 0 0 0 46 39 0 0 44 43 0 45 42 0 0 62 0 0 1 63 4 0 28 0 22 29 0 0 25 
28 24 27 25 0 22 29 26 48 0 0 50 49 0 0 53 0 0 13 0 0 0 11 0 0 1 62 5 63 3 64 2 41 43 0 40 0 42 44 38 31 32 30 0 35 33 0 34 0 56 54 0 59 57 55 60 0 20 0 0 0 16 0 17 
60 56 59 57 55 54 0 58 16 15 0 0 0 19 20 21 0 0 45 0 41 0 43 42 0 0 30 37 31 35 0 0 9 11 7 8 13 10 12 0 63 64 62 4 3 1 0 0 0 24 22 0 27 0 23 28 50 0 0 46 53 0 47 49 
0 16 0 0 0 0 21 0 0 0 38 0 41 43 44 0 0 63 0 4 1 62 3 2 60 57 54 61 55 59 0 58 33 0 31 0 37 0 36 30 23 24 22 0 27 25 29 26 50 0 46 0 51 0 0 0 0 12 0 6 13 8 7 0 
0 40 43 0 39 38 45 0 64 0 62 0 1 3 4 0 24 0 0 0 0 0 0 26 0 0 0 0 15 19 16 0 57 0 0 56 61 0 60 54 47 48 46 52 51 0 53 50 10 8 6 13 0 0 7 12 34 36 35 30 37 32 0 33 
0 0 0 0 7 6 13 10 32 31 0 34 0 0 0 37 56 0 0 60 57 54 59 0 52 0 0 53 47 51 0 50 25 0 23 0 29 0 28 0 15 16 14 20 0 17 0 18 42 0 38 0 43 41 0 44 0 4 3 62 0 64 63 1 
0 29 0 30 28 0 0 0 53 0 51 55 0 0 0 58 13 12 18 0 14 11 0 15 9 6 0 10 0 8 0 0 0 0 0 45 0 47 49 43 0 37 0 0 40 38 0 0 63 61 0 0 64 62 0 0 23 25 0 19 26 0 0 0 
57 53 0 54 52 0 58 55 0 12 11 0 0 16 17 18 37 36 42 41 0 35 40 39 0 30 27 34 0 0 29 0 6 8 4 5 0 0 9 0 0 61 59 1 64 62 0 0 23 21 19 26 24 22 20 25 47 0 48 43 0 45 44 0 
49 45 48 46 44 43 50 0 0 4 0 0 6 8 9 0 29 28 34 0 30 0 0 31 25 22 19 26 0 24 0 23 62 64 60 61 2 0 0 59 0 0 51 57 56 54 0 55 15 0 0 18 0 14 12 17 39 0 40 35 0 37 36 38 
25 0 24 0 20 19 0 0 0 44 43 47 0 48 49 50 5 0 0 9 0 0 0 7 1 62 0 0 60 64 0 0 38 40 0 37 0 39 41 0 28 0 27 0 32 30 0 31 0 0 51 58 56 54 52 57 0 0 16 11 18 13 12 14 
1 61 0 62 60 59 2 63 21 20 0 0 0 24 25 0 45 44 50 49 46 43 0 47 0 0 0 0 36 40 37 0 14 0 12 0 18 0 17 11 4 0 3 9 8 0 0 7 0 0 27 34 0 0 28 0 55 57 0 0 58 53 52 54 
17 13 16 0 12 11 0 15 0 0 35 39 38 40 41 42 61 60 2 0 62 59 64 0 0 0 0 58 52 0 53 55 30 32 0 29 34 0 0 0 20 21 19 25 0 0 26 0 47 0 43 50 0 46 44 0 0 9 0 0 0 0 0 6 
0 5 8 6 0 0 0 7 0 0 27 31 0 32 33 0 53 52 0 57 0 0 0 55 49 46 0 0 0 0 45 47 0 0 20 0 26 0 25 19 12 0 11 17 0 14 18 15 0 0 0 0 0 0 0 41 63 1 64 0 2 61 0 62 
0 37 0 0 0 0 0 0 0 60 59 0 62 0 1 0 21 20 0 25 22 0 0 0 17 14 11 0 12 0 0 15 0 0 52 0 58 0 57 0 0 45 43 49 48 0 0 0 7 5 3 0 0 0 0 9 0 0 0 0 34 29 0 30 
0 7 10 8 6 0 12 0 0 0 0 0 32 34 0 36 0 0 60 0 0 0 0 0 0 48 45 52 46 0 47 49 24 0 0 0 28 25 27 0 0 15 0 19 18 0 20 17 0 39 37 44 0 40 38 43 0 3 0 61 4 0 0 0 
27 23 26 24 0 21 28 25 0 46 45 0 48 50 51 0 7 6 12 0 0 0 10 9 3 64 0 0 62 0 63 1 0 42 38 39 44 41 43 37 30 0 29 0 0 0 0 33 0 55 53 60 58 56 54 59 17 0 18 13 20 15 0 0 
19 0 18 0 14 13 0 17 39 0 0 41 0 0 43 44 0 62 0 0 64 61 0 1 0 56 0 60 0 58 55 57 0 34 30 31 36 33 0 0 22 0 0 27 26 24 28 25 0 0 0 0 50 48 0 51 0 11 10 0 12 0 6 8 
0 0 2 64 62 61 4 1 23 22 21 25 24 26 27 28 0 0 52 0 0 0 0 49 43 40 37 44 38 42 0 41 16 0 14 0 20 0 19 13 0 7 5 11 10 8 12 9 0 31 29 0 34 0 30 0 57 0 0 0 60 55 54 56 
0 0 42 40 0 37 0 41 63 62 61 1 64 2 0 4 23 22 28 0 0 21 0 0 19 0 13 20 14 0 15 17 0 58 0 55 0 0 0 53 0 0 0 0 50 0 0 49 9 7 5 12 0 0 0 11 33 0 34 0 0 31 30 0 
0 0 0 48 0 45 52 49 0 6 5 9 0 10 11 0 31 0 36 0 32 0 0 0 27 24 21 0 0 26 23 0 0 2 62 0 0 0 0 61 54 0 0 59 0 0 60 0 17 0 13 20 18 0 14 19 41 43 0 0 44 0 38 40 
0 55 0 0 0 53 60 57 0 14 13 17 16 18 0 0 39 0 44 0 40 37 0 0 0 0 0 36 30 34 0 0 8 0 0 7 12 9 0 5 62 63 61 3 0 64 4 1 25 23 21 0 26 24 22 27 0 51 50 45 52 47 46 0 
0 31 34 32 30 29 0 33 0 0 53 0 56 58 0 60 15 14 20 19 16 13 18 17 0 0 5 12 6 0 7 9 48 50 46 47 52 49 0 0 0 0 37 43 42 40 44 0 1 0 0 4 2 64 0 3 0 0 26 0 28 23 22 24 
29 25 0 26 24 0 30 0 49 0 47 51 0 52 53 54 0 0 14 0 10 7 0 11 0 0 0 6 64 0 1 0 42 44 40 41 0 0 45 39 0 0 0 0 0 34 38 35 0 57 55 0 60 58 56 61 19 0 0 0 22 17 0 18 
0 0 20 18 16 15 0 0 0 40 0 0 42 0 0 0 1 64 0 5 2 0 4 3 61 58 55 62 56 60 57 0 0 36 0 33 38 0 37 31 0 0 23 29 28 0 30 0 51 49 47 0 52 0 48 0 11 0 12 0 14 0 0 0 
0 0 12 10 0 7 0 11 0 32 0 35 0 36 0 38 0 56 62 61 58 55 60 59 0 50 47 54 48 52 0 51 26 0 0 25 30 0 29 0 0 17 15 21 20 0 0 19 0 0 0 0 44 0 40 0 0 5 4 0 6 0 64 0 
0 1 0 0 0 63 0 3 25 0 23 27 26 28 0 30 49 48 54 53 50 0 52 0 45 42 0 0 0 44 41 0 18 20 0 17 22 19 21 0 0 9 0 13 0 0 14 11 35 0 31 38 36 34 32 37 59 0 60 55 62 0 0 0 
0 0 44 42 0 0 0 0 1 64 63 3 0 0 0 6 25 0 0 29 26 23 0 0 21 18 0 22 16 20 0 0 0 0 56 57 62 59 0 55 48 0 0 0 52 0 54 0 0 9 7 0 0 0 8 0 35 0 36 0 38 0 32 34 
37 0 36 34 0 0 38 0 0 56 0 59 0 60 0 0 0 16 22 21 18 15 0 19 13 0 0 14 8 12 9 0 0 0 48 0 0 0 53 47 40 41 39 0 44 42 46 43 3 0 63 0 4 2 64 0 0 29 28 23 0 0 0 26 
53 49 52 0 48 47 54 0 9 8 7 11 0 12 13 0 33 0 38 0 34 31 0 35 0 0 0 0 0 0 0 0 0 0 64 1 6 0 5 63 56 0 55 0 60 0 62 59 19 17 0 22 20 18 16 21 0 45 0 0 0 0 40 42 
0 0 0 58 56 0 62 0 17 0 15 0 0 20 0 22 0 40 46 45 42 39 44 43 0 34 0 0 32 36 33 0 10 12 8 9 14 11 13 7 0 1 0 5 0 0 6 3 27 25 23 0 28 0 24 0 0 0 52 0 54 49 0 50 
0 0 0 39 37 36 43 0 0 0 0 64 63 1 0 3 0 0 27 26 0 20 25 0 0 15 12 19 0 0 14 16 0 57 53 54 59 0 0 52 45 0 0 50 0 47 51 48 8 0 0 0 9 0 5 10 32 0 33 0 0 30 29 0 
0 14 0 0 13 12 19 16 38 0 36 0 39 0 42 43 62 61 3 2 0 0 1 0 58 0 52 59 53 57 54 56 31 0 29 0 35 0 34 28 0 0 20 0 0 0 0 0 48 46 0 0 0 0 45 50 8 10 0 4 0 6 0 7 
2 62 1 0 61 0 3 0 0 21 0 24 0 25 0 27 46 45 51 50 47 0 49 48 42 0 0 0 0 41 0 40 0 17 13 14 0 16 0 12 5 6 4 10 0 7 11 8 32 30 0 35 33 0 29 34 56 0 57 52 0 54 0 0 
50 46 49 47 0 44 51 48 6 5 4 8 0 9 10 0 0 29 0 34 0 0 33 32 0 23 20 27 0 25 0 24 0 0 61 0 3 64 2 60 53 54 52 58 57 55 0 56 16 0 0 19 17 0 13 18 0 42 41 0 0 38 0 39 
0 30 0 31 29 0 0 32 54 53 52 0 0 57 58 59 0 13 0 18 15 12 0 16 10 7 4 11 5 9 6 0 47 0 45 0 0 48 50 44 37 0 36 0 41 0 43 40 64 0 60 0 1 63 0 0 0 0 25 20 27 22 0 23 
10 0 9 7 5 0 11 0 30 0 28 0 0 0 0 35 54 0 59 0 55 52 0 56 50 47 0 0 45 49 46 48 0 0 21 22 27 24 26 20 13 14 12 18 17 15 0 0 40 38 0 43 0 0 0 42 64 0 1 60 0 62 0 63 
58 54 57 55 0 0 59 56 0 13 0 0 15 17 18 19 0 0 43 42 39 36 41 40 0 0 0 0 29 0 30 0 7 0 5 0 0 8 0 0 61 62 0 2 0 63 3 0 24 22 20 27 25 0 21 26 48 50 0 0 0 0 45 47 
0 0 0 23 21 20 27 24 0 0 44 48 47 49 0 51 6 5 11 0 0 0 0 0 2 0 0 3 0 1 0 64 0 0 37 38 43 40 0 36 29 30 0 34 0 31 35 32 0 54 52 0 0 0 53 0 0 18 0 0 0 14 13 0 
