8
48 44 45 46 0 0 0 0 0 36 0 0 40 43 37 41 33 28 0 34 29 0 35 31 0 0 0 53 54 0 59 0 26 0 27 0 25 0 24 20 3 1 2 62 0 63 0 60 18 16 0 15 17 14 0 19 5 0 11 6 8 0 7 0 
8 0 5 6 11 0 9 7 0 60 2 62 64 3 61 1 0 52 0 58 0 54 59 55 15 12 0 13 0 18 19 0 0 45 0 0 49 0 0 0 27 0 0 22 21 0 24 0 42 40 37 0 41 0 36 43 0 33 35 30 32 34 0 28 
16 12 13 14 19 18 17 15 7 0 10 6 8 11 5 0 1 60 64 2 61 62 3 0 23 0 24 21 0 26 27 25 0 53 59 0 57 55 0 0 0 33 0 30 0 31 32 28 0 48 45 47 49 46 0 51 37 0 43 38 40 0 39 0 
0 28 0 30 35 34 0 31 0 0 26 0 0 0 0 0 17 12 16 0 13 0 19 15 39 0 40 37 38 42 0 41 10 5 0 6 9 0 0 4 0 0 0 0 0 0 48 0 2 64 0 63 0 62 0 3 53 57 0 0 56 58 55 0 
24 0 21 22 0 26 25 23 0 12 0 14 16 19 13 17 0 4 8 10 0 6 0 7 0 0 0 29 0 0 0 33 0 61 3 0 0 0 0 60 0 0 42 38 0 39 40 36 58 56 0 55 0 54 52 59 45 0 0 46 0 50 0 44 
64 0 0 62 0 0 0 63 55 52 0 54 56 59 53 57 49 44 0 50 0 46 51 0 7 4 0 5 6 10 0 0 0 37 0 0 41 0 0 36 19 17 0 14 0 0 16 0 34 32 29 0 0 0 0 35 21 25 27 22 24 0 23 0 
40 36 37 38 43 42 41 0 31 0 0 30 0 35 0 33 25 20 0 26 21 0 27 0 47 0 48 0 46 50 0 49 0 13 19 0 17 0 0 12 0 0 58 54 53 55 56 52 10 8 5 7 0 0 4 11 61 1 0 0 64 2 63 60 
0 52 0 54 59 0 0 55 47 44 0 46 0 0 0 0 0 0 40 42 37 0 43 39 63 60 0 61 62 2 0 0 34 29 0 0 33 0 0 28 0 0 10 0 5 0 0 0 0 24 21 0 25 0 20 27 0 0 0 14 16 0 15 0 
34 30 31 0 37 36 35 33 25 0 28 24 26 29 0 0 19 14 18 20 0 0 21 17 41 0 0 0 40 44 0 43 12 7 13 8 11 0 10 0 0 51 52 48 0 0 0 0 4 2 0 1 0 0 62 0 0 59 0 0 58 0 0 0 
0 0 0 24 0 28 0 25 17 14 20 0 18 21 15 0 11 0 10 12 7 0 13 0 33 0 34 31 0 36 37 35 0 63 5 0 3 0 0 62 45 43 44 40 0 41 42 38 60 58 55 0 59 56 54 0 0 0 53 48 0 0 49 0 
42 0 0 40 0 0 43 41 33 30 36 32 34 0 31 35 27 22 0 28 23 24 0 25 49 0 50 47 0 0 53 51 20 0 21 16 0 17 0 14 0 0 60 0 55 0 0 0 12 10 7 0 0 8 0 13 63 3 5 0 2 0 0 62 
58 54 0 0 0 60 0 57 0 46 0 0 0 53 0 0 43 0 0 0 0 40 0 41 0 62 2 63 0 4 0 3 36 31 0 0 35 0 34 30 0 0 0 8 7 0 0 0 0 26 23 25 0 0 0 29 0 0 21 16 18 0 0 0 
50 46 47 48 53 0 51 49 0 38 0 40 42 0 0 0 35 30 34 0 31 32 37 33 0 0 58 55 56 0 61 0 28 23 29 24 0 0 26 0 0 3 4 0 63 1 0 0 20 18 15 17 19 0 14 21 7 11 13 8 10 12 9 0 
2 62 0 64 5 0 3 1 0 0 0 0 0 61 0 0 0 46 50 0 0 48 53 49 9 0 10 0 0 12 13 11 44 39 45 40 43 0 0 38 21 19 20 16 0 17 18 0 36 0 0 33 0 0 0 37 23 27 29 24 0 0 25 22 
0 6 7 0 0 12 0 0 1 62 4 64 2 5 63 3 59 54 58 60 55 56 61 57 0 14 0 15 16 0 0 0 52 47 53 48 0 49 0 46 29 0 0 24 23 25 26 0 44 0 39 41 43 40 38 45 0 0 0 0 0 0 33 30 
18 14 15 0 21 0 0 0 9 0 12 0 10 0 7 11 3 62 2 4 63 0 5 1 0 22 0 0 0 0 0 27 0 55 61 56 0 57 58 0 0 0 36 0 31 33 34 30 0 0 47 49 51 48 46 0 0 0 45 40 42 0 41 38 
29 25 0 27 32 0 0 0 0 17 23 19 0 24 18 22 14 9 13 0 0 11 0 0 36 0 37 34 35 39 0 0 7 2 8 3 0 4 5 0 48 0 0 43 42 44 0 0 63 61 58 0 0 0 57 64 50 54 56 51 0 0 0 0 
5 1 0 3 8 0 0 0 0 0 0 59 61 0 0 0 54 0 53 55 50 51 56 52 12 0 13 0 0 15 0 14 47 0 48 43 46 44 45 41 24 0 23 19 18 20 0 17 39 0 0 36 38 35 33 40 0 30 0 27 0 0 28 25 
37 33 34 35 40 39 0 0 0 25 31 0 0 0 26 0 0 17 0 23 0 19 24 0 44 41 0 42 0 0 48 0 0 10 16 11 14 12 13 9 0 54 55 51 0 0 53 0 7 0 0 4 6 0 0 8 58 62 64 59 61 0 0 57 
0 0 0 59 64 0 0 0 52 0 55 0 53 0 0 0 0 0 45 0 42 43 48 0 0 1 0 2 3 7 8 6 39 0 40 0 38 36 37 33 16 14 0 11 0 12 0 9 31 29 0 28 30 0 0 32 0 22 24 19 21 23 20 17 
45 41 0 0 0 47 46 0 36 33 39 0 0 40 34 38 30 25 29 31 0 0 0 28 0 0 53 50 51 0 56 54 0 18 0 0 22 20 0 0 64 0 63 59 0 60 61 0 15 13 10 12 0 0 9 0 2 0 8 3 5 7 4 1 
0 17 0 19 0 23 22 20 0 0 0 11 0 16 0 14 0 1 0 7 2 3 0 0 28 25 29 26 27 31 32 30 63 58 64 0 62 60 0 57 40 0 0 35 0 36 37 0 55 53 0 52 54 51 0 56 42 46 0 0 0 47 0 41 
13 9 0 11 16 0 14 12 0 0 7 3 5 8 0 6 0 0 61 0 58 0 64 60 20 17 21 18 19 0 0 0 55 0 56 51 54 52 0 49 32 30 31 0 26 0 0 25 0 45 42 44 46 43 41 48 0 0 0 0 0 0 36 33 
53 49 50 51 0 55 54 0 0 0 0 43 0 48 42 0 0 33 0 39 34 35 40 36 60 57 61 58 59 0 64 62 31 26 32 0 30 28 29 25 8 6 0 3 0 4 5 1 23 0 18 0 22 19 17 24 10 14 0 0 13 15 12 9 
0 0 19 20 25 24 23 21 13 10 0 0 0 17 0 15 0 2 0 0 3 4 9 5 29 26 30 27 28 32 33 31 64 59 1 60 0 0 0 58 41 0 40 36 35 0 0 0 0 54 0 0 55 52 50 0 43 0 0 44 46 0 0 0 
0 42 43 44 49 48 0 45 37 34 40 0 38 0 35 39 31 0 30 0 0 0 0 29 0 0 0 51 52 0 0 55 24 19 0 0 23 0 22 0 0 0 64 0 59 0 62 0 16 14 11 13 0 0 10 0 3 7 0 4 6 8 0 0 
54 0 0 52 57 56 55 53 45 42 48 0 46 0 43 0 39 34 0 0 0 36 41 0 61 0 0 59 60 64 0 0 0 27 33 28 31 29 30 26 9 7 0 4 0 0 6 2 0 22 0 0 0 20 18 25 0 0 0 12 0 16 0 0 
0 34 35 36 0 0 0 0 29 26 32 28 0 33 0 31 0 18 0 24 0 0 25 21 45 42 46 0 0 0 0 0 16 11 0 12 15 13 14 10 57 0 56 52 0 53 0 0 0 6 3 5 7 0 2 9 0 63 1 0 0 0 0 58 
0 58 0 0 0 64 0 61 53 50 0 52 54 0 0 0 47 42 0 48 0 44 49 45 5 2 6 3 4 0 9 7 0 35 41 0 39 37 38 34 17 15 0 12 0 0 0 10 0 0 0 29 31 0 26 33 19 0 25 20 22 0 0 0 
0 10 0 0 17 16 15 0 5 2 0 4 6 0 0 0 63 58 0 0 59 60 1 0 21 18 22 0 20 24 25 0 0 0 57 0 0 53 54 50 33 31 0 28 27 0 30 26 0 46 0 45 0 44 42 0 35 39 0 36 38 40 37 34 
0 0 27 28 33 0 31 29 21 0 24 0 0 25 19 23 15 10 14 16 11 0 0 13 0 0 0 35 0 40 0 39 8 3 0 4 7 5 0 2 0 0 0 0 0 0 46 0 0 62 59 61 63 60 58 1 51 0 0 52 54 56 53 50 
0 2 0 4 9 8 0 0 61 58 64 60 0 1 59 63 55 0 0 56 0 0 0 53 13 10 0 0 0 16 0 15 48 0 49 0 47 45 0 42 25 23 24 20 0 21 22 0 40 0 35 0 39 36 34 0 0 0 33 28 30 0 29 26 
15 0 12 13 0 0 0 0 0 3 9 0 0 10 4 8 64 0 63 0 0 0 2 0 22 0 23 20 0 25 0 24 0 0 0 0 0 54 0 0 34 32 33 29 0 30 31 0 0 47 0 46 48 45 43 0 36 0 42 37 0 41 38 0 
0 35 0 37 42 0 40 38 0 27 0 29 31 0 0 32 24 19 23 0 20 0 26 0 0 43 0 44 0 49 50 0 17 0 18 13 0 0 15 11 0 56 0 0 52 54 0 51 9 7 4 0 8 5 0 10 0 64 2 0 0 1 62 59 
0 19 20 21 0 25 24 22 14 0 17 13 15 18 0 16 0 0 0 0 4 0 10 0 30 27 0 28 29 33 34 32 1 60 2 0 0 62 0 59 42 40 41 37 36 0 39 35 57 55 0 54 56 0 51 58 44 48 50 45 0 0 0 43 
0 3 4 0 10 9 8 6 62 0 1 61 63 2 0 64 56 51 55 0 0 53 58 0 14 0 0 12 13 17 18 0 49 0 50 0 48 0 47 43 0 24 25 0 20 0 23 19 41 39 0 38 0 37 35 42 0 32 34 29 0 33 30 27 
47 43 44 45 0 0 48 0 38 35 41 37 39 42 0 40 0 0 0 33 28 29 0 30 54 0 0 52 0 0 58 56 0 20 26 0 0 22 0 19 2 0 1 61 0 62 0 59 17 15 0 14 16 13 0 0 4 8 0 5 0 9 6 0 
55 0 0 53 58 0 0 0 0 0 49 45 47 0 44 0 40 35 39 41 36 0 0 0 0 59 63 0 61 1 2 64 0 28 34 29 0 30 31 27 10 0 9 5 4 6 7 3 25 23 0 0 24 21 19 0 12 16 0 13 15 17 0 11 
31 0 28 29 34 33 32 30 0 19 25 0 23 0 0 24 16 11 15 17 12 0 0 14 0 35 0 0 37 41 0 40 9 4 0 0 0 0 7 3 0 48 49 45 44 0 47 43 1 0 60 62 64 0 59 0 52 0 58 0 55 57 54 51 
0 59 60 61 2 0 64 62 54 51 57 53 0 58 52 0 0 43 0 49 0 0 50 46 6 3 7 4 5 9 10 8 41 36 42 37 40 0 39 35 18 16 0 13 12 14 15 11 0 0 0 30 0 29 27 34 20 0 26 0 23 25 22 19 
1 61 0 63 0 0 0 0 56 0 59 0 0 60 54 58 50 45 49 51 46 47 52 48 0 5 0 0 7 11 12 10 0 38 44 39 0 40 0 37 0 18 19 15 0 0 0 13 0 33 0 32 34 0 29 0 22 0 28 23 0 27 24 21 
0 5 6 0 0 11 10 0 64 61 3 63 1 0 62 0 58 0 0 59 54 55 60 56 16 0 17 0 0 0 20 18 51 0 0 47 0 48 49 45 0 26 27 0 0 0 25 21 43 41 38 40 0 0 37 0 30 34 0 0 33 0 0 29 
17 0 14 15 20 0 18 0 8 0 11 7 0 0 6 0 2 61 0 0 62 0 4 0 0 21 25 0 23 27 28 0 59 0 0 0 58 56 57 0 36 34 35 31 30 32 0 0 0 49 46 0 50 47 45 52 38 42 44 39 41 43 40 0 
25 0 0 0 28 27 26 0 16 13 0 15 0 0 14 0 0 0 9 11 6 7 0 0 32 29 33 0 31 0 0 0 0 0 0 0 0 0 1 0 0 0 0 39 38 0 41 37 0 57 54 56 58 0 0 0 46 50 0 47 0 51 48 0 
33 0 30 0 0 35 34 0 24 0 27 23 0 0 22 26 0 13 17 19 14 15 20 16 40 37 0 38 39 43 44 0 0 0 0 0 10 8 9 0 52 0 51 47 46 48 49 0 3 1 62 0 0 0 61 4 54 0 0 55 0 0 56 53 
49 45 0 0 52 0 0 48 40 0 43 39 0 0 38 42 0 29 33 0 30 0 0 32 56 0 57 0 55 0 60 58 27 22 0 23 26 0 25 0 4 2 3 63 62 0 0 61 19 17 14 16 18 0 0 20 0 10 12 0 0 11 8 5 
0 0 0 39 0 0 0 40 32 0 35 31 0 36 0 0 26 21 25 27 0 23 0 24 48 45 0 0 47 0 0 0 19 14 20 15 0 16 0 0 0 58 59 0 0 0 57 0 11 9 6 0 0 7 5 12 62 0 4 63 0 3 0 0 
57 0 54 0 0 59 58 56 48 0 51 47 49 0 46 50 0 37 41 43 38 39 44 0 64 61 1 62 0 0 0 0 0 0 0 31 34 32 0 0 12 10 11 7 0 0 0 0 0 0 22 0 26 23 0 0 14 18 0 15 17 19 0 13 
51 47 0 49 0 53 0 50 42 39 45 41 43 46 0 44 0 31 35 37 0 33 0 34 0 55 59 56 57 61 62 60 29 0 30 0 0 26 27 23 6 4 0 0 64 2 0 63 21 0 0 18 20 17 15 0 0 12 14 0 0 13 10 7 
27 23 24 25 30 0 0 26 0 0 21 0 0 22 16 20 0 7 0 0 0 9 0 0 34 31 35 32 33 0 38 0 5 64 6 1 4 2 3 0 0 44 45 0 40 42 0 39 61 0 56 58 0 57 55 62 0 0 54 0 51 0 50 0 
3 63 64 0 0 0 4 2 58 55 61 57 59 62 0 60 52 47 51 53 48 49 0 50 10 7 0 8 9 13 14 0 0 40 46 41 44 42 0 39 22 0 21 17 16 0 0 15 37 35 0 34 0 33 0 38 24 0 30 25 27 0 26 0 
59 55 56 0 0 61 60 58 50 0 0 49 51 54 0 52 44 0 43 45 40 41 46 42 0 0 0 64 1 0 6 4 37 0 38 33 0 34 35 31 0 12 0 9 8 10 11 7 29 27 24 26 0 25 23 30 0 20 0 17 0 0 18 0 
19 0 16 17 0 21 20 0 10 7 13 9 11 14 0 12 4 63 0 5 64 0 0 0 26 0 27 24 25 29 0 28 0 56 0 57 60 0 59 0 0 36 37 0 0 34 35 31 0 0 48 0 0 49 47 0 0 0 46 41 43 45 0 39 
0 31 32 0 38 37 0 0 0 23 0 25 27 30 24 0 0 15 19 21 16 17 22 0 42 39 43 0 0 45 46 44 13 8 14 0 0 10 0 7 54 52 53 0 0 0 0 47 5 0 64 2 4 1 63 6 0 0 62 57 59 61 58 55 
43 0 40 41 0 45 44 42 34 31 0 33 0 38 0 0 0 0 0 0 24 0 30 26 50 0 0 48 49 53 0 0 21 16 22 17 20 18 0 15 0 0 0 0 0 58 59 55 13 11 8 10 0 9 7 0 64 0 6 1 3 5 0 0 
11 0 0 0 14 13 12 10 0 63 0 0 3 6 64 0 0 55 59 61 0 0 0 58 18 0 19 0 0 21 22 0 0 48 54 0 0 50 0 47 0 28 0 25 24 0 0 0 0 0 40 42 44 0 39 46 0 36 38 33 0 37 34 0 
28 0 0 26 0 30 29 27 0 16 22 18 0 23 17 21 13 0 0 14 9 10 15 11 35 32 0 33 34 38 39 37 0 0 7 2 0 3 0 0 47 45 46 42 0 0 44 0 62 60 57 59 61 0 56 63 49 0 55 50 0 54 51 48 
52 0 49 50 55 54 53 51 0 40 0 42 0 0 41 45 37 32 0 38 0 34 0 35 59 56 60 0 0 0 0 61 0 25 31 26 29 27 28 24 0 5 6 2 1 0 4 0 22 20 17 19 21 18 0 0 0 0 15 0 12 14 11 0 
0 56 57 0 63 0 0 0 0 0 54 0 0 55 49 0 0 40 0 46 0 0 47 43 0 0 0 0 2 0 0 0 38 33 39 34 0 0 36 32 15 13 14 10 0 11 0 8 30 28 25 0 0 0 24 0 0 0 23 18 0 22 19 0 
0 64 0 0 7 0 5 3 0 0 62 58 0 63 57 61 0 0 0 0 49 50 0 51 11 8 0 9 10 14 15 0 46 0 47 0 0 43 44 40 23 21 22 18 17 0 20 16 0 36 33 35 0 34 32 0 0 29 31 26 28 0 0 0 
36 0 33 34 0 0 37 35 27 24 0 26 0 0 25 29 21 16 20 22 0 18 0 19 43 40 0 0 42 0 47 45 14 9 15 10 13 11 12 0 55 0 0 0 49 0 52 48 0 0 1 3 0 0 64 0 0 61 0 0 0 62 59 0 
0 40 41 0 47 46 45 43 35 32 38 34 36 39 0 37 0 0 28 0 0 26 0 27 51 48 52 49 0 54 55 53 22 17 0 18 21 19 20 0 63 61 0 0 57 0 0 56 14 12 9 11 13 0 8 15 1 5 7 2 0 0 3 0 
0 8 9 0 0 0 13 11 0 64 0 2 4 7 0 5 0 56 60 62 57 0 0 59 19 0 0 0 18 22 0 21 54 49 55 0 53 51 52 48 0 0 30 26 0 0 0 24 46 44 0 43 45 42 0 47 33 0 39 34 0 0 35 0 
20 16 0 0 0 0 21 0 11 0 14 10 12 15 9 0 5 64 4 6 0 2 0 0 0 0 0 25 26 30 0 29 62 57 0 58 61 0 60 0 0 37 38 34 33 35 0 32 0 52 49 0 0 50 0 0 0 45 0 42 0 46 0 40 
