8
11 0 15 10 0 16 13 12 36 0 0 38 40 0 37 39 0 0 42 0 0 0 0 45 54 52 55 56 0 53 0 51 0 32 0 33 28 0 26 31 0 0 1 63 58 0 64 59 0 0 0 25 18 23 0 22 5 7 0 0 0 0 3 0 
0 6 7 2 0 8 0 0 28 27 0 30 32 0 0 0 38 0 34 0 35 41 0 37 0 44 0 48 42 0 49 43 22 24 19 0 20 21 0 0 54 52 0 0 50 53 0 51 12 0 0 17 10 15 16 14 61 63 0 62 0 64 59 58 
35 0 0 34 41 0 37 36 60 59 1 62 64 0 61 0 6 0 0 4 0 0 8 5 14 12 15 0 0 13 17 0 0 0 0 0 0 53 50 55 22 20 0 0 0 0 0 19 44 0 45 49 42 47 48 0 29 0 0 30 33 32 0 0 
59 0 63 0 1 0 0 0 20 19 0 22 0 0 0 0 30 31 0 28 0 33 32 0 0 36 39 0 0 0 41 0 0 16 0 0 12 0 0 0 46 44 0 47 42 0 48 43 0 3 5 0 2 7 0 0 53 0 52 54 57 0 51 50 
43 46 47 42 0 48 45 0 4 3 9 0 8 2 5 7 0 15 10 12 11 17 0 13 22 0 0 24 18 0 25 19 62 64 0 0 0 61 0 63 0 0 33 31 26 29 32 27 52 51 53 0 50 55 0 0 0 39 0 0 41 40 35 34 
27 0 0 0 0 0 0 28 52 51 0 54 56 0 53 55 62 63 58 60 0 1 0 61 6 0 7 8 2 5 9 3 0 48 0 0 44 0 42 47 0 12 0 0 10 0 0 11 36 0 0 41 34 39 0 0 0 23 20 22 25 0 19 18 
19 22 23 18 25 24 21 0 44 43 0 0 0 42 45 47 0 55 50 0 51 57 0 0 62 0 63 0 58 61 1 59 38 0 0 41 0 37 34 0 0 0 9 7 0 5 0 0 28 27 0 33 26 31 0 0 13 0 0 0 0 0 0 10 
0 0 0 0 57 0 53 52 12 0 17 14 16 0 0 15 22 0 18 20 0 0 24 0 30 28 31 32 26 0 0 27 0 8 0 0 4 0 2 7 0 36 41 0 0 0 0 0 60 0 0 1 58 63 64 62 0 47 44 46 0 48 0 42 
0 0 0 39 46 45 0 41 1 64 0 0 5 63 2 0 11 12 0 0 8 0 0 10 19 17 20 21 15 18 22 0 59 61 0 0 0 0 0 0 0 25 30 28 23 0 29 24 0 48 50 54 47 52 53 51 34 36 33 0 38 0 0 31 
0 0 0 7 14 13 10 9 33 0 38 0 0 0 0 0 43 0 39 41 0 46 0 42 0 49 0 53 47 50 54 0 0 0 24 30 25 26 23 0 59 57 0 60 55 58 61 0 0 0 0 22 0 0 0 19 0 4 0 3 6 0 64 0 
0 51 0 47 0 53 50 0 9 8 0 0 13 0 10 0 0 20 15 0 16 22 21 0 0 0 28 29 23 0 30 24 3 5 64 6 0 2 63 4 35 0 38 36 0 34 0 32 0 56 0 62 0 60 61 0 42 0 0 0 46 45 0 0 
64 0 4 0 6 0 0 1 25 0 30 0 29 23 26 28 35 0 0 0 32 38 37 34 43 41 0 0 39 42 0 0 19 21 0 0 0 18 15 0 51 49 54 0 0 0 0 48 0 8 10 14 7 12 13 11 58 60 57 0 62 61 0 55 
24 0 28 0 0 29 26 25 49 48 0 0 53 47 0 52 59 60 0 0 56 62 0 58 0 0 0 0 63 2 6 0 0 0 40 0 0 0 0 0 11 9 14 12 7 0 13 8 0 0 34 38 31 36 37 0 18 0 17 19 22 0 0 15 
32 35 36 31 0 37 0 0 57 0 0 0 0 0 58 60 3 4 0 1 0 6 5 0 11 9 0 13 7 10 14 8 0 0 0 0 49 50 47 0 19 0 22 20 0 0 0 0 41 0 42 0 39 44 45 43 26 28 25 0 0 29 24 0 
56 0 0 55 62 0 58 57 17 0 22 19 21 15 18 20 27 28 23 25 0 0 29 26 35 33 36 0 0 0 38 32 11 0 8 0 0 0 7 0 43 41 46 0 39 42 45 40 1 64 2 6 0 0 5 3 50 0 0 0 54 53 48 0 
16 0 20 0 22 0 0 17 0 0 46 43 45 39 42 44 0 0 0 49 0 0 53 50 59 57 0 0 55 58 62 0 0 37 32 38 33 34 31 36 3 0 6 0 0 2 5 0 25 0 26 0 0 28 0 0 0 0 9 0 14 0 0 0 
18 21 0 17 24 0 20 0 43 42 0 45 0 0 44 46 0 54 0 0 50 56 0 0 61 0 62 63 57 60 64 58 37 0 0 40 35 0 0 38 5 3 8 0 0 0 7 0 27 26 0 0 25 30 0 29 12 0 11 0 0 0 10 9 
2 5 0 0 8 7 4 0 0 0 32 29 31 25 28 0 0 38 0 0 34 0 39 0 0 0 46 0 0 0 48 42 21 23 18 24 0 20 0 22 53 0 56 54 0 0 55 0 0 0 12 0 0 14 0 13 60 62 59 0 64 0 58 57 
0 13 14 0 0 15 12 11 35 34 0 0 39 33 0 38 45 0 41 43 42 0 0 44 53 51 54 55 49 52 0 50 0 31 26 0 0 28 25 30 61 59 64 0 57 60 0 58 0 0 0 0 17 0 0 0 0 0 0 5 0 7 0 0 
58 61 62 0 64 63 60 59 19 18 24 21 0 17 0 22 29 0 0 27 26 0 0 0 37 0 38 0 0 36 0 34 0 15 0 16 0 12 0 14 0 43 0 46 41 0 47 42 3 0 0 0 1 0 7 0 52 54 0 53 0 0 50 49 
0 0 30 0 32 31 28 0 0 0 0 0 0 49 52 0 0 0 57 59 58 0 0 60 5 3 6 7 0 4 8 2 45 0 0 48 0 44 41 46 13 11 16 14 0 12 15 0 0 34 0 40 0 38 39 37 20 0 0 21 0 0 18 17 
50 0 54 0 56 55 0 0 0 0 0 0 15 0 12 14 0 22 0 19 0 0 0 20 0 0 30 31 0 0 32 26 5 7 0 0 3 4 0 0 37 35 40 0 0 36 0 34 59 0 0 0 57 0 63 61 44 46 0 45 0 0 0 0 
34 0 0 33 40 39 36 35 59 0 64 61 0 0 60 62 5 0 1 3 0 8 7 0 13 0 14 0 0 12 16 0 53 0 50 56 0 0 49 54 21 19 24 22 17 0 0 18 43 42 44 0 41 0 47 45 28 30 27 29 0 0 0 25 
0 0 46 41 48 0 0 43 3 0 8 5 7 1 0 6 13 14 0 0 10 0 15 12 0 0 22 23 17 20 0 18 0 63 58 0 0 0 0 0 0 27 0 30 0 28 31 26 51 50 52 56 0 0 55 0 36 38 35 37 40 39 34 33 
5 0 9 0 0 0 0 0 0 0 35 0 34 0 31 33 0 41 0 38 0 43 0 39 48 0 49 50 0 47 0 0 24 26 21 27 22 23 20 25 0 0 0 57 52 55 58 0 0 0 0 0 12 17 18 16 63 1 0 64 0 2 61 60 
0 56 57 0 0 58 55 54 0 13 19 16 18 12 0 17 0 25 20 22 0 27 26 23 0 30 33 0 28 31 35 29 8 10 5 0 6 7 0 0 0 38 0 41 0 39 42 37 62 0 63 3 60 0 0 64 47 49 0 0 0 50 0 0 
21 0 25 0 0 0 0 0 0 45 0 48 50 44 0 49 56 57 52 0 53 59 58 55 64 62 0 2 60 0 3 0 40 42 37 0 38 39 36 41 8 6 11 9 0 0 0 5 30 29 0 0 0 0 34 0 15 0 14 16 19 0 13 12 
29 32 33 28 35 0 0 30 54 53 0 0 58 0 55 57 64 0 0 62 0 3 0 0 8 6 0 0 0 7 11 0 48 50 45 51 46 0 44 0 16 0 19 17 12 15 18 0 38 37 39 0 36 41 0 40 0 0 22 24 27 0 0 20 
0 40 41 36 43 42 39 38 0 61 3 0 0 60 63 1 8 9 0 0 5 11 10 7 16 14 17 18 12 15 19 0 56 58 53 0 0 0 52 57 24 0 27 25 20 23 0 0 46 0 47 51 44 49 0 0 0 33 0 32 0 34 0 28 
13 16 0 12 19 18 15 14 0 0 0 40 0 36 39 41 0 49 44 46 45 51 50 0 56 0 57 58 0 0 0 53 32 34 29 35 0 31 0 0 64 62 3 1 60 63 0 61 0 21 23 0 20 25 26 24 7 9 6 8 0 0 5 4 
45 48 49 0 51 0 47 46 0 5 0 0 10 4 0 9 0 17 12 0 13 0 18 15 24 0 25 26 20 23 27 0 0 2 61 3 0 63 60 1 32 30 0 0 0 31 34 29 54 53 0 59 52 57 0 56 0 41 38 0 0 0 0 36 
61 64 1 60 0 0 63 62 0 0 0 24 26 0 0 25 32 33 0 30 29 0 34 31 40 38 41 0 0 39 43 0 0 0 0 0 0 15 0 17 0 0 51 49 44 47 50 0 6 5 7 11 4 9 0 0 0 57 0 0 59 58 0 52 
0 26 27 22 29 28 25 24 0 0 0 50 0 46 0 0 0 59 54 56 0 0 60 57 2 64 3 4 62 0 5 0 42 0 39 0 0 41 38 0 10 8 13 11 6 9 0 7 0 0 33 37 30 0 0 34 0 19 16 18 0 20 0 0 
39 42 43 0 0 44 41 40 64 63 0 0 4 0 1 0 10 0 0 8 0 13 12 9 18 0 0 20 14 0 21 0 58 0 0 61 0 57 54 0 0 0 0 27 0 0 0 23 48 47 49 53 0 51 0 50 0 35 0 0 0 36 31 30 
0 0 59 0 0 0 0 56 16 0 0 18 0 0 17 0 26 0 0 0 0 0 0 25 34 32 35 36 30 33 0 31 10 12 7 13 0 0 0 11 42 40 45 43 0 41 0 39 64 63 1 0 0 0 4 0 49 51 0 50 0 52 47 0 
0 2 3 0 5 0 0 64 24 0 29 0 28 0 25 0 0 0 30 0 31 37 0 0 0 40 43 44 38 0 45 0 0 20 15 21 16 17 0 0 0 0 53 51 0 49 0 47 8 0 9 13 6 11 0 10 0 59 0 58 61 0 0 54 
47 0 51 46 53 0 0 48 0 7 13 10 0 0 9 0 18 19 0 16 15 0 20 17 26 0 0 28 0 25 29 23 2 0 63 0 0 1 0 3 0 0 37 0 30 33 36 31 56 0 0 61 54 59 60 0 41 0 0 0 0 44 39 38 
15 0 19 0 21 0 0 16 0 0 0 0 44 0 0 0 0 0 0 48 0 0 0 49 0 0 0 0 0 57 61 55 0 0 31 37 0 0 30 35 2 0 5 0 62 1 0 63 24 0 0 0 22 0 28 26 9 11 8 10 13 0 7 6 
7 10 11 6 0 0 0 0 32 0 0 34 36 30 0 35 0 43 38 0 0 45 44 0 50 48 51 52 0 49 53 0 26 28 23 29 0 25 22 27 58 0 0 59 0 0 0 0 0 15 17 21 0 0 0 18 1 0 64 2 5 0 0 62 
31 34 0 0 37 36 33 0 56 55 61 58 60 0 57 59 2 3 62 0 0 5 0 0 10 0 11 12 6 0 13 0 0 0 47 0 48 49 46 0 0 16 0 0 14 17 0 15 0 0 41 45 38 0 44 42 25 27 0 26 0 28 23 22 
0 20 21 16 23 0 19 18 0 0 47 44 0 0 0 0 0 53 48 0 49 0 0 0 60 0 61 62 0 0 63 0 36 0 0 39 0 0 0 0 0 0 7 5 64 3 6 0 26 25 0 0 24 29 30 0 0 13 10 12 15 0 9 8 
57 60 61 56 63 0 0 0 18 17 23 0 22 16 0 0 0 29 24 0 25 31 0 0 36 34 37 38 0 0 39 0 12 0 0 0 10 0 0 13 0 0 0 0 40 43 46 0 2 1 3 7 0 5 0 4 51 0 0 52 0 54 0 0 
33 36 0 0 39 0 35 0 58 0 63 60 62 56 0 61 0 0 0 0 0 7 0 3 0 0 13 14 8 11 15 9 0 54 49 0 0 51 48 0 20 0 23 21 0 0 0 0 0 41 43 0 40 0 46 0 27 29 0 28 31 0 25 24 
1 4 0 64 0 6 3 0 26 0 31 28 30 24 0 29 36 37 32 0 33 0 38 35 44 42 45 46 0 43 0 0 0 0 17 0 18 19 16 21 0 0 55 0 0 0 54 0 10 9 0 0 0 13 0 12 0 61 0 60 63 0 57 0 
9 12 0 8 15 14 0 10 34 33 39 0 38 0 35 37 0 45 40 0 41 47 46 43 0 50 0 54 0 0 55 49 28 30 25 31 0 27 24 0 60 0 0 61 56 0 62 57 0 17 19 23 16 21 22 0 3 0 2 4 7 6 0 64 
0 28 29 24 31 0 0 26 0 0 55 52 54 48 51 53 60 61 56 58 57 0 0 59 0 2 5 6 0 3 0 0 44 0 41 47 0 43 0 45 12 10 0 13 0 0 14 9 34 0 0 39 32 37 0 0 19 0 18 20 0 0 0 16 
49 0 53 48 55 54 51 50 0 9 15 0 14 8 0 13 20 0 16 0 17 23 0 19 28 0 0 30 0 27 31 0 4 0 0 0 0 3 0 5 36 34 39 37 32 0 38 33 58 0 0 63 56 0 62 60 43 45 42 44 0 46 0 0 
0 44 0 40 47 46 0 0 2 1 0 4 6 0 3 0 0 13 8 0 9 0 14 11 0 18 21 22 0 19 23 17 0 62 57 0 58 0 0 61 28 0 31 29 24 27 30 25 50 0 0 0 48 0 0 52 35 37 34 0 39 0 33 0 
0 0 16 0 18 0 14 13 37 0 0 0 41 35 38 40 47 48 43 45 44 50 0 46 55 0 0 0 51 0 58 0 0 33 28 34 0 30 27 0 63 61 0 64 0 62 1 60 21 20 22 0 0 24 0 0 6 8 5 7 10 9 4 3 
0 0 56 0 58 0 0 53 0 0 0 15 17 0 0 16 23 0 19 21 20 26 0 22 0 29 32 33 0 30 34 28 7 9 4 10 0 0 3 0 39 37 0 0 0 38 41 36 61 0 62 0 59 0 0 63 46 0 0 47 50 49 44 43 
0 0 48 43 0 49 46 0 5 0 10 7 9 3 0 8 0 0 11 13 0 18 17 14 0 21 0 25 19 22 26 0 63 0 0 2 61 0 0 0 31 29 34 32 27 0 33 28 53 52 54 58 51 0 0 55 38 40 37 39 42 41 0 35 
0 31 0 0 0 0 30 0 53 0 58 55 57 51 0 56 0 64 59 61 0 2 1 62 0 5 8 0 3 6 10 4 47 49 44 50 45 46 43 0 0 0 0 16 0 14 0 12 0 36 38 42 0 40 41 39 0 24 21 0 0 25 0 19 
4 0 0 3 0 9 6 5 29 0 0 0 0 27 0 0 0 0 0 37 36 42 41 38 0 45 48 49 0 0 0 44 23 25 20 0 21 22 0 24 55 0 58 0 51 54 0 0 0 0 0 18 0 0 17 15 62 64 61 0 2 1 0 0 
36 39 0 35 0 41 38 37 0 60 0 0 0 0 62 64 7 0 3 0 4 10 0 6 0 0 16 0 0 14 18 12 55 57 0 58 0 0 0 56 23 0 0 0 0 22 25 20 45 44 46 50 0 48 49 47 30 0 29 31 34 33 28 0 
20 23 0 19 26 0 0 21 0 44 0 47 0 0 0 48 55 56 51 53 52 0 57 54 0 61 64 1 59 62 0 60 0 41 36 42 37 38 0 40 7 0 0 8 3 6 9 4 29 28 0 0 27 0 33 0 14 0 13 0 18 17 0 11 
60 63 0 59 0 0 62 0 21 0 0 0 25 0 22 24 0 0 27 29 28 34 0 30 39 37 40 0 35 0 0 0 0 0 0 18 0 14 11 16 47 0 50 48 43 0 49 44 5 0 6 10 3 8 9 7 54 56 53 0 58 57 52 51 
46 0 0 0 52 0 48 0 7 6 12 9 0 5 8 0 17 18 13 0 0 20 19 16 0 23 26 0 21 0 0 22 1 3 62 4 63 64 61 0 33 0 36 34 29 0 0 30 55 54 56 0 0 0 59 57 40 42 39 41 44 0 0 0 
0 0 0 53 60 0 56 0 0 14 0 0 19 13 0 0 25 26 21 23 22 28 0 24 0 0 34 35 0 0 0 0 9 0 6 12 0 8 0 0 41 39 0 42 37 0 0 38 0 62 64 0 0 2 3 0 48 0 0 49 0 51 46 0 
14 0 0 0 20 19 16 0 39 38 0 41 43 37 0 0 49 50 45 0 0 52 0 48 0 0 58 0 53 0 0 54 0 0 0 36 0 32 0 34 0 0 0 2 0 0 0 0 0 22 24 28 21 26 27 25 0 10 0 9 0 0 0 5 
0 41 42 0 44 43 0 39 63 62 0 0 0 61 0 0 9 0 0 7 0 0 0 8 17 15 0 19 0 0 20 14 0 0 0 60 55 0 53 58 0 0 28 26 21 0 27 22 47 46 0 52 0 50 51 49 32 0 31 33 36 0 30 0 
0 33 0 0 0 35 32 0 55 54 0 0 59 53 0 58 0 2 61 63 0 4 0 64 9 0 0 0 0 8 0 6 0 0 46 52 47 48 0 50 17 0 0 0 0 16 19 14 0 38 0 0 0 42 43 0 24 26 23 0 0 0 0 21 
0 0 0 21 28 27 0 23 0 46 0 0 51 45 0 0 0 58 0 55 0 60 59 0 1 0 2 3 0 64 4 0 41 0 0 0 39 40 37 42 0 7 12 10 5 8 0 6 31 0 0 36 29 0 35 33 16 18 15 0 20 0 14 13 
0 0 2 0 4 0 64 63 23 0 28 0 0 0 24 0 0 34 29 31 30 36 0 32 41 39 42 43 0 40 44 0 0 19 0 0 0 16 13 18 49 0 0 50 0 48 0 46 7 0 8 0 5 10 0 0 0 0 0 0 60 0 54 53 
0 9 0 0 12 11 8 0 31 0 0 0 0 0 32 34 41 42 0 0 38 44 43 40 49 47 0 51 45 0 52 0 25 0 0 28 23 0 21 26 57 55 0 58 0 56 59 54 15 14 16 20 0 0 0 0 64 2 63 0 0 0 62 61 
