8
0 61 0 59 0 0 0 0 45 49 47 0 0 44 42 43 0 56 0 0 55 0 57 51 0 0 25 0 24 20 0 18 0 39 36 0 40 35 0 0 0 0 12 11 16 14 0 0 0 7 0 6 0 2 3 9 0 0 32 0 0 28 0 29 
0 0 0 0 48 46 0 0 29 33 0 32 0 28 26 27 34 40 0 0 39 0 41 0 3 0 9 5 8 4 6 2 25 0 20 0 24 19 0 0 61 58 60 59 0 0 0 1 0 0 56 0 52 50 0 0 0 11 16 14 15 12 0 0 
0 0 0 0 8 0 0 9 53 0 55 0 0 0 50 51 0 0 0 61 63 60 0 59 27 31 0 29 32 0 30 26 49 47 44 0 48 0 45 0 21 0 20 19 24 0 23 25 13 15 0 14 0 10 11 17 0 0 40 0 39 36 34 37 
28 29 0 0 0 30 31 0 13 17 15 16 14 12 10 0 0 0 0 0 23 20 0 0 0 55 0 53 56 52 0 0 9 7 0 2 8 3 5 0 0 42 44 43 48 46 0 0 37 0 40 38 0 34 0 0 0 59 64 0 0 60 0 0 
0 37 34 35 0 38 39 41 21 25 23 0 22 20 18 19 26 32 30 29 0 28 33 27 59 0 1 61 64 60 62 58 17 0 12 0 16 11 13 0 53 50 52 51 56 54 0 57 0 0 0 46 0 42 43 49 0 3 8 6 7 4 0 0 
0 0 50 0 0 54 0 57 37 41 39 0 38 36 0 0 42 0 46 45 47 0 49 43 11 15 17 0 16 12 14 10 0 31 28 26 32 27 29 30 0 0 4 3 0 0 0 9 0 63 0 62 0 58 59 1 25 0 0 22 23 0 18 21 
0 13 0 11 0 14 15 0 61 1 63 0 62 0 0 0 0 8 6 5 7 4 0 3 35 0 0 37 40 36 0 34 57 55 52 0 56 51 0 54 0 26 28 27 32 0 0 33 0 0 24 22 0 0 19 0 49 43 0 46 47 44 42 0 
20 0 0 0 24 22 23 25 0 9 7 8 6 4 2 3 10 16 14 13 15 0 17 11 0 47 0 0 0 0 46 42 1 0 60 58 64 0 61 0 0 0 36 35 40 0 39 0 29 31 32 30 0 0 27 0 57 51 0 54 0 52 0 53 
0 0 24 0 0 0 29 31 0 0 13 0 12 0 0 9 16 22 0 19 21 18 23 0 0 53 55 51 0 0 0 48 7 5 2 64 0 1 3 0 43 0 42 0 0 44 45 47 35 37 0 36 34 32 33 39 0 57 62 0 0 58 56 0 
18 19 16 17 0 0 21 23 3 0 5 6 0 2 0 1 8 0 0 0 0 10 15 9 41 45 47 0 46 42 44 40 63 61 58 56 0 57 59 60 0 32 34 0 0 36 37 0 0 0 30 28 26 0 25 31 0 0 0 0 0 50 48 0 
58 59 56 57 0 0 0 63 43 0 45 46 0 42 40 41 0 54 0 0 53 50 55 0 17 21 23 0 0 18 0 0 39 37 34 0 38 33 0 0 0 8 0 0 14 12 13 15 0 5 6 4 0 64 1 7 0 25 30 28 0 26 0 27 
42 0 40 41 0 0 45 47 27 0 0 30 0 26 0 25 0 0 0 35 0 34 0 33 0 0 7 0 6 2 0 64 23 0 18 16 22 17 19 0 59 56 58 57 0 60 0 0 0 53 54 52 50 48 49 55 0 9 14 0 13 0 8 11 
34 35 32 33 38 36 37 39 0 23 21 0 20 18 0 0 24 30 0 27 29 26 0 0 0 61 0 0 62 58 60 56 15 0 0 8 14 0 0 12 0 48 50 0 0 52 53 0 43 45 46 44 0 40 0 47 0 1 6 4 0 2 0 3 
0 0 0 1 0 0 5 0 51 55 53 54 52 50 48 49 56 62 60 59 0 58 0 57 0 0 0 0 0 0 28 24 47 45 0 0 46 41 0 0 19 16 0 0 22 20 21 23 11 13 14 12 10 0 0 15 0 33 0 36 37 0 32 35 
0 51 0 0 0 52 0 55 0 39 37 38 0 34 0 0 40 0 44 43 45 42 0 0 9 0 15 11 14 10 12 8 0 0 26 24 0 25 0 28 3 0 2 0 6 4 0 7 59 0 0 0 58 0 57 63 23 0 0 0 21 0 16 19 
10 11 8 0 14 12 0 15 59 63 61 0 60 58 56 57 64 0 4 0 5 2 0 0 33 37 39 35 38 34 36 32 55 53 50 0 0 49 51 52 27 24 26 25 0 28 0 0 19 21 0 20 0 0 17 23 0 41 0 0 45 42 40 0 
40 41 38 0 0 42 43 45 25 0 0 28 0 24 0 0 30 0 0 33 35 32 0 31 0 0 0 1 4 64 0 62 21 19 16 0 0 15 17 0 57 0 56 0 0 0 0 61 49 51 0 0 0 0 0 0 13 0 12 10 0 8 0 9 
0 57 54 55 60 58 59 0 0 45 43 0 0 40 0 39 46 52 50 49 51 0 53 47 15 0 21 0 20 0 18 14 0 35 32 30 0 31 33 34 9 0 8 0 12 10 0 0 1 0 4 0 64 0 0 5 0 23 28 26 27 24 22 25 
0 0 22 0 28 26 27 0 9 0 11 0 10 0 6 0 14 0 0 17 19 16 21 15 47 0 0 49 52 48 0 46 0 3 0 62 0 63 0 0 41 38 0 39 44 0 43 0 33 0 0 34 0 0 31 37 61 0 60 58 59 56 0 57 
48 0 0 0 52 50 51 53 33 0 0 0 0 32 30 31 38 44 42 41 0 40 0 0 0 0 13 9 0 0 0 6 29 27 24 0 28 23 0 26 1 0 0 63 0 2 3 5 0 59 0 58 56 0 55 61 0 15 0 18 19 16 14 0 
64 1 62 0 4 2 0 5 49 0 51 52 50 0 0 0 0 0 58 0 59 0 61 55 23 27 29 25 0 24 26 0 45 43 40 38 44 0 41 0 0 0 16 15 0 0 0 21 9 0 12 0 8 6 7 13 37 0 0 0 35 0 0 33 
32 0 30 0 36 34 35 37 0 21 19 0 0 16 0 15 22 28 0 0 27 0 0 23 55 0 0 0 0 0 0 0 13 0 8 6 12 0 9 0 0 0 48 47 0 50 51 0 41 0 0 0 40 0 0 45 5 0 4 0 3 64 62 1 
8 9 6 0 0 0 0 13 57 61 59 0 58 56 54 55 0 4 0 0 3 0 5 0 31 35 37 0 0 0 0 0 53 51 0 0 52 0 49 0 25 22 0 23 0 26 27 29 17 19 20 18 16 0 15 21 0 0 0 42 43 0 0 0 
16 17 14 0 20 0 0 21 0 5 3 4 2 64 62 63 6 12 10 0 0 8 13 7 39 0 45 0 44 40 42 38 61 59 56 54 0 55 57 58 33 30 32 31 36 0 35 37 25 27 28 26 24 22 0 0 53 47 52 50 0 0 46 0 
0 6 0 4 0 0 8 0 54 58 56 0 55 0 51 0 59 0 0 0 0 61 0 60 28 32 34 0 33 29 0 0 0 48 45 0 0 0 0 0 22 0 0 20 25 23 0 26 14 16 17 0 13 11 0 18 42 36 0 39 0 37 35 0 
37 38 0 0 41 39 40 42 0 26 0 25 0 21 19 0 27 0 31 0 32 29 34 28 60 64 0 62 0 0 63 0 18 16 13 0 0 12 0 15 54 0 53 52 0 55 0 0 0 0 49 0 45 43 0 0 10 0 9 0 8 5 3 6 
0 0 0 0 57 55 56 58 38 0 0 41 39 37 0 0 43 0 0 0 0 0 50 0 12 16 18 14 17 13 0 11 34 32 0 27 33 28 0 31 6 3 0 4 9 7 0 10 62 0 1 0 0 59 60 2 0 0 0 23 24 0 19 22 
45 46 43 0 49 47 0 50 0 0 32 33 31 29 0 28 0 41 0 38 40 37 0 36 4 8 10 6 9 5 0 3 26 0 21 19 0 20 22 0 62 59 0 0 1 0 0 2 54 56 57 55 53 0 0 58 0 12 0 0 16 0 0 0 
13 0 0 12 17 0 16 18 0 2 0 0 0 0 0 0 0 9 0 6 8 0 0 4 36 0 42 0 41 37 0 35 58 56 0 0 0 0 0 0 30 27 29 0 33 0 32 34 0 24 25 0 0 0 0 26 50 44 49 0 48 45 0 46 
0 62 59 0 1 63 0 0 0 50 0 49 47 0 0 44 0 0 0 0 56 0 58 0 20 0 26 0 0 21 0 0 42 0 0 35 0 36 0 39 14 11 13 12 17 15 16 18 6 8 9 0 5 3 4 10 34 0 0 31 0 29 27 0 
21 0 19 20 25 0 24 26 0 10 8 0 7 5 3 4 0 17 0 14 0 13 0 12 0 48 50 0 49 45 47 43 0 0 61 0 1 60 0 0 0 35 37 36 41 39 0 0 0 0 33 31 0 0 28 0 0 0 0 55 0 53 51 0 
0 0 27 28 33 31 32 0 0 0 16 0 15 13 11 0 0 0 0 22 24 21 0 0 0 56 0 54 0 53 0 51 10 8 5 3 9 0 0 0 0 43 45 0 49 47 48 50 0 0 41 39 37 0 36 0 0 60 0 0 64 0 59 62 
0 40 37 0 43 0 0 44 0 0 0 27 25 23 0 0 29 0 33 32 34 0 0 30 62 0 4 0 3 63 1 61 0 18 0 13 0 14 0 0 0 0 0 54 59 57 58 60 48 0 0 49 47 45 46 52 12 0 0 9 10 0 0 8 
0 0 0 0 0 9 10 0 0 60 58 59 0 55 0 54 0 0 1 64 0 0 0 62 30 34 36 0 35 31 0 0 0 50 47 0 0 46 0 49 0 21 23 0 0 0 26 28 0 18 19 0 15 0 0 0 44 38 43 0 42 0 0 0 
0 32 0 0 0 33 0 36 0 20 0 19 17 15 13 14 21 27 25 24 26 0 28 0 0 0 60 0 59 0 57 0 12 0 0 5 11 0 8 9 48 0 0 46 51 49 0 0 0 42 0 41 39 37 0 44 4 62 3 0 2 63 0 0 
63 0 61 62 3 1 0 4 48 52 50 0 49 0 45 46 0 59 57 56 0 0 60 54 22 26 28 24 0 23 0 0 0 0 39 0 43 0 40 41 16 13 0 14 0 17 0 20 0 0 11 0 7 0 0 12 0 30 35 0 34 31 29 32 
0 56 53 54 59 57 58 60 40 44 42 0 41 39 0 0 45 0 49 48 50 47 0 46 14 18 20 0 19 15 17 13 36 34 31 0 0 30 32 0 8 0 0 0 11 0 10 12 0 0 0 0 63 61 62 4 0 0 27 25 26 0 0 24 
47 0 45 0 51 49 50 52 0 36 34 0 0 31 29 30 37 43 41 40 42 39 0 38 6 0 12 8 11 7 9 5 0 26 23 0 0 22 24 25 64 0 63 0 3 0 0 4 0 58 0 57 55 0 54 60 0 14 19 17 18 0 0 16 
15 0 13 0 19 0 18 20 0 0 0 3 1 0 0 62 5 0 9 0 0 7 12 6 38 42 44 0 0 39 41 0 0 58 55 0 59 0 56 0 0 29 0 0 0 33 0 0 0 26 27 25 23 21 22 0 0 0 0 0 0 47 0 48 
0 0 21 0 27 25 26 28 8 12 10 11 0 0 5 6 13 0 0 16 0 0 0 14 0 50 0 0 51 0 49 0 4 2 0 61 3 0 64 0 40 0 39 38 43 0 42 44 0 0 0 33 31 29 0 0 60 54 59 0 0 55 0 56 
0 10 0 0 0 11 12 0 58 62 60 61 59 57 0 56 0 0 0 0 4 1 6 0 32 0 38 34 37 33 0 31 54 52 0 47 53 48 0 51 26 23 0 24 0 27 0 0 18 20 21 19 17 15 16 0 0 40 45 43 0 41 39 0 
0 34 31 32 0 0 36 0 18 0 0 21 19 17 15 16 23 0 0 26 28 0 30 24 56 60 62 0 0 57 0 55 14 0 9 0 0 0 10 0 0 47 49 48 0 51 52 0 42 44 0 43 0 0 40 0 0 64 5 0 0 1 0 0 
0 0 0 48 0 51 52 54 0 0 36 0 0 33 31 0 39 0 0 42 44 41 46 0 8 12 0 0 13 9 11 7 30 28 25 23 29 0 0 0 2 63 1 64 5 0 4 6 58 60 61 59 57 55 0 62 0 16 21 0 0 17 0 18 
25 26 23 24 0 27 0 30 10 14 12 13 0 0 7 8 15 0 19 18 20 17 0 0 0 0 54 0 53 49 51 0 6 4 1 0 0 64 2 0 42 39 41 40 0 43 44 0 0 36 0 0 33 31 0 0 62 0 61 0 0 57 55 58 
0 58 55 0 61 0 0 62 42 0 44 45 43 41 0 0 47 0 0 50 52 0 54 0 16 20 0 0 0 17 19 0 0 0 33 0 37 32 0 0 10 7 9 8 13 0 12 0 2 0 0 0 1 63 64 0 30 24 0 27 28 25 23 26 
0 42 0 0 0 0 44 0 0 30 28 29 27 25 23 0 0 37 35 34 36 33 38 32 0 0 6 0 0 1 0 63 0 20 0 15 0 0 18 19 0 55 57 56 61 59 60 62 50 0 53 51 49 0 0 0 0 8 13 0 12 9 0 0 
17 0 0 16 21 0 20 22 2 6 0 5 0 1 0 64 7 0 11 0 12 0 14 8 40 44 46 42 0 0 0 0 62 60 0 55 61 0 58 0 0 31 33 0 37 0 0 38 26 0 29 27 0 23 24 0 0 48 53 51 52 49 47 50 
1 2 63 0 5 0 4 6 50 0 52 53 0 49 47 0 0 61 59 58 60 0 62 0 24 28 30 0 0 25 0 23 0 0 0 39 45 0 42 43 0 0 17 16 21 19 20 22 10 0 13 0 0 7 8 14 38 0 37 35 0 33 0 0 
46 47 0 0 50 48 0 0 31 35 0 34 0 0 0 0 36 42 40 39 41 38 43 37 5 9 11 7 10 0 8 0 0 0 22 0 26 0 0 24 63 60 62 0 2 64 1 3 0 0 58 0 0 52 53 0 0 13 0 16 17 0 0 15 
62 0 60 61 0 0 0 0 47 0 49 50 0 0 44 45 52 0 56 0 57 0 59 53 0 25 27 0 0 22 24 0 43 0 0 36 0 37 39 40 15 0 14 0 18 0 17 0 0 0 0 0 6 4 5 11 35 29 34 32 33 30 0 31 
54 55 52 53 58 0 0 59 0 43 0 0 40 38 36 0 44 50 48 0 49 46 0 45 13 17 19 15 18 0 0 12 35 0 0 28 0 29 31 0 0 4 0 0 10 8 0 0 63 1 0 0 62 60 61 3 0 21 0 24 25 22 20 0 
38 39 36 0 42 40 41 43 0 27 0 26 0 22 20 0 0 34 0 31 33 0 35 0 0 1 0 63 2 62 0 60 19 17 0 0 18 13 15 16 55 52 0 0 58 0 57 59 0 0 0 48 0 44 45 51 11 0 0 8 0 0 0 0 
14 0 0 13 18 16 17 0 0 3 1 2 0 0 0 61 4 0 8 0 9 6 0 5 37 41 43 39 42 0 40 36 0 0 54 52 58 0 0 56 31 28 0 0 0 0 33 0 23 25 26 24 22 0 21 0 0 45 50 0 0 0 0 0 
30 31 28 29 34 0 33 0 15 19 17 0 16 14 0 13 20 26 24 0 0 22 27 0 53 0 0 0 0 54 0 52 11 9 6 4 0 0 7 0 47 44 0 45 50 0 49 51 0 41 42 0 38 36 0 43 3 61 2 0 1 62 60 0 
22 0 0 21 0 0 0 0 7 11 9 0 8 6 0 0 12 0 0 0 17 0 19 13 45 49 51 47 50 0 48 44 3 1 62 60 2 0 63 0 39 0 38 37 42 0 41 43 31 0 34 32 0 0 29 35 59 53 58 56 57 0 52 0 
0 0 4 5 10 0 0 0 55 59 0 58 56 54 0 53 60 0 64 63 0 62 3 61 29 33 35 31 34 30 32 28 51 49 46 44 0 45 47 48 0 20 0 0 0 0 25 27 15 0 0 16 14 0 13 19 0 0 42 0 0 38 0 39 
0 28 25 26 31 29 30 32 12 0 0 0 13 0 9 0 0 23 21 20 22 0 24 0 50 54 56 52 55 0 53 0 0 6 0 1 7 2 4 5 44 0 43 0 47 45 46 48 0 38 39 0 0 33 34 0 64 58 63 61 0 0 57 60 
59 60 0 0 63 61 62 64 44 0 46 47 0 43 41 42 49 0 53 52 54 0 56 50 0 0 24 20 23 19 0 0 40 38 35 0 39 34 36 37 12 0 11 0 15 13 14 0 4 6 7 0 3 1 2 8 32 26 0 29 30 27 25 28 
0 4 1 2 0 0 6 8 52 0 0 0 0 51 0 0 57 63 61 0 62 0 0 58 26 30 32 0 31 27 29 25 48 0 43 41 47 42 44 45 20 17 0 18 23 21 0 0 0 0 0 0 11 0 0 16 0 34 39 37 0 35 33 36 
0 0 49 50 55 53 0 56 0 40 38 0 0 35 0 0 41 47 0 0 0 0 48 0 10 14 0 0 15 0 0 9 0 30 27 0 0 26 0 29 0 1 3 2 0 5 6 0 60 62 63 0 59 57 58 64 0 18 0 0 0 19 17 0 
0 36 0 0 39 37 38 0 0 0 22 23 21 0 17 18 25 0 29 28 30 0 32 26 58 62 0 60 63 0 61 0 16 14 0 0 15 0 12 13 52 0 51 50 55 0 54 0 0 46 0 45 43 0 0 0 8 0 7 5 0 0 0 4 
11 0 9 0 15 13 0 0 60 64 0 63 61 0 57 0 1 7 0 4 6 3 0 0 0 0 0 36 39 0 37 33 56 0 0 0 0 50 0 53 0 0 0 26 31 29 30 32 0 22 23 0 0 17 18 24 48 42 47 45 0 0 0 44 
0 0 41 42 47 45 46 0 28 0 30 0 29 0 25 26 33 0 37 36 38 35 0 0 2 6 8 4 7 0 0 1 24 22 0 17 23 18 20 0 60 0 59 0 63 61 62 64 52 0 55 53 51 49 0 0 16 0 15 13 14 11 0 0 
0 0 0 0 0 0 22 24 4 8 6 0 5 0 1 2 9 15 13 0 14 11 16 10 42 0 48 44 47 0 45 41 0 0 0 57 63 58 0 0 36 33 35 0 0 37 38 40 28 0 0 0 27 25 26 32 56 50 55 53 0 0 0 52 
