8
29 0 24 22 23 26 0 28 11 0 13 0 0 9 6 0 48 49 0 0 0 46 47 0 31 34 37 32 36 0 35 30 39 0 43 41 0 0 0 40 62 63 0 5 64 0 0 0 16 0 20 0 0 19 0 18 0 57 58 0 0 0 55 61 
45 0 40 38 39 42 41 0 27 28 29 24 0 0 22 0 0 0 5 3 4 0 63 2 47 0 53 48 0 0 0 46 0 61 0 57 54 58 0 0 14 0 0 0 16 18 17 20 32 37 36 0 0 0 33 34 0 9 0 0 8 0 0 0 
37 35 32 0 0 34 33 36 19 20 0 0 15 17 0 0 56 0 61 59 0 0 0 58 39 42 45 40 0 41 0 0 47 53 0 49 0 50 52 48 0 7 0 13 0 10 0 12 0 0 28 0 23 27 0 26 0 0 2 0 64 0 63 5 
0 19 0 14 15 18 0 20 0 0 0 0 0 1 62 0 40 41 45 43 0 38 0 42 0 0 29 24 0 0 0 22 31 0 0 0 0 34 0 32 54 0 59 61 56 58 57 0 0 13 0 0 7 11 0 10 51 0 0 52 48 0 0 0 
0 11 8 0 0 10 0 0 59 60 0 0 0 57 54 58 0 33 37 35 36 30 0 34 15 18 0 0 20 17 19 0 23 29 0 0 22 0 0 0 46 47 0 53 0 50 49 0 64 5 4 62 0 3 0 2 43 0 42 0 40 38 0 0 
61 59 0 0 55 0 57 0 0 0 45 40 0 41 0 42 16 0 0 0 20 14 15 18 63 2 5 64 4 1 3 62 7 13 11 9 6 10 12 0 30 31 35 37 32 34 33 36 0 0 52 0 47 51 0 50 27 25 0 28 0 22 23 29 
53 0 48 0 47 50 49 0 0 36 0 0 31 0 30 34 0 9 13 11 12 6 0 10 0 58 0 56 60 57 59 54 63 0 3 1 62 0 4 64 0 23 0 29 0 26 25 28 0 45 0 38 39 0 0 42 19 17 0 20 16 14 15 21 
5 3 64 62 63 0 0 4 0 52 0 48 47 0 46 50 0 25 29 27 0 0 23 26 7 10 13 8 12 0 11 6 15 21 0 17 0 0 20 16 38 39 0 45 40 42 0 0 56 0 60 54 55 59 57 0 0 0 0 36 0 30 31 0 
0 0 21 19 20 0 22 0 8 9 10 5 0 6 3 7 45 0 0 0 0 43 44 0 28 31 0 0 0 30 0 0 36 0 0 0 35 0 0 0 59 60 64 0 61 0 62 0 13 18 17 0 12 0 14 15 56 54 0 57 0 51 52 58 
58 0 53 51 0 55 0 57 0 41 0 37 0 0 35 39 13 14 18 16 17 11 12 0 60 63 0 61 0 0 0 59 4 10 0 6 3 0 9 5 27 0 32 34 29 0 0 0 0 50 49 0 44 48 0 47 24 22 0 0 0 19 20 26 
0 0 0 0 28 0 30 0 16 0 18 0 12 14 0 0 53 54 58 0 0 51 0 55 0 0 42 37 0 38 0 35 0 50 48 0 0 0 0 0 3 4 0 10 5 0 6 0 0 26 0 19 20 0 22 0 64 0 63 0 0 0 60 2 
0 40 37 0 36 39 0 41 0 25 0 21 0 22 0 23 61 0 2 64 1 59 0 63 0 47 50 45 49 46 0 43 0 58 56 54 51 0 57 0 0 12 16 0 0 0 14 0 29 0 0 0 28 0 0 31 8 6 7 9 0 3 0 10 
18 0 13 0 12 15 0 0 0 0 2 61 0 62 59 63 37 38 42 40 41 35 0 39 20 0 26 21 25 22 0 0 0 0 32 30 27 31 0 0 0 0 0 58 0 0 0 0 0 10 9 0 4 0 6 7 0 46 47 0 45 0 0 50 
0 0 0 0 0 47 46 0 32 0 34 0 0 30 27 31 5 6 0 0 9 3 4 7 52 55 58 0 0 0 0 0 60 2 64 0 0 63 1 61 19 20 0 26 21 23 0 0 37 42 41 35 36 0 38 0 16 0 0 0 13 0 0 18 
0 8 5 0 4 7 6 0 56 57 58 0 0 54 51 55 0 30 0 0 0 27 0 31 12 15 18 0 17 0 16 11 20 0 24 22 19 23 0 21 43 0 48 0 45 0 46 49 61 2 1 0 0 0 0 63 40 38 39 41 37 35 0 42 
2 0 0 59 60 0 0 1 0 0 0 45 44 0 43 47 0 0 26 24 0 19 20 0 0 7 10 5 9 0 0 3 12 18 0 14 0 15 17 0 0 0 0 42 37 0 38 41 53 58 0 0 52 56 54 55 32 30 31 0 0 27 28 34 
32 30 0 0 26 0 0 0 14 15 0 0 10 12 9 0 51 52 0 54 55 49 50 53 34 37 0 35 0 0 38 33 42 0 46 44 0 0 0 43 0 2 0 0 3 5 0 0 0 24 23 17 18 0 20 21 0 0 0 63 59 57 58 0 
24 22 0 17 18 0 20 23 6 7 8 3 2 0 1 5 0 44 0 46 47 41 0 45 26 0 0 0 0 0 0 25 0 0 0 0 33 0 39 35 0 0 0 64 59 61 60 63 0 16 0 9 10 14 0 13 54 52 53 55 0 49 50 56 
48 46 0 0 0 45 0 47 30 31 0 27 0 0 25 0 3 4 8 0 7 0 0 5 0 53 56 51 55 52 0 0 0 64 0 60 57 61 0 59 0 0 22 24 19 21 20 23 35 0 39 33 34 0 36 37 14 12 0 0 11 9 10 0 
8 0 3 0 0 5 0 7 0 55 56 51 0 0 49 53 27 28 32 30 31 0 26 0 10 0 16 11 15 12 14 9 18 24 22 20 0 21 23 0 41 0 0 48 43 45 0 0 59 64 63 0 58 0 60 61 38 36 37 39 35 33 34 40 
16 0 11 9 10 0 12 0 62 63 64 59 0 60 57 61 35 36 0 38 0 33 0 0 0 0 0 0 23 0 22 17 0 32 30 28 0 29 31 0 0 50 54 56 51 53 52 55 3 0 0 0 2 0 4 0 46 0 45 0 0 41 42 0 
0 38 0 33 34 0 36 39 22 0 0 0 18 20 0 0 59 60 0 0 0 57 58 0 0 0 0 43 47 44 0 0 50 0 54 52 0 0 55 0 0 10 0 16 11 0 12 15 27 0 31 0 26 0 28 29 6 4 0 7 3 1 2 0 
56 54 0 0 0 0 0 55 38 39 0 0 34 0 33 0 0 12 0 0 0 9 0 13 0 61 64 0 63 0 62 0 2 0 0 0 0 5 7 0 25 26 30 32 0 29 28 31 43 0 0 0 0 46 0 0 22 0 21 23 0 17 0 24 
64 0 0 57 58 0 60 63 0 47 48 43 42 0 41 45 0 20 0 22 0 0 18 21 2 0 8 3 7 0 6 1 10 0 0 0 0 13 15 0 0 34 0 40 0 37 36 39 51 0 55 49 50 54 52 53 0 28 29 0 27 25 0 32 
28 26 23 21 0 0 0 27 10 0 12 0 6 0 5 9 0 0 0 50 0 45 46 49 0 33 36 31 0 32 34 29 0 44 0 0 37 41 0 39 0 0 2 4 0 0 64 3 15 20 19 13 14 18 16 0 58 0 57 0 0 53 54 60 
4 2 0 61 62 0 0 3 50 0 0 47 46 48 45 49 0 0 0 26 0 0 22 25 0 0 0 7 0 8 10 5 14 0 18 16 13 17 0 15 0 0 42 0 39 0 40 43 55 60 0 53 54 0 0 0 34 0 33 0 31 29 30 0 
52 50 47 45 0 0 48 51 0 35 36 31 30 32 29 33 0 8 0 0 0 0 6 9 54 0 60 55 0 0 58 53 62 4 2 64 61 1 0 63 21 22 26 28 0 0 24 0 39 44 43 37 38 0 0 41 18 0 17 19 15 13 14 20 
20 0 0 0 14 17 0 0 2 3 0 0 62 64 61 1 0 0 0 42 43 0 38 0 22 25 0 23 27 24 26 21 30 0 34 0 29 33 35 31 0 54 58 0 0 0 56 59 7 12 0 5 6 10 8 0 50 0 49 51 47 45 46 52 
0 0 55 53 54 0 0 0 0 0 44 0 0 0 37 41 0 16 20 0 19 0 14 17 62 1 4 63 3 64 2 0 6 0 0 0 5 9 0 7 29 0 0 36 0 33 0 0 0 0 51 45 46 50 48 49 0 24 25 27 23 0 22 28 
0 34 0 0 0 33 32 0 0 19 20 0 14 0 13 17 0 0 0 0 59 53 0 57 38 41 44 39 43 40 0 37 0 52 50 48 0 0 51 47 5 6 10 12 7 0 8 0 0 0 27 0 22 0 0 0 2 64 1 3 0 61 0 0 
44 42 0 37 38 0 40 43 26 27 28 23 22 0 21 25 63 64 4 2 3 0 62 1 46 49 0 0 51 0 50 0 0 0 0 0 53 0 0 55 13 14 0 20 0 17 16 0 0 36 35 29 0 0 0 33 10 8 9 0 0 5 0 12 
0 10 0 5 0 9 8 0 0 0 60 55 54 0 0 0 31 32 36 0 35 29 30 0 14 0 0 0 19 16 18 13 22 0 26 24 21 25 27 23 0 0 50 0 0 0 0 0 0 0 0 0 62 0 0 1 0 40 41 0 39 37 0 0 
63 0 58 56 57 0 0 0 45 0 0 0 0 43 0 0 0 19 23 21 22 16 17 0 1 4 7 2 0 3 0 0 9 15 13 11 8 0 14 0 0 0 37 0 0 36 35 38 0 55 54 0 49 53 51 52 29 27 28 30 26 24 25 0 
47 0 0 40 0 44 43 46 29 0 31 0 25 0 0 28 0 0 7 5 0 0 1 4 0 52 55 50 54 51 0 48 57 0 61 59 56 0 0 0 16 0 0 23 18 0 19 22 0 39 38 32 0 37 0 36 13 11 12 14 0 0 9 0 
7 5 2 64 0 4 3 6 0 54 0 50 49 51 0 52 26 0 31 29 30 24 25 28 9 0 0 10 14 11 13 8 17 0 0 19 0 0 22 0 40 41 0 0 42 0 43 46 58 0 0 0 57 61 59 60 0 35 36 38 34 0 33 39 
31 29 0 24 0 28 27 30 0 0 0 10 9 11 0 0 0 0 55 0 0 0 49 52 33 0 39 0 38 35 37 32 41 0 45 43 0 44 46 42 64 1 0 7 2 4 0 6 18 23 22 16 0 21 19 20 61 59 0 62 58 56 57 0 
0 0 10 0 9 0 11 14 61 0 63 0 0 0 56 60 34 35 39 0 38 32 33 36 17 20 23 0 0 0 21 0 25 31 29 27 0 28 30 0 48 49 53 55 0 52 0 54 0 7 6 64 1 5 3 0 0 43 0 0 42 40 0 47 
23 0 0 16 17 20 0 0 5 6 7 2 0 3 0 0 0 43 0 0 46 40 0 44 25 28 31 26 30 27 29 24 0 0 0 0 0 36 0 0 56 0 61 63 58 60 0 62 10 0 14 0 0 0 11 0 0 51 52 54 0 48 49 55 
39 37 34 0 33 0 0 0 21 0 23 18 0 0 16 20 0 59 63 0 62 56 0 0 0 44 47 0 46 0 45 0 0 55 53 0 48 52 0 50 8 0 0 15 10 0 0 14 0 31 30 24 25 29 27 0 0 0 4 6 0 64 1 7 
0 53 50 48 0 52 51 0 37 0 39 0 0 0 32 36 10 0 0 13 0 0 9 0 57 0 63 58 62 59 61 56 1 0 5 3 0 0 0 2 0 0 29 31 26 0 27 0 42 47 0 40 41 45 43 0 21 0 20 22 18 16 17 23 
14 12 9 7 0 11 10 0 60 61 0 0 56 0 0 59 0 0 38 36 37 0 32 0 16 19 22 17 21 18 20 0 0 0 28 26 0 0 29 0 47 0 52 54 49 51 50 53 1 0 0 0 0 4 2 0 0 42 0 0 0 39 0 46 
0 0 49 47 48 51 50 0 0 37 38 0 32 0 0 0 9 10 14 0 13 0 8 0 56 0 62 57 61 0 0 55 0 6 4 2 0 0 5 0 0 24 0 30 25 27 26 0 0 0 45 39 0 44 42 0 20 18 19 21 17 0 16 0 
22 20 0 15 16 0 0 21 4 5 0 1 64 0 63 3 0 42 46 44 0 39 0 43 24 0 30 0 29 0 28 0 0 0 36 34 31 0 37 0 0 0 0 0 0 0 0 0 0 0 13 0 0 12 0 11 0 0 51 53 49 47 48 54 
0 44 0 39 40 43 0 0 0 29 0 25 24 0 0 0 0 2 6 0 5 63 64 0 48 0 54 49 53 50 0 47 0 0 60 0 55 0 0 57 15 16 0 0 17 0 18 0 0 38 0 0 32 36 34 35 0 0 11 13 9 0 8 14 
0 36 0 31 0 0 0 37 0 0 22 17 0 0 15 0 57 0 62 0 61 0 0 59 40 43 0 0 0 42 44 39 48 0 52 50 47 51 53 0 0 0 12 14 9 11 0 13 25 30 29 0 24 0 0 27 4 2 0 0 0 63 64 6 
0 4 1 0 64 3 2 5 0 53 54 49 0 50 0 0 25 0 30 0 29 23 24 27 8 11 14 0 13 0 12 7 16 0 20 0 0 19 21 17 0 0 44 46 41 43 42 45 57 0 0 0 56 0 0 0 36 34 35 37 0 31 0 38 
0 0 0 0 24 27 0 0 0 13 14 9 8 10 7 0 49 50 54 52 53 47 48 0 0 35 38 33 37 34 36 31 40 0 44 0 39 43 0 41 0 64 0 0 1 3 2 0 17 22 21 15 0 20 18 19 60 58 0 0 57 0 0 62 
62 0 57 0 0 0 58 61 44 45 46 41 0 0 39 43 17 0 0 20 21 15 0 19 0 0 0 0 5 2 4 0 8 0 12 10 7 11 13 9 31 32 0 38 33 35 0 0 49 54 53 47 48 52 50 0 0 26 27 0 25 0 24 30 
0 41 0 36 37 40 0 42 25 26 27 0 0 23 0 24 62 0 3 0 2 60 0 0 45 0 51 0 50 0 49 44 0 0 0 55 0 56 0 0 12 13 0 19 14 16 15 18 30 35 34 28 29 33 31 0 0 0 0 0 6 4 0 11 
0 0 22 20 21 24 23 26 9 10 0 6 0 7 4 8 46 47 0 49 50 0 45 48 29 32 0 30 0 0 33 28 37 0 0 0 36 0 0 0 60 61 0 0 62 64 0 0 14 0 18 12 0 17 15 16 0 55 0 0 54 0 53 59 
0 0 14 12 13 0 0 0 0 2 0 0 61 63 60 64 0 39 0 41 42 0 37 40 0 0 27 22 0 0 25 20 29 35 33 31 28 32 34 30 52 0 57 59 54 56 55 58 6 11 10 4 5 0 0 8 0 47 48 50 0 0 45 51 
0 1 0 0 61 0 63 2 49 0 51 46 45 47 44 48 0 23 27 25 0 20 0 24 5 8 11 6 0 0 0 4 0 19 17 0 0 0 0 14 0 0 41 43 38 40 39 42 54 59 0 0 53 0 0 56 33 31 0 34 30 28 0 0 
59 57 54 0 53 56 55 0 41 0 43 38 37 0 36 0 14 15 0 17 0 12 13 0 61 64 0 62 2 0 1 60 5 11 0 0 4 0 10 6 28 29 33 35 30 0 31 34 46 51 50 44 0 0 47 48 0 0 0 26 22 0 21 27 
51 49 0 44 45 48 0 0 33 34 35 30 0 0 0 32 0 0 11 9 10 0 0 0 53 56 59 0 58 0 57 52 0 3 1 63 60 0 2 62 0 0 25 27 0 24 0 0 38 0 42 36 0 41 0 40 0 15 16 18 14 12 13 19 
11 0 6 0 5 0 7 10 57 58 0 54 53 55 52 0 0 0 0 33 34 0 0 32 13 0 19 14 18 0 17 12 0 27 0 0 20 24 26 22 44 0 0 0 46 0 0 50 62 3 2 60 61 0 63 64 41 0 40 42 38 36 37 43 
35 0 30 28 0 32 31 0 0 18 19 14 13 15 12 16 0 55 59 57 58 52 0 56 37 40 43 0 42 39 41 36 45 0 49 47 0 0 0 46 4 0 0 11 0 8 7 10 0 27 0 20 21 25 0 0 1 63 64 2 0 0 61 3 
0 15 0 10 0 0 0 16 63 64 1 60 59 61 0 0 36 37 41 39 40 34 0 0 19 0 25 20 24 0 23 18 27 0 0 0 26 30 32 28 50 51 0 57 52 54 53 56 4 0 8 0 0 7 0 6 0 0 46 48 44 0 43 0 
0 23 20 0 0 0 21 0 7 8 9 0 0 5 0 6 44 45 0 47 48 0 0 46 27 30 0 28 32 29 31 0 35 41 0 37 34 0 40 36 0 0 0 1 60 0 61 64 12 17 0 10 11 15 13 14 0 53 54 56 0 0 0 57 
0 55 52 0 0 54 53 56 39 0 0 36 35 0 0 0 0 0 0 15 16 10 0 0 59 62 0 60 0 0 63 0 3 9 0 0 0 6 0 4 26 27 31 0 28 30 0 32 44 49 48 0 0 47 45 0 0 21 22 24 20 18 19 25 
49 47 44 42 43 46 45 48 0 0 0 28 27 0 26 0 0 5 9 7 0 2 3 6 51 54 57 0 56 53 55 0 59 1 63 0 0 0 0 60 18 0 0 25 20 0 21 0 0 0 40 34 0 0 0 38 15 13 14 16 12 10 0 17 
1 63 60 58 59 62 0 64 47 48 49 44 0 45 42 46 20 0 25 0 0 18 19 22 0 6 9 4 8 5 7 2 11 17 0 13 10 14 16 12 0 0 39 41 0 0 37 40 0 0 56 50 51 55 53 54 31 29 30 0 0 26 0 0 
0 7 4 2 3 6 5 8 55 0 0 0 51 0 0 0 28 0 0 31 32 26 0 30 11 14 17 12 16 13 15 10 19 0 23 0 18 0 24 0 0 43 47 49 44 0 45 48 60 0 64 58 59 0 0 0 39 0 38 0 36 0 35 41 
33 31 0 0 0 30 29 32 15 0 0 0 11 13 0 0 52 53 0 55 0 50 0 0 35 0 41 36 40 37 39 0 0 0 47 45 42 46 0 0 2 0 7 9 4 6 0 8 20 0 0 18 0 23 21 0 0 0 0 64 0 0 59 0 
0 39 36 34 0 0 37 40 23 24 25 0 19 21 18 0 60 61 1 63 64 58 59 62 43 0 49 0 48 0 0 0 51 57 0 0 50 0 0 0 10 11 15 17 0 0 13 16 0 0 32 0 27 0 0 30 7 5 0 8 0 0 3 9 
