8
0 19 16 18 17 21 0 20 10 9 0 0 0 0 11 0 33 37 0 31 0 35 0 32 0 42 43 0 0 0 0 0 0 6 0 0 0 0 1 0 57 0 62 0 58 0 55 56 0 53 54 50 0 47 48 0 0 27 0 26 0 29 28 25 
46 43 40 42 0 45 39 0 34 33 0 37 31 0 35 32 0 0 0 55 58 59 60 56 5 2 3 0 0 0 0 4 29 0 24 26 27 28 25 0 17 0 22 19 18 21 0 0 9 13 0 10 12 7 8 11 54 51 0 50 47 53 52 49 
54 51 0 50 0 0 0 52 42 41 46 0 0 44 43 40 1 5 6 63 2 0 4 64 13 10 11 8 7 14 9 12 37 38 32 34 0 0 33 0 25 28 30 27 26 0 23 24 17 0 22 18 20 15 0 19 62 59 56 0 55 0 0 0 
30 27 0 26 25 29 23 0 18 0 22 0 15 20 19 0 0 45 46 39 0 43 44 0 53 50 51 0 0 0 49 52 13 0 0 10 0 12 9 0 1 0 6 3 0 0 63 64 57 61 0 58 0 0 56 59 0 0 32 0 31 37 0 0 
14 0 8 10 9 13 7 12 2 0 6 0 63 4 3 0 25 0 30 23 26 0 0 24 37 0 0 32 31 38 33 36 61 62 0 0 0 0 57 0 49 0 54 51 0 0 47 0 0 45 46 42 44 39 0 43 0 19 0 18 15 21 0 0 
6 3 0 2 0 0 0 4 0 57 0 0 55 0 59 56 0 21 0 15 0 19 0 0 29 0 27 24 23 0 25 28 53 54 0 0 0 0 0 0 41 0 0 43 42 45 39 40 0 0 38 0 36 0 32 0 14 0 8 0 0 13 0 0 
62 59 56 58 0 0 55 60 0 0 0 53 47 52 51 0 0 0 14 7 10 11 12 8 21 18 19 16 15 22 17 0 45 46 40 42 43 44 0 0 0 36 0 35 34 0 0 32 25 29 0 0 28 0 24 27 0 0 64 2 0 5 0 1 
38 0 32 34 33 0 0 36 26 25 30 0 23 0 0 24 49 53 54 47 0 51 52 0 0 0 59 56 55 62 0 60 0 22 16 18 0 0 17 15 0 12 0 0 10 0 0 8 0 0 6 2 4 63 64 3 0 43 40 42 39 0 44 0 
0 12 9 11 10 14 0 13 0 2 7 0 0 0 0 0 26 30 0 24 27 28 29 25 38 35 0 33 0 39 34 37 0 63 0 0 0 0 0 56 50 53 55 52 0 0 48 0 0 46 0 0 0 40 0 44 23 0 0 19 16 22 21 18 
39 0 0 0 34 0 0 0 0 26 31 0 0 29 28 0 50 54 0 48 0 0 53 49 62 59 60 0 56 63 58 0 0 23 0 19 20 0 18 0 0 13 0 0 11 14 0 0 0 0 7 3 5 64 0 0 0 44 41 0 40 46 45 42 
55 52 49 0 0 54 48 53 43 42 47 46 40 0 0 41 0 0 0 0 0 4 5 0 0 11 12 0 8 15 10 0 38 39 0 0 36 0 0 32 26 0 31 28 0 30 24 25 0 0 23 19 0 16 0 0 63 0 0 59 56 62 0 58 
0 28 0 27 26 30 24 0 19 0 0 0 0 21 0 17 0 0 47 0 43 0 45 0 0 0 52 49 48 55 50 53 14 0 9 0 12 13 0 8 2 5 7 4 3 0 64 1 58 62 0 0 61 56 57 60 39 36 33 35 32 38 37 0 
0 20 17 0 18 0 16 21 11 10 15 14 0 0 12 9 34 38 39 32 35 36 37 33 46 43 44 41 0 47 0 0 0 0 1 0 0 0 2 64 0 61 63 60 59 62 0 0 0 54 0 51 53 0 0 52 0 0 0 27 0 0 29 26 
0 4 1 3 2 6 0 0 0 58 63 62 0 61 0 57 18 22 23 16 19 0 21 0 0 0 28 25 24 0 26 0 54 0 0 0 0 0 0 48 0 0 47 44 43 46 0 41 34 38 39 0 37 0 33 36 15 0 9 11 8 14 0 0 
0 0 41 43 0 46 40 0 0 34 0 0 0 0 36 33 58 0 63 56 59 60 61 57 6 3 4 0 0 7 2 5 0 0 0 0 28 29 26 24 0 21 23 0 19 22 16 17 0 14 15 11 0 8 9 12 0 0 49 0 48 0 53 50 
63 60 57 59 58 0 0 0 51 0 55 54 48 53 52 49 0 0 0 8 11 12 13 9 22 19 0 0 16 0 18 21 46 47 41 0 0 45 42 0 34 37 0 36 35 0 32 33 26 0 31 27 29 0 0 28 0 0 0 3 64 6 5 2 
51 48 45 47 46 0 44 49 39 38 0 42 36 0 40 0 0 2 3 60 0 64 0 61 0 7 8 5 4 11 6 9 34 0 0 0 32 33 30 28 0 25 27 0 0 0 20 0 14 18 19 15 0 0 13 16 59 0 53 55 0 58 57 0 
11 0 5 0 0 0 4 9 0 62 3 2 60 0 64 61 0 26 27 20 0 24 0 21 34 31 32 0 28 35 30 0 58 59 0 55 56 57 54 52 46 0 0 48 47 50 0 45 38 42 43 39 0 36 0 40 19 16 13 15 0 18 0 14 
0 0 61 63 62 0 0 1 55 54 0 58 52 57 0 53 0 18 0 12 15 16 17 0 26 0 24 21 0 0 22 0 50 51 0 47 0 0 0 44 38 41 43 40 0 0 0 37 30 34 35 31 33 0 29 32 11 8 0 0 0 10 9 0 
43 40 0 39 38 0 0 41 31 0 0 34 28 33 0 29 54 58 0 52 55 0 57 53 2 0 64 61 60 0 62 1 0 27 0 0 0 0 22 20 14 17 19 0 0 18 12 13 0 10 11 7 0 0 0 8 51 48 0 47 44 50 49 46 
0 32 0 0 0 34 28 33 23 22 0 0 20 25 24 21 46 50 0 0 47 48 49 45 0 55 0 53 52 0 54 57 0 19 0 0 0 0 0 12 0 9 11 0 7 10 0 0 62 2 3 63 0 60 0 64 43 40 37 39 0 0 0 38 
0 0 0 55 54 58 52 0 47 46 51 50 0 0 48 45 6 10 0 0 7 8 9 0 0 0 0 13 0 0 14 0 42 43 0 39 40 0 38 0 30 0 0 32 31 0 0 29 22 26 27 23 25 20 21 24 0 64 61 63 0 2 1 62 
0 0 13 0 0 18 12 17 0 0 11 0 4 9 8 5 30 0 35 28 0 0 33 29 0 0 40 0 36 0 38 41 2 0 61 63 64 1 0 60 54 57 59 56 0 58 0 0 46 0 51 47 0 44 45 0 0 24 21 0 0 0 0 0 
27 0 21 0 22 26 20 0 0 14 19 0 12 17 0 13 38 42 43 0 39 0 41 37 50 0 0 45 0 0 46 49 10 11 5 7 8 0 6 0 62 1 3 64 63 0 60 61 0 58 59 55 57 0 53 56 35 32 0 31 0 0 33 0 
17 14 0 13 0 16 0 15 0 4 0 0 0 7 0 3 28 32 0 0 29 30 31 27 0 37 38 0 34 0 36 0 0 0 59 0 62 0 0 58 52 55 0 54 0 56 50 51 44 48 0 45 47 0 43 0 25 22 19 0 18 24 23 0 
33 30 0 29 28 0 0 31 21 0 0 24 0 23 22 0 44 48 0 42 45 46 0 43 56 53 54 51 50 57 52 0 16 17 0 13 14 0 0 10 0 7 0 6 5 8 0 3 60 64 1 61 63 58 0 0 0 38 35 0 34 40 0 0 
0 6 0 0 4 8 2 7 61 60 0 64 0 63 0 59 20 0 0 0 21 0 23 19 0 0 0 27 0 33 28 31 56 0 51 0 54 55 0 50 44 0 49 46 45 48 42 0 0 0 0 37 0 0 0 38 17 14 0 13 10 0 0 12 
25 22 19 21 20 0 0 0 13 12 17 16 0 15 14 11 36 40 41 34 37 0 39 35 0 0 0 43 42 0 44 47 8 9 0 5 0 0 4 2 60 63 1 62 0 64 58 59 0 56 57 53 0 0 51 54 0 0 0 0 0 32 0 28 
1 62 59 61 60 64 0 63 0 0 0 0 0 55 54 51 0 16 0 0 13 14 15 11 24 21 22 19 18 0 0 23 0 0 0 0 46 0 0 42 36 0 0 38 37 40 34 0 0 32 0 29 0 0 27 30 0 6 0 0 2 8 7 0 
0 46 0 45 0 48 0 47 0 36 41 40 34 0 38 35 0 64 1 0 61 62 63 59 8 5 0 3 2 0 0 7 32 0 27 29 0 31 28 0 20 23 25 22 21 0 18 19 0 0 17 13 15 10 11 14 0 0 51 0 0 0 55 52 
57 0 0 53 52 56 0 0 45 0 0 0 42 0 0 0 0 0 9 2 0 0 0 0 0 13 0 0 10 17 12 15 40 0 35 37 0 39 36 0 0 31 0 0 29 32 0 27 20 24 25 21 0 18 0 22 1 62 0 0 58 64 0 0 
41 0 0 37 36 40 34 39 29 0 33 32 0 31 30 0 0 56 57 50 0 0 55 51 64 61 62 59 58 0 60 0 0 0 0 21 0 23 20 18 12 0 17 0 13 16 10 11 4 8 9 5 7 0 3 6 0 46 43 0 0 48 47 0 
28 25 22 24 0 0 21 0 0 15 0 0 0 18 0 0 0 0 0 37 40 0 42 0 51 48 49 46 0 52 0 0 11 12 6 8 9 10 0 0 0 2 4 1 64 3 61 62 55 0 60 56 58 53 54 57 36 33 0 32 29 0 0 31 
60 57 54 56 0 0 53 58 0 47 52 0 0 50 49 0 7 11 0 5 0 0 10 0 0 0 17 14 13 0 0 0 43 44 38 0 41 0 0 0 0 34 0 33 0 35 0 0 23 27 0 24 0 21 0 25 4 0 62 0 0 0 2 0 
12 9 6 8 7 11 5 10 64 0 4 3 0 2 1 62 0 27 28 21 0 25 0 0 0 0 33 30 29 36 0 0 59 60 54 0 0 0 0 53 47 50 52 49 48 0 45 0 39 43 0 0 0 0 0 0 20 17 0 16 0 19 18 15 
4 1 0 0 63 3 0 2 56 55 0 59 53 58 0 0 15 0 20 13 16 17 0 14 27 24 0 0 21 28 23 0 51 0 46 48 0 50 0 0 39 0 0 0 0 0 37 0 0 0 0 0 34 29 30 33 12 9 0 8 0 11 10 0 
44 0 0 40 39 43 37 42 0 31 0 35 29 0 0 0 55 59 60 0 56 57 58 54 3 0 1 62 0 4 63 2 27 28 0 0 25 0 23 21 15 0 0 0 16 19 0 14 0 11 12 0 10 5 6 0 52 49 46 48 45 51 0 47 
20 17 0 0 0 19 13 0 8 0 12 11 5 0 9 6 31 0 0 29 0 0 34 30 0 0 0 0 37 44 39 0 3 0 0 0 1 2 0 0 55 58 60 0 56 59 0 54 0 0 52 48 0 45 0 0 28 0 22 0 21 0 26 0 
52 49 0 48 47 51 0 50 40 0 0 43 37 42 0 38 0 0 4 61 64 1 2 0 0 8 0 6 5 12 0 10 0 36 30 32 0 34 0 29 23 26 0 25 24 0 21 0 0 0 20 16 18 13 14 17 0 0 54 56 53 0 58 55 
0 33 30 32 31 35 0 34 24 23 28 0 21 0 0 0 0 51 0 45 0 49 50 0 0 56 57 54 53 60 55 58 19 0 0 16 17 0 0 13 0 10 12 0 0 11 0 0 0 0 0 64 0 0 0 1 0 41 38 40 0 0 42 0 
0 21 0 0 0 23 0 22 0 11 16 15 0 14 0 0 35 0 40 33 0 0 38 0 47 44 45 42 0 48 0 0 7 0 2 4 5 6 3 1 59 0 64 0 0 63 0 58 51 0 56 0 54 49 0 53 0 0 26 0 25 31 30 27 
0 0 0 12 0 15 9 14 4 0 0 7 1 6 5 2 0 31 0 0 0 29 30 26 39 0 37 34 33 40 35 38 63 64 0 60 61 0 59 57 0 0 0 0 52 55 49 50 0 47 48 44 46 41 0 0 24 21 0 0 17 23 22 19 
8 5 2 4 3 7 1 6 60 59 64 0 0 62 61 0 0 0 24 17 20 21 22 18 0 28 0 0 0 0 27 30 55 56 0 52 0 54 51 0 0 46 48 0 44 0 0 42 0 39 40 0 38 33 34 37 0 0 0 12 0 15 14 11 
48 45 0 0 43 0 41 46 0 35 40 0 0 38 37 34 59 0 64 57 0 0 62 58 7 4 5 2 0 0 3 0 31 0 26 28 0 30 0 0 0 22 24 0 20 23 17 18 0 15 16 12 14 9 10 13 56 53 50 52 0 55 54 0 
0 53 50 52 51 55 49 54 0 43 48 0 0 0 0 42 0 7 8 1 4 5 6 2 15 12 0 0 9 16 11 0 39 0 34 0 37 0 0 33 27 30 32 0 28 0 0 0 19 23 24 20 22 17 18 21 64 61 58 0 57 0 0 0 
64 61 58 0 0 0 57 0 52 51 56 0 0 54 0 0 11 15 16 9 12 0 14 0 0 0 21 18 17 24 0 0 47 48 0 0 45 46 0 0 35 0 0 37 36 0 33 34 27 31 0 0 30 25 0 0 8 0 0 4 1 7 0 0 
0 0 0 36 35 0 0 0 0 27 32 31 0 0 29 26 0 0 56 49 0 53 0 0 0 60 61 58 0 64 0 0 23 24 18 20 0 22 0 17 0 0 16 13 12 15 9 10 3 0 0 0 6 1 0 5 48 45 42 0 0 0 0 0 
32 0 0 0 0 31 25 30 20 19 24 23 17 22 21 0 43 47 48 41 44 45 0 42 55 52 53 50 49 0 0 0 0 16 10 0 13 14 11 9 0 0 8 5 0 0 1 0 0 63 64 60 0 0 58 0 40 0 0 36 0 0 0 35 
0 0 55 0 0 0 0 0 49 0 0 52 46 0 50 0 0 0 0 0 0 10 11 0 0 0 0 15 14 21 0 0 0 45 39 41 42 43 40 38 32 35 37 0 0 36 30 31 24 28 29 25 27 0 0 0 5 0 63 1 62 4 3 64 
0 0 0 0 8 12 0 0 0 64 5 0 62 0 0 63 0 28 0 22 25 26 0 23 0 33 34 31 0 0 32 0 60 61 55 0 58 59 56 54 48 0 53 0 49 52 0 0 40 0 0 41 0 38 39 0 21 0 15 0 14 0 19 16 
0 50 47 0 48 0 46 51 0 40 45 0 38 0 0 39 0 0 5 0 0 0 0 0 12 9 10 7 6 0 0 11 36 0 31 33 34 35 0 0 0 27 29 26 0 0 22 23 0 0 21 17 19 0 15 18 61 0 0 0 0 60 59 56 
5 2 63 1 0 4 0 3 0 0 61 0 54 59 0 55 16 20 0 14 0 0 19 0 0 0 26 23 22 0 24 27 0 0 0 49 50 51 0 46 0 43 0 0 41 44 0 0 32 0 37 33 0 30 31 34 13 10 7 9 0 0 0 8 
37 0 31 33 0 0 30 0 0 24 29 28 0 27 26 0 48 0 53 46 0 0 51 0 60 0 58 0 0 61 56 59 0 21 15 17 18 19 16 14 8 11 0 10 9 12 6 7 64 4 0 0 3 62 63 0 45 42 0 41 0 44 43 0 
45 42 39 41 0 44 38 0 0 32 0 0 0 35 0 0 0 60 61 54 57 58 59 55 4 0 0 0 0 5 64 3 28 29 23 25 26 27 0 22 0 19 21 18 0 20 14 15 8 12 13 0 11 6 0 10 0 50 47 0 0 0 51 48 
29 0 23 0 0 28 0 27 17 16 21 20 0 0 18 15 40 0 45 38 0 0 43 39 0 49 50 0 0 53 0 51 12 13 0 9 10 11 8 6 64 0 5 2 1 4 62 63 0 60 61 57 59 0 0 58 37 34 0 33 0 36 35 32 
0 0 0 17 16 0 0 19 9 8 13 12 0 11 10 7 0 0 37 30 33 34 0 0 44 0 0 39 0 0 40 0 4 5 0 0 0 3 64 62 0 0 61 0 57 60 0 55 48 0 53 49 51 46 0 50 29 26 0 0 0 0 27 24 
58 0 52 54 0 57 51 0 46 45 50 49 0 0 47 44 5 9 0 3 6 0 8 0 17 0 15 12 11 0 0 16 41 42 0 0 0 40 37 35 29 32 34 0 30 0 27 28 21 25 26 0 0 19 0 23 0 63 60 62 59 1 64 61 
0 15 12 0 13 0 11 16 0 0 0 0 0 0 0 4 0 0 0 27 0 0 0 28 0 38 0 36 35 0 37 40 1 0 60 62 63 0 0 59 53 0 58 55 54 0 51 52 0 49 50 46 0 43 44 47 26 23 20 0 0 25 24 0 
42 39 0 38 37 41 35 40 0 29 0 33 27 0 31 0 53 0 0 51 54 55 56 52 1 0 63 60 0 2 0 64 0 26 20 22 0 24 0 19 13 16 0 0 14 17 0 0 0 0 10 6 0 3 0 7 0 47 0 0 0 49 48 45 
0 0 0 0 5 0 3 0 62 61 2 1 59 64 63 0 0 25 26 19 22 23 0 20 33 30 31 28 27 0 0 32 0 0 52 54 0 56 0 0 45 0 0 47 46 0 43 0 37 41 0 0 40 0 36 0 0 15 0 0 11 0 0 0 
26 0 20 0 0 25 19 24 0 13 18 17 11 16 15 12 0 41 0 35 38 0 40 0 49 0 47 44 43 0 45 0 0 0 0 6 7 8 0 0 0 64 0 0 62 0 59 0 53 57 0 54 56 51 0 55 34 31 28 30 27 33 32 0 
34 31 0 30 29 0 27 32 0 21 26 25 19 24 23 0 0 0 50 43 46 47 48 44 57 0 0 52 0 58 53 0 0 18 0 14 15 16 0 0 5 8 10 7 6 9 3 0 61 1 2 62 64 0 60 0 0 0 36 38 35 41 40 37 
50 0 44 46 45 0 43 0 38 37 0 41 0 40 39 0 0 1 2 59 0 0 64 0 9 6 7 4 0 10 5 8 33 34 0 30 31 0 29 27 21 24 0 0 22 25 19 0 13 0 18 0 16 11 0 0 58 55 52 54 0 0 56 0 
2 63 60 0 0 0 59 0 0 53 0 0 51 56 55 52 13 17 0 11 0 15 16 12 0 0 23 0 0 26 0 24 49 0 44 0 47 48 45 0 37 0 0 39 38 0 35 36 29 33 34 30 32 27 0 0 0 7 4 0 0 0 8 0 
