8
36 43 0 40 42 38 39 41 0 0 0 51 0 0 0 45 7 6 5 10 11 8 0 4 33 35 28 32 0 34 29 30 0 22 23 20 26 25 0 27 0 18 15 0 17 14 12 19 62 64 0 0 1 3 0 60 0 58 0 0 57 0 0 53 
60 3 0 64 0 62 63 1 0 6 0 11 0 0 10 5 31 30 29 34 35 32 33 28 0 0 0 56 0 58 0 54 48 46 0 44 0 49 0 0 37 0 39 0 0 38 36 0 0 24 0 23 25 0 0 0 19 0 16 0 0 12 15 13 
4 11 5 8 10 6 0 9 0 14 0 19 0 0 18 0 0 38 37 0 43 0 41 0 0 0 0 0 0 0 61 0 56 54 0 52 0 0 53 59 45 50 47 48 49 46 44 51 30 0 0 31 0 35 29 0 0 0 0 22 0 0 0 21 
12 19 0 0 18 0 15 17 25 22 0 27 23 0 26 21 47 0 45 50 0 48 49 0 0 11 0 8 0 10 0 6 0 62 0 0 0 1 61 0 53 58 55 56 0 54 52 0 38 40 42 39 41 0 0 36 35 0 0 0 33 28 0 29 
20 0 21 24 0 22 23 0 33 0 32 35 31 28 0 29 0 0 0 58 0 56 57 0 17 19 0 0 15 0 13 0 8 0 7 4 10 0 5 0 61 2 0 64 0 62 0 3 46 0 50 47 49 0 45 44 43 0 40 0 41 36 39 0 
44 51 0 0 50 0 0 49 0 54 0 0 0 0 58 0 0 0 13 18 0 16 17 12 41 43 0 0 0 0 37 0 0 30 0 28 0 33 29 0 0 26 23 0 25 22 20 0 0 8 10 0 0 11 5 4 3 2 0 0 1 60 63 61 
52 59 53 0 58 54 55 57 0 62 64 3 63 0 2 61 23 0 21 26 0 24 25 20 49 51 0 48 47 50 0 0 0 38 39 36 0 41 37 0 0 34 31 32 33 30 28 35 0 16 18 15 0 0 13 12 11 10 0 6 0 4 0 0 
28 35 29 0 0 30 31 33 41 38 0 43 39 36 42 0 0 62 61 2 0 0 1 60 0 27 20 24 23 0 21 0 0 14 15 12 18 0 13 19 0 0 0 8 9 0 0 0 54 0 0 55 57 0 0 0 0 50 48 46 49 44 47 0 
43 50 0 47 49 45 46 0 56 53 0 58 54 51 0 0 14 13 12 0 18 0 0 0 40 42 0 0 38 0 36 37 31 29 0 27 0 0 28 34 20 25 22 23 0 0 19 0 5 7 9 0 0 10 4 3 2 0 0 61 64 59 0 60 
11 0 0 15 0 13 0 0 0 0 0 26 22 19 25 0 46 45 0 49 50 47 48 0 0 10 0 7 6 0 0 0 0 0 0 59 1 64 0 2 52 0 0 55 0 53 0 58 37 39 0 38 0 0 36 0 34 0 31 29 32 0 30 28 
19 0 20 23 0 21 22 0 32 29 31 34 0 27 33 0 54 0 52 0 0 55 56 51 16 0 0 15 14 0 12 13 0 0 6 3 0 8 4 10 60 0 62 63 64 0 59 0 0 47 49 46 0 0 44 43 42 41 0 37 40 0 0 0 
51 0 52 0 57 53 54 0 0 61 63 2 0 59 1 60 22 21 20 25 26 0 0 19 48 0 0 47 0 49 0 45 39 37 38 35 41 40 36 0 28 0 30 31 0 29 27 0 13 15 17 14 0 0 0 11 10 0 7 5 8 3 6 0 
0 0 4 7 0 0 0 0 0 13 0 0 14 11 17 12 0 0 0 41 42 39 0 0 0 0 59 63 62 1 60 0 55 53 54 51 57 56 52 0 44 49 46 47 48 0 43 50 29 0 33 0 0 34 0 27 26 25 23 0 24 19 0 20 
0 42 36 39 41 37 0 40 0 45 47 50 0 43 0 44 0 0 4 9 0 7 8 3 0 34 0 31 0 33 28 0 23 0 0 19 0 24 0 0 0 0 0 15 16 0 11 0 61 0 0 62 64 0 60 0 0 0 55 53 0 0 54 52 
0 0 28 31 33 29 0 0 40 37 0 0 0 35 0 36 0 61 0 1 0 0 0 59 24 0 19 23 22 25 20 21 15 13 14 11 17 16 12 18 4 9 0 7 8 5 3 10 53 0 57 54 0 58 52 0 0 49 47 45 0 0 46 44 
59 0 60 63 1 61 62 64 8 0 7 10 0 3 9 4 30 0 28 33 34 31 0 27 0 58 0 0 54 57 52 53 47 0 46 43 49 48 0 50 0 0 38 0 40 37 35 0 21 23 25 0 24 0 20 0 18 0 15 13 16 11 0 0 
32 39 33 36 38 34 35 37 45 0 44 47 43 0 46 0 3 0 1 6 0 4 0 0 29 31 0 28 0 0 25 26 0 18 19 0 0 21 0 0 0 0 11 0 0 0 0 0 58 60 0 0 0 0 57 56 55 0 52 0 0 48 51 49 
16 23 0 20 0 0 19 21 0 26 0 31 27 24 0 25 0 0 0 54 55 52 0 48 13 15 0 12 11 0 9 10 4 2 3 0 0 0 0 0 57 62 59 60 61 0 56 0 42 44 46 0 45 47 41 40 39 0 36 34 37 0 35 33 
48 55 0 52 54 50 51 53 61 58 60 63 59 56 0 57 0 18 17 22 0 0 0 16 0 47 40 0 0 46 41 42 36 34 0 32 38 37 33 39 25 0 0 0 0 0 0 0 10 12 0 0 0 15 9 8 0 6 4 0 0 64 3 1 
56 0 57 60 62 58 0 61 0 2 0 7 3 0 6 1 27 0 0 0 31 28 29 0 53 0 48 0 51 0 49 50 44 0 43 40 0 0 0 47 0 38 35 0 37 34 32 39 0 20 0 0 21 23 17 16 0 14 0 0 13 0 0 0 
64 7 0 4 6 2 3 0 0 0 0 15 0 0 14 0 35 34 0 0 0 0 0 0 61 63 56 60 59 0 57 58 52 50 51 0 0 0 49 55 0 46 0 44 0 42 0 47 0 28 0 27 0 0 25 0 0 22 0 18 0 16 19 17 
8 0 9 12 14 0 11 0 21 18 20 0 19 16 22 17 0 0 0 0 0 0 45 40 5 7 64 0 3 6 0 2 0 58 59 0 62 61 57 0 49 0 51 52 0 50 48 0 34 36 0 35 37 0 33 0 0 0 0 0 29 24 27 25 
24 31 25 0 0 0 27 29 37 0 36 0 35 0 38 0 59 0 0 62 63 60 61 56 21 23 0 20 0 22 0 18 0 10 11 0 0 13 0 0 1 0 0 4 5 0 64 7 0 0 54 0 53 0 0 48 47 0 44 0 45 40 43 41 
0 47 41 0 46 42 43 0 0 50 0 55 51 48 54 0 0 10 0 14 15 0 13 8 0 0 0 36 0 0 0 34 0 0 27 24 0 29 25 31 0 22 0 0 21 18 16 23 2 0 6 3 0 0 1 64 63 62 0 58 61 56 59 57 
0 0 0 13 15 0 12 14 22 19 0 0 20 17 23 18 0 43 42 47 0 45 46 41 6 0 1 5 4 7 0 0 61 59 0 57 63 62 0 64 50 0 0 0 54 51 0 56 35 37 39 36 38 0 34 33 32 31 29 0 0 25 28 26 
57 0 0 61 63 59 0 0 6 3 5 0 0 1 7 2 28 0 0 31 32 0 0 0 0 56 0 53 52 0 0 51 45 43 44 0 47 46 42 48 0 39 36 37 0 35 0 40 19 0 0 0 0 24 18 17 16 0 13 0 14 0 12 10 
33 0 0 0 39 0 0 38 46 43 45 0 44 41 47 0 4 3 0 7 8 0 6 1 30 32 0 29 28 31 0 0 21 0 20 0 0 0 18 24 0 0 12 13 0 11 0 16 59 61 63 0 62 64 0 57 56 0 53 51 0 49 0 0 
25 32 26 29 31 27 0 30 38 0 0 40 36 0 39 0 0 59 58 63 64 61 0 57 22 24 0 21 0 23 18 19 13 11 12 9 0 14 10 16 2 7 0 5 0 3 1 0 51 0 0 0 0 56 50 0 0 47 0 43 0 41 0 42 
49 0 0 0 55 0 0 54 62 0 61 64 60 0 0 58 20 0 18 23 0 21 22 0 0 48 0 45 44 0 0 43 37 0 36 0 39 38 0 0 26 0 0 29 30 27 25 0 0 0 0 12 0 0 10 0 8 7 0 3 6 0 0 2 
0 0 0 45 47 43 44 46 0 51 53 56 52 49 55 50 12 11 0 15 16 0 14 0 38 40 33 37 0 39 0 0 0 27 28 25 0 30 26 32 18 0 20 21 22 19 17 0 3 5 7 4 0 8 0 1 0 0 0 0 0 0 0 58 
17 24 18 0 23 0 20 22 0 27 29 32 0 25 31 26 52 51 50 55 56 53 0 49 0 16 9 0 0 0 10 0 0 3 0 0 7 6 2 8 0 0 0 61 0 0 57 0 0 45 0 44 46 0 0 41 40 0 0 0 38 33 36 0 
0 8 2 5 0 3 4 6 0 0 13 0 0 0 0 10 0 0 0 0 0 0 38 33 62 64 0 61 60 0 0 59 0 0 0 0 55 54 0 56 0 0 44 45 46 43 0 48 27 0 0 28 0 32 26 25 24 0 21 19 22 17 0 18 
0 45 39 0 0 0 41 43 0 48 50 53 49 0 52 47 0 8 0 12 13 10 11 6 35 0 0 34 33 36 31 32 0 24 25 22 0 0 0 29 15 20 17 0 19 16 0 0 64 0 0 1 3 5 0 0 61 60 58 56 59 54 0 55 
14 0 0 0 0 0 17 19 0 0 0 29 0 22 28 23 0 48 0 52 53 50 0 0 11 13 6 0 9 0 0 0 2 0 0 62 4 3 63 5 55 60 57 0 59 56 0 0 40 0 44 41 0 45 39 38 0 36 34 32 35 30 0 0 
0 37 31 34 36 32 33 35 43 40 42 0 0 0 0 39 1 64 63 4 5 0 3 0 27 29 0 0 0 28 0 0 0 0 0 14 0 0 15 21 7 12 9 10 11 8 6 0 56 58 60 57 0 61 0 0 0 0 0 48 51 46 49 47 
0 53 0 50 52 48 49 51 0 56 58 0 0 54 0 55 17 0 15 20 21 0 0 0 43 45 38 0 41 0 39 40 34 0 33 30 36 35 0 37 23 0 25 0 0 24 0 29 8 10 12 0 11 13 0 6 0 0 2 64 3 62 0 63 
54 61 55 0 60 56 57 59 3 0 0 5 0 62 0 63 25 24 23 28 29 26 0 22 51 0 46 0 0 0 47 0 0 0 0 0 0 43 39 0 31 0 0 0 0 0 30 37 0 0 0 0 0 0 15 0 13 12 0 0 0 0 9 0 
0 5 63 0 0 0 1 0 0 8 0 0 0 6 0 7 33 32 31 0 37 34 0 0 0 61 0 0 57 60 0 56 50 48 49 46 0 51 47 53 39 44 0 0 43 40 0 0 24 0 0 0 0 29 0 0 0 0 18 0 0 14 17 15 
0 29 0 26 28 0 0 27 35 32 0 0 33 0 36 31 0 0 0 60 61 0 59 0 19 0 14 18 0 20 0 16 10 8 0 6 0 11 7 0 0 4 1 2 3 64 62 0 0 50 0 49 51 53 0 0 0 44 42 40 0 38 0 39 
0 0 0 0 0 0 0 11 0 16 18 0 0 14 20 0 41 40 0 0 45 0 43 38 0 5 0 0 0 0 63 64 58 56 0 54 60 59 0 0 47 0 0 0 51 0 46 53 0 34 0 0 0 0 0 30 29 28 26 0 0 0 25 0 
50 57 51 54 56 52 0 55 0 60 62 1 61 58 0 0 21 0 19 24 0 0 23 0 0 49 0 0 0 48 43 44 0 36 0 34 40 39 35 0 27 32 29 0 31 28 0 0 12 14 16 0 0 0 0 10 9 8 6 0 7 2 5 0 
0 0 0 0 0 0 21 23 31 28 0 33 29 0 32 27 53 52 0 0 0 0 0 50 15 17 10 14 0 16 11 0 0 0 0 2 8 0 0 9 59 64 61 62 0 60 58 1 44 46 48 45 0 0 43 42 41 0 0 36 0 34 0 35 
0 0 0 62 0 60 0 63 7 4 0 0 5 2 8 3 29 28 27 32 33 30 0 26 0 57 50 54 53 0 0 52 0 0 45 42 0 0 43 0 35 0 37 38 39 36 0 0 20 22 24 21 23 0 19 18 17 0 0 12 0 10 0 11 
26 33 27 30 32 0 0 31 39 0 38 0 0 34 40 0 0 0 59 0 1 62 63 58 0 0 18 22 0 0 0 0 0 0 0 10 16 15 0 17 3 8 5 0 7 4 0 9 0 0 0 0 55 57 51 50 49 48 0 0 47 42 0 0 
42 49 0 46 0 44 45 47 0 0 54 57 53 0 56 51 13 12 11 16 17 0 0 10 0 41 34 38 0 0 0 0 30 28 29 26 32 31 0 33 0 24 21 0 23 20 0 0 4 6 8 0 0 9 3 2 0 64 62 60 63 58 61 59 
0 0 3 6 0 4 0 7 15 0 14 17 13 10 16 0 0 0 35 0 41 0 0 34 63 0 0 62 61 0 0 0 54 52 53 50 0 0 51 0 43 0 45 46 0 0 42 49 28 30 0 29 31 33 27 26 0 24 0 0 23 18 0 19 
0 17 11 14 16 0 0 15 0 0 22 25 21 18 24 19 0 0 43 48 49 0 47 0 7 0 2 0 0 8 3 4 0 60 0 58 64 0 59 1 51 56 0 54 0 0 50 57 36 38 0 37 39 0 0 34 33 32 30 28 31 0 0 0 
34 41 35 38 0 36 37 39 47 44 46 49 45 42 48 43 0 0 0 8 9 0 0 0 0 0 26 30 0 32 0 0 0 0 21 0 24 23 0 25 11 0 13 14 0 12 0 0 60 62 0 0 0 0 0 0 57 0 54 0 55 0 0 51 
0 46 0 43 0 0 42 44 0 49 51 54 0 47 0 0 0 9 8 0 0 11 12 7 0 38 31 0 0 37 0 0 0 25 26 0 29 28 24 30 16 0 18 19 0 0 15 22 0 0 5 2 4 0 0 63 62 0 0 57 0 0 0 56 
47 54 48 0 53 49 50 0 60 0 59 62 58 0 61 0 18 17 16 21 22 19 0 15 44 0 0 43 0 45 40 0 35 33 34 0 0 36 32 38 24 29 0 27 0 0 23 30 0 0 13 10 12 0 8 7 0 5 0 0 4 63 2 64 
31 38 32 0 0 33 34 36 0 0 43 0 42 39 45 40 2 1 0 5 0 3 4 63 0 30 0 27 26 29 24 25 19 17 18 0 21 20 0 22 0 13 0 11 12 9 7 14 57 59 61 58 0 62 56 0 54 53 51 49 0 0 0 0 
0 0 0 11 0 9 0 12 20 17 19 22 18 15 21 16 42 41 0 0 0 0 0 39 0 6 63 3 0 5 0 1 59 0 0 55 61 60 0 62 0 53 50 0 52 49 47 0 33 35 37 34 36 38 0 31 0 0 0 0 28 0 26 0 
0 0 0 3 0 1 0 0 12 0 0 14 10 7 0 8 0 33 32 0 0 35 0 0 60 62 55 0 0 0 56 57 0 49 50 47 53 52 48 0 40 45 0 43 44 41 39 0 0 27 0 26 28 30 24 0 0 21 0 17 20 15 18 16 
23 30 0 27 0 25 0 0 36 0 35 38 0 31 37 0 58 57 0 0 0 59 60 55 20 0 0 0 18 21 16 0 0 0 0 0 0 0 8 14 0 5 0 0 0 1 63 6 49 0 53 50 52 54 0 0 46 45 0 41 44 0 42 40 
0 0 56 59 61 57 58 60 4 0 0 6 2 63 0 64 26 25 24 29 30 27 28 23 52 0 47 51 50 0 48 49 43 41 42 39 45 0 40 0 0 0 34 35 36 0 0 0 0 0 21 0 20 0 0 0 14 13 11 0 0 0 10 8 
0 0 0 19 21 17 18 20 28 0 27 30 26 23 29 0 50 0 48 53 54 51 0 47 12 0 7 11 10 0 0 9 3 1 2 63 5 0 0 0 56 61 58 59 60 57 55 0 0 43 0 0 0 0 0 0 0 37 35 0 36 31 34 0 
21 28 22 25 0 23 24 0 34 31 0 36 32 0 0 0 0 55 0 0 60 0 58 53 0 0 13 17 0 0 0 15 9 0 8 5 11 0 6 0 62 3 64 1 2 0 61 4 0 49 51 0 50 0 46 45 44 0 0 39 0 37 0 38 
37 0 38 41 43 0 0 42 50 47 49 0 0 0 0 0 8 0 6 0 0 9 10 5 34 36 29 0 32 0 30 0 0 23 24 0 27 26 22 28 14 0 0 0 0 0 0 0 63 0 3 64 2 0 62 0 60 0 0 0 58 53 56 54 
0 0 14 17 19 15 16 18 26 0 25 0 0 0 27 0 48 47 46 51 52 49 0 45 10 12 0 0 8 0 0 0 0 63 0 0 3 2 0 0 0 59 0 0 0 55 0 60 39 0 43 0 0 0 38 37 36 0 0 31 0 29 32 30 
5 0 0 0 0 7 0 10 18 0 0 0 0 13 19 0 40 0 38 43 44 41 0 37 2 4 61 1 64 3 62 0 57 55 0 53 59 0 54 60 46 51 48 49 0 47 0 0 31 0 35 0 34 36 30 29 28 27 25 0 0 0 24 22 
0 60 54 57 0 55 56 0 2 0 0 4 64 0 3 62 24 23 0 27 28 25 26 21 50 52 0 49 48 51 46 47 0 0 40 37 43 42 38 44 30 35 0 33 34 31 29 36 15 0 0 16 18 20 0 0 0 0 9 7 10 5 8 6 
29 0 30 33 0 0 0 34 42 39 41 0 40 37 43 38 64 63 0 3 4 0 2 0 26 28 21 25 24 27 22 23 17 15 16 0 19 18 14 0 6 11 8 9 10 7 5 12 55 57 59 56 58 0 54 53 52 51 49 0 50 45 0 46 
0 4 0 0 0 63 64 2 10 0 0 12 0 5 0 6 32 31 30 0 36 0 0 29 0 0 0 57 0 59 0 55 0 47 48 45 51 50 0 52 38 0 40 41 42 39 0 44 23 25 27 0 0 0 22 0 0 0 0 15 18 0 16 14 
0 52 0 49 51 0 48 0 0 0 57 60 56 53 59 54 0 15 14 19 20 17 18 13 0 44 0 41 40 43 0 39 33 0 32 0 0 34 30 36 0 27 24 25 0 0 21 28 0 9 11 8 10 0 6 5 4 0 1 63 2 61 0 0 
