8
34 29 31 33 32 28 0 30 0 36 0 40 42 0 43 41 50 0 47 45 46 51 0 48 0 10 4 0 0 8 6 0 0 0 63 0 1 0 62 2 0 22 21 26 0 0 0 23 52 0 0 59 58 56 0 54 12 16 13 18 0 0 19 14 
0 0 0 49 0 0 0 0 55 0 53 56 58 54 59 57 2 0 0 61 62 0 1 64 27 0 20 0 0 0 0 0 0 0 0 13 17 16 14 18 40 38 0 42 41 36 0 0 0 9 5 11 0 8 7 0 0 0 29 34 0 0 35 30 
18 0 0 17 16 12 0 0 0 0 21 24 0 22 27 25 34 0 31 29 30 0 33 0 0 58 52 53 55 56 54 57 0 44 47 45 0 0 0 0 8 0 5 0 9 4 11 0 0 41 0 43 42 0 39 0 0 64 61 2 63 0 0 62 
0 21 0 25 0 20 0 0 31 28 0 32 34 30 35 33 42 0 39 37 38 43 41 40 3 2 60 0 63 0 0 1 59 52 0 0 0 56 54 58 0 14 0 18 17 0 19 0 44 49 45 0 50 48 47 46 4 8 5 10 7 9 0 6 
2 61 63 1 0 60 0 62 7 4 0 0 0 0 11 9 0 0 0 13 14 19 0 16 43 42 0 37 39 40 0 41 35 28 31 0 33 32 30 34 56 54 0 0 0 52 0 55 20 0 0 27 26 24 23 0 44 48 45 50 47 49 51 46 
10 0 0 9 8 4 11 6 15 12 0 0 18 0 0 0 0 20 23 21 22 0 0 0 0 0 44 45 47 0 0 0 43 0 39 37 0 40 0 42 64 62 61 0 0 60 3 63 28 0 29 0 34 32 0 0 52 0 53 0 55 57 0 0 
0 37 0 41 0 36 43 0 47 44 45 48 50 46 51 0 58 0 0 53 54 59 57 56 19 18 0 0 15 0 14 17 11 4 7 0 0 0 6 0 0 30 29 0 0 0 35 31 0 0 61 3 2 0 0 62 0 24 21 0 23 0 27 0 
58 53 55 57 56 52 59 54 63 0 61 64 2 62 3 0 10 0 7 5 6 11 0 8 35 34 0 29 31 32 30 0 27 0 0 21 25 0 22 0 48 0 0 50 0 44 51 47 12 0 13 19 18 16 0 0 36 0 37 0 39 41 43 0 
33 0 0 32 31 0 34 0 38 35 36 39 41 37 42 0 0 0 0 44 45 50 0 47 10 9 3 0 6 7 5 8 0 0 62 60 64 63 61 1 0 0 20 25 24 0 0 22 51 56 52 58 57 55 0 0 11 0 0 17 14 0 18 13 
0 20 22 24 0 19 26 21 30 27 28 31 33 29 0 0 0 0 38 36 37 42 0 39 2 1 59 0 62 63 0 0 58 51 0 0 0 55 53 57 0 13 12 17 16 11 18 14 0 48 44 50 49 0 46 0 3 7 0 9 0 0 10 5 
17 0 0 16 15 0 18 13 22 19 20 23 0 0 26 0 0 0 30 28 29 0 32 31 58 0 51 52 0 55 0 0 50 43 46 44 48 0 0 49 7 5 0 9 8 3 10 6 0 0 0 42 0 0 0 37 0 0 0 1 62 64 0 61 
49 44 0 0 0 43 0 45 54 51 52 55 0 53 0 56 1 59 0 60 61 0 64 63 26 25 0 20 0 23 0 24 18 11 14 12 16 15 13 17 39 37 36 0 0 0 0 0 0 0 4 10 0 0 6 5 27 31 28 0 0 32 0 0 
57 52 0 56 55 0 0 0 0 0 60 0 0 0 0 64 0 0 0 4 0 0 8 7 0 33 0 0 30 31 29 32 26 0 0 20 0 0 0 0 0 45 0 0 48 43 50 46 0 16 12 18 17 0 0 0 0 0 36 41 38 0 0 37 
9 4 6 8 7 3 10 5 14 11 0 15 17 0 18 16 0 0 0 0 21 26 0 23 50 49 43 44 46 0 45 48 0 35 38 36 40 39 37 41 0 0 0 1 0 0 0 0 27 32 0 0 33 0 30 29 51 55 0 0 0 0 0 0 
0 0 0 40 39 35 42 37 46 43 0 47 49 45 0 48 57 0 0 52 53 58 56 55 0 17 11 0 14 15 13 16 10 0 6 0 8 7 5 9 0 0 28 0 32 0 34 30 0 64 60 2 0 0 62 61 0 0 0 25 0 24 0 0 
0 60 0 0 63 59 0 0 0 0 0 0 9 5 10 0 0 11 14 0 0 0 0 0 0 0 0 0 38 39 37 0 34 27 30 28 32 0 29 0 0 53 52 57 56 0 0 54 19 24 0 0 25 23 0 21 0 47 44 49 46 48 0 0 
14 0 0 0 12 0 15 10 19 16 17 20 0 18 23 0 30 0 27 25 26 0 29 0 0 54 48 49 51 52 0 0 0 0 43 41 45 44 0 0 4 0 0 0 0 64 7 3 0 0 33 0 0 36 0 0 56 0 0 62 59 61 63 0 
62 0 59 61 60 56 0 58 3 64 1 0 0 2 7 5 0 8 0 9 0 15 0 12 0 38 0 33 35 36 34 37 0 24 0 0 29 0 0 30 0 0 49 54 0 48 0 51 0 0 17 23 22 0 0 0 40 44 41 0 43 45 47 42 
46 41 43 45 44 40 47 42 51 48 0 52 0 50 55 0 62 56 59 57 0 63 61 60 0 0 16 17 19 0 0 21 15 8 11 9 13 12 0 14 36 34 33 0 37 32 0 35 64 5 0 7 0 0 0 2 24 0 25 30 27 29 0 0 
38 0 0 0 36 32 0 0 43 40 0 0 0 42 47 0 54 0 51 49 50 0 53 0 15 0 8 9 0 12 10 0 7 0 3 1 0 4 2 0 28 0 0 30 29 24 0 0 0 61 57 63 62 60 59 0 0 20 0 0 19 21 23 18 
22 17 19 21 0 16 23 18 0 24 25 28 30 0 31 0 0 0 35 33 34 39 37 36 0 62 0 57 59 60 58 0 0 48 51 0 0 52 0 54 12 10 0 0 13 0 0 11 0 0 0 0 46 0 0 42 0 4 0 6 0 0 0 2 
6 0 3 5 0 0 7 2 0 8 9 12 0 10 15 0 22 0 19 0 0 0 0 0 47 46 40 41 43 44 42 45 0 32 35 33 37 36 0 38 60 58 0 0 61 56 0 59 0 29 25 0 0 28 0 26 48 52 0 54 0 53 55 50 
54 49 0 0 52 48 55 50 0 56 57 0 0 0 0 61 6 0 3 0 2 7 5 4 31 0 0 25 27 0 26 29 23 16 19 17 21 0 18 22 0 0 41 46 45 0 47 43 0 13 0 0 14 12 11 0 32 36 33 38 35 0 39 34 
30 0 0 0 28 24 0 0 0 32 0 0 38 34 0 37 0 0 43 41 0 0 0 44 0 6 0 1 3 0 2 5 0 56 59 0 61 60 0 0 0 18 0 22 21 0 0 0 48 53 49 55 54 52 0 50 8 0 9 14 0 13 15 10 
0 31 33 35 34 0 0 32 41 38 39 42 44 0 45 43 0 46 0 47 48 53 51 50 13 12 0 7 9 10 0 0 5 62 1 63 3 0 0 4 26 24 23 28 0 22 29 0 0 59 55 61 0 58 57 56 0 0 15 20 0 0 21 0 
0 47 0 51 0 46 53 48 57 54 55 58 60 0 0 59 0 62 0 63 0 0 3 2 29 28 22 23 25 26 0 0 0 0 17 15 19 18 16 0 0 0 39 44 43 38 45 0 0 0 0 0 0 10 0 8 30 34 31 0 33 35 0 32 
0 0 0 27 0 22 29 24 0 30 31 0 36 32 0 35 44 0 41 0 40 0 0 0 0 0 62 0 1 2 64 3 61 54 57 55 59 0 56 60 18 0 15 0 0 0 21 0 46 0 47 53 0 50 49 0 6 10 0 12 9 0 13 8 
20 0 0 0 0 0 21 0 25 22 0 0 0 24 29 0 0 0 33 31 0 37 35 34 0 60 54 55 0 0 56 0 53 46 49 0 0 50 48 52 10 0 7 12 0 6 0 9 38 0 0 0 44 42 41 40 62 2 63 0 0 3 5 64 
0 0 0 0 0 38 0 0 49 46 47 0 0 0 53 51 0 0 57 55 56 61 0 0 21 20 0 15 17 18 16 19 0 0 9 0 11 0 8 0 34 32 31 36 0 0 0 33 62 0 63 5 0 2 1 0 22 26 0 28 0 27 29 24 
60 55 0 59 58 54 61 56 1 0 0 2 4 64 0 0 0 6 9 0 8 0 11 10 0 36 30 31 33 34 32 35 29 0 25 23 27 26 0 0 50 0 47 0 0 46 0 49 14 19 15 0 0 18 0 16 38 0 0 0 41 43 0 40 
0 7 0 11 10 6 13 0 0 14 15 18 0 16 0 0 28 22 25 0 24 29 0 26 53 52 0 0 49 0 48 0 45 38 41 39 0 42 0 44 0 0 63 0 0 0 5 1 0 35 0 37 0 34 33 0 54 58 0 60 57 59 61 56 
4 63 1 0 0 62 5 64 9 0 7 10 12 8 0 11 0 14 0 0 0 0 19 18 45 44 0 39 0 0 40 43 0 30 0 0 0 0 32 36 0 56 0 60 59 0 61 57 22 0 23 0 28 26 0 24 46 0 0 52 49 51 0 0 
0 8 0 12 11 0 0 0 18 0 16 19 21 17 0 0 29 23 0 0 25 0 0 0 0 0 47 48 0 0 49 0 46 39 0 0 0 43 0 0 0 1 64 5 0 63 0 2 31 36 0 38 37 0 0 33 0 59 56 61 58 0 62 57 
37 0 34 36 0 0 38 0 0 39 40 43 45 0 46 44 53 47 0 48 0 0 52 0 14 13 7 8 10 11 9 12 0 63 0 64 4 3 1 5 27 0 0 0 0 23 30 0 55 60 0 0 61 59 58 57 15 19 16 21 0 20 22 17 
0 56 0 60 59 0 62 57 2 63 64 3 5 1 6 4 0 7 0 8 0 14 0 11 0 37 31 32 34 0 33 0 0 23 26 0 0 0 25 0 0 49 48 0 52 47 54 50 0 20 16 22 21 19 0 0 39 43 40 45 42 44 0 41 
0 48 0 0 0 0 0 0 58 0 0 59 61 0 62 60 5 63 2 0 1 6 0 3 30 29 23 24 0 27 0 0 0 15 18 16 20 19 0 21 43 0 40 0 44 39 46 42 7 12 8 14 13 0 10 9 31 0 32 37 34 36 38 33 
0 24 26 28 0 0 30 0 0 31 0 35 0 33 0 0 45 39 42 0 41 46 44 43 6 5 63 0 0 0 0 0 62 55 58 56 0 59 57 0 0 0 16 0 0 0 22 0 47 52 48 54 0 0 0 0 7 11 8 13 10 12 0 9 
0 16 0 20 19 15 22 0 26 0 0 27 29 0 30 0 37 0 0 32 33 0 0 35 62 61 55 56 58 0 57 0 54 47 0 0 52 51 49 53 11 9 8 13 0 0 0 10 39 44 0 46 0 43 42 0 63 3 64 5 0 4 6 1 
45 0 0 0 0 39 0 0 0 0 48 51 53 49 54 52 61 55 58 0 57 62 0 0 0 0 15 0 18 19 17 0 0 0 10 8 0 0 0 13 35 33 0 37 36 31 38 0 63 4 64 6 5 3 2 1 23 0 24 29 26 28 0 0 
0 64 2 4 3 63 6 1 10 7 8 11 0 0 14 12 0 15 18 0 17 22 0 19 0 0 39 0 42 0 41 0 38 31 0 32 36 35 33 37 0 57 0 0 60 55 0 0 23 28 0 0 29 27 26 25 0 0 48 0 50 0 54 0 
35 0 32 0 33 29 36 0 0 37 0 41 0 0 0 0 51 0 48 0 0 0 50 0 12 11 0 6 8 9 7 0 0 0 64 0 2 0 63 0 25 0 22 0 26 21 0 0 53 0 0 0 0 57 56 55 13 17 0 19 0 0 20 0 
11 6 8 10 0 0 12 0 16 13 14 0 19 15 0 18 0 21 0 0 0 28 26 25 52 51 0 46 0 0 0 50 44 0 40 0 42 0 0 0 1 63 62 3 2 61 0 0 0 34 0 36 35 0 32 31 0 57 54 59 56 58 60 55 
0 0 0 18 17 13 20 0 24 21 0 25 27 23 0 26 35 0 32 30 0 36 0 0 60 59 53 54 56 57 0 0 52 0 48 46 0 0 0 0 9 7 0 11 10 5 12 8 0 42 38 0 0 41 40 39 0 0 0 3 64 2 0 0 
59 0 56 0 0 53 60 0 64 61 62 0 0 63 4 0 0 5 8 6 7 0 10 9 36 35 0 30 0 33 0 34 28 21 0 22 0 0 23 27 0 47 46 0 0 45 52 0 13 0 14 0 0 17 16 0 37 0 0 43 0 0 44 0 
51 46 0 50 0 0 52 0 0 53 0 57 0 0 0 0 0 0 0 0 63 0 2 1 28 27 0 22 0 0 0 0 0 13 16 14 0 17 15 0 41 39 38 0 42 0 0 40 0 0 6 0 11 9 0 7 0 0 0 0 32 34 36 31 
0 0 40 0 41 0 0 39 0 45 46 0 0 47 52 0 59 0 56 0 55 0 58 0 20 19 0 14 16 0 0 0 12 5 8 0 10 9 7 11 33 0 30 35 34 29 36 0 0 2 62 4 3 1 64 63 21 25 22 0 0 0 28 23 
3 62 64 0 1 61 0 0 8 0 6 9 11 7 12 10 19 13 16 14 15 0 18 0 44 43 0 0 40 41 39 42 0 0 32 30 34 0 0 0 0 55 54 59 58 0 60 56 21 26 22 28 27 25 0 0 0 0 46 0 0 0 52 47 
0 0 24 0 25 21 28 0 32 0 0 33 35 31 0 0 0 37 40 38 0 0 42 41 0 0 0 62 64 0 0 2 0 53 56 0 0 57 55 0 17 15 14 19 18 0 20 16 45 50 0 52 0 49 48 47 5 0 0 0 8 10 0 7 
23 18 0 0 21 0 24 0 0 25 26 29 0 0 0 30 39 33 0 34 0 0 38 37 0 0 57 58 60 61 59 0 56 49 52 0 54 0 0 55 13 11 10 0 14 0 16 0 41 46 42 0 0 45 0 0 0 5 0 7 4 0 0 0 
0 10 12 14 13 0 16 11 0 17 18 0 23 19 24 0 0 0 0 26 27 32 30 29 56 55 49 0 52 53 51 54 48 0 44 42 0 45 0 0 0 3 0 0 6 1 8 0 33 38 34 0 39 37 36 0 57 0 58 0 0 62 64 59 
63 58 0 0 0 0 0 59 0 0 2 5 7 0 8 6 15 0 12 10 11 16 14 13 40 39 33 0 0 0 0 38 0 0 0 26 0 0 27 31 0 0 50 55 54 49 0 52 17 22 18 24 23 21 20 0 0 45 42 47 44 0 48 0 
0 0 0 6 5 0 8 3 12 9 0 13 0 0 16 14 0 17 20 18 0 24 22 21 48 47 0 42 44 45 43 46 40 33 0 34 38 0 0 39 61 59 0 0 62 57 0 0 0 0 26 0 31 29 0 27 0 53 50 55 0 54 0 51 
0 0 28 30 0 25 32 27 36 33 34 37 39 35 40 0 0 41 44 0 43 0 46 0 8 7 0 2 4 5 3 6 64 57 0 0 0 61 59 63 21 19 18 23 0 17 24 20 49 54 0 56 0 53 0 0 9 13 0 15 12 14 16 11 
39 34 36 0 0 0 40 35 0 0 42 45 0 0 0 0 55 49 52 50 51 56 54 53 0 0 0 10 0 0 11 0 8 1 4 2 6 0 3 7 29 27 0 31 0 0 32 28 0 62 58 0 63 61 60 59 17 21 0 23 0 0 0 19 
47 0 44 0 0 41 0 43 52 0 50 53 0 51 56 0 0 57 0 58 0 64 0 61 24 23 17 18 20 21 19 0 0 9 12 10 14 13 11 0 37 35 34 0 0 33 40 36 1 6 2 8 7 0 4 3 0 29 26 0 28 30 0 0 
55 50 0 54 53 49 0 51 60 57 0 61 63 59 0 62 0 1 4 2 3 8 0 5 32 31 0 0 28 29 27 0 0 0 0 18 0 21 19 0 45 0 42 47 46 0 48 0 9 14 0 0 15 0 0 11 33 0 0 0 36 38 40 35 
56 51 53 55 54 0 0 0 0 0 0 0 0 60 0 63 0 2 0 0 4 0 7 0 0 32 26 27 0 30 28 31 25 18 21 0 0 0 20 24 46 44 43 0 47 42 49 45 0 15 11 0 0 14 13 12 0 0 0 40 37 0 0 0 
0 0 45 47 46 0 0 44 53 50 51 54 56 0 0 0 64 58 61 59 0 1 0 62 25 24 18 0 21 22 0 23 0 0 13 0 15 14 12 16 0 0 35 0 39 0 41 0 2 7 3 9 8 6 5 4 0 30 0 32 0 31 0 0 
16 0 13 15 0 0 0 12 0 18 19 22 24 0 25 23 32 26 0 27 28 33 31 0 57 0 50 51 53 0 52 0 0 42 45 43 47 0 0 0 0 4 3 0 7 2 9 0 34 39 35 0 40 0 37 36 0 62 0 64 0 63 0 60 
0 27 29 31 0 26 33 28 0 0 0 38 40 36 41 0 48 42 45 0 44 0 47 0 9 0 2 3 5 6 4 7 1 58 61 0 63 62 0 64 22 20 19 24 0 0 25 0 50 55 51 57 56 54 53 52 0 14 11 0 13 0 17 12 
64 0 61 63 62 0 0 0 5 0 3 0 0 4 0 0 0 0 0 11 12 17 15 0 41 40 0 35 0 0 36 39 33 26 0 27 31 0 28 0 54 52 51 0 0 0 0 0 18 0 19 25 24 0 0 20 0 0 0 0 45 0 49 0 
0 0 0 0 22 18 0 20 29 0 27 0 32 28 33 31 40 0 37 35 36 41 0 0 0 64 0 59 0 0 0 0 57 0 53 0 55 54 0 0 14 0 11 16 15 10 17 13 42 47 43 49 0 0 0 0 2 6 3 8 0 7 9 4 
0 0 0 39 0 34 0 36 45 42 43 0 48 44 49 47 56 0 53 0 0 0 55 0 17 0 10 0 13 14 0 15 0 2 0 3 7 6 4 8 30 28 0 32 0 26 0 29 0 63 59 0 64 62 61 60 18 22 0 24 21 0 0 0 
0 3 5 7 6 2 0 0 13 10 11 14 0 12 17 15 0 18 21 0 0 25 23 22 0 0 42 43 0 46 0 47 41 34 37 35 39 38 36 40 0 60 0 0 63 58 1 61 0 31 27 33 32 30 29 28 0 54 51 0 0 55 57 52 
