8
34 35 30 0 0 29 32 28 4 10 7 0 8 0 11 0 0 39 43 41 38 40 36 0 0 0 56 0 0 0 53 58 0 0 0 2 62 63 0 64 0 0 49 48 47 0 45 50 26 20 21 0 0 0 0 0 15 0 17 13 12 0 16 14 
10 11 6 7 9 0 8 4 0 0 47 0 0 0 51 45 13 15 0 17 14 16 12 18 0 0 32 0 35 31 0 0 0 37 0 42 0 39 0 40 22 20 25 24 23 0 0 26 2 60 0 63 1 0 64 62 55 59 57 0 0 58 0 0 
50 0 46 47 49 45 0 44 20 26 23 22 0 25 27 21 0 55 59 0 54 0 0 58 0 4 0 6 11 7 0 0 0 13 12 18 0 0 0 16 0 60 1 64 0 3 61 2 0 36 0 39 41 43 0 38 31 35 33 29 0 34 32 30 
18 19 14 0 17 0 16 0 52 0 55 0 0 0 0 53 21 23 0 25 0 0 0 0 0 36 40 0 43 0 0 42 49 45 0 50 0 47 0 0 30 0 33 32 0 0 29 0 10 4 0 0 0 11 0 6 63 3 1 0 60 2 64 0 
2 3 62 63 0 0 0 60 0 42 0 0 40 41 43 0 5 0 11 9 6 0 4 0 25 20 24 0 0 23 21 0 0 29 28 0 30 0 35 0 14 0 0 0 15 19 13 0 0 0 53 55 57 59 56 54 0 0 49 0 44 50 0 0 
26 0 22 23 25 21 0 0 0 0 0 62 64 1 3 0 29 0 0 0 0 0 0 34 0 0 48 46 0 47 45 50 57 53 52 58 0 55 0 56 0 36 41 0 39 0 0 42 0 12 0 15 0 19 16 14 0 11 0 5 0 0 0 0 
58 0 54 55 57 53 0 52 0 0 31 30 32 33 0 0 0 0 3 1 62 64 60 2 17 0 0 14 19 0 0 18 0 0 20 0 0 23 0 24 0 4 0 0 0 11 5 10 0 44 0 47 0 0 0 0 39 43 0 37 36 42 40 0 
42 0 0 39 0 0 0 0 12 18 0 14 16 0 0 13 0 47 51 0 46 48 44 50 1 0 0 0 3 63 0 2 9 5 4 10 6 0 11 0 54 52 57 56 0 0 0 58 0 28 0 31 33 0 0 30 23 0 0 21 0 26 0 22 
25 26 21 0 24 0 23 0 59 0 62 0 63 64 2 60 28 30 0 0 29 31 27 0 48 0 47 0 50 0 0 49 56 0 0 0 53 54 58 0 37 35 0 0 38 0 36 0 0 11 12 0 0 18 15 0 6 0 8 0 0 0 0 5 
0 18 0 0 0 0 15 11 51 0 54 53 0 0 58 0 20 0 26 0 21 23 19 25 0 35 0 37 42 38 36 0 48 44 0 49 45 0 50 0 29 27 0 31 0 34 28 0 9 0 4 6 8 0 0 0 62 2 64 0 0 0 0 61 
0 50 45 46 0 0 47 43 0 25 22 21 23 24 0 0 52 54 0 56 53 55 0 0 0 0 0 0 0 6 4 9 16 12 11 0 0 0 0 15 0 59 0 63 62 2 60 0 41 35 0 38 40 0 39 37 30 0 0 28 0 33 0 29 
0 58 53 0 56 52 0 0 0 33 30 29 31 0 34 0 60 0 0 0 0 0 0 1 16 11 15 0 18 14 0 17 24 20 0 0 21 22 26 0 0 3 8 7 0 10 0 9 49 43 0 0 48 50 47 0 38 0 0 0 0 41 0 37 
9 0 0 6 0 4 7 0 43 0 0 0 47 48 50 44 0 0 0 16 13 0 0 17 0 27 31 0 0 30 28 0 0 36 35 0 37 0 42 0 21 19 0 0 0 26 20 25 1 59 60 0 64 0 0 61 0 58 56 0 51 57 55 53 
41 42 37 38 40 0 0 35 0 0 14 13 15 16 0 12 0 46 50 0 45 0 0 49 0 59 0 0 2 0 60 1 8 0 3 9 0 6 10 0 53 51 0 55 54 58 0 57 33 0 0 30 32 34 0 29 22 0 24 20 19 0 23 21 
33 34 29 30 32 0 31 0 3 0 0 5 7 0 10 4 36 38 0 40 37 0 35 41 0 51 0 0 0 54 0 57 0 0 59 0 61 0 0 0 0 43 0 47 46 50 44 0 25 19 0 22 0 26 23 21 14 18 0 12 11 17 15 0 
1 2 0 62 64 60 63 59 35 0 0 0 39 40 42 36 0 6 0 8 5 7 3 9 24 19 0 0 0 0 0 25 32 0 27 33 0 30 34 0 13 11 16 15 0 18 12 17 0 51 0 0 56 0 55 53 46 50 48 0 43 49 47 0 
21 22 17 18 20 16 19 15 0 0 58 57 0 60 0 0 24 26 30 28 0 0 23 29 0 39 43 41 0 42 40 45 0 48 47 0 49 0 0 0 0 0 0 35 0 0 32 0 0 0 8 10 0 14 11 9 0 6 4 0 63 5 0 1 
37 0 33 34 0 32 35 0 0 13 0 9 11 12 14 8 0 42 46 44 41 0 39 0 60 55 0 57 0 58 0 61 4 64 63 5 1 2 6 3 49 47 52 0 50 54 0 53 29 0 24 0 28 30 0 25 18 0 20 16 15 21 19 0 
0 0 0 10 12 0 0 0 47 53 0 49 51 0 54 48 16 0 22 20 17 0 15 21 36 31 0 33 0 0 0 0 44 0 39 45 41 0 46 0 0 23 28 27 0 30 24 29 5 0 64 0 4 0 3 0 0 62 0 56 55 61 0 0 
53 54 49 50 52 48 0 0 0 29 26 0 0 28 30 24 0 0 0 0 57 59 55 0 0 0 11 9 0 0 8 13 0 16 0 21 17 18 22 19 1 63 4 0 2 0 64 0 0 39 40 42 44 0 43 41 34 38 36 32 0 37 35 0 
0 0 41 42 0 40 43 39 15 21 0 17 19 0 22 16 0 0 0 52 49 0 47 53 4 0 0 0 0 2 0 0 0 0 7 13 0 10 0 11 57 0 0 59 0 62 56 61 0 0 0 34 36 38 35 33 26 0 28 24 0 29 0 0 
5 6 0 2 4 64 3 0 39 45 42 41 0 44 46 40 0 10 0 12 9 0 7 0 0 23 27 25 0 26 0 0 36 32 0 0 33 34 0 35 17 15 0 19 0 0 16 21 0 0 56 58 60 62 0 57 50 0 52 48 47 53 0 0 
0 62 0 0 60 56 0 55 31 0 34 0 0 0 38 32 64 2 0 4 1 0 63 0 0 15 0 0 22 0 0 21 28 24 0 29 0 0 30 27 0 7 12 0 10 0 8 13 53 47 48 50 0 54 0 0 42 46 44 40 0 0 0 41 
29 30 25 26 0 24 27 0 63 5 0 1 3 0 0 0 32 0 38 36 0 0 31 37 52 0 51 49 0 50 48 0 0 56 55 61 0 58 0 0 0 39 44 0 0 46 40 45 21 0 16 18 20 22 19 17 0 0 12 0 7 13 11 0 
35 0 31 32 34 0 33 0 0 0 0 7 9 10 12 0 38 0 0 42 0 0 37 43 58 53 0 55 0 56 54 59 0 62 61 3 0 64 0 1 47 45 50 49 0 52 46 0 27 0 0 0 0 28 25 23 16 20 18 14 13 0 17 15 
51 52 47 0 50 46 49 45 21 0 0 23 0 26 28 0 54 56 0 58 0 0 0 59 0 5 9 0 0 0 6 0 18 0 13 0 0 0 20 17 0 0 0 1 64 4 62 3 43 0 38 0 42 44 41 0 32 36 34 0 29 0 0 31 
59 0 0 0 0 0 0 0 0 35 32 31 33 0 36 30 62 0 4 2 0 1 0 3 18 13 0 15 20 16 0 19 0 0 0 27 23 0 28 25 0 5 0 9 8 12 0 11 51 45 46 0 0 52 49 47 0 0 42 0 0 0 0 39 
0 0 15 0 18 0 0 13 53 59 56 55 0 58 60 54 22 0 28 26 23 25 21 27 42 0 0 0 44 0 38 43 0 0 45 51 0 0 52 49 0 0 34 33 0 36 30 0 11 5 6 8 0 12 0 7 0 4 2 62 61 3 0 63 
3 0 63 64 0 0 1 61 37 43 40 39 41 42 0 38 0 0 0 10 7 0 0 11 0 21 0 0 0 0 22 0 0 30 29 0 0 0 0 0 15 0 0 0 16 0 14 19 0 53 54 56 58 60 0 0 0 52 50 0 45 51 49 0 
43 44 39 40 0 0 41 37 13 0 16 15 17 0 20 0 0 48 0 50 47 49 45 51 2 0 1 0 0 64 0 3 0 0 5 0 7 8 0 0 0 53 0 0 56 60 54 59 0 0 30 32 34 36 33 31 24 28 26 0 21 27 0 0 
0 12 7 0 0 6 0 5 45 0 0 0 49 0 52 0 0 0 20 18 15 0 13 19 34 0 0 0 36 32 30 0 42 0 0 43 39 0 0 41 23 0 26 25 24 0 22 0 0 61 62 0 2 0 0 0 56 60 0 54 0 0 57 55 
0 0 23 24 0 22 0 0 0 3 0 0 1 2 0 0 0 32 36 34 0 33 29 35 50 45 49 47 0 0 46 0 58 0 53 0 0 56 60 57 39 37 0 0 40 44 38 43 19 13 14 16 0 20 17 0 8 12 10 6 5 11 0 7 
46 47 0 0 45 41 44 0 0 22 19 18 20 21 23 0 49 51 0 53 50 0 48 0 5 64 4 0 0 0 0 0 0 0 8 0 10 0 0 0 58 56 0 0 0 63 57 62 0 0 33 0 37 39 0 34 27 31 0 25 24 30 28 26 
0 7 2 0 0 0 4 64 0 46 43 42 44 45 47 0 0 0 0 13 10 0 8 14 0 0 0 26 31 0 25 30 0 33 32 0 34 0 39 36 18 16 0 20 0 0 17 22 62 56 57 59 61 0 60 58 51 55 53 0 0 54 0 0 
0 15 10 0 0 9 0 8 0 0 51 50 52 53 55 49 17 19 23 21 0 0 16 22 0 32 36 34 0 0 33 0 45 41 0 46 42 43 0 44 0 0 29 0 0 31 0 0 6 0 1 3 0 0 4 2 0 63 61 0 56 62 0 0 
0 0 0 0 53 0 52 48 24 0 0 26 28 29 0 0 57 59 63 61 0 60 56 0 0 8 12 0 0 0 0 14 0 0 0 0 0 19 23 0 2 0 5 4 3 0 1 0 46 40 0 0 45 47 44 0 35 0 37 33 0 38 36 34 
30 31 26 0 29 25 28 24 64 6 3 0 0 5 0 1 33 35 39 37 34 36 0 38 0 48 52 50 0 0 49 0 0 0 56 62 0 0 0 60 0 0 0 44 0 0 0 0 22 16 17 19 21 0 20 0 11 0 13 0 0 0 12 10 
38 0 34 0 37 33 0 32 0 0 11 10 12 0 0 0 0 43 47 45 42 44 40 46 0 0 0 58 63 0 57 62 5 1 64 6 2 3 0 4 50 0 0 52 51 55 0 54 30 0 25 0 29 31 28 0 19 23 21 17 16 22 20 18 
22 23 0 0 0 17 20 0 56 0 59 0 60 0 63 0 0 0 31 0 26 0 24 0 45 40 44 42 47 43 41 46 53 0 0 0 50 0 55 52 0 0 37 36 35 39 0 0 14 0 0 0 0 15 12 10 0 7 5 1 64 6 4 2 
62 63 0 59 0 57 60 56 0 38 0 0 36 37 0 33 1 0 7 5 0 4 64 0 21 16 20 18 23 19 17 22 29 25 24 0 26 27 0 28 0 8 0 0 11 15 0 14 0 0 49 51 53 0 52 50 43 0 0 41 0 46 44 42 
0 0 0 20 22 18 0 0 0 63 0 59 61 0 64 0 26 28 0 30 0 29 0 0 46 0 0 43 48 44 42 47 54 50 49 55 0 52 56 53 0 0 0 0 36 0 0 0 0 9 10 12 14 0 13 11 0 0 6 2 0 7 0 3 
15 0 0 12 0 10 13 9 0 0 52 51 53 54 0 0 18 20 0 22 19 21 17 0 38 0 37 0 0 36 34 39 46 42 41 47 43 44 48 45 27 25 0 0 28 32 26 31 7 1 2 4 6 8 5 3 0 64 62 58 0 0 61 0 
47 0 43 44 0 42 0 0 0 23 20 19 0 0 24 18 0 0 0 0 51 53 0 55 6 1 0 0 0 0 2 0 14 0 9 15 11 0 16 13 59 0 62 0 60 0 58 0 39 0 0 0 38 0 37 0 28 32 30 0 25 0 0 27 
0 40 35 36 0 34 37 33 9 15 0 0 0 14 16 10 42 44 48 46 43 0 41 0 62 57 0 0 64 60 0 63 6 2 0 0 3 0 0 5 51 49 0 0 52 56 50 55 31 0 0 28 30 0 29 0 20 24 22 0 17 0 21 19 
0 56 51 52 0 50 0 0 25 31 0 0 29 30 32 26 0 0 0 62 59 0 57 63 14 9 0 0 0 12 10 15 22 18 17 23 0 0 24 21 3 1 6 0 0 8 2 7 47 41 42 0 46 0 45 43 36 0 38 34 33 0 0 35 
63 64 59 0 62 0 61 0 33 39 36 35 37 38 40 34 2 4 8 6 3 5 1 7 0 17 21 19 24 20 0 23 0 26 0 0 27 28 0 0 11 0 14 0 0 16 10 0 0 49 0 0 0 0 0 51 44 48 0 0 41 47 0 43 
7 8 0 4 6 2 0 1 41 0 0 43 45 46 48 42 10 12 0 0 11 13 0 0 0 0 29 0 32 0 26 31 0 34 33 39 0 0 0 37 0 0 22 0 20 24 18 23 0 0 0 0 0 64 61 59 52 56 0 50 49 55 53 51 
31 32 0 28 0 0 29 0 1 7 4 0 5 6 8 2 34 0 40 0 35 37 33 39 54 49 0 51 56 0 50 55 62 0 57 63 0 0 64 0 43 41 46 0 0 48 0 47 23 0 18 0 0 24 21 0 0 0 0 0 9 0 0 11 
0 21 0 17 19 15 0 14 0 60 57 56 58 59 0 55 23 25 29 27 0 26 22 0 43 0 42 0 45 41 39 44 51 47 46 52 48 49 53 50 0 30 35 0 33 0 31 0 12 6 7 0 11 13 0 8 1 5 0 0 62 4 2 0 
0 53 48 49 51 0 0 46 22 0 25 24 26 27 29 0 55 57 61 0 56 0 54 0 11 6 10 8 0 9 7 12 0 0 14 0 0 17 21 18 64 62 0 2 1 5 63 0 0 38 39 0 43 0 42 40 33 37 0 31 30 0 34 32 
60 0 0 0 59 0 0 0 0 36 33 32 34 35 37 31 63 0 0 3 64 2 62 4 19 14 18 0 21 0 0 0 0 0 0 28 0 25 0 26 0 6 11 10 9 0 0 12 0 46 0 0 51 0 0 0 41 45 0 0 38 0 42 0 
36 0 0 33 35 31 0 30 6 12 9 0 10 0 13 7 0 41 45 43 40 42 38 44 0 54 0 0 61 57 0 60 0 0 0 4 0 0 5 0 48 0 0 0 49 0 0 52 28 22 23 0 27 29 26 24 0 0 19 15 14 0 18 0 
0 5 64 0 3 63 2 62 0 0 0 40 42 0 45 0 0 0 13 0 0 0 0 12 0 0 26 24 0 25 0 0 35 0 30 0 32 33 37 34 16 14 0 0 0 21 15 20 0 54 55 57 59 0 0 0 0 53 51 0 46 52 0 48 
0 0 0 0 0 23 0 0 0 4 1 0 0 3 5 63 31 0 0 35 32 34 30 36 0 46 0 0 53 0 47 52 59 55 54 0 56 0 61 58 40 38 43 0 41 45 0 44 0 0 0 17 0 21 0 16 9 13 11 7 6 12 0 0 
12 0 8 9 0 7 10 0 46 0 0 48 50 51 53 0 15 0 21 19 0 18 0 0 35 30 0 32 37 0 31 36 43 0 38 0 0 0 0 42 0 0 27 26 25 29 23 28 4 62 63 1 3 5 0 64 0 61 59 0 0 60 0 56 
44 45 0 0 43 0 0 0 0 20 17 16 18 19 21 15 0 0 53 0 48 0 46 0 0 62 0 64 0 0 63 4 11 7 0 0 8 0 13 10 56 0 0 0 57 61 55 0 36 0 31 0 0 37 0 32 25 29 27 23 0 28 0 24 
24 25 0 21 23 0 22 0 0 0 61 0 0 63 1 0 0 29 33 31 0 30 26 0 0 0 0 0 0 45 43 48 55 51 50 0 0 53 57 54 36 34 0 0 0 41 35 0 0 10 11 0 15 17 14 0 5 9 7 0 0 0 6 4 
48 49 0 45 47 43 46 0 18 24 0 20 22 0 0 19 51 0 57 0 52 0 50 56 0 2 6 0 0 0 3 8 0 11 0 16 12 13 0 14 60 58 63 0 61 1 59 64 0 0 0 0 39 41 38 36 29 0 31 0 26 32 0 28 
8 9 0 0 7 0 0 2 0 48 45 44 46 0 49 43 0 13 0 0 12 14 0 0 31 26 0 28 33 0 0 0 39 35 34 40 0 37 0 0 20 0 23 0 0 25 19 24 64 58 0 61 63 1 62 0 0 0 55 51 50 56 54 52 
32 0 28 29 0 27 30 26 0 8 5 4 6 0 9 3 0 37 0 39 36 38 0 40 55 50 0 52 57 53 0 56 0 59 0 0 0 61 1 0 0 0 47 0 45 49 43 48 24 18 19 0 0 25 22 0 13 0 15 0 10 0 14 0 
0 0 0 0 55 0 0 0 26 0 0 28 0 0 33 27 0 0 1 63 60 62 0 64 15 0 14 12 17 13 0 16 0 19 18 24 0 21 25 22 4 2 7 0 5 0 0 0 0 0 43 45 47 0 0 44 0 41 0 35 34 40 0 0 
64 1 60 61 63 59 62 58 34 40 37 36 38 39 41 35 3 0 9 0 0 6 2 8 23 0 22 20 25 21 0 24 31 0 0 32 28 29 33 30 12 10 15 0 13 17 11 16 56 0 0 53 55 57 54 52 0 0 0 0 0 48 46 44 
16 17 12 0 15 0 14 10 50 56 53 52 54 0 0 51 19 0 25 0 20 22 0 24 39 34 38 36 0 37 35 40 0 0 42 48 44 0 49 0 0 0 31 30 0 33 0 0 8 2 3 0 0 9 0 4 61 0 63 59 58 64 0 60 
40 0 36 37 39 0 38 0 10 16 0 0 0 15 17 0 0 0 0 47 0 0 0 0 0 0 0 60 0 61 0 0 7 3 2 8 4 5 9 0 0 50 55 54 0 57 0 0 0 26 27 0 31 33 0 28 21 25 0 19 18 24 0 20 
