8
60 53 59 0 55 57 56 58 0 23 26 0 24 22 0 0 20 0 13 0 19 0 17 0 46 48 0 47 51 45 49 0 40 38 42 0 0 0 44 37 0 11 0 6 12 7 5 0 61 0 64 0 0 0 3 1 0 31 34 29 32 35 0 36 
52 45 51 0 0 0 48 50 17 15 18 13 16 0 20 19 12 0 0 0 0 10 9 7 0 0 44 39 43 0 41 42 32 30 34 33 35 0 36 29 2 3 0 0 0 63 0 1 53 60 56 55 0 54 59 57 22 23 26 21 0 0 0 0 
0 13 19 14 0 0 16 18 0 47 50 0 0 0 52 0 44 38 37 40 43 0 41 39 6 8 12 0 11 5 0 10 64 0 0 1 3 63 4 61 0 0 32 30 36 31 29 33 21 28 24 0 0 0 0 25 54 0 58 53 56 0 57 60 
28 0 0 0 0 25 0 26 57 55 0 53 56 0 60 0 52 46 45 0 51 50 0 0 0 16 0 15 19 13 0 18 8 0 10 0 11 0 0 5 0 43 0 0 0 0 37 0 29 0 32 31 0 30 35 33 62 63 0 0 64 0 0 0 
0 37 43 0 0 41 0 42 0 0 10 5 0 6 0 0 4 62 0 0 0 2 0 0 0 0 36 31 35 29 0 0 24 0 26 0 0 23 28 21 58 59 0 54 60 0 0 57 45 52 0 47 0 0 0 49 0 15 0 0 16 19 0 20 
4 0 0 0 63 1 64 2 0 31 34 29 32 30 36 35 0 22 0 0 0 26 0 23 54 56 60 0 59 53 0 58 48 0 50 49 0 47 0 45 18 0 16 0 20 15 13 17 5 12 8 7 10 0 0 9 0 39 0 0 0 43 41 44 
12 5 11 6 0 0 8 0 0 39 42 0 40 38 44 43 0 30 29 32 35 34 33 31 0 0 0 0 0 61 0 0 56 54 0 0 0 55 0 0 26 27 24 22 0 23 21 25 0 20 16 15 18 14 19 0 46 0 50 0 0 0 49 0 
0 29 35 30 31 0 32 34 1 63 0 61 0 62 0 0 0 54 53 0 0 0 0 0 0 24 0 23 27 21 25 0 16 14 0 0 19 0 20 13 50 51 0 0 0 47 0 49 0 0 40 39 42 38 0 0 6 7 10 5 8 11 0 12 
0 2 8 0 4 0 5 7 38 36 39 34 0 0 41 40 33 0 0 29 32 0 30 28 0 61 1 60 64 0 62 63 0 0 0 54 0 52 0 0 23 0 21 0 0 20 18 22 0 0 13 12 0 0 0 14 43 44 47 42 45 0 0 49 
0 18 24 0 0 22 21 23 0 52 55 0 53 51 57 56 0 0 42 45 48 47 0 44 0 0 17 0 16 10 14 0 0 0 7 6 8 4 9 2 0 0 0 0 41 0 34 38 26 0 0 28 31 27 32 30 0 60 63 58 0 0 62 1 
1 58 64 59 60 62 0 0 0 28 0 26 0 27 33 0 25 19 18 0 0 0 0 20 51 53 57 52 56 50 54 0 0 43 47 46 48 44 49 0 15 16 13 11 0 12 10 0 2 9 0 0 0 0 8 6 35 0 39 34 0 0 0 0 
0 0 32 27 28 30 29 0 62 0 63 58 0 59 1 0 0 0 0 53 0 0 0 0 19 21 0 20 24 18 0 23 0 11 0 14 16 12 0 0 47 0 0 43 0 44 0 46 34 41 37 36 39 0 40 0 0 4 0 0 0 8 6 9 
57 0 0 0 0 54 0 55 0 0 23 0 0 0 0 0 17 11 10 0 0 15 14 0 43 0 49 44 0 42 0 0 0 35 39 38 0 36 41 34 0 8 5 3 0 4 2 6 0 1 61 60 0 59 0 62 0 28 0 26 0 0 0 33 
0 0 16 0 0 14 0 0 0 44 47 42 45 43 49 48 41 35 34 0 40 39 38 36 3 5 0 0 8 0 6 7 61 59 0 62 0 0 0 58 31 32 0 27 33 0 0 30 18 0 0 20 0 19 0 22 51 0 55 0 0 0 54 0 
0 0 0 0 44 0 45 47 14 12 0 10 0 11 0 16 9 3 0 0 8 0 6 0 0 37 41 36 0 34 38 39 29 27 0 0 32 0 33 26 0 0 61 59 0 0 58 0 50 57 0 52 0 51 56 54 19 0 0 0 21 0 22 25 
0 0 40 0 36 0 37 39 6 0 0 0 5 0 9 8 0 0 0 61 64 63 62 0 0 29 33 28 0 26 0 31 21 19 23 22 24 20 25 0 55 0 53 0 57 52 50 0 42 0 45 0 47 43 0 46 11 12 15 10 0 0 14 17 
39 32 38 0 34 36 35 0 4 2 0 64 3 0 7 0 63 57 56 59 62 0 60 0 25 0 0 0 0 24 28 0 19 17 21 20 22 18 23 16 53 0 51 0 55 0 48 0 40 47 43 42 0 41 0 0 9 10 13 0 11 0 0 0 
0 8 14 9 10 0 0 13 0 0 45 40 43 41 47 46 0 33 0 0 0 37 36 34 1 3 7 0 6 64 4 5 0 57 61 60 0 58 63 56 0 30 0 25 31 0 24 0 16 23 19 18 0 17 22 0 0 50 0 0 51 54 52 0 
0 48 54 49 50 0 51 0 20 18 0 16 0 17 23 22 15 9 8 11 0 13 12 0 41 43 0 42 46 40 44 45 0 0 0 36 0 34 39 32 5 0 3 0 7 0 64 0 56 63 0 0 61 0 62 60 0 26 29 24 0 30 28 31 
0 56 62 0 58 60 59 61 28 26 0 24 0 25 0 0 0 17 0 19 22 21 20 18 0 51 0 50 0 0 52 53 0 41 0 0 46 0 47 0 0 14 0 9 15 10 8 12 0 7 3 0 0 1 6 4 33 0 37 0 35 0 36 39 
47 0 46 41 42 0 43 45 12 10 13 8 11 9 0 14 0 0 0 3 0 5 0 2 0 0 0 0 0 32 36 37 27 25 29 28 30 26 0 0 61 0 0 57 63 58 56 0 48 0 51 50 53 0 54 0 17 0 0 16 19 22 20 0 
0 0 22 17 0 0 0 21 52 50 53 48 51 49 55 0 0 41 40 43 46 45 0 0 9 11 15 0 0 8 12 0 0 0 5 4 6 2 0 0 37 0 0 0 39 34 0 0 24 0 27 0 29 25 30 28 0 0 61 0 59 0 0 63 
31 0 0 0 26 28 27 0 0 0 0 56 0 57 0 62 55 49 48 51 54 0 0 0 0 19 0 18 22 16 0 21 0 0 13 12 14 0 15 8 45 46 43 41 47 42 40 44 32 39 35 34 37 0 38 36 0 0 5 64 0 0 0 7 
0 64 6 1 2 4 3 0 36 34 37 32 0 0 39 38 31 0 0 27 0 29 0 26 57 0 0 58 62 56 0 0 51 49 0 0 54 50 0 0 0 22 19 0 23 18 0 20 8 15 0 0 0 0 14 12 0 42 0 40 0 0 44 0 
26 19 25 20 21 0 22 0 55 0 56 51 54 0 58 57 50 44 0 46 0 48 0 0 0 14 18 13 0 0 15 0 6 4 0 0 9 0 0 0 0 41 0 36 42 0 0 39 27 0 0 0 32 0 33 31 0 61 64 59 62 1 63 0 
0 11 17 12 0 15 0 0 47 45 48 43 0 44 50 49 42 36 35 38 41 40 39 37 4 0 10 5 0 0 7 0 0 0 64 63 0 61 2 59 0 33 30 0 34 29 0 31 19 26 22 0 24 0 0 0 0 0 0 0 54 0 55 58 
0 3 0 4 0 0 6 8 39 37 40 0 38 36 42 41 34 28 27 30 0 32 31 0 0 62 2 0 1 0 63 64 0 0 56 55 57 53 58 51 24 25 22 20 0 0 0 23 11 18 0 0 16 12 17 15 0 0 48 43 0 0 47 50 
0 0 0 52 0 0 54 56 0 21 24 19 22 20 26 25 0 12 0 14 0 16 15 0 0 46 50 45 49 0 47 48 0 36 40 0 41 0 42 35 8 9 6 4 0 5 3 0 0 2 0 0 0 60 1 63 28 0 32 27 0 0 0 0 
42 0 0 36 37 39 0 40 0 5 0 3 6 4 10 9 0 60 0 0 1 64 63 0 0 0 34 0 33 0 31 32 22 20 0 0 0 21 26 19 0 0 0 52 58 53 0 55 0 50 46 0 48 44 0 47 12 0 16 0 14 0 15 18 
0 0 33 0 29 31 30 32 0 61 64 59 0 60 2 1 58 52 51 54 0 56 55 0 20 22 26 21 0 0 23 24 0 0 0 15 0 13 18 11 0 49 46 44 0 0 0 47 35 42 38 37 40 36 0 0 4 5 0 3 6 9 0 10 
0 43 49 44 0 47 0 0 0 0 0 11 0 0 18 0 0 4 3 0 9 8 0 0 0 0 0 0 0 35 0 0 30 28 32 31 33 29 0 0 0 1 62 60 2 0 0 63 51 0 54 53 56 52 57 0 20 21 24 19 0 0 0 0 
2 59 1 60 0 0 0 64 0 0 0 0 0 0 34 33 26 0 19 0 0 24 23 0 52 0 58 53 0 0 55 56 46 0 48 0 49 0 0 43 16 17 0 12 0 13 11 0 3 10 6 5 8 4 9 7 36 37 40 35 0 41 0 0 
0 14 20 15 16 18 0 19 50 48 51 0 49 0 53 0 45 0 38 0 44 43 42 40 7 9 13 8 12 0 10 11 1 63 0 0 4 64 0 0 0 36 0 31 0 32 30 34 0 0 25 24 0 23 28 26 55 0 59 54 57 0 58 61 
37 0 36 0 0 34 33 35 2 64 3 0 0 0 5 0 0 55 54 0 60 59 58 56 0 25 29 0 28 22 0 0 0 15 19 18 20 0 21 14 0 0 49 0 53 0 0 50 38 45 0 40 43 0 0 42 7 8 11 6 9 0 0 0 
53 46 52 0 48 50 0 51 18 16 0 14 17 0 21 0 0 0 6 9 12 0 10 8 39 0 45 0 44 38 0 0 33 31 0 34 36 32 37 30 0 4 1 0 5 64 62 2 54 0 0 56 59 55 60 58 23 0 27 22 0 28 26 0 
5 0 0 63 64 0 1 0 0 32 35 0 33 31 37 36 29 23 22 0 28 27 26 24 55 57 0 0 60 0 58 59 0 47 0 50 52 48 53 0 19 20 17 15 21 0 0 18 0 13 9 8 11 0 12 0 0 0 0 38 41 44 0 45 
0 38 0 39 40 42 0 43 10 8 0 6 9 7 13 12 0 63 62 1 4 3 2 64 31 0 0 0 36 0 0 35 0 23 27 26 28 0 29 0 59 60 0 55 0 0 54 58 46 53 49 0 0 0 52 50 0 0 19 14 17 0 0 0 
0 22 0 23 24 26 0 27 0 56 0 0 57 55 0 0 53 47 46 0 52 0 0 48 0 17 0 16 0 14 0 0 0 0 0 10 0 0 13 6 43 44 41 0 45 40 0 42 0 0 33 32 0 31 0 0 63 0 0 62 1 0 0 0 
61 0 60 55 56 0 0 0 0 24 27 0 25 0 0 0 21 0 14 0 20 0 0 16 47 0 53 48 52 46 50 51 41 0 43 42 0 40 45 38 0 0 0 0 13 8 6 10 0 5 0 64 0 63 4 2 31 32 0 30 33 36 0 0 
0 6 0 0 8 10 9 11 0 40 43 38 41 0 45 44 0 31 0 33 0 0 34 0 0 0 0 0 0 62 0 0 0 0 59 0 60 0 61 0 0 0 25 23 0 24 22 26 14 21 17 16 19 15 20 0 47 48 51 46 49 52 50 53 
46 39 0 40 41 0 42 44 0 9 12 7 10 0 14 13 6 64 63 0 5 4 0 0 32 34 0 0 37 0 35 36 0 24 28 27 29 25 0 23 60 61 0 56 62 57 0 59 0 54 50 49 52 0 53 0 16 17 0 15 18 21 19 22 
62 55 0 56 57 59 0 0 0 25 28 0 0 24 0 0 22 0 15 18 0 0 19 0 48 50 54 0 53 47 51 52 42 0 0 43 45 41 0 39 0 0 0 8 0 0 7 0 63 6 0 0 4 64 5 3 32 33 36 31 34 0 0 38 
6 63 5 64 1 0 2 4 0 33 0 31 34 0 0 0 30 24 23 26 29 0 0 0 56 58 62 0 61 0 0 0 50 48 52 0 0 0 54 47 20 0 18 16 22 0 15 0 7 14 10 0 0 8 0 0 40 0 0 39 0 45 43 0 
0 0 13 8 9 11 0 12 0 41 44 0 42 0 0 0 0 32 31 34 0 36 35 33 64 2 0 1 5 63 0 4 58 0 0 59 0 57 0 55 0 0 0 0 30 25 0 27 0 0 18 0 20 16 21 19 48 49 52 47 0 53 51 0 
0 47 53 48 49 0 50 52 0 17 20 15 18 0 22 0 0 0 0 10 0 12 11 9 40 42 0 0 0 39 43 44 0 0 0 35 37 0 38 31 4 0 2 64 6 1 63 0 55 62 0 57 60 56 0 59 24 0 0 23 0 29 0 0 
38 0 37 32 33 0 34 0 3 0 4 63 2 64 0 5 62 56 55 58 61 60 59 0 24 26 0 25 29 23 27 0 18 0 20 19 0 0 0 0 52 0 50 0 54 49 0 51 0 46 42 0 0 40 45 43 8 0 0 7 10 0 11 14 
30 23 29 24 0 27 26 28 0 0 0 0 0 56 0 61 54 48 0 0 53 0 0 0 16 18 22 0 0 15 0 0 0 0 0 0 0 9 14 7 44 0 0 40 46 41 39 0 31 0 34 33 36 32 37 35 0 1 4 63 2 5 3 6 
22 15 0 16 0 0 0 20 0 49 52 47 50 48 0 53 46 0 0 42 45 0 43 41 8 0 0 0 0 7 11 12 0 0 0 3 5 0 0 0 0 37 34 32 38 33 0 0 0 0 26 0 0 0 29 0 0 57 0 0 58 61 59 62 
0 1 7 2 0 0 4 0 0 0 38 33 36 0 40 39 32 26 0 0 31 30 29 0 0 60 0 59 0 57 61 62 52 50 54 0 55 0 56 0 22 23 0 18 24 19 17 21 9 0 12 0 14 10 15 0 0 0 0 41 0 47 45 48 
40 0 0 0 0 0 0 0 0 3 6 1 4 2 0 0 64 0 57 0 63 62 0 59 26 28 0 27 31 25 29 0 0 0 22 0 0 19 0 17 54 55 0 50 0 0 0 53 0 48 0 43 46 42 0 45 10 0 14 9 12 15 13 16 
48 41 47 42 0 45 44 0 0 0 14 0 12 10 16 0 8 2 0 4 0 0 5 0 0 36 0 35 0 33 0 38 0 0 0 29 0 27 32 25 0 63 0 58 0 59 57 61 0 56 0 51 54 50 0 0 18 0 0 17 0 0 21 24 
0 49 55 0 0 53 0 54 0 0 0 17 0 18 0 23 16 10 9 12 15 0 13 11 0 44 0 0 0 41 45 46 36 0 0 0 39 0 40 0 6 7 0 0 0 3 1 0 57 64 0 0 0 0 0 0 26 27 30 0 28 31 29 0 
0 0 23 0 19 21 20 0 0 51 0 0 52 50 56 0 48 0 0 44 47 0 0 0 10 12 16 11 15 9 0 0 0 0 6 0 7 3 0 1 0 39 0 34 0 35 33 37 25 32 0 0 0 0 0 0 0 59 0 57 0 63 61 64 
32 25 31 0 0 0 0 0 0 0 0 57 60 58 64 63 0 0 49 52 55 54 53 51 18 0 0 0 23 17 0 22 12 0 14 13 15 0 16 9 0 47 0 42 0 43 0 0 33 0 0 0 38 34 39 37 2 3 0 0 0 7 5 0 
16 9 15 0 0 0 12 0 0 43 46 41 44 42 0 47 0 34 33 36 39 38 37 0 0 4 0 3 0 0 5 6 60 0 0 61 63 59 64 57 30 0 28 0 0 27 0 0 0 24 20 19 22 18 0 21 50 0 54 0 52 55 0 56 
64 57 0 58 0 0 60 0 29 27 30 25 28 26 32 0 0 18 0 20 0 22 21 0 0 0 56 0 0 0 53 54 44 0 46 45 47 0 48 41 0 0 12 10 16 11 9 0 1 8 4 3 6 2 0 0 34 0 0 33 36 0 0 40 
43 36 0 37 0 0 39 0 8 0 9 4 7 5 11 10 0 61 60 63 2 0 0 0 29 0 35 30 34 28 0 0 23 21 25 24 0 22 0 20 57 58 55 0 59 0 52 56 44 51 0 0 0 45 0 48 13 0 0 0 0 18 16 0 
59 52 0 0 54 56 55 0 24 0 0 20 0 0 0 26 0 13 0 15 0 17 16 14 45 47 51 0 50 44 48 49 39 0 41 0 0 0 0 36 0 10 7 0 11 0 4 8 0 0 0 62 1 0 2 64 0 30 33 0 31 0 32 35 
3 60 2 61 62 0 0 0 32 30 0 28 0 0 0 34 27 0 20 0 0 0 0 22 53 55 59 0 58 0 0 0 0 45 0 0 0 46 51 44 17 18 0 0 19 14 0 16 4 0 7 6 9 0 10 8 37 38 41 36 39 0 40 0 
0 12 18 13 14 0 15 17 0 0 49 0 47 45 51 50 0 37 0 0 0 0 40 38 0 0 0 0 0 0 8 0 63 0 1 64 2 0 0 0 33 34 0 29 35 30 0 32 0 0 0 22 0 21 26 24 0 0 0 52 0 58 56 0 
11 4 0 0 0 8 7 9 40 38 0 36 39 0 0 0 35 29 0 31 0 33 32 30 0 63 0 62 2 0 0 1 55 0 57 56 58 0 59 52 0 0 23 21 27 0 0 0 0 19 0 14 0 13 0 16 0 46 49 44 0 0 48 0 
0 44 50 0 46 48 0 49 16 0 17 0 15 13 19 18 11 0 4 7 10 0 0 6 0 0 43 38 42 36 0 0 31 0 33 0 34 30 35 0 0 2 63 61 3 62 60 0 52 59 55 0 57 53 58 56 21 22 0 0 0 0 24 27 
27 20 0 21 22 0 0 0 56 54 57 0 55 0 59 58 51 0 0 47 0 0 48 46 13 0 19 0 0 0 16 0 0 0 9 8 10 6 0 4 0 42 39 0 43 0 0 0 0 35 31 0 33 0 0 32 0 0 0 0 63 0 64 3 
0 0 34 0 30 32 31 33 0 0 0 0 63 0 3 2 0 0 52 55 58 57 0 0 21 0 0 22 26 20 0 25 0 13 0 0 0 0 19 0 49 50 47 0 51 46 44 0 36 43 39 38 0 37 42 40 5 6 0 4 7 10 8 0 
