8
35 33 29 0 28 32 31 34 0 4 0 10 0 0 11 0 0 0 0 0 0 2 63 1 37 40 42 41 43 39 0 38 0 48 44 0 0 45 51 49 14 0 19 13 12 16 15 0 0 0 0 0 54 59 58 52 0 21 0 24 27 26 0 0 
0 17 13 0 0 16 0 0 0 52 54 58 0 0 59 57 0 48 51 46 45 0 47 0 21 0 0 25 27 0 0 22 31 0 0 30 34 29 35 0 62 1 0 61 60 0 0 0 0 0 39 37 38 0 42 0 9 5 0 8 11 10 4 7 
59 57 53 54 52 0 55 58 0 0 0 0 29 32 35 0 20 24 27 22 21 26 23 25 0 0 0 0 3 0 60 0 7 0 4 0 10 0 0 0 0 41 43 0 0 0 0 42 16 0 0 13 14 19 18 0 49 45 0 48 0 50 44 47 
27 0 21 22 20 0 23 0 63 60 62 0 61 0 3 1 0 56 59 54 53 0 55 0 0 32 0 33 35 0 0 30 0 40 36 38 0 37 43 41 6 0 11 5 0 0 7 0 0 49 47 0 46 51 0 0 0 0 14 16 19 0 12 15 
0 0 61 0 60 64 63 2 0 0 38 0 37 0 0 0 0 32 35 30 29 34 31 33 0 0 0 0 0 7 4 6 0 16 12 0 0 0 0 17 0 0 0 45 44 0 0 0 0 25 0 0 22 0 0 20 57 53 54 56 59 0 52 55 
11 9 5 6 4 8 7 0 47 44 46 50 45 48 51 0 36 40 43 0 0 0 0 41 0 0 0 17 0 0 12 0 0 0 20 22 0 0 0 25 0 0 59 53 52 0 55 58 32 33 31 29 30 0 34 0 0 0 0 64 3 2 60 0 
51 0 45 46 0 0 47 50 23 0 22 26 21 0 27 25 12 16 19 0 0 18 15 0 53 0 58 57 59 55 52 0 0 0 60 0 2 61 3 0 0 0 35 29 0 0 31 34 8 9 7 5 6 0 10 0 41 37 0 0 43 42 36 39 
0 0 0 38 36 0 39 0 0 12 14 18 0 0 19 0 4 8 0 6 5 10 7 9 0 48 0 49 0 47 44 0 55 0 0 54 58 0 0 57 22 25 0 0 20 24 23 26 0 0 63 0 62 3 0 60 33 29 30 32 35 34 28 31 
48 0 42 43 41 45 44 47 0 0 19 23 0 21 24 22 9 13 16 11 0 0 12 14 0 53 55 0 56 52 49 51 60 61 0 59 0 58 64 62 27 0 32 0 25 29 28 31 5 0 0 0 3 0 7 1 38 0 35 37 40 39 0 36 
64 62 0 59 57 61 60 63 36 33 0 39 34 0 40 38 25 29 32 27 26 31 28 0 2 0 0 0 8 0 1 3 0 13 9 0 15 10 16 14 0 46 0 0 41 0 44 0 21 0 20 18 19 0 0 17 0 0 0 0 56 0 49 52 
56 54 50 51 49 0 0 0 0 0 27 0 26 0 0 30 0 0 0 0 18 23 20 22 0 61 0 62 64 0 0 0 4 5 1 3 0 2 8 6 0 38 40 34 33 37 36 39 0 0 12 10 11 0 0 9 46 42 0 45 48 0 0 0 
40 0 34 0 33 37 36 39 12 9 11 0 0 13 0 0 1 5 8 3 2 7 4 0 0 45 0 0 0 44 41 43 52 53 0 51 0 50 0 54 19 0 24 18 0 21 20 23 61 62 0 58 0 64 63 57 30 26 0 29 32 31 25 0 
0 6 0 0 1 5 4 7 0 0 43 47 0 45 48 46 33 0 0 0 0 0 36 38 10 13 15 14 16 12 0 11 20 21 0 19 23 18 24 22 51 54 0 50 0 0 0 55 29 30 28 26 0 0 0 25 62 0 59 61 64 0 0 0 
16 14 10 11 0 13 12 0 52 49 0 0 0 0 56 0 41 45 48 43 0 0 44 46 0 21 0 22 24 20 0 0 0 29 25 27 31 26 32 0 0 0 64 0 0 61 0 63 37 0 0 0 35 40 0 0 6 2 0 0 8 0 1 4 
32 0 0 27 25 0 0 31 4 1 3 0 0 0 8 0 57 61 0 59 0 0 60 62 34 37 39 0 40 36 33 35 44 45 41 43 47 42 48 46 0 14 16 10 9 13 12 15 0 54 52 50 51 56 0 49 22 18 19 0 0 23 0 20 
24 0 0 19 17 0 20 23 0 57 0 0 58 61 64 0 49 53 56 0 50 0 0 54 26 0 31 0 0 28 0 27 0 37 33 0 0 34 0 38 0 0 0 2 0 5 0 0 45 0 0 42 0 48 47 41 14 10 11 13 16 0 0 12 
54 52 0 0 47 51 50 53 26 23 25 29 0 27 30 0 0 19 0 17 0 21 18 0 56 0 0 60 62 0 55 57 2 3 0 0 0 64 6 4 33 36 38 0 31 35 34 37 11 0 10 0 0 14 13 7 0 40 0 43 46 45 0 42 
0 0 8 0 0 0 10 13 50 47 49 53 0 51 0 52 39 0 46 0 0 0 42 44 16 19 21 20 0 18 0 0 0 0 23 0 0 24 30 28 57 0 62 56 55 0 0 0 35 36 34 0 0 0 37 31 4 64 1 3 6 5 63 2 
30 0 24 25 0 27 0 29 2 0 0 5 0 3 0 4 55 59 0 0 56 61 58 60 32 35 0 36 0 34 31 33 42 43 39 41 45 0 46 44 9 0 0 8 0 0 10 0 0 0 50 48 0 54 53 47 20 16 0 0 22 21 0 18 
46 44 40 41 39 0 42 0 18 0 0 0 0 0 22 20 0 0 0 0 0 0 10 12 48 51 53 0 0 0 47 49 58 59 55 57 0 56 0 0 25 0 30 0 0 27 0 29 0 0 2 64 1 6 5 63 36 0 0 35 38 0 31 0 
38 36 0 0 31 0 0 37 10 7 0 13 8 0 0 12 0 0 6 0 0 0 2 4 40 0 45 44 0 42 39 41 0 0 47 49 0 0 0 52 0 0 22 0 15 19 18 0 59 60 58 56 0 62 61 55 28 24 0 0 30 29 0 26 
22 0 16 17 0 19 18 21 58 55 57 61 56 0 0 0 47 51 54 49 0 53 50 52 24 27 29 0 30 26 23 0 0 35 31 33 0 32 0 36 0 0 6 64 63 3 0 5 0 0 0 40 41 46 0 39 12 0 9 11 0 13 0 10 
0 60 0 57 55 59 58 0 0 31 0 0 32 35 38 0 23 0 0 0 0 0 0 0 64 0 5 4 6 0 0 0 0 0 7 9 13 0 14 12 41 44 46 40 0 43 42 45 0 0 18 0 17 0 0 15 0 48 0 51 54 53 0 50 
6 0 0 0 63 0 2 5 42 39 41 0 40 0 0 0 31 35 38 0 0 0 34 0 8 11 13 12 0 0 7 9 18 19 15 0 0 16 0 20 49 52 0 0 47 51 50 0 0 28 26 24 0 0 0 0 0 0 0 0 0 61 55 58 
57 55 51 52 50 0 53 0 29 26 0 32 0 0 33 0 0 0 0 0 0 0 0 23 59 0 64 0 1 61 58 60 5 0 2 0 8 3 0 7 0 39 41 35 0 38 37 40 0 0 13 11 12 17 16 10 47 0 0 46 49 48 42 45 
0 47 0 44 0 46 45 0 0 0 20 24 19 22 25 23 0 14 17 0 11 16 13 0 51 54 56 0 57 0 50 52 0 62 0 60 0 59 1 63 0 0 0 0 0 30 0 32 0 7 0 3 4 9 8 0 0 35 36 38 0 40 0 37 
0 15 11 12 10 0 0 0 53 50 0 0 51 54 57 0 42 0 49 44 43 48 0 47 19 22 24 23 0 21 0 0 29 30 26 0 32 27 33 0 60 63 0 59 58 0 61 64 38 39 37 0 0 41 40 34 0 0 4 6 0 8 2 5 
0 0 27 28 0 30 29 32 0 0 0 0 3 6 0 7 0 62 1 0 59 64 0 63 0 38 40 39 41 37 34 0 45 46 42 44 48 0 49 47 12 15 0 0 10 14 13 0 0 55 53 0 52 57 0 50 23 0 20 0 25 24 18 0 
0 39 0 0 0 38 0 0 0 0 0 16 11 0 0 15 2 0 0 4 3 8 5 7 43 46 48 0 0 0 0 44 0 54 50 52 56 51 57 55 20 23 25 0 18 22 21 24 62 63 61 0 60 0 0 58 31 27 0 0 33 32 0 29 
0 0 59 60 58 62 61 64 0 34 36 40 35 0 0 39 26 30 33 0 27 0 29 31 0 6 8 0 9 5 2 4 0 14 10 0 16 11 17 0 44 47 0 43 0 0 0 48 0 23 0 0 20 25 0 0 0 0 52 54 57 56 0 53 
9 0 3 4 2 0 5 8 0 42 44 0 43 46 49 0 0 38 0 36 0 0 0 39 11 0 16 0 17 0 0 12 21 22 18 0 24 19 0 23 52 0 57 0 0 0 53 0 30 0 0 27 0 33 32 26 63 59 0 62 1 0 0 0 
25 0 0 0 18 22 0 24 0 58 60 64 59 62 0 63 0 0 57 52 51 0 53 0 27 0 32 31 33 0 26 28 0 38 0 36 0 0 41 39 0 7 9 3 0 0 0 8 46 47 45 0 0 49 48 42 0 11 12 0 0 16 10 13 
21 0 15 16 14 0 17 0 57 0 0 0 55 58 61 0 0 50 0 48 0 0 0 51 0 0 28 27 29 0 22 0 33 34 30 32 0 0 37 35 0 3 5 63 0 2 1 4 0 43 41 39 40 0 0 38 11 7 8 10 13 0 6 9 
29 27 23 0 22 0 25 0 0 0 64 0 0 2 5 3 0 58 61 0 55 0 0 59 0 0 36 35 0 33 30 32 0 42 0 40 44 39 0 0 0 0 0 0 0 10 9 12 50 51 0 0 0 53 0 46 0 15 16 18 21 0 14 0 
45 43 0 0 0 42 0 44 0 14 16 0 15 18 21 19 0 10 0 8 0 12 0 0 47 0 52 0 53 49 46 0 0 58 54 56 60 55 61 59 24 27 29 23 0 0 0 0 0 3 0 0 64 5 4 0 35 31 32 0 37 36 0 33 
0 0 7 0 6 10 9 12 0 46 48 0 47 50 53 51 0 42 45 40 39 44 41 43 0 18 20 19 21 0 0 0 0 26 22 0 28 0 29 27 56 0 61 0 0 0 0 0 0 0 33 31 0 0 36 0 3 63 0 2 5 4 0 1 
37 35 31 32 0 34 33 0 0 6 0 0 7 10 13 11 62 2 0 64 0 4 0 0 0 42 44 43 45 41 0 40 0 50 46 48 0 0 53 51 16 0 0 15 0 0 17 0 0 59 57 0 56 61 0 54 27 23 0 0 29 28 22 25 
0 0 0 64 62 2 1 0 41 38 40 0 39 0 45 0 0 34 37 32 0 36 33 35 0 10 12 0 13 9 6 8 17 18 0 0 0 0 0 19 0 51 0 0 46 0 0 52 0 0 25 23 24 0 28 22 0 0 56 58 0 60 0 0 
53 51 47 0 46 0 49 0 25 0 24 0 23 26 29 27 14 18 21 16 0 0 17 0 55 0 60 59 61 57 0 56 1 2 62 64 4 0 0 3 0 0 0 0 30 0 33 36 0 0 0 0 8 13 0 0 43 0 0 0 0 44 38 41 
0 0 55 56 54 58 57 0 33 30 32 36 0 0 0 35 22 0 29 0 23 28 25 27 63 2 4 3 5 1 62 64 0 10 0 8 12 7 13 11 0 43 45 0 38 42 0 44 0 0 17 0 16 0 0 0 51 0 48 50 53 52 46 49 
12 10 0 7 5 0 0 11 48 0 47 0 46 49 0 50 0 0 44 39 38 43 0 0 0 17 19 18 20 0 0 15 0 0 21 0 27 0 28 0 55 58 0 0 0 57 56 59 0 0 0 30 31 0 35 29 0 62 0 0 0 3 0 64 
4 2 0 63 0 1 64 0 40 37 39 43 38 41 0 0 29 0 0 31 0 35 0 34 6 0 11 10 0 0 5 0 0 0 0 0 0 0 20 18 0 50 52 46 45 49 48 51 0 0 24 0 0 0 27 21 0 54 0 0 0 59 53 56 
0 50 46 47 0 0 0 51 0 21 23 0 22 0 0 0 13 17 20 15 14 19 16 0 0 0 59 0 60 56 53 55 64 1 61 63 3 0 4 2 0 0 36 30 29 33 0 35 9 10 8 6 0 12 11 5 0 38 39 41 0 0 37 0 
0 58 54 0 0 57 56 0 32 29 0 35 0 33 0 34 0 0 28 23 22 27 24 26 0 0 3 2 0 0 61 0 0 9 5 0 0 6 12 10 0 0 44 38 0 41 40 43 0 18 16 0 0 0 0 13 50 46 47 49 52 0 0 48 
0 0 14 0 0 17 16 19 56 53 0 59 54 57 60 0 45 0 52 0 46 51 0 50 0 0 0 0 28 0 0 23 32 33 29 31 35 30 0 0 0 0 0 62 61 1 64 0 0 42 0 38 39 0 43 37 10 6 7 9 12 11 0 8 
0 34 0 31 29 0 0 0 8 5 0 0 0 0 12 0 61 1 4 0 62 0 0 2 38 41 43 42 44 0 0 0 48 49 45 47 0 46 52 50 0 18 20 14 0 17 16 19 0 0 56 54 0 60 59 53 26 0 23 25 0 0 21 0 
28 0 0 23 0 25 24 0 64 61 0 3 0 1 0 2 53 57 0 0 0 0 0 58 0 0 35 34 36 32 29 31 40 41 0 39 0 0 44 42 7 10 0 6 5 9 0 11 49 0 0 46 47 0 0 0 0 0 15 0 0 19 13 16 
0 42 38 0 37 41 0 0 0 13 15 19 14 17 20 18 0 9 12 0 6 0 0 10 46 0 51 0 52 48 45 47 56 0 53 0 0 0 0 58 23 0 0 22 0 25 24 27 0 0 0 0 0 4 3 61 34 30 31 33 0 0 29 0 
0 0 52 53 0 55 54 0 30 0 29 33 28 31 34 32 0 23 0 0 20 0 0 0 60 63 1 0 2 0 59 61 6 0 0 0 0 4 10 8 0 0 42 36 35 0 38 0 15 16 0 12 13 18 17 11 48 44 0 47 50 0 0 46 
18 0 12 13 0 0 14 0 54 0 0 0 52 0 58 56 43 47 50 45 44 49 46 48 20 0 0 24 0 22 19 21 30 31 0 29 0 0 34 32 61 64 2 60 59 0 0 1 39 0 38 36 37 0 0 0 8 0 0 0 10 0 3 6 
2 0 60 0 59 63 62 0 38 0 0 0 0 39 0 40 27 31 0 29 28 33 30 32 0 7 9 0 10 6 3 5 0 15 0 0 0 12 18 16 45 48 0 0 43 47 46 49 23 24 0 20 0 26 0 0 56 52 53 0 58 57 0 54 
0 8 0 5 3 7 6 0 46 0 0 49 0 0 50 48 35 39 42 37 36 41 38 0 12 15 0 16 18 14 11 13 22 0 0 21 0 0 26 0 53 0 0 0 51 55 54 0 0 0 30 28 0 0 0 27 0 60 0 0 2 1 59 62 
34 0 28 29 27 31 0 33 6 3 0 0 0 0 10 8 59 63 0 61 0 0 0 0 0 39 0 40 0 38 35 0 46 47 0 0 0 44 50 0 0 0 0 0 0 0 14 0 0 56 54 0 53 0 57 0 0 0 21 23 26 25 19 22 
26 24 20 0 19 23 22 25 62 59 61 1 60 63 2 64 51 55 58 53 52 57 54 0 28 0 0 0 34 30 27 29 0 0 0 0 0 0 0 0 5 8 0 0 3 0 6 9 0 48 0 44 45 50 49 0 16 0 0 0 0 17 0 14 
0 40 0 37 35 0 38 41 0 0 13 17 0 0 0 0 0 0 0 5 4 9 6 8 0 47 49 48 50 46 0 0 54 0 51 0 57 0 0 0 21 24 26 20 19 23 0 25 63 64 62 0 61 2 1 59 32 0 29 0 34 33 27 0 
50 0 0 0 0 47 0 49 22 19 0 0 20 23 0 0 11 15 0 13 0 0 14 16 52 55 57 0 58 0 51 53 62 0 0 61 0 0 2 0 0 32 0 28 27 0 30 33 7 8 0 0 5 0 0 3 0 36 37 0 42 0 35 0 
7 5 1 2 64 0 3 6 43 0 42 46 0 0 47 45 32 36 0 0 0 38 0 37 0 12 14 13 0 11 8 0 19 20 16 0 0 0 23 0 50 53 0 0 48 52 0 0 0 29 27 25 0 0 0 0 0 0 58 60 0 62 0 59 
15 13 9 10 0 12 11 14 0 48 50 54 0 0 55 0 40 44 0 0 41 0 0 0 17 0 0 21 0 19 16 18 27 0 24 0 0 25 0 0 0 61 63 57 56 60 59 62 36 37 35 0 34 39 0 32 5 1 2 4 7 0 64 0 
47 45 0 42 40 44 43 46 0 0 0 22 17 20 23 21 8 0 15 0 0 0 0 13 0 52 54 53 0 51 48 0 59 0 56 58 62 57 0 61 26 29 31 25 24 0 27 0 4 5 3 1 0 0 0 64 37 33 34 36 39 38 0 35 
0 0 49 0 48 0 0 54 0 0 26 30 25 0 31 29 0 0 0 18 17 0 19 0 57 60 0 0 63 59 56 58 3 0 64 0 6 0 0 0 34 37 39 33 0 0 35 0 12 0 0 0 10 15 0 8 45 41 42 0 47 46 40 43 
0 61 57 58 56 60 59 62 35 0 0 38 0 36 39 0 24 0 0 26 25 30 27 29 1 4 6 0 7 3 0 0 11 0 8 10 0 0 15 13 0 45 0 41 40 44 43 46 0 0 19 0 0 0 0 16 0 49 50 52 0 54 0 51 
23 0 0 18 0 20 19 0 59 0 0 62 57 0 63 61 48 52 55 50 49 0 0 53 0 28 0 29 31 27 24 0 35 0 0 0 0 0 39 0 0 0 7 1 64 0 0 6 44 0 0 41 42 47 0 0 0 9 10 0 0 14 8 11 
0 0 33 0 32 0 35 38 11 0 10 14 9 12 15 13 64 4 0 0 1 6 0 0 41 0 0 0 0 43 0 0 0 0 48 50 54 49 55 0 18 0 0 17 0 20 0 22 0 0 59 0 0 0 62 56 0 25 0 0 0 30 24 27 
0 29 25 0 0 28 0 0 3 0 2 6 0 0 7 5 0 60 63 0 57 0 0 61 33 36 38 37 39 0 32 34 0 44 0 42 46 0 47 45 0 0 0 0 0 12 0 14 0 0 51 0 50 0 54 0 21 17 18 20 23 22 16 0 
