8
21 0 20 0 19 0 22 0 0 38 39 35 36 34 0 0 57 53 52 50 56 0 55 0 42 0 44 0 49 0 0 45 60 61 0 0 58 62 64 1 7 4 2 0 8 0 3 6 0 11 0 0 16 0 0 0 27 33 26 0 0 32 31 0 
53 57 0 56 51 0 0 0 9 6 7 3 0 2 8 5 0 21 0 18 24 0 23 19 10 14 0 0 17 16 15 13 28 29 27 31 26 0 0 33 39 36 34 0 40 41 0 38 42 0 44 47 48 0 45 49 0 1 58 62 61 64 0 60 
0 17 0 16 11 10 14 0 0 30 31 0 0 26 32 29 0 0 44 42 0 46 0 43 0 38 36 0 41 0 0 37 52 53 51 0 50 0 56 57 63 0 58 61 0 1 0 62 2 3 0 0 8 6 5 0 19 25 18 22 21 24 23 20 
61 0 60 64 0 58 62 63 17 14 15 11 12 10 16 13 0 29 28 0 32 30 31 27 18 0 0 19 25 24 23 0 36 0 35 0 34 0 0 41 0 44 0 45 48 49 0 0 50 51 52 0 56 54 53 0 3 9 0 6 5 0 7 0 
5 9 4 8 3 2 6 7 0 22 0 19 0 18 24 21 41 0 0 34 40 38 39 0 26 0 28 0 0 0 31 29 44 0 43 47 0 46 48 49 0 52 50 0 0 0 51 54 0 0 0 63 64 0 0 1 11 0 0 14 13 16 0 12 
0 0 28 0 27 26 0 0 49 46 47 43 44 0 0 45 1 0 60 58 64 62 0 59 50 54 52 0 0 0 55 53 0 0 0 7 0 6 0 0 15 0 0 0 0 17 11 0 0 19 20 23 0 0 0 0 35 0 34 38 37 40 39 0 
0 0 0 48 43 0 0 47 1 62 0 0 60 58 64 61 17 0 12 10 16 14 15 11 2 0 0 0 9 0 7 5 0 0 0 23 18 22 24 25 31 28 26 29 32 33 0 30 34 0 0 39 40 0 37 0 51 57 50 0 0 56 0 0 
37 41 0 40 35 0 0 39 0 0 55 51 52 0 56 53 9 0 4 2 0 0 7 3 58 0 0 59 0 64 63 61 12 13 0 15 10 14 16 0 23 0 0 21 24 25 19 0 26 27 0 31 32 30 0 33 43 49 42 46 45 0 47 44 
0 36 0 0 30 29 0 0 0 49 0 0 47 0 0 48 4 0 63 61 3 1 0 0 0 57 0 0 0 0 58 56 0 0 0 10 5 9 11 0 0 15 13 16 0 0 14 0 21 22 23 26 27 25 0 0 38 0 37 41 40 0 0 39 
0 28 0 0 0 0 25 0 0 41 42 0 39 0 43 0 0 56 55 53 0 0 58 0 45 49 47 46 0 0 0 0 0 64 0 0 61 1 0 0 10 0 5 0 0 12 6 9 0 14 0 0 19 0 16 20 30 36 29 33 32 35 34 0 
0 60 55 0 54 53 57 58 12 9 0 6 7 5 11 8 0 24 0 21 0 25 26 22 13 17 15 0 20 19 0 16 31 0 0 34 0 0 0 0 0 39 37 40 0 44 0 41 45 0 47 0 51 0 48 52 62 0 61 1 64 3 2 0 
0 12 0 0 0 0 9 10 28 0 26 22 23 21 0 24 44 40 0 0 43 41 42 38 29 0 0 30 36 35 0 32 47 48 46 0 45 0 51 52 58 55 53 56 59 0 54 0 0 62 0 2 3 0 64 4 0 20 13 0 0 0 18 0 
0 44 39 43 0 0 41 42 60 57 58 54 55 0 0 56 0 0 7 0 11 0 10 6 0 1 63 62 0 3 2 64 0 0 14 18 13 0 19 0 0 23 21 0 27 28 22 0 29 30 31 34 0 33 32 0 0 52 45 49 0 51 0 47 
0 20 15 0 14 0 0 0 36 33 34 30 0 29 35 0 52 48 0 0 51 0 50 0 37 0 0 0 44 43 0 40 0 56 54 0 53 0 59 0 2 63 61 64 0 0 0 0 5 6 7 0 11 0 0 0 22 28 0 0 24 0 26 23 
64 4 63 3 62 61 1 0 20 0 18 14 15 0 19 16 36 32 31 29 35 33 34 0 0 25 23 22 0 27 26 0 39 40 0 42 37 41 0 44 50 0 45 0 51 52 46 0 53 0 55 0 0 0 0 60 0 12 5 0 0 11 10 7 
48 52 47 0 46 0 49 50 0 1 2 62 0 0 0 64 0 16 15 13 0 17 18 14 0 9 7 0 12 0 10 8 0 24 22 26 21 25 27 28 34 0 29 0 35 36 30 33 37 0 39 42 43 41 0 0 54 60 53 57 56 59 0 0 
0 30 25 29 24 0 0 0 46 43 44 40 41 39 45 0 0 58 57 55 0 59 0 56 0 51 0 48 0 53 52 0 1 0 0 0 0 3 0 0 12 0 7 0 13 0 8 0 0 16 17 0 0 19 18 22 0 38 0 35 34 37 0 33 
2 6 1 0 0 0 3 4 22 19 0 0 17 15 21 18 0 0 33 31 0 35 36 32 0 0 0 0 30 0 0 26 0 42 40 44 0 0 0 0 52 0 0 50 53 54 0 0 0 56 57 60 61 59 0 0 8 14 7 0 0 13 0 0 
42 0 0 0 40 39 43 44 62 59 60 56 57 55 0 0 14 0 0 7 0 11 12 8 63 3 0 0 6 5 0 2 17 0 0 20 0 19 21 0 28 0 0 0 29 30 0 27 31 0 0 0 37 35 34 38 48 54 47 51 0 0 0 49 
0 62 0 61 56 55 59 60 14 0 12 8 9 0 0 10 0 26 25 23 0 27 0 0 15 0 0 16 22 0 0 18 0 34 32 36 31 35 37 38 44 41 39 42 45 46 40 43 0 48 0 0 53 0 50 0 0 6 63 3 0 5 0 0 
0 0 33 37 32 0 0 36 54 0 0 48 49 47 0 50 6 2 1 63 5 3 4 64 55 59 0 56 62 61 60 0 9 10 0 12 0 11 13 14 20 17 0 18 0 22 16 19 23 24 0 0 29 0 0 30 0 0 39 43 42 0 0 41 
18 22 0 0 16 15 19 0 0 0 36 32 0 0 37 0 0 50 49 47 53 0 0 48 39 43 41 40 0 0 44 42 57 0 0 60 55 0 0 62 4 1 0 2 5 6 0 0 7 8 9 0 13 11 0 14 0 0 23 27 26 0 0 25 
0 54 49 53 0 47 51 0 0 0 4 0 1 63 0 0 0 0 0 0 21 19 20 0 7 11 9 8 14 0 12 10 25 0 24 28 23 0 29 0 36 33 0 34 0 38 0 35 39 0 41 0 0 43 0 46 56 62 55 0 58 0 0 57 
10 14 9 13 8 7 11 12 0 27 0 24 0 0 29 26 46 0 41 39 0 43 44 40 0 0 0 32 38 0 36 34 0 0 48 52 47 51 0 54 60 57 55 58 0 0 56 59 63 0 1 0 0 0 2 6 16 22 15 19 0 21 20 17 
52 0 51 55 50 0 53 0 8 5 0 0 0 1 7 4 24 0 19 17 23 21 22 0 9 13 11 0 0 0 14 0 27 0 26 0 0 0 0 32 38 35 0 36 39 0 34 0 41 42 0 46 47 0 44 48 58 64 57 0 60 0 62 59 
0 48 43 47 42 41 0 46 0 61 0 58 0 57 63 0 16 12 0 9 15 13 14 10 1 5 3 0 8 0 6 0 19 0 18 0 17 0 0 0 30 0 25 28 0 32 0 0 0 0 0 38 39 37 36 0 0 56 49 53 52 55 54 51 
36 0 35 0 34 33 0 0 56 53 54 50 51 0 0 52 0 4 3 0 0 0 6 0 0 61 0 0 0 63 0 60 11 12 0 14 9 0 0 16 22 19 17 20 23 0 18 0 25 26 27 0 31 0 0 32 42 0 41 0 0 47 0 0 
28 32 27 0 26 25 0 30 0 45 46 42 43 41 47 0 64 0 0 57 63 0 62 0 49 0 0 50 0 0 54 52 3 4 2 6 1 0 0 0 14 0 0 12 15 16 10 0 17 18 19 22 23 0 0 24 34 0 33 37 36 0 0 35 
4 0 0 7 2 0 5 6 24 0 22 18 0 0 0 0 40 36 35 0 0 37 38 34 0 29 27 26 0 31 30 0 43 44 42 46 41 45 0 48 0 51 49 52 55 56 50 0 0 58 0 0 0 0 60 64 10 0 9 0 0 15 14 11 
0 0 11 15 10 9 0 14 32 0 30 0 27 25 0 28 0 0 43 0 0 0 46 42 33 0 35 34 40 0 38 36 51 52 0 54 49 53 0 56 62 59 57 60 0 64 0 61 0 0 3 6 0 5 4 0 18 24 0 21 20 23 22 0 
0 0 59 63 0 57 0 62 0 0 14 10 0 9 0 0 32 28 27 0 0 29 0 26 0 21 19 0 0 23 22 0 35 36 34 0 33 0 39 40 0 0 0 44 47 48 42 0 0 0 51 54 0 53 52 56 2 0 0 5 4 7 6 0 
20 0 19 23 0 0 0 22 40 0 38 0 35 33 39 0 56 52 0 49 55 53 0 0 0 45 0 0 48 0 0 0 0 0 58 0 57 61 63 0 0 0 1 4 7 8 2 0 9 0 0 14 15 0 12 16 26 0 25 0 0 0 30 0 
51 0 0 54 0 48 0 53 7 0 5 1 2 64 0 3 23 19 18 16 22 0 0 17 8 0 0 9 0 14 0 11 0 0 0 0 24 0 0 31 0 34 0 0 38 39 33 36 0 0 42 0 46 44 0 47 57 63 56 60 59 0 0 0 
0 15 0 14 9 0 0 13 31 0 0 0 26 24 30 27 47 0 42 40 0 0 0 41 0 0 0 33 0 0 37 0 50 51 49 0 48 0 0 0 61 58 56 59 0 63 57 60 0 1 0 0 0 0 3 0 17 23 16 20 0 0 0 0 
0 31 26 0 25 24 0 29 0 44 45 41 42 40 0 43 0 0 58 56 0 60 0 57 48 52 50 49 0 0 53 0 2 3 0 0 0 4 0 7 13 0 8 11 0 15 9 0 0 0 18 21 0 0 19 23 33 39 32 36 35 38 0 0 
0 0 18 22 17 0 20 21 39 36 0 33 0 32 38 35 55 0 50 48 54 0 53 49 40 0 42 0 0 46 45 0 0 0 57 0 56 60 62 63 5 2 64 0 6 7 1 4 8 0 0 13 14 12 11 15 25 31 24 28 0 30 0 26 
43 0 42 46 0 0 44 45 63 0 0 0 58 56 62 0 0 11 10 0 14 12 13 0 0 0 0 1 0 6 0 3 0 0 17 0 16 0 22 0 29 26 0 27 30 31 25 0 32 33 0 37 38 36 0 39 49 0 48 0 51 54 0 50 
0 0 34 38 0 32 36 0 55 52 53 49 50 48 54 51 7 0 2 64 6 0 5 0 56 0 58 0 0 62 0 59 10 0 0 13 8 12 14 15 0 0 16 0 0 23 17 20 24 25 26 0 0 0 27 0 41 0 40 44 43 0 0 0 
59 0 0 62 57 0 60 61 0 12 13 0 0 0 14 11 31 27 26 0 0 28 29 25 0 0 18 17 0 22 0 0 34 0 0 37 32 36 38 0 45 42 40 0 46 47 41 44 48 49 0 0 54 0 0 55 1 0 64 4 3 6 5 0 
3 7 2 0 1 0 0 5 23 20 21 17 18 0 22 0 0 35 0 32 0 36 37 33 24 28 0 0 31 30 0 27 42 0 0 45 40 44 46 47 53 50 48 51 54 55 49 52 0 0 0 61 62 60 59 0 9 15 0 12 0 14 13 0 
33 37 32 36 31 0 34 35 53 0 51 47 48 46 52 49 5 1 0 0 4 0 0 63 54 0 56 0 61 60 59 57 8 0 7 11 6 10 0 0 0 0 0 17 20 21 15 18 22 0 24 27 28 0 0 29 0 0 38 0 41 44 0 40 
0 29 0 28 0 22 0 27 0 42 0 39 40 38 44 0 61 57 0 54 60 58 0 0 46 0 0 47 0 0 0 0 64 1 63 3 62 0 4 5 11 8 0 9 0 0 7 0 14 15 16 0 20 0 17 21 31 0 0 0 0 36 35 32 
0 53 48 0 0 46 50 51 0 2 3 63 64 0 0 0 0 0 0 0 20 18 19 0 0 0 0 0 0 12 11 9 0 25 0 0 0 0 28 0 35 32 0 33 0 37 31 34 38 39 40 0 44 0 41 45 0 61 0 58 57 60 59 56 
0 45 40 0 39 0 0 43 61 58 59 55 0 54 60 57 13 0 0 6 12 10 0 7 0 2 64 0 5 4 3 0 0 0 0 0 14 18 20 0 27 0 0 25 28 0 23 0 0 31 0 35 0 34 33 37 47 53 46 0 49 52 0 48 
1 5 0 4 63 62 0 3 21 18 19 0 16 0 20 0 0 33 32 30 0 34 0 31 22 0 24 23 0 28 27 25 40 41 0 0 38 0 44 0 0 48 0 49 0 53 47 0 54 0 0 59 0 0 57 0 0 0 0 10 0 12 0 0 
0 0 56 60 55 54 0 59 13 0 0 7 0 6 12 9 29 25 0 22 0 0 0 23 14 18 16 15 0 20 19 17 0 33 31 0 0 0 36 37 43 0 38 0 44 0 39 42 46 47 48 51 0 0 0 53 63 0 62 2 1 4 3 0 
9 0 8 0 7 6 10 0 29 0 27 23 24 22 0 0 45 41 40 38 44 0 0 39 30 34 0 31 37 0 35 33 0 49 47 51 0 50 0 0 59 56 54 0 60 0 55 0 62 0 0 0 4 2 1 5 0 0 14 18 0 0 0 0 
17 21 0 20 15 0 0 0 37 34 35 31 32 0 0 33 53 49 48 46 52 0 0 0 38 42 0 0 45 44 0 41 0 0 0 59 54 58 60 0 3 64 0 1 4 5 63 0 0 0 0 11 12 0 0 0 23 0 22 0 25 0 27 24 
0 34 29 33 28 0 31 0 0 0 0 0 0 43 0 46 0 62 0 0 0 0 0 0 51 55 53 52 58 57 56 54 0 0 4 8 3 7 0 0 16 13 0 14 17 18 12 0 0 20 21 24 0 23 0 26 36 0 0 39 38 41 0 37 
0 18 0 17 12 0 0 16 34 0 32 0 29 0 33 0 50 46 0 0 0 47 0 0 0 39 0 36 0 41 40 38 53 0 0 56 51 0 0 58 64 61 0 0 0 2 60 0 3 0 5 8 9 0 6 10 0 26 0 0 22 0 0 21 
6 10 0 9 0 0 0 0 0 0 24 20 21 19 25 22 0 38 0 35 41 0 40 36 27 31 29 28 0 0 32 30 45 46 0 48 43 47 0 0 56 53 0 0 57 58 52 0 0 60 0 64 1 63 62 2 0 0 11 15 14 17 16 0 
0 0 37 41 36 35 39 40 0 55 0 0 53 51 57 54 10 6 0 3 9 0 8 0 0 0 61 0 2 1 0 62 13 14 12 0 11 0 17 0 24 21 0 22 25 0 0 23 0 28 0 0 33 0 30 34 0 50 43 0 46 49 48 0 
46 50 0 0 0 43 47 0 2 0 64 60 61 59 0 62 0 14 0 0 0 15 0 12 0 0 5 4 10 9 0 6 21 22 20 24 19 23 25 26 32 29 0 0 0 34 0 31 35 0 37 40 41 0 38 42 0 0 51 0 54 57 0 53 
0 0 0 1 60 59 63 64 18 15 16 12 0 0 0 14 0 0 0 27 33 31 0 0 0 23 21 20 26 0 24 22 0 38 36 0 35 39 0 42 48 45 0 46 49 50 44 0 0 52 53 0 0 0 54 0 0 10 3 7 0 9 8 0 
54 0 53 57 52 0 55 56 0 0 8 0 0 0 9 6 26 22 21 19 25 23 0 0 11 0 13 0 18 0 0 14 0 0 0 32 27 0 33 34 0 37 0 38 41 42 0 39 0 44 45 0 49 0 0 0 0 0 59 63 62 1 0 61 
0 0 0 0 20 0 23 24 42 39 40 0 37 35 41 38 58 54 53 51 57 55 56 52 0 0 45 44 0 0 48 0 61 62 0 0 59 0 1 2 8 0 3 6 9 0 4 7 0 12 13 16 17 15 0 0 28 0 0 31 0 33 0 29 
0 0 30 0 0 28 0 0 0 48 49 0 0 44 50 47 0 63 0 0 2 64 1 0 0 0 54 0 0 58 57 0 0 7 0 9 0 8 10 0 0 14 0 15 0 0 0 16 0 0 0 0 0 24 23 27 0 0 0 40 39 42 0 38 
39 43 38 0 37 0 0 41 0 56 57 0 0 52 0 55 11 7 6 4 10 0 0 5 60 64 0 61 3 0 0 63 14 0 13 17 12 16 18 0 0 22 20 0 0 0 21 0 0 29 30 0 34 32 0 0 45 51 0 0 0 0 49 46 
23 27 0 26 21 20 24 25 0 40 0 0 38 36 42 39 0 0 54 52 0 0 57 53 0 48 46 45 51 50 0 47 62 63 61 1 60 64 2 3 9 6 4 7 10 11 5 8 12 13 14 17 18 16 15 19 0 0 28 32 31 34 0 0 
47 0 46 50 0 44 48 49 3 64 1 0 62 60 0 63 19 0 14 12 18 16 17 13 4 8 0 5 11 0 0 7 22 0 21 25 20 24 26 27 0 0 28 0 34 0 29 0 36 0 38 0 0 40 39 0 53 59 52 56 0 58 0 54 
55 59 0 58 53 52 0 0 11 8 9 5 0 0 10 0 0 0 0 20 26 24 25 21 0 0 14 13 19 18 0 0 30 31 29 33 0 0 34 35 41 38 36 0 42 0 37 0 0 45 46 0 0 0 47 0 0 3 0 0 63 0 1 62 
63 3 62 0 61 0 64 0 19 16 17 13 14 12 0 0 35 0 30 0 0 32 33 0 20 24 22 0 27 26 0 0 38 0 37 41 0 40 42 0 0 46 0 0 50 0 0 48 52 53 54 57 58 0 0 0 5 11 4 8 7 10 0 0 
7 11 6 10 5 4 0 0 27 24 25 0 22 20 26 23 0 0 38 36 42 40 41 37 28 32 30 0 0 34 0 31 46 47 0 49 44 48 50 51 57 54 0 0 58 59 53 56 60 0 0 1 2 0 63 3 0 0 12 16 0 0 17 0 
0 0 14 0 13 0 0 0 0 0 0 29 30 28 34 31 51 47 46 44 50 48 49 45 0 0 38 0 43 0 41 0 54 55 53 57 52 0 58 0 1 62 0 0 2 3 0 64 0 5 6 0 10 8 7 11 21 27 20 24 23 26 25 22 
