8
38 0 0 0 45 0 0 0 0 0 0 51 0 0 0 53 0 14 0 18 0 0 15 0 24 0 25 0 23 0 22 0 0 0 0 54 55 58 56 61 2 63 62 5 64 3 4 1 0 31 34 0 0 37 0 0 0 11 0 13 7 8 9 12 
0 33 36 34 37 0 31 32 40 0 39 43 0 0 38 0 9 6 8 0 11 0 7 0 16 0 17 0 15 0 0 18 52 0 49 46 47 50 0 0 0 0 0 61 56 59 0 57 0 23 26 0 0 0 0 0 2 0 0 5 63 64 1 4 
54 0 0 58 0 59 55 56 0 2 0 3 0 4 0 5 33 30 0 34 0 37 31 0 40 0 41 0 0 0 38 42 0 11 9 0 7 0 8 13 0 15 14 21 0 19 20 17 49 47 50 48 46 0 0 52 26 0 0 29 0 24 25 28 
0 25 28 26 0 27 0 24 32 34 31 35 33 36 30 37 0 0 64 0 3 5 63 0 0 0 9 12 7 11 6 0 0 0 41 0 39 42 40 45 0 47 46 0 0 51 52 0 17 15 0 0 0 21 19 20 0 0 54 61 0 0 0 60 
46 0 52 50 53 51 0 0 0 0 55 59 57 60 54 61 25 22 0 26 0 0 23 28 0 37 0 0 0 35 0 34 4 3 0 62 63 2 0 0 0 0 6 0 0 11 0 9 0 39 42 0 38 45 43 0 18 19 0 21 15 0 17 20 
0 1 4 2 5 3 63 0 8 10 7 11 0 12 6 0 0 0 0 0 0 45 39 44 0 0 0 52 0 51 0 0 0 0 17 0 15 0 16 21 0 23 0 29 24 27 28 25 0 55 58 56 0 61 0 60 0 35 0 0 0 0 0 0 
0 9 12 10 0 0 0 8 0 0 0 19 0 20 0 21 0 46 0 0 51 53 0 0 56 61 57 60 0 59 54 0 28 0 25 0 0 26 24 29 34 0 30 0 32 35 36 33 1 0 2 64 62 5 0 4 42 0 0 45 0 40 41 44 
0 17 20 0 21 0 15 16 24 26 23 0 25 0 22 29 0 0 0 58 59 61 55 60 0 0 0 4 63 0 0 0 36 35 33 30 0 34 32 37 0 39 0 45 40 0 44 0 0 7 10 8 0 13 11 12 50 51 46 0 47 48 49 0 
15 18 0 19 22 20 16 17 0 27 0 28 26 29 23 0 0 0 57 59 0 62 0 61 0 0 2 0 64 4 63 0 37 0 34 31 0 35 33 0 0 0 39 0 41 0 0 0 10 8 11 0 0 14 0 0 0 52 47 54 48 49 0 53 
0 0 37 0 0 0 32 0 0 0 0 44 0 45 39 0 10 7 9 0 12 0 8 13 0 22 18 0 0 20 0 19 53 52 0 47 0 0 0 54 59 0 55 62 57 60 61 58 26 24 27 25 23 0 28 29 3 0 0 6 64 0 0 5 
0 0 0 11 0 12 0 9 17 0 16 20 18 21 15 22 50 47 49 51 0 54 0 53 57 62 58 61 56 0 0 0 29 0 26 23 24 27 0 30 0 32 0 0 0 36 0 34 0 0 3 0 63 0 0 5 0 44 39 46 40 0 42 0 
63 2 0 3 6 4 64 1 9 11 8 12 0 13 7 14 42 0 41 43 44 46 40 45 0 0 0 0 0 0 0 0 21 20 18 0 0 19 0 22 27 0 0 30 25 0 0 0 58 56 59 0 55 62 60 61 0 36 0 38 0 0 0 37 
39 42 45 43 46 0 40 0 0 0 48 52 0 0 47 0 18 0 0 0 20 22 0 0 0 0 0 29 24 28 23 0 61 0 0 0 56 0 57 62 3 0 0 0 1 4 0 0 34 32 35 0 0 0 0 0 0 12 7 14 8 0 10 0 
0 50 0 0 0 52 0 0 0 59 56 0 0 61 0 0 0 23 25 27 28 30 0 29 33 38 34 37 32 0 31 35 0 4 0 63 64 3 0 6 11 8 0 14 0 12 0 10 42 0 43 0 0 0 44 45 19 20 0 22 16 0 18 21 
0 0 0 0 0 0 24 25 33 35 32 36 0 0 31 0 0 63 1 0 0 0 64 0 9 0 0 0 8 0 0 0 45 44 42 39 0 0 41 0 51 48 0 54 49 52 53 50 0 16 0 17 15 22 20 21 0 60 0 62 56 0 58 61 
55 58 61 0 0 0 56 57 0 0 64 0 0 5 63 0 34 0 33 35 36 38 32 37 0 46 0 45 0 44 0 0 13 12 0 7 8 0 9 0 0 0 15 0 17 20 21 18 50 0 0 49 47 0 52 53 0 28 0 30 24 0 26 0 
57 60 0 61 64 0 58 59 0 0 2 0 0 7 0 8 36 0 35 37 38 0 34 0 43 48 44 47 42 46 41 45 0 14 0 9 10 13 11 0 21 18 17 24 0 22 23 20 52 50 53 51 0 0 0 0 0 30 0 0 26 27 0 31 
9 12 15 0 16 0 0 11 0 21 18 22 20 0 17 24 52 49 0 0 54 56 0 0 59 64 0 63 58 0 0 61 31 30 0 0 26 29 27 0 37 0 33 40 0 0 39 0 4 2 5 3 0 8 0 7 45 46 0 48 0 43 44 47 
1 0 7 5 8 6 0 0 11 0 0 0 12 15 9 16 44 41 0 45 0 48 0 0 0 56 0 55 50 0 0 53 23 0 0 0 18 21 19 24 0 0 25 0 0 30 31 28 60 58 61 59 57 64 62 63 37 0 0 40 34 35 36 39 
0 0 47 45 0 46 42 43 51 0 50 0 52 55 49 56 20 17 19 21 22 24 18 23 27 32 28 0 26 0 25 29 63 62 0 57 0 61 0 0 0 0 1 8 0 0 7 4 36 34 0 35 0 40 0 39 0 0 0 0 10 0 12 0 
49 0 55 53 0 54 0 51 0 61 58 0 60 0 0 64 28 25 27 29 30 0 0 31 35 0 0 39 34 38 0 37 0 6 0 0 2 0 0 0 13 10 9 0 0 0 15 12 44 42 0 43 41 0 46 0 21 22 17 24 18 19 20 0 
25 0 31 29 32 30 0 0 35 0 0 38 36 0 33 0 4 1 3 0 0 8 0 7 0 0 12 0 0 0 9 13 47 0 0 41 0 45 43 0 53 0 0 0 51 54 0 0 20 0 21 19 0 0 22 23 0 0 57 64 0 0 60 63 
17 0 0 21 24 0 0 19 27 29 0 0 0 0 25 32 0 0 59 61 62 0 0 0 3 8 0 0 2 6 0 5 0 38 36 33 34 0 0 40 0 42 41 48 0 0 47 44 12 10 0 0 9 16 14 15 53 54 0 56 0 51 52 0 
33 36 0 37 0 38 0 0 43 45 42 46 44 0 41 0 12 9 11 13 14 16 10 15 19 24 20 23 0 22 17 0 0 0 0 49 50 0 51 56 61 58 57 0 59 0 0 60 0 26 0 27 0 0 0 31 5 6 1 0 0 3 4 0 
56 59 62 60 63 61 57 0 0 4 1 5 3 0 0 7 35 32 34 36 37 39 33 0 42 0 43 0 41 45 40 44 14 13 0 0 0 0 0 0 20 17 16 23 0 21 22 19 51 0 52 0 48 0 53 54 28 29 24 31 25 0 0 0 
16 19 22 20 23 0 0 18 26 28 0 29 0 30 24 31 59 56 0 0 61 63 57 62 2 7 0 6 1 5 0 4 38 0 35 0 0 36 0 39 44 0 0 47 0 0 46 0 11 9 12 10 8 0 13 0 0 0 48 0 49 50 0 0 
48 51 54 52 0 0 49 50 58 0 0 0 59 0 0 63 27 0 0 0 29 0 25 0 0 39 35 38 33 37 32 0 6 5 0 64 0 4 2 7 12 9 8 15 0 13 0 11 0 0 0 0 0 0 45 0 20 0 16 0 17 0 19 22 
8 11 0 12 15 0 0 0 18 0 17 0 0 0 16 23 0 48 50 52 53 0 0 54 58 63 59 62 57 0 0 0 0 29 0 24 25 28 26 31 36 0 32 39 34 0 0 35 0 0 4 0 0 0 0 0 44 45 40 0 41 0 0 0 
0 0 6 0 7 5 1 0 10 12 0 0 0 14 0 15 43 0 0 44 45 0 41 0 50 55 51 54 49 0 48 52 22 21 0 0 0 20 18 23 0 25 24 31 26 0 30 0 0 57 60 0 56 0 61 62 36 0 32 0 0 34 0 38 
24 27 30 28 0 0 25 26 34 36 0 37 35 38 32 39 0 64 0 0 5 7 1 0 10 15 11 14 9 0 0 12 46 45 43 40 41 44 0 0 0 0 48 55 0 53 54 0 19 0 0 18 16 23 21 22 60 61 56 0 0 0 0 62 
40 43 46 44 47 0 41 42 50 0 49 53 0 54 0 55 19 16 18 20 21 0 17 0 26 31 0 0 0 29 24 0 62 61 59 56 57 60 58 63 4 1 0 7 2 0 6 3 0 33 36 34 32 39 0 0 12 0 0 15 0 10 0 14 
0 35 38 36 39 37 0 34 42 44 41 45 0 0 40 47 11 8 0 12 0 0 9 14 18 0 0 0 0 21 16 20 54 53 51 48 49 0 0 0 60 57 0 0 58 61 0 59 27 25 28 0 24 31 29 30 0 5 64 0 1 0 3 6 
26 29 32 30 33 0 27 0 36 0 35 0 37 0 34 41 5 2 4 6 7 9 0 0 12 17 0 16 0 15 10 0 48 0 45 0 43 46 44 49 54 51 50 57 52 0 0 53 0 19 22 20 0 0 0 0 62 0 58 1 0 0 61 0 
0 13 16 14 17 0 11 0 0 0 19 23 0 24 18 25 0 50 52 0 0 0 51 56 0 0 61 64 59 0 58 62 32 31 29 26 27 30 28 33 38 35 0 41 0 39 40 37 5 3 6 4 2 0 7 8 46 47 0 49 43 44 0 0 
2 5 8 6 9 7 3 0 12 14 0 0 0 16 0 0 0 42 44 0 0 0 43 0 0 57 53 56 51 0 0 54 24 0 0 18 0 0 0 0 30 0 0 0 28 31 32 29 0 0 0 0 58 1 63 64 38 39 0 41 35 0 37 40 
0 0 40 38 0 39 35 0 0 0 0 0 45 48 0 49 13 0 12 14 15 17 0 16 0 25 21 24 19 23 18 22 0 55 53 50 0 0 52 57 62 0 58 1 60 0 64 0 0 0 30 0 26 0 0 0 6 7 2 0 0 0 5 8 
50 53 0 54 0 55 0 52 60 62 0 63 61 64 58 1 0 0 28 30 0 33 27 32 0 41 37 40 35 39 34 38 0 0 5 0 3 0 4 9 14 0 10 0 12 0 16 13 45 43 46 44 42 0 47 0 0 23 0 0 0 20 0 0 
42 0 48 46 0 47 43 44 52 54 0 0 0 56 0 0 21 18 0 22 23 25 0 24 28 0 0 32 27 31 0 30 0 63 0 58 59 62 60 1 6 3 0 0 0 7 8 5 0 0 0 0 0 41 0 40 14 15 0 0 0 12 0 0 
0 0 0 22 25 0 0 0 28 30 0 31 29 32 0 33 61 0 60 0 63 1 59 0 0 9 5 0 3 0 2 6 0 39 37 0 35 38 36 0 46 43 42 0 0 47 0 45 0 11 14 0 0 0 15 0 54 55 50 57 51 0 53 56 
0 61 64 62 0 0 0 60 0 6 3 0 5 8 2 9 37 0 36 38 39 0 35 40 44 49 0 0 0 47 42 46 16 0 0 0 11 0 12 17 22 19 0 0 0 23 24 21 0 51 0 52 50 0 55 0 30 31 26 33 27 28 29 0 
3 6 9 7 0 0 4 5 0 15 12 16 0 0 11 0 46 43 45 0 0 0 0 0 53 58 54 57 52 0 0 55 25 24 22 19 0 0 0 26 31 28 0 0 29 32 0 30 0 60 63 0 59 2 0 1 39 0 0 42 0 0 0 0 
0 0 0 0 26 24 0 21 29 0 28 0 30 0 0 34 0 59 61 63 64 0 0 1 0 0 0 9 4 8 0 0 0 40 38 35 36 0 37 0 47 44 0 50 45 48 49 46 14 0 0 0 11 0 0 17 0 56 0 58 0 53 0 57 
0 0 49 0 50 0 0 45 53 55 0 56 0 0 0 0 0 19 0 23 0 26 20 0 29 34 30 33 0 32 27 0 1 0 62 0 60 63 61 0 7 0 0 0 0 0 0 6 38 36 39 37 0 42 40 0 15 0 0 18 12 0 14 17 
0 62 1 63 0 0 60 61 5 7 4 0 6 9 0 0 0 35 37 0 0 0 36 0 0 50 0 49 0 48 43 0 17 16 0 0 12 0 0 0 0 0 19 0 0 24 25 22 54 52 0 0 51 58 56 0 0 32 27 0 28 0 30 33 
11 0 0 0 18 16 12 13 21 0 0 24 0 25 19 26 0 0 0 55 0 58 52 57 61 2 62 1 60 64 0 0 33 32 30 27 28 0 29 0 39 36 0 42 37 0 0 0 0 4 7 0 0 0 8 0 47 0 0 0 44 45 46 49 
51 54 57 55 58 56 52 0 0 0 0 64 62 1 0 2 0 27 0 31 32 34 28 0 37 42 0 0 36 40 0 39 0 0 6 3 4 0 0 0 0 0 0 18 0 0 0 14 46 44 47 0 43 50 0 49 23 0 19 26 20 0 0 25 
0 0 33 31 34 32 0 0 37 39 0 0 38 0 0 0 6 3 5 0 8 10 4 9 13 18 0 17 0 16 11 15 49 0 46 0 44 0 0 0 55 0 51 58 53 56 57 0 0 20 23 21 19 0 24 0 63 64 0 2 60 0 62 0 
35 38 41 0 42 40 36 37 45 47 0 0 46 0 43 50 0 0 0 15 16 18 0 17 21 26 22 0 0 24 0 23 0 0 0 0 52 55 0 0 0 0 0 2 61 64 0 62 0 28 0 0 27 34 32 33 7 8 3 10 0 5 6 9 
37 40 0 41 0 42 0 39 0 49 0 50 48 51 0 0 0 0 0 0 18 20 14 19 23 28 24 27 0 26 21 0 59 0 0 53 0 57 55 60 1 0 61 0 63 2 0 64 32 30 0 0 29 36 34 0 9 10 0 12 6 0 0 11 
0 0 0 1 4 2 0 63 7 9 6 10 8 11 5 12 0 0 39 0 42 44 38 43 47 0 48 0 0 50 0 49 19 0 16 13 0 17 15 20 25 22 0 28 0 0 27 0 56 54 57 55 0 60 58 59 0 34 29 36 30 31 0 0 
21 0 27 0 0 26 22 23 31 0 0 34 32 35 29 36 0 61 63 0 2 0 62 3 0 0 8 11 6 10 5 0 0 42 40 0 38 41 0 44 49 46 45 0 0 50 51 48 16 14 17 15 0 0 18 19 57 0 53 60 0 55 56 59 
45 48 0 49 52 50 0 47 55 0 54 58 56 59 53 0 24 0 23 0 26 28 0 27 31 36 0 0 30 34 29 33 3 0 0 0 62 1 63 0 0 0 5 0 0 10 0 8 40 0 41 39 0 44 42 43 17 0 13 20 0 0 0 19 
0 0 0 33 0 34 0 31 0 0 38 42 40 43 37 0 8 5 7 9 10 12 0 11 15 0 0 0 14 0 0 17 51 50 48 0 46 0 47 0 57 54 0 60 55 0 0 0 0 22 0 23 21 28 26 0 1 2 61 0 0 0 64 3 
13 16 19 17 20 18 14 15 23 0 22 26 24 27 21 28 0 53 55 0 58 0 54 0 63 0 0 3 62 2 61 1 35 34 0 29 30 33 31 36 41 38 37 0 39 42 43 0 0 0 9 0 5 12 10 11 49 0 45 0 46 47 48 51 
5 8 0 0 0 10 6 0 0 17 14 18 0 0 13 20 48 45 47 49 0 52 46 51 55 0 0 59 0 0 0 0 27 26 24 21 22 25 23 28 33 0 29 36 0 34 0 32 64 62 1 0 61 0 0 0 41 0 0 0 38 39 0 0 
0 56 0 0 60 0 0 55 0 1 62 2 0 3 61 0 32 29 0 33 34 0 30 35 39 44 40 0 0 42 0 41 11 0 0 5 0 9 7 12 17 14 0 0 0 18 19 0 0 46 0 47 45 0 0 51 25 26 21 28 0 23 24 27 
36 39 42 40 43 41 37 0 46 48 0 0 47 0 44 0 0 12 14 16 17 0 0 18 22 27 23 26 21 25 20 24 58 57 55 52 53 56 0 59 0 0 0 3 62 1 2 63 31 0 32 0 0 35 33 34 0 9 4 11 5 6 7 0 
0 0 10 8 0 0 0 6 14 0 0 17 15 0 12 0 47 44 46 0 49 0 45 0 54 0 0 58 53 57 52 56 0 25 23 20 0 0 22 27 0 0 0 35 30 0 34 31 63 0 0 62 60 3 0 2 0 41 0 0 37 38 39 42 
0 0 34 32 0 0 0 0 38 40 37 0 0 42 36 43 7 4 0 8 9 11 5 10 0 0 15 0 13 17 12 16 50 49 0 44 45 48 46 51 56 53 52 0 54 57 58 0 0 21 0 22 20 27 25 26 64 1 0 0 0 0 0 0 
60 63 0 64 0 1 61 62 0 0 5 9 7 10 4 0 0 0 0 0 41 0 0 0 0 51 0 50 0 49 44 48 0 0 15 12 0 0 14 0 24 21 0 0 22 25 0 23 0 0 56 0 0 59 57 0 32 0 0 0 0 0 0 34 
20 23 26 24 27 0 0 0 0 32 29 33 0 0 28 0 63 60 0 64 1 3 61 2 6 0 0 0 5 0 0 8 42 41 0 36 37 0 38 43 0 45 0 51 46 49 0 0 0 13 16 14 12 19 17 0 0 0 52 0 0 0 0 58 
52 0 58 56 59 57 53 0 62 0 61 0 0 2 0 3 0 28 30 0 33 35 0 0 38 43 39 42 0 0 36 0 10 9 0 0 0 0 6 11 16 0 12 0 14 17 0 0 0 45 48 46 0 51 49 0 24 0 20 27 21 22 0 0 
12 0 18 0 19 0 0 0 22 24 21 25 0 26 20 0 55 52 0 56 57 0 0 0 0 3 63 2 0 0 0 64 34 0 0 28 29 32 30 0 40 0 0 0 0 41 0 39 7 0 0 6 0 0 9 0 48 49 44 51 0 46 47 50 
44 47 0 0 0 0 45 46 0 56 0 57 55 0 0 0 23 0 22 24 25 27 21 0 30 35 31 34 0 0 28 32 0 0 63 60 0 0 0 3 0 0 4 11 6 0 0 7 39 0 40 38 0 43 41 0 16 0 0 19 0 0 0 18 
