8
0 4 5 2 0 0 0 3 13 10 0 12 14 0 11 9 38 34 0 39 33 35 36 0 63 0 0 58 57 0 0 56 0 0 44 43 46 41 42 0 53 0 49 0 50 0 52 51 16 0 19 20 22 0 18 17 0 0 29 24 26 0 0 25 
48 0 53 50 0 54 55 51 0 58 63 0 62 0 59 0 22 18 21 23 17 0 20 16 47 0 0 42 41 46 45 40 0 31 28 27 0 25 0 29 37 38 0 39 0 0 0 35 64 7 3 0 0 5 2 1 11 12 13 8 0 0 0 9 
0 0 45 42 41 0 47 0 0 0 55 52 54 0 51 49 0 0 0 15 9 11 0 0 39 0 36 34 0 0 37 32 0 0 20 0 0 17 18 21 29 30 25 0 26 24 0 0 56 63 59 60 62 0 0 57 0 0 5 0 0 6 0 1 
56 0 0 58 57 62 0 59 5 0 0 0 0 0 0 0 0 26 29 0 25 0 28 24 0 51 52 0 49 54 53 0 32 39 36 0 38 0 34 37 45 0 41 47 42 40 44 43 0 15 0 12 14 13 10 9 19 0 21 0 18 22 23 0 
0 36 37 0 0 38 39 35 0 0 0 0 0 0 43 0 6 2 5 0 1 3 0 64 0 0 28 0 25 30 29 24 8 15 0 11 0 0 0 13 21 22 17 23 18 0 20 19 0 55 0 0 0 0 50 0 59 60 0 56 0 62 63 0 
8 12 13 10 9 14 0 0 21 18 23 20 22 16 0 0 46 42 45 0 0 43 44 40 7 3 4 0 0 0 5 64 0 55 52 51 0 49 50 0 61 62 57 63 58 0 60 0 0 31 27 28 30 0 0 25 35 0 37 32 34 0 39 33 
0 0 29 26 0 0 0 27 37 0 0 0 38 32 0 0 0 58 61 0 0 59 60 56 23 19 20 0 17 0 0 0 0 7 0 3 6 1 2 5 13 0 0 15 10 0 0 11 0 0 0 0 46 0 0 41 51 52 0 48 50 54 0 49 
16 20 21 0 17 22 23 0 0 0 0 28 30 0 27 25 0 0 53 55 0 51 0 48 0 11 0 10 9 0 13 0 56 0 0 59 62 57 58 61 5 6 0 0 2 0 4 0 0 39 0 0 38 0 34 33 43 0 0 40 42 46 47 41 
51 0 56 53 52 0 58 54 64 0 2 63 1 59 62 60 25 21 0 26 20 0 23 0 0 46 47 45 0 0 48 0 27 0 0 30 33 28 29 32 0 0 0 0 0 35 39 0 3 10 0 0 9 8 5 4 0 15 16 11 13 0 18 0 
0 47 48 0 0 49 50 0 56 53 0 0 0 0 54 0 0 13 16 0 0 14 15 11 0 38 39 37 0 0 0 35 0 0 0 0 25 0 21 0 0 33 28 34 0 0 31 30 0 0 0 0 0 0 61 0 6 0 8 0 0 9 10 4 
35 0 40 37 36 0 0 38 0 45 50 0 49 0 46 44 0 0 0 10 4 6 0 0 0 30 0 29 28 33 32 27 11 18 15 0 17 0 13 16 24 0 0 0 21 0 0 22 51 58 54 55 0 56 0 0 62 0 0 59 61 1 2 60 
3 7 8 5 4 0 0 0 16 0 18 15 17 11 0 0 0 37 40 42 0 38 39 0 0 0 0 61 0 1 64 0 43 0 0 46 49 0 45 0 0 57 52 58 0 51 55 0 19 0 22 23 25 24 21 0 30 0 0 0 0 33 34 0 
19 0 0 0 0 0 26 22 0 0 0 0 33 0 0 28 57 0 0 0 0 54 55 51 18 14 15 13 0 0 16 11 0 2 63 62 1 0 0 0 8 9 4 0 0 0 7 0 0 0 0 39 0 40 0 36 46 0 48 43 0 49 0 44 
0 63 64 61 60 0 2 0 0 0 0 0 0 3 6 4 0 29 32 0 0 0 0 27 58 0 55 53 0 57 0 51 0 0 39 0 0 36 37 0 48 0 0 0 0 43 0 46 11 0 0 0 0 0 0 12 22 0 24 0 21 25 26 0 
27 0 0 29 28 33 0 30 40 0 42 39 41 0 0 36 1 61 0 0 0 62 0 0 26 22 23 21 0 25 24 19 0 0 7 6 9 0 0 0 0 17 12 18 13 0 15 14 43 0 0 47 49 48 45 0 54 0 56 0 53 0 0 0 
11 0 16 13 0 17 18 14 24 21 26 0 25 19 22 20 49 0 48 0 44 0 47 43 10 6 7 5 0 9 8 3 51 58 0 54 57 52 0 0 64 1 0 0 61 0 63 0 0 34 30 0 33 32 29 0 38 0 0 35 37 41 42 0 
23 0 28 0 24 0 30 26 0 33 38 35 37 31 34 32 61 0 0 62 0 58 59 55 0 18 19 0 16 21 0 0 0 6 0 0 5 0 0 4 12 13 0 14 9 0 11 0 39 46 42 43 45 0 41 40 50 51 0 47 0 53 0 0 
31 35 36 33 32 37 38 0 0 41 46 0 0 39 42 0 5 1 0 0 0 2 0 63 30 26 27 0 0 29 28 23 7 14 11 10 13 8 9 0 20 21 0 0 17 15 19 18 47 54 50 51 53 0 49 0 0 59 0 0 57 61 0 56 
7 0 0 9 8 13 14 0 20 0 22 19 21 15 18 16 45 41 44 46 40 42 43 39 0 2 3 0 0 0 4 63 0 54 51 50 53 48 0 0 60 61 0 62 57 55 59 58 23 30 26 27 0 28 25 24 34 35 36 31 0 37 0 0 
63 0 4 1 0 0 6 2 12 9 0 11 13 7 10 8 37 33 0 0 32 0 35 31 62 0 0 0 0 0 60 55 0 46 0 0 0 0 41 0 52 53 48 54 0 0 51 0 15 22 18 19 0 20 17 16 26 27 28 23 25 0 0 24 
0 0 0 17 16 0 22 0 28 25 0 27 0 23 26 24 0 0 52 54 0 50 0 0 14 0 11 9 8 13 0 7 55 62 59 0 0 0 0 60 4 5 64 6 1 0 3 2 0 0 34 0 37 36 0 0 42 43 44 0 0 45 0 0 
47 0 52 49 0 53 0 50 0 0 0 0 61 0 0 56 21 0 20 22 0 0 0 0 0 0 43 41 40 45 0 0 0 30 27 0 0 0 0 28 0 0 32 0 33 31 35 34 0 6 2 3 0 4 1 64 10 11 0 7 9 13 14 0 
55 59 0 57 56 0 62 0 0 0 6 0 5 0 0 64 29 25 28 0 0 26 0 0 54 0 51 49 48 53 0 0 31 38 35 34 37 32 0 0 44 45 40 0 0 0 43 42 7 14 10 11 0 12 0 0 0 19 0 0 0 0 22 0 
39 43 44 0 0 45 46 42 0 0 54 0 53 0 0 48 0 0 12 0 8 10 11 0 38 0 0 33 32 0 0 31 15 22 0 0 21 0 17 20 28 29 24 30 0 0 0 26 55 62 0 59 61 60 57 56 0 3 0 63 1 5 0 64 
33 0 0 35 34 39 0 36 46 43 48 0 0 41 0 42 7 3 0 0 2 4 0 0 32 28 29 0 0 31 0 25 9 16 13 0 15 10 11 14 22 23 18 0 19 17 0 20 49 56 52 0 55 54 51 0 0 0 62 0 0 0 0 58 
0 53 54 51 50 55 56 52 0 0 0 61 0 57 60 58 23 0 22 24 18 20 0 17 48 44 45 43 42 0 0 0 0 32 0 28 0 26 0 30 38 0 34 0 35 33 37 36 1 8 4 0 7 6 0 0 12 0 14 0 0 0 0 10 
57 61 62 0 58 63 0 0 0 0 0 5 0 1 0 0 31 0 0 32 0 28 29 25 56 52 53 51 50 0 0 49 0 0 37 0 39 34 0 38 46 0 42 0 0 0 0 0 9 16 12 13 15 14 0 10 0 21 0 17 19 23 24 18 
0 29 0 27 26 0 32 28 38 0 0 0 39 0 36 0 0 59 62 64 58 60 61 0 24 0 21 0 18 23 22 0 0 0 5 4 0 2 3 0 14 0 10 0 11 9 13 0 0 48 44 0 47 0 43 42 52 53 54 49 0 55 0 50 
0 0 0 19 0 23 24 0 30 27 0 0 31 0 28 0 55 51 54 0 50 52 53 49 0 12 0 11 10 0 0 9 57 64 61 60 63 58 0 62 6 7 0 8 3 1 0 0 33 0 36 0 39 38 35 0 44 45 0 41 43 47 0 0 
0 0 6 0 0 0 0 0 0 0 16 0 15 9 0 10 39 35 38 40 34 36 0 33 0 60 0 59 58 63 62 0 41 0 45 44 47 42 43 46 54 0 0 0 51 0 0 52 17 0 0 21 23 22 19 0 0 29 0 25 0 31 0 0 
41 0 0 0 0 0 48 44 54 0 0 0 0 49 52 50 15 0 14 16 10 0 0 9 40 0 0 0 34 39 0 0 17 0 0 20 0 18 0 22 0 31 26 0 27 25 29 0 57 64 60 61 0 62 59 58 0 5 6 0 3 7 0 2 
0 0 0 0 10 15 0 12 22 19 0 21 0 17 0 18 47 43 46 48 42 44 45 41 8 4 5 3 2 7 0 1 0 56 0 52 0 0 51 54 62 0 0 64 59 0 0 0 0 0 28 29 0 0 0 26 36 37 0 33 35 39 40 0 
36 0 41 0 37 0 43 39 49 46 51 48 0 0 47 45 10 6 0 11 5 7 8 4 0 0 32 30 29 34 33 28 0 19 0 15 18 13 14 17 0 26 0 27 22 20 24 23 52 59 0 56 58 0 54 53 0 0 0 60 0 2 3 61 
0 0 57 54 53 58 0 0 1 62 0 0 0 0 63 61 26 0 0 0 21 0 0 20 0 0 48 46 0 0 49 44 28 0 32 31 34 29 30 33 0 42 37 43 38 0 40 39 4 11 0 8 0 9 6 5 15 16 17 0 0 0 19 13 
0 0 0 46 45 50 51 47 0 0 59 0 58 52 55 0 18 14 0 19 0 15 0 0 0 0 0 38 37 0 0 36 0 0 24 23 0 21 0 25 33 0 29 35 30 28 0 31 60 0 63 0 2 0 0 0 7 0 0 4 6 0 11 5 
0 0 0 0 29 34 35 0 41 38 43 40 42 0 39 37 2 62 1 0 61 0 64 60 27 0 0 0 21 26 0 20 4 0 8 7 10 0 6 0 17 18 13 0 14 12 16 15 0 0 47 0 50 49 46 0 0 56 57 52 54 58 0 53 
20 0 0 0 21 26 27 0 0 30 0 32 34 0 0 0 58 54 57 59 0 0 56 0 19 0 16 14 13 18 17 12 0 0 64 63 2 0 62 1 9 10 5 0 0 0 0 7 0 43 39 40 42 41 0 0 0 48 49 44 0 0 0 0 
60 0 1 0 61 2 0 0 9 6 11 8 10 4 7 0 34 0 33 35 29 31 32 28 59 55 56 54 53 0 57 0 36 43 40 0 42 37 38 41 49 50 0 0 0 44 0 0 12 0 15 16 0 17 14 0 23 0 25 20 22 0 27 21 
12 16 17 14 0 0 19 15 25 0 27 24 26 20 23 0 0 0 49 51 45 47 0 0 11 0 8 0 0 10 9 4 52 59 56 0 58 53 0 0 0 2 0 0 0 0 64 63 28 0 31 32 34 33 30 29 0 0 0 36 0 0 0 37 
0 0 9 6 5 0 0 7 17 0 19 0 18 12 0 13 42 38 0 43 0 0 40 36 0 0 0 62 61 0 1 60 44 0 48 47 0 45 0 49 0 0 53 59 0 0 0 55 20 27 23 24 0 25 0 0 0 32 33 0 0 34 0 0 
0 30 0 0 27 32 33 29 39 0 41 0 0 0 0 35 64 60 63 1 59 61 62 0 0 21 22 20 0 24 0 18 0 0 0 5 8 3 4 0 15 0 0 0 12 0 14 13 42 0 45 46 48 0 44 43 0 0 0 50 0 0 0 0 
0 0 55 0 51 0 57 53 63 60 1 62 64 0 61 59 24 20 0 0 0 21 0 0 49 0 0 44 43 48 47 0 26 33 30 29 32 0 0 0 39 40 35 41 36 34 0 37 2 0 5 0 0 0 0 0 0 14 15 10 0 0 17 11 
0 0 47 0 0 48 49 45 0 52 57 0 0 0 0 51 0 12 15 17 0 0 0 10 0 37 38 36 0 40 39 34 18 25 22 21 0 0 0 23 31 0 27 0 28 26 30 0 0 1 0 0 64 63 60 59 5 6 0 0 4 0 0 3 
10 0 15 12 11 16 0 0 0 20 25 22 0 0 21 19 0 44 47 0 43 0 0 42 9 5 0 4 0 8 7 2 0 57 0 0 0 51 0 0 63 0 59 0 0 58 62 61 0 0 0 0 32 31 28 27 37 0 39 34 0 40 0 35 
2 0 0 0 0 8 9 5 0 0 17 14 16 10 0 11 40 36 39 0 0 37 0 0 0 0 0 60 59 64 63 58 42 49 0 45 48 0 0 47 0 0 0 0 52 50 54 53 0 25 21 22 0 0 0 0 29 30 31 26 0 0 33 27 
58 62 63 60 59 0 1 61 7 4 9 6 8 0 5 0 32 0 0 33 27 29 30 26 57 53 54 52 0 0 0 50 0 41 38 0 0 35 36 39 47 48 43 49 0 0 46 0 10 17 0 0 0 15 12 0 0 0 0 0 20 0 0 0 
34 38 39 0 35 0 0 0 0 0 0 46 0 42 45 43 0 4 7 0 3 0 6 0 33 29 0 28 27 0 0 0 10 0 14 0 16 11 12 0 23 0 0 25 20 0 22 0 50 0 0 0 56 55 0 51 61 62 0 0 60 64 1 59 
18 0 0 0 0 0 25 0 31 28 0 30 0 26 29 27 56 52 0 0 51 53 0 0 17 0 14 12 0 0 15 10 0 1 0 0 64 0 60 0 0 8 3 0 0 0 6 5 34 41 37 38 0 0 0 0 0 46 47 0 44 48 49 0 
0 18 19 0 15 20 21 0 27 0 29 0 0 0 0 23 0 48 51 53 0 0 50 46 13 0 10 8 7 0 11 6 54 61 58 57 60 55 56 59 3 4 63 0 64 62 2 0 0 0 33 34 0 35 32 31 41 42 0 0 40 44 45 0 
46 50 51 48 47 52 53 0 0 0 61 58 0 54 57 0 20 16 19 21 0 0 18 0 0 41 0 0 0 44 43 38 22 29 0 0 28 0 24 27 35 0 31 37 32 0 34 33 0 5 0 0 0 3 64 63 0 10 0 6 0 12 13 7 
0 0 35 0 0 0 37 33 0 40 0 42 44 0 41 39 0 64 3 5 0 1 0 62 29 0 0 24 0 28 0 22 0 0 10 9 0 7 0 0 0 0 15 21 0 14 0 0 46 53 49 0 52 51 48 47 0 0 0 0 56 0 61 55 
54 58 0 56 55 0 61 57 3 64 5 2 4 62 1 0 28 0 0 29 0 25 26 22 53 49 50 0 47 0 51 46 30 37 34 0 0 0 32 35 43 0 0 45 40 0 42 0 6 0 9 10 0 11 8 7 17 18 19 0 16 20 0 15 
6 10 11 8 7 12 13 9 0 0 21 18 20 0 17 0 0 0 0 0 39 41 42 0 0 1 2 64 63 4 3 62 46 0 50 49 0 47 48 0 0 0 0 0 0 54 58 0 0 29 25 26 28 27 0 23 33 34 0 30 32 36 0 31 
0 0 27 24 0 28 0 25 35 32 0 34 36 30 33 31 0 56 59 61 55 0 58 0 21 17 0 16 15 20 19 14 62 0 2 0 4 0 64 3 0 12 7 13 8 0 10 0 38 45 0 0 0 0 40 39 49 0 0 0 48 0 0 47 
38 42 43 0 39 44 45 41 51 0 0 0 52 46 49 47 12 8 11 13 7 0 10 6 37 33 34 32 0 36 0 0 14 0 18 17 20 0 0 19 0 28 0 0 24 22 0 0 54 61 0 58 0 0 0 55 1 2 3 62 64 0 0 63 
62 0 0 64 63 0 0 1 11 8 13 10 12 6 0 0 0 32 35 0 31 33 0 30 0 0 58 0 55 0 59 0 38 0 42 0 44 39 40 43 0 52 47 53 48 0 50 0 0 21 17 18 0 19 16 15 0 26 27 0 0 0 0 23 
53 0 58 55 0 0 60 0 0 63 4 0 3 61 64 62 27 23 26 0 22 24 25 21 0 48 49 0 46 51 50 0 29 36 33 32 35 0 0 0 0 43 38 0 0 0 41 0 5 12 0 9 11 10 7 6 0 17 18 0 15 19 0 0 
0 41 0 39 0 0 0 40 0 47 0 49 51 45 48 46 11 7 0 12 0 8 9 5 36 32 33 31 0 0 0 29 13 0 0 0 0 14 15 18 0 27 22 28 0 21 0 24 53 60 56 57 59 58 55 0 0 1 2 0 63 0 4 0 
13 0 18 0 0 19 0 16 0 0 28 25 0 0 0 22 51 47 50 52 46 48 49 0 12 8 9 7 0 0 10 5 0 0 0 0 0 0 55 58 0 0 62 4 0 61 1 64 0 36 0 0 0 34 0 0 0 0 0 37 39 0 44 38 
5 0 10 0 6 0 0 0 18 0 0 17 0 13 16 14 0 39 0 0 38 40 41 0 4 64 1 0 0 0 0 61 45 52 0 48 51 0 47 50 58 0 0 0 0 53 57 56 21 28 0 0 0 26 0 0 32 0 34 29 0 0 36 30 
29 33 0 31 30 0 0 32 42 0 0 41 43 0 0 0 3 63 2 0 62 0 0 0 0 24 0 23 0 27 26 0 5 12 9 8 11 0 7 10 0 19 14 0 15 13 17 16 0 52 48 0 0 0 0 0 0 0 58 53 55 0 60 54 
45 49 50 0 46 0 52 48 0 55 0 0 59 53 0 54 0 15 18 20 0 0 0 13 44 40 41 0 38 43 42 37 0 0 0 0 0 0 23 0 0 35 30 0 0 0 33 32 0 4 0 1 3 0 63 62 8 9 10 5 7 0 12 6 
61 1 2 0 62 3 4 64 0 7 12 9 11 5 0 0 35 0 0 36 30 0 0 0 0 56 0 55 0 59 58 53 37 0 0 40 0 38 39 42 0 0 46 52 47 0 0 0 13 0 16 0 19 18 0 14 24 0 0 21 0 27 0 22 
21 0 26 23 0 27 28 24 0 0 36 0 35 0 0 30 0 55 0 60 54 56 57 53 20 16 17 15 14 0 18 13 0 4 0 64 3 0 63 2 0 11 6 0 7 0 0 8 37 44 40 0 0 42 0 0 0 49 0 0 0 0 0 46 
