8
0 15 16 0 0 12 0 0 62 0 3 64 0 0 61 2 0 57 56 0 0 58 0 0 0 0 47 0 46 48 49 0 10 0 0 6 5 0 4 0 0 43 38 0 0 40 0 0 30 31 0 33 0 0 34 0 0 0 22 0 25 23 0 26 
37 0 40 0 42 0 41 0 0 20 27 24 0 0 0 0 0 17 16 14 0 0 19 13 0 10 7 4 6 8 0 11 0 35 0 0 29 31 0 0 0 3 0 2 61 64 1 63 54 0 0 0 59 0 58 56 0 44 46 51 0 0 45 0 
0 0 0 27 0 20 25 0 6 0 11 0 0 0 5 10 0 1 64 62 63 0 3 0 0 58 0 0 54 0 0 59 0 0 0 14 0 0 12 0 44 51 0 50 0 0 0 47 38 39 37 41 43 36 42 0 32 0 30 35 0 0 29 34 
5 0 8 0 0 4 0 6 54 52 0 56 57 55 53 0 44 0 0 46 47 50 0 0 0 0 0 36 38 40 41 0 2 3 64 0 61 0 0 1 28 0 0 34 29 32 0 0 0 0 0 0 27 0 26 0 16 12 14 0 17 15 13 18 
0 63 64 0 0 60 1 62 0 0 0 0 0 47 0 0 0 0 0 0 39 42 0 0 29 34 0 0 0 32 33 0 58 59 0 54 53 55 52 57 20 0 0 0 21 0 25 23 0 0 0 0 19 12 18 16 0 4 0 0 0 0 5 0 
45 0 48 51 0 44 0 0 30 0 0 0 33 31 29 34 0 0 0 22 23 0 27 21 13 0 15 12 14 0 17 19 42 0 0 38 0 0 36 41 0 11 0 10 5 8 9 0 62 0 61 1 0 60 0 0 56 52 0 59 57 55 53 58 
53 55 0 59 58 52 57 54 0 0 43 0 41 0 37 0 28 0 32 0 0 34 0 29 0 0 0 20 22 0 25 27 50 0 48 0 45 0 44 49 12 0 0 18 0 16 17 15 0 7 5 9 11 4 0 0 0 60 62 3 0 63 0 0 
29 0 0 0 0 0 33 30 0 12 0 16 17 0 13 18 0 9 8 0 0 10 11 0 0 0 63 60 0 64 1 3 0 27 0 0 21 0 20 25 0 59 0 58 0 56 0 55 46 0 45 49 51 44 0 48 40 36 38 0 41 39 0 0 
40 0 0 0 45 39 0 41 0 23 0 0 28 0 0 29 15 20 19 0 0 0 22 16 8 0 10 7 0 11 0 14 37 0 0 33 32 0 31 36 0 6 1 5 64 3 0 2 57 0 56 60 62 55 0 0 0 0 49 54 52 50 48 0 
48 50 51 54 0 0 52 49 33 0 0 35 36 34 32 0 23 28 27 0 0 0 30 24 0 0 18 15 0 19 0 22 45 0 0 41 0 42 0 0 0 14 9 0 8 0 12 10 0 2 0 4 6 0 0 3 0 0 57 0 0 0 0 0 
0 26 0 30 0 23 28 0 9 7 0 0 0 0 0 13 0 4 0 0 0 5 0 64 56 61 0 55 57 59 60 62 21 0 19 17 0 0 15 0 47 0 0 53 0 51 0 0 0 42 40 0 46 39 45 0 35 31 0 38 36 34 0 0 
56 58 59 0 61 55 0 0 0 0 0 43 0 42 40 45 31 36 35 33 34 37 0 32 0 0 26 23 0 0 28 0 53 0 51 49 48 50 0 52 0 22 17 21 16 0 20 18 9 10 8 0 0 7 0 0 0 63 0 6 4 0 0 0 
0 0 0 6 5 63 0 1 49 47 54 0 0 50 0 53 39 0 0 41 42 45 46 40 0 37 0 31 33 35 36 0 0 62 0 0 0 58 55 60 23 30 0 0 0 0 28 26 0 18 16 20 0 15 0 0 0 0 0 0 12 0 8 13 
32 34 35 0 37 31 0 33 17 15 0 19 0 18 16 21 7 0 11 9 10 13 0 0 64 0 0 0 1 0 4 6 29 0 27 25 0 0 23 0 55 0 0 61 56 0 60 0 0 0 48 52 54 47 53 51 43 39 41 46 44 42 0 0 
16 18 0 22 21 15 0 17 1 63 6 0 4 2 0 5 0 60 59 57 0 0 62 56 0 0 0 47 49 51 0 0 0 0 0 9 8 10 0 0 0 46 41 45 0 43 44 42 33 34 0 36 38 0 0 35 27 0 0 30 0 0 0 0 
0 10 11 14 13 7 12 0 57 0 0 0 0 0 56 0 0 52 51 49 50 53 0 0 40 45 42 0 0 43 44 0 5 0 0 1 0 0 63 4 31 0 33 37 32 35 36 0 25 26 0 28 30 23 29 27 0 0 17 22 20 18 16 21 
0 5 6 0 8 2 7 0 0 50 57 54 0 53 51 56 0 47 0 44 0 0 0 43 0 0 0 34 36 38 39 41 64 1 0 60 59 0 58 0 26 33 28 0 27 30 31 29 20 21 19 0 0 18 24 22 0 10 12 17 15 13 0 16 
0 45 46 49 48 0 0 44 0 0 0 0 0 29 27 32 18 0 0 20 21 24 25 0 0 16 13 10 12 0 15 17 40 0 38 36 0 37 34 39 0 9 4 8 0 0 7 0 60 61 0 63 1 0 0 0 0 50 0 0 0 53 51 56 
0 29 30 0 32 0 0 28 12 10 17 14 15 13 11 0 2 7 0 4 0 0 0 3 59 64 61 0 60 62 0 0 0 25 22 0 0 0 18 23 50 57 0 56 51 0 55 53 0 45 43 47 49 0 48 46 38 0 0 0 39 0 35 0 
51 53 0 57 56 50 0 52 36 34 0 0 39 0 0 40 26 31 30 0 29 32 0 27 0 0 21 18 20 0 0 0 48 49 0 0 43 0 0 47 10 17 12 0 11 0 15 13 0 5 3 0 9 2 8 6 0 58 60 1 0 61 0 0 
0 21 22 25 24 18 0 20 0 0 9 6 7 5 3 8 0 63 0 60 61 0 0 0 51 56 53 50 52 54 55 57 16 17 14 12 11 13 10 15 42 49 44 0 0 0 47 45 36 0 35 39 41 34 40 38 30 26 28 33 31 29 27 32 
0 0 0 41 40 0 39 36 20 0 25 0 0 21 0 24 10 0 0 12 0 0 17 11 0 8 5 0 4 0 7 9 32 33 0 0 0 0 0 31 58 1 0 64 0 62 63 0 52 0 0 0 0 50 56 0 46 42 0 49 47 45 0 0 
59 61 62 1 64 58 0 60 44 42 49 0 47 45 43 48 34 0 0 36 37 40 0 35 27 32 0 0 28 30 31 33 56 0 0 0 51 0 0 0 18 25 20 0 19 22 23 0 12 0 0 0 17 0 0 0 0 2 4 9 7 5 3 8 
11 0 14 17 16 10 15 0 60 0 1 0 63 61 59 0 0 0 0 0 0 56 57 0 43 48 45 42 0 46 47 49 8 0 6 0 3 5 2 7 34 0 0 0 0 38 39 37 0 29 0 0 33 26 32 30 22 0 20 25 23 21 19 24 
60 62 63 2 1 0 64 61 45 43 0 47 0 0 0 0 35 0 0 0 0 0 42 0 28 33 30 0 29 0 32 34 0 0 0 0 52 54 0 56 0 26 0 0 0 23 24 22 13 14 12 16 18 0 0 0 0 3 5 10 8 6 0 0 
12 0 15 18 0 0 0 13 61 0 2 0 0 62 0 1 0 56 0 53 54 57 58 0 44 0 0 43 45 47 0 0 0 0 7 0 4 6 0 8 0 0 37 41 36 39 40 0 0 30 0 32 0 27 0 31 0 0 21 0 24 22 0 25 
0 0 0 0 9 0 0 5 0 0 58 0 56 54 52 0 43 48 47 45 46 49 50 44 0 41 0 35 0 39 0 0 0 2 0 61 60 62 59 64 0 34 29 0 0 31 32 30 21 22 20 0 26 19 25 0 0 11 13 18 16 0 12 17 
52 54 55 0 0 0 0 53 37 35 0 39 40 0 0 41 27 32 0 29 30 33 0 28 20 25 22 0 0 23 0 0 49 50 0 45 0 46 0 48 0 18 0 0 0 15 0 0 0 6 0 8 0 3 0 7 0 59 0 2 64 62 60 0 
36 38 39 42 41 35 40 0 21 19 0 0 0 0 0 25 11 16 0 0 0 0 18 12 4 9 6 3 0 7 8 10 0 0 31 0 28 30 27 32 0 0 61 1 60 0 0 0 0 0 52 56 58 51 57 0 47 0 0 0 0 0 0 0 
44 0 0 50 49 0 0 45 29 27 34 0 32 0 0 33 19 24 0 21 0 25 26 0 0 17 0 0 0 15 16 18 0 42 0 37 36 0 0 40 0 10 5 9 0 7 0 6 61 0 60 64 2 0 0 63 55 51 0 58 56 54 52 57 
0 22 0 0 0 0 0 0 5 3 10 7 8 0 0 9 59 0 63 61 0 1 0 60 0 57 54 0 53 55 56 58 0 18 15 0 0 0 11 0 43 0 45 49 44 0 48 46 37 0 0 0 0 35 41 39 31 0 0 34 32 30 0 0 
0 0 31 0 33 27 0 0 13 11 18 15 0 14 0 17 0 0 7 0 6 0 10 0 60 0 0 59 61 63 0 2 0 26 23 0 20 22 0 24 0 0 53 57 0 0 56 0 0 0 0 48 0 0 0 47 0 35 37 0 40 0 0 0 
62 64 1 0 0 61 2 63 47 45 52 49 0 0 46 51 37 42 0 39 40 0 44 38 30 0 32 0 31 33 34 0 59 0 0 55 0 0 0 0 21 28 23 27 22 0 26 24 15 16 0 0 20 13 19 0 9 0 7 12 0 0 0 11 
38 0 41 0 0 0 42 39 23 21 0 0 26 0 22 0 13 18 0 0 0 0 0 0 0 11 8 0 0 0 0 0 35 0 33 31 30 0 29 34 0 4 0 3 0 1 0 64 55 56 54 58 0 0 59 0 0 45 47 52 50 0 46 51 
22 0 25 28 0 0 0 0 0 5 0 0 10 0 0 11 61 2 1 0 64 3 4 62 54 59 0 53 55 57 58 60 19 20 17 15 0 16 0 18 45 0 47 0 0 49 50 48 39 0 38 42 44 37 43 0 33 29 31 36 0 32 30 0 
0 32 33 0 35 29 34 0 15 0 0 17 18 16 14 0 0 0 9 0 0 0 0 6 62 3 64 0 63 1 0 0 27 28 0 23 0 24 21 0 0 0 55 0 54 0 0 0 0 0 46 50 52 0 0 0 41 37 0 0 42 40 38 0 
6 0 0 0 11 5 10 7 55 53 60 57 58 56 54 0 45 50 49 47 48 0 0 46 0 43 0 37 0 41 42 44 0 4 0 0 0 0 61 2 0 36 31 35 30 33 34 32 0 24 22 0 28 21 27 0 17 0 15 0 18 0 0 0 
0 0 49 52 0 0 50 47 0 29 0 33 34 32 30 35 0 26 0 0 24 27 0 0 14 0 16 0 0 17 0 20 43 44 41 0 38 0 0 42 0 12 7 0 6 0 0 0 63 64 0 2 0 0 0 1 57 53 0 0 0 56 54 0 
14 16 0 0 19 0 0 0 63 0 4 0 0 0 0 0 0 58 57 55 56 59 60 0 0 51 48 0 47 49 50 0 11 12 9 7 0 0 0 0 37 44 39 43 38 41 0 40 0 32 30 0 0 29 35 0 25 0 0 0 26 0 0 27 
54 56 0 60 59 0 58 55 0 0 0 41 42 40 38 43 0 34 0 31 32 0 36 0 0 0 24 21 23 25 0 28 0 0 0 47 0 48 0 50 13 20 15 0 0 0 18 16 0 8 6 10 12 5 0 9 1 0 63 0 0 64 0 0 
0 44 0 48 47 0 46 43 27 0 32 0 0 28 0 31 0 0 21 0 20 23 24 0 10 15 0 9 11 0 14 0 0 40 37 35 34 36 33 38 1 0 3 0 2 5 6 4 59 60 0 0 0 0 63 61 0 0 0 0 0 0 0 55 
0 4 5 8 0 1 6 3 0 0 56 0 54 52 50 0 0 46 45 0 44 47 48 42 34 39 0 33 35 0 0 40 0 64 0 0 58 60 57 62 25 0 27 31 26 29 0 0 0 0 18 0 0 17 0 0 0 9 11 16 14 12 0 0 
0 0 0 24 23 17 22 19 3 1 8 0 0 4 2 0 57 62 0 59 60 0 64 58 0 0 52 0 0 53 0 0 15 16 13 11 0 0 0 14 41 48 43 0 42 45 0 0 35 36 34 38 40 33 0 0 0 0 27 0 30 28 0 0 
0 0 37 40 0 33 38 0 19 17 0 21 22 20 0 23 9 0 13 0 0 0 16 10 0 7 0 1 0 5 0 8 31 0 29 27 0 28 0 0 0 64 59 63 58 61 62 0 0 0 50 54 0 0 55 0 0 41 43 48 46 44 0 0 
0 60 0 64 0 0 0 59 43 0 48 45 46 44 0 47 33 38 37 35 36 39 0 34 0 31 28 0 0 0 30 0 55 0 53 51 50 52 49 54 0 0 0 0 18 21 22 0 11 12 10 0 0 9 0 13 5 1 3 8 0 0 2 7 
26 28 29 0 0 0 0 27 0 9 16 13 14 0 0 15 0 6 0 3 4 7 8 2 58 63 60 0 0 0 0 64 23 0 21 0 18 20 0 22 0 56 51 55 50 0 0 52 0 0 42 46 0 41 0 45 37 33 35 40 38 36 34 0 
50 52 53 56 0 49 0 51 0 0 40 37 0 36 34 39 0 30 29 0 28 31 0 26 0 23 0 17 19 0 22 24 0 48 45 43 0 44 41 0 9 16 11 0 10 13 14 0 0 0 2 0 0 0 0 5 61 57 59 64 0 60 0 0 
10 12 13 16 15 9 14 0 0 57 64 0 62 60 0 63 49 0 53 51 0 55 56 0 42 47 44 0 0 45 46 0 7 0 0 3 2 4 0 6 33 0 35 0 0 0 38 36 27 0 0 30 32 0 31 29 21 0 0 0 0 20 18 23 
0 11 12 15 0 8 0 0 58 0 63 0 61 0 57 62 48 53 0 0 0 0 55 0 41 46 43 0 42 44 0 0 6 7 0 2 0 3 64 5 32 0 34 0 33 36 37 0 26 0 0 0 0 0 30 28 20 0 18 0 0 0 17 0 
57 0 0 0 62 0 61 58 42 40 0 0 45 43 41 46 32 0 0 34 35 38 39 33 0 0 27 24 0 28 29 31 0 0 52 0 49 51 48 53 16 23 0 0 17 20 0 19 10 11 9 0 0 8 14 0 0 64 2 0 5 3 1 6 
41 0 44 47 46 40 45 0 0 24 31 28 0 0 25 0 0 21 20 18 0 0 0 17 0 14 11 0 10 0 13 15 0 39 36 34 0 0 0 37 64 7 2 6 0 0 5 0 58 0 57 61 0 0 0 0 0 48 50 55 0 0 49 54 
17 0 20 0 0 16 0 18 0 64 7 0 5 0 1 6 56 0 60 58 59 0 63 57 49 0 0 0 50 52 0 55 0 0 0 10 0 11 0 0 0 47 42 46 0 44 45 43 34 0 33 37 0 0 38 36 28 24 0 0 0 27 25 0 
0 0 52 0 54 0 53 50 0 32 0 36 0 35 33 38 24 0 28 0 0 30 31 0 17 0 0 0 0 0 21 0 46 0 44 0 41 43 40 45 8 15 0 14 0 12 0 0 0 0 0 5 7 64 6 4 0 56 58 63 61 59 57 62 
33 35 36 39 0 0 0 0 0 16 23 20 21 0 17 22 8 13 12 10 0 14 15 9 1 0 3 0 0 4 5 7 0 31 28 26 0 0 0 29 56 63 58 0 57 60 61 0 0 51 49 0 0 48 0 52 44 40 42 47 0 0 41 0 
0 0 28 0 30 24 29 0 10 0 0 0 13 11 9 0 64 5 0 2 3 6 0 0 57 62 0 56 58 0 0 63 22 23 20 18 0 19 16 21 48 55 0 54 49 0 0 0 42 0 0 0 47 0 0 44 0 0 0 0 37 35 33 38 
0 0 4 0 6 64 0 0 50 0 0 52 0 0 49 54 0 0 44 42 0 0 47 0 33 0 35 0 0 36 0 39 0 63 60 0 0 59 56 0 24 31 0 0 25 28 29 27 18 0 0 0 23 16 0 20 0 0 0 15 13 11 0 0 
39 41 0 45 44 38 43 40 0 22 0 26 27 25 23 28 0 19 18 16 17 20 21 15 0 12 0 0 8 0 0 0 36 37 0 0 31 33 0 0 62 5 64 4 63 2 0 0 0 57 0 0 0 54 60 58 50 0 48 0 51 0 47 0 
31 0 34 0 36 0 35 0 0 14 21 18 19 17 0 20 6 11 10 0 9 12 13 7 63 4 1 0 64 0 3 5 28 29 26 0 23 0 0 27 54 61 0 0 0 0 0 57 48 49 0 0 0 0 52 0 42 0 40 0 43 41 39 0 
7 9 10 0 12 0 0 8 0 54 61 58 0 0 0 0 0 51 50 48 49 0 0 47 0 44 0 38 40 0 0 0 4 5 2 0 63 0 62 0 0 37 32 36 0 34 35 0 0 25 0 27 29 0 28 26 18 0 16 0 0 0 15 0 
15 0 18 0 0 0 0 16 64 0 5 2 3 1 0 4 54 59 58 0 0 60 0 55 0 52 0 46 0 0 51 53 12 13 0 8 0 0 6 11 38 45 40 44 39 42 43 0 0 33 31 0 0 0 0 34 26 22 24 29 0 0 0 0 
55 57 0 61 0 0 59 0 0 38 45 42 0 41 39 44 0 35 0 32 0 0 0 31 0 0 25 0 24 26 27 0 52 53 50 48 0 0 0 0 0 0 0 0 15 18 19 0 8 0 7 0 13 0 12 10 0 62 0 5 3 0 0 4 
0 49 50 0 52 46 0 0 32 30 37 34 35 33 0 36 22 0 26 24 0 0 29 23 15 0 0 14 16 18 19 0 0 45 42 0 39 41 0 43 6 13 8 0 7 10 11 0 64 0 0 3 0 0 0 0 58 0 56 0 59 0 55 0 
0 1 2 0 0 0 0 64 48 46 53 0 51 49 47 52 38 0 42 40 0 44 0 39 31 36 0 0 32 34 0 0 60 61 58 56 0 57 0 59 22 29 0 28 0 0 27 25 0 17 15 19 0 0 20 0 10 6 8 13 0 0 7 12 
0 25 26 29 28 22 0 24 8 6 13 10 0 9 7 12 62 3 2 64 0 0 5 0 0 0 0 54 56 0 59 61 20 21 18 0 15 17 14 19 0 0 48 52 0 0 0 49 0 0 0 43 45 38 44 42 34 30 0 37 35 33 31 0 
