8
21 0 22 20 0 24 23 25 30 0 0 0 31 34 0 28 17 18 12 14 16 13 11 15 0 0 56 55 0 52 0 58 0 40 0 39 35 0 42 37 50 0 0 0 48 44 49 47 0 59 63 62 2 1 0 0 9 7 0 5 0 0 3 0 
29 0 30 28 0 32 0 33 38 37 0 0 39 0 41 36 0 0 20 22 0 21 19 23 61 62 0 0 0 0 1 2 49 48 0 47 43 0 50 0 58 0 54 0 0 52 57 0 8 0 7 0 0 9 0 0 17 0 0 13 12 14 11 16 
0 0 0 0 10 8 7 9 14 13 0 11 0 0 17 12 0 0 60 62 64 61 0 0 37 38 40 39 35 36 41 0 25 24 22 23 0 0 0 0 34 0 0 27 32 0 0 0 0 43 47 0 0 0 45 44 57 0 58 0 0 0 51 0 
0 51 54 0 58 0 55 57 0 0 64 0 0 2 1 60 49 50 44 0 0 45 43 47 21 22 24 23 19 0 25 26 9 0 6 7 0 4 10 5 0 13 14 11 16 12 17 15 32 27 31 30 0 0 29 0 41 39 0 37 36 38 0 0 
61 0 62 0 0 0 63 1 0 0 8 0 7 10 0 4 0 58 52 0 0 53 0 0 29 0 32 31 0 0 33 34 0 0 14 0 11 12 18 0 26 21 22 19 24 0 25 0 40 0 0 0 0 41 37 36 0 47 0 0 44 46 43 0 
0 43 46 44 50 48 47 0 54 53 56 51 0 58 57 52 41 0 36 38 0 0 35 39 13 14 16 15 0 12 17 0 0 0 62 0 59 60 0 0 10 5 0 3 8 4 0 0 0 19 23 22 0 25 21 20 33 0 34 29 28 30 27 0 
37 35 38 0 0 0 39 41 46 0 48 43 47 0 0 0 33 0 28 30 32 29 0 0 5 0 8 7 0 0 0 0 57 0 0 55 51 52 58 53 2 61 62 59 64 60 1 63 16 0 0 14 0 0 0 12 25 23 26 0 20 22 19 24 
13 11 14 12 0 16 15 17 22 21 24 0 23 26 25 0 9 10 0 6 0 5 3 7 0 46 48 47 43 0 49 0 33 32 30 0 0 0 0 0 0 37 0 35 40 0 41 39 56 51 55 54 0 0 0 52 1 63 0 0 60 0 59 64 
0 22 25 0 29 27 26 0 0 32 35 30 0 0 36 0 0 0 0 17 19 16 14 0 56 0 0 0 0 55 60 0 44 43 41 42 38 39 45 40 0 48 49 0 0 47 52 50 3 62 2 1 0 4 64 63 0 10 0 8 7 0 0 11 
48 46 0 47 0 0 50 52 57 56 59 0 0 61 60 0 44 45 0 41 0 0 38 42 0 17 19 18 14 0 0 21 0 3 1 2 0 63 5 0 0 8 9 0 0 0 12 10 27 22 0 0 29 28 24 23 0 34 0 0 31 33 30 35 
0 14 0 0 21 19 0 0 25 24 27 0 26 0 0 0 12 13 7 9 0 0 0 0 48 0 51 0 46 47 52 53 36 35 33 34 30 31 0 32 45 40 0 0 43 39 44 0 59 54 58 0 0 0 56 0 4 2 5 0 0 1 62 3 
64 0 0 63 5 0 2 0 9 8 11 0 10 13 0 7 60 61 0 0 59 0 0 58 32 33 35 0 30 0 0 37 0 0 17 18 0 15 21 16 29 24 25 22 27 23 0 26 43 38 0 0 0 0 40 39 0 50 53 0 47 49 46 0 
56 0 57 55 61 0 58 60 0 0 3 62 0 5 0 63 0 53 47 49 0 0 0 50 24 0 27 26 22 23 28 29 0 11 9 10 0 7 13 0 21 0 0 14 19 0 20 0 0 0 0 0 0 36 0 31 0 0 45 40 0 41 38 0 
0 6 0 7 13 11 10 0 17 16 19 14 18 21 20 0 4 5 63 1 0 64 62 2 40 41 0 0 38 0 44 45 0 0 25 0 0 0 29 24 0 32 33 30 35 31 36 34 51 0 50 49 53 0 0 0 60 58 0 0 55 0 54 59 
32 30 0 31 0 0 0 36 41 40 0 38 0 45 0 0 28 29 23 25 0 0 0 26 64 0 0 0 0 0 4 5 52 51 49 0 0 47 0 48 61 0 0 54 0 0 0 0 11 0 0 9 0 12 8 7 20 18 21 16 0 17 14 19 
0 38 0 39 0 0 0 0 0 48 51 0 50 0 0 47 0 0 0 33 0 32 30 0 0 9 0 10 0 7 0 13 60 59 0 0 54 55 61 0 5 64 1 62 0 63 4 2 0 0 18 17 21 0 16 15 28 26 29 0 23 0 0 27 
26 24 0 25 31 0 28 30 0 34 37 0 36 39 38 33 22 23 17 19 0 18 16 0 0 0 0 60 0 57 62 0 0 45 0 44 40 41 47 42 55 50 0 48 53 0 54 52 5 0 4 3 0 0 0 1 14 12 0 10 9 11 0 13 
34 32 35 0 0 37 36 38 43 42 45 0 0 0 46 0 0 31 25 0 29 26 24 0 2 3 0 4 0 1 6 0 0 53 51 0 48 0 55 50 0 0 0 0 0 57 62 0 13 8 12 11 15 14 10 0 22 20 0 18 17 19 0 21 
0 0 3 1 7 5 0 6 11 0 0 8 12 15 14 0 0 0 57 59 61 0 0 60 0 0 0 36 32 33 0 0 0 0 19 20 16 0 0 18 0 26 0 24 29 0 30 28 45 0 0 0 47 46 42 41 0 52 55 50 49 51 48 53 
10 0 11 0 15 0 12 14 19 18 0 0 20 23 0 17 6 7 1 0 5 0 0 0 0 43 0 44 0 41 0 47 30 29 27 0 24 25 31 26 39 34 35 0 0 33 38 36 53 48 0 0 0 0 50 0 0 60 63 0 57 59 56 61 
0 0 0 57 63 61 0 62 0 2 0 64 0 7 6 1 54 55 0 0 0 50 48 52 26 27 0 0 24 25 0 31 0 13 11 12 8 9 0 10 0 18 0 16 0 17 0 0 0 0 0 35 39 0 34 0 46 44 0 42 41 0 40 45 
42 0 43 41 47 45 44 0 51 50 53 0 52 55 54 0 38 39 0 35 37 0 32 0 10 0 13 0 8 9 14 0 0 0 0 0 0 57 0 58 0 0 3 64 0 1 6 4 21 16 20 19 0 22 18 0 30 0 31 0 25 0 24 0 
18 16 19 17 0 0 0 22 27 26 0 24 0 31 30 0 0 0 0 0 13 0 8 0 0 0 0 0 0 0 54 0 0 37 0 36 0 0 39 34 0 42 43 0 0 0 0 44 0 56 60 0 63 62 0 57 6 4 7 0 0 3 64 5 
50 48 51 49 0 0 52 0 59 0 0 56 0 63 0 0 46 47 0 0 0 42 40 0 18 19 0 20 16 17 22 23 0 0 3 4 64 1 7 2 0 0 11 8 13 0 14 12 0 0 28 0 31 0 0 0 38 0 39 34 33 35 32 0 
38 36 39 37 0 41 40 0 0 0 0 0 48 51 50 0 34 35 29 31 33 30 28 32 6 7 9 8 0 5 0 11 58 57 0 56 52 53 59 54 0 0 63 0 0 61 2 64 0 0 16 0 0 0 14 0 0 24 27 22 21 23 0 0 
62 60 63 61 3 0 0 0 7 6 9 4 8 0 10 0 0 0 0 55 57 0 52 56 0 31 33 32 0 29 0 35 18 17 0 0 12 0 19 0 27 0 23 0 25 0 26 24 41 0 0 0 43 42 38 37 0 48 51 46 0 47 44 49 
54 0 0 0 0 57 0 58 0 62 1 60 64 3 2 61 0 51 45 47 49 0 44 0 22 0 25 24 20 21 0 27 0 0 7 8 0 5 0 6 19 14 15 12 0 13 18 0 0 0 32 0 35 34 0 29 0 40 0 0 0 0 0 41 
30 28 0 29 0 33 0 34 0 38 0 36 0 43 0 37 0 27 21 23 25 0 20 0 62 0 0 0 60 61 2 0 50 0 0 0 0 45 51 0 59 54 55 0 0 53 58 0 9 0 0 0 11 10 0 5 0 0 0 0 0 15 12 17 
6 4 0 5 0 9 8 0 15 14 17 12 0 19 18 13 2 3 0 0 1 62 60 64 38 39 0 0 36 37 42 43 26 25 23 0 20 0 27 22 35 0 0 28 33 29 0 32 49 44 0 47 0 50 0 45 58 0 59 54 53 0 0 57 
0 44 47 0 0 49 0 0 0 0 0 52 0 59 0 53 0 0 0 39 41 38 36 0 14 0 0 16 0 13 0 19 2 0 0 64 60 61 0 0 11 6 7 0 9 0 10 8 25 0 0 0 0 26 22 21 34 32 0 30 29 0 0 33 
14 0 15 13 19 0 16 18 0 0 25 20 0 0 26 0 10 0 0 0 0 6 4 0 46 0 49 0 44 45 0 51 0 33 0 0 0 0 0 30 43 0 0 36 41 0 42 40 0 0 56 55 0 58 54 53 0 64 0 0 0 0 60 1 
22 0 23 0 0 25 24 0 0 0 33 28 32 0 34 29 18 19 13 15 0 14 12 0 54 55 57 56 52 0 0 59 42 41 0 0 36 37 0 0 0 0 0 0 0 45 0 48 1 60 64 0 3 0 62 61 10 8 0 0 5 0 4 9 
19 0 20 18 0 0 21 0 28 0 30 25 29 0 0 0 15 16 10 12 14 11 0 13 0 52 54 53 0 50 55 56 39 38 36 0 33 0 40 0 0 43 44 41 46 42 0 45 0 0 61 60 64 63 59 0 0 0 0 3 0 4 1 0 
59 57 0 0 0 0 61 63 4 0 0 1 5 8 7 0 55 0 0 0 54 51 0 0 0 28 30 29 0 26 0 32 15 14 12 0 0 10 0 0 24 19 0 17 22 0 23 21 38 0 0 36 0 39 35 0 47 0 0 43 42 44 0 0 
0 1 0 2 8 0 5 0 12 11 0 9 13 16 0 10 63 64 0 60 62 59 57 0 0 0 38 37 0 34 0 0 0 22 20 21 0 18 24 19 32 0 28 25 30 26 31 29 0 41 45 0 0 47 43 42 0 0 56 0 50 52 49 54 
0 49 0 50 0 54 0 55 60 0 0 57 61 64 63 0 47 0 0 0 46 43 0 0 0 0 22 21 17 18 23 0 7 6 4 5 0 2 0 3 16 11 0 0 14 10 15 0 0 25 29 0 32 31 0 0 39 0 0 0 34 0 33 0 
27 0 28 0 32 30 0 31 36 0 38 0 37 0 39 34 0 24 18 0 0 19 17 21 59 60 62 61 0 58 63 0 47 46 44 0 41 42 0 43 0 51 0 49 54 0 55 0 0 0 0 4 8 7 0 0 0 0 16 0 10 0 0 0 
0 0 12 0 0 0 0 0 0 19 22 0 21 0 0 0 0 0 0 4 0 0 1 0 0 0 0 0 41 42 47 48 31 30 28 29 0 26 0 27 40 35 0 0 0 0 39 0 54 49 0 52 56 0 0 50 63 61 64 59 58 60 57 62 
43 0 0 0 48 46 45 47 52 0 54 49 53 56 55 50 0 0 0 36 38 0 33 0 11 0 14 0 9 10 0 16 0 62 60 61 0 0 64 0 8 3 4 0 6 2 7 0 22 17 0 20 0 23 0 0 0 29 0 0 0 0 25 0 
35 0 36 0 0 38 37 39 0 43 46 41 0 48 47 0 31 0 26 0 0 27 0 29 0 4 0 5 1 0 7 8 0 0 0 0 49 50 56 0 64 0 60 0 0 58 63 0 14 9 0 12 16 0 0 10 23 21 0 19 18 20 0 0 
31 0 0 30 0 34 0 0 40 0 42 37 0 44 0 0 27 28 22 24 0 23 21 25 63 64 2 1 61 62 3 4 51 0 48 0 0 46 0 47 0 55 56 53 58 0 0 57 10 0 0 0 12 11 0 6 19 0 20 0 14 0 13 0 
63 0 64 0 0 0 1 3 0 0 10 0 9 12 11 0 59 0 0 0 58 0 0 57 0 0 0 33 0 0 35 36 0 18 0 17 0 14 0 15 0 23 0 21 26 0 27 25 42 0 41 0 44 43 39 38 51 0 52 47 0 0 45 0 
23 0 0 22 28 26 0 27 0 0 0 29 33 0 35 0 0 20 0 16 0 0 0 17 0 0 58 0 0 54 59 60 43 42 40 41 37 38 44 39 52 0 48 0 50 46 51 49 2 0 1 0 4 3 0 0 0 0 0 7 0 8 5 10 
15 13 0 14 20 18 0 19 0 23 26 21 25 0 27 22 11 12 6 8 10 7 5 9 0 48 0 49 0 0 51 52 35 34 32 0 0 0 36 31 44 39 40 37 0 38 0 41 0 0 57 56 60 59 55 54 0 0 0 63 62 64 0 2 
55 53 0 54 60 58 57 0 64 63 0 0 1 0 3 0 0 52 0 48 0 47 45 0 23 24 0 25 21 22 27 28 0 10 8 0 0 6 12 0 20 0 16 0 0 0 19 0 0 29 33 0 0 35 0 30 0 41 44 39 38 40 0 0 
0 37 40 0 44 42 0 43 48 0 0 45 49 0 51 0 35 0 30 0 0 31 0 0 0 0 0 0 0 6 0 12 0 58 56 0 53 0 0 55 4 63 64 61 2 62 0 1 0 13 17 0 20 0 15 14 27 0 28 0 22 24 21 0 
7 0 8 0 12 0 0 0 16 15 18 13 0 0 0 14 3 4 0 64 0 63 0 1 39 0 42 0 37 38 43 44 0 0 24 25 21 22 28 0 36 31 0 0 34 30 35 0 50 45 49 48 52 0 0 0 59 57 60 55 0 56 53 0 
47 0 0 46 52 50 49 0 0 55 58 53 57 60 59 54 43 44 0 40 42 0 37 41 15 16 18 0 0 14 19 20 3 2 64 1 61 62 0 63 12 7 0 5 0 6 0 9 0 0 0 0 28 0 23 0 35 0 36 31 30 32 0 34 
0 7 10 0 14 12 11 13 0 0 20 0 19 22 21 0 0 6 64 2 4 0 63 0 0 0 44 43 0 40 0 46 29 28 26 27 23 24 0 25 38 33 0 0 36 32 37 35 0 47 51 0 54 53 0 48 61 59 62 57 0 0 55 0 
33 31 34 32 0 36 35 37 42 41 44 0 43 46 0 40 29 0 0 26 28 0 23 27 1 0 4 3 0 64 0 6 53 52 50 0 47 48 54 0 0 57 0 55 60 0 61 59 12 0 0 10 14 13 9 0 21 19 22 0 16 18 15 20 
49 47 50 48 0 52 51 53 0 57 0 0 59 62 61 0 45 46 0 0 44 41 0 0 17 0 20 0 15 16 21 22 0 4 2 0 63 0 6 1 14 0 10 0 12 8 0 0 28 0 27 0 30 0 25 0 37 35 38 33 0 0 0 36 
41 0 42 40 46 44 43 45 0 49 52 0 51 0 0 0 37 0 32 0 0 0 0 0 0 0 12 0 0 8 0 0 0 60 58 59 0 0 62 57 6 0 2 63 4 64 0 0 0 15 0 18 0 0 17 16 29 27 30 25 24 0 23 0 
0 0 0 16 0 20 0 21 0 25 28 23 27 30 29 24 13 14 8 10 0 9 0 0 0 50 52 51 0 0 0 54 37 0 0 35 0 32 0 0 46 0 42 39 44 0 45 43 0 0 0 58 0 61 57 56 5 3 6 0 64 2 63 4 
1 63 2 0 6 0 3 0 10 0 12 0 11 14 13 8 61 62 56 0 60 0 0 59 33 34 0 0 0 0 37 0 21 0 18 19 15 16 0 17 30 25 26 0 28 24 29 27 0 0 43 42 46 45 41 0 53 0 54 49 0 0 0 0 
25 23 0 24 30 0 27 29 34 33 0 31 35 0 37 32 21 0 16 0 20 17 0 19 57 0 0 0 55 56 0 62 45 44 0 43 39 40 46 41 0 49 0 0 0 48 53 0 4 63 0 2 0 0 1 0 0 0 0 9 0 10 7 12 
57 0 58 56 62 60 59 0 0 1 4 63 0 6 5 64 0 0 0 50 52 0 0 51 0 26 0 27 0 24 0 30 0 12 0 11 7 8 0 0 22 17 18 15 0 16 21 19 0 0 0 0 38 37 33 0 45 43 46 0 0 0 39 44 
52 50 0 0 0 0 0 56 61 60 0 0 62 0 64 0 48 49 43 0 0 44 0 0 20 21 23 22 18 19 0 25 8 7 5 6 0 3 9 4 0 12 0 10 15 11 0 14 0 0 30 29 0 32 28 27 40 0 41 0 35 37 34 39 
0 0 0 19 25 23 22 24 0 28 31 26 0 33 32 27 16 17 11 13 0 12 10 14 0 53 0 54 50 51 0 0 0 39 0 38 34 0 0 36 0 0 45 42 47 43 48 46 63 58 0 61 1 0 0 0 0 6 9 4 3 5 2 7 
0 58 0 0 1 63 62 0 5 0 7 2 6 9 0 3 0 57 51 53 55 52 50 54 28 0 0 0 26 27 32 0 0 0 0 14 0 11 17 12 25 20 0 18 23 19 24 0 39 0 38 0 41 0 36 0 48 46 49 0 43 45 42 0 
28 26 0 27 0 31 30 32 0 36 39 34 0 0 0 0 0 25 0 21 0 0 0 22 0 61 63 62 58 0 0 1 0 47 45 0 0 0 49 44 57 52 53 0 55 0 56 54 7 2 0 5 0 0 4 3 0 0 0 12 11 13 0 15 
44 42 0 43 49 0 0 48 53 0 0 50 0 57 56 51 0 41 0 37 0 36 0 0 12 13 15 14 10 0 0 0 0 63 0 62 0 59 0 60 9 4 5 2 7 0 8 0 23 0 22 21 25 0 20 19 32 30 33 0 27 29 0 31 
4 2 5 0 9 7 6 8 13 0 0 10 14 17 16 11 0 0 59 0 63 0 58 62 0 0 39 38 34 0 40 41 0 23 0 22 18 19 0 20 0 0 29 26 31 27 32 30 47 42 0 0 49 48 0 43 56 54 0 52 0 0 50 0 
0 34 37 35 0 0 38 40 45 44 0 42 46 49 48 43 32 33 0 0 0 0 26 30 0 5 7 0 0 0 8 0 56 55 0 0 0 0 57 0 1 60 61 58 63 0 0 62 15 10 0 0 0 0 0 11 0 0 0 20 19 0 0 0 
0 10 13 11 17 15 14 0 21 20 0 0 0 0 24 19 8 9 0 5 7 4 2 0 0 45 47 46 42 0 48 49 32 31 29 0 26 27 0 28 0 0 37 34 0 0 40 0 55 0 54 0 0 56 52 0 0 62 0 60 0 0 0 63 
