8
44 46 49 0 48 43 47 45 13 0 0 0 17 14 16 11 0 0 0 0 0 0 0 0 40 35 41 36 39 38 0 0 0 28 27 33 0 31 34 30 0 60 0 63 0 1 59 0 21 0 24 25 0 22 23 26 57 0 55 0 51 54 53 0 
0 38 41 42 40 0 39 0 0 0 0 4 9 6 8 0 0 60 2 62 0 61 1 0 32 0 0 28 0 30 29 0 0 0 19 0 21 23 26 22 53 0 0 0 54 0 0 56 0 12 16 17 0 14 0 0 0 0 47 48 0 46 45 50 
0 0 57 0 56 51 0 0 21 23 0 20 25 22 24 0 0 12 0 0 11 13 17 0 48 43 0 0 0 46 0 0 0 0 35 0 37 39 42 38 0 4 0 0 6 0 0 0 29 0 0 33 27 0 31 0 0 60 63 64 0 0 61 2 
20 0 0 26 24 0 23 21 53 55 58 52 0 0 56 51 47 0 0 46 0 45 0 0 16 11 17 12 0 0 13 18 0 4 0 9 0 7 10 0 37 36 0 0 38 41 35 40 61 60 64 0 0 0 63 2 33 28 0 32 0 0 0 0 
4 6 0 0 8 3 0 5 37 0 42 0 41 38 40 35 31 0 34 30 27 29 0 32 64 59 1 60 0 62 0 2 56 0 51 57 0 55 0 54 0 20 26 0 0 0 0 0 45 44 48 49 43 46 0 50 17 0 0 16 11 14 13 18 
28 0 0 34 32 0 31 29 0 0 0 60 1 62 64 0 55 0 58 54 51 53 57 56 24 19 25 0 0 22 21 26 16 12 11 0 13 15 0 14 0 44 0 0 46 0 43 48 5 0 8 9 3 0 7 10 0 0 0 40 0 38 37 0 
12 0 17 18 16 0 15 13 0 47 50 0 0 46 0 0 0 36 42 0 35 37 41 0 0 3 9 4 7 6 5 0 64 0 0 0 0 0 0 62 29 28 34 0 30 33 27 0 53 52 0 0 51 54 55 58 25 20 0 24 0 22 0 0 
60 0 1 0 64 59 63 0 0 0 0 28 33 30 32 27 23 20 26 0 19 21 0 24 0 0 57 0 0 54 0 0 48 44 0 0 0 47 50 46 13 12 18 15 14 0 11 16 37 36 40 0 0 38 0 0 9 4 7 0 3 6 5 10 
0 41 44 0 43 38 42 40 8 10 13 7 12 0 0 6 2 0 5 0 0 64 4 0 35 30 36 31 0 33 0 37 0 23 22 28 24 0 29 0 56 55 0 58 57 0 54 0 0 0 19 20 14 17 18 0 0 47 50 0 46 49 0 53 
55 0 0 0 59 54 0 0 24 0 29 0 0 25 0 0 18 0 0 17 14 16 0 0 0 0 52 47 0 49 0 53 43 0 0 44 0 0 45 0 8 7 13 10 9 12 0 0 32 0 0 0 0 0 34 0 4 0 2 3 62 0 64 0 
0 9 12 13 0 0 0 0 0 42 45 39 0 0 0 38 0 31 37 33 30 32 36 35 3 0 4 0 0 0 64 5 59 0 54 60 56 58 61 57 24 0 29 26 25 28 22 0 48 47 51 52 46 49 0 53 0 0 18 0 14 17 16 21 
0 25 28 0 27 0 0 24 56 58 61 55 0 57 0 0 50 0 53 49 46 48 52 51 19 0 20 15 0 17 0 0 0 7 6 12 0 10 13 0 40 39 45 42 41 0 38 0 64 63 3 0 62 1 0 5 36 31 0 0 30 33 32 0 
63 1 4 5 3 0 0 0 0 34 37 31 0 0 0 30 0 23 0 0 22 0 0 27 0 54 60 55 58 57 0 61 51 0 46 52 48 50 53 0 0 0 21 0 0 0 14 0 0 39 43 0 38 41 0 45 0 0 10 0 6 0 8 13 
15 0 0 21 19 14 18 16 48 50 53 47 52 0 0 46 42 0 0 0 38 0 0 43 0 0 12 0 10 9 8 13 0 63 62 4 0 0 5 0 0 0 0 0 33 36 30 35 0 55 59 60 0 57 58 61 28 0 26 27 0 25 0 29 
31 33 36 37 0 30 34 32 0 2 5 63 4 0 3 0 0 0 0 57 54 0 60 59 27 22 28 23 26 0 0 29 19 0 14 20 16 18 0 17 48 47 0 50 49 52 46 0 8 0 11 12 0 0 0 13 44 39 42 43 38 0 0 0 
47 49 0 0 0 46 50 48 16 0 21 0 20 17 0 14 10 0 13 9 6 8 12 11 0 38 44 39 0 0 40 45 0 31 0 0 32 0 37 33 64 0 5 0 0 0 62 3 24 23 27 28 22 25 26 29 60 0 0 59 54 57 56 0 
0 0 0 48 0 41 45 0 11 13 0 0 0 0 0 9 5 2 0 4 1 0 0 6 0 33 39 0 37 36 0 40 30 26 25 31 27 0 32 0 0 58 0 61 60 0 57 62 19 18 22 23 17 0 0 0 55 0 53 54 0 0 51 56 
50 0 55 0 0 0 53 0 19 21 0 18 0 0 0 17 13 0 16 12 0 0 15 0 46 41 0 0 45 44 43 0 38 34 33 39 35 37 0 36 0 2 8 0 0 0 1 6 27 0 0 31 25 28 0 0 63 0 61 62 57 60 0 64 
0 20 23 0 22 17 0 19 51 53 56 0 55 0 54 49 45 0 48 44 41 43 0 0 0 0 15 0 13 0 0 0 6 0 0 7 0 0 8 0 35 34 40 37 36 39 33 38 59 58 62 0 57 0 61 64 0 26 0 0 0 0 27 32 
0 0 7 8 6 1 5 0 35 0 40 0 39 36 38 33 0 26 32 28 25 0 0 30 0 0 63 0 0 0 59 64 54 50 0 55 51 0 56 0 19 18 24 21 20 23 17 0 43 42 0 0 0 44 0 0 15 0 13 0 9 12 0 0 
0 0 39 40 38 33 37 35 0 5 8 0 7 4 6 0 61 58 64 0 0 0 0 62 30 25 0 0 29 28 0 32 22 18 0 0 19 0 0 20 0 0 56 53 52 55 49 54 0 10 14 0 0 0 13 16 47 42 45 46 41 0 0 0 
58 60 63 64 0 57 61 59 0 29 0 0 0 0 30 0 21 0 24 0 17 19 0 22 54 49 0 50 53 52 51 56 46 0 41 47 0 45 48 44 0 0 0 13 12 0 0 14 35 34 0 39 0 36 37 0 7 2 0 0 1 0 0 8 
26 0 0 32 0 25 29 0 59 0 64 0 0 60 62 0 53 50 0 0 49 0 55 54 0 17 0 18 21 20 19 0 14 0 9 0 0 0 16 0 0 0 0 45 44 47 41 46 3 2 6 7 0 4 5 8 39 34 37 0 33 36 0 40 
10 12 15 16 0 9 0 11 0 0 48 42 0 0 0 0 37 0 0 36 33 35 39 38 0 0 7 0 5 4 3 8 62 0 57 0 0 0 64 60 27 26 0 0 28 31 0 0 0 50 54 55 0 0 0 56 0 0 21 0 17 0 19 24 
46 48 0 52 0 0 49 47 15 0 20 14 0 16 18 0 0 6 12 0 0 0 0 10 42 0 43 38 41 0 39 44 34 30 29 0 0 0 0 0 63 62 4 0 64 0 0 2 0 0 0 27 21 0 0 0 59 0 57 58 53 56 55 60 
0 24 0 28 0 0 0 23 0 0 0 0 59 56 58 53 0 0 0 48 45 0 51 50 18 13 0 14 17 0 15 0 10 0 0 0 7 0 12 0 39 38 0 41 0 0 37 42 63 62 0 0 61 0 1 0 35 0 33 34 0 32 0 36 
6 8 11 12 10 0 9 7 0 41 44 38 43 40 0 0 33 30 0 32 29 31 35 34 0 61 0 0 1 0 0 4 58 54 53 59 0 57 60 0 0 22 28 0 24 0 0 0 47 46 50 51 45 0 0 52 19 14 17 18 13 0 15 0 
0 64 3 0 2 0 1 63 0 33 36 30 35 0 34 29 25 22 28 0 21 0 27 26 0 53 0 54 57 56 55 60 50 46 45 0 0 49 52 0 0 14 0 17 16 19 13 0 39 0 42 0 37 0 0 0 0 6 9 0 0 8 0 12 
0 0 59 60 0 0 57 55 0 0 28 22 27 24 26 21 17 14 20 16 0 15 0 0 50 0 51 0 49 0 0 0 42 38 37 0 39 41 44 40 0 0 12 9 8 0 0 0 0 30 34 0 0 32 33 0 0 62 0 0 0 64 63 0 
0 16 19 0 0 13 17 15 47 49 52 46 0 0 50 45 41 38 44 40 37 39 43 42 0 5 11 0 0 8 0 12 2 62 61 0 63 1 0 0 31 0 36 33 32 0 0 34 0 54 0 0 0 56 57 60 27 0 25 26 21 24 23 28 
38 40 43 44 42 37 41 39 7 9 0 6 0 8 10 5 1 0 4 64 61 63 3 2 0 29 35 30 0 0 0 36 26 22 0 27 23 25 28 0 0 54 60 0 0 59 53 58 0 0 0 0 13 16 17 0 0 46 0 50 45 48 47 52 
30 0 35 0 0 29 33 31 63 1 4 62 3 64 0 0 0 0 60 0 0 55 59 58 26 21 27 22 25 0 23 28 0 0 0 0 15 0 20 0 47 46 52 49 0 0 0 0 7 6 0 11 5 8 9 12 43 38 41 0 37 0 39 44 
56 0 61 62 60 55 0 57 25 27 0 24 29 26 28 0 0 0 22 18 0 17 0 20 0 47 53 0 51 50 0 0 44 40 39 45 41 0 0 42 0 8 14 11 10 0 0 0 0 32 0 0 0 0 35 0 5 64 0 0 63 2 0 6 
32 34 37 38 36 0 35 33 1 0 6 64 5 0 4 63 59 56 62 0 0 57 61 60 0 0 29 24 0 0 25 30 20 0 15 21 0 19 22 0 49 0 54 51 0 53 0 52 9 8 0 13 7 10 0 0 0 40 43 44 39 42 41 46 
8 10 13 0 12 0 0 0 0 43 0 0 0 0 44 0 35 0 0 0 31 33 37 36 4 63 5 64 0 2 0 0 0 56 55 61 57 59 62 58 25 24 30 0 26 29 0 28 49 48 52 53 47 50 0 54 0 16 19 20 0 0 17 0 
64 2 5 6 4 63 3 1 0 35 38 32 0 34 0 31 27 24 0 0 23 25 0 0 60 0 0 56 0 58 0 0 0 48 47 53 0 0 54 0 0 16 22 19 0 0 15 20 0 40 44 0 39 42 43 0 13 0 0 12 7 10 9 0 
0 42 45 46 0 39 0 41 0 11 0 8 13 0 0 0 3 0 6 0 63 0 5 0 0 31 37 0 0 34 33 0 28 24 0 29 25 27 30 26 57 0 62 59 58 61 55 60 0 16 0 21 15 0 19 22 53 48 0 0 47 50 0 54 
16 18 21 0 20 0 19 0 0 51 0 48 53 0 52 0 0 0 0 42 0 0 0 44 12 0 0 0 0 10 9 14 0 0 63 0 1 0 6 2 0 32 38 0 34 37 0 36 57 0 0 61 0 0 0 62 0 0 27 28 0 0 25 30 
0 50 53 54 52 47 51 0 17 19 22 16 21 0 20 15 11 0 14 0 0 9 13 12 0 0 0 40 0 42 41 0 0 32 31 37 33 35 0 34 1 64 6 3 0 5 0 4 25 24 0 29 23 0 0 30 0 0 0 0 0 0 57 62 
0 26 0 30 28 0 0 0 57 0 62 0 61 0 60 0 0 48 0 50 47 49 53 0 20 15 21 0 19 0 0 22 0 8 7 0 9 0 14 10 0 40 46 43 42 45 39 44 1 64 4 5 63 0 0 6 37 32 0 0 0 0 33 38 
35 37 0 41 0 0 0 36 0 0 0 3 0 5 7 2 0 59 0 0 58 60 0 0 31 0 0 27 30 0 0 0 23 19 18 0 20 22 25 21 0 0 57 54 53 0 0 55 12 0 15 16 10 13 14 17 0 0 46 0 42 0 0 49 
0 13 0 0 15 0 14 0 0 46 49 43 0 45 47 42 38 35 0 37 0 0 40 39 7 2 8 0 6 5 4 0 63 59 58 64 60 62 1 61 28 0 0 30 29 0 26 0 52 0 55 0 50 53 0 57 0 0 0 23 0 21 20 25 
27 29 32 33 31 26 30 28 0 0 0 0 64 0 63 58 54 51 57 53 50 52 56 55 0 18 24 19 0 0 20 0 15 0 0 16 12 0 0 0 0 43 49 0 45 48 0 0 4 3 0 8 0 5 6 9 40 35 38 0 34 0 36 0 
51 0 56 57 55 0 0 0 0 0 0 0 0 21 23 18 0 0 17 13 10 0 16 15 47 0 48 43 0 0 0 0 39 35 34 40 36 38 0 37 4 3 9 6 5 0 2 0 0 27 0 32 26 29 0 33 64 0 0 63 58 61 0 1 
59 61 64 1 0 58 0 0 28 30 33 27 0 0 0 0 22 19 25 0 18 0 0 0 55 50 0 0 0 53 52 57 47 0 42 48 44 0 49 45 12 0 17 0 13 0 0 0 36 35 39 0 0 0 38 0 0 3 6 7 2 5 4 9 
19 21 0 0 0 0 0 20 0 0 57 0 56 53 0 0 46 43 49 0 42 44 48 47 0 10 16 11 0 13 12 17 7 0 2 8 4 6 9 5 0 35 41 38 37 0 0 39 0 59 63 0 58 61 0 0 0 27 30 31 0 29 0 0 
3 0 8 9 7 0 6 0 0 38 0 0 40 37 0 34 0 0 33 29 26 28 32 31 0 58 64 0 0 61 60 0 55 51 0 0 52 54 57 0 20 0 0 0 0 24 18 0 0 43 47 0 0 45 46 0 0 0 14 0 10 13 12 0 
0 45 48 0 47 42 0 44 12 14 17 11 16 13 0 10 6 3 9 5 0 4 0 0 39 0 0 0 0 0 0 41 0 27 0 32 28 30 33 0 0 0 0 62 0 64 0 63 20 0 23 0 0 0 0 25 56 0 0 55 0 0 0 57 
41 0 0 47 45 40 44 0 10 12 15 0 14 0 13 8 0 0 7 3 64 0 0 5 37 32 38 33 0 35 34 39 29 25 0 0 26 0 31 0 58 57 63 0 59 0 56 0 18 17 21 22 16 0 0 23 54 0 52 0 0 0 50 55 
0 0 6 7 0 0 4 0 34 36 39 0 0 0 37 32 28 0 0 0 0 0 30 29 61 0 62 57 60 59 0 0 53 0 48 0 0 0 0 0 18 17 23 0 19 0 16 21 0 41 45 46 40 43 44 47 14 9 12 13 8 11 0 15 
0 0 14 0 0 0 0 0 0 44 0 41 46 43 0 0 36 33 39 0 32 34 38 37 5 0 6 1 0 3 0 0 61 0 56 0 58 0 0 59 26 25 31 28 0 30 24 29 0 49 53 54 0 0 52 0 22 17 20 21 0 0 0 23 
0 19 22 23 21 16 20 18 0 0 55 0 0 0 53 48 0 41 0 43 40 42 0 0 13 8 0 9 12 11 10 15 5 1 64 6 0 4 7 3 0 0 39 0 35 0 32 37 58 57 61 62 56 59 60 0 0 25 0 29 0 27 26 31 
25 27 0 31 29 24 0 26 0 60 0 57 0 59 0 0 52 0 0 51 0 50 0 0 21 0 22 17 20 0 18 0 13 9 8 14 10 0 15 11 0 41 0 44 43 46 40 0 2 1 0 6 0 3 0 0 38 0 0 37 32 0 34 0 
0 51 54 55 53 48 52 50 18 20 23 17 22 19 21 16 12 0 0 11 0 10 0 0 45 0 46 41 0 43 42 47 37 0 32 38 0 36 39 35 0 0 0 4 0 6 64 0 26 25 29 0 24 27 0 0 62 0 0 61 0 59 0 63 
0 0 38 39 0 32 36 0 2 0 7 0 0 3 0 64 60 0 63 59 56 0 62 61 29 24 0 0 0 0 26 0 21 0 16 22 18 20 23 19 0 49 55 0 51 54 48 0 10 9 13 14 8 0 12 15 46 41 44 45 0 0 0 47 
57 0 0 0 61 56 60 0 0 28 31 25 30 0 29 24 0 0 23 19 16 18 22 0 0 48 0 49 0 51 50 0 0 41 0 46 0 44 47 0 10 9 0 0 11 0 8 13 34 33 37 0 0 35 0 0 6 1 0 5 64 3 2 7 
0 15 18 0 17 0 16 0 0 48 0 0 0 47 0 0 0 37 43 0 36 38 42 41 9 4 0 5 8 7 6 0 0 61 0 2 62 0 3 0 30 0 35 32 31 34 28 33 54 53 57 58 52 55 56 59 26 21 24 25 0 0 0 27 
0 63 2 3 1 60 64 62 30 32 0 29 34 31 33 0 24 0 0 23 20 22 0 25 0 52 58 0 0 55 0 59 0 45 44 50 0 0 51 0 14 13 0 0 15 18 0 17 0 0 0 0 36 39 40 0 0 5 8 9 4 0 6 0 
21 0 0 27 25 20 0 0 54 56 59 53 58 0 0 52 48 0 51 47 44 0 50 0 0 12 0 0 16 15 14 19 0 5 0 10 0 0 11 7 0 0 43 0 39 0 36 0 0 0 1 0 60 0 64 0 0 0 0 0 28 31 30 35 
0 31 0 0 0 28 32 30 0 64 0 0 2 63 0 60 0 53 0 55 52 0 58 0 25 20 0 0 24 23 22 0 17 13 12 0 14 16 19 15 46 45 51 48 0 0 0 49 6 0 0 10 0 7 8 11 0 37 40 0 36 39 0 0 
5 7 10 11 0 0 0 6 38 0 43 37 42 39 41 36 0 0 35 31 28 0 34 0 1 60 0 0 64 63 0 3 57 0 0 58 54 0 59 55 0 0 27 0 23 0 20 0 46 45 0 50 0 47 0 0 18 13 0 0 12 15 0 19 
53 0 0 0 0 52 0 0 22 24 0 0 26 0 0 20 0 0 19 0 12 14 0 0 49 44 50 0 0 47 46 51 41 0 36 0 38 40 0 0 6 0 11 0 0 10 4 0 30 29 0 34 28 31 32 0 2 0 0 1 60 63 62 0 
0 0 42 43 41 36 0 0 6 8 11 5 0 7 9 4 64 61 3 63 60 0 2 0 0 28 0 29 0 31 30 35 25 21 0 26 22 24 27 23 54 53 0 56 55 0 0 57 14 13 0 18 12 15 0 19 0 45 0 49 44 0 0 0 
45 0 0 0 0 44 48 46 0 16 19 13 0 0 17 0 8 5 11 7 0 6 0 0 41 36 42 37 40 39 0 43 33 29 0 0 0 32 35 0 62 0 0 64 63 2 60 1 0 0 25 0 20 0 24 27 0 53 56 57 0 0 54 0 
