8
0 0 0 37 41 0 39 0 0 36 0 35 0 32 0 33 52 45 50 51 46 47 49 0 27 28 23 21 0 0 24 25 0 20 16 15 0 13 18 14 63 0 4 0 64 0 1 0 12 0 5 0 6 0 8 9 0 54 53 58 0 55 0 0 
35 0 30 0 0 34 31 0 0 0 21 27 0 0 22 25 44 0 42 43 38 39 41 40 19 0 15 13 18 0 0 17 9 0 8 7 11 5 10 6 55 0 60 53 0 0 57 58 4 3 0 2 0 0 64 1 52 0 45 0 0 47 51 48 
51 52 0 45 49 50 0 48 42 44 37 0 39 40 0 41 60 0 58 59 54 55 57 0 35 0 31 29 34 30 0 33 0 28 0 23 27 0 0 22 0 0 12 5 0 11 0 10 0 19 13 0 14 15 16 17 4 62 0 2 1 63 0 64 
27 28 0 21 0 0 0 24 18 20 0 0 15 16 14 0 36 29 34 35 30 0 0 0 11 12 7 5 10 6 8 0 1 4 64 63 3 61 2 62 47 46 52 0 0 51 0 0 0 0 53 58 54 0 56 0 0 38 37 0 41 0 43 40 
0 0 62 0 0 0 0 64 0 60 53 0 0 56 54 57 0 0 10 11 6 7 9 8 0 0 47 0 50 0 48 49 41 44 40 39 43 37 0 0 23 22 28 21 24 27 25 26 0 35 29 0 30 0 0 33 0 14 13 18 0 0 0 0 
59 60 54 0 57 0 0 0 0 52 45 51 0 48 46 49 0 61 0 3 62 63 0 0 0 44 0 37 0 0 40 0 33 36 32 0 35 0 34 0 15 0 20 13 0 0 17 18 28 0 0 26 22 0 24 0 12 6 5 10 0 0 11 0 
19 0 14 13 0 0 15 16 10 0 5 0 7 0 6 0 28 0 26 0 0 23 0 0 3 0 63 61 2 0 64 1 0 60 0 55 59 53 0 54 0 38 0 0 40 0 0 42 0 51 45 50 46 47 48 49 0 0 29 34 0 31 0 32 
0 0 6 0 0 10 7 0 2 0 61 3 0 64 62 1 20 0 0 19 14 0 0 16 59 0 0 53 58 54 0 57 0 0 0 0 51 45 0 0 31 30 0 29 0 35 0 34 44 43 37 42 38 39 0 41 0 22 21 26 0 23 27 24 
48 49 0 42 0 0 44 0 39 41 0 0 0 37 0 38 0 0 0 0 51 52 54 0 32 33 28 26 0 0 29 30 0 0 0 0 24 0 0 19 0 0 9 2 0 8 6 0 0 0 10 0 0 12 13 14 1 0 58 0 0 0 0 0 
56 0 0 50 54 0 0 0 47 49 42 48 44 0 43 0 1 0 63 64 59 0 62 0 0 41 0 34 0 0 37 38 0 0 29 28 0 26 0 0 12 0 17 0 0 16 0 0 25 24 18 23 19 20 21 0 9 0 0 7 6 4 8 0 
0 0 59 0 62 0 60 61 55 57 50 56 52 53 51 54 0 0 0 8 3 0 0 5 48 0 0 42 0 0 0 46 38 41 37 0 40 0 39 35 0 19 25 0 21 0 22 23 0 32 26 0 27 28 29 30 17 0 10 0 14 12 16 0 
0 0 0 18 22 23 0 21 15 0 10 16 12 0 0 14 33 26 0 32 27 0 0 0 8 0 0 2 7 0 5 6 0 0 61 60 64 58 63 0 44 43 49 42 0 0 0 0 57 56 50 55 51 52 53 0 0 0 34 39 38 0 0 37 
8 9 3 2 0 7 4 0 63 0 0 64 0 61 0 62 0 10 0 16 11 12 0 0 56 0 52 50 55 51 53 0 46 49 45 0 48 0 0 43 0 27 0 26 0 32 30 31 0 40 0 0 35 0 37 0 25 19 18 23 22 20 0 0 
0 0 0 34 38 0 0 37 31 33 26 32 0 29 0 0 49 42 0 48 0 44 0 45 24 25 0 18 23 0 21 0 14 0 0 12 0 0 0 11 60 0 1 58 61 64 62 0 0 8 2 0 3 4 0 6 57 51 0 55 54 0 56 53 
32 33 0 26 0 31 28 0 23 25 18 24 0 21 0 22 41 0 0 40 0 36 38 37 16 0 0 10 15 0 13 0 6 9 0 4 0 0 7 3 0 0 57 50 0 56 54 55 1 64 0 0 59 0 61 62 0 43 42 47 46 44 48 45 
16 17 11 0 0 15 0 0 0 0 0 0 4 0 0 0 0 0 23 24 0 20 0 21 64 1 60 0 63 59 0 62 0 57 53 52 56 50 0 51 36 35 0 0 37 40 0 39 0 0 0 47 43 0 45 0 33 27 26 31 30 0 0 0 
31 0 0 0 29 0 27 28 22 24 0 23 19 20 0 21 40 33 0 39 0 0 37 36 15 16 0 9 0 0 12 13 0 8 0 0 7 1 0 0 0 50 56 49 52 0 0 54 64 0 57 0 0 59 0 0 48 42 0 0 0 43 0 44 
23 24 0 0 21 22 0 0 0 0 0 0 0 0 10 13 0 25 0 0 0 0 0 28 7 8 3 1 0 0 4 5 61 0 60 0 63 57 0 0 43 0 48 41 44 47 0 46 0 55 49 54 50 51 52 0 40 34 33 38 37 35 39 36 
7 8 2 1 5 6 0 0 62 64 57 63 59 60 0 0 16 0 14 15 10 11 13 12 55 56 0 0 54 50 0 0 0 0 44 43 47 41 0 42 27 26 0 25 28 31 29 0 40 39 33 0 34 35 36 37 24 18 17 22 0 19 23 20 
0 16 10 9 0 14 11 0 0 8 0 0 0 0 2 5 24 17 22 23 18 0 0 0 63 64 59 0 0 58 0 0 0 0 52 51 55 49 54 50 35 34 0 0 36 39 37 0 0 0 41 46 42 43 0 0 32 0 0 30 29 0 31 0 
55 56 0 49 0 0 51 0 0 48 0 47 0 44 0 0 0 57 62 0 58 0 61 60 39 40 35 0 0 34 0 0 29 32 28 0 31 25 30 26 11 0 0 9 12 0 0 0 24 0 17 22 18 0 20 21 8 0 0 6 5 0 7 4 
0 40 0 0 0 38 35 36 0 32 25 31 0 28 26 29 48 0 0 0 42 0 45 44 23 24 19 17 22 0 20 21 0 0 12 11 0 0 0 10 59 0 64 57 60 0 0 0 8 7 1 6 2 0 4 5 0 50 49 54 53 0 55 52 
63 0 58 0 0 62 59 60 54 56 49 0 51 52 50 53 8 1 0 0 2 0 0 4 47 48 0 0 46 42 0 45 0 40 0 0 0 33 38 0 0 0 0 17 20 0 21 22 0 31 25 30 0 0 0 29 16 0 9 14 13 11 0 0 
47 0 42 0 45 46 43 44 0 0 0 39 35 0 34 37 56 0 54 55 0 51 0 52 0 0 27 25 30 26 28 29 0 0 20 19 23 17 22 0 0 0 8 1 4 7 5 0 16 0 9 14 0 11 12 13 0 0 57 62 61 59 63 0 
22 23 17 16 20 21 0 19 13 0 8 14 0 11 0 0 0 24 0 0 25 26 0 0 6 7 0 64 0 1 3 0 0 63 0 0 62 56 61 0 0 41 47 40 0 0 0 45 0 54 48 53 49 0 0 0 39 33 0 37 36 0 38 0 
14 15 9 8 12 13 0 11 5 7 64 6 2 0 1 4 23 16 21 22 17 0 0 0 62 0 58 56 0 57 0 0 0 0 0 0 54 0 53 49 34 33 0 32 35 38 0 0 47 46 0 45 41 42 0 44 0 0 0 29 28 26 30 27 
0 0 25 24 28 29 26 0 0 23 16 22 18 0 17 20 0 0 37 0 0 34 0 0 14 15 0 0 0 9 0 12 0 0 3 2 6 64 5 0 50 49 55 48 0 54 0 0 0 0 0 0 57 58 59 0 47 41 40 0 44 42 46 43 
54 55 0 48 52 53 0 0 45 47 40 0 42 0 0 44 63 56 61 62 57 58 60 0 38 39 0 0 37 33 0 0 28 31 27 26 30 0 0 0 0 0 0 0 11 0 12 13 0 22 16 21 17 0 19 20 7 1 64 5 4 0 0 3 
62 0 57 56 60 61 58 59 53 55 48 54 50 51 49 52 7 0 0 6 0 0 0 3 0 47 42 40 45 41 0 0 36 0 0 0 0 32 0 33 18 17 23 16 19 0 20 21 0 30 24 0 25 26 27 28 15 0 8 13 0 10 0 0 
46 0 0 40 44 45 42 0 37 39 32 38 0 35 33 36 55 0 53 54 49 50 52 51 30 31 26 24 0 25 0 28 20 0 0 0 0 16 21 0 2 1 7 64 3 6 0 0 15 14 8 0 9 0 11 12 0 57 56 61 60 58 0 59 
38 0 0 32 0 37 0 0 29 0 24 30 0 0 25 28 47 0 45 46 0 42 0 43 0 0 0 16 0 17 0 20 0 15 11 0 14 8 0 9 0 57 63 56 59 0 60 61 7 6 0 5 1 0 0 0 0 49 48 53 52 0 54 51 
0 7 1 64 0 5 0 3 61 63 0 0 58 0 57 60 15 0 13 14 0 10 0 11 54 0 50 0 53 0 51 52 44 47 0 42 46 40 0 41 26 0 0 24 27 0 0 0 39 38 0 0 0 0 35 36 23 17 16 21 0 18 0 0 
49 50 0 43 47 0 45 0 0 42 35 0 0 38 36 0 0 0 0 0 0 53 0 54 33 34 29 27 32 28 30 0 23 0 0 21 25 0 24 0 5 0 10 3 6 0 0 8 18 17 11 0 0 0 14 0 2 0 59 64 63 61 0 0 
1 0 60 59 63 64 0 62 56 0 0 57 0 54 0 55 10 3 8 9 4 5 7 0 49 0 45 43 48 0 46 47 39 42 0 0 0 0 0 36 0 0 0 0 22 0 23 0 0 0 0 32 0 29 30 31 18 12 0 0 15 13 17 14 
25 0 20 19 23 0 21 22 16 18 11 17 13 0 0 15 0 0 32 0 28 0 31 30 9 10 0 3 0 0 0 7 63 2 0 0 0 0 64 60 45 0 0 43 46 0 47 48 0 0 0 0 0 0 54 0 42 0 0 40 0 0 0 38 
33 34 28 27 31 32 29 30 0 26 0 0 21 0 20 0 0 35 0 41 36 0 0 38 17 0 0 11 0 0 14 15 7 10 0 5 0 3 8 4 0 52 58 0 0 57 55 0 2 1 59 0 60 61 62 0 50 44 0 48 47 45 0 0 
0 42 0 35 0 0 37 38 0 34 27 33 29 30 0 0 50 43 48 49 44 0 0 46 0 26 21 0 0 0 22 23 15 18 14 0 17 0 0 0 61 60 0 59 0 0 63 64 0 9 0 0 4 5 6 0 58 52 51 56 55 53 57 54 
9 10 4 0 0 8 0 6 64 0 59 0 61 62 60 63 0 0 16 17 12 13 15 14 57 58 53 51 0 52 54 55 47 50 46 0 49 43 0 44 0 28 34 0 0 0 31 0 0 41 35 40 36 0 38 39 26 20 0 24 0 21 25 0 
0 58 0 51 0 56 53 54 0 0 0 49 45 46 44 47 2 59 64 1 60 61 63 0 41 0 37 35 40 36 0 39 0 34 0 0 0 27 32 0 13 0 18 0 14 17 15 0 26 25 0 0 20 0 22 0 10 4 3 0 7 0 9 6 
17 18 12 0 15 0 13 14 0 0 0 9 5 6 4 7 26 19 24 0 20 21 23 0 1 2 61 0 0 0 0 63 0 0 0 0 57 51 56 0 37 36 42 35 38 41 39 40 0 0 0 48 0 45 46 47 34 28 27 32 31 29 33 0 
60 0 0 54 58 59 0 57 51 53 0 0 48 0 0 50 5 62 3 4 63 64 0 0 44 0 40 0 0 39 41 42 34 37 33 32 36 0 0 31 16 0 21 0 17 20 0 0 29 0 22 27 0 24 25 0 13 7 0 0 0 8 0 9 
0 0 47 46 0 0 48 49 0 45 0 44 40 0 39 42 0 0 59 60 0 56 58 57 36 0 32 0 35 31 33 34 26 0 25 0 0 22 0 0 0 0 0 0 9 12 10 11 0 20 14 0 15 0 17 0 5 0 0 3 0 64 0 0 
36 37 31 30 0 0 0 0 0 0 0 0 0 0 23 26 45 38 43 44 0 40 0 41 20 21 0 14 0 15 17 0 0 13 9 8 12 0 0 7 0 55 61 0 0 60 0 59 0 0 62 0 0 64 0 0 0 47 46 0 50 48 0 49 
20 21 0 14 0 19 16 0 11 0 0 0 8 0 7 10 0 22 27 0 0 0 26 25 0 5 64 0 0 63 1 0 58 0 57 0 0 54 0 55 40 39 45 38 41 44 42 43 53 52 46 0 47 48 49 50 0 0 0 35 0 32 36 0 
0 0 0 38 0 0 0 0 0 0 30 36 0 33 31 34 53 0 0 52 47 48 50 49 0 29 0 22 27 23 25 0 18 21 0 16 20 14 19 15 0 63 0 62 1 0 2 0 13 12 0 0 7 8 0 10 61 55 54 0 58 0 60 57 
0 0 63 62 2 3 0 1 59 61 0 60 0 0 0 0 13 0 0 12 0 8 0 9 52 0 0 46 0 47 49 0 0 45 0 40 44 0 0 0 0 23 29 22 0 28 26 0 37 36 0 0 31 32 0 34 0 15 14 0 18 16 20 17 
0 0 7 6 10 0 0 0 0 5 0 0 0 1 0 2 0 14 0 20 15 16 0 0 60 61 0 54 59 55 57 58 0 0 49 48 52 46 0 47 32 0 0 0 33 36 34 0 45 44 0 0 0 0 0 0 29 23 22 27 0 24 28 25 
0 29 0 0 26 0 24 0 0 0 14 20 16 0 15 0 0 30 35 36 31 0 0 0 0 13 0 0 11 0 9 0 2 5 0 0 4 62 3 63 48 0 53 46 0 0 0 51 61 60 54 59 55 56 57 58 0 39 38 0 0 40 44 41 
0 51 45 44 0 0 46 47 41 43 0 42 38 39 37 0 0 52 0 58 0 54 0 0 34 35 0 0 0 0 0 32 24 0 0 0 26 0 25 0 6 5 11 4 7 0 8 0 0 18 12 17 0 14 15 16 3 61 60 1 64 0 0 0 
58 59 53 0 56 57 54 0 49 51 44 0 46 0 0 0 3 0 0 0 61 62 64 63 0 43 0 0 41 37 0 40 0 35 31 0 34 28 0 29 14 0 19 12 0 18 16 17 27 26 0 25 21 22 23 0 11 0 4 9 8 6 0 0 
0 27 0 0 24 25 22 23 17 19 12 0 14 15 13 16 35 28 0 34 29 30 32 31 10 0 0 4 0 5 0 8 64 0 63 62 2 60 1 0 0 0 0 44 47 0 48 0 0 0 52 0 0 0 0 56 0 37 36 41 40 0 42 39 
0 0 13 0 16 17 0 0 0 0 0 0 6 0 5 8 27 0 0 0 0 22 24 23 0 3 0 0 1 61 63 64 56 0 55 0 0 0 57 53 38 37 43 0 39 0 40 41 51 50 44 0 0 46 47 0 0 0 0 33 32 30 34 31 
10 11 5 4 8 9 6 0 1 3 0 2 62 63 61 0 19 12 0 0 13 14 0 15 58 0 0 52 0 53 0 56 0 51 0 0 50 0 0 0 0 29 35 28 31 0 0 33 43 42 0 0 0 0 39 40 27 21 20 25 24 22 26 0 
0 35 0 28 32 33 0 31 25 27 20 26 22 0 21 24 0 36 0 42 37 38 40 0 18 0 0 12 0 0 15 0 8 11 0 6 10 0 9 5 0 53 0 52 55 0 0 57 0 2 60 1 0 62 63 64 51 0 0 0 48 0 0 47 
42 43 0 36 40 0 38 39 33 35 0 0 30 31 0 32 0 44 49 0 0 0 48 47 0 27 0 20 0 21 0 0 0 0 15 14 18 12 17 13 62 61 0 0 63 0 64 1 0 0 4 9 5 6 0 0 0 0 52 0 56 54 58 0 
2 0 61 60 64 1 62 63 57 0 52 58 0 55 53 0 11 0 9 0 0 6 0 7 0 51 46 0 0 45 0 0 40 0 0 0 42 36 41 0 0 21 27 0 0 0 24 25 0 34 0 0 29 30 31 0 19 13 0 17 0 14 0 15 
29 30 0 23 27 0 25 26 20 22 0 0 17 18 0 0 38 31 36 37 32 33 35 34 0 0 0 0 12 0 0 11 0 6 2 0 0 0 4 64 49 48 54 0 50 0 51 52 0 61 55 60 56 57 58 0 46 0 0 44 43 41 45 0 
13 14 0 7 11 0 0 10 4 0 0 5 1 0 0 3 22 15 0 0 0 0 19 0 0 0 57 55 60 56 0 0 51 54 0 49 0 47 52 48 33 0 38 0 0 0 0 36 0 45 39 0 40 41 42 0 30 24 0 0 0 25 29 26 
5 0 64 63 3 4 0 0 60 0 0 0 57 58 56 59 14 0 12 13 8 9 11 10 53 0 49 47 52 48 50 0 0 46 0 0 0 39 0 40 0 0 30 0 0 29 27 28 0 37 31 0 0 0 34 35 22 0 15 20 19 17 21 0 
61 62 0 55 59 60 0 0 52 0 0 53 0 50 48 51 0 0 4 0 0 1 3 2 0 46 0 0 44 40 42 0 35 38 34 0 0 0 0 0 17 0 0 0 18 21 19 20 0 0 23 28 0 25 26 0 0 0 0 0 0 9 13 10 
21 22 0 15 0 0 17 18 0 14 0 13 9 0 0 0 30 0 0 29 24 0 0 26 5 0 1 63 0 64 0 3 59 0 58 57 61 55 60 0 0 40 0 39 0 45 0 44 54 53 47 52 0 49 50 0 38 32 0 36 35 0 37 34 
45 0 40 0 43 0 0 0 36 38 31 0 33 34 32 35 54 0 0 0 0 49 51 50 29 0 25 0 0 24 26 0 0 22 18 17 0 15 20 16 1 64 6 0 2 5 3 0 0 13 0 12 0 9 10 0 0 0 0 60 59 0 0 58 
0 0 0 0 0 52 0 50 44 46 0 0 41 42 40 43 62 55 0 61 56 57 0 58 0 38 0 0 0 32 34 35 27 30 26 0 0 0 28 24 9 0 14 0 10 13 11 0 22 21 15 0 16 0 18 0 0 0 63 4 3 0 0 2 
0 38 32 31 0 36 33 34 28 30 23 0 25 0 24 27 46 39 0 0 0 41 43 42 21 22 17 15 20 16 18 0 0 14 10 9 13 7 12 8 57 56 0 55 58 61 0 0 0 0 0 0 64 1 2 3 54 0 47 52 0 0 53 50 
