8
23 22 0 18 21 20 0 16 35 33 32 0 0 0 39 0 27 31 26 24 30 25 28 0 63 59 0 0 61 0 0 58 64 7 4 6 2 3 5 1 50 0 0 48 51 53 52 49 45 0 42 0 47 0 44 40 0 13 0 14 8 0 0 0 
55 54 51 50 0 0 49 0 3 1 64 0 0 0 7 2 59 63 0 0 62 57 0 61 0 27 30 28 29 24 25 26 32 0 36 0 0 35 37 0 18 23 22 16 0 0 0 17 0 11 0 9 15 14 0 8 43 0 42 46 40 47 44 0 
7 0 0 2 0 0 0 64 0 0 16 0 0 0 0 0 11 15 0 0 14 9 0 13 47 43 46 0 45 40 41 0 0 0 0 54 0 0 53 49 34 39 0 32 0 0 0 0 0 27 26 25 31 30 28 24 59 61 0 0 0 0 0 0 
0 0 0 58 61 60 0 56 11 9 8 13 0 12 0 10 0 0 0 0 0 0 4 5 39 0 38 36 37 0 33 0 0 0 0 46 42 0 45 41 0 31 30 24 0 0 0 25 21 19 18 0 23 0 20 0 51 0 50 0 48 0 0 49 
31 30 27 26 0 28 0 0 43 41 40 0 0 44 0 42 0 39 0 0 38 0 36 37 0 3 6 4 5 64 1 0 8 15 12 14 0 11 13 9 58 0 62 0 0 0 60 57 0 51 50 49 55 0 0 48 19 0 18 22 16 0 20 17 
0 0 43 42 45 0 0 0 0 57 0 0 0 0 0 58 51 0 50 48 0 49 0 53 0 19 0 20 0 16 17 0 0 0 28 0 26 0 29 0 0 15 0 0 0 13 0 9 5 3 0 0 0 0 4 64 35 37 34 38 0 39 0 33 
0 0 35 0 0 0 0 0 51 0 48 53 54 52 55 50 0 0 0 40 0 0 44 0 15 11 0 0 0 8 9 10 0 0 20 22 0 0 21 17 0 7 0 0 0 0 0 1 61 0 58 0 63 62 0 56 27 29 26 30 24 31 28 0 
15 0 11 10 13 0 9 8 0 0 0 29 0 0 0 0 19 0 0 16 22 17 0 21 55 0 54 52 0 48 49 50 56 63 60 0 0 59 61 57 42 47 0 40 43 45 0 41 37 0 0 0 39 38 36 32 0 0 2 6 0 7 0 1 
0 21 18 0 0 0 0 0 34 0 31 36 37 35 38 0 26 30 25 0 0 0 27 0 62 58 61 59 60 55 56 0 63 0 0 0 0 0 4 64 49 54 53 47 0 52 51 48 44 0 41 0 46 45 43 39 0 0 9 13 7 14 11 8 
30 29 26 25 0 0 0 23 42 40 0 44 0 43 0 0 0 0 33 31 37 32 35 36 6 0 0 0 0 63 0 1 0 0 11 13 0 0 0 8 0 0 0 55 58 60 0 56 52 50 49 0 0 53 51 47 0 20 17 0 15 0 0 16 
54 53 50 0 52 0 48 47 0 0 63 4 0 3 6 1 58 62 0 55 61 0 0 60 30 0 29 27 0 23 0 0 0 38 0 37 33 34 0 32 17 0 21 15 0 0 0 16 0 10 9 8 0 0 0 0 0 0 0 45 39 46 0 0 
0 0 10 9 12 0 8 0 26 24 23 0 0 27 0 25 18 0 17 0 21 16 19 0 0 0 53 51 52 47 0 0 55 62 59 0 57 0 60 56 0 0 0 39 42 0 43 40 36 0 0 32 0 0 35 31 2 0 1 5 0 6 3 64 
6 5 2 1 0 3 64 0 0 16 0 20 0 19 0 17 10 14 0 0 0 8 11 12 46 42 45 0 44 39 40 0 0 54 51 53 49 50 0 0 33 0 37 0 0 36 35 32 28 26 0 24 30 0 0 0 58 60 57 0 55 62 0 0 
0 37 0 0 36 35 32 31 50 48 0 0 53 0 54 49 42 0 0 0 45 40 0 44 0 0 13 11 12 7 8 0 15 0 0 21 17 18 20 0 1 0 5 63 2 4 0 64 0 0 0 0 0 0 0 55 26 0 0 0 23 0 27 24 
0 61 0 57 60 59 56 0 10 8 7 0 13 11 0 0 2 6 0 0 0 64 3 0 38 0 37 0 0 0 0 33 39 0 0 45 41 42 44 40 25 0 0 0 0 28 0 24 20 0 0 0 0 21 19 0 50 52 0 0 0 0 0 0 
46 45 42 41 44 0 0 39 0 56 0 0 61 0 0 0 0 54 49 47 0 48 0 0 0 18 21 19 20 15 16 0 0 30 0 29 0 26 0 24 9 14 13 0 0 0 0 8 0 0 1 64 6 0 3 63 0 36 33 0 0 38 0 0 
45 0 41 40 0 42 0 38 57 55 54 59 0 58 61 56 0 53 48 0 52 47 0 51 21 17 0 0 19 0 0 0 0 29 26 28 0 0 27 0 0 13 12 0 0 0 0 7 3 1 0 0 5 4 0 62 33 0 0 36 0 0 0 0 
37 36 33 32 35 34 31 0 0 0 0 0 0 0 0 0 41 45 40 0 44 0 42 0 0 0 0 0 11 6 0 8 0 0 18 0 0 17 0 15 0 5 4 62 0 0 2 0 59 0 56 0 0 60 0 0 25 27 24 28 22 29 26 23 
0 0 49 48 51 50 47 46 0 63 62 0 4 2 0 0 0 0 0 54 0 0 58 0 29 25 28 26 0 22 23 24 30 37 0 0 32 33 35 31 0 21 20 14 17 19 0 15 0 9 8 7 0 0 0 0 41 43 40 0 38 45 0 0 
0 12 9 0 11 10 0 6 0 23 22 0 28 0 29 24 17 21 16 14 0 15 18 0 53 49 52 0 51 46 47 48 0 61 58 60 56 57 0 55 0 0 44 38 41 0 42 39 0 33 32 31 37 36 0 0 1 3 0 4 0 5 2 63 
5 4 0 64 0 2 0 0 17 0 14 0 20 18 21 16 9 13 0 6 12 0 0 11 45 41 44 0 43 38 39 40 46 53 0 52 48 0 51 47 32 37 36 30 33 35 0 0 27 25 0 23 29 28 26 22 57 0 56 60 0 0 0 55 
61 60 0 56 59 58 0 54 9 0 6 0 12 10 13 8 0 0 64 62 4 63 2 3 37 0 36 34 35 0 0 32 38 45 0 44 40 41 43 39 0 29 28 22 25 0 26 23 19 0 0 0 21 20 18 0 0 0 0 52 46 53 50 47 
21 20 17 16 19 0 0 14 33 31 30 0 36 34 37 0 25 0 24 22 0 0 0 27 0 0 60 0 59 0 0 56 0 5 2 0 64 1 3 63 0 53 52 0 0 51 50 47 43 41 0 0 0 0 0 0 0 0 8 12 6 13 10 0 
29 28 0 24 27 26 23 22 0 39 0 0 44 0 45 0 33 0 0 30 36 0 34 35 5 0 0 0 3 62 0 64 0 0 0 12 8 9 11 7 56 61 60 54 0 59 58 0 51 49 0 0 53 0 50 46 0 19 16 0 0 0 0 0 
17 0 13 0 15 14 11 0 0 0 0 0 0 0 0 28 21 0 0 18 0 19 22 23 57 0 0 54 55 50 51 52 0 0 0 64 0 61 63 59 44 49 48 0 45 0 0 43 39 37 36 35 41 40 38 34 0 7 4 8 2 9 6 3 
0 0 5 4 0 6 0 2 0 19 18 23 24 0 25 20 0 17 0 0 0 0 14 15 0 45 48 46 47 42 43 44 0 0 0 0 52 53 0 0 0 41 40 34 37 0 0 0 31 0 28 27 33 32 0 26 0 0 0 64 58 0 62 0 
57 0 0 0 55 0 51 50 0 0 0 0 0 6 0 0 61 0 60 0 0 0 62 0 33 29 0 30 31 26 0 0 0 0 0 40 36 37 39 35 20 25 0 0 21 23 22 19 15 0 12 0 17 0 14 10 45 47 44 48 42 49 46 43 
0 0 45 0 47 46 0 42 61 0 58 0 64 62 1 60 0 57 52 0 56 51 54 55 25 0 0 22 0 18 19 20 26 33 30 32 28 0 31 27 12 17 0 10 13 0 14 0 0 5 4 0 9 8 0 2 0 0 0 40 34 0 0 35 
25 0 0 20 0 22 0 18 0 35 34 39 40 0 41 36 29 33 0 0 32 0 0 31 1 61 64 0 63 0 59 60 0 9 0 8 4 0 0 0 0 57 0 50 0 0 54 51 47 45 0 43 0 48 46 42 0 15 12 16 0 17 0 11 
41 40 37 36 39 38 0 34 53 51 0 0 56 54 57 0 0 49 0 42 48 43 46 0 0 0 0 14 15 0 0 0 0 0 0 24 0 0 0 19 4 9 8 2 5 7 0 0 0 61 0 59 0 0 62 58 0 31 0 32 26 0 0 27 
33 32 29 28 0 30 27 26 45 43 0 47 48 46 0 0 37 41 0 0 0 35 0 39 9 5 0 0 7 2 0 4 10 17 14 16 0 0 0 11 60 0 64 0 0 0 62 0 0 53 0 0 0 0 0 0 0 23 20 0 18 0 22 19 
1 64 61 0 0 0 59 58 13 11 0 0 16 0 0 12 5 0 4 2 8 3 0 7 41 37 40 0 39 0 35 36 0 49 0 48 44 0 47 0 28 0 32 0 29 31 0 0 23 21 20 0 0 24 22 0 53 55 52 56 50 0 0 51 
43 0 39 38 0 40 37 36 0 53 52 57 58 56 59 0 0 51 0 44 0 45 48 49 0 0 18 16 0 0 13 14 20 27 24 0 22 23 0 21 0 0 0 4 7 0 8 0 1 63 62 61 3 2 64 60 31 0 30 34 28 0 32 0 
35 0 31 30 33 32 29 28 47 45 0 49 50 0 51 46 39 43 38 36 42 37 0 0 0 7 0 8 9 0 0 6 0 19 16 18 14 15 17 13 62 3 0 60 63 1 64 61 0 0 0 53 59 58 0 52 23 25 0 26 0 0 0 0 
27 0 0 22 25 0 0 20 0 0 36 0 42 0 43 38 31 35 30 0 34 0 32 33 0 0 2 64 1 60 61 0 0 11 8 10 6 0 0 5 54 59 0 0 55 0 0 53 49 47 46 0 51 0 48 0 15 0 14 18 12 19 16 13 
59 0 55 54 0 56 53 0 0 5 4 0 10 8 0 6 0 0 0 60 0 61 64 1 35 0 34 32 33 0 0 30 0 43 40 0 0 0 41 0 22 0 26 20 23 25 24 21 0 15 14 0 19 18 0 12 47 49 46 0 0 51 48 45 
0 2 0 0 1 64 0 60 15 13 0 0 18 16 19 0 7 11 0 4 10 5 8 0 43 39 0 40 41 36 0 0 44 51 48 50 46 0 49 0 30 0 0 28 0 33 32 29 0 23 0 0 0 0 0 20 55 0 54 58 52 59 0 0 
11 10 7 0 9 8 0 4 0 21 20 0 0 24 27 22 15 19 0 12 0 0 0 0 51 47 50 48 49 44 45 0 0 59 0 58 54 55 57 0 0 43 42 0 0 41 40 37 33 31 0 0 0 0 0 28 0 1 62 2 0 3 0 61 
51 50 47 46 0 48 45 44 0 0 60 1 0 64 0 62 55 0 54 0 0 0 56 57 0 0 26 24 25 20 21 0 28 35 0 0 30 31 33 0 14 19 0 0 0 0 16 13 0 7 0 0 0 0 8 4 0 41 0 0 36 0 40 37 
19 18 15 0 0 0 0 12 0 0 28 33 0 0 35 30 0 27 22 20 26 21 24 0 0 0 0 56 0 52 53 54 0 0 0 2 62 63 0 0 46 0 50 44 47 0 48 45 41 39 38 37 43 0 40 36 7 0 6 10 4 11 8 5 
0 47 44 43 46 45 42 41 60 58 0 0 0 0 64 59 0 56 0 49 55 0 53 0 24 0 0 21 22 17 18 19 25 32 29 31 0 0 0 26 0 0 0 0 12 0 13 10 6 4 0 2 0 7 5 0 36 38 0 0 33 0 0 34 
24 0 20 19 0 21 18 17 0 0 33 38 39 37 40 0 0 32 27 25 31 26 0 0 64 0 63 61 0 0 0 59 1 0 0 0 3 4 6 2 51 56 55 49 52 0 53 50 0 44 43 0 0 0 45 0 0 14 0 0 9 0 13 10 
0 31 28 0 0 29 0 25 44 42 0 46 47 45 0 43 36 40 35 0 39 34 37 38 0 0 0 5 0 1 0 0 9 16 13 0 0 12 0 0 0 0 63 57 60 62 0 58 0 0 0 0 56 55 53 49 0 22 19 0 17 24 21 0 
16 15 12 11 14 13 10 0 0 26 25 0 0 29 32 27 20 0 0 17 0 18 21 22 0 0 55 53 0 0 0 0 57 0 61 63 0 60 62 0 0 0 47 0 44 46 45 42 0 36 35 0 40 39 0 0 0 6 0 7 0 8 5 0 
40 39 0 35 38 37 34 33 52 0 49 54 55 53 0 0 44 48 0 0 47 42 0 46 16 12 15 0 14 0 0 0 0 0 21 0 19 0 0 18 0 8 0 0 4 6 0 2 0 0 59 58 64 0 0 0 28 0 0 0 25 0 0 26 
8 0 4 3 6 0 2 1 0 0 17 22 0 0 0 19 0 16 11 0 0 0 13 0 48 44 0 45 46 0 42 0 0 56 0 0 51 52 54 50 0 40 39 0 36 38 37 34 30 0 0 0 32 31 29 0 60 0 0 0 0 64 0 58 
0 63 0 0 0 0 58 0 12 0 0 14 15 13 16 0 0 0 0 0 0 2 5 0 40 0 39 37 0 33 34 35 41 48 45 47 0 0 0 0 0 0 31 0 0 30 29 26 22 20 19 18 0 23 0 17 52 0 0 0 49 56 53 50 
56 55 52 0 54 53 0 49 0 2 1 0 7 5 8 0 60 0 59 0 63 58 0 62 32 28 31 29 30 25 0 27 0 0 37 0 0 36 0 34 19 0 23 0 20 0 21 18 0 0 11 10 16 15 0 9 44 46 0 47 41 48 45 42 
58 57 54 53 56 0 52 0 6 0 3 8 9 0 10 5 0 2 61 59 0 0 63 0 34 0 0 31 0 0 28 29 35 42 39 41 0 0 40 36 0 26 25 19 22 0 23 20 16 14 13 0 18 17 15 11 46 48 45 49 0 50 0 44 
0 0 0 21 24 0 20 19 38 36 0 0 41 0 42 37 0 0 29 27 33 28 0 32 0 0 0 0 0 59 60 61 3 0 7 0 5 6 8 4 53 0 0 51 54 56 55 0 48 0 45 44 50 49 47 43 0 16 13 0 11 18 0 0 
50 0 46 0 48 47 0 43 62 60 59 64 0 63 2 61 54 0 53 51 57 52 55 0 26 22 0 23 0 19 0 21 0 34 31 0 29 0 0 0 13 18 17 11 14 16 15 0 8 0 0 4 10 9 7 0 38 0 37 0 0 42 39 36 
0 1 0 0 64 63 0 59 14 12 0 0 0 0 0 13 0 10 0 3 9 4 7 8 0 0 41 0 0 0 36 37 0 50 47 0 45 46 48 44 0 34 33 0 30 0 0 28 0 0 21 20 26 25 0 19 54 0 0 57 51 58 0 52 
0 0 0 0 0 7 0 3 22 0 0 24 25 0 26 0 14 0 13 0 0 12 15 16 0 46 0 47 0 0 0 45 0 58 55 0 53 0 0 0 37 42 41 35 38 40 39 0 0 30 29 28 34 0 31 27 62 0 61 1 59 0 63 60 
34 33 30 29 32 31 28 0 46 44 43 48 49 47 0 45 38 42 37 35 41 36 0 0 10 6 9 0 8 0 0 0 0 18 15 0 0 14 16 0 61 2 1 59 62 0 0 60 56 0 0 0 0 0 55 0 22 24 21 25 19 0 23 20 
18 0 0 0 0 15 12 11 30 28 27 32 33 31 0 0 0 26 21 19 25 20 23 0 58 54 0 0 56 0 52 53 0 2 63 1 61 62 64 60 0 0 0 0 46 48 0 44 40 38 37 0 42 41 0 35 6 8 5 0 0 10 0 0 
0 41 38 0 0 0 0 0 0 0 0 56 0 0 58 0 46 50 45 43 49 44 0 0 18 14 0 0 0 0 12 0 19 26 0 25 0 22 0 0 5 10 9 0 6 0 7 4 64 0 61 60 0 0 63 0 30 32 29 0 0 0 31 28 
44 43 40 39 0 0 0 0 56 54 0 58 59 0 60 0 48 0 47 45 51 0 0 0 20 0 0 17 18 0 14 15 0 28 25 0 0 24 0 0 7 0 11 5 8 10 0 0 0 64 63 62 0 0 1 61 0 0 31 0 0 36 33 0 
28 0 24 0 26 0 22 21 40 38 0 42 43 0 0 39 0 36 0 0 35 30 0 34 4 64 3 1 2 0 0 0 5 0 0 11 7 0 10 0 0 0 0 0 56 58 0 0 50 0 0 0 0 0 0 0 16 18 15 0 0 20 17 0 
0 0 0 31 0 33 30 0 0 0 45 50 51 49 52 0 40 44 0 0 0 38 41 42 0 8 0 9 10 5 6 7 0 0 17 0 15 0 18 0 0 4 0 61 64 0 1 62 58 0 55 54 0 0 57 0 24 26 23 0 21 0 25 22 
60 59 0 55 0 57 54 0 8 0 5 10 0 9 0 7 0 4 0 0 3 0 0 2 36 32 35 33 0 29 30 31 0 44 41 43 39 0 42 38 23 28 27 0 24 26 25 22 18 16 15 0 20 19 17 0 48 50 0 0 0 52 49 0 
0 0 64 0 2 1 62 61 0 14 0 18 19 17 0 15 8 0 7 0 11 6 0 10 0 40 43 41 42 37 38 0 45 0 0 51 47 0 0 0 31 36 35 0 32 34 0 30 26 24 0 22 28 27 25 21 56 58 0 0 53 60 0 54 
0 19 16 15 18 17 14 13 32 30 29 0 35 33 36 31 0 0 23 21 0 22 0 26 60 0 59 57 58 0 54 55 61 4 1 3 63 0 2 62 0 0 51 45 48 0 0 46 0 40 39 38 0 43 41 0 8 0 0 11 5 12 9 6 
52 51 0 0 50 49 46 0 0 62 61 0 0 0 4 63 56 60 55 53 59 54 57 0 28 0 27 25 26 21 0 23 29 36 0 35 0 32 34 0 15 20 19 0 0 0 17 0 10 8 0 6 12 11 9 0 40 0 39 0 37 0 41 38 
12 0 0 7 10 9 0 0 24 22 21 0 0 25 28 23 16 0 15 13 19 14 17 18 52 48 51 49 0 0 46 47 0 60 0 59 55 56 58 0 39 44 43 37 0 42 41 38 34 32 31 30 36 35 0 29 64 0 0 0 61 4 0 62 
