8
0 23 0 0 30 29 24 25 53 52 0 54 48 0 50 47 17 0 16 18 20 0 15 0 57 62 61 0 0 0 58 0 7 11 0 12 0 14 8 0 34 0 0 33 0 0 0 37 45 43 0 46 39 0 41 40 5 2 0 63 0 4 0 64 
35 31 34 0 38 0 0 33 0 0 57 0 56 59 0 55 25 29 24 26 0 27 23 0 0 6 0 0 63 0 0 0 15 19 17 20 21 0 0 18 0 0 39 41 0 40 43 0 53 51 0 54 47 52 49 48 0 0 9 0 14 12 11 0 
0 0 42 44 0 45 40 41 5 0 0 0 0 3 2 63 33 37 32 34 0 35 0 0 9 0 0 0 7 11 10 8 0 0 25 28 29 0 0 0 0 54 47 49 52 48 0 0 61 0 58 62 0 0 0 56 21 18 17 0 22 20 0 16 
51 47 50 52 54 0 48 49 13 12 9 14 8 11 10 7 41 45 40 0 44 43 39 46 17 0 21 20 15 19 0 0 0 35 0 36 37 0 32 34 0 0 55 57 60 56 59 61 5 0 0 6 63 0 0 64 29 0 0 23 30 28 27 0 
59 55 58 0 62 61 56 57 21 20 17 0 16 19 18 0 49 0 48 50 52 51 47 54 25 30 29 28 23 0 26 0 39 0 41 44 0 46 0 0 0 6 63 1 0 64 0 5 13 0 0 0 0 12 0 0 0 0 33 0 38 36 0 32 
0 0 18 20 22 21 16 0 45 0 41 0 40 43 42 39 0 13 8 10 12 0 7 0 49 54 53 52 47 51 0 0 0 3 1 4 0 0 64 0 0 0 23 25 0 0 0 29 37 35 34 0 0 36 0 0 61 0 0 0 62 0 0 0 
3 63 2 0 6 5 64 1 29 28 0 30 24 27 26 23 57 61 56 0 60 59 0 0 33 38 37 0 31 35 34 0 47 51 49 0 0 0 0 50 0 14 7 0 12 8 11 13 21 0 18 22 0 0 17 16 0 0 0 0 46 0 43 40 
11 7 10 12 14 0 8 9 37 36 33 38 0 0 0 31 0 5 64 2 0 0 63 6 41 0 45 0 39 0 0 0 0 59 0 60 0 0 56 58 18 22 0 17 20 16 19 21 29 27 26 0 0 0 0 24 53 50 49 47 54 52 51 48 
62 0 0 63 0 64 59 0 24 0 20 25 19 22 0 18 0 56 51 0 55 54 50 57 28 0 32 0 0 0 29 27 42 0 44 47 48 49 0 0 0 9 0 4 7 3 0 8 16 14 0 0 10 15 0 11 0 37 36 34 41 39 0 35 
54 50 53 55 57 56 51 0 16 0 12 0 11 14 0 10 0 0 43 45 47 46 42 0 20 25 24 23 18 22 0 19 34 38 36 39 0 0 0 37 0 1 58 0 63 59 62 0 0 0 0 9 2 0 4 3 32 29 28 26 33 31 0 27 
0 10 13 0 0 0 11 0 40 39 36 41 35 0 37 0 4 0 0 0 7 6 0 0 44 49 48 0 42 0 45 43 58 62 60 0 64 1 0 61 21 0 0 0 23 0 0 24 32 30 29 0 0 0 28 27 0 53 0 50 57 55 0 51 
22 0 0 0 0 24 19 20 0 47 44 49 0 46 0 0 12 16 0 0 0 14 0 17 52 57 56 0 50 54 53 0 0 6 4 0 8 0 3 5 29 33 0 28 0 27 0 32 40 38 37 41 0 39 0 0 0 61 0 58 1 0 0 0 
38 34 37 39 0 0 35 36 0 63 0 0 0 62 61 0 0 0 0 0 31 0 0 33 4 9 8 0 0 6 5 0 0 22 20 0 0 0 0 0 45 49 42 0 0 0 46 48 0 0 0 0 50 55 52 51 0 13 12 10 17 15 0 11 
0 0 45 47 49 48 0 44 0 0 4 9 3 6 5 2 36 40 35 37 39 38 34 41 0 17 16 15 10 14 0 0 26 30 0 0 32 0 0 29 53 0 50 0 55 51 54 56 0 62 61 0 58 63 60 59 24 0 20 0 0 23 22 19 
0 0 0 7 9 8 3 4 32 31 0 33 0 0 29 26 60 64 59 61 0 0 58 0 36 41 40 39 34 0 0 35 0 0 52 55 56 57 51 0 0 0 0 12 15 11 0 16 24 0 21 0 18 0 20 19 0 45 44 42 49 47 46 0 
30 0 0 31 0 0 27 0 56 55 52 57 0 0 53 50 20 0 19 21 23 0 18 0 60 0 0 63 58 62 61 0 0 0 0 15 16 0 0 13 0 41 34 0 39 35 0 0 48 46 45 0 0 47 0 43 8 5 4 0 0 7 0 3 
24 0 23 0 27 26 0 22 0 49 46 0 0 48 47 44 0 18 13 15 17 16 0 19 54 59 0 0 52 56 55 0 4 0 6 9 0 11 5 7 0 0 0 30 33 0 32 0 42 40 39 0 0 0 38 0 2 63 62 0 0 1 64 0 
0 0 0 49 51 50 45 46 0 9 6 11 5 8 0 0 0 0 0 0 41 40 36 0 0 19 0 0 12 0 0 0 0 32 30 33 0 35 29 31 55 59 0 54 57 0 56 58 0 0 0 0 0 0 62 0 26 23 0 20 0 25 0 21 
0 28 31 0 35 34 29 0 58 0 0 59 53 56 55 0 0 0 21 23 0 24 20 0 62 3 2 0 60 0 63 61 12 16 14 0 0 19 0 15 39 43 0 38 41 0 0 42 50 48 0 51 0 49 46 45 10 0 0 4 11 9 8 5 
16 12 0 0 0 18 13 14 42 41 38 43 0 40 0 0 6 10 5 0 9 8 0 11 46 51 50 0 0 0 47 45 0 64 62 1 2 3 0 63 0 0 0 0 25 0 24 26 34 32 31 35 28 33 0 0 58 55 54 0 59 57 56 53 
0 0 55 57 0 0 0 54 0 17 0 19 13 0 15 12 46 0 0 0 49 48 44 0 22 27 26 0 0 24 23 21 36 40 38 0 0 0 37 0 0 0 0 0 1 0 0 0 10 0 0 11 0 9 6 5 34 31 30 0 35 33 0 0 
8 4 7 0 11 0 0 6 0 33 0 35 0 32 0 0 62 2 61 63 1 0 0 3 0 43 42 41 0 0 39 0 52 0 54 57 58 59 0 0 0 19 0 14 17 13 16 18 26 0 0 27 0 0 22 0 50 47 46 0 0 0 0 45 
64 60 0 0 3 0 61 62 0 25 22 0 0 0 23 20 0 58 53 55 0 56 52 59 0 35 34 33 28 32 31 0 44 0 0 49 50 51 45 0 0 11 0 0 0 0 8 10 18 16 15 0 0 0 0 0 0 39 38 0 0 0 40 0 
0 36 39 41 0 42 0 0 0 0 0 3 61 64 63 60 30 34 0 31 33 0 28 35 6 0 0 0 0 8 0 0 20 24 0 25 26 0 0 23 47 0 44 46 0 45 48 50 58 0 55 0 52 57 54 53 18 15 14 12 0 0 16 0 
55 51 54 0 58 57 52 0 17 16 13 0 12 15 0 11 45 49 0 46 48 47 0 0 21 0 25 24 0 23 0 20 0 39 0 40 0 42 0 0 0 2 59 61 64 0 63 1 0 7 6 10 0 8 5 4 33 0 29 0 34 32 31 28 
0 0 0 0 18 17 0 13 41 40 37 42 36 39 0 35 5 0 4 0 8 7 0 10 45 50 0 48 0 0 46 44 0 63 61 64 0 2 60 62 0 0 19 21 24 20 23 25 0 0 0 0 27 32 29 0 57 54 53 51 0 0 55 0 
23 19 0 0 0 25 20 21 49 48 0 50 0 0 0 43 13 17 12 0 16 15 0 18 53 0 0 56 51 0 0 52 3 7 0 0 9 0 4 0 30 34 27 29 0 28 31 0 0 0 38 0 0 0 37 0 0 0 0 59 2 64 63 0 
7 0 6 0 10 0 4 5 33 0 29 0 28 31 30 27 61 1 60 0 0 0 59 0 37 0 41 40 35 0 38 0 0 55 0 0 0 0 52 0 0 18 11 13 16 12 0 17 25 23 0 26 19 0 0 20 49 46 45 43 50 0 47 44 
0 59 0 64 2 1 60 61 0 24 21 26 0 0 22 19 53 0 52 54 56 0 51 0 29 0 0 32 0 31 30 28 43 47 45 48 49 50 44 46 6 10 3 5 8 4 7 0 0 0 0 18 0 16 13 12 41 38 37 35 42 40 39 0 
31 0 30 32 34 0 0 29 0 56 0 0 52 55 54 51 21 25 20 0 24 23 19 26 0 2 0 0 0 0 62 0 11 15 13 0 0 0 12 0 38 0 0 37 40 0 0 41 0 47 46 0 0 0 0 44 9 6 5 3 0 0 0 0 
0 43 46 48 0 49 0 0 9 0 5 10 4 0 0 0 0 41 36 38 40 0 0 42 0 18 17 16 0 15 14 0 27 0 29 32 0 34 28 0 0 0 0 53 56 52 55 57 0 63 62 2 59 0 0 60 25 22 21 19 26 24 23 20 
0 35 38 40 42 41 0 0 1 64 0 2 60 0 0 59 29 0 28 30 0 31 27 0 0 0 9 8 0 0 6 0 19 23 21 0 25 26 20 22 46 50 43 45 48 0 47 0 0 55 54 0 0 56 0 0 17 0 0 11 18 16 15 0 
58 54 57 59 61 60 55 0 20 19 0 21 15 18 0 14 48 0 0 49 51 50 46 53 0 0 0 27 22 26 0 23 38 0 0 0 44 0 39 41 1 5 62 64 0 63 2 0 12 0 9 13 6 11 0 7 36 0 0 0 37 35 0 0 
26 22 25 27 29 28 23 0 0 51 0 53 47 50 0 46 16 20 15 0 0 18 0 21 0 0 60 59 54 0 0 55 0 10 8 0 12 0 7 0 0 0 0 32 35 0 34 36 44 42 0 0 38 43 0 39 4 0 0 62 5 3 2 63 
42 38 41 43 0 44 0 0 0 0 0 0 0 2 0 62 0 0 31 33 35 0 30 37 8 13 12 0 6 10 9 0 0 26 0 27 28 0 23 25 49 53 0 48 51 0 50 0 0 0 57 61 54 0 0 0 20 17 16 14 21 0 0 15 
18 14 0 19 21 20 0 0 0 0 40 0 39 42 41 38 0 12 7 9 11 10 6 13 0 53 0 0 0 50 49 0 0 2 0 0 0 5 63 0 25 29 22 0 27 0 26 0 36 34 33 37 30 35 32 31 60 57 56 54 61 0 0 0 
34 30 33 0 0 36 31 0 0 59 56 0 55 0 0 54 24 28 23 25 0 26 0 0 64 5 4 3 62 2 1 0 0 0 16 0 20 0 15 17 0 0 0 0 0 39 42 44 52 50 0 53 0 0 0 0 0 9 8 0 13 11 10 0 
50 0 0 0 0 52 47 48 12 0 8 0 7 0 0 0 40 0 39 0 43 42 0 0 0 21 20 19 14 18 17 0 0 0 32 0 36 37 31 0 0 61 54 0 0 0 0 0 0 2 1 0 0 3 0 63 0 0 24 22 29 0 26 23 
2 0 0 3 0 4 63 64 28 0 24 29 0 26 0 22 56 60 55 0 59 58 0 61 32 37 36 35 0 34 0 0 46 50 48 51 0 0 0 49 9 13 0 0 11 7 10 12 20 18 0 21 14 19 16 15 44 0 40 38 45 0 0 0 
0 6 0 0 0 0 7 0 36 35 0 37 31 34 0 0 64 0 63 1 0 0 62 5 0 45 44 43 0 42 0 39 54 58 56 59 0 61 55 57 0 0 0 0 0 15 18 0 28 26 25 29 22 27 0 23 0 0 0 0 53 51 0 47 
0 45 48 50 0 51 46 47 11 0 7 12 0 0 8 5 0 43 38 0 42 41 37 0 15 20 0 0 13 17 16 0 0 33 31 0 0 0 0 0 56 60 0 0 0 54 0 59 3 0 0 0 61 0 63 62 27 24 0 0 28 26 25 22 
0 21 0 0 28 0 0 23 51 0 0 0 46 0 48 0 0 0 14 16 18 17 0 20 55 0 59 58 0 0 56 0 0 9 0 0 11 12 6 8 0 36 29 31 0 30 33 35 43 41 0 0 0 42 39 38 3 64 63 61 4 0 1 62 
0 13 0 0 0 0 0 15 0 0 0 0 38 41 40 0 0 0 0 8 10 0 5 12 47 52 51 50 0 0 0 46 0 1 0 2 0 4 62 64 24 0 21 0 26 22 0 27 0 0 32 36 29 0 31 0 59 56 55 53 60 0 57 54 
41 37 40 42 44 0 0 0 0 0 63 4 62 1 64 0 31 0 30 32 34 0 29 0 7 12 11 0 5 0 0 6 21 0 23 26 0 0 0 24 0 52 45 0 0 46 0 51 0 0 56 60 0 58 55 0 0 0 0 13 20 18 17 0 
0 5 8 10 0 11 6 7 0 34 31 0 0 0 32 0 63 3 62 64 0 1 61 4 0 44 43 0 37 0 40 38 0 0 55 58 0 0 0 0 16 0 13 15 18 0 17 19 27 0 24 28 21 26 23 0 51 48 47 0 0 0 49 46 
33 29 0 34 36 35 0 31 59 58 55 60 54 0 56 53 23 0 22 0 26 25 0 0 63 4 3 2 61 1 0 62 0 17 15 18 19 0 0 16 0 0 37 0 0 0 0 43 51 49 0 52 0 0 0 0 11 8 0 5 12 0 9 6 
0 0 0 58 0 59 0 55 19 0 15 0 14 17 0 0 47 0 0 48 50 49 45 52 23 0 27 26 0 25 24 22 37 41 0 42 43 44 38 0 64 4 61 63 2 0 1 3 0 0 8 12 5 10 7 6 35 32 0 0 36 0 0 0 
1 0 64 2 4 3 62 63 27 26 23 0 22 0 24 0 0 0 54 56 0 57 53 60 31 36 35 0 29 0 0 0 0 0 47 50 51 52 46 48 8 12 0 0 0 0 9 11 0 17 0 20 13 18 0 14 0 0 39 37 0 0 0 38 
0 9 0 14 0 0 0 0 0 38 35 40 0 37 36 33 3 7 2 0 6 5 0 8 43 0 47 46 41 45 44 0 0 0 0 0 63 0 0 60 20 24 0 19 22 18 21 23 31 29 0 32 25 30 0 0 55 0 51 49 56 54 53 50 
45 41 0 0 0 47 42 0 0 6 3 8 2 5 0 1 0 0 34 36 38 37 33 40 0 16 0 14 9 13 12 0 25 29 0 0 0 0 26 0 52 0 49 0 0 50 53 55 63 0 60 64 57 62 0 58 0 20 19 0 24 0 0 0 
0 49 0 0 56 0 50 0 0 0 0 16 10 13 0 9 43 0 0 0 0 0 0 48 19 24 23 22 17 21 0 0 33 37 0 0 39 40 34 36 60 64 0 59 0 0 61 63 7 0 0 8 1 0 3 0 0 28 27 25 0 30 0 0 
21 0 20 22 24 0 0 0 47 0 43 48 42 0 44 41 11 0 0 12 0 13 9 0 51 0 55 54 0 53 0 50 1 5 3 0 7 0 2 4 0 32 25 27 0 26 29 0 0 37 0 40 33 38 0 0 63 60 59 0 64 62 61 58 
61 0 0 62 0 63 58 59 23 0 19 24 18 0 0 0 51 0 0 52 54 53 0 0 0 32 0 0 0 0 28 0 41 45 43 0 47 48 42 0 4 8 0 0 6 0 0 0 15 0 12 16 0 14 0 10 39 0 0 0 40 0 37 0 
0 0 36 38 40 39 34 0 63 0 59 0 0 61 60 0 0 31 26 0 0 29 25 32 3 8 0 6 1 5 4 2 0 21 19 22 0 24 18 20 44 0 41 0 0 42 0 47 55 53 52 0 49 0 51 50 15 12 0 9 16 0 0 10 
0 1 4 0 0 7 2 3 0 0 27 32 0 0 28 25 0 0 58 0 0 61 0 64 0 40 39 0 0 37 36 0 49 53 0 54 0 0 50 0 12 16 9 0 14 0 13 0 23 0 20 24 0 22 19 18 47 44 0 0 0 46 45 42 
29 0 28 30 32 31 26 27 0 54 51 0 50 0 0 0 19 23 18 20 0 21 17 0 0 0 0 62 57 61 0 0 0 0 0 0 15 16 0 0 0 40 33 0 0 0 0 0 47 45 44 48 0 46 43 42 0 4 3 1 8 6 0 0 
12 8 0 0 15 14 0 10 0 37 34 39 0 0 0 32 2 6 1 3 5 4 64 7 0 0 46 45 40 0 0 41 0 60 0 0 62 63 57 59 19 23 16 18 21 17 0 22 0 28 27 31 24 29 0 25 54 0 50 0 0 53 52 49 
0 0 0 53 55 0 0 50 0 13 10 0 9 12 11 8 42 46 41 0 0 0 0 47 18 23 22 0 16 20 0 17 32 36 34 37 0 0 0 0 0 63 0 58 61 57 60 62 6 0 3 7 64 5 0 0 30 0 0 24 31 0 28 0 
0 0 0 0 47 0 41 0 0 5 0 7 1 4 3 64 34 0 0 0 37 36 0 39 0 15 14 0 8 0 11 9 0 28 0 29 30 31 0 27 51 55 48 50 0 0 52 54 0 0 0 0 0 61 0 57 22 0 18 0 23 21 0 0 
28 0 27 0 0 30 25 26 0 0 50 55 0 0 51 0 18 22 0 19 0 0 0 0 58 63 0 61 56 0 0 0 8 12 0 0 14 15 9 11 35 39 32 34 37 33 36 38 0 44 43 0 40 45 0 41 6 3 2 64 0 0 4 1 
0 0 0 0 39 38 0 0 0 0 58 63 0 60 59 56 26 0 0 27 0 0 24 0 2 7 6 5 64 4 3 1 16 20 0 21 22 0 17 0 43 0 0 42 0 41 0 46 0 52 51 55 0 0 50 49 0 11 0 0 0 13 12 9 
0 0 3 5 7 0 0 2 0 29 26 0 25 0 0 24 58 62 57 0 61 60 56 0 34 39 38 0 32 0 35 33 0 0 50 53 0 0 49 0 0 0 8 10 13 9 12 14 22 20 0 23 16 21 0 0 0 43 42 0 0 45 44 0 
20 16 0 21 0 22 17 18 46 0 0 0 0 44 0 40 10 0 9 0 13 0 8 0 50 55 54 0 0 52 51 49 0 4 2 5 0 7 0 3 0 0 0 26 0 25 28 0 38 0 35 39 32 37 34 0 62 0 58 56 63 61 0 57 
60 56 59 61 0 62 57 0 22 21 0 23 17 20 0 16 50 54 0 0 0 52 0 55 26 31 0 29 24 0 0 25 40 0 42 45 46 0 0 0 3 0 0 0 5 0 4 0 0 12 0 0 8 0 0 9 0 35 34 32 0 37 0 0 
