8
14 10 0 0 0 0 12 0 39 34 0 0 36 0 0 38 5 0 2 0 4 64 0 1 24 0 30 27 29 26 0 0 0 0 22 0 23 21 0 0 63 0 57 60 0 56 0 0 45 42 0 0 44 0 41 0 51 0 0 52 53 0 49 54 
62 58 57 59 0 61 60 63 0 0 0 0 20 0 0 0 0 51 50 0 52 0 0 49 8 12 14 11 0 10 9 15 2 1 6 0 0 5 0 4 47 46 41 44 0 40 43 0 29 0 30 24 28 0 0 0 35 34 32 36 0 0 0 0 
0 0 1 0 64 5 0 0 31 0 25 0 0 27 0 0 61 0 0 62 60 56 0 57 16 0 0 0 0 18 17 0 0 0 0 11 0 13 8 0 55 54 0 52 0 0 0 0 37 0 38 0 0 39 33 0 43 0 40 44 45 47 0 46 
0 0 33 0 32 0 0 0 0 0 57 0 60 0 61 62 0 0 26 30 0 0 31 25 0 0 0 0 0 0 49 55 0 0 46 0 0 45 40 44 0 22 0 20 21 16 19 18 5 2 0 64 4 7 1 3 11 10 8 12 13 15 9 0 
0 18 0 0 16 21 0 23 0 0 41 40 44 0 0 0 0 0 0 14 0 0 15 9 0 0 38 35 0 0 33 39 26 0 0 0 0 29 0 0 7 6 1 4 5 0 0 2 53 50 0 0 0 55 49 51 0 58 0 60 61 63 57 0 
0 50 49 51 48 0 0 55 15 0 9 0 12 11 13 14 45 0 42 0 44 0 47 41 64 4 0 3 5 0 1 0 0 0 0 0 0 61 56 0 39 38 33 0 37 32 0 0 21 18 22 0 0 0 17 0 27 0 24 0 29 0 0 30 
0 0 0 27 0 29 28 31 55 50 0 48 52 0 53 0 0 19 0 22 0 0 0 0 0 44 46 0 0 42 0 47 0 33 38 0 39 37 32 0 0 14 0 12 0 8 0 10 61 0 0 0 60 0 57 0 3 0 64 4 0 7 1 6 
0 42 0 0 40 0 44 47 0 2 1 0 4 0 5 0 0 35 0 0 36 32 39 0 56 0 62 0 61 58 57 0 0 49 54 0 55 0 0 52 0 0 0 0 29 0 0 0 13 10 14 0 12 0 0 0 0 0 0 0 21 0 17 0 
3 0 0 64 0 2 0 4 0 23 0 0 25 0 0 0 0 56 0 59 0 53 60 54 0 17 19 16 18 15 0 20 0 6 0 8 0 10 5 9 0 51 0 0 50 45 48 47 34 31 35 0 33 36 0 0 40 39 37 41 42 44 0 43 
0 15 14 0 0 18 0 20 44 39 0 0 41 40 42 43 10 0 7 0 9 5 0 0 29 33 35 32 34 0 0 0 0 0 27 0 28 0 21 0 4 0 0 1 2 0 0 63 0 47 51 0 49 52 46 0 56 55 0 0 0 60 0 59 
0 47 46 48 0 50 49 52 0 7 0 5 9 0 10 11 42 0 0 0 0 37 44 0 61 1 0 0 2 63 62 0 55 0 59 0 0 0 0 0 36 35 0 0 34 29 32 0 0 15 19 0 0 20 0 0 24 23 0 0 26 0 0 0 
0 55 54 56 53 58 0 0 20 0 0 0 0 0 0 0 0 48 47 51 0 45 52 0 0 9 11 0 0 7 6 0 0 62 3 64 4 0 0 0 0 0 38 0 42 37 40 39 26 0 0 0 0 0 0 24 0 31 29 33 0 36 30 35 
11 7 6 8 0 10 9 12 36 31 30 29 33 0 0 35 2 64 63 0 0 0 0 62 0 0 27 0 0 0 22 28 0 14 19 16 0 18 0 17 0 59 0 0 0 53 0 55 42 0 43 37 0 0 0 0 0 0 45 49 50 52 0 0 
43 0 0 0 37 0 0 44 0 0 62 0 1 64 2 3 0 0 31 35 33 0 36 0 53 57 0 0 58 55 54 0 47 0 51 0 52 50 45 0 0 0 22 25 26 21 0 23 0 7 11 5 9 0 0 8 16 15 13 0 18 20 14 19 
27 0 22 24 21 0 0 28 0 47 46 0 49 0 0 51 18 16 0 0 17 0 20 0 0 0 43 0 42 0 0 0 31 30 0 32 36 34 29 33 12 0 0 9 0 0 8 0 58 0 0 53 57 0 54 56 0 63 0 1 2 4 62 0 
0 0 0 0 29 0 0 0 60 55 0 53 0 0 0 59 26 0 23 27 0 21 28 0 0 0 51 0 50 0 46 52 0 38 0 0 44 42 37 0 0 19 14 17 18 13 16 15 0 0 3 61 1 4 0 0 0 7 5 0 10 0 0 0 
0 49 48 0 47 52 0 54 14 0 0 0 11 10 12 13 0 42 41 45 0 0 46 40 63 0 0 2 4 0 0 0 57 56 0 58 0 60 0 59 0 37 0 35 0 31 34 0 0 0 0 15 19 22 0 0 26 0 23 0 28 0 0 29 
0 0 56 58 0 60 59 0 22 0 16 15 0 18 0 0 52 50 0 53 0 47 0 48 0 11 0 0 12 9 0 14 0 64 5 2 0 0 63 3 0 45 0 43 0 39 0 0 28 25 0 0 0 30 0 0 0 0 0 35 0 0 32 37 
29 25 0 26 0 28 0 0 0 0 48 47 51 0 0 53 20 0 17 0 0 0 0 16 39 0 0 0 0 0 0 0 0 32 37 34 0 0 0 0 0 13 8 0 0 7 10 0 60 0 0 55 0 0 56 58 0 1 63 3 4 6 0 0 
45 0 0 42 0 0 0 46 0 0 64 0 3 2 4 5 36 34 0 37 0 0 38 32 55 59 61 0 60 57 56 62 0 48 53 0 0 52 47 51 0 0 24 27 0 0 26 25 12 9 13 7 11 14 0 0 18 0 15 19 20 0 0 21 
0 0 64 0 0 0 0 0 0 0 24 23 27 0 28 0 60 0 0 0 59 55 62 0 15 19 0 0 0 17 0 22 9 8 13 10 0 12 0 11 54 53 48 51 52 47 0 0 36 33 37 0 35 38 32 0 0 0 39 43 44 0 0 45 
0 33 32 0 31 36 35 38 62 0 56 0 0 0 60 0 28 26 25 0 27 23 0 0 0 51 0 50 0 0 0 54 41 40 0 0 46 0 39 0 0 0 0 0 20 0 0 0 0 0 5 0 0 6 64 0 10 9 0 11 0 14 0 0 
0 0 0 18 15 0 0 22 46 0 0 0 43 42 0 45 12 0 0 0 0 7 14 8 0 35 0 0 36 33 0 38 25 0 29 0 30 0 0 0 0 5 64 0 0 63 0 1 0 0 53 47 51 0 0 0 0 57 55 0 0 0 0 0 
0 9 0 0 0 0 11 14 0 0 0 31 0 0 36 0 0 0 1 5 3 0 6 0 23 0 29 0 0 0 24 0 17 0 21 18 22 0 0 0 0 61 0 59 60 55 58 0 0 41 45 39 43 0 40 0 0 49 47 51 52 54 48 0 
7 0 2 4 0 0 5 0 0 0 0 0 0 28 30 0 0 0 59 0 0 57 64 58 0 0 23 0 0 0 18 0 11 10 0 0 0 14 0 0 56 55 50 0 0 49 0 51 38 35 39 33 0 40 34 36 44 0 41 0 46 48 42 47 
39 0 0 0 0 0 0 40 0 0 0 57 0 60 62 0 30 28 27 31 0 25 0 0 49 0 55 0 0 51 50 56 0 0 47 44 48 46 0 0 24 0 18 21 22 0 0 0 6 3 7 1 0 0 0 4 12 11 0 0 14 0 10 15 
23 0 18 20 0 0 0 24 0 43 0 0 45 44 46 0 14 12 0 15 13 9 0 10 0 0 0 36 0 35 34 0 27 0 0 28 32 0 25 29 8 7 2 5 0 0 0 3 54 0 55 49 53 56 50 52 0 0 0 61 0 0 0 63 
63 0 0 0 57 0 0 64 24 19 0 0 0 20 22 23 0 0 0 0 53 49 56 50 0 0 0 0 0 11 0 16 3 0 7 0 0 6 1 5 48 47 0 45 46 0 0 0 30 0 31 0 0 32 0 28 36 35 33 0 0 40 34 0 
0 0 0 0 0 0 45 48 0 3 2 1 5 0 0 0 38 36 35 39 37 33 0 0 57 0 63 60 0 59 0 0 0 50 55 52 56 54 0 0 0 0 0 0 0 25 0 27 14 0 15 0 13 16 10 0 0 0 0 0 22 24 18 0 
0 11 0 0 0 0 13 0 40 0 0 0 37 0 38 0 6 4 3 7 5 0 0 2 0 29 31 28 30 0 0 32 0 0 0 0 0 22 0 21 0 0 58 61 0 0 60 0 46 0 0 0 45 48 0 44 0 51 49 53 0 56 0 0 
0 27 0 28 25 30 0 0 56 0 0 49 0 52 54 55 22 0 0 0 21 0 0 0 41 45 0 0 0 43 42 0 35 0 39 36 40 0 33 37 16 15 10 0 14 0 12 0 62 0 0 57 0 0 0 0 0 3 0 0 0 8 0 0 
0 51 0 52 49 54 0 56 0 0 0 0 13 12 14 15 0 44 43 0 0 0 0 0 0 5 7 4 0 3 0 0 59 0 0 60 64 62 57 0 40 39 34 37 38 33 36 0 22 19 0 17 21 24 18 0 28 27 25 29 0 32 0 0 
0 53 0 0 0 0 0 58 18 0 12 0 15 0 16 17 0 0 45 49 0 43 0 0 3 7 0 0 0 0 0 10 0 60 1 0 2 0 59 63 42 41 36 0 40 0 38 0 0 0 25 19 23 26 20 22 0 0 27 31 32 34 28 0 
33 0 0 0 0 0 0 0 0 53 0 51 0 0 0 57 0 0 21 25 23 19 26 0 0 47 0 0 0 45 0 0 37 0 41 38 0 0 0 0 18 0 0 0 16 11 0 13 0 61 1 0 63 0 60 0 0 0 3 7 0 10 0 9 
41 37 36 38 35 40 0 42 2 0 60 59 63 62 0 1 32 30 29 0 31 27 0 28 0 55 57 54 0 53 0 58 45 0 49 0 0 48 0 0 0 25 0 0 0 19 0 0 0 0 9 3 7 10 4 0 14 0 0 0 0 18 0 17 
1 0 60 62 0 0 0 2 26 21 20 19 0 0 0 0 0 54 0 0 55 0 58 52 11 15 17 0 16 13 12 18 5 4 0 6 10 8 0 0 0 0 44 0 48 43 0 45 32 29 0 0 0 0 28 30 38 0 0 0 0 42 0 0 
0 0 0 0 0 0 0 0 0 5 4 3 0 0 8 0 40 0 37 0 39 0 42 0 59 0 0 62 64 61 60 0 53 0 57 0 0 56 0 0 0 0 28 0 32 0 30 29 16 13 0 0 0 0 0 0 22 0 19 0 0 26 0 0 
0 0 12 14 11 16 0 0 0 37 36 0 39 38 40 41 8 6 5 0 7 3 10 4 27 0 0 30 32 0 0 34 0 0 25 0 26 24 0 23 0 1 60 0 64 0 62 0 0 45 0 0 0 50 44 0 54 53 51 0 56 58 0 57 
0 0 0 0 0 0 0 0 34 29 0 27 0 30 0 0 0 0 61 0 0 0 2 0 0 0 0 22 0 21 20 0 13 0 17 14 0 16 0 0 0 0 52 0 56 0 0 0 40 37 41 35 39 0 36 38 46 45 43 0 0 50 44 49 
25 21 20 0 19 24 0 26 50 45 44 43 0 46 48 0 16 14 0 0 15 0 18 0 0 0 41 0 0 37 36 42 29 0 33 0 0 32 27 31 0 0 0 7 8 3 0 5 56 53 0 0 0 0 0 0 62 61 0 63 64 2 0 1 
32 28 0 29 26 0 0 33 57 52 51 0 54 0 55 0 23 21 20 24 0 18 0 0 42 46 48 45 0 44 0 49 0 0 0 0 41 0 0 38 0 0 11 0 0 0 0 0 63 60 0 0 62 1 59 0 5 4 0 6 7 9 0 8 
64 60 59 0 58 63 0 1 25 20 19 18 0 21 0 0 0 0 0 56 0 50 57 51 10 14 0 13 15 12 0 0 4 0 8 0 0 0 2 6 0 48 0 0 0 42 0 44 0 0 32 26 30 33 0 0 37 0 34 38 39 41 35 0 
16 0 0 13 0 15 14 0 0 0 35 0 0 0 0 40 7 0 4 8 0 0 9 3 26 0 32 29 31 0 27 33 20 19 24 21 0 23 18 0 0 64 59 0 0 0 0 0 0 0 48 42 0 0 0 45 53 0 0 54 0 57 0 0 
48 0 0 45 42 0 0 49 9 4 0 2 0 5 7 8 39 37 0 0 0 34 41 0 58 62 64 61 0 0 59 0 52 0 56 53 0 55 50 0 0 32 27 0 31 0 0 0 15 0 0 0 0 0 0 0 0 0 0 0 23 25 19 0 
0 4 0 5 2 7 6 9 0 0 27 26 30 29 31 32 0 0 60 64 62 0 0 59 0 0 24 0 23 20 19 25 0 11 16 13 17 0 10 14 57 56 0 0 0 0 53 52 0 0 0 34 38 0 35 37 0 44 0 46 0 49 0 48 
0 0 0 21 0 0 0 0 49 0 43 42 0 45 0 0 15 0 0 0 0 0 0 0 0 0 0 0 39 36 0 0 0 0 32 0 33 31 26 30 0 8 0 6 7 0 5 4 0 52 0 0 0 0 0 0 61 0 58 0 63 0 0 64 
0 0 35 0 34 39 0 41 0 60 59 0 0 0 63 0 31 29 28 32 0 0 0 27 50 0 0 0 55 52 0 57 44 43 48 0 49 0 0 46 25 24 0 22 0 18 21 20 7 4 8 0 6 9 3 5 13 0 0 14 15 0 0 16 
56 52 51 0 50 0 54 0 17 0 11 10 14 0 15 0 47 0 44 0 0 42 0 0 0 6 0 0 0 4 0 0 0 59 64 61 0 63 58 62 41 0 35 0 0 34 0 0 0 20 24 18 0 0 19 21 0 28 26 0 0 0 27 0 
0 0 39 41 38 0 42 0 0 64 63 62 0 1 3 4 35 33 32 0 0 30 37 0 54 58 0 57 0 0 55 61 0 0 52 0 0 0 46 50 29 28 23 0 0 0 25 0 11 8 0 0 0 13 0 9 17 16 0 18 0 21 0 0 
36 0 31 33 0 35 0 0 0 56 0 54 58 57 0 0 0 0 0 0 0 22 0 23 46 0 0 0 51 0 0 0 40 39 44 0 0 0 0 42 0 20 0 0 19 0 0 16 3 0 0 62 0 5 0 1 9 8 0 10 11 13 0 12 
28 0 23 0 22 27 26 29 0 0 47 46 0 0 0 0 19 0 0 20 0 0 0 15 38 0 44 0 43 40 39 0 0 31 36 0 0 35 30 34 0 0 0 0 11 6 9 0 0 56 60 0 58 0 55 0 1 64 62 0 0 5 0 0 
0 56 0 0 0 0 0 0 21 0 15 14 18 17 19 20 0 0 0 52 50 0 53 0 0 10 12 9 11 0 7 13 64 63 0 1 5 0 62 0 45 0 39 42 43 38 41 40 0 0 28 0 26 29 0 25 0 0 30 34 0 37 31 0 
0 64 63 1 0 3 2 5 0 0 0 0 0 25 27 28 0 57 56 0 0 54 61 0 14 0 0 0 19 16 15 0 8 0 0 0 13 11 6 0 53 52 47 50 0 46 49 48 35 32 0 0 0 37 0 0 0 0 38 0 0 45 0 0 
0 48 47 49 0 51 50 0 0 8 0 6 0 0 0 12 43 0 0 0 0 0 0 39 0 0 4 1 0 0 0 5 0 0 60 0 61 0 0 0 0 0 31 0 35 0 33 32 0 0 20 14 18 21 15 17 25 0 22 0 27 29 23 0 
0 0 7 9 6 0 0 0 37 32 0 30 0 33 0 0 0 1 64 0 0 0 5 0 22 26 0 0 27 24 0 0 0 15 20 0 21 0 14 18 61 0 0 0 0 54 57 56 0 40 0 0 0 0 0 41 0 0 46 50 51 0 47 0 
20 16 0 0 0 0 18 0 45 0 0 38 0 0 43 44 11 0 8 0 0 6 13 0 0 0 36 33 0 32 31 0 24 0 28 25 0 27 0 0 0 4 63 2 3 62 1 64 51 48 0 0 50 53 47 49 0 56 54 0 59 61 55 60 
0 14 13 15 0 0 16 0 43 38 0 36 0 0 0 0 0 0 0 10 8 0 11 5 28 32 34 0 0 0 29 0 0 21 0 23 27 25 20 0 0 0 0 64 0 60 63 62 49 46 0 0 0 51 45 0 0 54 0 0 57 0 53 0 
50 46 0 47 44 0 0 51 0 0 0 0 0 0 9 10 0 0 38 0 40 0 43 0 0 64 0 0 1 62 61 0 54 0 0 55 0 0 0 56 35 0 29 0 0 0 31 0 0 14 18 12 0 19 13 0 0 0 0 0 0 0 0 26 
34 30 0 31 0 33 32 35 59 54 53 0 56 0 0 58 0 23 22 0 0 0 0 0 44 48 50 0 49 0 45 51 38 37 0 0 0 41 36 40 0 0 0 0 17 12 0 0 0 0 2 60 0 0 61 63 7 6 0 8 0 0 5 0 
10 0 5 0 4 0 8 0 35 30 0 0 0 0 0 0 1 63 0 0 0 0 3 0 0 0 26 23 25 22 0 27 14 0 18 0 0 0 0 16 59 58 53 56 57 0 0 54 0 38 0 0 40 0 0 0 0 0 44 48 0 0 45 50 
0 0 0 63 60 1 64 3 27 0 0 0 0 23 25 0 57 0 0 58 0 0 59 53 0 16 0 0 0 14 0 19 6 0 10 7 0 9 0 8 51 50 0 48 49 0 0 0 0 0 34 28 32 35 0 0 39 0 36 40 41 0 0 42 
0 38 37 39 36 41 40 43 0 62 0 60 64 0 0 0 33 0 0 34 32 28 35 0 52 0 0 55 0 54 0 59 0 45 0 47 51 0 0 0 0 26 21 24 0 20 0 22 9 6 0 0 0 11 5 0 0 14 12 16 17 0 0 18 
0 0 0 23 0 25 0 0 0 0 45 0 0 47 49 50 0 15 14 18 16 12 0 0 0 40 42 0 41 38 0 43 0 29 34 31 0 0 28 32 0 0 5 0 0 0 7 6 57 54 0 52 0 59 53 0 0 0 60 64 0 0 0 2 
58 0 53 0 0 0 56 0 19 14 13 12 16 15 0 18 0 47 46 50 0 44 0 0 0 0 0 7 9 0 5 11 62 0 0 0 3 1 60 0 43 42 0 40 0 36 39 38 0 0 26 0 24 0 21 23 0 0 28 32 0 35 29 0 
