8
0 0 0 29 0 0 0 0 0 22 0 0 0 0 20 25 0 0 0 50 0 48 45 0 60 0 62 0 0 1 0 63 58 55 52 57 0 0 0 0 37 41 42 0 40 0 0 0 0 12 0 0 0 0 15 0 0 0 0 4 0 7 5 10 
11 0 10 5 0 7 0 6 0 62 0 0 0 0 60 1 25 20 27 0 22 24 21 23 0 0 0 0 37 0 0 0 34 31 28 33 32 0 0 35 0 0 18 0 0 0 12 0 0 52 0 57 0 56 0 0 0 0 49 44 51 47 45 50 
0 0 0 0 0 47 44 46 0 38 0 40 43 37 36 0 1 60 0 0 0 64 0 0 0 0 0 19 0 0 0 15 0 0 0 9 0 6 0 11 53 0 0 59 0 55 52 0 0 0 30 0 0 0 31 29 22 24 25 20 27 0 0 0 
0 0 18 0 17 15 0 14 0 6 10 8 11 5 0 9 0 0 0 0 30 0 29 31 0 0 0 51 0 0 48 47 42 0 36 41 0 0 0 0 21 25 0 0 0 0 20 0 0 0 0 0 3 64 63 0 54 0 0 0 59 0 0 58 
3 64 0 0 0 63 0 62 55 0 58 0 0 53 52 0 0 12 0 0 0 0 0 0 0 34 0 0 29 33 32 0 26 23 0 25 24 22 0 27 0 0 10 11 0 7 4 0 0 44 0 49 51 0 47 45 38 40 41 0 43 0 0 42 
0 0 0 21 25 0 0 0 15 0 18 0 0 13 12 17 41 36 0 42 0 40 0 0 0 0 54 0 0 0 56 0 50 0 44 49 48 46 0 51 29 0 34 35 32 0 28 30 0 0 6 0 11 8 7 0 62 64 1 60 0 63 0 0 
59 56 58 0 0 0 0 54 0 0 0 0 51 45 0 49 9 4 11 10 0 0 5 7 0 26 22 27 0 0 24 0 0 0 0 17 16 14 13 19 0 1 2 3 64 0 60 0 0 0 38 41 43 40 39 37 0 0 33 0 0 0 0 34 
0 0 42 0 0 39 0 38 31 30 34 0 0 0 0 0 57 0 0 0 0 56 0 0 0 10 0 0 5 0 8 7 0 0 0 1 0 0 61 0 0 0 0 0 48 0 44 46 0 20 22 0 27 24 0 0 0 16 0 0 0 15 13 18 
0 0 43 0 0 0 37 0 32 0 0 0 0 30 29 0 58 0 0 0 55 57 0 56 5 0 0 12 0 0 9 8 0 64 0 0 1 0 62 4 46 50 0 0 0 0 45 0 0 21 23 26 28 25 0 0 0 17 0 13 0 0 0 19 
0 9 11 6 10 0 5 7 0 0 0 0 4 62 61 2 0 21 28 0 0 25 0 24 0 0 39 44 38 42 41 0 35 32 29 0 33 0 30 36 0 0 0 0 0 16 0 15 59 53 0 58 60 0 56 54 47 0 50 45 0 48 46 51 
60 57 59 0 58 0 53 55 48 0 51 0 52 0 0 50 10 0 0 11 7 9 0 8 0 27 0 0 0 0 0 24 0 16 13 18 17 0 14 20 0 2 0 4 1 64 0 63 43 0 39 0 44 0 40 0 31 33 0 0 0 32 0 35 
52 0 51 0 0 0 45 47 40 39 43 41 0 38 37 42 0 0 0 3 63 1 0 0 13 0 15 0 0 18 17 16 0 8 5 10 0 7 0 12 0 58 59 60 57 0 53 0 35 29 0 0 36 33 32 30 23 25 26 21 0 0 0 0 
36 0 35 30 0 32 0 31 24 23 0 0 0 22 21 26 50 45 0 51 0 0 46 48 61 0 0 4 0 0 1 64 0 56 0 58 0 0 0 0 38 0 0 0 0 0 37 39 19 13 15 18 0 17 0 0 0 0 0 5 0 0 0 0 
0 17 0 0 0 16 13 0 8 0 11 0 12 6 5 0 0 0 36 35 0 0 30 32 0 0 47 52 46 50 49 48 0 0 37 42 0 0 0 44 22 0 0 0 25 0 0 23 0 0 0 0 0 1 64 62 55 57 0 0 0 56 0 0 
0 25 27 0 26 24 0 23 16 15 0 0 20 14 13 0 42 0 0 43 39 41 0 0 0 59 0 0 0 0 0 0 0 48 0 0 0 47 0 52 30 0 0 36 33 0 29 31 0 0 0 10 0 0 8 6 0 1 2 0 0 64 0 3 
4 1 3 62 2 64 61 63 0 55 0 57 0 54 0 58 0 13 0 0 0 0 14 16 0 0 31 36 0 0 0 0 0 24 0 0 25 0 22 28 6 10 11 0 0 0 5 7 0 45 47 50 52 0 48 0 39 41 42 37 0 40 38 43 
13 0 12 7 0 0 0 0 1 0 0 0 0 63 62 3 0 22 0 28 24 26 23 25 38 44 0 45 0 43 42 41 36 0 30 35 0 32 31 0 15 0 0 21 0 0 14 16 0 54 56 59 61 58 57 0 48 0 51 46 53 49 47 52 
0 0 0 63 3 0 62 0 0 0 0 58 0 55 0 0 0 0 21 0 16 0 15 17 30 0 0 37 0 35 0 0 28 25 22 0 0 24 0 0 7 11 0 0 0 9 0 8 0 0 48 0 0 0 0 47 40 0 0 0 0 0 39 44 
45 0 0 39 0 0 38 40 33 32 0 0 37 31 30 35 59 54 0 0 56 58 0 57 0 0 8 13 0 0 0 0 4 1 0 0 0 0 0 0 0 0 0 0 50 0 0 0 0 22 0 27 0 0 25 0 0 18 0 0 21 17 0 20 
61 0 60 0 59 57 54 0 0 48 52 50 53 47 0 51 11 0 13 0 8 10 7 9 22 28 24 29 0 0 0 0 20 17 0 19 0 0 15 0 0 3 4 5 0 0 62 0 44 0 40 0 45 42 41 39 0 0 35 30 0 0 31 36 
21 18 0 15 0 0 14 0 0 8 12 0 0 7 0 0 0 0 0 36 32 34 31 33 0 0 0 53 47 0 0 0 44 0 0 43 0 40 0 45 23 27 28 0 26 25 0 0 4 0 0 3 0 0 1 63 56 58 59 0 0 0 0 0 
0 0 28 0 27 25 0 24 17 16 20 18 21 0 14 0 0 38 0 0 0 0 0 0 0 0 0 61 55 59 58 57 0 0 0 0 50 0 47 53 31 35 0 0 34 33 30 0 0 0 0 0 0 0 9 7 64 0 3 62 5 0 63 4 
0 50 52 47 0 0 0 48 41 40 0 0 45 39 38 43 3 0 0 4 64 2 0 1 14 0 16 21 0 0 18 0 12 9 0 11 10 0 7 0 55 0 60 61 0 57 54 56 36 0 0 35 0 0 0 31 0 26 0 22 29 25 0 28 
0 34 0 31 35 0 0 0 25 24 28 26 29 23 22 0 0 46 53 0 0 50 0 0 62 0 64 5 0 3 2 1 60 0 0 59 58 56 0 0 0 0 0 45 0 41 38 40 0 14 0 19 0 0 0 0 8 0 11 0 0 0 0 12 
0 4 0 1 0 0 0 2 59 58 62 60 63 0 0 0 21 16 0 22 18 20 17 0 32 0 0 39 0 0 0 0 30 27 24 0 0 0 25 0 9 13 14 0 12 0 0 0 54 48 50 0 0 0 51 0 42 0 0 40 47 43 41 46 
0 44 0 41 0 0 0 42 0 34 0 36 39 0 32 37 61 0 0 0 0 60 57 0 0 14 10 0 9 0 12 11 6 0 64 0 0 2 1 0 49 53 0 55 0 0 0 0 0 0 0 0 31 28 0 25 18 0 0 0 0 0 17 0 
31 28 30 25 0 0 24 0 19 18 22 20 23 0 16 21 0 0 47 46 0 0 41 43 56 62 0 63 57 61 0 59 0 51 0 53 0 50 0 55 0 37 0 39 0 0 32 0 14 8 0 0 15 0 0 9 2 0 0 0 7 3 1 0 
23 20 0 17 21 19 16 18 0 0 0 0 15 9 8 0 37 0 0 0 0 0 0 35 48 0 50 55 49 0 52 51 0 0 40 45 0 42 0 0 25 29 0 0 0 0 24 0 6 0 2 0 0 4 0 1 0 0 0 0 0 59 0 62 
55 0 54 49 0 51 48 50 0 42 46 44 0 41 40 0 0 0 7 6 2 4 1 0 0 22 18 23 17 21 20 19 14 0 8 0 0 0 0 0 57 0 62 63 0 59 56 0 0 0 0 0 0 36 0 33 0 28 0 24 31 27 25 0 
63 60 0 57 61 0 0 58 51 0 54 52 55 49 0 0 0 0 0 0 0 0 9 11 24 30 26 31 25 0 28 0 0 0 16 0 0 0 17 0 1 5 6 7 4 3 64 0 46 0 42 45 0 0 43 41 34 0 0 32 0 0 33 38 
0 0 0 9 0 11 8 0 3 0 0 4 0 1 64 5 0 24 31 0 0 0 25 0 40 46 0 47 0 45 0 0 0 35 32 0 36 0 33 0 0 21 22 23 20 19 16 18 0 56 58 61 63 0 59 0 50 52 0 0 0 0 0 54 
0 36 38 33 37 0 32 0 0 0 0 0 0 0 24 29 0 0 0 54 0 0 49 0 64 0 0 0 1 0 0 0 62 0 0 0 60 58 0 63 0 0 46 47 44 43 0 42 22 16 0 0 23 0 19 17 10 12 0 0 0 0 0 14 
0 27 0 0 28 26 23 0 18 17 0 19 0 16 0 20 44 0 46 45 41 43 0 42 55 0 57 0 0 0 59 58 0 50 0 0 51 0 48 54 32 36 0 0 0 34 31 33 13 7 0 12 14 11 0 8 0 0 4 63 0 2 64 0 
14 11 13 0 0 0 0 9 2 0 0 3 0 0 0 4 28 23 30 29 25 27 0 0 0 0 0 0 0 0 0 42 37 0 31 0 0 33 32 38 16 0 21 22 0 0 15 0 61 0 57 60 0 0 58 0 0 0 52 0 0 50 48 0 
0 0 0 0 4 2 63 0 58 57 61 59 0 0 0 60 20 15 0 0 17 0 16 18 31 0 0 38 32 0 35 34 0 0 0 28 27 25 0 0 0 12 13 0 11 0 0 0 0 0 0 52 54 0 0 48 0 0 0 0 0 42 0 0 
0 0 45 40 44 42 39 0 34 33 37 0 38 0 0 0 60 55 0 61 0 59 0 0 7 0 0 0 0 12 11 0 0 2 63 4 0 0 0 0 48 0 53 54 0 50 0 0 0 23 0 28 30 0 26 24 17 19 20 15 22 0 0 0 
22 19 0 0 0 18 15 17 10 0 0 0 0 0 7 12 36 0 38 37 0 0 32 34 0 53 49 0 48 0 0 50 0 42 0 44 0 41 40 0 24 28 29 30 0 26 23 25 0 0 0 0 6 3 2 64 0 59 0 0 0 58 0 0 
54 0 0 48 52 0 0 0 0 41 45 43 46 0 39 44 4 63 0 0 1 3 0 2 0 21 0 0 0 20 0 18 13 10 0 0 11 0 8 14 56 0 61 0 59 0 0 57 37 31 33 0 38 35 34 0 0 0 28 0 30 0 0 29 
0 59 61 0 0 58 0 0 0 0 53 0 54 48 0 0 12 0 0 13 9 0 0 0 0 29 25 30 0 28 27 26 21 0 15 0 19 17 16 0 64 4 5 0 3 2 63 0 45 39 0 44 46 0 42 0 0 0 0 31 38 34 0 0 
0 0 37 0 0 34 0 33 0 25 29 27 0 0 0 0 52 0 54 53 0 51 0 0 0 0 0 0 64 4 0 0 0 58 0 60 0 0 56 0 40 0 0 0 0 42 0 41 0 0 0 20 0 19 18 16 9 11 12 7 0 0 0 0 
0 0 0 11 0 13 10 12 0 4 0 6 0 0 2 7 31 26 0 0 0 0 0 29 0 48 44 0 43 0 0 45 40 37 0 0 38 36 0 41 0 23 24 0 22 21 0 0 64 0 0 0 0 0 61 0 0 54 55 50 0 53 51 56 
33 30 32 27 0 0 0 0 0 0 0 22 25 19 0 23 0 42 0 0 44 46 0 0 58 0 60 0 0 0 62 61 0 53 50 55 0 52 51 57 0 0 0 0 38 37 34 36 16 10 12 15 17 14 0 0 4 0 7 0 0 0 0 8 
0 0 0 19 0 21 18 20 0 12 0 14 0 11 0 15 0 34 0 0 36 38 35 0 50 56 52 57 51 55 0 53 0 45 0 47 46 0 0 49 27 31 32 0 30 0 26 28 0 0 0 7 9 6 5 0 60 62 0 58 0 61 0 0 
41 0 0 35 39 37 34 0 0 0 0 30 0 27 0 0 55 50 0 56 0 0 0 53 2 0 4 0 0 7 6 5 64 0 0 63 0 60 0 1 43 0 0 0 0 45 42 0 24 0 20 0 25 22 21 0 12 0 0 10 0 0 11 16 
0 54 56 51 55 53 50 52 0 44 48 46 0 0 0 0 7 0 0 8 0 6 3 0 0 24 0 0 0 0 0 21 0 0 10 15 14 0 0 17 0 63 64 0 0 0 58 0 0 0 36 39 41 38 0 35 0 0 31 26 33 29 27 32 
49 46 48 0 47 45 42 0 37 0 0 38 0 35 34 0 0 0 1 64 0 62 59 0 10 0 12 0 11 15 14 13 0 5 0 7 0 0 0 9 0 0 0 57 54 0 0 0 32 26 28 0 0 30 29 0 0 0 23 0 0 21 0 0 
0 0 64 59 0 61 58 0 53 52 0 0 57 0 0 0 0 10 0 16 0 0 11 13 0 32 0 33 0 31 0 29 24 21 18 0 22 0 0 25 3 0 8 0 0 0 0 0 0 42 0 0 0 0 0 43 0 38 0 0 41 0 0 0 
9 0 0 3 0 5 2 4 61 60 0 0 0 0 0 63 0 0 25 0 0 0 0 0 0 40 36 41 35 39 38 0 32 29 26 0 0 28 27 0 11 0 16 17 14 0 0 12 56 0 52 0 0 54 53 51 0 46 47 42 0 45 43 48 
0 0 1 0 0 62 0 61 0 0 57 55 58 0 51 0 16 0 18 17 13 0 0 14 27 33 0 34 28 0 31 0 25 22 19 24 23 0 0 0 0 8 0 10 7 0 0 5 0 0 45 48 50 47 46 44 37 0 40 35 0 0 36 41 
0 15 0 0 0 14 11 0 6 0 9 7 0 0 0 0 32 27 34 33 29 31 28 30 0 49 45 50 44 48 47 46 0 38 0 0 0 0 36 0 20 0 0 26 0 0 0 0 1 59 61 64 2 0 62 60 0 0 56 51 58 54 0 57 
0 0 57 52 56 0 51 0 0 45 49 0 0 0 43 0 8 0 0 9 0 0 4 0 19 0 21 0 20 0 0 22 0 14 11 0 15 0 0 0 60 64 1 0 63 0 59 0 0 35 37 40 0 39 38 0 29 31 0 27 0 0 28 33 
26 0 25 0 24 0 0 21 0 13 0 15 0 12 0 0 40 35 42 41 0 0 36 0 0 57 0 58 0 56 0 0 0 0 43 48 47 0 44 0 28 32 33 0 31 0 0 0 0 0 5 0 0 0 0 4 0 63 0 0 2 62 0 0 
0 31 0 0 32 0 0 29 0 0 25 23 26 20 0 0 48 0 0 49 45 47 0 0 0 0 0 0 0 64 0 0 57 0 0 0 55 0 52 58 0 40 41 0 39 0 0 37 0 0 13 0 18 15 0 0 0 7 8 0 0 0 4 9 
10 0 0 4 0 0 3 0 0 61 1 63 0 60 59 64 24 0 0 0 0 0 0 0 35 0 37 0 0 40 0 38 0 30 27 0 0 0 0 34 0 0 0 18 15 14 0 0 0 0 53 0 58 55 54 0 0 47 0 0 50 0 44 0 
42 39 0 0 40 38 0 0 30 29 33 0 0 0 27 32 0 0 0 57 53 0 0 54 3 0 0 10 0 8 0 0 0 0 59 64 63 0 60 2 0 0 49 0 0 46 43 0 25 19 21 0 26 0 0 20 13 0 16 0 18 0 12 17 
50 0 0 0 48 0 0 0 38 37 0 39 42 36 35 0 64 0 2 1 61 63 60 0 0 0 13 0 0 16 15 0 9 0 0 8 0 0 0 0 0 0 0 0 55 0 0 53 33 0 0 0 34 0 30 28 21 23 24 0 26 0 0 25 
40 37 39 34 38 0 0 35 28 27 0 0 0 26 0 30 0 49 56 0 51 53 50 52 1 7 3 8 0 6 0 4 63 60 57 0 0 59 0 64 42 0 47 48 45 44 41 43 23 17 19 22 0 21 20 0 0 13 14 0 0 12 0 15 
64 61 0 0 62 0 57 0 52 0 55 0 56 0 49 54 14 0 0 15 0 0 10 12 25 31 0 32 26 0 29 28 23 0 0 22 21 0 18 24 2 6 0 8 5 4 1 0 47 0 0 0 48 45 0 42 35 0 38 33 40 0 0 0 
24 21 23 0 0 0 17 0 12 0 15 0 16 10 9 14 38 33 0 0 0 0 34 36 49 55 0 0 50 54 53 0 47 0 0 46 45 0 0 0 26 30 31 32 29 0 25 27 7 0 3 6 8 5 4 0 59 61 62 57 64 60 58 63 
32 29 0 26 30 28 0 27 0 0 0 0 24 0 17 0 0 41 48 47 0 0 42 44 0 63 0 64 0 62 0 60 0 0 49 54 0 0 0 56 34 38 39 0 37 36 33 0 15 0 11 14 16 13 12 10 0 5 6 1 8 0 0 7 
0 53 55 50 0 0 49 51 44 43 47 45 0 0 0 0 0 0 0 7 3 0 0 4 17 23 0 0 0 0 21 0 15 12 9 0 0 0 0 0 58 62 63 64 61 60 57 0 0 33 35 38 0 37 0 0 0 29 0 25 32 28 26 0 
0 0 0 42 0 44 41 0 0 0 0 37 40 34 0 0 62 0 64 0 0 0 0 0 0 0 11 0 0 14 0 12 7 0 1 6 0 0 0 0 50 54 0 56 0 0 0 0 31 0 27 0 0 29 28 0 19 21 0 17 0 0 18 23 
0 0 15 0 14 12 0 11 0 0 0 0 0 2 0 6 0 0 32 31 0 29 26 0 41 47 0 0 0 0 45 0 0 0 33 0 37 35 34 0 18 22 0 24 21 20 0 19 0 57 0 62 0 61 60 58 0 53 54 0 0 0 50 0 
8 5 0 2 6 0 1 0 0 0 63 0 0 58 57 0 22 0 0 0 0 21 18 0 33 0 35 0 34 0 37 0 0 0 25 0 0 27 26 0 10 14 15 0 13 0 9 0 0 0 0 54 0 0 52 50 43 0 0 0 48 44 42 0 
