8
0 0 0 0 9 8 13 0 31 0 0 27 0 29 24 25 0 42 47 0 46 43 41 40 54 0 0 51 49 52 53 55 4 7 0 64 6 1 0 0 39 38 33 35 0 32 34 36 63 0 58 0 57 0 0 0 21 0 16 18 0 0 20 19 
0 0 0 39 33 0 37 35 55 0 50 51 0 53 48 0 5 2 0 4 0 0 1 64 0 8 10 11 0 0 0 0 28 31 27 0 0 25 26 29 63 0 0 59 61 0 0 60 23 0 0 0 0 0 19 16 0 0 0 0 47 0 0 43 
44 46 42 47 41 40 45 43 0 62 0 0 0 61 56 0 0 0 15 12 0 11 9 0 0 16 18 19 17 0 21 23 36 0 0 32 0 33 34 0 0 6 0 3 5 64 2 4 31 30 0 0 25 28 0 24 53 0 0 0 55 54 52 51 
0 62 0 63 0 56 0 0 0 0 0 0 12 13 0 0 0 0 0 0 0 0 25 24 0 0 34 0 0 36 0 39 0 55 51 48 54 0 50 53 23 0 0 19 0 16 18 20 47 0 42 45 41 44 43 0 0 0 0 0 0 6 0 3 
0 0 26 0 0 24 29 0 47 0 42 0 44 45 40 41 0 0 63 60 0 59 0 56 6 0 2 0 1 0 5 7 20 23 0 0 22 0 18 21 55 54 49 0 0 48 50 52 15 14 10 0 0 12 11 0 0 33 32 0 39 38 36 0 
0 0 2 0 0 64 0 3 23 22 18 0 0 0 16 0 37 34 0 0 38 0 33 32 0 40 42 0 0 0 45 0 0 63 0 0 0 0 0 0 31 30 25 0 29 24 0 0 55 0 0 53 0 52 51 48 13 0 8 0 0 14 0 11 
0 54 0 0 0 48 0 0 7 6 2 3 0 5 64 0 0 0 0 20 0 0 0 16 0 24 0 27 25 28 0 31 0 47 43 40 46 41 42 45 0 0 9 0 0 8 10 12 39 38 34 37 0 0 35 0 0 0 0 58 63 0 60 0 
20 0 0 23 17 16 21 0 0 38 0 35 0 0 32 33 0 0 55 0 54 51 49 48 0 56 58 59 0 60 0 0 12 0 11 0 14 0 0 13 0 46 41 43 0 40 42 0 7 0 0 5 0 4 0 0 29 25 0 0 31 30 28 0 
0 15 11 16 0 9 14 12 32 0 0 28 0 0 0 0 46 0 48 0 0 44 42 0 55 0 51 0 0 53 0 0 0 0 0 1 0 0 0 0 0 0 0 36 0 0 0 0 64 0 59 62 58 61 0 0 22 18 0 0 24 0 21 20 
53 55 0 0 50 0 54 52 0 7 0 4 0 0 1 2 0 19 0 0 0 0 18 17 31 0 0 28 0 0 0 0 45 48 44 0 47 42 43 46 0 0 0 12 0 9 0 13 40 0 0 38 34 37 0 0 0 0 0 59 0 63 0 0 
5 0 0 0 0 1 0 4 0 23 0 20 0 22 0 0 0 0 0 37 0 36 34 0 0 0 0 0 42 45 46 48 61 64 0 0 0 58 59 0 32 31 26 0 30 0 27 29 56 0 0 0 0 53 52 49 0 10 0 11 16 15 0 0 
0 0 43 48 0 41 46 0 0 63 59 60 0 62 57 0 14 0 0 13 0 12 10 9 23 17 0 20 0 21 0 0 37 40 36 33 39 0 0 38 0 7 0 4 0 1 3 5 0 0 0 0 0 29 28 25 54 0 49 51 56 0 0 52 
61 0 0 0 58 57 62 0 0 15 11 0 0 0 9 0 30 27 0 29 31 0 26 0 0 33 35 0 34 0 0 0 0 0 0 49 0 0 51 54 24 0 0 0 22 17 0 21 48 0 43 46 42 0 44 0 6 0 0 0 8 0 0 4 
29 31 0 0 0 0 0 28 48 0 0 44 45 0 0 42 0 0 64 0 0 0 0 57 7 0 3 4 2 5 6 8 0 0 20 0 23 18 19 0 56 0 50 0 0 0 0 53 16 15 11 14 10 0 12 9 38 34 0 35 40 0 37 36 
37 0 35 40 0 0 0 0 0 0 51 0 0 0 49 50 6 3 0 0 0 4 0 0 0 9 11 0 0 13 0 16 0 32 0 0 31 26 0 30 0 63 58 60 62 57 59 61 24 0 0 22 18 21 20 0 46 42 41 0 0 0 0 44 
0 0 19 24 18 0 22 20 0 0 35 0 37 38 33 0 0 0 0 0 55 52 50 49 63 57 0 60 0 61 0 0 0 0 0 9 0 10 0 0 48 47 42 0 0 41 43 0 0 0 0 6 0 5 4 1 30 26 0 27 32 0 0 0 
26 28 24 0 23 22 27 0 0 44 0 41 0 0 38 39 59 0 61 0 60 57 0 54 0 0 64 1 63 0 3 0 18 0 17 0 0 0 16 0 0 52 0 49 51 0 48 50 13 12 0 0 0 0 9 0 0 31 0 0 37 0 34 33 
0 60 56 0 55 54 0 0 13 0 0 9 10 0 0 7 27 0 0 0 0 25 0 0 0 0 0 33 31 0 0 0 50 53 49 46 52 47 48 51 0 0 0 17 19 0 16 18 0 0 0 43 39 0 0 0 0 63 62 0 0 0 2 1 
0 0 0 21 15 0 19 17 0 36 32 33 34 0 0 31 51 48 0 0 52 49 47 0 0 0 0 0 0 58 59 0 0 13 9 6 12 7 8 11 45 44 0 0 0 0 40 42 0 4 0 3 0 0 0 0 0 0 0 0 29 0 26 25 
42 0 40 0 39 38 0 41 61 0 56 0 0 0 0 0 0 8 0 10 12 9 0 6 20 14 16 17 15 0 19 21 0 37 33 30 36 0 32 0 0 4 0 0 0 0 0 0 0 28 0 27 0 0 25 0 51 47 46 48 53 0 50 0 
34 0 32 37 31 0 0 0 53 0 0 0 0 51 0 47 0 64 0 2 4 1 63 0 0 6 8 0 0 10 0 13 0 0 0 22 0 23 0 27 61 0 55 57 0 54 0 0 0 20 16 19 0 18 0 0 0 0 0 40 0 0 42 41 
0 0 48 53 0 46 0 0 5 4 0 0 0 3 62 0 0 0 0 0 0 0 15 14 0 0 24 0 23 26 0 29 42 45 41 0 44 0 0 43 13 12 7 0 11 6 0 10 0 36 0 0 0 34 0 0 0 55 0 56 61 60 58 57 
0 0 8 0 0 0 0 9 29 0 0 0 26 27 22 0 43 40 0 42 44 0 0 0 0 0 0 0 47 0 0 53 2 5 1 62 4 0 0 0 0 36 0 0 0 30 0 0 61 0 0 59 55 58 57 0 19 0 14 0 21 0 0 0 
2 4 64 5 0 62 3 0 21 20 0 17 0 19 0 0 0 32 37 0 36 0 0 30 44 38 40 0 39 42 0 45 0 0 0 54 0 0 0 59 0 28 23 25 27 0 0 0 0 0 0 51 0 0 0 46 11 0 6 0 13 12 10 0 
24 0 22 0 0 20 0 23 0 0 0 0 40 41 36 0 0 0 59 56 0 55 53 52 2 60 0 0 61 64 1 3 0 0 15 12 18 0 14 17 0 50 0 47 49 44 0 0 11 0 6 0 5 0 7 4 33 29 0 0 0 0 0 0 
0 2 0 3 0 60 0 0 0 18 14 15 16 0 0 0 33 0 0 0 0 31 29 0 0 36 38 0 37 40 0 0 0 0 0 52 58 0 0 57 0 26 0 0 0 0 22 0 0 0 0 0 0 0 47 44 0 5 4 6 11 0 8 0 
16 0 0 0 0 0 17 15 0 34 30 31 0 33 28 0 0 0 51 0 50 0 0 44 0 0 0 0 53 0 0 0 8 11 7 4 0 0 6 9 0 0 0 0 0 36 0 40 0 2 0 1 61 0 63 0 25 21 0 0 27 0 24 23 
0 0 6 0 0 0 0 7 0 26 22 0 24 25 0 21 0 38 0 40 0 39 0 0 50 0 0 0 0 48 49 51 64 3 63 60 2 61 0 0 35 34 29 31 0 28 0 32 59 0 54 57 53 56 0 0 0 13 12 14 0 0 16 0 
0 58 54 0 0 52 0 55 0 0 6 0 0 9 4 0 0 22 27 0 0 23 21 0 0 28 0 31 29 32 33 35 0 0 47 0 50 45 46 49 19 0 0 15 17 12 14 0 0 42 38 0 0 40 0 36 0 61 60 62 0 2 64 0 
0 42 38 0 0 36 41 0 0 58 0 55 0 57 52 53 9 6 0 0 10 0 5 0 18 0 0 0 0 16 17 19 0 0 31 0 0 0 0 0 3 0 0 63 0 0 62 64 0 26 0 0 21 0 0 0 49 0 0 0 51 0 0 0 
0 50 46 0 45 0 49 47 3 2 62 0 0 0 0 61 0 14 0 16 0 15 0 0 0 20 0 23 21 0 0 27 40 43 39 36 42 0 0 0 0 10 0 7 0 0 6 8 0 0 30 33 0 0 0 0 0 0 0 0 0 58 56 0 
32 34 30 35 0 0 0 0 0 0 46 0 48 0 0 0 1 62 0 0 0 63 61 60 10 0 0 0 0 8 9 0 24 27 0 0 26 0 22 0 59 0 0 0 0 0 0 0 19 0 0 0 0 16 15 0 0 0 0 38 0 42 0 39 
0 0 0 2 0 59 64 62 18 0 0 0 15 16 11 12 32 29 0 0 33 30 0 0 0 0 37 38 36 0 0 42 55 58 54 0 57 0 0 56 26 0 20 22 0 19 0 0 50 0 0 48 0 0 46 43 8 0 3 0 10 9 7 0 
0 25 21 0 0 0 24 22 0 0 37 38 39 0 35 0 0 53 58 0 0 0 52 0 1 59 0 62 0 63 0 2 15 18 14 11 0 12 13 0 50 49 0 46 48 0 0 0 0 0 5 0 4 7 0 3 0 28 0 0 34 33 0 30 
39 0 0 0 0 0 0 38 0 57 0 0 0 0 0 52 0 5 10 0 0 0 0 0 17 11 0 0 12 0 0 0 0 0 0 27 33 0 0 32 2 0 60 62 0 59 0 0 0 0 21 24 0 23 0 0 0 0 0 45 50 0 47 0 
55 57 0 0 0 0 56 0 0 0 0 0 7 8 0 0 0 0 0 23 0 0 0 19 0 27 29 0 28 31 0 0 0 0 0 0 0 44 0 48 18 17 0 0 16 0 13 0 0 41 37 40 0 0 0 35 0 0 0 61 2 0 63 0 
0 49 45 50 44 43 48 0 2 0 0 0 63 0 59 0 16 0 18 0 17 0 12 11 25 0 21 0 0 0 24 0 39 42 38 35 41 36 37 0 0 0 0 6 8 0 5 0 34 0 29 0 0 31 30 27 56 52 0 0 0 57 55 0 
0 0 13 18 12 11 16 0 34 33 29 30 31 0 0 0 0 45 0 0 49 46 0 43 0 51 53 0 52 55 0 0 0 0 0 0 0 4 5 8 42 0 0 0 0 35 37 39 2 0 61 0 0 0 62 59 24 20 0 0 26 0 23 22 
7 0 5 10 0 0 0 0 26 0 0 0 0 24 0 20 0 0 0 0 41 0 36 35 49 43 45 0 44 47 0 0 63 2 62 59 1 0 61 64 34 0 0 0 32 0 0 31 58 57 0 0 0 55 0 0 16 12 11 13 18 0 15 0 
0 0 0 34 28 0 32 30 50 49 45 0 0 0 43 0 0 0 2 63 1 62 0 0 9 0 0 0 4 0 8 0 23 26 0 0 0 20 21 24 58 57 52 54 0 0 53 0 18 0 13 16 12 15 14 11 0 36 35 0 0 0 0 38 
59 61 0 0 0 0 0 58 14 0 9 10 0 0 0 8 28 25 30 27 29 0 0 23 37 0 33 34 0 35 36 38 51 0 50 0 53 48 49 0 0 21 0 0 20 0 0 0 46 0 0 44 40 0 42 39 4 0 0 0 0 0 3 2 
0 13 0 14 8 7 12 0 30 29 25 0 0 0 23 0 44 0 46 0 45 42 0 0 53 47 0 0 0 0 52 0 0 0 2 63 5 64 1 4 0 0 32 0 36 0 0 35 62 61 57 0 56 59 58 0 0 0 15 17 0 0 0 18 
0 5 1 6 64 63 4 2 22 0 0 0 0 0 15 0 36 0 0 0 37 34 32 31 0 39 41 42 40 43 0 46 0 0 0 0 0 0 57 0 30 29 24 0 0 23 0 0 54 0 0 52 48 51 50 47 12 0 0 9 0 0 11 10 
0 37 33 0 0 0 0 0 0 53 49 50 51 0 47 48 4 1 0 0 5 0 64 0 0 7 0 0 8 0 0 0 27 0 26 23 29 24 0 0 0 61 0 58 0 55 0 0 22 21 0 20 16 0 18 0 44 40 0 41 46 45 43 42 
27 0 25 30 0 23 0 0 46 0 41 0 0 0 39 0 0 0 0 59 0 0 0 55 5 63 0 2 0 0 0 6 19 22 18 0 0 16 0 0 0 0 0 50 52 0 0 0 0 13 9 0 8 0 0 0 0 0 31 0 38 37 35 0 
0 0 0 46 40 39 44 42 62 0 0 58 59 0 55 0 0 0 0 11 0 0 8 7 21 0 17 18 16 0 0 22 35 38 34 0 0 0 0 36 6 0 64 0 0 63 0 0 30 29 0 28 24 0 0 23 52 0 47 49 0 0 0 0 
0 21 0 22 16 0 0 18 38 37 0 0 35 36 31 0 0 0 54 51 53 0 48 0 0 55 0 58 56 59 60 0 0 0 0 0 13 8 0 0 46 0 40 0 44 0 41 43 6 0 0 4 0 3 0 63 28 0 0 25 0 0 0 26 
51 53 49 54 0 0 0 50 6 0 0 2 0 4 63 0 20 0 0 19 0 18 16 0 29 0 25 26 24 0 0 30 0 0 0 0 45 0 41 44 0 13 8 10 12 7 9 11 0 0 0 0 0 35 34 0 0 0 55 0 0 61 0 0 
0 0 60 1 0 58 63 0 17 16 12 0 14 15 0 0 31 28 33 30 0 0 0 26 0 34 0 37 0 38 39 41 0 57 53 50 0 51 0 55 25 0 0 21 0 0 20 22 49 0 0 47 43 46 0 42 7 3 2 0 0 0 0 5 
38 0 0 0 0 34 39 37 0 56 52 0 54 0 50 0 0 4 9 0 0 5 3 2 16 0 12 0 0 14 15 17 30 33 29 0 0 0 0 0 1 64 0 61 63 0 60 0 0 0 20 0 0 22 0 18 47 0 0 0 49 0 0 0 
0 0 0 0 3 2 7 5 25 24 0 0 22 0 18 19 0 0 41 38 40 0 0 34 48 42 44 0 43 0 47 49 62 1 0 0 64 0 0 63 33 0 27 29 0 26 28 30 57 56 52 0 0 0 0 50 0 11 0 12 17 0 14 13 
0 32 0 33 27 26 0 29 49 48 44 0 46 47 42 43 0 60 0 0 64 0 59 58 0 2 4 5 3 6 7 9 22 0 21 0 0 19 0 23 57 56 51 0 55 50 52 0 0 0 12 0 11 0 0 10 0 35 0 36 41 40 0 37 
0 48 0 0 0 42 0 0 1 0 60 0 62 0 58 0 15 12 0 14 0 13 11 0 24 0 0 0 0 22 0 25 0 0 37 0 0 35 0 0 9 0 0 0 0 0 0 6 33 32 28 0 27 0 0 26 55 51 50 52 0 56 54 53 
22 0 20 0 0 0 0 0 41 0 36 0 0 0 34 0 55 52 57 0 56 53 51 0 64 0 60 61 59 0 63 0 0 0 0 10 16 0 12 15 0 0 0 45 47 42 0 0 0 0 0 7 0 0 5 2 0 0 0 0 33 32 0 29 
0 56 52 0 0 0 0 0 9 0 4 5 0 0 2 0 0 20 0 22 24 0 19 0 32 0 28 29 0 30 31 33 46 0 0 42 0 0 44 47 0 0 11 13 0 10 12 14 41 0 36 39 35 0 37 34 63 59 58 60 0 64 0 0 
0 0 0 17 11 0 0 13 0 0 0 0 0 31 26 27 0 44 49 46 0 45 0 42 0 50 0 0 51 54 0 57 6 0 0 2 0 3 0 0 41 0 35 0 39 34 0 38 0 0 60 63 0 62 61 0 0 19 0 20 25 0 0 21 
0 51 0 0 0 0 0 48 0 0 63 0 1 2 0 0 0 0 0 17 19 0 0 13 27 21 23 24 0 0 26 28 0 0 0 37 43 38 39 42 12 11 0 0 10 0 0 0 0 35 0 34 0 33 32 0 58 0 0 0 0 59 57 56 
25 27 0 0 22 21 26 0 0 43 39 0 41 42 0 38 0 55 60 0 0 56 54 53 3 0 0 0 0 1 0 4 17 0 16 0 19 0 15 18 52 51 46 0 50 45 0 49 0 0 7 0 0 0 8 5 34 30 29 31 0 0 0 0 
17 0 0 0 0 0 0 16 36 35 0 32 0 34 29 0 50 0 52 0 0 48 0 0 59 53 0 0 0 57 0 0 9 12 8 0 11 0 0 0 44 43 0 0 0 37 39 0 4 3 63 2 62 0 64 0 0 0 0 0 28 0 25 24 
9 11 7 12 0 5 10 0 0 27 23 0 25 26 0 0 42 0 0 41 43 0 0 0 51 45 0 48 0 0 0 0 0 0 0 61 3 0 63 2 0 35 0 0 34 0 0 0 60 0 0 58 0 0 0 0 0 0 0 0 20 0 0 0 
0 0 31 36 30 29 0 32 52 0 47 0 0 50 0 46 2 63 4 1 3 64 62 0 0 0 7 0 0 9 10 12 0 0 0 21 0 22 0 0 0 0 0 0 0 0 55 0 20 19 15 18 14 0 0 13 42 0 0 39 0 43 0 0 
0 0 0 0 0 37 0 0 60 59 0 56 0 0 53 54 0 0 12 9 0 8 0 0 19 13 15 16 0 0 0 20 33 36 0 0 35 30 31 34 4 3 62 64 0 61 0 0 28 0 23 0 22 0 24 21 0 0 0 47 52 51 49 0 
1 3 63 4 0 0 2 0 0 19 0 16 17 0 13 0 34 0 36 33 0 0 0 29 0 0 0 40 0 0 42 44 0 60 56 0 0 0 55 0 28 0 22 24 26 21 0 25 52 51 47 50 0 0 0 0 10 6 5 7 0 11 0 8 
0 59 55 0 0 53 0 56 0 0 0 0 0 10 5 6 26 23 0 25 27 24 0 0 35 29 31 0 0 0 0 0 49 52 0 45 0 0 0 0 20 19 0 0 18 0 0 0 0 43 39 42 0 0 0 37 2 62 0 0 4 3 0 64 
