8
0 14 13 20 0 0 16 17 11 0 9 0 0 12 7 0 44 0 43 0 0 0 41 39 36 34 0 31 33 0 29 0 0 0 0 0 24 26 0 0 51 0 0 0 0 0 0 48 61 64 4 0 0 1 63 0 0 55 57 0 53 0 0 56 
0 38 37 0 0 0 0 41 0 0 0 32 30 36 0 0 4 64 0 2 61 62 0 63 0 58 0 55 57 59 53 54 0 0 0 51 48 50 49 0 11 5 6 0 10 0 9 8 0 24 28 0 22 25 23 0 14 15 17 18 13 19 0 0 
0 0 29 36 35 34 32 33 27 21 0 0 0 0 23 0 60 56 0 58 53 54 0 0 0 0 0 0 49 51 0 0 37 38 39 0 0 0 41 0 0 61 62 0 2 0 0 64 13 0 0 0 0 17 0 0 6 0 9 10 5 11 0 0 
0 62 61 0 0 0 0 1 0 53 0 0 0 60 55 58 0 0 0 26 0 0 0 0 0 0 16 15 17 0 13 0 5 6 0 0 8 0 9 0 0 0 0 0 0 0 0 0 45 48 52 51 0 49 0 50 0 0 41 0 0 43 0 40 
7 0 5 12 11 10 0 9 3 0 0 64 62 4 0 0 0 0 35 34 29 30 0 0 28 26 0 0 0 0 21 0 13 0 0 0 16 18 0 0 0 37 0 0 42 44 41 40 0 56 60 59 0 57 55 0 46 47 0 0 45 0 52 48 
23 0 0 0 27 26 0 25 0 13 0 0 14 20 0 0 0 48 51 0 0 0 0 47 0 0 40 0 41 43 0 38 29 30 0 35 0 34 0 36 0 0 54 0 58 60 57 0 5 0 0 0 6 0 7 10 0 63 0 0 61 0 0 64 
0 0 53 0 59 58 56 0 0 45 49 0 0 52 0 0 0 16 0 18 13 0 17 0 12 0 8 7 9 0 0 6 61 62 63 3 64 2 1 0 0 21 0 0 26 0 25 24 37 40 0 0 38 41 39 0 30 0 33 0 29 35 0 32 
47 0 0 52 51 0 0 0 43 37 0 40 38 44 0 42 12 0 11 0 0 0 9 7 0 2 0 63 1 3 61 62 0 54 55 0 56 58 57 60 0 0 14 0 0 20 0 0 29 0 0 35 0 33 0 0 0 0 0 0 21 27 0 24 
0 64 0 6 0 0 0 3 0 55 0 58 0 0 57 0 0 0 29 0 23 24 0 0 22 20 0 17 0 0 15 16 7 8 0 0 10 12 0 14 0 31 32 33 36 0 35 34 47 0 0 53 0 0 49 52 0 41 0 0 0 45 46 42 
0 0 0 0 45 44 0 0 0 0 0 0 0 0 0 0 6 2 0 0 63 64 0 0 62 60 0 0 59 61 55 56 47 48 0 53 50 0 51 0 0 0 0 9 12 0 0 0 23 0 0 29 0 27 25 0 0 17 19 0 0 0 0 0 
0 48 47 54 0 52 0 51 0 0 0 0 0 0 0 0 14 0 0 12 7 0 11 0 6 0 0 0 3 5 63 0 55 56 57 61 58 60 59 0 0 0 16 17 20 0 0 18 0 34 38 37 32 0 33 36 24 25 0 28 0 29 30 26 
25 0 0 0 0 0 0 27 0 0 0 0 16 0 17 20 54 0 53 52 0 0 0 49 46 0 0 41 0 45 39 40 31 32 0 0 0 36 35 0 0 0 56 57 0 0 0 0 0 0 14 13 0 11 0 0 64 0 0 4 0 0 0 0 
33 32 31 38 0 36 34 0 0 0 27 26 0 0 0 0 62 0 0 0 55 0 0 57 0 52 50 49 0 53 0 0 39 40 41 0 42 0 0 46 5 63 0 0 4 0 3 0 0 0 0 21 0 19 0 0 0 0 11 0 7 0 0 10 
0 8 7 14 0 12 0 0 0 63 3 0 64 6 0 4 38 0 37 0 31 32 0 0 0 0 0 25 0 29 0 24 15 16 17 0 0 20 19 22 45 39 40 0 44 46 0 42 55 0 0 61 0 59 0 0 0 0 51 52 47 53 0 0 
57 0 55 0 0 0 0 59 53 0 0 0 48 54 49 52 0 0 0 0 15 16 0 0 0 0 0 0 0 0 7 0 63 0 0 5 2 4 0 6 0 23 0 0 28 30 27 26 39 0 46 45 40 43 0 44 0 0 0 0 0 37 38 34 
17 16 15 0 0 0 0 0 13 0 0 10 0 14 0 12 0 42 0 0 39 0 0 0 38 0 0 0 0 0 0 32 23 0 25 29 0 0 27 30 0 0 48 49 52 54 0 50 63 0 6 5 0 0 1 0 0 0 59 60 0 0 0 58 
21 0 0 0 0 24 0 0 17 0 15 14 0 18 13 0 50 0 49 0 43 0 47 0 42 0 0 37 0 0 0 36 27 0 29 0 30 32 0 34 57 0 52 53 0 58 0 0 0 0 0 9 4 7 0 0 60 0 0 0 0 1 2 62 
13 12 0 0 0 16 14 0 9 3 7 6 4 10 0 0 42 0 41 40 35 36 39 37 0 32 30 29 0 33 27 28 0 0 21 0 0 24 0 26 0 43 44 0 0 0 47 0 0 62 2 1 0 63 0 64 0 0 55 0 51 57 0 54 
37 36 0 0 0 40 38 39 33 27 31 30 0 0 0 32 2 0 1 64 0 0 0 61 58 0 54 0 0 57 0 52 43 0 45 0 46 0 47 0 9 3 4 5 0 10 7 0 19 22 0 25 0 0 21 24 0 0 15 16 0 0 18 0 
29 0 27 34 0 0 0 0 0 19 23 0 20 0 21 24 0 0 0 56 0 0 55 0 0 0 46 0 0 0 43 0 35 0 0 41 0 40 39 0 0 59 60 0 64 0 63 0 0 0 0 0 0 15 13 16 4 5 7 8 3 0 10 6 
61 60 0 2 0 0 62 0 0 0 55 54 0 0 0 0 0 0 0 24 19 20 23 0 18 16 0 13 0 0 11 0 0 0 0 9 6 0 7 10 0 27 28 29 32 0 0 30 0 0 0 0 0 47 45 48 36 37 0 40 0 41 0 0 
0 0 0 0 0 0 6 7 1 59 0 0 0 0 61 0 0 0 33 0 0 28 31 29 0 0 22 21 23 25 19 20 0 12 0 0 0 16 15 0 41 35 0 0 40 42 39 38 0 54 0 0 0 0 53 0 44 45 0 0 0 0 0 0 
0 0 0 50 0 48 0 47 41 35 39 38 0 42 0 40 0 6 9 8 0 4 7 5 0 0 62 0 0 1 0 0 0 52 53 57 0 56 55 58 0 0 0 13 16 18 15 14 27 0 34 0 28 31 29 32 0 0 23 24 19 0 0 0 
0 0 0 58 57 0 54 0 0 0 0 0 0 0 0 0 0 0 17 0 0 12 0 0 10 8 6 5 0 9 0 4 59 0 61 0 62 64 63 2 0 0 20 0 24 0 23 0 0 0 42 41 0 0 0 40 28 0 31 32 27 33 0 0 
52 0 50 0 56 55 0 54 0 0 46 0 43 49 44 0 17 13 16 15 0 11 14 12 9 7 5 0 0 8 0 0 58 0 0 64 61 0 0 1 0 18 0 20 0 25 22 21 34 0 0 40 0 38 36 39 0 28 30 31 26 0 0 0 
0 0 0 49 48 47 0 0 0 34 38 37 35 41 36 0 9 0 0 0 0 3 6 0 0 0 0 0 0 64 58 59 0 51 52 0 0 55 54 0 0 0 11 12 15 17 14 0 0 0 33 0 0 0 0 0 0 20 0 23 0 24 25 21 
20 0 0 0 24 23 21 0 16 10 0 0 11 0 12 0 49 45 0 47 42 0 0 0 41 0 37 36 38 40 0 0 26 0 0 0 0 0 0 33 0 50 0 0 0 0 54 0 0 0 9 0 0 6 4 7 59 60 62 0 58 64 1 0 
0 0 34 0 0 0 37 38 0 0 30 0 27 0 0 0 0 61 64 63 0 59 62 60 57 55 0 0 54 0 50 51 42 43 44 48 0 0 46 0 8 0 3 0 0 9 6 5 0 21 0 24 0 0 20 0 0 0 0 15 10 16 0 0 
0 11 0 0 0 0 13 0 8 0 6 0 0 9 4 7 0 0 0 39 34 0 38 36 0 31 0 0 30 0 26 0 18 19 0 0 0 23 22 0 48 42 43 44 0 49 46 0 0 0 1 0 0 0 60 63 0 52 54 55 0 56 0 0 
60 59 0 1 64 0 61 0 56 0 0 53 0 57 52 0 0 0 0 23 18 0 0 0 17 0 13 0 14 16 0 11 0 0 4 8 0 0 6 9 32 0 27 28 31 0 0 29 0 45 49 0 0 46 44 47 35 36 0 39 0 0 0 0 
0 3 2 9 8 7 5 6 64 58 0 61 0 0 60 63 33 29 32 0 0 0 0 0 0 0 21 20 0 0 18 0 0 11 0 0 0 0 14 17 40 0 35 0 0 0 38 37 0 53 57 56 0 0 0 55 0 0 0 47 0 0 49 45 
28 27 26 33 32 31 0 30 0 0 0 0 0 25 20 0 0 0 56 55 0 0 54 0 0 47 45 0 46 48 0 0 34 0 0 40 0 39 38 0 64 0 0 60 63 1 0 0 10 13 0 0 0 0 12 15 3 4 0 7 0 8 9 0 
0 0 0 51 50 49 0 48 0 0 40 0 37 43 38 0 0 0 0 0 0 5 0 6 3 1 0 0 64 2 0 0 52 0 0 58 0 57 0 59 0 12 0 0 0 0 0 15 28 0 0 0 0 0 0 33 0 22 24 25 20 26 27 23 
0 53 0 59 0 0 55 0 0 44 0 47 0 0 46 0 19 15 18 0 12 0 0 14 0 9 0 6 8 10 0 0 60 61 0 0 0 0 64 3 0 20 21 0 25 0 24 23 36 39 43 42 37 0 38 0 0 30 32 0 28 0 35 0 
0 13 0 0 18 17 15 16 0 4 8 0 5 0 6 0 43 0 42 41 36 37 40 0 0 33 0 30 0 34 28 29 20 0 22 26 0 25 0 0 50 0 0 0 49 0 0 47 60 63 3 2 61 64 62 1 53 54 0 57 0 0 0 55 
0 0 20 27 26 25 0 0 0 0 0 15 0 0 14 17 0 47 0 49 0 0 48 46 43 0 0 38 40 42 36 0 0 29 0 0 0 33 0 35 58 52 0 0 0 59 0 55 4 0 11 10 5 0 0 0 0 0 64 0 60 0 3 63 
0 61 0 0 2 1 0 64 0 0 56 0 53 59 54 57 27 0 26 25 0 21 0 0 19 0 0 0 0 0 0 13 4 0 0 0 7 9 0 0 0 0 29 30 0 0 0 31 44 47 0 50 0 0 46 0 0 38 0 0 0 0 0 39 
0 37 36 43 0 0 0 0 34 0 0 31 0 35 0 0 0 63 0 0 0 61 0 62 59 57 55 0 56 0 52 0 44 0 0 50 47 49 0 0 0 4 0 0 0 0 0 0 20 0 0 26 0 24 0 25 13 0 16 0 0 18 19 0 
6 5 0 0 0 0 0 8 2 0 0 63 61 3 62 0 35 31 0 0 28 0 32 30 0 25 0 0 24 26 20 21 0 0 14 18 0 0 16 19 42 36 0 0 0 43 40 39 0 0 0 0 0 56 0 0 45 46 48 49 44 50 0 0 
30 29 28 0 34 0 31 32 26 20 24 23 0 27 22 25 0 55 0 57 52 0 0 54 0 0 0 0 48 50 44 0 36 37 38 0 0 41 40 43 2 0 61 0 0 3 64 0 12 0 0 0 13 0 14 17 0 6 0 9 0 10 11 7 
0 26 0 32 0 0 0 29 23 0 21 20 0 0 19 0 0 0 0 54 49 50 53 51 0 46 0 0 0 0 41 0 33 34 35 39 36 38 0 40 0 57 58 0 62 64 61 0 0 0 16 15 0 13 11 0 2 3 0 0 1 0 0 4 
35 34 0 40 0 0 36 37 31 25 29 0 26 0 27 30 0 0 0 62 57 58 0 59 0 0 52 0 53 0 0 50 41 0 43 47 0 46 0 48 7 0 2 0 0 0 0 0 0 20 0 23 0 21 0 22 0 0 0 14 9 0 16 12 
0 0 0 16 15 14 12 13 0 1 0 0 0 0 0 6 0 0 39 38 33 34 37 0 0 0 0 27 29 0 0 26 0 0 0 0 20 0 0 0 0 0 0 0 0 48 45 0 57 0 64 0 0 0 59 62 50 0 53 54 0 0 56 52 
0 42 0 0 0 46 44 45 39 0 0 36 34 40 35 0 8 4 7 6 1 0 5 3 64 0 60 0 61 0 57 58 49 0 51 0 52 54 53 0 15 9 10 11 0 0 0 12 0 0 32 31 0 0 27 30 18 19 21 22 0 23 24 20 
51 0 0 56 55 0 52 0 0 0 45 0 42 48 0 46 0 0 15 0 9 0 0 11 8 6 0 0 0 0 0 2 0 58 59 63 0 62 61 0 0 0 18 0 0 0 21 20 33 0 0 0 0 37 35 0 26 27 0 0 0 31 32 28 
0 58 57 64 63 62 0 0 0 49 53 0 0 56 0 0 0 0 0 22 0 18 21 0 16 14 0 11 13 0 9 0 1 2 0 7 4 6 0 0 0 25 26 0 0 0 0 0 41 44 0 47 0 45 43 46 34 0 0 0 0 0 0 36 
0 2 0 0 7 6 0 5 63 0 0 0 58 0 59 0 32 28 31 30 25 26 29 27 0 22 0 0 21 23 17 18 0 0 0 0 0 14 0 16 0 33 34 35 0 0 0 0 49 52 0 0 50 53 0 0 0 43 45 46 41 0 0 0 
19 0 17 0 23 22 20 0 0 0 0 0 10 0 0 14 0 44 47 46 0 0 0 0 40 38 0 0 0 39 0 34 0 0 0 0 28 30 29 32 55 0 0 51 0 0 53 0 0 0 0 7 0 0 3 0 0 0 0 62 0 63 0 60 
0 0 0 0 0 19 17 0 12 6 0 0 0 0 0 11 0 41 44 43 0 0 42 40 0 0 0 32 34 0 0 31 22 0 24 28 0 0 0 0 0 46 0 48 51 0 50 0 0 1 0 4 0 0 0 3 55 56 0 59 54 0 0 0 
0 23 0 29 28 0 25 26 0 14 18 0 15 21 16 0 0 49 0 0 0 0 50 48 45 43 0 0 0 44 0 0 30 31 0 0 33 35 34 37 0 0 55 0 0 0 0 57 0 0 0 0 0 10 8 0 63 0 2 0 0 4 5 1 
0 0 46 0 52 51 0 0 44 38 0 41 0 45 40 43 13 0 0 0 0 7 10 0 0 0 1 64 0 0 0 0 0 55 0 60 57 0 58 0 0 0 0 0 19 0 0 17 0 0 0 0 0 0 32 0 23 24 0 27 22 28 29 0 
0 39 38 45 44 0 41 0 36 30 0 33 31 0 32 0 0 0 4 3 0 63 0 64 0 0 0 0 0 60 54 0 0 47 0 52 49 51 0 53 0 0 0 0 0 0 10 9 22 0 29 0 0 0 0 27 15 0 0 19 14 0 0 17 
32 31 0 0 36 0 0 34 28 0 26 0 0 0 24 0 0 57 60 59 0 55 0 56 53 0 0 48 50 52 0 0 0 39 40 0 41 0 0 0 0 62 63 0 3 0 0 0 0 0 21 0 0 18 16 0 7 8 0 0 6 12 0 9 
0 55 54 0 0 59 0 0 52 46 0 0 0 53 0 0 21 0 0 0 0 0 0 0 0 0 0 8 0 12 0 0 62 63 0 0 1 3 2 5 0 22 23 0 0 0 26 25 38 41 45 44 0 42 40 43 31 0 34 35 30 36 37 0 
0 7 0 13 0 0 0 10 4 0 2 0 0 5 0 0 0 33 36 35 30 31 0 0 29 0 0 0 26 0 0 0 0 15 0 20 0 0 0 0 0 0 0 0 0 0 42 0 54 57 61 0 55 58 56 59 47 48 0 51 46 52 0 0 
0 0 62 5 4 3 1 0 0 54 58 57 55 0 56 0 29 0 28 27 22 23 26 0 0 19 0 0 18 0 0 0 0 7 0 12 9 0 10 0 36 0 31 0 35 37 34 33 0 0 53 52 0 0 0 51 39 40 0 43 0 0 45 41 
18 17 16 0 0 21 19 0 0 0 12 11 0 15 10 0 0 43 0 45 40 41 44 0 39 37 0 34 0 38 32 0 24 25 0 30 0 29 0 31 0 0 49 0 0 0 0 0 64 0 7 6 0 4 2 5 57 0 0 0 0 0 63 59 
0 0 32 39 0 37 35 36 0 0 0 0 25 31 26 29 63 59 62 61 56 57 0 58 0 0 0 50 0 0 48 0 0 41 0 0 43 0 0 47 6 64 0 0 5 7 0 0 0 19 23 22 17 20 18 21 9 10 12 0 0 0 0 0 
0 0 48 0 0 0 51 52 46 0 0 43 41 0 0 0 15 0 14 0 8 0 0 10 7 0 0 0 4 0 0 1 0 0 0 0 0 0 0 63 0 16 0 18 0 23 20 19 0 0 39 38 33 0 34 37 0 0 28 29 0 0 0 27 
0 0 0 0 14 0 11 0 6 64 4 0 0 7 0 0 39 0 38 37 0 0 0 0 0 0 0 26 28 30 24 25 16 0 18 0 19 0 0 23 0 0 0 0 45 47 0 43 0 59 0 62 57 0 58 61 0 0 52 53 48 54 55 51 
26 0 0 0 0 29 0 28 0 0 20 0 17 23 18 21 55 0 0 53 0 0 52 50 0 45 0 42 0 46 0 0 0 0 34 0 35 0 0 39 0 56 57 0 0 63 60 0 0 11 0 0 9 12 10 0 0 2 0 5 0 6 0 3 
2 1 64 7 6 5 3 0 62 56 0 0 0 0 0 0 31 27 0 29 24 0 28 0 0 0 19 18 0 0 0 0 8 0 10 0 0 0 0 15 38 32 0 0 0 39 36 0 48 51 0 0 49 52 50 53 0 0 0 45 40 0 47 43 
0 0 0 0 0 61 59 60 0 48 52 51 49 55 50 0 23 19 22 21 16 17 20 0 15 13 0 0 0 14 8 0 0 1 2 0 0 5 0 0 0 0 0 26 0 0 28 0 0 43 0 46 41 44 0 45 33 0 36 37 0 38 0 35 
0 41 0 0 0 45 0 0 0 32 36 35 0 39 0 0 7 3 0 0 64 1 0 0 0 61 59 0 60 62 0 0 0 0 50 0 51 0 52 0 0 0 0 10 13 0 12 11 24 0 0 30 0 0 0 0 17 0 20 21 16 22 0 19 
