8
22 0 0 0 21 0 23 26 0 39 0 35 0 36 41 0 0 53 54 57 0 56 52 58 0 28 29 0 33 32 0 34 63 0 2 0 0 59 0 60 0 18 0 0 16 0 12 0 0 0 0 5 6 0 9 4 0 0 46 0 50 43 0 47 
54 0 0 52 0 0 55 58 0 7 0 3 6 0 0 5 0 0 22 25 0 24 20 26 0 60 61 0 0 0 63 0 31 29 34 0 0 0 32 0 0 50 47 0 0 46 44 0 40 42 35 0 0 39 0 0 0 12 0 0 18 0 0 0 
38 0 0 0 0 0 0 42 56 0 0 0 54 0 0 0 0 0 6 9 0 8 4 0 43 44 45 46 49 0 0 0 0 13 0 0 14 0 16 0 0 34 0 33 0 0 0 0 24 0 19 21 22 0 25 20 61 60 62 1 0 59 64 0 
0 0 0 12 13 16 0 0 32 31 0 27 30 0 0 0 0 0 46 49 43 48 44 0 0 20 21 22 25 0 23 26 0 53 58 0 54 0 56 0 0 0 7 0 8 6 0 0 64 0 0 61 0 63 1 0 37 36 38 41 0 0 0 39 
46 49 43 44 45 0 47 50 0 0 0 0 0 0 1 61 0 13 14 0 11 0 0 18 51 52 0 54 0 0 55 0 23 0 0 25 0 19 24 0 37 0 0 0 0 38 0 35 0 0 0 0 0 31 33 28 5 4 6 0 10 0 8 7 
30 0 0 28 0 32 0 0 0 0 50 0 0 44 49 45 0 61 0 0 0 0 60 0 35 0 0 0 0 0 39 42 7 5 0 9 0 3 8 0 0 26 0 25 0 0 0 19 16 18 0 13 0 0 0 0 53 0 54 0 58 0 56 55 
0 9 3 4 5 8 7 0 0 0 26 0 0 0 25 0 0 0 0 0 0 40 0 0 0 12 13 0 0 16 15 0 0 0 50 49 0 0 0 44 61 2 0 1 64 62 0 0 0 0 0 0 54 0 0 52 29 0 0 0 34 27 32 0 
0 0 0 60 61 0 0 2 16 0 0 11 0 12 0 13 0 29 30 0 27 0 28 34 0 4 5 0 0 0 0 0 0 0 42 0 0 0 0 0 0 58 0 57 56 54 0 51 48 50 43 0 46 47 0 0 0 0 0 0 26 19 0 23 
0 47 41 0 0 46 0 0 62 61 0 0 60 58 63 59 13 11 12 0 9 0 0 16 49 0 0 52 0 54 0 0 0 0 0 0 20 0 22 0 35 0 37 39 0 36 0 33 30 0 25 27 0 0 0 0 3 0 0 7 0 1 6 5 
0 0 0 0 0 22 0 24 38 0 40 33 36 34 0 35 53 51 52 55 49 0 0 56 25 0 0 28 0 0 29 0 0 59 0 63 60 0 0 0 11 0 0 15 14 12 0 9 0 8 0 3 4 5 7 0 43 42 44 0 48 0 46 0 
4 7 0 0 0 0 0 8 22 21 24 17 0 18 0 19 37 35 36 0 33 38 0 0 0 0 0 12 0 0 13 0 0 43 0 0 0 41 0 0 59 0 0 63 0 0 58 57 54 0 49 51 52 0 55 0 0 26 28 0 32 25 30 0 
0 0 25 26 0 30 29 0 0 45 0 41 44 0 47 43 0 59 0 63 0 0 58 64 33 0 35 36 0 0 0 40 5 0 8 0 0 1 6 0 19 0 21 23 22 0 0 17 0 0 0 0 12 0 0 0 0 0 52 55 0 0 54 53 
60 0 57 0 0 0 61 64 0 0 16 9 0 10 0 11 0 27 0 0 25 0 0 32 0 0 0 4 7 6 0 8 37 35 0 0 0 0 0 34 51 0 53 55 54 52 50 49 0 48 0 0 44 45 47 42 19 18 20 23 0 17 0 21 
0 0 0 0 0 0 37 40 54 53 0 0 0 0 0 51 0 0 4 0 1 6 0 8 41 42 43 0 47 46 45 0 0 0 16 15 0 9 0 0 27 32 29 31 0 28 0 25 22 24 17 19 0 0 23 0 59 0 0 63 0 0 0 0 
12 15 9 10 0 14 13 0 0 29 32 25 0 26 0 27 0 43 0 0 41 46 42 48 17 18 0 20 0 0 0 0 53 51 56 0 52 49 0 50 0 8 5 0 0 0 2 1 0 64 0 59 60 61 0 58 0 0 36 0 0 0 38 0 
0 0 49 0 51 54 0 0 6 5 0 1 0 2 0 3 21 19 20 23 17 22 18 0 57 58 59 0 0 62 61 0 0 0 32 0 0 25 30 26 0 0 0 47 0 44 42 41 38 0 33 0 36 37 39 0 11 10 12 0 16 0 14 13 
45 0 42 43 0 47 46 49 0 0 1 58 61 59 64 0 14 0 13 16 10 0 11 17 0 51 52 0 56 55 0 0 22 20 0 0 21 18 0 0 36 41 38 0 39 0 0 0 31 0 0 28 0 30 0 27 0 0 0 8 0 0 0 6 
21 24 18 0 20 0 22 0 39 38 41 0 0 0 40 0 54 0 53 56 50 0 0 57 0 27 28 29 32 0 0 33 62 0 0 64 0 58 63 59 0 17 0 0 0 13 0 10 7 9 2 0 0 0 0 0 44 43 0 48 49 0 0 46 
0 0 34 0 36 0 38 41 55 0 57 0 0 0 0 52 0 0 5 0 0 0 3 9 42 0 44 45 0 47 46 0 14 0 17 0 13 10 0 11 0 33 30 0 0 0 0 26 23 25 0 0 0 0 24 19 60 59 61 64 0 58 0 0 
0 0 50 51 52 0 0 57 7 0 0 0 5 0 8 4 22 0 21 24 18 0 19 25 0 0 0 0 0 63 0 0 30 28 33 0 0 0 0 27 0 49 46 0 47 45 0 0 39 0 34 0 0 38 40 0 12 0 0 0 17 0 0 14 
0 0 0 59 0 63 62 1 15 0 17 10 13 11 0 0 0 0 0 0 0 31 27 0 2 3 0 5 8 7 6 9 38 0 0 0 0 0 0 0 0 0 54 0 55 0 0 50 47 0 42 0 45 46 48 43 20 19 0 0 25 0 23 22 
0 8 2 3 0 7 6 9 23 0 0 18 0 0 0 20 0 36 37 0 0 0 35 0 10 0 12 13 16 15 14 17 0 0 49 0 0 42 47 0 0 1 0 0 0 61 0 58 55 57 0 0 0 54 0 51 0 0 29 32 0 26 0 30 
0 16 0 11 12 0 0 0 31 0 33 0 0 27 0 28 46 0 0 0 0 47 43 0 0 19 0 0 0 23 0 0 0 52 0 56 0 0 55 0 4 0 0 0 0 5 3 2 0 0 58 60 0 0 64 59 0 35 0 0 41 34 39 0 
0 0 26 0 0 0 30 0 0 0 0 42 45 43 0 44 62 0 0 0 0 0 0 0 0 35 0 37 40 39 38 0 6 4 9 8 0 0 0 3 0 25 0 0 23 21 0 18 0 17 10 0 0 14 0 0 0 51 0 56 57 50 0 0 
27 0 24 25 26 29 28 0 0 0 47 40 43 0 46 42 0 0 59 0 0 61 0 63 32 33 0 0 0 37 0 0 4 2 7 0 3 0 0 0 18 0 0 22 21 0 0 16 0 15 8 0 11 0 0 9 0 49 51 0 55 48 53 52 
43 0 40 41 0 45 0 0 61 0 63 56 0 0 0 0 12 10 11 14 8 13 0 0 0 49 50 0 0 53 52 55 0 18 23 22 19 16 21 0 0 39 36 0 37 0 0 0 0 0 0 0 0 0 0 25 0 1 0 6 7 64 5 4 
51 54 48 49 50 53 0 55 0 0 7 0 3 0 6 2 0 0 19 22 0 0 0 23 56 0 0 59 62 0 60 63 28 26 0 30 0 24 29 0 42 0 0 0 45 0 0 0 37 39 32 0 0 36 0 33 10 9 0 0 0 0 13 0 
11 0 8 9 10 13 0 0 29 0 31 24 0 25 30 0 0 42 0 0 0 0 0 47 0 17 18 0 22 0 0 0 52 0 0 0 0 48 0 0 2 7 4 0 5 3 1 0 61 63 0 0 0 60 62 0 34 0 0 0 0 0 0 0 
19 0 16 0 18 21 20 0 37 36 39 0 35 33 0 0 52 0 51 54 0 0 49 55 0 0 0 27 30 29 28 31 60 58 0 0 59 0 61 0 10 15 12 0 13 0 0 8 5 0 0 2 3 4 0 1 0 0 43 46 47 40 45 0 
0 38 32 0 34 37 0 39 0 0 55 0 51 49 0 50 4 2 3 6 64 5 1 0 0 0 42 43 46 0 0 47 12 10 15 14 0 8 13 0 0 31 28 30 0 0 25 24 0 0 16 0 19 0 22 17 0 57 0 62 0 0 61 0 
0 0 0 0 0 0 0 7 21 0 23 16 0 17 22 18 36 0 35 38 32 37 0 39 0 0 0 11 14 0 0 15 44 0 47 0 0 0 0 41 58 0 0 0 61 0 57 0 0 55 0 50 0 0 0 0 26 0 0 0 0 0 0 0 
59 62 56 57 58 0 0 0 13 12 15 8 0 0 14 0 0 26 27 0 24 0 0 0 0 1 0 0 6 5 0 0 36 0 0 0 35 0 37 0 50 55 52 54 0 51 0 48 0 0 0 42 0 0 0 41 0 0 19 0 23 16 21 20 
1 4 62 63 0 0 2 5 19 0 0 0 17 15 0 0 34 0 33 0 0 0 0 37 0 0 8 9 0 0 0 0 0 40 0 0 0 38 0 0 0 0 58 60 0 57 55 54 0 53 0 48 0 0 52 47 24 23 0 0 29 0 27 26 
9 12 0 0 0 0 10 13 0 26 29 0 25 0 28 24 42 0 41 0 0 0 0 45 0 0 16 0 0 0 18 21 50 48 53 0 0 0 51 47 64 5 0 4 0 0 0 62 59 61 0 56 0 58 0 0 32 31 33 36 37 0 35 34 
57 60 54 0 56 59 58 0 11 0 13 0 9 0 12 8 26 0 25 28 22 27 23 0 0 63 64 0 4 0 2 5 34 32 0 0 0 0 0 31 48 0 0 0 51 49 47 0 0 0 0 0 0 42 0 0 0 15 17 20 0 14 0 0 
41 0 0 39 40 43 42 45 59 58 0 0 57 0 60 56 10 0 0 0 0 11 7 13 46 47 48 49 0 51 50 53 18 0 0 0 17 14 19 0 0 0 0 0 35 0 0 0 27 29 22 0 25 26 0 0 64 0 1 0 5 0 3 0 
0 28 0 0 24 27 26 29 0 42 0 0 41 0 0 0 58 0 57 60 54 0 55 0 0 0 32 0 0 0 34 37 0 64 5 4 0 0 0 0 16 21 18 0 19 17 0 14 11 0 6 0 9 10 0 7 0 47 0 52 0 46 51 0 
0 0 0 0 32 0 34 37 0 50 53 0 0 0 52 0 2 64 1 4 0 0 0 0 38 39 0 41 0 43 0 0 0 0 13 0 9 0 0 7 0 0 0 28 0 0 23 22 19 21 0 16 0 0 20 15 0 55 0 60 61 0 59 58 
49 52 46 47 0 51 0 0 0 0 5 62 1 0 4 64 0 16 0 0 0 19 0 0 54 55 56 57 0 0 58 0 26 0 0 28 0 22 0 0 40 45 0 44 0 0 0 0 0 0 30 0 33 34 36 31 0 7 0 0 13 0 0 10 
17 0 14 15 16 0 18 0 35 0 0 0 33 31 0 0 50 0 49 52 46 51 0 53 22 23 24 25 0 0 26 29 0 56 61 0 0 0 0 0 0 0 10 0 0 9 7 0 3 5 0 64 1 2 4 0 40 0 41 44 45 38 0 42 
0 0 0 0 54 0 56 59 0 8 11 0 7 5 0 6 0 22 23 0 20 25 0 27 0 61 0 63 0 1 0 3 0 30 35 34 0 0 33 29 0 51 48 50 0 0 0 0 41 43 36 38 39 0 42 37 14 0 15 0 19 0 17 0 
15 18 12 13 14 17 0 19 33 32 35 0 31 0 0 0 48 46 47 50 44 49 0 51 0 0 0 23 0 25 0 0 56 54 0 58 0 52 57 53 0 11 8 0 9 0 5 4 1 3 0 0 0 64 2 61 0 37 0 42 43 0 41 40 
31 0 0 29 0 33 0 0 0 0 0 0 0 0 50 0 64 62 63 0 60 0 0 0 36 0 0 39 42 0 0 0 0 6 0 0 7 4 9 0 0 27 24 26 25 23 21 0 0 0 0 14 15 16 0 0 54 53 55 0 59 52 0 56 
0 0 60 0 0 0 64 0 17 16 19 0 15 13 18 14 0 0 31 0 0 0 0 0 4 5 0 7 0 0 8 0 40 0 0 0 0 36 0 37 54 0 56 58 0 0 0 0 49 0 44 46 47 0 50 0 0 21 0 26 0 0 25 0 
0 26 20 21 0 0 0 27 0 40 0 0 0 37 42 38 0 54 55 58 0 57 0 59 28 29 0 0 34 0 32 35 64 0 3 0 0 60 0 0 14 19 0 0 0 15 13 0 9 0 4 0 7 0 10 5 0 0 0 50 51 44 0 48 
7 0 0 5 6 9 8 0 0 24 0 0 0 21 26 22 40 38 39 42 0 0 37 43 12 0 0 0 18 0 16 19 48 46 51 0 47 0 0 45 0 3 64 2 1 0 61 0 57 59 0 0 55 0 0 0 30 0 0 34 35 0 0 32 
47 0 0 0 46 0 0 51 1 64 0 60 63 61 0 0 0 0 15 18 0 0 0 0 0 0 0 0 58 0 0 0 0 22 0 0 23 0 0 0 38 43 40 0 0 39 0 0 0 35 28 0 0 32 0 0 6 5 0 0 0 4 9 8 
39 0 36 0 0 41 0 43 57 0 0 52 55 53 58 0 0 6 0 10 0 0 0 11 44 45 46 47 50 49 48 0 16 14 0 0 0 12 17 0 30 0 0 0 0 0 29 0 25 0 0 22 23 0 26 21 62 61 63 2 0 60 1 64 
2 0 63 64 1 4 3 6 0 19 0 0 18 16 21 0 35 33 0 0 0 36 32 38 7 8 0 0 13 0 11 14 43 41 0 45 42 39 44 0 57 62 0 61 60 0 0 0 0 0 0 0 50 0 0 48 0 24 0 29 30 0 0 27 
26 0 0 24 0 0 27 30 0 43 0 0 0 0 0 0 59 0 0 0 55 60 56 0 0 32 33 34 0 0 35 0 0 0 0 5 2 0 0 0 17 22 19 0 20 18 0 0 0 0 0 9 0 0 13 8 0 48 0 0 54 47 52 0 
0 0 47 48 0 0 0 54 4 0 6 0 0 64 0 0 0 0 18 0 0 20 16 22 0 0 0 58 0 60 0 0 27 25 30 29 0 23 0 0 0 0 0 45 0 42 0 39 0 38 31 0 34 0 37 0 9 0 10 0 0 7 0 11 
0 13 7 0 9 12 0 14 28 27 30 0 0 0 29 0 43 41 0 0 39 0 0 46 15 0 17 0 0 20 0 22 51 49 0 0 50 0 52 48 0 0 0 0 4 0 0 0 60 0 0 0 0 59 61 0 0 0 34 0 38 0 0 0 
0 45 0 0 41 0 0 46 0 59 0 0 58 0 61 0 11 9 10 0 0 12 8 0 47 48 0 50 53 52 51 54 19 0 22 21 0 0 20 0 0 38 35 37 36 0 32 31 0 0 0 0 0 0 0 0 0 64 2 0 0 63 4 0 
0 21 0 0 17 20 0 0 0 35 38 0 34 0 37 0 0 49 50 0 0 52 48 0 23 24 0 0 0 28 0 30 0 57 0 0 58 55 0 0 9 0 0 13 12 10 0 0 4 6 0 1 2 0 5 0 0 0 42 45 46 39 0 43 
0 0 55 56 0 0 59 62 12 11 14 7 10 0 13 9 27 25 26 29 23 0 24 30 63 0 0 0 5 0 3 0 35 33 38 0 34 31 36 32 0 0 0 53 52 50 0 47 0 0 0 41 42 43 0 40 17 0 18 21 22 0 0 0 
0 0 0 0 0 36 0 38 52 0 0 0 0 0 0 0 0 1 2 0 0 0 64 6 39 0 41 42 45 44 43 0 11 9 14 0 10 0 12 8 25 30 0 29 0 0 24 0 20 0 0 17 0 0 21 0 0 56 0 0 0 55 0 0 
40 0 37 38 0 42 0 44 58 0 0 53 56 54 0 55 9 0 0 0 0 0 0 12 45 0 0 0 51 0 49 52 17 0 20 19 0 0 0 14 31 36 0 35 0 0 30 0 0 0 21 23 0 0 27 0 0 62 64 3 4 61 2 0 
32 0 0 0 0 0 0 36 50 0 52 0 48 46 51 0 0 63 0 0 61 2 62 0 37 38 0 0 0 0 41 44 0 0 0 0 0 5 10 0 0 0 0 0 26 0 22 0 0 20 0 0 0 0 0 0 0 54 56 0 0 53 58 57 
0 0 13 0 15 0 0 0 34 33 0 29 32 30 0 31 0 47 0 0 0 50 46 0 0 22 0 24 0 26 0 0 0 0 60 59 56 53 58 0 0 12 9 11 10 0 0 5 2 0 0 0 0 0 3 0 0 0 40 0 0 0 42 0 
0 0 0 0 7 10 0 12 0 25 0 0 24 0 0 23 41 0 40 0 37 0 0 0 0 0 15 0 19 0 0 0 49 0 52 0 48 45 50 0 63 0 1 3 2 0 62 0 0 0 0 55 56 57 59 0 0 30 0 0 0 0 34 33 
0 0 45 0 47 0 0 0 2 0 4 61 0 0 3 63 17 15 16 19 13 0 0 20 0 0 55 56 59 58 57 60 0 0 28 27 0 21 26 0 0 44 41 0 42 40 38 37 34 36 29 0 32 33 35 0 7 0 0 11 0 5 0 0 
0 0 0 62 0 0 0 0 18 17 20 0 16 0 0 15 0 0 32 0 29 0 30 0 0 6 7 8 11 0 9 0 0 0 0 43 40 37 42 0 55 60 0 59 0 56 0 53 0 52 0 47 0 0 51 46 0 0 24 27 28 0 26 25 
56 0 0 0 0 0 57 0 10 0 0 0 0 0 11 7 0 23 24 27 21 0 22 28 61 62 63 0 3 2 1 0 33 0 0 0 32 0 34 0 47 52 0 51 50 48 46 0 42 0 0 39 0 41 0 38 0 14 16 19 0 13 0 0 
24 27 21 22 23 26 0 0 42 41 44 37 0 0 43 39 57 55 0 0 0 0 0 0 0 0 31 0 35 34 33 36 1 63 0 3 0 0 2 0 15 20 17 0 18 16 0 0 0 0 5 7 8 9 0 6 47 0 0 0 52 45 0 0 
