8
38 36 0 34 37 40 0 35 5 8 0 9 0 6 2 7 10 0 0 0 11 0 17 0 54 51 52 53 0 57 0 0 0 0 0 27 0 0 32 0 0 46 0 0 0 43 47 44 0 0 25 0 21 0 0 19 62 1 61 0 0 64 63 0 
14 0 0 10 0 0 0 0 0 48 44 0 0 46 0 0 50 55 52 0 51 0 57 0 0 0 0 0 26 33 0 31 0 6 0 3 2 0 8 0 0 22 0 0 24 19 23 0 0 58 1 0 0 63 0 0 38 41 37 0 36 0 39 0 
0 0 31 0 0 32 33 27 61 64 60 0 59 0 0 0 0 0 4 8 0 0 0 0 46 43 44 0 0 49 48 47 21 22 0 0 18 0 24 23 34 38 0 41 40 0 39 36 12 10 17 0 0 0 16 0 54 57 0 51 52 0 0 0 
54 0 0 0 53 56 0 0 0 0 20 0 19 0 0 23 26 0 28 0 0 29 0 0 0 0 4 0 0 9 8 7 45 46 0 0 0 44 48 0 58 0 61 1 0 59 0 0 36 0 0 38 37 39 40 35 0 0 0 0 12 0 0 0 
62 0 63 58 61 0 0 59 0 32 28 0 27 0 0 0 0 39 36 40 0 37 41 0 14 11 12 0 10 0 0 0 0 0 57 0 50 52 56 55 2 0 0 9 8 3 7 4 0 0 49 46 45 0 48 43 0 25 0 0 0 0 23 0 
0 4 0 0 5 0 0 3 37 40 36 41 35 38 34 0 0 0 44 0 0 0 49 46 0 19 0 21 0 25 24 23 0 62 1 0 0 60 0 63 10 0 13 17 0 0 15 12 52 50 0 0 0 55 0 51 0 0 29 27 28 32 0 0 
46 0 47 42 45 48 49 43 0 16 12 17 0 0 0 0 0 23 0 0 19 21 0 0 62 59 60 61 0 0 64 0 37 38 41 35 34 36 40 39 50 0 53 0 56 0 0 0 0 0 33 0 29 0 0 27 0 0 0 3 0 8 7 2 
0 0 23 18 0 24 25 19 0 0 52 0 51 0 50 0 0 63 0 0 0 0 1 62 38 35 0 37 34 41 40 39 0 14 17 11 10 0 16 15 26 30 29 0 0 0 31 0 0 0 0 0 5 0 8 3 0 0 0 43 44 48 0 42 
53 51 54 49 52 55 56 50 20 23 0 0 18 0 17 0 0 0 27 0 0 0 0 29 0 0 3 4 1 0 7 0 0 0 0 42 0 43 0 46 57 0 0 0 0 58 0 0 0 33 40 37 36 0 39 0 0 16 0 0 11 0 0 9 
45 0 0 0 0 47 48 42 12 0 0 0 0 13 0 14 17 0 0 0 18 0 24 21 61 58 0 0 0 0 63 62 0 37 0 34 33 0 39 0 49 53 0 56 55 0 54 51 27 0 32 0 0 30 0 26 0 8 4 2 0 0 0 1 
37 0 38 0 36 39 40 34 0 0 0 8 0 0 0 0 9 14 11 0 0 0 16 13 0 0 51 52 49 56 0 0 0 29 32 0 0 27 0 0 41 45 0 48 47 0 0 43 0 17 0 21 20 22 0 0 0 0 0 0 0 0 0 57 
61 59 62 57 0 63 64 0 28 0 0 0 26 0 25 30 0 0 35 0 0 36 40 37 13 0 0 12 9 0 0 0 0 53 56 0 0 51 0 0 0 0 4 8 0 2 0 3 43 0 0 0 0 0 0 0 0 0 0 0 19 0 22 17 
21 0 22 17 20 23 24 0 0 0 0 56 50 0 0 54 0 0 59 63 0 0 64 0 0 0 0 0 33 40 39 38 12 13 0 10 9 0 15 0 25 0 0 0 31 26 30 27 3 0 8 5 0 0 7 0 0 0 44 42 0 47 46 41 
29 27 0 0 0 31 32 26 0 0 59 64 0 0 57 62 1 6 3 7 0 4 0 5 45 0 0 44 41 0 47 46 0 21 0 0 0 19 0 0 33 37 0 0 39 34 0 0 0 0 16 13 0 14 15 10 0 0 0 0 0 55 0 0 
5 3 6 0 0 0 0 0 36 0 35 0 0 37 33 38 41 46 0 0 42 0 48 0 0 18 0 20 0 0 0 22 0 0 0 58 0 0 0 62 0 13 12 16 0 0 0 11 51 49 56 0 52 54 0 0 0 0 0 0 27 0 30 0 
13 0 0 9 0 0 0 10 0 47 0 48 0 0 0 0 0 0 51 0 0 0 0 53 29 0 0 28 25 32 0 0 4 0 0 0 0 0 7 0 17 0 20 24 23 18 22 0 59 57 0 61 0 0 63 58 37 0 0 0 0 0 0 0 
0 0 11 0 9 0 0 0 41 0 0 45 0 42 0 43 46 0 48 52 47 0 0 0 26 0 0 25 0 0 28 0 0 2 5 63 62 64 4 3 0 18 17 21 0 0 19 16 56 0 61 0 57 59 60 0 34 37 33 31 32 0 0 0 
0 24 0 0 25 0 0 23 57 0 56 61 0 0 54 59 62 0 0 4 0 1 5 2 0 39 40 41 0 45 44 43 0 18 21 0 14 0 20 0 0 0 0 0 0 0 35 32 0 0 13 10 9 0 12 7 0 0 49 0 48 52 0 46 
50 0 0 46 0 52 53 47 0 20 16 21 15 18 0 19 0 27 0 0 23 25 0 0 0 63 64 1 0 5 0 0 41 42 0 39 0 40 44 43 54 0 0 61 60 0 59 0 0 30 37 34 33 35 36 31 10 13 0 0 8 12 0 6 
42 0 0 0 0 0 0 39 0 12 0 13 0 10 6 0 14 19 0 0 0 0 21 0 0 55 0 57 0 0 60 0 33 0 37 0 0 0 36 0 0 0 0 0 52 47 0 0 24 22 29 0 0 27 28 0 0 0 1 0 0 4 0 0 
0 0 0 14 17 20 21 0 0 0 0 53 47 0 46 0 0 59 0 60 0 57 0 0 0 0 32 0 30 37 0 0 0 0 0 7 0 0 12 0 22 0 25 0 0 23 27 24 0 62 0 2 1 0 0 63 42 0 41 39 40 0 43 38 
2 64 3 0 1 0 5 63 0 36 32 0 0 0 30 35 38 43 0 44 39 41 0 0 0 0 16 17 14 21 20 19 0 0 61 0 0 56 0 59 0 10 9 13 0 0 0 8 0 46 53 50 0 0 52 47 26 0 0 0 24 28 0 22 
0 56 0 0 0 60 61 55 25 28 24 29 0 0 0 0 0 0 32 36 31 33 37 0 10 0 0 0 6 0 0 0 0 50 0 47 0 0 0 51 62 2 1 0 4 0 0 0 40 0 0 0 0 43 44 39 0 0 17 0 0 20 0 14 
0 0 35 30 33 36 37 0 0 4 0 5 0 2 62 0 6 11 0 0 7 0 13 10 0 47 48 0 46 53 0 0 0 0 29 23 22 0 28 27 38 0 41 0 0 0 43 0 16 0 0 0 0 19 20 0 0 61 0 55 56 60 0 54 
64 0 1 0 0 0 0 0 31 34 0 0 29 32 28 33 36 0 38 42 37 0 0 40 16 0 0 15 0 0 0 17 0 56 59 0 0 54 58 57 0 0 7 11 0 0 0 6 46 44 51 48 0 49 50 45 24 27 23 0 22 26 25 20 
0 22 25 0 23 26 0 21 55 58 54 0 0 0 0 57 0 0 0 2 0 0 0 64 0 0 38 0 36 0 0 41 0 16 19 13 0 0 0 0 0 0 31 35 34 29 33 0 6 4 0 8 7 9 10 5 0 0 0 45 46 50 0 0 
8 0 9 4 0 10 11 5 39 0 0 0 37 40 0 41 0 49 46 0 0 0 51 0 0 0 0 23 0 0 26 0 63 64 0 0 0 0 0 1 12 16 15 0 18 13 0 0 54 0 0 0 0 57 0 53 32 0 0 0 30 0 0 28 
0 0 33 28 0 34 0 0 0 2 62 3 61 64 0 0 0 0 0 10 0 0 11 8 48 45 46 47 44 0 0 49 23 0 0 21 0 0 0 25 0 40 39 0 42 37 0 0 14 12 0 16 15 0 0 13 0 59 0 53 54 0 0 0 
0 38 0 36 39 42 0 37 0 0 0 11 5 8 0 9 12 0 0 0 0 15 19 0 56 53 0 55 52 0 58 57 31 0 0 29 0 0 34 33 44 0 47 51 50 45 49 0 22 0 0 24 0 25 0 0 64 0 0 61 62 0 1 60 
0 46 49 0 47 0 0 45 15 18 14 0 0 0 0 0 0 0 0 26 0 23 27 0 64 61 62 63 0 0 2 0 0 0 0 0 0 0 42 41 0 56 55 0 58 0 0 0 30 28 35 0 31 33 0 0 8 0 0 0 6 10 0 0 
16 14 17 12 0 18 19 13 47 50 46 51 0 0 44 0 52 57 0 58 0 55 59 0 0 29 30 0 28 0 34 0 0 8 11 5 0 0 0 9 0 24 23 0 26 21 25 0 0 0 0 0 0 0 2 0 0 0 39 0 0 42 0 0 
56 54 0 52 55 58 59 53 0 0 22 0 0 0 0 25 0 0 0 34 0 31 0 0 8 0 0 0 4 0 0 9 0 0 0 0 44 46 0 49 60 64 0 3 2 61 1 0 38 36 0 40 39 41 42 37 16 19 0 0 0 0 0 12 
4 0 5 64 3 0 7 1 0 0 0 0 0 36 32 0 40 0 0 46 41 0 0 44 0 0 18 0 16 23 22 0 0 0 63 0 56 58 0 0 0 0 0 15 0 0 0 10 50 0 55 52 51 53 54 0 0 31 0 25 26 0 0 24 
60 0 0 56 59 62 63 0 0 0 26 31 25 28 0 29 32 37 34 0 33 0 39 0 12 0 0 11 0 15 14 0 0 52 0 49 48 0 0 0 0 4 3 0 0 0 5 0 42 0 0 0 0 0 46 41 20 23 0 17 18 22 0 16 
44 0 0 0 0 0 0 0 0 14 0 0 9 0 8 0 16 0 18 0 17 0 23 20 60 0 58 59 0 63 62 61 0 0 39 0 32 0 0 37 0 0 51 55 54 0 0 0 0 0 31 0 0 29 0 0 4 0 0 0 0 0 5 64 
0 26 0 24 0 30 0 25 0 0 58 63 57 0 56 61 64 5 2 0 1 3 7 4 0 41 42 43 40 47 0 0 19 20 23 17 0 18 22 0 0 36 35 0 38 33 37 34 0 0 15 12 0 0 14 9 0 55 0 49 0 0 53 48 
0 10 13 8 0 0 0 9 0 0 42 47 41 0 0 0 0 0 0 54 0 51 0 0 0 0 0 0 24 0 0 0 3 0 0 1 0 2 0 0 0 20 0 23 22 0 21 18 0 0 63 60 59 61 0 0 0 0 35 0 34 38 37 0 
0 0 53 0 51 0 55 49 0 22 0 0 0 0 16 0 0 29 26 0 0 27 31 0 4 0 2 0 64 7 6 5 0 44 47 41 0 42 0 45 56 0 59 0 62 57 61 0 0 0 0 36 35 0 38 0 0 0 0 0 0 0 0 8 
0 0 0 16 19 22 0 17 0 54 50 55 49 52 48 53 56 61 58 0 57 0 0 60 36 33 0 0 32 39 38 37 11 0 15 9 0 0 0 13 24 28 0 31 30 25 0 26 0 0 0 0 0 5 6 1 0 47 43 0 0 0 45 0 
36 34 37 32 35 38 39 33 3 6 0 0 1 4 0 5 8 0 0 0 9 11 0 0 0 0 0 51 48 0 0 53 0 0 31 0 0 26 0 29 0 44 43 47 0 41 0 0 18 16 23 20 0 0 0 17 60 63 0 57 58 0 0 0 
17 15 0 13 0 19 20 0 48 0 47 0 46 0 0 0 53 0 0 0 0 56 60 0 33 30 31 0 0 0 35 0 0 0 0 0 5 0 11 10 21 25 24 0 0 22 0 23 63 61 0 0 0 2 3 62 41 0 0 0 39 0 42 37 
33 31 34 29 32 35 36 30 0 3 0 4 62 1 61 0 0 0 7 0 0 0 0 9 49 46 47 48 0 0 0 0 0 25 0 22 21 0 0 0 0 41 40 44 43 0 42 0 0 0 20 17 0 0 19 0 57 60 56 0 0 0 0 53 
41 0 42 0 0 43 0 38 8 11 7 12 0 0 5 0 13 18 0 19 0 0 20 17 57 54 55 0 53 0 59 58 32 0 36 30 29 31 0 0 45 49 48 52 51 46 50 47 0 21 0 0 24 0 27 22 1 4 64 62 63 3 2 61 
49 0 50 45 0 0 0 0 16 19 15 0 0 0 0 0 0 26 0 0 0 0 28 0 0 0 63 0 0 4 3 2 40 0 44 38 37 0 43 0 53 57 56 0 0 54 0 0 0 29 0 0 32 0 0 0 0 12 8 0 7 0 0 0 
0 0 0 21 24 27 0 22 56 59 0 0 54 0 0 58 0 0 63 3 62 0 4 0 0 38 0 0 37 0 0 42 0 0 0 0 13 15 0 0 29 0 0 0 35 30 34 31 0 5 12 9 8 10 0 0 49 0 48 46 0 0 0 45 
9 0 10 5 8 0 0 6 40 43 39 44 38 0 37 42 0 0 47 0 0 48 0 49 25 0 23 24 21 28 27 26 64 0 0 62 0 63 3 2 0 0 16 0 19 14 0 0 0 53 0 0 0 58 59 54 0 0 32 0 31 0 0 29 
0 0 0 61 0 0 0 0 32 0 31 0 30 33 29 34 0 42 0 0 38 40 44 0 17 14 15 0 0 0 19 18 0 0 60 0 0 0 0 0 5 9 8 0 11 0 0 7 0 45 52 0 48 0 0 46 25 0 0 22 23 27 26 0 
57 0 58 0 56 0 0 54 24 27 23 28 0 25 21 0 29 34 0 35 0 32 0 0 0 6 0 0 0 12 0 10 48 49 52 0 45 0 0 0 0 0 0 4 0 62 2 0 39 37 0 0 0 42 43 0 17 20 0 14 0 0 18 13 
7 0 0 0 6 9 0 4 0 41 0 0 0 0 35 40 0 48 45 49 44 0 0 47 23 0 21 22 0 26 25 0 0 63 2 60 59 61 1 64 11 0 14 18 0 12 0 13 53 0 0 55 54 0 0 52 31 34 0 0 0 0 0 0 
55 0 0 51 0 0 58 52 22 25 0 26 0 23 0 24 0 0 29 33 0 0 0 0 0 4 5 0 3 0 0 0 0 47 0 0 43 0 0 0 0 63 0 2 0 0 0 0 37 35 42 0 38 40 41 0 0 0 14 12 0 17 16 11 
63 61 64 59 0 0 0 60 30 33 29 34 0 0 0 0 35 40 0 0 36 0 42 39 0 12 0 0 0 0 17 16 0 0 58 52 0 0 57 56 3 7 0 10 9 0 0 0 45 43 0 47 46 0 49 0 0 0 22 0 21 25 24 0 
0 13 16 11 0 0 0 0 46 0 0 50 44 47 43 48 0 56 53 57 0 54 0 55 0 28 29 30 27 0 33 0 0 7 10 0 3 0 0 8 0 23 0 26 0 0 0 21 0 0 0 63 62 64 0 60 39 0 0 36 37 41 40 0 
31 29 32 27 30 0 34 28 0 1 0 0 0 63 0 64 3 8 5 9 4 0 0 7 0 0 45 0 0 50 0 0 0 23 26 20 0 21 0 0 0 39 0 0 0 0 40 0 0 0 18 15 0 16 17 0 0 0 54 0 53 57 0 51 
0 0 40 35 0 41 42 36 0 9 0 10 4 0 0 8 11 0 0 17 0 14 0 15 0 52 53 0 0 58 0 56 30 31 0 28 0 29 33 32 0 0 46 0 0 44 0 0 0 19 0 23 22 24 0 20 0 2 62 60 0 0 0 59 
47 45 48 43 0 49 0 0 0 0 0 0 0 15 11 16 0 24 21 0 20 22 0 23 63 0 0 0 0 2 1 0 0 39 0 0 35 0 0 40 51 0 54 58 0 0 0 53 29 0 34 31 30 32 33 28 7 0 0 0 5 9 8 3 
0 21 0 0 22 25 26 20 54 57 0 0 52 55 51 56 59 0 61 0 60 62 2 0 39 36 37 0 35 0 41 0 14 15 0 0 11 0 0 16 0 31 0 0 33 28 0 29 0 3 0 0 6 8 0 0 47 50 0 0 0 0 48 43 
59 57 0 0 58 61 0 0 0 0 25 0 24 0 23 0 31 0 33 0 0 0 0 35 0 8 0 10 0 14 13 12 50 51 54 0 47 49 0 52 0 3 2 6 5 0 4 1 0 39 0 43 0 44 45 0 19 0 0 0 17 0 0 0 
19 17 20 0 0 0 22 0 0 0 0 54 48 0 47 52 0 60 57 0 56 58 0 0 0 0 33 0 31 38 0 36 0 0 14 0 0 9 0 0 0 27 0 0 29 0 28 25 1 63 0 3 0 4 0 0 43 0 0 40 0 0 44 0 
11 9 0 7 0 13 0 8 42 45 0 0 40 43 39 44 0 0 49 53 0 50 0 51 0 0 0 0 0 0 0 0 2 0 0 64 63 0 0 4 0 19 0 22 21 0 20 0 57 0 62 59 0 0 0 56 0 38 0 0 33 37 36 31 
51 49 52 47 0 53 0 0 18 0 17 22 16 0 15 0 23 28 25 29 24 26 0 27 3 0 1 2 0 6 0 0 42 43 0 0 0 41 45 0 55 59 58 62 61 0 0 0 33 31 0 35 34 0 37 0 11 14 0 0 0 13 12 0 
35 33 36 0 0 37 38 32 2 0 1 6 0 0 63 4 0 0 0 13 8 10 0 11 51 48 0 50 47 0 53 52 0 0 30 0 0 25 0 0 0 43 0 0 0 0 44 41 17 0 22 0 18 0 21 0 59 0 0 56 0 0 0 55 
0 25 0 0 26 29 30 24 58 61 0 0 56 59 55 60 63 4 0 0 0 2 6 0 0 0 41 0 0 46 45 0 18 19 0 0 0 0 21 20 31 0 34 38 37 32 36 0 9 7 0 11 10 0 0 0 51 54 50 48 0 0 0 47 
0 0 4 0 2 5 6 64 0 0 33 0 0 0 0 0 39 44 41 45 0 0 46 0 19 16 0 18 0 0 0 0 58 59 62 0 55 57 0 0 7 0 10 14 0 8 12 0 0 47 54 51 50 52 0 48 27 30 0 24 25 0 28 23 
43 0 0 39 0 0 0 40 0 0 9 0 0 0 7 0 0 0 17 21 0 0 0 19 0 56 57 0 0 0 0 0 0 35 0 0 31 0 0 0 0 0 50 0 0 48 0 0 25 0 0 0 26 0 29 0 3 0 0 0 0 5 4 0 
