8
0 33 35 28 32 0 0 30 0 0 13 14 12 19 0 18 23 0 27 26 25 20 24 0 57 0 53 54 0 0 0 0 0 46 0 44 49 45 0 0 0 0 0 0 0 6 8 11 0 40 38 42 0 37 0 41 3 0 0 0 62 0 0 0 
26 0 0 20 0 21 0 22 0 8 0 6 4 11 0 10 0 14 0 18 0 0 0 13 0 0 45 46 0 48 0 50 43 0 0 0 0 37 42 0 0 2 0 0 1 0 0 3 0 0 30 0 0 0 35 0 0 0 55 57 54 52 58 0 
0 49 0 0 0 45 47 0 0 0 29 0 28 0 33 0 39 0 0 0 41 36 40 0 9 0 5 6 0 0 0 0 0 0 64 60 0 0 0 0 0 26 0 20 25 22 24 27 52 0 54 0 0 53 59 57 19 0 15 0 0 0 18 0 
0 1 3 0 64 61 63 62 0 48 45 0 0 0 0 50 0 0 0 58 0 0 0 0 25 20 0 0 0 0 27 0 0 14 16 0 0 13 0 15 39 42 37 0 0 38 0 0 0 8 6 0 7 0 11 9 0 29 0 33 30 0 0 32 
18 17 19 12 0 13 15 0 63 0 61 62 0 3 0 2 7 0 0 0 9 4 8 5 0 36 0 0 0 0 43 42 0 30 0 28 33 29 34 0 0 58 53 52 57 0 0 59 20 0 22 26 23 21 27 0 0 45 47 0 46 0 0 48 
0 9 0 0 8 5 0 0 0 0 0 54 52 0 57 0 0 0 3 0 1 60 0 61 0 0 0 30 0 0 35 0 0 22 24 0 25 21 26 0 47 50 0 44 0 0 0 51 0 0 14 0 0 0 0 17 43 37 39 41 0 0 42 40 
58 57 59 0 0 0 0 54 0 0 0 0 0 0 0 42 47 0 51 50 0 44 0 0 17 0 13 0 15 16 19 18 0 0 8 0 0 0 10 7 31 0 0 0 0 30 0 35 0 0 62 0 63 0 3 0 27 0 0 0 0 20 26 24 
42 41 0 36 0 0 39 0 23 0 0 0 0 0 0 26 0 30 0 34 33 28 0 29 0 60 61 0 63 0 3 2 59 0 0 0 0 53 0 55 0 0 13 0 17 14 16 0 44 0 46 50 0 45 51 0 0 5 7 0 0 4 10 8 
20 0 21 0 0 0 17 0 1 2 0 0 62 5 0 4 9 8 0 12 11 6 0 7 0 38 39 0 0 0 0 44 37 0 0 30 0 0 36 0 0 0 0 0 0 56 58 61 22 0 0 28 0 0 29 0 0 47 0 0 48 0 52 0 
0 0 13 6 10 0 0 8 0 0 0 0 0 0 0 60 0 0 0 4 0 0 0 0 0 0 31 32 33 0 37 0 29 24 0 22 0 0 0 0 49 52 47 0 0 48 50 53 0 0 16 0 17 15 0 0 0 39 0 43 40 0 44 42 
0 35 37 30 0 31 0 0 0 0 0 16 0 21 19 0 25 0 29 28 27 0 0 0 0 0 0 0 57 0 0 60 53 0 50 46 0 0 0 0 9 0 7 6 11 8 10 0 0 42 40 0 0 39 0 0 5 63 1 3 64 0 4 0 
0 0 0 0 50 0 0 48 33 34 0 32 0 37 35 0 41 0 45 44 43 0 0 39 11 6 7 0 0 0 13 12 0 0 2 62 3 0 0 1 0 0 23 0 0 0 26 0 54 58 56 60 0 55 61 59 21 0 0 19 0 0 20 0 
0 0 5 62 0 0 1 64 0 50 47 0 46 53 0 52 0 56 0 60 0 0 58 55 0 0 0 24 0 26 0 0 0 16 18 0 19 0 20 0 41 44 0 0 0 40 42 45 0 0 0 0 9 7 13 0 37 0 33 0 32 30 0 34 
60 59 61 0 58 0 0 56 41 0 39 0 38 0 0 44 49 0 0 52 0 0 50 0 19 14 15 16 0 18 21 0 0 8 10 0 0 7 12 9 0 36 0 30 35 0 34 37 62 0 64 0 1 63 0 3 29 0 25 27 24 0 28 0 
0 0 0 0 0 23 25 24 9 10 0 8 6 0 0 0 0 0 21 0 19 14 18 15 51 46 0 0 49 0 53 0 0 40 0 0 0 0 44 41 1 4 63 62 3 64 2 0 0 0 32 0 33 0 37 35 0 55 0 0 56 0 60 0 
44 0 0 0 42 39 0 0 0 0 0 0 22 0 0 28 33 0 37 0 35 0 34 31 0 0 63 64 1 2 5 4 0 56 58 54 0 0 0 0 0 20 0 14 0 0 18 21 0 50 0 0 49 47 0 0 13 7 9 11 8 6 12 10 
0 36 38 31 35 32 0 33 18 0 16 17 15 22 20 0 0 25 30 0 0 0 0 0 60 55 0 0 58 0 0 0 0 49 0 47 52 48 53 50 0 13 8 0 12 0 0 0 39 0 41 0 0 0 0 0 6 64 2 4 1 0 5 3 
0 60 62 55 0 0 0 57 42 0 40 0 0 0 44 45 0 49 54 53 52 0 51 48 20 0 16 17 18 0 22 0 0 0 0 7 12 0 13 10 0 37 0 0 36 0 0 38 0 0 0 5 0 0 6 0 30 0 26 28 0 23 0 27 
5 0 6 0 0 0 0 0 50 0 0 0 0 0 52 0 58 57 0 0 0 0 0 56 0 0 0 25 0 0 30 29 0 17 0 0 0 16 0 18 42 0 0 39 0 41 0 0 0 0 0 13 0 0 0 12 38 32 34 36 33 31 37 0 
13 0 0 7 0 0 10 9 58 59 0 0 55 62 0 0 2 0 6 5 4 63 3 0 0 31 32 33 34 0 0 0 30 0 27 0 28 24 29 26 50 0 0 47 52 0 51 0 15 0 0 21 18 16 22 20 46 0 42 0 41 0 45 0 
45 0 0 39 43 0 42 41 0 0 0 25 23 0 0 29 34 33 0 37 0 31 0 32 0 0 0 0 2 3 0 5 0 0 0 0 0 56 61 58 0 0 0 15 20 17 19 0 0 0 49 53 0 48 0 52 0 0 0 12 9 0 0 11 
29 28 0 23 27 0 26 0 10 0 8 9 0 0 0 0 18 0 22 0 0 0 0 16 0 0 0 0 0 0 54 53 46 41 43 0 0 40 0 42 2 5 64 63 4 0 0 0 31 35 33 0 0 0 38 36 0 0 0 60 0 0 0 0 
53 0 0 47 0 0 50 49 0 0 32 33 0 38 36 37 42 41 0 0 0 0 0 0 12 7 8 0 10 11 0 0 6 0 3 0 0 64 0 2 0 0 0 23 28 25 0 30 0 59 57 0 58 0 62 60 0 16 0 0 17 15 21 0 
0 20 22 0 0 16 0 17 0 3 0 0 63 0 4 0 0 9 14 0 12 0 0 8 44 0 0 0 42 43 0 45 0 33 35 31 0 0 0 0 58 0 56 55 60 0 0 62 23 0 0 29 0 24 30 0 0 0 0 0 0 47 53 0 
0 40 0 0 0 0 0 0 0 0 0 21 19 26 0 0 30 0 34 33 32 0 0 0 0 59 60 61 62 0 2 1 0 53 0 51 0 0 57 54 14 17 12 0 16 13 15 18 0 47 45 0 0 0 50 48 10 4 6 0 0 3 9 0 
49 0 50 0 0 44 0 45 30 31 0 29 0 34 0 33 0 37 42 41 40 35 39 36 8 0 4 0 0 0 10 9 0 0 0 0 64 0 0 0 0 0 20 0 0 21 23 26 51 0 53 0 54 0 0 0 0 12 0 16 13 0 17 15 
0 0 0 51 0 0 0 53 38 39 0 0 35 0 40 41 46 45 50 49 48 43 0 0 16 0 12 0 14 15 18 0 0 5 7 3 0 4 9 6 30 0 28 27 32 29 0 0 59 63 0 1 0 60 0 64 0 0 22 0 0 0 0 0 
0 64 0 0 63 0 62 61 0 0 44 0 0 0 48 0 54 0 58 0 0 51 0 52 0 19 0 0 22 23 26 25 18 13 0 0 16 12 17 0 0 41 36 0 0 0 0 42 0 7 0 0 0 0 10 8 34 28 0 0 0 0 33 0 
0 24 0 0 0 0 0 21 6 7 4 5 3 10 0 9 14 0 18 0 16 0 0 0 48 0 0 45 46 47 50 0 0 0 39 0 40 36 0 0 0 1 0 59 0 0 63 2 27 0 0 33 30 0 0 0 0 52 0 0 53 51 57 55 
0 0 0 3 7 4 0 0 0 55 52 0 51 0 0 57 62 0 0 1 0 59 63 60 0 27 0 29 0 0 34 33 26 0 0 0 0 0 0 22 46 0 0 43 48 45 0 50 0 0 13 0 14 0 18 16 0 36 0 0 37 35 0 0 
0 16 0 11 15 0 14 13 0 0 0 61 0 0 64 1 6 0 10 0 8 3 0 0 40 35 36 0 0 0 0 0 0 29 31 27 0 0 0 30 0 0 52 0 56 53 55 0 19 0 21 25 22 0 26 0 0 0 46 0 45 0 49 0 
33 32 34 27 0 28 0 0 14 0 12 0 0 18 0 17 0 0 26 0 0 19 0 0 56 0 0 53 54 0 0 0 0 0 0 43 48 44 49 0 0 9 4 0 0 5 0 10 0 39 37 0 38 36 42 40 2 0 0 64 0 0 1 0 
0 13 0 0 0 9 11 0 59 0 0 0 56 63 0 62 3 2 7 0 0 0 4 0 0 0 0 34 35 36 39 38 31 26 0 0 29 0 30 0 51 54 49 48 0 50 52 0 16 20 18 22 0 0 23 0 0 41 0 45 0 0 0 0 
0 29 31 24 0 25 27 0 0 12 0 0 0 0 0 0 19 18 0 22 21 16 20 0 0 48 49 0 51 52 0 54 47 0 44 0 0 41 0 43 0 6 0 64 0 2 0 7 0 36 0 0 0 0 0 37 63 57 59 61 0 0 0 60 
0 45 47 40 44 41 0 42 27 28 0 0 0 31 29 0 35 34 39 0 37 0 36 33 5 64 1 2 3 0 0 6 0 58 60 0 0 57 62 0 19 22 0 0 0 18 0 0 0 52 0 0 0 0 0 0 0 9 11 0 0 8 14 0 
6 0 0 64 0 1 3 2 51 0 0 50 48 55 0 54 59 0 0 62 61 56 0 57 29 0 0 0 0 0 31 30 0 0 20 0 0 0 0 0 43 46 41 40 0 42 0 47 0 0 0 14 0 9 15 13 39 0 35 0 0 32 0 0 
62 61 63 0 0 0 0 58 43 0 41 42 0 0 0 0 51 0 0 0 0 0 0 49 21 16 17 18 0 0 0 0 15 0 12 8 0 9 0 11 0 38 0 0 0 0 0 39 0 4 0 6 3 0 0 0 31 0 0 29 26 24 30 28 
0 21 0 0 20 0 19 0 0 4 1 2 64 7 5 0 0 10 15 0 13 0 12 9 45 0 41 0 0 0 47 0 39 0 36 32 0 0 38 0 59 62 0 56 0 58 0 63 24 28 0 30 0 25 31 0 55 49 0 0 0 48 0 0 
0 37 39 32 36 0 35 0 0 0 0 0 0 23 21 22 27 26 31 0 29 0 28 0 61 0 0 58 0 60 63 0 0 0 52 48 53 0 0 51 0 14 9 0 13 0 0 15 40 0 0 0 43 41 47 45 7 0 3 0 0 64 0 0 
54 0 55 0 0 49 0 0 35 36 0 34 32 39 37 38 0 42 47 46 45 0 0 0 0 0 0 10 11 0 0 14 0 2 4 0 5 1 6 3 0 30 0 0 0 0 0 31 0 0 58 62 59 0 0 0 0 0 19 21 0 16 0 0 
55 0 0 0 0 0 52 0 36 37 34 35 0 0 0 0 0 0 48 47 46 0 0 42 14 9 0 0 12 0 0 0 8 0 0 0 6 2 7 0 0 31 0 0 30 0 29 32 0 61 0 63 0 58 0 62 24 0 20 22 0 17 23 21 
0 0 8 1 5 0 4 3 0 53 50 0 0 56 0 55 60 59 0 63 0 57 61 0 0 0 26 0 28 0 32 31 0 19 21 0 22 0 23 20 0 47 42 0 0 43 0 48 0 0 11 0 0 10 0 0 0 0 36 38 0 33 0 0 
47 46 48 0 45 0 0 43 28 29 26 0 25 32 0 0 0 35 0 0 0 33 0 34 0 1 0 0 0 5 8 0 0 0 0 57 0 58 0 60 20 0 18 17 0 0 0 24 0 53 0 0 52 0 56 0 16 10 0 14 0 0 15 13 
0 0 40 33 37 0 0 35 0 0 0 19 0 0 0 0 0 0 0 0 30 0 29 26 62 0 58 59 0 0 0 63 0 0 53 49 54 0 55 52 0 0 10 9 0 0 13 0 0 0 0 47 0 0 48 46 8 0 4 6 3 0 7 0 
0 14 0 0 0 10 0 0 0 0 0 59 57 0 0 63 4 3 0 7 6 1 5 2 0 33 34 0 36 37 40 0 0 0 0 0 0 26 31 28 0 55 50 0 54 0 53 56 0 21 19 0 20 18 0 0 48 0 44 46 43 0 47 0 
23 22 0 0 21 0 20 0 0 0 2 0 1 0 6 7 0 0 16 15 0 0 13 10 0 0 0 43 0 45 48 47 0 35 37 33 0 0 39 0 0 63 58 57 0 59 0 0 25 29 27 0 0 0 32 30 56 0 52 54 0 0 55 53 
63 0 0 0 61 0 0 59 0 45 42 0 41 48 0 0 0 51 0 0 0 49 53 0 0 0 18 19 20 21 0 23 16 0 13 9 14 10 15 12 0 0 0 33 0 0 37 0 1 5 0 7 0 2 8 0 0 0 28 30 0 0 31 0 
0 30 0 0 0 26 0 0 0 0 0 0 0 16 0 15 20 0 24 0 22 0 21 0 54 49 50 0 0 53 0 0 0 43 0 41 46 42 0 44 4 7 0 0 0 3 0 8 33 0 0 39 0 0 40 38 0 0 60 62 59 0 0 61 
59 0 0 53 57 54 56 55 0 41 38 0 37 0 42 43 48 0 52 0 0 0 49 46 18 13 14 0 16 17 0 19 0 0 0 5 0 0 11 8 32 0 30 29 0 0 0 0 0 0 63 0 0 0 0 2 28 22 0 0 23 21 0 25 
11 0 0 0 9 0 0 7 0 57 54 55 53 0 58 0 64 63 4 0 2 0 1 0 0 0 0 31 0 0 36 35 28 23 25 21 26 22 0 0 48 51 46 0 50 47 0 52 13 17 0 19 16 0 20 0 44 38 40 42 39 0 0 41 
0 50 0 0 0 0 0 0 0 0 0 0 29 36 0 35 0 39 44 0 42 0 41 38 0 0 0 7 0 0 0 11 0 0 1 61 2 0 3 64 24 27 0 0 26 0 0 28 53 57 55 0 0 0 60 58 20 0 0 0 15 13 0 17 
3 2 4 0 0 62 64 63 48 49 46 0 45 52 50 0 56 55 0 0 0 53 0 54 0 21 0 23 24 25 0 0 0 0 17 13 18 0 19 16 40 0 38 0 42 39 0 44 5 9 0 0 8 6 12 10 36 30 32 0 31 0 35 33 
0 0 0 37 0 0 0 0 0 25 22 23 0 0 26 0 0 0 36 0 34 0 33 0 2 61 0 0 64 0 4 3 60 55 0 0 0 0 0 0 16 19 14 13 18 0 17 20 45 0 47 51 48 0 52 0 12 6 8 10 0 5 0 0 
27 0 28 0 0 22 24 23 8 0 6 0 0 12 0 11 16 15 0 0 18 13 0 14 50 45 0 0 0 49 52 0 44 39 0 0 0 38 43 0 64 0 0 0 0 63 1 4 0 33 31 0 0 0 36 34 60 54 0 0 55 53 59 0 
35 0 0 29 33 30 32 0 16 0 14 0 13 0 0 0 0 23 28 27 0 0 25 0 0 0 54 0 0 57 60 59 52 47 49 0 0 0 51 0 0 0 6 0 0 0 0 12 37 0 39 43 40 0 44 42 0 0 0 0 0 61 0 0 
0 0 0 13 17 0 0 15 64 1 0 63 61 4 2 3 0 7 12 0 0 0 0 6 0 0 38 39 40 0 44 43 0 31 33 29 0 30 0 0 0 0 54 53 58 55 0 0 21 25 0 27 0 0 0 0 0 46 48 50 47 45 0 49 
32 0 33 0 0 27 0 0 13 0 11 0 0 0 0 16 21 0 0 24 0 18 22 0 0 50 51 0 53 0 0 56 49 0 0 42 0 0 0 0 5 8 0 0 0 0 0 9 34 38 36 40 0 0 0 39 0 0 0 63 60 0 64 62 
16 0 0 10 0 0 0 0 0 0 59 60 58 0 63 64 5 4 9 0 0 2 0 3 39 0 0 0 0 0 0 0 0 0 30 0 31 27 0 29 53 56 51 50 0 52 0 57 18 22 20 24 0 19 25 0 49 0 45 0 44 42 0 46 
24 0 25 0 22 19 21 20 5 0 3 4 2 0 7 0 0 12 0 16 0 10 0 0 47 42 43 0 0 46 49 48 41 0 0 0 39 0 0 0 0 0 0 58 0 0 62 0 26 0 0 0 29 27 33 31 57 0 53 0 52 50 0 54 
64 0 0 58 0 59 0 0 0 0 0 44 0 0 0 48 0 52 0 56 55 0 54 0 0 0 19 20 21 0 25 24 17 12 14 10 15 11 16 0 0 40 0 34 39 0 38 41 2 0 0 0 5 3 9 7 33 27 0 31 0 26 32 30 
0 55 0 50 0 0 0 0 0 38 0 0 0 0 0 0 45 44 49 0 47 0 46 0 0 0 11 12 13 14 17 0 0 0 6 0 0 3 0 0 0 0 0 26 0 28 30 33 0 62 0 0 61 0 1 63 25 19 21 0 20 0 24 0 
0 0 0 42 46 0 0 44 0 0 0 0 0 33 31 32 0 36 0 0 39 34 0 35 0 0 3 0 0 6 0 8 1 0 0 0 63 0 64 0 21 0 19 0 23 20 22 0 0 54 0 0 0 51 0 0 17 11 0 0 12 10 16 14 
0 7 0 0 6 0 5 0 0 0 51 52 50 57 0 56 0 0 0 64 0 0 62 59 0 26 27 28 0 30 0 32 0 20 0 18 23 0 0 21 45 0 43 0 0 44 0 49 10 14 12 16 13 11 17 0 41 0 0 0 0 0 0 38 
0 39 0 0 0 35 0 36 0 22 19 20 18 25 0 0 0 0 0 0 31 0 0 0 0 0 0 60 0 62 1 0 57 52 54 50 0 51 0 53 13 16 0 10 15 12 14 0 42 0 0 48 0 0 49 0 9 0 0 0 4 2 0 6 
