8
0 0 34 0 0 0 0 0 4 0 0 7 3 0 0 8 15 0 11 14 17 0 12 0 18 0 0 0 0 23 19 0 50 0 0 0 53 0 0 0 48 0 43 46 0 47 49 0 64 0 0 0 0 58 0 61 30 27 0 0 0 32 31 33 
0 0 0 0 7 0 4 5 36 0 0 39 0 0 0 0 47 0 43 0 0 42 44 0 0 0 52 0 57 55 0 56 0 0 0 0 0 24 0 19 16 12 0 14 0 0 0 13 0 0 0 33 0 26 31 0 62 59 60 61 58 0 0 1 
0 24 18 0 0 25 0 0 52 0 0 55 0 54 50 56 63 61 0 62 0 0 0 0 0 0 0 6 9 7 3 8 0 0 38 39 37 0 0 35 0 28 27 0 0 0 0 0 0 0 44 0 46 42 0 0 0 11 0 0 0 0 15 17 
0 0 10 0 15 0 0 13 0 45 49 47 43 46 0 48 55 0 51 54 0 0 0 56 58 61 60 62 1 0 59 0 26 0 30 31 0 32 33 27 24 20 19 22 0 23 0 0 0 35 36 0 38 34 39 37 6 3 4 5 2 8 7 0 
27 0 26 0 0 33 0 0 0 61 0 0 59 0 0 0 7 5 3 6 0 0 0 0 10 13 12 14 0 0 0 16 0 0 46 0 45 0 49 43 40 36 0 38 34 0 41 37 0 51 0 0 54 50 0 0 0 19 0 0 0 0 0 0 
0 56 0 54 0 0 0 0 20 0 0 23 19 0 18 24 0 0 27 30 33 0 28 0 34 37 36 38 0 0 35 40 0 0 0 0 5 8 0 0 0 0 59 0 0 63 1 61 0 0 0 0 14 10 15 0 0 0 0 0 42 0 47 0 
43 0 0 0 47 49 44 0 12 0 17 0 0 14 10 16 0 0 19 22 0 18 0 0 26 0 0 30 33 0 27 0 58 60 0 63 61 0 0 0 0 52 0 0 50 55 57 0 8 0 0 9 6 2 7 0 0 35 0 0 0 0 39 41 
59 0 0 0 63 1 60 0 0 29 0 0 27 0 0 0 39 37 0 38 0 34 36 40 42 0 0 46 49 0 0 0 10 0 0 0 13 0 0 0 8 4 3 0 0 0 9 5 0 0 0 25 0 18 23 0 0 0 52 0 50 56 0 57 
0 0 0 0 9 11 6 7 38 0 43 0 0 40 0 0 0 0 0 0 51 44 46 0 52 55 0 56 59 0 0 0 20 0 0 25 0 0 27 21 0 0 0 16 0 0 19 15 0 29 30 35 0 28 33 0 64 0 62 0 60 0 0 3 
13 0 12 16 0 19 14 15 46 47 0 49 45 48 0 0 57 0 0 56 0 0 54 0 60 0 62 0 0 0 0 2 0 30 0 0 0 0 35 29 26 22 0 24 0 0 0 0 0 37 38 43 40 0 0 0 0 0 6 0 4 10 9 0 
45 0 0 0 49 51 46 0 14 0 19 17 0 0 0 0 25 23 0 24 0 0 0 26 28 0 0 0 0 33 0 0 60 62 64 0 63 0 3 0 58 0 0 0 0 57 59 0 10 5 0 11 8 0 0 7 0 0 38 0 0 42 0 43 
0 2 60 64 1 3 0 63 0 31 0 0 29 32 28 34 0 0 0 40 0 36 0 42 0 47 46 0 51 49 0 50 0 14 16 17 15 0 19 0 10 0 0 8 4 0 0 7 26 21 22 27 24 20 25 23 0 53 54 55 0 58 57 59 
0 58 52 56 0 59 54 55 0 0 0 0 0 24 20 26 0 31 0 0 0 28 30 34 0 0 0 0 0 41 37 0 0 0 8 9 7 10 0 0 0 0 61 0 0 1 0 0 0 13 0 0 0 12 0 15 0 45 46 0 44 0 0 51 
37 0 36 40 41 0 38 39 6 7 11 0 5 8 0 0 17 0 13 16 19 12 0 18 0 0 22 0 0 25 21 0 52 54 0 57 55 0 0 53 0 46 0 0 0 49 0 47 2 61 62 0 0 60 1 0 0 29 30 31 28 0 33 0 
21 0 20 0 25 0 0 0 0 55 59 0 0 0 52 0 0 63 0 0 0 0 62 0 0 0 0 8 11 9 0 10 0 0 0 41 0 42 43 0 34 30 29 32 0 0 0 0 50 45 0 51 48 44 49 0 0 0 14 15 12 18 17 19 
0 34 28 0 0 35 0 31 62 63 3 0 0 0 60 0 9 0 5 0 11 4 0 10 12 0 14 0 19 17 13 18 44 46 48 49 0 50 51 0 0 0 0 0 0 0 43 39 58 0 0 0 0 52 0 0 24 0 0 23 0 26 25 27 
41 46 40 0 45 0 42 43 0 11 0 0 0 0 8 14 0 19 0 20 23 16 0 22 0 0 26 0 0 0 0 30 0 58 60 61 0 62 0 57 54 50 0 0 0 53 0 0 0 0 2 0 4 64 5 0 0 0 0 35 0 0 37 39 
49 0 0 0 0 55 0 51 0 0 23 21 17 20 0 0 29 27 25 28 0 24 0 0 32 35 34 0 0 37 33 38 64 2 4 5 0 6 0 0 62 0 57 0 56 0 63 0 0 9 10 15 12 0 0 11 0 0 0 43 0 0 45 47 
0 30 0 0 0 31 26 0 58 59 0 0 0 60 0 0 0 0 0 4 7 64 2 6 8 11 0 12 0 0 0 0 40 42 44 0 43 46 47 0 0 0 33 0 0 0 39 35 54 0 0 0 0 0 0 0 20 17 18 19 16 22 21 23 
9 14 8 12 13 15 0 11 0 0 47 0 41 0 40 46 0 0 0 0 55 48 50 54 0 0 0 60 63 0 0 62 0 26 28 0 27 30 0 0 0 18 17 0 16 21 23 0 0 33 0 39 0 32 37 0 4 1 2 0 64 6 0 0 
0 22 0 20 21 23 0 19 0 51 55 0 0 0 48 0 61 59 0 0 63 0 58 62 0 3 2 4 7 0 1 0 32 34 36 37 35 0 39 33 30 26 0 28 0 0 0 0 46 0 0 47 44 0 0 43 0 9 0 11 0 0 13 15 
57 0 56 60 61 63 0 0 0 27 31 0 25 0 0 30 0 35 33 36 39 32 0 0 40 43 42 44 0 0 41 0 0 10 12 0 11 0 15 9 6 0 1 4 0 0 0 0 22 0 0 23 20 0 0 19 52 49 0 51 48 54 53 55 
33 0 0 36 0 0 34 0 2 0 7 5 1 4 64 6 13 0 0 12 0 8 0 0 0 19 0 20 0 0 0 22 0 0 52 53 51 0 55 49 46 0 41 44 0 0 0 43 0 0 0 0 60 0 0 0 0 25 26 0 0 30 0 31 
1 0 0 4 5 0 2 0 34 0 0 37 33 0 0 0 0 0 0 44 0 0 42 0 0 0 0 52 55 0 49 0 16 18 20 21 19 0 23 0 0 0 0 12 8 0 15 0 0 0 26 31 0 0 0 27 0 0 58 0 0 62 61 0 
0 23 17 0 0 0 19 20 0 0 56 54 0 0 0 0 0 0 0 0 64 57 0 63 0 0 0 5 8 0 2 7 0 35 0 38 0 39 40 34 0 0 0 29 0 30 0 28 0 42 43 48 0 41 46 44 0 0 11 0 9 15 0 0 
10 15 9 13 0 16 11 12 0 44 48 0 42 0 41 47 54 0 50 53 0 0 0 0 57 60 59 0 64 62 58 0 25 27 0 30 28 31 32 26 0 0 18 21 17 0 0 20 39 0 35 0 37 33 38 0 0 2 0 0 1 7 6 8 
26 0 25 29 30 32 0 0 59 0 64 62 58 61 57 63 6 0 0 0 0 0 0 7 9 12 0 13 16 14 10 0 0 43 0 46 0 0 0 0 0 0 34 37 33 38 0 0 55 0 51 56 0 49 0 52 0 0 0 20 17 0 0 24 
0 0 0 5 6 8 3 4 0 36 40 38 34 0 33 0 46 44 0 0 48 0 43 47 49 0 0 0 56 0 50 55 17 19 21 0 20 23 24 0 15 11 0 0 0 14 16 12 31 0 27 0 0 0 30 0 0 0 0 0 0 0 62 0 
0 55 49 53 54 0 51 52 0 0 0 22 18 0 17 23 0 0 0 0 32 25 0 0 33 36 0 0 0 38 34 39 1 3 0 0 4 0 8 2 63 0 0 0 57 62 0 0 0 10 0 0 13 0 14 0 45 42 43 0 0 0 46 0 
0 39 0 0 38 40 0 0 0 0 8 0 2 5 0 7 14 0 10 13 16 9 0 0 17 20 19 21 0 22 0 0 0 0 53 54 0 55 56 0 0 0 0 45 0 0 0 0 0 0 59 0 61 57 0 0 0 0 0 0 25 0 30 0 
58 0 0 61 0 64 0 0 27 28 32 30 26 29 25 0 0 36 0 0 0 33 0 0 41 0 43 45 0 0 0 0 9 0 0 14 12 15 0 0 0 3 0 0 0 0 0 4 0 0 0 0 0 0 22 0 0 0 51 0 0 55 54 56 
0 0 41 45 46 48 43 44 0 0 0 0 0 13 9 0 22 0 18 0 24 17 0 0 0 28 0 0 0 30 0 31 57 0 61 62 0 63 0 0 0 0 50 53 0 0 56 52 7 2 3 0 5 1 6 4 0 0 35 36 33 0 38 0 
38 0 37 41 42 44 0 0 7 8 0 0 6 0 5 0 18 16 0 17 20 0 15 0 21 24 23 25 0 26 22 27 0 55 57 0 0 0 60 54 51 0 46 49 0 50 52 48 3 0 63 4 0 0 2 0 33 30 0 32 0 35 34 0 
22 27 21 25 26 28 23 24 0 0 60 0 0 57 53 0 2 64 62 0 0 61 63 0 5 8 7 0 12 10 0 11 0 0 0 42 40 0 0 0 0 0 30 0 0 34 36 0 0 0 0 52 49 0 50 48 17 0 15 0 0 19 0 0 
30 35 0 0 0 0 31 0 63 0 0 0 62 1 0 0 10 8 0 0 0 0 0 0 13 16 15 17 20 0 14 19 0 47 49 0 48 0 0 46 43 0 0 0 37 42 44 0 59 54 0 60 57 0 0 56 0 22 23 24 0 27 0 0 
0 0 0 0 10 12 7 0 0 0 44 42 38 0 0 0 50 0 0 0 0 45 0 51 0 0 0 57 60 0 54 0 21 0 0 26 0 27 28 0 19 0 14 0 13 0 20 0 0 0 31 0 0 0 34 32 1 0 0 64 61 0 2 0 
0 0 0 1 0 4 63 0 0 32 0 34 0 33 29 35 42 0 38 41 44 37 0 43 45 48 47 0 0 50 0 51 0 0 0 18 0 19 0 14 0 7 0 0 5 0 0 8 27 0 0 28 25 0 26 24 57 0 55 56 53 0 58 60 
14 0 13 0 0 20 0 0 47 0 52 0 46 49 0 51 58 0 54 57 0 53 55 0 61 64 0 1 4 0 62 0 29 0 0 0 32 35 0 30 27 23 22 0 21 26 0 0 0 0 39 0 0 0 42 40 0 0 0 0 0 0 0 12 
0 0 0 0 58 60 55 56 0 24 0 0 22 25 0 0 0 32 0 0 36 0 0 0 37 40 39 41 0 42 0 0 5 0 9 0 8 0 0 6 0 63 0 1 61 0 0 64 0 0 0 20 17 0 18 0 0 0 47 0 0 51 50 52 
0 0 0 49 0 0 0 0 0 0 20 18 14 17 0 0 0 0 0 25 28 21 0 0 0 0 31 0 36 0 0 35 61 0 1 0 0 0 4 0 59 0 0 57 53 0 0 56 11 0 7 12 9 0 10 8 41 38 39 40 0 43 42 44 
36 41 0 39 40 42 37 0 0 6 0 8 0 0 0 9 16 14 0 0 0 11 13 0 0 0 21 0 26 24 0 25 51 0 55 56 0 57 58 0 49 0 44 47 0 48 0 0 0 0 0 2 0 59 64 62 31 28 29 0 0 33 0 34 
0 57 51 55 56 0 53 0 0 22 0 24 0 0 0 0 0 30 28 0 34 27 0 0 35 38 37 0 42 0 36 41 0 0 0 0 0 9 0 0 0 61 60 63 59 64 0 0 17 0 0 18 15 11 0 0 47 44 45 0 43 49 48 0 
60 1 59 63 0 0 0 0 29 30 0 32 0 31 27 33 0 38 36 0 0 0 0 41 43 0 0 0 0 0 0 49 0 13 15 16 0 0 0 0 9 5 4 0 0 0 0 0 25 0 0 0 0 19 0 22 55 0 53 0 0 0 0 58 
0 0 43 47 48 0 0 46 0 0 0 0 0 0 0 0 0 22 20 23 26 0 21 0 0 0 29 31 0 0 0 0 0 61 63 64 62 1 2 0 0 53 0 55 51 0 0 54 9 4 5 0 0 3 8 6 39 0 0 38 35 41 40 42 
28 33 0 0 0 34 29 0 0 62 0 64 60 0 59 1 0 0 0 7 0 0 0 0 0 0 13 15 18 16 12 0 0 45 0 0 0 0 0 0 41 0 36 39 35 0 42 38 0 0 53 0 55 51 56 0 0 20 21 0 19 0 24 0 
0 0 0 7 8 0 0 0 37 0 0 40 0 39 0 0 0 46 44 0 50 0 0 0 51 54 53 55 58 56 52 57 0 0 0 24 22 25 26 0 0 13 0 15 0 16 18 14 0 0 0 0 0 0 32 0 0 0 61 0 59 1 64 2 
20 0 0 23 24 26 21 0 53 54 58 0 0 0 51 57 0 0 60 63 0 0 0 0 0 6 0 0 10 8 0 9 0 37 39 40 0 41 42 36 33 29 28 31 0 0 0 30 49 0 0 0 47 0 0 0 0 12 13 14 11 17 16 0 
0 0 0 0 0 0 0 14 45 0 0 48 0 0 0 0 0 54 52 0 58 0 53 0 59 0 61 63 2 0 0 1 0 0 0 32 30 0 0 28 0 21 20 23 19 0 26 22 0 0 0 0 39 35 0 0 7 0 5 0 3 9 0 10 
8 0 0 0 0 0 9 10 0 0 46 0 40 43 39 0 0 50 48 0 0 0 0 53 0 58 0 0 62 60 56 61 0 0 0 0 0 0 0 0 21 0 16 19 0 0 22 18 0 32 33 38 35 31 0 34 0 64 0 2 63 0 4 0 
64 5 0 0 0 0 0 2 33 34 0 36 32 35 0 37 0 42 0 0 46 0 41 0 0 50 0 0 54 52 48 0 15 0 0 20 0 0 22 0 13 9 8 0 0 12 0 10 0 0 25 0 27 0 0 0 0 56 0 58 0 0 60 0 
32 0 0 0 0 38 0 0 1 0 6 4 0 3 63 0 12 0 0 0 14 7 0 13 15 0 17 0 22 20 16 0 0 0 0 0 0 0 54 48 45 41 0 43 39 0 0 0 0 56 0 0 59 0 60 58 0 0 25 26 0 29 0 0 
24 29 0 0 28 30 0 0 57 0 0 60 0 59 55 0 4 2 64 0 6 63 0 0 0 10 9 0 14 0 0 0 0 0 43 44 0 0 46 40 0 33 32 0 0 36 0 0 0 0 0 0 0 47 52 50 19 16 17 0 0 0 0 0 
40 45 39 0 0 46 41 42 0 0 0 0 8 0 7 13 0 0 16 0 22 0 17 0 0 26 0 27 0 0 24 0 55 57 59 0 0 0 62 56 53 49 48 51 0 0 54 50 5 64 1 6 0 63 4 0 35 0 0 34 31 0 0 0 
16 21 0 19 20 22 0 18 49 0 54 52 48 51 47 53 0 0 56 0 0 55 0 0 0 2 0 0 0 0 0 0 0 33 35 0 0 37 0 0 29 25 24 0 23 0 0 0 0 0 0 0 0 39 44 0 11 0 9 0 7 0 0 0 
56 0 0 59 0 62 57 58 25 26 30 0 24 27 23 29 0 34 32 35 38 0 0 37 39 0 41 0 0 0 40 0 0 9 0 12 10 0 14 0 0 1 0 3 0 4 6 0 0 16 17 0 0 0 20 18 51 48 49 0 47 0 0 54 
0 53 47 51 52 54 0 0 0 18 0 0 16 0 0 21 0 0 0 0 0 23 0 29 31 0 0 35 0 0 32 37 63 0 3 4 2 0 0 64 61 0 0 59 0 0 0 0 0 0 9 0 0 0 12 0 43 0 0 42 39 45 44 46 
0 0 14 18 19 0 16 0 48 0 0 51 47 50 46 52 59 0 0 0 0 54 0 0 62 1 0 2 0 0 0 0 0 0 0 35 0 0 37 0 28 24 23 0 22 27 29 25 44 39 40 0 0 38 43 0 10 7 0 9 6 12 11 13 
47 0 46 50 51 0 0 0 0 17 0 0 15 18 0 20 0 25 0 0 29 0 0 0 30 33 0 34 0 35 31 0 0 0 0 3 0 0 0 0 0 0 55 0 54 59 61 57 0 7 8 0 10 0 0 0 0 0 40 41 0 44 0 45 
23 0 0 26 27 0 0 0 0 0 61 0 55 58 0 0 3 1 63 0 5 62 64 0 0 9 8 10 0 11 0 0 0 40 42 43 0 0 45 0 0 32 0 0 0 35 0 33 52 0 48 53 50 0 0 49 18 15 16 17 14 20 19 21 
63 0 0 0 3 5 0 1 0 33 37 35 0 34 0 0 0 0 0 42 45 0 40 44 46 0 0 0 53 51 47 52 14 0 18 0 17 20 0 15 12 0 0 10 6 0 0 0 28 0 0 0 26 22 0 0 0 55 56 0 0 60 0 61 
0 0 38 0 0 0 0 41 0 0 13 11 0 10 6 12 19 17 15 0 0 14 16 0 22 25 0 26 0 27 0 0 54 0 58 59 0 0 0 0 0 0 0 0 0 51 53 49 0 63 0 5 2 0 0 1 0 31 0 33 30 0 35 37 
0 0 0 34 0 37 32 0 64 1 0 0 0 2 62 4 0 9 7 0 0 0 8 12 0 17 16 0 0 0 15 0 46 48 0 0 49 52 53 47 44 40 39 0 38 0 0 41 60 0 56 61 0 54 0 0 0 23 24 25 22 28 0 0 
7 0 6 0 0 13 8 9 0 0 0 43 39 0 38 0 0 0 0 0 0 46 48 52 0 57 0 58 0 59 0 60 22 24 0 0 25 0 0 0 20 16 0 18 0 0 0 0 0 31 0 37 34 0 35 33 2 63 64 0 0 4 0 5 
55 0 0 58 59 0 0 0 24 25 29 0 23 0 22 28 0 33 31 0 37 0 32 0 0 41 0 0 0 43 39 0 0 8 0 11 9 0 0 7 0 64 63 2 62 3 5 0 0 15 0 0 0 0 19 17 0 0 48 0 0 52 0 0 
