8
43 0 0 0 0 42 47 41 1 2 0 6 3 8 0 4 0 0 0 0 29 0 32 28 50 0 0 49 52 0 0 0 38 39 0 37 40 0 0 33 16 0 0 13 9 14 12 0 0 63 0 61 59 0 57 62 0 0 0 22 0 18 0 19 
27 32 30 28 29 26 31 0 49 50 0 0 51 0 55 52 11 14 0 10 0 9 0 0 34 38 0 0 36 39 0 40 0 23 0 21 24 20 0 0 0 59 0 61 0 62 60 0 0 47 0 0 0 0 0 46 5 0 0 6 0 2 0 0 
11 0 0 12 0 10 0 9 33 34 0 0 35 40 0 0 59 62 0 58 0 0 0 60 18 0 0 0 0 0 0 0 6 0 2 5 8 4 3 0 48 43 47 0 41 0 0 0 0 0 28 29 0 26 0 30 0 49 56 0 52 50 55 0 
51 0 0 52 53 0 55 49 0 10 13 14 0 0 0 12 0 0 0 0 0 0 40 0 58 0 59 57 0 63 0 0 46 0 42 0 48 0 0 0 24 19 23 0 17 0 20 18 0 7 0 5 0 2 1 0 0 0 0 30 0 0 31 0 
0 24 22 20 0 18 0 17 0 42 45 46 0 0 47 44 0 0 7 2 5 1 0 4 0 0 0 0 0 0 29 32 14 15 10 0 0 0 11 9 0 0 0 0 0 0 52 50 40 0 36 37 35 0 33 0 0 57 64 62 60 0 0 0 
0 40 38 0 37 0 0 0 57 58 0 0 0 64 0 60 0 0 23 18 0 0 0 0 42 0 0 41 44 0 45 0 0 0 0 29 32 28 27 0 8 0 0 0 0 6 4 0 0 0 52 0 0 0 49 0 0 9 16 0 0 0 15 0 
3 0 0 4 5 0 0 1 0 26 29 30 27 32 0 28 0 54 55 0 0 49 0 0 10 0 11 9 0 15 13 0 62 0 58 61 0 0 0 0 0 35 39 0 0 38 36 0 0 0 0 21 0 18 17 22 0 0 0 0 0 42 0 0 
0 0 0 60 0 58 63 57 17 18 0 0 0 24 23 0 43 46 0 42 45 41 48 0 0 0 3 1 4 0 5 0 0 55 0 0 56 0 51 49 32 0 31 0 0 0 0 26 0 0 0 0 11 0 0 14 0 33 0 0 36 34 39 35 
0 0 51 49 50 0 52 0 0 0 0 0 8 0 0 9 0 0 0 0 0 0 0 33 55 59 0 54 0 0 58 0 0 44 39 0 0 41 40 0 0 0 20 0 0 19 0 0 5 4 1 2 64 63 0 3 0 0 29 27 25 0 0 0 
40 45 43 0 0 39 0 38 62 63 0 0 64 0 0 0 0 27 0 0 0 0 0 0 0 51 0 0 0 0 0 53 35 36 0 34 37 0 32 30 13 8 0 10 6 0 9 7 0 60 0 58 56 55 54 59 0 14 0 19 0 0 0 0 
8 0 0 9 10 7 12 6 0 0 0 35 32 0 0 33 56 59 60 55 0 54 0 57 15 19 0 14 17 0 18 21 3 4 63 2 5 1 64 0 45 40 44 0 38 0 0 0 29 28 25 26 0 23 22 0 0 46 0 51 49 47 52 0 
0 29 0 0 26 23 0 0 46 47 0 51 48 53 52 0 0 11 12 0 10 6 13 0 31 0 32 0 33 0 34 0 0 0 15 0 0 17 16 14 61 56 60 58 54 59 0 0 0 0 0 42 0 0 0 0 2 0 0 0 0 0 0 0 
0 0 0 0 2 63 0 0 22 0 26 0 0 0 28 25 0 51 52 47 50 46 0 0 0 0 0 6 9 12 10 13 0 0 55 58 61 0 0 54 0 32 0 0 0 0 33 0 0 0 17 0 0 15 0 0 0 38 0 0 0 0 44 0 
16 0 0 17 18 0 20 14 38 39 0 0 0 45 44 0 0 3 4 63 2 62 5 1 23 27 0 22 0 0 0 29 11 12 7 0 13 0 0 0 53 48 52 50 46 51 0 47 0 36 33 0 0 0 0 0 58 0 0 0 57 55 0 0 
32 37 0 0 0 31 36 0 54 0 0 59 0 0 60 57 16 19 0 0 0 14 21 17 0 0 0 0 0 44 0 0 0 28 0 0 0 25 24 22 5 0 0 2 62 0 1 0 0 52 49 0 0 47 46 0 0 0 13 0 0 0 0 8 
56 0 0 0 58 0 0 0 14 0 18 0 0 21 20 17 40 0 44 0 0 0 45 0 63 3 64 62 0 4 2 0 0 0 47 0 53 49 48 0 0 24 0 0 22 27 25 23 0 0 0 10 8 0 0 11 0 0 0 35 0 0 36 0 
0 14 12 10 0 0 0 0 0 0 35 36 33 0 37 0 0 0 0 56 59 0 62 58 16 0 17 15 18 0 19 0 4 0 64 3 0 0 0 63 0 41 45 0 0 0 0 40 0 29 26 0 25 24 0 28 51 47 0 52 0 48 0 0 
41 46 0 42 0 0 45 39 0 64 0 4 0 6 5 0 25 28 0 24 0 0 30 26 0 52 49 0 0 0 51 54 0 37 32 35 0 34 33 0 14 9 13 0 7 12 0 8 0 0 0 0 0 56 0 60 19 15 0 0 18 0 0 0 
0 22 20 18 19 16 0 0 39 0 0 0 41 0 45 42 0 4 5 0 0 63 6 2 0 28 25 23 26 29 0 0 12 0 0 0 14 0 0 0 54 0 53 0 0 52 0 0 38 37 0 35 0 0 31 36 0 0 0 60 0 0 0 57 
0 62 0 0 0 0 61 0 15 16 19 20 17 0 21 18 41 0 45 0 0 0 46 0 64 0 0 63 0 5 0 6 0 53 48 51 0 50 49 47 0 0 29 0 23 28 0 24 14 0 0 11 0 0 7 12 0 31 38 36 0 0 0 33 
49 0 0 0 0 0 53 47 0 0 0 12 0 0 0 10 33 36 37 0 35 31 38 34 56 60 57 0 0 0 0 0 0 0 40 0 0 42 0 39 0 0 21 19 0 0 0 0 0 5 2 3 1 0 0 4 0 0 30 0 0 24 0 0 
25 0 28 26 0 24 0 0 47 0 0 52 49 0 53 50 0 12 0 0 11 7 14 0 0 36 0 0 0 37 0 38 0 21 0 0 0 0 17 0 62 57 61 0 0 60 0 56 46 0 0 0 0 40 0 44 3 0 0 0 2 0 5 0 
1 6 4 2 3 64 0 63 23 24 0 0 0 30 0 26 0 52 0 48 51 0 0 50 8 0 0 0 10 0 11 0 0 0 0 0 0 0 0 55 0 0 37 0 0 36 34 0 0 0 0 19 17 0 15 20 43 39 46 0 42 0 45 41 
33 0 36 0 0 0 37 31 55 56 0 0 57 62 0 0 0 0 21 0 19 0 22 18 40 44 41 0 0 45 0 46 0 29 0 27 0 26 25 0 0 1 0 3 0 0 0 64 0 53 50 0 49 0 47 52 0 7 0 0 0 0 13 9 
0 0 24 0 0 0 0 19 0 0 0 48 0 0 0 46 0 0 0 4 0 3 10 6 28 0 29 27 30 0 31 0 16 17 12 15 18 0 0 11 58 53 0 0 0 0 0 0 0 41 38 0 0 36 35 40 63 59 2 64 62 0 1 61 
0 0 40 38 39 36 41 35 0 60 0 64 0 0 0 62 21 0 0 0 23 19 0 0 0 0 0 43 46 0 47 50 0 0 28 0 34 0 0 0 0 5 9 0 3 8 6 0 0 0 54 55 53 52 0 56 0 0 18 16 14 0 17 0 
29 34 32 30 0 28 0 0 51 52 0 0 0 58 0 54 13 0 0 0 0 0 0 0 0 40 37 35 38 41 0 0 0 0 20 23 0 0 0 19 0 61 1 0 59 64 0 0 50 49 46 47 45 0 43 0 7 0 0 0 0 0 9 0 
0 0 0 0 0 0 0 0 35 0 0 0 0 42 0 0 61 0 0 60 63 59 2 62 20 24 21 0 0 25 0 0 8 0 0 0 10 0 5 3 0 0 0 0 0 48 46 0 0 0 0 31 0 28 0 0 55 0 58 0 54 0 0 53 
45 0 48 0 0 44 49 43 3 0 7 0 0 10 9 6 29 32 0 0 0 27 34 0 52 56 0 0 54 57 55 58 40 0 36 0 42 38 37 35 18 0 0 0 0 0 0 0 2 1 0 63 61 0 59 64 0 19 0 24 22 20 0 0 
0 0 8 0 0 0 0 3 0 0 31 0 29 0 0 30 53 0 57 52 0 51 58 54 0 0 0 11 14 0 15 0 64 1 60 0 2 0 0 0 0 37 41 39 0 0 38 0 26 0 0 23 21 20 19 24 0 43 0 0 46 44 49 45 
0 0 56 0 0 52 57 51 11 0 0 0 13 0 0 0 0 40 41 36 0 0 0 0 60 64 0 0 62 1 63 2 0 0 44 0 50 0 45 0 0 21 0 23 19 0 0 20 10 0 6 7 5 4 0 0 31 0 0 32 0 28 33 29 
0 2 64 62 0 60 0 59 19 0 23 0 0 26 25 22 45 48 0 0 0 0 50 0 0 8 0 3 0 0 0 10 0 57 0 0 0 54 0 0 0 29 0 0 0 32 0 28 18 0 14 15 0 0 0 0 0 0 42 40 38 0 41 0 
31 0 34 0 0 0 0 29 0 54 0 0 55 60 59 56 0 0 0 14 0 0 0 16 38 42 39 37 40 0 41 0 26 27 0 0 28 0 23 21 0 0 0 0 61 2 0 62 0 0 48 49 0 46 0 0 0 0 12 10 0 6 11 7 
55 60 58 56 0 0 0 53 13 0 17 18 0 20 19 16 0 0 43 38 0 0 0 0 0 0 63 0 64 3 1 4 0 0 0 49 0 0 0 45 0 0 0 25 21 0 0 0 0 11 8 9 7 0 0 0 33 29 36 34 32 0 35 31 
7 0 0 8 9 6 0 0 29 30 33 0 31 0 35 32 55 0 0 0 0 53 60 56 14 18 15 13 0 0 0 20 2 0 62 0 4 64 0 0 0 0 0 0 37 0 0 0 0 27 24 0 0 0 0 0 49 0 52 0 48 46 0 47 
63 4 0 64 1 0 3 61 0 22 25 0 23 28 27 24 0 50 0 46 0 0 0 48 0 10 7 0 0 0 0 12 58 0 0 0 0 0 55 53 0 0 0 0 29 34 32 0 0 0 0 0 15 0 0 18 41 0 0 42 40 38 0 0 
0 52 0 48 49 0 51 0 5 6 0 0 7 0 0 0 31 0 35 0 33 29 36 0 0 58 0 53 56 0 57 0 0 43 38 41 44 40 39 0 0 0 19 0 0 18 16 0 0 0 0 0 63 62 61 2 25 0 28 0 24 22 27 0 
0 20 18 16 0 14 0 0 37 0 41 0 0 0 43 40 63 0 3 62 1 61 4 0 22 0 23 21 0 27 25 0 0 0 0 9 0 8 0 5 0 0 0 0 0 50 0 46 36 35 32 0 0 30 0 0 0 53 0 0 56 0 59 55 
0 44 42 40 41 0 43 0 61 0 0 2 0 4 0 64 23 0 27 22 25 0 0 0 0 50 0 45 48 0 0 0 0 0 30 0 0 0 31 0 12 0 11 9 0 0 8 6 0 59 0 0 0 0 53 58 17 0 0 0 16 0 19 15 
23 0 0 24 25 0 0 21 45 46 0 50 47 0 0 0 0 10 11 0 9 5 12 8 0 0 31 29 0 0 33 0 0 0 14 0 20 0 0 13 0 55 59 0 53 0 56 0 44 43 0 41 0 0 0 42 1 0 4 2 0 0 3 0 
0 1 63 61 62 0 64 58 0 0 22 23 0 25 24 21 0 0 0 43 46 0 49 45 0 7 0 2 5 0 0 0 55 56 0 0 57 0 0 50 0 28 0 30 0 31 0 27 0 16 13 14 0 0 10 15 38 34 0 39 0 0 40 0 
44 49 47 45 0 0 48 0 2 0 0 7 0 9 8 5 0 31 0 0 30 0 33 29 51 55 0 50 0 56 0 0 39 0 35 0 0 37 0 0 17 12 0 0 10 0 0 0 1 0 0 62 0 59 58 63 22 18 25 0 21 19 24 0 
0 17 0 0 0 11 16 0 0 0 38 0 36 0 0 37 60 63 64 0 0 0 0 61 0 0 20 0 21 0 0 25 0 0 3 6 9 5 0 2 0 44 48 0 42 0 0 0 0 0 0 0 28 27 26 31 54 50 0 0 0 51 56 52 
0 0 39 0 0 35 0 0 0 0 62 63 60 0 64 0 0 0 0 19 0 0 0 0 0 0 44 0 45 0 46 0 0 32 0 30 33 29 28 26 0 0 0 0 0 0 0 3 57 56 0 54 52 51 50 55 0 0 17 15 0 0 0 12 
0 57 0 53 0 0 56 50 0 11 0 0 12 17 16 13 36 0 40 35 38 34 41 37 0 63 0 0 61 64 0 0 0 48 43 0 49 45 0 42 25 0 24 0 18 0 0 0 0 8 0 0 0 3 2 7 30 0 0 31 0 0 0 28 
28 33 0 0 30 0 32 26 0 0 54 0 52 57 56 53 12 0 0 11 14 0 17 13 35 0 36 34 0 0 0 0 23 0 19 22 0 0 20 18 0 60 64 62 58 0 61 59 0 48 0 46 0 0 0 47 0 2 0 7 0 3 0 0 
20 0 0 0 0 0 24 0 0 43 0 0 0 49 0 0 0 0 8 0 6 2 9 5 27 0 28 0 0 0 30 33 0 0 0 0 0 13 12 10 0 52 56 54 50 55 0 51 41 0 37 0 0 35 34 0 62 58 0 0 61 59 0 60 
4 0 7 0 6 0 0 2 0 0 30 0 0 33 0 29 0 0 56 51 0 50 0 53 11 15 0 0 0 0 0 0 63 0 59 0 0 61 60 0 0 0 40 38 34 39 37 0 25 24 0 22 20 19 0 0 0 42 49 47 45 0 0 44 
38 43 41 39 40 37 42 0 60 61 64 1 62 0 0 63 0 25 26 21 24 0 0 23 45 0 46 0 0 0 48 51 0 34 29 32 0 31 30 28 11 6 0 8 4 0 0 5 59 0 0 0 0 53 0 57 0 12 0 17 0 13 18 0 
0 0 1 63 64 61 2 60 0 0 0 25 22 27 0 0 0 0 0 45 48 0 51 0 0 0 0 0 7 10 0 11 57 58 0 56 59 55 54 0 35 30 0 0 0 0 0 29 19 18 15 16 0 13 12 17 0 0 0 41 39 0 0 38 
0 0 57 55 56 0 0 52 0 13 16 0 14 0 0 15 0 41 0 0 40 36 0 0 61 1 62 0 0 0 64 0 0 50 45 48 51 47 0 44 0 22 26 0 20 25 0 21 11 10 7 8 0 5 4 9 0 28 35 0 31 0 34 0 
0 0 9 0 8 0 10 0 28 29 32 33 0 0 34 31 0 57 58 0 0 0 0 0 13 0 0 0 0 0 0 0 0 2 0 0 3 0 0 60 0 38 0 0 36 0 39 37 0 26 23 0 22 21 20 25 0 44 51 49 0 45 0 0 
14 0 0 0 0 13 18 12 36 0 0 41 0 0 0 39 0 1 2 0 0 60 3 0 0 25 0 0 23 0 0 27 9 10 5 0 0 0 6 4 51 46 0 0 0 49 0 0 35 0 31 0 0 0 28 0 56 0 0 57 0 0 0 0 
0 0 0 0 48 45 50 44 0 0 8 0 0 0 0 7 0 33 34 0 32 0 0 0 53 0 0 52 0 0 0 0 0 42 0 40 43 39 0 0 0 14 18 0 0 17 0 0 0 0 63 0 62 0 0 1 24 20 0 0 0 21 26 0 
0 0 33 31 0 29 34 28 52 53 56 57 0 59 58 55 14 17 0 0 0 12 19 15 0 41 0 0 0 0 40 0 0 0 0 0 0 23 0 20 0 0 2 64 60 1 0 0 51 0 0 48 46 45 0 49 0 0 0 9 0 5 0 0 
22 0 0 0 0 0 26 20 0 45 48 0 46 0 50 47 0 0 0 5 0 4 11 7 0 0 30 28 31 0 0 0 0 18 0 0 0 0 0 0 59 54 0 56 0 0 0 0 0 0 0 0 0 0 0 0 0 60 0 1 0 61 2 0 
58 63 61 59 60 0 0 0 0 0 0 21 0 0 22 0 0 45 46 41 44 40 47 0 0 0 0 64 3 6 0 7 53 0 49 0 0 0 0 48 0 26 30 28 24 0 27 0 0 0 0 0 0 9 0 0 36 32 39 0 35 33 38 34 
34 0 0 35 0 0 0 0 56 0 0 61 0 63 62 0 18 21 0 17 0 16 23 19 41 0 42 40 43 46 0 0 29 0 25 28 31 0 0 24 0 0 0 4 0 5 3 1 0 0 0 0 50 49 48 0 12 8 0 0 0 0 0 0 
10 15 13 0 0 0 0 0 0 33 0 0 34 0 38 0 58 0 62 57 60 56 0 0 0 0 0 16 19 22 20 0 5 0 0 4 0 3 2 64 47 42 46 44 0 45 0 41 0 30 0 0 0 0 24 0 52 0 55 53 0 49 54 0 
2 7 5 0 4 0 0 64 0 25 28 29 26 0 0 27 0 53 0 0 0 48 55 51 0 13 10 0 11 14 0 15 61 62 57 60 0 0 0 56 39 34 0 36 32 37 0 33 0 22 0 20 18 17 16 0 0 0 47 45 43 0 46 42 
0 0 21 0 0 0 0 16 0 41 44 0 0 47 0 0 0 0 0 1 0 64 0 3 25 29 0 0 27 30 0 31 0 0 9 12 15 11 0 8 0 50 0 0 0 0 51 49 0 38 0 0 34 33 32 37 60 0 63 0 59 57 62 58 
42 0 0 0 44 0 46 40 64 1 0 5 0 0 0 3 26 0 30 25 0 24 31 0 49 0 50 0 0 54 0 0 0 0 33 0 0 35 34 0 0 10 0 12 0 0 0 0 63 0 0 0 58 57 0 61 0 16 23 21 19 0 22 18 
26 31 29 27 28 0 30 24 48 0 0 53 0 0 54 0 10 13 0 9 0 8 0 11 33 37 0 32 0 0 0 39 21 0 17 0 0 19 0 16 0 0 62 0 0 61 0 57 47 0 43 44 42 41 40 0 0 0 0 5 3 0 0 2 
50 0 53 51 0 49 0 48 8 9 0 0 0 15 14 0 34 0 38 0 36 32 39 35 57 61 58 56 0 0 0 0 45 46 0 44 47 43 42 0 0 0 22 0 0 21 0 0 0 6 0 4 2 1 64 5 28 24 0 29 27 25 0 0 
