8
0 57 61 0 60 64 0 0 0 27 0 0 30 31 32 0 0 0 5 1 2 0 0 6 0 49 50 0 0 0 0 54 16 0 0 0 0 0 0 0 0 0 0 42 48 43 41 46 0 0 18 24 0 17 19 20 38 0 0 39 0 0 0 35 
0 33 37 39 0 40 35 34 0 0 0 2 0 0 8 0 48 44 0 41 0 0 0 46 0 25 26 32 28 0 0 30 56 0 50 0 54 49 0 0 21 0 23 18 24 0 0 22 0 63 58 0 0 0 0 0 0 12 13 15 10 0 0 0 
22 17 21 0 0 0 0 0 0 51 0 0 54 55 0 0 32 28 29 0 26 0 31 30 13 0 0 0 0 11 0 14 40 35 34 0 38 0 36 0 5 4 0 2 8 3 0 6 46 47 42 48 45 0 0 0 0 0 0 63 0 57 64 0 
0 0 53 0 0 56 0 0 17 19 0 18 22 23 0 21 64 0 61 57 0 59 0 62 0 41 42 48 0 43 0 0 0 0 0 5 0 1 4 0 0 36 39 34 0 35 33 0 14 0 0 16 0 9 11 12 30 0 0 0 0 25 0 0 
0 25 0 31 28 0 0 26 0 59 0 58 62 63 64 61 40 36 37 0 0 35 0 0 21 0 0 0 0 0 0 22 48 0 0 45 0 41 0 47 0 12 15 0 0 11 9 14 0 55 0 0 0 49 0 52 6 4 5 0 2 0 8 3 
0 1 0 0 4 0 3 0 33 0 36 0 38 39 40 37 0 12 13 0 10 11 15 14 0 0 0 64 60 59 63 0 0 0 0 21 0 0 20 0 0 52 55 50 0 51 0 0 0 31 26 32 29 0 0 28 46 0 0 0 0 41 48 0 
46 0 0 47 44 0 0 0 0 11 0 10 14 0 0 13 0 0 53 49 50 0 55 0 0 0 0 0 36 35 39 38 64 0 58 0 0 57 0 0 0 28 31 0 0 0 25 0 6 0 0 0 5 1 0 0 22 20 21 23 18 17 24 19 
14 0 13 0 12 16 0 0 0 0 0 42 46 47 0 0 0 20 21 17 0 19 0 0 5 0 2 0 4 3 7 0 0 27 26 29 0 0 28 0 61 0 0 0 0 0 57 0 0 0 0 0 37 0 0 36 0 52 53 0 0 49 0 51 
18 0 0 0 0 20 0 0 45 0 48 0 0 0 52 49 28 24 25 0 22 23 27 26 9 5 6 12 8 7 0 0 0 31 0 33 34 29 32 0 0 64 3 62 0 63 61 2 0 43 38 44 0 0 39 0 0 0 57 59 54 0 60 0 
50 45 0 51 48 0 0 46 0 0 16 14 18 19 0 0 60 56 57 53 0 55 59 0 41 37 0 0 0 39 0 42 0 63 0 1 2 0 0 3 33 0 35 30 0 0 29 34 10 0 0 0 9 0 7 0 0 0 0 27 22 0 0 23 
0 0 41 43 40 44 39 38 0 7 0 0 10 11 0 0 0 48 0 0 46 47 51 50 0 29 30 0 0 31 0 34 60 0 0 57 0 0 56 59 0 24 0 22 0 0 21 0 2 3 62 4 1 0 0 0 18 0 0 19 0 13 0 0 
0 61 0 3 0 4 63 0 0 0 32 0 0 35 0 33 12 0 9 0 0 7 0 10 0 0 0 0 56 0 59 58 0 15 14 17 0 13 0 0 0 0 0 46 52 47 0 0 26 27 22 0 25 0 23 24 42 40 41 43 38 37 44 0 
34 29 33 0 0 36 31 0 61 0 0 62 2 0 0 0 0 40 41 37 0 0 0 42 0 0 0 28 0 23 0 26 52 0 0 49 50 0 48 51 17 0 0 0 0 15 13 0 0 0 0 60 57 53 55 0 0 8 9 11 6 5 0 7 
0 0 57 59 0 0 55 0 21 0 0 0 0 27 0 25 0 64 0 0 62 63 3 2 49 45 46 52 0 47 0 50 0 0 6 9 10 0 8 11 0 0 43 38 44 39 37 42 18 19 14 20 17 13 15 0 0 32 33 0 30 29 36 31 
10 0 9 0 0 12 0 6 37 0 0 38 0 43 44 0 20 0 0 0 14 0 19 18 0 0 62 0 0 63 0 0 0 0 0 0 26 21 0 0 57 56 0 0 0 55 53 0 34 35 0 36 0 0 0 0 50 48 0 51 0 45 52 47 
26 0 0 0 0 0 23 22 0 0 0 54 0 0 60 57 0 32 33 29 30 0 0 34 0 0 14 20 16 0 0 0 0 39 38 41 42 0 40 43 9 8 11 0 12 0 0 10 0 51 0 52 0 0 0 48 0 0 0 0 0 61 4 0 
0 0 63 1 0 0 0 60 0 29 0 28 32 0 0 31 0 0 0 3 0 0 0 8 55 51 52 0 0 53 57 0 18 13 12 15 16 0 0 17 0 46 49 44 0 45 0 0 24 25 0 26 23 0 21 22 40 38 39 41 36 35 42 37 
24 0 23 25 0 0 0 0 51 0 54 0 0 57 0 55 0 30 0 27 0 29 0 0 15 11 12 18 0 13 0 0 0 37 0 39 40 35 38 0 7 6 9 4 0 0 0 8 48 0 0 0 47 43 0 46 0 62 0 0 0 59 0 0 
0 0 0 0 54 58 0 0 19 0 0 0 24 0 0 0 0 62 63 0 0 0 0 0 47 43 44 0 0 0 0 48 10 0 0 7 8 3 0 9 0 0 41 0 0 0 35 40 0 0 12 0 15 0 13 0 32 0 0 33 0 27 34 0 
0 0 39 0 0 42 37 0 0 0 0 0 8 0 10 0 0 0 47 0 0 45 49 48 31 0 28 0 30 29 0 0 0 0 0 0 0 0 0 57 0 22 25 0 0 21 0 0 0 1 60 2 63 59 0 0 0 14 15 0 0 11 18 0 
0 0 0 0 0 0 5 4 0 37 0 36 0 0 42 0 18 14 0 11 12 0 17 16 63 59 0 2 0 0 1 64 26 0 20 23 24 19 22 25 55 0 0 52 0 0 51 56 0 33 28 0 0 0 0 0 48 46 0 49 0 43 50 45 
48 43 0 49 0 0 0 44 11 0 14 12 16 17 0 15 58 54 55 0 52 0 0 56 0 35 0 42 38 0 0 0 0 61 0 0 0 59 0 1 0 30 33 28 34 29 0 32 8 0 0 10 7 0 5 6 0 22 0 25 0 19 26 21 
0 27 0 0 30 0 0 28 59 61 0 60 64 1 2 0 42 0 39 0 36 37 41 40 0 19 0 0 0 0 0 0 50 45 0 47 48 0 0 0 0 14 0 12 0 0 11 0 56 57 52 0 55 0 0 54 8 6 0 0 4 3 0 0 
16 11 15 0 14 0 0 0 43 45 46 0 0 0 50 0 0 0 0 19 20 21 0 24 0 3 0 0 0 0 0 8 34 0 28 31 32 0 0 0 63 0 0 60 0 61 59 64 40 41 0 42 0 35 37 38 0 0 55 0 0 51 0 53 
43 0 0 44 0 45 0 0 6 0 9 7 11 0 13 10 0 0 0 46 0 0 52 0 0 30 31 0 33 0 0 35 61 0 55 58 0 0 0 0 0 25 0 0 0 24 0 0 3 0 63 0 0 62 0 1 0 0 18 20 0 14 0 16 
35 0 0 0 0 37 0 0 0 0 0 0 3 4 5 0 0 0 0 38 39 40 0 0 26 0 0 29 25 24 28 0 0 48 0 50 51 46 0 52 18 0 0 15 0 0 0 19 0 60 55 0 0 0 0 57 0 9 10 0 0 6 13 0 
59 54 0 60 57 61 0 0 22 0 0 23 0 28 29 26 0 0 0 0 0 64 4 3 0 46 47 0 0 0 0 51 13 0 7 10 0 6 9 0 0 0 0 39 45 40 0 43 0 20 15 21 0 0 0 17 0 0 34 36 0 0 37 0 
0 0 0 12 9 0 8 7 38 40 0 0 0 0 0 42 0 0 0 14 15 16 0 0 0 0 0 0 0 64 0 3 0 24 0 0 27 22 25 0 0 57 0 55 0 56 0 0 35 36 31 0 0 30 32 0 51 0 50 0 0 0 0 0 
51 0 50 0 49 0 48 0 14 16 17 15 0 20 21 18 61 0 58 0 55 56 0 0 0 38 39 45 41 0 0 0 5 0 63 2 0 62 1 0 0 0 0 31 37 32 0 0 11 0 0 13 10 6 8 0 27 25 26 28 23 22 29 24 
0 0 0 20 17 21 16 0 0 0 49 0 51 0 0 0 29 25 0 22 0 24 0 27 0 0 7 0 9 0 0 11 37 0 0 34 35 30 33 36 0 1 4 0 5 0 62 0 43 44 0 45 42 38 0 41 0 57 0 0 55 0 0 56 
3 0 2 4 0 0 64 63 30 0 33 31 0 36 37 0 13 0 10 6 0 0 12 0 0 0 55 0 0 0 0 0 21 0 15 18 0 14 0 20 50 49 52 47 0 0 0 0 0 28 23 0 26 22 0 25 43 41 42 0 39 38 45 0 
27 22 26 28 25 29 24 0 0 0 57 0 0 0 61 0 0 33 0 30 0 32 0 0 18 0 15 21 17 0 0 0 0 40 39 42 0 38 41 0 0 0 0 7 0 0 6 0 51 0 0 53 50 0 48 0 0 0 2 0 0 0 0 0 
63 58 62 64 0 0 60 0 0 28 0 0 0 32 33 30 9 0 6 2 3 4 0 7 0 50 0 57 53 52 56 55 0 0 0 0 0 10 0 0 46 45 0 0 49 44 0 0 23 24 19 25 22 0 20 21 0 0 0 40 35 34 41 0 
15 0 14 16 13 0 12 0 0 0 0 0 47 48 0 0 0 0 0 0 19 20 0 23 0 0 0 9 0 4 8 7 0 0 27 0 0 0 0 32 62 61 0 59 1 0 0 0 0 40 35 41 38 0 0 0 55 53 0 0 0 0 57 0 
0 18 22 24 21 0 0 19 50 52 0 0 0 0 57 54 0 29 30 26 27 0 0 0 0 10 11 17 0 0 0 0 41 0 0 0 0 0 37 0 6 5 8 3 0 4 2 7 47 48 43 0 46 0 0 45 63 61 62 0 0 0 0 60 
39 34 0 40 37 41 36 35 0 0 5 0 7 0 9 6 0 45 0 0 43 44 48 0 30 26 27 0 0 28 0 31 57 52 51 0 55 0 53 0 22 0 0 19 0 0 18 0 63 0 59 1 0 58 60 61 0 13 0 0 0 10 17 12 
55 0 54 0 0 0 52 51 0 0 0 19 0 0 25 22 0 0 62 58 59 60 64 63 46 42 43 0 45 44 48 0 9 0 3 0 0 0 5 8 38 37 40 35 41 36 0 39 0 0 11 0 14 10 12 13 0 0 30 0 27 26 0 28 
47 42 0 0 45 49 0 43 0 0 0 0 0 0 0 0 57 53 54 50 51 52 0 0 0 0 35 41 37 0 40 39 0 60 0 0 63 58 0 64 0 29 0 27 33 0 0 0 7 8 0 9 0 2 0 0 23 21 22 24 0 18 0 0 
0 26 0 0 0 0 0 27 0 0 61 0 63 0 1 0 0 0 38 0 0 36 40 0 0 0 0 25 0 20 24 23 0 44 0 46 0 0 45 0 14 13 16 0 0 12 10 15 55 56 0 0 54 0 0 0 7 5 6 0 0 2 9 4 
7 2 0 0 5 9 0 3 34 0 0 0 39 40 41 0 17 13 14 10 0 0 16 15 62 58 59 0 0 60 64 63 25 0 19 0 23 18 0 24 0 0 0 51 0 52 0 55 0 0 27 0 0 26 28 0 0 45 46 0 0 42 0 0 
33 28 0 0 31 35 0 29 60 62 63 0 0 0 0 0 43 39 0 36 37 0 42 41 0 20 0 0 23 22 0 0 0 0 45 0 49 0 0 50 16 0 0 13 19 0 12 0 57 58 0 0 56 52 0 55 9 7 0 0 0 0 11 0 
1 0 0 0 0 0 62 0 28 0 31 0 33 0 35 32 0 0 0 4 0 6 10 0 0 52 53 59 55 0 0 57 19 14 0 0 0 12 15 0 0 0 50 45 51 46 44 0 25 26 0 0 0 0 22 0 0 39 40 42 37 0 43 0 
57 52 56 58 0 59 54 53 0 0 23 21 25 26 27 0 3 0 0 60 0 0 0 0 0 44 0 51 47 0 50 0 11 0 5 0 9 4 0 0 0 39 42 0 0 0 0 41 17 18 0 0 0 0 14 0 33 0 0 0 0 0 0 0 
41 0 40 0 39 0 0 0 0 6 0 0 0 0 0 0 0 47 0 44 45 46 0 0 32 28 0 35 0 0 0 33 0 0 0 56 0 52 0 58 24 23 0 21 27 0 20 25 0 0 61 0 64 0 0 63 17 15 0 18 13 0 19 14 
9 4 8 10 7 0 0 5 36 38 0 0 41 42 43 40 19 0 0 12 0 0 18 0 0 0 61 0 63 0 2 1 27 0 21 24 25 20 23 26 56 55 58 0 59 54 52 57 33 0 0 0 0 0 0 0 0 0 48 50 45 0 0 46 
17 12 0 0 15 0 0 13 44 46 47 0 49 50 0 0 27 0 0 20 0 0 0 0 0 4 5 11 0 6 10 9 0 0 0 0 33 0 0 34 64 0 0 0 3 0 60 1 0 42 0 0 0 0 38 39 57 0 0 58 0 52 0 0 
49 44 48 0 47 51 0 0 0 14 15 13 17 18 0 16 0 55 56 0 53 0 0 0 40 36 37 0 0 38 42 0 0 0 61 0 0 60 0 0 0 31 0 0 0 0 28 0 9 10 0 0 8 4 0 7 25 23 24 0 21 20 27 22 
25 0 0 0 0 27 0 0 52 0 55 53 57 0 0 0 0 0 32 28 0 0 34 0 16 12 13 0 15 0 0 17 43 0 0 0 41 0 0 0 8 7 0 5 0 0 0 9 0 50 45 0 0 44 46 47 0 0 64 0 0 60 3 0 
44 0 0 0 42 46 0 40 0 0 0 0 0 0 14 11 54 0 0 47 0 0 0 0 0 0 0 38 34 0 37 36 0 57 56 0 0 55 58 61 0 0 0 24 0 0 0 0 4 5 64 0 0 63 0 0 20 18 0 21 16 15 22 0 
20 0 19 21 0 22 17 16 0 0 0 48 52 0 0 0 0 0 0 0 0 0 29 28 11 7 0 14 10 9 13 0 38 33 0 35 0 31 34 37 3 0 5 64 6 0 63 0 0 45 40 46 43 39 0 42 0 0 0 61 56 55 62 0 
0 55 0 61 0 0 0 0 23 25 26 0 0 0 0 0 6 2 3 0 0 1 5 4 51 0 48 54 0 49 53 0 0 9 0 11 0 0 0 0 0 0 0 40 0 41 39 44 0 0 16 0 19 0 0 18 0 0 35 37 0 0 0 0 
4 63 3 5 2 6 1 0 31 33 0 32 0 0 0 35 0 10 0 0 8 0 13 0 59 55 56 62 58 0 61 60 22 17 0 19 20 0 0 21 51 50 53 48 0 49 47 0 0 0 24 30 0 0 0 0 0 42 0 45 0 39 46 0 
52 47 0 0 0 54 49 0 0 0 18 16 20 21 0 0 62 0 59 0 0 0 61 0 43 39 0 0 42 41 45 0 0 1 0 3 0 63 2 5 0 0 0 32 0 33 31 0 0 13 8 14 11 0 9 10 0 0 27 29 24 23 30 0 
0 0 27 29 0 30 0 0 0 57 58 56 0 0 0 0 0 0 35 31 0 0 37 36 0 0 16 0 18 0 21 0 46 41 40 0 44 0 42 45 0 0 0 8 0 0 7 12 0 0 48 54 51 0 49 0 0 2 3 5 64 0 0 1 
0 0 0 37 34 38 33 32 63 1 2 64 4 0 0 3 46 42 43 0 0 0 0 44 27 0 24 30 0 25 29 28 0 49 0 51 0 0 50 0 19 0 0 0 22 0 0 0 0 0 0 62 0 55 57 58 12 0 0 0 8 7 0 9 
12 0 11 0 10 0 9 0 39 41 0 40 44 45 0 0 0 0 19 15 16 0 21 0 0 63 0 0 2 1 5 4 0 25 0 0 28 23 26 29 0 58 0 56 0 57 0 60 36 0 0 0 35 0 0 34 52 0 0 53 48 47 0 0 
5 64 4 0 3 0 2 0 32 34 0 33 37 38 0 0 0 11 0 8 9 10 14 13 60 56 57 0 0 58 0 61 23 0 0 0 0 0 19 0 52 51 0 49 0 0 48 0 29 0 0 0 28 24 26 27 45 0 0 46 41 40 0 0 
0 0 52 54 0 0 0 49 0 0 19 17 21 22 0 0 63 59 0 56 0 58 62 61 0 40 0 0 0 42 0 0 0 2 1 0 0 0 3 6 0 0 38 0 39 0 0 37 0 14 9 15 12 0 0 0 0 0 0 0 25 0 31 26 
37 0 0 38 0 39 34 0 0 0 0 1 5 6 0 0 0 43 0 0 0 42 0 45 0 24 0 31 0 26 30 29 0 0 49 0 53 48 0 0 20 0 0 0 23 0 16 21 61 0 0 0 60 56 0 59 0 0 12 14 0 8 0 0 
29 0 28 0 27 31 26 0 56 58 59 57 61 0 0 0 39 0 36 32 33 34 0 37 20 0 0 0 0 18 22 21 0 0 41 0 0 40 0 0 0 11 14 0 15 0 0 13 0 0 49 55 0 0 0 51 0 0 0 0 0 64 0 0 
45 0 44 46 43 0 0 41 8 0 0 9 13 14 0 0 55 0 52 48 0 0 0 0 0 32 0 0 35 0 38 0 0 58 0 60 61 56 59 0 0 0 0 25 31 26 0 0 0 6 0 7 0 64 0 0 21 19 0 0 0 0 0 18 
61 56 0 62 59 0 0 57 24 0 0 0 0 30 31 0 7 3 4 0 0 2 6 5 0 0 0 55 0 0 0 53 15 10 9 0 13 0 11 14 0 0 46 0 47 0 40 0 0 0 0 23 0 16 18 0 37 35 36 38 0 0 0 34 
0 8 0 14 11 0 10 9 0 0 0 41 0 46 0 0 23 19 20 0 0 18 22 21 4 0 0 7 0 0 6 0 31 26 25 28 0 24 0 30 60 59 0 0 63 58 0 61 0 38 0 39 0 32 34 0 0 0 52 54 49 0 0 0 
21 0 20 22 0 0 0 17 48 50 51 49 53 54 55 0 31 27 0 24 0 26 0 29 12 0 9 0 11 0 0 13 0 0 0 36 37 32 0 38 0 0 0 0 0 2 64 5 45 46 0 0 44 0 42 0 0 59 60 0 57 56 0 58 
