8
0 0 9 0 10 0 0 0 0 61 62 0 0 0 64 0 0 55 0 52 0 0 0 56 0 34 38 36 35 0 40 33 6 0 5 3 0 0 0 0 30 31 0 26 0 0 29 0 0 0 0 0 0 21 0 0 42 47 45 48 44 41 46 0 
0 53 0 51 0 56 55 52 34 0 0 0 33 0 0 0 0 0 0 28 0 29 0 0 15 10 14 0 11 0 0 9 46 44 0 43 0 0 0 0 6 0 0 2 0 0 0 0 62 0 58 64 63 0 0 0 0 23 0 0 0 17 0 0 
0 0 1 3 2 8 0 4 50 0 0 51 49 0 0 55 0 47 46 0 42 0 0 48 0 0 30 28 0 29 32 0 0 60 61 0 0 0 0 0 0 0 0 18 0 19 21 17 0 0 10 16 0 13 9 11 34 39 37 40 36 0 38 35 
0 21 0 0 0 24 0 0 2 0 0 3 1 0 8 0 59 63 62 0 0 0 57 64 47 0 46 44 43 0 0 41 0 0 0 0 9 0 10 16 38 0 0 34 0 0 0 0 0 0 0 32 31 29 25 0 0 55 0 0 52 0 0 51 
0 0 0 59 0 0 63 60 42 45 46 0 41 0 48 0 0 39 0 0 0 0 0 40 0 18 0 0 0 21 24 17 54 52 0 0 49 55 0 56 0 15 0 10 16 0 13 0 6 4 2 8 7 0 0 0 26 31 29 32 0 25 30 0 
30 29 25 0 0 0 31 28 10 0 14 11 9 0 16 0 3 7 6 0 2 5 0 8 55 0 0 52 51 53 56 49 22 0 21 19 0 0 0 24 0 47 44 42 48 0 0 41 0 36 34 40 0 0 33 0 58 63 0 0 60 57 62 59 
0 0 33 35 0 0 39 0 0 0 0 0 0 0 0 23 11 0 14 12 0 13 0 16 63 0 0 60 0 0 64 57 0 28 29 27 25 31 0 32 54 0 52 0 0 0 0 49 0 44 0 48 0 45 41 43 2 0 5 8 0 0 6 0 
0 45 0 0 42 48 47 44 0 0 0 0 25 0 0 0 0 23 0 20 0 21 17 0 7 2 6 4 0 0 0 0 38 36 0 35 0 39 34 0 62 0 0 0 0 59 0 57 0 52 50 56 0 0 0 0 10 15 0 0 0 9 14 0 
1 0 60 62 61 3 2 0 0 48 0 0 0 0 51 0 0 42 41 39 37 0 0 0 0 0 25 0 22 0 27 0 0 0 56 54 52 58 0 0 0 0 15 13 0 14 0 0 9 7 5 0 10 0 0 0 29 34 0 35 0 0 0 0 
0 8 4 0 5 11 10 0 0 0 57 54 0 55 0 0 46 50 49 47 45 48 0 0 34 29 33 31 0 0 0 0 1 0 0 62 0 2 61 3 0 26 0 21 27 0 24 20 0 15 13 0 18 0 0 14 0 0 40 0 39 36 0 38 
0 0 52 54 53 0 0 55 37 40 41 0 36 0 0 42 30 0 0 0 29 32 28 35 18 0 17 15 0 16 0 12 49 47 48 0 44 0 0 0 0 0 0 0 11 0 0 4 0 0 0 0 0 64 0 0 21 0 0 0 23 0 25 22 
41 40 36 38 0 0 42 0 0 0 25 0 0 0 27 26 14 0 17 15 0 16 0 0 2 0 0 0 62 0 3 60 0 0 0 0 28 34 0 35 57 58 55 53 0 0 56 52 49 47 45 51 50 48 44 0 0 0 0 11 0 0 0 0 
25 24 20 22 21 27 0 23 0 8 9 0 4 7 11 0 0 2 1 0 61 0 0 3 50 45 0 0 0 0 0 0 17 0 16 0 0 0 0 0 0 0 0 0 0 38 0 36 0 31 29 0 0 32 0 0 0 58 56 59 0 52 0 0 
49 0 44 46 45 51 50 0 29 0 33 0 28 0 0 34 0 0 25 0 21 24 20 27 0 5 0 0 0 0 11 4 0 0 0 38 0 0 37 43 0 2 0 61 3 62 0 0 57 55 53 0 0 56 52 0 13 18 16 19 0 12 0 0 
0 16 12 14 13 0 0 15 0 0 1 0 60 63 3 2 0 0 0 0 0 56 0 59 0 37 0 39 38 0 43 36 0 0 8 0 4 0 5 0 33 0 31 0 0 0 0 28 25 23 21 0 0 24 0 22 0 50 0 0 47 44 49 0 
33 0 0 0 0 0 34 31 0 16 17 0 12 15 0 0 0 10 0 0 5 8 4 11 0 53 57 0 54 0 59 0 25 0 0 0 0 26 0 0 49 50 47 45 0 0 48 0 41 39 0 43 0 0 0 0 0 2 64 3 63 60 0 62 
0 34 30 32 0 0 36 0 15 18 0 16 0 0 0 0 0 12 11 9 0 10 6 13 0 55 59 0 56 58 0 54 27 25 0 24 0 0 0 29 51 52 49 47 0 0 0 0 43 0 0 0 0 0 0 0 0 4 0 5 0 0 3 64 
59 0 54 56 55 61 0 0 39 0 0 40 38 0 0 0 0 0 35 33 31 0 30 0 20 0 0 17 16 18 0 14 0 49 0 0 46 52 47 0 0 12 9 0 13 0 10 6 0 1 63 0 0 0 0 64 23 28 0 0 0 0 27 24 
11 0 0 8 0 0 0 0 0 0 0 0 0 0 0 60 0 52 51 0 47 50 0 0 36 0 0 33 32 0 0 0 3 1 0 0 0 4 0 0 0 0 25 0 29 24 26 0 19 17 0 0 0 18 14 16 39 0 0 45 0 0 43 40 
27 26 22 0 0 29 28 25 7 10 0 8 0 9 0 12 64 0 3 0 63 2 62 0 0 0 0 0 48 0 53 46 19 0 0 0 14 20 15 21 43 44 0 39 45 40 42 38 35 0 31 0 0 0 30 0 55 0 0 61 57 0 0 56 
19 0 14 16 0 0 20 17 0 2 3 64 62 1 5 4 0 60 59 0 55 58 0 0 44 0 43 0 40 42 0 38 11 0 0 0 0 12 0 0 0 36 33 0 0 0 34 30 0 0 0 29 28 26 0 24 0 0 50 0 49 46 51 0 
3 2 0 0 0 5 4 1 47 0 0 0 0 49 0 52 0 0 0 0 39 42 0 0 28 23 27 0 0 0 29 0 59 57 58 0 54 0 0 61 0 0 17 15 0 0 0 0 11 0 0 13 12 0 6 8 31 0 34 37 33 30 35 0 
0 50 0 48 0 53 0 0 0 34 0 0 30 0 0 0 24 28 0 25 23 26 22 0 0 7 0 9 8 10 13 0 43 0 42 0 38 0 39 45 3 4 1 0 0 64 2 0 0 57 55 0 60 58 0 56 0 20 0 21 0 0 19 16 
0 42 38 40 0 45 0 41 0 26 27 0 22 0 29 28 16 0 19 17 0 0 14 21 4 0 3 1 64 0 0 62 35 0 34 32 0 36 31 37 59 0 57 55 61 0 58 54 51 49 47 53 52 50 0 0 0 0 0 13 9 0 0 0 
31 30 26 0 27 0 32 29 0 0 0 0 0 13 17 16 4 8 7 5 0 6 2 9 0 0 0 53 0 0 0 50 0 0 22 20 0 0 0 0 47 0 45 0 0 0 0 42 0 37 0 41 40 0 34 0 59 64 62 1 61 0 0 0 
39 38 0 0 0 0 40 0 0 22 23 20 18 0 25 24 0 16 0 13 11 0 0 17 0 0 0 0 0 62 0 58 31 0 30 0 0 32 27 33 0 0 0 51 0 0 0 0 0 0 43 0 0 46 0 0 0 0 6 9 5 0 7 0 
0 54 0 0 51 57 56 53 0 38 0 0 0 0 41 0 0 0 31 29 27 30 0 0 16 11 0 0 12 14 0 10 47 45 0 0 42 48 0 0 0 8 5 3 0 4 0 2 0 61 59 0 0 0 0 0 19 0 0 0 21 0 0 20 
23 0 0 0 0 25 0 21 3 0 0 4 2 0 0 8 0 0 0 61 59 0 58 0 48 43 47 0 44 46 49 0 15 0 0 0 0 0 0 17 39 0 0 0 0 0 38 0 31 0 27 33 32 0 26 0 0 0 54 57 0 0 0 0 
47 0 42 0 0 49 48 45 27 0 0 28 0 29 0 32 20 24 23 0 19 22 0 0 0 0 0 0 0 0 0 2 0 37 0 36 0 0 0 0 63 0 0 59 0 60 62 58 0 0 51 0 56 0 0 0 0 16 14 0 13 10 15 0 
15 14 10 12 11 0 16 0 59 0 0 60 0 0 1 64 0 0 55 0 51 54 50 0 40 0 39 37 0 38 41 34 0 0 6 0 0 8 3 0 31 0 29 0 33 28 30 26 23 21 0 0 0 22 18 0 43 48 0 49 45 42 0 44 
0 0 0 0 59 0 0 0 43 0 0 44 0 45 49 0 36 40 0 0 0 38 34 0 24 19 0 21 20 22 0 18 0 53 0 0 50 56 51 57 15 16 0 11 17 12 14 0 7 5 3 0 8 0 2 0 27 32 30 0 0 26 0 0 
0 6 2 4 3 9 0 5 51 0 55 52 50 53 0 0 0 0 47 0 43 0 0 49 0 0 31 0 28 0 0 0 0 0 0 0 0 0 59 1 23 24 21 0 0 20 22 18 15 13 11 17 0 0 10 0 35 0 0 41 37 0 39 36 
26 25 21 0 0 0 0 24 6 0 10 7 5 8 0 0 63 3 0 64 62 0 0 0 0 0 50 48 0 0 0 45 0 16 17 0 13 19 0 20 0 43 40 38 0 0 41 0 0 0 0 0 0 33 29 0 54 0 57 0 0 53 0 0 
58 0 0 55 0 0 59 0 38 0 42 0 0 40 44 43 0 0 0 0 0 33 0 0 0 14 0 0 0 0 0 13 50 0 0 47 0 51 46 0 0 0 8 6 0 0 0 5 2 64 0 0 3 0 61 0 22 27 25 0 0 0 0 0 
42 41 37 39 38 44 43 40 22 0 0 0 21 24 28 27 15 19 18 16 14 17 13 20 0 0 0 64 0 1 4 0 34 32 33 0 0 0 30 0 58 0 56 0 60 0 57 0 50 48 0 52 51 0 45 47 6 0 0 12 8 5 0 0 
0 0 0 7 0 12 11 0 54 0 0 0 0 0 0 59 0 51 50 48 0 49 45 0 35 30 34 0 0 33 36 0 2 0 0 63 61 0 0 4 0 27 24 0 28 23 0 21 0 0 0 0 0 17 0 0 0 0 0 44 40 37 0 39 
0 0 13 0 14 20 0 0 62 0 2 63 0 64 4 0 0 59 58 0 0 57 53 0 43 38 0 0 0 0 0 37 10 8 9 7 5 0 0 0 0 0 0 30 36 0 0 0 26 24 22 28 27 25 0 0 46 0 0 0 0 45 0 0 
2 1 0 0 0 4 3 64 46 49 50 0 45 0 0 51 0 43 42 0 0 41 37 44 0 22 26 24 0 25 0 0 58 0 57 55 53 59 0 60 18 19 0 0 20 15 17 13 10 8 6 0 11 0 5 7 30 0 33 36 32 0 0 0 
50 0 45 0 46 52 0 48 0 0 0 0 0 0 0 35 0 27 26 24 0 25 21 28 11 0 10 0 0 9 0 5 42 0 41 39 37 43 38 0 0 0 0 62 0 63 1 0 58 0 0 0 59 0 53 55 0 0 0 20 0 13 0 0 
0 0 29 0 0 0 0 32 14 17 18 0 0 16 0 19 7 0 0 0 0 0 5 12 59 0 0 56 0 57 60 0 0 0 0 23 0 27 22 28 0 51 0 46 0 47 0 0 42 40 38 44 0 41 37 39 0 3 1 4 64 0 2 63 
0 0 0 29 28 0 33 30 12 15 0 13 11 14 0 17 5 0 8 6 4 7 0 10 57 0 56 54 0 0 0 51 0 22 0 21 0 0 20 0 48 0 0 44 0 45 47 0 0 0 0 42 0 0 35 0 0 1 0 0 62 59 0 61 
8 0 0 0 0 10 9 0 0 0 0 53 51 54 58 0 45 49 0 0 0 0 43 0 33 0 32 30 0 31 0 0 64 0 0 0 59 1 60 2 24 0 0 0 26 21 23 0 16 14 12 0 17 15 11 0 36 41 39 42 0 35 40 37 
40 0 35 37 36 42 41 38 20 23 0 21 0 0 26 25 0 0 0 14 12 15 0 0 1 60 64 0 0 63 0 59 32 0 31 29 27 33 28 34 0 57 0 0 0 0 0 51 48 0 0 0 0 0 0 45 0 9 7 10 0 0 8 5 
56 55 0 0 0 0 0 54 0 39 40 37 0 38 42 0 0 0 32 30 28 31 0 34 0 12 16 14 0 15 18 0 0 0 47 0 43 49 44 50 0 9 0 4 10 0 0 0 64 0 60 0 0 63 0 61 0 0 23 0 22 0 0 0 
0 0 0 61 60 2 0 0 0 0 48 0 43 46 50 49 0 41 0 38 36 0 35 0 25 0 0 22 0 0 0 19 56 0 55 53 51 0 0 58 16 17 0 12 0 0 15 0 0 6 0 0 9 0 0 5 0 0 31 0 30 0 32 0 
0 0 0 13 12 0 17 14 0 0 0 0 59 62 2 0 53 57 56 54 52 55 51 0 41 36 0 38 37 0 0 0 0 6 0 5 0 9 4 0 0 0 30 28 0 0 0 27 0 22 20 0 0 0 19 21 44 49 0 0 46 43 48 45 
0 47 0 0 44 50 49 0 0 0 0 0 27 0 0 0 0 25 0 22 0 0 0 26 0 0 8 6 5 7 10 3 40 38 39 0 35 0 0 42 0 1 0 60 2 0 63 0 56 0 52 58 57 0 51 0 0 0 0 0 0 11 16 0 
0 0 19 21 20 26 0 22 4 7 0 0 0 0 10 9 61 0 64 62 60 0 59 0 0 44 0 46 0 47 50 0 16 14 0 0 11 0 12 18 0 41 0 0 42 0 0 0 32 30 28 0 33 31 0 0 0 0 55 0 0 0 56 0 
13 12 0 10 0 0 14 11 0 60 0 0 56 0 63 62 0 0 53 0 0 0 48 0 0 33 0 0 0 36 39 0 5 0 4 2 0 0 1 0 0 0 0 0 0 0 0 0 0 0 17 23 22 20 0 0 41 0 44 47 43 40 0 42 
0 0 0 50 0 55 0 0 33 36 37 34 32 0 39 0 26 30 29 27 0 0 24 31 14 9 13 0 10 12 0 8 45 0 44 42 40 0 41 47 5 0 3 0 7 2 0 64 0 59 0 0 0 0 0 0 17 0 20 23 19 16 21 0 
0 36 32 0 33 39 0 0 0 0 21 0 0 0 0 22 0 0 0 0 0 0 8 15 62 0 0 59 0 0 63 56 29 0 0 0 24 30 0 0 0 0 0 0 55 0 52 0 45 0 41 0 0 0 0 42 1 6 0 7 3 64 0 0 
0 28 0 0 0 0 0 0 9 0 0 0 8 0 0 14 2 6 5 3 0 0 0 7 54 0 53 51 0 0 55 48 0 0 20 18 16 22 0 0 45 46 43 41 0 0 0 0 37 35 0 0 0 36 0 0 57 0 60 0 59 0 61 58 
0 4 64 0 1 7 6 3 49 0 53 0 0 51 0 0 42 0 0 43 0 44 40 47 30 0 29 27 0 28 0 24 0 0 60 58 0 62 0 0 0 0 19 17 23 0 20 0 0 0 0 0 0 12 8 10 33 0 0 0 35 0 37 34 
0 60 56 58 0 0 62 59 41 44 45 0 0 43 47 46 0 0 37 35 33 0 0 0 0 17 0 0 0 0 23 0 0 51 0 50 48 54 49 55 0 0 11 9 15 10 0 8 5 0 0 7 6 4 64 0 25 30 28 31 0 24 0 0 
0 44 40 42 41 0 46 0 25 28 29 0 0 27 31 0 0 22 21 19 17 0 0 23 6 0 5 0 2 0 7 0 0 0 0 0 32 0 33 39 61 0 0 0 63 0 0 56 53 51 0 55 0 52 48 50 0 14 0 0 11 8 0 0 
0 20 0 18 17 0 0 19 1 0 5 0 64 3 0 6 58 0 61 59 0 60 0 0 0 0 0 43 0 0 47 0 13 0 0 0 0 0 9 15 0 0 35 33 39 0 0 32 0 0 0 0 0 28 0 0 49 0 0 55 0 48 53 0 
0 0 39 0 40 0 45 0 24 0 0 0 23 0 30 0 0 0 0 18 0 19 0 22 5 64 0 2 0 0 6 0 36 0 0 0 0 37 0 0 0 0 0 0 0 0 59 55 0 50 0 0 0 51 0 0 8 0 0 14 10 7 0 0 
0 3 0 1 0 0 5 2 48 0 0 0 0 0 0 53 41 45 0 42 40 43 0 46 29 0 28 0 0 27 0 23 0 58 0 0 55 0 0 0 20 0 18 0 0 17 0 0 0 10 0 14 13 11 7 9 0 37 0 38 34 31 0 0 
60 0 0 0 56 62 0 58 0 0 44 0 0 0 0 45 0 0 36 34 32 35 31 0 21 16 0 18 0 0 22 15 0 0 51 49 0 53 0 0 12 0 0 8 14 0 11 7 4 2 0 0 5 3 0 0 24 29 27 30 26 0 0 25 
28 27 23 0 24 30 0 0 8 11 12 9 0 0 0 0 1 5 4 2 0 0 0 6 0 48 52 50 0 0 54 47 0 18 19 17 0 0 16 22 44 0 42 0 46 41 43 0 36 0 0 38 0 0 0 0 0 61 59 62 58 55 60 57 
36 35 0 33 0 0 37 0 16 19 0 0 0 18 0 0 0 13 12 0 8 0 0 14 0 56 0 0 57 59 62 55 28 0 0 0 0 29 0 30 0 53 50 0 54 49 51 0 0 42 0 46 0 43 39 41 64 5 3 6 0 0 4 0 
0 0 0 0 0 14 0 0 56 0 60 57 0 0 62 0 0 53 52 0 48 0 47 0 0 0 0 34 33 0 0 0 0 0 3 0 63 0 64 6 0 0 0 24 0 0 27 23 0 18 16 0 21 19 15 0 40 0 0 0 42 0 0 41 
20 0 0 17 0 0 0 0 64 0 0 0 63 2 0 5 0 61 60 58 0 59 55 62 45 40 0 42 41 43 46 0 12 10 11 0 7 0 8 0 36 37 0 0 0 0 35 31 0 0 0 30 29 27 23 25 0 0 51 54 50 47 0 0 
0 51 0 0 0 0 0 0 0 0 0 33 0 0 0 37 25 29 0 0 24 0 0 0 13 8 12 0 9 0 0 0 0 42 43 41 39 45 0 0 0 5 0 0 0 1 0 0 0 58 0 0 0 59 55 57 16 0 0 22 18 0 0 17 
