8
24 0 28 27 0 0 29 0 0 0 54 52 55 0 0 0 0 0 0 13 8 0 10 0 32 38 36 35 0 34 33 37 16 21 22 18 20 17 0 23 6 3 0 0 0 1 2 0 40 0 45 0 43 47 46 0 0 59 56 62 61 60 58 57 
40 46 44 0 42 41 0 47 5 0 6 0 0 0 0 64 0 27 28 0 0 0 26 0 48 0 52 0 0 50 0 0 32 37 0 34 36 0 0 0 0 0 20 23 0 0 0 0 0 57 61 58 0 0 62 60 15 11 0 0 0 0 0 9 
0 0 0 19 18 17 0 0 0 0 0 0 0 43 41 0 1 3 0 5 64 6 2 7 24 30 0 27 0 0 25 0 8 0 14 10 0 0 11 0 0 0 0 63 56 57 0 0 0 0 37 34 35 0 0 36 0 51 0 54 53 0 50 0 
8 14 12 0 10 0 0 15 0 34 0 0 0 0 33 32 0 59 60 0 0 62 58 63 16 22 20 19 0 0 0 21 64 5 6 2 4 0 0 7 54 51 52 0 0 49 0 0 24 0 0 26 27 0 30 0 0 0 40 46 45 44 0 0 
0 54 52 0 50 49 53 55 0 10 0 0 0 11 0 0 33 0 0 37 32 0 0 39 0 0 0 0 0 58 57 61 40 45 46 42 44 0 43 47 0 0 0 31 24 25 26 29 64 1 5 2 0 7 0 0 23 0 0 0 21 0 18 17 
64 0 4 3 0 0 5 7 29 0 0 28 0 27 25 0 0 51 52 53 48 0 50 55 0 14 12 11 15 10 9 13 0 0 62 58 0 0 0 63 0 0 44 0 40 41 42 0 0 0 21 18 19 23 22 20 39 0 0 0 0 36 34 0 
0 62 60 0 58 0 61 0 0 0 22 0 0 19 17 16 41 0 44 0 0 0 0 0 64 0 0 0 0 2 0 5 48 53 54 50 0 49 0 55 38 35 36 0 32 0 34 37 8 9 13 0 11 0 0 12 31 27 0 0 29 28 26 25 
0 38 0 0 34 0 0 39 61 58 0 60 63 0 0 56 17 0 0 0 16 22 18 0 0 0 44 0 47 42 41 0 0 0 30 0 0 25 27 31 14 11 12 0 0 0 0 13 48 49 0 50 0 55 54 0 7 3 64 6 0 0 2 1 
0 17 0 0 0 12 16 0 0 37 0 39 42 38 0 0 60 0 0 64 59 0 0 2 19 0 0 22 26 21 0 0 3 0 9 5 0 4 0 0 57 54 0 58 0 52 0 0 0 28 32 0 30 0 33 31 50 46 0 0 0 47 45 44 
59 0 0 0 61 0 0 0 24 21 25 23 26 22 20 19 44 46 0 0 43 49 45 0 0 9 7 0 0 0 0 0 51 0 0 53 0 0 54 0 0 0 39 42 35 36 0 0 11 0 0 0 0 0 0 0 34 0 27 0 0 31 29 28 
35 41 0 38 37 36 40 42 64 61 1 0 2 62 0 0 20 22 23 24 0 0 0 0 0 49 0 46 50 45 0 0 27 0 33 0 0 28 0 0 17 0 0 18 11 12 13 16 51 0 56 0 0 0 57 55 0 0 0 0 8 7 5 0 
0 0 23 0 21 20 24 0 48 45 0 0 0 46 0 0 4 6 7 0 0 9 5 0 27 33 0 0 0 29 0 32 11 16 0 0 0 0 0 18 1 62 63 2 59 60 0 0 35 36 0 0 0 42 41 0 0 54 51 57 56 0 53 0 
0 0 0 0 45 0 0 0 0 0 9 0 10 0 0 3 0 30 31 32 27 33 29 34 51 0 0 54 0 53 0 56 0 0 41 37 0 36 38 42 25 22 23 26 19 20 0 0 0 0 64 61 62 0 0 0 18 14 0 17 16 15 13 12 
51 57 55 54 53 0 56 0 16 0 0 0 0 0 0 11 36 0 39 0 35 0 0 0 0 0 63 0 2 0 0 64 0 0 0 45 47 44 0 50 33 30 31 34 0 28 0 32 3 0 0 5 6 10 9 7 0 22 0 25 24 0 21 20 
27 0 0 0 29 0 32 34 0 53 57 0 0 0 52 0 0 14 15 16 11 0 13 18 35 41 39 0 0 0 36 40 19 24 25 21 0 20 0 0 0 0 7 0 3 0 5 0 0 0 48 45 0 0 0 47 2 62 0 0 0 0 61 60 
3 9 7 0 0 0 8 0 32 29 0 31 0 0 0 27 52 54 55 0 51 0 0 58 11 0 15 14 0 13 12 16 59 0 1 61 63 0 0 2 0 46 0 50 0 44 45 48 19 0 24 0 22 0 25 0 42 0 0 41 0 39 0 0 
7 0 0 10 0 8 0 0 36 33 0 35 0 34 0 0 56 0 59 0 0 0 0 0 0 21 0 18 0 17 16 20 0 0 5 1 3 0 2 6 0 50 51 0 47 0 49 52 0 0 28 25 26 30 29 27 0 0 0 45 0 0 0 40 
0 5 3 2 0 0 0 0 0 0 0 27 30 0 0 23 0 0 51 52 0 53 49 54 7 0 11 0 14 0 8 12 55 60 0 0 0 56 58 62 0 42 0 46 0 40 41 44 15 0 20 17 18 0 21 19 0 0 0 0 36 35 33 0 
31 0 35 0 0 32 0 0 60 0 0 59 0 0 0 0 0 18 19 20 0 0 0 22 39 0 43 42 46 41 40 44 0 0 29 25 0 24 26 0 0 10 11 0 7 8 0 12 0 0 0 49 50 0 0 0 0 2 63 0 0 0 1 64 
23 0 0 0 25 24 0 0 0 0 53 51 54 0 48 0 8 10 11 12 7 0 0 14 31 0 0 34 0 33 0 0 15 20 21 17 19 16 0 0 0 0 3 0 63 64 1 0 39 40 0 41 0 46 45 0 0 0 0 0 0 59 0 0 
55 0 59 0 57 56 0 62 0 0 21 0 22 18 0 15 40 0 43 0 0 45 0 0 0 0 0 2 6 1 64 0 0 0 53 0 0 48 50 54 0 34 0 38 0 32 0 0 0 8 0 9 10 0 0 11 0 0 0 0 28 27 25 24 
0 0 0 0 49 0 52 54 0 0 13 0 0 10 0 7 0 0 0 36 31 0 33 0 55 61 59 0 62 0 0 60 39 0 0 0 43 40 42 0 29 0 27 30 0 0 25 0 63 0 0 1 0 0 5 3 0 18 0 21 20 19 0 16 
15 0 0 0 0 16 20 0 44 41 45 43 46 42 0 0 0 0 0 0 0 5 0 0 0 29 0 26 0 25 0 28 0 12 13 0 11 8 0 0 61 0 0 0 55 0 0 0 0 32 36 0 0 38 37 35 0 50 0 53 0 51 49 0 
0 0 0 42 41 40 44 46 0 1 5 3 6 2 0 0 0 26 27 28 23 29 0 30 0 0 51 50 0 49 0 52 31 36 0 33 35 32 0 0 21 0 0 22 0 0 17 0 55 56 60 0 0 62 61 59 0 0 0 13 0 0 0 8 
38 44 0 0 0 39 0 45 3 0 4 2 5 1 63 0 23 25 0 27 0 28 0 29 46 52 50 0 53 48 0 51 30 0 0 32 0 31 0 37 0 0 18 21 14 15 16 0 54 55 0 56 0 61 0 58 0 0 0 12 0 10 0 0 
0 0 50 49 0 0 0 53 11 8 12 10 13 9 0 6 0 33 34 35 30 36 0 0 0 0 0 0 0 56 0 0 0 43 44 0 42 39 41 45 28 25 0 0 0 0 24 27 62 0 3 64 1 0 4 2 21 17 14 20 0 18 16 0 
0 0 0 17 16 0 0 0 43 40 0 0 45 0 39 38 0 0 2 3 62 4 0 0 22 28 26 0 29 24 23 0 0 0 12 8 10 7 0 0 0 57 0 0 54 55 0 0 0 31 35 0 33 0 0 0 53 49 46 0 0 0 0 47 
30 36 0 33 0 0 0 0 59 56 60 0 61 0 0 0 0 17 18 19 0 0 0 21 0 0 42 41 0 0 39 0 22 0 28 0 26 23 0 29 0 0 0 13 0 0 0 11 46 47 51 0 49 53 52 0 0 0 0 0 0 0 64 63 
0 0 58 0 0 0 0 61 19 16 0 18 21 0 0 14 0 41 0 0 38 44 40 0 0 0 2 1 5 0 0 0 0 51 0 48 50 0 49 0 36 0 34 37 30 31 0 0 6 0 11 8 9 13 12 10 0 25 0 28 27 26 0 0 
6 0 10 9 8 7 0 0 35 0 0 34 0 33 31 0 55 57 58 0 0 0 0 61 14 0 18 0 21 0 0 0 62 3 0 0 0 0 0 0 52 49 50 53 46 47 48 0 22 23 0 0 25 29 28 26 45 41 38 0 0 42 0 0 
22 0 0 0 0 0 27 0 51 0 0 50 0 0 0 46 0 0 10 11 6 0 0 13 0 36 34 0 37 0 31 35 0 19 0 16 18 15 17 21 4 0 2 5 62 0 64 0 38 39 0 0 41 45 0 0 0 0 0 60 0 0 56 55 
0 0 2 1 64 0 0 5 27 0 0 26 29 25 0 0 0 0 50 0 0 0 48 53 6 0 10 0 13 8 7 11 54 0 0 56 0 55 0 0 0 41 42 45 38 0 40 43 0 0 19 0 0 0 0 0 37 33 0 0 35 0 32 31 
0 0 0 0 38 37 41 0 0 0 2 0 3 63 61 60 21 0 0 0 0 26 0 0 0 50 48 0 0 0 0 49 0 0 0 0 0 29 31 0 18 15 16 19 12 0 0 0 52 53 57 0 55 0 58 56 0 0 4 0 0 0 6 0 
28 34 0 0 0 29 33 35 57 54 58 0 59 0 53 52 13 0 16 0 12 18 0 0 0 0 0 39 0 0 37 0 20 25 0 0 24 0 23 0 0 7 0 0 0 0 6 9 44 45 0 0 47 51 50 0 3 0 60 0 0 64 0 61 
0 50 48 47 46 0 0 0 9 6 0 8 11 0 5 4 0 0 32 33 28 0 0 35 52 0 0 0 0 0 0 57 0 0 0 0 0 0 0 0 0 23 0 0 0 21 0 25 0 61 0 62 0 3 0 64 19 15 0 18 17 0 0 13 
52 58 56 0 54 0 0 0 17 0 0 0 19 0 0 12 37 0 0 41 0 42 0 43 0 2 0 0 3 62 61 1 0 0 50 46 48 45 0 0 34 0 0 0 0 29 0 0 4 5 0 6 0 0 0 8 0 23 20 26 0 24 0 21 
4 10 0 7 6 5 9 0 0 0 34 32 0 31 0 0 0 55 56 57 52 0 54 59 0 0 0 15 19 0 13 17 60 0 2 62 0 61 63 3 50 0 48 0 44 0 46 0 0 21 25 22 0 0 26 0 0 0 0 42 41 0 38 0 
20 26 24 0 0 0 0 0 49 46 50 48 51 47 45 0 0 7 8 9 4 0 0 0 28 34 32 0 0 0 29 0 0 17 0 0 0 13 0 0 0 0 0 3 0 61 0 1 36 37 0 38 0 0 0 0 0 0 52 0 0 0 0 0 
0 0 0 63 0 0 1 0 0 22 26 24 27 23 0 20 45 0 48 49 0 50 46 51 4 0 8 7 11 0 0 0 52 0 58 0 0 53 55 0 0 39 0 43 36 37 38 41 0 13 0 0 0 19 18 16 35 31 28 34 0 32 0 29 
12 0 0 0 14 13 17 0 41 0 42 0 43 39 0 0 0 63 0 0 0 0 0 0 20 0 0 0 0 22 0 0 0 9 0 0 0 0 7 0 58 0 0 0 0 53 54 0 28 29 33 0 31 0 0 0 0 0 44 0 49 0 46 45 
0 0 0 0 12 0 0 0 0 36 0 0 0 37 35 34 0 61 62 0 58 0 0 1 0 24 22 0 25 0 19 0 0 0 0 0 0 3 0 0 0 53 54 57 50 51 0 0 0 0 0 0 0 0 0 0 49 45 42 48 0 0 0 43 
18 0 0 0 20 0 23 25 0 44 0 46 49 0 43 42 0 5 6 7 2 8 0 0 0 0 30 29 33 28 0 0 0 0 16 0 14 11 13 17 0 61 62 0 58 59 60 0 0 0 39 36 37 41 0 0 0 53 0 0 55 0 0 0 
0 0 0 0 0 0 0 1 23 0 0 22 25 0 19 18 0 45 0 0 0 48 44 49 2 0 0 0 9 4 3 7 50 55 0 52 0 51 53 0 0 37 38 41 0 35 0 39 0 11 15 0 0 17 16 14 33 0 0 0 0 30 28 0 
0 0 30 0 28 0 31 33 55 52 0 54 0 53 51 50 11 0 14 15 0 0 0 0 34 40 38 37 41 36 0 0 18 23 24 0 22 19 21 25 0 5 6 9 2 0 0 7 0 0 0 0 45 49 48 46 0 0 58 0 63 62 60 0 
34 0 38 37 36 0 0 41 63 0 0 0 0 61 59 58 19 21 22 0 18 24 20 25 42 48 0 0 0 44 0 0 0 0 32 28 30 0 29 33 0 0 0 17 10 0 0 15 50 51 55 0 0 0 0 0 0 0 0 8 0 6 0 0 
50 56 54 0 0 51 55 0 15 12 16 0 0 0 0 0 35 0 0 0 0 40 36 41 0 0 0 61 0 0 0 0 42 47 0 0 0 43 0 49 32 0 0 33 0 0 28 0 0 3 0 0 5 9 8 6 25 0 18 24 23 22 0 0 
42 0 0 0 0 0 0 0 0 4 8 0 9 5 0 0 27 29 0 31 26 0 0 33 50 56 0 53 57 0 51 0 34 0 40 0 0 0 37 41 0 21 22 25 0 0 0 23 58 0 0 0 0 0 64 62 17 13 10 16 0 14 0 0 
0 0 6 5 0 0 7 9 31 28 32 0 33 29 27 0 51 0 54 55 50 56 0 57 10 0 14 0 0 0 11 15 58 0 64 0 0 59 0 1 0 45 46 49 0 0 44 47 18 19 23 0 0 0 0 22 0 0 0 40 39 38 36 35 
0 3 0 0 63 62 0 0 26 0 0 25 28 24 22 21 0 0 49 50 45 0 0 0 5 0 0 8 0 7 6 0 53 0 0 0 57 54 56 60 43 40 0 44 0 0 0 0 0 0 18 0 16 20 0 17 36 32 0 35 0 0 31 30 
0 0 9 0 7 0 0 12 0 0 35 0 36 0 30 0 0 0 57 58 53 0 55 60 13 0 17 0 0 15 0 0 61 2 3 0 0 0 0 4 0 48 49 0 0 46 0 0 21 0 0 0 0 0 0 25 44 40 0 43 42 41 39 0 
45 51 49 0 0 46 50 52 10 0 11 9 0 0 0 0 0 32 33 0 29 0 0 36 0 0 57 0 0 55 54 58 37 42 43 39 41 0 40 0 0 0 0 28 0 22 23 26 0 0 2 63 0 0 0 1 20 16 0 0 0 0 15 14 
21 27 25 0 0 22 0 28 50 47 51 49 52 0 0 45 0 8 9 10 0 0 0 0 29 0 33 32 36 31 0 34 13 18 0 15 0 0 16 20 3 64 1 0 61 62 0 0 0 38 0 39 0 0 43 41 60 0 53 0 58 57 0 54 
0 0 33 32 31 30 0 0 0 55 59 57 0 0 0 0 0 16 17 0 13 19 0 20 0 0 0 0 44 39 0 0 21 26 27 23 25 0 0 28 0 8 0 0 5 6 0 0 45 0 0 47 0 52 51 0 4 64 0 0 2 1 63 0 
0 0 41 0 39 38 0 44 2 63 3 0 4 64 62 61 0 0 25 0 0 27 0 0 45 0 0 0 0 47 0 0 29 34 0 31 0 30 32 0 19 0 0 0 13 0 0 0 0 0 58 0 0 60 0 0 0 8 0 11 10 9 0 6 
53 59 0 0 55 0 58 0 18 0 19 0 0 16 14 13 38 0 0 42 37 43 39 44 61 3 1 0 4 63 62 0 45 50 0 47 49 46 0 52 35 32 0 0 0 30 0 0 0 6 0 7 8 0 0 0 28 0 21 0 0 0 23 22 
13 19 0 0 15 0 18 20 0 0 43 0 44 40 0 0 62 0 1 2 0 0 0 4 21 0 0 24 28 0 22 0 5 10 0 7 0 0 0 12 0 56 0 0 0 0 55 0 0 0 34 31 0 36 0 33 52 0 0 0 50 0 0 46 
1 7 5 0 0 2 6 8 30 0 31 29 32 28 0 0 50 52 0 54 0 55 0 56 9 15 13 0 16 11 10 0 0 0 0 0 61 58 60 64 47 0 0 48 0 0 43 46 17 0 22 0 0 0 23 0 40 0 33 0 0 0 35 34 
49 0 53 0 0 0 54 56 0 0 15 0 0 12 0 0 34 0 0 0 33 0 0 40 57 0 0 60 0 59 58 62 0 0 47 43 45 0 44 0 0 0 29 0 25 26 0 30 0 0 0 0 0 0 0 0 24 0 0 0 22 0 19 18 
0 0 61 60 59 0 0 64 22 0 0 21 0 20 18 17 0 0 0 46 41 47 0 0 0 7 0 0 0 0 0 0 49 54 0 0 53 0 52 0 39 36 37 40 33 0 35 0 9 10 14 0 0 16 0 0 32 28 25 0 0 0 0 0 
41 0 0 0 0 42 46 48 6 3 0 5 0 0 0 1 0 0 29 30 25 0 27 0 0 0 0 0 0 51 0 54 0 0 0 35 37 34 36 40 0 0 0 0 0 18 0 0 0 58 0 59 60 64 0 61 16 0 0 15 14 0 11 10 
33 0 37 0 35 34 38 40 62 0 0 61 64 60 58 0 18 0 0 0 0 0 0 24 41 47 0 44 48 0 42 0 25 0 0 27 29 0 0 32 15 12 13 0 9 10 11 0 0 0 0 51 52 0 0 0 0 4 1 0 6 5 0 2 
0 15 0 0 11 0 14 0 0 0 39 0 40 36 34 0 58 60 61 62 0 63 0 0 0 23 0 0 0 19 0 22 1 0 0 3 0 2 4 8 55 52 0 0 0 50 51 54 25 0 0 0 0 32 0 29 0 44 0 0 46 0 0 0 
0 0 29 28 0 0 0 0 0 51 55 0 56 52 0 49 10 12 0 14 0 15 0 0 0 39 37 36 0 0 34 0 17 22 0 19 21 0 20 0 7 0 5 0 1 2 0 6 0 42 46 43 44 48 47 45 64 60 0 63 62 61 0 58 
17 0 0 0 0 18 22 24 46 0 0 0 0 44 0 0 0 0 0 0 1 7 0 0 25 0 29 28 32 0 0 30 0 0 15 0 0 0 0 16 0 60 0 64 0 0 59 0 0 34 0 35 0 0 39 37 56 0 49 55 54 0 0 50 
