8
0 40 42 0 0 41 0 44 0 0 0 54 0 47 51 0 17 0 0 19 21 0 0 18 61 58 0 62 55 57 60 59 0 0 0 35 0 0 0 32 0 13 0 0 10 0 0 0 0 29 25 26 24 0 0 28 0 0 64 3 0 0 0 4 
51 0 0 54 0 0 47 0 0 61 57 0 0 55 0 58 0 0 23 27 0 0 0 26 5 2 64 6 63 1 0 0 42 46 0 0 0 0 0 40 0 0 0 0 0 20 16 22 0 37 33 34 0 0 31 36 0 9 8 0 13 7 0 12 
0 0 0 0 29 0 23 28 0 37 0 0 0 31 35 34 1 0 63 0 0 0 4 0 0 0 0 0 39 0 44 0 0 22 0 0 17 20 0 16 0 61 0 0 0 60 56 62 0 13 0 10 8 14 7 12 0 0 0 0 0 47 0 52 
11 0 0 0 13 0 0 12 0 0 17 0 16 0 0 0 0 0 0 51 53 54 0 50 29 26 24 30 23 0 28 27 0 0 63 3 1 0 5 0 0 0 39 43 42 44 0 0 0 61 57 58 0 0 0 0 34 0 0 35 0 0 0 0 
35 0 0 0 37 0 0 0 0 45 0 0 0 0 43 42 0 0 0 0 0 14 12 10 0 50 0 54 47 0 52 0 26 0 23 27 25 0 29 24 1 5 0 0 0 0 0 6 0 0 17 18 16 0 15 0 58 0 0 0 61 0 62 0 
0 0 18 0 0 0 15 20 28 0 25 0 0 0 0 26 57 56 55 59 61 62 60 0 37 34 32 38 31 33 36 35 0 0 0 11 0 0 13 0 0 53 47 0 50 52 48 0 3 5 0 0 0 0 63 4 42 0 0 0 0 39 46 44 
59 56 58 0 61 0 0 60 4 0 0 6 0 63 3 0 33 0 0 0 37 38 0 34 13 10 8 14 0 9 0 0 50 0 0 51 0 52 0 48 0 0 23 0 26 0 24 0 43 0 0 42 40 46 39 44 0 17 16 0 21 15 0 0 
0 64 2 0 0 1 63 0 12 0 0 0 8 7 0 10 41 0 39 43 0 0 44 42 21 0 0 22 0 17 20 19 58 0 55 59 57 60 0 56 33 37 31 35 0 36 0 0 51 53 0 0 48 0 47 52 26 25 0 0 0 0 0 0 
36 0 0 39 0 0 0 37 0 46 0 0 0 0 44 43 10 9 0 12 0 0 0 0 0 51 0 55 48 50 0 0 0 31 0 28 0 29 0 0 2 0 0 4 0 5 1 7 0 22 18 0 17 0 16 0 59 58 0 0 62 0 63 61 
0 0 27 31 0 26 24 29 0 38 34 39 0 32 36 35 0 1 0 4 6 0 0 0 0 43 41 0 0 0 45 44 19 0 16 0 0 21 0 17 58 0 0 60 0 0 57 0 0 14 0 11 0 0 8 13 0 50 49 52 0 0 0 53 
60 0 0 63 0 58 56 0 5 0 0 7 1 64 4 3 0 33 32 0 0 39 0 0 14 11 0 0 8 0 0 12 0 0 48 52 50 0 0 49 0 30 0 28 0 29 25 31 44 0 0 0 0 0 0 0 19 0 17 0 0 0 0 21 
0 0 19 0 0 0 16 0 0 30 26 0 0 24 28 0 0 0 56 60 62 0 61 0 38 0 33 0 32 0 0 0 0 15 8 12 10 0 14 9 50 54 0 0 0 53 0 55 4 0 2 3 0 7 0 0 43 0 0 0 0 0 47 45 
4 1 0 7 6 0 64 0 0 0 0 0 9 8 12 0 0 0 0 0 0 0 45 43 0 0 17 23 0 18 21 0 0 0 0 0 0 0 62 57 0 0 0 0 0 0 33 0 52 0 50 0 49 0 48 53 27 26 25 28 30 24 0 29 
0 0 43 0 46 0 40 45 0 0 50 55 49 0 0 0 18 17 16 0 22 0 21 0 0 59 57 63 0 0 61 0 0 0 0 36 34 37 0 33 10 14 8 0 0 13 0 0 0 0 26 27 25 0 24 29 3 2 0 0 0 64 0 0 
0 0 0 0 0 0 48 53 61 0 0 0 0 0 0 59 0 0 0 28 30 0 29 0 6 0 1 0 0 2 0 0 43 47 0 44 0 45 46 0 18 0 16 20 19 0 17 0 0 38 0 35 33 39 32 0 0 0 0 12 14 0 0 13 
12 9 0 0 0 0 8 13 21 0 0 23 17 0 20 19 0 0 0 0 0 0 53 0 30 0 25 0 24 26 29 0 0 7 0 4 2 0 0 1 42 0 40 44 43 45 41 47 60 0 0 0 0 63 0 0 0 34 33 0 0 32 39 0 
0 0 39 0 0 0 0 41 0 50 0 0 0 0 0 0 0 0 12 16 0 19 17 0 58 0 53 0 0 54 0 56 0 0 28 0 30 0 34 0 0 0 4 0 7 9 0 11 24 0 0 0 21 27 0 25 63 62 61 0 2 60 0 0 
0 21 23 0 26 0 20 0 33 0 30 35 29 0 32 0 62 0 0 0 0 0 0 0 0 0 0 0 36 38 0 0 15 0 12 16 14 0 0 0 0 0 52 56 0 57 53 59 0 10 0 7 5 11 0 9 47 0 45 48 50 0 51 49 
0 13 0 19 0 14 0 17 25 26 22 27 0 0 0 23 54 53 0 56 58 59 57 0 34 31 29 35 28 30 33 0 7 11 4 0 6 0 10 5 0 50 0 48 0 0 0 0 64 2 0 0 61 0 60 0 0 0 37 40 42 36 43 41 
0 29 31 0 0 30 0 0 41 0 0 0 37 0 0 39 6 0 0 0 0 0 0 7 0 0 45 0 0 46 49 0 0 27 20 0 0 0 26 21 62 2 0 64 0 1 0 3 16 18 14 0 13 0 0 0 55 54 0 56 0 0 59 57 
0 5 0 11 0 0 4 9 17 18 14 19 0 12 16 15 0 45 0 48 50 0 49 0 0 23 21 27 20 0 25 24 63 0 60 0 0 0 2 61 0 42 36 0 39 41 37 43 0 0 54 55 53 0 52 57 0 30 29 32 34 0 0 0 
48 45 47 0 0 0 44 49 0 0 0 59 0 0 56 55 22 21 0 0 0 0 25 23 0 63 0 0 0 0 0 0 0 43 0 40 38 0 42 37 0 18 12 16 0 17 13 19 0 0 0 0 29 35 28 0 0 0 0 8 0 4 11 0 
64 0 63 0 0 0 60 1 0 0 6 0 5 0 8 0 38 37 0 40 42 43 0 39 18 0 13 19 0 0 0 0 55 0 52 56 0 0 0 53 30 34 0 32 0 0 0 0 48 50 46 0 0 51 0 0 0 0 0 0 26 0 27 0 
56 0 0 59 0 54 0 0 0 0 62 3 0 0 64 63 0 0 28 0 34 35 0 0 0 0 5 0 4 6 9 0 47 0 0 0 0 49 0 0 0 0 0 24 23 0 0 27 0 42 0 39 0 0 36 0 0 14 13 0 18 12 19 0 
0 6 8 0 11 0 5 0 18 19 0 20 14 13 0 16 0 0 0 0 51 52 0 48 27 0 0 0 21 0 26 0 64 4 61 0 0 0 0 62 39 43 37 41 40 42 38 0 0 59 0 56 0 60 0 58 0 0 0 0 0 0 0 0 
1 0 0 4 3 63 61 2 0 0 0 0 0 5 0 8 0 38 0 41 0 44 0 40 0 16 0 20 13 0 18 0 56 60 0 0 55 0 0 0 0 0 0 33 32 34 30 36 0 0 47 48 46 52 45 0 0 23 22 0 27 21 0 0 
0 38 40 44 0 0 0 42 0 51 47 0 0 0 0 0 0 14 0 0 19 20 18 16 59 56 0 60 53 55 0 57 0 0 0 0 31 34 0 0 0 0 5 0 8 10 0 12 0 27 0 0 22 28 0 26 64 63 0 0 3 0 4 2 
0 30 32 36 35 0 29 34 42 0 0 0 0 37 41 0 7 6 5 0 11 12 10 8 0 0 0 0 45 47 50 0 0 28 0 0 23 0 0 22 63 3 61 0 64 2 0 4 17 0 0 16 14 20 13 0 0 55 0 0 0 53 60 58 
49 46 0 0 0 0 0 0 0 59 55 60 0 53 57 56 23 0 0 0 27 0 0 24 0 0 0 4 0 0 0 1 0 0 37 0 39 42 0 38 0 0 0 0 0 18 14 20 33 35 0 0 0 36 29 34 0 0 6 0 11 5 12 0 
57 54 0 60 0 55 0 0 2 3 0 4 0 61 0 64 31 0 29 0 0 0 0 32 0 8 0 12 0 7 10 0 0 52 45 0 0 50 0 0 0 0 21 0 0 0 0 0 41 43 39 40 38 0 37 42 16 0 0 0 19 0 0 18 
17 14 16 0 19 15 13 0 26 27 23 0 0 21 0 24 0 0 53 57 59 0 0 0 0 32 0 36 0 0 34 33 8 0 5 9 7 10 0 6 0 0 45 49 0 50 0 0 1 3 0 0 0 0 0 0 40 39 0 0 0 37 0 0 
25 0 0 28 27 0 21 0 0 0 0 0 0 29 0 32 63 0 0 0 3 4 0 64 43 0 0 0 37 39 42 0 16 0 0 0 0 0 0 14 55 0 53 57 56 0 0 60 9 11 7 0 6 0 0 10 48 0 46 0 0 45 52 0 
0 55 57 61 0 56 54 59 3 4 0 0 63 0 0 1 32 31 30 34 0 37 35 33 0 0 7 13 6 8 0 10 49 53 0 0 48 51 0 47 24 0 0 26 25 0 0 0 42 44 40 41 39 0 38 43 0 0 0 18 0 14 0 0 
26 23 0 29 28 0 22 0 0 0 0 0 31 30 0 0 64 0 62 2 4 5 3 1 0 0 39 0 38 0 0 0 0 0 0 0 16 0 0 0 0 0 54 0 57 59 0 0 0 12 0 9 0 13 6 0 49 48 0 50 52 0 53 51 
10 0 0 13 0 0 6 0 0 20 0 0 0 14 0 0 0 47 0 50 52 53 51 49 28 0 0 0 0 24 27 26 1 5 62 2 64 3 4 63 40 44 0 42 41 43 0 45 58 0 56 0 55 61 54 0 33 32 0 0 0 0 37 35 
0 39 41 45 0 40 0 0 0 0 48 0 47 46 0 0 16 15 14 18 0 21 0 0 0 0 55 0 54 56 59 58 33 0 30 34 32 35 0 0 8 12 0 10 9 11 7 0 0 0 24 25 0 0 0 0 0 64 63 2 4 62 5 0 
18 15 0 0 0 16 14 19 27 0 24 29 0 0 26 25 0 0 0 0 60 61 0 0 36 33 0 0 30 0 35 0 0 13 6 0 8 0 12 7 48 0 0 0 0 51 0 0 2 0 0 0 63 0 62 3 41 0 39 0 44 0 45 43 
34 0 0 37 0 0 0 0 43 0 40 0 0 0 42 0 8 0 6 0 0 13 0 9 0 0 47 53 46 0 0 0 25 0 22 26 24 27 28 23 0 0 62 0 1 3 63 0 18 20 0 17 0 0 0 0 57 0 55 0 60 54 0 59 
0 0 49 53 52 48 46 51 59 60 56 61 0 54 0 0 0 0 0 26 28 0 0 0 4 0 0 5 0 64 3 0 0 45 0 42 40 0 44 0 16 0 0 0 17 0 0 0 0 36 32 33 0 37 0 35 9 8 0 0 0 0 13 11 
2 63 0 5 0 64 62 0 11 12 0 13 7 0 10 0 40 39 0 0 0 0 0 41 20 17 15 0 0 16 19 18 0 61 54 58 56 59 60 55 32 36 30 34 33 35 31 37 50 0 48 49 47 53 0 0 25 0 23 0 0 0 29 0 
54 51 0 57 0 0 50 0 63 0 60 1 0 58 62 61 0 27 0 30 32 0 31 29 8 5 3 9 0 0 7 0 45 0 42 46 0 0 48 43 20 24 0 22 0 23 19 0 38 40 0 0 35 41 34 39 0 12 0 0 0 10 17 15 
46 0 45 0 0 0 0 47 0 0 52 57 0 50 0 0 20 0 0 22 0 0 23 21 64 0 0 0 0 0 0 0 37 41 34 38 36 39 40 35 0 16 10 0 0 0 11 17 30 0 28 0 0 0 26 0 5 4 3 6 0 0 9 7 
22 0 0 0 0 0 18 0 31 32 0 0 27 0 0 0 0 0 58 0 64 1 0 61 0 0 0 0 0 36 39 0 13 17 0 0 12 0 0 11 0 56 0 0 0 55 51 57 6 0 4 5 0 0 0 0 0 44 43 46 0 0 0 47 
38 35 0 41 0 36 34 39 0 0 0 0 43 0 46 45 0 0 10 0 0 17 15 0 0 0 51 0 50 0 55 0 29 33 0 30 28 31 0 27 0 8 0 6 5 0 0 0 22 24 20 0 19 25 0 0 0 0 0 62 0 58 1 63 
62 0 0 1 0 0 0 63 7 0 4 9 0 0 0 5 36 0 0 38 40 41 39 0 16 13 0 0 0 12 15 14 53 0 50 0 52 0 0 51 28 32 26 0 0 0 27 0 0 48 0 0 0 0 42 47 0 0 19 0 24 0 25 23 
0 3 0 9 0 4 0 0 0 0 12 0 0 0 14 0 44 43 42 0 0 0 47 0 0 21 19 0 18 0 23 22 0 0 58 0 60 63 64 59 36 0 34 38 37 0 0 0 0 56 52 0 0 57 50 0 29 28 0 0 32 0 0 31 
0 0 0 0 32 0 0 31 0 0 36 41 0 0 38 37 4 0 2 6 8 9 7 0 0 0 43 0 42 44 0 0 21 0 0 22 0 0 0 19 0 64 58 62 0 63 59 1 14 16 12 13 11 17 10 0 53 52 51 0 0 50 0 55 
0 0 13 0 0 12 10 15 23 0 0 25 19 0 22 0 0 0 50 0 56 57 0 0 0 0 0 0 0 0 31 0 0 0 0 0 0 0 8 0 44 48 42 46 0 0 43 0 62 64 60 0 0 1 0 63 37 0 35 0 0 34 0 0 
0 0 0 0 7 0 0 0 14 0 11 16 0 0 13 12 0 0 0 0 47 0 46 44 23 20 0 0 17 19 22 21 60 0 57 0 0 0 63 0 35 0 0 0 0 0 0 40 53 55 51 52 0 0 0 0 28 0 26 29 31 0 32 30 
45 0 0 0 47 0 41 0 54 0 0 0 50 0 0 52 19 18 0 0 0 24 0 0 0 0 58 64 0 0 62 61 0 40 33 37 35 0 0 0 11 15 9 13 12 0 0 0 29 0 27 28 26 0 0 30 4 0 2 5 7 1 8 6 
37 0 0 40 39 0 0 38 0 47 0 0 0 41 0 0 11 10 9 13 15 0 0 0 55 52 50 0 49 0 54 0 28 0 0 29 27 0 31 0 3 0 1 5 0 0 2 8 0 23 0 0 18 24 0 22 0 0 0 0 63 0 64 0 
21 18 20 0 0 0 17 22 30 0 0 32 0 25 0 28 59 58 0 61 0 64 0 60 39 0 0 0 33 0 0 37 0 16 0 13 11 0 0 10 0 0 49 53 52 0 0 0 5 0 3 4 2 8 1 6 0 0 42 45 0 41 0 0 
0 10 12 0 15 11 9 14 22 0 0 0 18 17 0 0 51 0 49 53 0 56 0 52 0 0 0 0 0 0 30 29 0 0 0 0 0 0 0 0 0 47 41 0 0 46 42 0 0 63 0 0 58 64 0 0 36 0 34 0 39 33 40 0 
0 0 28 0 31 27 25 0 0 0 35 0 0 33 37 0 3 0 1 0 7 0 0 4 47 44 0 48 0 43 0 45 20 24 0 21 19 22 23 0 0 63 57 0 60 0 0 0 13 15 11 0 0 16 9 0 0 51 0 0 0 0 56 0 
53 50 0 56 55 0 49 0 62 63 59 0 58 0 0 0 0 26 25 0 31 0 30 0 7 0 2 0 1 3 6 0 0 48 0 45 0 0 47 0 0 23 0 0 0 0 0 24 37 39 35 36 0 0 33 0 0 11 0 13 15 0 16 14 
61 58 60 64 0 59 0 62 6 7 0 8 2 0 5 0 0 0 33 0 39 0 38 36 0 0 10 0 0 0 14 0 0 56 0 53 51 54 55 0 27 0 0 0 28 0 26 0 0 47 43 44 42 48 41 0 20 0 18 21 23 0 0 22 
7 0 0 0 9 0 3 0 0 17 13 0 0 11 0 0 45 44 0 47 0 50 48 46 25 0 0 0 0 21 24 23 0 0 0 63 0 64 1 0 37 41 35 39 38 0 36 0 55 57 0 54 52 0 0 0 30 0 0 0 33 27 34 32 
23 0 22 0 25 21 19 0 0 33 0 34 0 0 0 30 61 60 0 0 1 2 0 62 41 0 36 42 35 37 0 0 0 0 0 0 0 16 0 0 53 0 51 0 54 0 52 0 7 9 5 6 0 10 0 8 46 0 44 0 0 43 50 48 
0 60 62 0 0 61 59 0 0 9 0 10 0 3 0 0 37 0 0 0 41 42 40 0 0 14 0 18 11 0 0 15 54 0 51 0 53 56 57 0 0 33 0 31 0 0 0 0 0 49 0 0 44 50 43 48 0 21 20 0 0 19 0 24 
0 28 0 0 33 0 0 32 0 41 0 42 36 0 0 38 0 4 0 0 0 0 0 0 49 46 44 0 43 45 48 47 22 26 19 0 21 0 25 0 0 0 0 0 62 0 60 2 0 0 0 0 0 0 11 0 54 53 52 0 57 0 58 0 
55 52 0 0 0 0 51 56 0 1 61 2 60 59 0 62 29 0 27 0 33 0 32 30 9 0 4 10 0 0 0 7 46 0 0 47 0 48 0 0 21 25 19 23 0 24 20 26 0 0 37 38 36 42 0 0 14 0 12 0 0 11 18 0 
39 0 38 0 0 37 0 40 48 0 45 50 44 43 0 46 13 12 0 0 0 0 0 0 0 54 52 0 0 53 56 55 30 34 27 0 29 0 0 28 5 9 0 0 6 0 0 0 23 25 0 0 0 0 19 0 62 61 0 63 0 0 2 64 
0 0 0 50 49 45 0 48 56 57 0 0 0 51 0 54 0 20 0 23 25 26 0 0 0 62 0 0 0 0 0 0 0 0 0 39 0 40 41 0 0 17 0 15 0 16 12 18 0 0 0 30 28 0 27 32 0 0 4 7 0 3 10 0 
15 12 14 0 0 0 11 0 0 25 0 26 0 0 23 0 53 0 0 55 0 58 0 54 33 30 0 0 0 29 0 0 0 0 0 7 0 0 0 0 0 0 43 0 46 48 0 50 0 0 0 0 0 2 59 64 0 0 0 39 41 35 0 40 
