8
0 0 0 0 0 55 0 0 0 0 35 37 0 39 38 0 0 1 2 3 6 4 0 5 41 0 47 48 0 45 0 42 20 0 18 23 0 24 17 21 9 0 15 0 0 0 0 0 0 63 58 0 62 0 0 0 0 0 0 26 27 31 30 28 
0 0 1 2 0 0 0 3 49 0 0 53 50 0 54 0 23 0 0 19 0 20 0 0 57 0 63 64 62 0 0 58 0 35 0 0 38 0 0 37 0 26 31 0 30 32 0 28 9 0 0 16 14 11 12 13 45 41 48 42 0 47 0 0 
36 37 0 0 0 39 0 0 0 0 0 21 0 0 0 0 55 49 0 0 54 0 56 53 0 0 31 0 0 0 0 0 4 3 0 0 6 8 0 5 0 0 63 0 62 0 59 0 0 47 0 0 46 43 44 0 0 9 16 10 11 0 0 0 
12 0 0 0 0 0 0 11 0 64 59 0 58 0 0 0 31 25 0 27 30 0 32 29 0 4 7 0 0 0 0 0 0 43 0 0 0 48 41 0 0 34 0 0 0 40 35 36 0 0 0 24 0 19 0 21 53 0 56 50 51 0 54 52 
0 0 17 0 24 0 0 19 0 8 3 5 0 0 6 4 0 0 0 35 38 0 40 37 9 12 15 0 14 0 11 10 52 0 50 0 54 0 0 0 41 42 47 45 46 0 43 44 0 0 26 0 0 27 28 29 0 0 64 0 0 0 62 0 
60 61 0 0 64 63 0 0 0 0 0 45 0 47 46 44 0 9 10 11 0 0 0 0 49 0 0 56 0 0 51 0 0 27 0 31 30 32 0 0 0 18 23 0 0 24 0 20 0 7 2 0 6 3 0 0 37 33 0 0 35 0 38 36 
44 0 41 0 0 47 0 43 0 32 27 0 0 31 0 0 0 57 58 59 0 60 64 0 0 0 0 0 38 37 0 34 0 0 0 0 0 16 9 0 0 0 7 0 0 0 3 0 49 55 0 56 54 0 52 0 21 17 0 18 0 0 22 20 
28 29 25 0 32 0 30 27 9 0 0 0 0 15 0 0 47 0 0 0 0 44 0 0 0 0 0 24 22 0 0 0 0 0 0 63 0 64 57 0 0 50 55 53 0 0 0 52 0 0 0 40 0 0 0 37 5 1 8 0 3 0 0 0 
13 0 0 0 17 16 15 12 58 0 60 62 59 0 63 0 0 26 0 0 31 29 33 0 0 0 8 9 0 6 0 3 45 0 0 0 47 49 0 46 34 0 40 0 39 0 36 37 18 24 0 25 23 20 21 0 54 0 57 51 0 0 55 0 
5 0 0 3 9 8 7 0 50 57 0 0 51 56 55 53 0 0 19 20 23 21 0 0 58 0 0 0 0 62 0 59 37 0 35 0 0 0 0 0 26 0 32 30 0 33 28 29 0 0 11 17 0 0 0 14 46 0 0 0 0 0 0 0 
0 22 0 19 25 24 23 20 0 9 4 6 3 0 0 5 0 34 35 36 0 37 41 38 10 13 16 17 0 14 0 0 53 0 0 0 0 57 50 0 0 0 0 0 0 0 44 45 0 0 27 0 31 0 29 0 62 0 1 0 60 64 0 0 
45 46 42 43 49 0 47 0 26 33 28 30 27 32 31 0 0 58 59 0 63 61 0 0 0 37 0 0 0 0 0 35 0 0 11 16 0 0 10 14 2 0 8 6 0 0 4 5 50 0 51 0 55 0 53 0 0 0 0 0 20 0 0 21 
0 0 0 27 33 0 31 28 10 0 12 0 11 16 15 13 0 42 43 0 0 45 0 46 18 0 24 0 23 22 0 19 61 0 59 64 0 0 0 62 50 51 56 0 55 57 0 0 0 0 0 41 0 36 37 0 6 0 0 0 0 0 0 5 
37 38 0 35 0 40 0 36 0 0 20 0 0 0 23 0 0 0 0 52 0 53 0 54 26 29 32 33 31 0 28 0 5 0 0 0 7 0 2 6 0 59 0 0 0 1 60 61 0 48 0 0 0 0 45 0 0 10 0 11 12 0 0 0 
0 62 58 59 0 0 63 0 0 49 44 0 0 0 0 45 0 10 11 0 0 13 0 0 0 53 56 0 0 0 52 51 0 28 27 0 0 33 26 0 0 19 24 0 0 0 20 21 2 0 3 9 0 0 0 6 0 34 0 0 36 0 39 0 
53 54 0 0 0 0 0 0 34 0 36 38 0 40 39 0 0 0 0 4 7 0 0 0 42 0 0 0 47 46 44 43 0 0 0 24 23 25 0 0 0 11 16 14 0 0 0 13 58 0 59 1 0 60 0 62 30 26 33 27 28 32 0 0 
0 23 19 20 0 0 24 0 3 10 0 7 4 0 0 0 41 35 0 0 0 38 0 0 0 14 0 0 16 15 13 0 0 0 52 0 56 0 0 55 0 44 0 0 0 50 45 46 0 33 28 34 32 29 0 31 63 0 2 0 0 1 0 0 
0 47 43 0 50 49 0 0 27 34 29 31 28 0 32 0 1 59 60 0 0 62 0 0 35 0 41 42 40 39 0 0 14 13 12 0 0 18 0 0 3 0 0 7 8 10 5 0 0 0 0 0 56 53 54 0 0 0 26 0 0 25 0 0 
62 0 59 60 0 1 0 0 0 50 0 0 0 49 0 0 0 0 0 13 0 14 0 0 51 54 0 58 56 0 53 52 30 29 0 0 32 34 0 31 19 20 0 23 24 26 21 22 0 0 4 0 0 0 0 0 39 35 0 0 0 41 40 0 
14 15 11 0 0 17 16 0 0 2 0 0 0 0 0 0 33 27 0 0 0 0 34 0 0 6 9 0 8 7 5 4 46 45 44 49 0 0 0 0 0 36 41 0 40 42 0 38 0 0 0 26 24 21 0 0 55 51 0 0 0 57 56 0 
0 0 0 0 34 33 32 29 11 18 0 15 0 0 0 0 49 43 0 0 48 0 50 47 0 22 0 26 0 0 0 20 0 61 60 1 0 2 59 63 51 52 57 0 0 58 53 0 0 0 36 42 40 37 0 39 7 3 10 4 0 0 8 0 
6 0 0 4 0 0 8 5 51 58 0 55 52 57 0 54 0 19 0 0 24 0 0 0 0 0 1 2 64 0 0 60 0 37 0 0 0 42 35 39 0 0 33 0 32 34 0 0 11 0 12 0 16 13 14 15 0 43 50 44 0 0 0 46 
0 55 0 52 0 0 0 0 35 42 0 0 0 0 0 0 9 0 4 0 0 6 10 0 43 46 0 50 0 0 45 44 22 21 20 0 24 0 0 23 11 12 17 15 16 0 13 14 0 0 0 2 64 0 62 63 31 0 34 0 0 0 32 0 
0 39 35 0 42 41 40 37 0 0 21 0 0 0 24 22 0 51 0 53 0 54 58 0 27 0 0 34 32 31 0 28 0 0 0 0 0 0 0 7 0 0 0 63 0 2 0 62 43 49 44 0 48 45 46 0 15 11 0 12 13 0 16 14 
0 20 0 0 23 0 21 18 0 0 2 4 0 6 5 0 38 0 0 0 37 0 39 36 0 11 0 15 0 12 10 9 0 50 49 0 53 0 0 52 0 0 0 44 0 0 0 0 24 0 25 0 29 26 0 28 0 56 63 0 58 62 61 59 
43 44 0 41 47 46 45 42 24 31 0 0 0 0 29 0 62 56 57 0 0 0 0 0 32 0 0 0 0 0 0 0 11 10 0 14 0 15 0 12 64 0 6 4 0 7 0 3 0 0 49 0 53 50 0 0 20 16 23 0 0 0 21 19 
0 0 0 0 39 38 0 0 16 0 0 0 0 22 21 0 0 0 0 50 53 0 55 0 0 0 30 0 0 0 26 0 0 2 1 0 0 0 64 4 56 57 0 0 0 0 0 59 40 46 0 0 0 42 0 0 0 0 15 9 10 14 0 0 
0 0 64 0 7 6 5 0 48 0 50 0 0 54 0 0 0 16 17 0 21 0 0 0 56 59 0 63 0 60 58 0 35 0 33 38 0 39 0 36 0 25 0 28 0 0 26 27 8 0 9 0 13 10 0 12 0 40 0 0 0 46 45 0 
0 52 48 0 0 54 53 0 32 39 0 0 33 38 0 0 0 0 0 2 5 3 0 0 0 0 0 47 45 44 42 0 19 18 17 0 0 23 0 20 8 0 14 12 13 0 0 11 0 0 57 63 0 58 59 0 28 24 31 25 0 0 29 0 
0 28 0 0 31 30 29 26 8 15 0 12 0 14 0 11 46 0 0 42 45 43 0 44 16 0 22 23 0 0 18 17 59 0 0 62 61 0 56 0 48 0 54 52 0 55 50 0 32 0 33 39 0 0 0 36 0 0 0 1 0 6 5 0 
0 12 0 0 15 14 13 0 56 0 0 60 0 62 0 0 0 0 25 0 29 27 31 28 64 3 0 7 5 4 2 0 43 42 41 0 0 47 40 44 32 0 38 36 0 0 0 35 0 0 0 23 0 18 19 0 52 48 0 49 50 54 53 0 
59 60 0 57 0 0 0 0 0 0 42 0 0 0 45 0 0 8 9 0 0 0 0 0 48 51 54 0 0 0 50 0 27 26 25 0 29 31 24 28 16 0 0 20 0 23 0 0 0 0 1 0 0 0 3 0 36 0 39 0 34 38 0 0 
58 59 55 56 62 61 60 0 39 0 41 0 40 45 44 0 0 0 8 0 0 0 14 11 47 50 0 0 52 0 0 48 0 25 24 0 28 0 0 27 0 0 21 0 0 0 0 0 63 5 64 0 4 1 0 0 0 31 38 32 33 37 36 34 
34 0 0 32 38 0 0 33 0 0 0 19 0 0 0 0 0 47 48 0 52 0 0 51 0 26 0 0 0 27 0 24 0 0 64 5 0 0 63 0 55 0 0 59 60 0 57 0 0 0 40 46 0 0 42 43 11 7 0 8 0 13 12 0 
0 3 0 0 0 5 4 1 47 54 49 51 48 53 52 50 0 15 0 17 20 0 22 0 55 0 0 62 60 0 57 0 0 0 0 37 0 38 31 0 0 0 29 0 0 0 0 26 0 0 8 14 12 9 10 11 43 0 0 0 0 0 0 0 
0 11 0 0 0 0 0 9 0 0 57 59 56 0 0 0 29 0 24 0 0 0 0 0 0 2 5 6 4 0 1 0 42 0 40 0 0 0 0 0 31 32 37 0 0 38 0 0 0 21 16 22 0 17 0 0 51 0 54 0 49 0 0 0 
18 0 15 16 0 0 20 0 63 0 1 0 64 5 4 0 0 0 32 0 0 0 0 35 0 0 13 0 12 0 9 0 50 49 48 53 0 0 0 51 0 0 0 0 0 46 0 0 23 0 0 30 28 0 26 0 0 55 0 0 57 0 0 58 
0 0 0 24 0 0 28 0 7 0 0 0 8 13 0 0 45 39 0 0 44 0 0 0 0 0 0 22 0 19 17 0 58 57 0 61 0 0 0 0 0 48 53 51 52 54 49 50 31 37 0 38 36 33 0 35 0 63 0 64 0 0 4 2 
0 51 47 48 54 0 52 49 31 0 0 35 0 37 36 0 0 63 64 0 0 2 0 3 0 42 45 46 44 0 0 40 0 17 0 21 20 22 0 0 0 0 0 11 0 14 9 10 0 61 0 62 60 0 58 59 0 23 0 0 0 0 28 0 
0 43 39 40 46 45 44 41 0 0 0 27 0 0 28 26 0 0 56 57 60 0 62 0 31 0 37 0 36 0 33 32 10 0 8 13 12 14 7 11 63 64 5 0 4 6 0 2 0 0 0 54 0 0 0 51 0 15 0 16 17 0 20 0 
48 49 45 46 52 51 50 0 29 0 0 33 30 35 34 0 0 0 62 0 0 64 0 1 37 40 0 0 0 0 39 0 16 0 14 0 18 0 0 0 0 0 11 0 0 0 7 8 0 59 0 0 58 0 56 0 0 21 0 0 23 27 26 0 
0 0 61 62 0 3 2 0 45 52 47 0 46 51 50 0 0 13 14 15 18 16 20 17 0 56 0 0 0 57 0 0 0 0 0 0 0 36 29 33 0 0 27 25 26 0 0 24 5 0 0 12 0 0 0 9 0 0 44 0 0 43 0 40 
40 41 37 0 0 43 42 39 21 28 0 25 0 0 0 0 59 0 54 0 58 56 60 0 0 0 0 36 34 33 0 30 0 7 0 11 0 0 0 9 61 0 0 1 2 4 63 0 45 0 46 52 0 47 48 49 17 0 20 14 15 19 0 16 
0 57 0 54 60 59 58 0 37 0 39 0 38 43 42 0 11 5 0 0 10 8 12 0 0 0 51 0 0 0 0 0 24 23 0 27 0 28 0 25 13 0 0 17 18 0 15 16 61 3 0 0 2 0 64 0 0 29 0 30 0 0 0 32 
0 0 0 0 12 11 10 0 0 0 0 0 54 0 58 0 0 21 22 0 0 0 28 0 61 0 0 0 2 1 0 62 0 0 0 43 42 44 0 0 29 30 0 33 34 36 31 0 13 19 0 20 18 0 16 17 0 45 0 46 47 0 50 48 
32 0 29 30 36 35 34 0 0 0 15 17 0 19 0 16 0 45 0 47 0 0 52 49 21 24 27 0 26 0 0 22 0 0 0 3 0 4 61 1 53 0 0 57 58 0 55 56 0 0 38 44 0 0 40 41 0 5 12 6 0 0 10 0 
0 17 13 14 20 19 0 0 61 0 63 1 62 0 2 64 35 0 30 0 0 0 36 0 0 8 11 0 0 9 7 0 0 0 46 51 0 0 45 0 0 0 0 41 42 0 39 40 21 0 0 28 0 23 0 25 57 0 60 0 55 59 58 0 
0 25 21 0 28 0 0 0 0 0 0 0 6 0 0 8 0 0 38 39 0 0 0 41 0 0 19 0 18 17 15 0 56 0 0 0 58 0 53 57 0 0 51 49 0 0 0 0 0 35 0 0 0 0 32 33 0 61 4 62 63 0 2 64 
31 32 28 0 0 34 0 30 0 19 14 16 13 18 17 15 50 0 0 0 0 47 0 0 0 23 0 27 25 24 0 21 0 0 0 0 1 3 0 0 0 0 0 0 57 0 0 0 0 0 37 43 0 0 0 40 0 0 0 0 6 0 9 0 
0 40 36 0 0 42 0 0 0 0 22 24 0 26 0 0 58 0 53 0 57 55 59 0 0 0 0 35 33 0 0 29 0 6 0 0 9 0 0 0 60 0 2 0 1 3 62 63 0 50 45 0 49 46 0 48 0 0 0 0 0 0 17 0 
47 0 44 45 51 50 0 0 0 0 30 32 0 34 0 0 2 60 0 0 0 0 3 64 0 0 42 43 41 40 38 37 15 0 0 18 0 19 0 0 0 5 10 8 9 11 6 0 52 0 53 0 57 0 0 56 24 20 27 0 22 26 0 23 
0 0 12 13 19 18 17 14 60 3 0 64 0 2 1 63 0 0 29 30 0 31 0 0 0 0 0 0 0 0 0 5 0 46 0 50 49 51 44 48 36 0 42 40 0 43 0 0 0 26 21 0 25 22 0 24 56 52 0 0 0 58 0 0 
55 0 52 53 0 58 0 0 36 43 38 0 0 0 0 0 0 0 0 6 0 7 0 8 44 47 50 0 0 0 46 45 23 0 21 0 25 0 20 0 0 13 0 16 0 0 0 15 0 2 61 3 1 62 0 64 0 0 0 0 0 34 0 31 
63 64 60 0 3 0 0 62 44 0 0 0 0 0 0 0 0 12 0 0 0 15 0 0 52 55 58 0 57 0 54 0 31 30 29 0 0 0 0 32 0 21 26 0 25 27 0 0 0 10 5 0 9 6 0 0 0 36 43 0 0 42 41 39 
0 0 0 21 27 0 25 0 4 11 6 8 5 10 9 0 0 36 0 0 0 0 43 40 12 0 18 0 0 16 0 13 0 54 53 0 57 0 52 56 44 45 0 0 49 51 46 0 0 0 0 0 0 0 0 0 64 0 3 0 62 2 1 0 
0 0 4 0 11 10 9 0 0 59 54 0 53 0 57 0 0 0 0 0 0 0 27 0 0 0 2 0 0 64 62 0 39 0 37 0 41 0 0 0 0 0 34 0 0 35 30 31 0 18 13 0 17 14 0 0 0 0 0 45 0 50 0 47 
9 0 0 7 0 12 11 8 0 0 0 0 0 0 59 0 0 22 23 24 27 0 29 0 62 1 4 0 3 2 0 63 41 40 0 44 43 0 0 0 0 0 36 34 0 37 0 33 0 0 15 0 0 0 0 18 50 0 0 0 48 0 51 49 
1 0 62 63 5 4 3 0 46 0 0 50 0 0 0 49 20 0 15 16 19 17 0 0 0 57 0 0 59 58 0 0 0 0 0 0 0 37 30 34 0 0 0 0 27 0 24 0 6 12 0 0 11 8 9 10 0 38 0 39 40 44 43 41 
33 34 0 31 0 36 0 0 14 21 0 18 15 20 19 0 52 46 0 0 0 49 0 0 22 25 28 29 0 26 24 0 1 0 63 0 3 0 62 0 0 0 0 58 59 61 56 0 38 44 0 0 0 0 41 0 0 6 13 7 8 0 0 9 
41 0 0 0 45 0 0 0 22 0 24 0 23 28 27 0 0 0 0 0 59 0 0 0 30 33 0 37 35 0 32 31 0 0 0 0 11 13 0 10 62 63 0 0 3 0 0 1 0 52 0 0 51 0 49 0 18 0 21 0 16 20 19 17 
0 26 22 23 29 0 27 0 6 13 8 10 7 12 11 9 0 38 0 0 0 41 45 0 14 17 20 0 0 18 0 0 0 56 0 0 0 0 0 0 46 0 52 0 0 53 0 0 0 36 0 0 35 0 33 34 0 0 5 0 0 0 0 0 
57 0 54 55 61 60 0 56 0 0 0 42 0 44 0 41 12 6 0 8 0 9 0 10 0 0 52 0 0 0 0 47 25 24 23 0 27 29 0 26 0 0 20 18 19 21 16 0 62 4 0 0 0 0 0 2 34 30 37 0 0 36 35 0 
0 50 0 47 53 52 51 48 30 37 0 0 0 0 0 33 4 0 63 0 0 0 5 2 38 41 44 0 43 0 40 39 17 0 0 0 19 0 0 18 0 0 0 10 0 13 8 0 0 0 0 0 59 0 0 58 0 22 0 0 24 0 0 0 
0 18 14 15 21 0 19 0 0 0 0 0 0 4 0 0 36 30 31 32 35 0 0 34 0 9 0 13 11 10 0 7 49 48 0 0 0 0 46 50 38 39 44 42 43 0 40 0 0 0 0 0 27 0 0 0 0 0 0 55 56 60 59 0 
