8
0 0 48 41 44 43 0 0 0 30 25 26 0 0 32 0 20 0 19 21 0 17 23 0 50 0 0 0 0 52 0 0 0 36 0 0 0 0 38 0 57 63 0 58 59 62 64 0 0 0 0 6 0 1 0 5 16 9 12 0 14 0 0 0 
38 34 40 0 36 0 39 0 19 0 0 18 21 20 24 0 0 0 0 0 0 9 0 14 0 46 0 0 41 0 0 48 29 28 0 26 32 25 30 0 49 55 0 0 51 54 0 0 59 58 64 0 63 57 60 0 8 1 0 0 0 0 7 2 
30 0 0 25 28 27 0 0 0 14 9 0 13 0 0 15 4 2 3 0 8 0 7 6 0 0 0 39 0 0 37 0 21 0 23 18 24 17 0 0 0 47 0 0 43 0 48 0 51 0 56 0 0 49 52 0 0 0 0 61 62 59 63 0 
54 0 0 49 0 51 0 53 0 0 33 34 0 36 40 39 0 26 0 0 0 0 0 0 58 62 0 0 0 60 61 0 0 44 47 0 48 41 46 0 0 7 4 0 3 0 8 5 0 10 0 14 15 9 12 13 0 17 0 0 0 0 23 18 
14 0 16 0 12 0 15 0 0 0 57 0 0 60 0 63 0 50 51 53 56 0 0 54 18 0 19 0 17 20 21 0 0 4 0 0 8 0 6 3 25 0 0 0 27 0 32 29 0 0 0 38 0 33 0 0 48 0 0 45 0 43 0 0 
22 18 24 17 20 0 0 0 0 6 0 2 5 0 0 0 60 0 59 61 0 57 63 62 26 30 0 0 0 28 0 32 0 0 15 0 0 9 0 0 0 0 36 0 35 0 40 37 43 42 0 46 0 0 0 0 56 49 52 53 0 0 55 0 
62 0 0 57 60 0 0 0 0 0 0 0 45 0 0 0 0 34 0 0 0 33 39 0 2 0 3 7 1 4 5 8 53 0 0 50 0 49 0 51 0 0 12 0 0 14 0 0 19 18 24 22 0 0 0 0 32 25 28 29 30 0 31 0 
0 0 8 1 0 3 0 5 51 0 49 0 53 52 0 0 0 42 0 45 0 41 47 46 0 14 11 15 0 12 0 16 61 60 63 58 64 0 62 59 0 0 0 0 19 0 24 21 27 0 0 30 31 0 0 0 40 33 36 37 38 0 0 0 
48 0 50 0 46 45 49 47 0 32 27 0 0 30 34 0 0 0 0 23 26 19 0 0 52 0 53 57 0 54 0 58 0 38 41 0 42 35 40 37 0 0 0 0 0 64 2 0 5 0 10 0 0 3 0 0 0 0 0 15 16 13 0 12 
0 0 0 51 0 0 0 55 0 0 35 0 0 0 42 41 30 0 29 31 34 27 33 32 0 0 61 1 59 62 63 2 47 46 0 0 0 0 48 45 0 0 6 4 0 8 0 0 0 12 18 0 17 0 0 15 0 0 22 23 0 0 0 0 
0 20 26 19 0 0 0 23 0 0 3 4 0 6 10 0 0 60 61 0 0 0 1 64 28 0 29 0 0 0 31 0 0 14 17 12 0 0 16 0 0 41 38 0 0 40 0 39 0 44 50 0 49 43 46 47 0 0 0 55 0 53 0 52 
0 0 34 27 0 29 33 31 13 0 11 12 0 0 18 0 0 0 0 0 0 0 0 0 0 0 0 0 0 38 0 42 23 0 25 0 26 19 0 21 43 49 46 44 0 48 50 47 0 0 58 0 0 51 54 0 2 0 0 63 0 0 1 0 
64 60 2 59 62 0 1 0 45 48 0 0 0 0 0 0 0 36 0 0 0 35 0 0 4 8 5 9 3 6 0 10 0 54 0 52 58 0 56 53 0 17 14 0 13 0 0 0 21 0 0 0 25 0 0 23 34 0 0 31 32 0 33 28 
0 0 10 0 0 0 9 0 53 56 0 52 0 54 0 57 46 44 0 0 50 43 49 0 0 16 0 17 11 0 15 0 63 62 1 0 2 0 64 0 19 25 22 0 0 24 0 23 0 28 0 0 0 0 30 0 0 0 0 0 0 37 0 0 
16 0 18 0 14 13 0 0 0 0 59 0 0 0 0 0 0 0 0 0 58 51 57 0 20 24 21 25 0 22 23 0 7 0 9 0 10 0 0 5 27 0 0 28 29 32 34 31 0 36 0 40 41 35 0 39 0 43 46 0 48 0 0 0 
40 0 0 35 38 37 0 39 0 24 0 0 0 22 26 0 14 0 13 15 0 11 0 16 0 0 0 49 43 0 47 50 0 0 33 0 34 27 0 29 0 57 0 52 0 0 58 55 61 0 0 64 1 0 62 63 10 0 0 7 0 0 9 0 
0 0 33 26 0 0 0 30 12 15 0 11 14 13 0 0 5 3 4 0 9 0 8 7 35 39 0 0 34 37 0 0 22 0 24 0 25 0 0 20 42 0 45 43 0 47 49 46 0 51 57 55 0 50 0 0 0 58 0 62 63 60 64 59 
15 0 0 0 13 0 0 14 0 0 0 59 62 61 1 0 53 51 0 0 0 0 0 0 19 0 0 24 18 0 0 0 0 0 0 0 9 0 7 4 26 32 29 0 0 0 33 30 0 35 41 39 0 0 37 0 49 0 0 46 0 44 0 43 
0 59 1 58 0 60 64 0 44 47 0 0 46 0 49 48 37 35 36 0 41 34 0 0 3 7 4 0 0 0 0 9 54 53 0 0 57 0 0 0 0 16 0 11 12 15 0 14 0 0 25 23 24 0 0 22 0 0 29 30 0 0 0 0 
0 0 57 50 0 0 0 0 0 0 34 0 38 0 41 40 0 27 28 0 33 0 0 31 0 0 0 64 58 61 0 0 46 0 0 0 49 42 47 44 0 0 0 0 4 7 0 0 0 11 0 0 0 0 0 14 25 0 21 22 23 20 0 0 
47 0 0 0 45 0 0 0 0 0 0 27 30 29 0 0 21 0 0 0 0 0 0 0 0 0 0 56 0 53 54 57 0 0 0 0 41 0 0 0 58 64 0 59 0 0 1 62 0 3 9 0 0 0 0 0 0 0 13 0 0 12 0 0 
23 19 25 0 21 0 24 0 4 0 0 3 6 0 9 0 0 59 0 62 0 0 0 0 27 0 0 0 0 0 30 33 0 13 16 0 17 10 0 0 34 0 0 0 0 0 0 0 44 0 0 0 0 0 0 46 0 50 53 0 0 52 0 0 
7 0 9 0 0 0 0 6 52 55 0 51 54 53 0 56 45 43 0 0 0 42 0 0 11 0 12 0 0 13 0 17 62 61 0 0 0 58 0 0 0 24 0 0 20 0 25 0 28 27 33 31 0 26 0 30 41 0 37 38 0 0 40 0 
39 0 41 0 0 36 0 0 20 0 0 19 22 0 25 0 13 0 0 14 17 10 16 0 0 0 44 48 42 0 46 0 30 0 32 27 0 26 31 28 0 0 0 51 0 0 0 0 60 0 1 63 64 0 61 62 9 0 5 6 0 0 8 0 
50 46 52 45 0 47 51 49 31 34 29 30 0 0 36 35 0 0 0 25 0 21 27 0 54 58 0 59 0 56 0 0 41 40 0 38 0 0 42 0 61 0 64 0 63 0 0 0 0 6 0 10 11 0 8 9 20 0 0 17 0 15 0 14 
34 0 0 0 32 0 0 33 0 0 13 14 0 0 0 0 8 6 0 0 0 0 0 10 38 0 39 43 37 40 0 0 0 24 27 22 28 0 26 0 45 51 0 0 47 50 0 0 55 0 60 58 0 0 0 0 4 0 0 0 2 63 3 0 
58 0 60 53 0 55 0 0 39 0 37 0 41 0 0 43 0 0 31 33 36 0 0 34 62 0 63 3 0 64 1 4 0 48 0 0 0 45 0 0 5 11 0 6 0 10 0 0 15 0 20 0 0 0 0 0 0 21 24 25 26 23 0 22 
26 0 28 0 0 23 27 0 0 10 5 0 9 8 0 11 0 62 0 0 4 0 0 0 30 34 0 0 0 0 33 36 0 16 19 0 0 0 0 15 37 0 0 0 39 0 44 41 0 0 52 50 51 0 48 49 0 0 0 0 58 0 59 0 
2 62 0 0 64 0 3 1 0 0 0 46 0 48 0 51 40 0 39 41 44 0 0 0 6 10 0 0 5 8 0 0 0 56 59 0 60 53 58 55 13 0 0 14 15 0 0 17 0 0 0 0 27 0 0 0 0 29 0 33 34 0 35 0 
0 38 0 0 0 0 43 41 0 26 21 0 0 0 0 0 16 0 0 17 0 13 19 18 46 0 0 51 0 48 0 0 33 0 0 0 0 0 34 31 53 0 56 0 0 58 60 57 0 62 4 2 3 0 0 0 12 0 8 0 0 7 11 0 
0 0 12 5 8 0 11 0 0 58 53 54 0 0 60 59 48 46 47 49 0 0 51 0 0 0 0 19 0 16 17 0 0 0 3 62 0 0 0 0 0 27 24 22 0 0 0 25 31 30 0 0 35 0 0 33 44 0 40 0 42 0 43 0 
0 14 20 0 16 15 0 17 0 0 0 0 0 0 0 3 56 54 0 57 60 53 59 0 0 0 0 0 21 24 25 28 0 8 11 6 0 5 0 7 0 0 32 0 0 34 0 33 39 38 44 0 43 37 40 0 0 45 48 0 0 47 0 46 
0 0 0 0 0 0 0 0 0 0 48 49 52 51 0 54 43 41 42 0 47 0 0 45 0 13 0 0 0 11 0 15 60 59 62 57 63 0 61 58 0 22 19 0 0 21 0 20 26 0 0 0 0 0 27 28 0 32 0 0 0 0 38 0 
61 57 0 56 0 0 0 0 42 45 40 41 44 0 47 46 35 0 34 0 0 0 0 37 1 0 0 6 64 3 4 0 52 51 0 49 0 48 53 50 8 0 11 0 0 0 0 0 0 17 0 0 0 16 0 0 31 24 0 0 29 26 30 0 
45 41 0 0 0 0 46 44 26 0 0 25 28 0 31 30 19 17 0 20 23 16 22 0 0 53 50 54 0 51 52 0 0 35 0 0 39 32 0 34 56 0 0 57 58 61 0 60 0 0 7 0 6 64 3 0 0 0 0 0 0 0 14 9 
21 0 0 0 0 18 22 20 2 0 0 1 0 0 7 6 59 57 58 60 0 56 62 61 25 0 0 0 0 27 0 0 12 11 14 0 15 8 13 10 0 0 0 0 0 37 39 0 42 0 47 0 0 40 0 44 55 0 0 0 0 0 0 0 
0 0 39 32 35 34 38 0 0 21 0 0 20 0 0 22 11 9 0 0 0 0 0 13 0 0 42 46 40 43 0 0 0 0 30 25 0 24 0 0 48 0 51 49 0 53 0 52 58 0 63 0 62 56 0 0 0 64 0 4 0 0 6 1 
0 49 55 0 51 50 54 0 34 37 32 0 36 0 0 38 0 25 0 28 31 24 30 0 0 61 58 62 56 0 0 0 44 0 46 0 47 40 0 0 64 6 3 1 0 0 0 4 0 0 15 13 14 8 0 0 0 0 19 0 21 18 22 0 
0 25 31 0 27 26 30 0 10 0 0 9 0 11 0 0 0 1 0 4 7 64 0 5 33 0 0 38 32 35 36 0 20 0 0 0 23 0 0 0 0 46 0 0 0 0 0 44 0 49 55 0 54 48 0 52 63 0 0 60 0 0 62 0 
13 0 0 8 11 0 14 0 0 61 0 0 0 0 0 0 51 0 50 52 55 0 0 53 0 21 0 0 0 0 20 0 0 3 6 1 7 64 5 0 24 0 0 25 0 0 0 0 0 0 39 37 38 32 0 36 47 40 43 0 45 0 46 41 
0 5 0 0 0 0 0 8 0 57 52 0 0 0 0 0 47 45 46 0 51 0 0 49 13 0 0 0 0 15 16 19 64 63 2 61 0 0 0 62 0 26 23 0 22 0 0 24 30 29 35 33 34 0 31 0 0 0 39 40 41 0 0 37 
25 0 0 20 23 22 26 0 0 9 4 0 8 0 0 0 63 61 62 64 3 60 0 1 29 0 0 34 28 31 0 0 0 15 0 0 19 0 17 14 36 0 39 0 38 0 43 0 0 0 0 0 0 0 47 0 59 52 0 56 57 0 58 0 
0 0 35 0 31 0 0 0 0 17 12 13 0 15 0 0 7 0 6 0 11 0 0 0 37 41 38 0 36 0 40 43 0 0 26 0 0 20 25 0 0 0 0 0 0 0 0 48 0 53 0 0 0 52 55 0 3 60 63 0 0 0 2 61 
0 37 43 36 39 0 42 0 22 25 20 21 0 0 27 0 15 0 0 16 0 0 0 0 45 49 0 50 0 0 48 0 32 31 34 0 35 28 0 30 52 58 0 53 54 57 59 56 62 0 3 0 2 60 0 64 0 4 0 8 0 0 0 0 
49 0 51 0 0 0 50 0 0 33 0 0 0 0 0 34 23 21 0 24 0 0 26 0 53 57 0 58 0 0 0 59 0 0 42 37 0 36 0 38 0 0 63 61 62 0 0 0 0 5 0 9 0 0 7 8 0 0 15 0 17 14 18 13 
0 53 59 52 0 0 58 0 38 41 36 37 0 0 43 42 31 29 30 0 35 0 0 0 0 0 62 0 60 0 64 3 48 47 50 45 51 44 49 0 0 0 7 0 0 0 0 0 0 0 19 0 0 0 0 0 27 20 23 24 25 0 26 0 
1 61 0 0 0 62 0 0 46 49 0 0 48 0 51 0 39 37 0 0 0 0 0 0 5 0 6 10 4 7 8 11 56 55 0 0 59 52 0 0 0 0 0 13 0 17 19 0 22 21 27 0 26 0 0 24 0 28 0 0 33 0 34 29 
17 13 0 0 0 14 0 16 62 1 0 0 64 63 0 2 55 0 0 56 0 52 0 57 0 0 22 0 20 0 0 0 0 7 0 5 11 4 9 6 28 34 31 0 30 33 0 0 38 37 43 0 0 0 39 0 51 0 47 0 0 46 50 45 
0 0 0 54 57 56 0 0 0 43 38 39 42 0 45 44 33 31 32 34 0 30 36 0 0 0 0 0 0 0 0 5 50 49 0 0 0 0 0 0 0 12 9 7 8 0 13 10 16 15 0 0 20 14 17 0 29 22 25 26 0 0 28 23 
0 0 0 0 0 0 52 50 32 35 0 31 0 0 0 36 0 0 24 26 29 22 28 27 0 0 56 60 0 0 58 0 0 0 44 0 0 0 0 0 62 4 0 63 0 3 5 2 8 0 0 0 0 0 9 10 0 0 0 0 19 16 0 0 
27 23 29 0 0 24 28 0 8 0 0 7 10 0 13 12 0 63 64 2 0 62 0 0 0 35 32 0 0 0 0 37 0 17 0 15 0 14 0 0 0 44 41 0 40 0 45 42 0 47 53 0 0 0 0 50 61 0 0 0 59 0 60 55 
0 31 37 0 33 0 0 34 0 0 14 0 0 0 0 20 0 0 8 10 0 0 0 11 39 43 0 0 0 0 0 0 26 25 0 0 29 0 0 24 0 52 49 0 0 0 53 50 56 55 61 0 0 54 57 0 0 0 1 2 3 64 0 0 
0 0 5 0 1 64 4 0 48 0 46 0 50 0 0 52 0 39 0 0 0 38 44 43 7 11 8 0 6 0 0 0 0 57 60 55 61 0 0 0 0 0 0 0 16 0 21 0 24 0 29 27 0 22 0 0 0 0 33 34 35 32 0 31 
19 0 0 0 0 16 20 0 0 0 0 63 2 1 0 0 0 55 56 0 61 54 60 0 23 27 24 28 22 25 26 0 0 0 12 0 0 6 0 8 0 0 0 0 0 0 37 0 0 0 0 0 44 38 41 0 53 0 0 50 0 0 0 0 
43 0 0 38 0 0 0 42 24 27 0 23 26 0 29 28 17 0 0 0 21 14 0 19 0 0 0 0 46 49 50 0 0 0 0 0 0 0 0 32 0 0 57 55 0 59 61 58 64 63 5 3 4 0 0 2 13 6 9 0 11 0 0 0 
0 0 0 0 9 0 12 0 0 0 54 55 58 0 61 60 49 0 48 0 53 46 0 0 0 19 0 20 0 0 18 21 2 0 4 0 5 62 3 64 0 0 0 0 24 0 29 26 0 31 37 0 36 30 33 0 45 0 41 0 43 0 44 0 
0 64 0 0 0 0 5 3 0 52 0 0 0 50 54 53 42 0 41 43 0 0 0 0 0 0 0 0 7 10 0 14 59 0 0 0 62 55 60 0 15 0 0 16 0 0 0 19 0 0 0 0 29 23 0 27 0 31 0 35 0 0 0 32 
12 8 14 7 10 9 13 11 0 60 0 56 59 0 0 61 0 48 49 0 54 0 0 52 0 20 17 0 0 0 0 22 0 2 5 0 6 63 0 1 23 0 0 0 25 28 30 0 0 0 0 36 0 31 34 35 46 0 0 43 44 41 0 40 
28 24 30 0 0 25 29 27 9 12 0 0 11 10 14 0 0 64 1 3 6 0 0 4 0 36 33 0 0 0 0 0 19 0 0 16 22 15 0 17 0 45 42 40 0 0 0 0 49 48 54 52 53 0 50 0 0 55 58 0 60 57 61 56 
44 40 46 39 0 0 45 0 0 0 0 24 0 26 30 0 18 0 17 19 22 15 0 0 48 0 49 53 0 50 0 54 35 0 37 32 38 31 0 0 0 0 58 56 57 0 62 59 0 64 0 0 5 0 0 0 0 0 10 11 0 9 0 0 
60 56 62 55 0 57 0 59 0 44 39 0 0 0 46 0 0 0 0 0 0 0 37 36 0 0 0 0 63 2 0 0 0 0 53 48 0 47 52 49 7 13 0 8 0 0 14 0 0 0 22 20 0 15 0 19 0 0 0 27 28 25 29 0 
0 32 0 31 34 33 37 35 17 0 15 16 0 0 22 0 10 8 9 11 14 0 0 12 40 44 41 45 0 0 43 0 0 26 0 24 30 0 28 25 47 0 50 48 49 52 0 0 57 56 62 60 61 0 0 59 6 0 2 0 0 0 5 64 
0 16 22 0 0 0 0 0 1 4 0 64 0 2 0 5 0 0 0 0 0 55 0 0 0 28 25 29 23 26 27 0 11 10 0 8 14 7 0 9 0 0 0 32 0 36 38 0 41 0 0 0 0 39 0 0 54 0 50 51 0 0 53 0 
0 0 0 0 0 0 0 51 0 0 31 32 35 34 0 0 0 0 25 0 30 0 29 28 56 60 57 0 55 58 59 0 43 42 45 0 0 39 0 0 63 5 2 64 0 0 0 3 9 0 0 0 13 0 0 11 22 0 0 19 0 17 21 16 
