8
33 0 31 29 0 0 0 32 5 0 12 0 0 9 0 10 49 0 0 52 50 0 0 47 26 0 0 25 0 0 0 21 0 4 0 0 61 63 62 2 0 20 14 17 15 19 16 13 0 54 0 55 60 58 0 0 39 0 40 38 42 0 44 41 
1 0 0 61 4 0 62 0 0 38 0 40 0 41 43 0 17 0 0 0 18 0 19 0 58 60 55 0 0 0 59 0 32 0 33 0 0 31 0 34 50 52 0 49 47 51 48 0 0 0 24 23 0 0 0 0 7 0 8 6 10 5 12 0 
17 18 0 13 0 0 14 16 0 0 0 56 55 57 0 58 0 0 32 0 34 0 35 31 10 0 0 9 8 0 11 5 0 0 49 51 45 47 46 50 0 0 0 0 63 0 0 61 43 38 40 0 44 0 0 0 23 0 24 0 0 0 0 25 
25 0 23 0 0 0 22 24 0 62 0 64 0 1 0 0 41 0 0 0 42 0 0 39 18 0 0 17 0 0 19 0 56 60 0 59 53 55 54 58 0 12 6 0 0 0 0 0 51 46 0 0 0 0 49 0 31 0 32 30 0 0 36 0 
57 58 0 0 60 59 0 56 29 0 0 32 0 0 35 0 9 6 0 0 0 0 11 7 50 52 0 0 0 0 51 45 0 0 0 27 0 23 22 0 0 44 0 0 39 0 40 37 0 14 0 15 0 18 0 0 0 3 0 0 0 0 4 1 
0 0 0 5 12 11 0 0 45 46 52 48 47 49 0 0 0 22 0 28 26 21 0 23 2 4 0 0 0 0 0 0 0 0 0 43 37 39 38 0 58 0 0 0 0 59 56 0 0 30 32 31 0 0 0 0 15 19 0 14 0 0 20 0 
41 0 39 37 44 43 38 0 13 14 0 16 0 17 19 0 57 54 56 0 58 0 0 55 0 36 0 33 32 30 0 0 8 0 0 11 5 7 6 10 0 28 22 25 23 0 0 21 0 0 64 0 4 2 1 0 47 51 48 46 50 45 0 0 
0 0 47 0 52 51 0 48 0 0 0 0 0 25 27 0 0 0 64 0 2 0 0 0 42 0 39 41 40 38 0 37 16 20 17 0 0 0 14 18 0 36 30 0 0 0 32 29 11 0 0 0 12 0 0 5 55 59 0 54 0 0 60 0 
0 55 52 50 57 56 51 0 0 0 0 29 28 0 0 0 0 3 5 0 0 0 8 4 47 49 0 0 0 0 48 42 0 0 0 24 0 0 0 0 39 41 35 0 0 0 37 34 0 11 0 0 0 15 14 0 0 64 61 0 0 0 0 62 
6 0 0 2 0 0 0 0 42 43 0 0 0 46 0 47 22 19 0 0 0 18 0 0 0 0 0 0 0 0 0 0 0 41 0 0 34 36 35 0 0 0 51 0 0 0 0 0 32 0 29 28 0 31 30 26 12 0 13 11 15 0 0 14 
30 31 28 26 33 0 27 29 2 3 9 5 4 0 8 0 46 43 45 0 47 0 0 44 23 25 0 22 0 19 0 0 0 0 62 0 0 60 59 0 15 17 0 14 12 0 13 10 56 0 0 52 57 55 54 0 0 0 0 0 39 0 41 0 
0 0 0 0 25 24 19 21 58 0 0 61 60 0 64 0 0 35 0 0 0 0 40 0 15 0 12 14 0 11 0 0 53 57 0 56 0 52 0 55 7 0 3 0 0 0 5 2 0 0 0 44 0 0 0 42 0 32 0 0 31 0 33 0 
0 0 44 42 49 0 43 45 18 0 25 21 0 0 0 23 62 59 61 0 63 58 0 60 0 41 36 0 0 35 0 34 13 17 0 0 0 12 11 15 0 33 0 0 28 0 0 26 8 0 5 4 9 7 6 0 52 0 0 0 0 0 57 54 
0 39 36 0 0 40 35 0 0 11 0 13 0 0 16 15 54 0 53 57 55 0 56 0 0 33 28 0 29 27 0 0 0 0 0 8 2 0 3 7 23 25 0 22 0 0 0 0 64 0 61 60 0 63 62 0 0 0 0 0 47 0 0 46 
0 15 0 10 0 16 11 0 0 51 57 53 0 54 0 55 0 27 0 0 0 0 32 0 0 0 0 6 5 3 0 0 45 49 46 0 42 0 43 0 63 0 59 0 0 0 0 58 40 0 0 36 0 0 0 34 20 0 21 19 0 18 0 22 
62 63 0 58 0 64 59 61 0 35 41 0 0 38 0 0 0 11 0 17 15 0 16 0 55 57 52 0 0 51 56 0 29 0 30 0 0 28 27 0 47 0 43 46 44 48 45 42 24 19 0 20 0 0 22 18 0 0 0 3 7 0 9 0 
0 62 0 57 64 63 58 0 33 0 0 36 0 0 39 0 0 0 0 16 14 0 15 11 0 56 0 53 0 50 0 49 28 32 0 0 0 27 0 30 0 0 42 45 0 47 44 0 23 18 0 19 24 22 21 0 0 0 0 0 6 0 8 0 
0 0 51 49 0 55 0 52 0 26 32 28 27 0 31 0 0 0 4 0 6 1 0 0 46 48 43 45 0 0 0 0 20 24 21 23 17 19 18 0 38 40 34 37 0 39 36 33 15 10 12 0 16 14 0 0 59 0 0 58 62 0 0 0 
45 0 43 0 0 47 42 44 17 18 24 0 0 0 0 0 61 0 0 0 62 0 63 59 38 40 0 37 36 34 0 0 0 16 0 15 9 11 0 0 0 32 0 0 27 0 28 25 7 2 0 3 8 6 0 0 51 0 52 0 54 49 56 53 
5 0 3 0 0 0 0 0 0 42 0 44 43 45 47 46 0 0 20 24 22 17 0 0 0 0 59 61 60 0 63 0 36 40 37 39 0 35 34 0 54 0 50 53 0 55 0 0 0 26 0 27 32 0 29 25 11 15 0 0 0 0 16 0 
29 30 0 25 0 0 26 28 1 0 8 4 3 5 0 0 0 42 0 0 0 0 0 43 22 24 19 0 20 0 23 17 60 64 61 0 57 59 58 0 0 0 0 13 11 0 0 0 0 50 52 0 0 54 53 49 0 39 36 34 0 33 40 37 
21 22 19 17 0 23 0 20 0 58 64 0 59 61 0 62 37 34 0 40 0 33 39 0 0 0 11 0 0 10 15 0 0 0 0 55 49 0 0 54 0 0 2 0 3 0 4 0 0 42 44 0 0 46 0 0 0 0 28 26 30 0 0 0 
13 0 11 9 16 0 0 0 0 0 56 52 0 53 55 0 0 0 28 0 0 25 31 27 0 0 0 0 4 0 0 0 44 0 0 0 41 43 42 46 0 0 0 0 0 63 0 0 0 34 36 35 0 38 0 33 0 0 20 0 0 0 0 0 
37 38 35 33 0 39 34 0 9 10 16 0 11 13 15 14 0 50 0 0 54 0 0 0 30 32 0 29 28 0 0 0 4 0 5 0 1 3 2 6 0 24 18 0 0 23 0 17 0 58 60 59 0 62 0 0 43 47 0 0 46 41 48 0 
52 0 50 0 55 54 0 51 24 25 31 0 26 28 30 29 4 1 0 7 0 64 6 0 45 47 0 0 0 41 46 0 0 0 0 22 0 0 17 0 0 39 0 0 0 0 35 0 14 0 0 0 15 13 12 0 0 0 59 57 0 0 0 0 
12 0 0 0 15 14 0 0 0 49 0 51 50 0 0 53 0 0 0 0 29 0 0 0 0 7 0 0 0 0 0 64 0 47 44 0 0 42 41 0 61 63 57 60 0 0 0 56 38 0 35 34 0 37 0 32 18 22 0 0 0 16 23 20 
4 5 0 64 7 0 1 0 0 41 47 43 0 0 46 45 0 0 19 23 21 16 22 0 61 0 0 60 0 57 0 56 35 0 0 38 0 34 0 37 53 0 0 52 50 0 0 0 0 0 27 0 0 0 28 24 10 14 0 9 13 0 0 0 
36 37 34 0 0 38 33 35 8 0 0 0 10 0 0 0 0 49 51 0 0 0 54 0 0 0 26 0 0 0 0 0 3 7 0 6 0 2 1 5 21 23 0 20 18 22 0 16 0 57 59 0 63 0 60 0 42 0 0 41 0 0 47 0 
0 0 42 40 47 0 0 43 0 17 0 19 18 0 22 0 0 0 59 0 0 56 62 0 37 39 34 0 35 0 0 32 0 0 12 14 0 0 9 13 0 31 0 0 0 30 0 0 0 0 0 2 0 0 4 0 0 54 51 0 0 0 0 52 
0 61 0 56 0 62 0 59 0 0 39 0 34 0 0 37 0 0 11 15 0 0 14 0 53 55 0 0 51 0 0 48 27 31 28 0 24 0 0 0 0 47 41 0 0 46 0 40 22 0 0 0 23 21 0 16 0 0 3 1 0 64 0 0 
20 0 18 16 23 22 0 19 56 0 63 59 58 0 62 0 0 33 35 39 0 0 0 34 13 15 0 0 11 0 0 0 51 0 0 54 48 0 0 0 0 7 1 4 2 0 0 0 0 0 0 42 0 45 0 40 0 30 0 25 29 0 31 28 
0 0 26 0 0 30 0 27 64 1 0 3 2 0 6 5 0 41 43 0 45 0 0 0 0 23 0 20 19 17 22 0 59 63 60 0 56 0 57 61 13 0 9 12 0 0 11 0 0 49 51 0 0 0 0 0 34 0 35 33 0 32 0 36 
35 36 33 31 0 37 32 0 0 8 0 0 0 11 13 12 51 0 0 0 0 47 0 0 28 30 0 0 26 0 29 23 2 6 0 5 63 1 64 0 0 0 16 19 17 0 18 15 61 0 0 0 0 0 59 55 41 0 0 0 44 0 46 0 
0 44 41 39 46 45 0 0 15 16 22 18 0 0 21 0 0 0 0 62 60 0 61 0 0 38 33 35 34 0 37 0 0 14 0 0 7 0 8 12 0 30 0 0 25 0 0 23 5 64 0 0 6 0 0 0 49 53 50 0 0 0 0 0 
0 0 17 0 0 0 16 0 0 56 62 58 57 59 61 60 35 0 34 38 0 0 37 0 0 0 0 11 0 0 13 0 50 54 51 53 0 49 48 52 0 0 0 3 0 5 0 63 45 0 42 0 46 44 0 39 0 0 0 24 28 0 30 27 
0 60 57 55 62 61 0 58 31 0 38 0 0 0 37 36 11 8 10 14 0 7 13 9 0 54 49 51 0 0 0 0 0 30 27 29 23 0 24 28 44 0 0 0 41 45 0 0 21 0 18 17 0 20 0 0 1 5 0 64 4 63 0 3 
11 12 0 0 14 0 0 0 47 48 54 50 0 51 53 52 0 0 26 30 28 23 29 0 4 0 1 3 2 0 0 0 0 0 0 0 39 0 40 0 0 0 0 59 57 61 58 55 37 0 34 0 38 36 0 0 17 21 18 16 20 15 22 19 
27 0 0 0 0 0 0 0 0 64 6 0 1 3 0 4 43 0 0 0 44 39 0 41 0 0 0 19 0 16 21 0 0 62 59 0 0 0 56 60 0 0 0 0 0 13 0 7 53 48 0 49 0 0 51 0 33 0 34 32 36 0 0 0 
3 4 0 0 0 5 64 2 0 0 46 0 0 0 45 0 0 16 0 0 0 15 21 0 60 0 0 0 58 0 61 0 0 38 0 0 0 0 32 0 0 54 48 51 49 53 50 0 29 24 26 25 30 28 27 0 0 13 0 0 0 0 0 0 
0 0 0 0 54 0 0 0 0 24 30 0 0 0 29 28 0 0 0 0 0 63 5 0 44 46 41 0 42 0 45 39 18 22 19 21 15 0 16 0 0 38 32 35 33 37 34 0 13 0 0 9 0 0 11 0 0 61 0 0 0 55 62 59 
0 27 24 0 0 0 23 0 0 0 5 1 0 0 0 0 42 0 41 45 0 0 44 0 0 21 16 0 0 0 20 0 57 61 58 60 0 56 0 0 11 13 0 0 0 0 9 6 0 0 0 0 53 0 50 0 0 0 0 31 0 0 0 34 
50 51 0 0 53 52 47 49 22 0 0 0 0 0 28 0 2 63 1 5 0 0 0 64 0 0 0 42 0 0 0 0 17 0 0 0 14 0 15 0 35 37 31 0 32 0 0 0 0 0 0 0 13 11 0 6 56 60 57 0 59 0 0 0 
42 43 0 38 0 44 39 41 0 0 0 17 0 0 0 19 58 55 0 0 59 0 0 0 35 37 0 0 33 31 0 30 0 13 10 12 6 8 7 0 27 29 0 0 0 0 0 0 0 63 0 0 0 3 0 0 0 52 49 0 51 46 53 0 
0 19 0 0 21 0 0 17 0 55 61 0 56 0 0 0 0 0 0 37 0 30 0 0 11 13 8 10 9 7 12 6 0 0 0 0 46 48 0 0 0 5 63 2 0 4 1 62 44 39 0 0 0 0 42 0 24 28 0 0 0 22 0 0 
58 59 0 0 61 0 0 57 0 31 0 33 0 34 36 35 0 7 0 13 0 0 0 0 51 0 48 50 0 0 0 46 0 29 0 0 22 24 0 0 0 45 0 42 0 44 41 0 0 15 17 16 0 0 18 14 0 0 0 63 0 0 0 0 
10 0 8 6 13 12 0 0 46 0 0 49 0 0 52 51 26 23 25 0 0 0 28 0 3 5 0 2 1 0 0 0 41 0 42 44 0 0 0 43 59 0 55 0 0 60 57 54 36 31 0 0 0 35 0 0 16 20 17 0 0 0 21 0 
0 3 0 62 0 0 63 1 38 0 0 41 0 42 0 0 18 0 0 21 0 0 20 16 59 0 0 0 0 55 0 0 0 0 0 36 0 0 31 0 51 0 47 0 0 0 49 0 28 0 25 24 0 27 0 22 0 12 9 7 0 6 0 10 
34 35 0 0 37 0 31 0 6 0 0 9 8 10 0 0 0 47 0 53 0 46 52 0 27 0 24 26 25 0 0 0 0 0 0 4 0 0 0 3 19 0 0 0 0 20 0 14 0 55 0 0 0 0 58 54 0 44 41 39 0 38 45 0 
0 0 0 0 34 0 28 0 0 4 10 0 5 0 0 8 0 0 46 50 0 0 49 0 24 26 21 23 22 20 25 19 0 0 63 0 59 61 0 0 16 18 0 0 13 17 14 11 0 0 54 53 58 56 0 0 0 0 0 0 40 0 42 0 
55 0 0 51 58 0 0 0 0 28 34 30 0 0 0 32 0 4 0 0 0 3 9 0 0 50 0 47 46 0 0 43 0 26 0 25 19 0 20 24 40 0 0 39 37 41 0 35 0 12 0 13 0 16 0 0 0 1 0 60 64 0 2 0 
0 24 21 19 0 25 0 22 59 60 2 0 0 63 1 0 39 0 0 42 0 35 0 0 0 0 13 15 0 0 17 11 54 0 0 57 0 0 52 56 0 10 4 7 0 9 6 3 49 0 0 45 50 0 47 0 29 33 30 28 0 27 0 0 
0 0 37 35 0 0 0 0 11 12 18 0 13 0 17 0 0 52 54 0 56 0 0 53 0 34 29 0 30 28 33 0 0 10 0 9 0 5 0 0 24 0 0 23 0 25 0 19 1 60 0 0 0 0 63 0 0 0 46 0 48 43 50 0 
47 48 0 43 0 0 44 46 0 0 0 0 21 0 25 24 63 0 0 0 64 59 1 0 0 42 0 0 0 36 0 35 0 18 0 0 0 0 12 0 0 34 28 0 29 33 0 0 9 4 6 5 10 0 0 0 53 57 54 0 0 51 58 0 
15 16 0 0 0 0 12 14 51 0 58 54 0 0 57 0 31 28 30 0 32 27 0 29 8 10 0 7 0 4 9 3 46 0 0 0 43 0 44 48 0 2 60 0 0 1 62 0 41 36 38 37 0 0 39 0 21 0 0 0 24 19 0 0 
7 8 5 3 10 0 4 0 43 0 50 0 45 0 49 48 0 0 0 26 0 19 25 0 0 0 61 63 0 0 0 0 38 42 0 41 35 37 36 0 0 0 0 0 0 57 0 0 0 0 0 29 34 32 0 27 0 17 14 0 16 11 0 0 
0 64 0 0 0 0 0 62 35 0 0 0 37 0 0 40 0 0 14 0 0 11 0 13 56 58 53 55 54 52 0 51 30 34 31 0 0 29 0 0 48 0 44 47 0 49 46 0 25 20 0 0 26 0 23 19 5 0 0 4 0 0 0 7 
0 33 30 0 0 34 0 0 0 0 0 7 0 8 10 0 48 45 0 0 0 0 0 46 25 0 0 0 0 21 0 0 0 0 64 2 60 0 0 1 17 0 13 16 0 18 0 0 0 53 0 54 0 57 0 0 0 0 39 0 41 36 43 0 
64 0 0 60 3 0 61 0 0 0 43 0 0 0 0 41 0 13 15 0 0 0 0 0 57 0 54 56 55 53 0 52 0 0 0 34 28 30 0 0 49 0 0 48 0 50 0 0 26 0 0 0 27 25 0 0 0 10 0 0 0 0 0 0 
0 0 0 0 19 0 0 0 52 53 0 0 0 56 58 57 0 29 0 35 0 0 34 30 9 11 6 0 7 5 10 4 0 51 48 50 44 46 45 0 1 0 61 0 0 2 63 0 0 0 39 38 43 41 0 36 22 0 0 21 0 0 27 24 
0 0 0 20 27 26 0 23 0 61 0 0 62 64 2 1 40 0 39 0 0 0 42 38 17 0 14 16 15 0 0 12 55 0 56 58 0 54 0 57 0 0 5 8 6 0 0 0 0 0 47 0 51 49 0 0 30 34 31 0 0 0 0 0 
0 49 46 44 0 50 45 0 20 0 27 23 0 0 26 25 64 61 63 3 1 60 2 0 0 0 0 40 0 0 0 36 15 0 16 18 12 14 0 0 33 0 0 32 0 34 31 0 0 0 7 0 0 0 8 4 54 58 55 53 57 0 59 56 
56 57 0 0 59 58 53 0 28 0 0 31 30 32 34 33 8 5 0 11 9 0 0 0 0 51 0 0 0 45 50 0 23 0 24 0 0 0 21 25 41 0 0 0 0 42 0 36 18 13 0 14 0 0 0 0 0 2 63 0 1 60 0 64 
8 9 0 4 11 0 5 7 0 45 51 0 0 48 0 49 0 0 23 27 25 20 26 22 0 0 0 0 63 0 0 0 39 43 0 42 36 38 37 41 0 0 0 56 54 0 55 0 0 29 0 0 0 0 0 0 0 18 0 0 17 0 0 16 
40 0 38 36 0 42 0 0 0 0 19 0 0 0 0 0 56 0 55 0 57 0 58 54 0 0 30 0 31 0 0 28 7 0 0 10 0 0 5 9 0 27 0 0 0 26 23 20 0 61 63 0 0 1 0 0 46 50 47 45 49 44 51 48 
