8
0 0 28 0 0 0 29 24 1 0 0 0 3 0 64 0 50 0 0 51 49 48 0 53 0 39 0 0 41 0 0 0 0 13 12 9 10 8 0 0 0 14 20 0 0 0 18 0 0 0 0 0 0 0 37 33 0 0 0 61 0 0 60 59 
18 15 0 19 17 14 21 16 0 0 61 0 59 54 56 0 42 44 0 0 0 0 0 0 30 31 36 32 33 0 0 0 0 5 4 1 2 0 3 0 13 0 0 0 0 0 10 9 0 0 28 0 0 24 0 0 48 0 0 0 49 0 0 0 
58 0 0 0 0 0 0 0 0 31 37 0 0 0 32 0 0 20 14 0 17 0 0 0 6 0 0 0 0 10 11 13 0 45 0 41 0 0 0 0 53 46 52 0 0 48 0 49 0 0 4 3 0 64 0 0 0 22 23 0 25 0 0 27 
10 7 0 11 9 0 13 0 0 47 0 0 0 0 0 0 34 36 0 35 0 0 0 0 0 0 0 24 25 26 0 0 0 0 0 0 0 0 59 54 0 0 4 0 0 64 0 1 0 0 20 19 0 16 0 0 40 0 0 45 0 0 0 0 
0 0 36 0 0 0 37 32 0 0 0 0 11 0 0 0 0 0 0 0 57 0 0 61 0 47 0 48 0 50 0 0 0 0 0 0 0 16 19 14 29 22 28 0 0 24 26 0 0 38 44 0 0 0 45 0 64 62 0 5 1 2 4 0 
0 0 0 0 49 0 0 48 0 0 0 26 0 0 24 0 0 0 6 0 0 0 7 0 0 63 4 0 0 0 3 0 0 0 0 33 0 32 35 0 45 0 44 0 0 0 0 41 58 54 0 0 55 0 61 0 0 0 0 21 0 0 20 19 
42 0 44 0 0 0 0 0 0 0 21 0 19 0 0 20 0 0 0 0 0 64 63 0 0 0 0 56 57 0 0 0 0 29 28 0 0 0 0 22 0 0 36 0 31 0 34 33 0 46 52 0 0 48 0 0 8 0 0 0 0 0 12 0 
2 0 0 3 0 0 0 0 41 0 0 0 0 38 40 44 26 0 0 0 25 24 0 29 14 15 0 16 17 18 19 0 0 0 52 49 0 0 0 0 0 54 0 59 0 0 0 0 10 0 12 11 7 8 0 0 32 30 0 0 0 34 36 35 
0 14 19 18 0 13 0 15 56 0 60 0 0 53 0 0 41 0 37 0 0 39 38 0 0 30 0 0 0 0 34 36 62 0 0 64 1 63 0 61 12 0 11 0 6 0 0 8 0 0 27 0 0 0 28 0 0 45 0 52 48 0 0 0 
41 38 43 42 0 0 0 0 0 0 20 0 18 0 15 0 0 0 61 0 0 0 0 4 0 0 0 0 0 57 0 60 22 28 27 24 25 0 26 0 0 0 0 0 0 0 0 0 0 45 0 50 0 47 0 48 0 0 0 12 0 9 0 0 
49 0 0 0 48 45 52 47 0 0 28 0 26 0 0 0 9 0 0 10 0 0 6 12 0 0 0 0 0 0 0 4 30 36 0 32 0 0 34 0 44 37 43 0 38 0 0 40 0 0 59 0 0 55 0 0 0 13 14 0 0 17 0 18 
0 0 0 0 32 0 0 0 0 0 12 9 10 5 7 0 0 0 0 58 0 55 0 0 0 0 0 0 48 49 0 0 0 0 0 0 17 0 0 13 0 0 27 0 0 23 0 0 0 37 0 0 38 39 0 40 0 61 62 4 0 0 0 2 
0 6 11 0 0 0 12 7 48 46 52 49 0 0 47 0 0 35 0 34 0 0 0 36 0 0 0 23 24 0 0 0 0 0 0 0 57 0 0 53 0 61 0 0 62 63 0 0 17 0 0 0 0 0 0 0 0 37 38 0 0 0 43 0 
0 0 0 0 0 53 60 0 32 0 36 0 34 0 31 0 17 0 13 0 16 0 0 0 0 0 0 7 0 0 0 12 38 44 0 40 0 0 42 0 0 45 0 50 46 0 49 48 1 61 3 0 0 0 4 64 0 0 0 0 24 0 0 26 
0 0 0 0 0 0 0 0 0 0 44 0 42 37 39 43 25 0 0 26 0 23 0 0 0 0 0 15 0 0 0 20 46 0 51 48 49 0 0 45 60 0 59 0 0 0 0 0 0 5 11 10 6 7 0 0 31 0 0 36 0 0 0 0 
0 0 0 26 0 0 0 0 0 0 0 0 0 0 0 0 0 51 0 0 0 47 46 0 37 0 43 39 0 41 0 44 6 0 0 8 0 7 0 0 0 0 0 18 14 15 0 0 33 0 35 0 0 0 36 32 55 0 0 0 56 57 59 58 
35 0 37 36 0 0 0 0 0 8 14 11 12 7 9 0 0 0 0 0 58 0 0 0 47 48 53 0 0 0 0 54 16 0 0 0 0 0 20 0 30 23 0 28 0 0 0 0 0 0 0 44 40 0 0 0 1 0 0 0 2 3 0 4 
0 0 0 4 0 0 0 0 0 0 0 0 0 0 41 0 27 0 23 28 0 0 24 30 15 16 0 0 18 0 0 0 0 0 0 50 0 0 52 47 62 0 61 0 0 0 0 0 0 0 13 12 8 0 14 0 33 31 0 0 0 35 37 36 
0 0 0 20 18 0 0 0 0 56 0 0 60 0 57 61 0 0 0 0 0 0 40 0 31 32 0 0 0 35 0 38 0 6 0 0 3 1 4 0 14 7 0 0 0 9 0 0 0 0 29 28 0 25 30 0 49 47 48 54 50 0 0 0 
0 0 0 44 42 0 46 0 18 16 0 0 20 0 0 21 0 0 0 0 2 1 64 6 55 56 0 57 58 0 0 0 24 0 0 26 0 0 0 0 0 0 37 0 32 33 0 0 0 0 0 52 48 49 54 50 0 7 0 0 10 11 0 0 
59 0 0 0 58 0 0 0 0 0 0 0 0 0 33 37 19 0 15 0 18 0 0 0 0 8 0 9 0 0 12 14 40 0 0 42 0 0 0 0 54 47 0 52 48 49 51 0 3 63 0 4 0 1 0 0 25 0 0 0 0 0 0 28 
0 0 53 52 0 0 54 0 0 24 0 0 28 23 0 29 0 0 0 0 0 9 8 0 0 0 5 1 2 0 0 0 32 38 37 0 0 33 0 0 0 0 0 44 40 41 0 0 0 0 61 0 0 57 0 0 17 15 0 22 0 0 0 0 
0 8 13 12 0 7 0 0 0 0 54 0 52 0 0 0 0 37 31 0 0 0 32 0 0 0 0 0 0 0 0 30 0 0 0 58 0 57 60 55 6 0 5 0 0 0 3 0 19 15 0 0 0 17 22 18 0 39 40 46 0 43 0 0 
0 0 0 0 26 0 30 25 0 0 6 3 0 63 0 5 0 53 0 0 0 49 0 54 39 40 45 0 0 43 44 0 8 0 0 0 11 9 0 0 0 0 0 0 0 17 19 0 35 31 37 36 32 33 0 0 57 0 56 62 0 0 0 0 
53 0 0 0 0 49 56 0 28 26 32 29 0 25 0 31 0 0 0 0 0 0 0 16 0 2 0 0 0 0 0 0 34 0 0 36 0 0 38 0 48 0 47 0 42 0 0 0 61 57 0 62 0 59 0 0 19 0 18 0 0 21 0 0 
0 42 0 0 44 41 0 43 0 0 0 21 22 0 0 23 0 0 0 0 4 0 2 0 0 58 0 59 0 61 62 64 0 32 0 28 0 0 0 0 0 33 0 38 0 35 0 36 0 49 55 0 0 0 56 0 0 0 10 0 0 13 0 0 
0 10 0 0 0 9 0 0 52 50 56 53 0 0 0 0 0 0 0 38 36 0 34 40 25 26 0 0 28 0 30 0 58 0 0 0 61 59 0 57 0 0 0 0 0 3 5 4 21 0 23 0 0 19 24 0 0 0 42 48 0 0 47 46 
0 0 0 0 4 0 8 0 44 42 48 45 0 0 43 47 29 31 25 30 0 27 0 32 0 0 0 19 0 0 0 0 50 56 0 0 0 0 0 0 64 0 63 62 58 59 0 0 0 9 0 0 10 11 0 0 0 33 0 40 0 0 0 0 
29 0 31 0 28 0 0 0 0 0 0 5 0 0 0 7 53 55 49 54 0 51 50 0 41 0 47 43 0 0 0 0 0 0 0 12 13 11 14 0 0 0 0 0 0 0 21 0 37 0 39 38 34 35 0 0 0 0 0 0 60 0 0 62 
0 0 0 38 36 33 0 0 0 0 0 13 0 0 11 0 0 0 0 62 0 59 0 0 49 50 55 0 0 0 0 56 0 24 0 0 0 19 0 0 0 25 31 30 0 0 29 0 0 0 0 0 0 0 0 44 0 1 0 0 0 5 0 0 
61 0 0 0 60 57 64 0 36 34 40 0 0 0 35 39 21 0 17 22 0 0 0 24 9 10 15 0 12 0 0 0 0 0 0 0 45 0 46 41 0 49 0 54 0 51 0 0 0 0 0 6 2 0 0 4 0 0 26 0 28 29 0 30 
0 0 23 0 0 0 24 0 60 58 64 0 0 57 0 0 0 0 0 46 44 0 42 0 0 34 0 0 0 0 38 40 0 8 7 4 0 3 6 0 16 9 0 14 0 0 13 0 0 0 0 0 0 27 0 0 0 0 50 0 0 0 0 0 
0 41 0 0 0 40 0 0 19 0 23 0 0 16 0 22 4 0 0 5 3 0 0 7 0 57 0 0 59 0 0 0 0 0 30 0 0 0 0 0 39 0 38 0 33 0 0 0 0 48 54 53 0 0 55 0 0 8 0 0 11 0 14 0 
12 9 14 13 11 8 15 0 0 49 0 0 53 0 0 54 36 38 0 37 35 0 0 0 0 0 0 0 0 0 0 31 0 63 0 0 0 58 0 56 7 64 6 0 0 0 4 0 0 16 0 21 0 18 0 0 0 0 41 47 0 44 0 0 
60 57 0 61 0 56 63 58 0 0 39 0 0 0 34 0 0 0 0 0 0 0 17 0 8 0 14 0 11 0 0 15 0 0 46 43 0 0 0 0 0 0 54 0 0 50 52 0 0 0 0 0 0 0 0 0 26 24 0 31 0 28 0 0 
0 0 0 29 0 0 31 0 0 1 7 0 5 64 0 6 52 54 0 53 51 0 49 0 40 41 0 42 43 0 45 0 9 0 14 11 0 10 0 0 0 16 0 0 17 0 0 19 0 0 0 37 0 0 39 35 0 56 0 0 59 0 62 0 
0 0 0 53 0 0 55 0 0 25 0 0 29 0 0 0 12 14 0 13 0 0 0 0 0 1 0 2 0 4 5 7 0 0 0 35 0 34 37 0 0 0 46 0 0 42 44 0 60 0 62 61 0 0 0 0 0 0 17 23 19 0 22 0 
20 17 22 0 19 0 0 18 0 0 63 0 0 56 58 0 0 0 40 45 43 0 41 47 32 0 38 0 0 0 0 0 0 0 6 3 0 2 0 64 15 0 14 13 9 0 12 11 28 0 30 0 0 26 31 0 0 48 0 0 51 52 0 0 
4 0 6 0 0 64 7 0 0 41 0 0 0 40 0 0 28 30 0 29 27 0 0 0 0 17 0 0 19 0 21 23 49 55 0 51 52 50 53 0 0 0 0 0 57 0 0 0 0 0 14 0 0 10 0 0 34 0 33 39 35 36 38 37 
36 33 0 0 35 32 0 34 11 9 0 12 0 8 0 0 60 62 0 0 0 0 0 0 0 0 0 50 0 0 0 0 17 0 22 0 20 0 21 16 31 0 0 0 0 26 28 0 44 40 0 0 41 0 47 43 0 0 0 7 3 4 0 0 
0 0 34 0 0 0 35 0 7 5 0 8 9 0 6 0 56 0 0 0 0 54 0 0 0 0 50 46 0 0 0 0 0 19 0 0 0 0 0 12 27 20 0 0 21 22 0 23 0 0 0 41 37 0 43 0 62 0 61 0 0 0 0 0 
0 0 0 0 0 44 0 46 0 0 0 0 0 0 0 0 0 0 0 0 0 0 0 11 0 0 0 62 63 64 0 0 0 0 0 31 32 30 0 0 0 0 42 0 0 0 0 39 0 52 58 57 0 54 0 0 14 0 0 19 15 0 0 0 
0 61 0 0 0 0 3 62 39 0 0 0 41 36 0 0 24 0 0 0 23 0 0 27 0 0 0 14 15 0 0 19 0 0 50 47 0 46 49 44 59 0 0 57 0 54 56 55 0 0 0 0 0 6 0 7 30 28 29 35 31 0 34 33 
24 0 0 0 0 0 0 0 63 0 0 0 0 0 0 2 0 50 44 0 47 0 0 51 36 0 0 0 0 40 0 43 0 0 10 7 0 0 0 4 19 0 0 0 0 14 16 15 32 0 0 0 0 0 0 31 0 52 0 59 0 0 0 57 
0 0 58 57 55 0 0 0 0 29 35 32 0 0 30 0 16 18 12 0 15 0 13 0 4 0 0 0 0 8 0 0 0 0 42 39 0 0 0 36 0 44 0 49 45 46 0 0 0 0 0 1 0 0 3 63 0 20 0 27 23 24 26 0 
40 0 42 0 39 36 43 38 0 13 0 16 17 12 14 18 0 0 0 0 63 0 61 3 0 0 0 54 0 0 0 0 21 0 26 23 24 22 25 0 0 28 0 33 29 0 32 31 0 44 50 49 45 0 51 0 0 0 0 0 7 8 0 0 
16 0 0 0 0 12 19 14 55 53 0 56 57 52 0 0 0 0 36 0 39 0 37 43 28 0 0 0 31 0 33 35 0 3 0 63 64 62 0 60 11 4 10 9 0 6 0 0 0 0 0 0 21 22 0 23 0 0 45 0 47 0 0 0 
0 0 10 0 7 4 0 0 47 0 0 0 0 44 0 0 0 0 0 0 0 0 0 35 20 0 0 22 23 0 0 0 0 59 0 0 0 54 0 0 3 0 2 0 0 0 0 63 0 0 18 17 0 14 19 0 0 0 37 0 39 40 0 0 
30 0 32 0 0 26 33 28 0 0 0 0 0 0 0 0 0 0 0 0 0 0 51 0 0 0 0 44 45 0 0 0 0 17 0 13 0 0 0 0 25 18 24 0 0 0 22 0 0 0 0 0 35 0 0 0 0 58 59 0 0 0 64 63 
0 0 56 55 0 0 0 0 29 27 33 0 0 0 28 0 0 0 10 0 13 0 0 0 0 3 0 4 0 6 7 0 35 41 40 0 0 36 39 0 49 42 0 0 43 0 0 0 0 0 0 0 0 0 0 0 20 0 19 0 21 0 0 0 
38 35 40 39 37 0 41 0 0 0 0 0 0 0 0 0 62 0 58 0 0 60 0 0 50 51 0 0 0 54 55 0 0 25 0 21 0 20 0 18 0 26 32 31 27 28 30 0 0 42 0 0 43 44 0 0 0 2 3 0 0 0 0 0 
0 19 0 0 21 18 0 0 0 0 0 62 0 0 60 0 0 0 42 0 45 0 0 0 34 0 0 36 37 0 39 0 0 0 0 0 0 0 7 0 0 0 0 15 0 0 14 0 30 26 0 0 0 28 33 0 0 0 51 57 53 0 0 55 
62 0 0 63 0 0 1 60 0 0 0 38 0 0 0 40 0 24 18 0 21 20 19 25 0 0 16 0 13 14 0 0 0 0 0 0 0 0 47 42 0 0 56 0 0 0 54 0 0 0 0 0 0 0 0 0 0 0 27 0 29 30 0 31 
6 3 0 0 0 0 9 4 0 43 0 0 0 0 0 48 0 32 26 0 0 28 0 0 18 0 0 0 0 22 0 0 51 57 0 0 54 52 55 0 0 58 0 0 0 0 0 61 0 10 0 0 0 12 17 13 0 0 35 41 37 38 0 0 
0 0 16 15 13 0 17 0 0 0 57 0 55 50 0 56 0 40 0 39 0 0 35 0 0 0 0 0 29 30 31 0 0 0 0 0 0 0 0 0 9 0 0 7 0 4 0 5 0 0 0 0 0 20 25 0 44 0 0 49 0 46 0 0 
46 0 0 0 0 42 49 44 21 0 0 22 0 0 20 24 6 8 2 0 0 4 0 0 0 59 0 60 0 0 63 0 0 0 0 29 30 0 0 26 0 34 0 0 0 0 0 37 0 50 0 0 51 52 0 0 0 0 11 0 13 14 16 15 
15 0 0 16 14 0 0 13 0 52 0 0 0 0 0 0 0 0 0 40 38 37 0 42 27 0 0 29 0 0 32 34 0 0 0 62 0 0 0 59 0 0 0 8 0 0 7 6 0 0 0 0 20 21 0 22 45 0 0 50 0 0 0 48 
39 0 41 40 0 0 0 0 0 12 0 0 16 11 0 0 0 1 59 0 0 0 60 2 0 52 57 0 0 0 0 58 0 26 25 22 0 0 24 0 0 27 0 32 28 0 0 30 0 0 49 0 0 45 0 0 0 0 4 10 0 7 9 8 
0 4 9 0 6 3 10 5 0 0 0 0 0 0 45 49 0 33 27 0 0 0 0 0 19 20 0 0 22 23 0 26 52 58 0 0 0 53 56 51 0 0 1 0 0 0 0 0 0 0 0 16 0 0 0 0 37 0 0 42 38 0 0 0 
0 0 0 0 0 0 0 0 6 0 0 7 0 3 0 0 55 57 51 56 0 0 0 0 0 0 0 0 0 47 48 0 12 0 0 0 0 0 0 11 26 19 0 0 0 0 23 22 39 35 41 0 36 0 0 38 61 59 60 0 62 63 0 64 
0 0 57 0 54 0 58 53 30 0 34 0 0 0 0 0 0 0 11 0 0 0 0 18 0 4 0 5 6 0 0 10 0 0 41 0 39 0 0 0 0 0 49 48 44 0 0 46 0 0 1 0 0 61 0 0 21 0 0 26 0 0 25 24 
23 20 25 24 0 0 0 0 62 0 0 0 64 0 61 0 47 49 0 0 0 45 0 0 0 0 41 0 0 39 40 0 0 0 0 6 7 5 8 0 0 0 17 16 0 0 15 14 31 0 0 0 28 29 0 0 0 51 0 58 54 0 0 56 
0 0 49 0 0 43 50 0 0 20 0 23 0 0 0 0 7 9 0 8 0 5 4 10 0 0 0 0 0 0 64 2 28 0 33 30 31 29 0 0 42 35 0 0 0 37 39 0 55 51 57 0 0 0 0 54 0 0 0 18 14 15 17 0 
0 60 0 0 0 0 0 0 0 0 42 39 40 0 0 0 0 25 0 24 0 0 20 26 0 12 0 0 14 0 16 0 0 0 0 46 0 45 0 43 0 0 0 0 0 53 55 0 7 0 0 0 0 5 10 0 0 0 0 34 30 0 0 0 
