8
0 0 0 0 0 39 37 0 54 0 50 0 0 0 0 0 44 47 0 48 0 0 0 49 0 0 0 24 0 23 22 19 32 0 33 0 31 27 30 0 13 12 0 0 0 0 10 0 1 63 64 59 58 0 62 60 5 0 0 0 9 3 4 0 
44 0 43 49 0 47 45 42 0 0 58 0 0 0 63 0 52 55 0 0 51 54 50 0 28 29 0 0 0 31 30 27 0 0 0 0 39 35 0 0 0 20 25 0 24 0 0 23 9 7 0 0 0 5 0 0 13 0 0 0 0 11 0 0 
0 0 59 1 62 63 0 0 0 13 0 0 0 0 15 0 0 7 0 0 3 6 0 0 44 0 42 48 49 0 0 43 0 0 57 0 0 51 0 50 0 36 0 38 0 0 0 0 0 23 24 0 0 0 22 20 0 30 31 0 33 0 0 26 
52 0 51 0 0 55 0 50 6 0 2 8 9 0 7 0 60 0 0 0 59 0 58 0 0 0 0 40 41 0 0 0 0 0 0 0 0 0 0 42 0 0 0 0 0 27 0 0 0 15 16 0 0 0 14 12 0 0 23 0 0 0 0 0 
0 0 11 17 0 15 13 10 0 0 0 0 0 0 31 27 0 0 0 0 19 0 0 0 0 0 58 0 1 0 62 0 8 0 9 4 7 3 0 2 53 52 0 0 0 51 0 0 0 39 40 0 34 0 0 36 0 0 0 0 0 0 44 0 
0 0 0 25 0 23 0 0 0 0 34 0 0 0 0 35 0 0 29 0 0 30 0 0 0 5 0 0 9 0 0 3 16 0 17 0 15 0 0 10 0 0 1 62 64 0 58 0 0 0 0 0 42 0 0 0 0 54 0 0 57 0 52 0 
0 8 0 9 6 7 0 0 0 21 0 0 25 20 0 19 0 15 0 0 0 0 10 17 0 0 0 0 0 0 0 0 0 0 1 0 0 0 0 58 0 0 49 0 48 43 0 47 33 0 32 27 0 29 0 28 0 38 39 40 0 35 0 34 
0 0 0 0 0 0 0 0 46 0 42 0 49 44 0 0 0 0 0 0 0 0 0 41 0 0 0 0 17 15 14 0 24 0 0 0 0 0 22 0 0 0 0 6 8 3 0 7 0 0 56 0 50 53 0 52 61 0 0 0 1 0 60 58 
0 0 54 60 57 58 56 0 0 0 5 11 0 7 0 0 0 2 0 3 0 0 61 4 39 0 0 43 44 42 0 38 51 0 52 0 50 46 0 0 32 0 0 0 0 30 29 0 0 0 19 0 0 0 17 0 0 25 26 27 0 0 0 21 
0 43 38 44 41 42 0 0 0 0 0 0 0 55 0 54 0 0 48 51 0 0 0 52 0 0 21 0 28 0 25 22 35 0 0 31 0 0 0 0 0 15 0 0 19 0 0 0 4 2 0 62 61 64 0 0 0 9 10 11 0 6 0 5 
0 0 30 36 33 0 0 29 49 0 45 0 0 47 50 46 0 0 0 0 38 0 0 44 0 0 0 0 20 18 0 14 27 0 28 0 0 22 25 0 8 7 0 9 11 0 0 0 60 58 0 0 0 56 0 0 0 0 0 0 4 0 0 61 
7 0 6 12 9 0 0 0 0 24 0 27 28 23 26 22 0 0 0 0 0 0 0 0 0 0 0 0 60 58 0 0 3 0 4 63 0 0 0 61 48 0 52 49 51 0 0 50 36 0 0 0 0 32 0 0 0 0 42 43 44 0 0 0 
15 0 14 20 0 18 0 0 33 32 0 35 36 0 34 30 23 0 0 0 22 25 0 28 0 64 0 0 4 0 0 62 0 0 0 0 10 6 9 5 56 0 0 57 0 54 0 0 44 42 43 0 37 0 0 39 48 49 0 0 52 0 47 0 
0 27 0 0 25 0 0 0 0 0 37 43 0 0 42 38 0 0 0 0 30 33 0 0 0 0 0 0 12 0 9 6 0 0 0 0 0 14 17 0 64 63 4 1 0 62 0 2 52 0 0 46 45 48 49 0 0 0 0 0 60 0 55 53 
0 3 0 0 0 0 64 0 0 0 0 19 20 0 0 14 0 10 8 11 0 0 0 0 0 0 0 0 0 0 49 46 59 0 60 0 0 0 0 0 40 39 44 0 43 38 37 0 0 26 0 0 0 0 0 23 32 33 34 0 0 0 31 29 
47 0 46 0 0 0 48 45 1 64 61 0 0 63 0 0 55 58 56 0 0 0 0 60 31 0 0 35 36 34 0 30 43 0 0 0 0 0 41 0 24 0 28 0 27 22 0 26 0 0 11 0 0 0 0 0 0 17 0 19 20 14 0 0 
38 0 37 43 40 0 0 36 56 55 0 0 0 54 0 53 46 0 47 50 45 0 0 51 0 23 0 26 27 0 0 21 0 31 35 30 0 29 0 0 15 0 0 0 18 13 0 17 0 0 2 61 0 63 64 0 0 0 0 10 11 5 0 4 
6 0 0 0 8 0 0 0 0 23 20 0 0 0 25 21 0 0 0 0 0 0 0 0 0 0 52 0 59 57 0 0 0 63 3 62 1 0 64 0 47 46 0 0 50 45 0 0 35 33 0 0 0 31 0 0 0 0 41 42 43 0 0 36 
62 0 61 0 0 0 0 0 16 15 12 18 0 0 0 0 6 0 0 0 0 8 4 11 46 47 44 50 0 0 48 0 0 0 0 0 0 0 0 52 0 0 0 0 0 37 0 0 27 25 26 0 0 0 0 22 0 32 33 34 35 0 0 28 
0 0 45 51 0 0 0 0 0 0 0 2 3 62 1 61 54 57 0 58 0 56 0 0 30 0 0 34 35 33 32 29 0 0 43 0 41 0 0 36 0 0 0 0 0 0 0 25 0 0 0 0 4 0 0 6 0 0 0 0 0 13 14 0 
14 0 13 19 0 0 15 12 32 31 0 0 35 30 0 0 22 0 0 26 0 0 20 0 0 63 0 0 0 0 0 0 10 7 0 6 9 0 8 4 0 0 59 0 0 0 0 0 0 41 42 37 0 39 40 0 0 48 49 50 0 0 0 44 
0 0 0 27 0 0 0 0 0 0 0 0 43 0 41 0 0 33 0 34 0 32 0 35 6 0 4 10 0 9 0 0 18 15 19 14 17 0 16 0 63 62 3 0 0 0 60 1 0 0 50 0 0 0 0 0 55 0 0 0 0 0 0 52 
0 0 29 35 32 33 31 0 0 0 44 0 0 46 0 0 38 0 39 0 0 0 36 0 0 0 0 18 0 17 0 13 26 0 0 0 25 21 0 0 0 0 11 0 10 5 0 9 0 57 0 0 52 0 56 0 0 64 0 2 3 61 62 0 
0 0 53 59 56 57 55 0 8 0 4 0 11 0 0 0 0 1 0 0 61 64 0 0 38 0 0 0 0 0 0 0 0 47 0 0 49 0 0 44 0 0 0 32 0 29 0 0 19 0 0 0 0 0 16 0 23 0 0 0 0 0 22 20 
0 0 0 50 0 48 46 43 0 0 59 0 2 61 64 60 53 0 0 0 0 0 0 0 0 0 0 0 0 32 31 28 0 38 0 37 0 0 0 35 0 0 26 23 25 0 19 0 10 0 0 4 0 0 0 5 0 15 0 17 0 12 13 0 
0 33 28 0 31 0 0 27 0 0 0 0 0 0 0 44 37 40 0 41 36 0 35 42 13 14 0 0 18 16 15 12 0 0 26 21 0 0 0 19 0 5 10 0 9 4 0 0 0 56 0 0 0 54 0 53 0 63 64 1 0 0 0 59 
0 9 4 10 7 8 6 3 0 22 0 25 0 21 0 20 0 0 0 0 12 0 0 18 53 0 51 57 0 56 0 0 1 62 2 61 0 0 63 0 46 45 50 47 49 44 0 0 34 32 0 28 27 0 0 29 38 0 0 41 0 0 37 35 
0 0 0 0 0 24 22 19 0 0 0 0 0 37 0 0 0 0 0 0 28 0 0 34 0 6 3 9 10 8 7 4 17 14 0 0 0 12 15 11 0 0 2 0 1 60 59 0 50 0 49 0 43 46 47 0 54 55 0 57 58 52 0 0 
0 0 12 18 15 16 0 0 0 30 0 0 34 0 0 28 0 0 0 0 0 0 0 26 0 0 0 0 0 64 0 60 9 6 10 0 0 0 7 0 0 0 0 55 0 52 0 56 0 40 0 36 35 38 0 0 0 47 48 0 50 44 0 0 
0 57 52 58 0 56 54 0 7 6 0 0 10 0 0 0 61 0 62 0 0 0 59 2 0 0 0 0 0 0 39 0 0 46 0 0 0 44 47 0 0 0 0 0 33 28 0 0 0 0 0 12 0 14 15 0 22 23 0 0 26 0 0 0 
37 41 0 0 0 40 0 35 0 54 51 0 0 0 56 52 45 0 0 0 0 0 0 0 21 0 0 25 0 24 0 0 33 30 34 0 0 28 31 0 14 13 0 0 0 12 0 0 0 64 1 0 59 0 63 0 0 7 0 0 10 0 0 0 
0 0 60 2 63 64 62 59 15 0 0 0 0 0 0 0 0 0 0 9 0 7 0 10 0 0 0 49 0 48 47 44 0 0 58 53 0 0 0 0 38 37 0 39 0 36 0 0 0 24 25 20 19 0 23 0 0 0 0 0 34 28 29 0 
59 0 0 64 0 0 0 57 13 12 9 0 0 0 14 10 3 6 0 7 0 0 0 0 43 44 41 47 48 46 0 0 0 0 56 51 54 0 0 0 0 35 40 37 39 0 0 38 0 0 23 18 17 20 0 0 0 0 30 31 0 0 0 0 
27 31 26 32 29 0 0 0 0 44 0 0 48 43 46 0 35 38 0 0 0 0 0 40 11 0 9 15 16 0 0 0 23 20 0 0 0 0 0 0 0 0 8 0 7 0 0 0 0 54 0 0 0 52 53 0 60 61 0 0 64 0 0 0 
19 0 0 24 21 0 20 0 0 0 0 0 0 0 0 34 0 0 0 0 0 29 25 32 0 0 0 0 8 0 0 0 0 12 0 0 0 0 0 0 60 0 0 0 63 58 0 62 0 0 0 42 0 44 45 43 0 0 0 0 0 0 51 0 
0 0 0 0 45 0 0 0 61 0 0 0 64 0 62 0 0 0 0 0 0 53 0 56 0 0 25 0 0 0 0 0 39 36 0 35 0 34 0 33 0 0 0 0 0 18 17 0 0 6 7 2 1 4 0 3 0 0 0 0 0 10 0 9 
0 0 50 56 0 0 52 0 5 0 0 0 0 3 6 2 0 0 60 0 58 0 57 0 0 0 0 0 0 38 37 0 0 0 0 0 46 42 0 0 0 27 32 29 31 0 25 30 16 0 0 0 0 12 0 11 0 0 22 0 0 0 0 0 
3 0 0 0 0 6 0 0 21 20 0 0 24 0 22 0 0 0 0 0 0 0 0 0 0 0 49 55 0 54 53 50 0 0 0 0 62 0 0 57 0 0 0 0 0 0 0 46 32 0 31 0 25 28 29 27 0 0 0 39 0 0 0 0 
0 39 34 0 37 0 0 0 0 0 49 0 0 0 0 50 0 46 44 0 42 0 0 0 19 0 17 23 24 0 0 0 0 0 0 27 30 0 0 25 12 0 16 0 15 0 0 14 64 0 63 0 0 0 61 59 4 0 0 7 0 0 0 0 
0 15 10 16 0 0 0 9 29 0 25 0 0 27 30 0 0 0 20 0 18 0 0 24 59 0 0 63 0 62 61 58 0 0 0 0 0 0 0 1 52 0 0 0 0 0 49 0 0 0 0 0 0 0 0 0 0 0 46 47 0 0 43 41 
64 0 0 0 0 0 0 62 0 17 14 0 0 16 0 15 0 0 0 0 0 10 6 0 0 49 46 52 0 0 0 0 0 0 61 0 0 55 0 0 41 0 45 0 0 0 0 43 29 0 28 23 0 0 26 24 0 0 35 36 0 31 0 0 
40 0 39 0 42 43 0 0 0 57 0 60 0 0 59 0 0 51 0 52 0 50 0 0 24 25 0 0 0 0 26 0 0 0 0 32 35 31 34 30 0 16 0 18 0 0 14 0 5 0 0 0 0 1 2 64 0 0 0 12 13 7 8 0 
0 0 0 37 34 35 0 0 0 49 46 0 0 0 51 0 0 0 0 44 39 0 0 45 16 17 0 0 0 0 18 15 0 25 0 0 27 23 0 0 9 0 13 10 0 0 6 0 0 0 0 0 0 0 0 0 0 0 3 0 0 63 0 0 
0 0 0 0 0 0 0 0 0 33 30 36 0 0 0 31 24 27 0 0 0 0 0 29 0 0 0 4 0 0 0 63 0 0 13 0 0 7 10 0 0 56 61 0 0 0 54 0 0 0 0 0 0 41 42 0 0 50 0 52 53 0 0 0 
8 12 0 0 0 0 0 0 0 0 0 28 29 0 27 23 0 0 0 20 15 0 0 0 56 57 54 60 0 0 0 55 0 0 5 0 0 0 2 0 0 0 0 0 0 0 0 51 0 0 36 0 30 0 34 32 41 0 0 44 0 0 40 38 
0 0 23 0 0 0 25 0 42 0 0 44 0 0 43 0 32 0 0 36 0 0 0 37 8 0 6 0 0 11 0 7 20 17 0 0 0 0 18 14 0 64 0 0 0 63 62 0 53 0 0 0 0 49 0 48 0 58 59 60 0 0 56 54 
48 0 47 0 0 51 0 0 0 0 0 4 5 0 0 63 0 0 0 60 0 58 54 61 0 0 0 36 0 0 0 31 44 0 45 40 43 0 0 38 0 24 0 0 28 0 0 0 0 0 0 0 0 0 10 8 17 0 0 20 21 0 0 0 
0 0 0 0 0 0 57 54 0 9 0 0 13 0 0 0 0 3 0 4 0 0 0 0 40 0 0 0 45 0 0 39 52 0 0 0 0 47 0 0 33 32 0 34 0 0 30 35 0 19 0 0 0 0 0 16 25 0 0 28 29 0 0 22 
49 0 48 0 0 52 0 0 0 0 0 5 0 1 0 64 0 0 0 0 56 59 0 62 0 34 0 0 38 36 0 0 0 0 0 0 44 40 0 39 0 0 0 27 29 0 0 0 14 0 13 8 7 0 11 9 0 0 0 0 22 0 0 15 
0 0 0 0 0 0 0 0 0 10 0 13 0 0 0 8 0 0 0 5 0 0 0 0 0 0 0 45 0 44 0 0 0 0 0 0 52 0 51 0 0 33 0 35 37 32 31 0 22 20 0 0 0 0 0 0 26 27 0 0 0 24 0 23 
0 0 40 46 0 44 0 0 0 58 0 61 0 57 60 0 49 0 0 0 48 0 47 0 25 0 0 0 0 0 0 0 0 0 0 33 36 32 35 0 18 0 22 19 21 16 15 0 6 4 0 0 0 2 0 1 0 11 12 0 14 0 9 0 
33 37 32 38 35 0 34 0 0 0 0 0 54 0 52 0 41 0 42 0 0 43 0 46 17 0 0 0 22 0 19 0 29 0 0 0 0 0 0 0 10 0 14 11 13 8 7 0 62 60 61 0 0 58 0 0 2 0 4 0 0 64 0 63 
1 0 0 0 3 0 2 0 19 0 15 0 0 0 0 0 9 0 0 0 0 0 0 0 0 0 47 0 0 0 0 48 61 58 0 0 60 0 0 55 0 41 0 0 45 0 39 44 0 0 0 0 0 0 0 0 0 0 0 37 38 32 0 0 
0 13 0 0 0 12 10 7 0 0 0 0 0 0 28 24 17 0 18 21 0 0 0 0 0 0 0 0 0 0 0 56 5 0 0 1 4 0 3 63 50 0 54 0 0 48 0 52 38 0 0 32 0 0 0 33 0 0 44 0 0 0 0 0 
25 0 0 0 0 0 26 0 0 0 0 0 0 0 44 40 0 0 0 0 0 0 31 38 0 0 7 13 0 12 11 8 21 0 0 17 20 0 19 15 2 0 6 3 0 0 63 4 0 52 0 0 47 50 0 0 0 0 0 0 0 56 57 55 
0 0 0 0 19 0 0 0 0 0 0 0 0 0 0 0 25 0 0 0 0 0 0 30 1 0 0 5 0 0 0 0 0 0 0 9 12 0 11 0 0 57 62 0 61 56 0 60 46 0 0 40 39 42 0 0 0 0 0 0 0 0 49 0 
10 0 9 15 0 0 0 0 0 0 0 0 0 0 0 25 0 21 0 0 0 0 0 23 58 0 0 0 0 61 0 57 6 0 7 2 0 0 4 0 0 50 55 0 0 0 48 53 0 0 0 0 0 0 0 0 0 44 45 46 0 41 0 0 
0 0 0 0 52 0 51 48 4 3 64 6 0 0 5 1 58 0 0 0 0 0 0 0 0 35 32 0 39 0 0 0 0 0 0 0 0 0 44 0 27 0 0 0 30 0 24 0 15 13 14 9 8 11 12 0 0 20 0 0 23 17 0 16 
18 22 0 0 20 21 19 16 0 35 0 0 39 34 0 33 0 0 27 30 0 28 0 0 0 0 64 6 0 0 4 0 0 11 15 10 0 9 12 0 0 0 0 60 0 0 56 0 47 0 46 41 0 43 44 42 0 52 0 0 55 0 50 48 
0 0 33 39 36 37 35 0 0 0 48 54 55 50 0 0 0 45 43 0 0 44 0 0 0 0 0 0 0 21 20 17 0 27 31 0 0 25 0 0 11 0 15 12 0 9 8 0 63 61 0 0 0 59 0 0 0 0 5 0 7 1 0 0 
58 0 57 63 60 0 59 56 12 0 0 0 15 10 13 0 2 0 0 0 1 0 64 7 42 0 0 46 47 0 44 0 0 51 0 0 0 49 0 48 35 34 0 36 0 33 32 0 23 0 22 17 0 0 0 0 0 28 0 0 0 0 0 24 
0 30 0 0 0 0 0 0 44 43 0 46 0 42 0 41 34 37 0 38 0 36 0 0 10 0 8 14 0 0 0 9 22 0 0 0 21 17 0 0 3 0 0 0 0 0 0 5 0 53 0 0 0 0 0 0 0 0 0 62 0 0 0 56 
0 0 0 0 0 45 0 40 0 59 56 0 63 0 61 0 0 0 0 0 49 0 48 55 0 0 24 0 0 0 28 25 38 0 39 34 0 0 36 32 0 18 0 20 0 0 16 21 0 0 0 0 64 3 0 0 0 0 0 14 15 0 0 8 
0 6 1 0 0 0 0 64 0 0 0 0 0 0 0 17 0 13 0 14 0 12 0 15 0 51 0 0 0 0 52 0 62 59 63 0 0 0 0 0 43 42 0 44 0 0 0 0 31 0 30 25 0 27 28 26 0 0 0 0 39 33 0 0 
