8
0 0 0 35 32 38 0 34 5 0 0 6 2 0 0 0 0 0 0 0 0 0 52 50 0 0 0 58 61 0 0 0 15 0 0 22 16 19 0 0 23 24 26 0 0 0 0 30 0 0 39 46 0 0 0 0 9 0 0 14 8 7 0 0 
61 0 57 0 0 62 0 58 29 0 28 0 0 0 0 0 0 0 0 14 9 0 0 0 22 0 0 0 21 20 15 0 0 0 0 46 0 43 0 0 0 0 0 52 0 51 0 54 64 0 0 0 0 5 2 4 0 0 0 0 32 0 36 0 
29 0 0 27 0 30 0 26 0 59 0 0 58 0 56 57 0 0 39 46 41 43 0 42 54 0 0 0 0 0 47 0 7 0 0 0 0 0 0 0 0 0 18 0 17 19 0 0 0 33 31 0 35 0 34 36 0 3 0 6 0 63 0 5 
45 0 0 0 40 0 39 42 13 0 0 0 10 7 0 0 0 0 55 0 0 59 0 58 0 0 0 2 0 0 0 0 0 0 0 30 24 0 0 28 0 32 0 0 0 0 0 38 0 0 0 0 51 0 0 0 0 0 18 22 16 0 0 0 
0 12 0 11 0 14 0 10 45 43 44 0 42 39 0 0 0 0 23 30 0 0 28 0 38 0 0 0 37 0 31 0 0 58 0 0 56 0 0 0 0 0 2 0 1 0 0 6 16 0 0 0 19 0 0 0 0 51 50 0 48 0 0 0 
0 0 17 19 16 0 15 0 0 0 52 0 0 0 0 0 0 0 0 0 33 35 0 34 0 0 0 0 0 0 39 40 63 0 1 6 0 0 0 0 0 0 10 12 0 0 0 0 0 0 23 0 27 0 26 28 57 0 0 0 0 0 60 61 
0 52 49 0 0 0 0 0 0 19 20 22 0 15 0 17 64 0 0 0 0 3 0 0 14 0 9 0 0 0 7 8 0 0 0 38 0 35 0 0 39 40 0 0 41 0 45 0 0 0 0 0 59 0 0 0 25 27 0 0 0 23 0 0 
0 0 0 3 64 6 0 2 0 0 0 0 0 0 0 33 16 0 15 22 17 19 0 18 30 0 25 0 0 28 23 24 0 50 0 0 0 0 0 0 0 56 0 60 0 59 0 0 0 0 0 14 0 0 10 0 41 0 42 46 0 0 44 45 
0 46 0 0 0 0 0 44 0 13 14 16 12 0 0 0 0 63 0 0 0 0 0 0 0 0 0 0 0 0 1 2 25 28 27 32 26 0 0 0 0 0 0 38 0 0 0 0 0 51 49 0 0 55 52 0 19 21 20 24 0 17 0 0 
55 54 0 0 0 56 49 0 0 0 22 0 0 17 0 19 2 0 1 8 3 5 0 0 0 0 11 0 0 14 0 0 33 0 0 40 0 0 0 0 0 0 44 0 0 0 0 48 58 59 57 0 61 63 60 0 0 0 28 0 26 0 30 0 
23 22 0 21 0 0 17 0 0 0 0 56 0 0 0 0 0 0 0 0 35 0 38 36 0 45 43 0 0 0 0 0 0 0 0 0 2 0 7 0 0 0 0 0 11 13 0 16 0 27 0 32 29 31 28 30 59 0 0 0 0 0 0 0 
0 0 3 0 2 0 1 4 39 37 0 40 36 33 34 35 0 0 0 24 0 0 0 0 0 29 0 0 0 0 0 0 49 52 51 56 50 53 55 54 0 58 60 62 0 0 0 64 0 11 0 0 0 15 0 14 0 0 44 0 0 41 0 0 
0 0 0 0 10 16 0 0 0 45 46 0 0 0 42 0 26 31 0 32 0 0 0 0 40 37 0 36 39 0 33 0 57 0 59 0 58 0 63 0 0 0 0 0 3 0 0 0 0 19 0 0 21 0 20 0 51 0 52 0 0 0 54 55 
31 30 0 0 0 0 0 0 63 0 0 0 0 0 0 59 42 0 0 0 0 45 0 44 0 0 0 0 55 0 49 50 0 0 0 16 0 13 0 0 0 18 0 0 19 0 23 0 0 35 33 0 37 39 0 0 0 5 0 8 2 0 6 0 
39 38 35 0 34 0 0 0 0 0 6 0 0 1 0 0 0 0 0 56 0 53 54 0 0 0 59 0 63 62 57 0 0 20 0 0 0 0 0 0 0 0 0 0 27 0 31 32 0 43 41 0 45 47 0 46 0 13 0 0 0 0 14 0 
63 62 0 0 0 64 0 60 31 29 30 0 28 25 0 0 0 0 0 0 11 0 0 12 0 0 19 0 0 0 0 0 41 0 0 48 0 0 47 0 49 0 0 0 0 0 0 0 2 0 0 0 0 7 4 0 0 0 0 0 0 33 0 0 
0 13 0 12 9 0 0 0 46 44 0 47 0 0 41 0 0 30 24 0 0 28 0 0 39 36 0 35 38 0 0 33 56 0 58 63 57 0 62 61 0 0 0 0 2 4 0 0 0 18 0 23 0 0 19 0 0 0 51 0 0 0 0 54 
0 0 0 0 33 39 0 0 0 4 0 7 0 64 0 2 49 0 48 0 50 0 53 0 0 60 58 59 0 61 56 0 0 0 18 23 0 0 0 0 24 0 27 0 0 0 30 31 0 0 40 0 0 0 43 45 0 0 0 15 9 8 13 0 
62 0 0 60 0 63 56 0 0 0 0 0 27 24 0 26 0 0 0 0 0 0 13 11 23 20 0 0 0 0 0 17 40 43 42 0 0 44 0 45 48 49 0 53 50 0 54 55 1 2 0 0 0 0 0 0 0 0 0 39 0 32 0 38 
22 0 0 20 0 0 0 19 0 0 53 55 51 0 0 0 0 38 32 39 34 0 0 35 0 44 0 43 0 0 0 0 0 0 2 0 0 4 6 5 8 0 0 0 0 0 0 0 25 0 0 31 0 30 0 29 0 60 0 0 57 0 0 62 
54 53 0 0 49 0 48 0 0 0 21 23 0 16 17 0 1 0 64 7 0 0 5 0 15 12 10 11 14 13 8 0 0 0 34 0 33 0 38 0 0 0 43 0 0 0 0 0 0 58 56 63 60 0 59 0 26 0 27 0 25 0 29 0 
0 0 0 0 0 0 40 0 14 0 0 15 11 8 0 10 57 0 0 63 0 0 0 0 7 4 0 0 0 5 0 0 24 27 0 31 25 0 30 0 0 33 35 37 34 36 38 39 0 0 0 0 52 0 0 0 0 20 19 23 17 0 21 0 
6 0 0 0 0 7 64 0 38 36 37 39 0 0 33 34 17 0 0 0 0 20 21 0 0 28 26 0 0 0 0 0 0 51 0 0 0 52 0 0 0 57 0 0 0 60 0 0 9 0 0 0 0 14 11 13 42 44 0 0 0 40 45 0 
0 29 0 0 0 0 24 27 0 0 0 0 0 0 0 0 41 0 0 0 0 44 45 43 55 52 0 51 54 0 0 0 8 11 10 0 0 12 14 0 16 0 0 0 18 0 22 23 33 34 0 0 0 38 0 37 2 0 0 0 0 0 0 0 
0 26 0 0 22 28 0 0 59 0 58 0 0 0 54 0 0 43 0 0 0 41 0 0 0 49 0 0 51 50 0 0 5 8 0 0 0 0 0 0 13 14 0 0 0 0 0 20 0 31 0 0 33 35 0 0 0 1 0 0 0 61 2 0 
0 18 0 17 0 20 13 16 51 0 0 52 0 0 46 0 30 0 0 0 0 33 0 32 44 0 39 40 43 42 0 38 0 64 0 4 62 0 0 2 5 6 0 0 0 0 0 0 22 23 0 28 25 0 0 26 55 57 0 0 0 53 58 0 
35 34 0 33 30 0 0 0 3 0 0 0 64 0 0 0 0 51 45 52 47 49 0 0 60 0 0 0 0 0 0 54 0 16 0 0 14 0 0 0 0 0 0 0 0 0 27 0 38 0 37 0 0 0 0 0 0 9 0 12 0 5 0 11 
0 0 7 9 6 12 0 0 43 0 0 0 0 37 0 0 22 0 21 0 23 0 0 24 0 33 0 0 35 0 29 30 0 0 55 0 0 57 0 58 0 0 64 2 0 0 0 4 14 15 0 0 0 0 16 18 47 49 0 0 0 45 0 0 
0 50 0 0 0 0 0 0 0 0 18 20 16 0 0 15 62 0 61 0 0 0 2 0 12 9 0 0 0 10 0 6 0 32 0 36 0 33 0 0 0 0 0 0 0 41 0 0 0 55 0 0 0 59 0 0 23 25 0 0 0 0 0 27 
0 42 0 41 0 44 37 0 11 9 0 12 0 0 0 0 0 59 0 60 0 0 0 0 0 0 0 64 0 0 0 0 21 0 0 0 0 0 27 26 0 30 0 0 0 33 0 0 0 47 45 0 49 51 0 0 15 0 0 20 14 0 18 19 
0 58 0 57 0 0 0 0 27 25 0 28 0 21 22 0 6 11 5 0 0 0 10 0 0 0 15 0 0 18 0 0 37 0 0 0 38 0 0 0 45 46 0 50 0 49 0 0 0 0 61 0 1 3 0 2 0 33 0 36 0 0 34 0 
0 0 0 0 62 4 61 0 35 33 0 0 0 29 0 0 0 0 13 0 0 0 0 16 28 0 23 24 0 0 0 0 0 48 0 52 46 0 0 0 0 0 56 58 0 0 59 0 6 0 0 0 9 0 0 10 0 41 40 0 0 0 42 43 
0 0 0 0 11 0 10 0 0 0 47 49 0 0 43 0 27 0 0 0 0 0 0 29 0 0 36 37 0 39 34 0 58 61 60 1 0 0 0 0 0 3 5 0 0 0 0 0 0 20 18 0 22 0 0 23 52 0 0 57 51 0 0 0 
8 0 4 0 3 0 0 0 0 0 0 0 0 0 0 0 0 0 18 0 0 0 23 21 33 0 0 0 0 0 26 27 0 0 0 0 51 0 56 55 58 0 0 63 60 0 0 1 0 12 10 0 0 0 0 15 44 0 0 49 0 42 0 0 
56 0 52 0 0 57 0 53 24 0 23 0 21 0 0 20 0 0 0 0 0 6 7 5 17 0 0 0 0 15 0 11 34 0 0 0 0 0 40 0 0 43 45 0 0 0 48 49 59 60 0 0 62 64 61 0 0 0 0 0 0 26 0 32 
0 31 0 30 0 0 26 29 0 0 0 0 0 58 59 60 0 0 0 0 44 46 47 0 57 54 0 0 56 55 0 51 0 13 12 0 0 0 0 15 18 19 0 0 0 0 0 0 0 0 0 0 0 0 0 0 0 0 0 0 3 0 7 0 
40 0 0 0 0 0 34 0 0 6 7 9 0 0 3 4 0 56 50 0 0 54 55 0 1 0 60 0 0 0 0 0 0 0 0 25 0 0 0 23 26 0 0 31 0 0 32 0 0 0 0 49 46 0 45 0 0 14 13 0 11 10 15 0 
0 0 44 46 0 0 0 45 0 0 15 0 0 0 0 0 0 0 0 0 0 0 0 0 0 6 0 0 0 0 0 0 26 0 0 0 27 0 0 0 0 0 0 39 36 0 40 41 0 52 0 0 0 0 53 55 0 22 0 25 0 18 0 0 
0 0 0 0 0 0 18 21 0 0 0 57 0 50 0 52 0 0 0 0 0 38 39 0 0 0 44 0 0 0 0 0 0 0 0 9 0 0 0 0 10 0 13 15 0 14 16 0 27 0 0 0 0 32 29 0 60 0 0 1 0 0 0 64 
64 63 0 62 0 0 0 61 32 30 31 0 0 0 0 0 0 0 0 0 0 0 15 0 25 22 0 21 24 23 18 19 42 45 0 0 0 46 0 47 50 51 0 55 0 0 0 0 0 4 0 9 6 0 0 0 36 0 37 41 35 0 0 0 
17 16 0 0 0 18 11 14 0 47 48 0 0 0 44 0 28 0 0 0 0 31 0 0 42 0 37 0 41 0 0 0 59 62 61 0 60 63 0 0 0 0 0 8 5 7 0 0 20 21 19 0 23 0 22 0 0 0 0 58 0 51 0 0 
0 24 0 0 20 0 0 0 0 55 0 0 54 51 52 0 0 41 35 42 0 0 0 38 0 0 0 0 49 48 43 0 0 6 5 10 0 0 9 0 0 0 0 0 13 15 0 18 28 0 27 0 31 0 0 0 61 0 0 0 60 0 0 1 
0 0 45 47 44 0 0 0 0 0 0 0 0 0 0 13 60 0 59 0 61 0 0 0 0 7 0 0 0 8 3 0 27 30 0 0 0 0 0 0 0 36 38 40 0 39 0 42 0 53 0 0 0 57 0 0 0 23 22 26 0 0 24 25 
33 0 0 0 28 0 0 30 0 0 64 0 0 0 0 0 0 0 43 0 0 0 0 0 58 0 53 0 0 0 0 0 0 14 0 18 12 0 17 0 19 20 22 0 21 0 25 26 36 0 0 42 0 0 38 0 0 0 6 0 0 0 8 0 
1 64 61 0 0 0 0 0 0 31 32 34 0 0 0 29 0 0 11 18 13 15 0 0 0 23 21 0 25 24 19 0 0 0 0 0 0 47 0 0 51 52 54 0 0 55 57 58 4 0 0 0 0 9 6 8 0 39 0 0 0 0 0 41 
0 40 0 0 36 42 0 0 0 7 0 10 0 3 0 0 52 57 51 58 0 0 56 54 0 0 0 62 1 0 0 60 19 22 21 0 0 23 0 24 0 0 30 0 0 31 0 34 44 0 0 50 0 49 46 48 13 0 0 0 0 11 16 0 
9 8 5 7 4 0 3 0 0 39 40 0 38 0 36 37 20 0 0 26 21 0 0 22 0 0 29 0 33 0 27 28 0 0 0 0 0 0 57 0 0 60 0 0 61 0 0 2 0 0 0 0 15 17 14 0 0 0 46 50 44 0 0 49 
0 0 53 0 0 58 0 0 0 0 24 0 0 19 0 21 0 0 0 10 0 7 0 0 0 0 0 0 17 0 0 12 0 0 0 42 0 0 0 40 0 0 46 0 0 0 49 50 60 0 0 2 0 1 0 0 29 0 30 0 28 0 32 0 
42 0 0 0 0 43 0 0 0 0 9 0 7 0 0 6 0 58 52 59 0 0 0 55 0 0 62 0 2 0 60 0 20 23 22 0 0 0 0 25 0 0 0 0 0 32 34 35 0 0 44 51 48 50 0 0 0 16 0 0 0 12 0 18 
50 0 0 0 45 51 0 0 0 0 0 19 0 12 0 0 61 0 60 3 62 64 1 0 0 8 0 7 10 9 0 5 28 0 0 0 0 32 0 33 0 0 0 41 0 40 0 0 0 0 52 59 56 0 0 0 0 0 0 0 21 20 0 0 
0 57 54 56 0 0 0 0 0 0 0 0 0 20 0 22 5 10 4 11 0 0 0 7 0 0 0 15 18 17 12 13 36 0 0 43 37 0 0 0 0 45 47 0 46 48 0 0 0 0 0 3 0 2 63 1 30 0 31 35 29 0 0 34 
0 0 62 0 61 3 0 0 34 32 33 35 31 0 29 0 0 0 0 19 0 16 17 0 27 24 22 0 26 0 0 0 44 0 0 51 45 0 50 49 0 53 0 57 54 0 58 0 5 0 0 0 0 10 7 0 38 40 0 0 0 0 41 42 
0 0 0 0 21 27 0 0 0 0 0 0 55 0 53 0 37 0 0 0 38 40 41 0 0 48 0 0 0 0 44 0 0 7 6 0 5 0 10 0 0 0 0 0 14 16 0 0 0 0 28 35 0 34 0 33 62 0 0 3 0 60 0 2 
0 9 0 8 0 0 4 0 42 40 41 0 0 36 37 0 0 0 20 27 22 0 0 23 0 0 0 0 0 33 0 0 0 0 54 0 0 56 58 0 0 61 0 0 62 0 0 3 0 14 0 19 0 0 0 17 0 48 47 0 45 0 49 0 
0 0 0 0 0 0 28 0 2 64 1 3 63 0 0 62 0 50 0 0 46 0 49 0 0 0 0 0 58 0 52 0 12 0 0 0 0 0 0 17 20 0 0 25 0 0 26 0 0 0 36 0 40 42 0 0 6 0 7 11 5 4 0 10 
0 17 14 0 0 0 0 0 0 48 49 51 0 0 45 0 29 34 0 35 0 32 33 0 43 40 38 39 0 0 36 0 0 0 0 0 61 0 0 1 0 0 0 9 0 8 0 0 21 22 0 0 24 26 23 0 0 56 0 0 0 0 57 58 
0 27 24 26 0 29 0 0 0 0 59 61 57 0 0 0 39 0 0 0 0 0 43 0 0 0 0 0 0 0 0 0 0 9 0 0 7 0 0 0 0 0 17 0 16 18 0 0 0 32 30 0 0 36 0 35 0 0 0 5 0 0 0 4 
12 11 0 10 7 0 6 0 44 0 0 45 0 0 39 0 23 28 22 0 24 0 27 25 0 0 0 33 36 0 0 31 54 0 56 61 0 0 0 0 62 63 0 0 64 2 4 0 15 0 0 21 18 20 0 0 0 0 0 53 0 46 51 52 
0 3 0 2 63 0 0 0 36 0 0 0 33 30 0 0 0 20 14 0 16 0 0 17 29 0 0 25 0 0 22 0 46 49 0 0 47 0 0 0 0 55 0 0 0 0 60 61 0 0 0 13 0 0 9 11 0 0 41 0 39 0 0 0 
0 0 16 18 0 0 14 17 52 0 0 53 0 0 0 48 31 36 0 0 0 34 0 33 45 42 40 0 0 0 38 0 62 0 64 0 0 0 0 0 6 0 9 0 8 0 12 13 23 0 0 29 26 0 0 0 56 0 57 0 0 0 0 60 
36 35 0 0 0 0 0 0 0 0 3 0 0 0 0 64 0 0 0 53 0 50 0 0 61 0 0 0 0 0 54 0 14 0 16 0 0 0 0 19 22 0 0 27 0 26 28 0 0 0 38 45 42 44 41 0 0 10 9 0 0 0 11 12 
0 0 0 42 39 45 0 0 12 10 0 0 9 0 0 0 0 0 0 0 0 58 59 0 0 2 0 0 4 3 62 0 22 0 0 0 23 26 28 0 30 31 0 35 0 0 0 0 47 48 46 53 0 52 0 0 0 18 17 21 0 14 19 20 
0 51 0 0 0 0 0 0 20 18 0 21 17 14 15 0 0 0 62 5 64 2 3 0 13 0 0 0 12 11 0 0 0 33 0 37 31 0 0 0 0 0 41 43 0 0 0 45 55 0 0 61 0 60 57 0 0 0 25 0 0 0 27 0 
60 59 56 0 0 0 54 0 0 26 0 0 25 0 0 0 0 0 6 0 0 10 0 9 21 0 0 0 20 19 0 0 38 0 0 0 39 42 0 0 0 47 0 51 48 50 0 53 63 0 0 0 0 4 1 0 32 34 33 0 0 0 35 36 
