8
5 0 0 0 0 0 0 0 0 0 0 22 0 28 26 0 37 44 41 0 0 0 39 0 0 31 0 34 0 0 30 0 0 2 1 0 0 0 0 0 0 13 0 0 0 20 14 0 0 54 0 59 0 58 0 0 50 45 0 0 0 0 0 0 
37 0 40 44 0 0 42 0 0 0 0 54 0 60 58 55 5 0 0 10 0 0 0 0 0 0 1 0 0 0 0 61 0 34 0 35 0 31 0 0 0 0 0 47 49 0 46 0 25 0 28 0 0 26 0 0 0 0 0 20 0 19 17 0 
0 23 24 0 0 0 0 25 40 0 0 0 0 0 42 0 53 60 57 0 54 0 55 0 51 0 0 0 0 0 46 45 14 18 17 0 0 15 20 13 0 0 32 0 0 0 30 35 0 0 0 0 5 10 0 0 0 61 0 0 0 0 1 62 
0 31 0 0 0 30 34 33 0 0 51 46 45 0 50 0 61 4 1 2 62 0 0 3 0 0 57 58 60 56 0 0 22 26 0 27 0 0 0 0 42 0 0 39 0 0 0 0 0 14 0 0 0 0 15 16 0 0 0 12 0 11 0 0 
0 0 0 0 0 0 0 49 64 1 0 62 0 4 0 63 0 0 17 18 0 16 15 19 11 0 0 0 12 0 0 0 38 42 0 43 40 39 0 0 0 0 0 0 57 60 0 0 0 30 0 35 29 0 0 0 0 0 0 0 24 0 25 0 
0 63 64 4 0 62 0 1 0 0 0 0 0 20 0 15 29 0 0 0 0 32 31 0 0 23 0 0 0 24 22 0 0 0 57 59 0 0 60 53 0 0 8 0 0 12 0 11 49 46 52 0 0 0 0 0 0 0 0 0 0 0 41 0 
53 0 56 0 59 54 58 57 0 0 0 0 0 0 0 7 0 0 25 26 22 0 0 0 19 0 0 0 20 0 14 0 0 0 0 51 48 0 0 0 0 61 64 0 0 0 62 0 0 38 0 43 0 42 0 40 0 0 0 0 32 35 33 0 
0 0 0 0 19 0 0 17 32 0 35 0 0 36 0 31 0 52 0 0 0 0 47 0 43 0 0 0 44 0 38 0 0 0 0 11 8 7 0 0 26 0 24 0 0 0 22 0 0 0 4 0 61 0 0 0 0 0 55 60 56 59 57 0 
62 0 1 5 4 63 0 0 0 0 0 15 14 21 19 0 30 0 34 0 0 33 32 0 0 0 0 0 0 0 0 22 0 0 0 60 0 0 0 54 0 6 0 0 10 0 0 0 50 0 0 0 0 51 0 0 0 0 40 45 41 0 0 39 
0 0 9 0 0 7 11 0 0 26 0 23 22 0 0 24 38 45 0 0 0 41 40 44 36 0 0 35 37 33 0 0 0 3 0 4 1 64 0 62 0 0 17 0 0 0 0 20 58 0 61 0 0 0 0 0 51 0 0 0 0 0 50 0 
0 0 17 21 0 15 19 0 33 0 0 0 0 37 0 0 0 0 0 51 47 49 0 0 0 40 42 0 45 0 0 0 0 11 0 0 9 0 0 0 0 0 0 0 0 0 23 28 0 63 0 0 62 3 0 0 0 54 0 61 0 60 58 55 
0 40 41 0 0 39 0 0 57 58 60 55 54 0 59 56 6 0 0 11 0 9 0 0 4 0 0 3 0 1 63 0 31 0 0 36 0 0 37 0 0 0 0 48 50 0 47 0 0 0 29 0 22 27 0 25 19 14 0 21 0 0 18 0 
0 0 0 61 0 0 0 0 9 10 12 0 6 0 11 8 0 0 0 27 0 0 0 0 0 16 18 19 0 0 0 0 0 51 0 0 0 0 53 0 0 62 0 0 0 0 63 0 42 39 0 0 0 43 0 0 0 0 32 0 0 36 0 31 
0 32 0 37 0 0 0 34 0 0 0 0 0 53 0 0 62 0 2 0 63 1 0 4 60 56 58 0 0 57 55 0 0 0 0 0 0 0 0 0 0 38 41 0 0 0 0 0 0 0 21 20 0 19 0 17 11 0 8 0 9 0 0 7 
0 0 0 0 28 0 0 0 41 0 44 39 38 0 0 0 0 61 0 0 0 0 0 0 0 0 0 0 0 0 47 46 0 19 0 0 17 16 0 14 0 30 33 0 0 37 31 36 0 7 0 0 0 11 0 0 3 62 0 0 1 0 0 0 
0 0 0 53 52 0 0 0 0 0 0 63 0 5 0 0 0 21 0 0 0 0 0 20 0 8 0 0 0 0 0 6 0 43 42 44 0 40 0 38 0 54 57 56 58 61 55 0 34 0 0 0 30 0 0 33 0 22 0 0 0 0 0 0 
35 0 0 0 0 36 40 0 54 0 0 0 51 58 0 53 0 0 0 8 4 0 0 9 0 61 0 64 0 62 60 59 28 0 0 0 30 0 0 27 0 43 0 45 47 50 44 0 23 0 26 25 19 0 0 22 16 0 0 18 14 0 15 0 
0 0 54 58 0 0 56 0 6 7 0 4 3 10 8 5 19 0 23 0 0 22 0 0 17 13 15 16 18 14 12 0 44 48 0 0 46 45 0 0 0 59 0 0 0 2 0 0 39 36 0 41 0 0 0 0 0 27 0 34 30 0 31 28 
0 0 0 0 0 28 32 31 0 0 0 0 0 50 0 0 59 2 0 0 0 62 0 1 0 0 0 0 0 54 0 0 0 0 0 0 0 0 0 19 0 0 0 37 0 0 0 0 0 12 0 0 11 16 0 0 0 0 0 10 0 0 0 0 
0 21 0 0 25 0 0 0 38 39 0 36 35 0 0 0 0 58 55 0 0 54 0 0 0 0 47 48 0 0 0 43 0 0 15 0 0 13 18 11 0 0 0 0 0 0 0 33 7 0 0 9 3 0 0 0 0 0 61 2 62 1 0 60 
0 0 0 18 0 12 16 15 0 0 33 28 27 0 32 0 0 0 0 48 0 0 0 0 0 0 39 0 42 38 36 0 0 0 7 9 0 0 0 0 0 0 22 0 23 26 20 0 0 60 2 1 0 0 0 0 0 51 53 0 54 57 55 0 
3 0 6 10 0 0 0 0 22 23 0 0 0 26 0 21 0 42 39 0 0 38 0 0 0 29 0 32 0 0 0 27 60 64 0 0 0 0 0 59 16 11 0 0 0 0 12 17 55 52 0 0 51 56 53 0 48 0 45 0 0 49 0 0 
0 0 0 50 0 0 48 0 0 63 0 0 59 2 0 0 0 0 0 0 12 0 0 17 9 5 0 8 10 0 0 0 0 40 39 0 38 0 0 0 0 51 0 0 55 0 0 57 0 28 34 0 27 0 0 30 24 0 21 26 0 0 0 20 
59 61 0 2 0 0 0 0 0 0 0 12 11 18 16 0 0 0 0 0 28 0 29 33 25 21 0 24 26 22 20 0 0 56 0 57 54 53 0 0 0 0 6 5 0 10 4 9 0 44 0 49 0 0 45 0 0 0 0 0 38 0 39 36 
0 33 34 38 0 32 36 35 0 0 0 0 47 54 52 49 0 6 3 0 64 0 1 5 61 0 0 60 0 0 0 0 0 0 0 0 0 0 30 23 0 39 0 0 43 46 0 0 0 0 0 0 15 0 17 0 12 0 9 14 0 13 0 0 
0 0 0 62 0 56 60 0 0 11 13 8 0 0 0 0 0 0 27 0 0 26 25 29 21 17 0 0 22 0 16 15 48 52 51 0 0 0 0 47 0 0 2 0 0 6 0 0 0 40 46 0 0 0 0 0 0 0 33 0 0 0 35 0 
0 17 18 22 0 16 0 0 34 35 0 0 31 38 36 0 0 0 51 52 0 0 0 0 0 0 0 44 0 0 0 0 0 0 11 13 10 0 0 0 28 23 26 25 0 0 24 0 0 0 0 5 0 0 1 0 60 0 0 62 0 0 59 0 
7 9 0 14 13 0 0 0 0 0 0 0 0 0 28 0 39 46 0 44 0 42 0 45 0 0 35 36 0 34 32 0 0 4 3 5 2 0 0 63 0 0 18 0 0 0 0 0 0 56 0 61 0 60 0 58 0 47 49 54 0 53 51 48 
47 0 50 54 0 0 0 51 2 0 5 64 63 0 4 1 0 0 19 20 0 18 0 0 0 0 11 0 14 10 0 7 0 0 0 45 0 0 0 0 60 0 0 0 59 0 0 0 0 32 0 37 0 0 0 34 28 23 25 0 0 29 27 24 
39 0 42 0 45 0 0 0 58 59 61 56 55 62 0 0 0 0 0 0 0 0 0 0 0 0 0 4 0 0 64 0 32 0 35 0 34 33 0 31 52 47 50 0 0 0 0 0 0 0 0 0 0 28 25 26 20 15 17 0 18 0 0 0 
63 0 0 0 5 0 4 3 18 19 21 16 15 0 20 0 0 0 0 0 32 0 33 0 0 0 27 28 0 0 0 0 0 0 0 61 0 0 62 0 12 7 10 0 11 14 0 13 0 48 0 53 47 0 49 50 0 0 41 46 0 0 0 0 
0 0 0 0 29 0 28 27 42 0 0 0 0 46 0 41 0 62 59 60 0 58 0 61 0 0 51 0 0 0 48 47 0 0 19 0 0 0 22 0 0 0 0 0 0 38 32 37 0 0 14 0 7 0 0 0 4 0 1 0 0 0 3 64 
20 0 0 0 0 0 0 0 0 40 42 37 0 0 41 0 0 0 0 0 0 0 54 0 50 46 0 0 0 0 0 0 13 0 16 0 0 0 19 12 33 0 31 0 0 35 29 34 0 0 11 0 0 0 0 7 0 60 0 0 0 0 0 61 
52 0 0 59 58 0 57 0 7 0 10 5 0 11 0 6 20 0 0 25 0 0 22 0 0 0 0 17 19 15 13 0 0 0 0 50 47 46 0 0 0 60 0 0 0 3 61 0 40 37 43 0 36 41 0 39 33 0 0 0 0 0 0 0 
12 0 15 0 0 0 0 0 0 0 34 0 0 0 0 30 44 0 48 0 0 47 46 50 0 0 40 0 0 0 0 36 0 9 8 0 0 0 0 4 0 20 23 0 24 27 21 0 64 0 3 2 0 1 0 63 0 0 54 0 55 0 0 0 
4 0 0 0 0 0 0 0 23 0 26 0 20 27 0 0 0 0 40 41 0 39 38 0 0 30 0 33 0 0 0 0 61 0 0 0 0 0 0 0 0 12 0 0 16 0 0 18 0 0 59 0 0 0 0 0 0 44 0 0 0 50 0 45 
0 0 0 0 0 0 0 32 0 48 0 0 44 0 0 46 0 0 64 1 61 0 62 0 58 54 56 0 59 0 0 0 0 0 0 0 23 22 0 20 41 0 0 0 0 0 0 0 16 0 19 18 0 17 14 15 0 4 0 11 7 0 0 0 
0 38 39 43 42 37 41 0 55 0 58 0 0 0 0 0 4 0 0 0 5 7 0 0 2 0 64 0 3 0 0 60 0 0 0 34 0 0 35 0 0 44 0 0 0 0 0 0 0 21 0 0 20 0 0 0 0 0 0 0 15 0 0 13 
0 62 0 0 2 0 0 0 0 16 0 0 12 0 0 0 28 0 0 33 29 0 30 0 26 0 0 0 27 0 0 0 0 0 0 0 55 54 0 0 9 0 0 6 0 11 0 10 0 45 0 0 0 0 0 47 0 0 0 0 0 0 0 0 
44 0 0 51 50 45 49 0 0 64 0 61 0 3 1 0 0 0 0 0 13 0 0 0 0 0 0 0 11 0 5 0 37 41 0 42 39 0 43 36 0 52 0 54 0 59 53 0 0 29 0 34 28 0 30 0 0 20 0 0 0 26 24 0 
49 51 52 0 55 0 0 53 0 0 7 2 1 8 0 0 0 0 0 0 18 0 0 23 0 0 13 0 0 12 0 0 0 46 0 0 0 0 0 0 0 0 60 0 0 0 0 63 0 0 40 39 33 38 0 0 30 0 0 0 28 31 0 0 
57 0 0 0 63 0 0 61 12 0 0 10 0 0 0 11 25 32 0 30 0 28 27 0 0 0 0 0 0 0 18 0 0 54 0 0 0 51 56 0 0 0 4 0 5 0 2 0 0 0 48 0 0 46 0 0 38 0 35 0 36 0 0 34 
0 27 28 32 31 26 0 29 0 0 0 0 0 48 0 43 57 64 0 0 0 0 59 0 0 0 0 0 0 52 0 0 0 22 0 23 0 0 0 0 38 0 36 35 0 0 34 0 0 0 0 0 9 14 0 12 6 0 0 8 4 0 0 0 
1 0 0 8 0 0 6 5 0 0 0 0 0 24 0 0 0 40 0 0 0 0 0 0 31 0 0 0 0 28 0 0 58 0 61 0 60 59 0 0 0 9 12 0 0 0 0 15 53 0 56 0 0 54 0 52 0 41 43 48 0 0 0 42 
0 43 0 0 0 0 0 0 60 0 63 0 0 0 62 0 9 0 13 14 0 0 11 0 0 3 0 6 8 0 2 0 0 38 0 39 0 0 40 0 54 49 0 0 0 56 0 55 0 0 0 31 25 0 0 0 22 17 0 24 0 0 0 0 
0 0 0 0 39 0 0 37 52 53 55 50 0 56 0 0 0 0 0 6 0 0 0 7 0 0 61 0 0 0 0 0 26 30 29 0 0 0 32 0 0 0 44 43 45 0 42 0 0 0 0 23 17 0 19 20 14 9 0 0 0 0 0 0 
0 0 0 24 0 0 0 21 0 37 0 34 0 0 0 35 0 0 0 0 0 52 0 0 0 43 45 46 0 44 42 41 0 0 0 0 12 0 0 9 30 25 0 27 29 32 0 0 5 0 0 0 1 0 0 0 62 57 0 64 0 63 61 0 
9 11 0 0 0 10 0 13 0 29 31 26 25 0 0 0 41 0 45 0 0 44 0 47 39 0 37 0 40 0 34 0 0 0 5 0 0 3 8 0 22 0 0 19 21 0 18 0 61 0 64 0 0 62 0 0 0 0 0 56 0 55 0 0 
0 0 0 0 0 0 0 44 0 0 0 0 0 0 61 0 0 15 0 0 9 0 10 0 0 0 4 5 0 3 1 64 33 0 36 0 0 0 39 0 0 48 0 0 52 55 49 0 28 25 0 30 24 29 0 0 0 0 0 23 0 0 0 0 
0 34 0 39 0 0 0 0 0 0 54 49 0 0 0 0 0 0 0 0 1 0 0 0 62 58 0 0 63 59 0 56 0 29 28 0 0 0 31 24 0 0 0 0 44 0 41 46 0 17 0 0 16 21 18 0 0 0 0 0 0 0 12 9 
56 0 0 63 0 0 0 60 0 0 14 9 8 0 13 10 24 0 28 0 25 0 0 0 0 0 20 0 0 0 0 16 49 53 0 54 51 0 55 0 5 0 0 2 0 0 1 6 0 0 0 46 0 45 0 43 37 0 34 0 0 38 0 0 
0 26 0 0 0 0 0 0 43 44 0 0 40 47 0 0 56 0 0 0 0 59 58 0 0 0 52 0 55 51 49 0 0 21 0 0 0 0 0 0 0 0 35 0 0 0 33 0 0 9 15 0 8 0 10 11 0 0 0 0 0 0 0 0 
48 0 51 55 54 0 0 52 0 0 0 0 64 0 0 0 0 23 0 0 0 19 18 22 14 0 12 0 0 11 0 8 41 0 0 46 43 0 0 0 61 0 59 0 0 0 57 0 36 33 0 38 0 0 34 35 0 0 0 31 27 0 0 0 
0 2 3 7 0 1 0 4 19 0 22 17 16 0 0 18 0 0 0 0 33 0 34 38 0 26 0 29 0 0 0 24 57 61 60 0 59 0 63 0 13 8 0 10 0 15 0 14 52 49 0 54 0 0 0 0 0 0 0 47 0 46 0 41 
0 10 0 0 0 0 13 12 27 0 0 25 24 0 0 0 0 47 0 45 0 43 0 46 38 0 0 0 39 0 0 0 1 0 0 6 3 2 7 0 0 0 0 0 0 0 0 0 60 0 63 0 56 0 0 59 0 0 0 0 51 54 52 49 
0 18 0 0 0 0 0 0 35 0 0 33 0 39 0 0 48 0 52 53 49 0 50 0 0 0 0 45 47 43 41 40 0 0 0 0 11 0 15 0 29 0 27 0 28 31 0 0 0 1 0 6 64 0 0 3 61 0 0 0 59 62 0 0 
0 0 5 0 8 3 7 0 21 22 0 0 0 25 23 20 0 41 0 0 0 0 0 0 0 28 30 31 0 0 27 0 59 63 62 0 0 0 0 0 0 0 0 0 0 0 0 0 0 0 57 56 0 55 0 53 47 0 44 0 0 0 0 0 
0 60 61 1 0 0 63 0 0 14 0 11 0 0 15 0 0 0 0 31 0 0 0 32 0 0 0 23 25 21 19 18 0 55 0 56 0 52 0 0 7 0 0 4 6 0 0 0 0 43 0 0 0 47 0 45 0 0 0 0 37 40 0 35 
18 20 0 0 0 0 23 0 0 0 0 0 0 41 0 36 0 57 54 0 51 0 52 56 0 0 0 0 49 0 0 42 0 0 0 16 13 0 0 0 31 0 0 0 0 33 0 0 6 3 0 8 0 0 0 5 63 58 60 1 0 64 0 59 
0 0 0 57 56 51 0 0 5 0 8 0 0 9 0 4 0 25 0 0 0 21 0 24 0 12 14 0 17 0 0 0 43 0 46 0 0 0 49 0 63 0 61 60 62 0 59 64 0 35 0 40 0 39 0 37 0 26 28 0 0 0 0 27 
26 28 29 0 0 27 31 30 45 0 0 0 0 0 47 0 0 0 0 63 0 0 0 64 0 52 0 55 57 53 0 0 19 23 0 24 21 0 0 18 39 34 0 0 38 0 0 0 0 11 0 0 10 15 0 13 0 0 0 0 0 8 6 3 
0 0 37 0 0 35 39 0 0 54 0 51 0 57 0 0 2 0 0 0 3 0 0 0 0 0 62 0 1 0 59 0 0 0 0 0 0 0 0 0 47 0 45 0 46 49 0 0 22 0 0 0 18 0 20 0 0 10 12 0 0 16 14 11 
0 0 13 0 16 11 15 0 0 0 0 0 0 33 0 0 0 0 0 0 43 0 0 0 0 0 0 0 0 37 35 0 0 0 6 8 0 4 0 2 0 0 0 0 0 25 19 0 62 0 0 64 0 0 0 61 55 0 0 0 0 0 0 0 
0 44 45 0 48 0 0 46 0 0 0 59 0 0 0 60 0 0 14 0 0 13 0 0 8 0 0 0 0 0 0 0 0 39 38 40 37 36 41 0 0 0 53 0 0 0 0 0 30 0 0 32 0 0 0 0 0 18 0 25 0 0 22 0 
