8
22 0 0 20 0 0 23 0 0 0 0 35 0 0 0 37 0 53 54 57 0 0 0 0 27 0 29 30 33 0 31 0 0 0 0 0 62 0 0 0 13 0 0 17 16 14 12 11 0 0 3 0 0 0 9 0 0 0 0 49 50 43 0 47 
0 57 0 52 0 0 0 58 0 7 10 0 6 0 9 5 0 0 0 25 19 24 0 0 0 60 61 0 0 64 63 0 31 0 0 33 0 0 32 28 0 0 0 0 0 46 44 43 0 42 35 37 38 0 41 0 13 0 0 0 18 0 0 15 
0 0 0 36 0 0 0 0 0 55 58 0 0 0 0 53 7 0 0 0 0 8 4 10 0 44 45 0 49 0 0 0 15 0 18 17 0 0 16 0 0 0 0 0 0 30 0 0 0 26 0 0 0 23 0 20 61 60 0 1 2 59 0 0 
0 0 11 12 0 16 0 0 0 0 0 0 0 28 0 29 0 0 46 0 0 0 0 0 0 0 0 22 25 0 23 26 0 0 58 0 0 51 56 0 5 0 7 0 0 0 0 0 0 2 0 61 0 0 0 0 37 36 38 0 0 0 0 39 
0 49 0 0 0 48 0 0 64 63 0 0 62 60 0 61 0 0 0 0 11 0 12 0 51 0 0 0 57 0 55 0 0 0 0 0 22 0 24 0 37 0 0 41 0 0 36 0 0 0 27 29 0 0 0 0 0 0 0 9 0 3 8 7 
30 0 27 0 0 0 31 0 0 0 0 0 46 44 0 45 63 0 62 0 0 64 0 0 0 36 37 0 0 0 0 0 0 5 0 9 0 0 0 4 0 0 0 0 0 0 0 19 16 18 11 13 0 0 0 0 0 0 54 0 0 51 56 55 
0 0 0 4 0 8 0 10 0 0 0 0 0 0 25 21 39 37 0 41 0 0 0 0 0 0 13 14 17 0 15 0 47 0 0 49 46 0 48 0 61 0 0 1 0 0 60 59 56 0 51 53 0 55 0 0 29 28 0 33 34 0 0 0 
62 0 59 0 0 0 0 0 0 15 0 11 0 0 0 0 0 0 0 0 0 0 28 0 0 4 0 6 9 0 7 10 0 0 0 0 38 35 40 0 0 0 0 0 0 0 0 0 48 0 0 0 0 0 0 44 0 20 0 0 0 0 24 0 
0 47 0 0 43 46 45 0 62 0 0 0 0 0 63 59 0 0 0 0 9 0 10 0 0 0 51 52 0 54 53 56 21 0 24 23 20 17 0 0 0 40 37 39 38 0 34 0 0 0 25 0 0 29 31 26 0 2 0 0 8 1 0 5 
20 0 0 18 0 0 0 0 0 37 40 0 0 34 0 0 0 0 52 0 49 0 0 0 25 0 0 0 31 30 29 0 0 0 0 0 0 57 0 58 11 0 0 15 14 12 0 0 0 0 0 0 0 5 7 0 0 0 44 47 0 41 46 0 
0 7 0 2 0 6 5 0 0 0 24 17 0 0 0 19 0 0 0 0 33 0 0 0 0 0 0 0 0 0 0 16 45 0 0 0 0 0 46 42 59 0 0 0 0 0 0 57 0 56 49 51 0 53 0 50 27 0 0 0 32 0 0 0 
0 0 0 0 0 30 0 0 46 45 0 0 0 0 47 0 0 0 0 63 57 0 0 64 0 34 0 0 0 0 0 0 0 0 0 7 0 0 6 0 19 0 0 0 0 0 18 17 14 0 0 11 12 13 0 0 0 50 0 0 56 0 54 53 
0 0 57 0 0 62 61 64 0 0 0 9 12 10 0 0 29 0 0 31 0 30 0 0 0 2 3 4 0 6 5 0 37 0 0 0 0 33 0 34 51 0 0 0 0 0 50 0 0 0 0 0 0 0 0 0 0 0 20 0 24 0 22 21 
0 0 33 34 0 0 37 0 0 0 56 0 0 0 55 0 0 0 4 7 0 6 2 8 41 42 0 0 0 46 0 48 0 0 0 15 0 0 14 10 0 0 29 0 0 0 26 0 0 24 0 0 0 0 0 0 0 58 60 63 0 0 0 0 
12 0 0 0 11 0 0 16 30 0 0 25 0 0 0 0 0 43 0 0 0 46 42 48 0 0 19 0 0 22 21 0 0 0 56 55 0 0 54 0 0 0 0 0 6 0 0 1 62 64 0 0 0 0 0 58 0 34 0 0 40 0 38 37 
52 55 0 50 51 0 53 0 6 0 0 0 4 2 7 3 0 0 0 0 0 0 18 24 57 58 59 0 0 0 61 64 29 0 0 31 0 25 30 26 0 48 45 47 0 44 0 41 0 0 33 0 0 37 0 0 11 0 0 0 0 0 14 0 
45 48 42 0 0 47 0 49 63 62 0 0 0 59 0 60 0 0 0 0 0 15 11 17 0 51 0 0 0 55 0 0 0 0 25 24 21 18 23 0 36 0 0 0 0 37 35 34 31 0 0 0 29 30 32 27 4 3 0 8 0 0 7 0 
0 24 0 0 20 0 0 25 39 0 0 34 37 0 0 0 0 0 53 56 50 0 0 0 0 0 0 0 32 0 30 33 62 0 0 64 0 58 0 59 0 0 0 0 15 13 11 10 7 9 2 0 0 0 8 0 0 43 45 48 49 0 0 0 
37 0 0 35 0 0 38 41 55 0 57 50 0 0 0 0 0 4 0 0 2 7 3 0 42 43 44 0 0 47 0 49 0 0 0 16 13 0 0 11 28 0 0 32 31 0 0 0 0 25 0 20 21 0 24 19 0 0 61 64 0 58 63 0 
0 0 0 0 52 0 0 0 0 6 0 0 0 0 0 4 0 0 21 0 18 0 0 0 0 59 0 0 0 0 0 1 0 0 0 0 0 26 31 0 44 0 46 0 0 0 43 0 39 0 0 36 0 0 0 0 0 0 13 0 0 10 15 14 
0 64 0 59 0 0 0 1 15 14 0 10 13 0 16 12 30 0 29 32 0 31 0 33 0 0 0 5 8 7 0 9 0 0 0 40 37 0 39 35 52 0 0 56 0 0 0 50 47 0 42 0 0 0 0 43 20 0 0 24 0 0 0 0 
0 8 2 0 4 7 0 0 23 22 25 0 0 19 0 0 38 36 37 40 34 0 35 0 0 0 0 0 0 0 0 0 0 0 0 0 0 42 0 43 0 1 0 0 63 0 0 0 0 0 0 0 53 0 0 51 0 27 0 0 0 26 0 0 
13 0 0 11 0 15 0 0 0 0 0 26 29 27 0 28 0 44 0 0 42 0 43 49 18 19 0 21 0 23 22 25 0 0 0 0 0 0 0 0 4 9 0 0 0 0 0 0 0 0 58 0 0 62 64 59 0 0 37 0 41 0 0 0 
0 32 0 0 28 31 0 0 0 46 0 0 45 43 0 0 0 0 0 64 0 0 0 0 34 0 0 0 40 0 38 41 0 0 0 0 5 0 0 0 20 0 0 24 0 0 0 0 0 17 0 12 0 0 16 0 52 51 53 0 0 50 55 0 
27 30 24 0 0 0 28 31 0 44 0 0 43 41 46 0 0 58 0 0 0 61 57 63 0 0 0 0 0 37 36 0 0 0 7 6 0 0 0 1 0 23 20 22 0 19 0 16 0 0 0 0 11 0 0 9 50 49 0 0 0 0 0 0 
0 0 0 0 0 45 0 0 0 0 0 0 59 0 0 58 0 0 0 0 8 0 9 0 0 49 50 0 0 0 52 0 0 0 23 0 19 16 0 0 34 0 0 38 0 0 33 32 0 31 0 26 0 28 30 25 0 1 3 0 0 0 0 4 
51 0 48 0 0 0 52 55 5 4 0 64 3 1 0 0 0 0 0 0 0 0 17 23 56 0 0 0 0 0 60 0 0 0 31 30 0 0 0 0 0 47 0 46 0 0 0 40 0 0 32 34 35 0 0 33 0 0 11 14 15 8 0 12 
0 14 0 9 10 0 12 15 0 0 31 24 27 25 30 26 0 42 43 46 40 45 0 47 0 17 0 0 22 0 20 23 0 0 0 54 0 0 0 0 0 0 0 0 0 3 0 0 0 63 0 0 0 0 0 0 34 33 0 0 0 0 0 0 
0 0 0 0 0 0 20 0 37 36 0 0 0 0 38 0 0 0 0 0 48 0 0 0 24 25 26 0 30 29 0 0 60 0 0 0 59 56 0 57 10 0 0 14 13 0 9 8 0 7 64 0 3 0 0 1 0 0 43 0 47 0 0 44 
0 38 32 0 34 0 36 39 0 52 0 0 51 0 0 0 4 2 3 0 64 0 0 0 0 41 0 43 0 45 0 0 0 10 15 14 0 0 13 0 0 31 0 0 29 0 25 0 0 23 0 0 19 0 22 17 58 57 59 0 0 56 0 60 
3 0 0 1 2 5 0 7 0 0 0 0 0 17 0 0 0 0 35 38 32 37 33 39 0 0 0 0 14 0 0 15 0 42 0 46 0 40 0 0 0 0 60 62 0 0 0 0 0 0 0 0 0 0 0 49 0 25 0 0 0 24 29 0 
0 62 0 57 58 0 60 0 13 0 0 0 0 0 14 0 28 0 0 0 0 0 0 0 0 0 0 0 6 5 0 7 36 0 39 0 35 0 37 0 0 0 52 0 0 0 0 0 0 0 40 42 43 0 46 0 18 0 19 0 23 0 21 20 
1 0 0 63 0 3 2 0 0 0 0 0 17 0 0 0 0 0 33 0 0 35 0 37 0 0 0 9 0 11 10 13 42 0 0 44 0 38 0 0 0 61 0 0 59 0 0 0 0 53 0 48 0 0 52 47 0 0 0 0 0 22 0 0 
0 0 0 7 0 0 10 13 0 0 0 22 25 0 28 24 0 40 0 44 0 0 39 45 0 0 0 0 20 0 0 0 0 48 0 52 0 46 0 0 64 5 0 4 3 1 0 62 0 61 54 0 0 0 0 0 0 0 0 0 0 30 0 0 
0 0 0 0 0 0 0 0 0 10 0 0 9 0 0 0 0 0 0 28 0 0 0 29 0 63 64 0 4 0 2 0 0 0 37 36 33 0 35 0 48 53 0 0 51 0 0 0 0 0 0 40 0 42 0 39 0 0 17 0 21 14 0 0 
41 44 0 39 0 0 0 0 0 58 0 54 57 55 60 0 10 0 9 0 6 11 0 0 46 47 0 0 0 0 50 53 0 0 0 0 0 0 19 0 0 0 34 0 0 33 0 0 0 29 0 0 0 26 28 0 0 0 1 4 0 0 3 0 
0 28 0 0 24 0 0 29 0 0 0 0 41 0 0 0 0 0 0 60 54 59 0 61 30 0 0 33 0 0 0 0 0 64 0 0 0 62 0 63 16 21 0 20 0 0 0 0 11 0 0 8 9 0 0 0 0 47 49 0 0 46 51 0 
0 0 30 0 32 0 34 37 51 50 0 0 0 0 0 0 0 0 1 4 62 3 0 5 0 0 40 41 44 0 42 0 10 8 13 12 0 0 0 7 0 0 0 28 27 0 23 0 0 21 0 0 0 18 20 0 56 55 0 0 0 0 59 0 
0 52 0 47 48 0 0 0 0 0 0 62 1 63 0 64 0 16 0 0 14 19 0 0 0 0 0 0 60 59 0 0 26 0 29 0 0 0 0 0 40 0 0 44 43 41 39 0 0 0 30 0 33 34 36 0 0 0 9 0 0 0 11 10 
0 0 14 0 0 0 0 0 0 0 37 0 33 0 36 32 0 0 0 52 0 51 47 0 0 23 0 0 0 27 0 0 0 0 61 60 57 0 0 55 8 0 10 0 0 9 7 6 0 5 0 64 0 2 0 0 40 39 41 0 45 0 43 42 
0 0 0 53 0 0 0 0 9 8 0 0 0 5 10 0 24 0 0 0 0 25 21 27 60 0 0 0 0 0 64 0 32 0 0 0 0 28 0 0 0 0 0 50 49 0 45 0 41 43 36 38 39 40 0 0 0 13 15 18 0 0 0 16 
0 18 0 13 0 17 16 0 0 32 0 28 31 0 0 30 0 0 0 0 0 49 45 0 20 21 0 0 26 25 0 27 0 0 59 58 55 52 57 53 0 0 8 0 0 7 0 0 1 0 0 62 0 64 0 0 0 0 0 0 43 36 41 0 
0 0 0 29 0 33 32 0 0 0 0 0 0 0 0 46 0 62 0 2 0 1 61 0 36 37 38 0 42 0 0 0 8 6 0 10 0 0 0 0 0 0 24 26 0 0 21 0 0 0 0 14 15 16 0 0 0 0 0 58 0 0 0 56 
0 2 60 61 62 1 64 0 0 0 19 0 0 0 0 0 32 0 31 34 28 33 0 35 4 0 6 7 10 0 0 0 40 0 43 42 39 0 41 0 0 0 56 58 57 0 53 52 0 0 0 0 47 48 50 0 0 0 23 26 0 20 0 24 
0 0 20 21 22 25 0 27 0 40 43 0 0 37 42 38 0 0 55 58 52 0 0 0 0 29 30 31 0 0 0 35 0 62 0 0 0 0 0 61 14 19 16 0 17 15 13 0 0 11 0 0 0 8 0 0 0 0 47 50 0 0 0 0 
0 10 0 5 6 0 0 0 0 24 0 20 0 0 0 22 40 38 39 0 0 0 0 43 0 13 14 0 0 17 0 0 0 46 51 0 0 0 49 45 0 0 0 0 0 0 0 0 57 0 0 0 0 56 58 53 30 29 0 0 0 0 0 0 
0 0 0 0 0 0 0 51 0 64 3 60 63 0 0 62 16 0 0 0 0 0 0 0 0 0 54 55 58 57 56 0 0 22 27 0 0 20 25 0 0 0 40 42 41 39 0 36 33 0 0 30 31 0 0 0 0 0 7 10 0 0 0 0 
39 0 0 0 38 0 0 43 0 56 59 0 0 53 0 0 0 6 0 0 4 9 0 0 0 0 46 47 50 0 0 51 16 14 19 0 0 0 17 0 0 35 32 34 0 0 29 0 0 27 0 0 23 0 0 21 62 0 0 2 3 0 0 0 
2 0 0 0 1 0 3 0 20 0 0 0 0 0 0 0 0 0 0 37 0 0 0 0 0 0 0 0 13 12 0 0 43 0 46 45 0 0 0 0 0 62 59 0 60 58 0 55 0 0 47 0 0 51 0 48 0 0 0 0 0 23 28 27 
26 0 0 0 0 0 27 30 0 0 46 0 42 0 0 0 0 0 0 0 55 60 0 0 0 0 33 34 0 0 35 0 3 1 0 0 2 0 4 0 0 22 19 21 20 18 0 0 12 0 0 9 10 0 0 8 0 48 0 53 0 0 52 0 
0 0 47 0 0 0 51 0 4 3 6 63 2 64 5 0 0 0 18 0 0 0 16 0 0 0 0 0 61 0 0 62 0 25 30 0 0 0 0 0 0 46 43 0 0 0 0 39 0 0 0 33 0 0 0 0 0 8 0 0 14 0 12 0 
0 0 0 8 0 0 11 0 0 0 0 0 0 0 0 25 0 41 42 0 0 0 40 46 0 0 0 18 21 0 19 22 51 49 0 53 50 0 0 0 1 0 0 5 4 2 0 0 0 62 55 0 0 0 61 0 0 0 0 0 0 31 36 0 
0 45 0 40 0 0 43 0 0 0 62 0 0 56 0 0 11 0 0 13 7 0 0 14 0 48 49 0 0 52 51 0 0 0 0 0 0 15 0 0 33 0 0 37 0 0 0 31 28 0 0 0 26 0 0 24 0 64 0 5 0 0 4 0 
18 0 15 0 17 0 0 0 0 35 0 31 0 0 0 33 0 49 50 53 0 0 48 54 0 24 0 26 29 0 27 30 0 57 0 0 58 55 0 0 9 14 11 0 0 10 8 0 0 0 63 1 2 0 0 64 41 40 42 45 46 0 44 0 
0 0 55 0 57 0 59 62 12 0 14 0 0 8 13 0 27 0 0 0 23 0 0 0 0 64 0 2 0 0 3 0 0 0 0 0 0 31 0 0 0 0 51 0 52 0 0 0 0 0 0 0 0 43 0 40 17 0 0 0 22 0 20 19 
0 37 31 0 0 0 35 0 52 0 0 0 50 0 0 49 3 1 2 0 63 0 64 0 0 40 0 0 0 0 0 46 0 0 14 13 0 7 0 0 25 30 0 29 0 26 24 0 0 0 15 0 0 0 21 16 0 0 0 61 0 0 0 0 
0 43 0 0 0 0 41 44 0 57 0 0 56 0 0 0 0 7 8 11 0 0 0 12 0 46 0 0 0 0 0 0 0 0 0 19 16 0 0 0 31 36 0 0 0 32 0 0 26 0 0 0 0 0 0 0 0 62 64 0 4 0 0 0 
0 0 0 0 0 34 0 0 50 49 52 45 0 46 51 47 1 0 64 0 0 0 0 0 37 38 0 40 43 42 0 0 0 7 12 11 0 5 0 0 0 0 0 0 0 0 0 0 0 20 13 0 16 17 0 0 0 0 0 59 60 53 0 57 
0 19 0 0 0 0 0 20 34 0 0 29 32 0 0 0 49 0 48 0 0 50 0 0 0 0 0 0 0 0 0 28 0 0 0 0 56 53 58 54 7 12 0 0 10 0 0 0 0 4 0 0 0 0 0 0 39 0 0 0 0 37 42 41 
0 11 5 6 0 0 9 0 26 25 0 0 0 22 0 0 0 0 0 43 37 42 38 44 0 14 0 0 0 18 0 20 0 0 0 51 0 0 0 46 0 4 0 0 0 0 0 0 0 60 0 0 0 57 59 54 0 30 32 0 0 29 0 33 
0 0 0 46 0 50 0 52 0 1 0 61 64 0 3 63 0 15 0 0 0 18 0 20 0 54 0 0 0 58 57 0 0 0 28 0 24 21 26 0 39 44 41 0 0 0 0 37 0 0 0 31 0 33 35 0 0 0 0 0 0 5 0 0 
64 0 0 62 63 0 1 0 0 17 20 0 0 0 0 0 33 0 32 0 0 0 0 0 0 0 7 0 11 10 0 0 0 0 44 0 0 0 42 38 0 0 57 59 58 0 54 53 50 0 45 0 48 49 51 0 23 0 24 27 28 21 0 0 
0 59 0 0 55 58 0 0 10 0 0 0 0 0 0 0 0 23 0 0 21 0 22 0 61 0 63 64 3 2 1 0 33 31 0 35 0 29 0 0 0 52 0 0 50 48 46 45 0 44 0 0 40 0 43 38 15 0 0 0 20 13 18 0 
24 0 0 0 0 0 0 0 0 41 0 37 0 38 0 39 0 55 56 59 0 58 0 0 0 0 0 32 35 0 0 36 1 63 0 3 0 0 2 0 0 20 0 0 0 0 14 13 0 0 0 0 0 9 11 0 47 46 48 51 52 45 0 0 
