8
0 0 55 56 0 0 0 57 0 0 0 0 0 0 0 0 0 0 0 0 0 0 0 0 0 3 0 0 0 64 0 6 7 0 13 10 9 8 0 12 0 34 36 0 0 37 31 35 0 0 46 0 0 0 0 44 0 0 18 0 0 0 19 20 
0 0 0 0 0 0 0 0 0 0 0 0 0 57 55 59 0 0 0 21 0 0 18 0 0 35 33 31 0 0 0 0 0 43 0 0 0 0 46 0 1 0 4 64 0 0 0 3 11 0 14 8 10 13 0 12 47 0 0 48 53 49 51 52 
0 0 0 0 0 34 0 0 64 0 0 0 0 0 63 3 0 27 30 0 28 0 0 24 45 0 0 0 0 0 42 46 47 51 53 50 0 48 0 0 0 0 12 0 14 13 0 0 19 15 0 0 0 0 17 20 55 0 58 56 0 0 0 60 
0 0 0 0 0 42 0 0 8 10 0 0 0 9 0 0 33 0 0 37 0 0 0 32 0 0 0 0 52 48 0 54 0 0 0 0 0 56 62 60 0 18 0 0 22 0 0 0 27 0 30 0 26 0 25 0 0 6 0 64 0 1 0 4 
0 0 0 0 0 0 0 9 40 0 0 0 45 41 39 0 0 3 0 0 4 63 0 64 0 0 17 0 0 0 18 22 0 0 0 26 0 0 0 0 49 0 52 0 0 0 0 51 59 55 0 0 0 0 57 60 0 38 34 0 0 0 35 0 
0 52 47 0 0 50 53 49 16 0 0 20 21 0 0 0 0 43 0 0 0 0 42 0 61 59 0 0 0 0 0 62 0 3 5 0 1 0 6 0 0 0 0 0 0 0 23 0 0 0 0 0 34 0 33 36 7 14 0 8 0 0 0 12 
22 20 15 0 0 0 0 0 48 50 54 0 53 49 0 0 0 11 14 0 12 0 0 0 0 0 25 23 28 0 26 0 0 35 0 0 0 0 38 0 0 0 60 0 0 0 0 59 0 0 6 64 0 5 1 0 0 0 0 40 0 41 0 0 
6 4 0 0 0 0 0 1 32 0 0 36 0 0 31 0 0 59 62 0 60 55 0 56 0 0 0 7 12 0 0 0 15 19 0 0 17 0 22 0 41 0 0 0 0 0 0 0 51 0 54 0 50 0 49 0 0 0 0 0 0 0 27 0 
0 0 28 0 0 0 0 0 0 0 0 0 0 62 60 64 22 0 0 26 0 0 23 0 42 0 38 0 41 0 0 43 0 48 50 0 0 0 51 0 6 7 0 5 0 0 0 0 16 12 19 13 0 0 14 0 52 0 0 0 0 54 56 0 
0 0 0 0 24 23 26 0 0 0 59 57 0 54 0 0 0 0 19 0 0 0 15 13 0 0 0 28 33 0 0 0 0 0 42 39 0 37 0 0 62 63 1 0 0 0 60 0 8 4 0 5 7 0 6 9 0 0 0 0 0 0 0 49 
11 0 0 5 8 0 0 0 0 0 0 41 42 38 0 0 62 0 3 0 0 0 63 0 0 0 0 0 0 0 0 19 20 24 26 23 0 0 0 25 0 47 49 45 0 0 0 0 0 0 0 0 55 58 0 0 28 0 0 29 34 30 32 0 
0 0 0 53 56 0 58 0 0 0 0 0 26 0 0 24 0 48 51 0 0 0 0 0 2 0 62 60 1 0 63 3 0 0 10 7 0 0 0 9 30 0 0 29 0 0 0 0 0 36 0 0 39 0 0 0 12 0 0 13 0 0 16 17 
0 0 0 0 0 0 42 0 5 7 11 0 0 6 0 8 30 0 0 0 0 0 0 0 0 48 0 44 49 0 0 0 0 0 58 0 54 53 59 0 0 15 17 13 0 0 0 16 24 0 0 0 0 0 0 0 0 0 63 0 2 62 0 0 
0 1 0 61 64 0 0 0 0 0 35 0 0 0 0 32 0 0 0 0 57 0 0 0 0 0 6 4 0 5 0 11 12 0 18 0 14 0 19 17 0 0 41 0 43 0 0 0 0 44 0 45 0 0 0 49 0 0 0 21 0 22 0 0 
51 0 44 0 0 47 0 0 13 0 0 17 18 0 0 16 38 40 0 42 41 0 39 37 58 56 0 52 0 0 0 0 60 64 2 0 62 61 3 0 0 23 25 0 27 0 20 24 32 28 0 0 0 0 30 33 0 11 0 0 0 6 0 0 
0 0 12 13 16 0 18 14 45 0 0 0 50 46 0 48 0 0 11 10 0 0 0 0 0 24 0 0 0 21 0 27 28 32 34 0 30 0 0 0 0 0 57 0 0 0 0 0 64 60 3 61 63 0 0 0 0 0 0 0 0 0 40 41 
0 0 0 0 52 51 0 50 0 0 23 0 0 18 0 20 0 44 0 0 45 0 0 41 0 0 58 0 61 0 0 63 0 4 0 0 0 0 0 0 26 27 0 0 31 30 0 28 36 32 39 33 35 0 0 0 0 0 0 0 0 0 12 0 
23 21 0 0 20 19 22 18 0 0 0 53 0 50 48 52 0 0 15 14 0 8 0 0 0 0 0 0 0 25 0 31 0 0 38 0 0 0 39 37 58 0 0 0 63 0 56 0 0 0 7 1 0 6 0 0 40 47 0 0 0 0 0 0 
0 0 0 0 44 43 46 0 0 11 15 13 14 10 8 12 34 36 39 0 0 0 35 0 0 0 50 0 0 0 51 55 0 0 0 59 0 57 0 0 0 19 21 0 23 0 0 20 0 24 31 0 0 0 0 0 64 7 3 0 0 2 4 0 
0 0 0 33 36 0 38 34 0 3 0 5 0 0 0 4 0 28 0 30 29 0 0 25 46 44 0 0 45 0 43 0 0 52 0 0 50 0 0 53 10 11 13 0 0 0 0 0 20 0 0 0 19 0 18 0 0 63 0 57 0 58 60 0 
0 5 64 0 0 3 6 0 0 0 0 37 0 34 0 0 0 0 63 62 0 0 0 0 0 0 10 0 13 9 11 0 0 0 0 0 0 0 23 0 0 0 45 41 0 0 0 0 0 0 55 49 0 54 0 0 0 31 27 25 0 26 0 0 
0 0 0 0 60 0 0 58 0 27 0 0 30 26 0 28 0 0 0 0 0 0 0 0 6 0 0 64 0 0 3 7 8 12 0 11 10 0 15 13 0 0 0 0 39 0 0 0 44 40 47 0 0 46 0 45 16 23 0 0 0 18 0 0 
15 13 8 9 12 0 0 10 0 0 47 0 46 42 0 44 2 4 0 6 5 0 0 0 0 0 0 0 21 17 0 23 0 0 0 0 26 0 0 29 50 0 53 0 0 54 48 0 0 56 63 0 59 0 58 0 0 0 0 33 38 34 36 37 
0 29 0 0 0 27 30 0 0 59 63 61 62 0 0 60 0 0 23 22 0 0 0 0 0 0 0 0 0 0 35 0 0 0 0 0 42 0 0 0 0 0 5 0 0 6 64 4 0 0 0 0 11 0 0 0 48 0 0 0 0 50 52 0 
0 0 0 18 0 20 0 0 50 0 56 0 0 0 49 0 0 13 16 0 0 9 0 10 31 0 0 25 30 26 28 0 33 37 0 0 35 0 40 38 0 0 0 0 0 0 0 61 0 0 8 0 4 7 3 0 0 48 0 0 0 0 0 46 
0 0 0 2 0 4 0 0 0 0 40 38 39 35 0 0 59 61 0 0 62 0 0 58 15 0 0 0 0 0 12 16 17 0 0 0 19 0 0 22 0 0 0 42 48 0 0 0 0 0 0 0 0 55 0 54 0 32 0 0 31 27 0 0 
0 0 0 10 0 0 15 11 42 44 0 0 47 43 0 0 0 5 8 0 0 0 4 2 23 21 0 0 22 18 20 0 25 29 0 0 0 0 0 30 51 0 0 0 56 55 0 53 61 57 0 58 60 0 0 0 0 0 36 34 39 0 37 38 
56 0 0 50 0 52 55 51 0 0 0 22 23 19 17 21 43 45 0 0 0 41 0 0 0 0 0 57 62 0 60 0 1 0 0 4 0 2 0 0 0 0 0 0 32 0 0 29 0 33 0 34 0 39 0 38 9 16 12 0 0 11 13 14 
48 46 41 0 0 0 0 0 0 12 0 0 0 0 9 0 0 0 0 0 0 0 0 0 0 0 0 0 0 0 52 56 0 61 63 0 0 0 0 0 0 0 0 18 0 23 0 21 0 0 32 0 0 0 27 30 0 0 4 0 7 0 5 6 
0 0 0 0 0 0 0 0 0 60 0 0 63 0 0 61 0 21 0 0 22 0 0 18 0 0 0 0 38 34 0 40 41 0 0 0 43 42 48 0 3 0 0 0 0 0 1 5 13 0 0 10 0 0 0 0 0 56 52 0 0 0 0 54 
40 0 0 0 37 36 0 0 2 0 0 0 0 3 0 0 0 29 32 0 0 0 0 26 0 0 0 0 0 42 44 48 0 0 0 0 0 50 56 54 0 0 14 0 0 0 9 0 21 17 24 18 0 23 19 0 0 0 0 58 0 59 61 0 
64 0 57 0 0 0 63 59 26 0 32 0 31 0 0 0 0 0 0 0 0 0 0 0 7 0 3 1 0 0 4 0 9 13 15 12 0 0 0 0 35 0 0 0 40 39 0 37 0 41 0 0 0 0 0 46 0 24 20 18 0 0 0 0 
0 48 0 0 0 46 49 0 12 14 18 16 17 0 0 0 0 0 42 41 0 0 0 36 0 55 0 0 0 0 0 0 0 63 1 0 61 60 0 0 21 0 0 20 0 0 19 23 0 0 34 0 0 33 29 0 0 10 0 0 0 0 0 8 
34 0 0 28 31 30 0 29 0 0 2 0 0 61 59 63 0 0 0 0 0 19 22 20 0 39 0 35 0 36 38 42 43 0 0 0 0 0 0 0 5 0 8 0 0 9 0 0 15 11 18 0 14 0 0 0 0 0 0 0 57 0 0 0 
0 56 0 0 55 54 57 0 0 0 0 24 0 0 0 0 0 47 50 0 48 43 0 0 0 0 0 0 0 0 0 0 3 0 9 0 5 4 0 0 29 0 0 0 0 33 0 31 39 35 42 36 0 0 37 0 0 18 0 0 17 0 15 16 
0 0 0 0 0 0 0 0 0 54 0 56 0 53 0 55 0 15 0 0 0 11 0 12 0 31 0 0 32 0 0 34 35 0 0 0 0 36 42 0 0 0 0 60 0 0 0 63 0 3 0 4 6 9 0 0 0 0 0 0 0 0 0 0 
10 0 3 0 0 6 9 5 36 38 42 0 41 0 0 0 61 0 0 1 0 59 62 60 17 0 13 11 16 12 14 0 19 23 25 22 21 0 26 24 0 0 48 44 50 0 43 0 55 51 0 52 54 0 0 0 27 0 0 28 33 0 0 32 
0 0 11 12 15 0 0 0 0 0 0 0 0 0 43 0 5 7 0 0 0 3 0 0 0 0 0 19 0 0 22 0 27 0 0 0 0 0 34 0 0 0 56 0 58 0 0 55 0 0 2 0 62 0 0 64 35 0 0 36 41 0 0 0 
42 0 35 0 39 38 0 37 4 0 10 8 0 0 3 0 29 31 34 0 0 0 0 28 0 0 0 0 0 44 0 0 0 0 0 54 0 0 58 56 13 14 0 0 0 17 0 0 0 0 26 20 22 0 21 0 59 2 0 60 0 61 63 0 
0 0 0 60 63 0 0 0 28 30 34 0 33 0 0 31 53 55 0 57 0 0 54 0 9 0 0 0 0 0 0 10 11 0 0 0 0 0 0 16 0 38 40 0 42 41 35 39 47 43 0 0 0 0 45 0 19 26 0 20 0 0 0 0 
0 0 18 0 22 21 0 0 51 0 0 0 56 0 0 54 0 14 17 16 15 0 13 11 32 30 0 26 0 0 0 33 0 38 0 0 0 0 0 0 0 61 0 59 1 0 58 0 0 2 0 0 0 0 4 7 0 49 0 43 0 44 0 47 
0 7 0 3 6 5 0 0 35 37 41 39 0 0 0 38 60 62 1 0 0 0 0 0 16 14 0 10 15 0 0 17 18 22 0 21 0 0 25 0 44 0 0 0 49 0 0 0 0 0 57 0 0 56 0 0 0 33 0 0 32 28 30 0 
0 0 58 59 0 0 64 0 0 0 0 31 0 28 26 30 52 54 57 0 55 50 53 51 0 6 4 2 0 3 0 0 0 14 16 0 0 11 0 15 0 0 39 0 41 0 34 38 0 42 0 43 45 48 44 0 0 0 0 0 0 0 0 23 
41 0 0 0 0 37 0 0 0 0 9 0 8 0 0 0 28 0 33 32 0 0 0 27 0 0 0 42 47 0 0 0 0 0 56 53 52 0 57 55 12 0 0 0 17 16 0 0 22 18 0 19 21 24 0 0 0 0 0 59 64 0 0 0 
17 0 0 0 14 13 16 0 43 45 0 47 0 0 42 46 4 6 0 0 0 2 5 0 0 0 0 18 23 19 21 0 26 0 0 0 0 27 33 31 0 0 0 0 0 56 0 54 0 0 1 0 0 0 0 0 0 0 37 0 0 0 38 39 
0 47 42 0 46 0 48 44 0 13 17 15 16 12 0 0 0 0 41 40 0 0 0 35 0 0 52 0 0 0 53 57 58 0 64 61 0 59 1 0 20 21 23 19 0 24 0 0 0 0 0 0 0 0 0 0 0 0 5 0 0 0 6 7 
0 0 0 0 0 0 0 0 0 0 0 63 0 60 58 0 0 22 25 0 0 18 0 19 0 0 0 0 0 35 0 41 42 46 0 0 44 43 0 0 0 0 0 3 0 8 2 0 14 0 17 11 0 16 12 15 0 0 0 0 0 0 0 0 
0 0 0 0 54 0 0 52 0 0 0 0 24 20 0 22 44 46 0 48 47 0 0 0 0 62 0 0 63 0 61 0 0 0 0 5 0 0 9 0 0 0 0 27 33 0 26 0 0 0 0 35 0 0 0 0 0 0 0 0 0 12 14 15 
29 27 22 0 0 0 28 0 0 57 61 59 0 56 0 0 0 0 0 0 0 0 0 15 0 0 0 0 35 0 0 0 0 42 44 41 0 0 45 0 0 0 0 0 0 4 62 2 0 0 0 7 9 0 0 0 0 0 0 0 52 0 50 0 
53 51 46 0 50 49 52 48 15 0 0 19 20 16 0 18 0 42 0 0 43 38 0 39 0 0 0 0 59 55 57 0 0 2 4 0 0 63 5 0 24 0 27 0 0 28 22 26 0 30 37 0 0 0 0 0 0 0 0 0 12 8 0 11 
21 19 0 15 0 17 20 16 0 49 0 51 0 0 0 0 0 0 0 12 0 0 0 7 0 0 0 0 0 0 25 29 0 34 36 33 32 31 0 0 56 57 0 0 61 0 0 58 0 62 0 0 1 0 64 0 38 0 0 39 0 40 42 0 
0 0 0 63 2 0 0 0 0 0 0 0 36 0 30 34 0 0 0 0 0 0 0 0 12 0 0 6 0 0 0 0 0 0 0 0 0 0 0 19 40 0 0 0 0 0 0 0 50 46 53 47 49 0 48 0 22 29 0 23 0 24 26 27 
37 0 30 31 0 33 0 32 63 0 0 0 4 0 62 0 24 0 29 28 0 22 0 0 0 0 0 0 0 0 41 45 46 50 0 49 0 47 0 51 0 0 0 7 13 0 6 0 0 14 0 15 0 0 16 19 54 0 0 55 0 0 58 0 
0 59 0 0 58 0 0 56 0 0 29 27 0 24 22 0 0 0 53 52 0 46 0 47 0 2 0 0 3 63 0 0 0 10 12 0 0 0 0 0 0 0 0 0 37 0 0 34 42 0 0 0 41 44 40 0 0 0 0 15 0 16 0 19 
0 0 0 39 42 0 0 0 7 0 0 11 0 0 0 0 0 0 0 36 0 0 0 0 0 0 0 46 51 0 49 53 0 0 60 0 0 0 61 0 0 0 19 0 0 20 0 0 0 22 0 23 0 28 0 27 62 0 1 63 4 0 2 3 
0 11 0 0 10 0 12 0 39 0 45 43 0 0 0 0 0 2 0 0 3 62 0 0 0 0 0 14 0 0 17 0 0 0 28 0 0 0 29 0 48 0 0 0 53 52 0 0 58 54 0 55 0 0 0 0 0 37 0 31 36 32 0 0 
0 58 53 0 0 0 0 0 0 0 0 0 27 0 21 0 47 0 52 0 50 45 0 46 0 0 63 0 0 62 64 0 5 0 0 8 7 6 0 10 31 0 0 0 36 0 0 0 0 0 44 0 0 43 39 42 13 0 0 14 0 0 17 0 
0 0 13 0 17 16 0 0 46 0 52 0 0 0 0 49 0 9 0 0 0 0 8 0 27 25 23 21 0 22 0 0 29 0 35 0 0 30 0 34 0 56 0 0 60 0 0 0 0 61 0 62 0 3 63 2 0 44 0 0 43 0 0 0 
0 42 0 0 41 0 43 0 6 8 0 0 0 0 0 9 0 0 36 0 34 29 0 0 0 49 0 45 0 0 0 52 0 0 59 0 55 54 0 0 0 0 0 0 0 0 13 0 25 21 0 22 0 27 23 0 61 4 0 0 3 63 1 2 
12 10 0 6 0 0 0 7 0 40 0 0 43 0 37 41 63 1 0 0 2 0 0 0 19 17 0 0 0 0 0 0 21 0 27 0 0 22 0 0 0 48 0 46 52 51 45 49 57 0 60 0 56 0 0 0 0 0 0 0 35 31 0 34 
0 0 21 0 0 0 0 0 54 56 0 0 0 0 53 57 0 17 20 19 18 0 16 14 0 0 0 0 0 30 32 36 0 41 43 40 0 38 0 42 63 0 2 62 4 0 0 0 0 5 0 0 0 0 0 0 0 52 0 0 0 47 49 0 
52 0 0 46 0 48 0 0 0 16 0 18 0 15 0 0 0 0 0 0 0 0 0 0 59 0 0 53 0 0 56 0 0 1 0 64 63 0 0 0 0 0 26 22 0 0 0 0 0 29 36 0 0 35 0 0 0 0 0 6 11 0 9 10 
0 0 0 0 33 0 0 0 0 64 4 2 0 0 0 0 23 0 0 27 0 21 0 22 43 41 39 0 42 38 0 0 0 0 0 0 0 46 0 0 0 8 10 6 0 11 0 0 17 13 0 14 16 0 0 0 0 0 0 0 0 55 0 0 
4 2 0 0 1 0 0 0 0 0 0 34 0 0 0 0 0 57 0 0 58 53 0 54 0 9 7 0 0 0 8 0 0 0 19 0 15 14 0 18 39 0 0 0 0 0 37 0 0 0 52 46 0 0 47 50 21 28 0 0 0 0 25 26 
