8
10 0 15 14 12 0 0 0 0 62 0 0 0 0 0 0 0 0 28 25 0 30 31 24 0 51 0 0 0 48 0 0 0 0 5 0 64 7 3 0 0 22 0 0 0 0 17 0 39 34 0 0 37 0 36 0 45 0 43 0 0 44 0 0 
0 0 55 0 0 48 53 0 0 38 0 33 0 39 0 34 3 2 4 0 0 0 0 0 30 0 0 0 0 0 28 0 0 42 0 0 40 0 43 0 58 0 0 0 61 0 57 0 0 0 0 11 13 0 0 0 0 16 0 17 23 0 0 0 
0 0 23 0 0 0 0 0 0 6 0 0 0 0 0 2 35 0 36 0 0 38 39 0 0 0 0 0 0 0 0 0 0 10 0 9 0 15 0 0 0 30 0 0 0 24 0 27 0 42 40 0 0 41 0 0 0 0 0 0 55 0 0 0 
0 25 0 0 0 0 0 0 8 0 11 0 13 15 0 0 0 0 0 0 45 0 0 0 0 3 0 1 2 0 4 0 22 18 0 17 16 0 19 0 0 0 0 39 37 32 0 0 55 50 0 51 53 0 0 54 61 0 59 57 0 60 62 58 
34 0 0 0 0 0 37 0 16 0 0 17 0 0 0 18 0 0 52 0 0 0 0 0 0 0 0 0 10 8 12 13 30 0 0 0 0 31 0 28 0 46 0 0 45 0 0 0 0 0 56 0 0 57 0 0 5 0 3 1 0 4 6 0 
0 0 63 0 0 0 0 59 0 0 43 41 45 0 44 42 0 0 0 0 0 14 15 0 0 35 39 0 0 0 36 0 0 0 53 0 0 0 0 52 0 0 4 0 0 0 1 3 23 18 16 19 21 17 0 22 29 0 27 25 0 28 0 26 
0 41 0 0 0 40 0 0 24 0 0 25 29 31 0 0 59 0 0 0 61 62 0 56 22 19 23 17 18 0 0 0 0 34 0 0 32 0 35 36 0 54 52 55 0 48 0 0 7 2 0 0 0 1 4 0 13 8 0 0 15 0 0 0 
0 0 0 6 0 0 5 3 48 0 0 0 53 55 52 0 0 18 20 17 0 0 0 0 46 43 0 0 0 40 44 0 62 0 0 0 56 63 59 60 0 0 0 0 0 0 9 11 31 0 24 0 29 25 0 0 37 32 35 33 0 36 38 34 
7 0 0 0 9 5 10 0 0 59 56 54 0 0 0 0 24 0 0 0 26 0 0 0 51 48 0 0 0 0 0 0 0 0 2 62 0 4 0 1 0 19 17 20 18 0 0 0 36 0 0 0 0 0 33 0 0 0 0 38 44 41 0 39 
39 38 0 43 0 0 0 40 0 0 0 0 0 0 0 23 0 0 0 0 0 0 0 53 0 0 20 0 15 13 17 0 35 31 0 0 29 36 32 0 0 0 0 52 0 45 0 0 0 0 0 64 2 0 1 3 0 0 0 0 12 0 0 0 
0 0 0 0 0 45 0 48 0 0 0 0 0 0 33 31 0 0 1 0 2 3 4 0 0 24 0 0 23 0 0 0 43 0 42 38 0 0 0 0 0 59 57 60 58 0 0 0 0 0 0 0 10 0 0 0 0 0 0 0 20 0 19 15 
0 0 0 0 0 0 26 24 5 0 8 0 10 0 0 0 0 39 41 0 0 0 0 37 0 64 4 0 0 61 1 2 19 15 0 14 13 0 0 0 0 0 0 36 0 0 30 0 0 47 0 48 0 0 49 0 0 0 56 54 0 0 59 0 
0 0 0 0 0 29 0 0 13 19 0 14 0 0 17 15 0 0 0 0 0 51 52 0 0 8 0 6 7 0 9 0 27 0 26 22 0 0 0 25 39 0 41 44 0 0 38 40 0 0 53 56 0 0 0 0 0 61 0 0 4 0 3 0 
55 0 0 0 57 0 0 0 37 0 0 0 42 44 41 0 0 0 9 0 10 11 12 5 0 32 0 0 31 29 33 0 0 47 0 0 0 0 48 49 0 0 0 0 0 61 0 0 20 15 13 0 0 14 17 19 26 0 0 22 28 25 0 0 
63 0 0 0 0 0 0 0 45 0 48 0 0 0 0 0 16 15 17 0 0 0 0 0 43 0 0 0 39 37 0 42 0 0 0 54 0 60 0 57 0 11 9 0 10 0 0 0 0 0 21 0 0 22 0 0 34 0 32 30 0 0 0 31 
0 0 0 19 0 0 18 0 0 3 64 0 0 4 0 63 0 31 0 30 0 35 0 0 0 0 60 0 0 53 57 58 11 7 0 6 5 0 0 9 0 0 0 28 26 0 0 24 44 0 0 40 0 0 41 0 0 0 0 0 52 0 0 0 
0 0 0 0 61 57 0 0 0 0 44 42 46 48 0 0 0 0 0 10 0 0 0 0 0 0 0 0 35 0 0 0 0 0 54 0 49 0 0 0 0 0 5 0 6 1 0 0 24 0 0 0 22 0 0 0 30 0 0 26 32 0 31 0 
0 0 32 31 29 0 0 28 0 0 0 0 0 16 0 11 44 43 0 42 0 47 0 41 0 0 0 0 0 0 5 0 0 0 0 0 0 24 20 0 35 0 0 40 38 33 34 0 56 0 49 52 0 50 0 0 0 0 60 0 64 61 63 59 
19 18 0 0 21 17 22 20 0 0 4 0 0 0 0 3 36 0 37 0 0 0 40 0 63 0 0 58 59 57 61 62 0 11 0 10 9 0 0 13 27 31 0 0 0 0 26 28 0 0 41 0 0 0 45 0 54 49 0 0 56 53 0 51 
0 0 0 7 0 0 6 4 49 0 0 0 0 56 53 51 20 0 21 0 22 0 0 0 47 0 0 0 43 41 45 0 63 0 0 0 0 0 0 0 11 15 0 0 0 9 10 0 32 0 25 28 0 26 29 31 38 0 0 0 0 0 0 0 
0 34 40 0 37 0 0 36 17 23 0 18 22 24 21 19 0 0 53 50 0 0 0 0 0 0 0 10 11 9 0 0 0 0 30 26 25 0 0 0 43 47 0 0 0 0 0 0 0 0 57 0 0 0 61 0 6 1 4 0 8 5 0 0 
0 0 0 0 45 41 0 0 25 0 0 0 0 0 0 0 0 0 61 0 0 0 64 0 0 20 24 0 0 0 0 0 39 35 0 0 33 40 0 37 51 55 0 56 54 49 0 52 8 0 1 4 6 2 0 7 14 9 0 0 0 0 15 0 
0 0 56 0 53 49 0 0 0 0 0 0 38 0 37 35 4 0 0 2 6 0 8 0 0 0 0 26 27 25 29 30 47 0 46 42 0 0 0 45 59 0 61 0 0 0 58 60 0 0 0 0 14 0 0 0 0 17 0 18 24 21 0 0 
11 0 16 0 0 0 0 12 0 0 60 0 62 64 61 0 0 27 29 0 0 31 0 0 0 0 0 50 0 0 0 54 0 0 0 2 0 0 4 5 19 0 21 24 22 17 0 0 40 35 0 36 38 0 0 0 0 41 0 0 0 0 47 43 
0 0 0 37 35 0 0 0 0 21 18 0 0 0 19 17 50 49 0 0 0 53 0 47 0 0 14 0 9 7 0 0 29 0 28 0 0 30 0 0 41 0 43 0 44 0 0 0 0 0 0 0 0 0 59 61 0 63 0 0 0 0 0 1 
0 64 0 5 0 0 0 2 47 53 0 0 52 0 51 0 0 0 0 16 20 0 22 15 0 0 0 0 0 39 0 0 61 0 0 0 55 62 0 0 0 0 0 0 12 7 0 0 0 25 23 0 0 0 0 29 0 31 0 0 0 0 0 0 
25 24 30 0 27 0 0 0 0 13 10 0 12 0 11 0 0 0 43 40 0 0 46 39 0 0 0 0 0 0 0 0 0 17 20 0 15 22 0 0 33 0 0 0 0 31 0 34 0 0 47 0 0 0 51 0 60 0 58 0 0 0 61 0 
0 0 0 21 19 0 20 18 63 0 2 0 0 6 0 1 34 0 35 0 0 37 38 31 61 0 0 56 57 0 59 60 13 0 0 0 0 0 10 0 0 0 0 0 28 0 0 0 46 41 0 42 44 0 0 0 0 47 50 48 0 51 0 49 
41 0 0 45 0 0 0 42 23 0 0 24 28 0 27 25 58 57 59 56 0 61 0 0 21 0 22 0 17 0 19 0 0 33 36 32 31 0 34 0 49 0 51 54 52 47 48 0 0 1 0 2 4 0 0 0 12 7 0 8 0 11 13 9 
0 0 0 13 0 7 0 0 0 0 0 56 0 0 59 0 0 0 0 0 0 29 0 0 0 50 0 48 0 0 0 0 5 0 0 0 63 0 2 0 0 0 19 22 0 15 0 18 0 33 0 0 36 0 0 0 44 39 0 0 0 43 45 41 
0 0 0 61 0 0 60 0 0 45 42 0 44 0 43 41 0 0 0 8 0 13 14 7 0 0 0 0 33 31 0 0 0 49 0 48 0 0 50 0 1 0 3 6 0 63 64 0 22 0 0 0 0 0 19 0 0 23 26 24 30 27 0 0 
49 48 0 0 0 0 52 0 31 37 34 32 0 38 35 33 2 0 3 0 4 5 6 0 0 26 30 0 25 23 0 0 0 0 44 0 0 0 42 0 0 0 59 0 0 0 0 0 0 9 0 0 0 8 11 0 0 0 0 16 0 0 0 17 
0 0 33 0 0 0 0 0 0 0 0 0 0 0 14 12 0 0 0 0 0 0 0 0 0 0 0 0 0 2 0 0 0 0 23 0 0 0 21 0 0 0 0 0 0 0 0 0 57 0 50 53 0 0 0 56 63 0 0 0 0 0 0 60 
0 0 41 0 0 0 0 37 18 0 21 0 23 0 0 0 53 52 54 51 0 56 0 50 16 0 17 0 0 10 0 15 32 0 31 27 26 33 0 30 0 48 0 0 47 0 43 0 0 0 0 0 63 59 0 0 7 2 0 3 9 6 8 4 
0 0 0 0 22 0 0 21 0 8 0 0 7 9 0 0 0 0 0 35 0 40 0 0 0 0 0 59 0 0 62 0 0 0 0 11 0 0 0 14 28 0 30 33 31 26 27 0 0 0 42 45 47 0 0 0 55 50 53 0 57 0 56 0 
0 0 57 56 0 50 0 53 0 40 37 35 39 41 0 36 5 0 0 0 7 0 0 2 0 0 0 27 28 0 30 0 48 44 0 0 0 0 45 46 0 0 0 1 63 0 59 61 0 0 10 0 0 0 0 16 23 18 0 0 0 0 0 0 
0 0 9 0 0 0 7 5 0 56 0 0 55 0 54 52 0 0 22 19 23 0 25 0 0 0 0 0 44 42 46 0 64 60 0 0 0 1 0 62 12 16 0 0 0 10 0 13 33 0 26 0 31 27 0 32 39 34 0 0 0 0 40 0 
0 0 49 0 0 0 0 0 26 0 0 0 31 0 30 28 0 60 62 59 63 0 0 0 24 21 0 0 0 0 0 0 0 0 0 0 0 41 0 0 52 56 0 0 55 50 0 0 0 4 2 0 0 3 0 0 15 0 0 0 17 14 0 0 
0 0 0 16 0 0 0 0 0 0 0 59 0 1 62 60 29 0 30 0 31 32 0 0 0 53 57 51 52 0 0 55 0 4 7 0 2 9 0 0 0 0 22 25 0 0 0 0 0 0 0 0 0 0 0 0 0 0 0 0 49 0 0 44 
0 0 1 0 0 58 63 0 42 48 0 0 0 49 46 0 13 12 14 0 15 0 0 10 40 0 0 35 0 0 0 0 56 52 55 51 50 57 0 0 0 0 6 0 0 0 3 0 0 20 0 21 23 0 0 24 0 0 0 0 33 30 0 0 
0 53 59 58 0 0 0 55 36 42 0 0 41 43 0 38 0 0 8 0 9 10 0 0 34 31 35 0 0 0 32 33 0 46 0 45 0 0 0 0 62 2 0 3 0 0 0 63 0 14 12 15 17 0 0 0 0 20 0 21 27 0 0 22 
0 13 19 0 0 0 17 15 0 0 0 0 1 3 64 0 0 30 0 0 33 34 0 0 58 55 0 53 0 52 56 0 0 0 9 0 0 0 7 0 0 26 0 0 0 20 0 23 0 0 0 0 0 0 0 0 0 44 0 0 51 0 0 46 
0 21 0 26 0 0 0 0 4 10 7 0 0 0 0 0 0 38 40 0 0 42 0 36 0 0 0 61 0 0 0 0 18 14 17 0 0 0 0 0 0 0 0 0 33 0 0 0 51 0 0 47 49 0 0 50 0 52 55 0 0 0 0 54 
46 0 51 0 0 44 49 47 28 0 0 29 33 0 0 0 0 62 64 0 0 0 0 0 0 0 27 21 0 0 0 0 42 38 41 0 0 43 0 0 0 58 0 0 0 0 0 0 0 0 0 0 0 5 0 0 0 0 15 0 19 0 18 14 
0 37 0 42 0 36 0 0 0 26 0 21 25 27 0 0 0 54 0 0 0 58 59 0 18 15 0 0 0 12 16 17 0 30 0 0 0 35 0 0 0 50 0 0 49 0 45 47 3 62 60 0 1 61 0 2 0 4 0 5 0 0 10 0 
0 0 3 0 64 0 1 63 0 0 47 45 0 0 0 0 15 0 0 13 0 0 19 0 0 0 0 0 0 0 40 41 58 54 0 53 0 0 0 0 0 0 0 11 0 4 5 7 0 22 20 0 0 0 0 0 33 0 0 29 0 0 34 30 
0 0 0 34 32 28 0 0 0 18 15 13 0 0 0 14 0 0 0 45 49 0 0 0 0 0 11 0 6 0 8 0 0 22 0 0 0 27 0 0 0 0 0 0 41 0 0 39 0 0 0 55 0 0 56 58 0 0 0 61 3 64 0 62 
0 0 0 10 0 4 0 0 0 58 0 0 0 0 0 54 23 0 24 21 0 26 27 20 50 0 51 45 46 0 48 0 0 0 0 0 0 0 0 0 14 0 16 0 0 12 0 0 0 0 28 0 0 29 0 34 0 0 39 37 0 0 0 38 
48 0 0 0 50 0 51 0 0 36 33 0 0 37 0 32 0 64 2 63 3 0 5 0 28 25 29 23 24 22 0 0 44 0 0 39 0 0 0 0 0 60 58 0 59 54 0 0 0 8 0 9 0 7 0 0 0 0 17 0 0 18 20 16 
8 7 13 12 0 6 0 0 54 0 0 0 59 61 0 0 0 24 26 0 0 0 0 22 0 0 0 0 0 46 0 51 0 0 0 0 0 5 0 0 0 0 0 0 0 0 0 0 37 0 0 33 35 0 34 0 0 0 41 0 0 0 0 40 
0 55 61 60 0 54 0 57 0 0 0 39 43 45 0 0 9 0 10 7 0 0 0 6 0 0 37 0 0 30 0 35 52 48 0 0 0 53 0 50 0 0 2 5 0 0 63 0 21 16 14 0 0 15 0 0 27 0 0 23 29 26 0 0 
0 0 0 0 0 0 0 0 0 0 1 0 0 0 0 0 33 32 0 0 35 0 0 0 0 57 61 0 56 0 58 0 0 0 11 0 0 13 9 10 24 0 0 0 27 22 0 0 0 0 38 0 0 39 0 0 51 46 49 0 53 50 52 0 
40 0 0 44 42 38 0 0 0 0 0 0 0 29 0 0 57 0 58 0 59 60 0 54 0 17 0 0 16 0 18 0 36 0 0 31 30 37 33 34 0 0 50 53 51 0 0 0 0 0 0 0 3 63 2 4 0 0 0 7 13 0 0 0 
0 63 5 4 0 62 3 0 0 52 49 0 0 0 50 48 0 16 0 15 0 0 21 0 0 0 45 39 40 0 0 43 60 56 59 55 54 0 0 0 0 0 10 0 0 6 0 0 29 0 0 0 0 0 0 0 0 0 0 31 37 34 0 0 
0 0 0 28 0 0 0 25 0 12 9 7 0 0 0 0 41 0 0 39 0 0 45 38 0 0 0 63 64 62 2 0 20 0 19 0 0 21 17 18 0 36 0 0 35 0 31 33 0 48 46 49 0 0 0 52 59 54 0 55 61 58 0 0 
32 31 0 36 34 0 0 33 0 0 0 15 0 21 18 0 0 0 50 47 0 0 0 0 0 0 13 7 0 6 10 11 28 24 27 23 0 0 0 26 40 0 42 45 0 38 39 0 61 0 54 0 0 0 0 0 0 0 0 63 0 2 4 0 
37 0 42 0 0 0 0 38 0 25 0 0 0 0 0 21 0 0 55 0 56 0 0 0 17 14 0 0 0 11 0 0 0 29 0 0 27 34 0 31 0 49 47 50 48 0 44 0 0 0 0 0 0 0 0 1 0 0 0 4 10 0 0 5 
61 60 2 1 0 0 64 0 43 0 46 0 48 0 0 0 14 13 0 0 0 17 18 11 0 38 0 0 37 0 0 40 57 53 0 52 51 0 54 55 0 0 0 10 0 3 0 0 0 0 0 22 0 0 0 25 32 0 0 28 34 31 33 29 
0 4 0 0 0 0 8 0 51 0 54 0 0 58 0 0 22 0 0 20 0 0 26 19 49 46 0 0 45 0 47 0 0 61 0 60 59 2 0 63 0 0 15 18 0 0 12 0 0 29 0 0 32 0 0 33 40 0 0 0 0 0 0 0 
13 0 0 0 15 11 0 14 0 0 0 60 0 0 63 61 30 0 0 28 32 0 0 27 0 54 58 0 0 0 55 0 0 5 0 0 0 0 0 0 21 0 23 26 24 0 0 0 0 0 0 38 0 0 0 0 0 0 0 0 50 47 0 0 
0 0 0 0 31 0 32 30 0 0 14 0 0 18 15 0 0 0 0 44 48 0 0 0 9 0 0 4 5 3 0 8 0 21 0 0 19 26 0 23 37 0 0 42 0 35 0 38 0 53 51 0 56 0 55 57 64 0 0 0 0 63 0 0 
53 0 58 0 0 0 0 0 35 0 38 36 0 42 0 0 6 0 7 0 0 0 10 3 0 0 34 0 0 0 31 32 49 0 0 44 43 0 0 47 61 1 63 0 64 0 60 62 0 13 0 0 0 0 15 17 0 0 0 0 26 0 25 0 
0 0 0 49 47 0 0 46 0 33 0 0 0 34 0 29 62 61 63 0 64 0 2 59 0 22 26 0 0 0 0 0 0 0 0 0 0 0 0 39 53 57 0 0 0 0 0 0 0 5 0 6 0 4 0 0 0 0 0 12 0 0 17 0 
21 0 0 25 0 0 0 22 0 0 0 0 8 10 0 5 0 0 0 36 0 0 0 35 0 62 0 0 61 59 0 64 17 0 0 0 0 18 14 0 0 33 0 0 0 0 0 0 50 45 43 0 48 44 0 0 56 0 0 0 0 0 0 0 
