8
27 23 0 0 0 0 0 24 35 0 0 0 0 0 0 32 0 0 21 20 17 19 0 16 0 0 0 4 0 0 1 0 0 47 48 0 0 0 50 52 6 0 0 7 0 11 0 9 0 42 0 0 0 0 0 45 0 55 61 0 60 0 58 56 
51 47 0 0 50 0 0 48 59 61 54 0 0 0 0 0 0 0 45 0 0 43 42 40 0 0 24 28 22 27 0 26 0 0 0 9 11 6 0 12 0 32 0 31 0 35 0 0 1 0 0 64 62 63 0 0 0 0 0 0 0 19 0 16 
0 31 37 36 34 33 0 0 0 45 0 0 0 42 0 40 0 23 0 28 0 27 0 24 0 7 0 0 0 11 0 0 0 55 0 0 59 0 58 0 0 0 0 0 0 0 21 17 0 0 0 48 0 0 0 0 0 0 5 1 4 0 0 0 
0 63 5 0 0 0 0 64 0 13 0 0 0 10 7 0 54 0 0 60 0 0 0 0 45 0 0 44 0 43 41 42 29 0 0 0 0 0 0 28 0 48 0 0 52 51 0 0 0 18 0 0 0 0 0 21 30 31 37 0 0 0 34 32 
0 0 0 0 0 9 6 0 0 0 14 0 20 0 0 0 0 0 0 4 1 3 0 64 0 47 48 52 0 51 0 0 0 31 32 0 0 30 34 0 0 0 0 0 60 0 0 0 25 26 28 24 22 23 0 0 0 0 0 41 44 0 0 0 
0 55 0 60 0 57 54 0 3 5 62 0 4 2 63 0 0 0 0 52 49 0 0 0 37 31 0 36 30 35 0 0 0 15 0 0 0 0 18 20 0 0 0 0 0 43 0 0 0 10 0 0 0 0 11 0 22 0 29 0 0 0 0 0 
0 0 0 0 18 17 0 0 27 29 22 0 28 26 0 24 0 7 0 0 9 0 10 0 0 0 0 0 54 59 0 58 0 39 0 0 43 38 42 0 62 64 0 63 4 0 0 0 33 34 0 0 30 0 35 37 46 0 0 49 0 51 50 0 
0 0 0 0 0 41 0 0 0 0 46 0 0 0 0 0 30 0 0 0 0 0 34 0 21 0 16 0 14 0 0 18 5 63 0 1 0 0 2 4 0 0 0 0 28 27 0 25 57 58 60 0 0 55 59 61 0 7 13 0 12 11 0 8 
0 0 60 0 0 56 53 0 2 0 0 0 0 1 62 0 45 46 0 0 48 50 0 0 36 0 0 0 29 34 0 33 0 0 0 0 18 0 17 0 37 39 0 0 0 0 0 40 0 9 0 0 0 6 0 12 0 22 28 24 27 26 0 23 
42 0 0 0 41 0 0 39 0 0 0 0 0 0 0 47 0 30 36 0 0 0 0 31 0 14 0 19 0 0 0 17 0 0 63 64 0 0 0 0 0 0 0 22 0 26 28 24 0 0 0 55 0 54 0 0 0 0 0 0 11 0 9 0 
0 0 0 0 33 0 0 31 0 44 0 40 0 0 0 0 0 22 28 0 24 0 25 23 0 0 0 0 5 0 0 0 60 54 55 0 58 53 0 0 0 0 0 14 19 0 0 16 48 0 0 0 45 0 50 0 0 62 0 0 0 2 0 63 
0 62 4 0 0 0 0 63 0 12 0 8 11 0 6 0 0 0 60 0 56 58 0 0 0 0 39 43 0 42 0 0 28 0 0 0 26 21 25 27 45 0 0 46 51 0 52 0 0 0 0 0 13 0 18 20 29 0 0 32 0 0 0 0 
50 0 0 51 0 48 45 0 0 60 0 56 59 0 54 0 0 0 44 0 0 0 0 0 0 22 0 0 21 0 24 0 0 0 7 8 10 0 0 0 0 0 0 30 0 34 0 0 0 0 3 0 0 0 2 4 13 14 0 0 0 0 17 0 
18 14 0 19 0 16 0 15 26 0 0 0 27 0 22 0 5 0 12 0 8 0 0 7 0 54 55 59 53 0 0 57 0 0 0 0 0 37 41 0 0 0 1 0 3 2 4 0 0 33 35 0 0 30 0 0 45 0 52 0 0 50 0 47 
0 6 0 0 0 8 0 7 0 0 0 16 0 0 0 0 0 0 4 0 0 0 1 0 0 46 47 0 45 0 48 0 36 30 0 0 34 29 0 35 53 0 57 0 59 0 0 0 0 0 0 0 0 22 26 28 0 0 0 0 43 42 0 39 
0 0 0 27 0 0 21 0 34 0 0 0 35 0 0 31 13 0 0 0 0 0 0 0 4 62 0 0 0 0 0 1 0 46 0 0 0 0 49 51 0 7 0 6 0 0 0 0 0 0 0 0 0 0 42 0 0 54 60 0 0 58 0 0 
0 0 0 0 0 12 0 0 22 24 17 20 0 0 18 19 0 2 0 7 0 6 5 3 56 50 0 0 49 0 0 0 0 0 35 36 0 0 37 39 0 59 61 0 63 0 0 0 28 29 0 27 25 0 0 0 0 42 0 44 0 0 0 43 
0 0 0 0 0 0 0 3 0 0 0 0 0 13 10 0 57 0 64 63 0 0 0 0 0 0 0 47 41 46 44 45 32 0 0 28 0 0 29 0 0 51 0 0 55 54 56 0 0 0 0 0 0 0 0 0 33 34 0 36 39 0 0 35 
0 50 0 55 0 0 49 0 62 64 57 0 0 0 0 0 41 42 48 0 0 0 45 0 32 0 0 0 0 0 0 29 16 10 11 0 14 9 13 0 0 0 0 34 0 38 40 36 0 5 0 0 1 2 0 0 0 18 0 0 23 0 0 19 
38 34 0 39 0 36 33 0 0 0 0 0 0 0 42 43 0 0 0 31 0 0 29 0 0 10 11 15 9 14 0 13 64 0 0 0 0 57 0 63 17 0 0 0 0 22 24 0 52 53 0 0 0 50 54 56 0 0 0 0 0 0 5 3 
0 58 64 0 0 0 0 0 6 0 1 0 0 5 0 0 0 0 56 55 0 54 0 0 40 34 35 39 0 0 0 37 0 0 0 0 22 0 21 0 41 0 0 0 47 0 48 44 0 13 0 0 0 10 14 0 0 0 0 0 0 0 29 0 
0 0 0 31 0 0 25 27 0 0 0 0 0 37 0 35 0 18 24 0 0 0 0 0 8 0 3 0 0 6 4 0 56 0 51 0 54 0 0 55 9 11 0 10 0 0 16 0 0 0 0 0 41 0 46 0 0 58 64 60 63 0 0 59 
46 0 48 47 0 0 0 43 54 0 49 0 0 53 50 0 33 0 40 0 36 0 0 0 24 0 0 0 0 22 0 21 0 2 0 4 6 0 0 0 0 0 29 0 0 30 0 28 0 61 0 59 57 58 62 64 0 0 0 12 15 0 13 11 
0 18 24 0 21 0 17 19 0 32 0 0 0 0 0 0 9 0 0 15 0 0 0 11 0 0 59 0 0 62 0 0 0 0 43 0 46 41 0 0 1 3 0 2 0 0 0 4 0 37 0 0 0 34 38 0 49 50 56 0 0 54 0 51 
0 0 18 17 0 0 0 0 24 26 0 0 25 0 0 21 0 4 0 9 6 8 0 0 0 0 53 0 51 0 54 0 42 0 37 0 40 0 39 41 59 0 0 60 1 0 2 0 30 0 33 0 27 28 32 34 0 0 50 0 0 0 0 0 
56 52 0 0 0 0 0 0 64 2 0 62 1 63 0 0 0 0 50 0 46 0 0 0 34 0 29 33 27 0 0 0 0 0 13 14 0 0 15 0 0 37 0 36 0 40 0 0 6 7 0 0 3 0 0 0 19 0 0 0 0 0 0 0 
64 0 0 0 63 62 0 0 0 0 0 0 9 0 0 0 0 52 58 0 54 0 55 0 42 36 0 41 0 0 38 0 26 20 0 22 24 0 23 0 0 45 0 0 0 48 0 0 0 0 0 13 11 0 16 0 0 28 0 0 0 0 0 0 
0 28 34 0 31 0 27 0 40 0 0 38 0 0 0 0 19 0 26 25 22 24 0 21 0 0 5 0 0 0 0 0 0 0 0 54 56 0 55 0 0 13 0 12 0 16 0 0 0 0 0 45 43 44 48 50 0 0 0 0 1 0 0 61 
0 0 42 0 39 0 0 0 0 50 0 0 0 0 0 45 0 0 0 0 0 0 0 29 0 12 13 17 0 0 0 0 0 0 0 62 0 59 0 1 19 21 23 20 0 0 0 22 0 55 57 0 51 52 0 0 0 0 0 0 9 0 7 5 
0 0 0 0 0 46 0 45 56 0 51 54 57 0 52 0 35 36 0 41 38 40 39 37 0 20 0 0 0 0 0 23 0 0 0 6 8 3 0 0 0 29 0 0 0 0 34 0 0 0 0 0 59 0 64 2 0 0 18 14 0 0 0 0 
8 0 0 0 0 0 0 5 0 0 11 14 0 0 0 0 0 60 2 1 0 0 63 0 50 0 0 0 0 0 46 0 34 0 0 0 32 27 0 0 0 0 55 52 57 56 0 54 22 0 0 21 19 20 0 0 35 36 0 0 0 0 39 0 
24 20 0 0 23 0 0 0 0 0 27 30 33 31 28 0 11 12 18 0 0 16 0 0 0 0 0 0 0 0 62 0 50 0 45 0 0 43 0 49 0 5 7 0 9 8 10 6 38 39 41 0 35 36 0 0 51 0 58 54 0 56 55 53 
0 35 0 0 0 37 34 0 0 0 0 45 48 0 0 0 0 0 33 0 0 31 0 0 0 0 0 0 10 15 0 0 0 59 60 0 63 58 62 64 0 0 22 0 0 0 25 0 53 54 0 0 0 0 55 0 2 0 0 0 0 0 0 0 
63 59 0 0 0 0 58 60 0 0 0 0 0 6 3 4 0 51 0 0 53 0 0 52 41 0 36 40 0 0 37 0 0 0 0 0 0 18 0 0 42 44 0 0 0 0 0 0 0 0 0 12 0 0 15 0 26 0 33 29 0 0 30 0 
0 0 9 0 6 5 0 0 15 0 10 0 16 0 0 0 0 59 0 64 61 63 62 60 49 0 44 48 0 0 0 0 0 0 0 0 31 0 0 0 0 0 0 0 0 0 0 0 0 0 24 20 0 0 23 0 0 35 0 37 0 39 0 36 
47 0 49 0 0 45 0 0 55 0 0 53 56 54 0 0 0 0 0 0 0 39 38 0 0 0 20 0 0 0 0 0 0 0 0 0 0 0 6 0 0 0 30 27 0 31 0 0 0 0 64 0 0 59 63 0 0 0 17 0 16 15 0 12 
0 0 33 0 30 29 26 28 0 41 34 0 0 0 35 0 0 19 0 0 0 23 22 0 9 3 0 8 2 0 5 0 0 0 0 53 55 0 0 0 0 0 0 11 0 0 0 0 45 0 48 0 0 43 0 0 58 59 0 0 0 63 62 60 
0 11 17 16 0 13 0 0 0 0 18 0 24 0 0 0 0 3 0 0 5 0 0 4 57 51 0 0 50 55 0 54 0 0 0 37 0 34 38 0 0 60 0 0 0 63 1 61 0 0 32 28 26 27 0 0 0 0 0 0 48 0 0 44 
55 51 57 56 54 0 0 0 63 0 0 61 64 62 59 0 0 0 0 48 0 47 0 0 33 0 28 32 26 31 0 0 0 0 0 13 0 10 0 16 34 0 0 35 0 0 0 37 5 6 0 4 2 3 7 9 18 0 25 21 0 0 0 0 
23 0 0 0 0 0 0 20 0 33 26 0 32 0 27 0 10 11 17 0 0 0 14 12 0 0 0 0 58 0 0 0 49 0 0 45 0 0 0 48 2 0 0 0 0 0 0 0 0 38 40 0 0 0 39 0 0 0 57 53 56 0 54 0 
0 0 62 61 59 0 0 0 0 0 63 2 0 0 64 0 0 0 0 53 50 0 0 0 0 32 33 37 31 0 34 0 22 0 17 0 20 0 0 21 39 0 0 0 0 0 0 0 0 0 0 0 7 0 0 14 23 0 30 26 29 0 0 0 
0 32 38 37 0 34 0 33 0 0 0 0 0 0 40 0 23 24 0 0 0 0 27 0 14 0 9 0 0 0 0 11 0 0 0 0 60 0 0 0 0 17 19 16 21 20 0 18 50 0 53 0 0 0 0 0 63 0 0 2 5 4 3 1 
28 0 30 29 0 26 0 25 0 0 31 34 37 0 32 0 0 0 0 0 0 0 0 17 0 0 0 5 0 0 2 0 0 48 0 50 0 0 0 0 7 0 11 0 0 0 14 0 0 0 45 0 0 0 0 46 55 0 0 0 0 0 0 0 
0 48 0 53 0 0 0 0 60 62 0 58 0 59 0 57 0 0 46 45 42 0 43 41 30 0 0 29 0 0 26 0 0 0 0 0 12 0 0 13 0 33 35 0 37 36 38 34 2 0 5 1 0 64 0 6 0 16 0 18 21 0 19 0 
0 0 0 0 0 2 0 0 0 14 7 10 13 0 0 0 0 56 62 0 58 60 0 57 46 40 0 45 39 0 0 0 0 0 0 26 0 23 0 0 0 0 0 0 53 0 54 0 0 0 21 0 0 0 0 0 0 32 38 0 0 36 35 33 
0 0 0 0 0 0 7 0 20 0 15 18 0 19 0 0 0 0 0 5 2 0 3 0 0 0 0 53 0 52 50 51 0 0 33 34 0 0 0 37 0 0 59 56 61 0 0 0 26 27 29 0 0 24 28 0 0 40 0 0 0 0 0 41 
0 40 0 45 0 0 0 41 52 54 0 0 53 51 48 0 31 0 38 0 0 0 0 0 0 0 0 0 0 0 18 19 6 64 1 0 0 63 0 0 0 25 0 0 29 28 30 0 58 0 61 0 55 0 60 0 7 8 14 10 0 12 11 0 
0 0 22 0 19 0 15 17 0 30 23 0 0 0 0 0 7 0 14 13 0 0 0 0 0 0 57 0 0 0 58 59 46 40 41 0 0 39 43 0 0 0 3 0 5 4 0 0 34 0 0 33 0 0 0 0 0 0 0 50 0 0 51 0 
0 37 43 0 40 0 0 38 49 51 44 47 50 48 45 0 28 0 0 0 31 33 0 30 0 0 0 0 0 17 0 16 0 0 0 0 0 0 0 0 0 0 24 21 26 0 0 23 55 56 58 0 52 0 0 0 0 0 11 7 0 0 0 0 
0 0 0 0 0 47 44 0 0 0 0 55 0 56 0 0 0 37 0 42 0 41 0 0 0 21 0 0 0 0 0 24 11 5 0 0 0 4 0 0 0 30 0 29 0 33 35 0 63 0 0 0 0 0 0 0 12 0 19 0 18 0 0 14 
57 0 59 58 0 0 52 0 1 0 0 0 0 64 61 62 44 0 0 0 47 0 48 46 0 0 30 34 28 33 31 0 0 0 0 15 17 0 16 0 36 38 40 0 0 0 0 0 0 8 0 0 0 0 0 0 0 0 27 23 0 0 24 22 
0 5 0 0 0 0 0 6 0 0 12 0 18 16 0 14 0 0 0 0 0 1 0 0 51 0 0 0 0 0 47 0 35 29 30 0 33 28 32 0 0 0 0 53 0 0 0 0 0 0 26 22 20 0 25 0 36 0 43 0 0 0 40 0 
25 21 0 26 0 0 20 0 0 0 0 31 0 0 29 0 0 0 0 18 0 17 0 14 0 0 0 0 0 0 63 64 0 0 0 47 0 0 48 50 4 0 0 5 10 0 0 0 0 0 42 0 0 37 0 0 0 0 0 0 0 57 56 0 
0 0 3 0 0 63 0 0 9 11 4 7 10 8 5 0 0 0 0 0 55 57 0 54 0 37 0 0 36 0 39 40 27 21 0 0 25 20 0 26 44 0 0 0 0 0 51 47 0 0 0 14 0 13 0 19 0 29 35 31 0 0 0 0 
0 29 35 0 0 0 28 30 0 0 0 39 42 0 0 38 20 21 0 26 23 0 0 0 0 0 0 0 4 0 7 0 0 0 0 0 57 0 56 0 12 0 16 0 0 0 19 0 0 0 50 46 0 45 0 0 0 61 3 0 2 0 64 0 
17 0 0 0 0 0 0 0 25 0 20 23 26 0 0 0 4 0 0 0 0 0 8 0 0 0 0 0 52 0 0 0 0 37 0 0 41 0 0 42 60 0 64 61 0 1 3 0 0 0 34 0 0 29 0 35 44 45 51 0 0 49 48 0 
0 25 31 0 28 27 0 26 0 39 0 0 38 36 0 0 0 17 0 22 0 0 0 0 7 0 0 0 0 5 0 4 0 49 0 0 0 0 52 0 0 0 0 9 0 13 0 0 0 0 0 0 40 0 45 0 0 57 63 59 62 61 60 0 
0 9 0 14 12 0 8 0 0 23 16 0 0 0 0 0 64 0 7 0 3 5 0 0 0 0 50 0 0 53 0 52 39 0 34 35 0 32 36 38 0 0 0 57 0 0 0 0 0 0 30 0 0 25 0 0 0 0 0 0 0 45 44 42 
37 0 0 38 0 0 0 34 0 0 0 0 0 0 0 0 0 25 31 0 27 0 28 26 15 0 10 14 8 0 0 0 0 0 0 0 61 0 60 0 0 18 0 0 22 0 23 0 51 0 0 50 48 49 0 0 0 0 7 0 0 0 0 2 
0 1 7 0 4 0 0 0 13 15 8 0 14 0 0 0 0 0 63 0 0 0 60 0 0 0 42 46 0 45 0 0 31 25 26 27 0 24 28 30 48 0 0 0 54 53 0 51 0 20 0 0 16 17 0 0 0 0 0 35 0 37 0 34 
0 0 0 0 0 0 40 42 0 0 48 0 0 52 49 0 32 0 0 0 0 0 0 0 0 0 0 22 16 21 19 0 7 0 0 0 5 0 0 0 24 26 0 0 0 0 31 27 59 60 62 0 0 0 0 0 0 0 15 0 0 0 0 10 
0 0 23 0 0 0 0 18 0 0 24 27 0 0 25 0 0 0 0 0 11 0 12 10 63 57 58 0 0 61 0 0 0 0 0 0 45 0 44 0 64 2 4 0 0 0 0 0 0 36 0 0 0 33 0 0 0 0 0 0 0 0 52 50 
0 0 63 0 60 59 0 58 0 0 0 0 6 0 0 0 0 49 55 0 0 0 0 50 39 0 0 38 32 0 0 36 23 17 18 19 0 0 20 22 0 42 0 41 0 45 0 43 11 0 14 10 0 9 13 0 0 25 31 27 30 29 0 26 
53 0 0 54 52 0 0 0 61 63 0 0 62 0 57 58 0 41 0 0 0 45 44 0 31 25 26 30 24 0 27 28 0 0 0 0 0 0 12 0 0 34 0 33 0 37 0 0 3 0 6 0 64 1 5 0 16 17 23 0 22 0 20 0 
