8
0 0 63 0 0 0 61 62 56 0 60 0 53 0 55 0 18 0 0 0 16 0 0 13 7 0 0 0 9 0 0 12 0 40 37 0 42 0 38 43 36 0 0 0 33 32 0 31 0 0 0 0 0 23 0 0 49 0 0 51 52 0 0 47 
0 0 0 0 0 0 0 0 0 18 0 0 13 19 0 0 42 43 0 0 40 0 0 0 31 0 30 32 33 0 0 36 1 0 61 0 0 0 0 0 0 0 0 0 57 0 53 55 0 51 52 0 0 47 48 0 0 0 0 11 0 8 6 7 
40 0 0 0 0 44 0 38 0 34 0 0 0 0 31 0 0 0 0 60 0 55 57 0 47 0 46 48 0 45 0 52 0 0 0 0 0 15 0 19 0 11 0 0 9 0 0 0 2 3 0 0 1 63 0 0 0 26 21 27 28 0 22 0 
32 0 31 33 0 0 0 30 0 0 0 22 21 27 23 25 0 0 0 52 0 47 49 45 0 0 38 40 0 37 0 0 9 0 5 0 0 0 0 0 4 0 0 0 0 0 0 0 58 59 0 0 0 55 56 0 17 0 13 0 20 16 0 15 
0 0 55 57 0 0 53 54 0 0 0 46 45 0 0 0 0 11 0 12 0 0 0 5 63 0 62 0 1 61 2 0 0 32 0 36 34 0 0 0 0 0 22 26 0 0 0 23 0 19 20 13 0 0 0 14 0 0 0 0 44 0 38 39 
8 0 0 9 10 0 5 0 0 0 4 62 0 0 63 0 26 0 22 0 24 0 25 0 15 0 0 16 17 0 18 20 0 0 45 52 0 47 0 51 44 43 38 42 41 0 0 0 0 35 36 0 0 0 32 0 0 58 0 59 0 0 54 55 
16 0 0 0 18 20 13 0 0 0 0 0 0 0 0 0 34 0 0 36 0 0 0 29 23 27 0 0 0 21 0 0 0 0 0 60 58 55 54 0 52 51 46 50 0 0 0 0 42 0 44 0 0 39 0 0 0 0 0 3 4 0 0 0 
0 0 0 0 0 52 0 0 0 0 44 0 37 0 0 0 0 0 62 0 0 0 0 0 0 0 54 0 57 53 0 60 25 0 0 28 0 0 22 0 0 0 0 18 17 16 0 0 0 11 0 0 0 7 0 6 0 0 0 35 0 0 0 31 
31 34 0 0 33 35 0 0 0 0 27 0 20 0 0 0 0 50 0 51 0 46 48 0 0 42 0 0 0 0 41 43 8 0 4 11 0 0 5 0 3 0 0 0 64 63 60 62 0 0 0 0 0 0 0 0 0 0 0 18 0 0 0 14 
0 42 38 40 0 0 36 37 0 33 35 29 0 0 0 0 0 0 53 0 0 0 0 0 0 50 0 0 0 0 0 51 16 0 0 19 17 0 13 0 0 0 0 9 0 0 0 6 0 0 3 60 0 62 0 61 24 25 0 0 0 23 21 0 
23 0 22 24 0 27 0 0 0 0 0 0 0 18 0 0 0 0 37 0 0 38 0 36 30 0 29 0 0 0 0 0 0 63 0 0 0 0 61 2 0 58 53 57 56 0 0 54 0 50 51 0 48 0 47 0 8 9 4 0 11 0 0 0 
0 0 0 8 0 11 0 0 63 1 3 0 60 0 0 0 0 26 21 27 0 0 0 20 0 18 13 0 0 0 0 0 48 0 44 0 0 0 0 0 43 42 37 0 0 0 0 38 33 0 35 28 32 0 0 29 0 0 0 0 59 55 0 0 
47 0 46 0 0 0 0 0 39 41 0 37 36 42 0 40 0 0 0 3 63 0 64 0 0 58 0 0 56 52 57 59 0 0 0 0 0 0 0 0 0 0 13 17 16 0 0 0 0 10 0 4 8 0 0 0 0 33 0 0 35 0 0 0 
63 0 0 0 0 0 0 61 55 0 0 0 0 58 0 56 17 18 0 0 15 0 0 0 0 0 0 0 0 4 9 0 0 39 0 0 0 38 0 42 0 0 0 0 0 0 0 0 0 26 27 0 24 22 23 21 48 0 0 0 51 47 0 46 
0 0 0 0 57 59 0 0 0 0 51 0 44 50 46 0 0 10 0 0 0 0 8 4 0 0 61 63 0 60 1 3 0 31 28 0 0 0 0 0 0 0 0 25 24 23 20 0 0 0 19 0 16 0 15 0 0 0 0 0 43 0 37 0 
0 18 0 16 0 0 12 0 0 9 0 0 0 10 0 0 0 34 29 0 0 30 32 0 22 0 0 23 24 20 0 0 0 0 0 0 57 54 0 58 0 0 0 0 0 47 44 46 0 0 43 0 0 0 39 0 0 0 0 0 0 0 61 0 
57 0 56 58 0 0 54 0 49 0 53 0 0 0 48 0 11 0 0 0 9 0 10 6 64 4 63 1 2 62 3 0 34 33 30 0 35 32 0 0 0 28 0 0 0 0 0 0 19 0 21 14 0 0 17 0 42 0 0 0 0 41 0 40 
0 44 40 0 43 0 38 39 0 0 37 31 0 0 32 0 0 60 55 61 0 0 58 0 0 52 0 0 0 46 0 0 0 17 14 21 0 0 0 0 13 12 7 11 0 9 6 0 0 0 0 62 0 0 1 63 26 0 22 0 0 0 23 0 
25 28 0 0 27 0 0 0 0 0 21 0 0 20 0 0 0 0 0 0 0 40 42 38 32 0 0 33 0 0 35 0 0 0 0 5 0 64 63 4 0 60 0 59 0 57 54 0 51 52 53 0 50 0 0 47 0 11 6 0 13 0 0 8 
0 0 8 10 0 0 0 0 0 3 0 63 0 4 64 0 0 0 0 29 0 0 26 0 0 0 0 0 0 0 0 21 0 0 0 53 0 0 0 0 0 44 0 0 42 0 0 0 35 0 37 30 0 32 0 0 58 59 54 0 0 0 55 56 
0 0 0 0 0 0 0 63 57 0 0 0 0 0 0 58 0 0 0 21 0 0 18 0 0 0 0 9 10 0 11 13 0 41 0 0 0 0 0 0 0 0 0 35 0 33 30 0 0 0 0 22 0 0 25 0 0 0 0 0 0 0 0 48 
0 20 0 0 19 21 0 15 0 11 0 0 0 0 0 0 35 0 0 37 0 0 0 0 24 28 0 0 0 0 0 29 0 0 0 61 59 0 0 0 53 0 47 51 50 0 46 0 43 0 0 0 0 40 41 0 0 3 0 0 0 1 0 0 
49 0 0 0 0 53 0 47 0 0 0 39 0 44 40 42 0 0 0 0 0 64 0 62 56 60 0 57 0 54 0 61 0 25 0 0 27 24 0 0 21 0 0 19 0 0 0 0 11 0 0 6 0 0 0 0 0 0 0 0 0 0 0 0 
0 0 0 34 0 0 0 0 0 0 0 23 22 0 24 0 0 0 47 53 0 0 0 46 40 0 39 0 0 38 43 0 0 9 6 13 0 0 7 0 0 0 0 0 2 0 0 0 0 0 61 0 0 0 0 0 18 0 14 0 0 0 0 16 
18 0 17 0 20 0 15 16 0 0 0 0 0 13 0 0 36 0 0 0 0 0 0 0 25 0 24 0 0 23 0 0 59 58 0 0 0 0 56 61 0 53 0 0 0 50 0 0 44 45 0 39 43 0 0 0 0 0 0 0 6 0 64 0 
2 5 1 0 4 0 63 0 0 0 0 56 0 0 0 59 20 21 0 0 0 17 0 0 0 13 0 10 0 0 0 0 0 0 0 0 44 41 0 0 0 0 0 0 0 0 31 0 28 0 30 23 0 0 0 24 0 0 47 0 54 0 0 0 
10 13 0 11 12 0 7 8 2 0 0 0 63 5 1 3 0 0 0 0 0 0 0 0 0 21 16 0 0 0 0 0 51 50 0 54 0 0 0 0 0 0 0 0 0 0 0 0 0 0 0 31 0 0 0 32 0 0 0 0 0 58 0 0 
26 0 25 0 28 0 0 24 0 0 0 16 0 21 17 0 0 45 40 0 0 41 0 0 0 37 0 0 35 31 0 38 0 2 0 6 0 0 0 0 0 0 0 60 0 0 55 0 0 0 54 47 0 0 50 0 11 0 7 0 0 10 0 0 
58 61 0 0 60 0 0 0 0 0 54 0 0 0 49 0 12 0 0 14 0 9 0 7 0 5 64 0 3 0 4 0 0 0 0 0 36 33 32 37 30 29 0 0 0 0 0 0 0 21 22 15 19 17 0 16 43 0 0 0 46 0 0 41 
42 0 0 43 0 46 39 40 0 0 38 32 31 37 0 0 60 0 56 0 0 57 59 55 49 0 0 0 51 0 0 0 0 18 15 22 0 17 0 0 0 13 8 0 11 10 7 0 4 0 6 63 0 1 2 0 27 28 0 29 0 26 0 0 
50 0 49 0 52 54 47 48 0 44 0 0 39 0 0 43 4 0 64 0 0 1 0 0 57 0 0 58 0 55 0 0 27 0 0 0 28 0 0 0 0 0 0 20 19 18 0 0 0 13 0 0 0 0 10 0 0 0 0 0 0 0 0 0 
0 37 0 35 0 0 0 32 0 0 30 24 23 0 0 0 0 0 0 0 50 0 51 47 0 45 0 0 0 0 44 0 11 10 7 0 12 9 0 0 6 5 64 4 3 2 0 1 0 61 0 55 59 0 58 0 0 0 0 0 0 0 0 0 
0 0 0 38 0 41 0 0 0 0 0 0 26 0 28 0 55 56 51 0 53 0 0 0 0 48 0 0 46 0 47 0 14 13 0 17 0 12 0 0 0 0 0 0 0 0 0 0 0 64 1 58 0 0 61 0 0 0 0 0 0 21 0 0 
53 56 0 0 0 0 0 0 45 0 49 0 0 48 44 0 0 0 0 0 0 0 6 0 60 64 0 0 62 0 0 0 0 29 26 0 0 28 0 0 25 24 0 0 0 0 18 20 15 16 0 0 0 0 0 0 0 0 34 40 41 0 35 0 
45 0 44 46 47 49 0 43 37 39 0 35 0 0 36 0 63 0 0 0 0 0 62 0 0 56 0 53 0 0 0 0 0 0 0 0 0 0 0 0 0 0 0 0 0 0 10 12 0 0 0 2 6 0 5 3 0 31 0 0 33 0 0 28 
0 16 12 0 15 0 0 0 5 7 9 3 0 8 4 0 31 0 27 0 29 0 0 26 0 0 0 21 22 18 0 0 0 0 0 57 0 0 0 56 0 0 0 0 0 45 0 44 0 0 41 0 38 36 37 0 62 63 58 0 1 0 0 0 
0 0 20 0 23 0 18 0 0 0 17 0 10 0 12 0 0 40 35 0 37 36 0 0 28 0 0 0 0 26 0 0 62 0 0 0 0 0 0 0 0 0 51 55 0 53 0 0 0 0 0 0 46 0 0 0 0 7 0 0 0 0 0 0 
29 32 28 30 31 33 26 0 0 23 0 0 0 24 0 22 47 0 0 49 0 0 0 42 36 40 35 0 38 0 39 0 6 0 2 0 7 4 0 0 0 64 0 0 0 0 58 0 55 56 0 50 0 52 53 51 0 15 0 16 17 0 0 0 
5 0 4 0 7 0 0 0 0 0 1 0 0 0 60 0 0 24 19 0 0 0 0 18 12 16 0 0 0 0 15 0 46 45 42 0 0 0 0 0 0 0 0 0 0 0 0 0 31 32 33 26 30 0 0 0 0 0 0 56 57 53 51 52 
61 0 0 0 0 1 0 0 53 0 57 0 50 56 52 0 0 0 11 17 0 0 14 10 0 8 0 0 0 0 7 9 0 0 0 41 0 36 35 40 33 0 27 0 0 29 0 0 0 0 0 18 22 20 0 0 0 0 0 0 0 0 43 0 
36 0 0 0 0 0 0 0 28 0 0 26 25 0 27 29 54 0 0 56 0 0 53 49 43 0 0 0 45 41 0 0 0 12 0 0 14 11 0 0 8 7 0 6 0 0 0 0 62 63 0 0 61 0 60 0 0 0 0 0 0 0 0 0 
0 31 27 0 0 32 25 0 20 0 24 0 0 0 0 0 0 0 0 48 44 0 45 41 0 39 0 0 37 33 0 0 5 0 0 0 6 0 0 0 64 0 0 0 0 0 0 59 0 0 0 49 0 0 0 0 0 0 0 15 16 0 0 0 
12 0 0 0 14 16 9 10 4 0 0 0 0 7 3 0 0 31 0 0 0 0 0 25 0 23 18 0 0 17 22 24 0 0 0 56 0 0 50 0 48 0 0 46 0 0 0 43 0 0 40 0 0 35 36 34 61 0 0 63 0 60 0 0 
60 0 0 0 62 0 0 58 52 0 0 50 0 0 51 53 14 0 0 0 12 0 0 0 0 7 2 4 0 0 6 0 37 0 0 0 0 0 34 0 32 0 0 30 29 0 25 0 0 23 0 17 0 0 0 0 0 0 0 47 48 0 0 43 
20 23 0 21 0 24 0 18 12 14 0 0 9 0 0 13 0 39 0 40 36 0 0 33 0 0 0 0 0 0 30 0 61 60 0 64 62 0 0 63 0 55 0 0 0 52 0 0 0 47 48 0 0 0 44 42 5 0 1 0 0 0 0 0 
44 0 0 0 0 48 41 0 36 38 0 34 0 0 0 37 62 0 0 0 0 59 0 0 51 0 0 52 53 49 0 0 0 20 0 24 0 19 18 23 0 0 0 0 13 12 9 0 0 0 8 0 0 0 0 0 0 0 25 31 0 28 26 0 
0 0 3 5 0 0 0 0 60 0 0 0 57 63 59 61 0 0 18 0 0 0 21 17 0 15 0 12 13 0 0 0 45 44 41 0 0 43 0 0 0 0 0 0 37 36 0 0 0 31 0 0 0 27 0 26 0 54 0 55 56 52 0 0 
0 0 0 53 0 0 49 0 44 0 48 0 0 0 0 0 6 0 0 8 0 0 0 0 0 63 58 0 61 57 0 0 29 28 0 0 30 0 0 0 24 23 0 0 21 0 0 0 0 15 16 0 0 11 0 0 37 0 0 39 40 36 0 35 
0 0 37 0 0 0 0 36 30 0 0 0 0 33 29 31 0 57 0 58 0 0 0 51 0 0 0 0 0 43 0 0 0 0 0 18 0 0 0 0 0 0 4 0 0 6 3 0 0 0 0 59 63 61 62 60 0 0 19 25 0 22 0 21 
0 0 0 0 0 10 3 0 0 0 0 0 59 0 61 63 0 0 0 0 22 0 0 0 13 0 12 0 15 11 0 18 0 46 0 0 48 45 0 0 0 41 0 40 39 38 0 0 32 0 0 0 31 0 0 0 0 0 0 57 58 0 0 53 
54 57 53 0 0 0 51 52 46 48 0 44 43 0 0 47 0 9 4 0 0 0 0 0 0 0 0 0 0 0 64 2 0 30 0 0 32 29 0 33 0 0 0 0 0 0 0 0 16 0 0 0 0 13 14 0 39 0 0 41 42 0 36 37 
14 0 0 15 0 0 0 12 0 0 0 4 3 0 0 0 0 33 0 0 0 0 0 27 21 0 20 0 23 0 0 0 0 54 0 58 56 0 52 57 0 49 0 48 47 46 43 45 40 0 0 35 0 0 0 36 0 0 0 0 0 62 60 0 
46 49 0 47 0 0 0 0 0 0 42 0 0 41 0 0 0 1 0 2 0 61 0 59 53 57 0 54 0 51 56 58 0 0 0 0 24 21 0 25 0 17 0 16 15 14 0 0 0 0 10 0 0 0 0 0 0 0 27 33 0 30 0 0 
62 0 0 0 0 2 0 0 54 0 0 52 51 0 53 0 0 0 0 18 0 0 0 0 0 9 0 0 7 3 8 0 39 38 0 0 0 0 36 41 0 33 28 32 0 0 27 0 24 25 26 0 23 21 0 20 47 0 0 0 0 0 0 45 
0 0 0 0 32 34 27 0 22 0 0 20 0 0 21 0 0 0 44 50 0 0 0 43 0 0 36 38 0 0 40 0 0 0 0 10 8 0 0 9 2 0 60 0 0 62 0 61 0 0 58 0 0 53 54 52 15 0 0 0 0 0 0 0 
0 0 0 0 0 26 0 0 0 0 18 0 11 0 0 0 0 41 0 0 38 0 39 35 0 0 28 0 0 0 32 0 63 62 59 0 0 61 60 0 0 57 0 56 0 54 0 0 48 0 0 0 0 45 0 44 7 0 0 0 10 6 0 0 
0 0 0 0 0 0 0 0 0 0 7 0 64 6 0 0 0 30 0 31 27 0 28 0 0 0 0 0 0 16 21 0 0 0 48 0 53 0 0 0 0 46 0 0 0 0 40 0 37 38 0 32 0 34 35 33 0 0 0 62 63 59 0 0 
51 54 0 0 0 55 48 0 43 0 0 41 0 46 42 0 5 0 0 0 0 2 0 64 58 62 0 0 60 56 0 0 28 0 0 0 29 0 0 0 0 22 17 0 20 0 16 0 0 14 15 0 0 0 0 9 36 0 0 0 0 0 0 0 
0 0 26 0 29 0 0 0 0 0 23 0 16 22 18 0 45 46 0 47 0 0 44 0 0 0 0 0 36 0 37 39 0 3 64 7 5 0 1 6 0 0 57 61 60 0 0 0 53 54 55 48 0 50 0 0 12 0 0 0 15 0 9 0 
59 0 0 0 61 0 56 57 51 0 55 0 0 54 50 0 0 0 9 0 11 10 0 0 2 0 1 0 4 64 0 0 36 0 0 0 0 0 33 38 0 30 0 0 28 27 0 0 0 0 0 16 0 0 0 17 44 0 0 0 0 0 0 0 
0 0 0 4 5 0 0 0 0 0 63 0 56 62 58 60 0 22 17 0 0 18 20 16 10 14 0 0 0 8 13 15 0 43 0 0 0 0 41 0 39 0 0 0 0 35 32 0 29 30 0 0 0 0 0 0 0 0 48 0 0 0 49 0 
43 0 42 0 45 0 40 41 0 0 0 33 0 0 0 0 0 0 57 0 59 0 0 56 0 0 0 0 0 48 53 55 20 0 0 0 0 0 0 22 15 14 9 0 12 11 8 10 0 0 0 64 4 2 0 0 0 0 0 0 31 27 25 26 
35 38 0 36 0 39 32 0 0 0 0 0 24 0 0 0 0 54 0 0 0 0 52 48 42 0 0 43 0 0 0 0 0 11 0 0 0 0 0 14 0 6 0 0 0 0 0 0 0 0 0 0 60 58 0 57 20 21 16 22 0 0 0 18 
0 0 0 20 0 0 0 0 0 13 0 9 8 0 0 12 0 38 0 0 0 0 0 32 26 0 0 0 0 24 0 31 0 59 56 63 0 58 57 0 0 0 0 53 52 0 48 50 45 0 0 0 0 42 0 41 4 5 0 0 7 0 1 0 
