8
0 0 42 36 0 0 41 37 8 0 0 5 0 11 4 0 0 64 0 3 63 60 61 1 28 33 0 0 32 35 0 0 54 0 0 55 0 58 59 56 13 0 0 0 0 19 0 17 0 0 0 24 0 26 0 0 0 0 45 0 49 46 47 0 
27 0 26 20 0 0 0 21 56 54 0 0 0 0 52 57 0 48 0 51 0 44 0 0 0 0 0 15 0 0 0 0 0 0 0 39 0 42 0 40 0 63 0 62 0 3 0 0 0 0 0 0 0 10 5 11 0 0 0 28 0 0 0 0 
0 8 10 0 0 0 0 0 0 38 0 37 0 0 0 41 0 0 0 35 0 0 0 0 60 1 0 0 0 3 0 61 0 0 0 0 0 0 27 24 45 0 0 46 0 0 50 49 57 0 0 0 0 0 53 0 19 0 13 12 0 0 15 0 
0 0 50 0 47 0 0 0 16 0 15 0 18 19 0 17 0 8 10 0 0 4 0 0 0 0 0 39 40 0 42 37 0 0 0 63 0 2 0 0 0 0 24 22 20 27 0 25 33 31 30 0 0 0 0 0 59 0 53 0 0 0 55 56 
3 0 2 0 63 0 0 0 0 0 31 0 0 0 0 0 22 0 26 0 23 0 0 0 0 57 54 55 56 0 0 53 0 0 0 15 17 0 0 0 37 39 40 0 36 0 0 0 0 47 0 48 44 0 45 0 11 10 5 4 0 6 0 0 
0 0 0 0 55 54 0 0 0 0 23 21 26 0 0 0 14 16 0 19 0 0 13 0 44 49 46 0 48 0 50 45 0 5 0 0 0 10 0 8 0 31 0 30 0 0 0 0 0 0 38 0 0 0 37 0 0 2 61 0 1 62 0 0 
0 16 18 0 0 0 0 0 0 0 0 0 0 0 44 0 38 40 42 0 39 36 0 0 0 9 0 0 8 11 0 0 0 0 0 0 0 0 0 0 53 0 0 0 52 0 0 57 1 0 0 0 0 0 0 0 27 0 0 20 0 22 23 0 
0 0 0 28 31 30 33 29 64 0 0 0 0 3 0 0 0 56 0 0 55 52 53 0 0 25 22 0 0 0 26 21 46 0 0 47 0 50 0 48 0 7 0 0 0 11 0 0 0 15 14 0 12 0 0 0 0 0 37 36 0 0 0 0 
0 0 28 0 0 0 27 0 58 0 0 0 60 0 54 0 0 0 0 0 0 0 0 0 14 0 16 0 0 0 0 15 40 0 38 41 0 44 45 0 0 1 0 64 0 0 0 3 0 0 0 10 0 12 7 13 37 0 0 0 0 0 0 34 
61 0 60 54 0 0 59 0 0 0 0 23 0 0 0 0 0 18 20 0 0 0 0 0 46 51 0 0 50 0 0 0 0 0 0 9 0 12 0 0 0 33 0 0 0 37 36 0 43 41 0 0 0 44 0 0 0 0 63 62 0 0 0 0 
21 0 0 0 17 16 19 15 50 48 0 47 52 0 0 0 0 0 0 45 41 38 39 43 0 11 0 9 10 13 0 7 0 31 0 0 35 0 0 34 0 57 0 56 0 0 60 59 0 1 0 2 62 0 63 5 0 28 0 22 0 24 0 0 
0 42 44 0 41 0 0 0 0 0 0 7 0 0 0 11 0 2 0 0 1 62 0 0 0 35 32 0 34 37 36 31 56 0 0 0 59 0 0 0 0 0 0 16 14 21 0 0 27 25 24 26 0 28 23 0 0 52 47 0 0 0 0 50 
13 0 0 6 0 0 11 7 42 0 41 0 0 0 38 0 0 34 36 37 0 30 0 35 62 0 0 1 2 0 4 0 24 23 22 25 27 0 0 0 0 49 50 0 0 53 0 0 0 0 56 0 54 0 0 0 21 20 0 14 0 16 0 18 
0 34 36 30 0 0 0 0 0 0 1 63 0 5 0 0 0 0 60 61 0 0 55 59 0 0 24 25 0 0 0 23 48 0 46 0 0 52 0 50 0 0 0 8 6 0 12 0 0 17 16 18 0 0 15 0 0 0 39 38 43 40 0 0 
53 50 0 0 0 0 0 47 18 16 0 0 20 0 14 0 0 10 12 13 0 6 7 0 0 43 0 0 0 0 44 0 0 63 0 0 3 4 5 2 23 0 0 24 0 0 28 27 35 33 32 0 0 0 0 0 0 0 0 0 0 56 57 58 
0 0 4 0 1 64 3 0 0 0 33 31 36 37 30 35 0 0 0 0 0 0 0 27 0 59 0 57 0 0 60 0 0 0 0 0 19 0 21 0 0 0 42 0 38 0 44 43 0 0 0 0 46 0 0 53 0 0 0 6 0 0 9 0 
0 0 0 41 0 0 0 0 13 0 0 0 15 0 0 14 3 0 7 0 4 0 0 6 0 0 0 36 0 0 0 0 0 0 57 60 0 0 64 0 0 0 21 0 17 24 0 0 0 0 27 29 25 0 0 0 0 0 50 49 0 51 0 0 
40 0 39 33 0 0 0 0 0 0 4 2 0 0 0 6 59 0 0 0 60 0 0 0 0 0 0 28 0 32 0 26 0 0 0 0 0 0 0 53 10 0 0 0 9 0 0 0 0 0 0 0 0 23 0 0 0 47 0 41 46 0 0 0 
24 21 0 0 20 19 22 18 53 51 0 50 55 0 0 54 0 0 47 0 0 0 0 0 9 0 0 12 13 0 15 10 35 0 33 36 0 39 40 37 58 0 61 59 0 64 63 62 6 0 0 5 1 0 2 0 0 0 26 25 0 27 28 0 
16 0 0 0 0 0 0 0 45 0 0 0 47 0 0 46 0 0 0 0 0 0 0 0 0 6 0 0 0 0 0 0 0 26 0 0 30 31 32 0 50 52 0 51 49 56 0 0 62 0 59 0 0 63 0 0 0 0 0 17 22 0 0 0 
0 5 7 0 0 0 6 0 0 35 36 34 39 0 33 0 0 29 31 0 28 0 0 0 0 0 0 0 61 64 63 58 0 0 17 0 22 23 0 0 0 44 45 43 0 0 47 0 0 52 51 0 49 55 50 0 16 0 10 0 14 11 12 13 
0 0 63 0 0 0 0 0 29 0 0 26 31 0 25 0 0 21 0 24 20 0 18 0 49 54 0 0 0 0 0 0 0 10 0 12 14 0 0 0 0 0 37 35 0 0 39 0 0 0 0 0 41 0 0 0 8 0 0 1 6 3 0 0 
32 29 0 25 28 0 0 0 0 59 60 0 0 0 0 0 51 53 55 0 0 0 0 54 0 22 19 20 21 0 0 18 0 0 41 44 0 0 48 0 0 4 5 3 0 0 0 6 0 0 0 0 0 0 0 16 0 39 34 33 38 35 0 0 
0 53 0 49 0 0 54 0 21 19 0 18 0 0 0 22 11 0 15 16 12 0 0 0 41 0 0 0 0 0 0 0 3 0 0 4 0 0 0 0 26 0 0 27 0 32 0 0 0 36 0 0 33 0 34 40 0 0 58 57 0 59 0 0 
62 59 61 55 0 57 0 56 0 0 26 0 29 30 0 0 17 0 0 0 0 0 16 20 0 52 49 0 0 54 0 0 0 0 7 10 12 0 14 0 0 0 35 33 31 38 0 0 0 42 0 0 39 0 0 0 0 0 0 0 4 1 2 0 
38 0 37 0 34 33 0 0 3 0 2 0 5 0 63 0 0 0 0 62 0 0 56 0 23 28 0 26 0 0 29 0 49 48 0 0 52 0 54 51 0 0 0 0 0 0 0 12 0 18 17 0 0 0 0 22 0 0 40 0 0 41 42 0 
0 19 0 15 0 17 0 16 0 0 0 48 53 54 0 52 41 43 45 46 0 0 40 44 7 12 0 0 0 14 0 8 0 0 0 0 36 37 0 0 0 0 0 57 0 62 0 0 0 0 0 3 63 0 64 6 0 0 24 0 0 0 0 0 
6 0 0 0 0 1 4 64 35 0 0 32 37 38 31 36 25 0 29 0 26 0 0 0 55 0 0 0 0 0 0 56 17 0 15 0 0 21 0 0 40 0 0 41 0 46 45 0 0 50 0 0 0 53 0 0 0 0 0 0 0 0 10 11 
30 27 29 23 0 0 0 0 59 57 58 0 61 62 0 0 49 0 0 54 0 0 0 52 0 0 17 0 0 0 21 0 0 40 0 0 0 0 46 0 0 0 0 0 0 0 5 4 0 10 0 0 7 13 8 0 0 0 32 0 36 0 34 0 
14 0 13 0 10 9 12 0 43 0 0 0 0 46 39 44 0 0 37 38 0 0 0 0 63 4 1 2 3 0 0 0 0 24 23 26 0 0 30 27 48 50 51 49 0 0 0 52 60 58 57 59 0 0 0 62 0 21 16 15 20 0 0 19 
0 51 0 47 0 0 52 0 19 17 18 0 21 22 0 0 0 11 13 14 10 0 0 12 0 44 0 0 0 0 45 40 0 0 0 2 0 5 0 0 24 0 0 25 0 30 29 0 0 0 33 35 0 37 0 0 0 61 0 0 0 57 58 59 
46 43 0 39 0 0 44 0 0 9 10 0 0 14 0 12 1 3 0 0 0 0 64 4 0 0 0 0 0 0 37 32 0 56 55 0 0 0 62 0 0 0 0 0 0 22 0 20 28 0 0 0 23 0 0 0 54 0 48 47 0 49 50 51 
0 0 43 0 40 39 0 38 9 7 0 0 0 12 5 10 0 0 3 0 64 0 62 0 0 34 0 32 0 36 35 0 55 0 0 56 0 0 60 0 14 0 0 15 13 0 0 18 0 24 0 0 0 0 0 28 52 0 0 0 0 47 0 0 
0 0 27 0 0 23 26 0 0 0 0 54 59 0 0 58 0 49 0 0 48 0 46 0 13 18 0 16 0 20 0 14 39 38 0 0 42 0 0 0 62 64 1 0 61 0 3 0 0 8 0 0 0 0 0 0 0 35 30 0 34 31 0 33 
0 49 0 0 48 0 50 46 0 15 0 0 19 0 0 0 7 0 11 12 8 5 6 10 0 42 0 0 41 44 0 0 63 0 0 0 0 0 4 0 0 0 0 0 21 28 0 0 34 0 0 0 0 35 0 36 60 59 54 53 0 0 0 0 
60 0 0 0 56 55 0 0 25 23 0 0 0 0 0 26 15 0 19 0 0 0 0 18 0 50 47 0 0 0 51 46 0 6 0 0 0 11 0 9 30 0 33 0 0 36 0 0 0 40 0 0 0 0 38 0 0 3 0 61 2 0 0 1 
0 0 19 0 16 0 18 14 49 47 0 0 0 0 45 0 0 0 43 0 0 0 0 42 5 10 0 0 0 12 0 6 0 0 29 0 0 35 0 33 0 0 57 0 53 0 0 58 0 0 63 0 61 0 62 0 0 0 22 21 0 23 0 0 
0 1 0 0 64 0 0 0 33 0 0 30 35 0 29 0 0 25 27 0 0 0 0 26 0 0 0 0 0 60 0 54 15 0 13 16 0 19 0 17 0 40 0 39 37 0 0 42 50 48 0 49 0 51 0 52 12 11 0 0 0 7 0 0 
36 33 0 0 0 31 0 0 0 0 0 0 0 4 61 0 0 0 0 0 0 0 54 0 0 26 0 0 25 0 0 0 47 0 0 0 50 0 0 0 6 8 0 0 0 12 11 0 0 16 15 0 0 19 14 20 0 0 0 0 0 0 40 41 
12 0 11 5 8 0 10 0 0 0 0 0 0 44 37 0 0 33 0 0 0 0 0 34 61 0 63 64 0 4 0 0 23 22 0 0 0 27 28 0 46 48 49 0 0 0 0 50 58 0 55 0 0 59 0 0 0 0 14 13 18 0 0 0 
10 0 9 3 0 5 0 0 0 37 0 0 41 0 0 40 0 31 0 0 0 0 0 0 0 64 61 0 0 0 0 0 0 0 0 22 24 0 0 0 0 46 0 0 43 0 49 0 56 54 0 55 0 0 0 0 18 0 0 0 0 13 0 0 
0 0 0 0 0 0 0 0 55 53 0 0 57 0 51 0 0 0 0 0 0 43 44 48 0 0 13 14 15 0 17 0 0 0 0 38 0 0 0 0 0 0 0 0 59 0 1 0 0 0 0 0 3 9 4 0 34 0 28 0 0 29 30 0 
18 0 17 11 14 13 16 0 47 0 46 0 0 50 0 0 37 39 0 0 38 0 36 0 0 8 5 6 0 0 0 0 29 28 27 0 0 0 0 31 0 54 0 0 0 0 0 56 64 62 61 0 59 0 60 0 0 25 0 0 24 21 22 0 
42 39 41 0 38 0 40 0 0 5 0 0 0 10 3 0 0 0 1 0 62 0 0 0 0 0 0 30 0 0 0 28 0 0 51 0 56 0 58 0 12 14 15 13 0 0 17 0 0 22 0 0 0 0 0 0 50 49 0 43 0 0 0 0 
0 55 0 0 54 0 0 52 23 0 22 0 25 0 0 0 0 0 17 0 0 0 0 16 43 48 45 0 47 0 0 44 5 4 0 0 0 9 0 7 28 30 0 29 27 0 0 32 0 38 0 0 0 0 0 42 0 0 0 0 0 0 62 0 
0 31 0 27 30 0 32 0 63 0 0 60 1 2 0 64 53 0 0 0 54 0 0 0 0 0 0 0 23 0 25 0 0 0 43 0 48 49 0 47 4 0 0 0 0 10 0 8 16 0 0 0 11 0 0 0 0 41 36 0 0 0 0 0 
2 0 0 0 62 0 64 0 31 0 0 0 0 34 0 32 21 0 0 0 0 0 0 24 0 0 53 0 0 58 0 52 13 0 0 14 0 0 0 15 0 38 39 0 35 42 0 40 0 0 45 0 43 49 44 50 10 0 0 0 8 0 6 0 
0 0 49 0 0 45 48 44 0 13 14 12 17 0 11 0 5 7 0 0 6 0 0 0 35 0 0 0 0 42 0 0 61 0 59 0 64 0 2 0 20 0 0 21 19 0 25 24 32 0 29 31 27 0 0 34 0 57 52 0 56 53 54 55 
33 30 32 26 29 0 0 0 0 0 0 0 64 0 0 63 52 0 0 57 0 0 0 0 0 0 0 21 0 0 0 19 44 0 0 0 47 48 0 46 0 0 6 0 0 0 0 7 15 13 0 0 0 0 0 0 0 0 0 34 39 36 0 0 
0 38 0 0 0 0 39 0 0 4 0 3 0 0 2 7 0 62 64 0 0 0 59 0 26 31 0 29 0 0 0 0 0 0 50 53 55 56 0 0 11 0 14 0 10 17 16 15 0 21 0 0 0 24 0 0 49 48 0 42 0 44 45 0 
0 14 0 10 13 0 0 0 0 0 0 43 0 0 42 0 36 0 0 41 37 0 0 0 0 0 4 0 0 9 8 0 0 27 0 29 0 0 33 0 0 0 0 52 50 0 56 55 0 61 60 0 0 64 59 0 0 24 0 0 0 20 0 22 
25 22 24 0 0 20 0 19 54 0 53 0 56 0 50 0 44 46 48 49 0 0 43 0 0 0 0 13 0 0 0 11 0 0 34 0 39 0 0 0 0 0 62 0 58 1 0 63 7 0 4 0 0 8 3 0 0 0 0 0 0 0 0 0 
1 0 64 58 61 60 63 0 0 28 0 0 0 33 26 31 20 0 0 25 21 18 0 0 0 0 52 0 0 57 0 51 12 0 0 0 0 16 17 0 35 0 38 0 0 0 0 39 0 0 0 46 0 48 43 0 9 8 3 0 0 0 5 6 
0 0 0 2 0 0 7 0 0 0 0 0 40 0 0 0 0 30 0 33 0 0 27 31 58 63 0 0 62 0 0 0 20 19 18 0 23 0 25 22 43 45 0 0 42 49 0 0 0 53 0 0 50 0 51 0 0 16 11 0 0 0 0 0 
0 0 0 42 45 0 47 0 0 12 0 0 0 17 0 0 4 0 0 9 0 0 3 0 0 39 0 0 38 0 40 35 0 59 58 61 0 0 1 0 19 21 22 20 0 25 0 23 0 0 0 0 26 0 27 0 0 0 0 50 55 52 0 0 
57 0 56 0 0 52 55 0 0 20 21 19 0 0 0 23 0 0 16 0 13 0 11 15 0 47 0 0 0 0 0 43 0 3 0 5 7 0 0 0 0 0 0 28 0 33 32 0 39 0 0 0 34 40 35 0 1 64 59 58 0 0 61 62 
63 60 0 56 59 0 0 57 0 0 0 25 0 31 24 29 0 20 22 23 19 16 0 21 48 0 0 51 0 0 0 49 0 0 0 0 13 0 0 12 0 0 0 34 0 39 38 37 45 43 0 0 0 0 41 47 7 0 0 0 0 2 0 4 
0 0 14 0 11 0 13 9 0 0 43 0 46 47 0 0 0 0 0 0 0 0 0 37 64 0 0 3 0 0 0 0 26 25 24 27 0 0 31 28 0 0 0 0 48 0 0 0 61 59 0 60 0 62 0 63 0 0 0 0 21 18 0 20 
0 0 0 0 3 0 5 1 0 0 35 0 0 0 0 0 26 0 0 31 27 0 0 0 0 0 0 59 60 63 62 0 18 0 0 0 0 0 0 20 0 43 0 42 40 0 46 0 53 0 50 0 0 54 0 55 15 0 0 8 0 0 0 0 
0 0 30 0 0 26 0 0 60 0 59 0 62 0 0 61 0 0 54 0 51 48 49 0 0 21 0 19 0 0 22 0 0 0 40 43 0 0 0 0 0 0 0 2 0 0 6 5 0 0 0 0 0 0 0 15 39 0 0 32 0 0 35 0 
23 0 0 0 0 18 0 0 0 50 0 0 0 55 0 0 42 0 46 0 43 40 0 45 8 0 10 0 0 0 0 0 34 0 32 35 37 0 39 0 0 59 0 58 0 63 62 0 0 3 2 4 64 0 0 7 31 0 0 0 0 0 0 0 
0 36 0 32 0 34 0 0 0 2 0 0 0 0 64 0 58 60 0 0 0 56 57 61 0 29 26 0 28 0 30 25 50 49 0 51 0 54 0 0 0 11 12 0 8 0 0 0 0 19 0 20 0 0 0 0 0 0 0 0 0 42 0 44 
47 44 0 0 43 0 45 0 0 0 0 0 14 0 0 0 0 4 0 0 0 0 0 0 32 37 34 35 36 39 0 33 58 0 0 59 61 0 0 0 0 19 20 0 0 23 22 0 29 27 26 0 24 30 25 31 0 54 49 0 0 0 0 0 
0 52 0 0 0 0 0 49 20 0 19 0 0 23 16 0 0 0 0 0 0 0 9 0 0 0 0 43 0 0 46 0 2 0 0 0 0 0 0 0 25 0 28 0 24 31 0 0 0 0 34 36 0 0 0 0 63 62 0 0 0 0 0 0 
