8
0 0 0 0 1 63 0 0 13 0 0 0 0 0 0 0 28 0 0 24 0 0 0 0 41 0 0 0 0 0 0 0 20 0 0 15 0 0 0 18 0 0 0 0 58 61 0 56 34 33 0 37 0 32 0 31 0 0 49 0 50 52 51 0 
28 0 27 0 0 23 0 29 0 0 0 0 0 32 0 0 0 0 51 0 53 0 0 54 0 0 0 0 4 63 0 5 0 46 0 0 40 43 0 42 0 20 0 19 18 0 15 0 0 0 0 0 0 0 0 0 0 13 0 0 10 12 0 7 
0 42 43 0 0 0 46 45 0 0 0 50 54 0 52 47 0 0 0 64 5 0 0 6 0 16 22 18 0 15 19 0 0 0 0 55 56 0 0 0 33 0 0 0 34 37 0 0 0 0 0 0 11 0 0 0 0 29 0 30 26 0 27 0 
0 0 35 0 33 31 38 37 0 0 43 0 0 0 44 0 0 0 0 0 61 0 58 62 0 0 14 10 0 0 0 13 0 54 0 0 0 51 0 50 0 28 0 0 0 0 23 0 2 0 6 5 3 0 0 0 16 0 17 22 18 20 19 15 
0 58 0 56 57 0 62 61 0 1 0 0 6 0 0 0 20 0 19 0 0 17 0 0 33 0 38 0 36 0 0 0 12 0 0 0 8 11 9 10 0 0 0 0 50 0 0 0 0 0 30 29 0 0 0 0 0 0 0 46 0 0 43 0 
20 18 0 16 0 0 22 0 0 0 27 0 0 0 28 0 0 0 0 0 0 41 42 46 57 56 0 0 0 0 0 0 0 38 0 0 0 0 0 0 9 0 0 11 10 0 0 0 0 0 0 0 51 0 0 47 0 0 0 6 0 0 0 0 
12 10 11 0 0 7 14 0 21 0 0 0 22 0 20 15 36 0 35 0 0 33 34 0 0 48 0 0 52 47 51 53 0 0 0 0 0 0 0 0 0 4 6 0 2 0 63 0 42 0 0 45 0 0 44 0 0 0 0 0 0 60 59 0 
0 50 51 48 0 0 54 0 61 0 59 58 0 0 60 0 12 0 11 0 13 9 0 0 0 0 0 0 0 0 0 0 4 6 0 0 0 3 0 0 41 44 0 0 0 0 0 40 18 0 0 0 0 0 0 0 32 37 33 0 0 36 0 31 
0 53 0 0 52 50 57 56 0 0 0 0 1 59 0 0 15 0 0 0 0 0 13 0 0 27 33 29 0 0 30 32 0 9 8 2 3 0 0 0 0 47 49 0 45 0 0 43 0 20 0 0 0 0 0 0 0 40 0 41 0 39 38 0 
0 13 14 0 12 10 17 16 0 20 0 21 25 19 0 0 0 34 38 35 40 0 37 0 0 0 0 0 0 0 54 56 31 0 0 0 27 0 28 0 4 0 9 0 0 8 2 0 0 44 0 48 0 43 47 42 0 64 0 0 61 0 0 0 
0 45 0 0 0 42 0 0 56 52 54 0 57 0 55 0 0 2 0 0 8 0 0 9 0 0 0 21 0 18 22 0 0 0 0 58 59 0 60 0 0 0 0 38 0 40 0 35 13 12 17 0 0 11 0 10 27 0 0 0 0 31 30 0 
0 0 22 0 20 0 0 0 32 28 30 0 33 0 31 26 0 0 46 43 48 44 0 49 60 0 1 0 63 58 62 0 39 0 40 0 35 0 36 37 12 0 0 0 0 16 10 11 0 0 57 56 0 0 0 50 0 0 0 9 0 0 0 2 
7 0 0 0 4 2 0 0 0 12 0 0 0 0 0 0 0 0 30 0 32 28 0 33 44 43 0 0 0 0 0 48 23 25 24 0 0 22 0 21 0 63 0 0 61 64 0 59 0 0 41 40 0 35 0 34 51 0 52 57 53 55 0 0 
0 0 0 27 28 26 0 32 0 0 38 0 0 35 0 0 55 50 54 51 0 0 0 0 4 0 0 5 7 2 0 8 47 49 0 0 0 0 0 45 0 0 25 22 0 24 18 0 61 0 0 0 62 0 63 0 0 0 0 17 13 15 0 10 
63 0 0 0 60 0 0 0 0 0 6 0 9 3 7 0 23 0 0 19 0 0 0 0 36 0 41 0 39 34 38 0 0 0 16 0 11 0 0 0 52 0 57 0 53 0 50 0 29 28 0 32 30 0 0 26 0 0 44 0 45 0 46 42 
39 0 0 35 0 0 41 0 0 44 0 45 0 0 0 0 63 0 62 59 0 0 0 0 0 0 17 13 15 10 0 16 55 0 56 0 0 54 52 0 28 0 0 30 0 0 26 0 0 0 0 8 0 3 7 0 19 0 0 25 0 0 0 18 
1 63 64 0 62 60 0 2 0 0 8 7 0 0 0 4 0 0 24 0 0 0 0 0 38 0 43 0 0 36 40 42 17 19 18 12 0 0 14 15 54 57 0 0 55 0 0 0 0 0 35 34 32 0 33 28 45 50 46 0 0 0 48 0 
49 0 48 0 46 44 51 0 0 54 56 0 59 53 57 0 0 4 8 5 10 0 7 0 22 0 0 0 25 20 24 0 1 3 0 60 0 64 0 0 0 0 0 40 39 42 0 0 15 0 0 0 16 0 0 12 29 34 30 35 31 0 32 0 
17 0 16 13 0 12 19 18 0 0 0 23 27 0 0 20 0 36 0 37 42 0 0 43 0 0 59 55 0 0 56 58 0 0 0 0 0 0 0 31 0 9 0 8 0 10 0 0 0 0 51 50 0 0 0 0 0 2 0 3 0 1 64 60 
0 0 0 0 0 0 0 34 42 38 0 39 0 0 0 0 57 0 56 53 0 54 0 0 0 5 0 7 9 4 0 0 0 0 50 0 0 0 46 47 0 0 0 0 23 0 20 21 0 0 0 0 0 61 0 0 13 18 0 0 15 0 0 12 
0 0 0 0 0 0 43 0 0 46 48 0 0 0 0 0 0 0 64 61 2 0 0 0 14 0 0 15 0 0 16 0 57 0 0 0 0 56 0 0 0 0 0 32 31 0 0 0 0 0 0 0 8 0 9 0 0 0 0 27 0 25 0 20 
0 0 8 5 0 4 11 10 18 14 0 0 0 0 17 12 0 0 32 29 0 0 31 0 46 0 51 0 0 0 0 50 25 0 0 20 0 24 0 0 0 1 3 64 0 0 0 61 39 38 0 0 40 0 0 0 0 58 0 0 0 0 0 0 
57 55 0 53 54 0 0 0 0 0 64 0 3 61 0 0 17 0 0 0 0 14 0 0 0 0 0 0 0 0 0 34 9 11 0 4 0 0 6 0 0 0 51 0 47 50 44 0 0 22 27 0 0 21 25 0 0 42 38 0 0 0 0 36 
25 23 0 21 0 20 0 26 0 0 32 31 35 29 0 0 49 44 48 0 0 0 0 0 62 0 3 0 1 0 0 0 41 43 42 0 0 0 0 39 14 17 0 0 0 0 0 0 0 54 0 0 0 53 0 0 5 0 6 11 0 0 8 0 
0 28 0 26 0 0 0 0 39 0 0 0 0 0 38 0 54 0 0 0 0 0 0 0 0 2 0 0 0 0 0 0 0 0 0 0 0 45 43 0 19 0 24 0 20 0 0 18 0 59 0 0 0 0 0 57 10 15 0 16 12 0 13 0 
46 0 0 0 43 0 0 0 55 51 53 0 0 50 0 0 6 0 0 0 0 0 4 0 19 0 24 0 0 0 21 0 62 0 0 57 0 0 59 0 0 38 0 37 0 39 33 0 0 11 16 15 0 0 0 9 26 0 0 32 28 0 0 0 
0 0 13 10 0 9 0 0 0 0 0 0 0 0 22 17 38 0 37 0 39 0 36 40 0 0 56 0 0 49 53 55 0 32 31 25 26 29 0 0 3 6 8 0 0 0 0 0 0 43 48 0 45 42 0 0 0 0 0 64 0 0 0 0 
0 60 0 58 59 0 0 0 0 0 5 0 0 0 6 1 22 0 0 18 23 19 0 24 0 34 40 0 0 33 37 0 0 16 0 0 0 13 11 0 51 54 0 0 0 55 49 0 28 0 0 31 0 0 0 25 0 47 0 0 0 0 0 0 
0 0 0 50 51 0 0 55 63 0 0 60 0 0 0 0 14 0 0 0 15 0 12 0 0 0 32 0 0 25 29 31 0 8 0 1 0 0 0 0 43 0 0 0 0 0 0 42 20 0 0 0 0 18 22 0 0 39 35 0 0 38 0 0 
0 0 0 0 19 17 0 0 31 0 0 0 0 26 0 25 46 0 45 0 47 0 0 0 0 58 64 0 62 0 0 63 38 40 0 0 34 0 0 0 11 14 0 0 0 0 9 0 0 51 56 0 0 50 0 0 0 7 3 8 4 0 5 0 
0 0 0 0 35 0 40 0 47 0 45 0 0 0 0 0 62 0 0 0 0 59 0 0 0 0 0 12 0 9 0 15 54 0 0 49 50 0 0 0 27 0 0 29 28 0 25 0 0 3 0 0 5 0 0 0 18 0 19 24 20 22 0 0 
6 0 0 0 0 1 8 0 15 0 13 12 0 0 14 0 30 25 0 0 0 0 0 32 43 42 0 0 0 41 0 47 22 0 0 0 18 0 0 20 59 62 0 0 0 0 57 0 0 35 0 0 0 0 0 0 0 0 51 56 0 54 53 49 
0 0 60 0 58 56 63 62 6 2 4 3 7 0 0 64 0 0 0 0 22 0 19 0 0 0 0 0 0 0 36 0 0 0 14 8 9 12 10 11 0 53 0 52 0 54 48 49 0 0 0 0 0 0 0 0 0 46 42 47 43 45 44 0 
37 0 0 0 0 32 0 0 0 0 0 0 47 0 0 40 0 56 60 57 0 0 59 0 10 9 15 11 0 0 0 0 53 0 0 0 49 0 50 51 26 0 31 0 0 30 24 25 3 0 0 6 0 0 5 64 0 0 18 0 0 0 0 16 
21 19 0 17 0 0 0 0 30 0 28 27 31 0 0 0 0 40 0 41 46 0 43 47 58 0 0 0 0 0 0 0 37 0 0 32 0 0 0 35 10 0 15 12 11 0 0 0 0 50 0 54 52 0 0 48 0 6 0 0 0 0 0 0 
0 0 28 0 0 0 0 30 38 34 0 35 0 33 0 0 0 0 0 0 0 0 0 0 0 1 0 0 5 64 0 6 0 0 0 40 41 44 0 0 0 21 23 0 19 0 16 0 0 0 63 0 0 0 0 56 9 0 0 15 11 0 0 0 
0 43 0 0 0 0 0 0 0 50 52 51 55 49 53 0 5 0 4 1 6 2 0 0 0 0 23 0 0 16 0 0 61 63 62 0 0 0 58 0 34 37 39 36 35 38 0 0 0 0 15 0 0 0 13 0 0 30 0 31 27 0 0 24 
53 0 0 0 0 0 55 54 0 58 0 0 63 0 0 56 0 0 0 0 0 10 0 0 0 25 31 0 0 0 0 30 0 7 6 64 1 4 0 3 42 0 0 44 0 0 0 0 0 0 0 0 0 0 0 0 0 0 34 0 0 37 36 0 
0 0 12 0 10 0 15 14 0 18 20 19 23 0 21 0 0 0 0 0 38 0 35 0 50 49 0 0 0 0 0 54 29 0 30 24 25 0 0 0 2 0 7 4 3 0 0 1 0 0 47 46 0 41 0 0 0 0 0 63 59 61 0 56 
5 3 4 0 0 0 0 0 0 10 0 11 0 0 0 8 0 24 0 25 30 26 0 0 0 41 0 43 0 40 0 0 0 0 22 16 0 0 18 0 58 0 0 60 0 62 0 57 35 0 39 38 0 33 0 32 0 0 0 55 0 53 52 0 
35 0 34 31 0 0 0 0 0 0 0 0 0 39 43 38 0 0 58 0 0 56 0 61 0 0 13 0 0 0 0 0 51 53 52 46 0 0 0 0 0 0 0 26 0 0 0 23 0 64 0 0 2 0 0 0 15 0 16 0 0 0 18 0 
43 0 0 0 0 38 0 0 52 48 50 0 0 47 51 0 0 62 0 0 0 0 0 0 0 15 0 0 19 0 18 0 59 0 0 54 55 58 0 0 0 0 37 0 0 0 30 0 9 8 0 12 0 7 11 0 0 0 24 0 25 0 26 22 
27 25 26 0 24 0 0 0 0 0 0 0 0 0 35 30 0 46 50 0 0 0 49 53 0 0 0 0 3 62 0 0 0 0 0 38 39 42 40 0 16 19 0 18 0 0 14 0 57 56 0 0 0 0 0 0 0 12 0 13 0 0 10 0 
11 0 0 0 0 6 0 0 0 0 18 0 0 0 19 14 0 30 34 0 0 0 0 0 48 0 0 0 51 0 0 0 0 0 0 0 0 26 0 25 64 0 5 2 1 0 0 0 0 40 0 0 42 39 43 38 0 60 0 0 0 59 0 54 
0 0 58 0 0 0 0 0 4 0 0 0 0 0 3 62 19 0 18 15 20 0 0 0 32 31 37 0 35 0 0 0 11 0 0 0 7 10 0 9 0 0 0 50 0 52 0 47 25 24 0 28 0 0 0 0 0 44 40 45 0 0 0 38 
0 1 0 0 0 0 5 4 0 8 0 0 13 7 11 0 0 22 0 23 0 0 0 29 0 0 0 0 43 0 42 0 19 21 0 14 0 18 0 17 0 0 0 58 0 0 0 55 0 0 0 0 34 31 0 30 0 0 0 0 0 0 50 0 
0 49 50 0 0 46 0 52 0 0 58 0 0 0 0 54 11 6 0 0 0 0 9 0 0 23 29 0 0 0 26 28 0 5 0 0 0 2 64 0 0 0 0 0 0 44 0 39 17 0 0 0 18 0 19 0 31 0 32 37 0 0 0 30 
0 0 0 15 0 0 21 20 28 24 0 25 0 0 0 0 0 38 0 39 0 0 0 0 56 0 61 0 0 54 0 0 35 0 0 30 31 0 0 0 0 11 0 0 0 0 6 0 0 48 53 0 0 0 0 0 0 0 0 5 1 0 0 0 
0 0 0 0 45 0 50 0 0 0 0 0 0 0 56 51 8 3 7 4 0 5 6 0 0 0 0 0 0 0 23 0 0 0 1 0 60 63 61 0 0 40 0 39 0 41 35 0 0 13 0 0 15 0 0 0 28 33 0 0 0 0 0 27 
0 22 0 0 0 0 26 0 0 29 0 0 0 28 0 27 0 0 0 44 0 0 46 50 61 0 0 0 64 59 63 1 40 42 0 0 0 39 37 0 0 16 0 15 14 0 11 12 54 0 58 0 55 0 56 0 4 0 5 0 6 0 7 0 
40 38 39 36 37 35 42 0 49 45 0 0 50 0 0 0 64 59 0 0 0 61 0 2 0 12 18 14 16 0 0 17 56 0 57 51 52 0 0 54 29 0 0 0 0 33 0 28 0 5 0 0 0 0 8 0 0 0 0 0 0 0 0 0 
0 0 31 28 0 0 0 0 0 0 39 0 0 0 40 0 56 51 0 0 0 53 0 0 0 0 10 6 0 0 0 0 0 50 0 0 44 47 45 0 21 24 0 0 0 25 0 0 62 61 2 1 0 0 64 0 0 0 0 18 14 16 15 11 
0 6 7 0 0 0 0 0 0 13 0 0 0 12 0 0 0 0 31 0 0 29 0 0 0 44 0 46 0 0 0 0 24 26 0 19 20 0 21 0 0 0 0 0 0 1 0 0 0 0 0 41 39 0 0 0 0 0 53 58 0 0 55 51 
0 0 15 12 0 0 0 17 0 0 23 0 26 0 0 0 0 35 0 0 41 0 0 0 0 52 58 0 0 51 55 57 0 34 33 27 28 31 0 0 5 8 10 0 0 9 0 0 0 0 0 0 0 0 0 0 60 0 61 0 62 0 63 0 
0 62 0 0 61 59 0 0 0 5 7 0 0 4 0 0 0 0 0 20 0 21 0 26 0 0 42 0 0 0 39 41 16 0 17 0 12 0 0 0 0 56 0 0 54 57 0 0 30 0 0 33 31 0 0 27 44 0 45 0 0 0 0 0 
56 0 0 0 0 0 58 57 0 0 0 0 0 0 0 0 0 11 15 0 0 0 14 0 0 0 34 0 32 0 31 33 8 10 9 0 0 0 5 6 0 0 50 0 0 49 43 0 0 0 26 0 0 0 24 0 0 0 37 0 0 0 39 35 
42 40 41 38 0 37 0 43 0 0 0 48 0 0 50 0 0 61 1 62 3 0 64 4 0 0 20 16 0 0 17 0 0 60 0 0 0 0 0 0 0 34 0 0 0 35 29 0 0 0 0 11 0 0 10 5 22 27 23 0 0 0 25 0 
0 24 25 22 23 21 0 27 0 0 0 32 0 30 34 29 0 0 49 46 0 0 0 52 0 62 4 64 0 0 0 0 42 0 0 0 0 0 0 40 0 0 0 0 0 0 13 0 0 0 60 0 57 0 0 53 6 0 7 12 0 0 9 5 
2 0 0 62 0 61 0 3 0 7 0 0 0 6 0 0 26 0 0 22 27 0 0 0 39 0 0 40 42 37 41 0 0 20 19 0 0 0 0 16 55 0 0 0 0 59 0 0 32 0 0 0 0 30 0 0 0 0 47 0 0 0 49 45 
0 0 0 0 0 13 20 0 0 0 0 0 0 0 0 21 0 0 41 0 43 0 0 44 55 0 0 0 58 0 0 0 0 0 35 29 30 0 0 0 7 10 0 0 8 0 5 0 48 0 52 51 0 46 0 45 0 0 0 0 0 2 0 0 
0 8 0 0 7 0 12 0 0 0 0 0 0 0 0 13 34 29 0 0 35 0 32 0 0 0 52 0 0 45 49 0 26 28 27 0 0 0 0 0 0 0 4 0 64 0 61 0 40 0 0 43 0 0 42 37 54 0 55 0 0 0 57 0 
58 56 0 0 0 0 0 59 0 0 0 0 4 62 2 0 18 0 0 0 19 0 16 0 31 30 36 0 34 29 33 35 0 0 0 0 6 0 0 0 0 50 0 0 48 0 45 0 24 23 0 27 0 0 26 0 38 0 0 44 40 0 41 37 
50 48 49 46 0 45 52 0 59 0 57 56 0 0 58 53 10 0 0 0 0 0 0 0 0 22 28 24 0 21 0 0 2 0 3 0 0 0 0 64 0 0 44 41 40 0 0 0 16 0 20 0 17 0 18 0 30 35 31 36 0 0 0 0 
0 0 0 30 0 0 0 35 0 39 0 40 0 38 0 37 58 53 0 0 0 55 0 60 0 0 12 8 10 0 0 0 0 52 51 0 46 0 47 0 0 0 0 25 0 0 21 0 0 0 4 0 1 0 0 0 14 19 0 0 0 0 0 0 
