8
59 0 56 0 0 0 0 62 18 0 20 0 0 0 0 22 0 64 1 0 0 2 0 3 44 0 45 46 0 0 0 0 0 28 0 26 31 0 0 0 0 0 53 52 48 55 0 0 0 0 0 0 0 0 0 35 9 0 0 0 0 0 15 0 
0 0 16 0 18 0 23 0 0 43 44 0 45 47 0 46 0 24 25 0 28 26 31 27 4 0 0 6 3 0 0 0 0 52 0 0 55 0 0 54 0 0 13 0 0 15 9 0 0 0 0 0 0 57 0 0 0 0 0 0 34 37 0 38 
0 0 0 0 10 12 0 14 0 0 36 33 37 39 0 0 21 0 17 22 0 0 0 0 0 56 0 0 0 63 58 57 0 44 40 42 47 0 43 46 6 0 0 0 64 0 0 3 0 0 54 0 52 49 0 51 0 0 24 0 0 0 0 30 
0 37 0 0 0 0 39 0 0 0 0 57 0 0 0 0 0 40 41 0 0 0 0 43 20 16 21 22 0 0 18 0 0 4 0 0 0 5 0 0 0 0 0 0 0 0 0 27 0 0 0 0 12 9 0 0 49 0 0 51 0 0 0 54 
27 29 24 0 0 0 0 0 50 51 0 49 0 0 0 54 0 0 0 0 36 0 39 0 12 8 0 0 11 15 10 0 0 0 0 0 0 61 0 62 22 0 0 20 0 0 0 0 64 7 0 0 0 0 0 3 0 0 40 0 0 0 0 0 
0 0 0 1 0 0 0 0 0 0 0 0 29 31 24 0 0 8 0 14 0 10 15 11 0 0 0 54 51 0 0 0 0 0 0 0 0 0 35 38 62 0 61 0 0 63 0 0 0 0 0 0 0 0 45 43 0 0 16 0 0 21 0 22 
51 0 0 0 50 0 55 0 0 0 0 0 13 15 8 0 61 0 0 0 60 0 63 59 36 0 37 38 0 0 0 0 0 0 16 0 23 0 19 22 0 0 0 0 0 0 41 43 0 31 30 26 0 0 29 0 1 0 0 3 2 0 0 0 
0 45 0 0 42 44 0 0 2 3 0 0 0 7 64 6 53 0 0 54 0 50 0 51 28 0 0 0 0 0 26 25 9 0 0 10 0 0 0 14 0 34 0 0 0 0 0 0 16 23 0 18 0 0 0 0 0 0 0 59 0 0 0 0 
0 0 42 0 0 0 0 0 4 5 6 0 0 9 0 0 0 0 0 56 0 0 0 53 0 0 0 0 29 33 28 0 11 14 0 0 0 0 0 0 0 36 0 38 34 0 35 0 0 25 0 0 0 0 23 0 59 62 58 0 0 63 0 0 
0 0 50 0 0 0 0 0 0 0 14 0 15 17 0 0 63 0 0 64 62 60 1 0 0 34 0 40 0 0 36 0 19 0 0 0 0 23 0 0 0 44 47 0 0 0 0 0 0 0 0 0 30 0 0 0 0 0 0 5 0 0 9 0 
0 15 10 11 12 0 0 0 36 0 0 0 0 0 0 0 0 18 19 0 22 0 0 0 0 58 0 64 0 0 0 59 0 0 0 44 0 0 0 0 0 0 0 0 0 9 0 5 0 0 56 52 0 51 0 0 0 0 0 29 28 0 33 32 
0 63 58 0 0 62 0 0 20 0 0 0 0 0 0 24 0 2 0 8 6 0 9 0 0 42 47 0 0 0 0 0 0 30 0 0 33 0 0 32 56 52 55 0 0 0 51 53 0 41 0 0 0 35 0 37 0 14 0 13 12 0 17 16 
37 39 0 0 0 0 41 0 60 0 0 0 0 0 0 0 0 0 0 48 46 44 0 0 0 18 23 0 21 0 0 0 0 6 0 0 9 0 0 0 0 0 31 0 26 0 27 29 0 0 0 0 0 0 0 13 0 0 0 53 0 0 0 0 
0 0 0 3 4 0 9 8 0 29 0 27 0 33 26 32 0 10 0 0 0 12 17 13 54 0 55 0 53 0 52 51 0 0 0 0 0 39 0 40 64 0 63 0 0 0 0 0 42 49 0 44 46 43 0 45 19 22 0 0 0 0 0 0 
0 0 18 0 0 22 0 24 44 0 0 43 47 49 0 0 0 0 0 0 0 0 0 29 0 0 0 8 5 0 0 3 51 54 0 0 57 55 0 56 0 12 0 14 0 17 11 0 0 1 64 60 62 0 63 0 0 0 34 0 36 0 41 0 
29 0 0 0 28 0 0 32 52 53 54 0 0 0 50 56 0 34 0 0 0 0 41 0 0 10 0 16 0 0 12 11 59 0 0 0 0 0 61 0 0 20 0 0 0 25 19 0 0 9 8 0 0 0 0 0 0 46 0 45 0 0 49 48 
0 9 4 0 0 0 0 10 0 31 0 0 33 0 28 34 17 12 13 18 0 14 0 0 0 52 0 0 0 59 0 0 0 0 36 38 0 41 39 0 2 62 0 64 0 0 61 0 44 51 0 46 0 45 0 0 21 0 0 23 22 25 27 26 
0 0 20 21 22 0 27 26 0 0 48 45 0 0 44 0 0 0 0 34 32 0 0 31 8 4 9 0 0 0 6 0 0 0 0 0 0 57 0 0 0 14 0 0 12 0 0 0 0 0 2 62 64 0 1 0 0 40 0 0 0 0 0 42 
0 0 44 45 0 0 0 0 0 0 8 5 9 0 0 0 0 0 53 58 0 54 59 0 32 0 0 0 31 0 0 29 0 16 12 0 0 0 0 18 0 38 0 0 36 43 0 0 0 0 0 22 0 0 0 0 61 0 0 63 0 1 0 2 
55 57 0 0 54 0 59 0 14 15 16 0 0 0 12 18 0 60 61 0 0 62 3 63 40 0 0 0 0 43 38 0 0 0 20 0 0 25 0 0 0 0 49 0 0 0 45 47 0 0 0 30 0 0 33 31 0 8 4 7 0 9 0 0 
0 33 0 0 30 32 0 34 0 0 0 0 0 59 52 0 0 0 0 42 0 0 0 39 16 0 0 0 0 0 0 13 61 0 0 62 3 0 63 0 0 0 0 0 0 0 21 23 4 0 0 6 0 0 0 0 0 0 0 0 46 0 0 0 
0 1 60 0 62 0 0 0 0 23 0 21 25 0 0 26 0 4 5 0 0 6 0 7 0 0 0 0 47 51 0 0 0 32 28 0 0 33 31 0 58 0 57 56 52 0 0 0 0 43 42 0 0 0 41 0 13 16 12 15 0 17 0 18 
0 0 0 37 0 0 0 0 0 0 0 0 0 3 60 0 0 0 45 50 0 46 51 0 0 20 0 26 23 0 0 21 0 0 0 0 0 9 7 0 0 0 0 32 0 35 0 31 12 0 0 14 0 0 17 0 53 0 52 0 0 0 59 0 
15 0 12 13 0 0 19 0 0 0 0 37 0 43 36 0 25 0 0 0 0 0 27 0 0 60 1 0 63 3 0 0 45 0 44 46 0 0 47 0 10 0 0 0 4 0 0 0 52 59 58 0 0 0 57 55 29 0 0 31 0 0 0 34 
0 27 0 0 0 26 0 28 0 49 50 0 0 0 0 0 0 30 31 36 0 0 0 0 0 6 0 12 9 13 0 7 0 0 54 0 0 0 0 60 0 0 0 0 0 0 15 0 0 0 0 64 2 63 0 1 0 42 38 0 40 43 0 0 
33 35 0 0 32 0 37 0 56 0 0 55 59 0 0 0 0 0 0 0 42 0 0 0 18 0 19 0 17 0 0 0 63 0 0 64 5 0 0 4 0 24 0 0 22 29 0 0 6 13 0 8 10 0 11 9 0 0 46 49 0 0 53 0 
0 43 0 0 0 0 45 0 0 0 0 0 0 0 0 4 51 0 0 52 50 0 0 49 26 22 0 0 0 29 0 0 0 0 0 0 0 11 9 0 36 32 35 34 30 37 0 33 14 21 0 0 18 15 19 17 0 58 0 57 0 0 61 60 
0 19 14 0 0 0 0 0 40 41 42 39 0 45 0 44 27 0 0 0 0 24 29 25 0 0 3 0 1 0 0 0 47 0 46 48 53 0 0 0 0 8 0 10 0 13 0 9 54 0 0 0 58 0 0 0 0 34 0 0 0 0 37 36 
0 0 0 0 8 0 13 0 0 33 0 31 35 0 30 0 19 0 0 20 18 16 0 17 0 0 59 0 57 61 56 0 39 42 38 40 0 43 41 0 4 0 0 0 62 5 0 1 0 53 0 48 50 0 51 0 0 0 0 0 24 27 29 0 
0 51 0 0 0 0 0 0 0 0 0 0 0 0 0 12 0 54 55 0 0 56 0 57 34 0 35 36 0 0 32 31 15 0 0 0 0 0 0 0 44 0 0 0 0 0 39 0 22 0 0 0 0 0 0 25 0 2 0 0 0 3 5 4 
0 59 0 55 56 0 61 0 16 0 18 15 0 0 14 20 3 0 63 4 2 64 0 0 0 38 0 44 41 0 0 0 23 26 0 24 0 27 25 0 52 48 51 50 0 0 0 0 30 0 0 32 0 0 35 0 0 0 6 9 8 0 13 0 
0 3 62 0 64 0 0 0 0 0 0 23 27 29 0 0 0 6 0 0 0 0 13 0 50 0 0 52 49 0 0 0 0 0 0 0 0 0 0 36 0 0 59 0 0 0 55 0 38 0 44 0 0 0 0 0 15 18 14 0 0 0 0 0 
64 0 61 0 0 0 4 0 23 0 0 0 0 0 0 0 10 0 0 0 0 0 0 0 49 0 0 0 48 52 47 0 0 0 0 31 36 34 0 0 59 0 0 57 0 0 54 0 0 0 0 0 0 0 0 40 14 0 0 16 0 0 0 0 
0 58 0 54 0 0 0 0 15 0 0 0 0 20 13 0 0 61 0 0 0 0 4 0 0 0 42 0 0 0 39 0 0 0 21 23 0 26 24 27 0 47 0 49 45 0 0 0 0 36 0 31 0 30 0 32 6 0 5 8 0 0 0 0 
0 0 0 0 23 25 28 27 0 0 49 0 0 52 0 0 34 29 0 35 33 0 0 0 0 0 0 0 0 0 7 6 0 0 0 55 0 0 0 0 0 0 0 0 0 0 0 0 0 0 0 0 0 0 0 0 0 0 37 0 0 0 0 0 
0 0 0 0 0 0 20 0 39 40 0 0 0 0 37 0 0 0 0 27 0 0 0 24 1 0 0 3 64 0 63 0 0 49 0 0 52 0 0 0 11 0 0 0 5 0 0 0 0 0 0 55 0 0 0 0 30 0 29 32 0 0 36 35 
8 10 5 6 0 0 0 11 31 32 0 30 34 36 0 35 18 0 0 0 17 0 0 0 0 0 0 59 56 0 0 0 0 0 0 39 0 0 0 43 3 0 2 0 0 4 62 64 45 52 0 47 0 46 0 0 22 25 21 0 23 26 28 0 
0 0 37 0 0 0 0 0 0 0 0 62 0 0 61 3 50 0 0 0 49 0 0 0 0 0 0 27 24 0 0 22 6 9 0 0 12 0 0 11 0 31 34 0 29 0 30 0 0 0 0 15 0 14 0 0 0 57 0 0 0 58 60 0 
0 0 0 0 47 49 52 0 7 8 9 0 10 0 5 0 58 0 0 59 0 55 0 0 0 29 34 0 0 36 31 30 0 0 0 0 20 0 0 0 43 39 0 41 0 0 0 0 21 0 27 0 0 0 0 0 62 0 61 0 0 0 0 3 
0 0 0 0 0 0 0 0 0 0 0 0 0 0 53 0 0 0 38 0 0 39 0 0 0 0 18 19 0 0 15 0 62 1 0 63 4 0 0 3 0 0 26 0 21 0 0 0 0 12 11 7 0 0 10 0 0 49 45 0 0 0 52 51 
0 24 19 0 0 23 0 0 0 0 0 0 0 0 0 0 32 27 0 0 0 29 0 30 0 0 0 0 6 0 5 4 0 0 0 0 58 0 54 57 17 0 0 0 0 0 0 14 0 0 0 61 0 0 64 62 36 0 35 38 0 0 42 41 
0 64 59 0 61 0 0 0 0 22 23 20 24 26 0 0 0 3 4 0 0 0 0 0 47 43 0 0 0 50 45 0 28 31 0 0 34 0 0 33 0 53 56 0 51 0 0 0 0 42 0 0 39 0 0 0 12 15 0 0 0 16 0 0 
6 8 0 0 5 7 10 0 0 0 31 28 0 34 27 33 0 11 0 0 15 0 18 14 55 0 0 0 0 0 0 0 36 0 0 37 0 40 38 41 0 61 0 0 0 2 60 62 0 0 0 45 0 44 0 0 0 23 0 22 21 0 0 0 
38 40 35 36 0 0 0 41 0 0 0 60 0 0 0 1 0 43 44 49 0 45 0 0 23 19 0 25 0 26 0 0 0 7 3 5 0 0 6 0 33 29 0 0 27 34 0 0 0 18 0 0 0 0 16 14 0 55 0 54 0 56 0 0 
0 56 51 0 0 0 58 57 0 14 15 12 0 0 11 0 64 0 0 0 0 61 0 0 0 35 0 0 0 42 0 0 20 23 0 0 0 24 22 0 0 45 48 0 43 50 0 46 0 0 0 29 31 0 0 0 0 7 0 0 0 0 0 9 
14 16 0 12 0 0 18 0 0 0 39 36 0 42 0 41 24 0 20 0 23 21 0 22 63 0 0 0 0 0 0 0 44 47 43 45 0 0 0 0 0 0 0 0 0 0 0 0 0 0 0 0 0 52 56 54 28 0 27 0 29 0 0 33 
46 0 0 0 0 0 50 0 5 0 0 0 8 0 0 9 0 0 52 0 0 53 0 54 0 0 0 33 30 34 0 28 0 15 0 0 0 16 14 0 41 37 0 0 0 42 0 0 0 0 25 0 0 0 24 0 60 63 0 62 0 0 0 1 
0 32 0 0 0 31 0 33 0 54 55 0 0 58 51 57 40 0 0 41 0 0 0 38 15 11 16 0 0 0 13 0 60 0 0 0 2 0 0 1 25 0 24 23 19 0 20 22 3 10 9 0 7 0 0 0 0 0 43 0 0 0 0 0 
0 0 0 0 0 0 30 0 0 0 0 48 52 54 0 0 36 0 0 37 0 0 0 0 0 7 0 13 0 14 0 0 0 0 55 57 62 0 58 0 21 0 20 0 0 22 16 0 0 0 0 1 3 64 4 2 0 0 39 42 41 44 0 0 
58 60 55 56 57 0 62 61 0 18 0 0 0 0 15 0 0 0 0 0 0 1 6 0 0 0 0 45 42 0 41 0 0 0 0 0 30 28 0 0 0 49 52 0 47 54 48 50 0 0 37 0 0 32 0 0 8 11 0 0 9 12 14 0 
0 52 47 48 0 0 0 0 9 10 0 0 0 14 0 0 0 0 56 61 59 57 62 0 35 0 36 0 34 38 0 0 0 19 0 17 0 20 18 0 45 0 44 43 0 0 40 0 23 0 0 25 27 24 28 0 64 0 63 0 1 0 0 0 
10 0 0 0 9 11 0 0 0 34 35 0 36 0 31 37 0 0 0 0 0 0 22 18 0 0 0 61 58 62 0 56 40 43 0 0 46 0 0 0 0 1 0 3 0 6 64 2 0 0 0 49 51 0 0 0 24 0 0 0 0 0 30 0 
0 0 0 0 1 0 0 0 25 0 27 24 28 0 23 29 0 7 8 13 0 9 0 0 51 0 0 0 0 0 49 48 0 0 31 33 38 36 34 37 0 57 0 59 0 0 0 0 0 0 0 41 0 0 0 0 0 19 0 0 17 0 22 21 
0 0 39 40 0 0 0 0 1 0 0 0 4 6 63 5 0 47 48 0 51 49 0 0 0 23 0 0 0 30 25 0 0 11 0 9 14 12 0 0 0 33 0 0 31 38 0 0 0 22 0 0 0 16 20 0 0 0 0 0 0 0 0 61 
34 36 0 0 0 35 0 37 0 0 59 0 0 0 0 61 0 39 0 45 43 0 0 0 19 15 0 0 0 22 0 16 0 0 0 0 0 4 0 5 29 0 0 0 23 0 0 26 0 0 0 9 0 8 0 0 0 0 0 50 49 0 54 0 
18 0 0 0 0 0 0 21 41 42 0 0 44 0 0 0 0 0 24 0 27 25 30 0 3 63 0 5 0 0 0 0 0 0 47 49 0 52 50 53 13 9 12 0 7 0 0 0 55 0 61 57 59 0 60 0 32 35 31 0 0 0 38 0 
36 38 0 34 35 0 0 0 0 60 0 0 62 0 0 0 46 0 0 0 0 0 0 0 0 17 0 0 20 0 0 18 2 5 1 0 0 0 0 7 31 27 0 0 0 32 0 0 0 0 0 0 0 0 0 0 50 53 0 0 51 54 56 0 
0 30 0 0 0 0 0 0 0 0 53 0 0 56 0 0 0 33 0 39 37 0 0 36 13 0 0 0 0 0 11 10 58 0 57 0 64 0 0 0 0 19 0 0 0 0 0 0 0 0 7 0 0 2 6 0 0 45 0 0 0 46 0 0 
60 62 57 0 59 0 0 0 19 0 21 18 22 24 17 23 0 0 2 0 5 0 8 0 0 41 0 0 0 0 0 42 0 0 25 27 32 0 0 31 0 0 0 53 49 0 0 0 0 40 0 0 0 34 0 36 0 13 9 0 0 0 0 0 
0 0 0 0 0 0 0 0 27 28 0 0 0 32 0 0 0 0 10 15 0 0 0 0 0 0 0 0 0 0 0 50 0 37 0 0 40 38 36 0 0 0 0 0 57 0 58 0 0 48 0 0 0 0 0 0 0 21 17 20 0 0 0 0 
0 0 49 50 51 0 0 55 11 0 0 10 14 0 0 0 0 57 0 0 0 59 64 60 37 0 38 0 36 0 35 34 0 0 0 0 24 0 0 0 47 43 0 0 41 0 42 0 25 0 0 27 0 0 0 0 0 0 0 0 0 0 8 0 
0 0 0 42 43 45 48 0 3 0 0 0 0 0 0 7 54 0 0 55 0 51 0 52 0 25 0 31 0 32 0 26 10 13 9 0 0 0 0 0 0 0 38 37 0 40 0 0 0 0 0 19 21 0 22 0 0 0 0 0 59 0 0 0 
0 0 17 18 0 21 0 0 0 0 45 42 0 48 0 0 0 0 26 0 29 0 32 0 0 0 0 0 0 0 3 0 0 0 49 0 0 54 0 0 15 0 14 13 0 16 0 0 57 0 0 0 0 0 0 0 0 37 0 0 35 0 40 39 
0 0 0 10 0 0 0 0 35 0 0 34 0 40 33 0 22 17 18 23 21 0 0 20 61 0 0 0 0 64 0 58 0 0 0 0 0 46 44 0 0 3 0 5 1 8 0 0 0 56 55 51 53 50 54 52 0 0 0 0 0 0 32 0 
