8
62 2 0 0 64 0 61 0 29 0 30 31 0 0 0 0 0 42 37 0 41 38 0 0 8 0 5 0 0 4 10 0 0 25 0 0 0 0 20 0 0 0 0 53 0 0 0 0 0 0 0 46 0 0 48 49 0 17 14 0 0 12 0 0 
0 42 0 36 40 0 0 39 5 9 0 7 10 0 0 0 12 18 13 15 17 14 0 0 48 47 0 0 0 44 0 0 0 1 0 0 61 0 0 2 0 0 33 29 0 35 30 31 27 0 0 22 0 0 0 25 0 57 0 53 0 52 58 0 
6 0 0 0 0 0 0 0 0 41 0 0 0 0 36 0 0 0 45 0 0 0 0 0 16 0 0 19 0 0 0 0 32 0 0 0 0 0 0 0 0 64 0 0 2 0 62 63 59 52 0 54 53 0 56 0 0 25 0 21 23 0 26 0 
54 58 0 0 56 59 53 0 0 0 22 0 0 24 20 0 0 0 29 31 33 0 35 32 0 63 61 0 1 0 2 62 16 0 15 0 0 0 0 18 0 0 49 0 0 51 46 0 43 36 0 0 0 0 40 41 0 0 0 0 0 4 10 0 
0 18 0 0 0 19 0 15 0 0 0 0 0 48 0 51 52 58 0 0 57 0 0 56 0 23 0 27 0 0 0 22 40 0 39 0 0 38 36 42 4 0 0 0 10 0 0 0 3 60 63 0 0 2 64 1 0 33 0 0 0 28 34 0 
22 0 0 20 0 0 21 23 0 57 0 0 0 56 0 59 60 0 61 63 1 0 0 0 32 0 29 35 33 0 0 0 48 49 0 51 0 0 0 0 0 16 0 13 0 0 0 0 0 0 0 0 0 0 0 9 43 0 0 0 0 0 0 40 
46 0 49 0 48 0 0 0 0 17 0 0 18 0 0 19 20 26 0 0 25 0 0 24 0 55 53 59 57 52 0 54 0 0 7 0 0 6 0 10 0 40 0 37 0 43 38 0 0 0 0 30 0 34 0 33 3 1 0 0 0 60 2 0 
30 0 33 0 0 0 0 0 0 0 0 0 0 0 0 0 0 0 5 0 9 0 11 0 40 0 37 43 0 0 42 0 0 0 0 59 0 0 0 0 20 24 0 21 0 0 22 0 0 0 0 0 0 18 0 0 51 0 0 0 0 0 50 48 
0 49 0 0 47 50 0 0 12 0 13 14 0 15 11 0 0 25 0 0 0 21 0 0 0 0 52 0 56 0 57 0 0 0 0 0 4 0 3 9 35 0 40 36 0 0 37 0 0 0 0 0 0 0 0 32 0 0 0 60 0 59 0 0 
0 0 0 59 0 0 0 62 0 0 29 0 33 31 0 0 35 0 36 0 40 0 42 39 0 0 0 0 0 0 9 0 23 0 0 0 0 21 0 0 51 0 0 52 0 58 53 0 50 0 0 0 0 0 47 48 0 0 0 0 14 11 0 0 
0 0 0 19 0 0 20 0 52 56 53 54 0 0 51 0 59 0 0 62 0 0 2 63 0 30 0 34 32 0 33 29 47 0 0 0 0 0 0 0 0 0 16 0 0 18 0 14 0 0 6 5 0 0 7 0 0 40 37 0 0 35 41 39 
0 0 40 0 39 0 0 0 4 8 0 0 9 0 0 10 0 0 0 0 0 13 18 15 0 0 44 0 0 43 49 45 0 64 62 2 60 61 0 0 27 31 0 0 0 34 0 0 0 19 0 0 0 25 0 24 0 0 0 0 0 0 57 0 
0 0 0 51 55 0 52 54 20 0 0 0 25 23 0 0 27 33 0 0 0 0 34 0 0 0 60 0 64 0 0 0 15 0 0 0 12 13 0 0 43 47 0 44 0 0 0 0 0 35 38 37 36 0 39 0 0 8 0 0 0 0 9 0 
5 0 8 0 7 10 0 0 0 0 0 38 0 39 35 42 43 0 0 0 0 0 0 0 0 14 0 0 0 0 0 0 0 0 0 0 28 0 27 0 0 0 64 0 1 0 0 62 0 0 0 53 52 57 0 0 0 24 0 0 0 0 0 0 
29 0 0 27 31 34 0 0 0 0 0 0 0 0 0 0 0 0 4 0 0 5 10 0 0 0 0 42 0 0 0 37 55 56 54 0 52 53 51 0 0 23 0 0 0 0 21 0 0 11 0 13 0 0 15 0 0 0 45 44 46 0 49 47 
0 0 0 0 0 0 0 0 44 0 0 0 0 0 0 0 0 0 52 54 0 53 58 0 23 22 0 0 0 0 25 0 0 0 38 42 36 37 35 41 0 0 8 0 0 10 5 6 0 0 0 0 60 1 0 0 0 32 0 28 30 0 0 0 
0 0 0 0 0 13 0 9 39 0 0 41 44 0 0 0 46 0 0 0 51 0 53 50 0 17 15 0 19 14 20 0 0 0 0 0 31 0 0 36 62 2 0 0 0 5 0 0 0 0 0 56 0 60 58 59 29 27 0 23 25 22 0 0 
24 28 27 0 0 0 23 0 0 0 56 0 60 0 54 0 62 4 63 0 0 0 0 0 0 33 31 37 0 0 0 32 0 0 49 0 0 48 46 0 14 0 19 15 20 0 16 0 0 0 9 0 0 0 0 11 45 0 0 39 41 0 44 42 
64 0 0 0 0 0 0 0 31 35 32 0 36 0 0 0 38 44 39 0 0 40 0 0 10 9 0 0 11 6 0 0 0 0 25 29 0 0 0 0 0 58 59 0 0 0 56 0 53 0 49 0 47 52 0 51 0 19 0 15 17 0 20 0 
0 60 0 0 58 61 0 0 0 0 0 0 28 0 22 0 30 36 0 0 35 0 0 34 0 0 0 0 0 62 4 0 0 19 0 0 15 16 0 0 0 0 51 47 0 53 0 0 0 0 0 0 0 44 0 0 13 11 8 0 0 6 0 10 
40 44 0 0 42 0 0 0 0 0 8 0 12 0 6 13 0 0 0 17 0 16 21 18 0 49 0 0 0 0 52 48 2 3 0 0 0 64 0 4 0 0 0 0 36 0 0 33 29 0 0 24 0 28 0 27 0 59 56 0 57 0 60 0 
48 0 51 0 0 0 0 0 0 19 0 0 20 0 14 0 0 28 23 0 27 0 29 26 0 0 0 61 59 0 0 56 10 11 0 0 0 0 0 0 0 42 0 0 0 0 0 0 0 30 0 32 31 0 34 0 0 0 0 0 0 62 0 0 
16 0 19 14 18 0 15 0 0 51 0 49 52 0 0 0 0 0 0 57 59 0 61 58 0 0 23 0 0 22 28 0 0 43 0 0 39 40 0 44 6 10 0 0 12 13 0 9 0 62 0 0 0 0 2 0 0 35 0 0 0 30 36 0 
32 0 0 0 0 0 31 0 63 0 64 1 4 2 62 5 0 0 0 9 0 8 0 10 0 0 0 45 0 38 44 40 58 0 0 61 0 0 0 0 0 26 0 0 0 0 0 0 0 14 0 16 15 0 18 19 0 0 0 47 0 0 0 0 
0 0 0 5 0 0 0 0 0 42 39 0 0 0 0 44 0 0 0 0 50 0 0 0 0 16 0 0 18 0 0 0 33 0 32 36 30 0 0 0 0 0 2 0 3 4 63 0 60 0 0 55 54 59 57 0 0 0 0 22 24 0 0 0 
63 3 0 0 0 0 62 0 0 34 0 0 35 0 29 0 37 0 0 40 0 39 0 0 9 8 0 12 0 5 0 0 25 26 0 0 22 0 0 27 0 57 0 0 59 60 0 0 0 45 48 47 46 0 0 50 0 18 15 14 16 0 0 0 
0 27 0 0 0 28 22 24 0 0 0 0 59 0 53 0 61 3 0 64 2 0 0 0 0 32 0 0 34 29 35 0 49 50 48 0 0 47 0 0 0 17 18 0 0 0 15 0 0 5 0 0 0 11 0 10 0 0 39 38 0 37 0 0 
0 0 0 0 33 36 0 0 0 0 63 0 3 1 61 4 0 11 0 0 0 7 0 0 41 40 38 44 42 0 0 0 0 58 0 60 54 55 0 59 21 0 26 0 0 0 0 0 0 0 0 15 14 0 0 0 0 50 0 0 0 45 0 49 
47 51 0 0 0 52 0 0 0 0 15 16 0 0 13 0 0 0 0 0 26 23 0 25 0 0 54 0 58 0 59 0 0 10 0 0 6 0 5 0 0 41 0 38 43 44 0 40 0 29 0 31 30 0 0 0 0 2 63 0 0 61 3 1 
0 43 42 0 0 0 0 0 0 10 0 0 11 9 0 0 13 19 0 0 18 0 0 17 0 0 0 0 0 45 0 47 1 2 0 0 62 0 0 0 0 0 34 0 35 0 0 0 28 21 24 23 22 27 25 0 60 0 0 0 0 53 59 57 
0 19 18 13 0 20 0 0 0 0 0 0 51 49 0 0 0 0 54 0 0 0 0 57 0 0 22 0 26 21 0 0 0 0 0 0 0 0 0 43 0 9 10 0 11 12 7 0 4 61 0 0 0 0 1 0 0 34 31 30 0 29 0 0 
55 0 0 53 0 0 0 0 22 26 0 0 0 25 21 28 29 0 0 32 0 0 0 33 0 64 0 0 0 61 0 0 0 18 16 0 14 0 0 19 45 49 50 0 0 52 0 0 44 0 0 39 38 43 0 0 12 10 0 0 0 5 0 0 
0 0 0 0 5 0 2 0 34 38 0 36 0 0 33 40 0 0 0 44 0 0 48 0 0 0 0 16 0 0 15 0 29 30 0 0 0 0 0 0 0 61 62 0 0 0 59 60 0 0 0 0 50 0 0 0 0 0 0 0 0 17 0 0 
51 55 0 0 0 56 0 0 18 0 19 20 23 0 17 24 0 0 26 28 0 27 32 29 61 0 58 0 62 0 0 0 0 14 12 0 0 11 9 0 41 45 0 0 0 0 43 44 0 33 0 35 0 39 0 0 8 6 0 2 4 1 7 0 
19 0 22 17 0 0 0 20 50 54 0 0 0 53 0 0 57 0 58 0 0 0 0 61 29 0 0 32 30 0 31 27 0 0 44 0 0 43 0 47 0 13 14 10 0 0 0 12 0 0 0 3 2 7 0 6 0 0 0 0 36 33 0 0 
0 31 30 25 29 0 0 0 0 62 0 60 63 61 57 0 1 7 0 0 6 0 8 5 37 0 0 0 0 33 0 0 0 54 0 0 0 0 0 0 0 0 0 18 23 24 0 0 16 0 12 11 0 0 0 0 48 0 0 42 44 0 0 0 
0 0 0 57 0 64 0 0 0 0 0 0 0 29 25 0 0 0 0 0 38 35 0 37 0 4 2 0 0 1 0 0 0 0 20 0 0 0 0 23 49 53 0 0 55 0 51 0 0 0 0 0 42 0 45 46 0 0 0 10 12 0 15 0 
0 47 46 0 0 0 42 0 0 0 11 0 0 0 9 16 0 0 18 0 0 19 24 0 0 0 50 0 0 49 55 0 0 6 0 8 0 0 1 0 0 37 38 0 39 0 0 36 0 0 0 27 0 31 29 0 0 0 59 58 60 0 0 61 
0 15 0 0 0 16 10 12 0 46 43 0 0 0 41 48 49 0 0 0 54 51 56 0 0 0 18 0 22 0 23 0 37 0 0 40 34 35 0 0 0 0 6 2 0 0 3 4 64 0 60 0 0 0 61 62 32 0 0 0 0 25 31 0 
0 0 38 0 37 0 0 0 0 0 0 0 7 5 0 8 0 15 0 0 0 0 16 13 0 0 0 48 46 0 0 0 0 0 60 64 58 0 57 0 25 29 0 26 0 0 27 28 0 17 0 0 18 0 0 22 56 54 51 0 0 49 0 0 
0 29 28 23 0 0 24 26 0 0 57 0 61 0 0 0 0 0 0 0 0 1 6 0 0 34 0 38 0 31 37 0 0 0 50 0 48 0 0 53 0 0 20 0 0 0 0 18 0 0 0 0 0 13 11 0 46 0 0 0 42 39 0 0 
0 0 52 0 51 54 0 0 0 0 0 18 21 0 15 22 23 29 0 26 28 0 0 0 0 0 0 62 60 0 0 57 11 0 0 0 0 0 0 0 39 0 0 0 0 0 41 42 0 0 0 0 0 0 0 0 6 4 1 0 0 0 0 3 
9 13 0 7 11 0 8 0 0 0 0 42 0 43 0 46 0 53 48 50 0 0 54 0 19 18 16 0 20 15 0 0 0 0 34 0 0 0 0 0 63 0 0 64 5 6 0 0 62 55 58 57 0 0 59 0 30 28 25 24 0 23 0 0 
17 0 20 15 0 22 16 18 0 0 49 0 0 0 47 54 55 0 0 0 60 0 0 0 27 0 0 0 0 0 29 25 0 44 0 0 0 0 39 0 0 0 12 0 0 14 0 0 6 0 2 1 0 5 0 0 38 36 0 32 0 0 37 35 
1 5 4 0 3 0 0 0 0 36 33 0 0 0 0 0 39 45 0 42 0 0 46 0 0 10 8 0 0 0 13 9 27 0 26 0 0 0 0 29 0 0 60 0 61 0 0 58 0 47 0 0 0 53 51 52 22 20 17 16 18 15 21 0 
0 61 0 55 0 62 56 58 0 28 25 0 0 27 23 0 0 37 32 0 36 33 0 35 0 0 64 6 0 63 5 1 0 0 0 0 16 0 15 21 0 0 0 0 0 0 0 0 46 0 0 41 0 0 0 0 14 12 0 0 0 0 0 11 
0 0 0 31 35 38 0 34 0 4 1 0 0 0 63 6 0 0 0 0 12 0 0 0 43 42 0 46 44 0 0 0 59 0 58 62 0 0 0 61 0 0 0 0 29 30 0 0 22 15 0 0 0 0 19 0 54 52 0 0 0 0 53 51 
41 45 0 0 43 0 40 0 0 12 0 10 13 0 0 0 0 0 0 0 0 0 22 0 51 0 0 0 0 0 53 0 0 4 0 6 64 1 63 5 31 0 36 0 0 0 33 0 0 0 26 0 0 0 27 0 62 0 0 0 58 0 61 0 
28 32 0 0 0 0 27 0 0 63 60 0 0 62 0 0 0 8 3 5 0 0 9 0 0 0 0 0 39 34 0 0 54 55 0 0 0 52 50 0 0 0 23 19 24 0 20 21 17 10 0 12 0 0 0 0 49 0 44 0 0 0 48 0 
12 0 15 0 0 0 0 0 43 0 44 0 0 46 0 49 50 56 0 0 0 0 0 0 22 21 0 0 0 18 0 20 0 39 37 0 35 0 0 0 2 0 7 0 0 9 4 0 0 0 61 0 0 64 0 0 33 0 0 27 0 26 0 30 
0 0 0 0 0 0 0 5 0 0 36 0 40 0 0 0 0 0 43 0 0 0 0 0 14 13 0 17 0 0 0 0 30 31 0 33 27 0 0 0 0 62 63 59 0 0 0 0 0 50 53 52 0 0 54 0 0 23 20 0 21 0 0 0 
0 64 0 0 0 1 0 0 27 0 28 29 0 0 0 33 34 0 35 37 0 0 0 38 0 5 0 0 7 0 0 0 0 23 21 25 19 20 0 0 0 54 55 0 0 0 0 0 49 0 45 44 43 0 0 0 0 15 0 11 0 10 0 14 
52 0 55 0 0 0 51 53 0 0 0 0 0 0 0 25 0 0 27 0 0 0 33 0 0 61 59 0 63 0 0 0 14 0 13 0 0 0 0 16 0 46 0 43 0 49 0 0 41 34 0 36 35 40 38 39 9 0 0 0 0 0 0 6 
36 0 0 0 0 0 0 0 0 0 0 0 8 0 0 9 10 16 0 13 15 12 0 14 46 0 0 0 47 0 0 0 0 0 0 1 59 60 0 64 0 30 31 0 0 33 28 29 25 0 0 20 19 0 0 23 0 0 0 0 0 0 0 54 
0 48 0 42 0 49 43 0 0 0 0 13 0 0 0 17 0 24 0 21 23 20 25 0 0 0 51 57 0 0 0 52 0 0 5 9 3 4 0 0 34 0 0 35 40 0 36 0 33 26 0 0 27 0 0 31 1 0 0 59 0 0 0 0 
20 24 0 0 0 25 0 0 0 0 52 53 0 0 0 0 58 64 59 61 0 0 1 62 0 0 27 33 0 26 32 0 0 0 0 49 43 44 0 0 0 0 15 0 16 17 0 0 0 0 0 0 0 0 0 0 41 0 0 0 37 34 40 0 
0 54 53 48 52 55 49 51 0 0 0 0 0 0 16 0 0 0 0 0 0 0 0 0 0 59 0 0 0 56 62 58 0 13 0 0 0 0 0 14 0 44 45 0 0 47 42 0 0 0 0 34 33 0 0 0 0 0 2 1 3 64 0 4 
0 0 61 0 60 0 57 59 25 0 0 0 30 0 0 0 32 38 0 0 0 0 0 0 4 0 0 0 0 64 0 2 20 21 19 23 0 0 16 0 0 52 0 0 0 0 50 0 0 0 0 42 0 0 44 0 0 0 0 0 11 0 0 0 
0 0 29 0 0 0 25 27 0 61 58 0 62 0 0 63 64 6 0 0 0 0 0 0 36 35 0 0 0 0 38 0 0 53 0 55 49 0 0 0 16 0 21 17 0 0 0 0 15 0 11 0 0 0 0 13 0 0 42 0 43 40 0 0 
0 14 0 0 12 15 0 11 41 0 0 0 46 44 0 47 0 0 0 0 0 0 0 52 0 19 17 0 0 16 0 0 0 37 0 0 0 0 32 0 0 0 5 0 6 7 0 0 0 56 0 58 0 62 60 61 0 29 26 0 0 0 0 0 
0 22 0 16 0 23 17 19 0 0 0 0 54 0 0 0 0 0 0 59 0 58 63 0 0 0 0 0 0 24 0 26 0 0 0 0 0 42 40 0 8 12 13 0 14 0 0 11 0 64 3 2 1 0 0 5 39 37 34 33 0 32 0 0 
0 38 37 32 36 0 33 0 0 0 0 3 6 0 0 0 0 14 0 0 0 10 15 0 0 43 0 47 0 0 46 0 60 0 59 0 0 0 56 0 0 0 29 25 30 31 0 0 23 16 0 0 0 0 20 21 0 0 0 0 51 48 54 0 
0 0 5 0 0 7 0 0 33 37 34 0 0 36 0 39 40 0 0 0 45 42 0 44 0 0 9 0 0 0 0 0 0 29 0 0 0 0 0 30 56 60 61 0 0 0 0 0 0 0 0 0 49 0 52 0 0 21 0 0 0 0 22 0 
0 0 0 40 44 0 0 0 0 0 0 0 14 12 0 0 16 22 0 0 0 0 0 20 0 0 0 0 53 48 54 0 0 0 0 7 1 0 64 6 32 0 37 0 38 39 0 0 31 24 0 0 0 30 0 0 63 0 58 0 59 56 0 60 
