8
13 0 0 14 15 0 9 10 0 0 0 0 0 0 0 61 16 17 0 0 21 19 0 0 0 31 0 0 24 0 0 0 52 55 0 0 48 0 49 0 40 44 0 0 0 0 0 0 34 0 0 0 0 33 0 0 64 0 7 0 0 0 0 0 
0 0 0 0 0 59 57 0 0 0 0 43 40 47 0 0 0 1 0 2 0 0 7 0 10 0 0 14 0 13 0 0 0 39 0 0 32 38 33 35 24 0 31 29 0 0 27 0 0 0 19 20 0 0 0 0 48 0 0 54 0 0 52 51 
0 0 0 0 0 0 17 18 6 4 0 3 0 0 0 5 0 25 28 26 0 0 31 30 34 39 0 0 32 0 0 0 0 0 58 0 0 62 57 0 0 0 0 53 49 0 51 50 42 0 0 44 0 0 45 40 8 0 0 14 0 0 0 0 
0 0 48 54 0 0 49 0 0 0 34 35 0 39 33 37 56 57 60 0 0 0 63 62 2 7 4 0 0 5 1 0 0 0 0 29 0 0 25 27 16 0 23 0 0 0 0 0 10 14 11 12 0 0 0 8 0 0 47 46 0 42 44 0 
0 4 0 0 7 3 1 0 0 52 50 51 48 55 0 0 8 9 0 0 13 0 15 14 0 0 20 22 16 0 0 0 0 0 0 0 0 0 0 0 32 0 0 37 0 0 35 0 26 30 27 0 0 0 29 24 0 0 0 62 57 58 0 0 
37 0 0 0 0 0 0 34 0 20 18 19 16 0 0 0 0 41 0 0 0 0 0 0 0 0 52 0 48 0 49 0 0 15 10 13 8 0 0 0 64 0 7 0 0 0 3 0 58 0 0 0 63 57 61 0 24 0 31 30 25 0 0 0 
29 0 0 0 31 0 0 0 0 0 10 0 0 15 0 13 32 33 0 0 0 0 39 38 0 47 0 0 0 0 0 0 4 0 0 5 0 6 1 0 56 60 0 0 57 0 0 58 0 0 51 0 55 0 53 0 0 0 23 0 0 0 20 0 
0 0 40 0 0 43 0 0 0 0 26 27 0 31 25 29 48 0 0 50 0 0 0 54 0 0 0 0 56 0 0 0 20 0 18 0 0 0 0 0 8 0 0 13 0 0 11 0 0 0 0 0 7 0 0 0 0 37 39 38 0 0 0 35 
0 63 0 1 0 62 60 0 49 0 0 0 43 0 44 48 3 0 0 5 8 6 0 9 13 18 0 17 0 0 0 0 0 0 37 0 0 41 0 0 27 31 0 32 0 0 30 29 21 0 22 23 0 0 24 0 0 0 0 0 0 0 0 0 
0 31 0 33 34 30 28 29 0 15 0 0 0 18 12 16 0 0 0 0 0 38 0 0 45 0 47 49 43 0 0 0 0 0 5 0 0 9 0 0 59 0 2 64 0 0 0 0 53 0 0 55 0 52 0 0 0 0 0 0 0 0 0 0 
16 15 11 0 0 14 12 13 1 0 0 0 0 0 0 64 0 0 0 0 24 0 26 0 29 0 31 0 0 32 0 30 0 0 53 0 51 57 0 54 43 0 0 48 0 0 46 0 37 0 0 0 42 0 40 0 0 0 0 0 4 5 0 0 
0 0 0 0 26 0 20 0 0 0 0 6 3 0 0 8 0 28 0 0 32 0 34 33 0 0 0 41 0 40 0 38 0 0 0 0 59 1 0 62 0 0 0 0 52 0 54 0 0 49 46 47 0 0 48 0 0 0 18 0 0 0 0 14 
0 7 0 0 10 0 4 0 0 0 53 54 51 0 52 56 0 12 0 0 16 14 0 0 0 26 0 0 0 0 20 22 47 0 45 48 0 49 0 46 0 0 42 0 0 41 0 0 29 33 0 0 0 28 32 27 59 64 0 1 60 0 63 62 
0 55 0 0 0 0 52 0 41 0 0 38 0 0 0 40 0 0 63 61 0 62 0 0 0 0 0 0 0 8 4 6 0 0 0 0 0 0 28 30 19 0 0 0 0 25 0 21 0 17 0 0 0 0 16 0 0 0 0 0 0 0 47 0 
0 0 0 0 0 0 36 0 0 23 0 22 0 26 20 0 43 44 0 45 0 0 0 0 53 0 0 0 51 56 52 54 15 0 0 16 0 0 0 0 0 0 10 0 0 0 0 5 0 0 0 0 0 0 0 0 0 32 34 0 28 29 0 0 
48 0 0 0 0 46 0 0 33 31 0 30 27 34 0 32 51 0 0 0 56 0 58 57 0 0 63 1 0 64 0 62 0 26 0 0 19 0 20 0 0 15 0 16 0 17 14 0 0 0 0 0 10 4 0 3 35 0 42 0 0 0 0 38 
9 0 0 0 0 0 5 0 0 56 0 0 52 59 0 0 0 13 0 0 0 15 19 0 0 27 0 0 0 25 0 23 0 0 0 49 44 50 0 47 36 0 0 41 0 0 0 0 0 0 31 0 0 0 0 0 60 0 3 0 61 62 0 63 
0 64 60 2 3 63 0 0 0 48 46 47 44 0 45 0 0 0 8 0 9 0 11 10 0 0 0 18 0 0 0 15 0 0 0 0 0 42 37 39 0 0 0 0 0 0 31 30 0 0 23 24 0 0 25 0 0 57 59 58 0 54 56 55 
0 0 0 26 0 23 0 22 0 0 6 0 0 11 0 0 0 0 0 30 0 31 0 0 0 0 0 0 36 41 37 0 0 0 0 0 0 2 61 0 0 56 59 0 53 58 55 0 46 50 0 0 51 45 49 0 12 0 19 0 13 0 16 0 
0 48 44 50 51 0 0 46 0 32 30 0 0 0 0 0 52 0 56 54 0 55 0 58 62 3 64 0 60 0 61 63 0 0 0 0 20 0 0 0 0 16 0 0 0 18 15 0 0 10 7 0 0 0 9 0 36 41 0 0 0 0 0 39 
0 0 52 0 0 55 0 0 0 0 38 39 36 43 0 0 0 0 0 0 0 0 3 2 6 11 8 0 0 0 0 7 32 0 0 0 0 0 0 0 0 0 0 25 0 26 0 22 14 18 15 0 0 0 0 0 44 49 0 0 45 0 0 0 
17 0 0 0 0 0 0 0 2 64 0 63 60 3 0 0 20 21 0 0 0 0 0 26 0 35 0 0 0 0 29 31 56 59 54 0 52 0 53 0 44 0 0 49 45 0 47 0 0 42 39 0 43 0 41 0 4 0 0 0 0 6 0 0 
0 32 0 0 35 31 0 0 0 0 0 0 0 19 13 0 36 0 0 38 0 0 43 0 0 0 48 50 0 0 0 47 0 0 0 0 0 0 0 0 60 64 0 1 0 0 63 0 0 0 0 56 0 53 0 0 0 25 27 0 21 22 0 23 
0 40 36 0 0 0 0 38 0 0 22 0 20 0 0 0 44 0 48 46 0 0 0 0 54 59 0 0 0 57 0 55 16 19 0 17 12 0 13 15 0 8 0 0 5 0 0 0 62 0 63 64 3 0 0 60 0 33 35 0 0 30 0 0 
6 0 1 0 8 4 2 0 0 0 51 52 49 0 50 0 0 0 13 0 0 0 0 15 19 0 21 23 0 22 0 0 0 48 43 46 0 0 42 0 33 0 0 38 0 0 36 35 0 31 0 0 32 0 0 25 0 62 0 0 0 0 0 60 
0 0 0 0 56 0 0 0 0 0 35 0 33 40 0 38 57 58 0 0 0 0 0 0 0 8 0 0 0 6 0 0 29 0 0 0 0 0 26 0 0 0 0 22 0 0 20 0 0 15 0 0 0 0 14 9 41 46 48 47 42 43 0 44 
62 61 57 0 0 0 58 59 47 45 0 0 0 0 0 46 1 0 0 3 0 0 0 0 0 0 0 0 0 0 0 0 0 40 0 38 0 0 34 0 0 29 32 30 26 31 0 27 0 0 20 21 0 18 22 0 0 54 0 55 50 51 0 0 
0 0 0 0 0 28 0 0 0 0 11 12 0 0 10 14 0 0 0 35 38 0 40 39 0 48 45 47 41 0 42 0 5 0 0 6 0 7 0 4 0 0 0 62 0 63 60 0 0 0 52 53 0 0 54 0 0 0 24 0 0 0 21 0 
0 0 9 0 0 0 0 0 0 0 0 0 57 0 58 0 0 18 0 0 0 0 24 0 0 32 29 0 0 30 26 0 53 56 0 54 49 55 0 52 0 0 0 0 42 0 0 43 0 0 36 0 40 34 0 0 0 6 8 7 0 0 5 4 
0 37 0 39 40 0 0 35 0 0 0 20 0 0 18 0 0 0 0 0 46 0 0 0 0 56 53 0 49 0 0 52 0 0 11 14 0 0 10 0 1 5 0 6 0 7 0 3 59 63 60 61 0 0 62 0 25 30 32 31 0 27 0 28 
0 45 41 0 0 0 0 43 0 0 27 28 0 0 0 0 49 50 0 0 54 52 0 0 59 0 0 0 0 0 58 0 21 24 19 0 0 23 18 20 0 0 16 0 0 0 0 0 0 0 0 0 0 2 6 0 33 0 0 0 0 35 0 36 
22 0 0 23 24 0 0 19 0 0 3 0 0 8 2 6 25 26 29 0 0 0 0 31 35 0 37 39 0 0 0 36 0 64 0 0 0 63 58 0 49 0 0 54 0 55 0 0 0 0 44 0 0 0 46 41 9 0 0 0 10 0 13 0 
52 0 47 53 54 50 48 0 37 0 33 34 31 0 0 0 55 0 59 0 60 58 62 61 1 0 3 0 0 0 0 2 0 30 0 0 0 0 0 26 0 0 0 0 0 0 18 0 0 0 10 11 0 8 12 0 39 0 46 0 0 0 43 0 
0 0 0 0 6 2 64 1 53 51 0 0 47 54 48 52 0 0 11 9 12 10 14 0 0 0 19 21 0 20 16 18 0 46 0 0 39 45 0 0 31 0 38 36 0 0 0 33 0 0 0 27 0 0 28 0 0 60 0 0 0 57 59 58 
12 0 7 13 0 10 0 0 0 59 57 58 55 62 0 0 0 16 19 17 0 0 0 0 0 30 27 29 0 0 0 26 0 0 49 0 47 0 0 50 0 43 0 0 0 0 0 0 33 0 34 0 0 32 36 31 0 0 6 5 64 0 3 2 
28 27 0 0 0 26 0 0 13 0 0 0 0 0 8 0 0 0 0 33 0 34 0 37 0 0 0 45 0 44 0 42 3 6 0 4 0 0 0 0 0 0 0 60 0 61 0 57 0 53 50 51 54 48 0 47 0 0 0 0 0 0 19 18 
20 0 0 0 22 0 16 17 0 3 1 0 0 0 64 0 0 0 27 25 28 0 0 0 0 38 35 0 0 0 0 0 0 62 57 60 55 61 0 0 47 51 0 0 48 53 50 0 0 0 42 0 0 40 44 39 7 0 14 0 8 9 0 10 
0 0 0 0 46 0 40 0 0 0 0 0 23 0 0 28 0 0 51 0 0 0 0 53 0 0 59 0 0 60 56 0 0 0 0 0 0 0 16 0 0 11 14 12 8 0 0 0 1 5 0 3 0 0 4 0 31 0 0 0 0 33 0 34 
36 0 31 0 38 34 32 33 0 19 17 18 0 22 16 0 39 40 0 0 0 0 46 0 49 54 0 0 47 0 0 0 0 0 9 12 0 0 0 10 63 0 0 0 0 5 2 0 0 61 58 59 62 0 0 55 0 28 30 0 24 0 27 0 
0 0 0 0 62 0 56 57 0 0 0 0 39 46 40 44 0 0 0 0 0 0 0 0 0 14 11 0 0 0 0 0 0 0 33 0 31 37 0 34 0 0 30 0 0 29 26 0 0 0 0 0 0 0 0 0 0 0 0 53 0 0 0 50 
0 0 0 19 20 16 14 0 3 0 0 0 61 4 0 0 21 0 0 23 26 24 28 0 31 36 0 0 29 0 30 0 57 0 55 0 53 0 0 0 45 0 0 0 46 0 0 0 0 43 40 0 44 0 0 0 0 0 0 0 6 7 0 0 
0 41 0 43 0 40 38 39 0 25 23 0 21 0 0 0 0 0 0 0 50 0 52 0 0 60 0 0 53 0 0 56 17 20 0 0 13 0 0 0 0 0 0 0 0 11 0 0 0 3 64 0 0 0 0 61 29 34 0 0 30 0 0 32 
0 0 21 0 28 0 22 0 0 9 0 0 0 12 6 10 0 30 33 31 34 0 36 35 0 44 0 43 0 0 0 0 1 4 0 0 0 3 62 64 0 0 0 0 0 0 0 0 47 51 48 49 52 0 0 0 0 0 0 19 0 0 0 0 
0 0 0 0 0 0 62 0 0 49 0 0 0 52 0 50 0 6 0 0 0 0 0 0 15 0 0 19 13 0 14 0 0 44 39 0 37 43 38 0 0 33 0 34 30 0 0 0 0 0 24 0 0 0 0 21 53 0 0 59 54 0 0 0 
0 57 53 0 60 0 0 0 43 0 0 40 0 0 0 42 61 0 1 63 2 0 4 0 7 0 0 0 0 0 0 8 0 0 0 0 0 0 0 0 0 25 0 0 22 0 24 0 15 19 0 0 0 14 0 0 45 0 52 0 46 0 0 48 
50 0 0 0 0 0 46 0 0 0 0 32 29 36 0 34 0 54 57 0 0 0 0 0 0 0 0 0 0 0 0 0 0 0 0 0 0 27 22 24 0 0 0 18 14 0 0 15 0 0 0 0 0 6 10 0 0 42 44 0 38 0 0 40 
34 0 29 0 36 0 0 0 0 0 0 0 0 20 0 18 0 0 0 0 42 40 0 0 47 52 49 0 0 0 46 0 0 12 0 10 0 11 6 0 61 1 0 0 0 3 64 0 55 0 0 0 0 54 0 0 0 26 0 27 22 23 0 24 
10 9 0 11 12 8 6 0 0 0 55 56 53 0 54 0 0 14 17 0 18 16 20 0 23 28 0 27 0 26 0 24 0 0 0 50 45 0 0 0 0 0 44 42 38 0 40 0 0 0 0 0 0 0 34 0 0 2 0 0 62 0 0 0 
3 0 0 0 0 0 63 0 0 0 48 0 46 0 47 0 0 7 10 8 0 0 13 12 0 0 0 0 14 0 15 0 42 0 0 43 38 0 0 0 0 0 0 0 0 36 0 0 0 0 0 26 29 0 27 22 54 59 61 0 0 56 0 0 
0 18 14 20 21 17 0 16 0 0 64 1 0 5 0 3 0 0 0 0 27 0 29 28 0 37 34 0 0 35 0 33 0 61 0 0 0 0 55 57 0 0 0 51 0 0 49 0 0 0 0 0 45 39 43 0 6 0 0 0 7 0 0 9 
43 0 38 44 0 41 39 40 0 0 0 0 22 29 23 27 0 47 50 48 0 49 0 0 0 0 58 60 0 59 55 57 18 21 16 0 14 0 0 0 6 0 13 11 0 12 9 8 64 0 0 2 5 63 3 0 0 0 37 0 0 32 34 0 
0 0 0 12 0 0 0 0 60 58 56 0 0 0 0 59 0 0 0 0 19 0 21 0 0 0 0 0 0 27 0 0 50 0 0 51 0 0 0 0 0 42 0 43 0 44 0 40 0 0 0 34 0 31 0 0 62 0 5 4 63 0 2 1 
27 26 22 28 0 25 23 24 0 0 0 0 6 13 0 11 0 0 0 0 0 0 0 0 0 45 0 44 0 0 39 41 0 0 64 0 0 0 0 1 0 58 0 0 55 0 0 0 48 52 49 0 53 47 51 0 0 0 0 20 0 16 18 0 
0 0 0 0 0 33 31 0 0 0 16 0 14 0 15 0 38 39 42 40 43 41 0 0 48 0 0 52 46 0 0 0 0 0 8 0 0 12 0 0 62 2 0 0 0 4 0 0 0 0 0 58 0 55 59 54 22 27 29 0 23 0 0 25 
59 58 54 0 0 0 0 0 44 42 0 41 38 45 0 0 62 63 2 64 3 1 0 4 0 0 0 0 6 11 7 0 34 0 0 35 30 0 0 33 22 0 29 27 0 28 0 24 16 20 0 0 21 0 0 14 46 51 53 0 0 0 50 0 
51 50 46 0 53 0 0 0 0 34 32 0 0 0 0 35 0 0 0 56 0 57 0 60 64 0 2 0 0 0 63 0 0 29 24 0 0 0 23 25 0 18 21 0 0 20 0 0 8 0 0 0 13 7 0 6 38 43 45 0 0 0 42 0 
55 0 0 0 57 53 51 0 0 0 36 0 34 41 35 39 0 0 62 0 0 0 0 64 0 0 6 8 2 0 0 0 0 0 28 31 0 0 0 0 0 22 0 23 19 0 0 0 12 16 0 14 17 11 0 0 0 47 0 0 0 0 0 0 
0 0 0 0 0 13 0 0 64 62 60 0 58 1 0 0 0 0 22 0 0 0 0 0 0 0 0 32 26 31 0 0 54 57 52 0 0 56 51 0 0 46 0 0 0 0 0 44 36 40 37 38 41 35 0 0 2 0 0 0 3 4 6 0 
0 46 0 0 49 0 43 0 32 0 0 29 0 0 27 31 0 51 54 52 55 53 57 56 0 0 62 64 0 0 59 0 0 0 20 23 18 0 0 0 10 14 0 15 0 0 0 0 4 0 0 6 9 3 0 0 0 0 0 0 35 36 38 37 
0 62 0 0 0 0 0 0 0 0 0 0 0 0 43 0 2 3 0 4 7 0 0 0 0 0 14 16 10 0 0 13 0 0 36 0 34 0 35 0 26 30 33 0 27 32 0 0 0 0 21 22 0 19 23 18 50 55 0 0 0 52 54 0 
0 0 0 40 41 37 35 36 0 22 20 0 18 25 19 23 42 43 0 0 47 45 49 0 0 0 0 0 50 0 0 0 14 0 12 0 10 0 0 0 0 6 0 7 0 0 0 4 60 64 0 0 0 59 63 58 26 0 0 32 27 0 30 0 
0 0 0 0 0 29 0 28 0 14 0 13 0 0 0 0 0 0 0 0 39 37 0 0 0 49 0 0 0 47 0 0 0 0 0 0 0 0 3 0 0 0 0 63 0 64 0 60 0 0 0 0 57 0 55 0 0 23 0 0 19 0 0 0 
0 0 0 0 25 0 0 0 8 6 4 0 2 0 3 7 0 27 30 0 0 0 0 32 0 0 38 40 34 39 0 37 62 0 60 0 58 0 0 0 0 0 57 0 51 0 0 52 0 0 0 46 0 43 0 0 10 15 0 0 11 12 0 0 
0 6 0 8 0 0 0 4 56 0 0 0 0 0 0 0 0 0 14 0 15 0 17 0 0 0 0 0 18 0 0 0 0 0 0 0 0 0 43 0 34 0 41 39 0 40 37 36 28 0 0 0 0 27 31 26 58 0 1 0 0 0 62 61 
