8
0 0 0 0 0 21 20 18 53 0 0 47 51 0 0 0 37 0 0 31 0 0 34 0 57 0 56 60 58 0 0 55 0 24 0 0 0 0 0 29 7 0 13 0 0 0 10 0 0 4 0 0 0 0 0 63 45 43 0 0 0 0 39 0 
0 0 0 0 0 0 0 0 37 33 0 0 35 0 0 0 0 0 20 15 22 0 18 19 0 0 0 0 42 0 46 0 11 0 9 0 0 12 0 13 55 0 0 60 59 0 0 0 50 0 0 54 53 49 51 0 0 27 26 0 0 0 23 25 
51 49 47 54 0 53 0 50 21 0 20 0 0 0 16 0 5 0 0 0 0 0 2 0 25 0 0 28 0 0 30 23 0 56 0 58 55 60 0 0 0 0 45 44 0 46 0 0 0 36 32 0 0 33 35 31 0 11 0 8 14 0 0 0 
0 0 0 46 40 45 0 42 13 0 12 0 11 14 0 0 0 0 60 0 62 56 58 0 0 21 16 0 0 0 0 0 0 0 0 0 47 0 0 0 31 33 0 36 0 0 0 32 0 28 0 0 0 25 0 0 0 0 0 0 0 4 63 1 
0 0 0 0 0 37 0 34 0 0 4 63 0 6 0 2 0 49 0 47 0 0 0 51 0 0 0 0 0 0 0 0 0 0 41 42 0 0 0 0 23 25 0 0 0 0 26 0 0 20 16 22 0 0 0 0 0 0 0 56 62 0 0 0 
0 0 23 0 24 29 0 0 61 57 0 0 0 0 0 0 45 0 0 0 46 0 0 0 0 5 64 4 0 3 0 0 35 32 33 34 0 36 0 37 15 17 21 0 19 22 0 0 10 12 8 0 13 9 11 0 0 51 0 48 54 0 0 49 
0 9 0 14 0 0 12 0 0 0 44 0 0 46 0 42 29 0 28 0 0 24 0 27 49 0 48 0 0 51 0 47 19 0 0 18 15 0 22 0 63 1 0 4 3 0 0 0 0 0 0 0 0 57 59 0 37 0 34 32 0 36 0 0 
59 57 0 0 56 61 0 58 29 0 28 0 27 30 24 26 13 9 0 7 0 0 10 0 0 0 32 0 0 0 0 0 0 0 1 2 0 0 0 5 47 49 53 0 0 0 50 0 42 0 0 0 0 0 0 0 0 0 0 16 0 20 0 0 
24 22 20 0 21 26 0 0 0 0 57 52 0 0 53 0 0 0 0 36 0 0 39 0 0 0 0 0 0 64 0 0 0 29 0 0 0 0 35 0 0 0 0 0 16 19 15 13 7 0 5 11 0 6 0 4 50 48 0 45 51 0 0 46 
0 54 52 0 53 58 0 0 26 0 0 0 0 27 21 0 0 0 0 0 11 0 0 0 0 0 0 0 0 0 0 0 64 61 62 63 0 1 0 2 44 0 50 49 0 0 47 0 0 0 0 43 0 38 0 36 0 16 0 0 0 0 12 0 
40 0 36 0 37 42 0 39 10 0 0 0 0 11 0 0 58 54 0 0 0 0 0 0 0 0 13 17 15 0 19 0 48 0 46 0 0 0 51 0 28 0 0 33 32 35 0 29 23 0 0 27 26 0 0 20 2 0 0 0 3 0 60 62 
32 0 0 35 29 0 0 0 0 62 0 60 0 0 61 0 50 46 0 0 0 45 0 0 0 0 5 0 7 0 0 0 0 0 38 39 0 0 43 42 0 0 26 25 24 0 0 21 0 0 0 0 0 0 16 12 58 56 55 0 59 0 52 0 
0 0 0 0 0 0 49 0 0 0 0 12 0 19 0 0 0 62 1 0 0 0 0 64 0 0 0 0 0 24 0 0 56 53 54 55 0 0 59 58 0 0 42 0 0 43 0 0 0 0 29 0 0 0 32 0 0 0 7 0 0 9 0 6 
0 0 0 0 0 0 9 0 0 0 41 0 0 0 37 39 0 0 25 0 0 21 23 24 46 0 45 0 0 48 0 44 16 0 0 15 0 17 19 18 0 62 0 1 64 0 0 0 0 0 53 0 58 0 0 0 34 32 31 29 0 0 28 30 
0 0 12 0 0 0 0 15 50 0 0 0 0 0 0 0 0 0 0 0 0 29 31 32 54 0 53 57 55 0 0 52 24 21 0 0 20 25 0 0 4 0 0 9 8 11 7 0 0 0 0 0 0 0 0 60 42 0 39 37 0 0 0 0 
0 62 0 0 61 2 0 63 0 0 0 0 0 0 29 31 18 14 0 0 0 0 0 0 38 0 37 0 0 0 0 36 8 0 0 7 4 9 0 0 0 0 0 0 56 0 0 0 47 0 0 0 0 0 0 44 0 0 0 0 27 0 0 0 
34 0 30 37 31 0 0 0 4 0 0 62 2 0 63 0 0 48 0 0 53 0 49 0 8 12 7 11 9 0 13 0 0 39 40 0 38 43 0 0 0 24 0 27 0 0 25 0 0 0 15 0 0 0 0 0 0 0 57 0 0 59 0 0 
0 0 0 0 63 4 0 1 36 0 0 30 0 0 31 33 0 16 0 14 21 0 17 0 0 0 0 0 0 42 0 0 0 0 8 9 0 11 0 0 0 56 0 59 58 0 0 0 49 51 0 0 0 48 0 0 0 26 25 0 0 27 0 24 
58 0 54 0 55 0 0 0 28 0 0 0 26 0 23 0 0 8 11 0 0 7 0 10 0 0 0 0 0 0 0 30 0 0 64 1 62 3 0 4 0 0 0 51 50 53 49 0 0 0 0 0 44 0 0 0 20 18 0 15 0 0 0 0 
0 0 38 0 0 44 0 41 12 8 0 0 10 13 7 0 60 56 59 0 0 55 0 58 16 0 15 0 0 0 0 14 0 47 0 49 0 0 53 52 0 32 36 0 0 37 0 0 0 27 0 29 0 24 0 22 4 2 0 63 5 0 0 64 
10 8 6 13 0 0 0 0 44 40 0 0 0 0 0 0 0 0 0 22 0 0 0 0 0 52 47 51 0 50 53 46 18 0 0 0 0 0 21 20 0 0 4 0 2 0 0 63 57 0 55 61 60 0 0 0 36 0 0 31 37 0 0 0 
0 16 0 21 0 20 0 17 0 48 0 0 0 53 0 0 0 32 35 0 37 31 33 0 0 0 0 0 57 58 0 0 0 23 0 0 22 27 0 0 0 8 0 0 10 0 0 0 1 3 0 5 0 0 0 0 44 0 41 0 0 43 0 40 
0 48 0 53 0 0 51 0 20 16 19 14 18 21 0 0 0 64 0 62 5 0 0 2 24 28 0 0 0 26 0 0 58 55 56 0 0 59 0 60 38 40 44 0 0 45 0 39 0 0 31 37 0 0 0 30 12 10 0 7 13 11 0 8 
0 0 0 0 0 0 27 0 0 0 0 0 0 61 0 0 44 40 0 38 0 0 0 0 0 4 63 3 0 0 5 0 34 31 0 33 30 35 37 36 0 16 20 0 0 0 0 0 0 0 0 13 0 0 10 6 52 0 0 0 0 0 46 48 
37 0 33 40 34 39 38 0 7 3 6 1 5 0 0 0 0 0 0 49 0 50 52 53 0 0 10 0 12 0 0 9 0 0 0 44 41 0 0 47 0 27 31 0 0 32 0 0 0 0 18 24 23 0 0 0 0 0 0 0 64 0 0 59 
0 0 0 64 58 63 0 0 0 27 30 0 29 0 0 0 0 11 14 0 0 0 12 13 0 0 0 38 0 37 40 0 0 0 3 0 1 6 8 7 0 51 55 54 0 0 52 50 0 0 42 0 0 0 0 0 0 0 20 18 0 22 0 19 
0 11 9 0 0 15 14 0 47 0 0 0 0 0 42 44 0 27 0 0 0 26 0 29 0 55 50 0 0 53 56 0 0 0 0 0 17 22 0 0 0 0 0 6 0 8 0 0 60 62 58 64 0 0 0 0 0 0 36 34 0 38 33 0 
0 0 25 32 26 0 30 28 63 0 0 57 61 0 58 0 47 43 0 41 48 0 0 45 3 7 2 6 0 0 0 0 37 34 35 0 33 0 0 0 0 19 23 0 21 24 20 18 0 0 10 0 15 11 0 9 0 0 0 0 56 0 49 0 
53 0 49 0 0 0 54 0 0 0 22 17 21 24 18 0 7 0 0 1 0 2 4 0 0 31 0 0 0 0 32 0 0 0 0 0 0 62 0 63 0 43 47 46 0 0 0 42 36 0 0 0 0 35 0 33 15 0 0 10 16 0 9 0 
0 0 0 0 18 23 0 0 55 0 0 0 53 0 50 0 39 35 38 33 40 34 0 0 0 63 0 62 0 0 0 57 29 26 27 0 0 0 32 0 0 0 15 14 13 16 0 10 0 6 0 0 7 3 0 1 47 0 44 0 0 0 41 0 
0 43 41 0 0 47 46 0 0 11 14 0 0 16 0 0 0 59 0 0 0 58 0 0 19 23 0 22 0 21 0 0 0 0 0 52 0 0 0 0 0 35 0 0 37 0 0 0 28 30 0 32 31 27 0 25 0 0 4 2 8 6 1 0 
0 3 0 0 2 0 0 0 0 0 38 0 0 0 0 36 23 0 22 17 24 18 0 0 0 0 0 0 44 0 0 41 0 0 0 12 9 0 0 0 57 0 0 62 61 64 0 0 0 54 50 0 0 0 0 49 0 29 0 0 0 0 0 27 
0 0 0 17 11 0 0 0 48 44 0 42 46 49 0 45 0 28 31 0 0 27 29 0 0 0 0 55 0 0 0 50 0 19 0 21 18 0 25 24 0 0 0 0 6 0 0 3 61 63 59 0 0 0 62 58 0 38 37 35 41 0 0 0 
0 0 50 57 51 0 0 53 0 0 0 0 0 0 0 21 0 0 0 0 9 0 0 0 28 0 0 0 0 30 33 0 0 0 0 0 0 63 0 0 0 0 0 0 46 0 45 0 0 39 0 41 40 0 38 34 0 0 0 0 17 15 10 12 
38 0 0 0 0 40 39 0 0 0 0 0 6 0 0 5 0 0 0 0 0 51 0 0 12 0 11 15 0 0 17 0 0 0 0 0 0 0 49 48 0 0 0 0 30 33 29 27 0 23 19 0 0 20 0 0 64 0 0 0 1 63 0 0 
0 28 0 0 0 0 31 29 64 0 63 0 62 1 0 0 48 0 0 0 49 0 0 0 4 0 3 0 0 0 0 2 0 0 36 0 34 0 41 40 0 0 0 0 22 0 0 19 13 15 0 17 0 12 0 10 56 54 53 0 57 0 0 0 
0 0 18 0 0 0 0 0 0 0 0 50 0 0 51 53 0 0 39 0 41 0 0 0 0 0 0 0 61 62 1 0 0 27 0 29 0 0 0 32 0 0 16 0 0 0 0 0 0 0 0 9 8 0 0 0 0 0 0 0 49 47 0 0 
0 0 0 1 0 64 0 61 0 28 31 0 0 33 0 29 16 0 15 10 17 0 13 14 0 0 35 0 37 38 41 0 6 0 0 0 0 7 0 8 0 52 0 0 54 57 0 51 0 0 0 0 0 0 46 0 0 0 0 0 0 0 0 0 
6 0 0 9 3 0 0 0 0 36 0 34 0 0 35 37 24 20 0 0 0 0 21 22 0 48 0 47 0 0 49 42 14 0 0 0 10 15 17 16 58 0 64 0 62 0 0 0 0 55 0 0 0 0 0 0 32 30 29 0 33 0 26 0 
0 44 0 0 0 0 0 0 0 12 0 0 0 0 0 0 64 0 0 0 0 0 0 0 0 0 0 23 0 22 0 18 0 0 52 0 0 0 0 0 34 36 40 39 38 41 0 35 0 0 0 0 32 0 0 26 0 6 0 3 0 0 0 4 
44 0 40 0 0 0 0 0 0 10 13 0 12 15 9 0 62 58 0 56 0 57 59 0 18 0 0 21 19 0 0 0 52 0 0 0 48 53 0 0 32 34 38 37 36 0 0 33 0 29 0 0 0 0 0 0 6 4 3 1 0 0 0 2 
0 0 0 23 17 0 0 0 54 50 53 0 0 0 0 0 0 34 0 0 0 33 35 36 0 62 57 0 0 60 0 0 28 25 26 0 0 29 0 0 0 0 14 13 12 15 0 0 0 0 1 0 6 2 0 0 0 0 0 0 47 0 40 42 
0 0 64 7 1 0 0 3 0 0 37 0 0 39 33 0 0 0 21 16 23 17 0 20 42 46 41 0 0 0 0 0 12 0 0 0 8 13 15 0 0 58 62 0 0 0 0 0 0 0 49 55 0 0 52 0 0 28 0 0 0 0 0 26 
0 0 0 15 0 0 13 0 0 0 45 0 44 0 0 0 0 0 29 0 0 0 0 0 50 54 49 53 51 52 55 48 0 17 18 19 16 21 23 0 64 0 0 5 4 0 0 0 59 61 57 0 62 0 60 56 0 0 35 0 0 0 0 0 
36 34 32 0 33 38 0 0 0 0 0 0 0 0 1 3 0 0 0 48 55 0 51 52 10 0 0 0 11 0 15 0 44 0 42 43 40 45 47 0 24 26 0 0 0 0 27 0 19 21 0 0 22 18 0 0 62 60 59 57 63 0 56 58 
0 58 0 0 57 62 0 59 0 0 29 0 28 0 0 0 14 0 0 8 15 0 0 0 0 0 0 37 35 0 0 32 4 0 0 0 64 0 0 0 0 0 54 0 0 0 0 0 0 45 0 47 46 42 44 40 0 0 19 0 0 0 0 0 
0 26 0 0 25 0 29 0 0 0 0 0 60 0 57 59 46 42 0 0 0 41 43 0 2 6 1 0 0 0 0 64 0 33 0 35 0 0 39 38 0 0 0 21 20 23 0 0 0 0 0 15 0 10 12 8 0 0 51 49 55 53 48 0 
0 50 0 0 0 0 53 0 22 18 0 0 20 0 0 0 0 2 0 0 0 1 0 4 0 0 25 29 0 0 0 24 0 0 58 0 56 0 0 62 40 0 0 45 44 47 0 0 0 0 33 39 0 0 36 0 0 12 0 9 0 0 8 0 
49 47 45 52 0 51 0 0 19 15 0 13 17 0 0 16 0 0 0 61 0 62 0 0 0 27 22 0 0 25 0 0 57 0 55 56 53 0 0 0 0 0 43 0 0 44 40 38 0 0 0 36 35 31 33 0 0 9 8 6 0 10 0 0 
0 0 0 0 0 0 0 32 0 0 0 61 0 0 62 0 51 0 0 0 0 0 0 0 7 11 0 0 0 0 0 0 0 38 0 40 0 0 0 43 21 0 0 0 25 0 0 22 0 0 14 20 0 0 0 13 0 0 0 54 0 0 0 0 
0 0 0 0 0 0 0 0 0 31 0 29 33 0 30 0 0 0 0 0 0 14 0 17 0 0 0 42 0 0 44 0 0 0 7 8 0 0 0 11 53 0 59 0 57 60 0 0 48 0 0 52 51 0 0 0 27 0 24 22 0 0 0 0 
0 15 0 20 14 19 18 16 51 47 0 0 49 0 46 0 0 0 0 0 36 0 32 0 0 59 0 58 0 0 60 0 25 22 0 0 0 0 28 27 5 0 0 10 0 0 8 6 0 0 0 4 0 63 0 0 0 0 40 0 0 0 0 0 
0 23 21 28 0 0 26 24 0 0 58 0 0 0 0 56 0 0 42 0 44 0 40 41 0 3 62 0 0 0 0 61 0 0 31 0 0 0 0 0 0 15 0 18 17 0 16 14 8 10 6 0 11 0 0 0 51 0 0 0 0 0 0 47 
41 0 0 44 0 43 42 0 11 7 10 5 9 12 0 0 0 55 58 0 60 0 0 57 15 0 0 0 16 17 0 0 49 0 47 48 45 0 0 0 0 31 35 0 0 36 0 30 0 26 0 28 27 23 0 21 3 1 0 0 0 2 61 0 
0 7 5 0 0 0 10 8 43 0 0 0 0 44 38 40 0 23 26 0 28 0 0 0 0 51 0 50 0 0 0 0 17 14 15 0 0 18 0 19 61 63 3 0 1 0 64 0 0 0 0 0 59 0 0 0 35 33 0 0 0 0 29 0 
0 0 53 0 0 0 0 0 0 23 0 0 25 0 22 0 0 0 0 5 12 0 8 0 0 0 0 0 32 33 0 29 1 62 0 0 61 0 0 0 45 47 0 0 0 52 0 0 0 42 0 44 0 0 0 0 19 0 16 0 20 0 13 0 
0 5 0 0 4 9 0 0 0 0 40 0 39 0 0 38 0 21 24 0 26 0 22 0 45 0 44 48 46 47 0 43 0 12 0 0 0 0 0 0 0 0 1 64 0 0 62 60 0 56 52 58 57 0 0 0 0 31 30 28 34 0 0 29 
0 29 27 0 28 0 32 0 1 61 64 59 63 0 0 0 0 0 0 0 50 0 0 47 0 9 4 0 0 0 0 3 0 36 0 0 35 40 42 0 19 0 25 0 23 26 0 0 14 0 12 0 17 0 15 0 57 0 0 52 58 0 0 53 
0 45 0 50 0 49 48 0 17 0 16 11 0 0 0 14 0 61 64 59 0 0 0 63 0 0 0 24 22 23 26 0 55 0 53 0 0 0 58 57 0 37 0 40 0 42 0 36 0 32 0 0 33 29 31 27 0 7 0 0 10 0 0 0 
0 0 51 58 0 0 0 54 0 21 0 0 0 0 20 22 9 0 0 0 0 0 0 0 0 0 28 32 0 0 34 0 63 0 0 0 59 0 0 1 43 45 49 0 47 0 0 44 38 0 0 42 41 0 39 0 0 0 14 0 0 0 0 0 
63 61 0 0 60 0 64 0 0 0 32 27 0 34 0 30 0 0 0 0 0 12 0 0 0 0 0 0 0 39 42 35 0 0 0 0 3 0 10 9 0 0 0 0 0 0 54 0 0 0 44 0 0 45 0 0 0 23 0 0 0 24 19 0 
0 13 0 18 0 17 16 0 0 45 0 43 0 0 44 46 0 29 0 27 0 0 0 31 53 0 0 0 0 0 0 51 23 20 21 22 0 0 26 0 0 0 9 0 0 10 0 4 62 0 0 2 0 61 0 59 41 39 0 0 42 0 35 0 
0 0 0 0 0 0 0 0 0 0 0 3 7 10 0 6 57 53 0 51 0 0 0 0 0 17 12 16 0 0 18 11 47 0 0 0 0 0 50 49 0 29 0 0 0 0 0 28 22 24 20 26 25 0 23 19 1 0 0 0 2 0 0 0 
0 0 0 26 0 0 0 22 0 0 0 51 0 58 0 0 0 0 0 0 42 0 0 0 0 0 0 64 62 0 0 0 31 0 0 30 27 0 0 0 11 13 0 16 15 0 14 0 0 0 4 10 9 5 0 3 49 0 46 0 0 0 0 0 
