8
14 0 10 0 0 0 0 0 0 0 39 0 0 33 0 0 0 0 43 0 0 0 47 0 0 0 24 21 0 0 22 0 0 0 0 0 0 0 0 0 0 0 0 0 0 0 0 0 0 0 0 0 0 0 0 0 0 26 0 0 0 0 0 0 
0 0 0 45 0 48 0 0 8 0 0 0 0 0 0 0 14 0 0 0 0 12 0 0 0 0 0 0 0 51 54 0 0 0 0 0 17 24 0 23 0 0 0 36 0 0 0 0 0 29 0 28 32 0 0 0 64 58 59 63 0 0 0 0 
0 7 0 0 0 0 0 0 32 0 0 30 0 0 0 0 38 0 0 37 0 0 39 0 0 0 16 0 0 11 0 15 0 42 0 45 0 0 0 0 63 0 57 0 61 64 58 62 0 0 55 52 0 0 51 0 0 0 0 23 22 0 20 21 
0 0 0 0 0 24 0 0 0 0 0 0 0 0 0 0 0 0 51 0 0 0 0 56 25 0 0 29 0 0 0 0 59 0 0 0 57 0 60 0 15 0 0 0 0 0 0 0 0 0 0 0 0 6 3 1 0 0 0 0 0 0 0 37 
0 0 0 0 0 64 0 0 0 0 0 0 21 0 0 0 0 0 0 29 0 0 31 0 0 0 8 0 4 3 0 7 35 0 38 0 0 40 0 0 0 51 0 52 53 0 0 0 0 0 47 0 0 0 0 41 16 0 0 0 0 0 0 0 
0 0 0 0 0 0 0 0 64 0 0 0 61 0 0 0 0 0 0 0 0 0 0 8 0 42 0 45 0 43 0 0 0 0 0 13 0 16 12 15 0 0 0 0 0 32 0 0 0 21 0 0 0 0 19 0 0 50 0 0 0 0 0 0 
0 0 0 0 0 0 0 0 0 10 15 0 0 9 0 0 0 0 19 0 18 0 23 0 0 0 0 0 0 0 0 0 0 26 30 29 0 0 0 31 47 0 41 44 0 0 42 0 34 37 0 0 0 38 35 0 8 0 0 0 0 0 0 0 
0 0 0 29 0 0 0 0 0 0 0 54 0 49 0 0 0 0 0 61 58 0 0 64 0 0 0 0 36 0 0 0 0 0 0 0 0 8 4 7 23 0 0 20 21 0 0 0 10 0 0 0 16 0 0 0 0 0 43 0 0 0 44 0 
0 0 0 0 0 46 0 0 0 64 0 0 0 0 0 1 0 0 0 0 8 0 0 14 0 48 0 0 0 0 0 0 0 16 0 0 0 0 18 21 0 33 31 0 0 0 0 0 0 27 0 0 30 0 0 0 0 0 57 61 60 55 0 0 
0 0 32 0 0 0 0 0 0 0 0 0 0 0 0 0 4 0 0 0 0 0 0 0 0 0 46 0 0 0 44 45 9 8 0 0 0 0 10 0 29 0 0 0 27 0 0 0 0 0 0 18 0 0 0 15 0 0 0 0 0 47 50 0 
12 13 0 0 10 0 0 0 38 0 37 36 0 0 0 0 0 39 0 0 40 0 45 0 0 0 0 0 0 0 0 21 0 48 0 51 0 0 0 0 0 0 63 2 0 0 64 0 56 59 0 0 0 0 0 0 30 0 0 0 0 23 26 0 
28 0 24 27 0 0 23 0 0 0 53 0 51 0 0 0 0 0 0 0 0 0 61 62 0 0 38 0 0 33 36 0 0 0 0 3 0 0 0 0 21 0 0 0 0 22 0 20 8 0 13 0 0 0 0 7 0 40 41 0 44 39 0 0 
0 0 0 0 50 0 0 0 14 0 0 0 0 0 0 9 0 0 17 0 16 0 0 22 55 56 0 0 0 57 0 0 0 0 28 0 0 0 0 0 0 0 0 42 43 0 40 44 0 0 37 34 0 36 0 0 6 0 0 0 0 0 0 3 
0 0 0 0 18 0 0 0 0 0 45 0 43 0 0 0 0 0 0 0 0 0 53 54 0 0 30 0 0 0 28 0 0 0 0 0 0 62 0 61 0 0 0 10 11 0 0 12 64 0 5 2 0 4 0 63 38 0 0 0 36 0 34 0 
60 0 0 0 0 0 0 57 22 16 0 20 0 15 0 17 0 23 0 0 0 0 0 30 0 0 0 3 0 0 0 5 0 32 36 0 0 0 34 0 53 0 0 50 0 0 48 52 0 0 45 0 0 0 0 39 0 0 0 13 0 0 0 11 
4 5 64 0 2 0 0 1 30 0 0 0 0 23 0 0 36 0 0 0 0 0 0 0 0 0 14 0 0 0 0 0 0 40 44 43 0 0 0 0 0 0 0 0 0 0 56 0 0 0 53 0 0 52 0 0 0 16 17 0 0 15 0 0 
15 0 0 0 13 0 0 0 0 35 0 0 38 0 0 0 0 42 44 0 43 45 0 0 18 19 25 22 0 0 23 0 52 0 0 54 0 57 0 0 0 0 0 0 6 9 0 0 59 0 0 0 0 0 60 58 0 0 28 0 0 0 0 0 
0 0 0 54 0 57 50 0 0 0 16 0 14 0 0 0 0 18 20 0 0 0 0 0 0 59 1 0 0 0 63 0 0 27 31 30 26 0 29 0 0 44 0 45 0 0 0 47 0 0 40 0 0 39 0 0 9 0 4 8 7 0 0 0 
63 0 0 62 0 0 0 0 0 19 24 0 0 0 0 0 0 26 0 30 0 29 0 0 2 0 0 0 5 0 7 8 36 0 39 0 34 0 37 0 0 52 0 0 0 57 0 55 0 46 0 0 0 47 0 0 17 0 0 0 0 0 0 0 
7 8 0 6 0 0 0 4 0 0 0 0 0 0 0 28 0 34 0 0 0 0 0 41 10 0 0 14 0 0 0 0 0 0 47 0 0 0 45 0 0 60 0 61 0 0 0 0 0 54 0 0 0 55 0 50 25 0 0 24 0 0 0 0 
0 0 0 0 29 0 0 28 0 0 56 0 0 0 0 0 0 0 60 0 59 0 0 0 0 0 0 0 37 0 0 0 4 3 7 0 2 9 5 0 24 0 0 21 0 25 0 0 0 14 0 13 0 0 0 0 0 0 0 48 0 0 0 0 
0 24 0 0 0 25 0 20 0 0 0 0 0 0 0 0 0 0 52 0 0 0 0 0 0 27 33 0 0 0 31 0 60 59 0 0 58 0 0 64 16 12 10 13 14 0 0 0 3 0 0 5 0 0 0 0 41 0 36 0 0 0 37 0 
0 0 35 0 0 0 0 0 0 0 0 0 62 0 0 0 0 0 4 0 0 5 0 0 0 43 49 46 0 0 0 48 12 0 0 0 10 0 0 0 0 0 0 29 0 33 0 31 19 0 0 0 0 23 0 18 0 51 52 0 0 50 0 0 
0 0 0 46 0 0 0 0 0 0 0 0 6 0 5 0 15 10 0 14 0 0 16 0 0 0 0 0 0 0 55 0 0 0 0 0 0 0 0 0 40 0 0 0 0 41 35 0 0 0 0 0 0 0 0 26 1 0 60 64 0 0 0 0 
0 0 0 0 39 43 0 38 0 0 2 0 0 60 63 0 0 0 0 0 0 0 0 0 0 0 0 48 0 0 49 0 0 13 0 0 0 0 15 0 0 0 28 0 0 35 29 0 0 0 0 0 0 25 22 0 0 0 54 58 0 0 0 0 
0 0 5 0 7 0 4 0 0 29 0 0 0 0 31 30 0 0 0 40 0 0 0 0 0 0 0 0 0 0 0 0 46 45 0 0 0 0 0 0 0 0 0 0 0 0 0 0 53 56 0 55 0 0 54 0 0 0 0 26 25 0 0 0 
33 0 0 0 0 35 0 0 59 0 0 57 0 52 0 0 0 0 0 0 0 63 2 0 0 0 0 0 39 0 0 42 0 5 0 0 0 0 7 10 0 0 0 23 0 27 0 25 0 16 18 15 0 17 14 0 0 0 0 0 0 0 0 0 
49 0 45 0 0 0 0 0 11 0 10 0 0 0 0 0 17 0 14 16 0 15 0 0 0 53 59 0 0 0 0 0 0 0 0 0 20 0 0 0 0 38 36 0 40 0 37 0 29 32 0 0 0 0 0 0 3 0 0 0 0 0 0 0 
0 26 0 24 0 0 20 0 0 45 0 49 0 0 47 0 0 0 54 56 53 0 0 0 0 0 0 32 0 30 0 34 0 0 0 0 0 0 0 0 0 14 12 0 0 0 0 17 0 0 0 7 0 0 0 0 43 0 0 0 0 36 0 0 
57 58 0 0 55 59 0 54 0 0 0 0 0 0 0 14 0 0 0 0 21 23 0 27 0 0 3 0 63 0 0 2 30 29 0 0 0 0 31 0 50 0 44 0 0 0 0 49 0 40 0 0 0 41 0 36 0 0 0 0 9 0 0 0 
0 2 0 64 0 3 0 0 0 0 0 25 24 0 23 0 0 0 0 0 0 0 34 35 4 5 11 0 0 0 0 0 38 0 41 0 0 0 0 0 0 54 52 0 0 59 0 57 0 0 0 47 0 0 0 0 0 0 0 18 0 12 0 0 
17 18 13 0 0 0 0 0 0 37 0 0 0 36 39 0 0 0 46 0 45 47 50 0 20 0 27 24 0 0 25 0 54 0 0 56 52 0 0 58 10 0 0 0 8 11 0 0 0 64 0 0 0 1 0 0 0 29 0 34 33 0 0 32 
0 0 0 0 0 0 0 0 0 28 0 32 0 0 0 0 0 0 0 39 36 0 0 42 0 0 0 15 14 0 0 0 0 44 0 0 0 0 0 49 1 0 59 0 0 2 60 0 52 0 57 0 0 0 0 51 0 0 21 25 24 19 0 0 
0 25 0 0 0 0 19 21 0 0 0 0 47 0 46 0 0 51 0 0 52 0 57 0 27 0 0 0 30 0 0 33 0 0 64 63 59 0 62 1 17 0 0 0 0 0 12 16 0 7 0 0 0 0 0 0 0 0 0 0 0 0 38 39 
32 33 0 0 0 34 0 29 0 0 57 0 0 0 54 0 0 0 0 63 0 0 0 2 0 36 0 0 0 0 0 0 5 0 8 0 3 0 6 9 0 0 0 0 0 0 0 24 0 0 0 0 0 0 13 0 50 44 45 0 48 0 46 0 
0 1 60 0 62 2 0 61 0 20 0 0 23 0 0 0 0 27 0 0 28 0 0 34 0 0 10 7 6 0 8 0 0 0 0 0 0 42 38 41 57 0 0 0 0 0 52 0 0 0 0 46 0 0 0 0 0 0 13 0 0 0 0 0 
0 49 0 47 46 0 43 0 0 4 9 0 0 0 0 0 0 0 13 15 0 14 17 18 0 0 0 0 0 0 0 0 21 0 0 23 19 26 0 0 41 0 35 0 0 42 36 40 0 31 0 0 34 0 0 0 0 0 61 0 0 59 62 0 
0 0 0 0 0 0 0 0 0 0 0 0 0 0 0 0 0 0 0 0 0 0 0 50 0 0 26 0 0 0 24 25 0 52 0 55 0 58 0 57 0 0 3 0 0 0 0 0 60 0 0 0 2 0 61 59 34 0 29 0 0 0 30 0 
0 0 36 39 0 0 35 0 2 0 0 0 0 59 0 0 8 3 5 0 0 6 0 0 43 0 0 47 0 0 0 0 0 12 16 0 0 0 14 0 0 29 27 0 0 0 28 0 0 23 0 0 0 0 0 19 0 0 0 0 0 0 0 0 
0 0 0 0 0 0 0 0 18 0 17 0 15 0 0 0 24 0 21 0 0 0 0 0 0 0 0 0 62 0 0 0 0 28 32 31 0 0 0 33 0 45 0 0 0 0 0 0 36 0 41 0 0 0 0 35 10 4 0 0 0 0 0 0 
35 0 0 34 0 37 30 32 0 55 0 0 58 0 0 0 0 0 0 2 0 0 0 0 0 39 0 0 41 40 0 44 0 0 11 0 6 0 9 0 0 0 0 0 0 29 23 0 0 0 20 0 0 0 16 14 0 0 0 0 51 46 0 0 
27 0 0 0 0 0 0 24 53 0 0 0 50 0 0 0 0 0 0 0 0 0 0 0 0 0 0 0 0 32 0 0 64 0 0 0 0 0 0 0 0 16 0 0 18 21 0 0 0 0 0 0 0 0 0 0 0 39 0 0 43 0 0 42 
19 0 0 0 0 0 0 16 0 0 44 43 0 0 0 0 0 46 48 50 0 49 0 0 22 0 0 26 25 0 0 0 0 0 0 58 0 0 0 60 12 0 0 0 0 0 0 0 0 0 0 0 0 0 0 62 0 0 0 0 0 0 33 0 
59 0 0 0 0 0 0 0 21 0 20 0 18 0 0 0 0 0 24 0 0 0 0 0 0 63 0 0 1 0 0 4 0 31 0 34 0 37 33 36 0 0 46 49 50 0 0 0 39 42 0 0 0 43 0 0 0 0 0 12 11 0 0 0 
0 0 47 50 0 0 46 48 0 0 0 0 10 0 0 0 0 0 0 18 0 0 20 0 54 55 0 0 57 0 0 0 0 23 0 0 0 0 25 0 0 0 0 0 0 0 0 0 31 34 36 0 0 0 0 0 0 0 0 0 3 0 0 0 
43 0 0 0 41 0 0 0 0 0 0 3 0 0 0 64 0 0 0 10 7 9 0 0 0 47 0 50 49 0 0 52 0 15 0 18 0 21 17 0 0 0 30 0 0 37 31 35 23 26 0 0 0 0 0 22 0 0 0 0 0 0 0 0 
11 12 0 10 9 13 0 0 0 0 36 35 34 0 33 32 0 0 0 0 0 41 44 0 0 0 0 18 0 0 19 0 0 0 51 0 0 0 0 52 0 64 62 0 0 0 63 0 55 0 0 57 61 59 56 0 29 0 0 0 0 0 0 0 
3 0 0 2 1 5 0 0 0 0 0 27 26 0 0 24 0 30 32 0 31 0 36 0 0 0 0 10 0 0 11 0 40 0 0 0 0 0 0 0 0 0 0 57 58 0 55 59 0 50 52 49 53 51 48 0 0 15 0 0 19 0 0 18 
0 0 0 49 0 52 0 0 0 0 0 0 9 5 8 0 0 13 0 17 0 16 0 0 0 0 0 0 56 55 0 0 0 0 0 25 21 0 0 27 0 39 0 0 41 0 0 0 0 0 0 0 0 34 31 0 4 62 0 3 0 0 0 1 
0 0 0 0 0 0 0 0 0 62 3 2 0 61 0 63 10 0 0 9 0 0 11 12 0 0 52 49 0 47 50 51 15 14 0 0 0 20 0 0 0 0 0 0 0 0 0 0 22 0 0 0 0 0 23 0 0 0 0 0 0 0 56 0 
0 59 0 57 0 0 0 0 0 0 19 0 0 0 0 0 0 21 0 0 0 0 0 0 0 0 0 0 0 0 0 0 31 30 0 33 29 0 32 0 51 0 45 0 49 0 46 50 0 0 0 0 0 0 0 37 0 6 7 0 10 5 0 0 
0 0 14 0 0 0 13 0 44 0 0 0 41 0 0 39 0 0 0 0 0 0 0 0 21 0 0 25 0 0 0 0 0 0 58 0 53 0 56 0 11 7 5 8 0 0 0 0 0 0 0 0 4 2 63 61 0 30 0 0 0 29 32 0 
26 0 0 0 0 0 0 0 0 0 0 0 49 0 0 0 0 0 0 0 0 0 0 0 0 0 36 0 32 0 0 0 0 0 0 0 0 0 0 0 0 15 0 16 0 0 14 0 0 0 0 0 0 10 7 0 0 0 0 43 0 37 0 0 
34 0 0 0 32 36 29 0 0 0 0 0 0 0 0 0 2 0 0 0 0 64 0 0 37 0 0 0 0 0 0 0 7 0 0 0 0 12 8 0 0 0 0 0 0 0 0 0 14 0 0 0 0 0 0 0 0 0 0 0 0 0 0 0 
0 0 0 1 0 0 0 63 28 0 0 0 0 0 0 0 0 0 0 0 0 0 0 0 5 0 0 0 0 7 0 11 39 0 0 41 37 0 0 0 0 0 0 0 0 60 0 58 0 0 51 0 0 50 47 45 0 14 15 0 0 0 0 0 
0 0 6 0 0 12 0 0 0 30 35 0 33 0 32 31 0 37 39 41 0 0 0 0 0 0 20 0 0 15 0 0 47 0 0 0 0 0 0 0 0 0 0 0 0 4 0 0 0 0 0 0 0 0 0 0 0 0 23 27 0 21 0 25 
29 30 0 0 0 31 0 26 55 49 54 0 0 48 51 0 61 56 0 0 57 59 0 0 0 0 0 36 0 0 0 0 2 0 0 4 64 7 0 0 22 0 16 19 0 0 17 0 0 12 0 0 0 0 0 0 0 41 0 0 0 0 0 0 
0 0 0 0 0 15 8 0 0 0 0 0 0 0 0 0 0 40 0 0 0 43 46 47 0 0 0 0 19 0 21 0 0 0 0 0 0 0 0 54 0 2 0 0 0 7 1 0 0 60 0 0 0 0 0 0 0 0 0 0 29 0 0 0 
0 46 0 0 43 0 40 0 7 0 6 0 0 0 3 0 13 0 10 12 0 11 14 0 48 0 0 0 51 0 0 54 18 0 0 0 16 0 0 0 0 0 0 35 0 0 0 0 0 28 0 0 0 0 0 0 0 57 0 0 0 56 0 0 
0 0 0 0 0 0 0 0 15 0 0 0 0 8 11 0 0 0 18 0 0 0 0 0 56 0 63 0 59 0 61 62 0 25 0 0 0 0 0 0 0 42 0 0 44 47 0 0 33 36 38 35 0 0 34 32 0 0 0 0 0 64 3 0 
0 22 17 0 0 0 0 0 0 41 0 0 0 40 0 0 53 0 0 0 0 0 0 55 24 0 0 0 27 0 29 0 0 0 0 0 0 63 59 0 14 0 8 0 0 0 0 0 0 4 0 3 7 0 0 64 0 0 0 38 37 0 0 36 
0 0 0 60 59 63 56 0 0 0 22 0 20 0 0 0 29 0 0 0 25 0 0 0 0 0 0 4 3 2 0 0 0 33 0 0 0 0 0 0 0 0 0 0 52 55 0 53 0 44 46 0 0 45 0 0 0 9 0 0 0 0 11 0 
0 6 0 0 3 7 64 2 0 0 0 0 0 0 0 0 0 32 0 0 0 0 0 0 0 9 0 0 0 10 0 0 0 0 0 0 0 0 43 0 0 0 0 0 60 0 57 61 0 0 0 0 55 0 50 48 0 17 0 0 21 16 0 20 
37 38 0 0 0 0 0 0 63 0 0 0 0 0 0 58 0 0 0 4 0 0 0 0 0 0 47 44 43 42 0 0 10 0 13 0 0 0 11 0 0 0 0 0 28 31 25 29 17 0 0 0 0 0 0 0 55 0 0 0 0 0 51 0 
