8
64 0 1 62 0 3 0 0 33 0 32 0 0 0 0 36 0 0 0 0 0 10 0 0 0 0 59 0 0 0 0 54 0 21 0 23 25 24 28 0 18 0 0 19 0 0 0 0 0 0 0 38 0 0 0 43 0 0 50 0 45 0 51 0 
0 39 0 0 0 0 0 0 0 0 0 0 0 0 0 12 0 0 48 0 0 0 0 47 31 34 35 0 0 32 36 30 0 0 0 0 0 0 4 2 58 0 0 0 0 0 0 0 18 13 0 14 0 0 0 0 0 25 0 0 0 28 27 22 
0 23 0 0 0 27 0 0 0 59 0 54 0 0 0 0 35 29 32 0 0 0 0 0 0 18 19 0 0 0 20 14 0 45 0 0 0 48 0 0 0 0 39 0 38 0 0 0 0 61 0 0 63 1 0 0 8 0 10 0 0 0 0 0 
48 47 0 0 50 51 52 0 17 19 0 0 18 0 0 0 0 0 0 0 0 0 60 55 0 0 0 0 0 0 0 38 0 5 0 0 0 0 0 10 0 0 0 3 0 64 0 0 0 21 0 0 0 0 24 0 0 0 0 0 0 36 0 0 
0 0 0 0 18 19 0 13 0 0 0 46 0 0 0 0 27 21 24 25 0 0 28 0 7 0 0 5 9 0 0 6 0 37 43 0 0 0 0 0 34 0 0 35 0 0 0 0 0 0 0 54 0 0 0 0 0 1 2 63 0 0 0 0 
0 0 0 6 10 11 12 0 0 0 0 0 42 39 37 0 0 13 0 0 0 0 20 0 0 2 0 0 0 0 0 0 0 0 35 31 0 32 0 0 26 0 0 0 22 0 0 0 0 45 52 0 0 49 48 0 56 0 58 0 0 0 0 0 
0 0 0 0 0 0 60 0 0 0 24 22 0 0 0 28 0 61 0 1 62 2 4 63 0 0 51 45 0 0 0 0 0 13 0 15 17 16 0 0 10 9 7 11 6 0 0 0 0 0 36 0 0 0 32 35 40 0 42 39 0 0 0 0 
32 0 0 30 34 35 36 0 0 0 0 0 2 0 0 4 43 0 40 41 38 42 44 0 0 26 0 0 0 0 0 0 54 53 0 0 0 56 60 0 0 0 0 0 0 48 0 45 0 0 12 0 0 9 8 0 0 17 0 15 0 20 0 14 
0 0 59 56 60 0 0 55 0 29 0 24 0 25 0 0 5 63 0 3 64 0 6 0 0 0 53 0 0 0 0 0 0 15 0 0 0 18 0 0 0 11 9 0 0 10 0 0 0 0 0 0 0 0 0 0 0 0 44 0 0 0 45 40 
0 1 0 64 0 0 0 0 35 0 34 0 0 0 0 0 0 7 0 0 0 0 0 0 57 0 0 0 0 58 0 0 24 23 0 0 0 26 30 0 0 0 0 0 0 0 22 15 0 0 46 40 0 0 0 0 0 0 52 0 0 0 0 0 
10 0 0 8 0 0 0 7 0 0 0 0 44 0 0 46 0 0 18 0 16 0 22 17 0 0 0 0 0 0 6 0 0 0 0 0 0 0 0 0 28 0 25 0 0 0 0 0 0 0 0 48 0 0 0 0 58 0 0 0 0 0 0 0 
0 0 0 0 0 0 0 0 19 21 0 0 0 0 0 22 0 0 0 0 56 0 0 0 41 44 0 0 0 0 46 40 8 0 13 0 11 10 14 12 0 3 0 0 0 2 0 63 0 0 0 0 0 0 0 0 0 0 0 0 0 38 0 0 
0 0 0 0 0 0 0 0 0 0 0 0 0 0 0 0 0 39 0 43 0 0 0 0 0 0 0 0 27 0 30 0 0 55 0 0 0 0 0 60 52 0 0 0 0 0 0 0 0 0 14 0 0 11 0 0 0 0 0 0 15 0 21 0 
0 41 43 0 0 45 0 39 0 0 0 0 0 0 7 14 0 0 0 0 48 0 0 49 0 0 0 0 0 0 38 32 0 0 0 1 0 2 6 4 0 0 0 61 0 58 62 0 20 0 0 16 0 0 0 21 26 0 0 0 23 0 0 0 
0 17 19 0 0 21 0 15 51 0 50 48 0 49 47 0 0 0 0 0 0 0 0 0 0 0 0 0 11 0 0 8 0 0 0 0 43 0 0 0 0 0 0 0 0 34 0 31 0 55 0 0 0 59 58 0 2 3 0 0 63 0 0 0 
0 0 27 0 0 29 30 0 0 0 0 0 0 0 55 0 0 0 0 0 0 0 0 0 0 0 0 0 0 18 0 0 0 0 0 0 0 0 54 0 0 43 0 45 0 0 0 0 4 0 6 0 1 0 0 5 0 0 12 0 0 0 0 0 
0 13 0 12 0 17 18 11 0 0 0 44 0 0 0 50 25 0 0 0 0 0 0 21 0 8 0 0 0 0 0 0 0 35 0 0 0 0 0 0 0 0 29 0 0 30 0 0 0 0 58 52 0 0 54 0 0 0 0 0 0 2 1 60 
0 0 0 36 0 0 0 0 0 0 0 4 8 0 0 0 0 43 46 0 0 0 50 0 29 32 33 0 0 30 34 0 0 59 0 61 0 0 0 0 0 55 53 0 52 0 0 0 16 0 18 12 13 15 0 17 22 0 24 21 0 26 25 20 
0 0 7 4 0 0 0 0 0 0 0 0 0 37 0 0 0 11 0 0 0 16 18 0 0 64 0 0 0 62 2 0 0 0 33 0 0 0 0 0 0 0 0 0 0 0 0 0 0 0 50 0 45 0 0 0 0 0 0 53 0 0 0 0 
0 61 0 60 0 0 2 59 0 33 0 0 32 29 27 0 0 0 0 0 4 8 10 0 0 0 0 0 0 0 0 0 20 0 25 0 23 0 26 0 0 0 0 0 12 0 0 0 40 0 0 36 0 0 0 0 46 0 0 0 0 50 0 44 
0 0 0 0 0 0 0 0 0 57 54 52 0 0 51 0 0 0 0 0 0 0 34 0 0 16 0 0 15 0 18 0 44 0 0 0 0 0 0 0 40 0 37 0 0 38 42 35 0 0 0 60 0 0 0 1 6 7 8 0 0 10 9 4 
30 29 0 0 32 33 34 0 0 1 0 60 0 61 0 2 0 0 0 0 0 0 0 0 0 0 25 0 23 0 0 0 52 0 57 0 0 0 0 0 0 0 45 49 0 0 0 0 8 0 0 4 0 0 6 9 14 0 0 0 11 0 0 0 
0 0 0 0 0 49 0 0 15 0 14 0 16 13 0 18 57 51 54 0 0 0 0 53 37 0 41 0 0 0 0 0 0 0 0 5 0 0 0 0 64 0 0 1 0 0 0 0 0 0 26 20 0 0 0 25 30 31 32 29 0 34 0 0 
0 0 0 52 0 57 0 0 23 0 22 0 0 0 0 26 1 0 0 0 0 64 0 0 45 48 0 43 0 0 0 0 0 0 0 0 0 14 0 0 0 7 5 0 4 6 0 0 0 0 0 0 0 0 30 0 38 39 0 37 0 0 0 0 
0 0 0 0 55 56 0 50 22 0 21 0 23 0 18 25 0 0 0 62 0 63 1 0 0 47 0 0 0 0 0 0 0 10 16 0 0 13 0 0 0 0 4 0 0 0 0 2 0 0 0 27 0 30 0 0 0 0 39 0 0 0 0 0 
45 0 46 43 0 0 0 42 14 16 0 0 0 0 0 0 56 0 53 0 0 0 57 52 0 0 40 0 0 0 0 0 0 0 0 0 0 0 0 7 63 0 0 64 0 0 0 58 0 0 0 19 0 0 0 0 29 30 0 0 0 0 0 0 
0 12 0 0 15 16 17 0 0 0 0 0 0 0 0 49 0 0 0 0 0 0 0 0 0 7 0 2 0 5 0 0 0 0 0 0 38 0 0 0 0 0 0 0 0 0 0 0 55 50 57 0 0 0 53 0 0 0 0 60 0 0 0 0 
37 0 38 0 0 0 0 34 0 0 0 0 0 0 0 0 0 0 45 0 0 47 0 0 28 0 0 26 0 0 0 0 59 58 0 0 0 61 0 63 55 54 0 56 0 53 0 50 0 0 0 0 12 14 0 0 0 22 23 0 18 0 0 19 
0 0 0 19 0 0 0 0 0 0 53 0 0 0 0 0 0 26 0 0 0 31 0 0 12 15 0 0 0 0 0 0 0 0 0 0 0 45 0 0 0 0 0 0 0 0 0 0 0 58 0 0 60 0 61 0 0 6 7 0 2 9 0 0 
0 4 0 3 7 8 9 2 0 40 0 0 0 0 34 41 16 10 0 0 0 0 0 0 0 0 0 0 0 0 0 0 0 0 32 0 0 0 0 0 0 22 0 0 0 0 0 0 47 0 49 0 0 46 45 48 0 0 0 0 50 0 0 51 
0 0 0 0 0 0 1 58 0 0 29 0 0 0 0 33 0 0 0 0 3 0 0 0 0 0 0 50 54 0 57 51 19 18 24 20 0 0 25 0 0 0 0 0 0 0 0 0 39 34 0 0 0 38 37 0 0 0 0 0 0 0 48 0 
0 28 30 27 31 0 33 0 0 64 0 0 0 60 58 1 0 0 0 0 0 0 41 0 20 0 0 0 0 21 0 0 0 50 0 0 54 0 57 55 0 46 0 0 0 45 0 42 0 0 0 0 0 0 0 0 13 0 0 0 0 0 0 0 
0 0 0 49 53 0 55 0 0 22 19 0 21 0 0 23 0 0 0 60 0 0 0 0 42 0 46 0 0 0 0 0 9 0 0 0 12 11 0 0 0 0 2 6 0 0 0 0 0 0 31 0 26 0 0 0 35 36 0 34 0 39 0 0 
0 0 0 0 0 62 63 0 0 30 27 0 0 0 0 0 6 0 3 4 0 5 7 2 0 0 0 48 0 0 55 0 0 0 0 0 20 19 23 21 0 0 0 0 0 0 0 0 0 32 0 0 0 36 35 0 43 44 0 0 40 47 46 0 
0 42 0 0 45 0 0 40 0 0 0 9 0 0 0 0 0 0 0 0 49 0 0 50 0 0 0 0 0 0 0 0 0 0 0 0 0 0 7 5 0 0 0 0 0 0 0 56 0 0 23 0 0 0 0 0 0 28 0 26 0 0 0 0 
19 0 20 0 0 0 0 16 0 54 51 0 53 0 0 0 0 0 27 0 0 29 31 0 10 0 0 8 0 0 0 0 0 40 46 42 0 0 0 0 0 0 34 0 33 0 0 32 61 0 63 0 0 0 0 0 3 0 0 2 64 0 0 0 
0 0 0 0 0 0 0 24 0 62 0 0 0 58 0 0 38 32 0 36 0 0 0 34 18 0 0 0 0 19 0 0 49 48 0 50 52 0 55 0 0 0 42 0 0 0 0 40 0 64 0 0 0 0 0 6 0 0 0 0 0 0 0 9 
3 0 4 0 5 6 7 64 0 0 0 0 37 0 0 39 0 0 0 12 0 0 0 0 0 0 0 0 0 59 63 0 0 0 30 0 0 0 0 0 0 0 18 0 17 19 0 0 0 0 47 41 0 0 0 46 0 52 0 50 0 0 0 0 
0 0 0 33 0 38 39 32 4 6 0 0 0 2 0 0 46 0 43 0 0 0 0 42 0 29 0 0 28 0 31 25 0 0 62 0 0 0 63 0 53 52 0 0 0 0 55 0 0 8 0 0 0 12 11 0 0 0 0 0 0 0 0 0 
0 10 0 0 13 0 15 8 0 0 43 41 0 42 0 47 0 0 0 0 0 0 0 18 0 0 0 64 0 0 7 0 0 0 0 34 0 35 0 0 0 0 0 30 25 27 31 24 53 0 0 0 50 0 0 0 0 0 0 58 0 63 0 0 
0 0 0 0 0 4 5 0 0 0 33 0 0 0 0 0 0 6 0 10 0 0 0 0 56 59 60 0 0 0 0 55 0 0 0 0 0 0 0 0 0 0 0 0 0 17 0 0 0 38 0 0 40 0 0 0 49 0 0 0 46 0 52 0 
0 8 10 0 11 0 13 0 0 44 0 0 0 40 0 45 0 0 0 0 15 19 0 16 64 0 0 62 2 0 5 0 0 0 0 0 0 0 0 0 0 0 0 0 23 0 29 0 0 0 0 0 0 0 0 0 0 58 0 0 54 61 0 55 
57 0 0 0 0 60 0 54 0 0 0 23 27 0 0 0 0 0 1 2 63 0 5 0 48 0 0 0 0 0 0 0 0 0 0 0 0 0 21 19 11 0 0 0 0 0 13 0 35 30 0 0 0 34 33 36 0 0 0 0 0 0 0 0 
49 48 0 0 51 0 0 0 0 0 0 0 0 0 14 21 0 54 0 58 0 0 0 56 40 0 0 0 0 41 0 39 0 0 0 8 0 9 0 11 3 0 0 4 0 0 5 0 0 0 0 0 24 0 0 0 0 34 35 0 0 37 0 0 
0 40 42 0 0 0 45 0 0 0 0 0 0 0 0 0 0 0 0 50 0 0 0 0 32 0 36 0 0 0 0 0 0 0 0 64 0 0 0 3 0 58 0 0 55 57 0 0 0 0 0 0 0 0 17 20 0 0 27 0 0 0 0 0 
0 0 0 0 0 0 0 0 0 0 1 63 3 0 0 0 44 38 41 0 0 0 45 40 0 0 0 0 0 0 0 23 55 0 0 0 0 57 61 0 0 50 48 0 0 0 0 0 11 0 13 7 0 0 0 0 0 18 0 0 0 0 0 0 
25 0 0 0 0 28 29 22 0 60 0 55 0 0 0 61 36 0 0 0 0 35 0 32 0 0 0 0 0 0 0 0 47 0 52 0 0 0 0 51 0 42 0 0 0 0 0 0 0 62 5 0 0 2 0 0 0 0 11 8 0 13 0 7 
0 16 0 0 19 0 0 0 0 0 0 0 0 0 0 0 0 0 25 0 0 0 29 0 0 0 12 0 0 0 0 0 0 0 0 40 0 0 45 43 35 0 0 36 0 0 0 30 0 54 0 0 0 0 0 0 0 0 3 0 0 5 0 0 
0 0 0 0 0 0 0 0 0 0 4 2 0 3 0 0 0 0 44 0 0 0 48 0 0 30 0 0 29 0 0 26 0 0 0 0 0 0 0 62 54 0 0 0 0 0 0 0 14 0 0 0 0 0 0 0 0 0 0 0 0 0 23 0 
0 0 0 0 0 63 0 0 29 0 0 0 0 27 25 32 0 0 0 0 0 0 0 0 51 0 0 0 0 0 0 0 18 17 0 0 21 0 0 0 0 0 0 15 0 0 16 0 0 0 0 0 0 0 0 39 0 0 0 0 0 0 47 0 
44 0 45 0 46 0 48 41 0 15 12 0 14 0 0 16 0 0 52 0 0 54 0 0 0 0 0 0 37 36 0 0 0 1 0 3 5 0 0 0 62 61 0 0 58 0 0 0 0 0 24 0 0 21 0 0 28 0 0 27 0 0 31 0 
28 0 0 0 0 0 32 25 61 0 0 0 62 59 0 0 0 33 0 0 0 38 0 0 0 0 23 0 21 0 24 0 50 0 0 0 0 52 0 0 0 45 0 0 0 0 0 0 6 0 8 0 0 5 0 0 0 0 0 0 0 0 0 0 
52 0 0 0 0 0 56 0 21 0 0 0 0 0 0 0 63 0 0 0 0 0 0 0 0 0 47 0 0 0 0 0 10 9 0 11 0 0 16 14 6 0 0 0 2 0 8 0 0 25 0 0 27 0 0 0 36 0 0 0 33 0 0 0 
0 19 0 18 22 0 0 0 53 55 52 0 54 0 0 0 31 0 0 29 26 30 0 27 0 0 15 9 0 0 0 0 42 41 0 0 0 44 0 46 0 0 35 0 0 0 0 33 62 0 0 0 0 0 60 63 0 5 6 0 0 8 0 0 
0 0 0 10 0 0 0 0 45 0 0 0 0 0 0 0 23 17 0 0 0 22 24 0 0 0 0 1 0 0 0 2 0 33 39 35 37 0 40 0 30 29 0 0 0 0 0 25 0 0 0 50 0 0 52 0 60 61 62 59 0 0 63 0 
0 0 0 0 6 0 0 1 0 0 0 34 0 0 0 0 0 0 0 13 0 0 0 0 59 0 0 0 0 0 0 0 0 0 0 27 29 0 32 0 22 0 0 0 18 0 0 17 0 0 0 0 0 0 44 47 52 0 54 0 49 56 0 0 
0 0 0 0 0 0 0 0 0 0 0 0 0 0 0 0 58 0 0 0 0 0 59 0 0 0 42 36 0 0 0 0 0 4 10 0 0 0 0 9 1 0 0 2 0 0 0 0 0 0 0 0 22 24 0 0 31 0 0 0 28 0 0 0 
0 0 0 0 17 18 0 12 0 0 0 0 49 46 44 0 0 20 0 0 0 25 27 0 0 9 0 0 0 0 11 5 0 36 0 0 0 0 0 0 0 0 0 34 29 0 35 28 0 0 59 53 0 56 0 58 0 64 0 0 0 0 0 0 
0 0 40 0 41 0 0 0 0 0 7 5 9 0 0 0 0 0 0 0 0 0 51 46 30 0 34 0 32 0 0 0 0 0 2 62 0 0 3 0 0 0 54 58 0 55 0 0 0 0 19 0 14 16 0 0 0 24 25 0 0 27 0 0 
0 30 0 0 0 0 0 0 0 0 0 61 1 0 0 3 0 0 0 0 0 0 0 0 0 0 0 20 0 23 0 0 0 0 0 0 56 0 0 57 49 48 46 50 0 47 0 44 0 4 11 5 6 0 0 0 0 16 17 0 0 0 0 0 
0 0 0 0 9 10 0 0 0 42 0 0 0 0 0 43 0 0 0 0 0 0 19 0 0 1 0 0 0 0 3 0 0 0 0 0 0 31 0 0 25 0 0 26 0 0 27 0 0 0 51 0 0 0 0 0 0 56 0 54 0 59 0 53 
0 0 0 0 25 0 27 0 0 0 0 0 0 0 52 0 34 0 0 0 0 0 35 30 0 17 0 12 0 15 0 13 0 0 0 0 0 0 51 49 41 0 38 0 0 0 0 0 0 0 0 61 0 0 63 2 0 0 0 0 0 0 10 0 
63 0 0 0 0 0 3 0 0 34 0 29 0 0 28 0 0 4 7 8 0 9 0 0 0 0 58 0 0 55 0 0 21 0 0 0 0 0 0 25 17 16 0 0 13 0 0 12 0 0 0 37 38 0 39 0 0 48 49 46 0 0 0 0 
0 54 56 53 0 58 0 52 0 0 23 0 25 0 0 0 0 0 0 64 0 0 0 0 0 49 50 44 0 0 51 45 0 0 0 0 16 15 19 0 0 0 0 0 5 0 0 4 0 0 35 0 0 0 0 0 0 0 0 0 0 0 0 0 
