8
0 0 0 18 0 0 0 0 0 0 47 0 0 50 0 0 0 11 0 0 0 8 0 0 0 27 26 0 28 0 0 0 0 0 0 0 63 0 0 0 55 60 0 0 0 57 0 0 0 0 0 0 0 0 0 0 0 40 0 0 0 0 0 43 
0 23 29 0 28 0 0 0 57 0 0 0 0 0 0 0 0 0 0 0 21 16 0 20 37 0 34 0 0 31 0 33 0 0 0 14 0 11 10 0 0 0 0 0 5 0 0 64 0 45 0 44 0 0 43 42 49 48 0 0 50 0 0 0 
0 0 37 0 36 0 32 0 1 0 0 0 0 0 0 3 0 27 0 30 0 0 0 28 0 0 42 0 0 39 0 0 0 0 0 0 15 0 0 16 0 12 0 14 0 0 0 8 0 0 0 52 47 0 51 50 0 56 0 55 0 0 0 0 
0 0 5 0 0 0 64 0 0 0 31 0 0 0 0 35 0 0 0 0 61 0 57 60 0 0 0 0 0 0 0 0 0 53 0 0 0 0 0 48 0 0 0 0 0 41 0 40 17 0 0 0 0 0 0 18 0 24 0 0 26 0 0 0 
0 0 0 0 60 0 56 0 0 0 0 0 0 0 0 0 0 51 47 54 0 0 0 52 5 0 0 64 4 63 0 0 41 0 44 0 39 43 0 0 0 36 0 38 0 0 0 0 0 0 0 0 0 0 11 10 0 0 0 0 0 20 0 0 
0 47 0 0 0 0 0 49 0 0 0 0 21 0 16 0 0 43 0 46 45 40 41 0 0 59 0 0 0 0 62 0 0 37 36 38 0 0 0 0 0 0 27 30 0 0 0 0 0 0 0 0 63 0 0 2 9 0 0 0 0 0 14 11 
0 0 0 0 0 0 0 41 0 14 0 0 0 0 8 11 0 35 0 0 0 0 0 0 0 0 0 48 0 47 54 49 0 0 0 0 0 0 26 0 0 0 0 0 21 0 18 0 57 61 0 60 55 0 0 0 0 0 0 0 2 4 0 3 
11 0 0 0 0 0 0 0 0 0 39 0 45 42 0 0 2 0 63 0 0 64 0 0 0 19 18 0 0 0 22 0 0 0 0 0 0 0 0 56 0 0 0 0 0 0 50 0 0 0 30 0 23 0 0 26 0 0 0 0 0 0 0 0 
18 0 20 0 0 0 15 0 0 53 0 0 0 0 0 0 0 10 0 13 0 0 0 0 0 26 0 23 0 22 0 0 0 0 0 0 0 0 0 0 0 0 58 61 0 0 57 0 0 36 0 0 0 0 34 0 40 0 0 0 0 43 0 42 
0 0 0 25 0 29 0 24 0 0 0 0 0 0 0 58 0 0 0 0 0 15 0 0 0 34 33 0 0 0 0 0 0 0 0 13 0 0 9 0 0 0 0 0 4 0 1 63 40 44 0 43 38 0 42 41 0 0 0 0 0 0 53 50 
0 54 0 57 0 61 0 56 0 0 22 0 28 0 0 0 49 0 0 0 0 47 48 51 4 0 1 63 3 0 0 64 40 0 0 45 0 0 0 0 0 0 0 37 0 32 0 31 0 12 0 11 0 0 0 0 16 15 20 14 17 0 0 0 
0 0 36 33 35 0 0 0 0 0 0 0 0 0 0 0 0 0 0 0 0 0 0 27 0 0 0 39 43 0 0 0 0 0 0 0 0 0 0 0 6 11 0 0 0 0 0 7 0 0 53 0 46 0 0 0 56 0 60 0 0 59 61 0 
50 0 52 49 0 0 0 0 0 0 0 0 20 0 0 18 41 42 0 0 44 0 0 0 0 0 57 0 59 54 0 0 0 0 0 0 0 0 33 31 0 27 0 0 28 0 0 0 0 4 0 0 0 63 0 0 0 0 0 0 0 0 13 0 
0 0 0 0 0 0 0 0 0 0 0 0 44 0 0 42 0 0 62 0 0 0 0 0 20 18 17 15 0 14 21 0 56 60 0 0 0 0 57 0 46 0 0 0 0 0 49 0 0 0 0 0 22 0 0 25 0 0 0 30 0 0 37 0 
0 0 0 0 0 0 0 0 0 0 0 0 0 0 7 0 0 0 30 37 0 0 0 35 0 0 0 0 0 0 0 0 0 28 27 0 0 0 25 0 0 19 18 0 0 0 0 0 56 0 0 59 0 55 0 0 0 0 4 0 0 0 0 2 
0 0 0 0 0 5 0 0 32 0 0 0 0 0 31 34 0 0 0 0 0 0 0 0 0 0 9 7 11 0 0 0 0 0 0 53 0 0 0 0 0 43 42 0 0 40 0 0 0 0 0 0 14 0 18 0 24 0 0 0 0 0 0 0 
56 0 0 55 57 0 0 0 0 0 0 0 0 0 21 0 0 0 0 0 0 0 46 0 0 0 0 61 0 0 3 0 38 0 41 43 36 0 0 0 28 0 32 0 34 0 31 0 0 0 0 0 0 0 8 0 0 0 0 0 15 0 0 0 
0 0 0 0 0 27 0 0 0 59 0 57 58 55 53 0 15 16 12 19 0 13 0 17 34 0 0 0 0 0 0 0 0 0 0 0 0 0 0 0 60 0 0 0 2 0 0 0 38 0 43 0 0 37 0 0 46 0 0 0 0 0 51 0 
16 0 0 0 0 19 0 14 0 51 44 0 50 0 0 0 0 0 4 11 10 5 6 0 0 24 0 21 25 0 0 0 0 2 1 0 0 0 0 61 0 0 0 59 0 54 0 0 30 0 35 0 0 0 32 0 0 37 0 0 39 0 0 0 
8 0 0 0 0 0 5 0 0 0 0 0 42 0 0 0 0 0 0 0 0 0 0 0 0 0 0 13 17 0 0 14 0 0 57 0 0 56 55 0 0 0 0 0 50 0 0 45 22 0 0 0 20 21 0 0 30 29 0 0 0 0 35 0 
0 0 0 31 0 0 0 0 0 0 60 1 0 0 61 0 0 24 20 0 26 0 0 0 0 0 0 0 0 0 43 0 0 18 17 19 0 0 0 0 0 9 0 11 0 0 0 0 46 50 51 0 0 0 0 0 54 53 0 52 0 0 0 56 
48 0 0 0 49 0 0 0 0 0 12 0 0 15 13 0 39 0 36 0 0 37 38 41 0 0 0 53 57 0 0 0 0 0 0 0 28 0 0 0 0 25 0 27 0 0 0 0 62 0 3 1 0 61 0 0 0 5 0 0 0 0 0 8 
0 36 42 0 0 43 0 0 6 11 0 0 10 0 0 8 0 0 0 35 34 0 0 33 0 48 47 0 49 0 51 0 0 0 0 27 0 0 0 0 0 0 0 0 0 0 15 13 54 58 0 57 52 53 0 0 0 0 0 60 0 0 0 0 
64 60 0 63 1 0 61 0 30 35 28 0 0 0 0 0 55 0 0 0 58 53 0 0 0 0 7 5 0 0 0 0 46 0 0 0 44 48 0 0 0 0 0 0 0 0 39 0 0 0 0 0 12 0 0 15 0 21 0 0 0 25 0 0 
57 0 0 0 58 0 0 55 0 28 0 0 0 0 22 0 0 0 0 0 0 0 47 50 0 0 64 0 0 0 0 0 39 0 0 0 0 0 0 0 0 0 0 0 0 31 0 0 0 0 12 0 0 0 9 0 0 0 0 13 0 0 0 0 
0 0 0 0 0 0 0 47 0 0 0 18 19 0 0 0 40 0 0 0 0 0 0 0 0 0 0 0 58 53 0 0 0 0 34 0 0 0 0 0 21 0 0 0 0 0 24 0 63 3 0 0 0 0 0 64 0 6 11 0 0 0 0 0 
17 13 0 0 0 0 14 0 0 0 0 50 0 48 0 49 0 9 0 0 0 0 0 0 27 0 24 0 26 0 28 0 0 0 0 4 0 0 64 0 0 0 0 60 0 55 0 0 31 0 36 0 0 0 0 32 0 0 0 0 40 0 0 0 
0 0 0 40 0 0 0 39 0 0 0 0 11 0 0 0 32 0 29 36 0 0 0 0 0 49 48 0 0 0 0 47 23 0 26 0 0 0 24 22 0 0 0 20 0 0 0 14 0 0 0 0 53 0 0 0 0 0 0 61 0 0 0 0 
0 0 0 0 0 4 62 0 0 36 29 0 35 0 0 0 0 0 0 0 0 0 0 58 0 0 0 0 0 5 0 0 0 0 0 0 0 49 0 46 0 0 41 0 0 39 0 0 0 0 0 18 13 0 0 16 23 0 0 0 24 0 0 0 
0 0 0 24 26 0 0 0 0 0 53 58 0 56 0 0 0 0 13 0 19 0 0 0 0 0 0 30 0 0 36 31 0 0 0 12 0 9 0 6 61 2 0 0 0 63 0 0 0 0 0 0 37 0 0 40 47 0 0 0 0 50 52 49 
33 0 0 32 0 0 0 31 0 0 0 0 0 0 0 0 0 25 21 28 0 0 0 0 0 41 0 0 0 0 0 0 0 19 0 20 0 0 0 14 5 0 9 0 11 0 0 0 0 0 52 0 0 0 0 48 55 0 0 0 0 0 60 57 
0 0 11 0 0 0 0 7 0 0 37 0 0 40 0 0 64 0 0 0 0 0 0 0 19 0 16 0 0 0 0 0 55 59 0 0 0 0 0 0 0 50 0 0 0 0 0 0 0 27 0 0 0 22 0 0 0 0 0 29 0 0 36 0 
0 58 64 0 63 1 0 0 0 0 26 31 32 0 27 0 0 0 0 0 0 51 0 0 8 0 0 0 0 2 0 0 0 0 0 0 0 46 0 0 34 0 38 0 0 0 0 0 0 0 0 0 0 0 0 0 0 0 24 0 0 23 0 0 
0 0 0 0 0 25 19 20 52 0 0 0 0 53 0 54 0 14 0 17 0 0 0 15 0 0 0 0 0 0 0 0 0 0 7 9 0 6 0 0 58 63 62 0 64 0 61 0 0 0 0 0 0 0 0 0 0 43 48 0 0 47 0 0 
0 0 0 29 0 0 27 0 60 0 58 0 0 0 0 0 0 0 0 0 0 0 20 0 40 0 0 0 0 0 41 36 0 16 0 17 0 0 0 0 2 0 0 0 0 0 0 0 0 0 0 0 0 43 0 0 52 51 0 0 53 0 0 0 
0 0 0 0 0 0 0 0 0 0 0 0 0 0 0 22 45 0 0 49 0 0 0 0 0 0 0 59 0 0 1 0 36 0 0 0 0 38 0 0 0 0 30 0 0 0 29 0 4 0 9 7 2 0 0 0 0 0 16 0 13 0 0 0 
6 0 0 5 7 0 0 4 0 0 0 0 0 0 35 0 0 62 0 0 0 0 60 0 16 14 13 11 0 10 17 0 52 0 0 0 50 0 0 0 0 47 0 49 0 0 0 0 0 0 25 0 0 0 0 21 0 27 0 26 29 31 33 0 
0 34 0 0 0 0 35 0 0 0 0 0 0 0 0 0 0 0 0 33 32 0 28 0 0 0 0 0 47 0 0 44 20 24 0 25 0 0 0 0 0 0 0 0 0 0 0 11 0 0 0 0 0 0 0 53 0 59 0 0 0 63 1 0 
14 10 0 0 0 17 0 0 44 49 42 0 0 45 0 0 0 6 0 0 0 0 4 0 24 0 0 19 0 0 0 0 60 0 0 0 0 0 0 59 0 0 0 57 0 0 0 0 0 0 33 0 26 0 0 29 0 35 0 0 0 39 0 0 
0 0 0 45 0 0 43 0 0 0 10 0 0 0 0 14 0 0 0 0 0 0 36 0 0 54 0 51 0 50 0 0 0 0 0 33 26 0 29 0 0 23 0 25 0 0 21 0 0 0 0 0 0 59 62 0 0 0 0 0 0 0 0 0 
0 0 0 0 8 0 0 0 0 0 0 40 41 0 0 0 0 0 0 2 0 0 61 0 0 0 14 0 0 0 0 0 0 57 0 0 0 0 0 52 0 0 0 50 49 45 0 0 21 25 0 0 0 0 0 0 0 0 0 0 0 32 0 31 
0 0 0 54 0 0 0 0 0 0 0 24 25 0 20 0 0 47 0 50 49 44 0 0 0 63 0 60 0 0 2 0 0 0 0 42 35 0 38 0 27 0 0 34 0 0 30 0 0 0 0 0 0 0 0 6 0 0 0 0 0 0 0 15 
47 43 0 0 0 0 44 0 0 18 11 0 0 14 0 0 0 0 35 0 0 0 0 0 57 55 54 0 56 0 0 0 0 0 32 0 27 0 30 0 19 0 23 0 0 21 0 20 0 0 0 0 0 0 0 62 5 0 0 3 0 0 0 7 
0 0 17 0 16 18 0 0 45 0 43 0 49 0 44 47 0 0 3 0 0 0 0 0 0 0 0 20 0 0 0 0 0 1 64 0 0 0 0 60 51 0 0 0 0 0 0 0 0 0 0 32 27 0 0 0 0 36 0 0 0 0 0 39 
0 0 0 0 0 0 20 0 0 0 0 56 0 0 0 0 0 15 11 0 17 0 13 0 0 31 0 0 0 0 0 0 0 0 0 0 3 7 6 4 0 0 0 0 1 0 0 60 0 41 0 0 0 0 39 0 45 0 0 0 46 0 0 47 
0 0 41 0 40 0 36 37 5 0 0 0 0 6 0 0 0 31 0 0 33 0 0 0 0 0 0 0 0 43 0 0 21 25 24 0 19 0 0 0 0 0 15 0 0 13 0 0 0 0 0 0 51 0 0 0 0 0 0 59 0 64 2 0 
0 27 0 0 0 0 0 0 0 0 0 0 0 62 0 0 0 0 0 0 25 20 21 24 0 39 0 0 0 0 42 0 0 17 0 0 11 0 0 0 3 8 7 10 0 0 0 0 45 0 0 0 0 0 0 0 53 0 0 0 0 56 58 0 
0 0 0 0 64 0 60 0 0 0 0 32 0 0 28 0 54 0 0 0 57 52 53 0 0 0 0 0 0 0 10 0 45 0 0 50 43 47 46 44 0 40 0 0 0 0 0 36 13 0 0 0 0 0 15 0 0 0 0 0 22 0 0 23 
0 64 6 3 0 0 0 2 34 0 0 0 0 0 33 0 0 60 0 0 0 0 58 61 0 0 0 9 0 0 15 0 0 0 53 0 0 0 0 0 0 0 0 0 0 0 43 0 18 0 23 0 0 17 0 0 0 0 0 0 27 29 0 28 
0 0 0 51 0 0 0 0 18 23 16 0 0 0 17 0 43 0 40 47 46 0 42 0 0 0 0 0 0 56 0 0 34 38 0 39 0 0 0 0 0 0 0 0 0 0 27 0 2 0 0 5 64 1 0 0 10 0 0 0 0 0 0 0 
0 0 0 43 45 47 0 42 0 0 0 0 0 0 0 0 0 0 0 0 38 33 0 0 0 0 0 0 0 48 0 0 0 0 0 0 0 0 27 25 16 0 20 0 0 0 0 0 58 0 63 0 0 57 0 0 2 0 6 0 0 0 7 4 
0 0 0 0 0 31 0 0 0 0 0 0 0 59 0 60 19 20 0 0 0 17 0 0 0 36 0 0 0 0 0 0 0 0 0 0 0 0 0 0 0 0 4 7 0 2 0 1 0 0 47 0 0 0 44 43 0 0 0 0 0 0 0 52 
0 0 62 0 0 0 0 0 26 0 24 29 0 0 0 0 0 0 0 55 0 0 50 53 0 0 3 1 5 0 7 0 0 0 0 47 40 0 0 41 32 37 0 0 0 0 35 33 0 0 15 0 0 0 0 0 0 17 22 16 0 21 23 0 
20 0 0 0 0 0 17 18 0 55 0 0 0 51 0 52 0 0 0 15 0 0 10 13 0 28 0 0 29 0 0 0 0 0 0 0 64 0 3 0 56 61 60 0 0 0 0 57 0 0 0 37 0 0 36 0 42 41 0 0 0 45 0 0 
0 8 14 11 13 15 9 0 0 0 0 0 0 0 0 44 0 0 0 0 0 0 0 0 22 20 0 0 0 16 0 0 58 0 61 0 56 60 0 57 0 53 0 0 0 50 51 0 26 0 31 29 0 0 0 0 0 33 38 0 0 0 0 36 
0 0 0 35 0 0 0 0 0 0 64 5 0 0 1 4 27 0 0 0 30 0 0 0 46 0 0 0 0 0 47 0 18 0 0 0 16 0 0 0 0 0 0 0 0 0 11 0 50 54 0 0 48 0 52 0 0 0 62 0 59 0 0 0 
61 57 0 0 62 0 58 59 27 0 0 0 31 0 0 29 52 0 0 0 0 0 0 54 7 0 4 0 0 1 0 3 43 47 0 0 0 0 44 42 0 0 0 0 0 0 0 0 0 15 16 14 9 10 13 0 0 0 23 0 0 22 0 0 
29 25 31 0 0 0 0 27 0 0 57 0 63 60 58 0 20 0 17 0 23 0 0 0 0 0 0 0 0 0 0 35 0 0 0 0 9 0 0 0 0 0 0 8 0 3 0 2 0 0 48 46 0 0 0 44 0 0 0 49 0 54 0 53 
0 0 23 0 22 0 0 19 0 0 0 0 0 0 0 0 0 0 0 0 0 10 11 0 31 0 0 26 0 0 32 0 3 7 6 0 0 0 0 2 0 0 61 0 0 59 0 0 0 0 40 0 0 34 37 36 0 42 0 0 0 0 0 0 
0 33 39 0 38 0 0 35 0 0 0 0 0 0 2 0 0 29 0 32 31 26 27 30 47 0 0 0 0 0 48 43 0 23 0 0 0 0 0 0 0 14 13 16 0 0 0 0 51 0 0 0 0 50 0 0 59 0 0 0 0 0 0 0 
0 9 15 12 0 0 10 0 0 0 0 46 47 0 42 0 4 5 0 8 7 2 0 6 0 0 20 0 22 17 0 0 0 63 0 0 57 0 60 0 49 0 0 0 55 51 0 50 0 0 32 30 25 26 0 0 0 0 39 33 0 38 40 0 
0 0 0 0 0 8 0 0 0 0 33 38 0 0 34 0 0 0 57 64 0 58 0 0 0 0 0 0 0 0 0 0 0 55 0 0 49 0 0 0 41 0 45 0 47 0 0 0 19 0 0 0 17 18 21 0 0 26 0 25 0 30 32 0 
45 0 0 0 46 0 42 0 11 0 0 0 0 0 0 0 36 0 33 40 0 0 0 38 55 53 0 0 0 49 0 0 27 0 30 0 0 29 0 0 17 0 21 24 0 0 0 0 59 63 0 0 0 0 0 0 0 0 7 1 0 6 8 0 
53 0 0 0 0 0 50 0 19 24 0 0 0 0 0 21 0 0 41 48 0 0 43 0 0 0 60 0 0 57 0 0 35 39 0 0 33 0 0 0 0 0 29 0 0 27 28 0 0 0 0 0 0 2 5 0 0 0 0 0 12 0 0 0 
