8
0 0 0 0 0 0 0 0 0 0 0 18 0 0 0 0 0 0 45 50 43 0 0 0 0 0 0 0 63 0 0 60 0 0 31 0 29 0 0 0 22 0 0 0 24 0 0 0 0 0 5 0 0 6 0 0 0 0 56 53 0 0 0 0 
0 0 2 0 60 1 0 62 0 0 39 0 0 0 37 36 0 0 5 10 3 8 7 4 0 0 24 0 0 21 19 0 0 0 0 0 0 0 0 0 0 0 0 45 0 0 0 0 0 0 0 0 0 30 33 0 0 0 16 0 18 0 0 15 
0 0 18 15 12 17 11 14 0 51 0 58 0 0 0 0 22 0 0 0 0 0 23 0 0 0 40 0 0 0 0 0 0 0 7 0 5 6 0 3 0 0 59 61 64 0 0 0 0 44 0 0 48 46 0 47 0 30 32 29 34 0 27 0 
56 0 0 55 52 0 51 54 0 0 0 0 0 30 0 0 0 1 61 0 0 0 63 0 0 17 0 0 0 0 0 12 0 48 0 50 0 0 0 0 0 0 35 37 0 0 42 39 19 0 0 0 0 0 0 0 0 6 0 5 0 0 0 0 
24 21 0 0 20 0 0 0 0 0 0 0 0 0 0 60 0 33 0 34 0 0 0 0 46 0 0 0 0 45 0 0 0 16 15 0 0 0 12 0 0 0 3 5 0 0 0 7 0 0 0 58 0 0 0 0 0 38 0 0 0 0 0 39 
0 5 0 0 4 9 3 0 0 0 47 0 0 46 45 44 0 17 0 18 0 0 15 12 0 0 0 0 0 0 0 0 0 0 63 0 0 0 0 0 0 0 0 0 56 57 58 0 0 0 0 42 0 0 0 0 0 22 0 0 0 0 0 0 
0 0 0 0 28 0 27 30 0 0 0 0 8 0 0 0 0 0 0 0 35 40 0 36 54 0 56 0 0 53 0 0 25 0 0 0 0 0 0 0 0 0 0 13 0 0 0 15 59 60 0 2 0 62 0 0 49 46 0 0 0 0 0 0 
0 0 0 0 44 0 0 0 0 0 0 0 24 0 0 0 0 0 53 0 51 0 0 0 6 0 8 10 0 0 3 0 0 40 0 0 37 0 0 0 30 0 0 29 32 0 0 31 0 0 13 0 0 0 0 15 0 62 64 61 0 0 59 0 
12 0 14 0 8 13 0 0 0 0 0 0 52 0 0 0 0 0 17 0 15 0 0 0 0 37 0 0 0 0 0 32 0 0 0 0 1 2 0 0 58 0 0 0 0 61 0 0 0 0 0 0 0 0 0 0 0 26 0 25 0 0 23 0 
0 0 0 0 48 0 0 0 0 0 0 0 0 0 0 0 0 0 0 0 55 60 0 0 10 0 0 0 0 0 0 8 0 0 0 0 0 0 0 0 34 0 0 0 0 0 0 35 0 16 17 0 20 0 0 19 0 0 0 0 0 0 0 0 
0 0 0 0 0 29 23 0 0 0 0 0 4 0 1 64 0 0 0 0 31 0 0 0 0 0 52 54 0 49 0 0 0 0 0 22 0 18 0 15 0 0 0 0 0 13 0 0 55 56 0 0 0 0 0 0 0 42 44 0 46 0 39 43 
0 17 22 0 0 21 0 0 0 0 0 0 0 0 0 0 26 0 0 0 0 0 0 24 0 0 0 0 43 0 0 40 0 0 0 0 0 10 0 0 2 0 63 1 0 0 0 3 0 0 0 0 0 0 53 51 37 34 0 33 0 32 31 0 
0 41 0 0 40 0 39 42 0 0 0 0 0 0 0 16 0 0 49 0 47 52 0 0 2 0 0 0 0 0 0 0 0 0 35 0 0 0 32 31 26 24 23 0 0 0 30 0 7 8 0 14 12 10 0 0 0 0 0 0 62 0 0 0 
0 33 0 35 0 0 0 0 13 0 0 0 0 10 0 0 0 0 0 0 0 0 0 0 0 61 0 0 0 0 0 56 29 28 0 0 25 0 0 0 18 0 0 0 0 0 0 0 0 0 0 0 0 0 5 0 0 0 0 49 54 0 0 0 
0 0 62 59 56 0 0 58 0 0 35 0 36 0 33 32 0 0 1 0 0 4 3 0 18 0 0 0 0 0 0 0 0 0 0 54 0 0 0 0 0 0 39 41 44 45 0 43 0 24 0 0 0 26 0 0 0 0 12 9 0 0 7 11 
0 1 0 0 0 0 63 0 45 39 0 0 44 0 0 0 0 0 0 0 0 12 11 8 26 0 0 30 0 0 23 24 61 0 0 0 0 0 0 0 50 0 47 0 0 53 0 0 0 32 0 0 0 34 0 35 0 18 20 0 22 0 15 0 
13 0 0 0 0 14 0 11 0 0 0 0 0 0 0 0 0 0 0 0 0 0 0 0 0 0 0 0 0 0 0 33 0 5 0 0 0 0 1 64 59 0 0 0 0 0 0 0 0 0 42 47 45 43 0 0 0 0 0 0 0 0 0 0 
21 0 23 20 0 0 16 0 0 56 0 63 61 0 0 0 27 0 0 0 24 0 0 0 0 46 0 0 0 42 0 41 0 0 0 15 0 11 0 0 0 0 64 0 0 6 7 4 48 0 50 0 53 0 0 0 0 0 0 0 39 33 0 0 
0 0 0 0 0 0 0 35 0 8 12 0 13 11 0 9 0 46 42 0 0 0 0 0 0 0 61 0 0 0 0 57 0 0 0 31 0 27 25 0 0 0 0 0 21 0 0 0 0 0 0 0 0 3 0 0 0 0 0 0 55 0 48 0 
61 0 0 0 0 62 0 0 0 32 0 0 0 35 34 0 0 6 0 0 0 0 0 0 0 22 0 0 0 0 0 0 0 0 0 0 0 51 0 0 43 41 40 42 45 0 47 0 0 0 0 0 29 0 0 0 0 11 0 0 15 0 8 0 
0 0 0 0 0 0 24 0 6 0 0 0 5 0 2 1 0 0 34 0 0 37 0 33 51 54 0 55 52 50 0 0 0 21 0 0 0 0 0 0 0 0 0 0 13 14 0 0 0 0 0 63 61 0 0 0 0 0 45 0 0 0 0 44 
0 50 0 0 0 0 0 0 0 0 0 0 0 0 0 0 0 62 58 63 0 0 0 0 0 0 0 0 0 10 8 0 0 0 0 0 0 0 41 0 0 0 0 0 0 38 0 36 0 17 0 23 0 0 0 0 0 0 0 0 0 1 0 0 
0 2 7 4 1 0 0 0 46 0 44 47 0 0 0 0 11 14 10 15 0 0 12 0 0 0 29 0 28 0 0 25 62 0 60 0 58 59 57 0 0 0 0 0 53 0 55 52 0 0 34 0 0 35 0 0 0 0 21 0 0 0 0 0 
45 0 0 0 0 0 0 0 0 0 20 23 21 0 0 0 0 0 50 0 48 0 0 0 3 6 5 0 4 0 64 0 0 37 36 39 0 0 33 32 27 25 0 0 0 0 31 0 8 0 0 0 0 0 14 0 0 0 0 58 0 0 56 0 
0 62 0 64 0 0 60 0 42 0 0 0 41 0 38 37 0 0 6 11 0 0 0 5 0 26 0 27 24 0 0 0 0 57 0 0 0 55 0 0 47 45 0 0 0 0 0 0 0 29 0 0 0 0 0 0 18 0 17 0 0 0 0 0 
41 0 0 0 0 0 0 39 0 0 0 0 17 0 0 13 0 0 46 51 44 0 0 0 0 2 1 0 64 0 0 0 0 33 32 35 0 0 0 0 0 0 0 0 0 0 0 24 4 0 6 11 9 0 0 0 0 0 0 54 0 0 0 0 
49 0 0 0 0 50 44 0 0 0 0 27 0 23 0 0 0 0 0 0 0 0 0 53 0 0 9 0 0 0 4 0 42 0 0 0 0 39 0 0 0 0 0 0 0 34 0 32 0 0 0 19 0 0 18 0 2 0 0 0 3 0 0 0 
0 0 59 0 0 58 0 0 34 0 32 0 0 0 0 0 0 0 0 3 0 1 0 0 15 0 0 19 0 0 0 13 0 49 48 51 0 47 0 44 0 0 36 38 0 0 0 0 20 0 0 0 0 23 0 0 0 0 9 0 0 5 4 8 
9 6 0 0 5 0 4 0 0 0 0 51 0 47 0 0 0 0 14 19 0 17 0 0 31 0 33 0 0 30 28 29 0 0 64 0 0 0 0 0 55 53 0 0 57 0 0 56 0 0 0 0 0 0 42 40 26 23 25 0 0 0 0 24 
0 0 0 0 0 0 20 0 0 0 64 0 0 0 0 0 0 0 30 35 0 0 0 0 0 0 0 0 48 0 0 0 18 0 0 19 14 0 0 12 0 5 0 0 9 10 0 0 52 53 54 0 0 55 58 56 42 0 0 38 0 0 0 0 
0 14 0 0 0 0 0 15 58 0 0 59 0 0 0 53 0 0 0 0 0 0 0 0 0 42 0 0 40 38 0 0 0 0 0 0 0 0 0 4 0 0 60 62 0 0 0 0 0 0 46 0 0 0 0 0 34 31 0 0 35 0 0 32 
33 0 0 0 0 0 0 0 10 4 0 0 0 0 0 0 0 0 38 43 36 41 0 37 0 0 0 59 0 54 0 0 0 25 0 27 22 0 21 0 0 0 0 0 0 0 0 0 0 0 62 0 0 63 2 0 50 0 0 46 0 0 0 0 
0 0 0 0 0 0 0 0 0 5 9 0 0 0 0 0 0 0 0 0 0 0 41 0 0 0 58 60 0 0 0 0 27 0 0 28 0 0 0 21 0 14 0 0 0 0 0 17 0 62 63 0 0 0 3 0 51 0 0 47 0 0 45 0 
0 0 20 17 14 0 13 0 0 53 0 0 0 0 0 54 24 0 23 0 0 26 0 0 0 0 0 0 41 0 0 38 0 0 0 12 7 0 0 0 64 62 0 0 0 0 0 0 45 46 0 52 0 0 0 0 0 0 0 31 36 0 29 33 
0 55 0 0 54 0 0 0 35 0 33 0 0 0 0 0 0 0 63 0 0 0 0 0 16 19 18 20 0 0 0 14 0 0 49 52 47 0 0 45 0 0 0 0 0 43 0 0 0 0 0 0 26 24 0 25 0 8 0 0 0 6 0 0 
0 23 0 0 0 27 0 0 3 0 0 0 0 0 63 0 0 0 0 0 29 0 33 0 48 0 50 52 0 47 0 46 0 0 17 20 15 0 0 13 0 0 0 7 0 0 0 0 0 0 55 0 0 56 0 0 43 0 42 39 0 0 0 0 
0 0 0 0 6 0 0 0 0 45 0 0 0 0 0 0 0 0 0 0 0 0 17 0 32 35 0 36 0 31 0 0 0 0 1 4 0 0 62 61 56 54 53 55 58 59 0 0 0 38 0 0 0 0 0 0 0 0 26 0 0 22 21 25 
42 0 44 0 38 0 0 0 19 13 17 0 18 0 0 0 0 0 0 52 0 0 49 0 0 3 0 4 0 0 61 0 0 0 0 0 31 0 30 29 24 0 0 23 0 0 0 25 0 6 0 12 0 0 0 9 0 0 0 0 60 0 0 0 
0 63 4 0 62 0 0 0 0 0 0 0 0 0 0 0 0 0 0 0 5 10 0 0 24 0 26 28 25 23 0 22 0 0 57 0 55 0 0 53 0 46 0 0 0 0 52 0 0 30 0 0 0 0 0 0 0 0 18 0 0 0 0 0 
0 0 0 0 0 0 0 48 0 0 25 0 0 0 23 0 0 59 0 60 53 0 0 54 8 11 10 0 0 0 0 0 0 42 41 0 39 40 0 0 0 0 0 0 34 0 0 0 0 0 0 0 0 0 0 0 3 64 0 0 0 0 61 0 
0 48 0 50 0 0 0 0 0 0 0 0 0 0 0 23 0 0 0 61 0 59 58 0 9 12 0 0 0 8 6 7 0 43 0 0 0 0 0 38 33 0 0 0 0 36 37 0 0 0 16 0 0 17 0 0 0 0 3 64 0 63 62 0 
0 0 0 0 0 4 0 1 0 0 42 0 0 0 40 0 0 0 8 0 0 0 10 0 0 0 0 0 0 0 0 0 60 59 0 61 56 57 0 0 0 0 0 48 0 0 0 0 0 31 0 0 0 0 0 0 0 17 0 0 0 0 0 0 
0 0 37 34 0 0 0 0 0 6 0 0 0 9 8 0 41 0 0 45 0 0 42 0 0 0 59 0 0 0 54 55 0 27 0 0 0 0 23 0 0 0 0 0 0 0 21 18 62 0 0 5 0 1 0 0 0 49 51 0 0 0 0 0 
43 0 0 0 0 44 38 0 0 14 0 0 19 0 16 15 0 0 0 0 0 0 0 0 1 4 0 0 0 0 0 0 36 0 0 0 32 0 31 30 0 0 0 0 0 28 29 0 0 7 0 0 0 0 0 0 0 57 59 56 0 55 0 0 
59 0 0 58 55 0 54 0 36 0 34 0 0 0 0 0 0 0 0 5 62 3 0 63 0 20 0 0 18 0 0 15 0 0 0 0 0 49 0 46 0 0 38 0 0 0 45 0 0 23 0 0 0 25 0 0 0 0 0 0 13 7 0 0 
27 24 0 0 0 28 0 0 0 0 0 0 0 0 64 63 0 0 32 0 0 0 0 0 0 0 0 0 0 48 46 47 0 0 18 0 0 17 0 0 0 0 0 8 11 0 13 0 54 55 0 61 59 0 0 0 0 0 0 0 0 0 38 42 
0 0 0 18 0 0 0 0 60 54 0 61 0 0 0 0 25 0 0 0 22 0 0 0 0 44 0 45 42 0 0 0 12 11 0 0 8 0 0 6 0 0 0 0 3 0 0 2 0 47 0 53 0 0 0 0 0 0 0 0 0 0 0 34 
11 0 0 10 0 0 0 0 0 0 0 0 0 0 0 0 17 20 16 0 14 0 18 0 33 0 35 0 34 0 0 0 0 0 0 0 0 1 63 0 0 0 54 0 0 0 0 58 38 0 0 45 0 0 0 42 28 0 0 0 0 0 0 0 
63 60 0 0 59 0 0 61 40 0 38 0 39 37 0 35 0 0 0 0 2 0 0 0 21 0 0 25 22 0 18 0 0 55 0 0 52 53 51 0 0 0 0 0 0 0 49 0 26 0 28 0 0 0 32 30 0 13 0 12 17 0 0 0 
0 0 0 30 27 0 0 0 0 0 6 0 0 5 0 0 0 0 36 0 0 0 0 0 0 0 0 0 54 0 50 51 24 0 0 0 0 0 0 0 13 0 0 0 0 0 17 0 0 0 60 0 63 61 0 0 0 0 0 0 49 0 42 46 
0 44 0 46 0 0 42 0 24 18 0 0 0 0 20 0 0 0 0 0 0 55 0 51 0 0 0 0 0 0 0 0 0 0 0 0 0 37 0 0 0 0 0 0 0 0 33 0 0 0 0 0 15 0 0 14 0 0 63 0 1 0 58 62 
39 0 0 38 0 0 0 0 0 10 0 17 0 0 0 11 0 48 0 0 42 47 0 0 0 64 0 1 62 0 0 0 32 0 30 0 28 0 0 26 0 0 0 0 0 0 25 0 0 0 4 0 7 5 0 0 0 53 55 0 0 0 0 0 
0 0 0 0 0 24 0 21 64 58 0 0 0 0 0 0 0 0 0 33 26 0 30 27 0 0 0 0 0 0 42 0 0 0 14 0 0 0 11 10 0 0 0 0 7 0 0 0 0 0 0 0 55 53 56 0 40 37 0 36 0 0 0 0 
0 0 57 0 0 0 0 0 0 26 0 0 0 0 28 27 61 0 0 0 0 63 0 59 0 0 15 17 0 12 0 0 0 47 0 0 0 45 43 0 0 35 0 36 0 0 0 38 18 19 0 25 0 21 24 22 0 0 0 4 9 3 2 6 
0 0 0 0 0 0 0 13 0 0 0 0 55 0 0 0 0 0 0 0 0 23 0 0 0 0 0 41 0 0 34 35 0 7 0 9 4 0 0 0 0 0 0 0 63 0 0 62 42 43 0 49 47 0 0 46 32 29 31 28 0 27 0 0 
0 4 9 6 0 8 0 0 48 42 0 49 0 45 44 0 13 16 0 17 0 0 14 0 0 0 31 0 0 0 0 0 0 0 0 0 60 61 0 58 0 0 0 52 0 0 57 0 0 0 36 41 39 0 40 38 0 21 23 20 0 0 18 0 
30 0 0 29 0 0 0 0 0 1 0 0 6 0 0 0 0 39 0 40 0 38 0 0 0 0 54 0 53 0 0 0 0 0 0 0 0 20 18 0 12 10 9 0 0 0 16 0 0 0 0 64 62 0 63 0 0 0 46 0 0 42 41 0 
0 0 8 0 0 7 1 4 0 41 0 0 46 44 0 42 0 15 0 16 0 0 13 0 0 0 30 0 0 0 25 26 63 0 0 0 0 0 58 0 0 0 0 0 0 0 56 0 0 34 35 40 0 0 0 0 0 20 0 0 24 0 17 21 
0 0 64 0 0 0 57 60 39 33 0 40 0 36 35 0 0 7 0 0 0 0 0 2 0 0 0 24 21 0 0 0 55 0 0 56 0 0 0 0 44 0 0 43 46 0 0 0 25 0 27 0 30 28 31 29 0 0 0 0 16 0 0 0 
22 0 0 0 0 0 0 20 63 0 61 64 0 0 59 0 0 0 0 0 0 0 0 26 0 0 0 48 45 43 0 42 0 14 0 0 0 0 0 0 0 0 0 0 6 7 0 0 0 50 0 0 0 0 0 53 0 0 0 35 40 0 0 0 
0 0 0 0 0 0 0 52 0 0 0 0 0 0 0 0 60 63 0 64 0 0 0 58 0 0 0 0 0 11 0 10 0 0 0 0 43 0 0 0 0 34 0 0 38 39 0 37 0 18 19 0 0 20 23 21 0 0 0 0 8 2 0 0 
46 0 48 45 0 0 0 44 0 0 0 0 22 0 0 18 0 0 0 0 49 0 0 0 4 0 0 0 5 0 0 0 0 0 0 40 35 36 34 0 28 0 0 0 0 0 0 0 0 0 0 0 0 12 0 0 0 60 0 59 0 0 0 0 
14 0 0 13 0 0 0 0 0 49 0 0 0 0 0 0 20 0 0 0 17 22 0 18 0 39 38 40 0 0 0 0 7 0 0 0 3 0 0 0 60 58 57 0 0 0 0 0 41 0 43 0 0 0 47 0 0 0 30 0 32 0 0 0 
0 0 0 0 0 0 0 0 15 0 0 0 0 0 0 0 0 47 43 0 0 0 0 0 0 0 0 0 0 0 0 58 0 0 0 0 27 28 0 0 0 0 0 0 22 23 0 0 1 0 0 0 0 0 0 5 0 52 0 51 0 50 49 0 
