8
0 21 14 0 0 0 19 0 40 39 0 0 0 0 0 0 0 0 0 9 0 0 8 0 37 0 0 0 0 0 0 32 0 0 0 63 62 0 3 0 48 0 0 0 0 50 0 0 0 0 0 0 0 0 0 0 28 0 0 0 0 0 0 26 
0 0 0 0 0 52 51 0 8 0 0 13 0 0 0 6 0 0 44 41 0 0 40 0 0 0 0 0 3 0 0 0 0 0 0 0 0 37 35 0 0 0 20 0 15 0 19 0 0 0 0 25 0 24 0 0 0 0 57 0 56 0 55 0 
0 45 0 0 0 44 0 42 64 63 1 0 0 0 4 0 0 35 36 0 0 31 0 0 61 55 0 0 0 60 57 0 0 25 0 23 22 29 0 0 0 6 0 0 0 0 0 0 0 21 20 0 18 16 15 0 0 0 49 0 0 0 47 50 
0 0 0 0 0 0 0 0 0 23 0 29 0 0 0 0 0 59 0 57 58 0 56 0 0 0 0 18 0 0 0 16 0 0 0 47 0 0 0 52 0 0 0 0 31 0 0 0 0 0 0 0 0 40 0 0 0 0 0 13 0 0 0 0 
56 61 0 0 0 60 0 0 0 15 0 0 18 19 20 0 53 0 0 0 50 0 48 46 0 0 0 10 11 0 9 0 42 0 0 0 38 45 43 0 0 0 28 25 0 0 27 29 30 37 0 0 0 32 0 0 0 0 0 5 0 62 63 0 
24 29 0 0 23 0 0 0 0 47 49 0 0 0 0 0 0 0 0 0 18 15 0 14 0 0 0 0 43 44 0 40 10 0 0 0 0 0 0 0 0 0 60 0 0 0 59 0 62 0 0 0 0 64 0 0 0 0 0 0 0 0 0 0 
32 0 0 0 0 36 35 0 0 0 0 0 0 0 0 54 0 0 0 0 26 0 0 0 0 0 0 50 0 0 0 0 0 17 0 0 0 0 19 20 0 62 0 0 63 2 0 0 0 0 12 0 0 8 0 11 0 0 41 45 0 38 0 0 
0 0 0 0 0 0 0 0 0 0 0 0 34 35 36 0 0 0 0 0 0 0 0 0 29 0 0 0 27 0 0 0 0 57 56 55 0 0 59 0 0 0 0 0 0 42 0 45 0 0 0 0 0 0 0 0 20 0 0 0 0 0 15 0 
22 0 0 0 21 0 25 0 0 0 47 0 0 0 0 0 19 0 0 0 16 0 0 0 0 37 0 40 0 0 0 38 0 0 0 0 0 11 0 10 54 52 58 0 0 0 0 0 0 3 0 0 64 0 0 0 0 0 0 35 0 0 0 32 
0 0 0 0 45 50 0 0 0 5 0 0 0 0 0 0 0 0 0 0 0 0 0 0 0 61 60 64 1 0 0 0 0 0 0 0 0 0 33 0 0 0 18 0 13 0 17 0 20 27 26 23 0 0 0 0 58 0 0 59 0 0 53 0 
0 0 0 31 0 0 0 32 0 0 0 59 0 0 0 0 27 0 0 0 24 0 0 0 0 0 0 0 0 0 0 46 0 0 14 0 0 0 0 18 0 0 0 0 61 0 0 3 0 0 0 7 8 6 0 0 42 41 0 0 0 36 0 0 
0 11 0 0 0 0 0 0 0 0 31 0 0 33 34 28 3 1 2 0 0 0 0 0 27 0 0 0 0 26 23 0 0 0 0 0 52 0 0 0 38 0 0 0 0 0 0 43 0 51 0 0 48 0 0 0 18 17 15 19 0 0 0 16 
0 19 12 0 0 0 0 0 38 37 39 0 40 41 0 0 0 9 0 0 0 0 6 0 0 0 28 0 0 0 31 0 0 0 0 0 0 0 1 0 0 0 0 0 0 48 0 0 0 0 0 0 0 0 0 0 0 0 0 0 22 0 21 0 
54 0 0 0 53 0 0 0 0 0 0 19 0 0 18 12 0 0 0 47 0 0 0 0 0 0 0 8 9 0 0 0 0 39 0 0 0 43 0 42 0 0 0 0 21 0 0 0 0 0 34 0 0 0 0 0 2 0 0 0 0 0 61 0 
0 43 0 39 37 0 41 0 0 61 0 0 64 1 0 60 35 33 0 0 0 29 0 28 0 53 52 0 0 58 0 0 0 0 0 0 0 0 25 26 0 0 0 0 0 0 0 0 0 19 0 0 0 0 13 17 50 49 0 51 0 0 0 48 
62 3 60 0 0 0 0 0 22 21 0 0 0 0 0 0 0 0 0 0 0 0 0 52 0 0 0 0 17 0 0 14 0 47 46 45 44 0 0 50 0 0 0 0 29 32 0 0 0 0 42 0 40 0 0 0 0 0 0 11 0 0 5 0 
0 0 0 30 0 33 32 31 53 0 0 0 55 0 0 51 26 24 0 22 0 0 0 0 0 0 0 0 0 49 46 0 15 0 0 0 0 18 16 0 61 0 0 0 0 63 0 0 0 10 0 0 0 5 4 0 41 0 0 0 0 0 36 0 
0 0 0 0 0 0 0 47 0 0 0 0 7 8 0 0 0 0 41 0 0 0 0 35 2 0 0 0 64 0 0 61 0 30 0 28 27 34 0 0 0 0 0 0 0 0 16 18 19 0 0 22 0 21 20 24 0 56 0 58 53 51 0 0 
0 0 51 54 0 57 56 55 13 0 0 0 0 0 0 11 50 0 0 0 47 44 0 43 10 0 0 0 0 0 0 0 0 0 0 0 35 42 0 0 21 0 0 22 0 0 0 0 0 0 33 0 31 0 0 0 1 0 0 0 0 0 0 0 
0 0 0 38 0 41 40 39 61 0 0 0 0 0 0 0 0 0 0 0 0 0 0 0 58 0 51 55 56 57 0 53 0 0 0 0 0 0 0 0 5 0 0 6 0 0 0 0 0 0 0 14 0 0 12 16 0 0 0 0 0 0 0 0 
0 0 3 0 4 9 8 0 29 0 0 0 0 0 33 0 0 0 0 0 0 0 0 59 0 0 19 0 24 0 0 0 0 54 53 0 0 0 0 0 0 0 41 0 0 0 40 42 0 0 0 46 47 0 44 48 0 0 0 18 0 11 0 15 
13 0 0 0 0 0 16 15 37 0 0 0 0 40 0 35 0 0 0 6 7 4 5 3 0 28 0 0 32 0 0 29 0 62 0 0 0 0 0 0 45 0 0 0 0 47 0 50 0 0 0 54 0 0 0 56 0 24 0 0 0 19 0 0 
21 0 19 0 0 0 0 23 0 0 46 0 0 0 0 0 0 0 0 0 15 0 13 0 42 0 0 0 0 0 38 37 0 0 0 0 3 0 8 0 0 0 0 0 52 0 0 0 0 2 0 62 0 0 0 0 0 32 30 0 0 0 28 0 
0 2 0 62 0 1 0 0 0 20 0 0 0 0 0 0 0 56 57 0 0 52 53 0 0 0 0 15 0 0 0 0 0 46 0 0 0 0 48 49 0 27 0 30 0 0 0 0 0 0 41 38 0 37 36 40 9 0 0 0 5 0 0 7 
0 57 0 0 0 0 0 0 0 11 13 17 14 0 0 0 0 0 0 0 46 43 44 0 0 0 0 6 7 8 0 0 0 0 0 0 34 0 0 40 20 0 24 0 0 0 0 0 0 33 0 29 0 28 0 31 64 63 61 1 0 0 0 0 
36 41 0 37 0 40 39 38 0 0 61 0 0 0 0 58 0 0 0 0 0 27 0 26 0 51 50 0 0 0 0 52 0 0 0 0 0 25 0 24 0 2 0 0 0 6 0 9 0 17 16 0 0 0 0 0 48 47 45 49 44 0 0 0 
0 0 0 29 27 0 31 0 0 51 0 57 0 55 0 0 0 0 0 0 0 0 0 18 0 0 0 0 47 48 0 0 0 13 12 0 0 0 0 0 60 0 0 0 0 62 63 1 2 9 0 0 0 0 3 0 0 0 0 41 0 0 35 38 
60 0 0 0 59 0 0 0 0 19 0 0 0 23 24 18 0 55 0 0 54 0 0 0 0 11 0 0 0 0 0 12 0 0 0 0 0 0 0 0 0 0 32 29 0 0 0 0 0 0 0 0 38 0 35 0 0 0 0 0 0 0 0 6 
0 9 0 0 0 0 7 6 28 0 0 0 0 0 32 0 1 63 0 0 0 0 60 0 25 0 18 0 23 0 0 0 0 0 0 51 0 0 55 56 0 0 0 37 35 0 39 41 0 0 0 0 0 0 0 0 0 15 13 17 0 0 0 14 
0 0 42 45 0 0 0 0 0 3 0 9 0 0 8 0 0 0 0 0 0 0 0 34 0 59 58 0 0 64 61 0 0 0 0 0 0 0 0 0 0 0 0 13 0 0 15 0 0 0 24 0 0 0 0 23 0 0 0 0 0 0 51 54 
0 0 0 0 0 0 0 14 0 35 0 41 0 39 0 34 0 7 0 0 6 0 4 0 0 0 0 0 31 0 0 0 0 0 0 0 0 0 63 64 0 0 0 0 0 46 0 0 0 0 56 0 0 0 0 55 0 23 21 0 0 0 0 0 
0 25 0 0 19 24 23 0 0 0 0 0 0 47 48 0 0 15 0 0 14 11 0 10 0 0 0 0 0 0 0 0 0 0 0 0 2 0 0 0 52 50 0 0 0 0 0 0 0 0 0 0 62 0 59 0 32 31 29 0 28 0 27 0 
0 39 0 0 0 0 0 0 0 0 59 0 60 0 0 0 31 29 30 27 0 0 0 24 0 0 0 0 0 0 0 0 0 0 18 0 0 0 21 0 2 0 0 0 0 0 0 0 8 15 0 11 0 10 0 0 46 0 43 0 0 40 0 44 
58 0 0 0 0 0 61 60 18 17 0 23 0 21 0 16 55 53 0 51 0 0 0 0 15 0 0 0 0 0 0 0 0 0 0 41 0 47 0 46 0 24 0 0 25 28 29 0 0 0 0 0 0 34 33 0 0 5 3 7 0 0 0 4 
0 47 0 0 0 46 45 0 0 0 3 0 4 0 0 64 0 0 0 0 0 0 0 0 63 0 0 60 61 0 0 0 0 0 0 25 0 0 0 0 10 0 0 0 9 0 0 0 0 23 0 0 0 0 0 0 54 0 0 0 50 48 0 52 
26 0 0 0 0 0 29 0 0 0 0 55 52 0 0 0 0 0 22 0 20 0 18 16 0 0 40 0 0 0 0 0 0 0 0 9 0 0 13 14 58 0 0 0 0 0 0 63 64 0 0 3 0 2 0 5 38 0 35 39 0 0 0 0 
50 55 0 0 0 0 0 52 0 0 11 0 12 0 0 0 0 45 0 0 0 0 0 0 0 0 0 0 0 0 3 2 36 0 0 0 32 0 0 0 18 0 0 0 0 0 0 0 0 0 0 27 0 0 25 0 0 0 0 0 0 56 0 0 
18 23 0 19 17 0 0 0 42 0 0 0 44 45 46 0 15 13 0 0 12 9 0 0 0 0 32 0 37 0 0 0 4 0 2 0 0 0 0 0 0 48 0 0 49 0 0 0 0 0 0 59 60 58 0 61 0 29 27 0 0 0 25 0 
10 15 0 11 9 0 13 12 0 0 0 0 0 0 38 0 0 5 6 0 0 0 0 0 0 0 0 0 0 0 0 0 0 0 58 0 0 63 61 0 42 0 46 43 41 0 45 0 0 0 54 0 52 0 49 0 0 0 0 0 18 16 17 0 
2 7 64 0 0 0 0 0 0 0 0 0 0 0 0 0 0 0 0 0 60 0 0 56 0 0 0 0 21 0 0 0 0 0 0 49 0 55 0 0 0 0 0 0 0 0 0 0 0 0 0 0 44 0 41 0 14 0 0 0 0 0 0 12 
0 36 0 0 0 0 0 0 55 54 56 60 57 0 59 0 28 0 0 24 0 0 0 0 0 46 45 0 0 0 48 0 0 0 15 14 13 0 0 0 0 0 0 0 0 0 2 0 0 12 0 0 9 0 0 0 43 0 0 0 0 0 0 0 
0 0 0 0 22 0 26 25 0 46 0 0 49 50 0 0 0 0 0 16 0 0 0 0 0 0 37 41 42 0 0 0 9 8 0 0 0 0 10 0 55 0 0 56 0 0 0 0 0 0 3 64 1 0 62 2 0 0 0 0 31 29 0 33 
0 0 0 8 6 0 10 0 31 0 32 36 0 0 0 29 4 2 0 0 0 0 0 61 0 0 0 0 0 0 0 0 57 0 55 0 53 60 0 0 39 0 0 0 38 0 42 0 0 0 51 48 0 0 46 0 0 18 16 20 0 0 0 0 
0 0 61 0 0 3 0 0 0 22 0 0 0 0 0 21 0 0 59 0 0 54 0 0 20 14 13 17 0 0 0 15 0 48 0 0 0 0 0 51 31 0 0 0 0 33 34 0 0 44 43 0 0 0 38 42 0 0 0 0 7 5 0 0 
39 44 0 0 0 0 0 0 0 62 64 4 0 0 3 0 36 0 0 0 0 30 0 0 60 0 0 0 0 0 56 0 0 24 0 0 21 28 0 0 0 5 0 0 6 0 0 0 0 20 0 16 0 0 0 18 0 0 0 52 47 0 0 0 
0 52 0 48 46 0 50 0 0 0 0 12 0 0 11 0 0 0 0 0 41 0 0 37 0 0 61 1 0 0 0 0 0 0 31 0 29 36 0 0 15 13 0 0 0 17 0 0 0 0 0 24 25 0 0 0 59 0 0 60 0 0 0 57 
0 0 0 0 14 19 0 0 39 0 0 0 0 42 43 0 12 0 0 8 9 0 0 0 0 0 0 0 34 0 0 0 1 64 63 0 0 4 2 0 0 45 51 0 0 0 0 0 0 60 0 0 0 55 0 0 0 0 0 0 0 0 0 0 
0 0 0 0 0 0 58 0 15 0 0 0 17 0 19 13 0 0 0 0 0 0 0 0 0 0 5 0 0 11 0 0 0 40 0 0 37 0 0 43 0 21 0 0 0 25 0 28 29 36 35 0 0 0 0 0 0 0 0 4 63 0 0 1 
11 16 0 12 0 15 0 13 0 0 36 0 0 0 0 33 0 6 0 4 5 0 0 0 32 0 0 0 0 0 0 27 0 0 59 58 0 0 0 63 0 0 0 0 0 0 0 48 0 0 0 0 0 0 0 0 0 0 0 0 19 0 0 0 
0 0 0 0 0 0 0 0 0 26 0 0 0 0 0 25 0 0 0 0 0 0 0 0 0 0 0 0 0 23 0 0 0 0 0 0 0 0 0 0 35 33 0 0 0 0 0 0 41 0 47 0 0 43 0 46 0 0 0 0 0 9 10 0 
0 0 0 0 0 23 0 0 0 0 0 0 0 46 0 0 16 0 0 0 0 10 11 0 0 0 0 37 0 0 0 35 5 0 0 2 0 0 0 0 0 0 0 0 0 0 0 56 57 64 0 0 0 59 0 0 0 0 0 0 27 0 0 0 
0 0 0 28 0 0 0 0 0 0 0 56 0 0 0 0 24 0 0 0 0 0 19 0 0 0 0 45 46 47 0 43 13 0 0 0 9 0 14 0 0 0 0 0 58 0 0 64 0 0 7 0 0 0 0 0 0 38 36 0 0 0 34 0 
0 0 57 0 0 63 0 0 0 18 20 0 0 0 0 0 56 0 55 52 0 50 0 0 16 0 0 0 14 0 0 11 0 44 0 0 0 0 0 0 0 0 31 28 26 0 30 0 0 0 0 36 0 0 0 0 0 6 0 0 0 0 0 5 
0 0 0 0 0 55 0 0 0 10 0 0 0 14 0 0 0 0 0 44 0 0 0 0 0 0 0 0 6 0 0 0 0 36 0 34 0 0 0 0 0 0 0 0 18 21 0 24 0 32 0 0 0 27 0 0 0 0 60 0 0 0 0 0 
0 48 0 44 0 0 0 0 0 0 4 8 0 0 7 0 0 0 0 0 0 0 0 33 64 0 0 0 62 0 0 59 0 0 0 0 0 32 0 0 11 0 0 0 0 0 14 0 0 24 0 0 0 0 0 0 0 0 0 0 0 0 0 0 
0 40 33 0 0 0 0 0 0 58 0 0 0 62 0 0 32 0 0 0 0 0 27 25 0 50 0 0 0 0 0 0 0 0 0 18 0 0 0 0 0 0 0 0 0 5 0 0 9 0 0 0 0 11 0 14 0 46 0 0 0 0 42 0 
57 62 55 0 0 0 60 0 0 0 0 0 0 20 21 0 54 0 0 0 51 48 49 0 14 0 0 0 0 0 0 0 0 0 0 0 0 0 0 0 0 0 29 0 24 0 0 30 0 0 37 0 0 0 0 0 5 4 2 0 1 0 0 0 
0 0 0 0 0 0 0 0 0 56 0 0 0 0 61 0 0 28 29 0 27 24 0 23 0 0 47 51 0 0 0 0 0 0 17 0 15 0 0 0 0 0 0 2 0 0 0 6 0 0 0 10 11 0 8 0 0 0 0 46 0 39 0 0 
1 0 63 0 0 0 4 0 0 0 0 0 0 28 0 0 0 0 0 58 0 0 0 0 0 0 0 19 0 0 18 0 0 50 0 0 0 0 52 0 0 0 37 0 0 35 0 0 0 0 45 0 0 41 0 44 0 0 0 0 0 7 0 0 
0 54 0 50 0 0 52 0 0 0 10 0 0 0 13 7 46 44 45 42 43 0 41 0 0 64 0 0 0 5 2 0 0 0 0 0 0 38 0 0 0 0 0 18 0 0 0 0 0 30 29 26 0 25 0 0 0 0 0 0 57 0 0 0 
41 0 0 0 0 45 44 0 0 0 2 0 0 0 0 63 0 0 0 0 0 0 0 31 62 0 0 0 60 0 0 0 0 0 25 24 0 30 0 0 0 0 0 10 0 0 0 0 0 0 0 0 19 0 0 20 0 0 0 54 49 47 0 0 
0 0 0 0 8 13 0 11 0 32 0 0 0 0 0 0 0 4 5 0 0 0 0 0 0 0 0 0 0 0 0 0 0 0 0 0 0 0 0 0 41 39 0 42 40 0 0 46 47 0 0 0 51 0 0 52 0 0 0 22 0 0 16 19 
17 0 0 0 0 0 0 0 41 40 0 46 0 0 45 39 0 0 0 10 11 0 0 7 0 32 31 0 0 37 34 33 3 0 0 0 63 6 0 0 0 47 0 0 48 0 0 0 0 0 0 58 0 0 56 0 29 28 26 30 0 23 0 0 
25 0 0 0 0 0 28 0 0 48 50 54 0 0 0 0 0 0 21 18 0 0 0 0 0 40 39 0 0 45 0 0 11 0 0 8 0 0 12 0 57 55 0 0 56 59 0 0 63 6 0 0 3 1 64 0 0 0 0 0 33 0 32 0 
