8
0 30 0 0 27 26 0 24 39 42 0 0 0 44 0 0 17 19 0 0 18 0 0 22 0 0 0 35 0 38 0 0 0 0 0 0 0 0 0 0 0 0 0 0 50 0 0 0 56 59 0 0 0 0 0 0 0 0 0 0 0 0 0 0 
12 0 13 0 0 0 0 0 0 0 24 0 0 0 0 25 0 0 0 0 0 0 0 0 18 21 17 0 0 0 0 20 0 0 56 0 55 62 0 0 0 0 32 0 34 0 0 0 0 0 46 0 0 0 42 0 0 48 0 0 0 47 54 0 
44 0 0 0 0 0 0 0 0 58 0 0 62 60 0 0 0 0 0 0 34 0 0 0 50 53 0 0 0 0 0 0 29 26 0 0 0 30 28 25 0 0 0 4 0 0 0 5 0 0 0 0 0 7 0 12 0 0 19 17 0 0 0 0 
36 0 0 33 0 0 0 0 0 50 0 0 54 0 0 49 0 0 0 0 0 0 0 0 0 0 0 0 0 46 0 44 0 0 16 0 15 0 0 17 0 0 0 0 0 0 55 61 0 0 0 0 0 0 0 4 0 0 0 0 10 0 0 0 
60 0 0 0 0 0 55 0 0 0 8 11 14 12 0 0 0 51 47 0 0 0 53 54 0 0 0 3 0 6 64 0 0 42 40 0 0 0 44 0 22 0 0 0 18 0 0 0 0 0 0 0 25 23 26 0 0 0 0 0 0 0 38 0 
4 0 0 0 0 0 63 0 0 0 0 0 0 0 0 0 57 59 55 0 0 0 61 0 10 0 0 0 7 0 0 0 53 0 0 0 0 0 0 49 0 27 0 0 0 0 0 0 32 35 0 0 0 0 34 0 0 40 43 41 0 0 0 0 
0 0 53 0 51 0 0 0 63 0 0 0 0 4 5 0 0 43 0 44 0 0 0 0 0 0 0 0 0 0 0 0 37 34 0 0 31 0 0 0 0 0 0 0 0 9 0 13 0 0 0 21 0 0 0 20 0 24 0 0 0 0 30 0 
0 0 0 17 19 18 15 0 31 0 0 35 0 0 0 0 0 0 0 0 0 8 13 0 26 0 0 27 0 0 0 28 5 0 64 0 0 0 0 1 0 43 0 0 0 0 0 0 0 51 54 0 0 47 0 0 0 0 0 0 0 0 62 0 
0 0 0 3 0 0 0 0 0 0 18 21 0 0 23 19 59 0 57 0 60 0 63 64 12 15 0 13 9 16 0 0 0 0 0 0 0 56 54 0 0 0 0 0 0 27 0 31 0 0 40 0 0 0 0 38 0 0 45 0 0 0 0 0 
0 0 0 59 0 0 0 58 0 0 0 0 0 0 0 0 51 53 0 0 0 0 0 0 0 7 0 0 0 0 2 0 0 0 42 0 0 0 0 0 24 0 0 22 0 0 17 0 0 0 32 0 27 25 0 30 39 0 37 0 0 0 0 0 
0 0 0 19 21 20 0 0 33 36 0 37 40 0 0 0 0 13 0 0 12 0 0 0 0 31 27 0 25 0 0 30 7 4 2 0 1 8 0 0 0 0 42 0 44 43 41 47 0 0 0 0 0 0 0 54 0 58 61 59 0 0 0 0 
0 0 31 0 0 0 0 0 0 0 0 0 48 0 0 0 19 0 0 22 20 0 0 0 0 39 0 37 33 40 34 0 15 0 10 0 9 0 14 0 56 0 50 0 0 0 0 0 58 0 0 0 0 57 0 0 0 2 0 0 4 1 0 0 
0 0 0 0 45 44 0 42 0 0 58 0 64 0 0 0 0 0 0 0 0 34 39 0 52 0 0 0 49 0 50 0 0 0 0 29 0 0 0 27 0 0 0 0 0 0 0 0 0 13 0 0 11 0 12 0 0 18 0 19 0 0 24 0 
14 0 0 11 0 12 0 0 0 0 0 29 0 30 0 27 0 5 0 0 4 2 7 8 0 23 0 0 0 0 18 0 63 60 0 0 0 64 0 0 40 0 34 0 0 0 0 0 0 45 0 0 0 0 0 46 55 0 0 0 0 0 0 0 
0 0 0 0 0 0 0 0 1 0 0 0 0 0 0 3 43 45 0 0 0 0 0 0 0 63 59 61 0 64 0 0 0 0 0 0 0 0 0 0 0 0 0 14 0 0 0 0 0 0 0 0 19 17 0 22 31 0 0 0 28 0 0 0 
38 0 0 0 0 36 0 0 0 0 0 53 56 0 0 0 0 0 25 0 0 0 31 0 0 0 0 0 41 48 42 0 0 0 0 0 0 24 0 0 0 0 58 0 0 0 0 0 0 0 0 0 0 0 0 6 15 0 0 0 0 0 16 0 
0 21 20 0 0 0 14 0 0 0 0 0 0 0 0 0 0 0 0 11 0 7 0 0 25 0 0 26 0 29 0 27 0 1 63 0 0 0 0 64 45 42 39 0 41 0 0 0 47 50 0 52 0 0 0 0 0 0 58 0 0 54 0 0 
51 53 0 0 0 0 0 47 0 1 63 2 0 0 4 0 40 0 0 43 0 39 0 0 0 60 0 0 0 0 0 59 0 0 0 0 0 0 0 32 0 0 0 0 9 0 0 0 0 0 0 0 0 0 0 19 28 0 26 0 25 0 29 27 
0 37 0 0 0 33 0 0 0 49 0 50 0 51 0 0 0 0 0 0 25 0 0 0 0 0 0 0 0 45 39 0 20 0 0 0 0 21 0 16 0 0 0 0 0 0 54 0 0 0 0 0 0 62 0 0 12 0 0 0 0 0 0 0 
0 0 60 0 0 0 0 0 0 0 0 0 0 0 12 8 0 0 0 0 49 0 0 0 0 4 0 2 62 0 0 3 0 0 0 42 0 0 0 0 0 0 0 0 0 16 0 20 0 26 0 28 0 22 25 0 0 0 0 0 0 0 0 0 
0 0 4 64 0 0 0 0 14 17 15 18 0 19 0 16 0 0 0 0 0 0 60 61 0 0 0 10 0 13 0 11 0 49 0 0 0 0 0 0 29 26 0 0 0 24 0 28 0 0 37 0 0 30 33 0 0 0 0 0 0 38 0 0 
11 0 0 8 0 0 6 7 0 0 0 26 29 0 28 0 0 2 0 0 0 0 0 5 0 0 0 0 0 0 0 0 0 0 55 0 0 61 59 0 0 0 0 0 0 0 30 36 0 42 0 44 40 38 41 0 52 0 50 0 0 0 0 0 
0 45 0 0 0 0 0 39 0 0 0 58 0 59 60 0 0 34 30 35 0 31 0 0 49 0 0 0 0 53 47 51 0 0 0 0 0 29 0 0 0 0 0 0 0 64 62 4 0 0 0 0 0 0 0 0 20 0 0 16 0 0 0 19 
0 0 0 24 0 25 22 0 38 0 0 0 0 0 0 40 0 0 0 19 0 15 0 21 33 0 0 34 0 0 0 35 0 0 0 0 0 13 0 8 0 0 0 0 0 0 0 0 55 0 0 0 56 54 0 59 0 0 2 0 1 62 0 0 
0 47 0 42 44 0 0 0 56 59 0 60 0 61 62 58 34 0 32 0 0 0 0 39 0 0 0 0 0 55 0 0 30 27 0 0 0 31 0 0 0 4 0 0 0 2 0 0 0 0 0 0 0 8 0 0 22 0 0 18 0 0 0 0 
61 0 0 58 0 0 56 0 0 11 0 12 0 13 14 0 0 52 0 0 0 49 0 0 0 0 0 0 64 0 1 0 0 43 0 44 40 0 0 0 0 20 17 0 19 0 0 22 0 28 0 0 0 24 0 0 38 33 0 0 0 0 0 0 
0 31 30 0 0 0 0 0 0 0 41 0 0 0 0 42 0 0 16 0 0 0 22 23 35 0 0 36 32 39 0 0 14 0 0 12 0 0 0 0 55 0 0 0 0 50 0 0 0 60 0 0 0 0 0 0 0 1 4 0 3 0 0 0 
0 0 0 0 52 51 0 0 0 0 0 0 0 5 0 0 0 0 0 0 43 41 0 0 0 62 58 0 0 63 57 0 0 0 0 36 0 0 0 0 0 0 0 0 11 0 0 14 0 0 0 0 18 0 0 21 0 25 0 0 27 0 0 0 
0 0 0 0 20 19 0 17 32 0 0 0 39 37 38 0 10 0 0 0 0 0 14 0 27 0 0 0 0 31 0 0 0 0 1 0 64 0 0 0 0 0 0 0 0 0 0 46 0 0 0 0 0 0 0 0 0 57 0 0 0 0 0 0 
0 0 38 0 36 0 32 0 48 51 0 0 55 0 0 50 26 0 0 0 0 0 30 0 0 0 42 0 40 0 0 0 0 0 0 0 0 23 0 0 0 0 0 61 0 0 56 62 0 0 0 6 2 64 0 5 14 0 12 10 0 0 15 13 
0 0 14 0 12 11 8 0 0 0 0 28 0 0 0 26 0 4 64 0 3 0 0 0 0 0 0 0 16 0 0 0 0 0 57 0 0 63 0 0 0 36 0 0 0 0 32 0 0 44 0 0 42 40 0 0 0 0 0 0 0 0 0 0 
5 0 0 0 0 0 0 0 0 19 0 20 0 0 0 0 58 0 0 0 59 0 0 0 0 0 0 0 0 15 0 0 54 0 49 52 48 0 53 50 0 0 0 29 0 26 24 0 33 36 39 0 0 0 35 0 46 41 0 42 43 0 0 0 
0 0 0 46 0 0 0 0 0 0 0 0 3 0 2 0 0 0 36 0 0 0 0 0 0 0 0 56 0 59 0 0 34 0 0 0 28 35 0 0 0 0 5 9 0 0 0 0 13 0 0 0 14 0 0 0 0 0 0 0 23 0 0 0 
41 43 0 0 0 39 36 0 52 0 0 56 0 0 58 0 0 32 0 0 0 0 0 0 0 50 0 48 0 51 0 49 0 23 0 0 20 27 0 22 3 0 61 0 0 0 0 0 5 0 0 0 6 4 0 9 18 13 16 0 0 0 0 17 
0 0 58 0 0 0 0 0 4 0 0 0 0 9 10 0 46 0 0 0 47 0 0 0 0 2 0 0 60 0 0 1 42 0 0 0 0 43 0 0 19 0 0 0 0 0 0 0 0 0 27 0 0 20 0 0 0 0 0 0 0 0 0 33 
0 0 0 0 0 0 0 61 0 0 0 0 0 0 0 14 0 0 0 0 0 0 0 59 7 0 6 0 0 0 0 0 0 0 0 48 0 51 49 0 0 24 21 0 0 0 0 0 0 0 0 0 0 0 0 33 42 0 40 38 0 0 0 0 
0 0 0 0 0 0 28 0 0 0 45 0 0 0 50 0 0 24 0 25 0 0 0 0 0 42 38 40 0 0 0 0 0 15 13 0 12 19 17 0 0 0 53 0 0 0 0 0 0 0 0 2 0 0 0 1 0 0 0 0 0 0 0 0 
17 19 0 0 0 0 0 0 0 0 0 0 0 0 0 30 6 0 0 0 7 5 0 0 0 26 0 24 20 27 21 0 2 0 0 0 60 3 0 0 43 0 37 0 39 0 0 0 0 0 51 50 0 0 47 0 58 53 0 54 0 0 0 57 
0 0 0 0 0 23 0 0 36 0 0 40 0 0 42 0 0 16 12 0 0 0 18 0 31 0 0 0 28 0 0 0 0 0 0 8 4 0 0 0 51 48 0 0 0 46 44 0 0 0 0 0 0 52 55 57 0 0 0 0 0 60 0 1 
9 0 0 0 0 0 4 0 0 0 0 0 27 0 26 22 0 64 0 0 0 61 0 0 0 18 0 16 0 0 0 0 0 0 53 0 52 0 0 0 35 32 0 0 31 30 0 0 0 0 0 42 0 0 39 0 0 0 0 46 0 0 0 0 
0 9 0 0 0 5 0 0 0 0 0 22 0 0 24 0 0 62 0 63 0 0 0 1 0 16 0 0 10 0 11 0 56 0 0 0 0 57 55 0 0 0 27 0 0 0 0 32 0 38 0 40 36 34 0 0 0 0 0 0 45 0 0 47 
0 0 24 0 0 0 0 0 0 0 0 0 0 39 0 36 12 0 0 15 0 11 16 17 0 0 0 30 0 0 0 0 8 0 0 6 0 0 7 0 0 46 0 0 0 44 0 0 51 0 57 56 0 0 0 55 64 0 0 0 0 0 0 63 
63 0 64 0 62 0 0 0 0 13 11 0 0 0 0 0 52 54 0 0 0 51 56 57 5 0 0 0 0 0 0 0 0 45 0 0 0 0 0 0 25 0 19 0 21 20 0 24 0 0 0 0 0 0 0 31 0 0 0 0 0 34 0 0 
0 0 0 44 46 45 0 0 58 61 0 62 1 0 64 60 0 0 0 39 0 0 0 41 0 0 52 0 0 57 51 55 32 0 27 30 26 0 31 28 0 0 0 0 0 4 0 0 11 14 17 16 12 10 0 0 0 19 0 0 0 18 0 23 
0 0 0 0 0 29 0 0 42 45 0 0 0 0 0 0 20 0 0 0 0 0 0 0 0 0 0 38 0 0 35 0 0 0 0 14 10 17 0 12 0 0 51 0 0 0 0 56 0 0 0 0 60 0 0 63 0 3 0 0 0 2 0 0 
0 17 0 0 0 0 10 11 26 0 0 30 0 0 0 0 0 0 0 0 5 0 8 0 0 0 20 0 0 0 19 23 0 61 0 0 0 1 0 0 0 0 0 0 0 0 0 0 0 46 49 48 44 0 0 0 0 0 0 0 0 0 0 55 
55 0 56 52 0 53 0 51 0 0 0 0 0 0 0 0 0 46 0 0 45 43 0 0 0 0 0 62 58 0 0 0 0 0 0 0 0 0 0 36 0 0 0 15 0 12 10 0 0 0 25 0 20 0 21 0 0 0 0 0 29 26 0 0 
0 41 40 0 0 0 0 35 0 53 0 0 0 0 0 0 0 0 26 0 29 27 32 0 0 0 44 0 42 0 0 0 24 0 0 0 18 0 23 0 1 62 59 0 0 0 0 0 0 0 9 0 0 0 0 0 0 11 14 0 0 10 0 15 
0 52 0 47 0 0 0 0 0 0 62 0 4 0 0 0 0 0 0 0 0 38 0 44 0 0 0 0 0 0 0 58 0 32 0 33 0 36 0 0 12 0 0 0 0 0 0 0 14 17 20 0 0 0 0 18 0 22 25 23 0 0 28 26 
0 0 59 0 0 0 53 0 5 8 0 0 0 10 0 7 0 0 0 50 0 46 0 0 64 0 0 0 0 0 0 0 0 0 0 41 0 0 0 0 0 17 14 0 0 15 13 0 0 25 0 0 0 0 0 26 0 30 0 0 32 29 0 0 
0 44 43 0 0 0 0 0 0 56 54 57 0 58 0 0 0 0 0 0 0 0 0 36 0 0 0 0 45 52 46 0 0 0 0 0 21 0 26 0 0 0 0 2 64 63 0 0 0 9 0 0 0 0 0 0 0 0 0 0 0 13 20 0 
34 0 35 31 0 0 0 0 0 0 0 49 0 0 51 0 23 0 0 0 24 0 0 0 0 43 0 0 0 0 38 0 0 16 0 17 13 0 18 15 0 0 0 0 56 55 0 59 62 0 0 0 63 61 0 0 0 0 0 0 8 0 0 0 
0 20 0 0 0 0 13 0 29 0 0 0 0 0 0 0 0 0 0 10 8 0 11 0 24 0 0 25 0 0 0 26 0 64 62 0 61 0 0 0 44 0 0 0 0 0 0 0 46 0 0 0 0 45 0 0 0 0 0 0 56 0 0 58 
0 0 27 23 25 24 21 22 0 0 0 0 0 0 0 0 0 17 13 18 0 14 0 0 32 0 0 33 0 36 0 0 0 8 0 0 5 12 0 0 52 0 0 0 48 0 0 0 0 57 0 59 55 0 0 0 3 0 1 63 0 0 0 0 
0 4 0 63 0 0 0 62 0 16 0 17 0 0 0 0 55 0 0 0 0 54 0 0 8 11 0 0 0 0 6 0 0 0 46 0 0 0 0 0 0 0 22 0 0 0 21 0 0 0 36 35 31 0 0 34 0 0 0 0 0 0 0 0 
0 12 0 0 9 0 0 0 0 0 0 0 0 0 0 0 0 0 0 0 64 62 3 0 0 19 0 0 0 0 0 0 0 56 0 57 0 0 0 0 36 33 0 34 0 0 0 35 0 0 0 43 0 0 0 42 0 0 49 0 0 0 0 0 
24 0 25 0 23 0 19 0 0 0 36 39 0 40 0 37 0 0 11 0 0 0 0 0 0 0 0 31 27 34 0 0 9 0 0 0 3 0 8 5 50 0 0 0 0 0 0 0 0 0 58 0 0 0 0 0 1 0 0 0 0 0 2 0 
40 42 0 0 0 38 0 0 0 0 0 0 0 56 0 0 29 31 27 0 0 0 0 34 0 0 45 0 43 50 0 0 0 22 0 0 19 26 0 0 0 63 0 0 0 61 0 0 0 7 0 0 5 0 0 0 0 0 15 0 14 0 18 0 
0 50 0 45 0 0 0 0 0 62 0 0 0 64 0 61 0 0 35 0 38 0 41 0 0 0 53 55 0 0 0 0 0 0 28 0 0 0 0 0 0 0 4 8 0 0 3 9 0 15 0 17 13 0 14 0 0 0 0 0 0 0 26 0 
0 0 0 0 0 0 0 0 11 0 0 0 0 0 0 0 0 0 0 0 0 0 57 58 0 0 0 0 0 0 0 0 0 46 0 0 43 0 0 45 0 0 0 0 22 0 0 0 0 0 34 33 29 0 0 0 0 0 0 0 0 0 0 0 
56 58 0 0 0 0 0 0 0 0 0 0 0 0 9 5 0 47 0 0 46 44 0 50 0 1 0 63 0 0 60 0 0 38 0 0 35 0 0 0 0 0 0 16 0 0 11 0 20 0 26 0 21 0 0 0 0 28 0 29 0 0 0 0 
8 0 0 5 0 6 0 4 0 0 20 0 0 24 25 21 61 63 0 0 0 0 1 0 0 0 0 0 0 18 0 16 0 0 52 0 0 58 56 0 0 31 28 0 30 0 0 33 0 0 0 41 0 0 0 0 49 0 0 0 0 0 0 0 
0 0 17 13 0 0 0 0 27 0 0 0 0 0 0 0 5 0 0 0 0 0 0 0 0 25 0 0 0 26 0 0 0 0 0 63 0 0 0 0 0 0 0 0 0 37 0 41 0 0 50 0 0 0 46 48 57 0 0 53 54 0 58 56 
32 0 33 0 0 0 27 0 43 0 0 47 50 0 0 0 0 0 0 0 0 0 0 0 0 0 0 0 0 0 0 40 0 0 0 0 11 0 16 0 0 0 0 0 0 0 51 57 0 0 2 0 61 0 0 0 0 4 0 0 0 0 0 0 
