8
40 0 36 37 39 0 0 0 0 28 0 0 27 0 33 0 0 0 0 0 0 0 46 0 0 0 0 12 17 0 0 14 0 0 64 58 0 0 0 61 0 3 0 2 0 6 0 0 54 0 52 0 0 51 0 0 0 20 0 0 0 0 23 0 
0 0 0 0 23 0 0 0 0 12 14 0 11 0 0 0 0 0 0 33 28 0 30 0 0 61 0 0 0 0 0 0 0 0 48 0 0 0 0 0 0 0 55 0 56 0 0 0 38 0 0 39 41 0 0 0 0 0 3 0 0 6 0 2 
0 0 12 0 15 0 0 0 2 0 0 0 0 0 0 0 0 24 0 25 0 0 0 0 56 0 51 0 0 0 50 54 0 0 0 0 41 0 0 0 0 0 0 0 0 0 0 45 30 0 0 0 0 0 0 0 0 60 0 0 64 62 0 58 
56 0 52 0 0 0 0 0 0 0 46 0 43 0 0 0 0 0 0 0 0 61 0 58 0 0 27 0 0 0 0 0 0 14 16 10 0 0 12 13 0 0 23 18 0 0 0 0 0 0 0 0 0 0 5 0 0 0 0 0 0 38 39 0 
0 0 0 45 0 0 0 0 0 36 0 0 0 0 0 0 0 56 51 0 0 53 0 0 0 0 0 0 0 23 18 0 7 6 0 0 9 0 0 5 12 0 0 0 0 14 0 13 0 58 0 0 1 0 0 0 33 0 0 29 0 0 0 0 
0 0 0 0 0 0 0 0 0 0 54 0 0 0 0 0 0 8 3 0 0 0 0 0 0 0 0 36 0 0 0 0 0 22 24 18 0 0 0 0 0 0 0 0 0 0 0 0 0 0 0 0 0 0 0 0 49 44 43 0 0 0 0 0 
8 0 4 0 7 0 2 0 0 0 0 0 0 0 1 0 0 0 0 17 12 0 0 0 48 0 0 44 0 0 0 46 31 0 0 26 33 0 28 29 0 35 0 34 40 0 41 37 0 18 0 0 0 0 21 24 0 0 0 0 0 0 0 0 
0 30 0 0 0 0 0 0 18 0 22 0 0 23 0 21 0 0 0 41 0 0 38 34 0 0 0 0 9 7 2 0 0 0 0 50 0 51 0 0 60 0 63 58 64 0 0 0 46 0 0 47 0 43 0 0 17 0 0 0 16 0 0 0 
0 33 31 0 0 30 0 0 21 23 0 0 22 0 0 24 0 0 38 0 39 0 0 0 0 0 0 7 0 0 0 0 0 0 0 0 60 0 55 0 63 62 0 61 0 0 4 0 0 0 0 0 0 0 0 0 0 0 14 0 0 0 0 13 
0 0 15 0 0 0 13 0 5 7 0 11 0 0 0 0 0 0 0 0 0 0 0 0 59 0 0 0 0 0 0 0 0 41 0 0 0 0 0 0 47 0 50 45 0 0 52 0 0 0 31 34 0 0 0 0 0 0 0 0 0 0 2 61 
0 1 0 64 0 0 61 0 0 0 0 0 0 58 0 0 0 0 0 12 0 0 0 5 0 0 0 0 0 0 0 0 0 0 27 21 0 22 0 0 31 30 0 29 35 0 0 0 0 0 0 18 0 0 0 0 52 0 0 48 0 0 0 45 
59 0 0 0 58 0 0 0 0 0 0 51 46 0 0 0 2 3 0 0 0 0 1 0 0 32 0 0 36 0 0 0 18 0 0 0 20 0 0 16 0 0 0 0 0 25 0 0 0 0 7 0 0 6 0 0 44 39 0 0 0 0 42 0 
0 0 0 48 50 0 0 0 0 0 0 0 0 0 0 40 0 0 0 0 0 0 57 53 27 0 0 0 28 0 0 0 0 0 0 0 12 6 0 8 0 0 0 0 0 0 0 16 1 61 0 2 4 0 0 0 36 0 30 32 35 0 0 29 
11 9 7 0 0 0 5 0 61 0 1 0 0 0 0 0 18 0 0 0 0 16 0 13 51 0 46 0 0 50 0 0 0 0 0 0 36 30 0 32 39 38 0 0 0 0 44 0 0 0 23 26 28 0 0 0 0 55 0 56 0 57 58 0 
0 41 39 40 0 0 0 0 0 0 33 0 0 0 0 32 0 0 0 0 0 48 49 0 0 16 14 0 0 0 0 0 2 1 0 61 4 0 0 0 7 0 0 5 0 9 12 0 0 0 0 0 0 0 56 59 28 0 0 24 27 0 0 21 
0 0 0 0 0 22 21 0 0 0 0 19 0 0 0 0 0 0 0 0 0 0 33 0 0 0 0 0 0 0 0 0 0 0 0 0 0 0 0 0 0 54 0 0 59 0 0 0 0 37 39 0 44 0 0 0 0 7 0 8 0 0 0 0 
58 56 0 0 57 53 52 59 44 0 0 0 45 0 51 0 1 2 0 0 0 0 0 0 0 31 29 0 0 0 0 0 0 0 0 0 0 0 0 0 0 0 0 0 26 0 0 23 8 0 0 0 0 0 0 0 0 0 0 0 0 0 0 0 
0 0 0 0 0 0 44 51 0 0 40 42 0 0 0 0 0 58 0 59 0 0 0 52 0 23 0 22 0 0 0 0 0 0 0 0 0 0 0 0 0 0 0 12 18 0 19 0 64 60 0 1 0 0 0 0 0 0 0 0 34 0 0 0 
0 0 0 39 0 0 0 0 28 30 0 34 29 0 35 31 0 0 0 0 0 0 48 0 0 0 0 14 19 17 0 0 0 64 0 0 0 0 0 0 0 0 9 0 10 0 11 7 0 0 0 0 59 53 55 0 0 0 0 23 0 0 0 0 
0 0 0 0 0 29 0 0 0 22 0 0 21 0 0 0 41 0 37 43 0 39 0 36 0 0 5 0 11 0 4 0 0 56 0 52 0 53 0 55 0 0 1 60 0 0 0 63 48 0 0 0 0 0 47 50 19 0 0 0 0 0 0 0 
0 8 0 0 9 0 0 0 0 0 64 0 0 0 3 63 17 18 0 0 14 15 0 12 0 0 0 46 0 49 0 0 0 0 0 0 0 0 0 0 0 0 41 0 0 40 0 0 0 20 0 0 27 0 0 0 0 0 0 0 58 0 0 0 
0 0 0 0 0 0 0 19 4 0 8 0 0 9 0 7 0 0 0 0 0 0 0 0 0 0 0 54 0 0 0 56 0 40 42 0 0 0 0 0 0 0 49 44 0 0 51 47 32 0 0 33 0 0 0 0 0 0 61 0 0 0 0 60 
0 0 0 0 0 61 0 0 52 54 56 0 53 0 0 0 0 0 5 0 6 0 8 0 0 39 0 0 0 0 0 0 0 24 0 0 0 0 0 0 30 0 33 28 0 32 0 0 16 12 0 17 0 0 0 18 51 0 45 0 0 48 0 44 
26 0 0 23 0 0 0 0 0 0 16 0 0 17 19 0 0 34 29 35 0 0 0 0 0 63 0 62 3 0 0 0 0 48 50 44 51 0 0 47 0 0 0 52 0 0 59 0 0 0 0 0 43 0 39 0 11 6 0 0 0 8 9 0 
0 0 0 0 0 0 0 0 1 0 0 0 0 0 0 0 0 23 0 24 0 0 0 17 55 52 0 0 0 0 0 0 38 0 0 33 40 0 0 36 43 0 0 0 0 0 0 44 29 0 27 30 0 0 0 0 0 59 0 60 0 0 0 0 
0 29 0 0 30 0 25 32 17 0 0 0 0 0 0 0 0 0 34 40 0 0 0 33 0 0 2 3 8 6 1 0 0 53 55 0 56 50 51 52 0 0 0 0 0 61 0 0 45 0 43 0 0 42 0 0 0 0 0 0 15 0 14 0 
0 53 0 0 54 50 0 0 0 0 45 47 0 46 0 44 0 0 0 0 0 0 0 57 0 28 0 27 0 30 0 0 14 0 0 0 16 0 0 12 0 0 0 0 0 0 0 0 0 0 3 6 0 0 0 7 0 0 34 36 0 37 38 33 
0 61 0 60 0 58 0 0 0 0 53 0 50 0 0 0 0 0 0 0 3 0 5 1 0 0 0 0 0 38 0 0 22 0 0 0 0 0 0 0 0 0 30 0 0 0 0 0 0 9 0 14 16 0 12 0 48 43 0 0 0 0 46 0 
0 37 0 0 0 0 0 0 25 0 0 0 0 0 0 0 0 0 0 0 0 0 45 0 0 0 10 11 0 0 0 0 62 61 0 0 0 58 59 0 0 0 6 0 0 0 0 0 0 0 0 54 56 0 0 0 0 0 0 0 0 21 22 17 
0 0 0 0 0 0 17 24 0 11 0 0 0 0 0 0 0 0 0 32 0 0 0 25 0 0 0 0 0 0 57 61 0 0 47 0 0 0 0 44 51 50 0 0 0 0 0 0 0 33 0 0 40 0 0 0 0 3 2 0 0 0 0 0 
0 0 0 0 0 0 0 0 0 0 37 0 0 0 0 36 0 0 0 56 51 0 0 0 0 20 0 0 24 0 17 21 0 0 0 0 8 2 3 0 0 0 14 0 0 13 0 0 61 57 59 0 0 0 60 63 32 0 0 0 31 29 0 0 
0 5 0 0 0 0 0 0 0 0 0 0 0 0 0 0 0 0 10 0 11 0 0 0 0 0 42 0 0 46 0 0 30 0 0 0 0 0 27 0 0 34 0 0 0 0 40 0 0 0 0 0 24 18 0 0 56 0 0 0 55 0 54 49 
0 0 18 0 0 17 16 23 0 0 0 0 0 13 15 11 0 0 0 0 0 0 0 0 0 0 0 0 0 0 0 0 0 0 0 40 0 41 0 0 0 0 0 0 0 0 0 51 0 0 34 37 39 0 0 0 0 2 1 0 0 0 5 0 
0 36 34 0 0 0 32 0 0 0 28 30 25 29 0 0 0 0 0 47 0 0 44 40 14 11 0 0 0 0 0 0 61 0 0 0 63 57 0 59 2 0 0 0 0 4 7 0 0 0 0 53 0 0 0 0 0 0 0 0 22 0 21 0 
62 60 0 0 0 57 56 63 48 0 0 0 0 0 55 0 5 0 0 0 0 3 0 0 0 35 0 34 39 37 0 0 21 0 0 0 23 17 18 0 0 0 29 0 0 0 0 0 12 0 0 0 0 9 0 0 0 0 41 0 0 0 45 0 
0 44 0 43 45 0 40 47 0 0 36 38 0 0 0 0 0 0 0 0 0 0 52 0 22 0 17 0 0 21 0 0 0 4 0 64 0 1 0 0 10 9 0 8 14 0 15 0 60 0 0 61 0 0 59 62 0 0 0 0 0 28 0 24 
14 0 0 0 13 0 0 0 64 0 0 6 0 0 0 3 0 22 0 0 18 0 0 0 0 0 49 50 0 0 0 0 0 0 0 0 0 0 0 0 42 0 45 0 0 0 0 0 28 0 0 29 0 25 27 0 0 0 0 0 0 60 61 56 
54 0 50 0 53 0 0 0 40 0 0 0 0 0 0 43 0 0 0 0 0 0 0 56 0 0 0 0 0 29 0 0 13 0 0 8 0 0 0 11 18 0 21 16 0 20 0 0 4 0 0 0 0 0 0 0 0 0 0 0 38 0 37 0 
0 0 2 3 0 1 0 0 56 0 0 0 0 61 63 0 0 0 9 0 0 0 0 8 0 0 0 42 47 0 40 0 0 0 30 24 0 0 0 27 0 0 0 0 0 0 0 0 0 0 0 21 0 17 0 0 55 0 0 0 54 52 0 48 
0 0 0 0 0 0 24 31 0 18 0 0 0 0 0 0 0 38 33 0 0 35 0 0 6 0 0 0 0 5 64 0 0 52 0 0 0 0 0 51 58 0 61 0 0 0 0 59 0 0 0 0 0 41 0 46 0 0 0 0 0 12 13 0 
57 0 53 0 56 52 0 0 0 0 47 0 0 0 50 46 64 0 60 0 0 0 0 0 33 30 0 0 0 32 0 0 0 0 0 11 0 12 13 0 0 20 0 19 0 23 26 22 0 0 5 0 0 0 0 0 42 0 0 38 0 0 0 0 
0 15 0 0 0 0 0 18 0 5 0 0 0 0 0 0 24 0 0 0 0 0 0 19 0 0 0 0 0 56 51 55 0 0 0 0 42 0 37 0 0 44 48 0 0 0 0 0 0 0 0 0 34 0 0 0 0 0 0 0 0 0 0 0 
0 23 21 0 0 0 19 0 0 13 15 0 0 0 0 14 32 0 0 0 0 0 31 27 1 0 0 0 0 0 0 63 0 0 0 0 0 0 0 0 53 0 0 0 57 55 0 0 0 0 0 0 0 36 0 0 10 0 0 0 9 0 0 0 
33 31 29 0 0 28 0 0 0 0 0 0 0 24 26 0 0 0 0 0 0 0 0 0 9 0 0 0 0 0 0 0 0 0 0 0 0 52 0 54 61 0 0 0 0 63 2 62 47 0 0 0 0 44 46 0 0 0 0 0 0 0 0 0 
9 0 0 6 8 4 0 10 0 0 0 0 0 0 2 0 16 17 12 0 0 0 0 11 0 46 44 45 0 48 43 0 0 31 0 27 0 0 29 30 0 0 0 0 0 0 0 38 0 0 21 0 0 20 0 0 0 53 0 0 0 0 0 0 
0 0 0 0 0 0 43 0 35 37 0 41 0 0 0 38 56 0 52 0 53 0 55 0 25 0 0 21 26 24 19 0 8 0 0 3 10 0 0 0 13 12 16 0 0 0 0 0 0 0 0 0 0 0 0 0 0 29 0 0 0 0 32 27 
0 39 0 0 0 36 0 0 27 0 0 33 0 0 0 0 48 0 44 50 45 0 0 0 17 14 12 13 0 0 0 0 64 63 0 0 2 0 0 62 0 0 0 3 9 0 10 0 0 0 0 56 0 0 0 0 26 0 0 0 0 23 24 0 
0 0 61 0 0 60 0 0 0 0 0 0 52 0 0 0 0 0 4 0 5 0 0 0 41 0 36 0 0 40 0 39 24 0 25 0 26 0 0 22 29 28 0 0 0 0 34 0 15 11 0 0 0 12 0 0 0 0 0 0 0 0 48 0 
0 3 0 2 0 64 0 0 0 0 0 0 56 0 0 0 0 0 0 0 9 10 0 0 45 42 0 41 0 44 0 0 28 27 0 0 0 0 25 0 0 0 0 0 37 0 0 34 0 15 0 20 0 0 0 0 54 0 0 50 53 0 52 0 
0 35 0 34 0 0 0 0 0 0 0 0 0 28 30 26 0 0 40 0 41 0 0 0 0 10 8 0 0 12 0 0 0 59 0 0 62 0 57 0 1 0 0 63 5 0 6 0 0 47 0 0 0 48 50 53 22 17 16 0 21 0 0 15 
13 0 0 0 0 0 0 0 63 0 0 5 64 4 0 0 0 0 16 0 0 18 19 15 0 0 48 49 54 52 47 0 0 35 37 31 0 32 0 0 0 0 44 39 0 0 46 0 27 0 25 28 0 0 0 29 0 0 56 58 0 59 0 0 
0 27 25 26 28 24 23 30 0 0 19 0 16 20 0 0 0 0 0 0 0 0 0 31 5 0 0 0 0 4 0 3 0 51 0 47 0 48 0 50 0 56 0 0 0 0 62 58 43 39 0 0 46 0 0 0 0 0 8 0 0 11 0 0 
53 0 49 0 0 0 47 0 0 0 43 45 0 44 46 0 60 0 0 0 0 0 0 55 29 0 0 0 30 28 0 27 0 0 0 0 0 0 0 0 0 0 0 0 21 0 0 0 0 63 0 4 6 0 0 0 0 33 32 0 0 0 36 0 
45 43 0 42 44 0 39 0 0 0 0 37 0 0 0 34 0 0 0 0 0 0 0 0 0 0 0 0 0 0 0 19 0 0 0 63 6 0 0 0 0 8 12 0 13 0 0 10 0 0 0 60 0 0 58 0 0 25 0 0 0 27 0 0 
0 0 0 0 60 0 0 0 0 49 0 0 48 0 0 50 4 0 0 6 1 2 3 0 0 0 32 0 0 0 0 0 0 19 0 0 0 0 17 0 0 24 0 0 29 0 30 0 0 0 9 0 0 0 0 0 46 0 0 42 45 0 44 0 
0 19 17 0 0 16 0 22 0 0 0 13 8 0 14 0 0 29 0 0 25 0 27 23 61 0 0 0 62 0 55 59 0 43 45 0 0 0 41 42 0 0 0 47 53 51 0 0 0 0 0 0 0 0 34 0 0 0 0 0 0 0 4 0 
0 0 16 17 0 15 0 0 0 8 10 12 7 11 0 9 0 0 0 0 0 0 0 0 0 0 55 0 61 0 0 0 0 42 0 0 0 0 40 0 48 47 0 0 0 50 0 49 0 30 0 0 37 0 0 0 0 0 0 0 0 0 0 0 
0 50 48 0 0 47 0 53 0 40 0 0 39 0 45 41 0 0 55 0 0 57 0 0 0 0 0 0 0 0 0 0 0 0 12 0 13 7 0 0 0 0 0 14 0 0 21 0 2 0 64 0 0 63 1 4 0 0 31 0 36 34 0 30 
60 0 56 0 0 55 0 0 0 0 50 0 0 51 0 0 3 4 0 0 0 0 2 0 0 33 0 0 0 35 0 0 19 0 0 0 21 15 0 17 24 0 0 0 0 0 0 0 0 6 8 0 0 0 0 0 45 40 0 0 0 0 0 38 
0 0 0 0 0 0 0 0 30 0 0 36 0 35 37 0 51 0 47 53 0 49 0 0 20 17 0 0 0 0 0 0 0 0 0 0 5 63 0 0 0 0 0 6 0 0 0 0 0 0 0 59 61 0 0 0 0 0 0 25 0 0 0 0 
36 0 0 0 0 0 0 37 0 0 26 0 0 0 0 0 0 44 39 0 40 41 0 0 0 0 7 8 13 0 6 0 59 58 0 0 61 0 56 0 0 0 3 62 0 0 0 0 0 46 48 0 0 0 49 52 21 0 0 0 20 0 19 0 
4 0 0 0 0 0 0 5 0 0 58 0 0 0 0 0 0 0 0 0 0 0 0 0 0 41 0 40 0 43 38 0 0 0 28 0 0 0 24 0 0 31 35 0 0 0 0 0 0 0 0 19 0 15 17 0 53 48 0 0 0 0 51 46 
12 0 8 0 0 7 6 0 62 64 2 0 0 0 5 1 0 0 0 0 0 17 0 14 52 0 47 0 0 0 0 0 0 0 36 0 0 0 32 0 0 39 43 38 44 0 0 0 0 0 24 0 0 0 0 0 0 0 55 57 0 0 0 54 
0 0 0 0 27 0 0 0 0 16 0 0 0 0 0 0 0 0 0 0 32 0 0 0 0 0 63 0 0 0 62 2 51 0 52 0 0 47 0 0 0 0 0 0 0 0 0 0 0 38 0 0 0 0 0 44 0 8 0 0 12 10 0 0 
