8
0 0 56 0 0 59 60 54 0 0 0 0 0 12 0 0 0 20 0 0 0 0 15 17 0 0 0 0 0 4 0 3 0 27 0 26 25 0 23 0 0 0 0 0 0 50 0 0 0 0 0 30 0 35 0 36 0 0 0 0 0 38 0 0 
7 10 0 0 0 11 12 0 24 0 0 0 0 0 0 27 0 36 0 30 0 0 31 0 0 0 0 18 0 20 0 0 0 0 0 0 41 0 0 0 0 0 62 64 0 0 0 5 0 0 0 46 0 0 0 0 57 0 0 0 61 0 56 0 
15 18 0 21 0 19 0 0 0 0 33 0 0 0 34 0 0 44 45 0 0 0 0 0 0 0 22 0 24 0 0 0 0 51 0 0 49 0 47 0 0 0 0 0 7 0 0 0 56 0 61 0 0 0 0 60 0 0 0 3 0 0 0 0 
0 0 64 5 0 0 4 62 0 21 0 0 0 0 0 19 0 0 0 0 0 26 0 25 0 13 0 0 8 12 9 0 0 0 0 0 33 36 0 37 0 0 54 0 55 0 0 0 0 39 45 0 0 43 0 0 49 0 0 0 53 0 0 0 
39 0 0 0 0 43 0 0 0 0 0 55 0 0 0 0 0 0 0 0 0 0 63 0 0 0 0 0 48 0 0 51 0 11 0 0 0 0 7 0 0 0 30 0 31 34 0 0 16 15 0 0 0 0 0 0 0 0 26 0 29 0 0 23 
47 50 48 0 49 0 52 0 64 0 0 0 0 0 0 0 0 12 0 0 8 0 7 0 0 61 0 0 0 60 0 0 14 19 0 0 17 0 0 0 44 43 38 0 0 0 0 0 0 0 0 0 0 0 25 0 0 0 0 0 0 0 0 31 
0 0 0 0 0 0 0 0 0 0 49 47 0 0 0 0 59 0 0 0 0 58 0 0 0 45 38 42 0 0 0 0 0 0 0 0 0 0 63 0 28 0 22 24 23 0 0 29 0 0 13 0 10 11 0 0 0 20 0 19 0 0 16 0 
0 0 24 0 0 27 28 22 0 0 0 39 0 0 0 43 0 0 0 46 48 0 0 49 31 0 0 0 0 0 33 0 54 0 56 58 0 0 55 0 20 19 14 0 0 0 0 0 64 0 0 62 2 0 1 4 0 12 10 0 13 0 0 7 
62 0 63 0 0 0 3 0 0 0 0 14 13 0 0 0 0 27 0 0 0 0 0 0 0 0 0 9 0 0 0 10 0 34 0 33 32 0 30 36 0 58 0 0 0 0 0 0 39 38 44 0 41 42 0 0 0 0 0 0 52 0 0 0 
0 0 0 0 56 0 0 53 0 0 0 0 5 0 0 0 0 0 0 0 0 0 14 0 0 0 0 1 0 0 0 0 0 0 0 0 24 0 22 28 51 0 0 0 0 0 0 0 0 0 36 29 0 0 0 0 0 0 0 0 0 0 0 0 
0 0 23 0 24 0 0 0 0 0 0 0 0 0 0 0 0 0 0 0 0 49 46 0 30 0 0 33 31 0 0 0 0 0 0 0 0 0 54 60 19 0 0 0 14 0 0 0 0 62 4 61 0 0 0 3 8 0 9 10 0 5 0 6 
0 0 0 0 0 0 0 13 0 0 0 30 0 35 0 34 0 0 44 0 0 0 0 0 0 0 0 0 0 0 0 0 0 0 0 0 0 0 0 0 0 0 0 0 0 0 0 12 55 0 60 0 57 0 0 0 0 0 0 0 0 61 0 62 
0 33 0 0 0 34 0 0 47 0 0 46 0 0 0 0 0 59 0 0 0 0 0 0 38 0 37 0 0 0 0 0 61 2 0 0 0 0 0 0 0 0 0 23 22 0 0 0 0 6 0 0 0 0 8 0 16 0 0 0 0 13 0 0 
0 49 47 0 0 0 0 0 0 0 64 62 61 0 0 0 0 11 0 0 7 9 6 0 54 0 0 0 0 59 0 0 13 0 0 0 0 0 0 0 0 42 37 0 38 0 0 0 23 0 0 21 25 0 24 0 0 0 0 0 0 0 0 0 
0 0 7 0 0 0 11 0 0 0 0 22 0 27 0 0 34 0 36 29 0 0 0 0 0 20 0 0 15 0 0 0 0 0 0 0 40 0 38 0 0 0 0 0 0 0 0 4 0 0 52 0 0 0 0 0 0 0 0 0 60 0 55 0 
38 0 0 0 0 0 0 37 0 0 0 54 53 0 0 0 0 0 0 0 0 0 62 0 0 0 45 0 0 0 0 0 0 10 0 0 0 11 0 0 35 0 0 0 30 0 0 36 0 0 20 0 0 0 16 0 24 0 0 0 0 0 23 0 
0 0 0 0 0 44 0 0 57 0 58 0 55 0 59 0 0 0 0 0 0 3 0 0 0 0 0 0 0 0 0 52 0 12 0 0 0 0 0 0 37 36 0 0 32 0 0 0 17 16 0 0 0 20 0 0 0 0 0 0 0 23 0 24 
0 19 0 0 0 20 21 0 33 38 34 0 0 0 0 0 44 45 0 39 0 0 40 0 24 0 0 0 25 0 0 28 0 52 0 51 50 0 0 0 0 0 7 9 0 0 0 0 57 0 62 0 0 0 58 0 0 0 0 0 0 63 0 0 
48 0 0 0 0 0 53 0 0 0 0 0 0 0 0 0 0 0 0 7 9 0 0 10 56 0 55 0 57 0 58 0 0 0 0 0 18 0 0 0 0 0 0 0 0 43 0 46 25 0 30 0 27 28 0 0 34 0 0 0 0 0 0 0 
0 0 9 14 0 12 0 7 0 0 0 0 23 0 0 0 0 0 38 31 0 0 0 0 0 22 0 19 0 0 0 0 0 0 0 0 0 0 0 46 0 0 0 0 0 0 2 6 49 0 0 0 0 0 0 0 0 61 0 0 62 0 0 56 
0 0 0 62 0 0 0 0 0 0 0 0 0 0 0 0 0 0 0 0 0 0 0 0 0 6 0 0 0 5 2 0 0 28 25 27 0 0 0 0 0 52 0 0 0 51 0 0 0 0 38 31 35 0 0 0 42 0 0 0 46 39 41 40 
0 27 0 30 0 28 29 0 0 0 42 0 39 0 43 0 0 0 54 0 0 0 0 0 32 0 31 35 0 0 34 0 55 0 0 0 0 0 0 0 0 20 0 0 0 0 0 0 0 64 0 63 0 0 0 0 0 0 0 0 0 7 0 8 
0 3 0 0 2 0 0 0 0 0 0 0 0 21 0 0 0 0 30 0 0 0 0 0 0 0 0 0 0 0 0 12 0 36 33 0 34 0 0 0 0 0 55 57 0 0 0 0 0 0 0 0 43 0 0 45 0 0 51 0 0 47 0 0 
32 35 0 38 0 0 0 0 0 0 0 0 47 0 0 0 0 61 62 0 0 59 0 0 0 0 39 0 0 0 0 0 63 0 0 3 0 0 0 0 0 0 23 0 0 0 0 0 0 0 0 0 0 0 0 13 0 0 0 0 0 0 17 16 
0 62 0 0 0 0 0 58 0 0 0 0 0 0 0 15 0 24 0 0 0 22 19 0 0 9 0 0 4 0 0 0 0 0 28 30 0 0 0 0 56 0 50 0 0 54 0 57 0 0 41 0 38 39 37 0 0 0 46 47 0 42 0 0 
0 14 0 0 13 0 0 0 0 33 29 0 0 32 0 0 0 40 0 0 0 38 35 0 0 25 18 22 0 0 0 0 0 0 0 46 45 0 0 0 8 7 2 0 3 0 0 0 0 0 0 50 0 0 53 0 0 0 62 63 0 58 0 59 
51 0 0 0 0 0 0 0 0 0 0 0 0 8 0 0 0 0 0 0 0 0 11 0 0 0 0 0 0 0 0 0 0 0 0 0 0 0 19 25 48 0 42 0 43 0 45 49 0 0 0 26 0 0 0 0 37 0 38 39 41 34 0 0 
3 0 0 0 0 0 0 0 0 0 21 0 0 0 0 0 31 32 0 0 28 30 0 0 0 17 0 0 0 0 0 0 0 0 36 38 0 40 0 0 0 63 0 0 59 0 0 0 0 43 0 0 0 0 0 0 0 56 0 0 57 0 0 51 
0 0 0 0 0 23 0 18 36 41 37 0 34 0 0 0 47 48 49 0 0 0 0 0 0 33 0 0 0 0 29 0 0 0 52 0 53 0 51 0 0 0 0 0 11 0 0 17 60 0 1 0 62 0 61 0 5 0 0 7 9 2 0 0 
0 0 44 0 0 47 48 0 0 0 0 59 0 0 62 0 0 0 0 0 0 0 3 0 0 0 0 0 0 0 0 0 0 0 0 14 0 16 0 0 0 0 0 0 0 38 0 41 0 0 0 0 22 23 0 0 29 0 30 0 0 26 0 0 
0 0 0 0 0 39 0 0 0 0 0 0 50 0 0 0 0 0 0 58 0 0 0 61 0 0 0 46 44 0 0 0 0 0 4 0 0 0 3 9 32 0 26 0 0 0 0 0 0 0 0 0 0 0 0 0 0 0 0 0 0 18 20 19 
0 0 0 0 0 31 32 0 0 0 0 0 0 48 0 0 0 0 57 0 52 0 0 0 0 0 0 0 0 0 0 0 58 0 0 0 0 64 0 1 0 0 0 20 0 22 0 0 0 3 0 2 0 7 0 0 0 0 0 0 0 10 0 0 
0 23 0 26 22 24 0 0 37 0 38 0 35 0 0 0 0 0 0 43 0 0 0 46 0 0 0 0 29 0 30 32 51 0 0 0 0 0 0 0 0 0 0 0 12 0 0 0 61 0 0 0 0 0 0 1 0 9 0 0 0 0 0 4 
0 0 37 0 0 0 0 0 53 0 54 0 0 0 0 0 0 0 0 59 0 0 0 0 0 0 0 47 0 0 0 48 0 0 0 0 6 0 0 0 0 0 27 0 28 0 0 34 0 0 18 0 0 0 0 0 0 0 23 0 0 0 0 0 
52 0 0 0 0 0 0 0 0 10 0 0 0 0 0 0 0 0 0 0 0 0 0 14 0 0 59 0 0 1 0 64 0 0 0 23 0 0 0 0 0 0 0 0 0 0 0 50 0 0 34 27 0 32 0 0 0 0 39 40 0 0 0 0 
60 0 0 0 0 0 0 0 0 0 0 0 0 0 0 0 0 0 26 19 0 0 0 0 0 10 0 0 0 9 6 0 0 0 0 0 0 0 0 0 0 56 51 0 0 0 0 0 37 0 0 0 39 0 38 0 0 0 0 0 0 0 0 0 
0 0 0 10 6 0 0 3 21 0 0 20 0 0 0 0 0 0 0 0 0 0 28 0 0 0 11 15 0 0 0 16 35 0 37 0 0 0 0 0 0 0 0 0 0 0 62 0 0 0 0 0 0 0 0 0 0 57 55 0 0 0 0 52 
0 0 45 50 46 0 49 0 0 0 0 60 0 0 0 0 8 9 10 0 5 0 4 6 52 58 0 0 53 0 0 0 11 16 0 0 0 0 12 0 0 40 0 0 0 0 38 0 0 20 0 19 0 0 0 0 0 0 0 0 0 0 0 0 
0 15 0 18 0 0 0 0 0 0 30 0 0 0 0 0 0 41 42 0 0 0 0 38 0 26 19 0 0 0 0 0 43 0 45 0 0 49 0 0 0 0 0 5 0 0 6 10 53 0 0 0 0 0 0 0 0 1 0 64 0 59 0 0 
0 31 0 0 30 0 0 0 0 0 46 0 0 0 0 48 0 57 0 51 0 55 0 0 36 0 0 0 0 0 38 0 0 0 61 0 0 0 60 0 0 0 0 0 0 0 0 0 5 0 0 0 7 0 6 9 14 0 0 0 0 0 0 0 
13 16 0 0 0 0 0 12 0 0 0 29 0 0 0 33 0 0 43 0 0 0 0 39 21 0 20 0 22 26 0 0 0 0 0 0 0 0 0 51 0 9 0 0 0 0 0 11 0 0 0 0 56 57 0 0 0 2 0 0 0 60 62 0 
0 48 0 51 0 0 0 0 0 3 0 0 0 0 64 0 0 0 11 0 6 0 0 7 0 59 52 0 0 58 0 0 0 17 0 16 15 0 13 0 0 0 36 38 0 0 0 43 22 0 27 0 24 25 0 26 0 34 32 0 35 0 0 0 
0 24 0 0 0 25 0 0 38 0 39 0 0 0 0 0 0 0 0 44 46 0 0 0 0 0 0 32 0 0 0 0 52 0 0 0 0 58 0 0 0 0 0 14 0 16 15 0 0 61 0 0 64 1 0 0 7 10 0 9 0 0 6 0 
37 0 0 0 0 41 0 0 0 0 0 0 0 0 56 0 0 0 0 0 62 0 0 0 0 51 0 0 46 0 0 0 0 9 0 8 0 0 5 11 0 0 0 0 29 0 0 0 14 0 0 0 16 0 0 0 0 0 24 25 27 0 0 0 
0 0 0 59 0 57 0 0 0 11 0 0 0 0 8 9 17 0 0 0 0 0 0 0 0 3 0 0 0 0 0 1 20 0 0 24 0 26 0 0 0 49 0 46 0 0 47 51 30 0 35 0 32 0 0 0 0 42 0 41 43 0 0 0 
0 64 0 0 0 0 2 60 14 19 0 13 0 0 16 0 0 0 0 20 22 0 0 0 0 0 0 8 0 10 0 0 28 33 30 0 0 0 0 0 0 57 0 0 53 0 0 59 0 0 43 0 0 41 0 0 0 0 48 0 0 0 0 0 
5 8 6 0 7 0 0 0 0 0 0 0 0 0 0 0 0 0 0 28 0 32 29 0 13 0 0 0 0 18 15 0 0 0 38 40 0 42 37 0 0 1 0 0 61 0 0 0 0 0 0 0 0 0 47 50 0 0 0 0 0 0 0 0 
29 0 0 35 0 0 0 0 0 0 0 0 44 50 48 0 0 0 0 0 0 56 0 0 0 43 0 0 0 0 0 41 60 0 0 0 0 0 0 3 0 0 0 22 21 0 0 0 0 5 0 4 0 0 0 0 15 18 0 0 0 0 14 13 
0 44 42 47 0 0 46 40 58 0 59 0 0 0 0 0 5 0 0 64 0 0 0 0 0 0 0 52 50 0 0 0 0 13 0 12 0 14 0 0 0 0 32 0 0 0 0 39 0 17 0 0 20 0 0 0 0 0 0 29 0 0 0 0 
0 0 34 39 35 37 38 32 0 0 0 0 48 0 0 53 0 62 0 0 0 60 57 0 0 0 0 0 0 0 0 0 0 0 0 4 0 6 1 0 0 29 0 0 0 28 0 31 10 0 15 0 0 0 0 0 0 0 20 0 0 0 0 0 
0 0 18 0 19 0 0 16 0 39 35 33 0 38 36 0 0 0 0 0 0 0 41 43 0 0 0 28 0 0 0 0 48 0 50 0 0 54 0 0 14 0 0 10 0 0 11 0 0 0 0 0 0 61 0 0 0 0 0 0 0 64 0 1 
0 60 0 0 0 0 62 0 0 0 11 0 0 0 12 0 0 0 0 0 18 0 0 19 0 0 0 0 2 6 3 0 0 0 0 0 0 30 25 31 54 53 0 0 0 0 51 0 0 33 0 0 36 0 35 38 0 0 0 0 47 40 0 0 
0 0 0 0 0 5 0 64 0 0 0 0 16 0 20 0 0 0 0 24 0 0 0 0 9 15 8 0 10 14 0 13 32 37 0 0 35 38 0 39 0 61 0 0 57 0 59 0 0 41 47 0 0 45 43 0 0 0 0 0 55 0 0 0 
25 0 26 0 0 0 30 24 0 0 43 41 0 0 0 0 0 0 55 48 0 52 0 0 0 0 0 0 34 0 0 0 0 0 0 0 59 0 0 0 0 0 16 0 0 0 0 0 2 0 0 0 4 5 3 0 0 0 12 0 0 0 0 0 
0 0 0 0 0 0 0 0 0 31 0 0 0 0 0 0 0 38 39 32 0 36 0 0 17 23 0 20 18 0 0 21 0 0 0 0 0 0 0 0 0 0 64 2 0 0 0 0 50 0 0 48 0 53 0 0 0 62 60 0 63 0 0 0 
0 0 0 55 0 0 54 0 0 0 0 1 64 0 0 0 0 0 0 0 0 0 0 0 0 0 0 0 0 0 0 61 16 21 18 0 19 0 17 23 0 0 0 0 0 0 43 0 0 0 0 0 0 0 0 30 0 38 36 37 39 32 34 33 
0 29 0 32 0 0 31 25 43 0 0 0 41 47 0 46 0 0 0 0 0 0 0 0 0 0 33 37 0 0 0 0 0 0 0 0 0 63 0 0 0 0 0 0 0 0 0 0 0 2 8 1 5 0 4 0 0 0 13 0 0 0 0 0 
0 0 0 0 0 14 15 0 0 0 28 0 25 31 0 0 38 0 0 0 0 0 34 0 0 24 0 0 0 23 0 22 0 0 0 45 0 47 42 0 7 0 0 0 0 0 0 0 0 50 0 0 0 54 0 0 0 0 0 0 64 57 0 0 
0 0 0 64 60 0 0 0 11 16 0 10 9 0 0 14 0 23 0 0 0 21 0 0 0 0 1 5 0 7 4 6 0 0 0 0 0 0 0 0 0 54 0 51 0 0 0 0 0 34 40 0 0 38 36 0 44 0 0 46 48 0 43 42 
18 0 0 0 0 0 23 0 0 0 0 0 0 39 0 0 0 47 0 0 43 45 0 0 0 0 25 29 0 0 28 0 49 0 0 53 52 0 0 0 0 0 0 0 0 0 12 16 0 0 0 57 0 0 0 0 0 0 0 0 8 1 3 2 
0 53 0 0 0 0 55 0 3 0 0 0 0 0 0 0 0 15 0 9 0 13 10 0 58 64 57 0 0 0 60 62 0 0 19 0 20 0 0 24 0 46 41 0 0 0 0 0 0 0 0 0 29 30 0 0 36 0 0 38 0 0 0 34 
0 0 0 48 44 0 0 0 0 64 0 0 0 0 61 0 0 0 8 0 0 0 0 4 0 56 0 53 0 0 0 54 0 14 0 0 0 0 0 16 0 38 0 0 0 37 0 40 0 0 24 0 0 0 0 0 0 0 0 0 0 25 0 26 
0 0 0 0 36 38 0 0 51 0 52 50 0 55 53 0 62 0 0 0 0 61 58 60 0 0 41 0 0 0 0 0 0 0 0 0 0 0 2 0 31 30 0 0 0 29 0 32 11 0 16 0 13 0 0 0 0 0 21 0 24 17 0 18 
0 0 3 0 0 0 7 1 19 24 0 18 0 0 0 0 0 0 0 0 27 29 0 0 10 0 0 13 0 0 0 14 0 0 0 0 36 0 0 40 0 0 0 0 0 61 0 64 0 0 0 0 0 0 0 0 52 0 0 0 0 0 0 0 
