8
0 30 37 32 36 0 0 0 13 6 0 0 0 0 0 10 0 19 14 16 15 0 20 0 0 0 0 42 45 39 0 43 0 0 5 0 64 0 1 63 0 0 54 0 59 57 0 0 0 0 0 0 0 0 0 0 0 0 48 0 0 0 0 49 
58 54 0 56 0 55 57 0 0 30 0 35 33 0 0 0 0 43 38 0 0 45 0 0 1 0 62 0 0 0 0 0 0 0 0 0 0 22 25 0 0 0 0 0 19 0 16 0 51 52 0 46 0 0 49 0 13 0 0 0 0 7 11 0 
0 6 13 0 0 7 0 0 0 46 0 0 49 0 52 0 0 59 54 0 55 0 0 58 0 0 0 18 0 0 0 19 43 0 45 44 40 0 0 0 0 0 0 0 0 0 32 0 0 0 0 0 0 0 1 0 0 26 0 22 0 23 0 0 
0 0 0 0 44 0 0 43 0 0 15 19 0 0 20 18 0 0 0 0 0 29 28 0 49 0 0 50 0 0 0 0 0 0 13 0 0 6 0 0 0 0 62 0 0 0 0 0 35 0 32 0 0 0 0 0 0 0 0 0 0 0 0 0 
0 0 0 0 0 23 0 0 5 0 63 3 0 0 4 2 0 0 6 0 0 13 0 0 33 0 0 0 0 0 0 0 0 58 0 0 0 0 57 0 0 0 0 47 51 0 0 52 0 0 0 0 21 0 0 0 45 0 0 0 0 0 0 0 
18 0 0 16 0 0 0 0 0 0 0 59 0 0 0 0 0 0 62 0 0 0 0 2 0 28 22 0 0 23 0 27 51 0 0 0 0 0 0 0 0 0 0 0 0 0 0 0 11 0 0 0 13 7 0 10 0 0 0 0 36 0 35 0 
0 0 5 0 4 63 1 0 0 38 0 43 41 0 0 0 0 0 46 0 0 0 52 50 9 0 0 0 0 0 0 0 0 34 0 0 0 0 0 0 0 26 22 0 0 0 0 28 59 0 0 0 0 0 57 0 21 18 0 0 20 0 0 17 
0 0 53 0 0 0 0 0 0 0 0 0 25 24 28 0 0 35 0 0 0 0 0 0 0 60 54 0 0 0 0 0 19 0 0 20 0 0 17 0 0 10 0 7 0 9 0 12 0 0 0 0 45 0 41 0 0 2 0 0 0 0 0 0 
0 0 0 0 0 0 31 33 0 4 0 9 0 0 0 0 15 0 0 0 0 0 0 16 0 42 0 40 0 0 0 0 0 0 0 2 0 0 0 0 0 56 52 0 57 0 0 0 25 0 0 0 0 0 23 0 51 48 46 44 0 0 49 0 
64 0 3 0 0 0 63 0 0 0 0 0 0 38 0 0 47 0 44 0 0 0 0 0 7 0 4 0 0 5 0 0 33 0 0 34 0 0 0 0 0 24 0 21 0 0 0 0 0 58 0 0 0 0 0 0 0 0 0 0 0 0 0 0 
0 0 0 0 0 0 0 57 35 0 29 0 0 0 34 0 0 41 0 38 0 43 0 0 0 0 0 64 0 61 0 0 0 0 0 0 22 0 23 21 0 0 0 0 0 0 0 0 0 0 46 0 51 0 0 0 0 8 6 0 10 5 0 0 
0 0 0 0 0 0 0 9 0 0 45 0 0 0 0 0 55 0 0 0 0 0 0 56 0 18 0 0 19 0 0 0 0 0 0 0 0 36 0 0 35 0 28 0 0 0 30 34 1 0 0 0 0 0 0 64 0 0 0 0 0 21 0 0 
0 0 19 14 18 0 0 0 0 0 0 0 55 0 0 0 0 0 0 0 61 0 2 0 0 0 0 0 0 0 0 0 0 0 0 0 0 44 0 45 0 0 36 37 0 0 0 0 0 0 0 0 0 0 7 0 0 0 0 0 0 29 0 0 
40 0 0 0 42 0 39 0 0 0 0 17 0 0 0 0 0 0 20 0 0 0 26 0 0 0 44 0 0 45 0 49 0 0 0 10 0 0 0 0 3 0 0 61 1 0 0 0 0 34 0 0 0 0 0 32 0 56 0 0 0 0 57 55 
0 0 27 0 0 21 0 0 0 0 0 1 0 62 2 64 0 0 0 0 0 0 0 0 0 34 0 0 35 0 0 0 0 0 0 58 0 0 55 53 51 48 44 0 0 47 0 0 17 0 0 12 19 0 15 0 43 40 38 0 0 37 0 0 
0 0 51 46 0 0 0 49 0 0 21 25 0 0 0 24 31 0 0 0 29 35 0 32 55 0 52 0 0 0 0 0 0 0 0 18 0 0 0 0 0 0 0 0 0 0 6 10 41 42 0 36 0 0 39 0 0 0 62 60 2 0 0 0 
0 35 42 0 0 0 38 0 0 0 12 16 0 0 17 0 0 24 0 0 0 0 0 0 0 0 0 0 0 0 45 0 8 7 0 0 0 3 6 0 0 0 59 60 64 0 0 0 0 0 0 0 34 0 0 0 58 55 53 0 0 0 0 54 
7 3 0 0 0 4 0 0 0 0 0 0 0 0 0 47 0 56 51 0 0 0 0 0 0 0 11 15 0 0 0 16 0 0 42 41 37 0 38 36 0 0 27 0 0 0 0 0 0 0 0 0 0 0 0 0 26 0 21 0 0 0 0 0 
0 0 50 0 0 0 46 0 26 19 20 0 0 0 25 0 0 0 0 0 28 34 33 0 0 0 0 55 0 0 0 56 16 0 18 0 0 0 0 0 0 0 0 4 0 0 5 0 0 41 37 35 0 0 0 0 0 63 0 0 0 60 0 62 
0 0 0 0 1 0 62 0 42 0 0 0 0 0 0 0 0 0 0 0 0 0 49 0 0 9 0 0 10 0 0 0 32 31 0 0 0 27 0 0 0 0 0 20 0 22 21 0 0 0 53 0 0 0 0 0 0 0 0 0 0 0 0 0 
0 0 0 29 33 0 0 0 0 0 0 0 0 0 0 0 0 0 0 0 0 18 0 0 0 0 0 0 42 0 0 0 0 0 0 0 0 59 0 0 0 0 51 52 56 0 53 0 24 0 21 0 26 0 0 0 50 0 0 0 49 44 0 0 
0 0 0 0 0 0 0 0 2 59 0 0 62 0 1 0 6 0 0 0 0 0 0 0 0 33 0 0 0 0 29 32 0 55 58 0 0 0 0 52 0 0 0 0 48 0 45 0 0 0 0 0 18 0 14 0 0 0 0 0 0 0 0 0 
0 0 58 53 0 0 0 56 34 0 0 0 0 0 0 0 38 40 0 37 0 0 0 0 0 0 59 0 0 0 61 0 0 23 0 0 21 0 22 0 0 0 11 0 0 14 0 17 48 49 0 0 0 0 46 0 0 0 0 0 9 0 8 0 
0 0 0 0 0 12 0 16 0 51 0 0 0 53 57 0 0 64 0 0 60 0 0 0 0 25 0 0 0 0 21 0 0 0 0 49 0 0 46 0 0 39 0 36 0 0 0 0 0 0 0 3 10 0 6 0 34 31 0 0 0 0 0 0 
37 0 0 0 0 34 0 0 0 0 10 0 0 0 0 13 0 22 0 19 0 0 0 0 0 0 0 0 0 42 0 0 0 0 8 0 0 1 0 2 64 0 0 0 0 0 59 0 0 0 27 25 0 0 28 0 0 53 0 0 0 0 54 0 
0 0 0 3 7 0 0 0 0 0 42 46 0 43 0 45 0 0 0 51 0 0 55 0 0 15 0 13 0 10 11 0 38 0 0 0 35 0 0 0 0 29 25 0 0 28 0 0 62 0 0 57 64 58 0 0 0 0 19 17 0 0 22 0 
29 0 32 0 31 26 28 0 0 1 0 6 4 0 0 0 12 0 9 0 0 0 0 0 0 39 0 37 40 0 0 38 0 0 0 0 0 57 0 0 0 0 0 0 54 0 51 0 22 23 19 17 0 0 20 21 0 45 0 0 0 0 0 44 
0 57 0 0 0 0 0 0 0 0 0 38 0 0 0 0 0 0 0 0 42 48 0 45 0 0 0 5 0 0 0 6 30 0 0 0 0 0 0 0 0 21 17 18 0 20 19 23 0 0 0 49 0 50 0 0 0 0 0 9 0 0 14 0 
45 0 0 0 0 0 0 0 0 0 0 0 0 0 0 0 0 30 0 0 0 0 0 0 0 0 0 0 56 0 0 54 0 0 16 0 0 9 0 0 0 0 0 2 0 0 3 0 0 39 35 0 0 0 0 0 0 61 59 0 0 0 62 0 
0 0 0 0 23 0 0 0 64 0 0 0 60 59 0 61 0 0 0 0 0 0 7 0 0 0 0 0 0 0 0 30 54 0 0 0 0 0 0 50 0 0 0 0 46 0 0 0 0 15 0 0 0 0 0 0 0 0 0 0 0 34 0 36 
53 49 56 51 0 0 0 54 0 0 0 30 0 0 31 0 0 0 33 0 34 40 0 0 60 0 57 0 64 0 59 0 0 0 0 0 0 17 20 18 0 0 9 0 0 0 0 0 0 0 43 41 0 0 0 0 0 0 0 1 0 2 6 0 
0 0 16 0 15 0 12 14 56 0 50 54 0 0 0 0 0 0 0 59 0 0 0 61 0 0 0 0 24 0 19 22 0 0 0 47 43 0 0 0 40 37 0 0 38 0 0 0 0 7 0 1 0 0 0 0 32 0 27 0 31 0 30 28 
0 24 0 26 0 0 0 0 7 0 0 0 0 0 0 0 0 0 0 10 0 0 14 0 0 0 0 36 0 0 34 0 0 0 0 0 0 56 0 57 0 0 0 0 0 51 0 54 0 0 18 0 0 0 19 20 0 0 0 40 46 0 0 0 
0 56 0 0 0 57 0 0 39 0 0 37 35 0 0 0 0 45 0 0 0 0 0 0 0 0 0 0 0 0 0 0 0 28 0 0 26 0 0 0 23 0 16 0 21 0 0 22 0 0 0 0 55 0 51 52 0 12 0 0 0 0 0 11 
36 0 0 34 0 33 35 37 0 0 0 13 0 0 0 12 19 0 0 0 0 23 22 0 0 0 0 0 0 0 0 45 0 4 7 6 2 0 0 0 63 0 56 57 61 59 0 0 0 30 0 0 0 25 0 0 0 52 0 0 54 0 53 0 
0 0 15 0 0 0 0 0 0 0 0 0 51 0 0 52 0 61 0 0 0 63 0 60 0 0 0 0 23 0 18 0 45 44 0 0 0 0 43 41 39 0 32 0 37 0 34 0 0 0 0 0 7 1 0 0 31 0 0 24 0 0 0 0 
0 0 0 0 0 0 0 0 0 0 0 0 19 0 22 0 0 0 24 0 0 0 0 28 51 54 48 0 0 0 0 0 0 0 15 0 0 0 0 0 7 4 64 1 0 0 0 6 0 0 0 0 39 33 0 0 0 60 0 0 62 0 61 0 
4 0 0 2 6 0 0 5 47 0 0 0 0 0 46 0 0 0 48 50 49 0 54 0 0 0 8 0 0 0 10 13 0 0 39 38 0 0 0 0 31 0 0 25 0 0 0 0 0 0 0 0 0 0 0 60 0 0 0 0 22 17 0 0 
52 0 0 0 0 0 0 0 0 24 0 29 27 0 30 0 0 0 0 0 0 39 0 0 0 0 0 60 63 0 0 0 21 20 0 0 0 0 0 17 0 0 0 9 13 0 0 0 45 0 0 0 0 0 43 0 7 0 0 0 0 0 0 0 
0 0 0 0 0 17 19 0 0 56 0 0 0 0 0 0 0 5 64 2 0 0 6 0 0 30 24 0 0 0 0 0 0 0 0 0 50 48 0 49 47 44 40 0 0 0 0 0 0 14 0 8 0 0 11 12 0 0 34 0 0 0 0 0 
0 0 0 0 0 24 0 28 0 0 64 0 0 1 0 0 0 0 0 9 0 0 0 11 0 0 0 0 38 0 0 36 0 0 0 61 57 0 58 0 0 0 47 0 0 0 0 0 0 0 0 15 0 16 0 0 0 0 0 39 45 0 0 0 
19 15 22 0 0 0 0 20 0 0 56 60 0 0 0 0 0 4 0 1 0 6 0 0 0 0 0 27 0 0 0 0 0 0 0 0 49 0 50 0 0 0 0 0 0 42 41 45 0 0 9 7 0 0 0 0 38 0 33 31 37 0 36 0 
0 0 0 0 0 0 0 0 0 0 0 0 0 0 0 0 0 0 0 0 0 0 0 0 0 45 0 0 46 40 0 0 0 0 6 0 1 63 2 64 0 0 0 0 0 58 0 61 28 0 0 0 0 0 0 0 54 0 0 47 53 0 0 50 
0 0 0 0 0 0 50 52 0 0 24 0 0 0 29 27 34 0 31 0 32 38 0 35 0 61 55 59 0 0 0 0 20 19 0 0 17 15 0 16 0 11 0 0 0 0 0 0 0 0 0 0 0 0 0 43 6 3 0 0 5 64 0 0 
0 0 0 0 0 0 0 0 0 0 0 20 0 0 21 0 0 28 0 0 0 0 0 0 50 0 0 0 0 0 49 0 0 0 0 0 9 0 0 0 0 0 0 0 0 0 0 0 0 37 33 0 38 0 0 0 0 59 0 0 0 0 0 0 
0 63 0 0 5 0 2 4 0 39 0 0 42 41 45 43 0 52 0 49 48 0 0 0 10 13 7 0 0 8 0 0 0 0 0 37 33 31 34 32 0 27 23 0 28 26 25 29 60 0 0 0 0 56 0 0 0 0 17 0 21 16 20 0 
11 7 0 0 0 0 10 0 54 47 0 0 50 49 0 0 0 60 0 0 0 62 61 0 0 21 0 0 0 0 0 20 0 43 0 0 0 0 0 40 0 35 31 0 36 0 0 0 0 0 0 63 0 0 0 0 0 0 0 23 29 0 28 0 
59 55 0 0 61 0 58 0 0 0 0 0 0 0 0 35 0 44 0 0 0 0 0 0 2 0 63 3 0 64 0 0 0 0 0 0 0 0 0 0 22 0 15 16 0 0 0 0 0 0 0 0 54 0 50 51 0 11 9 0 0 0 0 0 
0 0 49 0 0 43 0 47 0 0 0 23 0 20 0 0 29 31 0 28 0 0 0 0 53 0 50 54 0 0 0 0 15 0 0 0 0 0 0 11 0 6 2 0 7 0 4 0 39 0 0 0 0 0 0 0 1 62 60 0 0 0 0 0 
62 0 1 60 0 0 0 0 41 0 0 0 0 36 0 0 0 0 0 0 43 0 0 0 0 8 0 6 9 0 4 0 31 0 0 32 0 0 0 0 0 0 0 0 23 21 20 24 0 0 0 0 0 0 0 54 0 14 0 10 16 11 15 0 
14 10 0 0 16 11 13 0 57 0 0 0 0 52 0 0 0 63 58 60 59 0 0 62 21 0 18 0 0 19 20 0 0 0 0 48 0 0 0 0 0 38 34 0 0 37 0 40 0 8 0 0 0 0 5 0 33 0 0 0 32 0 0 29 
54 0 0 52 0 51 53 0 33 0 27 0 0 0 0 30 0 0 0 36 0 0 0 38 0 64 0 0 0 0 0 0 23 0 0 0 20 18 0 0 17 0 0 0 0 13 0 16 0 0 44 42 49 0 0 0 0 0 4 0 0 0 7 0 
0 0 9 4 8 0 5 7 49 42 43 47 45 0 0 0 53 0 50 0 0 57 0 0 0 0 0 14 0 0 0 0 0 38 0 0 0 0 0 0 33 30 0 0 31 0 0 32 0 0 0 58 1 0 0 0 0 0 0 0 24 0 0 0 
22 0 25 0 24 0 21 0 0 58 0 0 0 0 64 0 5 7 0 4 0 0 0 0 0 0 0 0 0 0 0 0 0 54 57 0 0 0 0 0 0 0 0 43 47 0 44 0 15 0 0 0 0 0 0 14 0 0 0 0 40 0 0 0 
0 0 0 0 0 0 37 0 0 10 0 0 0 0 0 0 0 0 18 0 19 0 0 0 0 48 0 0 49 0 0 47 0 6 9 0 4 0 0 0 0 62 0 59 0 0 0 0 31 0 0 0 0 0 0 30 57 0 0 50 0 0 0 0 
0 26 33 28 32 0 0 0 9 0 3 0 0 0 0 0 0 0 10 0 0 17 0 0 0 40 0 0 0 0 0 39 63 0 0 0 0 0 0 0 0 0 0 0 0 0 52 0 0 0 0 0 0 0 0 0 49 46 0 42 48 43 0 0 
9 0 0 7 0 0 8 0 0 0 0 0 0 0 51 49 56 0 0 0 0 0 0 0 16 19 0 17 0 14 0 0 42 41 0 0 0 0 0 0 0 33 0 0 0 32 0 0 0 0 0 61 0 0 0 0 0 25 23 0 0 0 26 24 
0 45 52 0 51 0 0 50 0 0 0 0 0 0 0 0 0 0 0 0 30 0 35 0 0 0 53 0 0 0 55 0 0 0 0 19 0 0 0 14 12 9 0 0 0 0 0 0 42 43 0 0 0 38 0 41 4 0 0 0 3 62 0 0 
0 37 0 0 43 0 0 42 20 0 0 18 0 15 0 0 0 0 0 0 0 0 0 0 48 51 0 0 0 0 47 50 0 0 0 11 0 0 0 0 0 0 0 0 0 64 0 3 0 0 0 29 0 0 32 0 0 0 55 0 0 0 58 0 
0 0 36 31 0 30 0 34 12 5 0 0 8 0 0 0 16 0 0 0 0 0 0 0 0 0 0 0 0 38 0 0 0 0 0 3 0 0 0 0 60 57 53 0 0 0 0 59 0 0 23 0 0 0 24 25 0 0 47 0 0 46 0 0 
0 0 0 0 0 0 0 0 0 61 62 0 0 63 0 0 0 10 0 0 0 0 11 0 0 35 29 0 0 0 0 34 0 0 0 0 0 0 0 0 52 0 0 0 0 48 0 0 0 19 0 0 0 14 0 0 44 41 39 0 0 0 0 0 
0 0 0 63 0 0 64 2 0 0 0 0 40 0 43 0 48 50 45 47 0 0 51 49 0 0 0 9 0 0 0 10 34 33 0 0 31 0 0 0 0 0 21 0 26 24 0 0 0 0 0 53 0 0 0 0 0 0 15 13 0 0 0 16 
17 13 0 0 0 14 0 18 0 0 0 0 56 55 0 57 0 2 61 63 62 0 0 0 0 27 0 0 0 22 0 26 50 0 0 0 0 0 0 46 0 41 37 0 0 0 39 0 0 0 0 5 0 0 0 0 0 0 0 0 0 0 0 0 
0 0 60 0 0 54 56 58 0 0 0 0 0 31 0 0 0 42 0 0 0 0 0 0 0 3 61 0 0 0 0 2 26 0 0 27 0 0 24 22 0 0 13 0 18 0 15 0 0 0 0 45 52 46 0 0 0 0 0 0 11 6 0 0 
