8
19 0 0 21 18 15 0 14 0 36 0 0 0 0 0 0 7 0 10 0 0 0 0 0 0 0 0 25 0 26 0 23 0 0 0 0 0 0 0 0 0 39 0 42 0 0 0 0 0 0 0 0 0 50 0 0 60 0 54 56 57 59 0 58 
0 0 0 0 0 39 44 0 0 0 0 0 0 0 0 54 31 0 0 0 32 30 0 33 0 0 0 0 52 0 0 0 0 0 0 0 0 0 0 0 0 0 0 0 0 4 0 0 6 13 8 0 0 0 0 0 0 0 0 16 0 0 0 0 
27 24 25 0 26 23 0 22 0 44 0 45 0 42 0 0 0 0 0 19 0 0 0 0 0 0 0 0 0 0 0 0 0 12 0 0 13 0 7 0 0 47 0 0 0 52 0 0 54 0 0 55 0 0 57 60 4 0 62 64 0 0 0 0 
0 48 49 53 0 0 0 0 0 0 3 0 0 0 0 62 39 0 0 43 0 38 45 41 0 0 0 0 0 0 0 55 0 0 0 0 0 30 31 33 11 0 0 0 0 12 0 6 0 21 0 0 0 0 17 0 28 0 22 0 25 27 0 26 
0 32 0 37 0 31 0 30 47 0 51 0 0 0 0 46 0 0 0 0 0 22 0 0 38 0 40 41 0 42 43 0 0 0 16 0 0 0 0 0 0 0 0 58 61 0 0 0 0 5 0 63 0 2 1 0 12 7 0 0 9 0 13 0 
0 0 0 61 58 0 0 54 0 12 0 13 0 0 0 0 0 0 50 0 0 0 0 0 0 0 64 1 0 0 0 63 0 0 40 0 0 0 39 0 0 15 0 0 0 0 0 0 0 0 24 23 0 0 25 28 36 0 30 32 0 0 0 34 
3 0 1 5 2 0 0 62 15 0 0 0 17 0 16 0 0 60 0 0 0 54 0 0 6 0 0 0 12 0 0 7 0 0 0 0 0 0 0 0 0 0 0 26 0 28 25 22 0 0 0 0 0 0 0 36 44 0 0 0 0 0 0 0 
0 0 0 0 0 7 0 6 23 28 0 29 0 0 24 0 63 0 2 3 64 0 0 0 14 0 0 0 0 0 0 15 58 0 0 59 0 0 0 57 0 31 0 0 37 36 0 0 38 0 0 39 43 42 41 44 0 47 46 48 0 0 0 50 
55 0 0 0 0 51 0 50 3 0 0 0 0 0 4 2 0 0 0 0 0 42 0 0 58 1 0 61 0 62 0 0 0 0 36 39 0 0 0 0 15 0 0 0 17 0 0 10 0 0 20 0 0 22 0 0 0 27 26 28 0 0 0 0 
0 0 0 0 0 43 0 0 59 0 0 0 0 0 0 0 0 40 0 39 0 34 41 0 0 0 0 53 0 0 0 0 0 0 0 0 33 0 0 29 0 0 4 0 9 8 0 2 0 0 0 11 0 14 0 0 0 19 0 0 0 23 0 0 
15 0 13 0 0 0 0 0 0 0 31 0 29 0 0 0 0 0 6 0 0 0 9 5 0 0 0 21 0 0 0 0 0 64 60 0 0 0 0 0 39 0 0 0 0 0 0 0 42 0 0 0 47 46 0 48 56 0 0 0 0 0 0 54 
0 36 0 41 0 0 0 34 0 0 55 0 0 54 0 50 0 32 30 0 0 0 33 0 0 0 0 0 0 46 0 0 0 0 0 23 0 18 0 0 0 59 60 0 0 0 0 0 0 0 0 0 0 0 0 0 16 0 0 12 0 0 0 0 
0 60 61 0 0 0 0 0 0 0 0 17 13 0 12 0 51 0 0 0 0 0 57 53 2 0 4 0 0 6 7 0 0 0 0 0 0 42 0 0 0 19 0 0 0 24 0 18 0 0 0 27 31 0 0 0 0 0 0 0 37 39 0 0 
0 0 0 33 0 27 32 26 43 0 0 0 0 46 44 0 19 0 22 0 0 0 0 0 34 0 36 37 0 38 0 0 0 16 0 0 17 0 11 0 0 0 0 0 0 0 53 0 58 0 60 59 0 0 0 0 0 3 0 4 0 0 9 6 
0 0 0 9 0 0 8 0 0 0 23 0 0 0 0 0 59 0 62 0 0 0 0 0 0 0 0 13 0 0 0 11 0 0 52 0 57 50 0 0 31 0 0 0 0 0 29 26 0 0 0 0 0 0 37 0 48 0 42 0 45 47 49 0 
0 0 21 0 22 19 0 18 0 0 0 0 37 38 0 0 0 0 14 0 0 0 0 13 0 33 0 0 32 0 0 0 0 8 4 0 9 2 3 0 0 0 0 0 0 0 0 42 50 0 52 51 0 0 0 0 0 0 0 0 0 0 0 62 
0 0 30 34 31 0 0 0 0 0 0 50 0 0 45 0 0 0 0 0 21 0 0 0 0 0 37 38 0 0 0 36 0 0 0 0 0 11 0 0 0 0 0 55 0 0 54 0 0 0 0 60 0 0 62 0 0 0 0 0 0 0 0 7 
0 0 54 0 0 0 57 0 4 9 0 0 6 7 0 0 0 0 0 0 0 43 50 46 0 0 61 0 0 0 0 60 39 41 0 0 42 0 0 0 0 12 0 0 18 17 0 11 19 0 0 20 0 0 0 0 0 28 0 29 0 0 34 0 
0 0 22 26 0 20 0 19 36 0 0 0 38 39 0 35 0 0 0 0 0 0 0 0 0 0 0 0 0 0 0 0 0 0 5 0 0 0 4 0 0 0 0 0 0 49 0 0 51 58 0 0 0 0 0 57 0 0 59 0 0 64 0 63 
16 0 14 0 0 12 0 0 28 0 0 0 0 0 29 0 0 9 0 0 0 3 0 0 0 0 21 22 0 0 0 0 63 1 61 0 0 0 0 62 0 0 37 0 42 0 0 0 43 50 0 0 0 47 0 0 0 52 0 0 54 56 0 55 
0 45 0 50 0 44 0 43 0 0 64 2 0 0 61 59 0 41 0 0 37 0 42 0 0 58 53 0 57 0 0 0 31 33 29 0 0 0 0 30 0 0 5 7 0 0 0 0 0 0 0 0 16 0 0 0 0 0 0 21 0 24 0 0 
0 0 62 0 0 0 0 0 12 17 0 0 0 0 13 11 0 57 0 0 53 0 0 0 0 10 0 6 9 0 0 0 47 0 0 0 0 0 44 0 0 20 0 0 0 0 0 19 0 34 29 0 0 0 0 0 41 0 0 0 0 0 0 39 
0 0 0 0 39 36 0 0 0 57 0 0 54 0 0 0 28 33 0 0 0 0 34 0 0 0 45 0 49 0 0 0 0 25 21 24 0 0 0 0 0 0 0 63 0 1 62 0 0 0 0 0 0 7 0 0 0 0 0 0 14 0 0 0 
8 5 0 0 0 0 0 0 0 0 0 0 0 0 0 0 0 0 0 64 0 0 0 0 0 0 0 14 0 0 16 0 0 0 0 56 58 51 52 0 0 28 0 0 0 0 0 0 0 0 37 0 0 0 38 0 49 0 43 0 0 0 50 0 
1 0 63 3 0 0 2 0 0 18 0 0 0 0 0 0 0 58 0 0 54 0 0 0 0 0 0 0 0 8 0 0 48 0 0 0 0 0 45 0 0 21 22 0 0 0 0 0 0 35 30 29 0 32 0 0 42 0 36 38 0 0 0 0 
0 0 0 19 16 0 0 12 29 34 0 0 31 0 30 0 0 0 0 0 6 0 0 0 0 27 22 0 0 0 25 0 0 0 0 1 0 60 0 0 0 0 0 40 0 0 0 36 44 51 0 0 0 48 47 0 0 0 0 0 0 0 0 0 
0 0 0 27 0 0 26 20 0 0 0 0 39 0 0 0 0 0 0 0 0 12 0 0 0 0 0 0 34 0 0 29 0 0 6 0 0 0 0 0 49 0 0 48 0 0 0 0 0 0 0 53 57 0 0 0 2 61 0 62 0 0 0 0 
0 0 0 0 0 0 10 4 21 26 0 0 23 24 0 0 0 0 0 0 62 0 3 0 0 0 0 0 18 0 17 0 0 0 0 0 59 0 0 55 33 29 0 0 0 34 0 0 0 0 0 37 41 40 0 0 0 0 0 0 0 0 0 0 
0 30 31 0 32 29 0 0 45 0 0 0 47 0 0 0 0 0 24 25 0 20 0 0 0 0 0 0 0 0 0 0 0 0 0 17 0 0 0 15 0 0 54 0 59 0 0 0 60 0 0 0 0 64 0 2 0 0 0 0 0 9 0 0 
0 0 0 0 0 45 50 44 0 0 1 0 0 0 0 0 0 0 0 0 38 0 43 0 0 0 0 0 0 0 0 53 0 34 30 33 35 0 0 0 0 0 0 0 0 10 7 0 12 0 0 0 17 0 15 0 0 21 20 0 23 0 0 0 
0 0 0 0 0 37 0 36 0 58 0 59 0 56 0 0 0 0 0 0 30 0 35 31 44 0 46 47 0 0 0 0 24 26 0 0 27 0 0 23 0 61 0 64 0 0 63 0 0 0 6 0 9 0 7 10 0 0 0 14 0 0 0 0 
57 54 0 0 0 53 0 0 0 10 0 11 0 8 6 0 0 0 0 49 46 0 0 0 60 0 0 0 2 0 0 61 0 0 0 0 0 36 0 39 0 13 0 16 0 0 0 0 0 0 0 0 25 24 0 0 0 0 0 0 0 33 35 0 
0 1 0 0 3 0 5 0 0 0 20 0 0 19 0 0 0 0 0 0 0 0 62 0 0 0 0 10 0 11 12 0 51 53 0 52 0 0 0 0 0 24 25 0 30 0 0 23 0 0 0 0 0 0 0 0 0 40 0 41 0 44 46 0 
0 0 0 46 43 40 0 0 0 0 60 0 58 59 57 0 0 0 35 36 33 0 0 0 47 54 49 50 0 0 0 0 0 0 25 0 0 0 0 0 4 64 0 0 0 5 0 0 7 0 0 0 0 11 0 13 0 0 15 0 0 0 0 0 
0 0 0 0 0 0 53 47 0 5 0 0 0 0 0 0 0 0 43 0 0 0 46 42 0 0 0 0 0 0 0 0 0 0 33 0 0 0 32 0 0 0 0 0 14 0 10 0 0 0 17 16 0 19 0 0 0 0 0 25 0 0 0 0 
0 0 10 0 11 0 0 0 0 0 0 0 0 27 0 0 0 0 3 4 1 63 0 0 15 22 0 0 21 0 0 0 0 0 57 0 0 0 0 58 0 0 33 35 38 37 0 0 39 0 41 40 0 43 0 0 0 48 0 49 0 52 0 0 
0 0 34 0 0 0 0 31 0 0 52 0 50 0 0 47 0 29 0 28 0 0 0 26 0 46 0 42 0 0 0 40 0 0 0 0 0 0 0 18 0 0 0 0 0 61 58 0 0 6 0 64 0 3 0 0 0 0 0 0 10 0 0 0 
20 17 0 0 19 0 0 0 0 0 0 38 34 35 0 0 0 13 11 12 9 0 0 0 23 0 0 0 29 0 0 0 0 5 0 0 6 0 64 2 0 0 0 43 0 0 0 39 47 0 0 0 0 51 0 0 0 0 0 57 0 0 0 0 
0 0 0 0 27 0 29 0 0 0 44 46 42 43 0 0 0 0 0 0 17 15 22 0 0 0 0 0 0 35 36 0 0 0 0 12 0 0 8 10 0 48 0 0 0 53 0 47 0 0 0 0 60 0 0 0 0 0 0 1 2 4 0 0 
60 57 0 62 59 56 0 0 0 13 0 0 0 0 9 0 48 0 0 52 0 0 0 0 0 0 0 0 0 0 4 0 0 0 0 44 46 0 0 0 0 0 0 19 0 21 0 15 0 0 25 0 0 27 26 0 0 32 0 33 0 0 0 35 
0 0 44 48 45 0 0 41 58 0 0 0 0 0 0 57 34 0 0 38 0 0 0 0 0 56 0 0 0 53 0 50 0 0 27 30 0 25 0 28 0 0 0 5 8 0 0 0 9 0 0 0 14 0 0 0 23 0 17 0 0 22 0 0 
0 0 0 0 0 0 7 1 0 0 0 24 0 21 0 0 0 63 61 62 0 0 64 0 0 0 0 0 0 0 0 0 0 55 0 0 0 0 0 52 0 0 0 0 32 0 0 0 0 0 0 0 38 0 0 0 0 0 0 43 0 0 0 45 
0 35 0 0 0 0 0 0 0 0 54 0 52 0 0 49 26 0 0 30 0 25 0 0 0 0 0 0 0 0 0 0 0 23 19 0 24 0 18 0 0 0 0 0 64 0 0 0 1 0 0 2 6 0 0 0 0 10 0 0 0 0 16 0 
0 0 60 0 0 58 63 57 10 0 0 0 0 0 11 0 0 0 53 54 0 0 0 0 0 0 0 0 0 0 0 0 0 0 43 0 48 41 42 44 0 0 19 21 24 23 20 0 0 0 0 0 0 29 0 0 0 0 0 0 0 0 40 0 
0 0 20 24 0 0 23 0 0 0 0 0 36 0 0 33 0 0 13 0 11 9 16 0 25 0 0 0 0 29 0 0 0 7 0 0 0 0 0 0 0 42 0 0 0 47 0 0 49 56 0 50 0 53 52 55 63 0 0 59 60 62 0 0 
54 51 0 0 0 0 0 0 0 0 0 8 0 5 0 0 0 47 0 0 0 0 0 0 0 0 0 0 0 0 0 58 0 39 0 0 40 0 0 0 0 10 11 0 0 0 12 0 17 0 0 0 22 21 0 0 0 0 0 0 0 0 0 29 
14 0 12 0 0 0 0 0 26 31 0 0 28 0 0 25 0 7 0 0 3 0 0 0 0 0 0 0 0 0 22 18 61 0 0 0 0 0 58 0 0 0 0 0 0 39 36 0 0 48 0 42 0 0 0 47 55 0 0 0 0 54 0 0 
0 0 28 0 29 0 0 25 42 0 0 48 44 0 0 0 0 23 0 0 0 0 24 20 0 0 0 36 39 37 0 0 0 15 0 0 0 9 0 0 54 0 0 0 0 55 52 0 0 0 0 0 0 61 0 0 0 0 0 0 4 0 0 0 
0 39 0 44 0 0 0 37 0 59 0 0 56 0 0 0 0 35 0 0 0 0 36 32 45 0 0 0 0 0 50 46 25 27 0 26 0 0 22 0 0 62 63 0 0 0 64 61 5 0 0 0 0 0 0 0 19 0 13 0 0 0 20 0 
0 0 64 0 0 0 3 0 0 0 0 0 0 0 15 13 0 0 0 58 0 53 60 0 0 0 0 0 0 9 10 0 0 51 0 0 52 0 0 0 0 22 0 0 28 0 0 0 0 0 0 0 34 0 0 35 0 0 0 0 40 0 44 0 
50 0 48 0 49 0 0 0 62 0 0 4 0 0 0 0 38 0 0 42 0 37 44 0 0 0 0 56 0 57 58 54 0 0 31 0 0 29 30 32 10 0 7 9 0 0 0 0 13 0 0 0 0 17 0 0 0 0 0 0 24 0 0 25 
0 0 16 0 0 0 19 13 0 0 0 36 32 0 0 29 0 0 0 0 0 0 0 8 0 0 0 0 0 0 0 22 0 0 0 2 4 61 0 0 42 0 39 0 0 0 0 0 0 52 0 0 50 0 48 0 0 54 0 0 0 58 0 0 
0 0 0 12 0 0 0 0 0 27 0 0 0 25 23 0 0 0 0 0 0 0 4 0 13 20 0 0 0 0 0 0 0 0 55 0 0 0 0 0 0 30 0 0 0 0 32 0 0 0 39 0 0 0 0 0 0 46 0 0 48 0 0 0 
26 0 24 28 0 0 0 21 38 43 0 44 40 0 39 0 14 19 0 0 15 0 0 0 29 0 31 0 0 0 0 30 0 0 0 10 0 0 0 0 50 46 0 49 0 0 0 45 0 60 0 0 0 57 0 0 3 0 0 0 0 0 0 1 
58 0 56 60 57 0 0 0 0 11 0 0 8 0 0 0 0 0 0 0 0 45 0 48 0 4 0 64 0 1 0 0 41 0 0 0 0 0 0 40 0 0 15 0 0 0 0 0 0 0 0 0 26 25 24 27 35 0 0 0 0 0 0 0 
0 0 32 0 0 0 0 0 0 0 0 52 0 49 0 0 0 0 0 0 23 21 0 24 0 0 0 0 0 0 0 38 17 19 0 0 0 0 0 0 0 0 55 57 60 0 0 0 0 0 0 62 2 1 0 0 0 6 0 0 0 10 0 9 
13 0 0 15 0 0 0 0 0 30 0 0 0 0 26 0 1 6 0 5 0 64 7 3 0 0 0 0 0 0 0 0 0 0 58 0 0 56 57 0 37 0 0 0 0 38 35 0 40 47 0 41 0 0 0 0 0 0 0 0 0 0 0 52 
0 58 59 0 0 0 62 0 0 0 0 15 0 0 10 0 0 0 0 0 0 0 0 0 0 0 0 0 6 0 5 0 0 0 42 0 0 0 41 0 0 0 18 0 0 0 0 0 24 0 0 25 0 0 27 30 0 0 0 0 0 0 0 0 
0 0 43 0 0 41 0 0 0 0 0 63 0 0 58 0 0 0 0 0 0 0 39 0 0 0 0 0 0 52 0 49 28 30 26 29 31 0 0 0 0 1 0 0 0 0 0 64 0 0 0 0 0 0 11 0 22 17 0 0 0 0 0 20 
5 0 3 0 4 0 0 0 17 0 21 23 0 20 0 0 0 0 60 0 58 0 0 0 0 15 10 0 0 0 13 9 52 0 50 53 0 0 0 0 29 0 26 0 31 0 0 0 32 39 0 33 0 0 0 0 0 0 0 0 43 0 0 0 
0 0 19 0 0 0 0 16 33 0 0 39 0 0 34 0 0 14 0 0 0 0 0 0 0 0 26 0 0 0 0 0 4 0 0 0 0 0 1 3 45 0 42 44 47 0 43 0 0 0 0 0 0 52 0 0 0 0 0 0 59 61 0 60 
0 34 0 39 0 33 0 0 0 54 0 55 0 0 0 0 0 30 0 29 0 0 0 0 40 0 0 0 46 0 0 41 0 0 0 0 0 0 0 0 0 0 0 60 0 0 0 0 0 0 2 0 0 0 0 0 0 9 0 10 0 0 0 0 
0 26 0 31 0 0 0 0 0 46 45 0 0 0 0 0 0 0 0 0 18 16 0 0 0 39 0 0 0 0 37 0 12 0 0 0 15 0 9 0 0 0 0 0 0 0 0 0 0 0 58 0 61 60 0 62 0 0 0 0 0 0 7 0 
0 0 0 0 0 0 0 0 0 0 0 7 0 4 2 64 0 0 44 45 0 0 0 0 56 0 58 0 62 0 0 0 0 38 0 0 39 32 33 0 0 9 0 0 0 14 0 0 0 0 18 0 0 0 19 22 30 0 0 0 27 0 0 28 
