8
0 0 0 53 48 54 0 0 39 0 0 0 34 0 0 0 0 0 7 64 4 0 5 0 0 0 16 22 0 23 17 0 0 0 0 0 0 42 0 0 0 0 60 0 0 0 0 0 13 12 0 0 0 9 0 0 0 0 0 29 0 0 0 0 
0 0 1 5 0 0 0 0 0 0 48 0 0 0 0 0 18 0 23 16 0 0 0 0 0 0 0 0 0 0 0 35 0 0 63 56 0 0 0 0 0 0 12 0 0 0 0 0 0 0 26 0 0 25 0 0 0 40 0 0 0 0 0 0 
0 0 57 61 0 62 58 0 0 45 0 0 0 44 0 0 0 0 0 0 0 0 0 0 0 29 0 0 0 0 0 0 49 51 55 48 0 50 0 0 0 0 0 64 0 3 0 0 0 0 18 0 0 0 22 0 0 0 0 0 0 0 0 0 
20 0 0 0 16 0 0 0 0 0 64 0 0 4 0 0 0 0 0 32 36 38 37 0 52 0 0 54 0 0 49 0 0 0 0 8 0 10 13 0 0 0 0 0 0 0 0 0 45 0 42 0 0 0 46 43 0 0 0 0 0 0 0 0 
0 0 0 0 0 0 0 0 0 0 0 14 0 0 0 0 0 0 0 0 0 0 0 0 60 61 0 62 58 0 57 0 0 0 23 16 0 0 0 0 0 0 0 32 34 35 0 0 53 0 0 0 55 0 0 0 2 64 0 0 0 0 4 0 
36 0 0 0 32 0 34 39 23 21 16 0 0 0 19 0 50 51 0 48 0 0 0 49 0 0 64 6 0 7 0 0 0 0 31 0 30 0 0 0 0 41 44 40 0 43 0 0 0 0 0 56 63 0 62 0 0 8 0 0 0 9 12 0 
0 43 41 0 0 0 42 47 0 0 0 0 0 0 0 0 0 0 0 56 0 0 61 0 0 13 8 14 0 0 0 11 0 0 0 0 38 0 0 0 54 49 0 0 50 51 0 55 0 0 2 0 0 0 0 0 0 0 0 0 19 0 0 0 
0 0 0 0 0 0 10 0 63 0 0 0 0 0 59 57 0 0 0 0 0 30 0 0 0 0 0 0 0 0 0 0 1 0 7 0 0 2 5 0 22 17 0 0 0 0 0 23 0 0 34 0 0 0 0 35 50 0 0 0 0 0 0 55 
8 0 5 9 0 0 6 11 0 0 0 58 0 56 55 0 0 23 0 0 24 0 0 0 0 0 0 42 0 43 0 0 61 63 0 0 2 0 0 0 0 0 16 0 14 15 0 0 33 0 0 0 0 29 0 0 0 0 50 49 0 0 48 51 
0 15 0 0 0 0 14 0 0 0 0 0 62 0 0 61 0 0 0 0 0 0 33 0 0 49 44 0 0 0 0 0 0 0 0 0 10 0 9 0 26 21 0 0 0 0 0 27 41 0 0 0 0 37 0 0 54 0 0 0 0 0 56 0 
56 0 0 57 0 0 0 59 0 0 36 0 0 0 0 0 6 0 0 4 8 10 9 5 0 0 20 0 22 27 0 0 45 0 0 0 0 46 0 0 2 61 0 0 0 0 0 0 17 0 14 0 0 0 0 0 0 0 0 33 0 0 32 0 
0 0 37 41 36 0 0 0 0 0 20 0 22 24 0 0 54 55 0 0 56 58 0 0 0 0 0 0 0 11 5 0 29 0 0 28 34 0 0 0 0 0 0 0 46 0 0 0 0 64 0 0 0 0 2 0 0 12 0 0 0 13 16 0 
0 47 45 49 44 50 46 0 0 33 0 0 0 0 0 0 0 0 3 60 0 0 0 61 0 0 12 0 14 0 13 15 0 0 43 0 0 0 0 0 0 53 0 0 54 0 57 59 0 8 6 0 0 0 0 0 0 0 0 25 0 21 24 0 
0 0 0 0 0 0 0 0 0 0 0 0 0 0 0 0 0 0 51 0 0 0 0 0 0 0 0 2 0 3 0 63 21 0 0 0 26 0 25 0 0 0 0 0 0 0 41 43 0 56 54 52 59 0 0 0 0 0 0 0 0 0 0 0 
64 63 0 0 0 2 0 0 0 0 44 50 0 0 0 0 0 0 19 12 0 18 17 13 32 0 0 34 0 35 0 0 0 0 0 0 0 54 57 0 10 0 0 0 6 7 0 0 0 0 0 0 27 0 0 0 0 0 42 0 0 0 0 43 
0 23 21 0 0 0 0 0 0 9 0 0 0 8 0 0 0 0 0 0 0 0 41 37 0 0 0 0 0 0 0 0 0 0 19 0 0 0 0 16 0 0 32 0 30 0 0 35 0 0 0 0 0 0 50 0 0 60 2 0 0 0 0 0 
51 0 0 0 0 0 49 54 0 0 0 37 0 0 0 32 0 0 0 0 0 0 0 0 0 0 0 0 0 0 0 0 0 0 0 0 0 0 44 0 0 0 59 0 0 58 0 0 12 11 0 7 14 0 13 0 25 0 0 0 26 0 0 0 
0 0 0 4 0 0 1 0 54 52 0 0 0 51 0 0 0 0 22 0 19 0 0 16 35 0 0 37 33 0 32 0 0 0 0 0 61 0 0 59 0 0 0 0 0 10 12 0 28 0 0 0 0 24 0 0 41 0 0 44 0 0 0 0 
0 0 56 0 0 0 0 0 0 44 0 0 0 43 42 0 9 0 0 0 0 0 12 8 0 0 23 0 0 30 0 0 0 0 54 0 0 0 52 0 5 0 0 0 0 0 4 0 0 19 0 0 0 16 21 0 33 0 0 0 34 32 0 0 
0 10 0 12 0 0 0 0 0 0 0 0 0 0 58 0 0 26 0 0 27 0 0 0 0 0 39 0 0 46 0 42 0 2 0 0 0 0 4 3 0 0 19 0 0 0 0 0 36 0 0 31 0 0 0 0 0 0 53 52 50 0 0 0 
0 0 40 0 0 45 0 46 30 0 23 0 0 27 0 0 0 0 0 0 0 61 60 0 0 0 0 0 0 0 0 0 0 0 0 0 0 0 36 0 0 0 0 47 0 50 0 0 4 0 0 0 0 64 5 0 17 0 21 20 0 0 0 0 
35 0 32 0 0 0 0 0 22 0 15 0 0 19 18 0 0 0 54 0 51 53 0 0 0 0 63 0 1 0 0 2 0 0 0 23 0 0 0 0 0 0 43 0 41 42 0 0 60 59 0 0 62 0 0 0 0 0 0 0 0 0 0 0 
0 18 16 0 15 21 17 0 6 4 63 0 0 0 2 0 33 0 0 0 0 0 0 0 0 0 0 53 0 0 48 0 8 0 0 7 0 9 0 0 29 0 27 0 25 0 0 0 0 0 0 39 46 0 0 0 0 0 0 0 0 0 59 62 
0 26 0 28 0 0 0 0 0 0 7 0 9 0 0 0 0 0 46 39 0 0 0 0 0 0 0 0 57 62 0 0 16 0 22 0 21 0 0 0 0 32 0 0 33 34 0 38 0 51 0 0 0 0 0 50 1 0 0 0 0 0 0 0 
0 0 50 0 0 0 0 0 40 0 33 39 0 0 0 0 0 4 0 1 5 7 6 0 21 0 0 23 0 24 0 20 42 44 48 0 47 0 46 0 0 0 61 0 0 60 0 64 0 13 0 0 0 10 15 12 0 0 0 0 0 0 0 0 
0 0 0 30 25 0 27 0 16 14 9 0 0 13 12 0 0 0 0 41 0 0 0 0 0 62 0 63 59 0 58 0 18 20 0 0 23 0 22 0 0 0 0 0 0 0 0 0 54 0 0 0 56 50 0 0 0 0 7 0 0 2 0 8 
37 0 0 0 0 0 35 0 0 0 0 0 19 21 0 0 51 52 0 49 0 55 0 0 0 0 0 7 0 0 0 0 26 28 0 0 0 0 30 29 0 0 0 0 0 0 0 0 0 0 59 0 0 58 0 0 11 9 0 0 12 0 0 0 
0 20 0 0 0 0 0 0 0 0 0 7 0 0 4 0 35 36 40 33 0 0 38 34 0 54 49 0 0 0 0 0 10 0 0 9 15 0 0 13 31 0 0 0 0 0 30 0 0 45 43 0 0 0 0 0 0 0 0 62 60 0 0 0 
0 0 42 0 0 0 0 0 0 30 25 0 0 0 0 0 0 0 0 0 61 0 0 0 0 14 0 0 11 16 10 0 0 0 0 33 0 0 0 37 0 50 53 0 0 0 0 56 0 0 3 0 0 2 7 4 19 17 0 0 20 0 0 0 
61 0 0 0 0 63 0 0 0 0 0 0 0 0 0 0 11 0 0 0 0 0 14 10 0 0 0 0 0 0 0 0 0 0 56 49 55 0 0 53 0 0 5 0 0 0 6 8 0 21 19 0 24 0 0 20 0 0 0 0 0 0 37 40 
0 4 0 0 0 7 3 0 56 0 0 0 0 0 0 0 19 20 0 0 0 23 22 18 0 38 0 0 35 0 0 0 0 0 64 57 0 59 0 61 15 0 0 0 0 0 0 0 0 0 0 25 0 0 31 0 0 0 0 0 0 0 0 0 
13 12 0 0 9 0 0 0 0 62 57 0 59 0 0 0 0 0 0 0 29 31 0 0 0 0 0 0 0 0 42 0 2 0 0 0 0 0 0 5 0 0 21 0 19 20 22 0 0 37 0 0 0 0 0 0 0 49 0 0 0 0 0 0 
0 29 27 0 0 32 0 33 0 0 10 0 12 14 0 0 0 0 49 0 0 0 47 0 0 0 58 0 0 0 0 0 0 0 0 0 0 0 23 0 0 0 0 0 36 0 39 41 55 54 0 0 0 51 56 0 4 0 0 0 0 3 0 0 
0 0 35 0 34 0 0 0 0 0 0 24 0 0 0 0 52 0 0 0 0 56 0 0 6 0 0 0 0 0 0 0 27 0 0 26 0 0 0 0 0 43 46 0 44 0 0 49 0 0 60 0 0 59 64 0 0 10 0 15 0 11 0 0 
0 0 3 0 2 0 4 9 0 55 0 56 0 54 0 0 20 0 0 0 0 0 0 0 0 0 0 0 0 41 0 0 0 0 1 0 0 60 0 0 0 11 0 10 12 0 15 0 0 30 28 0 0 0 0 29 0 42 0 0 45 0 0 49 
14 13 0 15 10 16 12 17 1 0 0 0 60 0 61 59 0 29 0 0 0 32 0 0 0 47 0 0 0 0 0 0 3 0 9 0 0 0 7 0 24 19 0 18 20 21 0 25 0 0 0 0 41 0 0 0 52 0 0 0 0 0 54 0 
0 0 0 0 50 0 52 0 0 39 0 0 0 0 0 0 0 5 0 0 6 0 0 0 0 0 0 0 0 0 0 0 0 0 49 0 0 44 47 0 64 0 0 0 0 61 0 1 15 14 12 0 0 0 0 13 28 0 32 0 0 0 0 0 
0 45 0 47 42 0 0 0 33 0 0 0 28 30 29 0 0 61 0 0 0 0 0 0 14 15 10 16 12 0 11 0 0 0 0 34 0 0 0 0 0 0 0 0 52 0 55 0 0 0 0 0 0 3 8 0 0 18 0 23 21 0 0 25 
0 0 0 0 0 0 0 0 49 0 0 48 0 0 0 0 0 0 0 0 14 16 0 0 0 0 26 0 0 0 0 0 0 0 0 0 56 0 0 0 0 0 6 0 0 0 0 9 0 0 0 18 0 0 24 0 36 0 0 0 37 0 0 0 
0 0 0 23 0 0 20 0 0 0 0 0 0 6 5 3 0 0 0 34 0 40 0 0 0 0 50 0 0 0 0 0 0 0 17 0 0 12 0 14 0 0 30 0 0 0 0 0 0 0 0 0 0 43 0 45 0 0 0 0 61 0 0 1 
0 0 0 0 0 51 47 0 0 34 0 0 0 0 0 30 63 64 0 0 0 0 0 62 0 0 0 0 0 20 0 16 38 0 44 0 43 0 0 41 0 0 0 0 0 56 0 0 0 0 7 0 0 6 11 0 0 21 0 0 0 22 0 0 
0 56 54 0 0 0 55 0 0 0 37 43 39 41 0 0 0 8 0 5 0 0 0 0 0 0 21 0 0 0 22 0 0 0 0 0 51 47 0 0 0 62 0 0 63 0 0 0 0 0 15 13 0 0 19 0 0 0 0 0 0 30 0 36 
9 0 0 0 0 11 0 12 60 58 0 0 55 0 0 54 0 0 0 0 0 0 0 22 0 0 0 0 39 44 38 0 0 0 4 61 0 0 0 1 0 14 17 0 0 0 0 0 34 0 0 0 0 0 0 32 0 0 51 0 0 0 0 0 
0 64 0 2 0 0 0 0 0 50 0 51 0 0 0 0 0 0 0 0 0 19 0 0 0 34 0 0 0 0 30 32 0 0 0 0 0 55 0 0 0 0 0 0 0 0 0 0 0 0 0 21 0 0 0 24 39 37 0 0 40 0 0 44 
0 0 0 34 29 0 0 0 0 0 0 0 0 0 0 14 0 0 0 45 0 0 0 0 0 0 61 0 0 4 0 64 0 0 0 21 27 0 26 0 43 0 0 37 0 0 0 0 0 57 0 53 0 0 59 56 0 5 0 0 0 0 0 12 
25 0 0 0 21 27 23 0 0 0 5 11 0 0 0 0 0 0 44 37 0 43 0 0 0 58 0 0 55 0 0 0 0 0 20 0 0 0 0 0 0 0 0 29 0 0 0 36 0 0 0 0 0 0 0 48 63 61 0 2 64 0 0 0 
0 0 0 0 13 19 0 0 0 0 61 3 0 1 64 0 0 32 36 29 0 35 0 0 0 50 0 51 0 0 0 0 0 0 12 0 0 0 10 0 27 0 25 21 23 0 26 0 0 0 0 37 44 0 0 0 0 0 59 0 56 0 57 60 
0 0 0 42 0 0 0 0 0 0 21 0 23 0 0 22 0 0 0 53 57 0 0 0 0 0 5 0 0 0 6 8 30 32 0 0 35 0 0 0 0 0 0 45 0 0 50 52 2 1 63 0 0 62 0 0 0 0 19 18 0 0 0 20 
0 0 0 35 30 0 0 0 21 0 0 20 0 18 0 0 48 0 0 0 0 0 51 0 0 0 0 0 64 0 63 0 0 0 0 0 0 0 0 26 0 0 42 0 0 0 43 45 0 0 56 0 0 55 0 57 0 6 0 11 9 7 10 0 
0 9 0 0 0 12 8 13 0 59 0 0 0 58 0 0 24 25 29 22 0 28 0 23 0 0 0 0 40 0 0 41 0 1 5 0 4 0 0 0 0 0 18 0 16 0 0 21 0 0 32 0 0 0 0 0 48 0 52 0 0 0 0 53 
26 25 0 0 0 0 0 0 0 11 0 0 8 10 9 0 40 0 0 0 0 0 43 0 0 0 0 0 0 0 0 0 0 0 0 14 20 0 0 0 36 0 0 0 0 33 35 0 0 0 0 46 0 47 52 0 0 62 4 0 0 0 0 0 
2 1 0 3 0 0 64 0 53 0 0 52 48 50 0 0 16 17 0 0 18 0 0 0 34 0 0 0 0 37 0 0 0 0 0 0 0 0 59 0 0 0 0 6 0 9 0 13 27 26 0 0 0 23 0 25 40 0 44 0 0 0 0 0 
0 57 55 0 0 0 56 61 45 43 0 44 0 0 41 0 0 0 0 6 0 0 0 7 26 0 22 0 0 0 23 25 0 0 53 0 0 0 0 0 0 63 0 0 64 0 0 0 0 0 0 0 21 0 0 0 0 0 0 35 33 0 34 0 
0 0 0 0 0 0 40 0 0 0 22 0 24 0 0 0 0 0 61 54 58 0 59 0 0 11 6 0 0 0 0 9 0 33 0 30 0 32 0 0 52 0 0 46 48 0 0 0 3 0 64 62 0 63 4 0 0 0 0 0 0 0 0 0 
0 0 15 19 0 0 0 0 5 3 0 0 0 0 0 0 0 0 0 0 34 0 0 0 0 0 0 0 0 0 0 0 0 9 0 0 0 0 11 10 28 0 0 22 0 0 0 29 43 42 0 0 0 39 0 41 56 0 0 59 57 0 58 61 
0 0 0 0 0 0 0 0 0 35 30 36 0 34 0 0 0 0 0 62 0 0 0 0 0 0 14 0 0 21 15 0 39 0 0 38 44 0 0 0 0 0 0 0 56 57 0 0 0 10 0 0 0 0 0 9 0 0 0 0 25 0 0 0 
0 0 0 0 0 0 0 0 0 40 0 41 37 0 0 0 0 6 10 0 0 0 0 0 0 24 0 25 21 0 0 0 44 0 0 0 0 0 0 47 0 60 0 59 0 0 0 0 0 0 0 0 18 0 17 14 0 0 33 0 30 0 0 0 
0 30 0 0 0 0 29 0 18 0 11 0 0 0 0 0 0 46 0 0 47 0 0 0 0 64 59 0 0 0 0 0 0 0 0 0 25 0 0 0 0 0 0 0 0 38 0 0 0 55 0 0 58 0 0 54 0 0 9 8 0 0 7 10 
39 38 0 40 0 41 0 0 0 24 0 25 0 0 0 0 0 0 58 0 0 0 0 0 7 0 0 0 0 0 4 0 28 30 0 0 0 0 0 31 0 0 0 43 0 0 0 0 0 63 61 0 0 0 0 0 0 0 17 16 0 0 0 0 
0 62 60 0 0 0 0 0 0 0 0 0 45 0 0 0 0 0 0 11 0 17 16 12 0 0 27 33 0 0 0 0 52 0 0 0 57 0 0 0 9 0 0 0 0 0 0 0 0 0 0 0 0 20 0 22 0 35 0 40 0 0 0 0 
0 0 0 0 0 9 5 0 0 56 0 57 53 55 54 52 21 22 0 19 0 25 0 0 0 0 35 0 37 0 0 0 0 62 2 0 0 61 0 0 0 0 15 0 0 14 16 0 0 0 0 0 0 0 0 0 45 0 49 0 46 0 0 50 
0 46 0 0 0 49 0 50 0 0 0 33 0 0 30 28 0 0 0 59 63 1 0 0 0 0 11 0 13 0 0 0 36 38 42 0 41 37 0 0 0 0 0 51 0 0 56 0 0 0 5 0 0 0 9 0 0 0 0 0 0 0 0 0 
0 0 0 0 0 0 0 18 2 0 0 1 0 63 0 0 0 0 0 0 0 33 32 0 0 48 43 0 0 50 44 0 0 0 10 3 0 0 8 7 0 20 0 0 0 22 0 26 40 0 0 0 42 36 0 38 0 0 57 0 54 52 0 58 
0 22 0 0 0 0 0 26 0 0 0 9 0 0 6 0 0 0 42 0 0 0 0 0 0 0 0 0 0 58 0 0 12 0 0 0 0 13 0 15 0 0 0 0 0 30 32 0 0 0 45 0 0 0 0 46 0 0 1 0 0 0 63 0 
