8
0 0 59 0 60 0 0 0 51 0 55 0 52 56 0 54 0 0 0 2 6 3 0 0 0 0 45 0 43 44 0 0 0 0 13 0 0 0 0 0 0 38 0 0 0 0 0 40 27 0 30 0 0 0 28 0 20 22 0 0 0 24 0 0 
0 0 0 0 0 0 0 32 0 18 23 0 20 0 17 0 0 0 0 34 0 35 0 0 0 0 0 0 11 0 0 0 42 0 0 43 0 0 47 0 7 0 0 3 2 0 0 0 0 0 0 0 58 0 0 64 0 0 0 51 0 56 0 0 
0 0 0 0 0 0 6 0 0 58 0 0 60 64 0 0 15 0 0 0 0 0 0 16 0 0 0 54 0 0 56 0 0 20 0 0 17 24 23 0 0 0 0 0 0 0 0 0 0 0 38 0 0 0 36 40 0 30 0 0 0 0 31 0 
0 0 0 18 0 23 22 0 0 0 15 0 12 16 9 0 0 0 28 0 30 0 0 0 0 1 0 0 0 0 0 2 0 0 37 35 0 40 0 38 0 62 0 0 0 0 0 0 0 0 54 53 0 0 0 0 0 0 0 0 42 0 0 0 
0 0 0 50 0 0 0 56 43 0 47 0 0 0 0 0 0 61 0 58 0 0 0 0 39 0 0 38 0 0 0 0 0 4 5 0 0 8 0 0 31 0 0 0 0 25 0 32 0 0 0 0 0 0 20 0 0 14 9 0 0 16 0 13 
37 0 35 0 0 39 0 40 0 0 0 29 0 32 25 0 0 0 0 0 0 0 0 0 23 0 0 0 0 20 0 0 50 0 0 0 49 0 55 0 15 0 0 0 10 0 0 0 0 1 0 5 0 0 0 0 0 0 0 0 58 0 0 0 
0 0 11 10 0 0 14 0 0 0 7 0 0 0 0 0 0 0 20 0 0 0 0 0 0 57 0 62 59 0 64 0 0 28 29 0 0 0 0 0 0 54 0 0 50 0 0 0 0 41 46 45 42 0 0 0 0 38 0 0 34 40 0 0 
45 0 0 42 0 0 46 0 0 34 0 0 0 40 0 38 0 53 52 50 54 0 0 0 0 0 0 30 0 28 32 26 0 0 0 59 0 0 0 0 23 22 20 19 18 0 0 0 0 0 14 0 0 0 12 0 0 6 1 0 2 0 0 5 
0 15 17 0 0 0 0 0 9 0 13 0 0 0 0 12 29 0 0 24 28 25 23 30 0 63 0 0 0 0 0 0 0 0 0 0 0 38 0 0 61 60 0 0 0 55 0 0 49 47 0 51 0 0 0 0 42 44 0 41 0 0 0 43 
59 0 0 56 0 0 0 0 0 0 53 0 0 0 0 52 0 3 2 64 0 1 0 0 0 0 43 44 41 0 0 0 0 0 0 0 0 14 0 0 37 0 0 0 0 31 35 0 0 23 28 0 0 0 26 0 0 0 15 17 16 0 21 0 
0 39 0 0 42 45 44 0 0 0 0 35 34 0 0 36 0 51 0 0 52 0 0 54 29 0 0 0 25 0 0 0 0 0 0 0 0 62 0 0 0 20 0 17 0 0 19 22 0 0 0 11 0 0 0 0 0 0 0 1 0 6 0 0 
0 0 0 0 26 0 0 0 17 0 21 0 18 0 0 0 0 0 0 0 0 0 0 0 13 0 0 0 9 0 0 0 0 0 43 0 0 46 0 44 5 0 0 0 64 0 0 0 0 0 0 0 0 0 58 0 0 0 0 0 0 54 53 51 
51 0 0 0 0 0 0 0 0 40 45 0 42 46 0 44 61 0 58 0 0 0 0 0 37 0 35 36 0 34 38 0 0 0 0 0 0 0 0 4 0 0 26 0 0 0 27 0 0 0 0 19 0 21 0 22 0 0 7 9 8 0 0 11 
0 31 0 0 0 37 0 0 25 24 0 0 0 0 23 0 0 0 0 40 0 41 0 0 0 0 0 0 0 18 0 0 0 0 0 49 47 0 0 0 0 12 0 0 0 0 0 0 0 0 0 3 0 5 0 0 58 0 0 0 56 0 0 0 
11 0 0 0 0 0 12 0 0 0 0 0 0 0 63 0 0 0 0 0 0 0 0 0 0 0 59 60 0 0 0 0 0 0 27 0 0 0 0 0 53 0 0 49 0 0 0 0 0 0 0 43 0 45 0 0 0 0 0 0 0 0 0 35 
3 0 1 64 2 0 0 0 57 0 0 0 58 0 0 0 0 11 0 0 0 9 0 14 0 47 0 0 0 50 54 0 0 0 0 0 15 0 21 0 0 0 0 41 40 0 0 46 33 0 0 35 32 0 34 0 0 0 0 25 0 0 0 0 
38 0 0 0 0 0 0 0 0 0 0 0 29 0 26 0 0 46 0 0 47 44 0 49 0 18 0 0 20 21 25 0 51 0 0 0 0 0 56 0 16 15 0 12 0 10 14 0 0 2 7 0 3 0 0 0 61 0 0 0 59 0 64 0 
0 0 0 3 5 0 7 9 0 0 0 62 61 0 0 0 0 0 0 11 0 0 0 17 0 0 0 0 0 53 0 0 0 0 0 20 0 0 0 0 48 47 0 0 0 42 0 49 36 0 0 0 0 0 0 41 0 0 0 0 0 0 0 30 
0 26 0 27 29 0 0 0 20 0 0 0 21 0 0 0 40 38 0 0 0 36 0 0 0 10 0 0 0 0 0 0 43 0 0 0 0 0 0 0 8 0 5 0 3 0 0 0 0 58 0 0 0 64 0 0 0 55 0 0 0 0 0 0 
0 42 0 0 0 0 0 0 0 0 0 0 37 0 0 0 0 54 0 0 0 0 0 0 32 0 30 31 0 0 0 0 0 0 0 0 0 1 0 0 24 0 21 20 0 0 22 0 0 0 0 0 11 0 0 0 0 0 0 4 0 0 8 0 
0 50 0 0 53 0 55 0 0 0 48 0 0 0 42 0 0 0 61 0 0 0 58 1 0 0 38 0 36 0 41 0 3 5 0 0 0 0 0 0 0 31 0 0 27 0 30 0 0 0 23 22 19 0 0 25 0 0 0 0 0 0 16 0 
22 0 20 0 0 0 0 25 12 0 16 0 13 0 0 0 0 0 29 27 31 0 0 0 8 2 0 0 0 0 0 0 0 0 38 0 0 41 0 39 0 0 61 0 0 0 0 0 0 50 0 54 0 0 0 0 45 0 0 0 0 49 48 46 
0 0 0 0 13 0 15 0 4 0 0 0 0 0 2 0 0 22 21 0 0 0 0 0 64 58 0 0 0 0 0 0 27 0 0 0 0 0 0 0 0 0 53 0 0 50 54 0 0 0 47 46 0 0 0 0 0 0 0 0 35 0 0 0 
0 0 60 0 0 0 63 0 52 0 0 0 0 0 0 0 0 0 0 0 0 0 0 9 0 0 0 0 0 0 49 0 0 0 0 12 0 0 16 15 0 0 0 0 0 0 0 0 0 0 0 0 0 32 29 0 0 0 18 0 0 0 24 0 
31 0 0 0 30 33 0 34 0 0 0 0 0 26 0 0 41 0 0 0 40 0 0 42 17 0 15 16 13 0 18 0 0 0 47 0 0 0 0 48 9 0 6 0 0 0 0 0 61 0 0 63 0 1 0 0 0 0 0 0 0 0 0 55 
0 43 45 44 0 49 48 0 37 0 0 0 0 42 35 40 0 0 54 52 0 0 0 0 0 27 0 0 29 30 34 28 0 62 63 0 59 2 0 64 0 0 0 21 20 0 0 0 13 11 0 15 0 0 0 18 6 0 0 5 4 0 9 0 
0 0 37 0 38 0 40 0 29 0 0 0 0 0 0 32 49 0 0 0 0 0 0 0 0 0 0 0 0 22 0 0 52 0 55 0 0 0 57 0 0 0 0 0 12 0 0 0 5 0 8 0 0 0 0 0 62 0 0 0 0 0 1 0 
63 0 0 0 0 1 0 2 0 0 0 0 54 0 0 0 0 0 0 0 8 5 0 10 0 0 0 0 0 46 50 44 0 0 0 13 0 0 17 0 41 0 0 0 0 35 0 42 0 0 32 31 0 0 0 0 0 0 19 0 20 26 0 0 
0 0 0 0 0 17 16 0 0 4 9 7 0 0 3 8 0 23 0 20 0 0 0 0 0 0 0 0 0 0 2 60 0 30 0 0 0 0 0 32 0 0 0 53 52 0 55 0 0 0 0 0 0 0 46 50 38 0 35 0 0 0 0 0 
0 0 53 52 54 0 0 0 0 0 0 0 0 50 0 0 0 0 0 0 64 61 0 2 0 0 0 0 0 0 42 36 4 0 7 0 0 0 9 0 0 0 30 0 0 27 0 34 21 19 24 0 0 25 0 26 0 0 0 13 0 18 0 15 
23 0 21 0 0 25 0 26 13 0 17 0 0 18 0 0 0 31 0 28 0 0 0 34 9 0 0 0 5 0 0 0 36 0 0 0 0 42 0 0 0 0 0 0 0 0 0 2 0 0 0 0 52 57 0 0 0 48 0 0 0 0 49 47 
0 0 0 4 6 0 0 10 0 0 0 63 62 2 0 0 0 0 0 0 16 13 0 18 57 0 55 56 0 0 0 0 0 22 0 21 0 26 0 0 0 0 0 0 44 0 47 50 37 35 0 0 0 0 38 0 0 0 0 29 28 0 33 31 
0 0 0 0 0 0 0 0 0 0 0 0 0 0 0 57 0 8 7 0 9 0 0 0 0 44 0 49 46 47 51 0 0 0 16 14 12 0 18 0 42 41 39 0 0 0 0 0 0 0 0 0 0 0 31 0 0 0 0 22 0 0 0 0 
0 28 0 0 0 34 33 0 0 21 26 0 0 0 20 25 42 40 0 37 41 38 0 0 0 12 0 17 0 0 0 0 0 0 48 0 0 0 50 0 0 9 0 0 0 0 0 0 0 60 0 64 0 0 63 0 55 0 52 0 53 59 0 56 
0 20 0 0 23 0 0 0 14 13 0 0 15 19 0 17 0 32 0 0 33 0 28 35 0 0 0 0 0 0 11 5 37 0 40 38 0 43 42 0 2 1 0 0 0 0 0 3 54 0 0 0 0 0 55 0 0 0 0 46 0 0 0 0 
56 0 0 53 0 0 57 0 0 0 0 0 47 0 44 0 0 64 0 0 0 62 0 0 0 36 0 0 38 0 0 0 0 0 0 0 4 0 10 0 34 0 31 0 0 0 0 0 0 20 0 0 0 0 0 0 0 0 0 0 0 0 0 0 
0 44 0 0 0 0 0 0 0 0 0 40 0 0 36 0 58 56 0 0 57 0 0 0 0 0 0 33 0 31 0 0 61 0 0 0 60 0 2 0 0 0 23 22 0 0 0 27 0 0 17 0 13 0 0 19 0 9 0 0 0 0 0 0 
0 12 0 0 15 0 0 0 6 0 10 0 0 0 4 0 26 0 0 0 25 0 0 0 0 0 64 0 62 0 0 0 0 31 0 30 0 35 0 0 0 57 55 0 0 0 0 0 46 0 49 0 45 0 47 0 0 41 36 0 0 0 42 0 
0 0 6 0 0 0 0 11 62 61 2 0 63 0 0 1 0 0 15 0 17 0 12 19 0 52 0 57 0 0 59 0 0 23 0 22 0 0 0 25 50 49 47 0 45 0 0 51 0 0 0 0 0 0 0 0 0 0 28 0 0 35 0 0 
40 0 0 0 0 0 0 0 30 29 0 32 0 35 28 0 50 0 0 0 49 0 0 0 26 20 24 0 0 23 27 0 0 55 56 0 52 0 0 0 0 0 0 14 0 0 0 0 0 0 0 0 0 10 0 0 63 0 60 62 0 3 0 64 
36 0 0 0 0 38 0 0 26 0 0 0 0 0 0 0 0 0 43 0 0 0 40 0 0 16 20 0 18 0 0 0 0 0 52 50 0 0 54 0 0 0 11 0 0 0 0 15 0 0 0 0 1 6 3 0 0 61 56 0 0 63 0 60 
60 0 0 0 0 0 0 0 0 49 0 0 0 55 0 0 6 4 3 0 0 2 0 0 0 40 0 0 0 0 0 0 0 0 12 10 8 0 0 13 0 0 35 0 0 0 0 39 0 0 0 0 25 0 0 0 0 0 16 0 17 0 0 0 
52 0 0 0 51 0 0 0 0 41 46 44 0 0 0 45 0 0 0 0 0 58 0 0 0 0 0 0 0 35 0 33 0 3 0 2 0 7 6 0 0 0 0 0 0 0 0 31 0 0 0 0 0 22 0 23 0 0 8 0 9 15 0 0 
0 0 0 0 19 0 0 0 10 0 14 0 0 0 8 13 0 0 27 0 0 0 24 0 0 0 0 0 2 0 0 0 0 0 0 0 0 39 38 0 62 61 0 58 0 0 0 63 0 0 0 0 0 54 0 0 43 45 0 0 0 0 46 0 
0 0 0 1 0 6 5 7 0 0 62 60 59 63 0 0 0 0 11 0 13 0 8 0 0 0 0 53 50 51 0 0 0 0 0 0 16 0 0 0 0 45 43 42 0 0 44 47 0 0 0 0 0 38 35 0 0 0 24 0 0 0 0 0 
44 0 0 0 0 46 0 0 0 0 0 36 0 0 0 37 0 0 0 0 53 0 48 0 0 0 28 0 0 27 0 0 0 0 60 58 0 63 0 0 0 0 0 0 17 16 20 0 0 0 0 0 0 0 0 0 3 0 0 0 1 7 6 0 
0 24 0 0 0 0 0 0 0 17 22 0 0 0 0 0 38 0 0 0 0 0 0 0 0 8 0 13 0 0 0 0 0 43 0 42 0 0 46 0 0 5 0 0 1 0 0 0 58 56 0 0 0 0 59 0 51 0 0 0 49 55 54 0 
0 8 0 0 0 0 0 0 2 1 0 0 0 0 64 5 0 0 0 17 0 0 0 0 0 0 0 0 0 59 0 57 0 0 28 0 0 0 0 0 54 0 0 50 0 0 52 0 0 0 0 0 0 46 0 0 0 0 32 34 0 0 0 0 
0 0 63 62 0 0 0 0 55 0 0 0 56 60 0 0 0 9 0 0 0 7 0 0 51 0 49 0 0 0 52 46 0 0 0 0 13 0 0 0 43 42 0 0 0 0 0 0 31 0 0 0 0 35 0 0 24 0 21 0 0 0 0 0 
0 0 0 0 0 0 0 36 23 0 0 0 24 0 0 26 43 0 40 0 0 0 37 0 0 0 17 0 15 0 0 0 0 0 0 0 0 0 0 50 11 0 0 0 0 0 0 0 63 61 0 0 62 0 0 4 0 0 0 55 54 0 0 0 
0 0 0 0 48 51 0 52 0 38 43 0 0 44 0 0 59 0 0 54 0 0 0 0 35 0 0 0 0 0 36 0 0 0 1 0 0 0 0 0 0 0 0 0 0 0 25 0 15 13 0 17 0 19 0 20 0 0 5 0 0 0 0 9 
0 0 0 0 40 43 42 0 0 0 0 0 0 36 0 0 51 49 0 0 0 0 0 0 0 0 0 26 23 0 28 0 54 0 0 0 53 60 0 0 0 0 0 0 14 13 17 0 7 0 0 0 0 0 0 12 0 0 0 63 0 0 0 0 
57 53 0 54 0 0 0 60 0 0 0 0 0 0 0 0 0 0 0 62 0 0 0 0 43 0 0 0 39 40 0 38 0 0 0 7 5 0 0 0 35 0 0 31 0 29 0 36 23 0 26 25 0 0 0 28 0 0 0 15 0 0 19 0 
0 13 15 0 0 0 18 0 7 0 11 0 8 0 0 10 0 0 24 0 0 23 21 0 0 61 0 0 0 0 0 0 30 0 33 0 0 0 0 0 0 0 0 0 0 53 0 60 0 0 50 0 46 0 0 0 0 0 0 39 0 44 43 41 
9 5 0 0 0 0 10 12 0 0 0 0 0 0 0 0 0 17 0 0 18 0 0 0 0 0 57 0 0 0 0 0 0 24 25 23 0 0 27 0 51 0 0 0 0 0 0 0 39 37 0 41 0 43 0 44 0 0 29 0 30 0 0 33 
0 0 23 22 0 27 0 0 0 14 0 0 0 20 13 0 0 33 32 0 0 31 0 0 11 0 0 0 0 8 12 0 38 40 41 0 0 0 43 42 0 0 0 0 0 61 0 0 55 0 0 57 0 0 0 0 0 0 0 47 0 0 0 0 
0 0 48 0 49 52 0 0 0 0 0 0 0 0 38 43 0 58 57 0 0 0 54 0 0 0 0 0 32 0 37 0 0 1 2 64 0 0 0 3 0 27 0 0 0 0 0 29 0 0 19 0 0 20 0 0 0 0 0 0 7 13 0 0 
0 0 16 0 17 20 0 0 0 7 0 10 0 13 6 11 0 0 0 0 0 0 22 0 4 62 0 3 64 0 0 0 0 0 0 0 0 0 0 0 0 0 57 0 55 0 0 0 0 0 0 50 47 0 49 0 0 0 38 0 39 45 0 42 
42 0 0 0 41 44 0 0 0 31 36 34 0 0 0 35 0 50 0 0 0 0 0 0 0 0 26 27 0 0 0 0 0 0 0 56 0 61 0 0 20 0 17 0 15 0 0 21 0 0 0 0 0 12 9 13 0 0 0 0 0 0 4 2 
0 0 0 0 0 0 0 5 56 0 60 58 0 61 0 59 0 10 9 0 0 0 6 13 52 46 0 51 0 0 53 47 0 0 0 16 0 0 0 19 0 0 0 40 0 0 0 0 0 30 0 0 0 36 33 0 25 0 0 0 0 0 0 26 
34 30 0 0 0 0 0 0 0 0 0 0 0 29 0 0 0 0 41 0 43 0 0 45 0 14 18 0 16 0 0 0 0 0 0 48 0 0 0 0 12 0 0 0 7 0 10 0 0 62 0 0 0 4 0 0 57 59 54 56 0 0 0 0 
58 54 0 0 57 0 59 0 48 47 0 50 49 0 46 0 0 2 0 0 0 0 0 0 44 0 0 0 0 0 0 0 0 0 0 0 0 13 12 11 0 35 0 0 0 0 0 0 0 0 0 0 0 28 0 0 17 0 0 0 0 0 0 18 
0 6 0 7 0 0 0 0 64 0 0 2 0 5 0 0 0 18 0 0 0 0 14 21 0 54 0 0 0 0 0 0 0 25 26 0 22 0 28 0 0 0 0 0 0 46 0 53 40 38 0 0 39 0 0 0 0 0 0 0 31 0 0 34 
0 0 24 0 0 0 0 0 0 0 0 0 17 21 0 19 0 0 0 0 35 32 30 37 0 0 0 0 0 0 0 7 39 41 0 40 0 0 0 43 0 0 0 64 0 0 0 5 56 0 0 58 0 0 0 0 0 51 0 48 0 0 0 0 
