8
8 1 0 6 0 2 0 3 0 0 0 26 0 0 25 0 39 0 36 0 0 0 0 0 0 0 0 21 0 0 0 19 58 62 60 57 0 0 0 0 43 44 0 0 41 0 0 45 0 0 0 0 0 0 0 52 0 0 0 10 0 0 0 12 
0 41 0 0 0 42 45 43 0 3 6 0 8 0 0 7 0 0 12 10 0 9 0 11 57 62 0 0 0 0 64 0 34 0 0 0 35 37 39 0 19 0 0 0 0 0 24 0 25 32 0 0 0 26 0 28 56 0 0 0 0 49 51 52 
40 0 0 0 39 0 0 0 61 0 0 0 0 0 0 0 0 5 4 0 8 1 6 0 0 54 55 0 0 0 0 0 26 0 28 0 0 29 0 0 0 0 14 0 0 15 0 0 17 0 21 0 0 18 0 0 0 0 46 0 0 41 0 44 
64 0 60 0 0 0 0 0 21 19 0 18 0 20 17 0 0 29 0 0 0 25 0 27 0 14 15 0 0 0 0 11 50 54 0 0 0 0 55 0 0 0 0 0 0 0 40 0 0 48 0 0 47 42 0 0 8 0 0 2 0 1 0 0 
32 0 0 0 0 0 29 0 53 0 54 0 56 52 0 0 0 0 0 58 0 0 62 0 0 46 0 0 0 0 0 0 0 0 0 17 0 21 23 24 0 0 0 0 1 0 0 5 9 16 0 11 15 0 0 0 0 0 0 34 0 33 0 0 
0 0 0 0 15 0 13 11 37 35 0 0 0 0 33 39 0 45 0 0 0 0 0 43 0 0 0 0 0 0 32 27 0 6 4 0 0 5 0 0 0 0 0 0 49 0 0 0 0 0 61 0 0 0 62 0 24 0 0 18 0 0 0 0 
0 0 0 0 0 0 0 51 0 11 0 10 16 0 0 0 23 0 0 0 0 17 22 0 1 0 0 0 0 0 0 0 0 46 0 41 43 45 47 0 0 0 0 0 0 0 0 0 0 0 37 0 39 34 38 36 0 0 0 0 0 57 0 0 
0 0 0 0 23 0 0 19 45 43 46 0 48 0 41 47 55 53 52 50 0 0 0 51 0 0 0 37 0 36 0 0 0 14 0 0 11 0 0 0 0 0 0 0 0 0 0 0 0 8 0 0 0 0 0 4 0 0 0 0 0 25 0 0 
0 16 0 21 0 0 0 0 0 42 0 0 47 0 0 0 0 52 0 0 0 0 53 0 0 0 0 36 0 35 39 34 9 0 0 0 10 0 0 0 0 0 0 57 0 62 0 60 64 0 4 0 0 0 5 0 31 30 0 0 0 0 0 0 
0 32 0 0 0 0 36 34 60 58 0 0 0 59 0 0 6 0 0 0 0 64 0 0 0 53 0 0 0 0 0 0 0 0 0 24 0 0 0 31 0 0 13 0 0 0 0 0 0 0 0 18 0 0 0 0 47 46 0 0 0 0 42 43 
0 24 27 0 0 0 0 26 0 0 0 0 55 0 48 0 0 60 0 0 0 0 0 0 0 45 46 0 41 0 0 0 0 0 0 16 0 20 0 23 2 0 0 0 64 6 7 0 0 15 12 0 0 0 0 0 39 0 0 0 0 0 0 35 
0 0 0 0 62 0 0 0 0 0 0 0 0 0 0 22 0 0 0 0 0 0 29 0 0 0 14 0 0 0 15 10 0 0 0 0 0 0 54 0 34 0 0 33 0 0 39 0 40 0 0 0 46 0 45 43 0 0 5 1 4 0 2 0 
0 0 3 5 6 0 0 2 0 0 29 25 0 27 0 0 0 0 0 0 0 0 0 0 16 0 0 0 0 0 0 0 0 0 0 56 58 0 0 0 0 43 0 0 0 0 0 0 0 0 52 0 54 49 53 0 15 0 0 0 12 8 0 0 
0 0 0 0 0 0 0 10 36 0 0 0 0 0 0 0 46 0 0 0 0 0 0 42 0 29 0 0 0 27 31 0 0 0 0 0 2 4 6 0 50 0 0 0 0 0 0 0 0 63 60 0 0 57 0 0 0 0 0 17 20 16 0 0 
0 0 51 0 0 0 0 0 0 0 0 9 15 0 0 0 0 0 0 0 23 0 0 0 64 0 0 4 0 0 7 0 0 0 43 0 0 0 0 0 26 0 29 0 0 0 0 0 32 0 36 0 0 0 0 0 0 62 0 0 60 56 0 0 
0 0 43 45 0 0 0 42 0 0 0 0 0 0 0 0 14 0 11 9 0 8 13 0 0 0 0 0 0 0 0 0 0 0 35 0 0 0 0 0 0 19 0 0 16 0 0 20 0 0 0 26 30 0 0 27 0 0 0 0 0 0 0 0 
0 5 0 0 0 0 0 0 0 0 34 0 36 32 0 35 0 0 40 38 0 0 0 0 0 0 0 0 0 0 0 23 62 0 64 0 0 0 3 0 47 0 0 46 0 0 0 0 0 0 0 55 0 0 0 0 0 0 0 14 0 0 0 0 
0 0 0 26 0 0 0 0 0 47 50 0 0 0 45 0 0 0 0 54 0 0 0 0 0 42 0 0 38 0 44 0 0 0 16 0 15 0 19 0 0 0 2 0 0 0 4 0 0 0 0 0 11 6 0 0 0 0 34 30 0 0 0 0 
60 53 56 0 0 0 0 55 0 0 0 0 0 0 0 19 27 0 0 0 0 21 0 0 0 0 0 9 0 0 0 0 46 50 0 45 0 0 0 0 0 32 0 0 0 0 0 0 37 44 0 0 43 0 0 0 0 0 0 0 1 0 0 0 
44 0 40 0 0 0 0 39 1 63 2 0 4 0 0 3 0 0 0 0 12 5 10 0 0 0 0 0 54 0 60 0 0 0 32 0 31 33 0 36 0 0 0 14 13 0 0 0 0 0 0 0 0 22 0 0 0 51 0 0 49 0 47 0 
0 0 32 0 0 0 0 0 57 0 58 0 60 0 0 59 0 0 0 62 0 0 0 63 0 0 0 49 46 0 0 0 22 0 0 0 0 0 0 0 0 8 10 0 0 11 12 9 13 0 0 0 0 0 0 0 0 43 0 38 0 37 0 0 
0 61 0 0 3 62 0 0 25 0 26 0 0 0 0 0 0 0 0 30 0 0 34 31 0 18 0 0 14 0 0 15 0 58 0 0 55 0 0 0 39 0 0 0 37 0 0 41 0 52 0 0 0 46 0 0 0 11 10 0 0 0 0 0 
20 0 0 0 0 0 0 15 41 0 0 0 0 40 0 0 51 0 0 0 0 0 0 47 29 0 0 33 0 0 36 0 6 0 0 0 0 0 0 0 0 0 0 0 0 0 0 0 61 0 0 0 3 0 0 0 0 27 0 0 0 21 0 0 
52 0 48 50 51 0 0 47 0 0 0 0 0 0 0 0 0 0 0 0 0 13 0 0 0 2 3 0 0 0 0 63 0 42 0 37 0 0 43 0 23 24 26 0 0 0 0 0 0 36 33 0 0 0 34 0 0 0 58 0 0 53 0 0 
0 0 0 1 0 0 0 0 0 0 0 0 0 0 0 0 34 0 0 0 0 28 0 0 0 0 0 16 0 0 0 0 0 57 0 0 54 56 0 0 0 39 41 0 36 42 0 40 0 51 0 46 0 0 0 0 11 0 9 0 0 0 0 0 
27 20 0 0 0 0 24 22 0 46 0 0 51 0 0 50 58 56 55 0 0 52 0 0 0 0 42 40 0 0 43 0 13 17 0 0 14 16 18 19 0 0 1 61 0 2 0 64 0 0 0 0 0 5 0 0 0 34 0 29 32 28 30 0 
11 0 0 9 0 0 0 0 32 30 0 0 0 0 0 0 0 0 0 0 0 36 0 0 0 0 0 0 0 23 0 0 61 0 0 0 0 0 2 0 46 47 0 0 0 0 51 48 52 0 0 0 0 53 0 0 0 18 0 0 0 0 0 15 
0 0 0 41 0 0 0 0 0 0 0 61 0 0 0 2 0 0 0 0 0 0 0 0 0 57 0 56 0 0 0 54 29 33 0 0 0 0 0 35 0 15 0 0 12 18 0 0 0 0 0 0 26 0 25 0 51 50 49 0 0 44 46 47 
51 0 47 0 50 0 0 0 8 0 9 0 0 0 0 10 0 16 0 0 0 0 17 0 60 0 2 0 61 0 0 62 0 41 0 0 0 0 42 0 0 0 0 21 0 0 0 0 28 35 0 0 34 29 33 0 59 0 0 53 0 52 54 0 
0 28 0 33 0 0 0 0 0 54 0 0 0 0 0 58 0 0 0 0 0 0 0 0 0 0 50 0 0 0 0 0 21 0 23 20 22 0 0 0 0 0 0 5 0 10 11 0 12 0 16 14 0 13 0 0 0 42 41 0 0 0 0 0 
59 0 0 57 0 0 0 54 16 0 0 0 0 0 0 0 0 0 0 21 0 0 0 0 4 9 10 0 0 0 11 0 0 0 0 0 0 0 0 0 30 0 0 29 0 0 35 32 0 0 0 0 42 0 0 0 3 0 1 61 64 0 0 0 
0 12 0 17 0 0 16 0 0 0 41 37 43 0 0 0 50 48 0 0 51 44 0 46 0 0 0 0 0 31 0 0 0 0 0 0 6 0 10 11 0 0 57 0 0 0 59 0 60 3 0 62 0 61 0 0 0 0 0 0 24 20 22 23 
0 0 0 0 0 0 0 0 0 0 0 48 54 0 0 0 0 0 0 56 0 55 0 0 39 0 0 0 40 0 0 0 0 20 0 0 0 0 21 0 1 0 4 0 0 0 6 0 0 0 11 0 0 0 0 0 0 0 0 0 0 31 0 0 
22 0 18 0 21 0 0 17 43 0 44 0 0 0 0 45 0 0 50 0 0 0 52 0 0 0 0 0 0 34 38 0 8 0 0 0 0 0 0 0 57 0 60 0 0 0 0 0 63 6 3 0 5 0 0 0 0 0 0 0 0 0 0 0 
0 0 0 0 0 8 0 0 0 0 0 32 38 0 0 0 0 43 42 0 0 0 0 0 23 0 29 0 0 0 30 25 64 4 0 63 0 3 5 0 0 0 0 0 0 0 54 0 0 0 0 57 61 0 0 0 0 21 0 16 0 0 0 18 
0 47 0 52 53 48 51 49 11 0 0 0 14 0 0 13 21 0 18 0 0 15 0 17 0 4 0 3 0 0 0 1 0 0 0 39 0 0 0 0 0 26 0 0 0 0 30 0 0 38 35 0 0 0 0 0 0 0 0 56 0 55 0 0 
38 0 0 0 37 0 35 0 0 0 60 0 0 0 0 0 5 0 2 64 0 63 4 0 0 52 0 0 0 50 54 0 0 0 0 0 0 0 0 0 9 0 0 8 0 0 0 0 0 0 0 17 0 0 0 0 0 45 44 0 0 39 0 0 
62 0 58 0 61 0 59 0 0 0 0 0 22 0 0 0 0 0 0 0 0 0 0 25 7 0 13 11 0 0 14 0 0 0 0 47 0 51 0 0 0 0 0 0 31 0 38 35 0 46 0 0 0 40 44 0 0 5 0 0 0 63 0 0 
0 39 0 44 45 40 0 0 0 0 4 0 0 0 0 0 13 0 10 8 0 0 0 9 55 0 0 0 0 0 62 0 0 0 0 0 0 0 37 0 0 18 0 16 0 0 0 0 0 0 0 25 0 0 0 0 0 0 0 48 0 0 0 50 
0 0 0 0 0 0 0 1 0 0 0 0 0 26 23 29 37 0 34 0 0 31 0 33 0 0 0 19 0 0 0 0 0 0 0 0 0 59 61 0 0 0 0 0 39 0 0 0 0 54 0 49 0 0 0 0 14 0 0 0 0 0 9 0 
0 0 0 63 0 0 0 0 0 0 23 19 0 21 0 24 0 0 0 0 33 0 0 0 0 0 16 0 0 0 0 0 0 0 0 0 52 0 56 0 36 0 0 35 34 0 0 0 42 0 0 0 0 43 0 0 9 0 0 0 6 0 0 5 
25 18 0 0 0 19 22 0 0 44 0 0 0 45 0 0 0 54 0 0 57 50 0 0 0 0 0 0 35 37 0 0 0 0 13 0 0 0 16 17 60 0 0 0 0 64 0 0 2 0 0 0 0 0 0 0 0 0 31 0 0 0 0 0 
33 26 29 0 32 27 0 0 54 52 0 0 0 0 0 56 0 62 61 59 0 0 0 60 0 0 0 46 0 0 0 0 19 23 21 0 0 0 24 0 4 5 7 0 0 8 0 0 10 17 0 12 0 11 0 0 0 40 0 0 38 34 0 0 
0 50 0 55 0 0 0 52 0 0 0 0 0 0 0 0 0 0 21 0 0 0 0 0 2 7 8 6 0 0 0 0 43 0 0 0 0 0 0 0 0 0 31 27 26 0 0 0 0 0 38 0 0 0 0 0 0 64 0 0 0 58 0 0 
0 0 45 0 0 0 0 0 6 0 0 0 9 0 0 8 0 14 0 11 0 0 0 0 0 0 0 0 59 0 0 0 35 0 0 0 36 0 40 0 0 0 23 19 18 24 25 0 0 0 30 0 32 0 31 0 0 0 0 0 0 50 0 0 
0 2 5 7 0 3 0 4 30 0 0 0 33 29 26 0 40 38 0 0 41 0 0 0 0 0 24 0 0 0 25 0 0 63 61 0 0 0 64 0 0 0 47 0 0 48 0 46 50 0 0 0 0 51 55 0 17 0 0 0 14 0 0 13 
0 0 13 0 0 0 14 0 0 36 0 0 41 37 34 0 0 0 0 0 0 0 0 44 0 0 32 0 0 29 0 0 0 7 0 0 0 0 0 0 52 0 55 0 0 56 0 0 0 1 62 0 0 59 63 61 25 0 23 0 0 0 20 0 
0 0 37 0 0 0 0 0 0 0 0 0 0 0 0 64 8 6 5 0 0 2 0 0 0 0 56 0 51 0 0 52 0 31 0 26 0 30 0 0 0 0 0 11 0 0 0 14 0 0 0 0 0 0 0 0 49 0 47 0 0 0 44 0 
0 0 54 56 57 52 55 0 0 13 16 0 0 0 0 0 0 23 0 20 0 19 0 0 0 0 0 7 0 0 10 0 0 0 0 0 0 47 0 0 29 0 32 28 0 0 34 0 35 0 39 0 41 0 0 0 0 0 0 60 63 0 0 62 
18 0 0 0 0 12 15 0 39 0 40 0 0 0 0 0 0 47 0 44 50 0 48 0 0 0 0 31 0 30 0 0 0 8 6 3 0 0 0 0 0 0 56 52 0 0 0 0 59 0 0 61 0 0 0 0 0 0 24 20 0 0 0 0 
0 0 22 24 0 20 0 0 0 0 0 0 50 0 43 0 0 55 0 0 0 51 0 53 0 0 0 0 0 0 0 0 0 16 0 11 0 15 0 0 61 0 64 0 0 0 2 0 0 10 0 0 0 0 0 0 34 33 32 28 0 27 0 0 
0 0 6 8 0 0 0 0 0 29 32 0 0 0 0 33 0 0 0 0 42 0 0 0 0 0 0 0 0 0 0 21 0 0 0 59 0 0 0 0 0 0 0 0 43 0 0 47 0 0 0 0 0 0 0 0 0 0 0 12 0 0 0 0 
0 59 0 64 0 60 0 0 23 0 0 20 26 0 19 25 0 0 0 28 0 0 0 0 11 0 0 15 0 0 0 13 0 56 0 0 0 55 0 0 0 0 0 36 0 0 0 0 0 0 47 0 0 0 0 0 0 0 0 0 0 3 0 0 
0 0 0 0 33 28 0 0 0 53 0 0 0 0 51 0 0 0 0 60 0 59 0 0 0 0 0 47 0 46 0 0 20 0 0 0 0 0 25 0 0 6 8 0 0 0 0 0 0 0 0 13 0 0 0 14 0 0 40 0 0 0 0 0 
0 0 0 0 0 0 47 0 7 0 0 0 0 6 0 0 0 0 0 12 18 0 0 0 59 64 0 0 0 0 2 0 36 40 0 35 37 0 41 42 21 0 0 20 0 25 26 0 0 0 0 0 33 0 32 0 0 0 56 0 55 51 53 0 
0 0 0 0 0 0 39 37 0 61 0 60 2 0 0 0 0 0 0 0 0 0 8 0 0 0 0 0 0 0 58 0 0 0 0 0 29 31 0 34 0 14 0 12 0 17 0 0 0 0 0 0 0 0 0 0 50 0 0 0 0 0 0 46 
0 62 0 0 0 63 0 0 26 0 27 23 29 0 0 28 36 0 33 0 37 0 35 0 14 0 0 0 0 0 21 16 0 59 0 0 0 58 60 0 40 0 0 0 38 0 45 0 0 0 0 0 52 47 0 0 0 0 0 7 0 0 0 9 
0 0 0 0 0 55 0 0 0 0 0 0 0 0 0 0 0 0 25 0 29 0 0 0 0 0 0 0 7 9 13 0 0 0 49 46 48 0 0 53 0 0 0 0 0 0 0 0 0 0 42 0 0 0 0 41 0 0 3 63 2 0 0 0 
0 0 25 27 0 23 26 0 50 48 0 47 0 0 46 0 60 0 0 55 0 0 0 0 0 0 0 42 0 0 0 0 0 0 0 0 16 0 0 0 0 0 3 0 0 0 0 2 0 13 0 0 0 0 11 0 0 0 0 31 34 0 32 0 
0 0 9 0 0 0 10 8 0 32 0 0 0 0 30 36 44 0 0 39 0 38 0 0 22 27 28 0 0 25 0 0 0 0 0 0 0 0 4 5 48 0 0 47 0 52 53 0 0 0 0 0 0 0 0 0 21 20 0 15 0 0 0 0 
53 0 0 51 0 0 50 48 0 8 11 0 13 0 0 0 0 0 0 0 21 0 19 0 0 3 0 0 0 0 5 64 0 0 41 0 0 42 0 0 0 0 0 23 0 0 0 26 30 0 0 0 0 0 0 0 0 60 0 55 58 54 0 0 
37 0 0 0 0 31 0 32 0 56 0 55 0 0 54 60 0 0 0 0 5 0 0 64 46 0 0 0 0 0 0 48 0 0 0 0 0 0 0 0 0 9 0 0 6 0 0 0 0 21 18 0 0 0 0 0 0 0 0 0 0 38 40 0 
45 38 0 0 44 0 42 0 2 0 3 0 5 0 0 0 0 0 0 0 0 6 0 0 54 0 60 0 0 0 0 0 31 0 33 0 0 34 0 0 0 0 19 0 0 20 0 0 22 29 0 0 0 23 0 0 0 52 0 0 0 46 48 49 
0 14 17 0 0 0 0 0 0 0 43 0 0 41 0 0 0 0 0 47 0 0 0 48 0 35 0 0 31 33 37 0 0 0 9 0 0 0 0 0 0 0 0 0 54 0 0 58 0 0 0 64 0 0 0 0 0 0 0 0 26 22 0 0 
