8
4 0 0 0 0 0 0 1 60 55 0 54 0 0 0 0 20 0 14 0 15 0 0 18 0 0 0 0 0 0 46 0 0 0 0 0 24 0 28 0 0 0 5 9 0 7 0 0 0 44 43 0 0 0 0 0 0 0 0 32 0 0 0 36 
0 0 0 56 59 53 0 0 0 47 0 0 0 45 0 48 12 9 0 0 7 0 0 0 0 40 0 0 44 39 0 0 0 0 0 0 0 0 0 0 0 2 61 0 0 0 4 0 0 0 0 0 29 0 0 30 25 0 0 24 0 0 0 0 
28 0 0 0 0 0 0 25 0 0 17 0 0 13 0 0 0 0 0 0 0 0 43 42 0 0 0 0 0 7 6 0 49 47 0 46 0 0 0 0 30 0 0 0 0 0 0 0 0 4 0 0 0 1 0 0 0 0 0 0 0 0 0 60 
0 6 0 8 11 0 0 0 4 63 0 0 0 61 2 0 0 0 22 0 23 0 27 0 53 0 59 58 60 0 0 57 0 31 0 0 0 0 36 0 0 0 0 0 0 0 0 0 0 0 0 0 0 49 48 46 41 0 0 40 0 0 39 0 
20 0 0 0 0 13 0 0 12 7 0 0 11 0 10 0 36 0 0 0 0 29 0 34 61 64 0 0 0 0 0 0 0 39 0 0 0 42 0 0 0 0 0 0 0 0 0 0 0 0 59 0 53 57 0 54 0 0 51 0 50 0 47 52 
0 38 42 0 0 0 0 0 36 0 0 30 0 0 34 0 0 0 54 0 55 0 0 58 0 0 0 26 0 0 22 0 1 0 0 0 0 2 0 0 0 50 0 0 0 0 0 48 0 0 0 0 0 0 16 14 9 0 11 8 10 0 0 12 
36 0 0 0 0 29 0 0 0 0 0 0 0 0 26 0 0 0 0 48 0 0 51 0 13 0 0 0 0 0 0 17 0 0 0 0 0 0 60 0 0 0 37 0 43 39 0 0 10 0 11 0 5 9 8 6 0 61 0 0 0 62 0 4 
0 0 0 0 0 0 0 49 0 0 0 38 0 0 0 40 0 1 0 0 0 0 0 0 29 0 35 0 0 0 30 0 0 0 0 0 8 10 0 11 0 0 53 57 59 0 0 56 0 0 27 0 0 25 0 22 0 13 19 0 18 0 15 0 
30 0 0 26 0 23 0 27 0 0 19 0 0 15 20 0 0 0 40 42 0 0 45 44 0 10 0 12 14 0 0 0 0 0 0 0 50 52 54 0 0 36 0 0 0 0 0 34 0 0 0 0 63 0 2 0 0 55 0 58 0 0 57 62 
0 0 36 0 37 0 0 35 30 25 0 24 29 0 28 0 54 0 0 0 0 47 0 0 15 0 0 0 22 0 0 0 0 0 55 0 0 0 0 61 0 0 0 43 0 41 0 0 0 14 0 9 0 0 0 8 0 0 5 0 0 64 1 0 
46 0 44 0 45 0 0 0 0 33 0 0 0 0 0 34 62 0 0 0 0 0 0 0 0 0 0 0 30 0 24 0 0 0 63 0 0 0 0 0 0 52 0 0 53 0 0 0 20 22 0 17 0 19 0 16 0 7 0 10 12 0 0 14 
0 0 0 0 0 15 17 0 14 0 0 0 0 0 0 0 0 35 0 34 0 0 0 0 0 0 0 0 0 1 0 3 43 0 0 0 42 44 0 0 0 28 23 0 0 25 30 26 0 62 0 0 0 59 0 56 0 0 0 0 0 48 49 0 
0 0 0 10 0 7 9 11 6 0 3 64 0 63 0 0 0 0 0 26 0 23 0 0 0 0 0 0 0 0 0 0 0 0 0 0 34 0 38 0 0 0 0 0 0 0 0 0 0 0 0 49 0 0 0 0 0 39 45 42 0 0 0 0 
0 0 0 50 0 0 0 51 46 0 0 40 45 39 44 0 6 0 0 0 1 63 0 0 0 34 0 36 0 0 0 0 11 9 0 0 0 0 0 0 0 0 55 0 0 0 62 0 0 0 29 0 23 27 0 0 19 15 0 0 20 0 0 22 
0 0 0 58 0 0 0 0 0 0 51 0 0 0 0 0 0 0 8 10 0 0 0 12 0 0 0 0 0 0 0 43 19 0 15 16 0 20 0 21 0 0 0 3 5 0 6 0 36 0 0 0 31 0 0 32 0 0 0 26 0 24 0 30 
0 0 4 2 0 0 1 0 62 0 0 56 0 0 0 0 0 19 0 0 0 0 21 20 0 0 0 0 0 49 0 51 0 25 0 0 0 0 0 0 0 0 0 0 0 9 14 10 0 0 0 0 0 43 42 0 0 31 0 0 36 32 0 0 
0 0 0 0 56 0 52 0 49 44 46 0 0 0 0 0 0 0 3 5 0 0 8 7 34 0 40 0 0 0 0 38 0 12 0 0 0 0 17 16 0 0 58 62 0 0 1 0 0 0 32 28 0 30 29 27 0 0 0 21 0 0 20 0 
0 0 0 0 0 0 0 0 41 0 0 0 0 34 0 0 1 0 59 0 0 0 0 0 0 0 0 0 0 0 0 0 0 0 0 0 5 7 9 8 0 0 0 0 56 52 0 0 0 25 0 20 0 22 21 19 0 0 0 13 0 0 0 0 
0 0 39 37 0 34 36 0 0 0 0 0 32 26 0 29 57 0 0 0 0 0 56 0 18 21 0 23 0 0 19 22 0 0 0 0 0 0 0 0 43 47 0 0 48 44 0 0 0 17 0 0 10 0 13 0 0 0 8 5 0 0 0 0 
0 3 0 5 0 2 0 6 0 60 0 59 64 0 63 0 0 0 19 0 0 18 0 0 50 0 0 0 57 0 51 0 30 28 0 0 0 0 33 0 11 0 10 0 0 12 0 13 0 0 48 0 42 0 45 43 0 0 40 0 39 0 0 0 
0 59 0 0 0 0 0 0 57 52 0 51 56 0 0 0 0 0 11 0 0 0 0 15 42 0 48 0 49 44 43 0 0 0 0 19 21 23 0 0 0 7 2 0 0 0 9 0 39 0 0 0 0 0 0 35 30 26 0 29 0 27 0 0 
25 0 0 0 0 18 0 0 0 0 14 0 0 10 0 0 0 38 0 37 0 34 0 39 2 0 0 0 0 0 3 6 0 0 0 43 0 47 49 0 0 31 0 0 0 28 0 0 63 0 0 0 0 62 61 0 0 50 0 0 0 0 0 0 
0 0 0 0 0 0 28 0 25 0 22 19 0 0 0 0 0 0 43 45 0 0 0 47 10 0 16 15 0 0 0 0 54 0 0 0 53 0 0 56 0 39 34 0 0 0 0 37 0 0 8 4 0 0 0 0 0 0 64 61 0 59 60 0 
0 11 0 0 0 0 12 0 0 0 0 0 0 0 7 5 0 0 0 29 28 0 0 0 0 0 64 0 0 0 59 62 38 36 0 35 37 0 0 0 0 0 0 0 24 20 0 0 0 0 0 0 0 54 0 0 0 0 48 0 0 0 0 0 
0 0 0 0 0 0 0 0 0 22 0 0 26 0 0 0 0 48 45 0 0 0 0 0 0 0 0 0 0 0 0 0 0 0 0 53 0 0 0 58 37 0 0 0 0 0 0 0 0 0 10 0 0 0 0 5 0 0 0 63 0 61 0 3 
0 0 17 0 18 0 14 16 0 0 0 0 0 4 0 0 0 0 0 0 0 0 0 0 0 0 0 0 3 62 0 64 40 0 36 0 0 0 43 0 0 0 0 0 0 22 0 23 0 0 0 54 52 0 0 0 0 0 0 47 0 0 46 0 
0 53 0 0 58 0 0 56 0 0 0 0 0 44 49 0 0 0 0 0 6 4 10 0 36 39 0 0 0 0 0 40 16 14 0 0 0 0 0 0 0 0 0 0 2 0 0 63 0 0 0 0 0 32 0 0 0 0 0 23 0 21 0 27 
11 0 0 0 0 0 0 8 0 0 0 0 0 0 0 0 27 24 21 0 0 0 0 25 0 55 0 0 0 0 0 0 32 30 28 0 0 33 0 0 0 17 0 0 0 14 0 0 49 0 0 46 0 0 0 0 0 0 0 39 41 37 0 0 
51 45 49 0 0 44 0 0 0 0 40 0 0 36 0 0 0 0 0 63 0 0 0 0 28 31 0 0 0 30 0 0 0 0 0 0 7 0 11 0 0 0 0 0 58 0 0 55 0 0 26 22 0 0 0 0 0 0 0 0 17 0 0 19 
0 0 25 0 0 0 0 24 0 0 0 0 0 0 17 0 0 0 0 39 0 36 42 0 0 7 10 0 0 6 0 0 48 0 0 0 47 0 0 0 0 0 28 32 0 0 35 31 0 3 0 0 60 64 0 61 0 0 0 0 57 53 0 59 
0 0 0 0 0 0 0 0 0 0 32 0 34 0 33 0 0 0 0 55 0 0 58 0 20 0 0 0 0 0 21 0 64 0 0 0 0 0 0 2 45 0 44 0 0 46 51 47 0 19 0 0 0 0 0 0 0 0 10 0 0 0 0 0 
3 61 0 0 0 0 0 0 0 54 0 0 0 0 57 0 0 16 0 0 14 0 18 17 0 0 50 49 51 0 45 48 24 0 0 21 0 25 0 0 0 0 0 0 0 0 11 0 0 43 0 0 0 0 0 0 0 28 0 31 0 0 0 0 
40 0 38 36 39 33 0 37 0 0 0 0 0 25 0 0 0 0 0 0 0 49 0 0 0 20 0 0 24 0 0 0 0 0 57 58 0 62 0 63 0 0 41 45 47 0 0 0 0 0 0 0 0 0 0 0 5 0 7 4 6 0 0 8 
0 0 30 0 31 25 0 29 24 19 0 18 0 0 22 0 0 0 0 0 43 0 47 0 0 0 0 14 0 11 0 0 0 51 0 50 0 0 0 0 0 0 0 37 39 35 0 0 0 8 0 0 0 0 0 0 0 0 63 0 0 0 0 64 
0 0 0 0 0 0 43 45 0 0 0 34 0 33 38 0 0 61 0 0 0 57 63 62 0 0 0 0 0 27 0 0 0 0 0 0 0 0 0 0 50 54 0 53 0 0 0 0 0 0 0 19 0 21 20 0 0 9 0 0 14 10 11 16 
0 0 6 4 7 0 0 0 0 0 0 0 63 0 62 0 0 0 0 20 0 0 23 22 49 52 0 0 56 0 50 0 0 27 0 0 28 0 32 0 10 0 9 13 0 0 0 0 0 48 47 0 0 0 0 0 0 33 0 0 0 0 0 0 
0 0 0 0 23 17 0 21 0 0 0 10 0 9 14 12 40 0 0 36 35 0 0 0 0 0 0 0 0 0 0 0 45 0 0 0 44 46 0 47 0 0 25 0 31 27 0 0 0 0 0 0 57 0 0 0 53 49 0 52 54 0 0 0 
0 0 0 0 63 0 0 0 56 51 0 0 0 49 0 52 0 13 0 0 0 0 0 0 41 44 0 0 0 43 42 0 0 19 0 0 0 0 0 0 0 0 1 0 7 3 0 0 0 0 0 0 0 0 0 0 29 0 0 0 30 26 0 0 
0 0 0 0 0 0 0 0 0 0 45 42 47 0 0 44 0 5 2 4 3 0 0 0 33 0 0 0 0 0 0 37 0 0 9 0 0 0 16 0 0 62 57 0 0 59 64 60 30 0 0 27 0 0 0 26 0 0 23 20 0 18 19 0 
0 10 0 0 0 0 0 13 0 3 0 0 0 0 0 0 0 0 26 0 27 25 0 30 57 60 0 0 0 0 58 0 37 0 33 34 0 0 0 0 0 0 0 0 0 0 0 0 0 0 0 0 49 0 52 0 0 0 0 0 46 0 0 0 
0 20 0 0 0 19 0 0 0 0 15 0 0 0 16 0 0 0 0 0 0 35 0 0 3 0 0 0 0 0 0 0 47 0 0 44 0 48 0 0 0 0 27 0 33 0 0 0 0 0 0 0 0 0 62 0 55 0 0 0 0 0 53 0 
18 0 0 0 17 0 0 0 0 5 0 4 0 0 0 0 0 0 0 30 0 0 0 0 59 62 0 0 0 61 0 0 0 0 0 36 0 40 0 0 20 0 0 0 0 0 0 22 56 0 57 0 0 55 0 0 0 0 49 46 0 0 0 0 
0 36 40 0 0 35 0 0 0 0 0 28 0 0 0 0 58 0 0 54 53 51 0 56 0 0 0 0 0 21 0 0 63 0 59 60 0 0 0 0 0 0 0 47 0 0 0 46 0 18 0 13 11 0 14 12 7 0 0 6 8 4 0 0 
0 0 64 0 1 0 0 0 0 0 0 52 57 0 0 0 18 0 0 0 0 0 17 16 0 0 0 0 0 0 0 47 0 0 19 0 0 0 0 0 4 8 0 7 0 0 0 0 0 0 0 0 0 39 38 0 0 0 0 30 32 0 0 0 
34 28 32 30 0 0 0 0 0 21 0 0 0 19 0 22 50 47 0 0 0 0 49 0 0 0 0 0 0 13 12 15 0 53 0 0 0 0 0 0 36 0 0 0 0 0 42 0 8 0 0 5 0 7 6 0 0 0 0 0 0 0 0 0 
0 0 56 54 0 51 0 0 0 0 0 0 49 43 48 46 0 7 0 0 5 3 0 0 0 38 41 0 0 0 0 39 0 0 11 12 0 16 18 0 60 64 0 0 0 0 0 0 0 0 0 29 0 0 0 0 0 0 25 0 0 20 0 0 
0 0 8 6 0 0 0 0 0 61 0 60 0 0 0 0 26 23 0 0 21 0 25 0 0 0 0 56 58 0 0 0 31 0 0 28 30 32 0 0 0 0 0 0 0 13 18 0 0 50 0 0 0 0 0 0 0 0 0 0 40 0 0 42 
0 0 48 0 49 43 0 47 0 0 0 0 41 0 0 0 2 0 60 0 61 0 0 64 27 30 0 0 0 0 0 0 0 0 3 0 0 0 0 0 0 0 0 0 0 0 0 0 0 0 0 21 0 0 22 0 15 0 0 14 16 0 0 0 
45 39 0 0 0 0 0 0 0 0 0 0 0 30 0 0 0 58 0 57 0 0 0 59 22 0 0 0 0 0 0 0 0 0 0 0 0 0 0 0 0 0 46 0 52 0 0 0 19 21 0 0 0 0 17 15 0 0 0 0 11 0 8 0 
0 15 0 0 20 0 0 0 0 0 0 0 0 6 0 9 0 34 0 0 0 30 0 0 62 0 4 0 0 64 0 0 0 0 0 0 0 0 0 0 0 27 0 0 28 24 0 0 0 0 0 0 0 58 57 0 0 0 52 0 0 0 48 0 
0 0 0 33 36 30 0 0 29 24 0 0 0 22 0 0 53 0 47 0 0 0 0 0 0 0 0 0 0 0 0 0 58 0 54 55 0 0 61 0 39 43 38 0 44 0 0 41 0 0 0 8 6 0 0 0 0 0 0 1 3 0 0 0 
0 0 51 0 0 0 0 50 0 0 0 0 44 0 43 0 5 0 0 0 64 62 0 0 30 33 36 0 37 0 31 0 0 0 0 0 0 0 13 0 55 59 54 0 60 0 0 0 27 0 0 0 0 26 0 0 0 14 20 17 0 0 0 0 
29 0 0 0 28 0 0 0 21 0 0 0 0 14 0 0 0 0 0 0 0 0 0 0 6 9 0 0 0 0 7 0 0 0 0 47 0 0 0 52 31 0 30 0 0 0 0 33 3 0 0 0 0 0 0 0 58 54 0 0 0 0 0 61 
61 55 0 0 60 0 0 0 0 0 50 0 0 0 0 0 0 10 0 0 8 6 12 0 0 0 0 0 0 40 0 0 18 16 0 0 0 0 0 20 0 0 0 2 4 64 0 0 0 0 36 0 0 0 0 31 0 0 0 25 0 0 0 0 
13 0 0 0 0 0 0 10 5 0 0 0 0 62 3 0 0 0 23 0 0 0 28 0 0 0 0 0 61 0 0 0 34 0 0 31 33 0 0 0 0 0 0 0 20 16 0 17 51 0 0 0 46 0 0 0 42 38 0 41 43 0 0 45 
0 63 3 1 4 0 0 0 61 0 58 55 0 0 0 0 21 0 0 0 0 0 0 0 0 0 0 0 53 0 47 0 26 0 0 23 0 0 0 0 0 0 0 10 12 0 0 0 0 0 0 40 0 0 0 0 0 30 0 0 35 0 0 0 
0 49 0 51 54 0 50 0 0 0 0 0 0 40 0 0 7 0 0 0 0 64 0 0 0 35 0 37 0 0 0 36 0 10 0 9 0 0 0 0 0 0 0 0 0 58 63 59 0 31 30 0 24 0 0 25 0 0 0 0 0 17 0 23 
0 0 0 27 30 24 0 0 0 0 20 0 0 16 0 19 0 0 0 0 0 0 0 45 0 0 0 0 0 10 0 0 52 0 0 0 51 0 0 0 33 37 32 36 38 0 39 35 0 7 0 0 0 0 3 0 60 0 62 0 0 57 0 63 
0 0 0 0 62 0 0 0 0 50 52 0 0 48 0 0 0 0 9 0 0 0 14 0 0 43 0 0 0 0 0 44 0 0 16 0 0 21 0 0 0 5 64 0 0 2 0 3 37 0 38 0 32 0 35 33 0 0 30 27 0 0 0 0 
7 1 5 0 0 64 0 0 0 0 0 0 0 56 61 0 23 0 0 0 0 0 0 0 0 0 54 0 0 50 0 0 0 0 0 25 0 29 31 0 0 0 8 12 14 10 0 0 45 0 46 0 0 0 0 41 0 0 0 35 37 0 0 0 
0 0 0 0 0 0 0 0 39 34 36 0 0 0 0 0 0 60 0 59 0 0 0 0 0 0 30 0 0 26 0 28 0 0 0 1 3 5 7 6 49 0 48 0 54 0 55 0 0 0 0 0 0 20 0 0 0 0 0 0 0 9 0 15 
0 9 0 11 0 0 0 12 7 0 4 0 0 64 0 0 0 28 0 0 0 0 0 0 0 59 0 0 0 0 0 0 0 0 0 0 0 0 0 0 0 21 0 0 0 0 0 19 53 0 0 0 0 0 0 0 0 0 46 43 45 0 42 0 
0 0 0 19 0 0 0 20 0 10 12 0 0 0 0 0 39 36 33 0 0 32 0 0 0 0 6 5 0 0 0 4 0 42 0 41 43 45 0 0 25 0 0 0 0 0 0 0 0 0 0 0 56 60 59 0 0 0 54 0 0 0 0 0 
39 0 0 35 0 0 0 0 0 0 0 0 0 0 29 0 0 0 0 0 0 0 0 0 0 0 0 0 0 0 17 20 0 0 0 57 0 0 0 0 0 0 0 0 0 42 0 0 0 0 0 0 8 0 0 0 4 64 6 0 0 0 0 0 
