8
0 0 50 0 45 0 0 0 0 0 0 33 30 0 28 34 0 0 0 0 4 0 0 6 21 25 0 26 0 0 0 23 52 54 0 0 0 0 56 0 0 0 0 0 0 0 0 0 3 0 0 0 0 0 0 0 0 42 0 0 0 0 43 0 
14 0 0 0 0 0 16 15 0 0 0 1 62 61 60 0 40 37 0 0 0 0 0 0 53 0 0 58 56 54 0 55 0 22 0 0 26 0 24 25 0 0 0 49 0 51 44 50 0 30 0 0 0 0 33 31 7 0 9 5 0 4 0 6 
0 0 0 0 61 0 0 63 0 51 48 0 0 0 0 50 0 0 0 0 0 0 23 22 0 0 43 0 40 0 0 39 4 0 7 0 0 0 0 0 0 0 0 33 29 0 0 34 0 14 0 0 0 12 0 15 55 0 0 53 0 0 0 0 
0 43 0 0 0 0 0 0 23 0 0 25 0 0 0 0 0 61 3 0 60 2 0 0 0 17 0 18 0 0 0 0 0 0 0 45 0 51 0 0 8 0 0 0 0 0 4 10 59 54 53 0 56 0 57 0 0 34 0 29 32 0 35 30 
30 0 0 0 29 33 0 0 0 19 0 0 0 13 12 18 0 0 59 0 0 0 0 0 5 9 11 0 0 0 4 0 36 0 0 0 0 0 40 0 64 0 63 1 61 0 0 0 51 0 0 0 0 0 0 0 0 0 0 21 0 0 0 22 
0 0 0 0 53 0 0 0 0 43 40 0 0 37 0 0 16 13 0 0 0 0 0 14 0 33 0 34 0 0 0 0 0 62 63 0 0 3 0 0 0 22 0 0 21 0 20 0 0 6 0 0 0 0 0 7 0 0 0 0 48 0 51 0 
0 11 0 0 0 0 8 0 55 0 0 0 0 0 0 0 0 0 35 0 28 0 31 0 0 0 51 0 0 46 0 47 12 14 0 13 0 0 0 0 40 0 39 41 0 0 0 0 27 0 21 0 0 0 0 23 63 2 0 0 0 0 0 0 
0 0 0 0 0 0 0 0 0 0 8 9 0 0 0 10 0 45 0 0 0 50 0 0 0 0 0 0 0 0 0 0 28 0 0 0 0 35 32 0 0 0 0 0 0 59 0 0 43 0 0 42 0 0 0 0 15 0 0 13 16 12 0 0 
0 0 0 0 0 0 0 13 0 0 0 0 60 0 0 0 0 35 0 0 0 0 0 0 51 55 0 0 54 0 50 53 18 20 0 0 0 25 0 0 0 0 0 47 43 0 0 48 0 0 0 0 0 26 0 0 5 0 7 3 0 0 0 0 
4 9 0 2 0 7 0 0 53 57 54 0 0 0 0 0 30 27 0 0 0 0 0 0 43 0 0 0 0 44 42 45 0 0 13 0 0 17 0 0 0 0 0 0 35 0 34 0 25 20 19 0 22 0 0 0 0 0 63 59 0 0 0 0 
0 0 0 58 0 63 62 0 0 0 0 47 0 43 0 0 0 0 25 23 18 0 21 0 0 0 0 0 0 0 0 0 0 0 0 0 0 0 0 7 0 28 0 0 0 0 26 0 17 0 0 0 0 0 15 0 0 0 0 51 54 0 0 0 
0 0 24 0 0 23 22 0 5 0 0 0 4 3 0 8 0 0 49 0 0 48 0 0 0 0 0 0 62 0 0 61 26 28 0 0 32 0 30 31 0 52 0 0 0 0 50 56 41 0 0 40 0 0 0 0 13 0 0 0 0 0 0 0 
36 0 0 0 0 0 0 37 0 25 0 23 20 19 0 0 62 59 1 63 0 0 0 60 0 15 0 16 14 12 10 0 42 0 0 43 0 0 0 47 0 0 5 7 0 9 2 8 0 52 0 56 0 50 0 0 29 0 0 0 0 0 0 28 
0 49 0 42 0 0 0 45 29 0 30 31 0 27 26 0 0 0 0 7 0 0 5 4 19 23 0 0 0 0 0 21 50 0 0 51 56 57 54 0 0 12 0 15 0 17 0 0 1 0 0 64 0 58 0 0 0 0 0 35 0 0 0 0 
0 0 0 0 51 0 0 0 0 0 0 39 36 35 0 0 0 0 0 0 10 0 0 0 0 31 0 32 0 0 26 0 0 0 61 59 64 0 0 63 0 20 0 0 0 0 0 0 9 4 0 0 0 0 7 5 0 0 0 43 46 0 49 0 
28 33 0 0 0 0 0 0 0 0 14 0 0 0 0 0 54 0 0 0 0 0 0 0 0 7 9 0 6 0 0 5 0 36 37 35 0 0 38 0 0 60 61 0 0 1 0 64 0 0 0 0 0 0 0 0 21 0 23 19 0 0 0 20 
0 7 0 64 1 0 0 3 51 0 0 53 0 0 0 0 0 0 31 29 0 0 0 26 0 0 47 46 0 0 40 0 0 10 0 0 0 15 0 13 0 0 0 0 33 39 0 0 0 0 0 22 20 0 0 19 0 62 61 0 0 0 63 0 
34 39 0 32 0 0 36 0 0 0 20 0 18 0 0 22 60 0 0 0 0 0 0 0 0 13 15 0 12 0 0 0 0 0 43 0 0 47 0 0 4 0 0 0 0 0 64 6 0 0 0 0 0 0 0 0 0 30 0 25 0 0 0 26 
0 0 0 24 0 29 28 0 0 0 12 13 0 0 0 0 52 0 0 0 48 0 51 0 0 0 7 0 0 0 0 0 32 0 0 0 38 0 0 0 0 0 0 61 0 63 0 0 0 0 0 0 0 0 0 43 19 22 0 0 0 0 0 0 
0 0 0 0 17 0 0 0 0 0 0 0 2 0 0 0 0 0 0 0 0 0 0 42 57 0 0 0 0 58 0 0 0 0 0 25 30 0 0 0 0 0 0 0 49 55 48 54 0 0 33 38 36 0 0 35 11 14 0 0 0 8 0 0 
0 0 14 0 0 0 0 0 59 0 0 0 0 57 56 0 36 0 0 0 0 38 0 0 0 0 0 0 0 50 0 51 0 0 0 0 22 23 0 0 44 42 43 0 0 47 0 46 0 0 25 0 0 0 0 0 3 0 0 1 0 0 0 0 
0 55 54 0 49 0 52 51 0 0 0 0 0 0 0 0 12 0 0 0 0 0 11 10 0 29 0 30 0 26 0 0 0 0 59 0 0 63 0 0 0 0 0 0 0 23 0 0 0 0 1 0 4 0 5 3 0 46 45 0 0 0 0 0 
42 0 0 0 0 45 0 0 0 0 28 29 0 0 0 0 0 1 7 0 0 0 3 0 0 0 0 0 0 18 16 0 0 0 0 0 0 0 0 53 0 0 0 0 9 15 0 0 0 0 0 0 60 56 0 0 0 0 0 33 0 0 39 0 
0 0 0 0 57 0 0 0 0 0 0 45 42 0 0 0 0 0 23 0 0 0 19 18 0 37 0 38 0 0 0 35 64 0 0 1 0 0 4 0 0 0 0 0 0 0 0 0 0 0 0 14 0 0 0 0 0 0 0 49 0 0 0 0 
0 0 0 0 48 52 0 50 0 38 0 36 0 0 31 0 11 0 0 12 0 13 10 0 24 0 0 29 0 0 0 26 0 0 0 0 0 0 59 0 19 0 0 0 0 0 15 0 6 0 64 0 0 63 0 0 0 0 0 0 0 0 0 0 
9 14 13 7 8 0 11 0 0 62 0 0 57 0 0 61 0 0 0 36 31 0 0 0 0 0 0 0 0 0 0 0 0 0 0 0 0 0 0 20 43 0 42 0 40 0 0 0 0 0 24 29 0 0 28 0 0 5 4 0 0 0 6 1 
0 0 0 55 56 0 59 0 42 0 0 44 0 0 39 0 0 16 0 0 0 21 0 17 32 0 0 37 0 0 0 0 63 0 2 0 0 6 0 0 27 0 0 28 0 30 0 29 14 0 8 0 0 7 0 0 0 0 0 0 0 47 0 0 
1 0 0 63 0 4 0 0 50 0 0 0 0 0 0 0 27 0 0 0 0 0 0 0 0 0 0 0 0 0 0 42 0 0 0 0 13 0 0 0 35 0 0 36 0 38 0 0 22 0 0 21 0 15 0 0 58 0 0 0 59 0 0 0 
0 0 0 0 0 0 0 0 0 0 0 0 0 0 0 0 0 0 0 4 0 5 2 1 16 0 22 0 0 17 0 0 0 49 50 0 0 54 0 0 0 9 0 12 0 0 0 0 0 57 56 0 0 0 60 58 0 0 0 0 0 31 38 33 
25 0 0 23 0 0 0 26 10 14 0 0 9 0 0 0 0 0 0 0 47 53 0 49 0 0 6 0 0 0 0 2 0 33 0 32 37 38 35 0 59 0 58 0 56 0 0 0 0 0 0 45 0 39 0 0 0 0 20 0 0 0 0 0 
0 0 0 31 0 0 0 0 18 0 0 0 0 16 15 0 0 0 62 0 0 0 58 0 8 0 0 0 0 0 7 10 0 0 0 0 0 0 43 0 0 1 0 0 0 0 0 0 54 49 48 0 0 0 0 0 0 0 28 0 0 0 0 0 
0 0 0 0 0 0 0 0 2 6 0 0 0 0 0 0 43 0 0 0 0 45 0 41 56 0 0 0 59 0 55 0 0 0 26 0 0 0 0 0 0 0 0 0 0 0 0 0 38 0 0 37 0 0 0 0 10 0 0 8 0 0 0 0 
32 0 0 30 0 0 0 0 17 0 18 0 0 0 0 0 58 0 0 0 54 0 0 0 0 0 0 0 0 0 6 0 0 0 41 0 0 0 42 0 2 0 0 0 0 5 0 0 0 0 0 52 50 0 51 0 25 0 27 0 0 22 0 0 
0 45 0 38 39 43 0 0 25 29 26 0 0 23 0 0 2 0 0 3 0 0 0 0 15 19 0 0 0 0 0 0 0 0 0 0 0 0 0 51 0 0 0 0 0 13 0 0 61 56 0 0 0 54 59 57 33 0 35 0 34 0 0 0 
0 61 0 54 0 0 0 0 0 45 0 0 0 0 0 44 0 0 0 0 0 0 0 16 0 0 0 0 0 0 0 0 62 0 0 0 4 0 0 0 26 0 0 27 0 0 0 28 13 0 0 0 0 0 0 0 0 0 0 47 0 0 0 0 
24 29 0 0 0 0 0 25 0 0 0 11 0 7 0 0 50 0 0 51 46 0 0 0 0 0 0 0 0 0 0 0 0 0 0 0 0 0 0 0 58 0 57 0 55 0 0 0 0 0 39 0 42 38 0 0 17 0 0 0 0 0 0 0 
0 53 0 0 0 0 0 49 0 0 0 35 32 0 30 0 0 7 0 0 0 0 9 0 23 0 0 28 26 24 0 25 0 56 57 0 60 0 0 0 0 16 0 0 0 0 14 0 0 0 63 0 0 0 0 1 0 0 0 0 42 0 0 0 
0 0 0 0 0 0 2 1 0 0 0 0 48 0 0 0 0 23 29 0 0 0 0 0 0 0 0 44 0 0 0 0 0 0 0 0 0 0 0 0 0 0 33 0 0 0 0 0 0 16 15 0 0 0 0 0 0 0 0 0 0 54 0 0 
0 0 0 6 0 0 0 9 57 0 0 0 56 55 0 0 34 31 0 35 0 0 0 32 0 51 53 52 0 48 0 0 0 0 0 0 0 0 18 19 0 0 41 0 0 0 0 0 0 24 0 0 26 0 27 25 0 4 3 0 0 0 0 0 
16 0 0 14 0 0 18 0 0 5 0 0 0 0 0 0 42 39 0 43 38 0 0 0 0 59 0 0 0 0 0 0 22 0 25 0 28 0 0 27 0 0 0 0 47 0 0 52 37 0 0 36 0 0 0 33 0 0 0 0 0 6 13 0 
0 0 0 49 0 54 0 0 0 0 0 0 0 0 0 0 13 10 0 14 9 15 12 0 0 30 0 31 0 27 0 28 0 0 60 58 0 0 61 62 21 0 0 22 0 0 0 0 0 3 0 7 0 0 0 0 0 0 0 42 45 41 0 0 
0 0 0 0 58 0 0 0 0 0 0 0 43 0 0 47 0 0 0 0 0 0 0 0 34 38 0 0 0 35 0 0 1 0 4 0 7 0 0 6 0 0 0 30 0 0 25 0 16 0 0 15 13 0 14 12 52 0 54 0 0 0 0 0 
0 0 0 0 0 30 0 0 0 16 13 0 0 0 0 15 53 0 0 0 0 0 0 51 0 0 0 7 0 3 0 0 0 0 0 0 0 40 0 0 61 59 0 62 0 64 57 0 0 43 42 0 0 0 0 0 20 0 0 0 0 17 0 0 
0 0 0 0 0 0 45 0 0 0 29 0 0 0 0 0 5 0 8 0 1 7 0 3 18 0 0 0 0 0 0 0 49 0 52 0 0 0 0 0 0 0 0 0 0 0 9 0 0 0 0 0 0 0 0 0 0 0 0 34 0 33 0 35 
0 0 0 0 0 0 0 4 52 0 53 0 0 50 0 0 0 0 0 0 25 31 0 27 0 0 0 47 0 0 41 44 0 11 12 0 0 16 0 0 0 35 0 0 0 0 0 39 0 0 18 23 0 17 0 0 0 63 0 58 0 0 0 59 
0 0 0 0 0 0 0 0 60 0 61 0 0 0 57 0 37 0 0 0 0 39 36 35 0 0 0 0 53 0 0 0 0 19 0 0 0 24 0 0 0 43 0 46 42 0 41 47 0 0 26 0 0 0 0 28 0 0 6 0 0 0 0 0 
0 0 39 0 34 38 0 0 0 0 21 22 19 0 17 0 61 0 64 0 57 0 60 59 0 0 0 15 13 11 0 0 0 0 0 0 0 0 0 46 0 3 0 0 2 0 0 0 56 0 50 0 0 0 0 0 0 0 0 26 0 0 32 27 
0 24 0 0 0 0 0 20 0 0 5 0 0 0 1 0 45 42 48 0 0 0 0 0 58 0 0 0 61 59 57 60 0 0 0 0 0 0 0 30 0 0 52 0 50 0 0 55 0 35 0 39 0 0 0 0 0 0 0 0 13 0 0 0 
0 12 0 0 0 10 0 0 0 0 0 0 0 0 0 0 0 0 0 0 0 0 32 0 0 50 0 51 49 0 0 0 13 0 16 14 19 0 17 0 0 0 0 0 0 0 37 0 0 0 0 27 25 0 26 0 64 0 2 62 0 0 4 0 
0 0 0 29 30 0 33 32 0 20 0 0 15 0 13 19 57 54 0 0 0 0 56 0 6 0 0 11 0 0 0 0 0 0 0 0 43 0 0 42 1 0 0 0 0 0 61 0 52 0 0 0 0 0 0 0 0 0 0 0 0 21 28 0 
23 0 0 0 0 0 25 0 0 0 9 0 0 6 0 0 0 0 0 0 0 51 48 47 0 2 0 0 0 63 0 64 0 0 0 0 0 0 33 34 0 0 56 58 54 60 53 59 44 0 0 0 0 0 0 0 0 0 0 14 17 0 0 0 
0 0 0 0 14 0 0 0 0 0 0 0 63 0 0 3 0 0 0 0 0 0 0 0 54 58 0 59 0 0 53 0 0 0 0 0 0 0 0 26 49 47 0 0 46 0 0 0 0 0 0 0 0 0 0 0 0 0 0 0 0 5 0 0 
39 44 0 0 38 0 0 40 0 0 0 0 23 0 0 27 0 0 0 0 0 0 0 0 14 0 0 0 17 0 13 16 0 0 0 46 0 0 0 50 0 0 0 0 0 0 0 0 0 55 0 0 0 0 58 0 0 0 0 0 0 0 0 31 
47 0 51 0 0 0 0 0 0 0 33 0 31 0 0 0 0 0 12 0 0 0 0 7 0 0 0 0 25 0 0 0 53 0 0 0 0 0 0 58 0 0 0 0 0 0 0 0 0 0 0 0 1 0 0 0 0 0 42 38 0 37 44 0 
63 0 0 0 0 2 0 0 0 0 49 0 0 0 0 0 25 22 0 26 0 0 0 23 0 42 44 43 41 39 0 40 0 0 0 6 0 12 0 10 0 0 32 0 30 0 0 0 0 0 0 0 17 0 18 0 0 59 0 0 0 53 60 55 
55 0 0 0 0 58 0 56 0 44 41 0 39 0 37 43 0 0 0 0 0 19 0 0 0 0 0 0 33 0 29 0 61 0 0 62 3 0 0 0 0 23 0 0 0 28 21 27 0 7 0 11 0 5 0 8 48 0 0 0 0 0 52 0 
0 0 0 27 0 0 0 0 0 0 0 0 0 12 0 0 55 52 58 56 0 57 54 0 0 0 0 0 0 0 0 0 35 37 0 0 41 0 0 0 0 61 0 0 60 2 0 0 0 45 0 0 47 0 0 0 22 25 0 20 0 19 26 0 
0 18 0 0 12 16 15 0 62 0 0 0 0 60 0 0 0 0 42 40 0 41 0 0 0 0 0 0 55 0 0 54 0 21 0 0 25 0 0 0 47 0 46 48 0 0 43 49 0 0 0 0 0 27 0 30 0 0 8 4 7 0 0 0 
5 0 9 0 0 0 0 0 54 0 0 0 0 0 51 57 0 0 34 0 0 0 30 29 0 0 50 49 47 0 0 0 11 13 0 0 17 18 0 0 0 0 38 40 36 42 0 41 0 0 0 0 0 0 0 22 62 0 64 0 63 0 0 0 
0 0 25 0 20 0 0 0 0 0 0 8 0 0 0 0 0 0 50 0 0 0 0 45 60 0 0 0 63 61 0 0 0 29 0 28 0 0 0 0 55 0 0 0 52 0 0 0 42 37 36 41 0 0 0 0 0 17 0 0 0 11 0 13 
0 58 57 0 0 56 0 0 0 0 0 0 0 36 0 0 15 0 0 0 0 0 0 0 0 0 0 0 31 0 0 30 0 61 0 0 0 0 0 0 0 0 0 0 20 0 0 0 0 0 0 0 7 0 0 0 0 49 0 0 47 43 0 0 
0 2 0 59 0 64 0 0 46 0 0 0 0 44 0 0 0 20 0 0 0 0 22 21 0 0 42 41 0 0 0 38 0 0 0 0 0 0 0 8 0 29 0 0 0 0 27 0 0 0 12 0 15 11 0 0 0 0 56 0 0 0 0 0 
0 50 0 43 44 0 0 0 0 0 0 32 0 0 0 33 0 0 0 0 0 0 6 0 0 0 26 0 0 0 19 0 0 0 0 52 0 58 0 0 0 0 0 0 0 18 11 0 0 0 60 1 63 0 0 62 0 41 0 0 39 35 42 0 
0 0 0 35 0 40 0 0 0 0 23 24 0 0 19 0 0 0 0 0 0 0 0 61 0 16 0 17 0 13 0 0 43 0 0 0 49 0 47 0 0 0 6 8 4 10 0 0 0 0 0 0 0 51 0 0 30 0 0 0 0 0 0 0 
