8
0 0 0 25 0 0 0 23 58 0 0 0 0 0 0 0 0 0 12 0 0 0 0 0 32 36 0 0 0 0 31 30 0 50 52 51 0 46 0 0 0 0 0 0 0 0 0 0 0 0 0 19 0 0 0 0 2 5 3 0 0 0 1 0 
52 0 48 0 0 51 46 0 0 0 0 0 16 20 14 0 0 35 0 0 0 0 0 0 0 60 0 0 0 0 55 0 0 0 0 0 0 0 0 9 4 0 0 3 63 0 0 0 45 0 0 0 0 39 0 0 0 29 0 23 0 0 0 0 
0 0 0 0 0 0 0 0 0 0 0 0 0 0 38 45 0 0 0 0 0 0 54 0 0 20 0 17 19 0 15 0 0 0 36 0 0 0 0 0 0 0 0 27 0 26 0 0 0 0 1 0 0 0 0 0 50 0 0 0 0 0 49 46 
0 34 32 33 37 35 0 31 0 3 0 0 0 0 0 0 0 0 0 0 18 15 14 0 0 44 42 0 43 45 39 38 0 58 0 59 0 0 0 57 0 49 0 0 0 50 46 53 0 0 0 0 0 0 0 0 0 13 0 7 0 0 0 6 
0 0 64 1 5 0 0 0 0 0 33 0 32 36 0 0 0 51 0 48 0 47 0 0 8 0 0 0 11 0 0 0 23 0 0 0 24 22 29 0 0 0 0 19 15 18 0 0 0 0 0 59 0 55 0 0 42 0 0 0 40 44 0 0 
0 0 0 57 61 0 0 0 0 0 0 0 0 0 0 0 0 0 44 0 0 0 0 0 0 0 0 0 0 5 0 0 0 0 0 0 16 0 0 17 0 0 0 0 7 0 0 0 0 0 0 0 0 0 48 52 0 0 0 31 0 0 0 0 
0 0 0 0 0 0 0 0 0 0 0 0 0 52 0 0 1 3 4 0 0 0 0 5 0 0 0 25 27 0 23 0 0 42 0 0 40 0 45 41 0 33 0 35 31 34 0 0 13 0 0 0 0 0 0 12 58 0 0 0 0 0 0 0 
0 0 40 0 0 43 0 39 10 11 0 0 0 0 0 0 0 27 0 0 26 0 0 0 48 0 0 0 51 53 0 46 63 0 0 0 0 0 0 1 60 0 0 59 0 58 0 0 0 0 0 35 0 0 32 0 0 0 0 0 0 0 17 0 
0 59 0 0 62 60 55 0 27 28 26 0 0 0 0 30 0 0 0 41 43 40 0 46 0 0 0 0 0 0 64 63 16 0 0 0 0 15 0 0 13 0 0 0 0 11 0 0 0 0 50 52 51 0 49 0 0 0 36 32 0 0 0 31 
21 19 0 18 22 0 0 0 0 0 0 48 49 0 0 54 0 0 5 1 0 0 0 6 0 0 0 0 0 0 0 0 0 0 45 44 41 0 46 42 0 0 0 0 0 0 31 0 0 0 10 12 0 8 9 13 0 62 0 0 57 61 0 0 
0 0 49 0 0 0 47 0 0 20 18 0 17 0 0 0 0 0 0 0 35 32 0 0 0 0 0 0 0 0 0 55 8 11 0 12 0 0 14 10 0 0 0 0 64 0 0 6 46 0 0 44 0 0 0 0 27 0 0 0 0 0 0 0 
37 35 0 34 0 0 0 0 0 4 0 64 0 5 0 0 18 20 0 0 19 0 0 22 0 0 43 0 0 46 0 0 0 0 61 60 0 0 0 0 0 0 49 0 0 0 0 0 0 23 0 0 27 24 25 0 0 0 0 0 9 0 0 0 
0 0 0 0 0 4 0 0 35 0 0 0 0 37 0 0 0 0 0 0 0 48 47 54 9 0 0 10 0 0 0 0 0 27 29 28 0 0 0 0 0 18 0 0 0 0 15 0 0 0 0 60 0 56 0 0 0 46 44 40 0 0 0 0 
0 0 0 0 0 0 0 40 0 12 0 0 0 0 0 0 0 0 0 0 0 0 0 0 49 0 51 0 0 54 0 0 64 0 0 0 0 63 0 0 0 0 0 60 0 0 0 0 38 0 0 0 0 0 0 0 19 0 0 16 0 0 0 0 
0 27 25 0 0 0 0 0 0 0 0 56 0 0 55 0 10 0 0 0 0 8 0 0 0 0 0 34 0 0 0 0 0 0 53 0 49 0 0 0 0 0 0 0 0 0 0 0 0 0 0 0 19 0 17 21 3 0 4 0 0 0 0 63 
0 11 9 0 0 0 0 0 0 0 0 40 0 0 0 0 58 60 0 0 59 0 0 0 17 21 19 0 0 0 16 0 0 0 0 0 0 31 0 0 0 0 0 0 0 27 23 0 0 63 0 0 0 64 0 0 51 0 0 48 0 53 50 0 
27 25 0 0 0 26 0 0 0 0 0 0 0 59 0 0 0 10 0 0 0 6 0 0 31 0 0 0 0 0 0 29 46 49 0 0 0 45 0 0 43 0 0 0 38 0 0 0 0 0 0 0 17 14 0 0 0 0 2 0 0 0 0 0 
0 17 15 0 0 0 13 14 0 0 48 0 47 0 45 0 0 0 0 0 0 0 0 0 23 0 0 24 26 28 0 0 38 0 0 0 0 37 0 40 0 32 31 34 0 0 29 36 0 5 0 0 9 0 0 0 0 60 58 0 0 59 56 0 
35 0 0 0 36 34 0 30 0 2 64 0 0 0 0 0 16 0 0 0 0 14 13 0 0 0 41 0 42 0 38 0 0 0 0 58 0 53 0 56 0 0 0 0 0 0 0 0 0 0 24 0 0 0 23 0 9 12 0 0 0 11 0 0 
0 49 47 48 0 0 0 0 17 18 0 14 0 0 13 20 32 0 0 0 0 0 0 36 55 0 0 56 0 0 0 0 6 0 0 0 7 0 0 0 3 0 0 2 62 0 0 4 44 37 40 42 0 38 0 0 0 0 0 22 23 0 24 21 
0 57 55 0 0 0 53 54 0 26 0 22 23 0 0 28 0 0 43 0 0 0 0 44 63 0 0 64 2 0 0 0 14 0 0 18 0 0 0 0 11 0 0 10 0 0 0 0 0 0 0 50 49 0 0 0 0 36 0 0 0 35 0 29 
0 0 0 40 44 0 0 38 0 10 8 6 0 11 0 12 0 26 0 0 0 0 21 0 0 0 0 0 50 0 0 0 0 0 3 0 0 61 0 64 0 0 0 0 54 0 0 60 0 0 0 0 33 0 0 0 17 0 0 0 0 19 16 0 
0 0 0 64 0 2 0 62 0 34 0 0 0 0 29 0 0 0 51 0 0 0 0 0 0 11 9 8 10 0 0 0 22 25 0 26 0 21 0 0 19 0 15 0 0 0 0 0 0 0 56 0 0 54 55 0 0 0 0 0 39 0 0 0 
0 9 7 0 0 10 0 0 0 0 0 0 0 0 0 0 0 58 0 0 0 0 53 60 0 0 0 16 18 0 0 0 0 33 0 0 31 29 36 0 0 0 0 0 0 0 0 28 0 0 0 0 0 0 0 3 0 0 0 46 0 0 48 0 
0 0 0 0 0 0 0 12 0 0 0 44 0 0 0 50 62 0 1 0 0 60 59 2 0 0 0 22 0 0 0 19 0 0 0 0 0 0 0 0 0 0 29 0 28 0 0 0 10 0 0 0 0 4 0 9 0 0 0 0 0 0 0 0 
25 0 0 0 0 0 0 20 0 56 0 0 0 57 0 0 0 8 0 0 0 0 0 10 29 0 31 0 0 0 0 27 0 0 0 0 0 0 50 0 41 0 37 0 0 0 0 0 18 11 0 0 0 12 0 17 0 2 64 60 0 1 0 0 
0 0 0 0 0 0 59 0 31 0 0 0 0 0 0 0 0 0 49 45 0 0 0 50 0 0 7 6 0 0 4 0 0 0 0 0 0 0 26 0 0 0 0 0 0 0 0 0 58 0 0 56 0 0 0 57 39 0 0 0 0 0 38 0 
57 0 0 54 58 0 0 0 23 24 0 20 0 25 19 26 38 0 41 0 0 0 35 0 61 0 0 0 64 2 0 0 0 0 0 0 0 11 0 14 0 6 5 8 0 0 0 0 0 0 46 48 0 0 0 0 0 0 32 0 29 0 0 0 
9 0 5 0 10 8 0 0 0 40 0 0 0 41 0 0 54 56 0 0 0 0 51 0 0 0 0 0 0 0 0 11 0 0 33 0 0 0 0 0 0 22 0 0 0 23 0 0 2 59 0 0 0 60 0 1 0 0 0 0 45 0 0 0 
0 0 29 0 0 0 27 0 0 0 0 60 0 0 0 0 0 0 17 0 15 0 0 0 37 0 0 0 40 0 0 0 52 55 0 56 53 0 0 0 0 46 45 0 0 47 0 50 26 0 22 24 0 0 21 0 0 0 0 0 0 0 0 0 
41 0 0 0 0 0 0 36 0 8 6 0 0 0 0 10 22 0 0 21 0 0 19 0 0 0 0 46 0 0 0 0 60 0 0 0 0 0 2 0 0 0 53 0 52 0 0 0 34 27 0 32 0 0 29 0 0 0 0 12 0 0 0 0 
0 0 0 46 0 48 0 44 0 0 0 12 13 0 11 0 30 0 33 0 0 0 0 0 0 57 55 0 0 0 52 51 0 7 0 0 5 0 10 6 1 62 0 0 0 0 59 2 0 0 0 40 0 36 0 0 0 0 0 20 21 25 0 19 
0 0 0 39 0 0 36 0 0 0 0 0 0 0 0 0 23 0 26 0 0 0 20 0 46 0 48 0 49 51 0 0 0 64 0 1 0 60 0 63 0 55 0 0 0 0 0 0 35 0 0 0 0 29 30 0 0 0 0 0 0 0 15 0 
0 0 62 0 0 0 0 61 32 0 0 29 0 0 0 35 47 0 0 0 0 45 0 0 0 10 0 0 0 0 5 4 0 0 0 0 0 0 0 0 0 15 0 0 0 0 12 19 59 52 0 0 0 0 0 0 40 0 0 0 38 42 0 36 
0 32 0 31 35 0 0 0 0 0 63 61 62 2 0 0 0 17 0 0 16 13 12 0 38 0 0 39 0 0 0 36 0 0 58 0 54 0 59 55 0 47 0 0 45 48 44 0 0 0 23 25 24 21 0 0 0 0 0 0 6 10 0 4 
0 0 0 15 0 17 0 13 0 0 47 0 46 0 44 0 63 1 2 0 0 0 60 0 0 0 0 23 0 27 0 0 0 40 0 0 38 36 0 0 0 31 0 0 0 0 0 0 11 0 7 9 0 5 0 10 0 59 0 53 0 0 0 0 
0 0 0 0 0 0 0 0 0 0 0 37 38 0 0 43 0 0 0 0 0 53 0 59 0 0 0 0 0 19 0 0 0 0 34 33 0 0 0 0 0 23 0 0 21 0 0 0 3 0 63 0 0 0 0 0 48 0 49 0 0 50 0 44 
0 48 0 0 51 49 0 45 0 0 15 0 0 0 12 0 0 33 0 0 0 0 0 0 54 0 56 55 57 0 53 0 5 0 10 0 6 0 0 0 0 0 62 0 61 0 60 3 0 36 0 0 0 37 0 0 0 0 25 0 22 26 0 0 
0 0 0 23 0 25 0 21 0 0 0 0 0 0 0 59 0 0 0 0 8 0 4 0 30 34 0 0 0 35 0 28 45 0 0 0 46 44 0 47 0 39 0 0 0 0 0 43 19 0 0 0 0 0 0 18 0 3 0 61 0 0 0 0 
0 0 54 0 0 57 0 0 0 0 0 0 22 0 0 0 0 0 0 0 0 37 36 0 0 2 0 63 0 0 0 0 0 0 18 0 0 0 19 0 0 0 0 9 5 0 0 0 51 0 47 0 0 0 0 0 32 0 0 0 0 34 0 0 
0 0 0 0 0 0 0 18 0 0 0 50 0 55 0 0 0 0 0 3 0 2 1 0 27 0 0 28 0 0 0 0 0 45 0 0 43 41 0 44 39 0 0 0 0 0 0 0 16 0 0 0 0 0 11 0 0 0 0 0 0 63 0 57 
0 0 0 52 56 54 0 0 0 22 20 18 0 23 0 24 0 0 0 0 0 0 0 0 59 0 61 0 0 64 0 0 0 13 15 14 0 9 0 0 7 0 0 6 0 5 0 0 0 0 0 0 45 42 43 47 0 0 0 26 0 0 0 0 
39 0 35 36 0 0 0 0 5 6 0 0 3 0 0 8 0 0 0 0 0 0 17 24 0 0 0 0 0 0 0 0 0 0 0 0 0 57 0 0 55 0 0 0 50 0 49 56 0 25 28 0 0 0 27 0 0 0 14 0 11 15 12 9 
15 0 11 0 0 0 0 0 0 46 44 0 0 0 41 0 60 0 0 0 0 58 0 64 0 0 21 20 22 24 18 0 0 0 39 0 0 0 0 0 0 28 0 30 0 29 25 0 0 0 0 0 0 0 0 7 53 0 54 50 51 0 0 0 
7 0 0 4 0 6 0 2 37 38 36 34 0 0 0 0 0 0 0 0 53 0 0 0 0 15 13 0 14 16 10 9 0 29 0 0 0 25 32 0 0 0 19 22 0 21 0 24 0 57 0 0 61 0 0 0 45 0 0 0 0 0 0 41 
63 0 0 0 64 0 0 58 0 30 28 0 27 0 0 0 44 46 0 43 45 42 0 0 3 0 5 0 6 0 0 1 0 0 0 22 19 0 24 0 15 0 0 0 0 0 0 0 0 49 52 0 53 0 0 55 0 40 0 0 0 39 0 0 
47 45 0 0 48 46 0 42 13 14 0 0 11 0 9 0 0 30 0 0 29 0 0 0 0 0 0 0 54 0 0 0 0 5 7 0 0 0 0 0 0 0 59 0 58 61 57 0 40 0 36 38 37 0 0 0 0 0 0 0 19 0 0 17 
0 29 0 0 0 30 0 26 61 0 60 58 59 0 0 0 0 14 15 0 0 10 0 0 0 0 37 0 38 0 0 0 0 53 0 54 0 49 0 0 0 0 0 0 0 0 41 0 0 0 20 0 21 0 0 23 5 0 0 0 0 0 4 0 
6 0 0 0 0 0 0 1 36 37 35 33 0 38 0 0 0 0 0 0 0 0 48 55 10 0 0 0 13 15 0 0 0 0 0 0 0 0 31 0 0 19 18 21 0 20 16 0 63 0 59 61 60 57 0 0 0 0 45 41 0 0 0 40 
0 0 58 0 0 0 0 57 0 0 27 0 0 0 0 0 0 0 0 0 0 41 40 0 0 0 4 0 0 0 1 64 17 0 0 0 0 0 0 0 14 0 0 0 0 0 0 0 0 0 0 0 0 49 50 54 0 0 0 33 34 0 0 32 
0 0 0 19 0 21 0 0 0 53 0 49 50 0 48 55 3 0 6 0 0 0 0 0 26 0 0 27 0 31 0 0 0 0 0 45 0 0 0 0 0 0 34 0 0 36 32 0 0 8 0 0 12 9 0 0 0 0 0 57 0 0 0 56 
0 0 0 0 0 37 0 33 0 5 0 1 0 0 0 0 0 0 0 18 20 17 0 23 0 46 0 0 0 47 0 0 0 60 0 61 0 0 0 59 0 0 0 0 49 0 0 0 31 0 0 29 0 0 26 0 0 0 0 0 0 0 0 8 
0 28 0 27 0 0 0 0 0 0 0 57 0 62 0 63 0 0 0 0 0 0 8 15 0 38 0 0 37 0 0 32 0 0 0 53 0 0 0 0 46 43 42 0 0 0 0 47 0 0 19 0 0 0 18 0 0 0 0 0 0 0 0 0 
0 0 0 0 15 13 0 0 0 45 0 0 42 0 0 47 0 0 62 0 0 57 0 0 0 0 20 0 0 0 17 0 33 0 0 0 0 0 0 0 30 0 26 29 0 28 0 31 0 0 0 0 0 1 0 6 52 0 0 0 50 0 0 48 
0 0 42 0 0 45 40 41 0 13 0 0 0 0 0 0 0 0 30 0 0 25 0 31 0 0 0 51 0 0 0 48 0 4 0 5 0 64 0 3 62 0 58 0 0 60 0 0 39 0 0 0 0 0 34 0 0 0 0 0 0 0 19 0 
54 0 50 0 0 0 0 0 0 0 19 0 18 0 16 0 0 0 0 34 36 0 0 0 0 0 60 59 61 0 0 56 0 0 14 0 0 8 0 0 6 0 2 5 1 0 0 7 0 40 0 0 44 0 0 0 28 0 0 0 0 30 0 24 
0 0 52 0 0 0 0 0 0 23 0 0 0 0 0 0 0 39 0 0 0 35 0 41 0 0 0 0 63 0 0 0 0 0 0 0 0 0 0 13 8 0 4 0 3 6 0 9 0 0 0 0 46 0 44 0 30 33 0 27 28 0 0 26 
0 0 0 0 0 0 0 0 0 0 37 0 36 0 34 0 0 0 0 0 0 0 0 0 0 0 14 0 15 0 0 10 0 0 0 31 0 26 33 0 0 0 0 0 0 0 0 25 1 58 0 63 62 0 60 0 46 0 47 0 0 0 45 42 
32 0 0 0 33 0 0 0 62 0 0 59 0 0 0 1 0 15 16 0 14 0 10 17 0 0 0 37 0 0 35 0 51 0 0 0 0 0 0 0 0 45 44 0 0 0 42 49 0 18 0 0 0 0 0 0 6 9 0 0 0 0 0 0 
0 0 36 37 0 0 0 0 0 0 5 0 0 8 0 0 21 0 0 0 22 0 0 25 0 48 0 0 0 0 0 0 0 62 0 0 0 0 1 0 0 53 0 0 51 0 0 0 0 0 0 0 30 0 28 0 0 0 0 11 0 16 0 0 
0 0 0 0 0 47 0 43 14 15 0 0 0 16 0 0 0 0 0 28 30 0 0 33 0 56 0 0 0 57 0 0 3 6 8 0 0 0 9 0 64 0 60 63 0 62 58 0 0 0 0 39 0 0 0 40 0 25 0 0 20 0 0 18 
0 62 0 0 0 63 0 59 0 0 0 27 28 32 0 0 0 0 0 44 46 0 0 49 4 0 0 0 0 9 0 0 19 0 24 0 0 0 0 0 16 13 0 0 11 14 0 0 0 50 53 0 0 0 0 56 38 41 0 0 36 0 0 0 
0 0 0 0 17 0 0 0 0 0 45 43 0 48 0 0 0 0 0 0 0 59 0 0 0 24 0 0 0 25 0 18 35 0 0 39 36 0 41 37 0 29 0 0 27 30 0 0 0 0 5 0 6 3 0 8 0 0 0 0 0 56 53 50 
24 0 0 0 0 0 18 19 0 55 0 0 0 0 0 0 5 7 0 0 0 3 0 0 0 32 0 0 0 0 0 0 43 0 0 0 0 42 49 45 0 0 0 39 0 0 0 0 17 0 0 0 14 0 0 0 0 0 63 0 0 0 0 58 
