8
0 0 0 47 0 0 0 0 0 0 61 0 63 0 0 0 0 0 9 0 12 10 0 0 0 29 30 0 0 0 0 0 0 0 0 23 0 0 0 0 0 0 51 0 0 0 49 0 0 0 0 6 0 7 0 0 0 0 37 0 0 0 0 0 
0 0 0 39 37 34 0 0 52 49 53 0 0 0 50 0 0 8 1 0 0 0 6 0 0 0 22 0 0 24 0 0 0 0 0 0 0 10 16 0 0 0 0 0 44 0 41 0 0 0 57 62 59 63 0 0 0 0 0 0 32 0 28 27 
0 0 22 23 0 0 17 20 0 33 37 0 0 0 0 0 0 0 49 0 0 50 54 0 0 0 0 0 4 0 3 0 59 62 0 63 0 0 0 0 0 0 0 0 0 0 0 0 48 0 41 0 43 47 42 0 0 0 0 0 0 0 0 11 
0 0 0 0 0 0 0 0 0 0 0 0 7 0 2 0 0 24 17 21 20 0 0 0 39 0 38 0 0 0 35 0 0 30 29 0 0 26 0 0 0 0 0 0 0 0 57 64 16 0 9 0 11 0 10 12 42 0 0 0 48 0 0 0 
27 32 0 31 0 26 0 28 0 41 0 0 0 0 0 46 0 64 0 0 60 0 0 0 0 13 14 0 0 0 0 0 3 6 0 0 0 0 0 0 39 0 0 0 0 34 0 0 0 0 0 0 0 55 0 0 0 22 21 0 0 23 0 19 
0 0 0 0 0 0 0 0 20 0 0 0 23 0 0 0 0 0 33 0 0 0 0 0 0 53 54 0 52 56 0 49 43 46 0 0 44 0 0 0 0 0 0 14 0 0 9 0 32 0 0 0 0 0 0 0 0 0 0 0 0 0 60 59 
0 16 0 0 0 0 0 0 0 25 0 0 0 32 0 0 47 0 0 0 44 0 46 0 0 61 62 58 60 64 0 0 0 54 0 55 52 0 56 0 0 21 19 0 0 0 0 24 0 0 0 0 35 0 0 36 2 0 0 1 0 7 0 0 
59 64 0 63 0 0 57 0 0 0 0 0 0 16 10 0 0 0 0 0 28 0 30 27 0 0 0 0 0 0 0 0 0 38 0 39 36 34 0 0 0 0 3 0 0 0 0 0 24 21 0 22 0 0 0 0 0 0 0 0 0 0 0 51 
0 0 0 0 64 0 0 63 15 0 0 0 0 0 0 0 0 0 28 0 31 0 33 0 0 0 0 45 47 51 46 44 0 0 0 0 39 37 0 36 0 0 0 9 0 0 0 0 0 0 20 25 22 0 0 23 0 0 0 0 0 58 55 54 
0 0 25 0 0 0 0 0 0 36 40 0 0 0 0 41 0 59 0 0 0 0 0 0 0 0 0 5 0 11 0 0 62 0 0 0 63 61 0 0 34 0 30 0 0 0 28 0 51 0 0 0 0 0 45 0 0 17 16 0 0 18 0 0 
0 0 41 0 0 37 0 39 0 0 0 54 0 59 53 57 10 0 0 8 0 5 0 0 0 24 0 0 23 0 0 20 0 17 0 0 0 13 0 0 0 0 0 0 0 45 0 0 0 64 60 0 0 0 0 0 29 0 0 0 0 34 0 0 
0 19 0 18 0 0 0 0 0 0 0 0 0 0 0 33 0 0 0 48 0 0 0 0 2 64 1 0 0 0 0 60 54 0 0 0 0 0 59 52 0 0 0 0 0 0 0 0 0 0 0 0 0 0 0 0 0 0 0 0 0 10 0 0 
0 51 0 0 0 0 0 47 63 0 0 0 2 3 61 0 0 0 12 16 0 0 0 14 34 0 33 0 0 35 0 0 0 0 0 26 0 0 27 0 58 56 54 57 55 53 0 0 0 0 0 0 6 10 5 0 0 0 0 0 0 0 39 0 
0 0 0 34 32 0 0 31 0 0 48 0 0 51 0 0 0 0 0 64 0 0 0 0 0 16 0 0 15 0 0 0 0 0 0 0 0 0 0 4 42 0 0 41 0 0 0 0 59 0 0 0 0 0 0 0 0 0 0 0 0 0 0 0 
0 59 57 0 56 0 0 0 0 0 8 0 0 11 0 0 0 0 0 0 0 21 0 0 0 0 0 0 39 43 0 0 0 33 0 34 0 0 35 0 2 0 0 0 0 0 0 0 0 0 0 17 0 0 13 0 45 0 48 44 0 0 0 0 
0 0 0 10 0 0 0 7 0 0 24 22 0 0 0 25 42 43 36 40 39 0 0 0 0 0 0 53 0 0 0 52 0 0 0 50 47 45 0 44 0 16 0 0 0 0 0 19 0 32 0 0 30 34 0 0 61 1 0 0 0 0 63 0 
17 0 0 0 19 0 15 18 0 0 35 33 37 38 0 36 0 54 47 0 50 0 0 49 0 0 4 64 0 0 0 0 0 0 59 61 0 56 62 0 29 27 25 28 0 0 23 0 0 0 0 0 0 0 0 0 8 0 0 7 0 0 0 0 
0 0 0 37 0 0 0 0 0 0 51 0 0 0 0 0 0 0 0 0 0 0 0 0 0 19 0 0 0 0 17 0 0 0 0 0 10 0 14 0 0 0 0 0 0 0 0 46 0 0 0 60 0 0 0 0 0 28 0 0 0 0 0 0 
0 0 44 45 0 40 0 42 58 0 0 57 0 0 0 0 0 0 7 0 0 8 0 9 0 27 0 0 0 0 0 23 0 0 19 0 0 0 0 0 53 0 49 0 50 0 0 0 6 3 0 4 0 0 64 0 0 36 0 0 0 0 34 33 
0 62 0 0 0 56 0 0 0 0 11 0 0 0 0 0 29 30 23 0 0 0 0 0 0 43 0 0 0 0 0 0 0 0 35 37 0 0 0 0 5 0 1 0 0 64 0 6 22 0 0 20 17 0 0 18 48 0 0 47 54 0 0 49 
0 0 12 0 0 0 0 0 0 0 0 0 29 0 24 0 0 0 39 0 42 0 0 0 0 59 0 0 58 0 0 0 49 0 51 0 0 0 0 0 0 0 0 0 0 0 0 22 0 0 31 0 33 37 0 34 64 4 0 0 6 0 0 0 
0 0 0 5 0 0 0 0 0 0 0 17 0 22 16 20 0 0 0 35 0 0 0 33 0 0 0 0 0 0 0 47 0 0 0 0 0 0 0 0 13 0 0 0 0 8 7 14 0 27 0 28 25 0 24 0 56 0 0 55 0 61 0 57 
0 0 0 0 27 0 23 0 0 0 0 0 45 0 0 0 61 0 0 0 0 0 60 57 13 11 0 8 10 14 9 0 0 0 3 0 0 0 0 0 0 35 0 0 0 32 0 0 54 0 47 52 49 0 48 50 0 0 19 0 0 0 0 0 
49 54 0 0 0 0 0 0 2 0 3 1 5 6 0 0 21 0 0 0 0 0 20 17 0 0 0 32 0 0 0 0 0 0 0 0 0 0 0 0 61 59 0 60 0 0 0 62 0 0 0 0 9 0 0 0 0 0 0 39 0 45 0 0 
0 0 0 0 0 0 0 0 0 0 42 0 0 45 0 0 60 0 0 58 0 0 0 0 12 0 11 0 0 0 0 6 0 0 0 0 0 0 0 0 36 34 0 0 0 0 0 0 53 50 0 0 0 0 47 0 0 19 18 0 21 20 0 16 
0 21 0 0 18 0 0 0 0 30 0 0 0 0 0 35 52 0 0 0 0 0 0 0 0 2 3 63 0 5 64 0 56 0 0 0 0 0 0 0 0 26 0 0 0 23 0 29 0 0 38 43 40 0 0 0 0 0 10 0 13 0 0 0 
48 53 51 0 50 0 46 0 1 0 0 0 0 5 0 0 0 0 14 18 0 0 19 0 0 34 0 0 0 0 0 0 0 27 26 28 25 23 0 0 60 0 0 0 0 55 54 0 0 10 0 11 0 12 7 0 0 0 0 0 0 0 0 40 
0 0 0 44 0 0 0 41 57 0 0 0 0 0 0 0 0 0 0 0 0 0 0 0 0 0 0 0 0 0 0 0 0 0 0 0 0 0 0 0 0 50 0 0 0 0 0 0 0 2 0 0 64 0 0 0 0 0 0 30 0 0 0 0 
0 0 59 0 58 0 54 57 9 6 0 0 0 0 0 11 0 0 0 0 0 0 27 24 0 0 0 0 0 0 0 0 0 0 0 36 0 0 0 0 0 2 64 3 0 63 62 0 21 0 0 0 0 0 0 0 0 51 0 46 0 0 49 0 
0 0 0 4 0 0 0 0 0 0 0 0 20 0 15 19 0 37 0 0 33 31 0 0 0 50 0 47 49 0 0 0 0 0 42 44 0 39 0 38 12 0 0 0 0 0 6 0 29 0 22 0 24 28 0 0 55 0 58 0 0 0 0 56 
32 0 0 0 0 0 0 0 0 0 0 48 0 0 47 0 0 5 0 0 0 0 0 64 20 0 0 0 0 0 0 0 0 0 0 12 9 0 0 0 0 42 0 0 41 0 0 45 61 0 0 59 0 0 55 0 0 0 26 0 0 28 0 0 
0 13 11 0 0 0 0 9 25 22 0 0 0 29 0 0 0 45 0 42 0 39 0 0 0 0 0 55 0 0 0 54 0 51 50 0 49 47 0 0 20 18 0 0 17 0 0 0 0 0 0 0 0 0 0 0 0 3 0 62 5 0 0 64 
0 0 0 0 9 0 0 0 0 0 0 0 0 0 0 0 0 0 0 41 0 38 42 39 0 0 0 54 0 60 0 53 47 50 49 0 0 0 0 0 0 0 0 18 16 14 0 0 36 0 0 0 0 0 0 0 0 0 1 0 4 3 0 0 
39 44 42 0 41 0 0 0 56 0 0 55 0 60 0 0 0 0 0 0 0 6 0 7 0 0 0 22 0 0 0 21 0 18 17 0 0 0 0 0 0 0 0 50 0 46 45 52 0 0 0 0 0 0 62 0 30 34 0 29 0 0 0 0 
0 0 2 3 0 0 0 0 0 13 0 0 0 0 14 0 0 0 29 33 0 0 34 0 0 0 0 0 48 52 0 45 0 42 0 0 0 0 0 0 0 0 0 0 0 0 0 12 0 0 0 26 0 0 22 24 54 0 57 53 0 0 0 55 
55 0 0 0 0 0 0 0 0 0 0 7 11 0 0 0 0 0 0 0 24 22 0 0 0 41 0 0 0 0 0 37 0 0 0 35 0 0 36 29 3 1 0 0 0 0 0 0 0 17 0 0 0 0 0 16 0 50 49 45 52 0 0 0 
0 0 18 0 17 0 13 0 32 0 0 0 0 36 30 0 51 52 0 0 0 0 50 47 3 0 0 0 0 4 0 61 0 0 0 0 0 0 0 53 0 25 0 0 24 22 21 0 44 0 37 0 0 0 38 0 0 10 0 0 0 0 8 0 
31 0 34 0 0 0 0 0 0 45 0 47 0 52 0 0 0 0 0 0 0 0 0 0 0 0 18 0 16 0 15 0 0 0 9 0 0 6 0 0 43 0 0 42 0 0 37 0 60 0 0 0 0 0 0 0 0 0 0 0 28 27 0 0 
0 0 0 51 49 0 0 0 0 0 0 0 0 4 0 0 0 0 0 0 0 0 18 0 35 33 34 0 0 0 0 29 23 0 0 0 0 0 0 0 0 57 0 0 0 54 0 60 12 9 0 0 0 0 0 0 0 0 0 37 0 43 0 0 
0 28 0 0 0 0 21 0 0 37 0 0 0 44 0 0 59 0 0 0 0 0 0 0 0 0 0 0 8 0 0 0 0 0 0 3 0 0 0 0 35 0 0 34 0 0 0 36 0 0 0 50 0 0 46 0 0 18 17 0 0 19 0 15 
0 0 0 54 52 0 0 0 0 0 4 0 6 0 0 5 0 0 16 0 0 0 21 18 0 36 0 0 35 0 0 32 26 0 0 30 0 25 31 0 0 0 0 0 0 0 0 63 0 12 0 13 0 0 9 0 41 0 0 40 47 46 43 0 
18 23 0 0 0 17 16 0 35 0 36 34 0 0 33 37 0 0 0 52 0 0 0 50 0 0 0 0 3 0 2 0 0 0 0 0 0 57 0 56 0 0 0 29 27 25 0 0 47 44 40 0 0 0 0 43 0 0 0 8 0 0 11 0 
0 39 37 0 0 0 0 0 51 48 0 0 0 0 0 53 0 0 0 4 0 0 0 0 0 0 0 0 0 0 18 16 0 0 0 0 0 9 0 0 0 44 0 0 43 41 0 0 0 0 0 0 0 0 57 59 0 0 0 0 0 0 0 0 
2 7 0 0 4 0 64 0 19 0 0 0 0 23 0 0 0 0 0 36 35 0 37 0 0 0 0 0 51 0 0 48 0 0 0 0 0 41 0 0 0 0 0 13 11 0 8 0 0 0 24 29 0 30 0 0 0 0 0 0 0 62 0 0 
0 0 0 0 60 0 56 59 0 8 12 0 0 15 0 13 30 0 0 28 0 0 0 0 0 0 0 41 43 47 42 0 0 37 36 38 35 0 0 0 0 0 0 0 0 0 64 7 0 20 0 0 0 0 17 0 0 0 52 48 0 0 0 0 
0 0 0 0 28 25 0 0 0 40 0 42 0 0 41 45 62 0 0 0 0 0 61 0 14 0 0 0 0 15 0 0 2 0 0 0 3 0 0 64 0 0 0 37 35 0 0 39 55 0 0 0 50 0 0 0 0 0 20 0 23 0 0 0 
0 0 45 0 0 0 0 0 0 0 0 58 0 0 0 0 0 0 0 0 11 0 0 0 30 0 0 0 0 31 26 0 0 21 20 0 0 17 0 16 54 0 0 0 0 0 0 0 0 0 0 5 2 0 0 0 0 37 0 32 0 0 35 34 
0 15 0 14 0 9 8 0 0 24 0 0 30 0 0 0 46 0 0 0 43 0 0 42 0 0 61 0 0 0 0 0 0 0 0 54 0 0 55 0 0 20 0 0 19 0 16 0 0 0 32 37 34 0 0 35 0 0 0 0 0 0 0 2 
0 17 15 16 0 11 10 0 0 0 30 0 0 0 0 0 0 0 42 0 0 0 0 0 0 0 0 0 0 1 0 58 0 0 0 0 0 0 0 50 24 22 20 0 0 0 0 0 0 0 0 39 0 40 0 0 0 0 6 0 0 8 0 0 
52 57 0 0 0 0 0 0 0 0 6 0 8 0 0 7 0 0 0 0 0 0 23 0 40 38 0 0 37 0 0 0 0 0 0 0 0 0 0 0 64 0 0 0 0 0 0 1 0 14 10 0 0 0 0 0 43 47 0 0 0 0 0 44 
0 25 23 0 0 0 0 21 37 0 0 36 40 0 35 39 0 57 0 54 53 51 0 0 0 0 7 3 5 9 4 0 0 0 0 64 61 0 0 0 0 30 0 0 0 0 0 0 0 0 0 47 44 48 0 0 0 0 0 0 0 0 0 0 
0 49 47 0 0 0 42 45 0 0 62 0 0 0 59 0 0 0 0 0 13 11 0 0 32 0 0 0 0 33 0 0 0 0 22 0 0 0 0 18 56 0 52 0 0 0 0 57 0 0 2 0 0 0 0 5 35 39 38 0 41 0 0 0 
0 0 0 0 6 3 0 0 0 0 22 0 0 0 0 0 0 0 34 0 0 35 0 36 56 54 0 0 0 0 52 50 0 47 0 0 45 0 0 42 0 0 12 0 13 11 10 17 33 0 26 0 0 32 0 0 0 63 0 0 0 0 0 0 
0 1 63 64 62 0 0 0 0 0 0 12 0 0 11 0 0 0 26 0 0 0 31 0 0 0 47 43 45 0 0 42 36 39 0 40 37 0 0 0 0 0 0 0 0 0 2 0 0 22 0 23 0 0 0 0 0 0 0 0 57 56 53 0 
36 0 0 40 0 35 0 37 0 0 0 52 56 57 51 0 8 0 0 6 0 3 7 0 0 0 0 0 21 0 0 0 0 15 0 0 0 0 17 10 0 0 44 47 0 0 0 49 0 62 0 63 60 0 59 0 0 0 30 0 0 0 0 0 
0 0 0 0 0 0 0 0 45 0 0 0 0 0 0 47 64 0 58 0 61 0 0 60 0 0 0 11 0 0 0 10 0 0 6 8 0 0 0 0 0 38 0 0 37 0 0 41 0 0 0 0 52 56 0 0 0 0 0 18 0 0 21 20 
0 50 0 0 0 44 0 0 62 0 0 61 0 2 0 0 0 0 0 0 14 0 0 0 0 31 0 0 0 0 29 0 0 0 23 0 0 20 0 0 0 55 53 0 0 0 0 0 10 0 0 0 0 0 4 6 0 40 0 0 42 0 38 0 
61 2 0 0 0 0 0 0 0 11 0 0 17 18 0 0 0 0 0 0 0 0 0 0 0 0 0 0 0 50 0 0 0 0 0 0 0 0 0 0 0 0 0 8 0 0 3 0 0 0 0 24 21 0 0 0 0 0 55 51 58 57 0 0 
0 58 0 57 0 52 0 0 0 3 0 0 0 10 4 0 25 0 0 0 0 0 0 0 41 39 40 36 0 42 0 0 0 32 0 0 0 0 34 27 0 0 0 64 62 0 0 0 0 0 0 16 0 0 0 0 0 48 0 0 50 49 0 45 
5 0 0 9 7 4 0 0 0 19 0 0 25 0 0 24 41 0 35 0 0 0 0 0 0 0 0 52 0 58 0 0 0 48 47 0 46 0 50 0 0 0 0 0 0 12 11 0 0 0 0 32 0 0 0 0 60 64 0 59 0 0 62 61 
0 0 0 25 0 0 0 0 38 0 0 0 0 0 0 0 57 58 0 55 0 0 0 53 9 0 0 4 0 0 0 3 0 0 0 1 0 0 2 0 0 0 0 32 0 0 0 0 50 0 0 0 0 0 44 0 0 0 0 0 18 0 14 0 
0 0 0 0 0 0 0 38 0 51 0 0 0 0 52 56 9 0 0 7 0 0 8 0 25 0 0 0 22 0 21 0 0 16 0 0 14 0 0 11 49 0 45 0 0 0 0 0 0 0 59 64 61 0 60 62 28 0 0 0 0 0 30 0 
0 0 0 0 0 0 0 0 0 0 0 0 0 34 0 32 49 0 0 47 0 0 0 45 1 63 0 0 0 0 0 0 0 0 55 0 0 52 0 0 0 0 0 0 0 0 0 0 42 0 0 0 37 41 0 0 0 0 0 0 10 0 6 0 
0 0 32 0 0 0 27 0 0 43 0 0 49 0 44 0 1 0 0 0 0 0 0 61 17 0 16 12 0 0 0 11 0 8 0 0 0 4 0 3 0 39 37 0 0 0 0 0 58 55 0 0 0 57 0 54 20 0 23 0 0 0 0 0 
