8
31 0 0 0 0 0 0 0 0 0 0 58 60 0 0 0 0 0 0 0 0 0 0 0 0 0 39 0 37 0 0 0 43 0 0 0 0 0 0 0 0 0 0 0 23 0 24 0 56 52 0 0 0 0 0 0 13 0 0 0 0 0 14 16 
0 8 0 0 0 0 0 0 39 0 0 0 0 0 0 0 0 0 0 0 0 0 0 0 0 0 0 10 0 0 0 0 0 0 0 0 0 24 18 0 0 61 0 0 0 0 0 57 0 28 29 0 31 26 30 0 0 49 0 0 52 0 0 0 
0 0 0 52 0 51 0 54 0 0 21 18 0 17 0 0 0 0 29 31 0 0 0 0 0 0 0 0 0 0 0 0 0 4 0 0 0 0 2 0 0 0 0 0 0 0 0 0 0 0 0 0 15 0 0 0 0 0 0 0 0 0 0 0 
0 0 0 0 45 43 42 0 0 14 0 0 12 0 0 11 0 17 0 0 0 0 0 0 52 0 0 0 0 0 56 0 0 0 0 0 0 0 0 0 0 0 34 38 0 0 0 0 0 0 0 1 0 0 0 0 0 0 0 0 0 0 0 0 
0 0 0 0 0 0 0 0 0 0 0 50 52 0 0 51 0 57 0 0 0 0 0 59 28 0 0 26 0 0 0 0 0 0 0 39 0 0 0 0 0 13 0 0 0 0 0 0 48 0 0 41 0 0 46 0 0 0 7 0 0 0 0 0 
0 0 0 36 0 0 0 38 0 0 0 0 4 0 0 0 0 9 0 0 0 0 0 0 0 0 0 0 0 0 0 0 51 0 0 55 0 0 0 0 0 0 0 0 0 0 0 0 0 60 61 0 0 0 0 0 0 0 23 18 0 0 0 24 
0 16 0 0 0 0 0 14 0 0 0 0 0 0 0 0 0 49 0 0 52 0 0 0 0 0 0 0 0 0 24 19 0 0 0 0 0 0 0 0 0 5 0 0 0 0 0 0 0 0 0 0 0 0 0 0 0 0 0 58 0 0 0 0 
0 0 0 0 0 59 0 0 0 0 0 0 0 0 32 0 0 0 0 0 0 0 0 0 0 0 0 2 0 0 0 0 0 12 0 0 0 0 0 0 52 0 0 0 0 0 0 0 0 0 0 0 0 0 0 0 0 41 0 0 0 0 0 0 
0 0 27 0 31 0 0 32 0 64 0 0 62 0 0 0 0 0 0 0 0 0 10 0 38 0 0 0 0 0 0 0 0 0 0 0 0 50 0 0 0 0 20 0 0 0 0 0 0 0 0 0 0 52 0 0 0 0 0 0 14 0 0 0 
0 0 0 62 0 0 0 64 33 0 31 28 0 0 34 0 0 0 39 0 0 0 0 0 0 0 0 4 0 0 0 0 0 0 0 17 0 0 0 0 0 0 0 0 0 0 0 0 0 0 0 0 25 0 0 0 0 0 49 0 0 0 0 0 
0 0 0 0 0 0 0 0 0 0 0 0 0 0 0 0 0 0 0 0 0 24 0 0 0 51 0 52 0 0 0 53 61 0 0 1 0 2 0 0 0 0 0 0 0 0 0 35 0 0 0 0 0 4 0 0 0 27 0 28 0 29 0 0 
0 10 0 0 0 0 0 8 0 0 0 36 38 0 0 37 0 43 47 0 0 0 0 0 0 0 17 0 0 16 0 0 21 0 0 0 0 0 0 0 0 0 0 0 0 0 0 0 0 0 0 0 0 0 0 0 0 51 57 0 0 0 0 0 
25 0 0 0 0 0 20 0 0 0 0 0 0 51 58 0 0 0 0 1 0 0 0 0 0 0 0 0 31 0 34 0 0 0 0 41 0 0 36 35 0 15 0 0 0 0 0 11 0 46 0 0 0 0 0 0 0 3 0 0 0 0 8 0 
0 0 0 54 0 53 52 0 0 0 23 0 0 19 0 0 28 27 0 0 0 32 0 0 0 0 0 60 63 0 0 0 5 0 0 9 0 10 0 0 0 0 0 0 0 0 0 0 18 0 0 0 17 0 0 0 0 0 0 0 0 37 0 0 
0 0 0 0 0 0 36 0 0 0 7 0 0 0 0 5 0 0 0 0 0 16 0 0 0 0 0 44 0 0 0 0 0 54 0 0 0 0 0 0 0 0 0 0 0 0 0 0 2 0 0 0 0 0 64 0 0 0 0 0 0 0 0 0 
0 0 0 14 0 0 0 0 0 48 0 0 46 43 0 45 0 0 0 0 0 0 0 0 0 0 0 0 0 0 0 0 0 0 31 0 0 0 0 0 0 0 0 0 9 0 0 3 42 38 39 35 0 0 0 0 63 0 0 0 0 0 64 0 
0 63 0 59 0 58 57 61 0 0 0 25 0 0 0 0 0 0 0 0 0 0 0 0 3 0 0 0 0 0 0 0 0 0 0 0 13 0 0 0 0 0 49 0 0 50 55 0 0 19 0 0 22 17 0 0 44 40 0 0 0 0 0 0 
0 0 0 0 0 0 0 0 0 0 0 9 0 0 0 0 0 0 20 0 0 0 0 0 0 48 0 0 0 53 0 0 0 59 0 0 0 0 0 56 0 0 33 37 0 0 0 0 0 3 0 64 0 1 0 2 0 0 0 0 27 0 0 0 
0 0 0 0 12 0 0 13 0 0 0 0 43 0 0 0 0 48 52 0 0 0 0 0 19 0 0 0 0 0 23 0 0 0 0 30 0 0 0 0 0 4 0 0 0 0 0 0 0 0 0 32 0 0 0 0 0 56 0 57 59 0 0 0 
0 39 0 0 0 0 0 37 0 0 0 0 0 0 0 2 9 0 12 0 0 0 15 0 0 0 0 0 0 0 0 0 0 0 0 0 0 55 0 48 0 0 0 0 0 0 0 0 0 59 0 0 0 0 61 58 0 16 0 17 19 0 0 23 
0 0 0 0 52 0 0 0 0 21 0 17 0 0 0 0 25 0 0 0 0 0 0 26 0 0 0 0 0 0 0 0 2 0 0 0 5 0 0 0 0 0 0 0 0 0 0 40 0 0 0 8 0 0 0 0 0 32 0 0 0 0 0 0 
0 0 0 0 0 0 0 0 0 0 0 0 0 0 0 0 41 40 44 0 0 0 0 0 0 0 0 0 0 13 0 0 0 19 0 0 0 23 0 0 0 0 0 0 0 0 0 0 0 0 0 0 0 0 0 0 0 0 0 0 51 0 0 0 
30 31 0 0 0 0 25 29 0 0 0 0 0 0 0 0 0 0 0 0 0 0 0 0 0 32 0 0 36 37 0 0 0 0 0 0 0 0 0 0 0 0 0 21 22 0 0 0 55 0 0 48 0 0 0 0 12 8 0 0 0 0 0 15 
0 0 0 19 0 0 0 0 0 0 52 0 0 0 55 0 0 0 60 62 0 0 0 0 0 24 0 0 0 0 0 26 0 0 0 0 0 0 33 0 0 0 9 0 0 0 0 0 0 43 0 40 0 0 0 0 4 0 0 0 0 0 0 7 
0 0 0 0 0 0 0 0 0 0 0 0 0 0 0 0 0 0 0 0 0 0 0 0 0 0 0 0 0 0 0 0 0 0 0 0 0 0 0 0 0 0 0 0 0 0 0 0 0 0 0 0 53 0 0 0 0 0 0 0 0 0 0 14 
53 0 0 0 0 0 0 52 0 0 0 16 0 0 0 0 0 0 0 0 26 28 0 25 58 0 0 56 0 0 0 57 0 0 3 0 0 0 0 0 0 0 40 0 0 41 0 0 0 10 0 0 0 0 0 0 0 31 0 0 0 0 36 0 
61 0 0 58 0 0 0 60 0 0 0 24 0 23 0 25 0 0 0 0 0 0 0 0 0 63 5 0 3 0 0 0 0 0 0 0 0 0 0 0 0 51 0 0 53 0 0 0 0 0 0 0 0 0 0 17 0 0 45 0 0 0 0 0 
0 38 0 0 0 0 32 36 0 0 0 0 0 0 6 0 0 7 0 0 0 0 0 0 42 0 0 0 0 0 0 41 0 0 0 0 0 0 0 0 0 0 24 28 0 25 0 0 62 0 59 0 0 0 0 57 19 15 0 16 0 0 0 0 
0 0 0 2 0 0 0 0 0 0 0 0 0 31 0 33 0 0 43 0 0 0 0 0 0 0 0 0 0 0 0 0 0 0 0 21 0 0 0 15 58 0 0 0 0 57 0 0 0 0 0 23 0 0 0 0 51 0 0 48 0 0 0 54 
0 0 15 0 0 0 0 0 0 52 0 0 0 0 54 49 0 0 0 0 0 0 0 0 0 23 0 0 0 0 0 0 0 0 0 0 0 0 0 0 0 0 0 0 0 9 14 0 0 0 0 0 0 0 44 0 0 63 0 64 2 0 0 0 
0 0 0 42 0 0 0 0 0 0 11 0 0 0 0 0 0 0 0 0 0 20 0 0 0 0 0 0 0 0 0 49 0 58 0 61 60 62 56 0 0 0 0 0 0 0 0 31 0 0 0 0 0 64 4 0 27 0 29 0 26 0 0 0 
0 0 0 0 0 0 0 12 45 0 0 0 0 0 46 0 48 0 51 0 50 0 0 0 0 0 0 0 19 0 22 0 25 0 0 0 28 0 0 0 0 0 0 0 0 0 0 0 38 0 0 31 0 0 0 0 59 0 0 56 0 0 0 0 
0 0 0 45 0 0 0 0 16 15 14 0 0 0 0 12 19 0 0 0 0 0 0 20 0 0 0 0 0 0 0 0 60 61 0 0 63 0 0 0 0 0 0 39 0 0 0 0 9 0 6 0 0 0 7 0 0 0 0 0 0 0 0 33 
0 17 0 0 0 0 0 0 48 0 0 43 0 0 0 0 0 50 0 0 0 0 0 0 0 0 0 0 0 0 0 0 0 0 0 0 31 33 27 0 0 0 0 7 0 0 0 0 0 0 0 34 0 0 0 0 0 0 0 59 61 60 0 0 
0 0 58 0 62 60 59 63 0 0 0 0 29 26 33 0 0 0 0 0 0 0 0 0 5 0 0 0 0 0 0 0 0 0 14 0 0 17 0 0 0 0 0 0 0 0 0 50 0 0 0 0 0 0 0 20 0 42 0 0 0 0 0 0 
0 0 0 0 0 0 0 0 0 0 62 0 0 0 0 0 3 0 0 0 5 0 0 0 0 0 0 35 0 0 0 0 44 45 0 0 47 0 0 0 0 0 19 0 0 0 0 0 57 0 0 0 0 51 0 0 0 0 0 0 0 12 15 0 
0 0 0 0 0 0 0 23 56 55 0 0 0 0 0 52 59 0 0 0 0 0 0 0 0 0 0 0 0 31 0 28 36 0 0 0 0 0 0 34 0 0 0 0 0 0 0 0 0 0 46 42 0 0 47 0 0 0 0 0 0 0 0 0 
0 0 0 0 0 0 0 0 0 39 0 0 0 34 0 0 0 0 0 0 0 47 0 44 0 0 16 11 0 0 17 0 0 0 0 0 0 0 0 0 61 62 0 0 0 0 1 0 0 0 0 26 0 0 0 0 0 50 56 0 53 0 55 0 
0 0 34 37 0 0 0 0 0 0 6 0 5 0 0 0 11 10 14 0 0 15 0 0 0 0 0 0 46 0 0 44 0 0 54 0 0 0 0 0 29 0 0 0 0 0 0 0 0 0 0 0 64 0 0 0 0 18 0 0 0 20 0 0 
0 0 0 0 0 0 51 0 0 0 22 0 0 0 25 0 0 0 0 0 0 0 0 0 0 0 0 59 0 0 0 0 0 0 6 0 0 0 0 0 0 0 0 0 48 0 0 0 17 0 0 0 0 0 0 0 0 34 0 0 0 0 0 41 
0 0 29 32 0 0 30 0 0 0 0 0 64 0 0 0 0 5 0 0 0 0 0 0 0 0 43 0 0 42 0 0 0 0 0 0 50 52 0 0 0 0 22 26 27 0 0 0 0 0 0 0 0 0 0 0 0 0 19 0 0 0 18 0 
0 28 0 0 0 0 0 0 0 58 0 54 0 0 0 0 0 0 0 3 0 0 0 0 32 0 35 0 0 0 0 0 39 0 0 43 0 0 0 0 16 0 0 0 19 0 0 13 0 0 0 0 51 0 0 47 0 0 0 0 0 7 0 0 
0 0 0 0 41 0 0 42 0 0 0 0 8 0 12 0 0 13 0 0 0 0 0 0 0 0 0 0 0 0 0 0 0 0 0 0 58 0 0 0 0 0 0 0 0 0 0 0 0 0 1 0 0 0 0 0 0 0 27 0 24 0 26 0 
0 0 13 0 17 15 0 0 0 0 0 0 0 45 0 0 0 53 0 59 0 0 0 0 24 0 0 0 25 0 0 0 0 0 33 0 34 0 0 0 8 9 0 0 0 0 0 0 0 0 0 0 0 38 0 0 0 0 0 0 0 0 0 0 
0 0 0 48 0 47 0 50 0 18 0 0 0 13 20 0 0 0 25 0 0 0 0 0 0 0 0 0 0 58 60 0 0 0 0 3 0 4 0 0 0 0 0 0 0 0 0 0 0 8 0 0 11 0 0 0 33 0 0 30 0 0 0 0 
0 0 0 0 0 0 0 0 43 0 0 0 0 0 0 0 46 0 0 0 0 0 0 47 0 0 0 0 0 18 0 0 0 0 0 0 26 0 0 21 0 0 62 0 0 0 0 61 0 0 33 29 0 0 0 31 57 0 0 0 0 0 0 0 
0 0 0 0 0 0 0 0 0 0 0 0 0 29 0 0 38 37 0 0 40 0 0 0 0 0 0 0 0 0 0 0 0 0 0 0 0 0 0 13 0 0 0 58 0 55 0 0 0 0 0 0 0 0 0 0 0 0 0 0 0 0 50 0 
59 0 0 0 0 0 54 0 27 0 25 0 0 0 28 23 30 0 33 0 0 0 36 0 64 0 0 62 0 0 0 0 7 0 0 0 0 0 6 0 48 49 46 50 0 0 0 0 20 0 0 13 0 0 0 15 0 37 0 0 0 0 0 0 
0 21 0 0 0 0 0 0 52 0 0 0 0 46 0 48 0 0 0 60 0 0 0 0 0 0 0 23 0 27 0 0 0 0 0 0 0 0 0 0 0 0 7 0 0 0 0 0 0 0 0 0 0 0 0 0 0 0 4 0 0 64 3 0 
12 0 0 9 0 0 0 0 44 0 0 0 0 0 0 40 0 0 0 52 49 0 53 48 0 0 20 0 0 0 0 0 24 0 0 0 0 0 23 22 0 0 0 0 4 0 0 0 0 0 0 0 0 0 0 0 58 54 0 0 57 0 0 61 
0 45 0 41 42 40 0 0 0 0 10 0 0 6 0 8 0 0 0 0 0 0 0 0 0 0 0 0 0 0 0 0 0 0 0 0 0 0 55 0 0 0 0 0 0 0 0 30 0 0 0 0 0 0 0 0 0 22 0 0 25 24 27 0 
0 0 0 0 0 0 55 0 0 0 0 0 0 0 0 0 0 30 0 36 0 35 0 32 0 0 0 0 0 3 0 0 0 9 0 0 0 0 0 0 0 0 47 51 52 0 0 0 0 17 0 14 0 15 0 0 0 0 0 0 41 0 0 0 
0 0 0 0 0 0 31 0 0 0 0 0 1 0 0 0 0 0 0 0 0 11 0 0 0 0 0 0 0 0 0 0 48 0 50 52 51 0 0 0 0 0 0 0 0 24 29 0 61 0 0 0 60 55 0 0 0 0 20 0 17 16 19 21 
0 0 0 0 0 0 0 0 20 0 0 0 0 0 0 16 0 0 0 0 0 27 0 0 0 0 0 55 58 0 0 0 0 0 2 0 0 5 0 0 0 0 0 0 0 0 0 38 0 0 10 0 0 0 0 8 0 0 0 31 0 0 35 0 
0 0 0 0 0 0 0 0 0 0 0 0 0 0 61 56 0 0 0 0 1 3 0 0 0 0 36 0 34 0 37 32 40 41 0 0 0 0 0 38 0 0 0 0 0 0 0 0 0 0 50 46 0 0 0 0 0 6 0 7 0 0 0 0 
0 0 0 1 0 0 63 0 36 0 0 0 0 0 0 0 0 38 42 0 41 43 0 0 0 6 0 0 0 0 0 0 16 0 0 0 0 0 0 14 0 0 55 0 0 0 0 54 0 0 26 22 0 0 0 0 50 46 0 0 0 0 0 0 
0 0 0 0 0 22 0 0 0 57 56 0 0 0 0 0 0 0 64 0 0 0 0 62 0 0 0 29 0 33 0 30 0 0 0 0 0 0 37 0 0 0 0 0 0 0 0 0 0 0 48 0 0 45 0 0 0 0 0 0 0 0 9 0 
0 0 0 55 56 54 53 0 0 0 0 0 0 0 0 0 0 0 0 0 0 0 0 0 0 0 0 0 0 0 0 0 0 0 0 10 0 0 0 0 47 0 0 0 0 46 0 0 0 0 0 12 0 13 0 0 0 0 0 0 0 0 0 0 
0 0 44 0 0 0 0 0 0 17 0 0 15 12 0 14 0 20 0 0 0 0 0 0 55 0 0 0 0 0 59 0 0 0 0 0 0 0 61 0 0 0 37 0 0 0 0 0 0 0 0 0 10 0 0 6 32 0 34 0 0 30 0 0 
0 0 0 63 64 62 0 0 34 33 0 0 31 0 35 0 0 0 0 0 0 0 43 0 0 0 10 0 0 0 0 0 0 0 0 0 0 0 0 0 0 0 0 0 0 0 0 0 0 23 0 0 0 0 0 0 0 0 0 0 0 0 0 0 
0 0 0 0 0 38 37 0 10 0 8 0 0 0 0 0 0 12 0 0 0 17 0 0 0 0 0 0 48 49 0 0 0 0 56 0 0 59 53 52 0 0 0 33 34 0 35 0 3 0 0 0 0 0 0 0 0 0 0 0 0 0 0 0 
0 0 28 0 0 30 0 0 0 0 0 0 0 0 3 0 5 0 0 10 0 0 0 0 0 36 0 0 0 41 0 0 46 47 0 0 49 51 0 0 0 0 0 25 0 22 0 0 0 0 0 0 0 0 0 0 0 0 18 0 0 0 0 0 
0 19 0 15 0 0 13 0 50 49 48 0 0 0 0 0 0 0 56 0 0 0 0 54 0 20 0 0 0 0 0 0 0 0 0 34 33 0 0 0 0 0 0 0 10 6 0 0 43 0 0 36 0 0 41 38 0 60 0 0 0 62 0 0 
0 0 4 0 0 6 5 0 0 41 0 0 0 0 0 0 0 0 0 50 47 0 0 0 0 12 0 0 16 0 0 0 0 0 0 0 0 0 0 0 63 0 0 0 0 0 0 0 0 31 0 28 0 0 0 0 0 0 0 0 0 0 0 59 
