8
0 0 27 0 30 0 31 0 0 15 0 0 0 0 0 18 0 0 47 0 50 0 0 0 0 20 25 0 0 0 0 0 0 54 55 51 0 0 0 0 0 0 37 0 0 0 0 0 7 0 0 0 0 3 0 8 0 0 0 64 0 0 59 0 
0 0 0 0 0 44 0 0 0 0 0 0 0 0 0 0 0 0 0 0 2 61 62 0 42 0 0 0 37 0 39 0 0 0 0 3 0 0 0 0 0 0 0 0 0 0 56 0 23 0 0 25 0 0 0 0 0 0 0 0 0 0 0 0 
0 0 0 0 0 20 0 0 0 0 9 0 0 0 0 0 0 0 0 41 42 0 0 0 0 0 0 0 0 0 15 0 0 0 0 0 0 0 0 0 34 0 0 31 0 0 0 0 0 0 0 1 0 0 0 64 0 0 0 0 0 0 0 0 
58 0 0 0 54 0 0 0 36 0 0 0 40 0 38 0 0 0 0 9 0 0 0 0 0 44 0 0 0 0 0 0 17 14 0 0 0 0 18 0 0 0 0 0 0 0 0 0 0 0 0 0 0 0 0 0 0 25 0 0 26 0 0 0 
0 0 11 0 0 0 0 0 0 0 0 0 0 0 0 0 28 27 0 0 0 0 0 0 0 0 0 0 0 0 0 8 0 0 39 0 0 37 0 40 0 0 0 0 0 0 24 0 0 0 0 0 53 0 0 0 0 0 45 0 0 0 0 0 
0 0 59 0 0 0 63 0 0 0 0 0 48 0 0 0 0 0 15 0 0 0 0 16 0 0 0 0 53 0 0 0 25 0 0 0 0 0 0 0 0 6 0 0 0 0 0 4 39 38 0 0 0 0 0 0 28 0 0 0 34 0 0 0 
0 0 0 0 0 0 0 41 0 0 25 0 0 0 0 0 52 0 0 0 0 0 0 0 0 28 33 27 0 0 0 32 1 0 0 0 0 61 0 64 0 0 0 0 0 0 0 0 0 14 0 0 0 0 18 0 4 0 5 0 0 0 0 0 
0 8 0 0 0 0 0 0 0 0 0 0 0 53 0 0 0 19 23 0 0 0 0 0 2 60 0 0 0 0 0 0 0 0 0 27 0 0 0 0 0 0 0 0 17 0 0 0 47 0 44 0 0 0 0 0 0 0 0 40 42 0 0 38 
49 47 0 0 0 0 46 0 0 0 32 0 0 0 0 0 0 0 0 0 1 60 61 0 0 35 0 0 0 37 38 0 0 0 0 0 0 0 0 0 0 0 0 0 0 0 55 51 22 0 19 0 0 18 0 23 11 0 0 0 0 0 10 13 
0 23 18 20 0 0 0 0 0 6 8 2 0 4 0 0 0 0 0 0 0 0 37 0 17 0 0 0 0 0 0 0 0 45 0 0 0 0 0 0 0 0 0 30 0 0 0 0 0 0 0 64 0 0 0 0 0 0 52 0 0 0 0 0 
0 0 0 4 5 0 6 0 0 0 0 50 55 0 0 0 0 0 0 0 25 20 21 0 0 0 0 0 0 0 0 0 0 0 0 0 0 28 0 0 0 13 0 0 0 10 0 0 0 45 0 0 44 0 0 0 0 0 0 0 41 0 34 0 
0 63 0 60 61 59 0 0 0 0 0 0 47 0 0 0 0 0 0 0 0 0 0 0 0 0 0 0 0 0 0 0 0 0 0 0 19 20 0 0 0 0 0 0 8 2 0 3 0 0 35 0 0 0 41 0 0 0 0 0 0 0 0 0 
0 0 10 12 0 11 14 0 0 62 0 0 63 0 0 0 0 26 0 0 0 28 0 31 9 0 0 2 0 0 0 0 0 0 0 0 0 0 0 0 0 0 0 0 0 0 0 0 0 0 0 56 0 50 0 55 43 0 0 0 0 0 42 0 
0 0 0 0 0 0 0 40 19 0 0 0 0 20 0 0 0 0 0 0 0 0 0 55 0 0 0 26 0 29 0 0 0 0 0 0 0 0 1 0 0 0 0 46 0 0 0 0 0 0 0 0 12 10 17 0 3 0 0 0 9 0 0 0 
0 55 0 52 0 0 0 0 0 38 40 34 39 36 37 0 3 0 0 0 0 0 5 0 0 0 0 0 0 45 0 0 16 0 0 10 0 0 0 0 0 61 60 0 64 0 0 0 0 0 0 32 28 0 0 0 0 0 0 0 0 22 0 0 
0 0 26 0 0 0 0 32 11 0 0 0 0 0 0 0 43 42 0 0 0 44 0 47 0 19 0 0 0 21 0 0 56 0 0 0 0 0 57 0 0 0 36 0 0 0 0 0 0 0 0 0 0 0 0 0 59 0 0 0 1 0 0 61 
0 0 0 0 0 0 0 0 0 0 0 0 0 0 0 3 0 0 0 0 0 30 0 33 0 0 0 0 0 7 0 0 0 0 0 0 0 0 0 0 0 0 22 0 0 0 0 0 0 0 0 0 0 0 0 0 0 0 0 0 0 48 0 0 
0 0 0 62 63 0 0 0 0 0 0 0 49 0 0 0 13 0 16 0 0 14 15 0 59 0 0 0 54 0 56 57 0 0 0 20 0 0 0 0 0 0 0 8 0 0 0 0 0 0 0 0 38 36 0 0 29 0 0 0 0 0 0 31 
0 0 0 0 0 0 0 0 37 0 0 0 41 0 0 0 5 0 8 0 0 0 0 0 51 45 0 0 46 0 48 0 0 0 0 0 0 14 0 17 3 63 0 0 0 0 0 61 0 0 0 0 0 0 0 33 21 26 0 0 0 0 0 0 
0 0 0 6 0 0 8 10 53 56 58 0 0 0 0 0 0 0 0 0 27 0 0 0 0 0 0 0 0 0 64 0 34 0 0 0 29 0 0 0 19 0 0 16 0 0 0 0 0 0 0 0 46 0 0 0 37 0 0 0 0 0 0 0 
0 0 0 0 0 0 0 50 0 0 0 0 0 0 0 0 61 0 0 0 0 0 0 0 0 0 0 0 0 0 0 0 0 0 0 4 0 0 0 0 0 55 0 0 0 0 0 0 0 0 21 0 0 0 0 0 0 18 14 0 0 0 0 0 
0 0 0 0 0 0 40 0 0 0 0 0 0 22 0 0 0 0 0 0 0 0 0 57 35 0 0 0 0 0 32 0 0 63 0 0 0 0 3 0 0 0 46 0 0 0 49 0 0 0 0 0 14 0 0 0 0 0 0 0 0 8 0 0 
0 0 0 0 0 0 0 34 0 0 18 0 0 0 0 19 45 0 0 0 0 46 0 0 0 0 0 0 0 0 0 0 0 0 0 0 0 0 0 0 0 0 38 0 0 0 0 0 0 0 0 0 0 4 0 0 0 0 62 0 3 0 0 0 
0 0 0 22 0 21 0 0 0 0 0 0 0 0 0 0 0 0 0 0 0 0 0 0 0 0 0 0 0 0 0 0 0 0 0 0 0 0 51 0 0 0 0 0 0 0 0 0 64 63 0 0 0 60 0 0 0 0 0 0 0 0 0 0 
0 0 0 0 0 0 0 5 0 0 53 0 0 0 0 54 16 0 0 0 0 0 0 20 62 56 0 0 57 58 0 0 0 0 0 0 0 25 30 0 0 10 0 0 0 0 12 8 0 0 40 0 0 0 0 0 0 0 33 0 38 0 0 34 
14 0 7 0 0 8 0 0 0 59 61 0 0 0 0 0 0 0 0 0 0 0 0 0 0 0 0 63 0 0 0 0 37 34 0 31 0 0 38 0 0 18 0 0 0 0 20 0 0 0 0 0 0 0 54 0 0 45 0 44 0 0 0 0 
0 0 0 0 0 0 0 21 0 0 0 0 0 0 0 0 32 0 0 0 0 0 0 0 0 0 0 0 0 0 0 0 45 42 0 0 0 0 0 0 0 0 0 0 0 0 0 0 0 0 56 0 0 0 0 0 0 0 0 0 0 0 0 0 
0 0 0 0 0 0 0 0 0 27 0 0 0 0 0 0 56 0 0 0 0 0 58 60 0 0 37 31 0 34 35 0 0 2 0 63 0 0 0 0 0 0 0 0 0 0 0 0 0 0 0 0 0 0 0 0 0 0 0 0 0 0 0 10 
38 0 0 0 34 0 0 0 0 0 0 15 0 0 18 0 0 47 0 0 0 0 0 0 0 0 0 0 0 0 0 28 0 0 0 0 0 0 0 60 0 0 41 0 0 0 0 0 0 10 8 13 9 0 14 0 0 0 0 0 0 0 63 2 
0 0 0 0 26 0 0 0 8 0 0 0 0 0 0 0 0 39 0 0 0 41 0 0 0 0 0 0 0 0 0 0 0 0 51 0 48 49 54 0 0 0 33 0 0 31 0 32 0 0 64 0 0 0 6 0 0 0 0 60 0 0 0 0 
0 0 0 0 50 0 0 53 0 0 0 31 0 0 0 0 0 0 0 0 0 0 2 0 0 0 0 0 0 0 0 0 13 0 0 0 8 9 0 0 0 0 0 59 0 0 0 0 0 0 0 0 0 0 0 28 16 0 0 0 0 0 15 0 
0 0 0 57 0 0 0 0 40 0 45 0 0 0 0 0 0 7 11 0 0 0 0 0 0 0 0 0 0 0 0 0 0 18 19 0 0 17 0 0 0 0 1 0 5 0 0 0 0 0 0 0 0 0 0 0 24 0 25 28 0 0 0 0 
12 10 0 0 0 0 9 0 0 0 0 0 0 0 0 0 0 0 0 0 0 0 24 0 0 0 3 0 0 0 0 0 0 0 0 0 0 0 0 34 0 0 15 0 0 0 0 0 0 0 46 0 0 45 0 50 0 0 39 0 0 0 37 0 
20 0 0 15 16 0 0 0 0 0 0 0 0 0 0 0 30 0 0 0 0 0 32 0 0 0 0 0 7 8 0 0 0 0 0 0 0 39 0 0 0 0 23 0 0 21 26 22 0 56 0 0 0 0 60 0 0 0 0 0 0 0 0 0 
0 0 0 0 0 0 0 43 0 0 0 0 26 0 0 28 0 0 57 0 0 0 0 0 36 0 0 0 0 0 33 0 0 0 0 0 0 0 0 0 0 48 0 49 0 0 0 0 0 0 0 0 0 0 20 0 0 0 0 0 0 9 0 0 
0 0 45 47 0 0 0 0 0 0 35 0 0 0 0 36 0 0 0 0 0 63 64 0 0 0 0 0 0 0 0 0 11 0 0 0 0 7 0 10 0 0 0 0 59 0 0 54 0 24 0 27 0 0 0 26 0 0 0 0 0 0 13 0 
0 34 0 0 0 30 0 0 14 0 0 0 18 0 0 20 0 45 0 0 0 0 0 50 28 0 0 0 23 0 25 0 0 0 57 0 0 0 0 0 0 0 0 41 0 0 0 0 0 0 0 0 0 5 0 10 62 0 0 0 0 0 0 64 
0 0 53 0 0 0 0 0 0 0 0 0 0 39 0 44 6 0 0 0 12 0 0 0 0 0 0 0 0 0 0 0 19 16 17 0 0 0 0 0 0 0 0 0 3 0 0 62 33 0 0 35 0 29 0 0 0 0 0 0 0 0 0 0 
0 0 0 23 0 0 0 27 0 9 0 0 0 0 0 0 0 0 41 0 44 0 40 0 0 14 0 13 15 0 0 0 51 48 0 45 0 0 0 0 0 0 0 0 0 29 0 0 0 0 0 0 63 0 0 0 0 0 0 0 0 57 53 0 
0 0 0 63 0 62 0 0 0 0 0 0 0 47 0 52 0 0 0 0 0 15 0 0 0 0 0 0 0 0 0 0 0 0 0 0 0 23 0 0 0 8 7 0 11 0 0 6 0 0 0 0 0 0 0 0 0 0 0 0 0 0 0 0 
0 0 54 0 0 0 0 0 0 0 0 0 0 40 0 0 0 0 10 0 0 0 0 0 0 0 0 0 0 49 0 51 0 0 0 0 0 0 0 0 0 1 0 0 0 0 0 0 0 33 31 0 0 30 0 0 0 0 0 0 0 0 0 25 
0 0 0 8 0 0 0 0 0 0 0 54 0 0 0 0 0 0 26 0 0 0 25 0 0 0 0 0 0 0 0 0 0 0 0 30 0 0 0 0 0 0 16 0 0 0 19 0 0 0 0 0 0 0 0 0 39 0 0 0 0 0 0 0 
0 0 0 0 0 0 0 20 0 0 0 0 0 0 0 5 31 0 0 0 0 0 33 35 13 0 0 0 0 0 0 0 44 0 0 0 39 0 45 43 0 0 0 26 0 0 0 0 0 0 0 0 0 0 0 0 0 0 0 0 0 0 0 0 
0 0 0 0 0 0 0 44 0 0 0 0 0 0 0 0 0 54 0 0 0 0 57 0 0 0 0 0 0 0 0 0 0 0 2 62 0 0 5 0 0 0 0 0 0 0 0 0 0 0 0 20 16 0 0 19 0 0 8 0 0 0 0 0 
0 0 0 48 49 0 0 52 0 0 0 0 0 0 0 0 0 0 0 0 0 0 0 0 0 39 0 0 0 0 42 0 0 0 0 0 0 0 13 0 0 0 0 0 0 54 0 0 26 25 0 0 0 0 0 0 15 0 0 0 0 0 0 0 
0 0 30 0 0 0 0 0 15 0 0 0 0 16 0 0 0 0 0 0 0 48 49 0 0 0 28 0 0 0 0 0 0 0 58 0 0 0 0 0 0 41 0 0 44 38 0 0 0 9 0 0 0 0 0 11 63 0 0 0 5 2 0 1 
0 3 0 0 0 0 0 4 0 0 0 0 51 0 49 0 0 14 0 0 0 16 0 19 0 0 0 0 0 0 0 0 0 0 0 0 0 0 29 0 0 0 8 0 0 0 0 7 0 0 0 0 40 38 0 43 0 0 0 35 37 34 30 0 
0 0 0 24 0 0 0 0 0 10 0 0 0 8 0 13 0 0 0 0 0 40 41 0 0 0 0 0 0 0 0 0 0 0 0 0 0 0 0 0 0 0 32 34 36 0 0 0 0 1 0 4 0 0 0 0 0 0 0 0 0 0 0 0 
0 0 8 0 0 0 0 0 0 0 0 0 0 0 0 0 25 0 0 0 0 26 0 0 0 0 0 0 0 3 0 0 0 0 36 32 33 0 0 0 0 0 0 0 0 16 0 17 0 0 49 0 0 0 55 53 0 0 42 0 0 0 0 0 
0 0 0 0 59 0 0 0 41 44 46 0 0 0 0 0 0 0 0 0 0 0 11 0 0 0 0 0 50 0 0 53 0 0 20 0 0 0 0 21 0 0 0 0 0 64 5 1 0 35 0 0 0 32 39 0 25 0 0 0 0 0 0 0 
0 0 16 0 0 17 0 0 1 0 6 64 0 0 0 0 0 0 0 38 0 0 0 0 0 9 14 0 0 0 0 0 0 0 44 40 0 42 0 0 0 27 0 0 0 0 0 0 0 0 57 0 58 0 0 0 0 0 0 0 0 0 0 51 
31 0 0 0 0 25 28 0 0 12 14 0 0 0 0 15 0 0 0 0 0 0 0 0 0 0 0 0 18 0 0 0 0 0 0 0 0 0 0 0 0 35 0 0 0 0 0 0 4 0 0 0 0 64 0 5 0 62 58 0 63 0 56 0 
0 0 0 34 35 33 0 0 17 0 22 0 0 0 0 0 49 0 52 0 55 0 0 0 0 0 0 24 0 0 0 0 0 0 0 56 57 58 0 61 0 43 0 0 0 40 0 41 0 0 0 0 10 0 15 13 0 0 2 0 0 0 0 0 
0 5 0 0 0 0 0 0 0 0 0 0 0 0 0 0 0 0 0 0 0 18 0 21 63 0 0 0 58 59 0 61 0 0 0 0 25 26 31 0 0 0 0 0 0 0 0 9 0 0 41 46 42 40 0 45 0 0 34 0 0 0 0 0 
0 45 0 0 43 0 0 46 0 0 0 0 0 0 0 0 0 56 0 0 0 0 0 0 0 33 0 0 0 0 0 0 0 3 0 0 0 0 7 0 55 51 0 0 0 0 0 0 0 0 0 0 0 0 0 0 0 0 0 13 0 0 0 0 
0 0 0 0 0 0 0 0 0 36 0 0 0 0 35 39 0 0 0 0 0 0 3 5 0 0 0 0 0 0 0 0 0 0 0 0 0 0 0 0 0 0 0 0 0 56 0 0 0 27 0 0 0 0 31 0 17 22 18 0 0 0 0 0 
0 38 0 0 36 0 0 0 0 0 0 17 22 19 0 0 0 0 0 0 0 51 0 0 0 0 31 25 0 28 0 0 63 0 0 57 0 0 0 62 48 0 0 0 0 0 46 0 0 0 0 15 0 0 0 0 0 0 3 0 0 0 0 0 
0 0 0 0 0 0 0 0 0 37 0 0 0 35 36 0 0 0 0 0 0 0 4 0 0 42 0 0 0 0 0 0 0 0 13 9 0 11 0 0 0 0 0 0 0 57 0 0 0 0 0 0 0 0 0 0 0 0 0 0 0 21 0 0 
0 0 0 0 0 0 0 0 0 0 0 0 0 0 0 0 0 0 0 0 24 0 20 0 0 0 0 0 59 0 61 0 0 0 0 0 0 0 0 0 0 0 0 0 0 0 0 0 0 44 42 0 0 0 0 0 0 0 0 0 0 0 0 0 
0 0 0 0 0 10 0 15 0 0 0 0 62 0 0 0 26 0 0 0 0 0 0 30 0 2 0 0 0 0 0 0 0 0 0 33 0 35 0 0 0 20 0 0 0 0 0 0 0 0 0 0 0 0 56 0 0 0 0 46 0 0 41 44 
0 0 0 19 0 0 0 0 0 5 0 0 0 0 0 0 0 0 0 0 0 0 0 0 0 0 0 9 11 0 0 14 0 44 0 0 0 43 0 0 32 0 0 0 0 0 0 26 61 0 58 0 59 0 0 0 0 0 0 54 0 53 49 0 
0 0 0 0 0 0 0 0 0 0 0 0 14 0 0 16 0 0 0 0 0 0 0 0 24 0 0 0 0 0 0 0 0 52 0 0 50 0 56 0 0 0 35 0 0 0 0 0 5 0 0 0 0 0 8 0 0 63 59 62 0 61 0 0 
0 0 0 0 60 0 0 0 0 0 0 0 46 0 0 0 10 0 0 15 0 11 0 0 0 0 55 49 51 0 0 0 0 0 21 0 0 19 0 22 0 4 0 0 0 1 0 0 0 0 0 39 0 33 0 0 0 0 0 0 0 0 0 28 
0 46 0 0 0 0 0 0 0 0 31 0 0 0 0 0 0 57 0 0 0 0 0 0 0 0 0 0 0 0 37 0 0 4 0 1 0 0 0 0 0 0 0 53 55 0 0 0 0 20 0 0 0 0 0 0 0 0 0 0 0 0 0 0 
