8
0 0 63 0 0 1 0 0 53 0 0 0 0 0 0 0 0 0 0 0 0 0 0 16 0 0 0 0 0 0 36 0 0 0 0 27 0 0 0 0 0 0 0 0 10 0 9 0 0 0 60 0 0 0 56 0 0 0 0 0 0 0 0 45 
0 0 47 52 54 0 50 0 0 0 0 0 0 0 0 0 4 0 0 0 0 0 0 64 0 0 0 0 0 0 0 22 13 0 0 0 9 14 12 0 0 0 62 0 0 0 0 0 0 0 0 0 43 0 0 42 0 0 24 0 27 0 0 0 
0 0 0 0 0 0 0 0 0 0 0 0 64 0 0 0 0 0 35 34 31 0 37 32 0 0 49 47 0 0 52 0 45 0 42 0 0 46 0 39 0 0 30 0 0 0 0 0 0 9 0 0 0 0 0 0 60 62 0 0 0 58 0 0 
0 13 7 12 0 0 0 0 61 55 0 0 0 0 0 0 0 0 0 0 0 0 0 0 43 0 0 0 40 0 0 0 0 32 0 0 0 0 0 0 0 0 22 0 18 0 0 0 5 0 0 0 0 0 0 0 0 0 0 0 51 50 0 0 
0 0 0 36 0 0 0 32 0 0 18 0 0 0 20 22 0 0 0 50 0 0 53 48 0 0 1 0 0 0 0 0 61 0 0 0 0 62 60 0 0 0 0 0 42 0 0 39 0 0 28 0 0 0 24 0 0 0 0 9 0 0 0 13 
0 0 39 0 0 0 0 0 0 0 0 0 0 0 0 0 0 0 0 0 0 62 0 0 0 0 0 0 0 0 0 0 5 64 0 3 0 0 0 0 0 0 0 0 50 0 49 0 0 0 0 0 0 0 0 0 0 0 0 0 0 0 0 21 
0 0 0 0 0 0 0 0 0 0 0 0 0 0 0 0 44 0 0 0 0 0 0 0 0 0 57 0 0 0 0 0 53 48 0 0 0 0 0 0 0 0 0 0 0 0 33 0 0 0 0 0 0 0 0 0 0 6 0 0 0 0 0 0 
0 0 0 0 0 0 0 0 0 0 0 0 0 0 0 46 0 9 0 0 0 14 0 8 0 0 0 0 0 29 0 0 21 16 0 0 0 22 0 0 5 0 0 0 0 0 0 0 53 0 0 0 0 47 0 0 36 0 0 0 0 0 0 0 
0 0 0 61 0 58 59 0 0 0 0 42 0 0 45 0 0 0 0 0 0 0 0 9 28 0 0 0 0 0 0 31 0 17 0 0 0 0 21 0 6 0 0 0 0 1 0 64 0 0 0 0 0 0 49 51 0 0 0 34 0 0 0 38 
0 0 0 53 0 50 51 0 0 32 35 0 0 0 0 0 0 0 0 3 64 0 0 0 0 0 0 0 0 0 21 23 0 9 0 0 0 0 0 0 0 0 63 0 0 57 58 0 0 0 45 0 0 0 0 0 0 0 25 0 0 0 0 0 
0 0 0 0 0 0 0 0 0 0 0 50 0 0 0 0 0 18 0 0 0 0 0 0 0 0 0 0 0 0 0 0 0 0 27 0 0 0 0 0 0 0 0 0 0 0 0 0 62 0 0 0 0 0 0 0 0 0 0 0 44 0 0 0 
0 0 0 0 0 0 0 0 0 16 0 0 0 0 21 0 0 0 0 0 0 0 54 0 0 0 0 0 0 0 0 0 62 0 0 0 0 63 61 0 0 44 0 45 0 41 0 40 0 0 0 0 0 24 0 0 0 0 0 0 0 0 0 0 
0 30 0 29 31 0 27 0 0 0 0 0 0 0 0 0 0 0 0 43 0 0 0 0 0 59 58 56 57 0 0 0 54 0 0 0 0 0 0 0 0 36 0 0 0 0 0 32 0 18 21 0 20 16 0 0 0 0 1 0 0 0 0 0 
44 0 0 0 0 0 0 0 0 0 0 0 0 0 0 0 0 58 0 59 0 0 0 0 0 0 0 0 0 0 0 15 0 0 0 0 0 0 5 0 0 0 0 0 0 49 50 0 0 0 0 0 0 0 33 0 21 23 17 0 0 0 0 0 
20 0 0 0 0 0 0 17 0 0 3 0 0 0 0 0 0 0 0 0 0 0 0 0 0 0 0 48 49 54 0 55 0 0 43 0 0 0 0 0 0 0 0 0 0 0 0 0 0 0 0 0 12 0 0 0 0 0 0 0 0 59 0 0 
0 0 0 0 0 0 0 0 0 56 0 0 0 0 0 0 0 0 28 27 0 0 0 0 0 43 0 0 0 0 0 0 0 0 0 36 0 0 0 0 0 0 0 0 0 0 0 16 6 0 0 0 4 0 0 0 0 0 49 0 52 0 48 0 
0 0 0 0 0 0 0 0 25 0 22 0 0 0 0 0 0 0 0 0 0 58 57 0 0 6 0 0 0 9 0 0 0 0 0 0 0 0 0 59 0 0 50 0 0 0 0 0 0 0 32 0 31 0 0 0 16 18 0 0 0 0 0 0 
0 0 0 0 0 0 0 0 0 0 0 0 12 0 16 0 48 0 0 0 0 0 0 0 0 0 0 0 0 0 64 0 0 52 0 0 0 0 56 51 0 0 42 0 0 0 0 0 25 0 0 0 0 0 0 22 8 0 0 0 7 0 0 9 
0 0 0 0 0 0 0 0 57 51 0 0 0 0 0 0 0 0 0 0 0 26 0 0 0 0 0 0 36 0 0 0 0 0 30 0 29 0 32 0 0 0 0 0 0 0 0 0 1 0 0 0 0 59 0 0 48 0 0 0 0 46 0 0 
0 0 11 0 0 0 0 0 0 0 0 0 60 0 0 0 32 0 0 0 0 0 0 28 47 0 0 0 0 0 0 0 0 0 0 0 0 0 0 35 0 0 0 0 22 0 0 0 9 5 0 0 0 0 0 6 0 0 0 0 0 54 0 0 
63 0 0 0 0 0 0 0 0 0 0 0 0 0 48 0 0 0 0 0 0 0 0 0 31 0 0 0 0 0 0 0 0 20 22 23 0 0 0 0 0 0 10 0 0 4 0 0 0 0 0 0 0 0 0 54 0 0 0 37 39 0 0 41 
0 0 43 0 0 0 0 0 0 0 0 0 0 0 0 0 0 61 0 0 0 0 0 0 0 0 0 0 0 0 0 0 0 0 0 0 0 10 0 0 0 0 0 56 0 0 0 0 0 0 0 0 39 0 0 0 0 0 0 0 0 0 0 0 
0 0 0 0 0 0 0 0 0 0 6 0 4 0 0 0 40 0 0 0 0 0 0 0 0 0 0 0 0 0 0 58 0 0 0 0 45 50 0 0 0 0 0 0 0 0 0 27 0 0 0 0 0 0 0 0 0 0 0 0 0 0 59 0 
0 0 0 0 0 0 54 0 0 0 0 0 36 0 0 0 0 0 0 0 0 0 0 0 0 0 0 19 0 25 0 0 17 0 0 0 0 0 0 0 0 63 0 0 0 0 0 0 49 45 0 0 0 0 44 0 0 0 28 0 0 0 0 0 
0 0 60 0 0 0 63 0 0 0 47 0 0 0 0 51 17 14 0 0 12 0 0 0 32 31 0 0 0 34 0 0 0 0 23 0 22 0 25 0 10 0 0 0 0 0 0 0 58 0 0 0 0 0 53 0 0 0 0 0 0 39 0 0 
0 10 0 0 0 0 0 0 0 0 55 54 0 0 0 59 0 0 0 0 0 0 0 0 0 0 0 0 0 0 0 0 0 29 0 0 0 0 33 0 18 0 0 0 0 13 0 12 0 0 0 0 0 0 0 0 0 0 45 46 0 47 0 0 
56 0 0 0 0 0 0 53 0 0 0 0 0 0 0 0 0 0 0 7 0 0 0 0 0 0 22 20 0 26 25 0 0 0 15 16 0 0 0 0 0 0 0 0 63 0 62 0 0 46 0 51 0 0 0 47 0 35 0 0 0 0 0 0 
0 0 28 33 35 0 0 29 0 0 0 14 0 0 0 0 0 0 0 0 0 0 50 0 64 0 0 0 0 0 0 0 0 0 0 0 54 59 57 0 42 0 0 0 39 0 38 0 0 0 0 27 0 0 0 0 0 0 5 0 8 0 0 0 
0 0 0 0 0 0 0 37 0 0 0 0 0 0 0 0 0 0 56 0 0 0 0 53 0 0 0 0 0 0 0 11 0 0 0 0 0 3 0 0 0 0 0 0 0 0 46 0 0 30 0 0 0 0 29 31 0 0 0 0 16 0 12 0 
48 0 44 0 0 0 47 0 34 0 31 0 0 0 0 0 0 62 0 0 0 3 0 61 16 0 0 0 0 0 0 0 0 0 0 0 0 0 0 0 0 56 0 0 0 0 0 0 0 0 41 0 0 0 37 0 0 0 0 0 0 0 0 26 
24 26 0 25 0 0 0 0 0 0 0 0 0 0 0 0 0 0 40 0 36 0 42 0 0 0 54 52 0 0 0 0 50 45 0 0 0 0 0 0 0 0 0 33 0 0 0 28 0 0 0 0 0 0 0 0 0 0 0 62 64 0 60 0 
0 0 0 0 0 0 0 0 0 0 0 0 0 0 0 0 0 0 0 0 0 0 34 0 0 0 0 0 45 0 0 0 0 0 39 40 38 0 0 36 0 0 0 0 23 21 0 0 10 0 0 0 0 0 0 0 0 0 0 54 0 0 52 58 
0 0 0 0 0 48 0 0 0 0 0 0 0 0 0 37 0 0 2 0 0 0 0 0 0 17 0 0 0 0 0 0 0 0 0 0 0 0 11 0 0 0 0 0 0 55 0 0 44 0 43 0 0 0 0 41 0 0 0 24 26 0 0 0 
34 0 0 0 0 0 0 0 0 0 0 0 0 0 0 0 0 0 50 0 0 0 0 0 0 0 0 0 0 0 0 0 0 0 0 0 0 0 0 0 0 0 0 0 0 0 0 0 0 0 0 0 0 22 0 0 0 13 0 0 0 0 0 12 
26 0 0 0 0 24 0 0 12 0 0 0 0 0 0 0 43 0 0 41 0 0 0 0 0 0 0 0 55 0 59 0 0 0 0 0 48 0 0 0 0 0 0 0 0 31 0 30 0 0 19 0 0 0 0 0 3 5 0 0 2 0 0 0 
0 0 0 0 0 0 9 0 0 0 0 56 0 0 0 0 0 0 0 25 0 0 0 0 42 0 0 0 0 0 0 0 0 0 0 0 0 0 35 0 0 18 0 0 0 0 0 0 0 64 0 0 0 0 0 0 0 0 0 0 50 49 46 0 
0 0 0 0 5 0 1 0 0 0 0 48 0 50 51 0 19 0 0 0 0 21 0 0 34 0 0 0 31 0 0 0 0 0 0 26 24 0 0 0 0 0 0 0 0 0 0 0 0 0 59 61 0 0 55 0 0 0 0 0 0 0 0 0 
0 0 54 0 0 0 0 0 0 38 0 0 0 42 0 0 0 0 0 0 0 0 12 0 0 0 0 0 0 0 0 0 0 0 0 18 16 0 0 0 0 0 0 0 0 0 0 0 0 0 0 0 0 46 0 0 35 0 0 32 0 0 30 0 
42 0 0 0 0 40 41 0 0 0 0 0 0 0 0 0 0 0 0 57 0 0 0 0 0 0 0 0 0 0 0 13 0 0 0 0 0 5 3 62 0 0 0 0 0 0 48 46 0 0 0 0 0 0 0 0 19 0 0 0 0 0 0 0 
18 0 0 19 0 0 17 0 0 0 0 0 0 2 0 0 0 32 0 33 0 37 0 0 0 0 0 0 47 0 0 0 0 0 0 42 0 0 43 0 0 0 0 0 0 0 0 0 12 8 0 0 0 6 0 0 59 0 0 0 0 0 54 0 
0 0 0 0 0 0 0 0 15 0 12 0 0 0 14 0 0 0 0 44 0 0 0 0 0 0 0 0 0 0 0 0 0 50 52 53 0 0 54 0 0 0 0 0 0 0 0 0 0 0 0 0 0 0 0 0 0 8 0 0 5 0 0 7 
0 0 41 0 0 0 0 0 0 0 28 0 0 0 0 0 0 0 0 0 0 0 0 0 13 12 0 0 0 0 0 0 7 0 0 0 0 8 0 1 55 0 0 0 0 0 0 0 0 35 0 0 0 33 0 36 0 0 18 0 0 0 0 0 
0 39 0 0 0 0 0 0 0 0 20 0 0 0 0 0 0 0 53 0 0 0 0 0 0 0 3 0 0 0 0 0 0 58 0 0 0 0 62 0 0 45 0 0 0 42 0 0 0 0 0 0 0 0 0 0 0 0 0 0 13 0 0 0 
0 0 0 0 0 0 0 0 0 0 0 0 0 0 0 0 0 0 0 0 0 0 0 10 0 0 0 0 26 0 0 32 0 18 0 0 0 0 0 17 0 0 8 0 0 0 3 0 0 0 0 0 0 49 0 0 38 0 0 0 0 36 0 0 
0 0 0 0 0 0 0 0 0 0 0 0 0 37 0 0 0 0 5 0 0 8 7 0 0 0 0 0 0 23 22 0 0 10 0 0 0 0 14 0 63 61 0 0 0 0 0 57 0 43 0 48 0 0 42 44 0 0 0 0 0 0 25 0 
0 0 0 14 0 0 0 0 63 57 0 59 0 0 0 0 0 0 0 0 0 0 0 0 0 44 0 0 0 0 46 48 0 0 0 0 0 0 0 33 0 21 0 0 0 18 19 0 0 0 0 8 0 1 2 0 0 0 50 0 0 0 0 0 
0 0 0 0 0 0 0 0 0 0 0 3 0 0 0 0 38 0 0 36 0 40 39 0 0 0 51 0 0 0 54 56 0 42 0 0 0 0 0 0 0 29 0 0 0 0 0 0 0 11 0 0 0 0 10 0 0 0 58 0 0 0 0 63 
5 0 0 0 0 0 4 0 0 0 0 0 0 0 0 0 22 0 21 20 0 0 0 0 37 0 0 33 0 0 0 0 0 0 0 0 0 32 30 25 0 0 0 14 0 10 0 0 0 0 0 64 0 0 58 0 0 0 42 43 0 0 0 47 
0 48 0 0 49 0 0 0 0 0 0 0 0 30 0 33 0 60 62 61 0 0 0 0 0 13 0 0 0 0 15 0 8 3 5 6 0 0 0 0 0 54 0 55 0 0 0 0 0 36 0 0 0 0 0 37 23 0 0 0 22 0 0 0 
0 0 50 55 0 52 53 0 0 0 0 0 0 0 39 41 7 0 0 0 0 0 0 0 22 0 0 0 0 0 0 0 0 0 0 0 0 0 0 0 0 0 0 0 0 0 0 58 0 0 47 0 0 0 0 0 0 0 0 0 0 29 0 0 
0 0 0 15 0 0 0 0 64 0 0 0 0 0 0 0 0 0 0 0 26 0 0 0 0 0 0 0 0 0 47 0 0 0 37 0 0 0 0 0 0 0 0 0 0 0 0 18 0 0 0 0 0 0 3 0 0 0 0 0 0 0 0 0 
0 0 0 0 0 0 61 0 0 0 45 0 0 46 0 49 0 0 14 13 10 0 0 0 0 29 0 0 0 0 31 0 0 0 21 0 0 0 0 0 0 0 0 0 0 0 0 2 0 0 0 0 54 50 51 0 39 0 0 0 38 37 0 40 
30 32 26 0 0 28 0 27 0 0 13 0 0 0 0 0 0 0 0 45 0 0 0 0 0 0 0 0 0 64 63 0 0 0 0 0 0 0 0 0 40 0 0 0 0 0 0 0 0 0 0 25 0 0 0 0 0 0 0 0 0 0 0 0 
22 0 0 0 0 0 0 19 0 0 0 4 3 0 0 0 0 0 0 0 0 0 0 0 0 0 0 50 0 0 55 0 0 0 0 0 0 0 0 42 0 30 0 0 29 0 0 0 16 0 0 17 14 0 0 13 0 0 0 0 0 0 0 64 
0 0 0 0 0 4 0 0 0 0 0 0 0 0 0 0 0 0 0 0 0 0 0 0 0 0 0 0 35 0 39 0 32 0 0 30 0 0 31 0 0 0 0 15 0 0 0 0 64 0 0 0 0 0 0 0 47 49 43 44 0 45 0 48 
0 0 0 0 0 0 0 0 24 0 0 0 0 0 0 0 0 0 0 0 0 0 56 0 0 0 0 0 0 0 7 0 0 0 0 0 0 0 0 0 48 46 49 0 45 43 0 0 0 0 0 33 30 0 0 0 0 0 0 0 0 0 0 0 
0 51 0 50 0 0 0 0 0 0 0 0 0 0 34 36 0 0 0 0 0 0 3 0 0 16 0 13 14 0 18 20 11 0 0 0 7 0 0 0 0 0 0 0 0 0 0 0 0 0 0 44 41 37 0 0 0 0 0 0 0 0 0 27 
0 0 0 0 0 0 0 0 0 5 8 0 0 0 0 0 0 39 0 0 0 0 0 0 57 56 0 0 0 0 0 0 0 0 0 0 0 0 50 0 0 0 0 0 0 0 0 0 0 0 0 0 0 0 0 0 0 0 0 0 0 0 0 0 
0 0 13 0 0 0 0 0 3 0 0 0 0 0 0 0 34 0 0 0 0 0 0 0 49 0 47 0 0 0 50 0 0 0 40 0 0 44 0 0 0 0 0 0 0 0 0 0 0 0 0 0 9 0 0 0 0 0 54 0 0 56 0 0 
0 0 0 0 12 0 0 0 0 0 56 55 54 0 0 0 0 23 0 0 0 0 0 0 0 0 0 0 38 43 0 0 0 0 0 0 0 0 0 29 0 0 0 0 16 0 0 0 3 0 0 4 0 0 0 0 50 0 46 0 0 0 45 51 
0 0 0 0 0 0 0 0 0 0 0 0 0 0 0 28 58 0 0 0 0 0 0 0 0 8 0 0 0 0 10 0 0 62 0 0 0 0 0 0 0 0 0 50 48 0 47 0 0 0 34 0 0 0 0 0 0 0 14 15 17 16 13 0 
33 35 0 0 0 0 0 0 0 0 0 15 0 0 0 20 0 0 0 0 0 52 0 46 0 0 0 0 0 3 0 4 0 0 56 0 55 0 0 0 0 0 0 42 0 0 0 37 0 0 0 0 25 21 0 0 0 0 0 0 9 0 0 0 
0 0 0 0 0 0 0 62 0 0 0 0 0 0 50 0 0 15 0 0 13 20 0 0 0 32 0 0 0 0 0 0 0 0 0 25 23 0 0 0 0 9 0 10 8 0 0 0 0 55 0 0 0 0 0 0 0 0 0 0 0 0 0 0 
57 0 0 0 0 0 0 0 43 0 40 0 0 0 0 0 0 0 0 0 0 0 11 0 25 0 0 21 0 0 0 0 0 0 0 0 0 0 0 0 0 0 0 0 0 0 0 0 0 0 0 0 0 0 0 0 0 0 0 0 0 0 0 0 
