8
0 0 0 0 0 0 53 0 5 63 0 0 2 0 0 0 0 0 0 0 0 30 0 0 23 0 0 0 0 0 0 0 0 0 0 0 0 0 0 41 0 0 0 6 0 0 0 0 60 57 0 0 59 0 0 54 17 0 0 15 0 0 0 0 
0 0 57 0 0 0 0 59 0 0 0 0 0 9 0 0 0 0 44 42 0 0 43 0 31 0 0 0 0 32 34 0 46 0 0 51 52 50 0 0 0 0 0 0 0 0 16 0 4 0 5 0 0 0 0 62 0 0 27 0 0 24 22 0 
0 22 0 0 0 0 0 0 0 0 0 0 42 0 0 0 0 0 0 0 0 0 0 0 63 0 0 4 3 64 0 0 0 0 0 0 20 0 0 0 0 0 52 0 0 0 48 53 0 0 37 32 0 0 0 0 0 61 0 55 0 56 54 0 
0 0 0 0 0 0 0 0 61 0 0 0 0 0 0 0 0 0 0 0 0 0 0 24 0 0 0 20 19 0 0 14 0 0 0 0 0 34 32 0 2 0 0 0 0 0 0 0 0 0 0 0 0 50 0 0 0 0 0 0 0 0 0 0 
0 14 0 0 15 0 21 19 0 31 0 0 0 33 0 0 0 0 4 2 0 62 3 0 0 61 0 60 0 0 58 0 0 13 0 11 12 0 0 0 0 0 0 0 43 0 0 0 0 0 0 24 27 0 0 0 49 0 0 0 0 0 0 0 
0 62 0 0 0 0 5 0 0 0 0 0 0 0 0 0 49 0 0 0 0 0 0 48 0 0 41 44 0 0 0 0 0 0 0 0 0 0 56 0 0 23 0 0 0 0 0 29 12 0 13 8 0 0 7 0 0 37 0 0 0 0 30 34 
0 0 0 0 7 10 0 0 0 0 0 0 0 0 0 27 0 0 60 0 0 0 0 0 0 53 0 0 0 48 0 0 0 0 0 0 0 0 0 1 0 0 0 30 0 0 0 0 0 0 21 0 0 0 0 0 0 0 0 0 0 0 0 0 
0 0 0 0 31 0 0 0 0 47 0 0 0 49 52 0 17 21 0 18 0 0 19 0 0 0 0 12 0 0 0 0 0 0 0 27 0 0 24 0 0 0 0 0 0 57 0 0 44 0 45 0 0 0 0 0 0 5 0 0 4 0 0 0 
0 0 0 0 0 23 0 24 0 0 0 0 0 0 0 0 0 10 0 0 0 0 8 0 0 2 0 0 0 0 0 0 0 18 0 0 0 0 0 0 47 0 0 0 0 0 0 50 0 0 0 0 0 0 28 0 0 58 0 0 57 0 0 0 
1 0 0 61 0 0 2 0 0 0 0 0 0 14 17 16 0 0 0 0 0 0 0 0 0 0 0 41 40 0 0 35 0 0 0 0 0 0 0 0 0 0 0 0 0 0 0 0 0 0 0 0 0 0 4 0 30 0 32 0 0 0 0 0 
0 0 0 0 0 0 0 0 0 0 0 0 0 0 0 0 38 0 0 0 0 35 0 0 0 0 30 0 32 0 0 27 0 0 0 0 49 0 45 0 0 0 0 0 0 0 13 0 0 0 0 61 0 0 0 0 0 26 0 0 0 0 0 0 
41 0 0 0 0 39 0 0 0 0 0 0 0 0 0 56 22 0 25 0 0 0 0 0 0 0 0 17 16 0 0 0 0 0 0 0 0 31 0 0 0 0 0 0 0 62 0 0 0 0 0 0 48 0 0 0 0 0 0 4 0 0 0 7 
17 0 0 0 0 0 18 0 0 0 27 0 0 0 0 0 62 0 0 0 60 59 0 61 0 0 0 0 0 53 0 0 0 0 0 8 9 0 5 0 0 36 0 0 0 0 37 42 0 0 0 21 0 0 20 0 0 0 0 0 0 45 43 0 
0 3 0 5 0 0 10 0 0 0 0 0 0 0 0 24 0 58 0 55 52 51 0 0 44 0 0 49 0 0 0 43 0 0 60 0 0 0 0 62 0 28 0 0 0 0 29 34 0 0 0 0 16 0 0 0 38 0 0 0 0 0 0 0 
0 0 30 29 0 0 0 0 50 0 0 0 0 0 0 48 14 18 0 0 0 0 0 0 0 0 0 0 0 0 7 0 0 26 0 24 25 23 0 22 0 0 0 0 0 0 0 0 0 38 0 37 40 0 0 35 0 2 0 0 1 61 0 0 
0 0 0 0 0 0 0 48 2 0 0 0 0 62 0 0 0 0 0 0 0 0 32 0 0 0 0 25 0 0 23 0 0 0 36 0 41 39 37 0 0 0 0 0 0 0 0 0 0 0 0 0 0 0 0 0 0 18 0 12 0 0 0 15 
0 0 0 0 0 0 0 0 0 0 0 30 0 0 0 0 0 0 0 0 0 0 0 0 0 0 0 0 0 0 0 0 0 11 0 9 0 0 0 0 0 0 42 0 0 0 0 0 0 23 27 0 0 0 0 0 47 51 49 0 0 0 44 0 
0 0 7 0 0 0 0 0 27 21 0 0 0 0 0 25 0 0 0 0 0 0 0 0 0 0 0 50 0 0 48 0 0 0 61 0 0 0 0 0 0 0 0 0 0 0 0 0 0 0 19 0 0 0 13 12 0 43 41 0 42 0 0 0 
0 0 0 0 0 0 0 0 0 0 0 0 0 0 0 0 0 0 42 0 37 0 0 0 0 0 0 0 0 0 0 28 0 0 0 49 0 48 46 0 0 0 0 0 0 0 0 0 0 0 0 0 0 64 61 0 0 27 0 0 0 22 0 24 
42 0 39 0 37 0 0 41 0 0 0 0 0 0 0 0 0 0 0 24 0 0 0 0 0 0 15 0 17 0 0 0 0 35 0 0 0 0 0 0 0 0 0 0 0 63 62 0 0 0 0 46 0 0 45 0 0 11 0 5 0 0 0 0 
0 0 0 62 61 0 0 1 19 0 0 0 16 0 0 0 0 0 0 0 0 0 0 0 37 0 39 0 0 0 40 0 0 59 0 0 0 0 0 0 0 0 0 0 0 0 0 0 0 0 0 0 0 8 0 0 0 0 0 0 0 0 0 0 
0 0 0 0 0 0 0 0 0 37 0 0 0 0 0 0 0 0 0 0 5 0 0 0 0 0 0 0 0 0 0 0 0 0 0 0 0 0 0 0 48 0 0 0 49 0 0 0 0 0 0 0 0 0 0 0 0 0 0 0 0 0 0 0 
0 0 0 30 0 0 0 0 0 0 0 0 0 0 0 0 15 0 0 0 0 0 17 14 0 0 0 10 0 0 0 0 0 0 21 0 0 0 0 0 0 0 58 52 57 0 0 0 0 0 0 38 0 40 0 0 0 0 1 0 0 62 0 0 
50 44 47 0 0 0 0 0 0 61 0 0 0 0 2 0 0 0 0 0 0 0 0 0 0 0 0 0 25 0 0 0 0 0 0 0 42 40 0 0 8 0 10 0 0 0 6 0 0 55 59 0 0 0 0 0 0 0 17 13 0 0 0 0 
0 0 0 0 0 0 39 0 0 0 0 0 0 0 0 53 19 0 0 0 17 0 21 0 0 0 0 0 0 0 0 0 0 0 25 29 30 28 26 0 0 0 0 56 61 0 0 0 0 0 0 0 0 0 0 0 3 7 0 1 0 0 0 4 
62 0 0 0 0 0 0 61 0 9 0 0 0 11 0 13 43 0 46 0 0 0 45 42 0 0 0 0 0 0 36 0 0 0 0 0 0 52 0 0 0 0 22 0 0 0 0 0 0 0 0 0 5 0 0 0 0 0 0 25 0 26 0 0 
0 0 11 0 0 12 15 0 0 0 0 0 0 27 0 0 0 63 0 60 0 56 0 0 0 0 0 0 53 0 52 0 0 0 0 0 0 0 0 0 36 0 0 0 0 0 0 39 0 19 0 0 0 0 17 16 0 0 0 0 0 42 0 0 
0 0 0 26 0 0 0 0 0 0 0 0 44 0 0 0 0 15 0 0 9 8 0 0 0 0 0 0 0 2 0 0 0 23 0 0 22 0 0 0 0 0 54 0 53 0 0 55 38 0 0 0 0 0 0 0 0 0 0 0 0 58 0 0 
0 16 0 0 0 0 23 0 0 0 0 0 0 0 0 0 0 0 0 0 0 0 0 0 0 0 0 0 0 58 0 0 8 15 9 13 14 0 0 0 0 41 0 0 0 0 0 0 30 0 0 26 0 0 0 0 0 0 0 49 0 0 0 0 
0 0 0 2 0 0 0 5 0 0 0 0 0 0 22 0 51 55 0 0 0 0 0 0 0 0 0 46 0 0 0 0 0 63 0 0 0 60 58 0 0 0 30 0 0 0 0 0 0 0 0 0 0 0 0 0 0 0 0 0 0 0 0 0 
0 0 0 0 0 0 0 53 0 1 0 0 0 0 0 0 0 0 0 0 33 0 0 0 0 0 0 0 0 26 0 0 40 0 0 0 0 44 0 0 0 0 0 0 0 11 0 15 0 0 0 0 61 0 0 0 0 0 0 0 0 0 0 0 
0 0 0 0 0 0 0 0 0 0 0 0 0 0 62 61 0 0 0 0 0 0 0 0 0 23 19 0 0 0 0 16 0 0 0 0 38 0 0 0 0 1 0 0 0 0 2 0 0 0 0 0 0 0 49 0 0 0 13 0 0 10 0 0 
0 0 0 0 0 0 0 0 0 26 0 0 0 0 0 0 60 0 0 0 0 0 0 59 0 0 52 55 0 51 0 0 0 0 0 0 7 0 0 0 0 0 0 0 0 36 0 0 0 0 0 0 0 0 0 0 0 0 0 0 0 0 0 0 
0 0 0 0 0 0 0 0 0 0 0 0 61 0 0 0 0 32 0 0 0 0 0 0 18 24 0 0 0 0 0 0 33 0 0 0 0 0 35 0 0 0 0 0 6 4 0 8 0 52 0 0 0 0 0 0 0 0 0 0 15 11 9 0 
0 33 36 35 0 37 40 0 56 0 0 51 0 0 55 0 0 0 0 0 0 0 0 0 0 0 12 15 0 0 0 0 0 32 0 0 0 29 0 28 0 58 0 0 62 0 0 0 0 44 0 43 0 0 42 0 0 0 6 0 0 3 0 0 
63 0 0 0 0 0 0 62 16 10 0 0 0 0 15 0 0 48 0 0 0 0 46 0 0 0 0 39 0 35 0 33 0 0 0 0 0 0 0 0 0 0 0 0 22 0 19 0 0 0 0 0 0 0 0 0 0 0 0 26 0 0 0 0 
0 0 0 0 0 0 0 0 0 0 0 0 0 0 0 0 12 0 0 13 0 0 0 0 0 0 0 0 0 0 0 0 0 0 0 0 0 0 0 0 0 0 55 0 54 0 0 0 0 0 40 35 0 0 34 0 0 0 62 0 0 0 0 0 
0 0 0 0 0 0 0 0 0 34 0 0 0 0 39 0 4 0 0 0 0 0 0 0 0 0 0 0 0 0 0 0 0 0 10 0 0 0 0 0 45 0 47 0 0 0 0 0 31 0 0 27 0 0 0 0 0 0 0 0 0 0 0 0 
0 0 0 3 0 0 0 0 0 0 0 0 0 0 0 0 0 0 0 0 0 0 0 0 0 0 0 0 0 0 0 0 0 0 0 0 0 0 59 0 0 0 0 0 0 0 0 0 15 12 0 0 14 13 0 0 0 0 38 0 0 35 0 0 
0 0 52 0 0 0 0 0 8 2 1 0 0 0 0 0 0 0 0 37 0 0 0 0 0 0 0 0 0 27 0 0 0 48 0 0 47 0 43 0 0 10 0 9 0 0 0 0 0 0 0 0 0 0 0 0 0 0 0 0 0 19 17 0 
0 0 0 39 0 41 0 0 0 54 53 0 0 0 0 0 0 0 0 0 0 0 0 0 0 0 0 0 0 0 0 0 0 36 0 0 0 0 0 0 0 0 3 61 0 64 63 0 0 0 52 0 0 49 46 0 0 0 0 0 0 0 0 0 
0 0 0 0 0 0 0 0 0 0 0 31 0 0 0 0 0 0 3 0 62 0 0 0 0 60 0 0 0 0 0 0 0 0 0 0 11 0 0 0 0 0 0 0 0 40 0 44 0 0 0 0 26 0 0 0 0 0 50 0 0 0 0 0 
0 0 0 0 0 0 0 0 0 14 13 0 17 0 0 0 48 0 51 0 0 0 0 0 0 0 0 43 42 39 0 37 53 0 0 0 0 0 0 0 0 0 0 0 26 0 0 0 11 0 12 7 10 9 0 5 0 0 0 30 0 0 0 33 
35 0 0 0 0 33 0 0 0 0 0 0 49 0 0 0 16 20 0 0 0 13 0 15 0 0 8 0 10 7 0 0 0 0 0 26 27 0 0 0 0 0 59 0 0 0 0 0 0 0 44 0 0 0 38 0 0 0 0 0 0 0 0 1 
0 0 0 0 6 0 0 10 0 0 0 0 0 0 0 26 0 0 59 0 0 0 0 0 0 52 0 0 0 0 0 45 0 0 0 0 0 0 0 0 0 0 0 0 0 0 0 0 0 16 0 0 0 0 14 0 0 0 0 0 43 0 0 0 
0 53 0 0 0 0 60 0 0 0 0 0 0 0 0 0 40 0 43 0 38 0 0 0 0 0 0 0 34 0 0 0 45 0 0 0 0 49 0 0 17 0 0 0 18 16 0 0 3 0 0 0 0 0 0 61 0 0 0 0 27 0 0 0 
0 0 0 47 0 0 0 0 0 0 0 63 1 0 0 0 0 0 0 0 0 29 0 0 0 0 0 27 0 23 0 21 0 44 38 0 43 0 0 40 0 0 0 0 0 0 0 0 0 0 0 0 0 0 0 0 16 20 0 0 0 0 0 0 
0 21 0 0 0 25 28 0 0 38 0 0 0 0 0 0 0 0 0 9 0 0 0 0 0 0 0 3 0 0 0 0 0 0 0 18 19 0 0 16 49 46 0 0 0 48 0 52 0 0 0 31 0 0 0 0 56 0 58 0 0 55 53 0 
0 0 0 0 0 0 0 0 6 0 0 1 0 0 0 0 0 0 37 0 0 0 0 0 0 0 0 0 0 0 0 0 0 46 0 0 45 43 0 42 11 8 0 0 0 0 0 0 0 0 0 0 60 0 0 55 0 0 0 0 0 0 0 0 
0 0 0 0 0 0 0 0 0 16 0 17 19 0 0 0 0 0 0 0 48 0 0 49 0 0 0 0 0 41 0 0 0 0 0 0 0 0 0 58 0 0 0 23 0 0 0 0 0 0 0 0 0 0 0 0 0 0 0 0 0 0 31 0 
0 0 42 41 0 43 0 0 0 0 0 57 0 0 0 60 0 0 29 0 0 0 0 0 16 22 0 0 0 0 0 0 0 38 32 0 37 0 33 0 0 0 5 63 4 0 0 0 53 0 54 0 0 0 48 0 10 0 0 8 0 0 0 0 
0 0 0 0 0 0 0 28 0 40 0 0 0 0 0 0 0 0 0 0 0 0 0 0 0 6 0 5 0 0 0 0 15 0 0 20 0 0 0 0 0 0 0 0 0 50 0 0 0 0 0 33 0 35 0 0 0 0 60 0 61 0 0 0 
13 0 0 0 0 0 0 12 0 0 23 0 27 0 0 0 58 0 0 0 0 0 60 0 0 0 0 0 0 0 0 0 0 0 64 0 0 0 0 0 0 0 0 31 0 0 0 0 0 0 22 0 0 0 0 0 0 0 44 0 0 0 0 0 
0 15 0 0 0 0 0 0 38 0 0 0 35 34 0 0 0 0 0 0 0 63 4 0 0 62 0 61 60 0 0 0 0 14 0 0 0 11 0 0 0 0 0 0 0 0 41 46 0 0 0 0 0 0 0 0 0 54 0 0 0 0 47 0 
0 31 0 0 0 0 0 0 0 0 0 0 0 0 53 0 18 0 0 0 0 0 0 0 0 0 0 0 0 9 0 7 0 30 0 28 29 0 0 26 0 0 0 55 0 0 0 0 0 42 46 41 44 43 0 39 0 0 0 0 0 0 0 0 
61 0 0 0 0 0 0 0 0 0 0 0 0 0 0 0 42 0 0 43 0 0 0 0 0 38 0 37 0 0 0 0 0 54 48 0 0 0 49 0 0 16 0 0 0 0 0 0 0 0 6 0 0 0 64 0 0 0 0 0 29 0 23 27 
0 10 0 12 0 0 17 0 0 0 0 28 0 0 0 0 0 0 0 0 59 0 0 0 0 57 53 0 0 52 54 0 0 0 0 0 0 0 0 0 0 35 0 0 0 0 0 41 0 0 0 0 0 0 19 0 0 0 0 0 0 0 42 0 
0 0 0 0 0 0 0 0 0 0 58 0 0 61 0 0 0 0 32 30 0 0 0 28 0 0 0 0 0 0 0 0 0 0 0 39 0 38 36 0 0 0 0 0 7 0 0 0 0 0 0 0 0 0 0 0 0 0 0 0 0 0 10 0 
0 0 0 0 0 30 33 0 0 0 0 0 0 0 0 0 0 0 16 0 0 0 0 0 0 0 0 0 0 0 0 0 0 0 0 23 0 0 0 0 0 0 0 50 0 53 0 0 0 37 0 0 39 0 0 34 0 0 0 0 0 0 0 0 
0 0 0 0 0 0 57 0 0 0 2 0 6 0 8 0 0 0 0 0 0 0 0 0 27 0 0 32 0 0 0 0 0 0 0 0 0 0 44 0 0 0 0 0 0 13 0 0 64 61 0 0 0 0 0 58 0 0 0 0 0 0 0 0 
0 0 0 4 3 0 0 0 25 19 0 0 22 0 0 0 0 57 0 0 51 50 0 0 0 0 45 0 0 0 46 0 0 0 0 63 64 0 0 0 0 27 0 0 31 0 0 33 0 13 0 12 0 0 0 0 0 41 0 35 0 0 0 0 
0 58 0 0 0 0 0 0 17 0 0 12 0 0 16 0 0 0 0 0 43 42 0 0 0 0 0 0 39 0 0 0 0 0 0 0 0 0 0 53 0 0 0 0 23 21 0 0 0 0 9 4 0 0 0 0 0 0 31 0 0 0 0 0 
0 0 0 0 0 0 25 0 41 0 0 0 0 0 0 0 5 0 0 0 3 0 0 0 59 0 0 0 63 60 0 0 0 0 0 0 0 0 0 0 46 43 0 42 0 45 0 49 0 0 0 0 0 0 0 0 0 57 0 51 0 0 0 0 
40 0 0 0 0 0 41 0 0 0 50 0 0 0 0 0 21 0 0 0 0 0 0 0 0 0 0 0 0 0 0 0 0 33 27 0 0 0 0 0 0 0 0 0 63 0 0 0 0 0 0 0 47 0 0 42 0 0 0 3 8 4 0 0 
