8
0 0 0 17 0 0 0 0 0 0 0 59 2 0 0 0 0 0 0 0 0 0 0 0 0 53 0 0 0 0 0 0 0 0 0 0 26 0 22 0 0 0 0 0 0 0 0 0 0 0 0 29 0 28 30 0 0 0 0 0 0 0 0 0 
0 30 0 0 34 0 0 29 0 0 0 0 0 0 0 0 0 0 0 0 0 0 58 56 0 0 0 0 0 0 10 0 0 0 0 0 0 0 0 39 0 0 0 25 0 0 0 22 0 0 50 0 0 0 0 0 0 0 0 62 63 0 0 0 
0 0 0 0 0 47 0 45 0 0 32 0 34 0 0 31 9 0 0 0 0 0 0 0 0 0 0 0 0 0 26 0 56 0 0 0 0 0 0 0 0 0 0 0 0 0 0 0 0 0 0 61 0 0 0 64 0 0 0 0 15 0 0 0 
0 0 0 0 0 0 0 0 5 0 0 3 0 0 0 0 0 0 0 0 0 0 50 0 0 61 62 59 64 0 2 0 0 33 0 0 0 0 30 31 0 0 0 17 0 0 0 0 39 0 0 0 0 0 0 40 0 0 0 0 55 0 0 0 
0 0 64 0 0 0 60 61 0 0 48 0 0 0 0 47 0 19 0 0 0 20 0 0 0 0 0 0 0 0 0 0 0 0 0 3 0 0 0 0 0 0 0 0 0 0 0 54 0 0 0 0 0 12 0 0 0 0 0 30 0 0 28 0 
0 54 56 0 58 55 0 0 37 41 40 0 0 0 0 0 0 0 0 15 13 0 18 0 31 0 0 27 0 0 34 0 0 0 0 0 0 0 0 0 0 0 0 0 0 0 0 0 0 0 0 0 0 4 0 8 0 0 0 0 0 0 0 0 
0 0 40 0 0 0 0 0 21 0 0 0 0 0 0 0 0 0 62 0 0 0 0 64 0 13 0 11 0 0 0 0 48 0 0 0 0 0 0 0 0 0 0 0 0 0 0 0 0 0 0 0 0 0 54 56 0 0 0 0 7 0 0 0 
0 6 0 0 0 7 0 0 0 57 0 0 0 52 0 0 0 0 0 0 0 0 0 32 0 0 0 0 0 49 0 0 0 17 0 0 0 0 14 0 0 0 0 0 0 0 0 0 0 0 26 0 0 0 0 0 37 0 0 38 0 0 0 0 
0 0 0 0 0 0 0 0 0 0 6 0 0 0 4 0 0 0 0 0 0 0 0 0 0 0 0 57 0 0 0 0 0 0 0 0 0 0 0 0 16 9 0 0 0 0 0 0 0 0 0 0 0 0 0 0 0 0 0 0 0 0 50 0 
0 0 0 31 0 0 0 0 0 15 0 0 0 0 0 0 0 0 0 0 51 0 0 54 0 0 0 0 0 0 0 0 0 0 0 0 0 0 0 0 0 17 0 0 0 21 0 0 0 0 48 43 0 0 0 46 0 0 0 0 0 0 0 0 
41 0 46 0 0 0 0 43 0 0 0 25 0 0 0 0 0 0 0 5 0 0 0 0 21 0 0 17 0 0 0 0 0 55 0 0 0 50 52 0 0 0 0 0 0 0 0 0 0 0 0 0 0 0 0 0 0 0 0 0 13 0 0 0 
0 0 0 0 0 0 0 51 0 0 0 0 0 0 0 0 0 0 0 0 0 0 0 0 0 0 0 0 30 0 32 0 0 0 0 0 64 0 60 0 48 0 0 0 0 0 0 0 0 1 0 3 0 0 4 0 19 0 0 20 0 0 0 0 
0 0 0 0 0 0 0 0 0 0 62 0 0 0 0 0 0 0 0 0 0 0 0 0 0 0 0 49 0 55 0 0 0 0 0 0 0 18 0 0 8 0 0 0 2 0 6 0 0 0 0 0 0 0 0 30 0 0 0 0 0 0 0 0 
0 0 0 0 0 0 0 0 0 0 22 0 0 0 0 0 63 0 0 0 59 58 0 0 13 0 12 0 0 0 0 0 46 0 0 0 0 0 44 0 0 0 0 0 0 0 0 0 0 0 0 0 0 0 0 0 0 8 7 0 0 0 0 0 
0 0 62 63 64 0 0 0 0 0 0 0 0 0 0 0 0 0 0 0 19 0 24 0 0 0 0 33 0 0 40 0 0 0 3 1 0 0 4 5 0 0 0 0 50 53 0 52 13 0 0 0 0 10 0 0 0 0 0 0 0 25 26 0 
1 4 0 0 0 0 2 0 0 0 0 0 0 50 52 0 31 25 0 29 0 26 0 0 0 43 0 0 0 0 0 0 14 0 0 0 0 0 0 0 0 57 0 0 0 0 0 0 0 0 24 19 0 0 0 0 35 0 0 0 37 0 0 38 
0 17 0 0 0 18 0 0 0 0 0 0 0 63 0 0 0 0 41 0 0 0 0 0 0 0 0 0 0 0 0 0 0 0 0 0 0 0 0 0 0 0 0 0 7 0 0 0 0 30 0 0 0 0 0 0 0 0 52 0 0 0 0 0 
0 0 0 0 0 0 0 0 0 0 0 22 0 0 25 0 0 0 0 2 0 0 0 0 0 0 0 0 19 0 0 0 0 0 0 46 0 0 0 0 0 0 32 0 0 0 0 0 0 0 61 56 0 55 0 59 0 0 0 9 0 0 7 0 
6 0 0 0 13 0 0 0 0 0 0 0 0 0 57 0 0 0 0 0 32 0 37 0 0 0 0 0 0 0 0 0 0 0 16 0 0 15 17 18 0 62 0 4 0 0 3 0 0 0 0 0 28 0 0 0 0 0 44 0 0 0 0 43 
0 0 0 0 0 0 0 0 0 0 11 0 13 7 0 0 0 0 0 50 0 47 0 51 0 0 1 0 0 0 0 63 35 0 0 30 0 31 0 0 21 0 0 0 15 0 0 0 42 0 0 0 0 0 0 0 0 0 0 0 58 0 0 0 
54 0 0 0 0 0 0 0 0 44 0 0 45 39 41 0 0 0 0 0 0 0 0 0 0 0 0 0 0 0 0 0 0 0 0 0 0 0 0 0 0 0 48 0 0 0 51 0 0 0 0 0 12 0 0 0 0 0 0 0 0 22 0 27 
0 0 0 52 53 50 0 0 0 0 0 0 0 0 0 0 0 0 0 0 0 0 0 0 26 24 0 0 0 0 0 0 0 0 0 0 0 0 0 0 0 0 0 0 39 0 0 0 0 62 0 0 0 0 0 0 0 0 0 0 0 0 0 0 
0 0 0 36 0 0 0 0 0 0 0 0 0 15 0 0 0 0 0 0 0 0 61 0 0 0 0 0 0 0 0 7 0 0 0 0 45 39 0 0 0 0 0 0 0 0 27 25 0 0 0 48 0 0 0 0 0 5 0 0 2 0 0 0 
0 1 3 4 0 2 0 0 48 52 0 0 0 47 0 0 0 0 0 0 0 0 0 0 0 0 41 0 43 0 0 0 0 0 8 0 0 7 9 0 0 0 0 0 0 0 0 57 0 0 21 16 0 0 17 0 0 37 36 0 0 0 31 0 
55 0 60 0 0 0 56 0 0 45 0 0 0 0 42 0 0 15 0 0 17 16 22 0 35 0 0 0 36 0 0 32 0 5 0 0 0 64 0 0 54 47 0 0 0 0 0 0 0 0 0 0 0 0 0 0 0 0 0 26 0 0 0 0 
0 0 0 0 0 0 0 1 0 53 0 0 0 0 50 0 0 0 0 0 0 0 0 0 43 0 42 0 0 45 0 0 0 13 0 7 0 8 0 0 62 0 0 0 0 59 0 0 0 15 0 0 21 0 0 0 0 0 0 0 35 0 0 0 
15 18 0 0 22 0 16 0 0 0 0 63 0 0 0 0 45 0 42 0 41 40 0 44 0 57 58 0 0 0 0 0 0 0 0 0 0 0 26 0 0 0 0 0 8 11 12 0 35 0 0 0 0 0 0 0 0 54 0 0 0 0 0 0 
0 0 0 0 0 0 0 49 33 0 36 0 0 0 0 0 0 0 0 11 0 8 0 12 0 25 26 0 0 0 0 0 0 0 0 55 0 56 0 0 0 0 0 45 40 0 44 0 3 0 0 0 0 0 0 0 17 0 0 0 0 0 0 0 
0 0 0 0 0 0 0 0 0 0 0 0 0 0 58 0 37 0 0 0 33 0 0 0 0 0 0 47 0 0 0 0 20 0 0 0 0 0 0 0 0 0 0 0 0 3 0 0 0 0 0 0 29 0 0 0 0 0 0 42 0 0 0 0 
0 0 28 0 30 0 0 0 9 0 0 7 0 0 0 0 53 0 0 0 0 0 0 0 0 0 0 0 0 0 0 0 0 0 0 0 0 0 34 0 0 0 0 0 16 19 0 18 0 0 0 0 0 0 0 0 0 0 0 58 0 0 0 60 
0 0 0 0 46 0 0 0 25 29 0 0 0 0 26 0 0 63 2 0 0 0 0 0 0 0 0 0 0 0 0 0 0 0 0 0 0 0 0 0 0 0 33 0 0 0 0 0 0 0 0 0 0 0 58 60 0 14 0 0 0 0 0 12 
0 0 0 0 0 0 0 0 0 0 0 0 0 16 18 0 0 0 0 0 0 0 0 0 0 0 0 0 0 0 0 0 0 0 0 39 0 0 42 0 0 23 0 0 0 0 0 0 0 47 0 49 53 0 0 0 0 0 0 2 0 63 0 0 
0 43 0 46 0 0 0 0 26 30 0 0 0 0 0 0 6 0 0 0 2 0 0 5 0 0 0 0 0 0 0 0 53 54 0 0 55 0 0 0 0 0 0 0 33 0 0 0 60 0 0 0 0 0 0 0 0 0 0 0 0 0 0 0 
8 0 0 14 0 12 0 10 0 0 61 0 0 57 0 0 0 0 0 0 0 33 39 0 0 0 0 0 0 0 0 0 0 0 0 0 0 0 19 0 0 0 0 6 0 0 0 0 0 0 0 0 0 0 27 0 0 0 0 0 44 0 41 0 
0 0 0 22 23 0 0 0 0 6 5 0 7 0 0 4 0 0 0 0 0 0 0 45 0 58 0 0 0 0 0 57 0 0 26 24 0 0 0 0 15 0 0 14 0 12 0 0 0 0 0 0 38 0 0 0 0 55 0 0 0 0 0 0 
56 0 61 62 63 0 57 0 0 0 0 0 0 0 0 0 0 16 0 0 18 0 0 0 36 34 0 32 0 38 0 0 0 6 0 0 0 0 0 0 0 0 0 54 0 0 0 0 12 0 0 0 14 0 0 0 0 0 30 27 0 0 0 0 
24 0 0 30 0 0 0 0 0 0 0 0 0 0 0 0 54 0 0 52 50 0 0 53 0 0 3 0 0 0 0 0 37 38 34 0 0 0 0 0 0 0 0 0 17 0 0 0 0 40 0 0 0 41 0 0 58 0 0 0 0 0 0 0 
0 0 0 54 0 0 0 0 0 38 0 0 0 0 0 0 0 0 0 12 0 9 0 13 0 0 0 0 0 0 0 0 61 0 0 0 0 57 0 0 0 0 0 0 0 0 0 0 0 0 0 2 6 0 0 0 18 0 22 0 0 0 17 0 
0 0 0 0 0 0 0 34 18 0 21 0 0 0 19 0 0 0 0 0 58 0 0 0 0 0 0 0 0 0 0 0 0 0 0 0 0 41 0 0 0 0 0 0 0 0 0 0 52 0 0 0 0 0 51 0 0 0 0 0 0 0 0 0 
0 0 0 6 0 0 0 0 50 0 0 0 0 0 0 0 0 0 0 0 0 0 0 29 0 0 43 0 0 46 0 41 0 0 0 0 15 0 0 0 63 0 0 0 57 0 0 0 0 0 0 0 0 0 0 0 0 0 38 0 36 0 0 0 
44 0 0 0 51 48 0 0 30 0 0 0 35 29 0 32 0 0 0 0 0 0 0 0 0 22 0 20 25 0 0 0 57 58 0 52 0 0 0 0 0 0 0 0 0 0 41 0 0 60 3 0 2 0 63 0 0 0 18 0 0 0 0 0 
0 0 0 58 0 0 0 0 0 0 41 36 0 0 0 0 0 0 0 0 0 0 19 0 0 0 0 0 0 34 0 29 0 0 0 60 3 0 0 0 0 0 46 50 0 0 0 47 8 0 0 6 0 0 0 0 0 0 26 23 0 0 0 0 
0 0 0 0 3 64 61 0 0 50 0 44 51 0 47 48 26 0 0 0 22 0 0 0 0 38 0 0 0 0 0 0 9 0 0 0 11 0 7 0 0 0 0 0 0 0 57 0 0 0 0 0 0 0 0 0 30 35 0 0 0 0 0 0 
0 0 0 0 0 0 0 6 0 58 0 52 0 0 0 0 0 0 0 0 0 29 35 0 0 0 47 44 0 0 0 0 0 0 0 12 0 0 15 16 0 0 0 0 0 0 0 0 24 0 0 22 0 0 0 25 0 0 0 0 40 0 0 0 
0 23 0 0 0 0 0 0 0 0 9 0 0 0 0 0 0 0 0 0 0 0 51 0 0 62 0 0 0 0 0 0 0 0 0 0 0 0 0 0 19 0 0 0 0 0 0 0 0 0 0 0 42 0 0 0 0 59 0 0 0 0 0 0 
0 0 0 42 0 0 0 0 22 0 0 0 0 0 23 0 0 60 0 0 0 0 0 0 0 0 0 0 0 18 19 0 49 0 46 0 51 0 0 0 0 0 0 0 0 32 0 0 0 0 59 54 58 0 0 0 0 0 10 7 0 0 5 0 
12 0 17 0 0 16 0 0 0 0 0 0 0 0 0 0 0 0 0 40 0 37 0 41 0 0 55 0 57 0 0 0 0 0 0 0 0 0 0 0 0 0 0 0 0 0 0 0 0 0 0 0 0 0 0 0 46 0 50 0 0 44 0 0 
0 0 33 0 0 0 0 0 0 0 0 0 0 13 0 0 0 0 0 56 0 0 0 0 0 6 0 0 9 0 0 0 0 0 38 0 0 0 39 40 0 20 22 0 0 0 0 0 0 0 0 46 50 0 0 0 0 0 0 0 0 0 0 1 
0 0 0 32 33 0 0 0 0 0 0 0 17 0 13 0 0 0 0 54 0 0 0 0 6 0 5 2 0 0 0 0 39 40 36 34 0 0 0 0 0 0 0 0 19 0 0 0 0 0 0 0 0 0 0 47 0 0 0 0 0 0 0 0 
0 45 0 0 0 0 0 44 0 0 31 0 33 0 0 0 0 2 0 0 0 0 0 0 0 0 21 0 0 0 25 0 0 0 0 50 0 0 53 0 0 0 0 0 35 38 0 0 0 0 0 0 0 0 61 0 0 17 0 0 0 10 0 0 
0 0 0 0 0 0 59 0 0 0 47 0 0 0 0 0 24 0 0 22 0 0 0 0 0 36 0 34 0 0 0 0 0 0 4 0 0 0 0 0 0 0 0 56 0 54 55 53 0 0 0 0 0 0 0 0 0 33 32 0 0 0 0 31 
0 0 0 0 0 0 0 0 0 0 0 0 0 0 21 0 0 0 0 0 0 0 0 0 0 0 0 0 0 0 0 0 47 48 0 0 0 0 0 46 0 0 0 0 27 0 31 0 0 0 0 0 56 51 0 0 0 9 0 5 0 0 0 0 
0 0 0 0 0 0 0 0 36 0 0 0 0 0 0 0 0 0 13 0 0 0 0 0 30 0 0 26 31 32 0 0 0 0 0 0 0 0 0 0 0 0 0 0 0 0 0 45 0 0 9 0 8 0 0 0 0 25 0 0 22 0 19 0 
0 5 0 0 0 6 0 0 0 0 0 0 0 0 0 54 32 0 29 0 28 0 0 0 0 44 0 0 0 0 0 0 15 16 0 0 17 0 13 0 0 0 0 0 0 0 0 0 0 0 0 0 0 0 0 0 0 0 0 0 0 0 35 0 
18 0 0 0 0 0 0 0 0 8 0 2 9 0 0 0 0 0 0 46 0 0 49 0 0 0 61 0 0 0 0 0 0 0 0 0 0 0 0 30 17 0 0 0 11 0 0 0 0 0 0 36 0 0 0 0 0 57 0 0 0 50 0 0 
0 0 0 0 0 0 0 0 0 0 0 0 0 0 0 0 0 0 37 0 0 0 0 0 0 0 53 0 0 0 0 0 23 0 0 0 0 19 21 0 9 0 0 0 0 0 0 0 0 0 0 0 0 0 0 0 0 49 0 0 46 0 0 0 
0 0 0 0 0 0 0 0 0 0 0 0 0 0 0 9 0 0 48 0 0 46 0 0 0 0 64 0 2 0 0 0 34 0 0 0 36 0 0 33 0 0 0 0 0 0 0 16 0 0 0 0 43 0 0 0 0 0 0 56 57 0 54 58 
0 0 0 0 36 0 0 0 0 0 0 0 0 0 0 0 59 0 0 0 0 0 0 0 0 7 8 5 0 0 0 6 0 43 0 0 44 0 0 0 0 21 23 27 0 0 0 0 0 0 0 0 51 0 0 0 0 4 3 0 0 0 0 0 
53 0 0 0 60 0 0 0 0 43 0 0 44 0 0 0 0 13 0 0 0 0 0 0 0 0 32 29 34 0 0 0 0 0 0 0 4 0 0 0 0 0 47 0 46 0 0 0 0 0 0 0 11 0 0 10 0 0 0 0 25 21 0 26 
0 0 50 0 0 0 0 0 0 0 0 29 0 0 0 0 0 5 8 0 0 6 0 0 0 0 0 0 0 0 0 0 0 59 0 0 0 0 56 0 44 0 0 0 0 0 0 0 0 0 0 0 3 62 64 0 0 0 0 0 0 13 0 0 
5 0 10 11 0 0 0 0 0 0 0 0 0 0 56 0 0 0 0 0 0 0 0 0 0 47 0 0 0 51 52 0 18 0 0 0 0 0 0 0 0 0 0 0 0 0 0 0 0 0 28 0 0 0 24 0 0 0 43 0 0 0 0 0 
0 0 2 0 0 0 0 0 0 0 50 0 0 0 48 49 0 0 0 0 0 22 0 0 0 39 0 0 42 0 0 38 0 0 7 0 0 0 0 0 0 0 0 0 0 0 0 56 0 13 0 0 0 0 0 0 0 0 35 32 0 0 0 0 
0 0 0 0 0 0 0 0 0 3 0 0 0 0 0 0 43 0 0 0 0 0 44 0 0 0 0 53 0 59 0 0 0 0 23 0 0 0 0 0 0 0 0 0 0 0 0 0 33 0 0 0 0 30 0 0 0 0 0 0 0 45 0 50 
0 0 0 0 0 0 0 39 0 0 0 0 28 22 0 0 3 0 0 1 0 62 0 0 0 0 0 0 0 0 0 0 50 0 0 0 0 0 0 0 0 0 31 0 0 0 34 0 0 0 0 0 59 54 0 0 0 12 0 8 9 5 0 0 
