8
0 24 0 0 0 0 0 0 0 46 0 0 0 0 0 44 0 0 0 0 0 0 0 0 0 0 0 61 0 64 0 0 52 0 0 58 0 0 0 0 0 0 19 16 0 12 0 0 40 0 0 0 41 0 43 0 0 0 0 0 0 30 0 0 
0 0 54 53 0 59 0 0 0 0 0 0 0 0 0 0 0 0 0 0 0 0 0 38 34 0 31 0 0 0 0 0 20 0 0 0 0 23 0 0 0 0 0 0 0 0 0 0 0 5 0 6 0 0 0 0 64 3 0 0 0 0 0 0 
0 0 0 0 0 0 0 0 0 0 0 58 0 0 0 0 0 0 0 0 0 0 16 0 0 0 0 0 6 8 0 0 0 0 0 0 0 0 0 64 0 0 0 0 22 0 21 26 0 0 47 0 0 0 0 44 0 0 0 0 39 0 0 0 
0 0 0 0 0 0 0 0 21 0 25 0 0 27 0 0 49 0 47 0 44 0 48 0 0 0 0 0 0 0 0 0 0 0 35 34 0 31 0 0 0 55 0 0 0 0 0 0 0 13 0 0 0 18 0 0 0 0 0 0 0 0 0 0 
47 0 0 45 0 0 0 0 0 6 0 0 0 11 0 4 0 0 31 0 0 0 0 30 0 0 0 0 0 0 0 0 0 0 19 0 0 0 0 0 0 0 0 0 0 0 37 0 0 0 0 0 0 0 0 60 0 59 0 58 0 0 52 0 
7 0 0 0 0 0 10 0 0 0 0 0 0 0 31 0 0 0 0 0 0 0 0 0 0 0 0 45 0 48 0 0 0 0 0 0 0 0 0 0 0 0 0 0 0 0 0 0 24 0 0 0 0 0 0 0 0 19 13 0 0 14 0 17 
0 0 0 0 0 19 0 0 0 38 0 0 0 43 0 0 0 0 0 0 0 0 0 62 0 52 55 53 0 0 0 0 0 46 0 0 0 0 45 0 9 7 0 8 0 4 0 0 0 0 0 0 0 34 35 0 0 0 0 0 0 22 20 0 
0 0 0 0 0 43 0 36 61 62 1 0 0 0 0 0 25 0 0 26 20 0 0 0 18 0 0 0 0 0 19 17 4 0 0 0 0 0 0 0 0 0 0 0 0 0 0 0 0 0 0 0 57 0 0 0 0 0 0 0 0 46 0 0 
0 0 0 62 0 4 3 0 0 0 0 0 0 0 0 21 50 0 0 0 0 46 49 0 0 37 0 0 0 0 0 0 0 0 0 0 0 0 0 0 0 0 0 0 0 0 0 0 0 14 0 0 0 0 0 0 0 0 0 0 0 0 0 0 
0 0 23 0 0 0 0 0 0 0 0 0 49 0 0 45 10 0 8 0 0 0 0 0 0 0 0 0 0 0 0 0 0 0 0 0 0 56 54 0 0 0 0 0 0 0 0 0 0 0 0 0 0 0 0 0 0 0 0 0 0 31 0 0 
8 0 0 0 10 0 0 0 0 0 0 0 0 0 0 0 0 0 0 0 0 0 57 0 0 0 0 0 47 0 0 0 0 0 44 43 0 0 38 0 0 0 0 0 0 0 0 0 0 0 24 23 0 0 28 0 0 0 0 0 0 0 0 0 
0 0 15 0 0 20 0 0 0 0 0 0 0 0 0 0 0 0 0 0 61 0 0 0 59 0 0 0 0 0 60 0 0 0 0 51 0 0 0 49 0 0 0 0 0 0 0 0 0 0 32 0 0 0 0 0 0 0 0 0 24 0 0 0 
0 49 0 0 50 0 0 45 0 0 0 11 0 0 0 0 0 0 0 0 0 30 33 0 0 21 0 22 0 0 0 0 0 0 0 0 0 0 0 0 0 0 0 0 0 0 0 0 0 0 0 0 0 0 0 61 0 0 0 0 0 0 0 0 
0 57 55 0 0 60 0 0 0 15 0 0 17 0 0 0 42 0 0 0 37 0 0 0 0 0 0 0 0 0 0 0 0 23 0 0 26 0 0 25 0 0 0 0 0 0 0 0 9 6 0 0 10 0 12 0 0 0 62 0 0 0 0 0 
0 0 0 0 0 44 0 0 0 63 0 0 0 0 0 0 0 0 0 0 21 0 0 0 0 0 0 14 0 0 0 0 0 0 0 11 0 8 6 0 34 32 36 0 0 0 30 0 57 0 0 0 0 59 0 0 0 0 46 0 0 0 45 50 
0 0 31 30 0 0 0 0 0 55 0 0 0 60 56 0 18 0 0 0 0 0 0 0 0 0 0 0 7 0 0 0 0 0 0 0 2 0 0 0 0 24 0 0 0 0 0 0 0 0 0 0 0 0 52 0 0 44 38 0 0 0 0 0 
0 0 0 0 0 0 0 0 0 0 0 0 0 0 0 0 0 0 0 0 0 0 58 56 0 0 0 0 0 50 0 0 0 40 0 0 0 0 39 0 0 0 0 0 0 0 0 0 0 23 0 24 0 0 0 0 18 0 15 20 17 0 0 19 
0 0 0 0 0 0 0 0 55 56 0 60 58 0 0 0 0 0 0 0 0 0 0 0 12 0 0 0 0 0 0 0 0 0 0 0 0 0 0 0 0 0 0 26 0 0 0 0 0 0 0 0 0 0 0 46 0 0 0 0 41 0 0 0 
57 0 0 55 59 0 0 0 0 0 0 0 0 0 0 0 0 0 0 0 0 0 0 0 0 0 0 0 0 0 0 35 0 0 0 0 0 0 0 26 0 49 0 50 0 46 0 52 10 0 0 8 0 0 13 0 2 0 0 0 0 0 0 3 
0 0 64 0 0 0 0 0 23 0 0 28 0 0 25 0 0 0 0 0 46 0 50 0 0 0 41 0 0 0 0 0 0 0 0 0 0 0 0 34 0 0 61 0 0 54 0 0 18 0 0 0 0 0 0 0 0 0 0 12 0 8 0 11 
25 0 24 0 0 0 0 0 0 0 0 0 0 53 0 46 0 0 9 0 6 7 0 0 4 0 1 0 0 0 0 0 0 0 0 0 0 0 0 0 19 17 0 0 16 0 15 0 0 0 0 0 0 44 0 0 0 0 0 0 33 0 0 0 
0 0 0 0 0 0 0 0 0 0 3 0 0 0 0 0 0 29 0 0 0 0 0 24 20 0 0 0 16 0 0 0 0 0 13 12 0 9 7 0 35 0 0 0 0 30 0 0 0 0 0 0 0 0 0 0 0 0 47 0 49 0 0 0 
0 0 0 15 0 0 0 0 0 0 43 0 0 0 0 0 0 0 0 0 0 0 2 0 0 0 0 0 0 0 61 0 0 0 53 52 0 49 0 50 11 0 13 0 8 0 0 0 0 31 0 0 35 0 0 0 0 0 23 0 0 0 0 27 
0 0 0 0 0 0 0 0 0 0 0 0 0 0 9 6 0 0 0 0 0 0 0 32 0 0 0 0 0 26 0 0 14 0 21 20 19 0 0 0 0 0 0 0 0 0 0 0 0 0 0 0 3 0 5 62 0 0 0 0 0 56 54 0 
0 29 27 0 0 0 0 0 0 0 54 0 0 0 0 0 14 0 0 0 0 0 0 0 0 0 4 2 0 0 0 0 0 59 0 0 0 0 0 0 0 0 0 0 0 17 0 0 0 0 0 0 46 47 0 0 0 0 0 39 0 0 0 0 
0 0 0 10 0 16 15 0 0 35 0 0 0 0 0 0 62 0 0 63 0 0 0 0 0 0 52 0 51 53 0 0 0 0 0 0 0 44 0 0 0 0 0 0 0 0 0 0 29 0 0 0 0 0 0 25 0 0 0 23 0 19 17 0 
0 0 0 0 0 0 0 0 10 0 0 15 0 16 0 9 0 0 0 0 33 0 37 35 0 0 0 0 27 29 32 0 17 0 0 23 22 0 0 21 0 44 0 45 0 0 0 0 0 0 0 0 0 0 0 0 0 0 0 0 0 59 57 62 
0 0 0 0 62 0 0 0 0 0 0 0 0 0 0 0 0 0 0 0 0 0 45 43 0 0 0 0 0 0 0 0 25 27 0 0 0 0 0 0 0 52 56 0 0 0 0 0 0 0 0 0 14 15 0 0 0 0 0 0 0 0 0 0 
20 0 0 0 22 0 0 0 0 0 0 47 45 0 44 0 0 0 4 0 0 0 0 0 0 0 0 0 0 0 64 0 0 0 56 0 0 52 0 53 0 12 0 0 0 0 0 0 0 0 0 0 0 0 40 0 0 0 0 0 0 27 0 0 
0 0 0 2 0 0 0 0 0 27 0 31 0 0 0 25 0 0 0 0 0 0 0 0 0 0 0 0 0 0 0 0 0 0 0 0 38 0 0 0 0 0 0 0 59 0 0 0 0 0 20 0 0 0 0 17 0 0 0 0 12 0 0 0 
0 0 35 0 38 0 39 33 0 0 0 0 61 64 0 0 0 0 20 0 17 18 21 0 15 0 0 0 11 0 16 14 0 0 0 7 0 0 2 0 0 0 0 0 0 0 0 0 0 0 0 51 0 0 0 0 0 0 0 0 44 0 0 0 
0 0 0 42 0 0 0 0 0 3 0 0 0 0 0 0 0 0 0 0 25 0 0 0 0 0 20 0 0 0 0 0 0 0 0 0 0 0 0 13 0 0 0 37 35 0 0 0 0 0 0 0 0 0 0 0 0 56 0 0 0 51 0 0 
0 0 34 0 0 0 0 32 0 58 61 0 0 0 0 0 21 23 0 0 0 17 20 0 14 0 0 0 0 0 0 0 0 0 0 0 0 0 0 0 0 0 0 0 0 0 0 0 0 0 0 0 0 0 0 0 0 0 0 0 0 0 0 0 
3 0 0 0 5 0 0 0 0 0 0 0 0 0 0 0 0 55 0 0 0 0 52 50 0 0 0 0 0 0 0 0 32 0 0 0 0 35 33 36 0 0 63 0 0 0 57 0 0 0 19 0 0 0 0 0 0 15 0 0 0 0 8 13 
0 0 0 0 0 0 0 0 33 0 37 0 0 39 0 32 0 0 0 0 0 0 0 0 0 48 51 0 0 0 0 0 0 0 0 0 0 0 0 0 0 0 7 0 2 0 0 0 28 25 27 0 0 0 0 24 0 23 0 0 0 0 0 0 
0 52 0 0 0 55 0 0 0 10 0 14 0 0 0 0 0 0 0 0 32 0 0 0 0 0 27 0 0 0 0 0 0 0 0 22 0 0 0 0 0 43 0 0 42 0 0 0 4 0 3 0 5 6 0 0 0 63 0 0 0 0 0 0 
0 0 0 0 45 0 0 0 0 0 0 0 0 7 0 0 29 31 27 0 0 0 0 26 0 0 0 0 0 0 23 0 0 0 0 0 0 11 0 12 37 0 0 0 34 0 0 0 0 0 0 0 61 0 0 56 0 55 0 0 51 0 48 53 
0 0 0 25 0 31 0 0 0 0 0 0 0 0 0 0 0 15 0 0 0 9 12 0 0 64 3 0 2 0 0 0 56 0 0 0 0 0 0 60 0 19 0 0 0 0 0 0 0 0 0 42 0 0 0 0 36 0 0 38 0 0 32 0 
0 0 0 0 61 63 62 0 17 0 0 0 0 0 0 0 45 0 0 0 0 0 0 0 0 32 35 0 0 0 0 0 0 0 31 0 0 0 0 0 0 0 0 0 0 0 0 0 0 9 0 10 0 0 0 0 0 0 1 0 0 0 0 0 
0 0 0 0 0 0 0 16 41 0 45 0 0 0 0 0 0 0 0 0 64 0 0 0 0 0 0 0 0 0 63 0 0 50 0 0 0 0 0 0 13 0 0 0 10 0 0 0 0 33 0 34 0 0 0 0 0 31 25 0 0 26 0 0 
54 0 0 52 56 0 0 0 0 0 0 0 15 0 0 0 0 0 0 0 0 36 0 0 0 0 0 0 29 0 0 0 0 0 0 0 24 0 0 0 0 0 0 0 0 0 0 0 0 0 0 0 0 9 0 3 0 2 0 0 0 61 0 64 
22 0 21 20 0 26 0 0 0 0 0 0 0 0 0 0 0 0 0 0 3 0 0 0 0 0 0 60 0 63 0 0 0 0 0 0 0 54 0 0 0 0 0 0 0 11 12 0 0 0 38 0 0 41 0 35 0 0 28 0 0 0 27 0 
62 0 0 0 0 0 0 0 0 0 0 0 0 0 0 0 48 50 46 0 0 0 0 45 0 0 0 36 0 0 0 0 0 0 0 33 0 0 0 0 56 0 58 0 0 0 52 0 15 0 0 0 0 0 18 0 0 0 0 0 0 5 0 0 
0 0 0 0 0 42 0 0 60 0 0 0 63 0 0 0 0 0 0 0 0 0 0 21 17 11 14 0 13 0 0 0 0 0 0 0 0 0 0 0 32 30 0 0 0 0 0 0 0 0 0 0 0 0 0 0 0 0 44 0 0 0 0 0 
0 0 0 0 0 0 0 0 28 29 0 0 31 0 0 0 0 0 0 57 0 0 0 53 49 0 0 0 0 0 0 0 0 0 0 0 0 0 0 39 0 62 2 0 61 59 0 0 0 0 0 21 24 0 0 0 0 0 0 0 0 0 0 0 
46 0 0 0 0 0 0 0 0 0 0 0 0 0 0 3 0 0 0 33 0 0 0 0 25 0 0 0 0 0 0 0 0 0 18 0 0 0 0 0 0 0 0 0 0 0 0 0 0 0 0 0 0 1 0 0 0 0 0 0 0 0 0 0 
0 15 0 12 0 0 0 0 36 0 0 0 0 0 0 0 0 0 0 1 0 0 0 61 0 0 0 0 0 0 0 0 43 0 0 49 0 0 0 0 0 0 0 0 0 3 0 0 0 28 0 0 0 33 0 0 0 0 20 0 0 0 19 0 
0 0 0 0 0 0 0 0 0 0 0 0 0 58 0 51 0 0 0 0 0 0 0 13 9 0 0 0 5 0 0 0 0 0 0 0 0 62 0 0 0 0 0 0 0 0 0 0 0 0 0 0 48 0 0 0 0 0 36 0 0 0 35 0 
0 0 9 0 0 0 13 0 0 0 0 0 0 38 0 0 0 62 0 61 55 56 0 0 53 0 50 48 0 51 0 0 0 0 0 0 0 0 0 0 0 0 0 0 0 0 0 0 0 0 0 0 0 0 0 0 0 0 16 21 0 0 0 0 
50 0 0 48 0 0 53 0 0 0 12 0 0 0 0 0 0 0 0 37 0 32 0 0 0 0 0 0 25 0 30 28 0 17 0 0 0 0 0 19 0 0 0 0 0 0 40 0 3 0 0 0 0 0 6 0 59 0 0 0 58 0 0 0 
0 0 25 0 0 0 0 0 48 0 0 0 0 0 0 0 12 14 0 0 0 0 0 0 0 63 2 64 0 0 0 0 0 0 62 61 60 58 56 0 0 0 22 19 0 0 0 0 43 0 42 0 0 0 46 0 0 0 0 0 0 33 0 0 
18 0 17 0 20 0 21 0 40 0 0 0 0 46 0 0 4 0 0 0 0 0 3 1 61 0 0 0 0 0 62 0 0 49 0 53 52 0 0 0 0 10 14 0 9 0 0 0 0 0 0 0 0 37 0 0 0 0 0 0 26 0 0 0 
0 0 0 0 0 38 0 0 0 57 0 0 0 0 58 0 0 0 0 0 0 0 0 0 13 0 0 0 0 0 14 0 0 0 0 0 0 0 0 0 0 0 0 0 0 0 0 0 0 0 0 0 0 0 0 47 43 0 0 0 0 41 0 0 
0 0 0 0 0 0 0 0 24 0 0 0 0 30 0 0 52 0 0 0 0 0 0 0 45 0 0 0 41 43 0 0 31 33 0 37 0 34 0 35 0 0 0 0 0 0 0 0 0 0 18 0 0 0 0 0 11 0 0 0 10 0 0 12 
42 0 0 0 0 0 0 0 0 1 0 0 0 0 0 0 0 0 0 0 0 0 27 0 0 15 0 16 0 0 0 20 0 9 14 0 0 0 8 0 0 0 38 0 33 0 0 0 0 0 0 57 0 0 0 0 0 0 0 0 50 49 47 0 
0 59 0 0 0 0 0 0 0 0 20 0 0 0 0 0 0 0 0 0 39 0 43 0 0 0 0 32 0 0 38 0 0 0 0 0 0 0 0 27 0 0 0 0 0 0 0 53 0 0 0 0 0 0 0 0 0 0 0 0 0 0 63 0 
0 6 0 0 0 0 0 0 0 0 31 0 0 33 29 0 0 0 0 0 50 0 0 0 0 0 0 0 0 46 49 47 0 36 0 0 0 37 0 0 63 0 1 0 0 0 0 0 0 0 0 0 0 0 0 18 14 0 11 0 0 0 10 0 
0 0 0 0 0 49 48 0 0 0 0 0 0 9 5 2 0 0 29 0 0 0 0 0 0 18 21 0 0 0 0 0 10 0 0 16 0 13 0 0 0 0 41 38 36 34 0 40 0 0 0 0 0 64 1 0 0 0 0 0 0 52 50 0 
0 62 0 0 0 1 0 0 0 0 23 0 0 25 0 0 0 0 0 0 0 0 0 44 0 0 37 35 0 0 0 0 26 0 33 0 0 0 0 0 0 0 0 0 0 0 51 0 0 0 0 0 0 0 0 0 6 9 0 0 0 4 0 0 
0 0 0 51 0 0 0 0 11 0 0 0 14 0 0 0 0 0 0 0 0 0 0 36 32 0 0 0 0 30 0 31 0 20 0 24 0 0 0 0 0 45 49 0 0 0 0 0 6 3 0 0 7 0 0 0 0 0 59 0 0 60 0 0 
0 22 20 0 0 25 0 18 0 0 47 0 46 0 0 0 0 9 0 0 0 0 0 4 0 0 0 0 0 0 0 0 0 0 0 0 0 0 0 0 0 0 17 0 0 0 0 0 38 0 0 0 0 0 0 34 0 0 0 0 0 0 0 31 
0 38 0 0 0 0 0 0 59 0 0 0 0 0 0 58 0 0 0 24 0 0 0 0 16 0 13 0 0 14 0 0 0 0 9 0 0 0 0 6 31 0 33 0 0 0 0 0 0 0 0 52 0 0 0 0 46 49 0 48 0 0 0 0 
0 0 0 0 0 0 0 0 0 0 0 56 54 57 53 0 15 0 0 0 0 11 0 0 0 2 0 0 4 0 0 0 0 0 0 0 0 0 0 0 0 0 25 0 0 18 0 24 0 0 0 0 0 0 0 0 0 0 0 0 0 0 0 0 
0 0 0 0 15 0 0 0 0 0 0 40 0 0 0 0 63 0 0 0 58 0 0 0 0 0 0 0 0 0 0 0 0 0 0 0 0 0 0 0 7 0 0 0 4 0 0 0 30 0 0 28 0 0 0 0 0 0 19 0 0 0 0 0 
