8
0 0 0 0 0 0 0 0 0 0 0 0 0 0 0 0 0 0 0 0 0 3 0 0 0 7 8 9 0 0 0 6 0 0 0 0 0 0 0 0 0 0 0 0 0 0 0 0 38 0 0 43 40 0 0 0 0 20 15 18 0 0 0 0 
0 21 0 25 0 0 0 27 2 0 0 0 0 0 0 0 0 0 0 0 33 0 0 32 0 0 0 0 0 0 0 38 0 56 55 0 59 0 0 0 0 0 18 0 0 0 0 0 6 9 0 0 0 0 0 0 49 0 0 0 0 0 0 0 
0 0 0 0 0 0 0 0 0 21 0 0 28 22 25 24 0 0 54 0 0 59 0 0 0 0 0 0 3 0 0 0 0 0 0 0 19 0 0 0 0 0 0 37 0 40 0 0 0 33 0 35 32 0 0 36 0 0 7 10 6 0 0 0 
0 0 16 17 20 0 0 0 0 0 0 0 0 0 0 0 23 0 22 0 0 0 0 0 0 0 32 33 0 0 0 0 0 48 47 0 0 0 0 0 0 0 10 0 0 0 0 0 0 0 61 3 64 0 0 4 0 0 0 0 0 0 0 37 
0 0 0 0 0 0 0 0 50 0 0 0 52 0 0 48 0 0 0 0 17 0 13 0 0 23 0 0 0 0 0 0 0 40 39 38 43 0 0 41 0 1 0 0 0 0 0 0 0 57 0 0 0 0 0 60 0 0 0 0 0 0 35 0 
0 0 0 0 36 0 0 0 10 0 0 0 0 0 0 0 0 0 0 0 41 43 0 0 0 0 0 0 0 0 0 46 0 0 0 0 0 0 0 0 23 0 0 0 27 0 0 0 14 0 0 19 0 0 0 0 0 0 0 0 0 56 0 0 
0 0 0 0 0 0 38 0 0 0 19 0 0 0 17 0 0 0 0 50 49 0 0 0 0 0 0 57 59 0 60 54 0 0 7 0 0 0 0 0 0 0 0 0 0 0 0 0 0 0 0 0 0 26 0 28 0 0 0 2 0 0 0 61 
2 0 0 1 0 0 0 0 0 0 0 0 0 38 0 0 7 0 0 0 0 0 5 0 0 0 0 0 19 0 0 0 36 0 0 0 0 0 0 0 0 57 58 0 0 0 0 0 46 0 0 51 0 50 47 0 0 0 0 0 0 24 0 0 
0 22 0 0 0 0 0 28 0 62 0 0 5 0 0 0 32 0 0 0 0 0 0 0 0 40 41 0 0 0 0 0 0 0 56 0 0 0 0 0 0 0 0 14 20 0 15 21 0 0 0 12 0 0 0 0 0 0 0 0 0 0 0 0 
0 6 0 0 0 0 7 12 0 0 0 0 0 47 0 0 0 0 0 19 0 20 0 0 0 0 0 0 0 0 0 0 0 0 0 0 0 0 43 0 0 0 3 0 4 1 0 0 0 0 0 60 57 59 0 0 0 0 0 0 0 33 0 0 
0 0 0 0 53 48 0 0 27 0 0 0 0 0 0 0 0 0 0 59 0 60 54 0 0 0 0 2 0 0 0 0 0 0 0 0 0 0 0 0 0 0 0 0 0 0 0 45 0 0 0 36 33 0 32 0 10 0 0 0 0 0 12 0 
0 0 0 18 0 0 0 0 59 0 0 0 61 0 0 0 24 0 0 0 0 0 0 0 30 32 0 0 0 0 0 0 0 0 48 0 0 0 0 0 0 10 0 6 0 0 0 0 0 0 0 0 0 0 0 0 42 0 0 43 0 41 0 0 
0 38 0 0 45 0 0 44 0 14 20 0 21 0 0 0 0 0 47 51 50 52 46 49 54 0 0 0 0 0 0 55 0 9 0 0 0 0 11 10 32 0 0 30 0 33 0 0 0 26 0 0 25 27 0 0 0 0 0 3 0 0 0 0 
35 0 0 34 0 0 0 0 0 0 0 0 0 0 0 9 0 0 39 43 42 44 38 0 46 0 0 0 0 51 53 0 0 0 0 0 4 0 3 2 0 0 27 0 0 0 0 0 0 0 0 0 0 0 0 21 58 61 0 0 55 0 0 54 
0 0 1 2 0 64 0 0 0 0 0 0 0 0 0 0 0 13 0 0 0 12 0 0 0 16 17 0 0 0 0 0 0 0 0 31 0 0 0 34 0 0 0 0 0 0 55 0 0 0 0 0 0 51 0 53 0 0 24 0 0 0 0 0 
0 0 0 0 0 0 0 0 0 0 0 0 0 31 0 0 64 0 0 0 0 0 0 0 6 0 0 0 0 0 0 0 0 0 24 0 0 0 0 0 48 0 0 0 0 49 0 0 0 0 0 0 0 0 0 0 0 21 0 19 15 0 20 14 
0 0 0 55 0 0 52 0 32 27 0 29 0 0 31 0 0 0 0 0 0 0 59 62 3 0 0 7 0 0 0 0 0 22 0 0 0 0 24 23 0 0 0 0 0 0 0 0 0 0 0 0 0 0 37 0 15 0 13 0 0 0 0 11 
0 0 0 23 26 21 20 0 64 0 0 0 0 0 0 0 0 0 28 0 31 0 27 0 0 0 0 0 0 0 0 0 0 0 0 0 0 0 56 0 13 15 16 0 0 0 0 0 0 0 0 0 0 0 0 0 0 0 0 0 0 0 0 0 
64 0 0 0 2 0 60 0 40 0 0 0 0 36 39 0 0 0 4 0 0 0 0 0 0 0 0 0 0 0 18 12 0 0 0 0 0 27 32 0 0 0 56 0 0 0 52 0 0 0 0 49 0 48 0 50 23 26 21 0 0 0 0 19 
0 0 0 0 0 13 0 0 0 51 0 0 0 0 0 0 0 0 20 0 0 25 0 0 0 0 0 0 0 32 0 0 0 46 45 0 0 0 0 0 0 0 0 0 0 6 0 0 0 0 0 1 62 0 0 0 0 0 0 0 0 0 41 35 
0 0 0 0 0 45 0 0 0 19 0 0 0 0 23 0 0 0 52 0 0 0 0 0 0 0 0 0 1 0 0 0 18 0 13 0 0 0 0 0 0 0 0 0 0 38 0 0 0 0 0 0 30 32 0 0 0 0 0 0 0 0 0 0 
0 27 30 0 0 0 0 0 8 0 0 0 10 0 0 0 0 0 0 0 0 0 35 0 43 0 0 0 0 0 50 0 0 62 0 0 0 59 0 63 0 0 0 0 0 0 0 0 0 0 0 0 0 0 0 0 55 0 0 0 0 0 0 0 
0 0 38 39 0 0 0 0 0 0 0 0 0 0 0 0 0 50 0 0 0 0 43 0 0 0 0 0 0 0 0 52 0 0 0 0 0 0 0 7 0 0 32 0 0 0 0 34 0 0 0 0 22 0 0 0 0 0 0 0 0 0 0 0 
0 0 0 0 0 0 4 9 0 0 0 45 0 0 0 0 0 0 0 0 0 0 0 0 0 0 0 0 0 0 0 0 0 0 0 36 0 0 0 0 0 0 0 59 0 0 0 2 0 0 51 0 54 0 0 0 0 0 0 0 28 0 33 27 
25 0 0 0 0 0 0 0 0 60 0 0 0 61 0 0 30 35 0 0 0 0 0 31 36 38 0 0 0 0 0 0 0 0 0 53 0 52 57 0 0 0 17 0 0 0 13 0 0 8 0 0 0 0 6 0 0 0 0 0 0 0 50 0 
0 44 0 48 51 0 0 0 0 20 0 22 27 0 0 23 0 0 0 0 0 58 0 0 60 0 0 0 0 0 0 61 0 15 14 13 18 12 0 0 0 40 0 36 0 0 0 0 0 0 0 0 0 0 0 0 0 0 0 0 0 7 10 0 
0 0 0 0 0 0 0 0 0 0 0 0 0 0 16 0 0 0 0 0 48 0 0 47 0 0 55 0 58 57 0 53 11 0 6 0 0 0 0 0 0 0 0 28 0 0 0 35 0 0 0 0 0 25 0 0 64 3 0 0 0 0 0 0 
0 0 0 0 0 0 0 0 0 0 0 0 0 0 0 0 0 0 0 9 0 10 4 0 0 14 0 0 0 0 19 0 0 31 0 0 0 0 33 0 0 0 0 52 0 0 0 0 0 0 0 0 0 0 0 51 0 0 0 0 0 0 0 0 
0 12 15 16 0 14 0 18 0 52 58 0 0 0 0 0 0 27 21 0 24 0 20 0 28 0 0 0 0 33 0 0 0 0 0 0 0 44 0 0 0 0 0 0 10 0 0 0 61 0 0 0 0 1 0 0 0 0 0 0 0 0 0 36 
0 28 0 0 0 0 0 0 0 0 0 0 0 0 0 0 0 43 0 0 0 42 0 0 0 0 0 0 0 0 0 0 0 63 0 0 0 0 0 0 0 24 0 0 0 23 21 0 0 16 12 18 15 0 14 0 0 0 0 0 53 55 0 0 
9 4 0 0 0 0 0 0 0 0 0 0 0 0 0 0 0 0 0 0 0 0 0 0 0 0 23 24 0 25 27 21 0 0 0 37 42 36 0 40 0 0 0 60 0 0 0 0 0 56 52 0 0 0 0 0 0 0 0 0 0 0 0 0 
57 0 0 56 0 0 0 0 0 0 0 30 0 0 0 0 0 0 0 0 64 2 0 0 4 0 7 8 0 0 11 5 0 0 0 0 0 0 0 0 0 0 0 0 0 0 0 0 0 0 36 42 39 0 0 0 16 19 0 0 0 15 0 12 
0 0 0 0 0 0 19 24 0 0 64 0 1 0 0 61 0 0 0 0 0 0 0 0 0 0 0 38 0 0 0 0 0 0 0 0 0 0 0 0 12 14 0 10 0 0 11 17 0 6 0 0 0 0 0 9 0 0 0 0 43 0 0 0 
0 0 0 0 0 0 51 56 0 26 32 0 0 0 0 0 60 0 59 0 0 0 0 0 2 0 5 0 0 7 0 3 0 0 0 0 0 0 0 0 0 0 47 0 0 0 0 0 35 0 0 0 0 0 0 0 0 0 12 0 0 0 16 0 
63 0 0 0 1 60 0 0 0 0 40 0 0 0 0 0 0 9 0 0 6 0 0 0 10 0 0 0 0 0 17 0 0 0 28 27 0 0 0 0 0 54 0 0 0 53 0 0 0 46 0 0 45 0 0 49 0 0 20 23 0 0 0 0 
39 0 0 0 0 0 0 0 15 0 0 12 0 0 0 0 44 49 0 0 0 0 0 45 0 0 0 0 56 0 0 0 0 0 0 3 0 0 0 6 0 0 31 0 32 0 0 0 0 0 0 0 0 0 20 0 0 1 0 0 0 61 64 0 
0 0 0 0 0 0 11 0 0 50 0 0 0 0 0 0 0 0 0 0 22 24 0 0 0 0 29 0 0 0 33 0 49 0 0 43 0 0 0 0 0 0 7 0 0 5 0 0 0 0 0 0 0 63 0 0 0 41 36 0 0 0 0 0 
0 0 29 30 33 0 0 0 0 0 0 0 0 0 0 0 0 0 0 0 38 0 0 0 0 0 0 46 0 0 0 0 0 61 0 0 0 0 0 0 0 0 0 18 0 0 0 0 11 14 0 0 0 15 0 17 0 0 0 0 0 53 0 0 
47 0 0 0 49 0 43 48 0 0 24 20 0 0 0 21 0 0 0 0 0 56 0 53 0 60 61 0 0 63 0 59 0 0 0 0 0 10 0 0 0 0 0 0 0 0 0 0 27 0 0 0 29 0 0 0 0 0 0 0 0 0 0 2 
7 0 0 0 9 0 0 0 0 0 0 0 0 0 0 0 0 0 11 0 14 0 0 0 18 0 0 0 24 0 0 0 0 0 0 35 0 0 0 0 0 0 0 0 0 0 0 0 0 0 50 56 0 0 0 0 30 0 28 0 0 29 0 0 
0 0 0 0 0 0 0 0 0 64 0 0 0 1 0 0 34 0 0 0 0 0 0 0 0 0 0 44 0 0 0 0 0 59 0 0 0 0 0 0 0 0 21 16 0 0 0 0 9 0 0 0 0 0 0 0 0 0 50 0 0 0 0 0 
0 16 0 0 23 0 0 0 0 0 0 0 0 0 60 0 0 0 25 0 28 0 24 0 0 0 0 0 0 0 0 0 0 0 50 0 0 0 0 0 0 0 0 8 0 11 9 0 0 4 0 0 0 0 0 0 0 0 42 0 0 0 0 0 
0 0 0 0 0 10 9 0 0 0 0 0 0 0 0 0 0 23 0 21 0 0 0 19 0 0 0 28 0 0 0 0 0 0 42 0 0 0 0 0 2 0 5 0 0 0 0 0 0 0 0 62 59 0 0 63 0 39 0 0 0 0 0 0 
0 32 0 0 0 0 0 0 0 0 0 0 0 0 0 0 0 0 41 0 0 0 40 0 48 0 0 0 0 0 0 49 7 0 0 1 0 64 0 0 0 28 0 0 0 27 0 0 0 0 0 0 0 0 0 0 60 63 0 0 0 59 0 56 
0 0 0 0 0 0 0 46 0 0 0 18 0 17 0 0 0 0 0 0 0 0 0 0 0 0 0 0 62 61 63 0 0 11 0 0 0 0 0 0 0 0 37 0 0 0 33 0 25 28 24 0 0 0 0 31 0 0 0 0 1 0 6 0 
0 0 0 0 7 0 0 0 0 40 0 42 0 0 44 0 0 0 0 0 12 14 8 0 0 0 0 20 0 0 0 0 0 0 0 0 0 0 0 0 0 0 0 0 62 59 0 0 0 0 48 0 0 0 0 0 28 0 26 29 0 0 0 0 
53 0 0 0 55 50 0 0 29 0 0 0 0 0 0 0 0 0 0 61 0 0 0 0 0 0 0 0 6 0 7 0 0 0 0 0 0 0 0 0 0 0 0 40 46 0 0 0 0 0 0 0 0 0 0 39 0 0 0 0 0 0 0 0 
61 0 0 0 63 0 0 0 0 0 0 0 39 0 36 0 0 0 1 0 0 0 0 0 0 0 0 0 14 0 15 9 31 0 0 0 0 0 0 28 0 0 0 0 0 0 0 0 0 0 0 0 0 0 0 0 20 0 0 0 0 0 0 0 
0 0 0 0 0 0 0 0 38 0 0 0 40 0 0 0 0 0 2 0 0 0 1 0 0 0 0 13 0 0 0 0 0 0 27 0 0 0 0 0 0 53 0 0 0 0 0 0 0 45 0 0 0 0 0 0 0 0 0 22 18 0 0 17 
0 0 0 5 0 3 0 0 46 0 0 0 0 0 0 0 11 0 10 0 0 0 0 0 0 0 0 0 0 0 24 0 0 0 0 0 0 0 38 0 0 0 0 0 0 0 0 0 50 0 49 0 0 0 51 0 0 0 27 0 0 0 0 0 
0 0 0 29 32 27 0 0 0 0 0 0 0 2 0 0 0 0 0 0 37 0 0 0 0 0 0 45 0 0 0 0 0 0 0 0 0 0 62 0 0 0 0 0 0 0 0 24 0 0 0 0 0 0 0 0 0 0 0 0 0 52 0 0 
0 0 52 0 56 0 50 0 0 0 0 0 0 0 0 0 0 0 0 0 0 63 0 0 0 0 4 0 0 0 8 0 24 0 0 0 23 17 0 21 43 0 0 0 0 0 0 0 0 0 0 0 36 0 35 0 0 0 11 14 0 0 0 0 
0 0 0 0 0 43 42 47 0 0 0 19 0 0 0 0 0 0 0 0 0 0 0 0 0 59 60 0 0 0 0 0 0 0 0 10 0 9 0 0 0 0 38 0 0 0 0 0 0 0 0 0 0 0 0 0 0 0 0 6 0 0 0 0 
0 0 0 0 40 0 34 0 0 0 0 0 0 0 0 12 43 0 0 0 0 0 0 0 0 0 0 0 0 54 56 0 0 0 3 0 0 0 0 0 0 0 0 0 0 0 0 0 18 0 17 0 20 0 0 0 0 0 0 0 0 0 0 0 
0 0 20 0 0 19 18 23 0 57 0 0 0 0 61 0 0 0 0 0 29 0 25 0 0 0 0 0 0 0 0 34 0 0 0 0 55 0 54 53 11 0 0 0 0 0 0 0 2 0 0 0 0 0 0 0 0 0 0 0 0 0 0 0 
14 0 0 0 0 11 0 0 0 0 0 0 0 50 0 0 0 24 0 22 0 0 0 20 0 0 0 0 0 0 0 0 0 44 0 42 0 0 0 45 0 0 0 0 0 0 0 0 58 0 57 63 0 62 0 0 0 0 0 0 34 0 39 0 
60 0 0 0 0 0 0 0 36 0 37 0 0 0 0 34 1 6 0 0 0 5 0 0 0 9 10 11 0 0 0 0 0 26 0 0 0 0 0 27 0 51 0 0 0 0 0 0 0 0 0 0 42 0 0 46 0 0 17 20 0 0 0 0 
0 0 26 0 30 25 0 29 4 0 0 0 0 0 0 0 0 0 0 0 0 37 31 0 39 41 0 0 0 0 0 0 0 0 0 0 0 0 0 0 0 0 20 0 0 18 16 0 0 0 0 0 10 0 0 14 0 54 0 0 0 0 53 0 
0 0 0 0 38 0 32 0 0 7 0 0 0 0 0 0 0 0 40 0 0 45 0 0 47 0 50 51 0 0 0 48 6 0 0 64 0 0 0 0 0 0 0 0 0 0 0 0 0 0 0 21 0 20 0 0 0 62 0 0 0 0 0 0 
12 0 0 0 0 0 0 0 0 0 53 49 0 0 0 0 0 0 0 0 0 0 0 18 0 0 26 27 0 0 0 0 0 0 41 0 0 0 0 0 0 0 0 0 0 0 0 0 0 0 0 0 0 0 57 0 0 0 0 0 0 0 0 31 
0 0 0 43 46 41 40 0 0 0 21 17 0 0 0 0 0 0 0 0 0 0 0 50 0 0 58 0 0 0 0 56 0 10 0 0 0 0 12 0 0 0 0 31 0 34 0 0 0 0 0 0 0 0 25 0 3 0 0 0 0 0 0 0 
0 0 0 0 0 0 0 0 0 39 0 0 0 40 43 0 0 0 0 0 0 0 7 0 15 0 0 0 0 20 0 0 0 0 0 0 0 0 0 0 0 59 0 0 0 0 56 0 0 0 0 53 0 0 0 0 0 30 0 0 24 0 0 0 
52 0 50 0 0 0 0 0 0 0 0 0 0 0 27 26 0 0 0 60 0 0 0 58 0 0 0 3 0 0 0 0 0 18 0 0 0 0 0 19 0 0 0 0 0 42 40 0 32 0 31 0 0 0 0 0 0 14 0 0 8 10 0 0 
20 0 0 0 0 0 0 0 60 0 0 57 0 0 0 0 0 30 24 0 0 0 0 0 0 0 0 35 0 0 0 0 0 50 0 0 0 0 52 0 0 11 0 0 13 0 8 14 0 3 0 0 2 0 0 0 0 0 0 0 0 0 0 0 
