8
0 0 0 0 0 0 0 0 0 44 0 0 41 0 0 0 15 12 0 0 0 0 0 0 0 0 0 0 0 61 0 60 0 0 0 33 0 0 0 0 23 0 0 0 0 0 22 0 0 0 0 0 0 1 0 3 0 0 0 0 0 0 0 32 
2 0 3 0 1 0 0 0 0 0 0 0 0 0 0 0 31 0 0 0 0 0 0 0 16 0 0 0 0 0 0 12 0 0 0 0 0 0 0 0 0 34 36 0 0 0 0 33 0 0 0 0 0 0 18 19 46 0 0 0 0 0 43 0 
0 0 27 0 0 30 28 0 22 0 0 0 0 18 0 0 0 0 0 0 0 0 0 0 0 0 0 0 0 0 0 0 0 0 0 9 12 0 0 11 0 0 60 0 59 0 0 0 0 0 0 47 0 0 0 0 6 5 0 0 0 0 0 0 
10 0 0 0 0 0 12 0 6 0 0 0 0 0 0 3 0 0 0 0 0 0 0 0 0 0 0 17 22 0 0 20 0 0 0 0 60 0 62 0 0 0 0 0 0 0 0 0 28 0 0 0 32 25 0 0 0 0 0 0 0 50 51 0 
0 0 43 0 0 0 0 0 0 36 0 0 0 0 0 0 0 0 0 0 0 0 0 0 0 0 0 49 0 0 0 52 0 26 0 0 0 0 0 0 0 0 0 0 0 0 0 0 0 0 0 63 0 0 0 0 0 0 0 0 0 0 0 0 
0 0 0 0 17 0 0 24 0 0 0 16 0 0 13 0 0 44 0 0 0 0 43 0 0 0 27 25 0 0 0 0 5 0 0 1 0 0 0 3 0 0 52 0 0 0 0 0 0 0 0 0 0 0 0 0 0 0 0 0 0 0 0 0 
0 0 0 0 0 0 0 0 0 0 0 32 0 0 0 0 0 0 0 0 0 57 0 61 0 0 0 0 0 0 0 44 21 18 24 0 0 23 0 19 0 0 0 0 0 0 6 0 0 0 0 55 0 0 0 0 0 0 0 0 12 0 0 0 
0 63 0 0 0 0 0 0 0 0 0 0 0 0 53 0 0 0 22 0 0 0 0 0 0 0 0 0 0 5 0 0 0 0 0 41 0 0 0 0 0 0 28 0 0 32 30 0 0 0 0 0 16 0 0 0 38 0 39 0 0 0 0 0 
0 0 0 0 0 0 0 0 0 0 0 2 0 0 63 0 0 0 0 28 0 0 0 0 0 0 0 0 0 0 17 14 0 52 0 0 0 0 0 53 41 0 38 0 0 0 0 0 0 0 0 0 0 0 0 0 0 47 0 0 0 0 0 0 
0 0 0 0 0 0 0 0 0 0 0 0 3 0 0 0 0 0 40 0 0 0 37 0 0 0 21 19 0 0 0 0 0 0 2 59 62 0 0 0 49 0 0 0 0 50 0 0 0 31 0 0 0 0 0 0 0 0 0 51 54 0 0 0 
44 0 0 47 0 48 46 0 0 0 0 0 0 0 39 0 9 0 0 0 10 0 5 0 58 0 53 0 0 0 0 0 0 0 34 0 0 0 0 0 0 0 0 0 13 0 16 11 0 0 0 0 0 0 0 61 0 0 0 0 0 0 0 0 
0 33 29 0 0 0 0 0 0 22 0 0 0 0 0 0 0 0 0 0 58 0 0 55 0 36 37 0 0 0 0 0 0 0 0 0 14 17 0 0 0 0 0 0 0 0 0 0 0 0 0 0 50 0 44 0 0 0 9 0 0 0 5 0 
0 0 61 0 0 64 0 0 56 54 0 58 0 0 0 53 0 0 0 0 0 0 0 0 10 0 5 0 0 0 0 0 47 0 0 0 0 0 0 0 0 0 0 0 0 0 32 0 14 0 0 0 0 0 0 13 0 0 0 0 38 0 0 0 
52 0 0 0 0 0 0 0 0 0 49 0 0 0 47 0 0 0 0 0 0 11 0 0 0 0 0 0 0 0 0 62 0 0 0 0 0 0 0 0 0 0 0 0 0 0 0 19 0 0 0 0 10 3 4 5 32 0 0 0 0 28 0 0 
0 0 0 0 0 0 0 0 0 0 0 0 0 0 0 0 0 0 0 0 0 0 61 0 50 0 0 0 0 0 0 0 0 0 0 19 0 0 0 0 9 0 0 0 5 0 0 0 0 0 0 57 0 51 52 0 0 0 17 11 14 0 0 0 
0 0 0 0 19 0 0 0 0 14 0 18 0 0 0 13 0 46 0 0 0 0 0 0 0 0 29 0 0 0 0 0 7 0 0 0 0 0 0 0 0 0 0 0 0 0 0 0 0 0 0 0 0 0 0 0 64 0 0 0 0 0 0 0 
0 0 28 0 26 0 0 33 0 21 0 25 0 0 22 0 0 0 0 0 0 50 0 0 0 0 0 0 0 38 40 0 0 0 0 0 0 0 0 0 0 0 0 62 0 1 0 0 0 46 47 0 0 0 0 0 0 6 0 0 5 3 4 0 
0 0 0 0 0 0 0 0 47 45 0 49 0 43 0 0 16 0 15 0 0 0 0 14 0 0 0 0 0 0 0 0 0 35 0 0 0 0 0 0 24 0 21 0 0 0 23 0 0 0 0 0 0 0 0 0 0 0 0 26 29 0 0 0 
19 0 0 0 0 0 0 0 15 0 0 17 0 11 14 12 48 0 0 0 0 0 0 46 0 0 0 0 0 0 0 0 6 0 9 0 0 0 0 4 0 0 0 0 0 0 0 0 0 38 0 40 0 0 0 0 63 0 64 0 0 0 0 1 
0 0 0 0 0 0 0 0 0 29 0 0 0 0 0 0 0 0 63 0 0 58 60 0 0 43 44 0 0 0 0 0 0 0 0 0 0 0 0 0 0 0 0 0 0 0 7 0 53 0 55 0 0 50 51 52 15 0 0 0 0 0 0 0 
0 8 4 0 0 0 0 0 0 0 0 0 58 0 62 60 0 0 31 0 0 26 0 30 0 11 0 0 0 0 0 0 0 0 57 0 0 56 55 0 0 0 0 0 36 0 0 34 0 0 0 0 0 0 0 0 0 0 0 42 0 0 0 49 
0 0 0 14 0 0 0 0 0 0 0 0 2 0 0 0 0 0 0 35 0 0 36 0 25 19 0 0 23 0 0 0 0 0 0 58 0 0 0 60 48 0 0 0 0 0 47 42 0 0 0 32 0 0 0 0 0 0 0 50 0 0 0 57 
0 0 60 0 0 0 0 0 55 0 0 57 0 0 0 0 0 0 0 0 0 0 20 0 0 0 0 0 0 0 0 0 0 0 0 0 0 0 0 0 0 0 0 0 0 0 0 0 0 0 0 0 17 10 11 0 0 38 0 0 0 0 0 0 
43 0 0 0 0 0 0 0 0 37 0 0 34 35 0 0 0 0 0 3 0 0 0 0 0 0 52 50 0 0 0 0 0 0 0 0 0 0 31 0 16 0 0 0 12 0 15 0 0 0 0 0 0 0 59 0 0 22 0 0 0 0 0 0 
0 0 0 0 0 0 0 31 0 0 0 23 0 0 0 0 0 0 0 49 0 0 50 0 39 0 0 0 37 0 0 0 12 0 0 8 0 14 0 0 62 0 0 0 0 0 0 0 0 0 0 0 0 0 41 0 0 0 0 0 0 0 0 7 
1 0 0 0 0 0 3 7 0 0 0 0 0 0 0 0 0 0 0 0 31 0 0 0 0 0 0 0 0 0 14 0 0 0 0 0 0 0 53 50 0 0 35 0 0 39 0 32 19 20 0 22 0 0 0 0 0 44 0 0 43 0 0 47 
0 0 42 0 0 45 0 47 0 0 0 0 0 0 0 34 0 0 0 1 7 0 0 0 0 0 0 0 0 0 0 0 28 25 0 0 0 0 0 26 0 0 0 0 0 15 0 0 59 0 61 0 0 56 57 0 0 0 0 0 0 0 18 0 
0 0 0 0 0 0 59 0 0 51 0 0 48 0 0 0 0 0 0 0 0 0 18 20 0 0 0 0 0 0 0 0 44 0 0 0 0 46 45 0 0 0 27 28 0 0 0 24 0 12 0 0 0 8 0 0 0 0 0 0 0 0 0 0 
0 0 34 36 0 0 0 39 0 0 30 0 0 0 28 0 0 59 0 57 0 0 0 0 0 0 0 0 0 0 0 0 0 0 23 0 19 0 0 0 0 1 0 0 2 0 0 0 0 0 53 0 0 0 0 0 0 0 14 0 11 0 10 0 
0 0 0 0 0 0 0 0 13 0 0 0 8 0 0 0 0 0 0 0 0 0 0 0 0 0 0 0 0 28 30 0 0 0 7 0 0 0 0 0 0 49 51 0 50 0 0 48 0 0 0 0 0 0 0 0 0 0 0 56 0 0 0 0 
0 54 0 0 0 0 0 0 0 0 46 0 0 0 44 0 0 0 0 0 0 0 0 12 0 57 0 0 0 0 0 0 0 33 0 0 0 0 0 0 0 0 0 0 0 0 0 0 3 0 0 0 0 0 0 0 29 0 0 0 0 0 26 0 
0 14 0 0 0 0 0 0 0 0 0 0 0 0 0 0 0 0 0 33 39 0 0 0 0 0 0 0 0 0 0 19 0 0 0 56 0 62 0 0 46 0 0 0 0 0 0 0 0 0 0 0 0 24 0 0 0 0 0 0 0 0 0 55 
0 0 0 0 30 35 0 0 0 25 0 29 0 0 0 0 0 0 0 55 0 0 56 0 0 39 0 0 0 42 0 0 0 0 0 0 0 0 0 0 0 63 0 2 64 0 3 0 0 0 0 52 0 0 0 0 0 0 0 6 0 0 0 0 
0 0 0 0 0 0 0 0 51 0 0 0 0 0 0 0 20 0 0 0 21 0 0 0 0 0 0 0 0 0 0 0 0 39 0 0 41 44 0 0 0 0 0 0 0 0 27 0 9 0 0 0 0 0 0 0 0 0 0 0 0 0 0 0 
0 20 0 0 0 0 0 0 0 9 0 0 0 0 0 8 0 0 0 0 0 0 0 0 29 23 0 0 0 0 0 0 2 0 5 62 0 0 0 0 0 0 0 50 48 0 0 0 0 0 0 0 0 0 31 0 0 0 0 0 0 0 0 61 
0 0 0 0 62 0 0 0 0 57 0 61 0 0 58 56 0 0 27 0 0 0 0 0 0 0 0 0 0 0 0 0 0 0 0 0 49 0 51 0 0 0 0 0 32 0 0 30 17 0 0 0 0 0 0 0 0 0 0 0 0 0 0 0 
0 0 0 10 6 0 0 0 3 0 0 5 62 0 0 0 0 0 35 31 0 0 0 0 0 0 0 14 0 0 0 0 0 55 0 0 0 0 0 0 0 0 0 0 0 45 0 0 0 0 27 0 0 0 0 0 51 0 0 46 0 0 0 0 
23 0 0 0 22 0 25 0 0 0 20 0 0 0 18 0 0 0 0 47 0 0 0 50 37 0 32 0 0 34 0 33 0 0 0 6 0 0 0 0 60 0 0 0 0 0 0 0 0 42 0 44 0 0 0 0 0 0 4 0 0 0 64 5 
0 52 0 0 0 0 49 0 0 0 0 0 0 0 0 0 0 9 11 7 0 0 8 10 0 0 0 54 0 58 0 0 0 0 0 0 33 0 0 32 0 15 17 0 0 0 19 0 1 0 0 0 0 0 0 0 0 0 28 22 0 0 0 29 
0 0 0 0 0 0 0 45 0 33 0 0 0 0 0 32 0 1 0 0 0 0 64 0 0 0 48 0 0 0 0 0 0 23 0 0 0 0 0 0 12 0 9 0 0 13 0 0 0 0 0 0 0 54 0 0 0 0 0 0 17 0 0 21 
0 0 0 0 0 0 0 22 0 0 0 0 0 0 0 0 0 0 0 40 0 39 0 0 0 0 0 0 0 27 0 0 0 64 6 0 0 0 0 0 0 0 0 51 49 0 0 0 0 0 36 0 0 0 0 0 0 0 0 0 0 0 0 0 
0 0 0 0 0 28 26 0 0 0 0 0 0 0 19 0 0 0 0 48 0 0 0 51 0 0 0 0 36 0 0 34 0 0 0 0 0 13 0 0 0 0 0 0 0 0 0 0 0 43 0 45 0 0 0 0 0 3 0 0 0 0 0 0 
8 0 9 0 7 0 10 0 0 2 0 6 0 0 0 1 0 0 0 0 38 0 33 0 0 0 0 0 20 0 0 0 0 0 0 55 58 0 0 0 0 0 0 0 0 46 0 0 0 0 0 0 0 0 0 0 0 0 0 0 50 0 0 0 
0 0 0 0 31 0 0 0 28 0 0 0 0 0 0 0 0 0 0 0 62 0 57 0 46 0 0 0 0 0 45 42 0 0 0 0 0 0 0 17 0 0 0 0 0 0 0 0 0 0 52 53 0 0 0 49 0 0 0 0 0 0 0 0 
0 61 0 0 0 0 0 0 0 0 0 0 0 0 0 49 21 0 0 0 22 0 0 0 6 64 0 0 0 0 0 2 43 0 46 0 42 0 0 0 29 0 0 0 0 0 0 0 0 0 12 0 0 7 8 0 0 35 0 0 34 32 33 0 
0 0 0 0 47 0 50 54 0 0 0 46 0 0 43 0 0 0 0 8 0 0 0 11 0 0 0 0 0 0 0 0 0 32 0 0 0 0 0 0 0 0 0 0 17 0 0 0 0 0 0 5 0 0 0 1 0 0 0 0 0 0 25 0 
64 0 0 3 0 4 2 0 60 0 0 0 55 56 0 0 0 0 0 0 0 0 0 0 0 0 0 0 0 0 0 0 0 0 54 0 0 0 0 0 0 32 0 0 0 0 0 0 18 0 20 0 0 15 16 0 0 0 0 39 42 0 0 46 
0 0 0 0 39 0 0 0 0 0 0 0 0 32 0 0 5 0 0 64 0 0 0 0 0 48 49 0 0 0 0 0 0 0 0 0 0 0 0 0 0 0 10 11 0 0 0 0 58 59 60 0 0 0 0 0 0 0 0 0 0 0 0 0 
30 0 0 0 0 0 0 0 26 0 0 28 21 0 0 0 0 0 0 0 60 0 0 0 0 0 0 0 0 0 0 0 0 0 0 0 0 0 0 0 0 0 0 0 0 0 2 0 0 49 0 0 0 0 0 0 0 0 11 0 0 0 0 0 
0 0 39 0 37 0 0 0 0 32 0 36 0 0 0 0 3 0 0 62 0 61 63 0 0 0 0 45 0 0 51 0 0 22 0 0 0 27 0 0 0 0 0 0 0 0 0 0 0 0 0 0 0 0 0 55 0 0 0 13 0 0 15 0 
0 0 0 0 0 0 0 0 0 0 0 0 53 0 57 0 0 0 0 22 0 0 0 0 0 0 0 0 0 0 0 8 49 46 0 0 0 51 0 47 35 0 0 0 0 0 0 0 0 0 0 19 0 0 0 0 0 41 0 37 0 0 0 44 
0 0 0 0 0 0 48 52 0 0 43 0 0 0 0 0 0 0 10 0 0 0 7 0 0 0 55 0 0 57 0 0 0 0 0 29 0 0 0 0 0 0 16 0 0 0 0 13 0 0 0 0 0 61 62 63 0 0 0 21 0 0 0 28 
0 19 0 0 13 0 0 20 0 0 0 0 0 0 0 0 0 0 0 0 0 0 0 0 0 0 0 0 0 0 0 0 0 0 0 0 64 3 0 0 0 0 0 0 0 52 50 0 32 0 34 0 0 0 0 0 0 0 59 0 0 0 0 0 
0 0 0 0 0 0 0 0 0 0 0 52 0 0 49 0 0 16 0 0 0 13 0 0 0 0 0 61 0 0 3 0 0 0 44 0 0 0 42 39 0 0 0 0 0 28 0 0 0 0 0 0 0 0 6 0 0 33 0 0 0 0 0 0 
0 11 0 0 0 0 8 0 2 0 0 0 0 0 0 63 35 0 0 0 36 0 0 0 20 0 0 13 0 0 0 16 0 54 0 53 0 59 0 0 0 0 0 0 0 0 0 0 0 0 26 0 0 0 0 23 0 0 51 0 0 0 0 0 
0 0 0 0 0 0 0 0 0 16 0 0 0 0 0 0 0 0 0 0 52 0 0 0 0 0 31 0 0 0 35 0 0 0 0 0 0 0 0 0 0 0 0 0 0 0 0 0 0 0 0 0 0 37 0 39 2 0 0 0 0 62 0 0 
0 0 0 0 52 0 0 0 49 0 0 0 44 0 0 46 0 15 17 0 0 0 0 16 0 0 0 0 0 64 0 0 0 0 43 0 0 0 0 0 0 0 0 0 0 0 0 0 0 0 0 0 11 0 0 0 33 0 0 0 0 0 0 0 
0 0 0 0 0 0 23 0 0 0 0 0 0 0 0 0 0 0 49 0 0 0 46 0 0 0 0 0 0 0 0 0 0 0 0 4 0 0 9 0 0 0 0 0 0 0 0 0 39 0 0 0 0 0 0 0 0 0 0 60 0 61 0 3 
0 0 0 0 0 0 0 0 1 63 0 0 60 0 0 62 0 0 0 0 35 0 0 0 0 0 0 12 0 0 0 0 0 0 0 0 0 0 0 0 42 0 0 40 0 43 41 36 0 0 0 0 0 0 0 0 49 0 50 0 0 0 0 0 
0 0 0 0 0 0 0 0 0 0 0 0 0 0 0 6 0 0 0 0 0 36 38 0 27 0 0 0 0 0 26 23 0 0 0 0 0 2 0 62 0 0 0 0 0 51 0 44 0 0 33 34 35 0 0 30 0 0 0 0 0 0 0 0 
0 0 0 0 0 0 39 43 0 0 0 0 28 0 0 0 0 0 0 0 0 60 0 0 0 0 0 44 49 0 0 47 0 21 27 0 0 0 0 0 0 0 0 0 0 0 9 0 55 0 0 58 59 0 0 54 0 0 0 0 0 0 0 19 
0 0 0 0 0 0 0 0 0 55 0 59 0 0 0 0 0 0 25 0 0 0 0 0 0 0 6 4 0 0 0 7 48 0 0 44 0 0 0 0 0 0 0 0 0 35 0 0 0 0 0 0 0 0 0 0 41 40 0 36 0 0 0 0 
0 0 0 0 0 0 0 35 0 23 0 0 0 0 0 22 0 0 0 0 0 0 0 0 0 0 0 0 0 40 0 0 0 0 19 0 0 0 0 0 0 0 63 0 0 3 0 0 0 0 0 50 0 0 0 0 0 0 0 0 0 0 0 0 
0 0 0 48 0 0 0 0 0 0 0 0 0 0 0 38 0 0 0 0 0 0 0 0 0 0 0 0 0 0 0 55 32 0 0 0 0 0 0 0 18 0 0 16 14 0 0 12 0 64 0 0 0 0 0 62 25 0 0 0 0 0 0 0 
