8
0 46 0 0 41 0 45 0 0 56 0 50 0 0 0 0 0 0 0 13 0 0 0 0 0 0 0 35 38 0 0 0 0 0 0 22 19 21 0 0 0 0 0 0 0 0 0 0 0 58 0 0 0 0 0 0 0 0 0 0 0 2 0 0 
0 0 0 0 0 0 21 0 25 0 0 0 0 0 31 0 51 0 0 0 0 0 0 0 0 0 13 0 14 0 0 0 0 0 0 62 0 61 0 0 0 0 4 0 0 1 2 0 38 0 0 0 0 0 0 0 48 0 45 0 0 0 0 0 
2 6 0 0 0 0 0 0 9 0 0 0 0 0 0 13 0 0 0 0 0 0 0 0 0 58 0 59 0 0 0 0 0 0 0 0 0 0 0 41 0 0 52 0 51 49 0 56 0 0 0 0 0 0 0 20 0 0 29 31 0 26 0 0 
0 38 0 0 0 0 0 0 0 48 46 0 44 0 0 0 0 0 0 0 1 7 6 8 0 26 0 0 0 0 0 0 0 0 0 0 0 0 0 9 0 0 0 21 0 17 0 0 0 0 0 0 51 49 0 0 0 59 0 63 0 0 0 0 
10 14 12 0 0 15 13 16 0 0 0 0 0 0 0 0 0 0 0 0 0 47 46 0 0 0 0 3 0 0 0 7 0 0 0 0 0 53 0 49 0 62 0 61 0 0 0 0 0 0 0 0 0 0 0 0 40 35 0 39 36 0 0 38 
0 0 0 0 0 0 0 64 0 0 0 0 0 0 0 0 27 28 0 0 0 0 0 0 0 0 0 0 0 0 0 55 0 0 0 0 0 37 0 0 0 46 0 0 0 0 0 0 14 0 0 0 0 0 0 0 0 0 21 23 20 0 0 0 
0 0 52 0 0 0 53 0 0 0 0 0 60 0 0 0 19 0 0 0 17 0 22 0 0 0 0 0 0 0 0 0 0 0 0 0 0 0 0 0 0 0 0 0 0 0 0 0 0 0 8 0 3 0 0 0 0 0 0 15 12 0 0 0 
0 0 0 0 0 0 0 32 0 0 0 34 0 0 0 0 0 0 0 0 57 0 62 0 0 0 21 0 0 24 20 0 7 0 4 6 0 0 0 0 0 0 0 0 0 0 0 0 0 0 0 0 0 0 0 0 56 51 0 0 0 0 49 54 
0 0 0 0 0 0 0 0 0 17 0 0 0 12 0 0 36 0 35 0 0 0 0 0 0 0 0 0 0 0 0 64 48 0 45 0 44 0 49 0 0 0 0 54 52 50 51 0 0 19 25 0 0 0 22 0 0 0 0 0 29 0 0 31 
0 0 0 0 0 0 0 0 0 0 0 0 21 0 0 0 0 45 43 0 42 0 0 0 0 3 0 0 0 9 0 0 0 0 53 0 0 0 0 0 0 0 0 0 60 0 0 1 31 27 0 0 0 0 30 0 41 36 38 0 0 0 34 39 
0 39 0 36 34 0 0 41 42 0 0 0 0 44 48 0 4 0 0 0 0 8 0 9 0 0 0 28 0 0 0 32 0 0 0 0 12 0 0 0 0 23 21 0 0 0 0 25 0 0 0 0 0 50 0 0 1 0 0 64 0 0 0 0 
0 23 0 0 18 0 0 0 26 0 31 0 0 0 32 30 0 0 0 0 0 0 0 0 0 0 0 0 0 0 0 16 0 0 0 0 60 0 0 0 0 0 0 0 4 0 0 0 0 35 0 0 36 0 38 37 0 0 0 0 0 43 0 0 
0 0 0 0 0 0 0 0 0 0 0 0 0 60 0 0 20 0 0 0 0 0 0 0 0 0 0 0 0 0 0 0 0 27 0 0 0 0 0 0 0 0 0 38 36 0 35 41 0 3 0 8 0 0 6 0 0 0 0 0 0 11 0 0 
0 0 0 0 42 0 0 0 0 0 55 0 0 0 0 0 0 13 0 0 0 0 0 0 0 0 38 0 0 41 37 0 0 19 0 0 0 0 0 0 0 0 29 0 0 0 27 0 0 0 0 0 0 0 0 0 0 0 0 8 0 3 0 7 
0 0 0 28 0 0 0 0 0 0 39 0 37 36 40 38 0 0 0 0 58 0 63 1 0 0 0 0 0 0 0 0 0 0 5 0 0 6 0 2 0 0 0 0 12 0 0 0 0 0 49 0 0 42 0 0 0 0 0 0 0 51 50 55 
0 63 0 60 0 0 0 0 0 0 0 0 5 0 0 0 0 0 27 0 0 0 31 0 0 0 0 0 0 0 0 0 0 0 0 0 36 0 41 0 48 0 45 0 0 0 0 0 0 0 0 0 0 0 0 13 0 0 0 0 0 0 0 0 
14 0 0 0 0 0 0 20 21 28 0 0 0 23 27 0 0 48 0 0 0 0 0 0 5 0 9 0 10 0 0 0 0 54 0 0 0 0 60 0 0 0 64 0 63 0 0 4 0 0 0 0 0 0 0 0 0 0 0 0 0 0 0 42 
30 0 0 0 0 0 33 0 0 44 0 0 0 0 43 0 0 0 0 0 0 0 0 0 0 0 0 0 26 0 24 0 0 0 0 0 0 0 12 0 19 0 16 17 15 13 0 0 0 0 0 0 0 0 0 0 0 0 0 0 0 54 0 0 
54 0 0 0 53 0 0 0 0 0 0 0 0 0 3 0 0 0 0 0 0 0 0 0 0 0 0 0 50 0 0 0 0 30 0 34 0 0 0 0 0 0 0 0 0 0 0 0 0 0 0 0 0 0 0 8 0 0 0 19 0 0 0 0 
0 0 48 0 0 0 0 0 0 0 0 0 0 0 0 0 15 0 0 0 0 0 0 0 37 0 0 0 0 0 0 0 0 0 0 0 0 25 28 0 0 0 0 0 0 0 0 36 0 62 0 0 0 0 0 0 0 0 9 0 0 6 0 0 
0 10 0 0 0 0 9 12 0 0 18 14 0 0 0 0 0 0 0 0 0 0 0 44 0 0 0 0 0 0 0 3 51 0 0 0 47 0 0 45 0 58 0 57 55 0 0 0 26 22 0 0 0 0 0 0 0 31 0 0 0 0 29 0 
0 0 64 0 61 0 1 0 0 0 0 0 0 0 0 0 0 32 0 0 0 0 0 0 0 0 0 0 0 0 56 0 0 0 40 0 0 0 0 0 0 0 0 0 0 45 0 52 18 0 20 0 0 0 0 16 0 23 0 0 0 0 0 0 
0 0 0 0 0 0 41 0 0 52 50 0 48 0 0 49 7 0 0 9 0 0 0 0 0 0 0 0 0 0 32 0 0 14 16 0 0 17 20 0 0 0 0 0 0 0 0 0 0 0 0 0 0 0 0 56 0 0 0 0 0 0 0 0 
0 0 0 0 0 0 0 0 0 0 0 0 0 0 0 33 0 0 0 0 0 0 0 0 0 0 0 0 0 0 0 0 0 62 0 0 0 0 0 0 0 0 0 9 0 0 0 0 0 0 0 43 0 0 41 40 52 47 0 0 0 0 0 50 
0 0 0 0 0 0 55 58 0 0 64 0 62 0 0 0 0 0 20 0 0 0 0 0 0 44 0 0 0 50 46 0 33 0 0 0 0 31 0 0 41 40 0 39 0 0 0 0 0 0 0 9 0 0 0 0 0 0 15 0 0 12 0 16 
0 0 0 0 27 0 31 0 35 0 0 36 0 0 0 39 0 0 60 0 0 0 0 0 0 0 0 0 0 0 0 0 0 0 6 0 5 0 10 0 0 16 0 0 0 11 0 0 0 0 0 0 45 0 0 0 58 0 55 0 54 0 0 0 
4 0 0 0 0 0 0 0 0 0 0 0 0 0 17 0 0 0 0 0 0 0 0 42 0 0 0 0 0 0 0 0 0 0 0 0 0 0 0 43 0 0 0 0 0 0 52 0 24 0 0 0 21 0 0 0 0 0 31 33 0 0 27 0 
0 0 0 0 0 1 63 2 0 0 0 0 0 0 9 0 0 0 0 0 0 0 0 34 0 52 55 0 0 0 54 57 41 0 0 0 0 0 0 0 0 48 0 0 45 0 0 0 0 12 0 17 0 0 15 14 0 0 23 0 0 0 0 0 
0 0 0 0 0 0 0 0 0 0 0 0 0 0 0 0 0 6 0 0 0 0 8 0 0 0 31 0 0 0 30 0 0 0 0 0 0 15 0 0 0 24 0 0 0 0 20 26 56 0 0 0 53 0 0 0 2 61 0 0 0 0 59 0 
20 24 0 0 0 0 0 0 0 34 0 0 0 0 0 31 0 0 0 0 0 57 0 58 0 12 0 0 16 0 0 0 0 0 62 0 61 63 0 0 0 8 0 0 0 0 0 0 0 0 0 0 0 0 0 0 0 0 0 0 0 44 0 0 
0 0 0 0 0 17 0 0 0 0 0 0 0 21 25 0 0 0 0 0 0 0 0 0 0 4 0 0 8 0 6 9 0 0 54 0 0 0 0 0 0 0 0 0 0 59 0 0 0 0 0 0 0 0 0 0 0 37 0 0 0 0 0 0 
0 0 0 0 0 0 0 0 0 58 0 0 54 0 0 0 0 0 0 0 0 0 0 0 0 0 0 0 40 0 0 0 0 20 0 0 21 0 0 0 0 0 0 0 0 0 0 0 0 0 0 0 0 0 0 0 0 0 7 9 6 0 0 0 
0 0 0 0 0 0 16 19 0 0 25 21 0 0 26 0 0 47 0 48 44 0 0 0 0 0 0 0 0 11 0 0 0 53 0 0 54 0 0 0 0 1 63 0 62 0 0 0 33 0 35 34 0 0 0 0 43 0 0 0 0 0 0 0 
0 0 0 0 28 0 0 0 0 0 0 0 0 38 0 0 0 0 0 0 0 0 0 0 0 0 0 0 0 0 0 0 0 0 0 0 0 0 0 4 18 17 0 16 0 0 0 0 0 45 0 0 0 0 0 0 0 0 0 58 0 0 0 0 
0 0 0 0 0 0 0 0 0 0 9 0 0 6 0 8 30 0 0 0 28 0 33 0 0 53 0 0 57 0 55 0 0 0 39 0 0 0 0 0 0 0 0 0 0 0 0 0 0 0 0 0 14 0 0 15 0 22 0 0 0 0 0 0 
0 0 39 0 0 0 0 0 0 51 49 0 0 0 50 48 6 0 0 0 0 10 9 0 0 0 0 0 0 0 0 0 0 0 0 0 14 0 0 0 0 0 0 0 0 0 0 27 0 0 59 0 0 0 0 55 0 0 0 0 0 0 60 1 
0 0 0 0 0 0 0 0 0 59 57 0 0 54 0 0 14 0 0 0 0 0 17 0 36 0 0 38 41 43 39 42 0 0 0 25 0 0 0 0 0 0 0 0 0 0 29 0 0 0 0 0 62 0 0 63 11 0 0 0 0 0 0 9 
5 0 0 6 4 0 0 0 0 19 0 0 0 0 0 16 0 0 0 40 0 42 41 0 0 61 0 0 0 0 0 0 0 0 0 0 0 0 0 0 0 0 55 0 0 0 0 0 0 0 27 0 22 0 0 0 0 0 0 0 0 0 0 0 
0 0 23 0 0 0 24 0 0 0 0 0 0 0 34 0 54 0 0 0 0 0 0 0 0 13 16 0 0 19 0 0 2 61 63 1 0 0 0 60 0 0 0 8 0 0 0 0 0 0 0 0 0 0 0 0 0 0 0 50 0 0 44 0 
0 57 0 0 0 58 0 0 0 0 0 0 0 0 0 0 0 0 0 0 0 26 25 0 44 45 0 0 0 0 0 50 0 0 0 33 0 0 0 0 0 41 0 0 0 0 0 0 9 0 0 10 0 0 0 0 0 0 0 0 0 0 0 0 
57 0 59 0 0 0 0 63 0 0 5 0 0 0 0 0 0 0 0 0 0 30 29 31 0 0 0 50 53 55 0 0 0 0 35 37 0 0 0 0 0 0 0 0 0 0 0 0 0 0 15 0 10 0 0 11 0 18 0 0 0 0 0 21 
0 0 0 34 0 0 0 0 0 0 0 41 0 0 0 0 0 0 0 0 0 0 5 0 0 0 28 0 0 0 0 0 0 0 0 0 10 12 0 0 0 0 0 0 0 0 0 23 0 0 55 0 50 0 52 0 0 0 60 0 0 0 0 0 
0 0 0 0 0 0 0 0 0 0 0 0 0 0 0 0 42 0 0 44 0 0 0 0 0 0 0 0 0 0 0 0 0 49 0 0 0 0 0 0 0 0 0 0 0 0 0 0 0 0 0 0 0 0 28 0 0 0 36 38 35 0 0 0 
0 0 3 0 0 0 0 0 0 0 0 9 0 10 0 0 0 0 0 0 32 0 37 39 0 57 0 0 0 63 59 0 0 41 0 0 0 0 0 0 0 0 0 0 0 48 49 0 0 0 23 0 0 0 20 0 0 0 0 0 0 0 0 0 
0 0 0 0 0 54 52 55 0 0 61 0 59 0 62 0 18 0 0 0 0 0 0 0 0 0 0 0 0 0 0 46 0 25 0 29 0 0 0 0 0 0 0 0 0 0 33 0 0 0 0 0 0 64 0 0 0 0 0 0 0 0 8 0 
17 0 0 0 0 0 0 0 24 0 0 0 27 0 0 0 0 0 0 0 0 0 0 0 0 9 0 10 13 0 0 0 0 0 0 0 0 0 0 0 0 0 0 0 0 64 0 0 37 0 0 0 0 0 0 0 0 0 0 0 0 41 0 0 
0 0 0 0 24 0 0 0 0 0 0 0 35 0 0 36 0 0 0 0 0 0 0 0 0 0 20 0 0 0 0 0 6 0 0 5 0 0 0 0 0 0 11 0 10 0 9 15 45 0 0 0 0 0 0 0 0 0 0 0 0 0 0 53 
0 0 0 0 0 46 0 47 48 0 0 0 51 0 0 0 0 0 0 0 0 0 13 0 0 0 0 0 0 0 0 0 0 17 0 0 0 0 0 0 0 0 0 0 0 24 0 0 0 0 63 0 0 0 0 0 7 0 0 0 3 0 0 0 
0 0 0 24 0 0 0 0 30 0 35 31 0 0 0 0 0 0 55 0 0 0 0 0 0 15 18 0 0 0 0 0 0 0 1 3 0 0 0 0 0 0 0 0 0 0 0 0 0 39 0 0 0 0 0 0 0 0 50 52 0 0 0 51 
0 0 0 0 38 0 0 0 46 0 51 47 0 0 0 50 0 0 7 0 0 0 0 0 0 0 0 0 0 0 0 0 0 0 17 19 0 0 0 0 0 0 0 0 0 0 23 0 0 0 0 0 0 0 0 0 0 0 0 0 0 0 0 0 
0 0 17 0 0 0 0 0 0 0 0 23 0 24 0 0 48 0 0 0 46 52 0 0 6 0 0 0 0 13 9 0 0 0 0 0 0 0 61 0 0 3 0 0 64 62 0 0 35 0 0 0 0 30 0 0 0 0 0 0 0 0 0 43 
0 0 0 0 0 0 0 0 0 0 0 15 0 0 0 0 0 0 39 0 0 0 43 0 0 0 0 0 0 0 1 0 0 0 0 0 48 0 0 0 0 0 0 0 0 0 0 0 0 0 29 0 0 22 26 0 0 0 0 0 0 0 30 35 
0 35 0 0 30 0 0 37 0 0 43 0 0 40 0 0 0 0 0 0 62 0 3 0 0 23 0 24 0 0 0 0 0 0 0 0 8 0 13 6 0 0 0 0 0 0 0 0 0 0 53 0 0 0 50 0 0 0 0 0 0 0 0 0 
0 0 0 0 0 0 0 0 0 0 0 0 0 0 0 58 0 0 0 0 0 0 0 0 0 0 42 0 0 0 0 44 0 0 25 0 0 0 29 0 0 0 0 34 0 0 31 37 0 0 0 4 0 0 0 0 0 0 0 0 0 0 0 0 
63 3 0 64 62 0 0 0 0 0 0 0 0 0 0 0 0 0 31 34 0 0 0 0 54 0 0 0 59 0 57 0 0 0 0 0 0 0 0 0 0 0 0 0 0 0 0 0 0 0 0 0 16 0 0 0 0 0 0 28 0 0 22 0 
0 0 0 0 0 60 0 0 0 0 3 0 0 0 0 2 0 25 23 0 0 0 27 0 46 0 0 0 0 0 0 0 36 0 0 35 32 0 0 30 0 0 0 0 0 38 0 45 11 0 0 12 0 0 10 0 0 0 18 0 0 0 0 0 
0 28 0 0 0 0 0 0 0 0 36 0 0 33 0 0 57 0 0 0 0 0 0 0 0 0 0 0 0 22 0 0 0 64 0 0 1 0 0 63 13 0 0 0 0 0 0 0 44 0 0 45 0 0 43 42 54 49 0 0 50 0 0 0 
64 0 0 0 0 0 0 0 0 14 12 0 0 9 13 0 0 0 0 0 0 37 0 38 55 0 0 0 60 0 0 0 45 40 0 44 41 0 0 39 0 0 0 0 0 0 0 0 20 0 0 0 0 0 0 0 0 0 0 29 0 0 0 0 
0 52 0 0 47 0 51 0 0 62 60 0 0 57 0 0 0 0 0 0 0 0 0 22 0 0 43 0 0 0 0 0 0 0 0 28 0 27 0 0 37 0 0 0 0 0 0 0 0 64 0 0 1 0 0 0 0 9 0 0 0 0 0 0 
8 0 0 0 0 0 0 0 0 22 0 0 0 0 0 19 41 42 0 0 39 45 0 0 0 0 3 0 0 0 0 5 0 0 0 0 0 51 0 0 0 60 0 0 0 0 0 0 0 0 0 0 0 0 0 0 0 0 0 0 0 32 31 0 
0 0 0 0 39 0 0 0 0 0 52 0 0 0 0 0 0 0 0 0 0 0 0 0 31 0 35 0 0 0 0 0 0 0 18 0 0 0 0 0 0 0 0 0 0 0 0 0 0 0 62 0 57 0 0 0 0 0 0 0 0 0 0 0 
16 0 0 0 0 0 19 0 0 0 0 0 0 25 29 0 0 0 0 0 0 0 0 0 0 0 0 0 12 0 10 0 0 0 58 0 0 0 0 0 0 0 0 0 1 0 0 0 36 32 0 0 0 0 0 0 0 0 0 0 0 0 0 0 
56 0 0 57 0 0 0 0 0 0 0 0 2 0 5 0 0 26 24 0 0 0 0 0 0 0 0 49 0 0 0 53 0 0 0 0 0 0 0 0 0 0 0 43 0 0 0 0 0 0 0 0 0 0 0 0 0 17 19 0 0 0 0 0 
0 36 0 0 31 0 0 0 39 0 0 40 0 0 0 0 0 0 0 0 0 0 0 0 0 24 0 0 0 0 26 29 0 0 0 0 0 0 0 0 0 0 0 0 0 0 0 0 0 0 0 0 0 0 51 0 62 57 0 0 0 0 0 60 
