8
0 54 0 59 57 58 60 61 0 0 52 0 0 0 0 0 0 0 15 19 0 0 0 17 0 0 0 0 0 0 0 0 0 0 0 27 0 0 0 0 0 0 0 62 0 0 4 0 7 0 0 0 10 0 0 0 0 30 0 0 0 32 37 0 
0 22 23 0 25 0 28 0 0 16 0 17 0 15 0 0 0 0 47 0 0 0 0 0 7 0 0 0 0 0 0 0 0 55 0 0 0 54 0 0 37 0 0 0 0 0 0 0 0 0 44 0 0 0 0 0 2 0 0 0 0 0 0 1 
0 0 0 0 0 0 12 0 0 0 4 0 0 63 0 0 0 0 0 0 0 0 0 0 0 0 0 0 0 61 0 0 0 0 0 0 0 38 45 0 0 0 0 0 16 19 0 0 0 0 0 0 0 0 0 0 0 0 0 51 0 0 0 0 
48 46 0 0 49 0 0 0 0 0 0 0 0 39 0 0 12 0 0 0 0 0 0 0 0 0 0 0 34 0 0 0 0 0 0 0 0 14 21 0 61 0 0 0 56 0 0 0 63 0 0 0 0 0 0 0 0 0 28 0 0 0 29 0 
0 0 0 0 0 0 0 0 0 0 36 0 0 0 0 0 4 0 0 0 0 0 0 0 23 0 0 27 26 0 22 0 0 0 0 0 0 0 0 0 0 0 50 0 48 0 0 0 0 61 0 0 0 0 0 0 0 14 0 0 15 0 0 0 
0 0 0 0 0 18 0 0 0 0 0 0 0 7 10 0 0 0 0 0 38 0 0 0 0 0 0 0 0 5 0 1 50 0 52 0 49 0 0 0 0 25 0 0 0 0 0 23 0 0 0 0 0 0 0 0 0 0 0 0 0 0 0 0 
0 0 0 35 0 0 0 0 0 0 28 0 0 0 0 22 0 0 0 0 0 0 0 57 0 0 0 0 0 0 0 0 0 0 4 0 0 0 5 64 0 0 42 0 40 0 44 0 0 0 0 0 0 0 0 0 0 0 0 0 0 8 0 0 
64 0 0 0 0 0 4 0 0 0 0 0 61 0 0 0 0 0 0 0 0 0 0 0 0 0 0 0 50 0 0 49 0 0 36 0 33 0 0 0 13 0 0 0 0 0 12 0 15 21 0 0 0 0 0 0 0 0 0 0 0 0 0 0 
0 0 0 0 0 0 0 0 0 57 0 0 62 0 0 0 0 25 0 0 0 0 0 26 0 0 0 0 0 0 0 0 0 0 37 0 0 0 38 0 0 0 11 0 0 0 0 0 0 0 0 0 0 17 0 15 0 0 0 0 0 0 0 0 
49 0 0 0 0 0 0 0 0 0 0 0 0 0 0 0 0 0 0 0 0 0 0 0 0 33 0 36 0 0 0 0 0 0 0 0 0 15 0 17 0 58 0 0 0 60 0 0 0 6 5 0 0 0 4 0 0 0 0 0 0 25 0 0 
0 0 0 0 42 43 0 0 0 0 0 34 0 0 0 31 0 0 0 0 0 0 0 0 0 0 0 28 0 0 0 0 11 0 0 0 0 0 0 0 54 50 51 0 0 52 0 0 0 0 0 0 0 0 60 0 0 0 0 0 16 0 0 0 
0 0 0 0 18 0 21 0 12 0 0 10 0 0 0 0 0 0 40 0 0 0 46 0 64 0 0 4 0 0 63 0 0 0 0 0 0 0 0 49 30 0 0 0 0 0 0 0 0 0 37 0 0 33 0 31 0 55 0 0 0 0 0 0 
0 23 0 0 0 0 29 30 0 17 21 0 0 0 0 0 0 0 0 0 0 0 54 0 0 0 0 0 11 0 7 10 59 56 0 0 0 0 0 0 0 0 0 0 0 36 0 0 0 46 45 0 0 41 0 39 0 63 0 0 0 0 0 0 
0 0 32 36 0 0 0 0 0 0 0 0 0 0 27 23 0 0 0 0 0 0 62 0 0 0 0 0 0 0 0 0 0 0 0 0 2 0 0 0 0 0 43 0 0 0 0 0 0 0 0 0 0 0 0 47 0 0 0 0 8 0 0 0 
0 0 0 0 0 59 61 0 0 0 0 50 54 0 51 0 0 0 0 0 0 19 0 18 0 41 0 0 0 0 39 0 0 0 0 28 0 0 30 0 0 0 3 0 0 0 0 64 0 0 13 0 0 0 0 0 0 0 0 0 0 33 38 0 
0 0 0 0 0 0 0 0 0 0 0 2 0 0 0 0 0 0 0 0 31 0 0 34 56 0 61 60 0 0 0 0 0 0 0 0 0 0 46 0 0 0 0 0 0 20 0 0 0 0 29 26 27 25 0 23 0 0 0 0 0 0 0 0 
0 0 21 0 0 0 0 0 17 0 0 0 0 0 0 12 0 0 0 49 0 0 0 0 0 0 0 0 8 11 0 0 56 53 0 0 0 0 0 0 0 0 0 0 30 0 34 0 0 0 0 0 0 0 0 0 0 60 0 0 0 0 0 0 
0 0 0 9 0 0 0 0 1 0 2 63 0 61 0 0 0 0 0 0 0 0 0 31 53 0 0 57 0 0 0 0 0 0 0 0 0 0 0 0 0 0 0 12 0 0 0 0 21 27 0 0 0 0 0 0 0 44 0 0 45 0 0 47 
0 0 0 41 0 0 0 0 0 0 0 0 35 0 0 0 0 0 0 0 0 0 0 0 0 0 0 0 0 0 0 0 0 5 10 0 7 0 0 0 0 47 0 0 0 0 50 0 0 0 0 0 0 0 0 0 16 12 18 0 0 0 0 0 
0 0 0 0 15 16 0 0 0 0 0 0 0 0 0 0 0 38 0 41 0 0 0 0 0 0 0 1 0 0 60 0 0 0 0 49 0 0 0 0 27 0 0 0 0 0 0 0 0 0 0 0 0 0 0 0 56 0 0 0 0 0 59 0 
0 0 29 0 0 0 0 0 25 0 0 0 0 0 0 0 0 0 53 0 0 0 59 0 0 0 0 17 0 19 0 0 0 0 0 0 0 0 0 0 0 0 40 0 0 0 0 0 0 0 50 0 0 0 0 0 0 0 10 0 5 0 0 0 
0 0 0 0 0 0 0 0 0 0 42 0 0 0 40 0 0 0 0 0 0 8 0 0 0 0 34 33 0 35 0 31 0 0 0 0 0 12 0 14 0 0 0 0 0 0 0 0 0 0 0 63 64 62 0 0 0 0 0 25 0 22 0 0 
0 0 61 0 0 0 0 3 57 0 0 0 59 0 0 0 0 0 21 25 0 0 0 0 0 0 0 0 0 0 0 0 32 0 0 0 31 0 0 0 0 7 0 0 0 0 0 0 0 0 0 0 0 14 0 12 0 0 0 41 37 0 0 0 
0 0 53 0 0 0 58 0 0 0 0 47 0 0 0 0 0 0 0 17 12 0 0 0 0 0 0 41 0 43 0 0 0 21 0 0 0 0 0 22 0 0 0 0 0 0 0 0 0 0 10 0 0 6 0 4 0 0 0 33 0 0 0 31 
0 0 0 0 29 0 32 0 0 0 24 21 0 0 0 18 0 0 0 0 0 0 0 0 0 0 0 0 14 0 0 0 62 0 64 0 0 0 0 0 0 0 0 0 0 0 40 0 0 0 0 0 0 0 0 42 0 0 8 0 0 4 0 0 
0 0 0 39 0 38 0 0 0 0 0 0 0 0 0 0 0 60 0 63 0 62 1 0 0 0 0 0 22 25 0 0 0 3 8 0 0 0 9 4 49 0 0 0 0 0 0 0 51 0 56 0 0 0 0 50 0 0 16 0 0 0 17 0 
0 0 0 23 21 0 0 0 0 0 0 0 0 0 0 0 0 44 0 0 0 46 0 0 0 0 0 7 0 9 0 0 54 0 0 0 0 0 57 0 0 0 30 26 0 0 32 0 0 0 0 37 38 36 0 34 0 0 0 0 0 0 1 0 
0 0 0 0 0 62 0 0 0 0 0 0 0 0 0 0 0 0 19 0 0 0 0 0 43 0 0 0 0 0 42 0 0 0 32 0 0 0 33 0 0 0 0 0 0 0 0 0 0 0 0 0 0 0 0 0 0 0 0 0 0 0 0 37 
0 0 0 0 0 0 0 0 7 0 8 0 0 0 0 0 0 0 0 0 0 38 0 0 0 0 0 0 0 0 0 0 0 0 0 0 0 0 0 0 25 0 0 0 0 0 0 19 0 0 32 0 0 0 0 0 0 50 0 0 0 0 0 0 
0 0 0 0 0 0 0 0 0 0 40 0 0 0 0 0 0 0 3 0 0 0 0 0 0 28 32 0 0 0 0 0 14 0 0 0 0 10 0 12 0 53 0 0 0 0 0 0 59 0 0 0 0 60 63 58 0 0 24 23 0 0 0 0 
0 50 0 0 53 0 0 0 0 0 0 0 0 0 0 0 0 0 0 0 10 0 0 0 0 0 0 0 0 0 0 0 0 0 0 0 21 0 0 0 0 61 0 58 0 63 0 59 0 9 0 0 0 0 0 0 0 26 0 0 0 28 0 0 
0 0 0 0 0 6 0 0 0 0 0 61 0 59 62 58 0 0 0 0 0 0 33 0 0 0 0 0 54 57 0 53 0 35 0 0 0 0 41 0 17 0 0 0 0 0 0 11 0 0 0 0 0 0 23 18 0 0 0 0 0 0 0 0 
45 0 44 0 46 0 0 50 0 0 0 0 0 0 39 0 0 0 0 0 0 0 0 0 0 0 0 32 0 0 0 30 0 0 0 0 14 0 0 0 58 54 0 51 0 0 0 0 0 0 0 62 0 61 64 59 0 0 0 24 0 0 26 0 
5 3 0 0 0 7 0 0 0 0 0 0 0 0 0 59 0 0 0 32 0 0 34 0 52 0 57 0 0 58 0 0 0 36 0 0 0 35 42 0 0 0 0 0 0 0 17 0 0 0 0 0 0 0 24 0 0 43 0 0 44 0 0 0 
0 0 0 0 0 0 0 0 0 0 0 0 0 0 0 0 0 0 0 24 0 0 26 22 0 0 0 48 0 0 43 0 31 0 0 0 0 0 0 0 0 6 0 0 5 8 9 4 0 18 0 14 0 0 0 0 0 0 0 0 0 37 0 0 
0 0 52 0 0 0 57 58 0 0 0 0 0 44 0 0 0 0 0 0 0 0 0 0 0 0 0 0 39 0 0 0 0 0 0 0 0 0 26 0 0 62 0 0 0 0 0 60 0 10 0 0 0 0 0 0 31 0 33 0 0 0 0 0 
0 0 0 24 0 23 0 0 0 0 0 0 0 0 0 0 0 0 0 0 0 0 0 0 0 5 9 0 7 0 3 0 0 0 0 0 0 0 0 0 0 0 0 0 0 0 0 28 36 0 0 0 0 0 0 0 0 0 0 0 0 0 0 62 
0 0 0 0 0 0 0 0 8 5 0 6 0 4 0 3 0 0 0 0 35 0 0 0 0 0 0 64 0 0 0 0 47 0 0 0 0 0 0 0 0 0 0 19 0 0 0 0 0 0 33 0 0 29 32 0 55 0 0 0 0 0 0 0 
0 0 0 32 30 0 0 0 0 21 0 0 0 0 0 0 0 53 0 56 51 0 0 0 0 0 0 0 0 0 0 0 0 60 0 0 0 0 0 0 42 0 0 35 0 0 0 0 44 0 0 0 0 0 0 43 7 3 0 0 0 0 0 0 
0 0 0 40 0 0 0 0 32 0 0 0 0 28 31 0 0 0 0 0 0 63 0 62 0 0 0 0 0 0 0 0 0 4 0 0 0 3 0 5 50 46 0 0 0 48 0 0 52 0 0 0 0 0 0 0 0 0 0 0 0 13 18 0 
0 0 0 0 0 49 0 0 0 0 0 0 44 0 0 0 0 0 0 0 0 0 0 0 30 0 0 0 33 36 29 0 0 0 0 0 0 0 0 15 60 0 0 0 0 58 0 54 0 4 0 0 0 0 0 0 0 0 27 26 0 23 28 0 
0 0 0 0 0 9 0 12 0 0 0 0 0 62 0 0 0 0 0 0 0 0 0 0 0 0 0 0 57 0 0 0 0 38 0 0 0 0 0 0 0 0 0 0 0 18 0 0 0 0 0 0 0 0 26 0 0 0 0 0 46 0 52 0 
0 0 14 0 16 0 0 20 0 0 0 0 0 0 0 0 0 0 0 0 37 41 0 0 62 63 3 0 1 0 0 0 0 0 0 0 48 0 0 47 0 0 0 0 0 0 0 0 0 0 0 32 0 0 34 0 0 0 0 0 54 0 0 56 
0 0 62 0 0 0 0 4 0 0 0 0 0 54 57 0 0 0 0 26 0 0 0 24 0 0 0 50 0 0 0 48 0 0 0 0 32 0 0 0 0 0 0 0 0 0 11 0 0 0 0 0 0 0 0 0 0 0 0 0 0 0 0 0 
0 0 38 0 0 0 0 0 34 31 0 32 0 0 0 0 0 63 0 2 0 0 0 0 22 0 0 0 25 0 0 0 0 6 0 0 0 0 0 0 0 0 49 0 0 0 51 0 54 0 59 0 0 55 58 0 0 0 19 0 0 0 0 0 
0 0 22 26 0 0 0 0 18 15 0 0 0 0 0 0 0 0 0 0 0 0 0 48 0 0 0 0 0 0 5 8 0 0 0 0 0 0 60 55 0 0 0 0 31 0 0 0 0 44 0 0 0 0 0 0 0 0 3 0 0 63 0 0 
0 29 0 34 0 0 0 0 0 0 0 24 0 0 0 0 59 0 0 58 0 0 0 0 14 0 0 0 0 0 0 0 0 0 0 0 0 61 0 0 44 0 0 37 0 0 0 0 46 0 0 48 49 0 0 0 0 0 0 0 0 0 0 0 
0 0 0 58 0 0 0 0 50 0 51 0 0 46 49 0 0 0 0 18 13 0 20 0 0 0 0 0 0 0 0 0 0 22 0 0 0 21 0 0 0 64 0 0 0 2 0 62 0 0 0 8 0 7 0 0 0 0 0 0 30 0 0 0 
0 0 49 0 0 0 0 0 0 0 46 43 0 0 44 40 14 0 0 0 8 0 15 11 0 0 0 37 36 39 32 0 0 0 0 0 0 0 0 0 63 59 0 56 0 0 0 0 0 0 0 3 0 0 5 0 28 0 30 0 0 0 0 0 
10 8 0 0 0 0 0 0 5 0 0 3 0 0 0 0 0 0 0 0 0 0 0 0 0 58 62 0 0 0 0 0 0 41 46 0 0 0 0 0 0 0 0 0 0 0 0 0 25 0 30 27 28 0 0 0 0 0 0 53 0 0 55 0 
0 0 0 45 0 0 0 0 0 0 0 35 0 0 0 32 0 0 1 0 64 0 0 0 0 0 0 0 0 0 24 27 0 0 0 0 0 0 0 0 0 0 0 48 50 0 0 0 0 63 62 59 60 0 0 0 0 0 0 0 0 0 0 0 
18 0 0 0 0 20 0 0 0 0 0 0 0 0 0 0 0 0 0 0 0 0 0 0 0 0 0 0 0 0 0 0 0 0 0 0 0 48 55 0 0 27 28 0 0 0 0 0 0 0 0 35 0 0 0 32 0 0 0 0 0 0 0 0 
26 24 0 0 0 0 0 0 0 0 22 0 0 0 0 16 0 0 49 0 0 0 55 51 0 10 0 0 0 0 8 0 0 0 0 61 0 0 0 58 0 35 36 0 0 0 0 33 0 47 0 43 0 0 45 0 0 0 0 0 0 0 0 0 
0 0 0 0 0 0 0 0 0 0 0 0 0 0 0 0 0 0 57 61 0 60 63 0 0 0 0 21 0 0 16 0 0 0 0 0 0 0 0 0 0 43 0 0 0 45 0 0 0 0 0 0 52 50 0 0 0 0 0 13 9 0 15 11 
0 64 0 0 0 0 6 0 0 0 0 0 0 0 0 0 0 26 0 0 24 0 0 0 0 0 0 53 0 0 0 0 0 0 0 0 0 32 0 0 0 0 0 0 0 13 0 0 0 0 0 0 0 0 0 0 0 0 0 0 0 0 0 0 
0 0 0 0 0 60 0 0 53 0 0 0 0 0 0 48 22 0 0 21 0 20 0 0 0 0 0 45 44 0 0 0 0 0 0 0 0 24 0 0 7 0 0 0 0 0 0 1 0 0 0 0 0 10 0 0 0 0 0 0 0 0 0 0 
0 41 0 0 0 0 0 0 0 0 0 0 0 0 0 0 0 0 0 0 0 5 8 4 0 0 0 0 0 0 25 0 13 0 15 0 0 9 16 11 0 0 0 0 0 54 0 50 0 0 0 0 0 59 0 0 0 0 0 22 0 0 24 0 
0 0 0 0 0 0 0 0 0 0 0 0 8 0 0 0 0 0 34 0 0 0 0 0 0 0 0 62 0 0 0 60 0 0 47 0 44 0 0 0 0 0 0 17 19 0 0 0 0 0 0 0 0 0 0 0 53 0 0 0 0 0 0 52 
0 0 0 54 0 0 0 56 46 0 0 0 0 0 0 0 0 0 10 0 0 0 0 0 0 35 39 0 37 40 0 0 21 0 0 0 0 0 0 0 0 0 0 0 0 0 0 58 0 8 0 0 5 0 6 1 29 0 0 0 26 0 32 0 
0 0 0 62 0 0 0 0 0 0 0 0 0 0 0 0 0 0 0 0 0 21 0 0 0 0 47 0 45 0 0 0 0 0 0 30 0 0 0 0 0 4 0 0 0 0 7 0 0 0 0 12 0 0 0 0 37 0 0 0 0 0 0 36 
19 0 18 0 0 0 0 0 0 0 0 12 0 0 0 0 47 0 0 0 0 0 0 0 2 0 0 0 0 0 0 0 0 0 0 0 0 0 56 0 0 0 0 25 0 0 0 0 34 0 0 0 37 0 38 0 0 0 0 0 0 0 0 0 
0 0 0 0 0 0 0 8 0 0 0 0 0 0 0 0 0 0 0 0 0 0 0 0 0 51 0 0 0 0 49 52 0 0 0 0 0 0 0 0 0 12 0 0 0 0 0 0 0 0 0 20 0 0 0 0 0 0 0 0 0 0 48 0 
0 25 0 30 0 29 0 0 22 0 23 0 24 0 0 0 0 0 0 0 0 53 0 0 0 0 0 0 0 0 0 0 0 0 0 0 60 0 0 0 40 0 0 0 35 0 0 0 0 0 0 0 0 0 0 41 0 0 0 0 0 0 0 0 
0 0 0 0 0 0 0 0 0 27 0 0 0 0 29 25 0 0 0 62 0 0 0 0 18 0 0 0 21 24 17 20 0 2 7 0 0 0 8 0 0 0 0 0 0 0 0 0 0 56 0 0 53 51 0 0 13 0 0 0 0 0 0 0 
