8
0 0 0 19 0 0 0 16 6 0 0 4 2 0 5 0 11 0 0 14 0 0 0 0 61 0 0 0 0 0 0 0 0 0 0 0 0 37 0 0 0 0 0 53 0 51 0 0 41 0 0 0 0 44 0 0 0 30 0 23 0 0 0 0 
0 0 47 0 0 0 0 0 0 0 35 0 0 0 0 32 0 0 0 46 0 0 45 0 0 0 27 0 0 26 0 0 0 4 3 0 0 0 1 0 0 0 0 0 0 0 0 0 0 14 0 0 0 0 0 0 0 62 0 0 0 0 0 58 
29 25 0 0 0 0 0 0 0 9 11 0 10 0 0 0 19 15 0 0 0 17 0 0 0 63 0 64 0 0 0 0 0 44 0 40 0 0 0 0 0 0 62 61 0 0 0 0 49 0 0 0 0 0 0 0 0 0 0 0 0 0 0 0 
37 0 0 0 0 36 34 32 0 17 0 20 0 0 0 0 0 23 0 0 0 0 0 0 0 0 0 8 0 0 0 0 0 0 51 48 0 53 0 54 63 0 0 0 0 0 0 0 0 0 55 0 0 0 0 0 0 0 0 39 0 0 0 0 
0 0 0 0 62 0 0 56 0 0 0 0 0 0 45 0 0 47 0 0 48 0 53 0 0 0 0 0 0 0 0 33 0 0 0 0 0 0 0 14 0 0 0 29 0 0 0 0 0 0 15 16 0 0 0 0 0 6 0 0 0 0 0 0 
0 41 0 0 0 0 42 0 0 0 0 0 0 0 29 0 0 0 0 0 0 0 0 0 0 0 0 0 22 0 0 0 0 0 0 0 0 0 0 0 0 0 0 13 9 11 0 0 0 0 63 0 0 0 0 0 0 54 0 0 0 0 0 0 
5 0 0 0 0 0 0 0 0 49 0 0 0 0 0 0 59 0 58 0 0 0 0 0 0 0 0 0 0 0 0 0 0 20 0 0 15 0 0 0 0 0 0 0 33 35 0 0 0 0 0 0 0 0 0 0 13 0 0 0 11 9 8 0 
0 0 0 0 0 12 0 0 0 0 59 0 0 0 0 0 0 0 0 0 0 0 0 0 0 0 0 0 0 0 52 0 0 0 0 24 0 0 0 0 0 44 0 0 41 0 40 42 0 38 0 32 0 36 0 0 0 0 0 15 0 0 0 0 
0 0 0 0 29 0 0 0 0 0 10 0 0 0 0 7 18 0 0 21 15 0 0 0 0 0 0 63 0 1 3 0 0 43 0 0 0 0 40 0 54 59 0 60 0 0 55 0 0 0 0 0 0 0 0 0 0 0 0 0 0 0 0 0 
0 0 0 0 0 0 57 0 0 0 42 0 0 0 44 0 50 0 0 0 47 0 52 0 0 0 34 0 0 0 0 0 0 0 0 0 0 12 8 0 0 0 29 0 0 26 0 25 16 0 0 0 0 0 0 0 0 0 0 0 0 0 0 0 
0 0 62 0 0 0 0 0 0 0 0 0 0 0 52 0 0 0 0 0 0 0 0 0 0 0 0 0 45 0 0 0 0 0 0 0 0 0 0 0 0 0 37 0 32 0 0 0 0 0 0 0 0 0 28 0 12 0 0 0 10 0 0 9 
0 16 0 0 0 19 0 0 0 64 0 0 1 0 0 0 0 0 9 0 7 0 0 0 60 0 0 0 0 0 0 56 0 35 0 31 0 0 0 0 0 0 0 0 48 0 47 0 0 0 38 0 42 0 44 0 0 29 0 22 0 0 0 0 
0 0 0 0 0 11 0 0 0 0 0 59 0 0 0 0 2 0 0 0 63 0 0 0 0 0 0 0 0 0 0 0 0 0 0 0 0 0 0 0 0 0 0 0 0 0 0 0 0 0 0 0 0 0 0 0 20 0 19 0 0 16 0 0 
0 0 0 0 0 0 33 0 0 0 0 0 0 0 0 15 0 0 0 0 0 0 0 0 0 6 0 0 0 0 0 0 49 0 0 0 0 52 48 0 0 3 0 0 0 2 0 0 0 61 0 0 0 0 0 0 0 0 0 38 0 0 0 41 
0 0 38 0 0 0 0 0 0 24 0 0 0 0 0 23 0 0 33 37 0 0 0 35 0 0 0 0 0 0 0 0 0 59 0 0 0 0 56 0 0 11 0 0 0 10 0 9 64 0 0 0 2 0 0 0 0 0 0 46 0 0 47 0 
0 0 46 0 0 0 0 47 0 32 0 0 0 0 0 0 0 0 0 45 0 0 0 0 0 0 0 0 29 0 0 24 0 0 0 63 0 4 0 0 0 0 21 0 0 18 15 0 0 0 6 0 0 11 0 0 0 0 59 0 0 56 0 57 
0 0 0 60 0 0 0 0 0 0 44 45 0 40 0 41 0 0 0 0 0 50 0 0 0 0 36 0 39 0 0 0 0 0 0 0 0 0 0 0 0 0 0 0 0 0 0 0 0 0 0 0 0 0 0 0 6 7 0 0 0 0 0 0 
0 0 0 0 0 29 0 0 0 10 0 13 0 0 0 0 0 16 0 0 0 0 0 0 0 64 0 0 0 0 5 0 0 0 44 0 40 0 0 0 0 0 0 0 0 0 0 0 0 0 0 0 0 53 54 0 38 0 0 0 0 34 0 35 
0 0 0 0 0 0 0 0 0 0 0 0 59 56 0 0 0 0 0 0 0 0 6 0 54 0 0 0 0 51 0 0 0 29 28 25 24 30 0 0 0 45 0 0 0 0 0 43 0 0 0 0 0 0 38 0 0 23 0 16 20 0 0 19 
22 0 0 0 23 0 19 0 0 0 4 0 0 0 0 0 0 0 0 15 0 0 0 0 0 0 0 0 0 0 0 0 0 0 36 0 0 0 0 0 0 0 0 0 0 0 49 0 0 0 40 0 0 45 0 0 0 0 29 0 0 0 0 27 
0 2 0 0 0 0 0 0 0 0 52 0 0 0 0 0 0 0 0 63 57 0 0 61 46 0 44 0 0 43 0 0 19 0 0 0 0 0 0 0 0 0 0 0 0 0 0 0 26 31 0 25 0 0 0 0 14 0 0 0 12 0 0 0 
0 0 0 0 0 45 43 0 0 26 0 29 0 0 0 0 0 0 0 0 0 34 0 0 22 0 0 0 0 19 0 0 0 0 0 0 0 0 0 63 0 13 15 0 0 0 0 0 0 0 0 1 0 0 0 0 0 0 0 0 0 0 0 0 
38 34 0 0 0 0 0 0 0 0 0 21 19 0 0 0 28 0 0 31 0 0 0 0 0 0 0 9 0 0 0 0 0 0 0 0 0 0 50 0 0 0 0 0 0 0 0 0 0 0 0 0 60 0 0 0 0 47 0 0 44 0 0 0 
0 50 0 0 55 0 51 0 0 0 0 0 0 0 0 33 0 0 0 0 0 0 46 0 30 0 0 0 0 0 0 0 0 0 0 0 0 0 0 0 0 0 0 0 18 20 0 19 0 0 0 0 0 0 0 0 0 0 0 56 60 0 0 0 
0 0 0 0 0 0 0 0 0 0 0 33 0 0 0 0 0 0 0 43 0 0 42 0 26 0 0 0 0 0 25 22 0 0 0 0 0 0 0 0 0 0 0 0 0 0 0 0 0 0 0 0 0 0 0 0 0 59 0 0 0 0 0 0 
0 0 0 0 0 0 0 0 0 0 0 0 0 52 0 0 0 0 0 0 61 62 0 0 0 0 48 0 0 0 0 0 0 0 0 0 0 0 0 0 0 0 0 0 0 0 0 0 30 35 0 0 0 0 0 0 0 0 17 12 0 14 0 0 
34 0 0 0 0 0 0 0 0 0 0 0 15 0 0 0 0 20 0 27 21 0 26 0 10 0 0 0 0 0 9 6 0 0 0 0 0 0 0 51 60 1 0 0 0 64 0 0 0 0 52 0 0 0 0 0 0 0 0 0 0 0 0 0 
0 0 0 0 0 0 0 0 27 0 0 0 0 0 0 0 32 0 0 0 0 0 0 0 0 0 0 0 0 0 17 0 0 0 0 0 0 0 0 59 4 9 0 0 0 0 0 0 0 3 60 0 0 1 0 0 50 51 0 0 0 0 0 47 
0 0 0 0 0 0 0 0 11 6 0 9 0 0 0 5 0 12 0 0 0 14 0 0 2 0 0 0 0 0 0 0 0 0 0 0 0 0 0 0 0 0 0 0 0 0 0 55 0 0 0 0 0 0 0 47 0 0 0 0 0 30 0 31 
0 0 0 0 0 0 63 0 51 0 0 49 47 0 0 0 0 52 0 0 53 0 58 0 0 0 0 0 0 0 0 38 0 0 0 13 0 0 0 0 28 0 0 0 0 32 0 0 0 0 0 0 0 0 0 0 0 11 9 0 0 6 0 7 
58 0 0 0 0 0 0 0 0 0 0 0 0 0 0 0 48 0 0 0 0 0 0 0 34 0 0 0 0 31 33 0 0 0 0 0 0 0 6 0 0 25 27 26 0 0 21 0 0 0 0 0 0 0 0 0 2 0 0 0 0 62 0 0 
0 0 0 0 0 0 0 0 0 0 64 0 0 0 0 0 0 0 0 0 0 0 10 0 0 0 0 0 0 0 57 0 0 0 0 0 0 0 0 0 0 0 0 0 46 0 0 0 0 0 0 0 0 0 0 39 0 0 0 20 24 0 0 0 
0 0 0 0 0 0 0 0 0 0 21 0 0 0 0 18 0 0 0 0 0 0 0 0 0 0 13 0 0 0 0 0 0 0 0 50 0 0 0 0 0 0 8 0 0 0 0 0 0 64 0 0 61 0 0 0 47 0 0 0 0 0 0 0 
0 51 0 0 0 0 0 0 0 0 0 0 0 0 0 0 45 41 0 48 0 0 0 0 0 25 0 0 0 0 0 0 0 0 0 2 0 0 0 0 0 0 0 0 0 21 0 20 0 0 0 0 13 0 0 0 63 0 0 0 0 0 0 60 
0 0 57 0 0 0 0 58 0 0 0 46 0 0 0 0 0 49 0 0 0 0 0 0 39 0 37 0 0 0 0 0 0 0 0 0 0 0 0 0 0 0 32 0 0 29 0 28 0 0 0 18 0 0 0 20 0 0 6 1 0 0 0 4 
0 0 0 0 0 0 0 0 16 0 0 0 0 0 0 0 0 17 0 0 0 0 0 0 0 0 0 0 8 0 0 3 0 46 45 0 0 0 0 0 0 0 0 0 0 0 0 0 0 56 49 0 0 0 0 0 0 0 0 33 0 35 0 0 
0 0 17 21 0 0 0 0 8 3 0 0 0 1 0 0 0 9 0 0 10 0 15 0 0 0 0 0 64 0 0 0 0 0 0 0 33 0 0 0 0 0 0 0 0 0 0 0 0 0 0 42 0 0 0 0 0 0 0 0 29 0 0 0 
0 0 1 0 0 0 0 0 0 51 0 54 0 0 0 0 61 0 60 0 0 59 63 0 0 0 0 0 0 0 0 43 0 0 0 0 0 0 0 0 0 0 0 0 35 0 0 0 0 0 0 0 0 30 0 0 15 0 0 0 0 0 0 0 
0 11 9 0 16 0 0 10 64 0 0 0 0 57 0 58 5 0 0 0 0 0 0 0 0 0 0 50 0 0 0 0 0 0 0 0 0 0 0 0 0 0 0 0 0 45 0 0 0 0 0 0 37 0 0 0 0 0 0 0 21 0 0 0 
0 0 41 0 48 0 0 42 0 27 0 30 0 0 0 0 0 0 0 0 0 0 0 0 0 0 0 0 0 0 0 19 60 0 61 0 57 0 59 0 0 0 0 0 0 13 0 0 3 8 0 0 5 0 0 4 55 0 0 0 53 0 0 0 
51 0 0 0 0 0 0 0 0 0 33 0 0 0 0 0 0 37 40 0 0 0 0 0 0 0 0 0 0 0 0 0 0 0 0 62 0 0 63 0 13 0 0 0 0 0 14 0 0 0 0 0 0 0 11 0 0 0 0 0 0 0 0 0 
0 0 0 0 0 0 0 38 0 0 25 0 0 21 0 0 0 29 0 36 0 0 0 0 0 0 0 0 0 0 0 15 0 0 0 0 0 59 0 0 0 10 0 11 0 0 0 0 0 0 0 62 0 0 0 0 0 0 0 0 0 47 0 0 
19 15 0 17 0 18 16 0 0 0 0 0 0 0 0 0 0 0 8 12 0 0 0 0 0 0 0 0 60 56 0 0 0 0 0 0 0 0 0 0 0 0 0 0 0 0 0 0 0 0 0 0 0 0 43 0 0 0 0 0 25 0 0 0 
0 63 0 0 0 0 0 0 0 0 0 0 48 0 0 46 0 0 0 60 0 55 59 0 0 0 0 0 0 0 0 0 0 18 0 0 0 0 0 0 0 0 0 0 31 0 0 0 0 0 21 22 25 0 0 24 0 0 0 5 9 0 0 0 
0 0 0 0 0 0 0 0 60 0 0 0 0 0 0 0 0 61 64 0 0 0 0 2 0 45 49 0 52 0 0 0 0 26 25 0 21 0 23 0 0 42 0 0 0 0 38 0 0 0 0 30 0 0 0 32 0 0 0 0 0 0 0 0 
0 0 0 0 0 0 0 54 0 39 0 0 0 0 0 38 0 45 48 0 0 0 51 0 0 0 0 0 0 32 0 0 0 10 9 0 0 0 7 12 21 0 28 0 0 0 22 0 0 0 0 0 0 0 19 16 3 0 2 0 1 63 62 0 
0 0 0 0 0 0 0 0 12 7 0 0 8 0 0 6 0 13 0 0 14 0 19 18 0 0 0 0 0 64 0 0 0 0 0 0 37 0 0 0 0 58 0 0 0 57 0 0 0 0 0 0 0 0 0 0 0 36 0 0 0 0 0 0 
0 31 0 0 0 0 0 0 0 0 17 0 0 0 0 0 0 0 0 0 0 0 0 0 0 5 0 0 12 0 0 0 0 0 0 0 0 0 0 0 0 0 0 0 0 0 62 0 0 60 0 0 57 0 0 0 0 44 0 0 0 39 0 0 
0 0 0 0 0 0 0 0 0 5 0 0 0 0 9 0 15 0 0 0 0 13 0 16 0 0 0 60 0 0 0 0 0 0 0 36 0 0 0 0 51 0 58 0 53 0 0 0 0 0 0 0 0 0 0 46 33 0 0 0 0 0 0 0 
0 0 0 0 0 0 0 4 0 53 0 0 0 0 0 0 0 0 0 0 60 61 0 0 0 0 0 0 0 0 0 0 0 0 0 0 19 0 0 0 35 0 0 0 0 0 36 0 0 0 0 28 0 0 0 30 0 18 0 11 0 0 0 0 
0 0 0 31 0 0 0 0 0 0 15 0 0 0 0 0 0 19 0 0 0 0 0 0 9 0 0 0 0 0 0 0 0 0 0 0 0 0 0 0 0 64 0 0 0 63 0 62 0 0 51 0 0 0 0 0 0 0 0 0 0 37 36 0 
0 0 0 0 0 64 0 0 0 0 0 0 0 0 0 44 0 0 0 0 0 53 0 0 0 35 0 0 0 0 0 0 0 0 0 0 0 0 0 0 0 0 0 33 0 0 0 30 0 0 0 0 0 0 0 0 0 0 0 0 0 5 0 0 
0 0 0 0 0 0 46 44 0 0 0 0 0 0 0 28 39 0 38 0 0 0 0 0 0 0 0 20 0 0 0 0 0 0 63 0 0 0 0 0 0 0 0 0 0 0 0 0 0 0 0 0 0 8 0 0 0 0 0 51 0 0 0 0 
0 0 35 0 42 40 0 0 0 0 0 0 0 0 0 0 0 0 0 0 0 0 0 0 0 0 0 12 18 0 0 0 0 56 0 0 0 0 0 0 0 0 0 0 0 7 0 6 0 0 0 0 0 0 0 0 49 0 0 0 0 0 44 0 
0 53 0 55 0 0 0 0 0 0 0 0 0 0 41 0 47 0 0 0 44 45 0 0 33 0 0 0 34 0 0 0 0 0 0 0 0 0 0 0 0 0 0 25 0 0 20 22 0 0 11 0 0 0 17 14 0 0 0 59 63 0 60 0 
0 0 0 0 0 16 0 12 2 61 63 64 0 0 1 0 0 3 0 10 0 0 0 8 57 0 0 0 0 54 0 0 0 32 31 0 0 0 0 0 43 0 50 0 0 0 0 46 0 0 35 0 39 0 0 0 0 0 0 0 0 0 20 0 
0 0 0 0 0 0 0 0 0 0 0 0 0 26 0 27 0 0 0 41 0 0 40 0 24 0 0 0 0 0 23 0 0 0 0 0 58 0 60 0 0 15 0 0 0 0 0 0 0 0 0 3 6 7 0 0 0 0 0 0 54 0 0 0 
0 0 10 0 0 0 0 11 0 60 62 0 0 0 0 0 0 0 5 0 0 0 0 7 0 0 0 51 0 0 0 52 0 0 0 0 0 0 0 0 0 0 0 0 0 0 0 0 0 0 0 0 0 0 0 0 0 0 0 0 22 0 0 0 
0 0 0 0 0 0 0 0 0 0 0 0 0 0 0 0 0 0 0 0 0 0 32 0 0 10 0 0 0 0 15 12 0 0 0 0 0 0 0 0 0 7 0 0 0 0 0 0 0 0 0 0 0 63 0 61 0 0 0 0 0 0 43 45 
8 4 0 6 0 7 5 0 0 0 0 0 0 0 56 0 0 0 0 0 0 0 0 0 0 0 0 0 0 0 47 0 0 0 0 0 0 0 20 25 0 0 0 40 36 0 35 37 0 0 0 0 0 0 0 0 16 0 0 0 14 12 0 0 
0 60 0 0 0 0 0 0 0 0 0 0 0 0 0 0 0 0 0 0 0 0 0 55 40 0 0 0 0 0 0 0 0 15 14 0 0 0 0 0 0 31 0 0 0 0 0 0 0 0 0 0 0 23 0 0 0 0 7 2 0 0 0 0 
0 0 0 54 0 55 0 51 0 36 0 0 37 0 0 0 0 0 0 0 0 0 0 0 0 26 0 0 0 29 0 0 0 0 0 0 2 0 4 0 0 0 0 0 0 0 0 0 0 0 0 0 0 15 0 13 0 0 0 0 62 0 59 61 
0 0 0 0 0 0 0 0 0 4 0 0 0 2 8 0 0 0 0 0 0 0 16 0 0 58 0 59 0 0 0 60 37 39 0 35 34 40 0 0 0 0 0 0 0 0 0 0 0 0 0 0 0 0 0 0 0 0 0 0 0 0 0 0 
0 0 0 30 0 0 0 27 0 0 14 0 0 0 0 0 0 0 0 0 0 0 0 0 0 0 0 3 0 0 7 0 0 0 0 0 0 0 0 0 0 63 1 0 0 62 0 0 0 57 0 0 0 0 0 0 0 0 39 0 0 0 0 0 
