8
43 0 0 0 0 45 0 0 0 0 0 0 0 0 0 0 0 0 60 0 0 0 0 0 0 29 0 0 0 0 0 0 0 0 0 14 0 0 0 0 0 1 0 7 0 0 0 0 54 0 52 48 0 0 0 0 0 0 0 0 0 0 0 37 
0 0 0 0 0 0 16 0 57 63 0 0 0 59 0 0 39 0 0 0 0 37 0 0 0 0 7 0 0 0 64 4 0 0 0 54 50 0 0 0 0 41 0 47 0 0 0 0 0 0 28 0 25 0 0 0 0 0 14 0 0 10 0 0 
27 0 0 0 0 29 0 0 0 0 0 0 2 0 0 0 0 40 0 0 0 0 0 0 0 0 0 0 0 9 8 0 0 0 57 0 58 0 0 0 0 0 51 0 0 0 0 0 0 0 0 0 0 39 34 0 0 0 0 0 0 18 0 0 
3 0 0 0 4 0 64 0 0 0 0 40 0 0 0 45 0 0 0 0 0 0 0 19 54 0 55 0 0 49 0 0 0 0 33 0 0 0 39 0 26 0 0 0 28 0 0 0 0 13 0 0 0 0 0 11 0 0 0 60 0 58 0 0 
0 15 0 0 12 13 0 0 0 0 0 48 0 0 0 0 0 0 0 0 0 0 0 0 0 0 0 0 0 0 0 0 0 0 41 0 0 0 0 0 0 0 0 0 36 0 0 0 0 0 0 0 0 0 0 0 0 0 0 0 0 2 0 0 
0 55 50 0 0 53 0 0 0 31 0 0 26 0 0 0 0 64 0 0 0 0 0 0 0 37 39 0 0 0 0 0 0 0 17 22 0 20 0 0 10 0 0 0 0 0 0 0 0 0 60 0 0 0 0 0 0 0 46 0 0 0 0 0 
0 63 0 0 0 61 0 0 0 0 0 0 0 0 36 0 0 8 0 0 14 0 0 0 46 45 0 0 0 41 40 0 0 0 0 0 26 0 0 0 0 0 0 0 20 22 0 0 0 0 4 0 0 0 2 0 0 0 54 52 0 0 0 0 
0 0 0 0 36 0 32 33 0 0 0 0 0 0 0 0 55 0 0 0 0 0 0 0 0 0 0 0 0 0 0 0 0 0 0 0 0 0 0 0 0 0 0 0 0 0 61 56 46 0 0 40 0 0 0 0 0 0 0 0 0 26 0 0 
0 0 0 0 9 0 0 0 0 0 0 0 0 0 49 0 0 21 25 22 0 0 0 0 59 0 0 0 0 0 0 0 0 0 0 0 39 0 0 0 0 30 0 0 0 0 0 0 0 0 17 0 0 0 0 0 0 64 0 0 61 0 62 0 
0 0 0 0 0 0 0 0 54 60 0 0 0 0 0 0 0 0 0 0 0 0 0 0 3 2 0 0 0 0 0 1 0 0 0 0 47 0 52 0 0 38 0 0 0 0 42 0 27 0 0 0 0 0 0 0 0 0 0 0 0 0 0 0 
0 0 0 0 49 0 0 0 0 0 0 0 0 0 25 26 0 0 0 0 0 0 0 0 35 34 36 0 31 0 0 0 0 0 14 0 15 17 0 13 0 0 0 0 0 0 0 0 59 0 0 0 0 0 0 0 0 0 0 0 37 0 0 42 
0 0 0 27 0 0 21 0 0 0 0 0 0 0 0 0 0 0 0 0 0 0 0 40 0 0 0 0 0 0 5 0 0 0 0 0 0 0 0 0 47 0 48 0 0 51 0 0 0 0 0 0 0 0 0 0 0 0 19 0 0 15 0 0 
0 0 0 3 1 2 0 0 0 0 0 0 0 40 0 0 0 0 0 0 0 0 0 0 51 0 0 0 47 0 0 0 0 0 30 35 0 0 0 0 23 0 24 0 0 0 0 0 0 0 0 0 0 12 7 0 0 0 0 0 0 0 0 0 
0 0 0 0 57 58 0 0 0 0 0 0 0 32 33 0 0 0 0 0 0 0 0 0 0 0 44 40 39 0 0 0 0 0 0 27 0 0 0 21 0 0 0 0 0 0 0 0 3 0 0 0 0 0 63 0 0 0 0 0 0 0 0 0 
0 36 0 35 33 34 0 0 0 0 0 0 0 0 0 0 0 0 49 0 0 0 0 0 0 0 20 0 0 0 0 0 0 2 62 3 0 0 0 0 55 0 56 0 0 0 0 0 0 0 0 37 0 0 0 40 0 0 0 0 0 0 0 26 
0 0 0 0 41 42 0 0 0 0 0 13 0 0 17 0 0 0 0 0 0 58 0 56 0 0 0 0 0 0 0 0 0 0 0 0 0 0 0 0 0 0 0 0 0 3 2 0 0 0 49 0 0 0 0 0 0 0 0 0 0 0 0 0 
0 0 0 0 0 39 0 0 0 0 0 0 0 0 0 0 0 0 0 0 0 55 0 0 0 0 0 0 0 0 0 22 0 0 3 0 0 6 0 0 0 0 0 0 0 0 0 0 0 0 0 0 43 0 0 0 0 29 32 0 0 28 0 0 
0 0 0 0 0 15 0 11 0 0 0 0 0 53 54 0 0 0 0 0 0 0 28 0 64 0 0 0 0 59 58 62 0 0 0 0 0 0 0 0 0 0 37 0 0 40 0 0 0 0 0 0 0 0 0 0 0 0 0 0 0 0 0 0 
0 0 0 0 0 0 0 0 43 0 0 42 0 0 0 0 0 0 0 0 0 0 20 0 0 0 0 0 0 51 50 0 37 39 0 0 0 38 41 0 0 0 0 0 30 0 31 26 0 0 0 10 0 17 0 0 0 0 0 0 0 0 0 0 
0 0 0 0 0 55 0 0 0 0 0 0 0 0 30 0 0 0 6 0 0 0 4 0 0 0 0 0 0 0 0 0 0 0 19 0 0 0 0 0 0 11 0 0 0 16 0 0 0 0 0 0 0 0 0 0 0 0 0 0 0 44 0 0 
0 0 0 0 0 0 58 59 35 0 0 0 36 0 0 0 0 0 0 0 0 0 0 0 0 0 49 0 44 0 0 0 0 0 0 0 0 0 0 26 0 0 0 0 0 0 23 0 0 0 0 2 0 0 0 0 0 0 0 0 0 0 0 0 
0 0 0 32 0 0 0 0 0 0 0 0 0 0 6 0 0 0 0 0 48 0 0 0 0 0 0 0 0 0 0 0 0 0 0 64 0 0 0 0 0 0 0 0 0 0 0 0 40 0 0 0 0 0 0 0 0 0 24 22 0 0 0 0 
0 0 20 0 22 0 0 0 0 1 0 0 0 61 0 0 0 0 0 0 0 39 36 0 0 0 9 0 0 0 0 0 0 55 0 0 0 54 0 0 0 0 0 0 0 0 0 0 0 31 0 0 27 0 0 0 0 0 0 0 10 0 0 0 
0 0 0 48 0 0 0 0 0 0 0 18 0 21 0 0 0 58 62 0 0 0 0 61 0 0 0 0 0 0 0 0 13 0 0 0 0 0 0 0 0 0 0 0 0 0 7 0 0 0 0 50 0 57 0 0 0 0 0 0 0 0 0 39 
0 0 0 0 0 59 0 0 0 0 0 0 0 0 0 0 0 0 0 0 12 0 0 9 44 0 0 0 40 0 0 0 0 0 0 28 0 0 0 0 0 0 17 21 18 0 0 0 0 3 2 0 0 5 64 1 0 0 0 50 0 0 47 0 
17 0 0 0 18 19 0 15 0 0 60 0 0 0 0 0 0 0 0 31 0 0 32 33 0 0 0 0 0 0 62 2 49 0 47 0 0 0 0 46 0 0 0 45 0 0 43 0 0 27 0 0 0 0 0 0 0 0 0 0 6 0 7 0 
0 0 40 0 0 0 0 0 0 21 0 14 0 0 0 0 0 0 58 55 0 59 0 57 0 0 29 0 0 23 0 0 9 0 0 0 0 0 0 0 0 0 0 0 0 4 0 62 0 0 0 0 0 0 0 0 0 33 0 0 0 0 0 0 
0 0 0 0 10 0 0 0 0 0 0 0 0 0 0 0 29 22 0 23 0 0 24 25 60 0 0 0 0 0 0 58 0 43 0 0 40 42 0 0 0 0 0 37 34 0 0 0 0 0 0 0 15 0 0 0 0 0 0 2 0 0 0 3 
0 37 0 0 0 0 0 0 0 0 0 0 0 0 10 0 0 46 0 0 0 0 0 0 20 0 0 17 0 0 0 0 0 0 0 0 0 0 5 0 56 0 57 0 0 60 59 54 0 43 0 0 0 45 0 0 0 0 0 0 0 0 0 0 
0 5 0 0 0 0 0 0 0 0 0 0 0 0 0 0 0 0 0 0 0 0 0 0 52 51 53 0 0 0 46 0 0 0 31 0 32 0 0 30 0 0 0 0 0 0 0 0 0 0 0 6 0 0 0 0 0 0 0 0 0 0 55 0 
0 0 0 28 26 27 0 0 0 0 4 62 64 0 0 0 45 0 42 0 0 0 40 0 0 0 0 0 0 7 0 0 0 0 55 0 0 0 0 0 48 0 0 0 0 0 0 0 0 0 0 0 0 37 0 0 0 0 0 0 0 0 15 0 
0 53 48 52 0 0 46 0 0 29 0 0 0 0 0 27 5 0 2 0 4 0 0 0 0 0 0 0 0 0 0 0 0 0 0 0 0 0 0 0 0 0 0 0 0 0 11 0 0 0 0 54 0 0 0 0 0 0 0 0 0 0 39 0 
0 0 0 0 55 0 0 52 0 0 0 0 0 0 0 0 0 0 7 0 0 0 5 0 0 0 0 0 0 0 0 0 0 0 20 0 0 23 26 0 0 12 0 0 0 0 0 0 0 0 0 59 60 2 0 0 0 0 0 0 0 45 0 0 
0 0 0 0 15 0 11 12 0 0 0 0 0 0 0 0 0 27 0 0 0 0 0 0 0 0 0 0 0 0 0 0 46 48 44 0 0 0 50 0 37 0 0 0 0 0 0 0 25 0 0 0 0 26 0 0 0 0 0 0 0 0 0 0 
30 0 0 33 0 32 0 0 0 0 0 3 5 0 0 0 50 0 0 0 0 0 45 0 0 0 0 0 0 0 0 0 62 0 0 0 0 0 0 59 0 0 0 0 0 0 0 0 41 0 0 35 0 0 37 0 0 0 0 0 0 0 0 24 
6 0 0 0 0 0 0 0 0 0 0 0 0 0 0 0 0 0 0 0 0 24 0 0 0 0 0 0 53 0 0 0 0 0 0 41 0 0 0 0 29 0 0 0 0 33 32 0 17 0 0 0 12 0 0 0 0 0 0 0 0 61 60 0 
0 0 0 49 47 0 0 0 0 0 25 0 0 22 23 0 0 0 0 0 0 0 0 0 0 0 34 0 0 0 27 0 0 0 0 0 0 0 0 0 0 4 0 10 0 9 0 3 0 0 0 0 0 0 0 0 42 0 0 0 0 37 0 0 
0 26 0 0 0 0 19 20 0 0 0 59 0 0 0 64 0 0 0 0 41 40 37 0 0 0 0 0 0 0 0 0 54 0 0 57 0 0 0 51 45 0 0 0 0 0 48 0 0 32 31 0 0 34 29 0 0 14 0 0 0 0 12 0 
0 0 0 1 63 64 0 0 0 0 41 0 0 0 0 0 0 0 0 0 0 0 0 0 0 0 0 0 0 0 43 0 0 0 0 0 0 31 34 0 0 20 22 0 0 0 0 0 0 0 0 3 0 0 0 0 0 0 0 0 0 0 52 0 
0 0 0 0 39 0 0 0 0 18 0 0 0 0 15 0 0 0 0 0 57 0 53 0 0 0 26 22 0 0 0 23 6 0 0 0 0 0 0 0 0 60 0 0 0 0 0 59 0 0 0 0 0 0 0 0 0 0 0 31 0 0 0 0 
0 0 0 0 0 52 0 0 0 0 0 0 0 0 0 0 0 0 0 0 0 0 0 0 0 0 0 0 0 0 0 0 0 20 0 0 0 0 0 0 0 0 0 0 0 0 12 0 0 0 0 0 0 0 0 0 0 42 0 43 0 0 0 0 
42 0 0 0 0 0 0 40 0 0 0 0 0 0 0 0 0 0 59 0 0 0 0 0 0 0 0 0 0 24 0 0 0 0 0 0 0 0 0 0 0 0 0 6 0 0 0 0 0 0 51 0 48 0 49 0 0 0 0 0 31 0 0 0 
0 0 0 0 27 0 23 0 64 0 5 0 1 0 0 0 0 0 0 0 0 0 41 0 0 0 0 10 0 0 0 0 58 60 0 0 0 0 62 0 0 0 50 0 0 0 0 0 0 0 0 0 0 38 0 0 0 0 0 0 0 0 0 0 
0 62 0 0 0 0 0 0 0 0 0 0 0 0 0 0 0 0 11 8 0 0 0 0 0 44 0 0 0 40 0 0 0 0 24 29 0 27 0 23 17 16 18 22 0 0 0 15 5 0 3 0 64 0 0 0 54 0 53 0 0 0 48 0 
0 38 33 0 0 0 0 32 8 14 13 0 0 0 11 0 0 47 0 0 0 0 49 0 0 20 0 0 0 0 0 0 0 0 0 0 0 3 0 0 0 0 0 62 0 61 60 0 0 0 0 39 0 46 0 0 0 0 0 0 23 0 0 28 
0 0 1 0 3 0 63 0 0 0 0 0 0 0 0 0 0 0 19 16 0 0 17 0 0 0 0 0 0 0 0 0 0 0 0 0 0 0 0 0 0 0 0 0 0 0 0 0 0 0 0 0 0 0 9 10 0 0 0 0 55 0 56 60 
0 22 17 0 19 20 0 16 0 0 0 0 0 0 0 0 0 0 35 0 0 0 0 0 5 4 0 0 0 0 0 0 0 0 0 53 0 0 0 0 0 0 42 0 0 0 0 0 0 28 0 23 0 0 0 0 0 0 0 0 0 0 8 0 
0 0 0 0 0 12 0 0 0 0 0 0 0 0 0 0 0 0 0 24 29 0 0 0 0 60 0 0 57 0 0 0 42 0 0 0 0 0 46 0 0 0 0 0 35 0 0 0 21 0 19 15 0 22 0 0 0 0 0 0 0 0 0 4 
7 0 0 10 0 0 4 5 0 0 50 0 0 47 0 0 0 0 0 0 26 0 0 0 0 0 0 0 0 0 0 0 0 0 37 0 0 40 0 36 0 0 0 35 0 0 0 28 0 0 0 0 13 0 0 0 0 0 0 0 0 0 0 1 
0 0 0 34 0 33 0 0 0 0 0 4 0 0 8 0 0 0 0 0 50 0 0 0 0 0 0 0 14 0 0 16 0 0 0 0 62 0 0 0 0 0 55 59 0 0 57 0 0 0 0 0 0 0 38 0 0 0 0 0 20 0 0 25 
0 51 0 0 0 49 44 0 0 0 0 0 0 0 0 0 0 0 0 0 2 1 0 63 0 33 0 31 0 0 28 0 0 0 13 18 0 0 0 0 0 0 0 0 0 0 0 0 0 0 0 0 0 0 0 55 0 0 0 40 0 0 0 41 
55 0 0 0 0 0 52 0 0 0 34 0 0 0 32 33 0 0 0 0 10 9 0 0 0 41 0 39 38 0 36 40 0 0 0 0 22 0 0 20 0 0 0 0 0 0 0 12 0 0 64 0 0 3 62 0 0 0 0 0 0 0 0 0 
23 0 0 0 0 25 20 0 61 0 0 0 62 0 0 0 43 0 0 0 0 0 38 0 0 9 0 7 0 0 0 0 0 0 0 0 54 0 0 0 0 0 47 0 48 0 0 0 0 0 0 0 0 35 0 31 0 0 0 0 0 0 0 0 
0 19 14 0 0 0 0 0 0 0 58 0 0 0 0 57 0 28 0 0 0 0 0 31 0 0 0 0 0 0 60 0 0 0 0 0 0 0 0 44 0 0 0 0 0 0 41 0 0 0 0 0 0 27 0 0 0 0 10 8 0 0 0 0 
0 0 0 0 0 0 0 0 0 0 0 0 0 0 16 0 0 0 0 0 0 0 0 0 26 25 0 0 0 21 0 0 0 0 0 0 6 0 0 0 0 0 0 3 0 0 1 0 0 0 0 0 45 51 0 0 0 0 0 0 0 0 0 0 
0 0 62 0 0 0 0 0 0 0 42 0 0 39 0 0 0 0 0 13 18 0 14 0 0 0 0 0 0 0 0 0 0 0 0 0 0 0 0 0 0 21 0 0 0 0 0 20 0 9 0 0 0 0 0 0 0 0 0 0 0 0 53 57 
4 8 0 0 0 0 0 0 42 0 0 0 0 0 0 46 0 0 0 18 23 0 0 0 0 0 0 0 0 0 0 0 36 38 34 39 0 0 40 0 27 0 0 0 0 0 0 0 15 0 13 0 0 0 0 0 0 0 0 0 57 0 0 62 
0 32 0 31 0 30 0 0 0 8 0 0 0 0 0 0 0 0 0 0 0 0 0 0 0 0 0 0 0 0 0 0 0 0 0 0 0 0 0 57 0 50 0 0 0 0 0 49 39 0 37 0 34 40 0 36 24 0 0 21 0 0 0 0 
0 0 0 0 0 0 0 42 18 0 0 0 19 0 0 0 64 57 0 0 0 0 0 0 31 30 32 28 27 26 0 0 12 14 0 0 11 0 16 9 0 0 0 0 5 0 0 0 55 0 0 0 0 0 0 0 0 36 0 0 0 35 0 0 
0 56 0 0 0 0 0 0 0 32 0 0 27 0 0 0 0 1 5 0 0 0 0 4 0 0 0 0 0 0 0 0 0 0 0 0 0 0 0 0 0 0 12 16 13 0 0 0 0 0 0 0 0 0 0 0 0 0 0 0 0 0 0 0 
0 24 0 0 0 0 0 0 0 0 0 57 0 0 0 0 40 0 0 0 0 0 0 0 0 0 0 0 3 0 0 0 0 0 0 0 0 0 0 0 0 0 0 0 0 47 0 0 0 0 0 0 0 0 27 28 0 0 0 0 9 11 0 14 
0 0 11 0 0 14 0 10 50 0 55 49 0 0 0 0 0 25 0 0 31 0 27 0 0 62 0 0 0 0 0 0 0 0 0 0 0 45 0 41 0 0 0 0 0 39 0 0 0 0 21 0 0 0 0 20 0 4 0 5 0 3 2 6 
0 0 0 0 0 0 33 0 10 0 0 0 11 0 13 0 0 0 0 50 0 54 0 52 0 22 24 0 0 0 17 0 4 0 2 7 3 0 8 0 0 58 0 0 0 0 0 0 0 0 0 0 0 0 0 0 32 28 0 29 0 0 0 0 
0 0 0 0 0 62 0 0 0 0 0 0 0 0 0 0 16 0 13 0 0 14 0 0 0 0 0 44 0 42 0 45 0 30 0 0 0 0 0 0 0 0 0 24 21 0 22 0 0 0 0 0 2 0 0 0 56 0 0 53 0 0 0 0 
