8
64 0 58 61 0 0 0 0 0 0 0 0 0 0 0 22 0 0 0 4 0 0 0 0 0 0 0 0 15 0 0 10 0 0 0 0 0 0 27 30 0 50 0 0 0 49 0 0 0 36 0 0 0 33 38 40 0 0 0 0 0 0 0 0 
0 0 0 0 4 3 0 0 32 31 0 0 28 0 27 0 0 0 10 12 0 14 0 0 0 0 19 0 23 0 0 0 0 0 0 0 0 0 0 38 0 0 0 0 60 0 0 0 45 0 0 0 43 0 0 0 0 50 0 0 53 54 0 0 
0 0 0 0 0 0 0 0 0 0 0 0 0 0 43 0 0 0 0 0 0 0 0 0 0 0 0 0 0 0 0 0 0 0 0 53 0 0 0 0 15 0 0 0 0 9 0 0 0 0 58 0 59 0 0 64 0 0 3 0 0 0 0 0 
0 0 0 0 0 0 0 49 16 0 0 0 12 0 0 0 0 0 58 60 0 0 0 0 0 0 0 5 0 0 0 0 0 0 0 21 0 0 19 22 0 0 45 0 0 0 0 46 0 28 0 31 0 0 0 32 33 34 0 0 0 0 36 0 
0 0 42 0 0 43 46 0 8 0 0 0 0 0 0 6 0 49 0 52 0 0 0 0 64 0 0 0 63 0 0 0 0 0 0 13 15 10 11 14 0 0 0 40 0 0 0 38 0 0 0 0 19 0 22 0 0 0 0 0 0 0 28 0 
0 15 0 13 0 0 14 0 0 0 0 0 0 0 0 38 0 0 0 20 0 0 0 0 32 0 27 0 0 0 28 0 0 0 0 0 0 0 0 46 0 0 0 0 0 0 0 0 0 0 0 55 0 0 54 0 0 0 0 0 0 0 60 0 
0 0 0 0 0 0 0 0 56 0 49 0 0 0 0 54 0 0 0 0 0 0 0 0 0 0 43 0 0 46 44 0 0 0 0 61 0 58 59 0 0 0 0 0 20 17 0 0 0 0 0 0 0 0 6 0 9 10 0 0 0 0 0 0 
0 0 0 37 0 0 38 33 0 0 0 61 0 0 0 62 0 41 0 0 48 0 0 0 0 0 0 0 0 0 52 50 0 0 0 0 0 0 3 0 0 0 0 32 0 0 27 0 0 0 0 0 11 0 14 0 0 0 0 0 0 22 20 24 
0 0 0 0 0 0 0 0 0 9 0 0 6 0 0 0 0 51 0 0 58 0 0 53 0 0 0 63 0 0 0 60 14 0 0 0 0 0 0 0 41 0 0 42 0 35 0 0 0 22 20 0 21 19 0 0 0 0 29 0 0 0 30 0 
0 0 0 0 0 0 0 0 0 0 0 0 54 52 53 0 0 0 36 0 0 0 0 0 50 0 0 0 0 48 0 44 0 0 0 0 0 0 0 0 0 0 0 26 0 0 0 0 0 0 4 9 0 0 8 10 0 0 0 0 0 0 0 0 
0 0 0 0 0 0 0 0 0 0 35 0 0 36 0 0 25 0 0 0 0 0 0 0 0 0 0 0 0 0 0 28 46 50 0 0 0 0 0 0 9 4 7 0 6 0 5 0 0 0 52 0 0 0 0 0 0 0 0 0 63 0 0 0 
0 0 0 0 0 0 0 3 0 33 0 0 0 0 0 0 0 0 0 14 0 0 0 13 26 0 0 0 0 0 0 0 0 0 0 0 41 0 37 0 0 0 0 0 0 0 0 64 47 0 0 0 0 0 0 0 0 0 0 57 0 0 0 0 
0 0 0 23 22 0 0 0 0 0 0 0 0 0 45 0 33 0 0 0 0 0 0 0 0 0 0 0 41 40 0 36 0 58 0 0 0 0 0 56 0 0 15 0 0 0 0 16 0 62 0 0 0 0 0 0 0 0 0 0 0 0 6 10 
0 41 0 0 0 0 0 35 0 0 59 0 0 60 0 0 0 43 0 0 0 48 0 0 58 51 0 55 0 0 0 0 6 0 0 7 0 0 0 0 0 28 0 0 0 0 0 0 15 0 0 0 0 0 0 0 0 0 0 0 0 0 0 0 
0 0 0 0 0 0 0 0 0 0 0 15 0 0 0 0 1 0 60 62 0 64 63 0 0 0 0 0 0 0 6 4 0 0 0 23 0 0 0 0 0 0 0 0 0 0 0 48 0 0 0 0 0 0 0 0 0 0 37 0 0 0 0 0 
0 0 0 0 0 0 0 0 0 0 0 0 0 0 0 0 9 0 0 0 0 0 0 0 0 0 0 15 0 0 0 0 0 0 0 0 0 0 0 0 0 52 0 0 0 51 0 0 0 0 0 41 0 0 0 0 0 44 0 0 0 48 0 0 
0 0 0 0 0 0 0 0 23 0 16 0 0 0 0 0 0 64 0 3 7 0 4 2 0 0 10 0 0 0 0 0 27 0 0 0 0 0 0 0 0 0 0 0 51 0 0 0 0 0 33 0 0 32 0 0 0 0 0 46 0 45 0 0 
0 0 0 0 0 0 0 0 7 6 0 0 3 0 2 0 0 48 0 0 0 0 52 0 0 0 0 0 0 0 0 0 0 0 0 0 0 0 10 0 0 0 0 0 35 0 0 0 20 0 0 0 0 0 0 23 0 0 0 0 0 0 0 0 
0 0 0 0 0 0 0 0 63 0 56 0 0 0 0 0 0 0 0 43 0 0 0 0 0 48 50 0 0 0 0 0 0 7 0 0 0 1 0 0 0 0 0 31 27 24 0 0 0 11 0 0 0 0 0 15 0 0 0 0 0 0 0 0 
0 0 0 0 0 0 0 0 31 0 0 0 0 0 26 0 0 0 0 0 0 13 0 0 0 0 0 0 22 21 0 0 0 0 32 0 0 0 0 0 62 0 0 0 0 0 0 0 0 0 41 46 42 0 0 0 0 0 50 0 52 0 51 0 
0 22 0 20 19 0 21 0 47 0 0 0 0 0 42 0 30 24 0 0 0 0 28 26 0 32 0 36 0 0 0 33 51 0 0 0 54 49 0 0 14 0 0 0 0 0 0 0 60 0 0 0 0 0 0 0 0 0 0 0 0 0 0 7 
0 0 0 0 0 50 0 0 0 0 0 0 0 0 0 13 62 0 0 0 0 61 0 0 0 0 2 0 0 5 3 0 0 23 0 0 0 0 0 0 46 0 44 0 0 0 0 0 0 27 0 0 0 0 0 0 0 0 34 0 0 0 0 0 
0 14 0 0 0 0 0 0 0 0 0 0 0 0 0 37 22 0 0 0 0 0 0 0 0 0 0 0 0 0 0 25 0 0 40 44 0 41 0 45 0 0 0 7 0 0 0 0 0 0 0 0 0 0 0 0 56 0 0 0 0 0 0 63 
0 30 0 28 0 0 0 0 0 0 0 0 51 0 0 0 0 0 33 0 0 0 36 0 47 0 0 0 46 0 0 0 59 0 0 0 0 0 0 0 0 0 20 0 0 16 18 0 0 0 0 6 2 0 5 0 0 0 0 0 12 13 0 0 
0 5 64 3 0 0 0 0 0 0 0 0 26 0 0 0 13 7 0 0 0 0 0 0 0 0 17 0 0 0 0 0 0 0 0 0 0 0 0 0 0 56 0 0 0 0 57 0 0 0 0 0 0 0 0 0 47 48 0 0 0 0 0 0 
54 0 0 0 0 0 0 0 0 0 0 0 0 0 0 12 61 0 0 58 0 0 0 0 0 63 0 3 0 0 0 0 0 0 0 19 0 0 17 0 0 40 43 0 0 39 41 44 0 0 24 0 0 0 0 0 0 32 0 0 0 0 0 0 
0 0 8 0 0 0 0 7 0 0 0 0 0 0 0 0 21 0 0 18 0 0 0 0 30 0 0 27 29 0 0 0 0 0 0 43 0 0 0 0 0 64 0 0 0 0 0 0 51 0 0 0 0 0 0 54 0 0 0 0 0 0 58 0 
0 0 0 43 0 0 44 0 0 0 63 3 0 64 1 0 0 0 0 50 0 52 51 0 0 0 0 0 0 0 0 0 0 0 0 11 0 0 0 0 0 0 35 38 0 0 0 0 19 0 0 0 0 0 0 0 0 0 25 0 0 0 0 0 
0 0 0 0 0 0 0 0 0 0 0 0 0 0 0 0 45 39 0 0 46 0 0 0 0 0 0 0 0 0 50 0 0 0 0 0 0 64 0 4 0 0 0 0 0 0 0 0 11 10 0 0 0 0 12 0 0 0 0 0 0 0 0 22 
0 0 0 0 0 0 0 0 0 0 0 51 0 48 49 0 0 0 32 0 0 0 35 0 0 0 0 0 0 0 42 40 0 62 0 0 0 0 57 0 0 0 0 0 0 15 0 20 0 0 0 5 0 0 4 0 0 0 9 13 0 0 10 0 
0 0 0 0 0 0 0 0 0 45 0 43 42 0 0 0 29 23 0 0 30 0 0 25 0 0 0 35 37 0 0 0 0 0 0 0 0 0 49 0 0 8 0 0 0 0 0 0 59 0 0 0 0 0 0 0 63 0 0 0 3 0 0 0 
0 0 0 0 0 0 60 0 0 0 0 0 0 0 0 20 0 0 0 0 0 0 3 0 0 7 0 0 0 12 0 8 0 0 0 0 0 0 25 28 0 48 51 0 0 47 0 0 0 0 0 0 33 0 0 0 39 0 0 0 0 44 0 0 
0 34 0 0 31 0 33 28 0 0 52 56 0 53 0 0 0 0 37 0 0 0 40 0 0 0 0 0 0 0 0 0 0 0 0 0 0 0 62 0 0 0 0 0 23 0 0 0 8 0 0 0 6 0 9 11 0 0 0 0 0 0 0 0 
0 42 37 40 0 0 0 0 0 0 60 0 0 0 0 1 50 0 0 0 0 49 0 0 0 52 0 0 0 0 55 0 0 0 0 8 0 5 0 0 0 0 0 0 0 0 0 0 0 0 0 0 0 0 17 19 0 0 0 0 0 25 0 0 
0 0 0 0 7 0 0 0 35 0 28 0 0 0 0 0 0 12 0 0 0 0 0 14 27 0 22 0 26 25 0 21 0 0 36 0 0 0 0 0 0 0 0 0 0 60 0 0 0 0 0 0 46 0 0 0 0 0 0 0 56 0 55 0 
27 0 0 0 0 0 0 0 51 0 44 0 0 0 0 0 0 0 0 0 0 0 0 0 0 0 0 0 0 0 39 0 0 0 0 0 58 0 0 0 18 0 0 0 15 0 0 0 0 63 0 0 0 60 0 0 4 0 0 0 0 0 0 0 
3 2 61 0 0 62 0 0 0 0 0 0 23 0 0 0 0 0 0 0 0 9 0 0 19 12 0 0 0 0 0 0 0 0 0 0 34 29 0 0 0 0 0 0 0 52 54 0 40 39 0 0 0 0 0 0 0 0 46 0 0 0 0 0 
0 0 0 0 0 46 0 0 0 0 4 0 0 0 0 0 0 0 53 0 0 0 0 0 0 0 0 0 2 0 0 0 15 0 0 0 0 0 0 17 0 0 0 0 0 0 0 0 0 0 0 0 0 0 0 0 0 0 0 0 32 0 0 0 
19 0 0 0 0 0 0 0 43 42 0 0 0 0 38 0 0 0 0 0 0 0 0 0 0 28 0 0 34 0 0 0 47 0 0 0 50 0 0 0 0 0 0 0 0 0 0 9 0 0 53 0 0 0 0 0 0 0 0 2 0 1 0 0 
0 0 0 0 0 0 0 52 0 0 12 0 0 0 14 0 0 0 61 0 0 1 64 0 0 0 0 8 10 0 0 0 0 27 20 0 0 0 0 0 0 0 0 0 47 0 0 0 0 31 0 0 30 0 0 35 0 0 38 0 0 0 0 0 
0 0 15 0 0 0 0 14 0 0 0 0 0 0 0 0 0 0 23 0 0 0 0 0 0 0 0 0 0 0 33 0 0 0 0 0 0 0 0 0 0 7 0 0 0 0 0 0 58 0 0 0 0 54 59 0 0 0 0 0 2 0 0 0 
0 0 0 0 57 0 59 0 0 0 0 0 17 15 0 19 0 0 63 1 0 0 0 0 0 6 0 0 12 0 0 0 0 0 0 0 0 0 0 0 0 0 0 0 49 0 0 0 34 0 0 0 0 0 35 0 0 0 40 0 0 0 0 0 
0 36 0 34 0 0 0 0 61 0 0 0 0 0 0 59 0 0 0 0 0 0 0 0 53 0 0 50 52 51 0 0 0 0 0 0 0 0 0 0 28 0 0 0 0 0 0 0 0 0 0 12 0 6 11 0 0 0 0 0 0 19 17 0 
13 0 0 0 9 0 11 0 37 0 0 0 0 0 0 0 0 14 0 0 0 0 0 0 0 22 0 0 0 0 25 23 0 0 38 42 0 0 0 0 4 0 0 0 0 0 0 0 0 49 47 0 0 0 0 53 0 55 0 60 0 0 0 61 
0 52 0 0 0 0 0 0 0 12 0 0 0 7 8 0 0 0 0 0 0 0 0 0 0 0 0 0 0 0 0 63 0 0 14 0 0 15 0 0 0 0 42 0 0 0 0 43 0 0 0 0 0 0 0 0 30 0 32 0 0 0 0 37 
0 0 0 0 0 64 0 62 0 0 0 26 25 0 0 0 0 0 0 0 13 11 0 8 0 0 0 0 20 19 17 0 0 37 30 0 0 0 32 0 0 0 0 0 0 0 0 0 0 0 0 0 0 0 0 0 0 0 48 0 0 0 0 0 
45 0 0 0 0 0 0 0 5 4 0 0 0 63 0 0 0 46 0 0 0 0 0 0 61 0 0 0 0 0 0 55 9 13 0 0 0 0 0 0 0 0 0 0 0 0 0 0 18 0 0 0 16 0 19 0 22 23 0 28 26 27 0 29 
0 0 0 26 0 0 0 0 0 0 0 0 49 0 0 0 0 0 0 33 0 0 0 32 0 0 0 0 0 0 41 0 57 0 0 58 0 0 0 0 0 15 0 0 0 0 0 0 0 0 0 0 64 62 0 0 0 7 0 0 0 11 0 0 
0 0 0 54 0 0 55 0 0 0 0 0 13 0 0 15 0 58 0 0 1 0 0 0 9 2 0 0 0 0 0 0 0 25 0 0 0 0 0 0 0 43 46 0 0 0 44 0 0 0 0 0 0 0 31 0 0 35 36 0 0 0 0 0 
1 64 0 0 0 60 63 0 0 0 18 0 0 0 20 0 0 0 0 5 0 0 0 0 0 0 0 0 0 0 13 0 0 0 0 0 32 0 0 31 0 51 0 0 0 0 0 0 0 0 0 0 0 0 0 0 0 43 0 48 0 0 45 0 
0 0 0 0 5 0 7 0 33 0 0 0 0 0 0 31 0 0 11 0 0 0 0 0 0 0 20 0 0 0 21 19 0 0 0 38 40 0 0 39 0 59 0 1 0 0 0 0 0 0 0 48 0 42 0 0 0 51 52 0 0 0 0 0 
0 0 0 0 45 0 0 0 0 8 0 0 0 0 0 7 0 0 0 0 0 0 54 52 0 0 0 0 0 63 61 0 0 0 0 0 16 0 0 0 0 35 0 0 0 34 0 0 22 0 0 0 20 18 23 0 0 27 0 0 0 0 29 0 
0 0 0 0 13 12 0 0 41 40 34 0 0 0 0 39 0 0 0 0 0 0 22 20 33 26 0 0 0 0 0 0 0 0 0 46 0 43 0 0 0 3 0 0 0 0 4 0 54 0 0 0 0 50 0 0 0 59 0 0 0 0 0 0 
0 0 0 30 0 0 0 26 0 0 50 0 0 51 0 0 0 0 0 37 41 0 0 0 0 0 0 0 0 0 0 43 0 1 0 0 64 0 0 63 0 0 0 0 0 0 20 0 0 5 0 8 0 0 0 9 0 0 12 0 0 0 0 17 
0 0 0 0 37 0 0 0 0 0 58 0 0 59 0 0 0 0 43 0 0 0 0 0 0 50 0 0 0 0 53 51 0 0 0 0 0 0 0 7 0 0 30 0 0 0 0 0 0 0 11 0 0 0 0 0 0 0 0 0 22 23 0 0 
0 0 0 22 0 0 0 0 0 0 0 0 0 0 0 0 0 0 0 0 33 31 0 0 0 34 36 38 0 0 37 0 0 0 0 0 0 0 0 55 0 0 0 17 13 0 0 0 62 0 0 64 60 0 0 0 0 0 4 0 0 0 0 0 
52 51 0 0 48 0 50 45 12 0 5 9 0 0 0 0 59 0 0 0 0 0 0 0 0 61 0 0 3 2 0 0 0 20 0 0 0 0 0 0 0 0 41 0 40 0 0 0 0 0 22 0 0 0 0 0 29 30 0 0 0 0 0 0 
60 0 0 57 0 0 0 53 0 0 13 0 0 0 0 0 0 61 62 0 0 2 0 0 0 0 7 0 0 0 0 0 0 0 0 0 0 0 23 0 51 0 0 0 0 0 0 50 33 0 0 35 0 0 0 0 0 0 0 0 41 0 40 0 
0 0 0 0 0 0 0 0 0 0 0 0 0 0 0 0 51 45 0 0 52 0 49 0 0 0 55 0 0 0 0 0 0 0 5 0 0 0 0 0 0 0 33 0 32 0 0 0 0 0 0 0 0 0 0 0 21 22 0 0 0 0 0 0 
4 0 0 0 0 0 2 61 0 0 0 25 0 0 0 0 0 0 0 0 0 10 0 0 0 0 15 0 19 0 16 0 0 0 0 0 0 0 31 0 0 0 0 0 0 0 0 0 41 0 0 0 39 37 0 0 45 0 0 0 0 0 0 52 
0 0 0 0 0 0 0 0 0 35 0 0 0 0 0 0 19 0 0 16 0 0 0 0 0 0 0 0 27 0 0 0 0 0 37 0 0 0 0 0 0 62 0 0 0 61 63 0 0 48 0 0 0 0 50 52 0 0 0 0 0 0 0 60 
0 0 0 0 0 15 0 0 44 0 0 0 40 0 0 0 0 0 0 0 0 26 0 0 0 0 31 0 0 34 32 0 48 0 0 0 0 0 0 0 0 0 0 12 0 0 0 10 0 0 0 0 55 0 0 0 0 0 63 0 1 0 0 0 
0 0 0 0 0 0 0 0 0 0 0 0 0 0 0 0 0 0 0 0 0 34 33 0 0 0 0 0 0 0 40 0 0 0 0 0 0 54 0 0 0 0 0 0 0 13 0 0 0 0 0 3 0 0 0 4 0 0 0 11 0 0 0 12 
0 0 30 33 32 0 0 0 0 0 0 57 0 0 0 0 0 0 38 40 44 0 41 0 0 0 0 49 0 0 0 46 0 0 61 0 0 62 0 0 0 0 0 0 0 21 0 26 0 0 0 0 0 0 0 0 0 0 0 0 0 0 0 0 
