8
0 0 0 0 0 0 51 0 16 0 0 0 0 0 0 0 0 0 27 0 0 0 0 0 0 0 0 0 0 0 0 0 58 0 0 0 0 0 0 59 0 18 19 22 0 0 0 0 0 0 0 0 0 0 0 0 0 0 0 0 0 0 0 36 
0 0 0 0 0 12 0 10 40 35 0 34 0 0 0 41 57 0 0 0 54 50 56 53 0 0 0 8 0 9 2 0 0 0 0 20 22 0 0 0 0 0 43 0 47 0 45 0 0 0 0 0 0 31 0 0 0 0 0 0 0 0 0 0 
0 0 61 0 62 60 0 0 0 0 0 0 0 23 0 0 41 0 0 0 0 0 0 37 0 0 0 0 0 0 0 0 0 0 0 4 0 0 7 0 0 0 0 0 0 32 29 0 13 0 0 0 0 0 0 0 48 0 0 0 0 0 0 0 
0 0 0 0 0 0 0 0 0 0 30 0 0 31 29 33 0 0 0 0 0 42 0 0 0 62 0 0 0 0 0 59 0 0 17 0 14 0 0 0 0 0 35 0 0 0 0 0 0 0 0 0 0 0 0 0 56 0 0 0 0 0 0 0 
0 0 0 0 0 28 0 26 0 0 54 0 0 55 0 57 0 7 3 0 0 0 0 0 0 0 0 0 23 0 18 19 0 37 41 0 0 0 0 0 1 0 0 0 0 0 61 0 0 0 42 0 0 0 0 0 16 0 0 10 0 0 0 12 
0 0 21 0 22 0 0 18 0 0 0 0 0 0 0 0 1 0 0 0 0 58 0 0 0 0 12 0 0 0 0 0 0 0 0 0 0 0 0 0 0 50 51 0 0 0 0 0 0 0 0 0 0 0 36 0 0 0 0 2 0 0 6 0 
0 0 0 0 38 36 0 0 0 0 0 0 0 0 0 0 0 0 0 0 0 0 0 13 0 30 0 0 0 0 0 0 0 0 0 44 0 0 0 0 9 0 0 0 0 0 0 0 53 0 0 51 0 55 52 54 24 0 0 0 0 0 0 0 
0 0 0 0 0 0 0 0 0 3 6 0 0 0 5 0 25 0 19 0 0 18 0 0 0 0 0 0 0 41 34 0 0 53 57 0 0 0 55 51 17 0 0 0 0 0 0 0 61 0 0 0 0 0 0 0 0 31 0 26 0 0 30 28 
0 0 0 0 0 0 0 0 0 0 0 47 0 52 0 0 0 0 0 0 0 0 5 0 0 19 0 0 20 0 0 16 0 0 0 33 35 0 0 0 62 0 0 0 0 0 0 57 0 0 0 0 0 0 0 0 0 0 0 0 14 0 0 0 
0 20 0 0 19 0 0 0 0 0 43 0 0 0 0 0 0 0 0 0 0 0 61 0 0 0 9 0 0 0 7 0 0 0 0 0 27 0 0 0 0 0 0 51 0 53 0 0 0 0 0 0 0 0 33 0 0 0 0 0 0 0 0 0 
0 0 0 0 0 0 0 0 0 0 0 0 0 0 0 0 0 0 0 0 43 39 0 0 0 0 0 61 0 0 0 0 0 0 0 0 11 0 0 0 0 0 32 35 0 0 0 0 0 0 0 0 21 0 0 0 53 0 0 47 0 0 51 0 
37 0 34 0 0 0 32 0 0 56 0 0 57 0 0 0 0 12 0 0 0 0 0 10 0 27 0 0 0 0 0 0 0 0 0 0 0 0 0 0 6 63 0 3 0 0 2 0 0 0 0 0 0 0 0 51 0 0 0 0 0 0 19 0 
0 0 0 0 0 0 0 0 0 0 0 0 0 0 0 0 0 36 0 0 0 0 0 0 0 0 0 0 0 0 0 48 63 0 0 1 0 0 0 0 30 23 0 0 28 0 0 0 10 0 0 0 0 0 0 0 0 0 0 0 46 0 0 0 
45 0 0 0 0 0 0 0 0 0 0 0 0 4 0 0 0 0 16 0 19 0 0 18 0 0 0 0 0 38 31 0 0 0 54 0 0 53 0 0 0 0 8 0 0 0 0 0 0 0 0 0 0 0 0 0 0 0 0 23 0 0 0 0 
0 0 0 14 0 0 0 0 0 0 0 0 0 0 0 0 0 0 0 0 0 0 0 0 2 3 0 5 0 0 0 0 0 0 0 17 0 21 0 0 0 0 0 0 0 0 0 0 0 0 0 0 0 28 0 0 0 0 58 0 0 0 0 0 
0 0 0 0 51 0 0 0 0 0 0 0 0 12 0 0 30 0 0 0 0 0 29 0 0 0 41 45 0 0 0 0 55 0 62 0 0 0 0 0 0 0 0 0 0 21 0 0 2 0 0 0 0 4 0 0 37 0 0 0 38 0 0 0 
15 0 0 0 0 0 0 9 0 34 0 0 0 0 0 0 56 0 0 0 0 0 0 0 0 0 0 0 0 0 0 0 0 0 0 0 0 0 0 0 48 0 42 0 0 0 44 0 28 0 0 0 0 0 0 0 0 0 0 57 0 0 61 0 
0 0 0 0 0 0 34 0 63 0 0 0 0 0 0 0 0 14 0 11 0 0 15 0 28 0 0 0 30 0 0 26 0 0 48 0 0 0 46 0 0 0 0 5 0 0 0 3 0 0 49 0 0 54 0 0 0 0 0 17 24 0 0 0 
31 0 0 0 0 0 0 25 0 0 0 0 0 0 0 0 8 0 0 0 0 0 7 0 0 0 0 0 22 24 0 18 0 36 0 0 37 0 0 0 0 57 0 0 62 63 0 0 0 0 0 42 0 46 0 0 0 0 12 0 16 0 0 0 
0 0 0 0 0 0 0 0 15 0 0 0 0 0 0 0 0 0 26 0 0 0 0 28 0 0 43 0 0 0 0 0 0 60 0 0 0 0 0 0 0 0 0 21 0 23 20 19 4 0 0 0 0 0 0 0 0 0 0 0 0 0 0 0 
0 46 0 48 0 0 0 41 0 2 0 1 3 0 0 0 0 0 0 0 21 0 23 0 36 37 35 0 0 0 0 0 0 0 0 0 0 0 0 0 0 9 10 0 0 15 0 0 0 64 0 0 0 0 0 0 0 0 0 0 0 0 0 27 
0 0 0 0 61 0 0 57 0 18 0 17 19 0 0 0 0 0 34 0 0 0 39 0 0 53 0 0 0 0 0 0 0 0 0 0 0 0 0 2 0 25 0 29 30 0 0 0 12 0 0 0 0 0 0 0 0 0 0 0 0 0 0 43 
0 0 4 0 0 0 0 1 0 0 29 25 27 0 28 32 0 0 0 0 45 0 0 0 0 0 0 0 0 64 0 0 0 0 0 0 0 0 0 0 0 0 0 37 0 0 0 0 20 24 17 0 0 0 0 0 55 0 0 49 0 50 0 0 
23 0 0 0 0 0 0 0 0 0 0 0 0 0 0 0 64 62 0 0 0 0 63 0 12 13 0 0 14 0 9 10 0 0 32 27 0 0 30 0 0 49 0 0 0 0 0 0 0 0 0 0 0 0 0 0 0 0 0 0 0 2 0 0 
0 0 0 0 0 0 0 0 0 0 0 0 38 0 0 43 0 0 53 0 0 0 0 55 0 8 0 0 9 11 0 0 0 23 0 22 0 0 0 0 51 44 0 0 49 0 0 46 31 0 0 0 0 0 0 32 0 0 0 0 0 0 0 62 
34 0 0 0 0 0 0 0 0 0 0 0 0 57 0 0 0 0 0 6 0 0 0 0 0 0 0 0 0 0 0 21 0 39 0 0 0 0 0 0 0 0 0 0 0 0 0 0 0 0 0 0 0 0 0 48 0 0 0 12 0 0 0 14 
42 0 0 0 0 0 0 0 0 0 0 0 0 0 0 0 0 0 0 0 0 12 0 0 0 0 0 34 0 0 0 0 0 47 0 0 48 0 0 0 11 4 0 0 0 0 0 0 0 0 0 0 0 57 54 56 0 0 0 0 0 21 0 0 
0 25 23 27 0 0 0 0 0 45 0 44 0 0 47 0 3 0 0 0 0 60 0 0 0 0 0 0 0 0 0 0 0 0 0 0 0 34 0 29 0 0 0 0 0 58 0 54 0 0 0 0 0 0 38 0 10 0 0 0 0 5 0 0 
0 0 55 0 0 0 0 0 0 0 0 12 14 0 15 19 35 0 0 30 0 0 34 0 0 0 0 50 49 0 44 0 0 63 0 0 0 0 0 0 27 0 21 0 25 0 0 0 0 0 4 0 0 0 0 0 0 0 39 0 43 0 0 38 
10 0 0 0 0 0 0 4 0 0 0 0 0 0 0 35 0 0 0 0 0 44 0 0 0 0 0 0 0 0 60 0 0 0 19 14 0 18 0 0 0 0 0 0 41 0 39 0 0 27 0 21 0 0 0 24 0 57 0 0 0 0 0 0 
50 0 0 0 0 0 0 0 0 0 0 0 0 0 0 11 0 0 0 0 0 0 0 0 0 0 0 42 0 43 0 0 52 0 0 54 0 0 0 53 0 0 0 16 17 0 0 0 63 0 0 0 0 0 62 0 0 0 0 0 0 0 32 0 
2 1 0 0 64 62 61 60 0 0 0 0 0 0 23 0 0 0 0 0 0 0 0 0 0 56 0 0 0 59 0 0 0 0 0 0 8 0 0 0 0 28 0 0 0 0 0 0 0 19 0 13 18 17 0 0 0 0 0 44 0 0 0 0 
0 0 0 58 0 0 0 51 0 0 0 11 0 16 14 0 0 0 0 0 31 0 0 0 46 0 0 0 0 50 0 0 0 0 0 61 0 0 0 0 26 0 20 0 24 25 0 21 6 0 0 0 0 8 0 7 0 0 0 0 42 0 39 0 
0 0 0 2 0 61 60 0 0 0 0 19 0 0 0 0 0 0 36 0 0 0 41 38 54 0 0 0 0 58 0 0 3 0 10 0 0 9 8 0 34 0 0 0 0 0 0 0 0 0 0 0 0 0 0 0 0 48 46 0 50 44 47 0 
0 0 0 0 0 0 0 0 41 0 0 0 0 0 0 42 0 0 0 0 0 0 0 54 6 0 0 9 0 0 0 0 0 0 0 0 0 0 0 0 0 0 0 0 0 0 0 45 30 0 27 0 0 0 0 0 0 0 0 59 0 0 0 0 
25 0 22 0 0 0 0 0 0 0 47 0 0 0 0 0 0 0 0 0 0 59 0 0 0 15 13 0 16 18 11 0 0 0 0 29 0 33 0 28 58 0 0 0 0 57 0 53 38 0 0 0 0 0 37 0 0 0 0 0 0 0 7 5 
0 0 0 0 0 0 0 0 0 0 0 0 0 0 0 0 18 0 0 0 0 0 0 0 0 0 0 0 32 0 0 0 43 0 0 0 47 0 0 44 0 0 0 0 0 0 0 0 0 0 0 0 57 0 0 0 0 0 0 0 0 20 0 21 
0 0 0 0 0 0 44 0 0 0 0 0 0 8 0 0 0 0 0 0 0 0 0 22 0 0 0 41 0 0 0 0 0 0 0 0 0 0 0 0 0 0 0 15 0 0 0 0 0 0 0 0 0 64 61 0 0 0 0 27 0 0 0 29 
0 0 0 0 0 0 0 0 0 52 0 0 0 0 0 0 0 8 0 0 0 3 0 0 22 0 0 0 24 0 0 0 0 0 0 0 39 0 0 0 0 59 0 0 0 0 62 61 46 0 0 0 0 0 0 0 17 0 14 0 18 0 0 0 
0 0 0 0 0 5 0 3 33 0 0 0 0 0 0 0 0 0 0 0 47 0 49 0 0 63 61 0 0 0 0 0 0 0 0 0 15 0 0 0 0 0 0 0 40 0 0 0 0 0 0 0 0 24 0 0 0 0 0 51 0 0 55 0 
51 50 0 0 0 0 0 0 0 0 0 0 0 0 0 0 0 0 22 0 0 0 0 0 40 0 0 0 0 44 37 0 0 0 0 0 0 0 0 0 20 13 0 0 0 0 0 15 64 0 0 0 0 0 0 0 0 0 0 0 0 0 0 0 
0 0 0 0 0 0 0 0 0 0 0 0 0 0 0 0 0 0 46 0 0 0 0 0 0 1 0 0 2 0 0 0 0 16 0 0 17 0 18 14 0 0 0 0 0 0 0 0 0 0 0 0 27 26 0 0 0 0 0 0 0 0 57 0 
35 34 0 0 0 0 0 29 0 0 0 0 0 58 0 60 0 0 0 0 0 0 0 0 0 0 0 0 0 28 21 0 0 0 0 0 0 0 0 0 0 0 0 0 2 0 0 63 0 0 0 46 0 0 47 0 0 0 16 0 0 14 0 15 
0 0 0 60 0 0 0 0 19 0 0 0 15 0 0 0 0 34 0 31 0 0 0 0 0 0 47 51 50 52 0 0 61 0 4 63 0 3 0 0 0 0 0 0 26 0 0 0 0 12 0 0 0 0 0 0 0 42 0 37 0 0 0 0 
0 0 0 0 0 0 0 0 0 0 0 0 0 0 0 0 0 0 0 0 0 0 0 0 0 17 0 0 0 0 0 0 29 32 0 31 0 0 0 30 60 0 0 0 0 0 0 0 0 0 0 0 43 0 0 0 0 0 0 0 12 0 0 0 
19 0 16 0 17 15 0 0 0 0 41 0 0 0 0 0 0 0 0 0 0 0 0 0 0 0 0 0 0 12 0 0 0 0 0 0 0 0 26 0 0 0 0 0 0 0 0 47 0 36 0 30 35 0 31 0 0 2 0 61 0 0 0 0 
0 2 0 0 0 0 0 0 27 0 0 0 23 0 24 28 0 0 38 0 0 0 0 0 0 0 0 0 0 0 0 0 0 0 0 0 9 0 0 0 0 0 0 0 0 0 0 31 16 0 0 0 0 0 0 17 0 50 48 45 0 0 0 47 
0 42 0 0 0 0 0 0 0 0 0 61 0 2 0 0 0 0 0 0 17 0 0 0 32 33 0 0 34 0 0 0 0 0 0 0 0 0 0 0 0 0 0 0 0 0 8 7 56 0 0 0 59 0 0 0 0 26 24 0 0 0 0 0 
0 0 0 37 34 0 0 0 60 0 58 0 0 0 0 61 13 0 0 0 0 6 0 0 25 0 0 0 0 29 0 0 0 0 0 0 0 0 0 0 0 0 0 0 0 0 0 0 0 0 46 0 0 0 0 0 0 0 0 0 21 0 0 0 
0 59 0 0 58 0 55 0 20 0 0 0 16 19 0 21 0 35 31 0 0 0 0 0 0 0 0 0 0 53 0 0 0 0 0 0 0 4 3 63 0 0 0 0 0 0 0 0 9 0 0 7 0 11 0 0 0 0 0 0 45 0 0 40 
0 19 0 21 0 0 0 0 44 0 0 38 40 0 41 45 0 0 55 0 0 0 0 0 0 0 0 0 11 0 6 0 22 25 0 0 0 28 0 23 53 0 0 50 51 0 49 0 0 0 30 0 0 35 0 0 0 0 0 0 0 0 0 0 
52 0 0 0 0 0 0 0 0 7 0 0 0 0 0 0 0 0 0 24 0 0 0 0 0 0 0 0 0 0 0 0 0 0 61 0 0 0 59 0 0 0 15 0 0 20 17 0 0 0 0 0 0 0 0 0 36 0 0 0 37 0 0 32 
12 0 0 0 10 8 0 0 0 0 0 0 32 35 0 0 0 51 0 0 0 0 0 0 0 0 0 0 0 5 0 0 0 0 0 0 18 0 0 0 0 0 0 0 43 44 0 0 0 0 0 0 0 0 0 0 0 0 0 0 0 55 0 0 
0 0 0 5 0 0 63 62 0 23 0 0 0 0 0 0 45 0 0 0 0 38 0 41 0 0 0 0 0 0 0 0 0 0 0 0 0 0 11 0 0 0 0 0 35 0 33 0 0 0 14 15 0 0 16 18 52 0 49 0 0 0 0 0 
0 43 0 0 0 40 0 0 4 63 2 0 64 0 0 0 0 19 0 0 0 0 0 0 0 0 0 0 0 0 0 0 46 0 53 0 0 52 0 0 0 0 0 0 11 0 0 8 0 0 0 0 0 0 0 0 0 0 25 0 0 0 0 0 
0 0 25 0 0 0 0 0 0 47 0 0 0 51 0 0 0 0 0 0 0 0 0 1 0 0 0 0 19 21 0 0 0 0 37 0 0 0 0 31 0 0 0 58 0 0 0 0 41 0 0 0 0 43 0 0 0 0 0 0 0 7 0 0 
0 0 0 47 0 0 0 0 6 1 0 0 0 5 0 0 0 0 0 0 0 0 22 0 0 0 0 0 37 0 0 33 0 0 55 50 0 0 0 0 0 0 9 0 0 0 0 0 0 0 0 0 0 0 0 0 0 0 0 0 0 0 0 26 
22 0 0 0 0 0 0 0 0 0 0 0 42 0 43 0 0 0 0 0 0 56 0 0 11 12 0 0 0 0 8 0 0 0 31 0 0 0 29 0 0 0 0 52 0 0 51 0 0 0 0 0 0 37 0 0 0 0 3 64 7 0 0 0 
0 0 0 0 0 10 9 8 0 0 0 0 0 0 0 0 0 0 0 0 0 0 0 0 0 0 0 0 5 0 0 0 16 19 0 18 0 0 0 0 0 0 0 44 0 0 43 0 0 0 0 0 0 0 0 0 62 0 0 0 63 57 0 0 
0 0 0 55 52 0 0 0 14 9 0 0 0 0 0 0 0 0 25 0 0 24 30 0 0 0 0 0 0 0 0 0 0 59 0 0 60 0 0 57 0 0 0 0 0 0 0 0 0 0 0 0 0 0 0 0 38 0 0 0 0 0 0 0 
6 5 3 0 0 0 0 0 0 0 0 0 0 0 0 0 0 45 0 42 44 0 46 43 0 0 0 0 0 0 0 0 0 0 0 0 12 0 0 9 0 0 0 36 0 0 0 0 0 23 0 0 0 21 0 0 0 53 0 0 55 0 0 0 
30 29 0 0 0 0 25 0 0 0 0 0 0 0 51 0 0 0 0 2 4 0 0 0 0 0 0 22 21 0 16 17 0 0 39 0 0 38 0 0 63 0 0 0 0 0 0 0 0 0 0 0 0 0 0 0 0 0 0 0 0 0 0 0 
0 0 0 0 0 0 0 0 0 0 0 16 18 0 0 0 0 37 0 0 0 32 0 0 0 0 50 0 0 55 0 0 0 0 0 2 0 0 0 0 0 0 0 0 0 0 0 0 0 15 8 0 0 0 0 0 0 0 0 0 0 0 0 0 
0 0 0 0 0 0 33 0 0 0 60 56 0 61 0 63 15 0 0 0 0 0 0 0 27 28 0 0 0 31 0 0 0 0 0 0 44 0 0 0 0 0 0 0 0 0 0 2 0 55 0 0 0 0 0 52 0 21 0 0 0 0 0 18 
