9
66 69 67 73 71 0 0 0 65 76 0 74 75 81 0 79 78 77 21 0 0 20 25 24 0 26 0 45 0 43 0 39 46 0 0 42 0 3 7 0 0 0 10 5 9 60 0 58 64 0 62 56 0 0 36 32 34 33 35 30 0 31 0 50 54 52 47 55 49 51 53 0 15 17 11 16 0 12 0 19 0 
48 51 49 55 53 50 52 54 47 0 64 56 57 63 0 61 60 0 3 10 0 2 7 6 5 8 4 27 26 0 0 0 0 23 20 24 71 66 70 69 0 65 73 0 72 0 39 0 46 43 44 38 41 0 18 14 16 15 17 12 11 13 19 0 36 0 29 37 31 33 35 0 78 80 74 0 76 75 77 1 81 
0 60 58 0 62 59 61 0 0 67 0 65 0 72 71 70 69 68 12 0 18 11 0 15 0 17 13 36 35 34 0 30 37 32 0 33 80 0 79 78 76 74 0 77 81 0 48 49 55 52 53 47 50 54 0 23 25 24 26 21 0 22 28 0 45 43 38 0 40 0 0 0 0 0 2 7 4 0 5 10 9 
75 78 76 0 80 0 79 81 74 4 10 2 3 0 8 7 0 0 30 37 0 0 34 33 32 35 31 54 53 0 49 48 0 0 0 51 0 0 16 15 13 11 19 14 0 69 0 67 73 70 71 65 0 72 0 41 43 42 44 39 0 0 46 59 0 0 0 64 0 60 62 57 0 26 0 0 22 0 23 28 0 
39 42 40 0 44 0 43 0 38 49 55 47 0 54 0 0 51 0 75 1 81 74 79 78 77 0 76 0 0 16 0 12 0 14 11 15 0 57 61 60 58 0 64 59 63 0 30 31 0 34 35 29 0 36 0 5 7 6 8 0 2 4 10 23 0 25 20 28 0 24 0 0 0 0 0 70 67 66 68 73 72 
3 0 4 10 8 0 0 9 2 0 19 0 0 18 17 0 15 0 39 46 45 38 43 42 0 0 40 63 62 0 58 0 64 0 0 0 26 0 25 0 22 20 28 23 0 0 75 0 1 0 0 0 0 0 0 0 52 51 0 48 47 49 55 0 72 70 65 0 67 69 71 0 0 35 29 34 31 30 32 0 36 
12 15 13 19 17 14 16 18 0 22 28 0 21 27 26 25 24 23 48 55 54 47 52 51 50 53 49 72 0 0 67 66 73 0 65 0 35 30 0 0 0 29 37 0 0 6 3 0 10 0 0 2 0 9 0 59 61 60 62 57 0 0 64 77 81 79 74 0 76 0 0 75 42 44 38 0 0 0 41 0 45 
30 33 31 37 35 32 34 36 29 40 46 38 0 45 44 43 42 41 66 73 72 0 70 69 0 71 0 0 0 7 4 0 10 0 2 6 53 48 52 51 49 0 55 50 54 0 21 22 28 0 26 20 23 0 0 77 79 0 80 75 0 76 1 14 18 0 11 0 13 15 17 0 60 0 0 61 58 0 0 64 0 
21 24 22 28 26 23 25 0 20 31 0 29 0 0 0 0 33 32 57 64 0 0 61 0 59 0 58 81 0 0 0 0 0 0 0 0 0 39 0 42 40 38 0 0 45 0 12 0 0 16 17 0 14 0 72 68 70 69 71 66 65 0 73 0 0 7 2 10 0 6 0 3 51 53 47 52 49 48 50 55 54 
53 56 54 0 0 55 0 59 52 0 69 61 62 68 0 66 65 64 0 15 0 7 12 11 10 13 9 32 0 30 0 26 33 28 25 29 76 71 75 74 72 70 0 73 77 47 44 45 0 0 0 0 46 50 0 19 0 0 0 17 16 18 24 0 0 0 0 42 36 38 40 0 2 4 0 3 81 80 1 6 5 
35 0 36 0 40 37 39 41 34 0 51 43 44 50 49 48 47 46 0 78 0 70 75 74 0 76 72 14 13 0 9 8 15 0 7 11 58 0 57 0 54 0 60 55 59 29 26 27 33 0 31 25 28 32 0 1 0 2 4 80 79 81 6 19 0 0 0 24 0 0 22 17 65 67 61 66 0 62 64 69 0 
62 0 63 69 0 0 66 68 61 0 0 70 71 77 76 75 0 73 17 24 23 16 21 20 19 0 18 41 40 0 36 35 42 37 34 38 4 0 0 2 81 79 6 1 0 0 53 54 0 0 58 52 55 59 0 0 0 29 31 26 25 27 33 0 50 0 43 51 45 47 0 44 11 0 0 12 0 0 0 15 0 
44 47 45 0 49 46 48 0 0 54 60 52 53 59 58 0 0 55 80 0 5 79 3 2 1 4 81 23 22 0 18 17 24 19 0 0 0 62 66 65 0 0 0 64 68 0 35 0 0 39 40 0 0 41 14 10 0 0 0 0 0 0 15 28 32 30 25 33 27 0 0 26 74 0 70 0 0 71 73 78 0 
17 20 18 24 22 19 21 23 16 27 33 0 26 32 31 30 0 0 53 60 59 52 57 0 55 0 54 77 76 75 72 0 78 73 70 0 40 35 39 38 36 34 42 37 41 11 8 0 15 12 13 7 10 14 68 64 66 65 67 0 61 63 69 1 5 3 0 0 81 2 0 0 47 49 0 48 45 44 46 0 50 
71 74 0 0 76 73 75 0 70 81 6 0 80 5 4 3 2 1 26 0 32 0 30 29 28 31 27 50 49 48 0 44 51 46 43 0 13 8 12 11 9 0 0 10 0 65 62 63 69 66 67 61 0 68 0 37 39 0 40 35 0 36 0 0 59 57 52 60 54 56 58 53 20 22 0 0 18 17 19 24 23 
0 0 27 33 31 28 30 32 0 36 42 34 35 41 40 39 0 0 62 69 68 61 66 65 64 67 63 5 0 0 0 80 6 1 79 2 0 44 48 47 45 0 51 46 50 20 0 18 24 0 22 16 0 23 77 73 75 0 76 71 70 0 0 0 14 12 7 0 9 11 13 8 0 0 52 57 54 53 55 60 59 
80 0 81 6 4 1 3 0 79 0 15 7 0 14 13 0 11 10 35 42 41 0 0 0 37 40 36 59 58 0 54 0 60 0 52 56 22 17 21 0 18 16 0 19 0 74 71 72 78 0 0 0 73 77 0 46 0 47 49 0 43 45 0 64 68 66 61 69 0 65 0 0 29 31 25 30 0 26 28 33 0 
8 0 0 15 13 10 12 14 0 18 0 16 0 23 22 0 20 19 44 51 0 43 48 0 46 0 0 68 67 66 0 62 69 0 61 0 0 0 0 29 27 25 33 28 0 2 80 81 6 3 0 79 0 5 59 55 57 56 58 0 52 54 60 73 0 75 70 78 72 0 76 0 0 40 34 39 36 35 0 42 41 
68 0 69 75 73 70 72 74 67 78 0 76 77 0 1 81 80 0 0 30 29 0 27 26 0 28 24 47 0 45 0 41 48 0 40 44 10 5 9 0 6 4 12 0 11 62 59 60 0 63 0 0 61 65 38 34 36 35 0 0 31 33 0 52 0 54 49 57 51 53 55 0 17 19 0 0 15 14 16 21 0 
0 0 24 0 0 25 0 29 22 0 39 0 0 0 37 0 35 34 59 66 65 58 0 62 61 0 60 0 0 0 78 77 0 79 76 80 46 41 45 0 42 40 48 43 47 17 14 15 21 0 19 13 0 20 74 0 0 0 0 68 0 69 75 7 0 0 4 12 0 8 0 5 0 55 49 54 51 0 0 57 56 
41 0 42 48 46 43 0 47 40 0 0 0 50 56 0 54 53 0 0 3 2 76 0 0 0 1 78 20 19 0 15 0 21 0 13 0 64 59 0 62 0 0 66 61 65 0 0 33 0 36 37 0 34 38 11 7 9 8 10 5 4 6 0 25 29 0 22 30 0 26 28 23 71 73 67 72 69 0 0 0 74 
0 80 78 3 0 0 0 2 76 6 0 0 0 11 10 9 0 0 32 39 38 31 36 0 0 0 33 56 55 0 51 0 57 0 49 53 19 0 18 17 15 0 0 0 0 71 68 0 0 72 73 67 70 74 47 0 45 0 46 41 40 42 0 0 0 63 58 0 0 62 64 0 26 28 22 27 24 23 25 30 0 
5 8 6 0 10 0 9 11 4 15 21 13 14 20 0 18 17 16 41 48 0 40 45 44 43 0 42 65 64 0 60 59 66 0 58 62 28 23 0 26 0 22 30 25 29 80 0 78 3 81 1 76 79 2 0 52 0 53 55 50 49 51 57 0 74 72 67 0 69 71 73 68 35 37 31 0 33 0 34 39 38 
50 53 51 57 55 52 0 0 49 60 66 0 59 65 64 63 62 61 5 12 11 0 0 0 0 10 6 0 0 27 24 0 0 0 22 26 73 0 72 71 0 67 0 0 74 44 0 42 0 45 46 0 43 47 20 0 0 17 0 14 13 15 21 0 38 36 31 39 33 35 0 32 0 1 76 81 78 77 79 3 2 
0 17 15 21 19 0 18 20 13 0 0 22 0 29 28 27 26 0 50 0 56 49 0 0 52 55 51 74 73 0 69 68 75 70 67 71 37 0 36 35 33 0 0 34 38 8 5 6 0 9 0 4 7 11 65 0 63 62 0 59 58 60 0 79 2 81 76 0 78 0 0 0 44 46 0 0 0 41 43 48 47 
59 0 0 66 64 0 63 0 58 69 75 0 68 74 0 72 71 70 14 21 0 13 0 17 0 19 0 38 37 36 33 32 39 34 31 0 1 77 81 80 78 76 3 79 2 53 50 51 57 0 55 49 52 0 29 25 27 26 28 23 22 0 0 43 47 0 40 48 0 0 46 0 0 10 4 0 0 5 0 12 0 
32 35 33 39 37 34 36 0 31 42 48 40 41 47 0 0 0 43 68 0 74 67 72 0 70 73 69 0 0 9 6 5 12 7 4 8 55 50 0 53 51 0 57 0 56 26 23 0 30 27 0 0 25 29 0 79 81 80 1 77 0 78 3 16 20 18 13 0 15 0 19 0 62 64 58 63 60 0 61 66 0 
74 77 75 0 0 0 0 80 73 0 9 1 2 0 7 6 5 4 29 36 0 28 33 32 31 0 30 0 52 51 48 47 0 49 46 50 16 11 0 14 0 10 0 13 17 0 65 66 72 69 0 0 67 71 44 40 0 0 43 38 37 0 45 0 0 60 55 63 0 59 0 56 23 25 19 24 21 0 22 27 26 
0 68 66 0 0 67 69 71 0 75 81 73 74 80 79 0 77 76 0 0 0 0 0 0 22 25 0 44 43 42 39 0 0 0 37 41 7 2 6 0 0 1 9 4 0 59 56 57 0 0 61 55 58 62 35 0 33 32 0 29 28 30 36 49 53 51 46 54 0 0 52 47 14 16 10 15 12 0 13 18 17 
56 59 57 0 61 58 60 0 55 66 72 0 65 0 70 0 68 0 11 18 0 10 15 14 13 16 12 0 34 33 30 29 36 31 28 32 79 74 78 77 75 73 81 76 80 50 47 48 0 0 52 46 49 53 0 22 24 23 25 20 19 21 27 40 44 42 37 45 39 0 0 0 5 7 1 0 3 2 4 9 0 
11 14 12 18 16 13 15 0 10 21 27 19 0 0 25 0 23 22 47 54 0 46 0 50 49 52 48 71 0 69 66 0 72 67 64 68 34 29 0 0 0 28 36 31 35 5 2 3 9 6 7 1 4 0 62 58 60 0 0 56 55 57 0 76 80 78 73 0 75 77 79 0 41 43 0 42 0 38 40 45 0 
38 41 39 45 43 40 42 0 37 48 54 46 0 53 52 0 50 0 0 81 80 73 0 77 0 79 0 17 16 15 12 11 18 13 10 14 61 56 60 0 57 55 63 0 62 32 29 30 0 33 34 0 31 35 8 0 0 0 7 2 1 3 9 22 0 24 0 0 21 23 0 20 0 70 64 69 66 65 67 72 0 
0 50 0 0 0 49 0 53 46 0 63 0 56 0 61 60 0 0 2 9 8 1 6 5 4 7 3 26 25 0 0 20 27 22 19 0 70 65 69 68 66 64 72 67 71 41 0 39 45 0 43 0 40 44 0 0 15 14 16 11 10 12 18 31 0 33 28 0 0 32 34 29 0 79 73 78 75 0 76 0 80 
20 23 21 27 25 0 0 26 19 30 0 28 29 35 34 0 32 0 0 63 62 55 60 0 58 61 57 80 79 78 75 0 81 76 0 0 43 38 42 0 39 0 0 40 0 14 11 12 18 15 16 10 13 17 0 0 0 68 0 65 64 66 72 4 8 6 1 0 3 5 7 2 50 0 46 51 48 47 49 0 53 
0 5 3 0 0 4 0 8 1 0 0 0 11 17 0 15 14 13 38 45 44 37 42 41 0 0 39 62 61 60 57 56 63 58 55 59 25 0 0 23 21 19 0 22 26 77 0 0 81 78 79 73 76 80 53 49 51 50 0 47 46 0 54 0 71 0 0 72 0 68 0 65 32 34 28 0 0 29 0 36 35 
0 0 0 36 0 0 0 35 28 0 45 0 38 44 43 42 41 0 65 72 71 64 0 0 67 0 66 8 7 6 3 2 0 4 1 5 52 0 51 50 0 46 54 49 53 23 20 0 0 24 0 0 0 26 0 76 78 0 0 74 0 0 0 0 17 15 10 18 12 14 16 0 59 61 0 60 0 0 58 63 0 
0 0 38 44 42 39 41 0 36 47 0 45 46 52 51 0 0 48 0 80 79 0 77 76 75 78 74 16 0 14 11 0 17 12 9 13 0 0 59 58 56 54 62 0 61 31 28 0 35 0 33 27 30 34 7 3 5 4 6 1 81 2 8 21 25 23 18 26 20 0 24 19 67 69 63 0 0 0 66 0 0 
28 31 0 35 0 30 0 34 0 38 44 36 0 43 42 41 0 39 0 71 0 63 68 0 66 0 65 7 6 5 2 1 8 0 81 4 51 46 50 49 0 0 53 48 52 0 19 0 26 23 24 18 21 0 79 75 77 76 78 0 72 74 0 0 16 14 0 17 11 13 15 0 58 60 54 0 0 55 0 62 0 
55 0 0 62 60 57 59 61 54 0 0 63 64 70 0 0 0 66 10 17 16 0 14 13 12 15 11 0 0 32 29 28 35 30 27 31 78 0 77 76 74 0 80 75 79 49 46 47 53 50 51 45 0 52 0 21 23 22 24 0 18 0 0 39 0 41 36 44 38 40 42 0 4 0 0 5 2 1 3 8 7 
46 49 47 0 51 48 50 52 0 56 0 54 55 61 0 59 58 0 0 8 0 81 5 0 0 0 2 25 24 23 20 19 26 21 18 0 0 0 0 67 0 63 71 0 0 40 37 0 44 41 0 36 0 0 16 0 14 13 15 0 9 11 17 0 34 32 27 0 29 31 0 28 0 78 0 77 74 73 75 80 79 
19 22 0 26 24 21 23 25 18 0 35 0 0 34 33 0 0 30 0 62 61 54 59 58 57 60 56 0 78 77 0 0 80 75 72 0 0 37 41 40 38 36 44 39 43 0 10 11 0 14 0 9 12 16 70 66 0 0 69 64 63 65 0 3 7 0 81 8 2 4 0 1 49 0 45 50 47 46 0 0 52 
0 67 65 71 69 66 68 70 63 74 80 72 0 0 0 77 76 75 0 0 25 18 23 0 0 24 20 0 42 41 38 0 44 39 36 0 6 1 0 4 0 81 0 3 0 0 0 0 62 0 0 0 57 61 34 0 32 31 33 28 27 29 35 0 0 50 45 53 0 49 51 46 13 15 0 14 11 10 0 0 16 
1 4 0 8 6 3 5 0 81 0 17 0 10 0 15 14 0 12 0 44 43 36 41 0 39 42 38 61 0 59 0 55 62 57 54 58 24 19 23 0 20 18 0 0 25 76 73 74 80 77 78 72 0 0 52 48 50 49 0 46 45 0 0 66 70 0 63 71 65 0 69 64 31 33 27 32 29 28 30 35 0 
0 13 11 0 0 12 0 16 9 20 0 0 0 0 24 23 22 0 46 53 52 0 0 49 48 51 47 0 69 0 65 64 71 66 63 67 33 28 32 31 29 27 0 0 0 4 0 2 8 0 6 81 3 0 61 0 59 0 60 55 0 0 0 75 79 77 72 80 74 76 78 73 40 0 36 41 38 0 0 44 43 
73 76 74 80 78 75 0 79 72 2 8 81 1 7 6 5 4 3 28 0 34 0 32 31 30 33 29 52 0 50 47 46 53 0 45 49 15 10 14 0 0 0 0 12 16 67 0 0 71 68 69 63 0 70 0 39 41 0 0 0 36 38 0 0 61 0 0 62 0 0 0 55 22 0 18 0 20 19 0 26 25 
6 9 0 13 11 0 0 12 5 16 22 0 15 0 20 19 0 17 42 49 48 41 46 45 0 47 0 66 65 64 61 60 0 0 0 63 0 24 28 27 0 23 0 0 30 81 78 79 0 1 2 0 80 3 0 0 55 0 56 0 50 52 0 71 75 73 68 76 70 72 74 69 0 0 32 0 34 33 0 0 39 
24 0 25 31 29 26 28 30 23 34 40 0 33 39 38 37 36 35 60 67 66 0 64 0 62 65 61 3 2 1 79 0 4 80 77 81 0 42 0 45 43 0 49 44 48 18 15 0 0 19 20 0 17 21 0 0 0 0 74 69 0 70 0 8 0 10 5 13 0 9 11 6 54 0 50 55 52 51 0 0 0 
60 63 61 67 0 0 0 66 59 0 0 68 69 75 74 73 0 0 15 22 21 14 19 18 0 0 16 39 38 0 34 33 40 35 32 36 2 78 0 0 79 77 4 80 3 0 51 52 58 0 56 0 0 57 30 26 28 27 29 24 23 25 31 44 0 0 41 49 43 45 47 42 9 0 5 10 7 0 8 0 12 
33 0 34 40 0 35 37 39 32 0 49 41 42 48 47 0 0 0 69 76 75 68 73 0 71 0 0 12 0 10 7 0 13 0 5 9 0 0 55 0 52 0 58 53 57 0 0 25 0 28 29 23 26 30 0 0 1 81 2 0 77 0 4 17 21 19 0 22 16 0 20 15 63 65 59 0 61 60 62 67 66 
51 54 52 0 56 0 55 0 50 61 67 59 0 66 65 64 63 62 6 13 12 5 10 9 8 11 0 30 0 0 25 24 31 0 0 27 74 69 73 72 70 68 0 71 75 45 42 43 49 46 47 41 0 0 21 17 19 18 20 15 0 16 22 35 0 37 32 0 34 0 0 0 0 2 0 1 79 78 80 0 0 
15 0 0 22 20 17 0 21 14 25 31 23 24 30 29 28 27 0 51 58 57 50 0 0 0 56 0 75 74 73 70 69 76 71 68 72 38 33 0 36 34 32 40 35 39 9 6 0 13 10 11 5 8 12 66 62 0 63 0 60 59 61 67 80 3 0 0 4 0 81 2 78 45 0 0 46 43 42 0 0 48 
42 0 43 49 47 44 0 48 0 0 58 50 0 57 56 55 54 53 78 0 3 77 1 0 0 2 0 21 20 19 16 15 22 0 14 0 65 60 64 63 61 0 67 62 66 0 33 34 40 37 38 32 35 0 12 0 0 9 11 6 0 7 13 26 0 0 23 31 25 27 29 0 72 74 68 73 70 69 71 0 75 
69 0 70 76 74 71 73 75 68 79 4 0 78 3 2 0 0 0 0 0 30 23 28 0 26 0 0 48 0 46 0 42 0 0 41 0 0 6 10 9 0 5 13 0 12 63 60 61 67 64 0 0 0 66 39 35 37 0 0 0 32 34 40 53 57 0 50 0 52 54 0 51 18 0 14 19 16 15 17 22 0 
0 81 79 4 0 80 0 3 77 0 13 5 0 0 0 10 9 8 33 0 39 32 37 36 35 38 0 57 56 55 52 51 58 53 50 54 0 0 19 18 16 14 22 17 21 72 69 70 0 0 74 68 0 75 48 0 46 45 0 0 41 43 49 62 66 0 59 67 61 0 0 60 27 29 0 28 25 24 0 0 30 
58 61 59 65 0 60 62 64 0 68 74 66 0 73 72 71 70 69 13 20 19 12 0 16 15 18 14 37 36 35 32 0 0 0 30 34 81 76 0 0 0 75 2 78 1 0 49 50 0 53 54 48 0 55 28 24 26 25 0 22 21 23 29 0 0 44 39 47 41 0 45 40 0 9 3 8 0 0 6 11 10 
0 0 23 29 27 24 26 28 0 32 38 0 31 37 0 35 34 33 58 65 64 0 0 61 0 0 59 1 81 0 77 76 2 78 0 79 45 0 44 43 41 0 47 0 0 16 0 0 20 0 18 12 15 19 0 69 71 70 72 67 66 0 74 6 0 8 0 11 0 0 9 4 0 0 48 0 50 49 0 56 55 
76 79 77 2 0 0 0 1 0 0 11 3 4 10 9 8 0 6 31 0 37 30 35 0 33 0 32 55 54 0 50 49 56 51 48 52 18 13 17 16 0 12 20 0 19 70 67 68 74 71 72 66 69 73 0 42 44 43 45 40 39 41 0 60 0 0 57 65 59 0 63 58 25 27 21 26 23 0 24 29 0 
40 43 41 0 0 42 44 46 39 50 0 0 49 55 0 53 52 0 76 2 1 75 80 0 78 81 77 19 18 0 0 13 0 15 12 16 0 58 0 61 59 57 65 60 0 34 0 0 38 35 0 30 33 37 10 6 8 7 9 4 0 0 11 24 28 26 21 29 0 25 27 22 0 0 0 71 68 67 0 74 0 
67 0 68 74 0 69 0 73 0 77 2 75 0 0 0 0 79 78 22 29 28 21 26 0 24 0 23 0 45 0 41 40 47 42 0 43 9 4 8 7 5 0 11 0 10 61 58 59 65 0 0 57 0 64 37 33 35 34 36 0 30 32 0 51 55 53 48 56 50 0 54 49 0 0 0 0 14 0 15 0 19 
49 52 0 56 0 0 53 0 48 59 0 57 58 64 0 62 61 60 4 11 10 3 0 7 6 0 0 0 27 26 23 22 29 0 0 0 0 67 0 70 68 66 74 0 73 43 0 41 47 44 45 39 0 0 19 0 17 0 0 0 12 0 20 0 37 35 30 38 32 34 36 31 0 81 75 80 77 76 78 2 0 
0 7 0 0 9 0 8 10 3 14 20 12 13 0 18 17 16 0 0 47 46 39 44 0 42 45 41 64 0 62 59 58 0 60 0 0 0 22 26 0 0 21 29 24 28 79 76 77 2 80 0 75 78 1 0 51 0 52 54 49 48 50 56 69 0 0 0 74 0 0 0 67 34 0 30 35 32 31 0 38 37 
31 34 0 38 36 33 35 0 0 41 0 0 0 46 0 0 0 42 67 74 73 0 71 70 69 72 68 10 0 8 5 4 11 0 0 7 0 49 53 52 50 0 56 51 55 25 22 0 29 0 27 0 24 28 1 0 80 79 81 76 75 0 0 15 19 17 0 20 14 16 18 13 0 63 57 62 59 58 60 65 64 
13 16 14 20 18 15 17 0 12 23 29 21 22 0 27 26 25 24 49 56 55 48 53 52 51 54 50 73 72 71 68 0 74 0 66 0 36 31 0 0 0 0 38 0 0 0 4 5 0 8 0 0 0 0 64 0 62 61 63 0 57 0 65 78 1 80 75 2 0 79 81 0 43 45 39 44 41 40 42 0 0 
54 57 55 61 59 0 58 60 0 0 0 62 0 0 68 67 0 65 9 16 0 8 13 12 0 14 10 33 0 0 28 0 34 29 26 30 77 0 76 75 73 0 79 74 78 48 0 46 52 49 0 44 47 0 24 20 22 21 23 18 0 19 25 38 42 40 35 43 0 0 41 36 3 5 80 4 1 0 2 7 6 
0 75 73 0 0 74 76 78 71 0 0 0 0 0 5 4 0 2 27 34 33 0 0 30 0 32 28 51 0 49 46 0 52 0 44 48 14 9 13 0 10 0 16 11 15 66 63 64 70 67 68 0 65 0 42 38 0 0 41 36 0 0 0 56 60 0 0 61 55 57 0 54 21 0 17 22 19 18 0 25 0 
45 0 46 52 50 47 49 51 44 55 61 53 54 0 0 58 57 56 81 7 6 80 4 3 2 5 0 24 23 0 0 18 25 20 17 21 68 63 0 66 64 62 0 65 69 39 36 37 43 40 41 35 38 0 0 11 0 12 14 9 8 10 16 29 33 31 26 34 28 0 32 0 0 77 71 76 0 72 74 79 78 
63 0 64 0 0 65 67 0 62 0 79 71 72 0 77 76 75 74 18 0 0 17 22 0 20 0 19 0 41 40 37 36 43 38 0 39 5 81 4 3 1 80 0 2 6 0 54 55 61 0 59 53 0 60 33 29 0 0 32 0 26 0 34 47 51 49 44 52 0 0 0 45 12 14 0 13 10 0 11 0 15 
81 3 1 0 0 2 4 6 0 0 16 0 0 15 14 13 0 11 36 43 42 0 0 0 38 0 37 60 0 58 55 54 61 56 53 57 0 18 22 21 0 17 0 0 24 75 72 0 0 76 0 71 74 0 0 0 49 48 50 0 0 46 0 0 0 0 0 70 64 66 0 63 30 32 26 0 0 27 29 34 33 
27 0 28 34 32 29 31 0 0 37 43 0 36 42 41 40 39 38 0 70 69 62 67 0 0 0 64 6 5 0 0 0 7 2 80 3 50 45 49 0 46 0 52 0 51 21 18 19 25 22 0 17 0 24 78 74 76 75 77 72 71 73 0 0 0 0 8 16 10 12 14 9 0 59 0 0 55 54 56 61 60 
36 0 37 43 41 38 40 42 0 46 52 44 45 51 0 49 0 47 0 79 0 71 76 0 0 77 73 15 14 13 10 9 16 11 8 0 59 54 58 57 55 0 61 56 60 30 27 28 34 31 32 26 29 33 6 2 0 0 5 0 80 1 0 20 24 0 0 25 19 0 23 18 66 68 62 67 64 63 65 0 69 
18 21 0 25 23 20 22 24 17 28 34 26 27 0 0 0 0 29 54 0 0 0 58 57 56 59 55 78 77 0 73 72 79 74 0 75 41 36 0 39 37 35 43 38 0 12 9 10 16 0 14 0 11 0 0 65 67 0 68 63 62 0 0 0 0 4 80 0 1 3 0 81 0 50 44 49 0 45 0 0 0 
0 0 10 0 0 11 0 15 8 19 25 17 18 24 23 0 21 20 0 0 51 44 49 0 47 0 0 69 68 67 64 63 70 65 0 0 32 27 31 0 28 26 0 29 0 3 81 1 7 4 5 0 0 6 0 56 0 0 59 0 53 55 61 74 78 0 71 79 0 75 77 0 39 0 0 0 37 0 38 43 42 
0 0 62 68 66 63 0 67 0 0 77 69 70 76 75 74 73 0 0 23 22 15 20 19 0 21 0 40 39 38 35 34 0 36 0 37 0 0 2 0 80 78 5 81 0 55 52 53 0 56 57 51 54 58 31 27 29 0 30 25 0 0 32 45 0 47 0 50 44 0 0 0 0 12 6 0 8 7 9 0 13 
7 0 0 14 12 0 0 13 0 17 0 15 16 22 21 0 0 18 43 50 49 42 0 46 45 48 44 67 0 65 62 61 68 0 60 64 30 0 0 28 26 24 32 0 31 1 79 80 0 2 3 78 0 4 0 0 56 0 0 52 51 53 0 0 0 74 69 77 71 0 75 70 0 0 33 38 0 0 36 0 40 
0 19 17 0 21 0 20 0 0 0 32 24 25 31 30 29 28 27 52 0 0 51 0 55 0 57 53 0 75 74 71 70 0 72 69 73 39 34 0 37 35 33 41 36 40 0 7 0 0 0 12 6 9 0 67 63 0 0 66 61 60 62 0 0 4 0 78 5 80 1 3 79 0 48 0 0 0 43 0 50 49 
43 46 44 50 0 45 47 49 0 53 0 51 52 0 57 56 0 54 79 5 4 78 0 1 81 3 0 22 21 0 17 16 23 18 15 19 66 61 65 64 62 60 68 63 67 37 0 0 0 38 39 33 36 0 0 0 11 10 12 7 6 0 14 27 31 0 0 0 26 0 30 25 73 0 0 74 71 70 72 0 76 
70 0 71 77 0 72 74 76 0 80 5 78 79 4 0 2 0 0 25 32 31 24 0 28 0 30 26 49 48 0 0 43 50 0 0 46 0 7 11 0 8 0 0 9 0 64 61 62 68 0 66 0 63 67 0 36 38 37 0 34 33 0 41 0 0 56 51 59 53 55 57 52 19 21 15 0 17 0 18 23 0 
0 28 26 32 0 27 29 31 0 0 0 0 34 0 39 38 0 0 61 68 67 60 65 0 63 66 62 4 0 2 0 79 5 0 78 0 0 43 0 46 44 42 50 0 49 0 16 17 0 20 0 0 18 0 76 72 74 73 75 70 69 71 77 0 13 0 6 14 8 10 12 7 55 57 51 56 53 52 0 59 58 
79 1 80 0 3 81 2 4 78 0 14 0 7 0 12 11 10 9 34 41 40 33 0 37 0 39 35 58 57 0 53 52 59 0 51 55 21 0 0 19 17 0 23 18 0 73 70 0 0 0 75 69 72 76 49 0 47 0 48 43 42 44 0 0 67 0 0 0 62 0 66 61 28 30 24 29 0 0 0 32 0 
52 55 53 0 0 54 56 58 51 62 0 60 0 67 0 0 64 0 7 0 13 6 11 10 9 12 8 0 30 29 26 25 0 0 24 28 75 70 74 73 71 69 77 72 76 46 43 44 50 47 48 42 45 49 22 18 20 19 21 16 15 0 23 36 40 38 33 41 35 37 39 34 1 3 78 2 80 0 81 5 4 
34 37 0 41 39 36 38 0 33 44 0 42 43 49 48 47 46 45 70 77 0 69 74 0 72 75 71 13 12 0 0 7 14 9 6 10 57 52 56 0 53 0 59 54 58 0 25 26 32 29 30 24 0 31 0 81 2 1 3 79 0 0 5 18 22 20 15 23 17 19 21 16 64 66 0 65 62 61 0 0 0 
