9
52 45 0 0 51 0 46 0 0 66 68 0 62 64 0 70 65 0 0 40 39 0 42 0 0 43 38 16 15 0 13 10 11 12 0 8 7 5 0 3 0 1 0 0 0 28 31 29 33 0 34 30 0 32 0 55 59 0 61 53 57 60 0 76 0 0 73 79 72 71 0 0 19 18 0 0 17 25 24 23 22 
7 0 0 80 0 0 1 3 5 21 23 0 17 19 22 25 20 24 73 76 75 77 0 71 0 0 74 0 51 45 49 46 47 0 50 44 43 41 35 39 38 0 42 0 36 64 0 65 0 63 0 0 62 68 0 10 14 11 16 8 12 0 0 31 0 32 0 0 27 26 29 33 55 54 56 57 53 0 60 59 58 
0 63 65 62 0 67 64 66 68 3 5 81 0 0 4 0 2 6 55 0 57 59 60 53 54 61 56 0 33 0 31 28 29 0 32 26 25 23 0 21 20 0 24 22 18 46 49 47 51 45 52 0 44 50 72 73 77 74 79 71 75 78 76 13 12 14 0 16 9 8 11 15 0 36 0 0 35 43 0 41 40 
0 54 0 0 0 58 0 57 0 75 77 72 71 73 76 79 74 0 46 0 48 50 51 0 45 52 0 25 0 18 0 19 20 21 0 17 0 14 8 0 11 10 15 0 9 37 0 38 42 36 43 39 0 41 63 64 68 65 70 0 66 69 0 4 0 5 1 7 81 0 0 6 28 27 29 30 0 0 0 32 31 
0 9 0 8 15 13 10 12 0 30 32 0 0 28 31 34 0 33 1 4 3 0 6 0 0 0 2 61 60 54 58 55 56 57 59 53 52 0 44 48 47 0 51 49 45 0 76 0 0 72 0 0 71 0 18 19 0 20 25 17 21 24 22 0 0 0 37 0 0 0 38 0 0 63 0 0 0 70 69 68 67 
43 0 38 35 42 40 37 39 41 0 0 54 0 0 58 61 56 60 28 31 30 32 33 26 27 0 29 7 6 81 4 1 0 3 5 80 0 0 0 75 0 73 78 76 72 19 22 20 24 18 0 21 0 23 0 46 50 47 52 44 48 0 0 67 66 68 64 70 0 0 0 69 10 9 11 0 8 16 15 14 13 
0 0 74 71 78 76 0 75 77 12 14 9 8 10 13 16 0 15 64 67 0 0 0 62 63 70 0 43 42 36 40 37 38 39 41 35 34 0 26 30 29 28 33 31 27 55 58 56 60 54 0 0 53 59 81 1 5 0 7 80 3 6 4 22 21 23 19 25 18 17 20 24 46 45 0 48 44 52 0 50 49 
34 0 29 26 33 0 28 30 32 48 0 0 0 0 49 0 0 51 19 22 0 23 24 17 0 25 20 79 78 0 76 73 74 75 77 71 0 68 62 66 65 64 0 67 0 0 0 0 15 0 16 12 8 14 36 37 41 0 0 35 39 42 40 58 57 0 55 61 54 53 56 0 1 81 0 3 80 7 0 0 4 
25 18 0 17 24 0 0 21 23 0 41 36 0 37 40 43 0 0 10 13 12 14 15 8 9 0 11 70 69 63 67 64 65 66 0 62 0 0 53 0 56 55 60 0 54 0 4 2 6 81 7 0 80 0 27 28 32 29 34 26 0 33 0 49 48 0 46 52 45 0 47 51 0 72 74 0 71 79 0 77 0 
76 0 71 68 75 73 70 0 74 9 11 6 5 0 10 13 8 12 61 64 0 0 0 59 60 67 62 40 39 33 37 0 35 0 38 32 0 29 23 27 26 25 30 28 0 52 55 53 57 51 58 0 50 0 78 0 2 80 4 77 81 3 1 19 18 20 0 0 15 14 17 0 43 42 44 45 41 49 48 0 46 
0 24 26 23 30 28 25 0 29 45 47 42 0 43 46 0 0 48 16 19 18 20 21 0 0 22 17 0 75 69 73 70 0 72 74 68 0 65 59 0 62 61 0 64 60 0 10 8 12 6 13 0 5 11 33 34 0 35 40 32 0 39 0 55 0 56 0 0 0 50 0 57 0 78 80 0 0 0 3 0 1 
0 60 62 59 66 64 61 63 65 81 2 78 77 79 1 4 80 3 52 55 0 56 57 50 51 58 0 31 0 24 28 0 26 27 29 23 22 20 0 0 17 0 21 19 0 43 46 44 48 42 49 0 41 47 69 0 74 0 76 68 0 75 73 10 9 0 0 13 6 0 0 0 34 33 35 36 32 0 39 38 37 
40 33 35 32 0 37 34 36 38 54 56 0 50 52 55 58 53 57 25 0 27 29 30 23 24 31 26 4 3 78 1 0 80 0 2 77 76 74 0 0 71 70 75 0 69 16 19 0 0 15 22 18 14 20 0 43 47 44 0 0 45 48 46 0 63 65 61 67 0 0 0 66 7 0 8 9 5 13 12 0 10 
4 78 80 77 0 1 0 81 2 0 0 15 14 16 19 22 17 0 70 73 0 74 75 0 69 76 71 0 48 42 46 0 44 0 0 41 0 38 32 36 0 0 39 0 33 0 64 62 66 0 67 0 59 0 6 0 11 0 13 0 9 0 10 28 27 29 25 0 24 23 26 30 52 51 53 54 50 58 57 56 55 
22 0 17 0 0 0 0 18 20 0 0 0 32 34 37 40 35 0 7 0 0 0 12 5 6 13 8 67 0 60 0 0 62 0 65 0 58 56 0 54 53 52 0 55 0 0 1 80 3 78 4 81 77 2 0 25 29 26 0 0 27 0 28 46 45 47 43 49 42 41 0 48 70 69 71 72 68 0 75 0 73 
49 0 0 0 48 46 43 0 0 0 0 60 59 0 64 0 62 66 34 37 36 0 0 32 33 40 0 13 0 6 10 7 8 0 11 5 4 2 77 0 80 79 3 1 78 0 0 26 30 24 31 0 23 0 0 52 56 53 58 50 54 57 0 0 72 74 70 0 69 68 0 75 0 0 17 18 14 0 21 0 19 
0 51 0 50 57 0 52 54 56 72 74 69 0 70 73 76 0 0 43 0 45 47 48 0 42 49 0 0 21 15 19 0 17 18 20 14 13 11 5 0 0 7 0 10 6 34 0 35 39 33 0 36 32 38 60 0 65 62 67 0 0 0 0 0 81 0 79 0 0 77 80 0 25 24 26 27 0 0 30 29 28 
13 6 8 0 12 10 0 9 0 27 29 0 23 25 28 31 0 0 79 0 81 0 3 77 78 4 0 58 57 51 0 52 0 54 0 50 0 47 41 45 44 43 0 46 0 70 73 0 75 0 0 72 0 74 0 16 20 0 0 14 18 21 0 37 36 38 34 0 33 32 35 39 61 60 62 63 0 0 66 0 64 
3 77 79 0 2 0 78 0 1 0 0 14 13 15 18 0 16 20 69 72 71 73 0 67 68 75 70 48 47 0 45 0 0 0 0 40 0 37 31 0 0 0 0 36 0 60 0 61 0 59 0 62 58 64 0 6 0 0 0 0 0 11 0 27 26 28 0 30 23 22 25 29 51 50 52 53 49 57 56 0 0 
66 59 0 58 65 63 0 62 0 0 1 77 76 0 0 0 79 0 51 54 0 0 56 49 50 57 52 0 0 23 0 24 25 26 0 22 0 0 0 0 0 0 0 18 14 42 45 43 0 0 48 44 40 46 68 69 0 0 75 0 0 74 72 9 0 10 6 12 5 4 7 0 0 0 34 35 31 0 38 37 36 
48 41 43 40 47 45 42 44 46 0 64 59 58 60 63 0 61 65 33 36 35 37 38 31 32 39 34 0 11 5 0 6 7 8 0 4 3 1 0 80 79 78 2 81 77 24 27 0 29 0 30 26 22 28 50 51 0 52 0 49 53 0 54 72 0 73 69 75 68 67 70 0 15 14 0 17 0 21 20 0 0 
30 23 25 0 29 27 0 26 0 44 46 41 40 42 0 48 43 47 15 18 17 19 0 13 14 21 16 75 74 68 0 69 0 0 73 67 66 64 58 62 61 0 65 63 59 0 9 0 11 5 12 8 0 10 32 33 0 34 39 31 35 38 36 54 53 55 0 0 0 49 0 56 78 0 79 80 76 0 2 0 81 
39 32 0 31 38 36 0 35 37 53 0 50 49 51 54 0 0 56 24 27 26 28 0 22 23 0 25 3 0 77 0 78 79 80 1 76 75 73 0 71 70 69 74 72 68 15 0 16 20 14 0 0 0 19 41 42 0 0 48 0 44 47 45 0 62 0 60 66 59 0 0 65 6 5 0 8 0 12 0 10 9 
0 50 52 0 56 54 51 53 55 71 73 68 67 69 72 75 70 0 42 0 44 46 0 0 41 48 43 21 20 14 18 15 16 17 19 13 0 10 4 8 7 0 11 0 0 33 0 34 38 32 39 35 0 0 0 60 0 61 66 58 62 65 63 0 0 1 78 3 0 0 0 0 24 23 0 26 0 30 29 28 0 
75 68 70 67 74 72 69 71 73 8 10 5 0 6 9 12 7 11 0 0 0 64 65 58 59 66 0 39 38 32 36 33 34 35 0 31 0 28 22 26 25 0 29 0 23 0 0 52 56 50 0 53 0 55 0 78 0 79 3 76 80 2 81 18 17 0 0 0 0 13 16 20 42 41 43 0 40 0 47 46 0 
12 0 0 0 11 0 6 8 10 26 28 0 22 24 0 30 0 0 78 0 80 1 0 76 0 3 79 0 56 0 0 51 52 53 55 49 48 46 40 44 0 42 47 45 0 0 72 0 0 68 75 71 67 73 14 15 19 16 21 13 17 20 18 36 35 0 33 0 0 31 34 38 0 59 61 0 58 0 65 64 0 
21 0 16 13 20 0 15 17 19 0 37 32 31 0 36 39 34 38 6 9 8 0 0 4 5 0 7 66 0 59 63 0 0 62 0 0 57 55 49 53 0 0 56 0 50 0 0 0 0 77 3 80 76 1 23 0 28 25 0 22 26 29 0 0 44 0 42 48 41 40 0 47 69 68 70 71 67 0 74 73 0 
0 0 67 64 0 0 0 68 70 5 0 2 1 3 0 9 4 8 57 60 0 61 0 55 56 63 58 36 35 0 0 30 31 32 34 0 27 25 19 23 22 0 26 0 20 48 51 0 0 0 54 0 46 52 74 75 79 76 81 73 0 0 78 15 14 16 12 18 0 10 0 17 39 0 40 41 0 45 0 43 0 
18 0 13 0 17 15 12 14 16 0 34 29 28 30 33 36 31 35 3 6 0 7 0 0 2 9 4 63 0 0 60 0 58 59 61 55 54 52 46 50 49 48 0 51 47 75 78 76 0 74 0 0 0 79 0 21 0 22 27 19 0 26 0 42 41 43 39 45 38 37 0 44 0 65 67 68 0 72 0 0 0 
0 0 76 73 80 78 75 0 79 14 0 11 10 0 0 18 13 0 0 69 68 0 71 64 65 72 67 45 44 38 42 39 40 0 0 37 0 34 28 32 0 0 0 33 29 57 60 58 0 56 63 59 0 0 2 3 0 4 9 0 5 8 6 24 0 25 21 0 0 19 22 0 0 0 0 0 46 0 53 0 0 
54 47 0 46 53 51 48 50 52 68 0 65 64 66 0 72 67 0 0 42 41 43 44 37 0 45 40 0 0 0 0 12 0 0 0 10 9 7 0 5 4 0 8 6 2 30 33 31 35 0 36 32 28 34 0 0 61 0 0 55 0 62 60 78 0 79 0 0 74 73 76 0 0 20 0 0 19 0 0 25 24 
9 2 0 1 8 6 0 0 0 23 25 20 19 21 0 27 22 0 75 78 77 79 80 0 74 0 76 0 0 47 0 0 0 50 52 46 45 43 37 41 0 39 0 42 0 66 69 67 71 0 72 68 64 0 11 12 0 13 18 10 14 17 15 0 32 34 30 36 29 28 31 0 57 0 58 0 0 63 0 61 60 
45 38 40 0 0 42 39 41 43 0 61 56 0 57 60 63 58 0 30 0 32 34 35 28 29 0 0 9 8 0 0 3 0 0 7 1 81 79 73 0 76 75 80 0 74 0 0 22 0 20 27 0 19 0 0 0 0 49 54 46 50 0 0 69 68 70 66 72 65 64 67 71 12 0 13 0 10 0 17 16 15 
0 0 58 55 62 60 0 59 61 0 0 0 73 75 78 81 76 80 48 51 50 0 53 0 47 54 49 27 0 20 0 0 0 23 0 19 18 16 10 0 13 12 17 15 11 39 0 0 44 0 45 41 0 43 65 66 70 67 0 0 0 71 69 6 5 0 3 9 0 1 4 8 0 0 31 0 28 36 35 0 33 
27 0 0 0 0 24 21 23 25 41 43 38 37 39 42 45 40 0 12 0 14 16 0 10 11 18 13 0 71 0 69 0 67 0 0 64 0 61 55 59 58 57 62 60 0 3 0 4 0 2 9 5 1 7 0 30 0 0 0 28 0 35 33 51 0 52 48 0 47 46 49 53 75 74 0 0 0 81 80 0 0 
0 0 31 0 35 33 30 32 0 50 52 47 0 48 51 54 49 53 21 0 23 0 26 19 0 0 22 0 80 74 0 0 0 77 79 0 0 70 64 68 67 66 0 69 65 12 15 13 17 11 18 0 0 16 38 39 43 0 45 0 0 44 42 60 0 61 57 63 56 55 58 62 3 2 4 0 1 9 8 7 6 
0 57 59 56 63 61 0 0 62 78 80 75 74 76 79 1 77 81 49 52 51 53 54 47 48 55 0 28 0 21 25 22 23 24 26 20 19 17 0 15 14 13 18 0 12 40 43 41 45 39 46 0 0 0 0 67 71 68 0 65 0 72 70 7 6 8 4 0 3 2 0 0 31 30 32 33 29 37 0 35 0 
0 21 0 20 0 25 22 0 26 42 44 39 0 0 43 46 41 45 13 16 0 17 18 11 0 0 14 0 72 66 70 67 68 0 71 65 64 62 56 0 59 58 63 0 57 4 0 0 9 3 0 0 2 0 30 31 35 0 37 29 33 0 34 52 51 0 49 55 48 47 0 0 0 75 0 78 74 1 0 80 0 
37 0 0 29 0 34 31 0 35 51 0 0 47 49 52 55 50 54 22 25 24 26 27 20 21 28 23 1 0 75 79 76 77 0 0 0 0 0 65 0 0 0 72 70 66 0 16 0 0 12 19 15 11 0 39 40 44 0 46 38 42 45 0 0 0 0 58 64 57 56 59 63 4 0 5 6 0 10 9 8 0 
0 66 68 65 72 0 67 0 71 6 8 0 2 4 7 10 5 9 0 61 60 62 63 0 57 64 59 0 36 30 34 0 32 33 35 29 28 26 20 24 23 22 0 0 0 49 52 0 54 48 55 51 0 53 0 76 80 0 0 0 0 0 79 16 15 17 0 19 12 11 0 18 40 0 41 42 38 46 45 44 0 
0 0 0 2 9 0 4 6 8 24 26 21 20 22 0 0 23 27 76 0 0 80 81 74 75 1 77 55 54 48 52 0 50 51 0 0 46 44 38 0 0 0 45 43 0 67 70 68 72 66 73 69 0 71 12 13 17 14 19 11 0 18 0 34 0 35 31 37 30 29 32 36 58 57 59 60 56 64 63 62 61 
46 39 41 38 45 0 40 42 0 60 62 57 56 58 0 64 59 63 31 0 0 0 0 29 0 37 0 0 0 3 7 4 0 0 8 2 1 80 0 78 77 76 0 79 75 22 0 23 27 21 0 0 0 26 48 49 53 50 0 0 51 54 52 0 69 71 67 0 66 0 68 72 13 0 14 15 11 0 18 17 16 
1 75 0 0 0 79 0 78 0 0 17 12 11 13 16 19 14 0 0 70 69 0 72 65 66 73 68 46 45 39 43 40 41 0 44 38 0 0 29 33 32 31 36 34 0 58 0 59 63 0 0 60 56 0 3 4 8 5 10 2 6 0 7 25 24 26 22 28 0 20 23 27 49 48 0 51 0 0 54 53 52 
0 0 14 11 0 0 13 15 17 0 35 30 29 0 34 0 32 36 0 7 6 0 9 2 3 10 5 64 63 0 61 58 59 60 0 56 55 0 47 0 0 0 54 52 48 76 79 77 81 75 1 78 74 0 21 0 26 23 0 20 24 27 25 43 0 44 40 0 0 0 0 45 67 66 68 69 65 73 72 0 70 
55 0 50 0 54 52 0 51 53 0 71 66 65 67 70 73 68 72 40 43 42 44 45 38 0 0 41 19 18 0 16 0 14 15 0 0 10 8 0 6 5 4 0 7 3 0 34 0 0 30 37 33 29 35 57 0 62 0 0 56 0 0 61 0 78 80 76 1 75 74 0 81 22 21 23 24 20 0 27 0 25 
53 46 48 45 52 50 47 49 0 67 0 64 0 65 68 71 66 70 38 0 0 42 43 0 0 44 0 0 0 10 14 11 12 13 15 0 8 6 81 4 0 0 7 0 1 0 32 30 0 28 35 31 27 33 55 56 0 0 62 54 58 61 59 77 76 0 0 0 0 0 75 0 20 0 21 22 18 26 25 24 0 
71 0 66 63 0 0 65 67 69 4 0 1 81 2 5 8 0 7 56 59 0 60 0 0 55 0 57 35 34 28 32 29 30 31 0 27 26 0 18 22 0 20 25 23 19 47 50 48 0 46 53 0 45 0 73 74 78 0 80 72 76 0 77 14 0 15 11 17 10 9 12 0 38 37 39 0 36 44 43 42 41 
44 37 0 36 0 41 38 40 42 58 0 55 0 56 59 62 0 0 29 0 0 0 34 27 0 35 30 8 7 0 5 2 3 4 6 81 80 78 72 0 75 74 0 77 73 20 23 21 0 19 26 22 18 24 46 47 51 0 53 45 49 0 50 0 0 0 0 0 0 63 66 70 11 10 12 0 0 0 16 15 14 
62 0 0 0 61 59 0 58 60 76 78 73 0 74 77 0 75 0 47 50 0 51 52 0 0 53 0 26 25 19 23 20 21 22 24 0 0 0 9 13 0 0 0 14 10 0 41 39 43 37 44 40 36 42 0 65 69 66 71 63 67 0 0 5 4 6 2 8 1 81 3 0 29 28 0 31 27 35 0 33 0 
8 1 3 81 0 5 2 0 6 22 24 19 18 20 23 26 0 25 0 0 76 78 79 72 0 0 0 53 0 46 50 47 48 0 51 45 44 42 0 40 39 38 0 41 37 0 68 66 70 0 71 67 63 0 10 0 15 0 17 9 0 16 14 0 31 33 0 0 0 27 30 0 0 0 57 58 54 0 61 60 59 
35 28 30 27 34 0 29 31 33 0 51 46 45 47 0 0 48 0 20 23 22 24 0 18 19 0 0 80 0 73 77 0 75 76 0 0 71 69 63 67 0 65 70 68 0 11 14 12 0 0 17 13 9 0 0 38 0 39 44 36 40 43 41 59 58 0 56 62 0 54 57 61 0 1 3 4 81 8 0 6 5 
0 0 12 0 0 14 11 0 15 31 0 28 0 0 32 35 0 34 0 0 4 6 7 0 1 8 3 0 61 55 59 56 57 58 60 54 53 51 45 49 48 0 52 50 0 74 77 75 0 73 80 0 72 0 0 20 24 0 26 18 0 25 0 41 40 42 0 0 37 0 39 43 0 64 66 67 63 71 70 0 68 
26 0 0 0 25 23 20 0 0 40 42 0 36 38 0 44 39 43 11 14 13 15 0 9 10 17 12 0 70 0 68 65 0 67 0 0 62 60 54 58 57 0 61 59 55 2 5 0 7 1 0 4 81 6 28 0 0 30 35 27 0 0 32 50 49 51 47 0 0 45 48 52 74 73 75 76 72 80 0 78 77 
80 73 75 72 79 0 74 0 78 0 0 10 9 0 14 17 0 16 65 0 67 69 0 63 0 71 66 0 43 37 41 38 39 40 42 0 35 33 0 31 0 29 34 32 28 56 59 57 0 55 62 0 54 60 0 2 0 3 8 0 4 7 5 23 22 24 20 26 19 18 21 0 47 46 48 49 45 53 52 0 0 
74 67 69 66 73 71 0 0 0 7 0 0 3 5 0 11 0 10 0 62 0 0 64 57 0 65 60 38 37 31 35 32 0 34 36 30 0 27 21 25 24 23 0 26 0 0 53 0 55 49 56 52 48 54 0 77 81 78 2 75 79 1 80 0 0 18 14 20 0 12 15 19 41 0 42 0 39 47 46 45 44 
20 13 0 12 0 17 14 0 0 0 36 31 30 32 35 38 33 0 5 8 7 0 0 0 4 0 0 65 0 0 62 59 60 61 0 0 56 54 48 0 0 50 0 53 49 77 80 78 0 76 2 79 75 81 22 23 27 24 29 0 25 28 0 0 43 45 41 47 0 39 42 46 68 0 69 70 0 74 73 0 71 
0 58 0 57 64 62 59 0 63 79 0 0 75 0 0 2 78 0 50 53 0 0 0 0 49 56 51 29 28 22 26 0 24 25 0 21 20 0 12 16 15 0 19 17 0 41 44 42 46 40 0 43 0 45 67 68 72 69 74 66 0 73 71 8 7 9 5 11 4 3 0 0 32 31 0 34 0 38 0 36 35 
2 76 78 75 0 80 0 0 0 0 0 13 12 0 17 20 15 19 0 71 0 72 73 66 67 74 69 0 0 40 0 41 0 0 45 0 0 36 0 34 33 32 0 35 31 59 62 60 64 58 65 61 57 63 0 5 0 0 11 3 7 10 0 26 25 27 23 29 0 21 0 0 50 49 51 52 48 56 55 54 53 
0 22 0 0 0 26 23 0 27 43 0 40 39 41 0 47 42 46 0 17 16 18 0 0 13 20 15 0 73 67 0 68 69 70 0 66 65 0 0 61 60 0 0 62 58 5 8 6 10 4 11 7 3 9 31 0 36 33 38 0 34 37 35 0 52 54 0 56 0 48 0 55 77 76 78 79 75 2 1 81 80 
0 4 6 3 10 8 5 7 0 0 27 0 21 0 0 0 24 28 77 80 79 0 1 75 76 0 78 0 55 49 53 50 51 52 0 0 0 45 0 43 42 0 46 0 40 68 71 69 73 67 74 70 66 72 0 0 18 15 20 12 16 19 17 35 34 0 32 38 31 30 33 37 59 0 60 61 57 0 0 63 62 
38 31 33 30 0 35 32 0 36 0 0 49 48 50 0 56 51 55 23 26 25 27 28 21 22 29 0 2 1 76 0 77 78 79 0 75 74 72 0 0 69 68 73 71 67 0 17 0 0 13 0 16 12 0 0 0 45 42 47 39 0 0 44 62 61 0 59 65 58 0 60 64 0 4 6 7 3 11 10 9 8 
47 40 0 39 46 44 41 43 45 61 63 58 0 59 62 0 0 0 0 35 34 36 37 0 0 38 33 11 10 0 0 0 0 7 9 0 2 81 0 79 78 0 1 80 76 23 0 24 0 22 29 25 21 27 49 50 0 51 0 0 52 0 53 71 70 72 68 74 67 66 69 73 14 0 15 16 0 0 0 18 0 
0 49 0 48 55 53 50 52 54 0 72 0 66 68 71 74 69 73 0 44 43 45 46 0 40 47 42 20 19 13 17 14 15 16 18 12 11 0 0 7 6 5 10 8 4 0 35 33 37 0 38 34 30 36 58 0 63 60 65 57 0 64 62 0 79 0 0 2 0 0 78 1 23 0 24 25 0 29 28 27 26 
50 43 0 0 49 47 44 46 48 64 66 61 60 62 65 0 63 67 35 38 37 0 40 33 34 41 0 0 13 7 11 0 0 0 0 6 0 3 0 1 0 0 0 2 79 26 29 27 0 0 32 0 24 30 0 0 0 54 59 0 0 0 56 74 0 75 71 77 70 69 72 76 17 16 18 19 0 23 0 0 0 
0 61 63 60 67 65 62 0 0 1 3 79 78 80 0 5 0 0 53 56 55 57 58 0 0 59 54 32 31 25 29 0 27 28 30 0 23 21 15 0 18 17 22 20 0 44 47 0 49 0 0 0 42 0 70 71 0 0 77 69 0 0 0 11 10 0 8 14 7 0 9 13 0 0 36 0 33 41 40 39 38 
0 0 81 0 4 2 80 1 0 19 21 16 15 17 20 0 18 22 0 74 73 0 76 0 70 77 0 50 49 43 47 44 45 46 48 42 41 0 33 37 36 35 40 38 0 62 65 63 67 61 0 0 0 66 0 8 12 0 14 6 10 13 11 29 0 30 26 32 0 24 0 31 53 52 0 55 0 59 58 0 56 
41 34 36 0 40 38 35 0 0 55 57 52 51 53 0 59 54 58 26 29 0 0 31 24 0 0 27 5 4 79 2 80 0 1 3 78 0 0 69 73 72 71 0 74 0 17 20 18 22 16 23 19 15 21 43 44 48 0 50 42 46 49 47 0 64 0 62 68 0 0 63 67 8 7 9 0 0 14 13 12 11 
32 0 27 24 0 29 0 0 30 46 48 43 42 0 47 50 45 49 0 20 0 21 22 15 16 23 18 0 76 70 74 0 72 73 75 69 0 66 0 64 0 62 0 65 0 8 0 9 13 7 14 10 0 12 34 35 0 36 41 33 37 0 0 56 0 0 53 59 52 51 54 0 80 0 81 1 0 0 4 3 0 
59 52 54 51 58 56 53 55 57 0 0 70 69 71 74 77 72 76 44 47 46 48 49 42 0 50 45 0 22 0 20 0 18 0 21 15 14 12 6 10 9 0 13 11 7 35 38 0 40 34 41 37 33 39 61 0 66 63 68 60 64 0 65 2 1 0 80 0 79 78 81 0 26 25 0 28 0 32 0 30 29 
14 7 0 6 13 0 8 10 12 28 0 25 0 26 29 32 27 31 0 0 1 3 4 78 79 5 0 0 0 0 56 53 54 55 0 51 0 48 0 46 45 0 49 47 43 71 74 72 76 70 0 0 0 75 16 0 21 0 23 15 19 22 20 0 37 39 0 41 0 0 0 40 0 61 63 0 60 68 67 66 65 
0 70 72 0 76 74 71 73 75 10 12 0 6 8 0 14 0 0 62 65 0 66 0 60 61 68 63 41 40 34 38 35 36 37 39 0 32 30 24 0 27 26 0 29 25 0 56 54 58 52 59 55 0 57 79 80 3 81 5 0 1 4 2 20 19 21 17 23 16 15 18 22 44 0 45 46 42 50 49 0 0 
0 0 0 15 22 20 17 19 21 0 39 34 33 35 38 41 36 40 0 11 10 12 13 0 0 14 9 0 67 61 0 62 0 0 66 0 59 57 51 0 54 53 0 56 0 80 2 0 4 79 0 1 78 0 25 0 30 27 32 24 28 0 29 47 46 48 44 50 43 0 45 49 0 70 0 73 69 0 76 75 74 
0 35 37 34 41 39 36 0 0 56 58 53 52 0 0 0 55 59 0 0 29 31 32 25 26 0 28 6 0 80 3 81 1 2 4 0 78 76 70 74 73 0 77 75 71 0 21 19 23 17 24 0 16 22 0 45 0 0 0 43 47 50 48 0 0 67 63 69 0 61 64 0 9 8 10 0 7 15 14 13 12 
6 80 1 0 5 3 0 0 4 20 0 17 0 18 21 24 0 0 0 75 74 76 77 0 71 78 73 51 50 0 0 45 0 47 49 43 42 0 34 0 0 36 41 39 35 0 66 64 68 62 69 0 61 0 8 9 13 10 15 7 0 14 12 30 29 0 27 33 26 25 0 32 54 53 55 56 52 60 0 0 0 
78 0 73 0 77 0 72 74 0 11 13 8 0 0 12 0 10 14 63 0 65 0 68 0 62 69 0 0 0 35 39 36 0 38 0 34 33 31 25 0 28 27 32 0 26 54 57 55 0 0 60 0 52 0 80 81 4 1 6 79 2 0 0 21 20 22 18 24 17 0 19 0 45 44 46 47 43 51 50 49 48 
69 62 64 61 68 66 63 0 0 2 4 80 79 81 0 0 1 5 0 0 0 58 59 0 0 60 0 33 32 0 0 27 28 29 31 25 0 0 0 20 19 18 23 0 0 0 0 46 0 0 51 47 43 49 71 72 76 73 78 70 74 77 0 12 0 13 0 15 8 0 0 0 36 35 0 0 0 42 41 40 39 
15 8 10 7 0 12 9 11 0 29 0 0 0 0 30 0 28 32 81 3 0 4 5 79 80 0 1 60 59 53 57 54 55 56 0 52 0 0 43 47 46 45 0 48 44 72 75 73 77 71 78 74 70 0 17 0 22 19 0 0 20 23 21 0 38 0 36 42 35 0 37 41 63 62 64 65 61 69 0 67 66 
33 0 28 25 0 30 0 29 0 47 49 44 43 45 48 51 46 50 18 0 20 0 23 16 0 0 19 78 77 71 75 72 0 0 76 0 69 67 61 0 64 63 0 66 62 9 12 10 0 8 15 0 7 13 0 36 40 37 42 34 38 41 0 0 56 0 54 0 0 0 55 59 81 80 0 2 79 0 0 0 3 
0 53 55 52 0 57 54 0 58 0 76 0 70 72 75 0 73 77 0 48 0 49 50 43 44 0 46 24 0 17 21 18 0 0 22 16 0 0 7 11 10 0 0 12 0 0 39 0 41 35 0 38 34 40 0 0 67 64 0 0 65 68 0 3 2 4 81 6 80 79 1 5 27 0 0 0 0 33 32 0 30 
24 0 0 16 23 21 18 0 22 38 40 35 0 36 39 0 0 41 9 12 11 13 14 7 8 15 10 0 68 0 0 63 64 65 67 0 60 58 52 0 55 54 0 57 0 0 3 0 0 80 0 2 79 4 0 27 31 0 33 0 29 32 30 48 0 49 0 51 44 43 46 0 0 71 73 74 0 78 0 76 75 
0 44 46 43 0 48 45 0 0 65 67 62 61 0 0 69 64 68 36 39 0 40 0 0 35 42 37 15 14 8 12 9 10 11 13 7 6 4 79 2 1 81 0 3 80 0 30 0 32 26 0 0 25 31 53 54 58 55 0 52 56 59 57 75 74 0 72 78 0 70 73 77 18 17 19 20 16 24 23 22 0 
