9
0 0 23 30 29 27 31 0 28 0 78 0 81 77 1 4 0 79 0 0 5 10 12 9 13 8 6 58 51 57 54 0 52 56 55 0 0 62 63 66 0 65 59 60 0 0 70 0 0 76 72 71 68 75 42 47 48 45 0 41 0 44 49 0 38 0 36 39 40 32 37 0 18 0 20 15 19 21 0 14 0 
44 43 41 48 0 45 0 42 46 17 15 20 0 14 0 0 21 0 25 29 0 28 30 27 0 0 24 0 69 0 72 0 0 74 0 68 4 80 81 3 0 0 77 78 1 11 7 6 10 13 9 8 5 12 60 0 66 63 61 59 0 62 67 53 0 0 54 57 58 0 55 0 36 0 0 0 37 0 34 0 40 
53 0 50 57 56 54 58 0 55 0 24 29 0 23 28 31 0 25 0 38 32 37 39 0 40 35 33 4 0 3 81 80 79 0 0 77 0 8 0 0 0 11 0 6 10 20 16 15 19 0 18 17 0 0 69 74 75 72 70 0 73 71 76 62 65 61 63 66 67 0 0 60 45 0 47 42 46 0 43 41 0 
0 0 32 39 38 36 0 33 0 8 0 11 9 5 10 13 12 7 16 20 14 0 21 18 22 17 15 67 60 66 63 62 61 65 64 59 0 71 72 75 70 74 68 69 73 0 79 78 1 4 81 0 77 3 51 0 0 54 52 50 0 53 58 44 47 0 45 0 49 41 0 42 0 0 29 24 28 0 25 23 0 
62 0 59 66 65 0 67 60 64 0 33 38 36 0 37 40 39 34 43 47 41 46 0 45 49 44 42 0 0 0 9 8 7 11 10 0 0 17 18 21 16 20 0 15 19 0 25 0 28 31 27 26 0 30 78 2 3 0 0 77 1 0 4 71 74 0 72 0 0 68 73 69 54 53 56 0 55 57 0 50 0 
8 0 5 12 11 9 0 6 10 0 60 0 63 59 64 67 0 61 70 74 68 73 75 72 0 71 69 0 33 0 36 0 34 38 37 32 49 44 45 48 43 47 41 42 46 56 52 0 55 58 54 53 0 57 24 29 0 27 25 23 28 0 31 17 20 16 18 21 22 14 19 0 81 80 2 78 1 0 0 77 4 
17 16 14 0 20 0 22 0 19 71 0 74 72 68 0 0 75 0 79 2 77 1 3 81 4 80 78 49 42 48 0 44 43 0 46 41 58 53 0 0 52 0 0 51 0 65 61 60 0 67 0 0 59 66 0 38 39 0 0 32 37 35 40 0 29 25 0 0 31 23 28 0 9 8 0 0 10 12 0 0 0 
80 0 0 3 0 0 0 78 1 53 51 56 54 0 0 0 57 0 61 65 59 64 66 63 67 0 60 0 24 30 27 26 25 29 28 0 40 0 0 39 0 38 32 33 37 47 43 42 46 49 0 0 41 48 15 0 21 0 0 14 0 0 0 8 11 0 0 12 13 5 10 6 72 71 74 69 73 75 70 0 76 
71 70 0 75 0 72 0 69 0 0 42 0 0 0 46 0 48 43 52 0 50 0 0 54 0 0 51 22 15 21 0 0 0 20 19 14 0 0 27 30 25 29 0 0 0 0 34 33 37 0 36 35 32 39 6 11 0 9 7 5 0 8 0 80 0 79 81 3 4 77 1 78 63 62 65 0 64 66 61 0 0 
7 0 0 11 0 8 12 5 9 61 59 64 62 0 0 66 65 60 69 0 67 0 74 71 75 70 68 0 0 0 35 34 0 37 36 31 48 43 44 47 42 46 0 41 45 55 51 50 54 57 53 52 0 56 0 28 29 0 24 22 27 0 0 16 0 15 17 20 21 13 0 14 80 0 1 77 81 0 0 76 3 
0 0 0 0 73 0 0 0 72 43 41 0 44 40 0 48 0 42 0 0 49 54 56 53 0 0 50 21 14 20 17 16 15 19 18 13 0 0 26 0 0 28 22 23 27 37 33 0 0 0 35 34 31 38 5 0 0 8 0 4 9 0 12 0 0 78 80 2 0 0 81 77 62 61 64 59 63 65 60 58 66 
0 51 49 0 55 0 57 0 0 25 0 28 26 22 27 0 0 24 33 37 31 36 0 35 0 0 32 3 0 0 80 79 78 1 81 0 12 7 8 11 6 0 4 5 9 19 15 14 18 0 17 16 13 20 68 73 74 71 69 67 0 0 75 61 64 60 62 65 66 58 63 59 0 0 46 41 45 0 42 0 0 
61 60 58 0 0 62 66 59 0 0 32 37 0 0 0 0 0 0 0 0 0 45 47 44 0 0 0 12 5 11 8 7 6 10 9 4 21 16 17 20 15 19 13 14 18 28 0 0 0 0 26 25 22 29 0 0 2 80 0 76 81 79 3 70 0 69 71 74 75 67 72 0 0 52 55 50 0 56 51 49 57 
0 42 0 47 46 0 48 41 45 16 0 19 17 0 18 21 20 0 0 0 22 27 29 26 30 0 23 0 68 74 71 70 0 0 72 67 0 0 80 2 78 1 76 77 81 10 6 5 9 0 8 7 4 11 59 64 65 62 60 58 63 61 66 52 55 51 0 56 57 49 0 50 35 34 0 0 36 0 33 0 39 
0 0 0 38 37 35 39 0 36 7 5 10 8 4 9 0 11 6 0 0 0 18 20 17 0 16 14 66 59 65 0 0 60 64 63 58 0 70 71 74 69 0 0 68 72 1 78 77 81 0 0 79 76 2 50 55 56 53 51 49 0 0 57 43 46 0 44 47 0 0 45 41 26 25 28 23 27 29 24 0 30 
79 78 0 0 1 0 0 77 81 52 50 55 53 49 0 57 0 51 0 64 58 63 65 0 66 61 0 30 0 29 0 0 24 28 27 22 39 34 0 0 33 0 0 32 36 46 0 0 0 0 0 0 0 47 0 19 20 17 0 13 18 16 0 7 0 6 0 11 12 0 0 0 0 0 73 68 0 0 0 67 75 
25 24 22 29 28 26 30 23 27 79 0 1 0 76 81 0 2 0 6 10 4 9 11 0 12 0 0 0 50 56 53 0 51 0 54 0 66 61 62 65 60 0 0 59 63 73 0 68 72 75 0 0 67 0 41 0 47 44 42 40 0 43 48 34 37 33 0 38 0 31 36 32 17 16 19 14 18 0 15 13 21 
16 15 13 20 19 0 0 14 18 0 68 73 71 0 0 75 74 0 78 1 76 81 2 80 3 0 77 48 0 0 0 43 42 46 45 40 57 52 53 56 51 0 0 50 54 64 60 59 0 0 62 0 58 65 32 37 38 0 33 31 0 34 39 25 28 24 26 0 0 0 27 23 8 7 10 5 9 11 6 0 12 
28 27 25 0 31 0 33 26 30 1 80 4 2 79 3 6 5 81 9 0 7 12 14 0 15 10 0 60 53 59 56 55 54 0 57 52 69 64 65 68 0 67 0 0 66 76 72 0 75 78 0 73 70 77 44 49 50 47 45 43 48 46 51 37 40 36 0 41 42 34 39 35 0 19 22 17 21 23 18 16 0 
55 54 52 59 58 0 60 0 57 28 0 31 29 25 0 33 32 27 36 40 34 0 41 38 42 37 35 6 80 5 0 0 81 4 0 0 15 0 11 14 9 13 7 8 0 0 0 17 21 24 20 0 16 23 0 76 0 74 72 70 75 73 78 64 67 63 65 68 69 61 66 62 47 0 0 44 0 0 45 0 51 
10 9 7 14 13 11 15 8 12 64 62 67 0 61 0 69 68 0 0 76 70 75 77 74 78 73 71 42 35 41 0 37 36 40 39 0 51 0 47 50 0 49 43 44 0 58 54 0 0 0 56 55 0 59 0 31 32 0 0 0 0 28 33 19 0 18 0 23 24 16 21 17 0 1 0 80 3 5 81 79 0 
0 45 43 50 49 47 51 44 48 19 0 0 0 16 0 24 23 18 27 31 25 0 0 29 33 0 26 78 71 77 74 0 72 0 75 70 6 1 2 0 81 4 79 80 3 13 0 8 0 0 11 10 7 14 62 67 68 0 63 61 66 64 0 55 0 54 56 0 0 0 57 53 0 37 0 35 39 0 36 34 42 
37 36 34 41 40 38 0 35 39 10 8 13 11 7 12 0 14 9 0 22 0 21 23 20 0 19 0 69 62 68 65 64 0 67 0 61 78 73 74 0 0 76 70 71 75 4 81 80 0 0 2 1 79 0 0 58 0 56 54 52 57 55 0 0 0 45 47 50 0 43 48 44 0 28 31 26 0 32 0 0 33 
64 63 61 68 67 65 69 62 66 37 35 40 38 0 39 42 41 36 0 49 43 0 0 0 0 0 0 15 8 0 0 0 9 13 0 0 24 0 0 23 18 22 16 17 21 31 27 0 30 33 29 28 25 32 80 0 0 2 81 0 0 1 6 73 76 0 74 77 0 70 0 71 56 55 58 0 0 0 54 52 0 
0 0 79 5 4 0 6 80 3 0 53 58 56 0 0 0 0 54 63 67 0 66 0 65 69 0 62 33 26 32 29 28 27 0 30 25 42 0 38 41 36 40 0 35 0 0 45 0 48 51 47 46 43 50 17 22 23 20 0 0 0 19 24 10 13 0 11 0 15 7 12 8 0 73 76 71 75 0 72 70 78 
0 72 0 77 76 74 78 71 75 46 0 49 47 43 48 51 50 45 54 58 52 57 59 56 0 0 0 0 17 23 20 19 18 22 21 16 0 28 29 0 0 31 0 0 30 0 36 0 39 42 38 37 0 41 8 0 0 11 9 7 12 10 0 0 4 81 2 5 0 79 3 80 0 64 0 62 0 68 0 61 69 
19 0 16 0 0 20 24 17 0 73 71 76 0 70 75 78 0 72 0 4 79 3 5 0 6 1 80 0 44 50 0 46 0 49 0 0 60 0 56 0 54 58 52 0 57 0 63 0 66 69 65 64 61 68 35 40 41 38 36 34 0 37 42 28 31 27 29 0 33 0 30 26 11 10 0 8 12 14 0 7 15 
33 32 30 37 0 34 0 31 0 6 4 0 0 3 8 11 10 0 14 18 12 17 19 16 0 0 13 65 58 0 61 60 59 63 0 57 74 0 70 73 68 0 66 67 71 0 77 76 0 0 79 78 75 1 49 54 0 52 0 48 53 0 56 42 45 41 0 0 47 39 0 40 25 24 0 22 26 0 23 21 0 
51 50 48 0 0 0 0 49 53 0 0 27 25 0 26 29 28 23 32 36 30 35 0 34 38 33 31 2 76 1 0 0 77 81 0 75 0 6 7 10 0 0 3 4 8 0 14 0 17 20 16 15 12 19 67 72 0 70 68 66 71 69 74 0 63 59 61 64 65 57 62 58 43 42 45 40 0 46 41 39 47 
15 0 12 19 18 0 20 13 17 69 67 72 70 66 0 74 73 68 77 0 75 80 0 79 0 78 76 0 40 46 0 42 41 45 0 39 56 51 52 55 50 54 48 49 0 63 0 0 0 0 61 60 0 0 0 36 37 34 0 30 35 0 38 0 0 23 25 28 29 21 26 0 0 6 0 0 8 10 0 3 11 
24 23 0 28 27 0 29 22 26 0 76 81 0 75 80 2 1 77 5 9 3 8 10 7 11 6 4 56 49 55 52 51 50 54 53 48 0 60 61 64 59 0 0 58 62 72 68 0 0 74 70 69 66 73 40 45 0 43 0 39 44 42 47 0 36 32 34 37 38 0 35 31 16 15 0 13 0 19 14 12 20 
69 68 66 73 72 70 74 0 71 42 40 45 0 39 0 47 0 0 50 0 48 53 55 0 56 51 0 20 0 19 16 15 0 18 17 12 29 24 0 28 23 27 21 22 26 36 32 31 35 38 34 0 0 37 4 0 10 7 0 3 8 6 11 0 0 77 79 1 0 0 80 76 61 0 63 0 0 0 59 0 0 
42 41 39 46 45 43 0 40 44 15 0 18 0 0 0 0 19 14 23 0 0 26 0 25 29 24 22 74 67 73 0 0 68 72 71 66 0 0 0 0 0 81 75 76 80 9 0 4 8 11 7 6 3 10 0 63 64 0 59 57 0 0 0 51 0 0 52 55 56 0 53 49 34 0 36 31 35 37 0 0 38 
0 59 57 64 63 61 0 58 0 33 31 36 34 0 35 38 37 0 0 45 0 0 46 0 47 42 40 0 4 10 7 6 5 9 0 3 20 0 0 19 0 0 12 13 17 27 23 0 26 29 25 24 21 28 0 81 1 0 0 75 80 0 2 69 72 68 0 73 74 0 0 0 52 51 0 49 0 55 0 0 56 
6 5 3 10 9 0 0 4 0 60 0 63 61 57 62 0 0 59 68 0 66 71 73 70 74 69 67 38 31 0 34 33 32 36 35 0 47 0 43 46 41 45 39 40 44 54 50 49 53 56 52 51 0 55 22 0 28 25 0 21 0 24 29 15 0 0 16 0 0 12 0 13 79 78 81 76 0 1 77 0 2 
78 77 0 1 0 79 0 76 0 0 49 54 52 0 53 0 0 0 59 63 57 62 64 61 0 0 0 29 22 0 25 24 23 27 26 21 38 33 34 37 0 0 30 0 0 45 41 40 44 47 43 0 0 46 0 18 19 0 14 12 17 0 20 0 0 5 7 10 11 3 8 0 0 69 72 67 71 73 0 66 0 
0 75 0 80 79 77 81 74 78 49 47 0 50 46 0 54 53 48 57 61 0 60 62 0 63 58 56 27 0 26 0 0 0 25 24 19 36 31 32 35 30 34 28 29 33 43 39 38 42 45 0 40 0 44 0 16 17 14 12 10 15 0 18 4 7 3 5 0 9 1 6 0 68 67 70 65 69 71 66 64 0 
4 0 1 8 0 5 0 2 6 0 0 61 0 0 60 63 62 0 0 70 64 69 0 68 0 0 65 36 29 0 0 31 30 0 33 0 0 40 0 44 39 43 37 0 42 52 48 0 51 0 0 0 0 53 20 0 0 0 0 19 0 22 27 13 16 12 14 17 18 0 0 11 77 76 79 74 78 0 75 73 81 
67 66 64 0 70 68 0 65 69 40 38 43 0 37 42 45 0 39 48 52 46 51 53 50 0 49 0 18 11 17 14 13 12 0 15 10 27 0 0 26 21 25 0 20 24 34 30 29 0 36 32 31 28 35 2 7 0 5 0 1 6 4 0 76 79 0 77 80 0 73 78 74 59 58 61 56 60 62 57 55 63 
31 30 28 35 34 32 36 29 0 4 2 0 0 0 6 9 0 3 0 16 10 0 17 14 0 0 11 63 56 0 59 58 57 61 60 55 72 0 68 71 0 70 64 65 69 79 75 74 78 81 0 0 73 80 47 52 53 50 48 0 51 0 54 40 43 39 0 44 0 37 42 0 23 22 25 20 0 26 21 19 27 
0 39 37 44 43 41 45 38 42 13 11 0 14 10 0 18 17 12 21 0 0 0 0 23 0 0 20 72 65 71 0 67 66 70 69 0 0 0 77 80 75 79 0 74 78 0 3 0 6 9 5 4 0 8 56 0 62 59 57 0 60 0 63 49 52 0 50 53 54 0 0 0 32 0 0 29 33 35 30 0 0 
0 21 0 0 25 23 27 20 24 76 74 79 77 73 78 0 80 75 3 7 1 0 8 5 9 4 2 54 0 0 50 49 48 52 51 0 63 58 59 62 57 61 55 56 0 0 0 65 0 72 68 0 64 71 38 0 0 41 39 37 42 40 0 31 34 30 32 35 0 28 33 29 14 13 16 0 15 17 12 0 18 
0 57 55 0 61 59 63 56 60 31 0 34 32 0 33 36 35 30 39 43 37 42 44 41 0 40 38 9 2 8 5 4 0 0 0 1 0 13 14 17 12 16 10 0 15 0 21 20 0 27 23 0 0 0 74 79 0 77 75 73 78 76 81 67 70 0 68 71 72 0 0 65 50 49 0 47 51 53 48 46 54 
0 48 0 0 52 50 54 47 51 22 20 25 23 19 24 0 0 21 0 34 28 33 35 32 36 31 29 81 74 80 77 76 75 79 78 73 9 0 0 0 3 0 1 2 6 0 12 0 15 0 0 13 10 17 65 0 71 68 66 64 69 67 72 0 0 57 0 62 63 55 60 0 41 0 0 38 42 44 39 37 45 
13 0 10 0 16 14 18 0 0 0 65 70 68 64 69 72 71 66 75 79 73 0 80 0 81 76 0 0 38 44 41 40 0 43 42 0 0 49 50 53 48 52 0 47 0 0 0 56 60 63 59 58 55 0 29 0 0 32 30 28 0 0 36 0 0 0 23 26 27 0 0 20 0 0 0 0 6 8 3 1 0 
0 76 0 0 80 0 0 0 79 50 48 0 51 0 0 55 0 49 58 62 0 0 0 60 0 59 0 28 21 27 24 23 22 26 0 20 37 0 33 0 0 35 0 30 34 44 0 39 43 0 42 41 0 0 12 17 18 15 13 11 16 14 19 5 0 4 0 0 10 2 7 3 69 68 71 66 0 72 67 65 0 
41 40 38 45 0 42 46 39 0 0 0 17 0 11 16 19 18 13 22 26 20 25 27 24 28 23 21 73 66 72 69 68 0 0 0 65 1 77 78 81 76 80 74 75 79 0 4 0 7 10 0 5 2 9 57 62 0 0 58 0 61 0 64 50 53 0 51 0 0 0 0 0 33 32 0 30 34 36 31 29 37 
50 49 0 54 53 0 0 48 52 0 21 26 24 0 25 28 27 0 31 35 29 0 0 33 37 32 0 1 75 0 0 77 0 80 79 74 10 5 0 9 4 8 2 3 7 17 13 12 16 0 15 14 11 18 0 71 72 0 67 65 70 0 73 59 62 58 60 0 0 56 61 57 42 41 0 39 43 45 40 38 46 
68 67 65 72 71 69 73 66 0 0 0 0 42 38 43 46 45 40 0 0 0 0 0 51 0 0 48 19 12 18 15 14 13 17 16 0 0 0 24 27 22 0 20 21 0 35 31 0 34 37 33 32 29 36 3 0 9 6 4 2 0 0 10 0 80 0 78 81 0 74 0 75 60 59 62 57 61 63 58 56 64 
0 0 11 18 17 15 0 12 0 68 66 0 69 0 0 73 72 67 0 80 74 0 0 78 1 77 75 46 0 0 42 0 40 44 43 0 55 50 51 54 49 0 47 48 0 62 58 57 61 0 0 59 56 63 30 35 36 0 31 0 34 0 0 23 26 22 24 0 28 20 0 21 6 5 8 3 7 9 4 2 10 
59 58 56 63 62 60 64 57 61 0 30 0 33 29 34 0 0 31 0 0 0 43 0 42 46 41 0 10 3 0 6 5 4 8 7 2 19 0 15 18 13 17 0 12 16 26 22 21 0 0 24 23 20 0 75 80 0 78 76 0 0 77 1 0 71 0 0 0 0 65 70 66 51 50 53 0 52 54 49 47 55 
23 22 20 27 26 0 28 0 0 77 75 80 78 74 79 0 0 0 4 0 0 0 9 6 10 5 3 0 48 54 51 50 49 53 52 0 64 59 0 63 0 62 56 0 61 0 0 66 0 73 0 68 65 72 39 44 45 42 0 38 0 41 46 0 35 31 33 36 37 29 34 0 15 0 0 12 16 18 13 11 19 
5 4 2 9 8 6 10 3 7 59 57 62 60 56 61 64 0 58 67 71 65 70 72 0 73 0 0 37 30 36 33 32 31 35 34 29 46 41 42 45 40 0 38 39 43 0 0 48 52 0 0 50 47 0 0 26 27 0 22 20 25 0 28 14 17 0 0 18 19 0 0 12 78 77 80 75 79 81 76 74 0 
32 31 29 36 0 0 0 30 34 5 3 0 6 2 0 10 9 4 13 17 11 0 18 15 19 0 0 64 0 63 60 59 0 62 61 56 73 0 0 72 67 0 0 0 70 80 76 0 0 1 78 77 74 0 48 53 0 51 0 47 0 50 55 0 0 0 0 45 46 38 43 39 24 0 0 0 0 27 22 20 28 
81 80 78 4 3 1 5 79 2 54 52 57 55 51 56 59 0 53 62 0 0 65 67 64 68 0 61 32 25 31 28 27 0 0 0 24 41 36 37 40 35 39 0 0 38 48 44 43 47 0 0 45 42 0 16 21 22 0 0 15 20 0 23 9 0 0 0 13 14 0 0 7 73 0 75 70 0 76 71 0 0 
45 44 42 0 48 46 50 0 47 0 16 0 19 15 20 23 22 0 26 0 24 0 31 28 0 0 25 77 70 76 73 72 71 75 74 69 5 0 0 4 80 3 78 79 0 12 8 7 11 14 10 0 6 13 61 66 67 64 62 60 65 63 68 0 57 0 55 58 59 51 56 52 37 36 39 0 38 40 35 0 41 
72 0 69 0 0 0 77 70 0 0 43 48 0 42 47 50 49 44 53 57 0 56 58 55 59 54 52 23 0 0 0 18 17 21 0 0 32 27 28 31 0 30 24 25 29 0 35 0 0 0 37 0 33 40 7 12 13 10 8 6 11 0 0 81 0 80 1 4 5 78 2 79 64 0 0 61 0 0 0 60 68 
0 26 24 31 30 28 32 0 0 81 0 3 0 0 2 0 4 80 0 0 6 11 13 0 0 0 7 59 52 0 55 0 0 0 56 0 68 0 64 67 0 66 60 61 65 75 71 70 74 0 73 72 0 0 43 48 0 46 44 42 47 45 0 36 0 35 37 0 0 33 0 34 19 0 21 16 20 0 0 15 23 
9 0 6 13 12 0 0 0 11 63 61 66 64 60 65 68 67 62 71 0 0 74 76 0 77 72 70 41 34 40 37 36 35 39 38 0 50 45 0 49 44 48 42 43 47 57 53 52 0 59 55 54 51 58 0 30 31 0 26 0 0 0 32 18 21 17 19 22 0 0 20 16 1 81 0 79 0 4 0 78 0 
0 35 33 40 0 37 0 34 38 0 7 12 10 6 11 14 0 8 17 0 15 20 0 19 23 0 16 68 0 0 64 0 0 66 0 0 77 72 0 76 71 0 0 70 74 3 80 0 0 5 1 81 78 4 0 0 58 55 53 51 56 54 59 45 0 0 46 49 0 42 0 43 28 0 30 25 0 0 26 24 32 
0 0 15 22 21 19 23 16 20 0 70 0 73 0 74 77 0 0 80 3 78 2 4 1 5 81 79 50 43 0 0 45 44 48 0 42 0 54 55 58 53 57 51 52 56 66 62 0 65 68 64 63 60 67 34 39 0 0 35 33 38 36 41 27 0 26 28 31 0 0 29 25 0 0 0 7 11 13 8 6 14 
63 62 60 0 66 0 68 61 65 36 0 39 0 0 38 41 40 0 44 0 42 47 49 46 50 45 0 0 7 13 0 0 0 0 11 0 23 18 0 22 17 21 15 16 20 30 0 0 29 0 0 27 24 31 79 3 4 1 80 0 0 81 0 72 75 0 0 0 0 69 74 0 55 54 0 52 56 58 53 51 0 
0 53 51 0 57 55 0 52 56 27 25 0 0 24 29 32 0 26 0 39 33 0 40 0 41 0 0 5 0 0 1 0 80 3 2 78 14 0 10 0 0 0 0 7 11 0 0 0 0 0 19 0 15 22 70 0 76 73 0 0 74 72 77 63 0 62 0 67 68 0 65 61 46 45 48 43 47 0 44 42 50 
29 0 26 33 0 0 0 27 0 2 0 5 3 80 4 7 6 1 10 0 0 13 15 12 16 11 9 61 54 60 57 56 55 59 58 0 0 65 66 69 64 68 0 0 67 77 0 0 76 0 75 74 71 78 45 50 51 48 46 0 0 47 52 38 41 37 39 42 0 35 0 36 0 0 23 18 22 24 19 17 25 
0 73 71 78 0 75 79 72 0 0 45 0 48 44 0 52 51 46 55 0 0 0 60 57 0 0 54 0 18 24 0 0 19 23 22 0 34 29 30 0 28 0 26 27 0 41 37 0 40 43 0 38 35 42 0 0 15 0 10 0 13 11 0 2 0 1 3 6 7 80 4 0 66 65 68 0 67 69 64 62 0 
56 55 0 60 59 57 61 54 0 29 0 32 0 0 0 34 33 0 37 0 35 0 42 39 0 0 0 7 81 0 0 0 0 5 4 80 0 0 12 15 0 14 8 9 13 23 0 18 22 25 21 20 17 24 72 0 78 0 73 0 0 74 79 65 0 64 66 69 70 62 0 63 48 47 50 45 49 0 0 44 52 
0 46 44 0 50 48 52 45 49 20 18 23 21 17 22 0 0 0 28 32 0 31 33 30 0 0 27 79 0 78 0 74 0 77 76 0 7 0 0 6 1 5 80 81 0 14 10 9 13 0 12 0 0 0 0 68 69 66 64 62 67 65 70 56 59 55 0 60 61 53 58 54 39 38 41 0 40 42 0 35 0 
65 64 0 69 68 66 70 0 0 38 36 0 39 35 40 0 42 0 46 50 0 49 51 48 0 0 45 0 9 15 12 11 0 14 13 8 25 0 0 24 19 0 17 0 22 32 28 27 31 34 30 29 0 0 0 5 0 3 1 80 0 0 7 0 77 73 0 78 79 71 76 72 0 56 59 54 0 60 55 53 61 
11 10 8 15 14 12 16 9 13 65 63 68 0 62 0 70 69 64 73 77 0 76 78 75 79 74 72 43 36 42 39 38 37 41 40 35 52 47 48 0 46 0 44 45 49 59 55 0 58 61 57 0 53 60 27 32 33 30 28 26 0 29 34 20 23 19 0 24 0 17 22 18 3 2 0 81 0 6 1 80 7 
0 37 35 0 41 39 43 36 40 11 0 14 0 8 13 16 0 10 19 23 17 22 24 21 25 0 0 70 0 0 0 65 64 68 67 62 79 0 75 78 73 77 71 72 76 0 1 81 4 0 3 0 80 0 54 59 60 57 55 53 58 56 0 47 50 46 48 51 0 44 0 45 30 29 32 27 31 33 28 0 34 
20 19 17 0 23 21 25 0 22 74 72 77 75 71 76 79 78 0 1 0 80 4 6 3 7 0 0 0 45 0 48 0 46 50 49 44 0 56 57 0 55 59 53 0 0 68 64 0 67 70 0 65 62 69 0 0 42 39 0 35 0 38 43 29 32 28 30 33 34 26 0 27 12 11 0 9 0 15 10 0 0 
2 1 80 0 5 3 0 81 4 0 54 59 57 53 0 61 60 55 64 68 62 67 0 66 70 65 63 34 27 33 30 29 28 32 0 26 0 38 39 42 0 41 0 36 40 0 0 45 49 0 48 47 0 51 18 23 24 21 19 17 22 0 25 11 14 0 12 0 16 0 13 9 0 74 77 0 76 78 73 0 79 
57 56 0 61 60 58 62 55 0 30 0 33 31 27 32 35 34 29 38 42 36 41 43 0 44 39 37 8 1 0 4 3 2 6 5 0 17 12 13 16 0 0 9 10 14 24 20 19 0 0 22 21 0 0 0 78 79 76 74 0 77 75 80 66 69 0 67 70 71 0 68 64 49 0 51 0 50 52 47 0 53 
12 11 0 0 15 13 0 0 0 66 64 69 0 63 68 71 70 65 74 78 72 77 79 76 0 0 73 0 37 0 40 0 38 42 41 36 0 48 49 52 0 51 45 0 50 60 56 0 0 62 0 57 54 61 28 0 34 31 29 0 0 0 0 21 24 20 0 25 0 0 23 19 4 0 6 0 5 7 2 81 0 
3 2 81 0 6 0 0 1 5 57 55 60 0 0 59 0 61 56 65 0 63 0 70 67 0 0 64 35 28 34 0 0 0 33 32 0 0 39 0 43 38 0 36 37 0 51 47 46 50 0 0 48 45 52 19 24 25 22 0 0 23 21 26 0 15 11 0 16 0 9 14 10 76 0 78 73 77 0 74 72 80 
75 74 0 79 78 76 80 73 77 48 46 51 49 45 0 0 52 47 0 60 54 59 0 58 62 57 55 26 0 25 22 0 20 24 23 18 0 30 31 34 0 0 0 28 32 42 38 0 41 44 40 39 36 43 10 15 16 0 11 0 14 12 17 0 6 2 0 7 8 81 5 0 0 66 69 64 0 70 65 63 71 
21 0 18 25 24 22 26 19 0 0 73 0 0 72 77 80 79 74 2 6 81 5 0 0 8 3 1 53 46 0 49 48 47 51 0 45 62 57 58 61 0 60 0 55 59 69 65 0 68 71 0 0 0 70 37 0 43 40 38 0 41 39 0 0 0 0 0 0 35 27 32 0 13 12 15 10 14 16 11 9 17 
30 29 27 34 33 31 0 28 32 3 1 6 0 81 0 0 7 2 11 15 9 0 16 0 17 0 10 62 55 0 58 57 56 0 0 54 0 66 67 70 65 69 63 64 0 0 74 0 77 80 76 75 72 79 0 51 0 0 47 45 50 48 0 0 0 38 40 0 44 36 41 37 0 21 24 0 0 25 20 18 26 
0 0 0 0 51 49 53 46 50 21 19 24 22 0 23 0 25 20 29 33 0 32 0 31 35 30 28 80 73 0 76 75 74 0 77 72 0 3 4 7 2 6 81 1 5 15 0 10 14 17 13 12 9 0 0 0 70 0 65 63 68 66 71 57 0 0 0 61 62 0 0 55 0 0 42 37 41 0 38 0 44 
66 65 63 0 69 67 71 64 68 39 0 42 40 36 0 44 43 38 0 51 45 0 0 0 0 48 46 0 10 16 0 12 11 15 14 9 26 21 22 25 0 24 0 19 23 33 0 28 32 0 0 30 27 0 0 0 7 0 0 81 5 0 0 75 78 74 76 79 0 72 0 73 0 57 0 55 0 61 56 54 0 
39 0 36 43 42 0 44 37 0 12 0 15 13 9 14 17 0 11 20 0 0 23 25 22 0 0 19 71 64 0 67 0 65 69 68 63 0 75 76 79 0 0 72 73 0 6 2 0 0 8 4 3 81 0 0 0 0 0 56 54 59 57 0 48 51 47 0 52 53 45 50 46 0 30 33 0 32 34 29 27 35 
