9
39 0 41 42 0 36 37 0 38 0 78 0 70 74 73 77 71 0 2 6 79 1 0 0 5 80 4 46 45 48 43 0 49 0 51 44 63 68 69 67 64 65 0 62 0 0 26 25 32 28 33 27 29 0 0 9 8 14 0 7 0 10 12 19 23 20 24 22 17 0 21 18 54 0 52 0 0 59 53 58 60 
0 62 68 69 0 63 64 0 65 22 24 18 16 20 19 23 0 21 0 33 25 28 30 0 32 0 31 73 72 0 70 74 0 77 0 71 9 0 0 13 10 0 7 0 0 0 0 52 0 55 60 54 0 58 42 36 0 41 38 0 40 37 39 46 50 47 51 49 44 43 48 45 81 2 0 3 0 5 80 4 6 
75 71 0 0 0 72 0 70 0 31 0 0 25 29 28 0 26 30 38 42 0 37 39 36 0 0 40 1 81 3 79 2 4 5 6 80 0 23 24 22 19 20 16 17 21 66 62 61 68 64 69 63 65 67 51 45 44 50 47 43 0 0 0 0 59 0 60 0 53 52 57 0 0 0 7 0 10 0 8 0 15 
0 44 50 51 0 45 46 43 47 4 6 0 79 0 1 5 80 3 0 15 7 0 12 9 0 0 0 55 54 0 52 0 0 0 0 0 0 77 78 76 73 74 0 71 0 39 35 34 41 37 42 36 38 40 0 18 17 23 20 16 22 19 0 28 0 29 33 0 26 25 0 0 63 65 0 0 64 68 62 67 0 
3 80 5 6 0 81 1 79 2 40 0 36 34 0 37 41 0 0 0 51 0 46 48 0 0 44 49 10 9 12 0 11 13 14 0 8 0 0 33 0 0 0 25 26 0 75 71 70 77 73 78 0 74 76 60 54 0 59 56 52 58 55 57 0 0 65 69 67 0 61 66 63 0 20 16 21 0 23 17 0 0 
30 26 0 33 31 0 28 25 29 67 69 63 61 65 64 68 0 66 74 78 0 73 75 0 77 71 76 37 36 0 34 38 40 41 0 35 0 59 60 58 55 56 52 0 57 21 17 16 0 19 24 0 20 0 6 81 80 5 2 0 4 1 0 10 0 11 15 13 8 7 0 9 45 47 43 48 0 0 44 49 51 
12 0 14 0 13 9 10 7 11 0 0 45 0 0 46 50 44 48 56 0 52 0 57 0 0 53 0 19 18 21 16 0 22 23 24 17 0 0 0 0 37 38 34 35 39 0 80 79 0 0 6 81 2 4 69 0 62 0 65 61 0 64 0 73 77 74 0 76 71 70 75 72 27 29 0 30 28 32 26 31 0 
57 53 59 0 0 54 55 0 0 13 15 9 7 0 0 14 8 12 0 24 16 19 0 18 23 17 22 64 63 66 61 0 67 68 69 62 81 0 6 4 0 0 79 80 3 0 44 43 0 0 0 0 47 49 33 27 0 0 29 25 31 0 30 0 0 38 0 40 35 34 39 36 0 74 0 75 73 0 71 76 78 
21 17 23 24 22 18 19 16 20 0 60 54 52 0 55 0 53 57 65 0 61 64 0 0 68 0 67 0 27 30 0 29 31 32 33 26 0 50 0 49 0 0 43 44 0 12 0 7 14 0 0 9 11 13 0 72 71 77 74 70 76 0 75 0 5 2 6 4 80 79 3 81 36 38 34 39 37 41 35 40 0 
33 29 35 0 34 30 0 0 32 70 72 66 64 0 67 0 65 69 77 81 0 76 0 0 80 74 79 0 39 42 37 0 43 44 45 38 57 62 0 61 58 59 0 56 60 24 0 19 26 22 27 21 23 0 9 3 2 8 5 0 7 4 0 13 0 0 0 16 11 0 15 12 48 0 46 51 49 53 47 52 0 
0 0 62 63 61 57 58 0 59 16 18 0 10 14 13 0 0 15 23 27 0 0 24 21 26 0 25 67 0 0 64 68 70 0 72 0 3 8 9 7 4 5 1 0 6 51 47 0 53 49 54 48 50 0 0 30 29 35 0 28 34 31 33 40 44 0 45 43 38 37 0 39 0 77 73 78 76 80 74 0 81 
42 38 44 45 43 0 40 37 41 79 81 0 73 0 76 80 74 78 0 9 0 0 0 3 8 0 7 49 0 51 46 50 52 0 54 47 66 71 72 70 67 0 0 0 69 33 0 0 35 31 0 30 32 34 18 0 0 17 14 10 16 13 0 22 26 23 0 25 20 0 24 21 57 0 55 60 0 62 0 61 63 
51 47 53 54 52 48 49 0 0 7 0 0 1 5 4 0 2 6 0 0 0 13 15 0 0 0 0 58 0 0 55 59 61 62 0 0 0 80 81 0 76 0 0 74 0 42 38 37 44 40 0 39 0 43 27 21 20 26 0 19 25 0 0 0 35 0 36 34 29 0 33 30 66 0 0 69 0 71 65 70 72 
0 65 71 72 70 66 0 64 68 0 27 0 19 23 22 26 20 0 32 0 28 31 33 0 35 29 0 76 75 78 73 77 0 80 81 74 0 0 0 16 0 14 10 11 15 0 0 55 62 58 63 57 59 61 45 39 38 0 41 37 43 40 42 0 53 50 54 52 47 0 51 48 3 0 1 6 4 0 2 7 9 
0 20 26 27 25 21 0 19 23 61 63 57 0 0 0 0 0 0 0 72 0 0 69 66 71 65 70 0 30 33 28 32 34 35 36 29 48 53 54 52 0 0 46 47 0 0 0 10 0 0 18 12 14 16 0 75 0 80 77 0 0 0 78 4 0 5 9 0 2 0 0 0 39 41 37 0 40 44 38 43 45 
0 11 0 0 16 12 13 10 14 0 0 48 0 50 49 0 47 51 59 63 55 0 0 0 0 56 0 0 0 24 19 0 0 26 27 0 0 44 45 43 40 41 37 38 42 0 2 1 0 0 9 3 5 7 0 0 65 71 68 0 70 67 69 76 0 77 81 0 74 0 78 75 30 0 0 33 31 35 0 34 36 
6 2 0 9 7 3 4 1 5 0 45 39 37 41 0 44 38 42 50 54 0 49 51 48 53 47 52 13 12 15 10 14 16 0 0 11 30 35 36 34 0 32 28 29 33 0 74 73 80 0 81 75 77 79 63 57 56 62 0 55 61 58 60 67 0 68 72 70 65 0 69 0 0 0 19 0 0 26 0 0 27 
0 74 80 81 0 0 0 73 77 34 36 30 28 32 31 35 0 0 0 45 37 40 0 39 44 38 43 4 0 6 1 0 7 8 0 2 0 26 0 0 0 23 19 20 24 0 65 0 71 67 0 0 68 70 54 48 47 53 50 46 0 49 51 58 62 59 0 0 56 0 60 57 12 14 10 0 13 0 0 0 18 
41 37 43 44 42 38 39 0 40 78 80 74 72 76 75 79 0 77 4 8 81 3 5 2 7 1 0 48 47 50 45 49 0 52 53 0 0 0 0 0 66 0 63 64 68 0 0 27 34 0 35 0 31 33 0 0 10 0 0 9 0 12 14 21 0 0 0 24 19 18 23 20 56 58 54 59 57 0 55 60 0 
59 55 61 0 60 56 57 0 58 15 0 0 9 13 12 0 0 14 22 0 18 21 23 20 0 0 24 0 0 68 63 67 69 70 71 64 2 7 8 6 3 0 0 1 5 50 0 45 52 48 53 47 49 51 35 29 28 34 31 27 0 30 0 39 43 40 44 0 37 36 41 38 0 76 72 77 75 79 73 0 80 
68 64 70 71 69 0 66 0 67 0 0 0 18 0 21 25 19 23 0 35 27 30 0 0 0 0 0 75 74 77 72 76 78 79 80 73 11 16 17 15 12 13 9 10 0 59 55 0 61 0 62 56 58 0 0 38 37 43 40 0 42 39 41 48 0 0 53 51 46 45 50 47 2 0 81 5 3 7 1 0 8 
14 10 16 17 0 0 12 9 0 51 0 47 45 49 0 52 0 50 58 62 54 57 59 56 61 55 0 21 0 0 18 22 24 25 26 0 0 0 0 42 39 0 36 0 41 5 1 81 0 3 8 2 4 6 71 65 64 70 67 63 69 0 68 0 79 0 80 78 0 72 0 0 0 31 27 32 0 34 28 0 0 
0 73 0 80 0 74 0 72 0 33 0 0 27 31 30 34 28 0 40 44 36 0 0 0 43 37 42 3 2 5 0 4 0 0 0 1 0 25 0 24 21 0 18 19 23 0 0 0 0 66 71 0 67 0 53 47 46 52 49 45 51 48 50 57 61 58 62 60 55 54 59 56 11 0 0 14 0 16 0 0 17 
50 46 52 53 0 47 0 0 0 6 8 2 0 4 3 7 1 5 13 0 9 12 14 11 16 0 15 57 56 0 54 0 60 61 0 55 0 0 0 78 75 76 72 73 0 41 37 36 43 39 44 38 0 42 26 0 19 0 22 18 0 21 23 0 34 31 0 33 28 27 32 0 65 67 63 68 66 0 0 69 71 
5 1 7 8 6 2 0 0 4 42 44 0 0 40 39 0 0 41 0 53 45 0 50 47 52 0 0 12 0 14 9 13 15 16 17 0 29 34 35 33 30 31 0 28 32 77 73 0 79 75 0 74 0 78 62 0 55 61 58 54 60 57 59 0 0 67 71 69 64 63 68 65 20 0 18 23 21 25 19 0 26 
32 28 34 0 33 29 0 27 31 0 71 65 0 67 66 70 64 0 76 0 72 75 77 0 0 73 78 39 0 41 36 0 0 43 44 0 0 0 62 60 0 58 0 55 59 23 19 18 0 21 0 20 22 0 8 0 1 7 4 81 6 0 0 12 0 13 0 0 10 9 14 11 47 49 0 50 0 52 0 51 0 
23 19 25 0 24 0 21 18 22 60 0 56 0 58 0 61 0 0 67 71 63 0 68 0 0 64 69 0 29 0 27 31 0 0 35 0 47 52 53 51 48 49 0 0 0 14 10 0 16 12 17 11 0 0 0 0 73 0 76 72 0 75 77 3 7 0 8 6 1 81 0 2 0 0 0 0 0 0 37 0 0 
17 0 0 20 0 0 0 0 16 54 56 50 48 0 0 0 49 0 0 0 57 60 62 59 64 0 0 24 23 26 21 25 0 28 29 22 41 46 47 45 42 43 39 40 44 8 4 3 10 6 11 0 0 0 74 68 67 73 70 66 0 0 71 0 1 0 2 0 0 0 0 77 32 34 0 35 33 37 31 36 38 
26 0 28 29 27 23 24 21 25 0 0 0 57 61 60 64 58 62 70 74 66 69 71 0 73 67 72 0 32 0 30 34 36 0 0 31 50 55 56 54 0 52 48 49 53 17 13 12 19 0 20 14 16 18 2 77 0 1 79 75 81 78 80 0 10 7 11 9 0 3 8 5 41 43 0 44 0 46 40 0 47 
0 31 37 0 0 32 0 30 34 72 74 68 66 0 69 73 0 71 79 2 75 78 80 77 0 76 81 0 41 44 39 43 45 0 47 0 59 0 65 63 60 61 57 58 0 26 22 21 28 24 29 23 0 27 11 0 4 10 7 0 0 6 0 15 0 16 20 18 0 0 0 14 0 52 48 53 51 55 0 0 0 
62 58 64 65 63 59 60 57 61 0 20 0 12 16 15 19 13 17 25 0 21 0 26 23 28 0 27 0 68 71 0 0 72 73 74 67 5 10 0 9 6 7 0 4 8 0 49 0 55 51 56 50 52 54 38 32 31 37 34 30 36 33 35 42 46 43 47 0 40 0 0 0 77 0 0 80 0 1 76 81 2 
44 0 0 47 45 41 42 39 0 81 2 77 75 0 0 0 76 0 0 0 0 6 8 5 10 0 0 51 0 53 48 52 54 55 56 49 68 73 74 0 0 70 66 67 71 0 31 0 0 33 38 0 34 36 20 0 13 19 16 12 18 0 0 24 28 25 29 27 0 0 26 23 0 61 57 62 60 64 58 0 0 
71 67 73 74 72 68 69 66 0 27 0 23 21 25 24 28 22 26 0 0 30 33 35 32 37 31 36 0 77 80 0 0 0 0 2 76 0 19 20 18 15 0 12 13 0 0 58 57 64 0 65 59 61 0 47 0 40 46 43 39 45 42 44 0 0 0 0 54 0 0 53 0 5 0 3 8 0 10 4 9 11 
8 0 0 11 0 0 6 3 0 45 47 41 39 0 42 46 0 0 0 56 48 0 0 50 0 49 54 0 14 17 0 16 18 19 20 0 0 37 0 36 33 34 30 0 0 0 76 75 0 78 2 77 79 81 0 59 58 0 61 57 0 60 62 69 73 0 74 72 67 66 71 68 0 25 21 26 24 28 22 27 29 
53 49 0 0 0 50 51 48 52 9 11 5 3 7 6 10 4 8 16 20 0 15 0 14 19 13 18 60 0 62 57 61 63 64 65 0 0 1 2 0 78 79 75 76 80 44 40 39 0 42 47 41 43 0 0 0 22 0 0 21 0 24 0 33 37 34 38 0 0 0 35 0 0 0 0 71 0 0 67 72 74 
80 76 1 2 81 0 78 0 79 0 38 32 30 0 0 37 31 0 43 0 39 0 44 41 46 0 45 6 5 0 3 7 0 10 11 4 23 0 29 27 0 25 0 22 26 71 67 0 0 0 74 68 70 0 56 0 49 0 0 48 54 51 53 60 64 61 0 63 0 0 0 0 14 16 0 17 0 19 0 18 0 
10 0 0 13 0 7 8 5 9 47 0 43 41 0 44 48 0 46 54 58 0 53 55 52 0 0 0 17 16 19 14 0 0 21 22 15 34 39 0 38 35 36 32 0 0 0 78 77 3 80 4 79 81 0 67 61 60 0 63 59 65 62 0 71 0 72 0 74 69 68 73 70 25 0 23 28 26 30 24 0 0 
0 0 0 22 0 0 17 0 18 56 0 52 0 0 53 57 0 55 63 67 59 62 0 61 66 60 65 0 25 0 23 0 0 0 31 24 43 48 0 47 0 0 0 0 46 10 0 5 12 8 13 0 9 0 76 70 69 75 72 68 0 71 73 80 3 81 4 2 78 0 0 79 34 36 0 37 35 39 33 38 40 
55 51 0 58 56 52 0 50 54 11 13 0 5 9 8 12 6 10 18 22 14 17 19 16 21 15 0 0 61 0 59 63 0 0 0 0 79 3 4 0 0 81 0 78 1 46 42 41 48 44 49 43 0 47 31 0 0 0 27 23 0 26 28 35 0 36 40 38 33 32 0 34 70 0 68 0 71 75 69 74 76 
0 0 39 40 38 34 0 0 36 74 0 70 0 0 71 0 0 0 81 4 0 0 1 79 0 0 2 0 43 0 41 45 47 48 49 0 0 66 67 65 62 63 59 60 64 28 24 23 30 26 0 0 27 0 13 7 0 12 0 5 11 8 10 17 0 18 0 20 15 14 0 16 52 54 50 55 0 57 51 56 58 
64 60 66 67 0 61 62 0 63 20 22 16 0 0 17 21 15 0 27 0 23 0 28 0 0 24 29 0 70 73 0 0 0 0 0 0 0 0 0 0 8 9 5 6 10 0 51 50 0 0 58 0 0 56 40 0 33 39 36 32 38 0 37 44 48 45 49 47 42 41 46 43 79 81 77 1 80 0 78 2 4 
46 0 0 49 47 43 44 41 45 0 4 79 77 81 80 3 0 0 9 0 0 0 10 7 0 6 11 53 52 0 50 0 0 57 58 0 0 75 76 74 71 72 0 69 73 37 0 32 39 0 0 0 36 38 22 0 0 21 0 14 20 0 19 26 30 27 0 29 24 0 0 0 0 63 59 64 0 66 60 65 67 
0 24 0 31 29 25 26 23 0 0 67 0 59 0 62 66 60 64 72 76 68 71 73 70 75 69 74 35 34 37 32 36 38 0 0 0 0 0 58 0 0 54 0 51 55 19 15 0 0 17 22 0 18 20 4 79 78 3 81 0 2 80 1 8 12 9 13 11 6 0 10 7 43 0 0 46 0 48 42 47 49 
0 69 75 0 0 70 71 68 0 0 31 0 23 0 26 30 24 0 0 40 32 0 37 34 39 33 38 80 0 1 77 81 2 3 4 78 16 0 22 0 0 18 0 15 0 0 60 59 66 62 67 0 63 65 0 0 42 48 45 41 47 44 0 53 0 54 0 56 0 50 55 0 7 9 5 10 0 12 0 0 0 
0 78 0 4 2 0 80 77 81 38 0 34 32 36 0 39 33 0 45 49 41 44 0 43 48 42 0 0 0 10 5 0 11 12 13 6 25 30 0 29 26 0 0 24 28 73 0 68 0 71 76 70 72 74 0 52 51 0 54 0 56 53 0 0 66 63 0 65 60 59 64 61 16 18 14 0 17 0 15 20 22 
0 3 9 10 0 4 5 2 6 0 46 40 38 42 41 45 39 43 0 55 47 0 52 49 0 48 0 14 13 16 11 15 17 18 19 12 31 0 37 35 32 33 29 30 34 79 0 74 81 77 1 0 78 80 0 58 57 0 60 56 62 59 61 68 72 69 73 71 66 0 70 67 22 0 20 0 0 27 21 26 28 
0 39 0 0 44 0 41 0 0 80 1 76 74 0 0 0 0 79 0 10 0 5 7 0 0 0 8 50 49 52 47 51 53 54 0 48 67 0 0 71 68 69 65 66 70 0 30 0 36 32 37 31 33 0 0 13 12 0 15 11 17 14 16 0 0 0 0 0 0 0 25 22 58 0 0 0 59 63 57 62 64 
16 0 18 19 0 0 14 11 0 53 0 49 47 51 50 54 48 52 0 64 0 59 61 58 63 57 62 23 22 25 0 24 26 27 0 21 40 45 0 0 41 42 0 0 0 7 3 0 9 0 10 4 0 0 0 67 66 72 0 0 71 68 0 77 0 78 1 80 75 0 0 76 31 33 29 0 0 36 0 0 37 
52 0 0 55 53 49 50 47 51 0 10 4 2 6 5 9 0 7 0 0 11 14 16 13 0 0 17 59 58 0 56 0 62 63 64 57 76 81 0 80 77 78 0 75 79 43 39 38 45 0 46 0 42 44 28 22 21 27 0 20 26 23 25 32 36 33 37 35 30 0 34 31 67 69 0 70 68 0 66 71 73 
61 0 0 64 62 58 59 0 60 0 19 13 0 15 0 18 12 16 0 28 20 0 0 22 27 21 26 0 67 0 65 69 71 72 73 0 4 0 0 8 5 6 0 3 7 0 48 0 54 0 0 49 0 0 37 31 30 36 33 29 35 0 34 41 45 42 46 0 0 38 43 40 76 78 74 79 77 81 75 80 1 
70 66 72 73 71 0 68 65 69 0 28 22 0 24 23 27 0 25 33 0 0 32 34 31 36 0 35 77 0 79 0 78 0 0 1 0 0 18 19 0 14 0 11 0 0 0 57 0 0 59 0 58 60 62 0 40 0 45 42 38 0 0 0 0 0 0 55 53 48 47 52 49 4 6 2 7 5 9 3 8 10 
25 0 27 28 26 22 0 20 0 0 64 58 56 0 59 63 57 61 69 73 65 68 70 67 72 66 71 0 0 34 29 33 35 36 37 30 49 0 55 0 50 0 47 48 52 16 12 0 18 14 19 0 0 0 1 76 0 0 78 74 0 0 79 0 0 6 10 8 3 2 7 4 40 42 38 43 0 45 39 0 0 
0 30 0 37 0 31 32 29 0 71 73 67 65 69 68 72 66 70 0 0 74 77 79 0 81 75 80 41 40 43 38 42 44 45 0 39 0 63 64 62 0 60 56 57 0 0 21 0 27 0 0 22 24 26 0 4 0 9 6 2 0 5 7 14 18 15 19 17 0 11 16 0 0 51 0 52 50 54 48 53 55 
79 75 81 0 80 0 0 74 78 35 37 31 29 33 0 36 30 34 42 46 38 41 43 40 0 0 0 0 4 7 2 0 0 0 10 0 22 27 28 26 23 0 20 21 25 0 0 65 72 68 73 0 69 0 55 49 0 54 0 47 0 50 52 59 0 0 64 0 57 56 61 0 13 15 11 16 0 18 12 17 19 
18 14 20 21 0 15 0 13 0 55 57 51 49 0 52 0 0 54 62 66 58 61 0 60 65 59 64 25 0 27 22 26 28 29 30 23 42 47 48 46 43 44 40 0 45 0 5 4 11 7 0 6 0 10 75 0 68 74 0 67 0 70 72 79 0 80 3 1 77 0 81 0 0 35 31 36 34 38 32 37 0 
0 50 0 0 0 51 52 49 53 0 12 6 4 8 7 0 0 0 17 21 13 0 0 15 20 0 0 61 60 0 0 62 0 65 66 0 78 0 0 1 0 80 0 77 81 45 41 40 0 0 0 42 44 46 30 24 23 29 26 22 28 25 0 0 38 35 39 0 0 0 36 0 69 71 0 72 0 0 0 0 75 
45 41 47 48 46 0 43 0 44 0 3 78 76 0 79 2 77 81 8 12 4 0 9 6 11 0 10 52 51 54 49 53 55 56 57 50 0 0 0 73 70 71 0 68 72 36 32 31 38 34 0 33 35 0 21 0 14 0 17 13 19 16 18 25 29 26 0 28 0 22 27 24 60 0 58 63 61 65 59 64 0 
63 59 65 66 64 60 61 58 0 0 0 15 13 17 16 20 14 0 0 0 0 0 0 24 29 23 28 70 69 72 67 71 73 0 0 0 6 11 12 10 0 0 4 5 9 54 50 0 56 52 57 0 53 55 39 0 0 38 35 31 37 34 36 43 47 44 48 0 41 0 45 0 78 80 76 81 79 2 77 1 3 
36 0 38 39 0 33 34 31 0 73 75 69 67 71 70 74 68 0 80 3 76 79 81 0 2 77 0 43 0 0 0 44 46 0 48 41 60 0 0 64 0 62 58 0 63 27 23 0 29 0 30 24 26 28 12 6 5 0 0 4 10 7 9 16 20 17 21 19 14 0 18 15 51 53 49 54 52 56 50 55 57 
9 0 11 0 0 6 7 4 8 46 48 42 40 0 43 47 0 45 53 57 49 52 54 51 0 50 55 0 15 18 13 17 19 0 21 0 0 0 39 37 34 0 31 0 36 81 77 0 2 0 3 78 80 1 66 60 59 65 0 58 64 61 63 0 74 71 0 73 68 67 0 0 24 26 0 0 25 29 23 28 30 
81 0 2 3 0 0 79 76 80 37 39 33 31 35 34 38 0 36 0 48 0 43 45 0 0 41 0 7 6 9 4 8 10 11 12 5 0 29 0 28 25 26 22 23 27 0 0 67 74 0 0 69 71 73 57 51 0 56 0 0 55 0 54 0 65 0 66 64 59 0 0 60 15 17 13 0 16 20 14 19 21 
72 68 0 75 0 0 70 67 71 28 0 24 22 0 25 29 23 27 35 39 0 34 0 33 38 0 37 0 0 81 76 80 1 0 0 77 0 20 21 19 16 17 13 0 18 63 59 58 0 61 66 60 0 0 0 0 0 47 44 40 46 0 45 52 56 0 57 55 50 49 54 51 0 0 0 0 7 11 0 10 12 
27 23 0 0 28 0 25 22 26 0 66 60 0 62 61 0 0 63 71 75 67 70 72 69 74 0 0 34 33 36 31 35 37 38 0 0 51 56 57 55 52 53 49 50 54 0 14 13 20 0 21 15 17 19 0 78 0 2 0 76 1 79 81 0 11 0 12 10 5 4 0 6 0 44 40 45 0 47 0 0 0 
56 0 58 59 0 53 0 0 55 12 14 8 6 10 0 13 0 11 19 23 15 0 0 0 22 16 0 63 0 65 60 0 66 67 0 61 80 4 0 3 0 1 78 79 0 47 0 0 49 45 50 44 46 48 0 0 0 31 28 24 30 27 29 0 40 0 0 39 34 33 38 35 0 73 0 74 72 76 70 75 77 
2 79 4 0 3 80 0 78 1 0 41 35 33 37 36 40 0 38 46 50 42 0 47 0 0 43 48 9 8 11 0 0 12 13 0 7 26 31 32 30 27 0 24 0 29 74 0 69 76 0 77 71 0 75 59 53 0 58 55 0 0 54 0 63 67 64 68 66 61 0 65 62 17 19 15 20 18 22 16 21 23 
0 43 49 50 48 0 45 0 46 3 5 80 0 0 0 4 0 2 0 14 6 9 0 8 13 0 0 54 0 0 51 0 57 0 0 0 0 0 77 75 0 73 0 70 0 38 0 33 0 0 41 35 37 39 0 17 16 22 19 15 21 18 0 27 31 0 32 30 25 24 29 26 0 0 60 0 63 67 0 66 0 
0 7 13 0 0 0 0 6 10 48 50 44 42 46 45 0 43 0 55 59 0 0 56 53 58 52 0 18 0 20 15 0 21 0 23 16 35 40 41 39 36 37 33 34 0 2 79 0 4 81 0 80 1 3 68 0 61 67 64 0 0 63 65 72 76 73 77 75 0 69 74 71 26 0 24 29 27 31 25 0 32 
29 25 0 32 30 26 0 0 0 66 68 62 60 64 63 0 61 65 73 0 69 72 0 71 76 70 0 36 35 0 33 0 39 0 41 34 53 58 59 57 54 55 51 52 0 20 16 0 0 0 0 17 19 21 0 80 79 4 1 0 3 0 2 0 13 10 0 12 7 6 11 8 0 46 42 47 0 49 43 48 0 
20 0 0 23 21 0 18 15 0 57 59 53 0 55 54 58 0 0 64 68 0 0 65 62 67 0 66 0 0 29 0 28 0 31 32 25 0 49 0 0 45 46 42 43 0 0 7 6 13 0 14 0 10 12 77 71 0 76 0 69 75 72 74 0 4 1 5 0 79 78 2 80 35 0 33 38 36 0 0 39 41 
0 34 0 41 0 35 36 33 37 75 0 71 69 73 72 76 70 74 1 5 0 81 2 80 4 79 0 45 44 47 42 46 48 0 0 0 0 67 68 66 63 64 0 61 65 29 25 24 31 27 32 26 0 30 0 8 7 13 10 6 12 9 0 0 22 19 23 21 0 15 20 0 0 0 0 0 0 58 52 57 59 
74 0 0 77 0 71 72 69 0 0 0 26 0 0 0 31 0 29 37 41 33 36 0 35 40 34 0 81 80 0 78 1 3 0 5 79 0 22 23 21 18 19 0 16 20 65 61 0 67 0 0 62 0 66 50 44 43 49 46 0 0 45 47 54 58 55 59 0 52 0 0 53 8 0 0 11 9 13 7 0 14 
0 0 0 68 66 0 0 0 64 21 23 17 15 19 0 0 16 20 0 32 24 0 0 26 0 25 30 72 71 74 0 73 75 76 77 70 8 13 14 12 9 10 6 0 11 56 0 51 58 0 59 53 0 0 0 35 0 40 37 33 39 36 38 45 0 0 50 48 0 42 0 0 80 1 0 2 81 0 0 3 5 
0 27 33 34 0 0 29 26 30 68 70 0 62 66 0 0 0 67 75 0 71 0 76 0 0 72 0 0 37 0 35 0 0 42 43 36 0 0 61 0 56 0 53 54 58 22 18 0 24 20 25 0 0 23 0 1 0 0 0 80 5 2 0 11 15 0 0 0 9 0 13 10 46 48 0 49 47 51 45 50 52 
40 36 42 43 41 0 0 0 39 77 0 73 71 75 74 0 72 0 3 7 0 0 0 0 6 81 5 47 0 49 0 0 50 51 52 45 0 69 70 68 65 66 62 63 67 31 27 26 33 0 0 28 30 32 0 10 0 0 12 8 14 11 13 0 24 21 0 0 18 17 22 0 55 57 53 0 0 60 54 0 0 
4 81 6 7 5 1 2 80 3 41 0 0 35 39 0 42 0 0 0 0 0 47 0 0 51 0 50 11 0 13 8 12 0 15 16 9 0 33 34 32 29 30 26 27 0 0 0 0 78 74 79 73 75 77 61 0 54 60 0 53 0 56 58 65 0 66 70 0 63 0 0 64 19 21 0 0 0 24 0 23 25 
76 0 78 79 0 0 0 0 75 32 34 0 0 0 0 33 27 31 39 0 0 38 40 37 42 36 41 0 1 4 0 0 5 6 0 0 19 0 25 23 20 21 17 18 0 0 63 62 0 65 70 64 0 0 52 46 45 51 48 44 0 47 0 56 0 57 61 59 0 0 58 55 10 12 8 13 0 15 9 0 16 
0 9 15 0 14 10 11 8 12 50 52 46 0 48 0 51 45 0 57 61 53 56 58 0 60 0 59 0 19 0 17 21 23 0 0 18 37 0 43 41 0 0 35 36 0 0 81 80 6 2 7 1 3 5 70 64 63 0 66 0 68 65 67 74 0 75 79 0 0 71 76 73 28 0 26 31 0 33 27 0 0 
58 54 60 61 0 55 0 53 57 0 16 10 0 0 0 15 9 0 21 0 17 20 22 19 24 0 23 0 64 67 62 66 68 69 70 63 0 6 0 0 2 3 80 0 0 49 45 44 0 0 52 46 48 50 0 28 27 33 0 26 32 29 31 38 42 39 43 41 36 35 40 37 0 75 71 76 0 0 0 77 79 
22 18 24 25 23 19 20 17 21 59 61 55 0 0 56 60 0 58 66 0 0 0 67 64 0 63 68 29 0 0 26 30 0 33 34 0 46 0 52 50 47 48 44 0 49 13 9 0 0 0 16 10 12 14 79 73 72 78 75 71 0 74 76 2 6 0 7 5 81 0 4 1 37 39 35 0 0 42 0 41 43 
49 45 0 0 0 46 47 44 48 5 7 0 80 3 2 6 0 0 12 16 8 0 13 0 15 9 14 0 0 58 53 0 59 0 61 54 73 78 79 0 74 0 71 72 76 0 36 0 0 0 43 0 39 0 25 19 18 24 0 17 23 20 22 29 33 30 34 0 27 0 31 28 64 0 62 67 0 69 63 68 70 
67 63 0 70 68 64 0 62 0 23 0 19 17 0 20 24 18 22 30 34 26 29 31 0 33 0 32 74 0 76 71 75 0 78 79 0 10 15 16 14 11 12 0 9 0 58 54 0 60 0 0 55 57 0 43 37 0 42 0 35 41 38 40 47 51 0 52 50 45 44 0 0 1 3 80 0 2 6 81 0 7 
