9
0 58 60 59 56 0 54 57 0 0 41 39 44 37 38 0 36 40 77 79 80 78 72 76 74 73 75 51 52 46 45 48 0 47 0 53 0 20 0 0 21 23 18 0 19 63 0 68 69 67 0 71 0 0 14 17 13 12 11 15 16 9 0 30 31 33 34 0 0 29 35 0 4 7 0 1 5 2 0 81 6 
10 13 0 0 11 16 9 12 0 79 77 75 0 73 74 78 0 76 0 0 35 0 27 31 0 28 30 6 7 1 0 0 0 0 4 0 0 56 0 60 57 59 54 62 55 18 0 23 0 22 19 0 0 0 50 53 49 48 0 51 52 45 46 0 0 69 70 64 0 65 0 63 40 0 39 37 0 0 0 36 0 
0 0 42 41 38 43 0 0 44 25 23 0 26 19 20 24 0 22 0 61 62 60 54 58 56 55 57 0 0 28 27 30 0 29 0 35 7 0 4 0 0 5 81 8 0 45 48 0 51 0 0 53 52 47 0 0 76 75 74 78 0 72 73 12 13 15 16 10 0 11 17 9 67 70 0 0 68 0 71 63 69 
0 0 33 32 29 34 27 30 35 0 14 0 17 10 11 15 9 0 0 52 0 51 45 0 47 0 48 0 0 19 0 0 23 20 0 26 79 74 0 0 0 77 72 80 73 36 0 0 42 40 37 44 43 38 68 71 67 66 65 69 70 63 64 0 4 6 7 1 5 0 0 81 58 0 57 0 59 56 62 0 60 
19 22 0 23 0 25 18 21 26 7 5 3 8 1 2 6 81 4 0 0 44 42 36 40 0 37 0 15 0 10 9 12 14 11 13 0 0 65 0 69 66 0 63 71 0 27 0 0 33 31 28 35 34 29 59 62 58 0 0 60 61 54 55 75 0 78 0 0 77 74 80 72 49 52 48 46 0 0 53 0 51 
0 49 51 50 47 52 45 0 53 34 32 30 0 0 0 33 27 31 68 70 71 0 63 67 65 64 66 42 43 37 0 39 41 38 40 44 16 11 0 15 0 14 9 0 10 54 57 0 60 0 55 62 61 0 5 0 4 3 0 0 7 0 1 21 22 0 25 19 23 0 26 0 76 0 75 73 0 74 0 0 78 
1 0 0 5 2 0 81 3 0 70 68 66 71 0 65 69 0 67 23 0 0 0 18 22 0 19 0 0 79 0 72 75 77 0 76 0 52 47 0 51 48 50 45 53 0 9 12 0 15 13 10 17 16 0 41 0 40 39 38 42 43 36 37 57 58 60 61 0 59 0 62 54 31 34 30 28 32 0 35 0 0 
64 67 69 68 65 70 63 0 71 52 50 48 53 46 0 51 45 0 5 7 0 6 0 0 2 1 3 60 61 0 54 57 59 0 58 62 34 0 0 0 30 32 27 35 0 0 0 0 78 76 0 80 0 0 0 26 0 21 20 24 25 18 0 39 40 0 43 37 0 38 44 36 13 0 0 0 14 11 0 9 15 
0 0 78 77 74 79 72 75 0 61 59 57 0 55 56 60 0 0 0 16 17 15 9 0 0 0 12 69 70 64 0 0 0 65 67 71 43 38 0 42 0 41 0 0 37 81 3 5 0 4 1 8 7 2 32 0 31 0 29 33 0 27 28 48 49 51 52 0 50 0 53 45 0 25 21 19 23 20 26 18 24 
0 80 1 81 78 2 76 79 3 0 63 0 0 59 60 0 58 0 18 20 0 19 13 17 0 14 16 73 0 68 67 70 72 69 71 0 0 42 44 0 43 0 40 48 41 4 7 9 0 8 5 12 11 6 36 39 35 34 33 0 0 31 32 52 53 55 56 0 54 51 0 49 26 29 0 23 27 24 30 22 0 
0 0 0 36 33 38 31 34 0 0 0 0 0 0 15 19 13 0 0 0 57 55 49 53 0 50 0 28 0 0 22 0 0 24 26 30 0 0 80 1 79 0 76 0 0 40 43 45 46 44 41 48 0 42 72 0 71 70 69 0 74 0 68 7 0 10 11 5 9 0 12 4 0 65 61 59 63 60 0 0 64 
5 8 10 9 6 11 0 7 12 74 0 70 75 0 69 73 67 71 0 29 30 28 22 26 24 0 0 0 2 77 76 0 81 78 80 0 56 51 53 55 0 54 0 57 50 0 16 18 19 0 14 21 20 15 45 0 44 43 42 0 47 40 41 61 62 0 65 59 0 60 66 58 35 38 34 32 36 33 39 31 37 
50 53 55 0 51 56 49 0 57 38 36 34 39 32 33 37 31 35 0 74 0 73 67 0 0 68 0 46 47 0 40 0 45 42 44 0 20 0 17 19 16 18 0 0 14 58 0 0 64 62 59 0 65 60 9 12 8 7 6 10 0 0 5 25 0 28 29 23 0 24 30 0 80 0 79 77 81 78 0 0 0 
41 44 46 45 42 0 40 43 0 0 0 0 0 23 24 0 0 26 63 65 0 64 58 62 60 59 61 37 38 32 31 0 0 0 35 39 11 0 8 10 7 9 4 0 0 49 0 54 55 0 50 57 0 0 81 3 80 0 78 1 2 76 77 0 17 19 20 14 18 15 21 0 71 74 70 68 72 0 75 0 0 
0 0 0 72 69 0 0 70 75 56 54 52 57 50 51 0 49 53 0 11 0 0 4 0 6 0 0 0 0 0 58 0 0 60 62 66 0 33 35 37 0 0 31 39 0 76 79 0 0 0 0 3 2 78 27 30 26 25 24 0 29 0 0 43 44 46 0 0 45 42 48 40 0 20 0 0 0 0 21 0 0 
23 26 28 0 24 29 0 25 0 11 0 0 12 5 6 10 4 0 0 47 48 0 40 44 0 41 0 19 0 14 13 0 18 0 17 21 74 0 71 0 0 0 67 75 0 31 34 0 37 35 32 39 38 33 63 0 62 0 60 0 65 58 59 79 80 1 2 77 81 78 3 76 53 0 52 0 0 51 57 0 0 
14 17 19 0 0 0 13 0 21 2 0 79 0 77 78 0 76 80 36 0 39 0 31 35 33 32 34 10 11 5 4 7 0 0 0 12 65 0 62 64 0 63 58 66 59 22 0 27 28 26 0 0 0 0 54 0 53 0 51 0 56 49 50 0 0 73 74 68 72 69 75 0 0 47 43 41 0 0 48 0 46 
59 0 64 63 60 0 58 61 66 47 45 43 48 0 0 46 0 44 81 2 3 1 0 80 78 77 79 55 56 50 49 52 54 51 53 57 29 24 26 28 25 27 22 30 23 67 0 72 0 71 68 0 0 69 18 0 17 16 15 0 20 13 14 34 35 37 0 32 0 33 0 31 8 0 7 5 9 6 0 4 0 
12 15 0 0 13 18 11 0 19 81 79 77 1 0 76 80 74 78 34 36 37 35 29 0 31 30 32 8 9 3 0 5 7 4 6 10 63 0 60 62 59 61 56 64 57 0 23 25 26 0 0 0 0 22 0 0 51 50 49 0 54 47 48 68 0 71 72 0 0 67 73 65 0 0 0 39 43 40 46 38 44 
0 24 26 25 22 0 0 23 28 9 7 0 0 0 4 8 0 6 43 45 0 44 38 0 40 0 0 0 18 0 11 14 0 13 15 19 72 67 0 71 68 70 65 73 66 29 32 34 0 33 30 37 0 31 61 64 60 59 0 62 63 56 0 77 0 0 81 75 79 0 1 74 51 54 0 48 52 0 0 0 53 
3 0 8 7 0 9 2 5 10 72 70 0 73 0 67 71 0 0 25 0 28 0 20 24 0 21 0 80 81 0 74 77 79 76 78 1 54 49 0 0 50 52 47 55 48 11 14 16 17 15 12 0 18 13 43 46 42 41 0 44 45 38 0 59 60 62 63 57 61 0 64 56 0 36 0 0 34 0 37 29 35 
75 78 80 0 0 81 0 0 0 63 61 59 0 0 58 62 56 0 16 0 0 0 0 15 13 12 14 71 72 0 0 68 70 67 0 73 45 40 42 44 41 43 38 0 39 2 5 7 0 0 3 10 9 0 0 0 33 32 0 35 36 29 30 0 51 0 54 48 52 49 55 47 0 27 0 21 25 22 28 20 26 
0 0 62 0 0 63 0 0 64 45 43 41 46 0 40 44 38 0 79 81 1 80 74 78 0 75 77 0 54 0 0 50 52 49 51 55 0 22 24 26 23 0 20 28 21 65 0 70 71 69 0 73 72 67 16 19 15 0 13 17 18 0 12 0 33 0 0 30 34 0 37 29 0 9 5 3 0 4 10 0 8 
66 69 71 70 67 0 65 0 0 54 52 0 0 48 49 53 47 0 7 9 10 8 2 6 4 0 0 0 0 57 56 59 0 58 0 64 36 31 33 35 0 34 29 37 0 74 77 79 0 78 75 1 0 76 0 28 24 23 0 0 27 20 21 41 42 44 45 39 0 40 46 38 0 18 14 12 16 0 19 0 17 
30 33 0 0 31 36 29 0 0 18 16 14 0 12 0 0 0 0 52 54 55 53 47 51 49 0 50 26 27 0 0 23 25 22 24 28 0 76 78 0 0 0 74 1 75 38 41 0 44 42 0 46 45 40 70 0 69 68 67 0 72 0 66 5 6 8 9 0 0 4 10 0 60 0 59 57 0 0 0 56 62 
48 0 53 52 49 0 0 50 55 0 0 32 37 0 31 35 0 33 70 72 73 71 0 69 67 66 68 44 0 0 38 0 43 0 0 46 0 0 15 17 14 0 0 19 12 0 59 0 0 0 57 0 0 58 7 10 6 0 0 0 9 2 3 23 24 26 27 21 25 22 0 20 0 81 77 75 79 0 1 0 80 
39 0 44 43 40 45 38 0 46 27 25 23 0 0 0 26 20 0 61 0 64 0 0 60 58 57 0 35 0 0 0 32 34 31 33 37 9 0 6 0 5 7 0 10 3 0 50 0 53 51 0 55 0 49 79 1 78 77 76 0 81 74 0 0 15 17 18 12 16 13 19 11 69 0 0 0 0 67 73 0 71 
65 68 70 69 0 0 64 67 72 53 0 49 54 0 48 0 46 0 0 0 9 7 0 5 3 2 4 0 62 56 0 58 0 57 0 63 0 30 32 0 0 33 28 36 0 0 0 0 0 77 74 0 0 75 0 27 0 22 21 25 26 19 20 40 41 43 44 38 42 0 45 37 0 17 0 11 0 12 0 10 16 
38 41 43 42 39 44 37 40 45 26 24 22 27 20 0 25 19 23 0 62 0 61 55 59 57 0 0 34 35 29 28 31 33 0 32 0 8 0 5 7 4 0 0 9 2 46 49 0 52 0 0 54 53 48 78 81 77 76 75 79 0 73 74 0 0 16 17 0 0 12 18 10 68 71 67 65 69 0 0 64 70 
20 0 0 24 0 26 0 22 27 8 6 4 9 2 3 7 1 5 42 44 45 0 37 41 39 38 40 16 17 11 0 13 15 12 0 18 0 0 68 0 67 69 64 72 0 28 0 33 0 32 29 0 0 0 60 0 59 0 57 0 62 55 56 76 77 0 80 0 78 75 81 73 50 0 0 0 51 48 54 46 52 
74 77 79 0 0 0 0 76 81 62 0 0 63 56 57 61 55 0 15 17 18 16 10 0 12 11 13 70 71 0 64 67 69 66 68 72 44 0 0 43 40 42 37 0 38 0 4 6 7 5 0 0 8 0 33 36 32 31 30 0 0 28 29 49 50 52 53 47 0 48 54 46 23 26 0 0 0 0 27 0 0 
56 0 61 0 0 62 55 0 63 44 42 40 45 38 39 43 37 41 78 80 0 79 0 77 75 74 76 52 0 47 46 49 51 48 50 54 26 21 0 25 22 24 19 27 0 64 67 0 70 0 65 72 71 0 15 18 14 13 12 16 17 10 11 0 32 34 35 0 0 30 36 0 5 8 4 2 6 3 9 0 7 
47 0 52 51 48 0 46 49 0 0 33 31 36 29 0 34 28 32 69 71 72 70 64 68 66 65 67 43 44 38 37 40 42 0 41 45 0 12 0 16 13 15 10 18 0 55 58 60 61 59 0 63 62 0 6 9 0 0 3 0 8 1 2 22 23 25 26 20 24 21 27 0 77 80 76 74 78 0 81 73 79 
29 0 34 0 30 35 0 0 36 17 0 0 0 11 12 16 0 14 51 53 54 52 46 0 0 47 0 25 26 20 0 22 0 21 23 0 80 75 77 79 76 0 73 81 74 0 40 42 43 0 38 45 44 39 69 0 68 0 0 0 71 0 65 4 5 0 0 2 0 3 9 1 0 62 58 56 60 0 63 55 61 
0 5 7 6 3 8 1 0 9 0 69 67 72 65 66 70 0 0 24 26 27 0 19 23 21 20 22 0 80 0 73 0 78 0 0 81 53 0 50 52 49 51 46 54 0 10 13 15 0 14 11 18 17 12 42 45 41 40 0 43 0 37 38 0 59 61 62 0 60 57 63 55 32 0 0 0 33 30 0 28 34 
0 14 0 15 12 17 10 13 18 0 78 0 81 74 75 79 73 77 0 35 36 34 0 32 30 29 31 7 0 2 0 4 6 3 5 9 0 57 59 0 0 60 55 63 56 0 22 24 25 23 0 27 0 21 51 54 50 49 48 52 53 0 47 67 0 70 71 0 0 0 0 64 0 0 40 38 42 0 45 37 0 
24 0 29 28 0 30 23 26 31 12 0 0 13 6 7 0 5 0 46 48 0 47 0 45 43 0 44 20 21 0 14 17 0 16 0 22 75 70 72 74 71 73 68 76 0 0 0 0 38 36 33 40 39 34 0 67 63 62 0 0 0 59 60 0 81 2 3 0 0 79 0 0 54 57 53 51 0 0 58 50 56 
78 81 2 1 79 3 0 0 0 66 64 0 67 0 0 65 59 63 19 0 22 0 0 18 16 0 17 74 75 69 0 71 73 70 72 76 48 43 0 47 0 46 0 49 42 5 8 10 11 9 6 0 12 7 37 40 36 0 34 0 39 0 33 53 54 56 57 51 55 52 0 0 27 30 0 24 0 25 31 23 29 
15 18 0 19 16 21 14 0 22 3 0 80 0 78 79 2 77 0 37 39 40 0 32 36 34 33 35 0 12 0 5 0 10 7 9 13 66 0 63 65 62 64 59 67 60 23 0 28 29 0 24 31 30 0 55 58 54 53 52 0 0 0 51 71 72 0 75 69 0 70 76 68 45 48 0 42 46 43 49 41 47 
69 0 74 0 70 0 68 0 0 57 0 53 58 51 0 56 0 54 10 12 13 11 5 9 0 6 8 65 0 60 0 62 0 61 63 0 0 34 0 38 35 37 32 40 0 77 80 0 2 0 0 4 3 79 0 31 27 26 0 0 30 0 0 44 45 0 48 0 46 43 0 41 18 21 17 15 19 16 22 14 20 
51 54 56 55 52 57 0 53 58 39 37 35 40 0 34 0 32 36 0 75 0 74 68 0 0 0 71 0 48 42 41 44 46 43 45 0 0 16 18 20 17 0 0 0 15 0 62 64 0 63 60 0 66 61 10 13 9 8 0 0 12 5 6 0 0 29 0 0 28 0 31 0 81 0 80 78 1 79 4 0 0 
60 63 65 0 61 66 59 0 67 48 0 44 49 42 43 0 0 0 1 0 4 2 77 81 79 0 80 56 57 0 50 53 55 52 54 0 30 0 27 29 0 28 23 0 24 0 71 73 74 0 0 76 75 70 19 22 18 17 16 20 0 0 0 35 36 38 39 33 37 34 40 32 9 12 0 6 10 7 13 5 11 
6 0 11 0 7 12 5 8 13 75 0 71 76 69 70 74 68 0 0 30 31 29 23 27 0 24 26 2 3 78 0 80 1 79 81 4 57 52 0 56 0 55 50 58 51 0 0 0 20 18 15 22 21 0 46 0 45 44 43 47 48 41 42 62 63 65 0 60 0 0 67 59 36 39 35 33 0 0 40 0 38 
33 36 0 37 0 39 32 0 40 21 0 17 0 15 16 20 14 18 55 57 0 56 50 54 52 0 53 0 30 0 0 26 28 25 27 0 3 79 81 2 80 1 77 0 78 0 0 0 47 45 0 49 48 43 73 76 72 0 0 74 75 0 69 8 9 11 0 0 10 7 13 0 0 66 62 60 64 0 67 0 65 
42 0 47 46 43 0 41 44 49 30 0 26 31 24 0 29 0 27 64 0 67 65 0 63 61 60 62 38 39 33 0 35 37 34 0 40 12 0 9 11 8 0 0 13 6 50 53 55 56 0 51 0 0 52 1 0 0 80 0 2 0 77 0 17 18 0 21 15 19 0 22 14 72 75 71 69 0 0 76 0 74 
0 0 0 74 71 76 69 72 77 58 56 0 0 52 53 57 0 0 0 0 14 12 6 10 0 7 9 66 67 0 60 0 65 62 64 68 40 0 37 39 36 38 33 41 34 0 81 2 3 0 79 5 0 0 29 32 28 27 0 30 31 24 0 0 0 48 0 43 47 0 0 0 19 0 18 16 20 17 0 0 21 
25 28 30 29 0 31 0 27 32 13 11 9 14 7 8 0 6 10 47 0 0 48 42 46 0 43 45 21 22 16 15 18 20 17 0 23 0 71 73 75 72 74 69 77 0 0 36 0 39 37 34 0 40 35 65 68 64 63 0 0 67 60 61 0 1 3 4 0 2 80 5 78 0 58 54 52 56 53 0 0 57 
0 1 0 2 80 4 78 81 5 0 65 63 68 0 62 66 60 0 20 22 23 21 15 19 17 16 18 75 76 0 0 72 74 71 73 0 49 0 0 48 0 47 42 50 0 6 0 11 12 0 0 14 13 0 0 41 37 36 35 39 0 33 0 0 55 57 58 52 56 53 59 0 0 0 27 25 29 0 32 24 30 
61 0 0 65 0 67 0 63 0 49 0 45 50 43 0 48 42 46 0 4 5 3 0 1 80 79 81 0 0 0 0 0 56 53 55 59 31 26 28 0 0 29 0 32 25 0 72 0 75 73 0 77 76 0 20 23 19 0 17 21 0 0 0 0 37 39 40 0 38 35 41 33 10 13 9 0 11 8 14 6 0 
0 55 57 56 0 58 51 54 59 40 0 36 0 34 0 39 33 0 74 76 77 75 69 0 0 70 72 48 49 43 42 0 0 0 46 50 22 17 0 21 0 20 0 23 0 60 0 65 66 0 61 68 67 62 11 14 10 0 8 0 0 6 7 27 28 0 31 25 29 26 32 24 1 0 0 79 2 80 5 78 3 
43 46 48 0 44 0 42 0 50 31 29 27 0 25 26 30 0 28 65 67 68 66 60 64 62 61 63 0 40 34 33 36 38 0 37 41 0 8 0 0 0 11 6 14 0 51 54 56 57 55 52 59 58 0 0 5 0 81 80 0 0 0 79 18 19 21 22 16 20 0 0 15 73 76 72 70 74 71 77 69 75 
34 0 0 38 35 40 33 0 41 0 20 18 23 0 0 21 0 19 56 58 59 57 51 0 53 52 54 30 31 25 0 27 0 26 28 32 4 80 1 3 0 2 0 5 79 42 45 47 48 0 43 50 0 0 0 0 0 0 0 75 76 69 70 0 10 12 0 7 11 8 0 6 64 67 63 0 65 62 0 0 66 
16 19 21 20 17 0 0 18 23 4 0 81 0 79 0 3 78 1 38 40 41 39 0 37 35 34 36 12 13 7 6 9 11 0 0 14 67 62 64 0 63 65 60 0 61 24 27 29 30 0 0 0 31 0 56 59 55 54 0 57 58 51 52 0 0 0 76 70 74 71 0 69 46 0 45 43 0 44 50 42 48 
0 0 12 11 8 0 6 0 0 76 74 72 77 70 0 75 69 73 0 31 32 0 0 28 26 0 0 3 4 79 78 81 0 0 0 0 0 53 0 57 54 56 51 59 52 15 18 20 0 19 16 23 0 0 47 50 46 0 44 0 49 0 0 0 64 0 0 0 65 62 68 60 37 0 36 34 38 35 41 0 0 
0 0 0 75 72 77 0 73 78 59 0 55 60 53 0 58 52 56 0 14 15 0 7 11 9 0 0 67 0 0 0 64 0 0 65 69 41 36 0 40 0 39 34 42 35 79 1 3 4 2 80 6 5 81 30 33 29 28 0 31 0 0 26 46 47 0 50 44 0 45 51 43 0 0 0 0 21 0 24 16 22 
35 38 0 39 36 41 34 37 42 23 21 19 24 17 18 22 0 20 57 59 60 58 0 0 0 53 55 31 0 26 0 28 30 27 0 33 5 0 0 4 0 3 0 6 0 43 46 0 0 47 0 51 50 45 0 0 74 0 72 76 77 0 71 10 11 13 0 8 0 9 15 7 65 0 64 62 66 0 69 61 67 
0 65 67 0 0 68 61 64 69 50 48 46 51 0 0 0 43 47 3 5 6 4 79 2 81 0 1 58 0 0 52 0 0 0 56 60 32 27 29 31 28 30 0 33 26 70 73 75 76 74 71 0 77 72 0 0 20 0 0 22 23 16 0 0 38 40 41 35 39 36 42 34 11 0 10 8 12 9 0 7 13 
17 20 22 21 0 23 16 19 24 5 0 1 6 0 81 0 79 0 0 41 0 40 34 38 0 0 37 13 14 8 7 10 12 0 11 15 0 0 65 0 0 66 61 0 62 0 28 30 31 29 0 33 32 27 0 0 56 55 0 58 59 52 53 73 0 76 0 0 0 72 0 0 0 50 46 44 48 0 0 43 49 
53 56 0 57 54 59 52 0 60 41 39 37 42 0 0 40 34 38 0 77 78 76 70 74 72 71 73 49 50 44 0 46 48 0 0 51 23 18 0 22 0 21 0 24 0 0 0 0 67 65 62 69 0 63 12 0 0 10 0 13 0 7 0 0 29 31 32 26 30 27 33 25 2 5 1 80 0 81 6 79 4 
0 47 49 48 45 0 43 46 51 0 0 0 33 26 27 0 0 29 66 0 69 67 0 0 0 62 0 40 41 35 34 37 0 36 38 0 14 9 11 13 10 12 0 0 8 0 55 57 58 56 0 60 59 0 3 6 2 1 0 0 0 79 80 19 20 22 0 0 21 18 0 16 0 77 73 0 75 0 78 70 0 
0 29 0 0 0 32 25 28 33 14 12 0 15 8 9 0 0 11 0 50 0 49 43 47 45 44 46 22 0 0 0 19 0 0 20 0 0 72 74 76 73 75 70 78 71 34 0 0 40 0 35 42 41 36 66 69 0 64 63 67 68 61 62 1 0 0 5 80 3 81 6 79 56 0 55 0 57 54 60 52 58 
8 11 13 12 9 14 7 10 0 77 75 0 78 71 72 76 70 74 30 32 33 31 25 29 27 26 28 0 5 80 79 1 3 0 2 6 59 54 56 58 55 0 52 60 53 0 19 21 22 20 0 24 23 18 48 51 47 46 45 49 50 43 0 64 65 67 68 0 66 63 69 61 38 41 0 35 39 36 42 34 40 
80 2 0 3 81 5 79 1 6 68 66 64 69 62 0 67 61 0 0 23 0 22 0 20 18 17 19 76 0 0 70 0 75 72 74 0 50 45 47 0 46 48 43 51 44 7 10 0 13 11 8 0 0 9 39 42 38 0 36 40 41 34 35 55 56 58 0 0 57 54 60 52 29 0 0 0 30 27 33 25 31 
0 70 72 71 0 73 0 0 74 55 0 51 0 49 50 0 0 52 8 10 11 0 3 7 5 0 6 0 0 0 57 60 62 59 61 65 37 32 34 0 0 0 30 38 31 75 78 0 81 0 76 0 1 0 26 29 25 24 0 27 0 0 0 42 43 45 46 0 44 0 0 39 16 0 15 13 17 0 20 0 0 
49 52 0 0 50 55 0 51 56 37 35 33 38 31 32 36 0 0 0 73 74 72 66 70 68 0 69 0 46 0 0 42 44 0 43 0 0 0 16 18 15 17 0 20 0 0 60 62 0 0 58 65 64 0 8 11 7 0 5 9 0 0 0 24 0 27 28 22 26 0 29 0 79 0 78 0 80 77 2 0 81 
40 43 0 44 0 0 39 42 0 0 26 0 29 0 23 0 0 25 62 64 65 63 0 0 0 58 60 0 37 0 30 0 35 32 34 38 10 5 0 9 6 0 0 11 4 48 51 0 54 52 49 0 0 0 80 2 79 78 77 81 1 75 76 0 16 18 0 0 17 14 20 12 70 73 69 0 0 68 74 66 72 
22 25 27 0 0 28 21 0 29 10 0 6 11 4 0 9 3 7 44 46 47 45 0 0 0 40 42 18 19 0 12 15 17 14 16 20 73 68 70 72 69 71 66 0 67 30 33 35 0 34 31 38 37 32 62 65 61 60 0 63 64 57 0 78 0 0 0 76 80 0 2 75 52 55 0 0 0 50 56 48 54 
0 61 63 62 59 0 0 0 65 46 44 0 47 0 41 45 0 43 80 0 2 0 0 79 77 76 78 54 55 49 48 51 0 0 52 0 28 23 0 0 24 0 0 0 22 66 69 71 0 70 67 74 0 68 17 20 16 15 0 18 19 12 13 33 34 36 0 0 35 32 38 0 0 10 0 4 0 5 11 3 0 
0 0 18 0 0 19 12 0 20 1 80 0 2 76 0 81 75 79 0 0 38 0 30 0 0 31 0 0 10 4 3 6 8 5 0 11 64 0 61 0 0 0 57 65 0 21 24 0 27 25 0 29 28 0 53 56 52 0 50 54 55 0 49 69 70 72 73 67 71 68 0 66 43 0 42 0 0 0 47 39 45 
76 79 0 80 77 1 0 78 0 64 62 0 65 0 0 63 57 61 0 0 20 18 0 0 0 13 0 72 73 67 66 0 71 68 0 74 46 41 43 0 42 44 0 0 40 3 6 0 0 7 0 11 0 0 0 38 34 0 32 36 37 30 31 51 52 0 55 49 53 50 0 48 25 0 24 0 26 23 29 21 27 
4 7 9 0 5 10 3 6 0 73 71 69 74 67 68 72 66 0 26 28 29 27 21 0 0 0 24 81 1 76 75 0 80 77 79 0 55 0 0 54 51 0 48 56 49 0 15 0 0 0 13 0 19 14 44 0 0 0 0 45 0 0 40 60 61 63 64 58 0 0 65 57 34 37 33 0 0 32 38 30 36 
31 34 0 35 32 37 0 33 38 19 0 15 0 0 14 18 12 16 53 55 56 0 48 52 0 49 0 27 0 0 21 24 26 23 25 29 1 0 0 81 0 80 75 2 76 39 42 44 45 43 40 0 0 41 71 74 70 0 68 72 0 66 67 6 0 0 10 4 8 5 11 0 0 64 60 58 62 0 65 57 63 
9 0 14 13 10 15 8 11 16 78 0 74 79 72 73 77 0 75 31 0 34 32 26 30 28 27 29 0 6 81 80 0 4 1 3 0 60 55 57 0 56 58 53 61 54 0 20 0 23 21 18 25 24 0 49 52 0 0 0 50 0 0 45 65 66 0 69 63 67 64 0 62 39 42 38 36 40 37 0 0 41 
72 75 77 76 73 78 71 74 79 60 58 56 0 54 55 59 0 57 13 15 16 14 8 0 10 0 11 68 0 63 0 65 0 64 66 0 42 37 0 41 0 0 0 43 0 0 2 4 5 3 81 0 6 1 31 34 30 0 0 0 0 0 27 0 48 0 51 45 49 46 52 44 21 24 20 0 22 19 0 17 0 
0 0 68 67 64 0 62 0 0 51 49 47 52 45 46 50 44 48 0 6 7 0 80 3 1 81 2 59 60 54 53 56 58 55 0 0 0 0 0 32 29 31 0 34 27 71 74 76 77 0 72 79 78 73 0 25 21 0 19 0 24 17 18 0 0 41 42 36 40 37 43 35 12 0 0 9 13 0 0 8 0 
0 3 5 0 1 0 0 0 7 0 67 65 70 63 64 68 62 66 22 0 25 0 17 21 19 0 20 77 0 72 71 74 0 0 75 0 51 0 48 50 47 49 44 52 45 8 0 13 14 12 9 16 15 10 40 0 39 38 0 41 0 35 36 0 57 59 60 54 58 55 61 53 30 0 29 27 31 28 34 26 32 
0 39 41 40 37 42 35 38 43 24 22 20 25 0 19 0 17 0 0 60 0 0 0 57 0 54 56 0 33 0 26 29 0 0 30 34 6 1 3 5 2 4 0 7 0 44 47 49 50 48 0 52 0 46 76 79 75 0 73 77 0 0 72 0 12 0 0 0 13 0 0 8 66 69 0 63 67 64 70 62 0 
0 48 50 49 46 51 0 47 52 33 0 29 0 27 0 32 0 30 67 69 70 68 62 66 64 63 0 0 42 36 0 38 40 37 0 43 15 10 12 14 11 0 8 16 0 53 56 0 59 57 54 61 60 55 0 7 3 2 1 0 6 0 0 20 21 23 0 18 0 19 25 17 75 78 0 72 76 73 79 0 77 
0 57 0 0 55 60 0 0 61 0 40 38 0 36 0 41 35 0 0 0 79 0 71 0 0 72 74 50 51 45 0 47 49 46 48 52 24 19 21 0 20 22 17 25 0 62 65 0 68 66 63 0 69 64 0 0 12 11 10 14 15 0 0 29 0 32 33 27 0 28 34 26 0 6 2 0 0 1 0 80 5 
27 30 0 0 0 33 26 29 0 15 13 11 0 0 0 14 8 0 49 51 0 50 0 0 46 45 0 23 24 0 0 0 22 19 21 25 78 0 75 0 0 76 71 79 0 35 38 40 41 39 36 43 42 37 67 0 66 0 64 68 69 62 0 0 0 0 0 0 0 1 7 0 0 60 56 54 0 55 0 53 59 
0 21 23 22 0 0 0 20 25 0 0 0 7 81 0 0 80 0 40 42 0 0 35 39 0 36 38 14 15 0 0 0 13 0 12 16 0 64 66 68 65 0 0 70 63 26 29 31 0 30 27 34 33 28 58 61 57 0 55 0 0 53 54 74 75 77 78 72 76 73 79 71 48 51 47 0 49 46 52 44 50 
