9
0 6 0 80 0 0 0 0 7 36 41 38 39 42 40 43 0 0 34 0 32 31 33 26 30 0 29 55 61 0 59 53 54 60 57 56 70 0 67 0 0 0 0 0 63 44 0 52 49 50 0 48 51 0 0 8 11 10 15 9 14 13 12 78 72 75 0 71 0 0 73 0 21 22 20 18 23 0 25 17 0 
65 0 0 62 0 64 67 63 0 0 23 0 21 0 22 25 17 0 0 0 14 13 15 8 0 9 11 0 0 0 0 0 0 42 39 38 52 0 0 50 48 46 51 47 45 0 0 34 0 32 0 0 33 0 79 71 74 73 0 0 77 76 75 60 0 0 0 53 0 59 55 56 0 4 2 81 5 6 0 80 1 
0 0 30 0 0 28 0 0 34 63 68 65 66 69 67 70 62 0 61 55 59 58 60 53 57 54 56 1 7 4 5 80 81 6 0 2 0 8 13 14 12 10 0 11 9 71 0 79 76 77 73 75 78 74 0 35 38 37 42 0 0 0 39 0 18 21 22 17 25 0 0 0 48 0 47 45 50 51 0 0 0 
0 51 0 44 50 46 0 45 52 0 5 2 3 6 4 7 80 1 0 0 77 76 78 71 75 72 74 19 25 0 23 17 18 0 21 20 34 26 0 32 30 0 0 0 27 8 9 16 0 14 10 12 15 11 0 0 56 55 60 54 59 0 57 42 36 39 0 35 43 0 37 0 0 67 65 63 0 69 0 62 64 
38 42 39 35 41 37 40 36 43 72 0 0 0 0 0 79 71 0 0 64 68 67 69 62 66 63 0 10 16 13 0 8 9 15 0 11 0 17 22 23 0 19 24 20 18 80 81 7 4 5 1 0 6 2 52 44 47 0 51 45 50 49 48 33 0 30 31 26 34 32 0 29 57 0 56 0 59 0 0 53 55 
11 15 12 0 14 10 13 9 16 0 0 0 48 0 49 52 44 0 43 37 0 40 0 0 39 36 38 64 0 67 68 62 63 69 66 0 79 71 0 77 75 73 78 74 72 53 54 61 58 59 55 57 60 56 25 0 20 19 0 0 23 22 0 6 81 0 4 80 7 5 1 2 30 31 0 0 0 33 0 0 28 
20 24 0 0 0 19 22 18 25 54 59 56 57 0 58 0 53 55 52 46 50 49 51 44 48 45 47 73 0 76 77 71 72 78 0 74 7 0 4 5 3 0 6 2 81 62 63 0 67 68 0 66 69 65 34 0 0 28 0 0 0 31 30 0 0 12 13 8 0 0 10 11 0 40 0 36 41 42 43 0 0 
74 78 75 0 77 0 0 0 79 27 32 0 0 33 31 0 26 0 25 0 23 22 0 17 21 18 0 46 52 0 50 0 45 51 48 47 61 53 58 59 57 55 60 56 54 35 36 43 40 41 37 39 0 38 7 0 2 1 6 81 0 4 0 69 0 66 67 62 70 68 0 0 12 13 11 9 14 0 16 8 10 
56 60 57 0 59 55 0 54 0 9 14 11 0 0 0 16 8 0 7 1 0 4 0 0 0 81 2 28 34 0 0 26 27 33 30 0 43 35 40 41 39 37 42 0 36 17 0 0 22 23 19 21 24 20 70 62 65 0 69 63 0 0 66 51 45 0 0 44 0 0 46 47 0 0 0 72 77 0 79 71 0 
71 75 72 68 0 0 73 69 0 24 29 0 27 0 28 31 23 0 0 16 20 19 21 14 0 0 17 43 0 0 47 0 42 0 45 44 58 0 55 0 54 52 0 53 51 0 33 40 37 38 34 36 0 35 4 0 80 79 0 0 2 0 81 66 0 63 64 0 0 65 0 62 0 0 8 0 11 12 13 5 7 
44 0 45 41 0 43 46 0 49 78 2 0 81 3 1 4 77 79 76 70 74 73 75 0 72 69 0 16 22 0 20 14 15 0 0 17 0 23 28 29 0 25 30 26 0 5 0 13 10 11 7 9 0 0 58 50 53 0 57 51 56 0 54 39 33 36 37 32 0 38 0 35 63 64 62 0 0 66 67 59 61 
0 39 36 32 38 0 37 0 40 69 0 71 72 0 0 76 68 70 67 61 65 64 0 0 63 60 62 7 13 10 11 5 6 0 0 0 22 14 0 20 0 16 21 17 0 77 78 4 1 2 79 81 3 80 49 41 44 0 48 42 47 46 45 30 24 27 28 23 31 29 25 26 54 55 0 51 0 57 58 50 52 
53 0 0 0 0 52 55 51 58 0 0 8 9 12 10 13 0 7 4 79 2 0 0 77 81 78 0 0 31 28 29 23 24 0 27 26 40 32 37 0 36 0 39 35 0 14 0 0 19 20 16 18 0 17 67 0 62 61 66 60 65 64 63 0 42 45 46 0 49 47 43 44 72 73 71 69 74 0 0 68 0 
26 0 27 23 0 25 0 0 31 0 65 62 63 66 64 67 59 0 58 52 0 55 57 50 54 51 53 79 4 0 2 0 78 3 81 0 13 0 0 11 9 7 12 0 6 68 69 76 73 0 70 72 0 71 0 32 35 34 39 33 0 37 0 21 15 0 19 14 22 20 16 17 45 0 44 42 47 48 49 41 43 
62 0 0 59 65 0 0 60 67 15 20 17 18 21 19 22 14 0 0 0 0 10 0 5 9 6 8 34 40 0 0 32 0 39 0 0 0 41 46 47 45 43 0 44 42 23 24 31 28 0 25 27 30 26 76 68 71 70 75 69 0 73 72 57 51 54 55 0 0 56 52 0 81 0 80 0 2 0 4 77 79 
17 0 18 0 20 0 0 0 22 51 56 53 54 57 55 58 50 52 0 0 47 0 48 41 45 42 44 0 76 73 74 68 0 75 0 0 4 77 0 2 0 79 0 80 78 59 60 0 0 0 61 63 66 0 0 23 26 25 30 0 29 28 27 12 6 9 10 0 0 11 7 8 36 37 0 0 0 39 0 0 34 
8 0 9 0 11 7 0 6 0 0 47 0 45 0 46 0 41 43 40 0 38 37 39 32 36 33 35 0 67 64 0 59 60 66 0 0 76 0 73 74 72 70 75 71 0 0 0 0 55 56 52 0 57 53 0 14 17 0 21 15 20 19 18 0 78 81 1 77 0 2 79 80 27 0 0 24 29 0 31 23 25 
80 0 81 0 2 79 1 0 4 0 38 35 36 39 0 40 32 0 31 25 0 0 30 23 0 24 0 52 0 55 56 50 51 57 54 0 0 59 64 65 63 0 0 0 60 41 0 49 46 47 43 0 0 44 13 5 8 0 12 0 0 0 9 0 69 0 73 68 76 74 70 71 0 19 17 15 0 21 22 0 16 
0 2 80 76 1 0 81 77 0 32 37 34 35 38 0 0 31 0 30 24 0 27 29 22 0 23 25 51 0 0 0 49 50 0 53 52 66 58 63 0 62 60 65 61 59 40 41 48 45 0 0 44 0 43 12 0 7 6 11 0 10 0 0 74 0 71 0 67 75 0 0 70 0 18 16 0 0 0 21 0 15 
7 11 0 4 0 6 0 5 0 0 46 0 44 47 0 48 40 0 39 0 37 0 38 31 35 32 34 60 66 0 64 0 59 65 0 61 75 0 72 73 71 0 0 70 68 0 50 0 54 55 51 53 56 52 21 0 16 15 0 14 0 18 0 2 77 80 81 0 3 1 0 79 26 27 25 0 28 29 0 22 24 
16 20 17 13 0 15 18 0 21 50 55 52 53 0 54 57 49 0 0 42 46 45 47 40 44 41 0 0 75 72 0 0 68 0 0 0 3 76 81 1 80 78 2 0 77 0 59 66 63 0 60 62 0 0 0 22 0 0 0 0 28 27 26 11 0 8 9 0 12 10 6 7 35 36 34 32 0 38 0 31 33 
43 47 44 40 46 42 0 0 48 0 1 79 80 0 0 3 0 0 75 69 73 0 74 0 71 0 70 15 21 18 19 13 0 20 17 16 30 22 0 28 0 24 29 25 0 4 5 0 9 10 6 0 11 0 57 49 0 0 0 50 0 0 53 38 0 35 36 0 0 37 0 34 62 0 61 0 64 65 66 58 60 
0 38 35 31 37 33 0 32 39 68 0 70 0 74 72 75 67 69 66 60 64 63 0 58 62 59 0 6 12 9 10 4 0 11 0 0 21 0 18 0 0 15 20 16 14 76 77 0 81 1 78 0 2 79 0 40 0 42 47 0 46 45 44 29 0 26 27 22 30 28 0 0 53 54 52 50 55 56 57 0 0 
0 0 0 0 0 24 27 23 30 59 64 61 62 65 63 66 58 60 57 51 55 54 0 0 53 50 52 0 3 0 1 76 77 2 80 0 12 4 9 10 8 6 11 7 5 67 0 0 0 0 69 0 0 70 0 0 0 33 38 32 37 36 35 20 0 17 0 13 21 19 15 16 44 45 43 41 0 47 48 40 0 
0 56 53 49 0 51 54 50 57 0 0 7 0 11 0 0 4 6 3 78 0 81 2 76 80 77 79 0 30 27 0 0 0 0 26 0 39 31 36 0 0 33 0 0 32 13 14 21 18 0 15 17 20 0 66 58 61 60 65 0 64 63 62 0 41 44 45 40 0 46 42 43 71 72 0 68 73 74 75 0 69 
0 65 0 0 64 60 63 59 0 14 19 16 0 0 0 21 13 15 12 6 0 0 11 4 0 0 7 33 39 36 0 0 32 38 35 34 48 40 0 46 44 42 47 43 41 22 23 0 27 0 24 0 0 25 75 67 70 69 0 68 73 0 71 0 50 53 54 0 0 0 51 52 80 81 0 77 0 0 3 76 78 
0 74 71 67 73 69 72 68 75 0 0 25 26 29 27 0 22 24 21 15 19 18 20 13 17 14 16 0 48 45 46 0 0 47 44 43 57 0 54 55 53 0 56 52 50 0 32 0 36 37 0 35 38 34 3 0 79 78 2 77 1 81 80 65 0 62 63 0 66 64 60 61 0 9 7 5 0 11 12 4 6 
21 0 22 18 24 20 0 0 0 55 0 57 0 0 0 0 54 56 0 47 51 0 52 45 49 0 0 74 80 77 78 0 73 0 76 75 8 0 5 6 4 0 7 3 1 63 64 71 0 69 0 67 0 66 0 27 30 29 34 28 33 0 31 16 10 13 0 0 17 0 11 12 40 41 39 37 42 43 44 36 38 
0 7 0 81 6 0 0 1 8 37 42 0 40 0 0 0 36 0 0 29 33 32 34 0 31 28 30 0 62 59 60 54 55 61 58 0 0 63 68 69 67 65 70 66 0 45 46 0 50 51 47 49 52 48 17 0 12 0 16 10 15 0 13 79 0 76 0 0 80 78 74 75 0 23 21 19 24 0 26 18 20 
12 16 13 9 15 0 0 0 0 46 0 48 49 52 50 53 45 0 0 38 42 41 43 36 40 37 39 65 0 0 69 63 0 70 67 66 80 72 77 78 76 74 79 75 73 54 0 0 0 60 56 0 61 57 26 0 21 20 25 19 24 23 22 7 1 4 5 81 8 6 0 3 31 32 0 28 33 34 0 27 0 
66 70 0 0 0 65 68 0 0 19 24 21 22 0 23 26 0 0 0 11 15 14 16 9 0 0 12 0 44 41 42 36 37 43 40 0 53 45 0 51 49 47 52 48 46 27 0 0 32 0 29 31 0 0 80 72 0 74 0 73 0 77 76 61 0 58 59 54 0 60 56 0 4 5 0 0 0 7 8 81 2 
39 43 40 0 42 0 0 37 44 73 0 0 76 79 77 80 72 74 0 65 69 68 70 0 67 64 66 0 17 0 15 0 10 16 0 12 0 18 0 0 22 0 0 0 19 0 1 8 5 6 2 0 7 3 53 0 48 0 0 46 51 50 49 34 0 0 32 27 35 33 29 30 58 59 0 55 0 61 62 54 56 
0 79 0 72 0 74 77 73 80 0 33 30 31 0 32 0 27 29 26 20 24 23 0 0 0 19 0 0 53 50 51 45 46 0 49 0 62 0 0 60 58 56 61 57 55 36 0 44 41 42 0 40 0 0 8 81 3 2 7 1 6 5 4 70 64 67 68 63 0 0 65 66 13 0 12 10 0 16 0 9 11 
30 34 31 0 33 29 0 28 35 0 69 0 0 0 68 71 0 65 0 56 0 59 61 54 58 0 57 2 8 5 6 0 0 7 4 3 17 9 14 15 13 0 16 0 0 0 0 80 77 78 74 76 0 75 0 36 39 38 43 37 42 41 40 25 0 0 23 18 26 24 20 21 0 50 0 0 51 0 53 0 47 
48 0 49 45 0 0 50 0 0 1 0 0 4 0 5 8 81 2 80 0 78 77 79 72 0 73 0 20 0 23 24 18 0 25 0 21 35 27 32 33 0 29 0 30 28 9 10 17 14 0 0 0 16 0 0 54 57 56 61 55 0 0 58 43 37 0 41 36 44 0 38 0 67 68 0 0 0 0 0 0 65 
57 61 58 54 60 0 0 55 62 10 15 12 13 16 14 17 9 11 8 2 6 0 7 81 4 1 0 29 35 32 33 27 0 34 0 30 44 36 0 42 0 38 43 39 37 0 19 26 23 0 0 22 25 0 71 63 66 65 0 64 0 0 0 0 0 49 50 45 53 51 0 48 76 77 75 73 0 79 80 0 74 
0 0 19 0 21 17 20 16 23 52 57 54 55 58 56 59 51 0 50 44 48 0 49 42 0 43 45 71 77 0 75 69 70 76 73 0 0 0 0 3 0 80 4 81 79 60 0 0 65 0 62 0 0 63 0 0 0 0 0 0 30 29 28 0 0 10 11 0 14 12 8 9 37 38 36 0 39 40 41 33 35 
81 4 1 78 3 80 0 79 5 34 39 36 37 40 38 41 0 35 32 26 30 0 31 24 28 25 0 53 59 56 57 51 52 58 55 0 68 0 0 0 64 62 0 63 61 42 43 50 47 48 0 46 49 45 14 0 0 8 0 0 0 11 10 76 0 0 74 69 77 75 71 72 0 20 18 16 21 0 0 15 17 
63 0 0 60 0 0 65 61 68 16 21 18 19 22 20 0 15 17 14 0 0 11 13 6 10 0 9 35 41 38 39 33 34 40 37 36 0 42 47 0 0 44 49 45 0 24 25 0 29 30 26 28 0 0 77 69 72 71 76 70 75 0 0 0 0 55 56 51 59 57 53 54 0 2 0 79 3 0 0 78 80 
72 76 0 69 75 0 74 70 77 25 30 0 28 31 29 32 0 0 23 0 21 20 22 15 19 16 0 0 0 47 48 0 43 49 0 45 59 51 0 0 0 53 58 54 0 0 34 41 38 0 35 37 0 36 0 0 0 80 4 79 3 2 0 67 61 0 65 60 0 0 0 63 10 11 9 7 12 0 14 6 0 
9 13 10 6 12 8 11 7 14 43 48 0 0 49 0 50 42 0 0 35 39 38 40 33 37 34 0 62 68 65 66 60 0 67 64 63 77 69 74 75 73 0 76 72 70 51 0 0 56 57 0 0 58 0 23 0 18 0 22 0 0 0 0 4 79 1 2 78 5 0 80 0 0 29 0 25 0 0 32 0 26 
45 49 46 0 48 44 47 0 0 79 3 81 1 4 2 5 78 80 77 71 75 74 0 0 73 70 72 17 23 20 0 15 0 22 19 18 0 0 0 30 28 26 31 27 25 0 7 14 11 12 8 10 13 0 59 51 54 53 0 52 57 56 55 0 34 37 38 0 41 0 35 0 64 65 0 61 66 67 68 60 0 
0 31 28 24 30 26 29 25 32 0 66 63 0 0 65 68 60 62 59 53 57 56 58 0 55 0 54 80 5 2 0 78 79 0 1 81 0 6 11 0 10 8 13 9 7 69 70 0 0 0 0 73 76 72 41 33 36 35 40 34 0 38 37 22 16 19 20 15 0 21 17 18 46 47 45 43 0 49 50 42 44 
54 58 0 51 0 53 0 0 59 7 0 9 10 0 11 14 6 8 0 80 3 2 4 78 1 79 81 26 32 0 30 24 0 31 28 0 41 33 38 39 37 0 0 36 34 15 16 0 20 21 17 19 0 18 68 60 0 62 67 61 66 0 64 0 43 46 47 0 50 48 0 45 0 74 72 70 0 76 0 69 71 
36 40 37 33 0 35 38 34 41 0 0 72 0 76 74 77 0 71 68 0 66 65 67 60 0 61 63 8 14 0 12 0 7 13 10 9 0 15 20 21 0 0 22 18 0 78 79 5 2 3 80 1 4 81 50 42 0 44 0 0 48 47 0 31 25 28 29 24 32 0 26 27 55 56 54 0 57 0 0 51 0 
0 45 42 38 44 0 0 39 46 75 80 0 78 81 79 1 74 0 73 0 0 0 72 0 0 66 68 0 0 16 17 11 12 18 15 14 28 0 25 0 24 22 27 23 0 0 3 10 0 8 4 6 9 5 55 47 50 49 0 48 0 52 0 0 0 33 0 0 37 35 31 32 60 61 0 57 62 0 0 0 58 
0 81 78 74 80 76 79 75 0 30 35 32 33 0 0 37 29 0 0 0 0 25 0 20 0 21 23 49 55 52 53 47 48 0 51 50 64 0 61 0 0 0 63 59 57 38 39 46 43 44 40 0 45 0 10 2 0 4 9 3 8 7 6 72 66 69 70 65 0 71 67 0 15 16 0 12 0 18 19 0 0 
68 72 69 65 71 67 70 66 73 21 0 0 24 0 0 28 0 0 19 0 17 16 18 11 0 0 14 40 46 43 44 0 0 45 42 41 55 47 0 0 51 49 54 50 48 0 30 37 0 35 0 33 36 32 1 74 77 76 0 75 80 79 78 63 57 60 61 0 0 0 0 59 6 7 0 3 8 9 10 0 0 
14 18 15 0 17 13 16 12 19 0 0 50 51 54 0 0 47 0 0 0 44 43 45 0 42 0 41 0 73 0 71 65 0 72 0 0 0 74 79 80 78 76 81 77 75 56 57 0 0 62 58 0 63 0 28 20 23 22 27 0 26 25 24 9 3 0 7 2 10 8 4 5 33 34 32 30 35 36 37 0 31 
50 0 51 0 53 0 52 48 55 0 0 5 0 0 0 10 2 4 1 76 80 0 81 74 78 75 0 22 28 25 0 20 21 27 24 23 37 29 34 35 33 31 36 32 30 11 12 19 16 17 0 0 18 14 64 56 59 58 63 0 62 61 0 45 39 42 0 0 0 44 40 0 0 70 68 66 71 72 73 65 67 
23 0 24 20 26 22 25 21 0 57 62 0 60 0 61 64 56 0 0 49 53 52 0 47 51 48 50 0 1 79 80 74 0 81 0 77 10 2 7 8 6 4 0 5 3 0 66 73 70 71 0 0 0 68 37 0 32 31 0 30 0 34 33 18 0 0 0 11 0 17 13 0 42 43 41 39 44 45 46 38 40 
0 9 0 0 8 0 0 0 10 39 44 41 42 0 43 46 38 40 37 31 35 34 36 0 0 30 0 58 64 0 0 56 0 63 60 59 0 0 70 71 69 67 72 68 66 47 48 55 52 0 49 0 54 0 19 0 14 13 0 12 17 16 15 81 75 78 0 0 1 0 0 77 24 0 23 21 26 27 28 20 22 
32 0 0 29 35 31 0 30 37 66 71 68 0 0 70 0 0 67 0 0 62 61 0 0 60 0 59 4 0 7 0 2 0 9 6 5 19 11 16 0 0 0 18 14 12 74 0 0 0 80 76 78 81 77 46 38 0 40 45 39 44 43 42 27 21 24 25 20 0 26 22 23 0 0 50 48 0 54 55 47 49 
59 0 60 56 62 58 61 57 64 12 17 14 15 18 16 19 11 13 0 4 0 7 0 2 6 0 0 0 37 0 35 0 0 36 33 32 46 0 43 44 42 40 0 0 39 0 21 0 25 0 22 24 27 23 0 65 68 0 72 66 0 70 69 54 48 51 52 47 55 53 49 50 78 79 0 75 80 0 0 0 0 
24 0 25 21 27 23 26 22 29 58 0 60 61 64 62 65 57 59 56 50 0 53 55 0 52 0 0 77 2 0 81 75 76 1 79 78 11 3 0 9 0 5 10 6 0 66 67 74 0 0 68 0 0 0 0 30 33 32 37 31 36 35 34 19 13 16 17 12 0 0 0 0 43 0 42 40 45 46 0 39 41 
0 10 0 3 9 5 8 4 11 40 45 42 43 46 44 47 39 41 38 32 0 35 0 0 34 31 33 59 65 62 63 57 58 64 61 60 74 0 0 0 70 68 73 0 67 0 49 56 0 54 50 0 0 51 0 12 15 14 0 13 18 17 16 1 76 79 0 75 2 81 0 78 25 0 24 22 0 28 29 21 0 
60 64 0 0 63 59 62 58 65 0 18 0 16 19 17 20 12 14 11 5 0 8 0 3 7 0 6 32 38 0 0 30 0 0 34 33 47 39 0 45 43 41 46 42 40 21 22 29 26 27 0 25 28 0 74 66 0 0 73 67 72 71 0 55 49 52 53 48 0 54 50 0 79 0 78 76 81 1 0 0 77 
0 0 52 48 54 50 53 0 56 4 0 0 7 10 0 11 0 5 2 0 81 80 1 75 0 76 0 23 0 26 0 0 0 28 0 24 38 30 35 36 34 0 37 33 0 0 13 0 17 18 14 0 19 0 0 57 60 59 64 58 0 62 0 0 0 43 44 39 47 45 41 42 70 71 69 67 72 73 74 66 0 
15 0 16 12 0 14 0 0 20 49 0 51 0 0 53 0 0 50 0 41 45 44 46 39 43 40 0 0 74 71 72 66 67 73 0 69 2 0 80 0 79 77 0 78 76 0 58 0 0 63 59 0 64 60 29 0 0 23 28 22 27 26 25 10 4 7 8 3 11 9 5 6 34 35 0 31 36 37 0 30 32 
0 1 79 75 0 77 80 76 2 31 36 33 34 37 0 0 30 0 0 23 0 26 28 21 25 22 24 50 0 53 54 48 0 55 52 51 65 0 0 0 61 0 64 60 58 39 40 47 44 45 0 0 46 42 11 3 6 5 10 4 0 8 7 73 67 70 0 66 74 72 0 69 0 0 15 0 18 19 20 0 14 
33 0 0 0 36 32 35 31 38 0 72 69 0 73 71 0 66 68 0 0 0 62 0 0 61 58 60 5 11 8 0 3 4 10 7 6 20 12 17 18 16 14 19 15 0 0 76 0 80 81 77 79 1 78 47 39 0 41 46 0 45 0 43 28 22 0 26 0 29 27 23 0 0 53 0 49 0 55 56 48 0 
0 73 0 66 72 68 71 67 74 22 27 24 25 28 26 29 21 0 0 0 18 0 19 12 16 13 0 0 47 44 45 39 0 46 43 42 56 48 53 54 52 0 0 51 49 30 0 38 35 36 32 34 37 0 0 75 78 77 1 76 0 80 0 64 58 61 62 57 65 0 59 0 7 0 6 4 9 10 11 3 5 
42 46 0 39 0 41 0 40 0 76 81 0 79 1 80 2 75 77 74 68 72 71 73 66 70 67 69 14 20 17 18 0 13 19 0 15 29 0 0 27 25 0 28 0 22 3 4 11 8 9 5 7 10 6 56 48 51 0 0 49 54 53 52 0 0 34 35 0 38 36 0 33 61 62 60 58 63 64 65 57 0 
4 8 5 1 7 3 0 2 9 38 43 40 0 44 42 45 37 0 36 0 0 33 35 0 0 0 31 57 0 60 61 55 56 0 0 58 0 0 0 70 68 66 71 0 65 46 0 0 0 52 48 50 53 49 18 10 13 12 17 11 0 0 14 0 74 0 0 73 81 79 75 76 23 24 0 20 25 26 0 19 0 
49 53 0 46 52 48 0 0 54 2 0 4 0 0 6 0 0 0 81 0 79 0 0 73 0 0 76 21 27 0 0 0 20 0 23 22 0 28 33 34 32 0 35 31 29 0 0 18 0 16 12 14 0 0 63 55 0 57 62 56 61 60 0 44 38 41 0 37 45 0 0 0 68 69 67 0 70 71 0 64 0 
67 71 68 0 0 66 69 65 72 20 0 22 23 26 24 27 19 21 18 12 16 15 17 0 14 11 13 39 45 0 43 37 38 44 41 40 54 46 51 52 50 48 53 49 0 0 0 36 33 34 30 32 35 0 81 73 0 75 0 0 0 78 77 62 0 0 0 55 63 61 57 58 5 0 0 0 7 8 9 0 3 
13 0 14 10 16 12 15 11 0 47 0 49 0 53 0 0 46 0 45 39 43 0 0 0 41 38 40 66 0 0 70 64 65 71 0 0 81 0 78 79 0 75 0 76 74 0 56 63 60 0 57 59 62 58 27 19 22 21 0 0 25 0 23 0 2 5 0 0 9 7 3 4 32 33 31 0 34 0 36 0 30 
76 80 77 0 0 75 78 0 81 29 34 31 32 0 33 0 28 30 27 21 0 24 26 19 0 20 22 48 54 51 52 0 47 53 0 49 63 55 60 61 59 57 62 58 56 37 38 0 0 43 39 41 0 40 9 0 4 3 8 2 7 6 5 71 65 68 69 64 72 70 66 67 14 0 13 11 16 0 18 10 12 
40 44 0 37 0 39 42 0 45 0 79 0 77 80 0 0 73 75 72 0 70 69 0 64 68 0 67 0 0 0 16 10 11 17 0 13 27 0 24 25 0 0 0 0 20 1 2 9 6 7 0 0 8 0 0 46 0 48 53 0 0 51 50 35 29 32 33 0 36 34 30 0 59 60 58 56 0 62 0 55 57 
31 35 0 28 34 30 33 29 36 65 70 0 0 71 69 0 0 66 0 0 61 60 62 0 59 56 58 3 9 6 7 0 2 0 5 4 18 10 15 16 14 12 17 13 11 0 0 81 78 0 75 77 80 76 45 37 40 39 0 38 43 0 0 26 0 0 24 19 27 25 21 22 50 51 0 47 52 0 54 46 48 
0 62 0 0 0 57 60 0 0 11 16 13 14 0 15 18 0 0 9 3 0 6 0 0 5 2 4 30 36 0 34 0 0 35 32 31 45 37 42 43 41 0 44 0 38 0 20 0 24 25 21 23 0 22 0 64 0 0 71 65 70 69 68 53 47 0 51 46 0 0 0 49 77 78 0 74 79 0 81 73 0 
22 26 0 19 25 21 24 0 0 56 61 58 0 62 0 63 0 0 54 48 52 51 53 46 50 47 0 0 81 78 79 73 0 0 77 76 9 1 0 0 5 3 8 0 0 0 65 0 69 70 66 68 71 67 36 0 31 0 35 29 34 33 32 0 11 14 15 10 18 16 12 13 41 0 40 0 0 44 45 0 39 
0 0 2 0 0 81 0 80 0 35 0 37 0 41 39 0 0 36 33 0 31 30 32 25 29 0 0 54 60 57 58 52 0 59 0 55 69 61 66 67 65 63 68 0 0 0 44 0 0 49 0 47 50 46 15 7 10 9 0 0 13 0 11 77 0 74 75 70 78 76 0 73 20 0 0 17 22 23 0 0 18 
37 41 38 34 40 0 0 35 42 0 76 73 0 77 0 78 70 0 69 0 67 66 68 61 0 0 64 9 0 12 0 0 8 0 11 10 24 16 21 0 20 18 23 19 0 79 80 6 3 0 0 0 5 1 51 43 46 45 50 44 49 48 47 32 26 29 0 0 33 31 0 28 56 57 55 53 58 59 60 0 54 
46 0 0 43 49 45 48 0 51 80 0 1 2 5 3 6 79 81 78 72 76 0 77 0 74 71 73 0 24 21 22 16 0 23 20 19 33 25 0 0 0 0 32 28 26 0 0 15 12 13 0 11 14 0 0 52 0 54 59 53 0 0 56 41 0 0 39 34 42 40 0 37 0 66 64 0 67 68 69 61 63 
0 23 0 0 0 0 0 17 24 53 0 0 56 59 57 0 52 0 51 45 49 0 50 43 0 44 0 0 78 75 76 70 71 77 0 0 6 79 3 4 2 81 5 1 80 61 62 69 66 67 63 0 68 0 33 25 28 0 0 0 31 0 0 14 0 0 12 7 15 13 0 0 0 39 37 35 0 41 42 34 36 
0 14 11 7 0 9 0 8 15 44 0 46 0 50 48 0 43 45 42 36 0 39 0 0 0 0 37 63 69 0 0 0 62 0 65 64 78 70 75 76 74 72 77 73 71 52 53 0 0 58 0 56 59 55 24 16 19 18 0 17 22 0 20 5 80 0 0 79 6 4 0 1 29 30 0 0 31 0 0 25 0 
64 0 65 61 0 0 66 62 69 17 22 19 20 0 21 24 0 18 0 0 0 12 14 7 11 8 10 0 0 39 40 34 35 0 38 0 51 43 48 49 47 0 0 46 0 25 26 0 30 31 0 0 32 0 78 70 73 72 0 71 0 75 74 59 0 56 57 52 0 0 54 0 0 3 0 80 0 5 0 79 81 
73 77 0 70 76 72 0 71 78 26 31 28 0 32 30 33 25 0 0 18 22 21 23 16 20 0 19 45 51 48 49 0 44 50 0 46 60 52 57 58 56 54 59 55 0 0 0 42 39 40 36 38 41 37 6 79 1 81 5 80 4 0 2 68 0 0 0 61 69 67 63 0 0 12 0 8 13 14 15 7 9 
55 59 56 0 58 54 57 0 60 8 13 10 11 14 12 15 0 0 0 0 0 3 5 79 2 80 0 27 0 30 0 25 26 0 29 28 42 0 39 40 38 36 0 0 35 16 17 24 21 22 18 20 23 19 69 61 64 63 68 0 0 0 65 50 44 47 48 43 51 49 0 46 74 75 0 71 76 77 78 70 72 
28 32 29 25 31 27 0 26 33 62 67 64 0 68 0 69 61 63 60 54 0 57 59 52 56 0 55 81 0 3 4 79 80 5 2 1 15 7 12 13 11 0 14 10 8 70 0 0 75 0 72 0 0 73 42 34 0 36 0 35 40 0 38 23 17 20 0 16 24 22 18 0 47 48 46 0 49 50 51 43 45 
