9
60 0 63 67 64 62 65 0 59 0 0 32 38 0 37 34 33 0 3 0 79 1 81 77 4 80 78 0 0 30 0 27 28 24 26 31 0 0 75 0 69 71 0 0 74 49 0 42 0 41 48 0 45 0 0 58 51 54 55 50 52 0 56 16 21 0 0 22 17 19 18 0 13 8 7 12 10 5 9 11 6 
51 52 54 58 55 53 56 57 0 0 27 0 29 26 28 25 24 31 0 74 70 73 72 68 76 71 69 14 20 21 16 18 19 15 0 0 59 0 66 67 60 62 64 0 65 40 0 33 34 32 39 35 36 0 44 49 42 0 46 41 43 0 47 7 12 5 0 0 8 10 9 6 0 80 0 0 1 77 0 2 78 
0 34 0 40 37 0 0 0 0 0 9 0 11 8 10 7 6 13 57 56 52 55 54 50 58 0 0 77 2 0 79 81 0 0 0 4 41 45 48 0 42 44 46 43 47 22 0 0 0 14 21 17 18 20 0 0 24 27 28 0 25 30 29 0 0 68 0 76 71 0 0 69 67 62 61 66 64 59 63 0 60 
6 7 9 13 10 8 11 12 5 66 63 59 0 62 64 0 60 67 0 29 25 0 27 23 31 26 24 50 56 57 52 0 0 51 0 58 0 18 0 22 15 0 0 16 0 76 73 0 70 68 0 0 72 0 80 4 78 81 0 0 79 0 2 0 48 41 47 49 0 0 45 42 40 35 34 0 37 32 36 38 33 
42 0 0 49 46 44 47 48 41 21 18 14 20 17 19 0 15 0 66 65 61 0 63 59 0 62 60 0 0 12 0 9 10 0 8 0 50 54 57 58 51 53 55 52 56 31 28 0 25 23 0 26 0 29 35 0 0 36 37 32 0 0 38 79 3 77 2 4 80 0 0 78 0 71 70 75 73 0 72 0 69 
0 79 0 4 1 80 2 3 77 0 54 50 56 0 55 52 51 58 0 0 0 19 18 14 22 17 15 41 47 48 0 0 0 42 44 0 0 9 12 13 0 8 10 7 11 67 64 60 61 59 66 62 63 65 71 76 69 72 0 68 0 75 74 34 39 0 0 40 0 37 36 33 31 26 25 30 0 0 27 29 0 
24 25 0 31 28 26 0 30 23 3 81 77 2 80 1 79 0 4 48 47 43 46 45 41 0 0 42 68 74 75 0 0 73 0 0 0 0 36 0 40 33 35 37 34 38 13 10 0 7 5 12 8 9 11 0 0 15 0 19 14 16 21 0 61 66 0 65 67 62 64 63 0 58 53 0 57 55 50 54 56 51 
69 70 72 76 73 71 0 75 68 0 45 41 47 44 46 43 0 0 12 0 0 10 9 0 13 0 0 32 38 39 34 36 0 0 35 40 77 81 0 4 78 80 0 79 2 0 0 51 52 50 57 53 0 56 62 0 0 0 64 59 61 66 65 25 30 0 0 31 26 28 27 0 0 17 16 21 0 14 0 0 0 
0 0 18 22 0 17 20 0 0 0 72 68 74 71 73 0 0 76 39 38 34 37 36 0 40 35 0 59 0 66 61 63 64 60 62 67 23 27 30 0 24 26 28 0 0 4 1 78 79 0 3 0 81 0 8 13 6 9 10 5 7 12 11 0 57 50 56 58 53 55 54 51 49 0 43 0 0 41 45 0 42 
79 0 0 5 2 81 3 0 0 58 55 51 57 54 56 53 0 0 0 21 17 20 19 15 23 18 0 42 0 49 44 46 47 43 0 50 6 10 13 14 7 9 11 0 0 68 65 0 0 60 0 0 0 66 72 77 70 73 0 69 71 76 0 35 40 0 39 41 36 38 37 34 32 0 0 31 0 0 28 30 0 
0 17 19 0 20 0 21 0 0 0 73 69 75 0 74 71 0 0 40 0 35 0 37 0 0 0 34 0 66 0 62 64 65 61 63 68 0 28 0 32 25 27 0 0 0 5 2 79 80 78 4 0 1 0 0 0 7 0 11 6 0 13 12 53 58 0 57 59 54 56 55 0 50 45 44 49 47 42 0 48 43 
34 35 37 41 38 36 39 0 33 0 0 0 0 9 0 0 7 14 58 57 53 56 0 51 59 0 52 78 3 4 80 0 2 0 81 0 42 0 49 0 0 45 0 44 48 23 20 16 0 15 22 18 19 21 0 32 25 28 29 24 0 0 30 71 0 69 75 77 72 74 0 0 68 0 62 0 0 60 64 0 0 
61 62 0 68 0 63 66 67 60 40 37 33 39 36 38 35 34 0 4 3 80 2 1 78 5 81 79 24 30 31 26 28 0 25 0 32 0 0 76 77 70 0 74 0 0 50 47 43 44 42 49 0 46 0 54 0 52 55 56 51 0 0 0 0 22 0 21 23 18 20 19 16 0 9 8 13 11 0 0 0 0 
7 8 0 14 0 9 12 13 6 67 64 60 0 63 65 62 61 0 31 30 0 29 0 24 32 27 0 0 57 58 53 55 56 0 54 0 15 19 22 23 16 0 20 0 21 77 74 0 71 0 76 0 0 75 81 5 0 1 2 78 80 4 3 44 0 0 48 50 45 0 46 0 41 36 35 0 0 33 0 39 34 
70 0 0 77 74 72 75 76 0 0 46 42 0 45 47 44 43 0 0 12 8 11 10 6 14 9 7 33 0 0 35 0 0 34 36 0 78 1 4 5 0 0 2 80 0 59 56 52 53 51 0 54 0 57 63 68 0 64 0 60 0 67 0 26 31 24 30 0 0 29 28 0 23 18 17 0 20 15 19 21 16 
52 53 0 0 56 54 57 58 51 31 28 24 30 27 29 26 25 32 0 75 0 74 73 69 77 72 70 15 21 22 0 19 0 16 18 23 60 64 67 68 61 0 65 62 66 41 0 34 0 33 40 36 0 39 45 0 43 46 0 42 44 49 48 8 13 0 12 0 0 11 10 7 0 81 80 4 2 78 1 3 79 
0 26 0 0 29 27 0 31 24 4 1 0 0 81 2 80 79 0 0 48 44 47 0 42 50 0 0 69 75 0 71 73 0 70 72 77 33 37 40 41 34 0 38 0 39 14 0 0 0 6 0 9 10 12 0 23 0 0 20 0 17 0 21 62 0 60 66 68 0 65 64 0 0 54 53 58 56 0 55 57 52 
0 44 0 50 47 45 0 49 42 22 19 0 0 18 20 0 16 0 67 66 62 0 64 60 68 63 61 6 12 0 8 10 11 7 9 0 51 55 0 0 52 54 56 53 57 32 29 25 26 0 31 27 28 30 36 41 34 0 38 33 0 40 0 80 0 78 3 5 81 0 1 79 77 72 0 76 74 0 73 0 70 
50 51 53 57 54 0 0 56 49 29 0 22 28 25 27 24 23 0 74 0 69 0 71 67 0 70 0 0 19 20 15 17 0 14 16 21 58 62 65 0 0 61 0 0 64 39 36 32 33 0 38 34 0 37 43 48 41 44 45 40 0 47 46 6 11 4 10 12 7 9 8 5 3 79 78 0 81 76 80 1 77 
0 78 0 3 81 0 1 2 76 56 0 0 55 0 54 51 0 57 20 19 15 18 17 13 21 16 14 40 46 47 0 0 45 41 0 0 4 8 0 12 5 7 0 6 0 66 63 59 60 58 65 61 62 64 70 75 68 71 72 67 69 0 73 33 38 31 37 39 0 36 0 32 30 25 24 0 27 22 0 0 23 
23 0 26 0 27 25 0 0 22 2 80 0 1 79 81 0 0 3 47 46 0 45 0 40 0 43 41 67 73 74 69 71 0 68 0 75 31 35 38 0 0 34 36 0 0 12 9 5 6 4 11 7 8 10 16 21 14 0 18 13 15 20 19 60 0 58 64 66 0 0 0 0 57 52 51 0 54 0 0 55 50 
5 0 0 12 9 0 0 11 4 0 62 0 0 61 63 60 0 0 0 28 24 27 0 22 30 0 0 49 55 56 51 0 0 50 0 0 13 0 0 0 0 0 18 15 19 75 72 0 0 0 74 70 0 0 79 3 77 80 81 76 0 0 1 42 0 40 46 0 0 45 44 41 39 34 33 38 36 0 0 37 32 
41 42 0 48 45 43 0 47 40 0 17 13 19 16 18 15 0 21 65 64 60 63 62 58 66 0 59 4 10 11 0 8 9 5 7 12 0 0 56 0 50 0 0 51 0 30 27 0 24 22 0 25 26 28 0 0 0 35 36 31 0 38 0 78 0 0 0 3 79 81 80 77 75 0 0 0 72 0 71 73 0 
32 0 35 0 36 0 37 38 0 11 8 4 0 7 9 0 0 12 0 55 0 0 0 49 0 52 50 76 1 0 78 80 81 77 79 3 40 0 0 48 41 43 45 42 46 21 18 14 15 13 20 16 0 19 25 30 0 26 27 0 24 0 28 0 0 0 73 75 70 72 0 0 66 61 60 65 0 58 62 64 0 
0 60 0 66 63 61 0 0 58 38 35 0 37 0 0 33 32 39 2 1 78 81 80 76 3 79 0 0 0 29 24 26 0 0 25 30 67 0 74 75 68 70 72 69 0 0 45 0 42 0 47 0 44 46 0 57 0 0 0 49 51 56 55 15 20 13 19 0 16 18 0 14 12 7 0 11 9 0 0 0 5 
0 15 17 21 18 16 0 20 13 0 71 0 73 0 72 0 68 75 38 37 33 36 35 0 39 0 0 58 0 65 60 62 63 0 61 66 22 26 29 30 0 25 27 24 28 3 81 0 78 76 0 0 0 1 7 0 5 8 9 4 6 11 10 0 56 49 55 57 52 54 0 50 48 43 0 47 0 40 44 46 41 
68 69 0 75 72 0 73 74 0 47 44 40 0 43 0 42 41 48 11 0 6 0 0 4 12 0 5 31 37 0 0 35 0 32 34 39 0 0 2 3 77 79 81 78 1 57 54 50 51 0 56 52 0 0 0 66 59 62 63 0 60 0 64 0 29 22 28 30 25 27 0 23 21 0 0 20 0 13 0 19 14 
12 13 15 19 16 14 17 0 0 72 69 0 71 0 70 67 0 73 36 35 31 34 0 29 0 32 30 0 0 63 58 60 61 57 59 64 20 24 27 0 21 23 25 0 26 0 0 0 0 0 81 77 78 80 0 10 3 6 0 2 4 0 0 0 54 0 53 0 50 52 51 48 46 41 40 45 43 38 42 44 0 
75 76 0 1 79 77 0 81 0 0 51 0 0 0 0 49 48 0 18 0 13 16 15 0 19 0 12 38 44 45 0 42 0 39 41 46 2 6 9 0 0 5 7 4 0 64 0 57 0 56 0 0 60 0 68 73 0 0 70 65 67 72 71 0 0 0 35 37 0 34 0 30 0 0 0 0 25 20 24 0 21 
66 0 69 73 70 68 71 72 65 45 0 0 44 41 43 0 39 46 9 8 0 0 6 0 10 5 3 29 0 36 31 33 34 30 32 0 74 0 0 1 75 0 0 76 80 55 52 48 49 0 54 0 51 53 0 64 0 60 0 56 58 0 62 0 0 20 26 0 0 25 24 21 19 0 13 18 16 0 0 17 12 
0 31 33 37 34 0 35 36 0 9 6 2 8 5 7 0 3 10 0 53 0 52 51 47 55 50 48 0 80 81 0 78 79 75 77 1 38 42 45 46 39 41 0 40 0 19 0 12 13 11 18 14 0 17 0 28 21 24 0 20 22 0 0 67 72 65 71 0 68 70 69 66 0 59 58 63 0 0 60 62 0 
48 0 0 55 0 50 53 0 47 0 24 20 26 23 0 22 0 28 0 0 67 70 69 65 73 0 66 11 0 0 0 15 16 0 14 0 56 0 0 64 57 59 61 0 62 37 34 30 31 29 36 32 33 35 41 46 39 42 43 0 40 45 0 0 9 0 8 10 5 7 6 3 1 0 0 81 79 74 0 0 75 
39 40 42 46 43 41 44 45 38 18 15 11 17 0 0 0 0 19 63 62 58 61 60 0 0 0 57 2 0 0 4 6 7 3 5 10 47 51 54 55 0 50 52 49 53 28 0 21 22 0 27 0 0 0 32 37 30 33 0 29 31 0 0 0 0 74 80 0 0 79 78 75 73 68 0 72 70 65 69 0 0 
21 0 24 28 25 23 26 27 0 81 78 0 0 77 0 0 75 1 0 44 40 0 42 0 46 41 39 65 0 72 67 0 70 66 68 73 29 0 36 37 30 0 34 0 35 0 0 3 4 2 9 5 6 8 14 19 0 0 0 0 13 18 0 58 0 0 0 64 0 0 0 57 0 50 0 54 52 0 51 53 48 
57 0 60 64 0 59 62 63 56 36 33 29 35 32 34 0 0 37 81 80 76 79 78 0 1 77 75 20 26 27 0 24 25 21 0 0 0 69 0 73 0 0 70 67 71 0 43 39 40 38 45 41 42 44 50 55 48 0 52 47 49 0 53 13 18 0 17 0 14 16 15 0 10 0 4 9 7 2 6 8 3 
0 4 6 0 0 5 8 9 2 63 60 56 62 59 61 58 57 64 27 0 22 0 24 0 28 0 21 47 53 0 49 51 0 0 0 0 11 0 0 19 0 14 16 0 17 73 0 66 67 65 72 68 0 0 77 0 75 78 0 0 76 81 0 40 45 38 44 46 0 43 42 0 37 0 31 0 34 0 33 35 30 
0 46 48 52 49 47 50 0 44 24 0 17 0 0 22 0 0 0 69 0 64 67 66 0 70 65 63 8 14 0 0 12 13 0 11 16 53 57 60 0 54 0 0 55 59 34 31 27 28 26 33 29 30 32 0 0 0 39 40 35 37 42 41 1 6 80 0 7 2 4 3 81 79 74 73 78 76 71 75 77 72 
27 0 0 0 31 0 0 33 26 6 3 80 5 0 0 1 0 0 51 0 46 49 0 0 0 0 45 71 77 78 0 0 76 72 0 79 35 39 42 43 0 0 40 0 0 16 0 0 10 8 15 11 12 14 20 25 18 21 22 0 0 24 23 64 69 62 68 70 65 67 66 63 61 56 55 0 58 53 0 59 0 
72 73 75 79 76 74 77 0 0 51 48 44 50 47 49 46 0 52 0 14 0 13 12 8 0 0 9 35 41 42 0 39 40 36 0 0 0 3 6 7 81 2 0 1 5 0 0 54 55 53 60 56 57 59 65 70 63 0 67 62 64 0 68 0 33 26 32 34 29 31 30 0 0 20 19 0 22 0 0 23 0 
81 1 3 7 4 2 5 6 80 60 0 0 0 0 0 55 54 61 24 23 19 22 0 17 25 20 18 0 50 51 46 48 49 45 47 52 0 12 0 0 0 11 13 0 0 0 67 63 64 0 0 0 66 68 74 79 72 75 76 71 0 0 0 37 42 35 41 43 0 40 39 36 34 29 28 0 31 26 30 0 0 
54 0 0 0 0 0 0 60 53 33 30 26 0 0 31 28 27 34 78 77 73 76 0 71 79 74 72 17 23 24 0 21 22 0 0 0 62 66 69 70 63 65 67 64 68 43 40 36 37 35 42 38 0 41 47 0 45 48 0 0 46 51 50 0 15 8 14 16 0 0 0 0 7 2 1 0 0 0 3 5 81 
9 10 12 16 13 0 14 0 8 0 0 62 0 65 67 0 63 70 33 32 28 31 30 26 0 29 27 53 59 60 55 0 0 54 56 61 17 21 24 25 0 20 0 19 23 79 76 72 0 0 0 74 0 77 2 0 81 0 0 0 0 0 5 46 51 44 50 52 0 49 48 45 43 38 37 0 40 35 0 41 36 
18 19 21 25 0 20 0 24 17 0 75 71 77 74 0 73 72 79 0 0 0 0 39 35 0 38 36 62 0 69 64 66 67 63 65 0 0 0 33 34 0 0 31 28 32 7 4 81 1 0 0 0 0 5 11 0 0 12 13 8 10 15 14 55 60 0 59 61 56 58 57 54 52 47 0 0 49 44 0 0 45 
36 37 0 43 0 38 0 42 35 15 12 8 0 0 0 0 9 0 60 0 55 58 57 0 0 56 54 80 0 6 1 3 4 81 2 7 44 0 51 52 0 0 0 46 50 25 22 18 19 0 24 0 21 23 0 34 27 0 0 26 0 0 0 73 78 71 77 79 0 76 0 72 0 0 64 69 67 62 0 68 63 
0 64 66 70 67 65 68 69 62 42 0 35 41 38 0 37 36 43 6 0 1 4 3 80 0 0 81 26 32 33 28 30 31 27 0 34 71 0 78 79 0 0 76 73 77 0 0 45 46 44 0 47 0 50 56 61 54 0 0 53 55 60 59 19 24 0 23 0 20 22 0 18 0 0 10 15 13 0 12 14 9 
2 0 0 0 6 4 7 8 0 62 59 55 61 0 60 0 56 63 26 25 0 0 0 19 27 0 20 0 52 53 0 0 51 47 0 54 10 14 17 0 0 0 15 12 0 72 69 0 66 64 71 67 68 0 0 81 74 77 78 0 0 80 0 39 44 37 0 45 0 0 41 38 36 31 30 35 33 28 32 34 29 
56 57 59 0 60 58 61 62 55 35 0 28 34 0 33 30 29 36 80 79 0 0 77 0 81 76 74 19 25 0 0 23 0 20 22 0 64 68 71 72 65 67 0 66 70 45 42 0 39 0 44 40 41 43 49 54 47 0 0 46 48 53 52 12 17 10 0 0 13 0 14 0 9 4 3 8 6 0 0 7 2 
0 30 32 0 0 31 34 35 28 8 5 1 0 4 0 3 2 9 53 52 48 51 0 0 54 49 47 73 0 0 75 77 78 74 76 81 37 41 0 45 38 0 0 0 43 0 15 11 12 0 17 13 14 0 22 27 20 0 24 19 21 26 0 66 71 0 70 72 67 69 0 65 63 0 57 0 0 0 59 0 56 
38 39 0 45 42 0 0 0 37 17 0 10 0 0 15 12 11 0 0 61 57 60 59 0 63 0 56 1 0 8 0 0 6 2 4 0 46 50 53 54 0 49 51 48 52 27 24 20 21 19 26 22 23 25 0 0 29 0 33 28 30 35 0 0 80 73 0 81 0 0 77 74 0 67 0 71 69 64 68 70 65 
47 48 0 54 0 49 52 53 46 26 23 19 0 0 0 0 20 27 71 70 0 0 0 0 72 67 65 10 0 0 0 14 15 11 13 0 55 0 0 63 56 58 60 0 61 0 33 0 30 0 0 31 0 34 0 0 38 41 42 37 39 0 43 3 8 0 0 9 0 0 5 2 81 76 75 80 78 0 77 0 74 
0 12 0 18 15 13 0 0 0 71 0 64 70 0 69 66 65 72 35 34 0 0 32 28 0 0 29 55 61 62 57 0 0 56 0 63 19 23 0 27 20 22 0 0 25 0 0 74 75 73 80 76 77 79 0 9 0 5 0 1 3 0 0 48 0 46 52 54 0 51 50 47 45 0 39 44 0 0 41 43 38 
74 75 77 81 78 76 79 80 0 0 50 46 52 49 0 0 47 54 17 16 12 0 14 10 18 13 0 37 43 44 39 41 42 38 40 45 1 5 0 9 2 4 0 3 7 0 60 56 57 55 62 58 0 61 0 72 65 68 0 64 66 71 70 30 0 0 0 36 31 33 32 0 27 22 21 26 0 19 23 25 0 
65 66 68 72 69 0 70 71 64 44 0 37 0 0 0 39 38 0 8 7 3 6 5 1 9 4 0 28 34 35 30 0 33 29 0 36 73 77 0 81 74 76 78 75 79 54 0 47 48 0 53 0 0 52 58 63 56 0 60 55 57 62 0 0 0 0 25 27 22 24 23 20 18 13 12 0 0 10 0 16 0 
20 21 23 27 0 0 25 0 19 0 77 73 79 0 78 75 0 0 44 43 39 0 41 37 45 40 38 64 70 71 66 68 0 65 67 72 28 32 0 36 29 0 33 30 0 0 6 0 0 0 8 0 5 7 13 18 11 14 15 10 12 17 16 57 0 55 0 63 58 60 59 0 54 49 48 53 51 46 0 52 0 
0 14 16 20 0 15 0 19 12 73 0 66 72 0 0 0 0 0 37 36 0 35 0 30 0 0 31 57 0 64 59 61 62 58 60 65 21 0 28 29 0 24 26 23 27 2 80 0 77 75 1 78 79 81 6 0 0 7 0 3 5 10 0 0 55 0 54 56 0 53 52 49 0 42 41 0 44 39 0 45 40 
76 77 79 2 80 78 0 1 75 55 52 0 54 51 53 50 49 56 19 0 14 17 16 0 20 15 0 39 0 46 41 43 44 40 42 0 3 7 10 11 0 0 8 5 9 0 62 58 0 57 64 0 61 0 69 74 0 70 71 66 0 73 0 0 37 0 36 38 0 35 0 0 29 24 23 28 26 21 25 27 22 
0 0 0 38 35 33 36 37 0 10 7 0 9 0 0 5 4 11 55 0 50 53 52 0 56 0 49 75 81 1 77 79 80 76 78 2 39 0 0 47 40 42 44 41 45 20 17 0 0 12 0 15 16 18 24 29 0 0 26 21 23 28 27 0 73 0 0 74 69 71 0 67 0 60 59 0 62 57 61 0 0 
40 41 43 47 44 42 45 46 0 19 16 12 18 15 0 0 0 20 64 63 59 62 61 0 0 60 58 3 0 10 5 0 8 0 6 11 0 52 55 56 0 51 0 0 54 0 26 22 23 21 28 24 25 0 33 38 0 34 35 30 32 37 0 0 0 0 81 2 0 80 0 76 74 0 0 0 71 66 70 0 67 
49 50 52 56 53 0 54 55 48 0 0 21 27 24 26 23 22 0 73 72 0 71 0 0 74 69 0 12 18 19 14 16 0 13 15 20 57 61 0 0 0 60 62 59 63 0 35 31 32 0 37 33 34 0 0 47 0 43 0 39 41 46 0 5 10 3 9 11 0 8 7 4 0 78 77 0 80 0 0 0 0 
0 68 70 74 71 69 72 0 66 46 0 39 45 42 44 41 0 47 0 9 5 8 7 3 0 6 4 30 36 37 0 0 35 0 33 0 75 79 1 2 76 0 0 77 81 0 53 0 50 48 55 51 0 0 0 0 58 61 62 57 59 64 63 0 28 21 27 0 0 26 0 22 20 15 14 19 0 12 16 18 13 
4 5 7 11 8 0 0 0 3 0 61 57 63 60 62 59 58 65 28 27 23 0 0 21 29 24 22 48 54 55 50 52 0 49 51 56 12 16 19 20 13 15 17 14 18 74 0 0 68 66 73 0 70 0 78 2 76 79 80 75 77 1 81 0 46 0 45 47 42 44 43 0 38 0 32 37 35 0 34 0 31 
0 23 25 29 0 24 0 28 21 1 0 0 0 0 80 77 0 0 46 45 41 44 0 0 0 0 40 66 0 0 0 0 71 67 69 74 30 34 37 38 31 33 0 0 36 0 0 0 5 3 10 6 0 9 0 20 0 16 0 12 0 19 18 59 64 0 63 65 60 0 0 58 56 0 0 55 53 0 52 54 49 
58 59 0 65 62 60 63 64 57 37 34 0 36 33 35 32 0 38 1 81 0 80 0 75 0 78 76 21 0 28 23 0 26 0 24 29 0 0 73 0 0 69 71 0 0 47 0 0 41 0 0 42 0 45 0 56 49 52 0 48 50 55 0 0 19 0 18 20 15 0 16 13 0 0 5 10 8 3 0 9 4 
0 65 0 71 68 66 0 0 63 0 40 36 42 39 41 0 37 0 7 6 0 5 4 0 8 3 0 27 0 34 29 31 32 28 30 0 0 0 0 80 0 0 77 74 0 0 50 0 47 45 52 48 0 0 57 62 0 58 0 54 56 61 60 20 25 18 24 26 21 23 22 19 17 12 11 16 0 9 13 0 0 
73 74 76 0 77 0 78 79 72 52 49 45 51 48 50 0 46 53 0 15 11 0 13 9 17 0 10 36 42 0 38 40 41 0 39 0 81 4 7 8 1 3 0 0 6 62 59 55 56 54 61 57 58 0 0 71 64 67 68 63 0 0 69 29 0 27 33 0 30 32 0 28 26 0 20 25 0 18 22 24 0 
28 0 31 35 32 30 33 34 27 7 4 81 6 3 5 2 0 8 52 51 47 50 0 0 53 0 0 72 0 0 0 76 0 73 0 80 36 0 43 0 37 0 41 38 0 17 14 0 11 9 16 12 13 15 21 0 19 22 23 0 20 25 0 65 70 63 0 71 66 68 67 64 0 57 56 61 0 0 58 60 0 
46 0 0 0 0 48 51 52 0 0 22 0 0 21 0 20 19 0 70 69 65 68 67 63 71 66 64 9 0 16 11 0 0 0 0 0 54 0 0 62 55 57 59 0 0 35 0 28 29 27 34 30 31 33 39 0 37 0 0 0 38 0 42 2 0 81 6 8 3 5 0 0 0 75 74 79 77 72 76 78 73 
1 2 4 0 5 0 6 7 81 61 58 54 60 57 59 0 55 62 25 24 0 23 22 18 26 0 19 45 0 52 47 49 50 0 48 53 0 0 16 17 10 12 14 11 0 71 68 64 65 63 70 66 67 69 75 80 73 76 77 72 0 0 0 0 0 36 42 44 0 41 40 37 35 0 29 34 32 0 31 0 28 
10 11 13 17 14 12 0 0 9 70 67 63 69 66 68 65 64 71 34 33 29 0 31 0 0 30 0 0 60 61 56 58 0 55 0 62 18 22 25 26 0 0 0 20 24 0 77 73 74 72 0 0 76 78 3 8 0 4 5 81 2 7 6 47 52 45 51 0 48 0 49 46 44 39 0 0 0 0 0 0 0 
0 0 0 44 41 39 0 43 36 0 13 9 0 12 14 0 10 0 61 60 56 0 58 54 62 0 55 0 6 7 2 0 5 0 3 8 45 0 52 53 0 48 0 47 51 0 23 0 20 18 25 21 22 24 30 0 28 31 0 27 29 34 33 0 79 72 78 80 75 77 76 73 71 66 65 70 0 63 67 0 64 
0 20 22 26 23 21 24 25 18 0 0 72 0 75 77 0 73 80 43 42 38 0 0 36 44 39 37 63 69 70 65 0 68 64 66 71 27 0 34 0 28 30 32 29 33 0 0 1 2 0 7 3 4 0 12 17 10 13 0 9 11 0 15 56 61 54 60 62 0 59 58 55 53 48 47 52 50 45 49 51 0 
55 56 0 62 59 57 60 61 0 34 31 0 0 30 32 0 28 35 79 78 74 77 0 0 80 75 0 18 24 25 20 22 23 19 21 26 0 0 70 0 64 66 0 0 69 44 41 37 38 0 43 39 40 0 48 53 46 49 0 0 47 52 51 11 16 9 0 17 12 14 0 0 8 0 2 7 0 81 0 6 1 
80 81 2 6 3 0 0 0 79 59 56 52 58 0 57 54 53 60 23 22 0 21 20 16 24 0 0 43 49 50 45 0 48 44 46 0 7 11 14 0 8 0 12 0 13 69 66 0 63 61 0 0 65 67 73 78 0 74 75 0 72 77 0 0 41 34 0 42 0 39 38 35 33 28 27 32 0 25 29 31 0 
71 0 74 78 75 0 76 77 70 0 47 43 49 46 0 45 44 0 14 13 0 0 11 7 15 10 0 0 0 41 36 38 39 0 37 42 79 0 5 6 0 1 0 81 4 60 0 53 54 52 59 55 0 0 64 69 62 65 66 61 63 68 67 27 0 0 0 33 28 30 29 0 24 19 0 23 21 16 20 0 17 
44 45 47 51 48 46 49 50 43 23 20 16 22 0 21 18 17 24 68 67 0 66 0 61 0 0 62 0 13 14 0 11 12 8 10 15 0 56 59 60 53 55 0 0 58 33 30 0 27 0 0 28 29 31 37 42 0 38 39 34 0 41 40 81 5 0 0 6 1 0 2 80 78 73 0 77 75 70 74 76 71 
0 36 38 42 39 37 40 41 0 14 11 0 0 0 12 9 8 15 0 58 54 57 56 52 0 55 53 0 0 5 0 2 3 0 1 6 43 47 50 51 0 46 0 45 49 24 0 17 18 16 23 0 20 22 0 0 26 0 0 25 27 32 31 0 0 70 0 0 73 0 0 71 69 64 0 68 66 0 65 0 0 
17 18 0 24 21 0 0 0 16 77 0 70 76 73 75 0 71 78 41 0 36 39 38 34 42 37 35 61 0 68 0 65 66 0 64 69 0 29 32 0 26 28 30 27 0 0 0 80 81 0 5 1 2 4 10 15 8 0 12 7 9 14 13 54 59 52 58 60 55 57 56 53 51 0 0 0 0 0 47 49 44 
0 63 0 69 66 64 67 0 61 41 0 0 40 37 39 36 35 42 0 4 0 3 2 79 6 1 80 0 0 32 27 29 30 26 28 33 70 0 77 78 71 0 0 0 76 51 48 44 45 43 50 46 47 0 55 60 0 0 57 0 0 0 58 0 23 16 22 0 19 21 20 17 15 10 9 14 12 7 11 0 8 
53 54 56 0 57 55 0 0 0 0 0 25 31 28 0 27 0 33 77 76 0 0 0 0 78 73 71 0 22 23 18 20 21 17 19 0 0 65 68 69 62 0 66 63 67 42 0 35 36 0 41 0 38 40 46 51 44 47 48 0 45 50 0 9 0 7 0 15 10 12 11 8 6 1 81 0 3 79 2 4 0 
26 0 29 0 30 28 31 0 25 5 2 79 0 0 0 81 80 0 0 0 45 48 0 43 51 46 0 70 76 0 72 74 0 71 0 78 34 0 41 42 35 37 39 36 40 0 0 8 9 0 14 0 11 13 19 24 0 0 21 16 0 0 22 0 68 0 0 69 64 66 65 62 0 55 54 59 0 52 0 0 53 
8 0 11 15 12 10 0 14 7 0 0 0 0 64 66 63 62 69 32 31 27 30 0 25 33 28 26 0 58 59 0 56 57 53 55 0 16 20 0 0 17 19 21 18 22 78 75 71 72 0 0 73 74 76 0 0 80 0 3 79 81 5 4 0 0 43 49 0 46 0 0 44 42 37 36 41 39 0 38 40 35 
