9
11 0 10 12 6 4 9 0 8 0 25 0 0 28 0 30 22 0 81 3 0 2 79 80 0 0 76 59 66 62 65 0 64 58 63 0 39 31 0 0 36 0 33 37 34 56 0 0 57 0 0 50 55 52 73 0 74 67 72 0 0 0 0 21 14 20 0 16 0 19 15 18 47 43 44 48 0 46 42 41 40 
0 77 1 0 78 76 81 79 80 15 16 20 14 19 18 21 13 17 72 75 0 0 70 71 73 68 67 50 57 0 56 0 55 0 54 52 30 22 29 0 27 26 24 28 25 47 40 42 0 0 45 0 0 43 0 60 65 58 63 59 61 66 62 12 5 11 4 7 8 0 0 9 38 34 0 39 36 37 33 32 31 
0 68 73 75 0 0 0 70 71 6 0 11 5 10 0 12 4 0 0 0 60 65 61 62 0 59 0 0 48 44 47 42 46 40 45 43 0 0 0 14 18 17 15 19 16 38 31 0 0 35 36 0 37 34 0 51 56 49 54 50 52 57 53 3 77 2 76 0 80 1 78 0 29 25 26 30 27 28 24 23 22 
65 59 0 66 60 58 63 61 62 78 79 0 0 1 81 0 76 0 54 0 51 56 52 53 55 0 0 32 39 35 38 33 37 0 36 34 12 4 11 5 9 8 0 10 7 29 0 24 30 26 27 23 28 25 0 42 47 40 45 0 0 0 44 75 68 74 67 70 0 73 0 72 20 16 17 21 18 0 15 0 13 
56 0 55 0 51 49 0 0 53 69 70 74 68 73 72 75 67 71 45 48 42 47 0 44 0 41 40 23 30 26 29 24 28 22 27 25 0 76 2 77 0 80 78 1 0 20 0 0 21 17 18 0 19 16 0 33 38 31 36 32 0 39 35 66 59 0 0 61 62 64 0 0 0 0 8 12 9 10 6 5 0 
0 0 37 0 33 31 36 0 0 51 52 56 0 55 54 57 0 53 27 0 0 29 25 0 28 0 22 5 0 8 11 0 10 0 9 7 66 58 65 0 63 62 60 64 0 0 0 0 3 80 81 0 0 79 0 15 20 0 18 14 0 0 0 48 41 47 0 43 44 0 42 45 0 70 71 75 0 0 69 68 67 
0 14 19 0 15 13 18 0 17 33 34 38 32 37 36 39 0 0 0 12 0 11 7 8 10 5 4 68 0 71 74 69 73 67 72 0 48 0 0 0 45 44 42 0 0 65 0 0 0 62 63 0 64 61 1 78 0 76 81 0 0 3 80 30 23 0 22 25 26 0 24 27 56 52 53 0 0 55 51 50 0 
29 23 0 0 0 22 27 0 26 42 0 47 0 0 45 48 40 0 18 21 15 20 16 17 0 0 13 77 3 80 0 78 1 76 81 0 57 0 56 50 0 53 51 55 52 0 0 69 0 0 0 68 73 70 10 0 11 4 9 5 0 12 8 39 32 38 0 34 35 37 33 0 0 0 0 0 63 64 60 59 58 
47 41 46 48 0 40 45 0 44 60 0 0 59 64 0 66 0 62 0 39 33 38 0 0 37 0 31 0 21 0 0 0 19 13 0 0 0 67 74 68 72 0 69 0 70 11 0 6 12 8 9 5 0 0 28 0 29 22 0 23 0 30 26 0 50 56 0 52 53 55 51 54 2 79 80 0 0 1 78 77 76 
67 61 66 0 62 60 65 0 0 80 81 0 79 3 2 5 78 1 56 0 53 58 54 0 57 0 0 34 41 37 40 35 0 0 38 0 0 6 0 0 11 10 0 12 9 31 24 26 32 28 29 25 30 27 48 0 49 42 47 0 45 0 46 77 70 76 69 72 73 0 0 0 22 18 19 0 0 21 0 0 15 
13 7 12 14 0 6 11 9 10 26 27 31 25 30 29 32 24 0 2 5 80 4 81 0 3 0 78 0 0 64 67 62 66 60 65 63 41 0 0 0 38 37 0 39 0 58 51 53 59 0 56 0 57 54 0 71 0 0 74 70 72 77 0 23 16 0 15 18 0 21 17 0 49 45 0 50 47 48 44 43 42 
49 43 48 50 0 0 47 45 46 62 63 67 61 66 65 68 60 0 0 41 35 40 36 37 39 34 0 0 0 0 22 0 0 15 0 0 77 69 76 70 0 73 0 0 72 13 6 0 14 10 0 0 12 9 30 0 31 24 29 0 0 32 28 59 52 58 51 54 55 0 53 56 4 81 0 0 2 3 0 79 78 
4 0 3 5 80 78 0 81 1 17 18 22 16 21 20 23 0 19 0 77 71 0 0 73 75 70 69 0 59 55 58 53 57 51 56 0 32 0 31 25 29 0 26 0 27 49 42 44 0 0 0 43 0 45 0 62 67 0 65 61 63 68 64 14 7 0 0 9 10 0 8 11 40 36 0 41 0 39 35 34 33 
58 52 0 59 53 51 56 54 55 71 72 76 70 75 74 0 69 0 47 50 44 49 45 46 48 43 0 25 0 28 31 26 0 24 29 27 5 0 4 79 2 1 80 3 81 22 15 17 23 19 20 16 0 18 39 35 0 33 0 34 36 0 37 68 61 67 60 0 0 0 62 65 13 9 10 14 11 12 8 7 6 
0 34 39 0 0 33 38 0 0 0 0 58 0 57 56 59 51 55 29 0 26 31 0 28 30 25 24 0 14 10 13 8 12 0 11 9 0 60 67 0 65 0 62 0 63 4 78 0 5 1 0 0 3 0 0 17 22 0 20 16 18 23 0 50 43 49 42 45 46 0 0 47 76 72 0 77 74 75 0 0 69 
31 25 30 32 26 0 0 27 0 0 45 49 43 48 47 50 0 46 0 23 17 0 18 19 0 0 15 79 5 1 0 80 0 78 2 0 59 51 0 52 56 55 53 57 54 76 69 71 77 73 74 70 75 72 0 8 13 6 11 0 0 14 10 41 0 0 33 36 37 0 0 0 67 63 64 68 65 0 0 61 60 
22 16 21 23 17 0 20 0 0 35 36 40 34 0 38 41 0 0 0 14 0 13 9 10 12 7 6 0 77 0 76 71 0 69 74 0 0 42 49 0 47 0 44 0 0 0 60 62 0 64 65 61 0 63 3 80 4 78 0 79 0 5 0 32 0 0 24 27 28 0 26 29 58 54 55 59 0 0 53 52 0 
76 70 0 0 0 0 0 72 73 0 9 13 0 12 11 14 0 10 65 0 62 67 0 64 66 61 0 43 0 46 0 44 48 42 0 45 23 15 0 16 20 19 17 0 18 40 33 0 41 37 38 34 39 36 57 0 58 51 56 52 0 0 55 5 79 4 78 0 1 0 80 0 31 0 0 32 0 30 26 25 0 
14 8 13 15 9 7 0 10 0 0 28 32 26 31 30 33 25 29 3 6 0 0 1 0 4 80 0 62 69 0 68 63 67 61 66 64 42 34 41 0 39 0 0 40 37 0 0 54 60 56 0 0 0 55 0 72 77 70 0 71 73 0 74 24 0 23 16 0 0 22 18 0 50 46 0 51 0 0 45 0 0 
32 26 31 33 27 25 0 28 29 0 46 50 44 49 48 51 0 47 0 24 18 0 19 0 22 17 16 0 0 0 5 0 4 0 3 1 0 0 0 53 57 0 54 58 55 77 70 72 78 0 75 71 76 73 13 0 0 7 12 8 10 15 11 0 35 41 34 0 38 0 36 39 0 64 0 0 0 67 63 0 61 
59 53 0 60 0 52 57 0 0 72 73 77 71 76 0 78 70 74 0 51 45 50 0 47 49 44 43 26 0 29 32 0 0 25 30 28 6 0 0 80 3 0 81 0 0 23 16 18 24 20 21 17 0 19 40 36 41 0 0 0 37 42 38 69 62 68 61 64 65 67 63 0 0 10 11 15 0 13 9 8 7 
0 44 49 51 45 0 0 0 47 63 64 68 0 67 66 69 61 0 39 42 36 41 0 38 40 35 34 17 24 20 0 18 22 16 21 19 0 70 77 0 0 74 72 76 0 0 7 9 15 11 12 8 13 10 31 27 32 25 0 26 28 33 29 60 0 59 52 55 0 0 54 57 0 1 2 0 0 4 81 80 79 
68 62 0 69 0 0 0 64 65 81 1 5 80 4 3 6 0 2 57 60 0 0 55 56 58 53 52 35 0 0 41 0 40 34 39 0 0 7 0 8 0 0 9 13 10 0 25 0 0 29 0 0 0 28 49 0 50 0 48 44 46 51 0 78 0 77 70 73 74 76 72 0 0 19 20 24 21 0 18 17 16 
77 71 76 78 72 70 75 73 74 9 10 14 8 13 12 15 7 11 66 0 63 68 64 0 67 62 61 0 0 47 50 45 49 43 48 46 0 16 23 0 21 0 0 22 0 0 34 36 0 38 39 35 40 0 0 54 0 52 0 0 55 60 0 6 80 5 0 1 0 4 81 3 32 28 0 33 30 31 27 26 25 
0 80 0 6 81 79 3 0 2 0 19 23 17 0 0 24 16 20 75 78 72 77 0 0 76 0 0 53 0 56 59 0 58 52 57 0 33 25 0 26 30 29 27 0 28 50 43 45 51 47 48 44 49 46 67 0 68 0 66 62 64 69 0 0 8 14 0 10 11 13 9 0 0 37 38 42 39 40 36 0 0 
0 35 40 0 36 34 0 0 38 54 55 0 53 58 57 60 0 56 30 0 0 0 28 29 31 0 25 8 0 0 14 9 13 7 12 10 69 0 0 62 66 0 63 67 64 5 79 81 0 2 0 80 0 1 22 18 23 16 0 0 19 24 20 51 44 0 0 46 47 0 45 48 77 0 74 78 75 0 0 71 70 
23 17 22 24 18 16 21 0 20 36 37 0 35 0 39 0 34 38 0 15 9 0 10 11 13 8 7 71 0 74 77 0 76 0 75 73 51 43 50 44 48 47 0 49 0 68 0 63 69 65 66 62 67 64 0 81 0 0 3 0 1 6 0 33 26 32 25 28 29 31 27 30 59 55 56 0 57 58 54 0 52 
0 3 8 10 4 2 7 5 6 0 23 27 21 26 25 28 20 24 79 1 76 81 77 78 80 75 74 57 64 60 0 58 62 0 0 0 37 29 36 30 34 0 0 35 32 0 47 49 55 51 0 48 53 0 71 0 0 0 0 66 68 0 69 0 12 18 11 14 15 17 0 16 45 41 0 0 43 44 40 39 0 
27 21 26 28 22 20 25 0 0 40 0 45 39 0 43 46 38 0 16 19 0 0 14 0 0 12 11 0 0 78 81 76 0 74 79 77 55 47 0 0 0 0 49 53 50 0 65 0 73 69 0 0 0 68 8 4 0 0 7 3 0 0 6 37 30 36 0 32 33 35 31 34 63 59 60 64 61 62 58 57 56 
81 0 0 0 0 0 79 0 78 13 14 18 12 0 0 19 0 0 70 0 67 72 68 69 0 66 65 48 0 51 0 49 53 0 52 50 28 0 0 21 25 24 22 26 23 45 38 40 46 0 43 0 44 41 0 58 63 56 61 0 0 64 0 10 3 9 2 0 6 8 0 7 0 0 33 0 34 0 31 30 29 
36 0 35 37 31 0 34 0 33 49 0 54 48 53 52 55 47 51 25 28 0 27 0 24 0 21 20 3 10 6 9 0 8 0 7 5 64 56 63 57 61 60 58 0 59 81 74 76 1 78 79 75 80 0 17 13 18 11 16 12 14 0 15 0 39 45 38 41 42 44 40 0 72 0 0 0 70 71 67 66 0 
0 48 0 55 49 0 52 50 0 67 68 72 66 71 70 0 65 69 0 46 0 0 0 42 44 39 38 21 0 24 27 22 26 20 25 23 0 74 81 0 79 0 0 80 77 0 11 13 19 15 16 0 17 0 35 0 36 29 34 0 32 37 0 0 57 63 0 59 60 0 58 61 9 5 6 10 0 8 4 3 0 
18 12 0 0 13 11 0 14 15 31 32 36 30 0 34 37 0 33 0 0 0 0 5 6 8 3 2 66 73 0 0 67 71 65 0 0 0 38 45 0 43 42 0 0 41 63 56 58 64 60 61 57 0 0 80 76 81 74 79 75 0 1 78 28 21 0 20 0 0 0 22 25 54 50 0 55 52 53 0 48 47 
45 39 44 0 0 0 0 41 42 58 59 63 0 0 0 64 0 60 34 0 31 36 32 33 35 30 0 12 19 0 18 0 0 0 16 0 73 0 0 66 70 69 67 0 68 9 0 0 10 6 0 3 8 5 26 0 27 20 0 21 0 28 0 55 48 54 0 0 51 53 49 52 0 77 0 1 79 80 76 75 0 
72 0 71 73 0 65 70 0 0 4 0 9 3 0 0 10 0 6 0 64 58 63 59 60 62 57 56 39 46 42 0 40 0 0 43 41 19 11 0 12 16 15 13 17 0 36 29 0 37 0 34 0 0 0 0 49 0 0 0 48 50 55 51 0 75 0 0 0 78 80 76 0 27 23 24 0 25 26 22 21 20 
63 0 62 64 58 56 61 0 0 76 0 0 0 80 79 0 0 78 52 55 49 54 50 0 53 0 47 30 37 33 36 31 35 29 0 0 0 0 0 0 0 0 0 0 5 0 0 22 28 0 25 0 26 23 44 40 45 38 43 39 0 0 0 0 0 72 0 68 69 71 67 70 18 0 15 19 0 17 0 12 0 
8 2 7 9 3 0 0 0 5 21 22 26 20 25 0 27 0 23 78 81 75 80 76 77 0 0 73 56 0 0 62 0 61 0 0 0 36 28 0 29 33 32 0 34 31 0 46 48 54 0 51 47 52 49 70 0 71 0 69 0 67 0 68 18 11 17 0 13 0 0 12 0 44 40 0 45 42 43 39 38 37 
44 38 43 45 0 37 42 40 41 0 0 62 0 61 60 63 55 59 33 36 30 35 31 32 34 29 28 11 0 14 0 12 16 10 15 13 0 64 71 0 69 0 66 70 67 8 1 3 9 0 6 2 7 4 0 21 26 19 24 0 22 27 23 54 0 53 46 49 50 52 0 51 80 76 77 81 78 0 75 0 0 
0 0 70 72 0 0 0 67 0 0 4 8 2 7 0 9 0 0 0 63 57 62 0 59 61 56 0 38 45 41 44 39 0 37 42 40 18 10 17 0 15 14 12 0 13 0 28 0 36 32 33 29 34 31 52 0 0 46 51 0 49 54 50 0 74 80 0 76 0 79 75 78 0 22 23 27 0 25 21 20 0 
80 74 79 81 75 73 78 76 0 12 0 0 0 16 15 18 0 0 0 72 66 71 67 0 70 65 64 47 54 50 53 48 52 46 0 49 27 0 0 0 24 0 0 25 22 44 37 39 45 41 0 38 43 40 61 57 62 55 60 56 58 63 0 9 2 8 0 4 5 7 3 6 35 0 32 36 33 0 30 0 0 
35 0 0 0 0 28 33 31 0 48 0 53 47 52 51 0 46 50 24 0 21 0 22 23 25 0 19 2 0 5 8 3 0 1 0 4 63 55 0 56 0 59 0 61 58 80 73 0 81 0 78 0 79 0 16 12 17 10 0 0 13 18 14 45 0 44 37 40 41 43 0 42 71 67 0 72 69 70 66 0 64 
0 0 61 0 0 0 0 58 59 75 0 0 74 79 78 0 73 0 51 54 0 53 49 50 52 47 46 29 36 32 0 30 34 28 33 31 9 1 8 2 6 5 3 7 4 26 19 0 0 0 24 20 0 22 43 0 44 37 42 38 40 0 41 0 65 71 64 67 0 70 0 0 17 13 14 18 15 0 12 11 0 
26 20 0 27 0 19 24 22 23 39 40 0 0 43 42 0 0 41 15 0 12 0 0 14 16 11 10 0 81 77 80 75 79 73 78 0 0 0 53 0 51 0 48 52 49 71 64 66 0 68 69 65 0 67 0 3 8 0 6 2 4 9 0 0 0 35 0 31 32 34 30 0 0 58 59 0 60 0 57 56 0 
0 11 0 0 0 10 15 13 0 0 31 35 29 34 33 0 0 32 6 0 0 8 4 0 7 2 0 0 0 68 0 0 70 0 69 67 0 37 0 38 42 41 39 43 0 0 55 0 63 59 0 56 0 58 0 75 80 0 78 74 0 81 77 27 20 26 19 0 23 25 0 0 53 49 50 54 51 52 48 47 46 
53 47 52 54 48 46 0 0 50 66 67 0 0 70 69 72 64 68 42 45 0 44 0 41 43 38 0 20 0 0 0 21 0 19 24 22 81 73 80 74 78 77 0 79 76 0 10 12 18 14 15 0 16 13 34 0 35 28 33 29 31 36 0 0 56 62 0 58 0 0 57 0 8 4 0 9 6 0 3 2 1 
0 27 0 34 28 26 0 29 30 46 47 51 0 50 49 52 44 48 22 25 0 24 20 21 23 18 17 81 7 3 6 0 0 80 4 2 61 53 0 54 0 57 55 0 56 78 0 73 79 0 76 72 77 0 14 10 15 8 13 9 11 16 12 43 36 0 0 38 0 41 0 40 0 65 66 70 0 68 64 0 0 
0 0 23 25 0 0 22 20 21 37 0 0 0 41 40 0 35 39 13 16 10 0 0 0 14 9 8 72 79 75 78 0 77 0 76 0 52 44 0 45 49 0 0 50 47 69 62 64 70 0 67 63 68 65 5 1 0 0 4 81 2 0 3 0 27 33 26 0 0 32 0 31 60 56 57 61 58 59 55 0 0 
0 54 0 61 55 53 58 56 57 73 0 0 0 0 76 79 0 0 49 52 46 51 0 48 50 45 44 0 34 0 33 28 32 26 31 29 0 80 6 81 0 3 0 0 0 24 0 0 0 0 22 18 23 20 0 37 42 0 40 36 38 43 39 0 63 0 62 65 66 0 64 0 15 11 12 16 13 14 10 0 8 
42 36 41 0 37 0 0 0 39 0 56 60 0 0 0 61 0 0 31 0 28 33 0 30 32 0 26 9 16 0 15 10 14 0 13 11 70 62 69 63 67 66 64 68 65 6 80 1 0 3 0 81 0 2 23 19 24 0 22 18 20 25 21 52 45 51 44 47 0 0 46 49 78 74 0 79 0 0 0 72 0 
51 45 50 52 0 44 49 0 0 64 0 0 63 0 67 70 62 0 40 0 37 42 38 39 41 36 35 0 0 21 24 19 23 17 0 0 0 0 78 0 0 75 0 77 74 0 8 10 0 12 0 9 14 11 32 28 0 26 31 27 29 34 30 0 54 60 0 56 57 59 0 58 0 2 0 7 4 5 1 81 0 
0 0 77 79 0 71 0 74 0 10 0 0 9 0 13 0 8 0 0 70 64 69 65 66 0 0 62 45 52 0 51 46 0 44 49 0 25 17 24 18 22 21 19 0 20 0 0 0 0 0 40 0 41 38 0 55 60 0 58 54 56 0 57 7 81 0 0 2 3 5 0 4 0 0 30 34 0 32 0 27 0 
0 63 0 70 64 0 67 65 66 0 0 6 81 0 4 7 80 0 58 0 55 60 56 57 59 0 53 36 43 0 0 37 41 35 40 38 16 8 15 0 13 0 10 14 11 0 26 0 0 30 31 0 32 0 50 46 51 44 49 45 0 0 48 79 72 78 71 74 75 77 0 0 0 20 21 25 22 0 19 0 0 
6 81 0 7 0 0 0 2 3 19 20 24 18 23 0 25 0 21 76 79 0 78 74 0 77 72 71 54 0 57 60 55 59 53 0 56 0 26 0 27 31 30 28 32 29 51 44 46 52 48 0 45 50 47 0 64 69 62 67 63 65 0 0 16 9 15 0 11 12 14 10 13 42 38 39 0 40 41 0 36 0 
0 9 0 16 10 8 13 0 12 28 29 0 0 0 31 0 26 0 0 0 0 6 0 0 5 81 0 63 70 0 69 64 0 62 67 0 43 0 42 36 0 0 0 41 0 0 53 55 61 57 0 54 59 56 77 73 78 71 76 72 0 79 0 0 18 0 17 20 21 23 0 22 51 0 0 52 0 50 46 45 44 
34 28 0 35 29 27 32 30 0 47 0 0 46 0 50 0 45 49 23 26 0 25 21 22 24 0 18 1 8 4 7 0 6 81 0 0 62 54 0 55 59 58 0 60 0 79 0 74 0 76 77 73 0 75 15 11 0 9 14 0 12 17 0 0 0 43 0 39 40 42 0 41 70 66 67 71 0 69 65 0 63 
0 46 51 53 47 45 50 48 49 0 66 70 64 0 68 71 63 67 41 0 0 43 39 0 0 37 36 19 26 22 25 20 24 18 23 0 0 0 79 0 77 76 74 0 75 16 0 11 17 0 0 10 0 12 33 29 34 0 32 28 0 35 31 62 55 61 54 57 58 60 56 59 0 3 4 0 5 6 2 0 81 
0 10 15 17 11 9 0 12 13 0 30 34 28 33 32 35 27 31 5 0 0 7 3 4 0 0 0 64 0 67 70 65 69 63 68 0 0 36 43 37 41 40 0 0 39 61 0 56 0 58 0 0 0 57 78 0 79 0 77 73 0 80 76 0 19 0 18 0 0 24 0 23 52 48 49 53 50 51 47 46 45 
0 0 0 44 0 0 0 39 40 56 57 61 55 60 0 62 54 0 32 0 0 34 30 31 0 28 27 10 17 13 16 11 0 0 14 12 71 63 70 64 68 67 0 0 66 7 0 2 0 4 5 1 6 3 24 20 25 0 0 19 21 26 0 53 46 52 0 0 49 0 47 50 79 0 0 0 0 78 74 73 72 
79 73 78 80 74 0 77 0 0 11 12 0 10 15 0 17 0 13 68 71 65 70 66 67 0 64 63 0 53 49 52 0 51 45 50 48 26 18 25 19 23 22 20 24 21 43 36 38 44 40 41 0 42 39 60 56 0 0 59 0 57 0 0 8 0 7 0 3 0 6 2 5 34 30 31 35 32 33 29 0 27 
7 1 6 8 0 81 5 3 4 0 0 25 0 24 23 26 18 0 77 80 74 79 0 0 78 73 72 55 62 58 61 56 0 0 59 57 0 27 34 0 0 31 29 33 30 52 0 0 53 49 50 0 51 48 69 65 70 63 68 64 66 71 67 17 10 16 9 0 0 0 11 0 43 39 0 44 0 42 0 37 0 
0 0 69 71 65 63 68 66 67 2 0 7 1 6 5 0 81 4 59 62 56 61 57 58 0 55 54 37 44 40 43 38 0 0 41 39 17 9 0 10 14 13 11 15 12 34 27 29 35 31 32 0 33 30 51 47 0 0 50 46 48 53 49 0 0 79 72 75 0 78 74 77 25 21 0 26 23 24 0 19 0 
0 55 0 62 56 54 0 57 58 0 0 79 0 0 77 80 0 0 50 53 0 52 0 49 51 0 45 28 35 31 0 0 33 0 0 0 8 81 7 0 5 4 2 0 3 0 18 20 0 22 23 19 24 21 42 38 0 36 41 37 39 44 40 71 64 70 63 66 0 69 0 68 16 12 0 17 14 15 11 10 9 
25 19 24 26 20 18 23 21 22 38 39 43 37 42 41 44 36 40 0 17 0 16 0 13 15 0 9 73 80 0 79 74 78 0 0 75 53 45 0 46 50 49 47 51 48 70 63 65 71 67 0 64 69 0 6 2 7 81 5 1 3 8 0 35 28 0 27 30 31 33 29 0 61 57 0 62 59 60 0 55 0 
0 0 81 2 77 75 80 78 79 0 15 0 13 0 17 0 0 0 0 74 68 73 69 70 72 67 66 0 0 52 55 50 54 48 0 51 0 0 28 22 26 25 0 0 24 0 39 41 47 43 44 40 45 42 63 59 64 57 0 58 60 0 0 0 0 10 3 6 7 9 5 8 37 33 34 38 35 0 0 31 30 
73 67 0 74 68 66 71 69 70 5 0 0 4 9 8 11 0 7 62 0 0 64 0 0 63 58 57 0 47 0 0 0 45 39 44 42 20 0 19 13 17 0 0 0 15 37 0 32 38 0 35 31 0 0 54 50 55 48 53 49 0 56 52 2 0 1 75 78 0 81 77 0 28 24 25 29 26 0 23 22 0 
37 31 36 38 0 0 35 0 34 50 0 55 49 0 53 56 0 52 26 29 23 28 0 25 27 22 21 0 11 7 0 5 9 3 8 0 65 57 64 58 0 0 0 0 60 0 75 77 2 79 0 76 81 0 18 14 19 12 17 13 15 0 16 0 40 0 0 42 43 45 41 0 73 69 70 74 71 0 68 0 66 
55 0 54 56 50 48 53 51 52 0 69 0 0 72 71 74 66 70 44 47 41 46 0 43 45 0 39 22 29 25 0 23 27 21 26 24 2 75 0 76 80 79 77 81 0 19 12 0 0 16 17 13 0 15 0 32 37 30 35 31 33 38 34 65 0 0 0 60 0 0 59 0 0 6 0 0 8 0 5 0 0 
64 58 63 65 59 57 62 60 61 0 78 1 76 0 80 2 75 79 53 56 50 0 51 0 54 0 48 31 38 34 0 32 0 30 35 0 0 0 10 0 0 7 5 9 6 0 0 0 0 0 0 22 0 24 45 41 0 39 0 0 42 47 0 0 0 0 66 69 0 0 0 0 19 15 0 0 17 0 14 13 12 
0 0 45 47 41 39 0 42 0 59 60 64 58 63 62 65 57 61 0 38 32 37 33 34 36 31 0 13 20 0 0 0 18 12 17 0 74 66 0 0 71 70 0 72 69 10 3 0 11 7 0 4 9 6 27 23 0 21 0 0 0 29 25 56 0 55 48 51 0 54 50 53 1 78 79 0 0 81 77 76 75 
0 13 18 20 14 12 0 0 16 32 0 37 0 36 35 38 30 34 8 0 5 10 0 7 0 0 3 0 74 70 73 68 72 66 71 0 47 0 0 40 44 0 0 0 42 0 57 0 0 61 62 58 63 60 81 0 1 75 80 76 78 0 79 0 22 0 21 0 25 0 23 26 55 51 52 56 53 54 50 49 0 
0 0 0 11 0 0 8 6 0 0 24 28 22 27 0 0 21 0 0 0 0 1 78 0 0 76 75 58 0 0 64 59 63 57 62 60 38 30 37 31 35 34 32 36 33 0 48 50 56 0 53 0 54 0 72 68 73 66 0 67 69 0 70 0 13 19 0 0 0 18 14 17 46 0 43 0 44 0 41 40 0 
28 22 0 29 0 21 26 0 25 0 0 46 40 0 44 47 39 43 0 20 14 19 15 16 18 13 12 76 0 79 1 77 81 75 0 78 56 0 0 49 53 0 50 54 0 0 66 68 74 70 0 67 0 69 0 0 10 3 8 4 6 0 7 0 31 0 0 0 0 36 32 35 0 60 0 65 62 63 59 58 0 
39 33 38 0 0 32 37 35 36 52 53 57 51 56 55 0 50 54 28 31 25 0 26 0 29 0 23 0 13 0 12 7 0 5 0 8 67 0 66 60 0 63 61 0 0 3 77 79 0 0 1 78 2 80 0 0 21 14 0 0 0 22 18 0 42 48 0 44 45 0 0 0 75 71 72 76 73 74 0 69 68 
0 15 20 22 0 14 19 17 18 34 35 39 33 38 37 40 0 36 10 0 7 12 8 0 11 6 5 0 76 0 75 0 74 68 73 71 49 0 48 0 46 45 43 47 0 66 0 0 67 63 64 60 65 62 2 0 3 77 0 78 0 0 81 31 24 30 0 0 0 0 25 28 57 53 0 58 0 56 0 0 0 
3 78 2 4 79 0 1 80 0 16 17 21 15 20 0 22 14 18 73 76 70 75 0 72 74 0 0 51 0 54 57 52 0 0 55 53 31 0 0 24 0 27 25 29 26 48 0 43 49 45 46 42 47 0 65 0 66 59 64 0 62 67 0 13 0 12 5 8 0 0 7 10 0 0 36 40 37 38 34 33 32 
30 24 0 31 25 0 28 26 27 43 44 48 0 47 46 49 41 0 19 22 16 0 0 18 20 15 14 78 0 81 3 79 2 77 1 80 0 0 57 51 55 0 0 56 53 0 68 70 76 72 73 69 0 0 0 7 12 5 0 6 8 13 0 0 33 0 0 35 36 0 0 37 66 62 63 67 64 0 61 60 59 
12 0 0 13 7 5 0 8 9 25 26 0 24 29 0 31 23 0 0 4 79 3 0 81 2 78 77 60 67 63 66 0 65 59 0 62 40 32 39 0 37 36 0 38 35 0 0 52 58 0 55 0 56 0 74 0 75 68 0 69 0 0 72 22 0 0 0 0 18 0 0 19 48 44 45 49 46 0 0 42 41 
0 69 0 0 70 68 73 71 0 7 0 0 6 0 10 0 5 0 0 67 61 0 62 0 65 0 59 42 0 0 48 43 47 0 46 44 22 14 21 15 0 0 16 20 17 39 32 34 40 36 37 33 0 0 56 52 0 0 55 0 53 58 0 0 0 3 77 80 81 0 0 0 0 26 27 31 28 29 25 24 23 
48 42 47 49 0 41 46 44 0 61 62 0 0 65 64 67 0 63 37 0 34 39 0 36 38 33 32 0 22 18 21 0 20 0 19 17 0 68 75 69 0 0 70 0 0 0 0 7 0 9 10 0 11 8 29 0 30 0 28 24 26 0 27 0 51 57 0 53 54 56 52 55 0 80 0 4 1 2 79 0 0 
57 51 56 0 52 0 55 53 54 70 71 0 69 74 73 76 68 72 46 0 0 48 44 0 47 42 41 24 31 27 30 0 29 23 28 26 4 77 3 0 0 81 0 0 80 0 14 16 22 18 19 0 20 17 38 34 0 32 0 0 35 40 36 67 60 66 59 62 63 65 0 64 12 8 9 13 10 11 0 6 0 
66 60 65 0 0 59 64 0 0 79 80 3 78 2 1 4 77 81 0 58 52 57 0 54 0 51 50 0 0 36 0 34 38 32 37 0 13 0 12 6 10 9 7 11 8 30 0 0 0 0 28 24 29 26 47 43 48 41 46 42 44 49 0 0 0 75 0 71 72 74 70 73 21 0 18 22 19 0 0 0 14 
