9
77 75 70 74 76 71 72 0 78 14 10 0 8 9 0 7 12 0 61 62 63 65 67 0 68 69 64 25 0 33 27 31 29 0 32 30 59 55 0 56 53 54 57 58 52 19 21 16 24 18 0 23 20 22 45 43 48 44 47 51 0 0 46 41 38 35 42 34 39 0 40 0 1 2 6 4 5 3 80 0 79 
50 48 0 47 0 44 45 46 0 68 64 65 62 63 0 61 66 69 34 35 36 0 40 39 0 42 0 79 0 0 81 4 2 1 5 0 0 0 33 29 0 27 0 31 25 73 75 70 78 72 71 77 74 76 18 0 0 17 20 24 23 0 19 14 0 8 0 7 12 10 13 9 55 56 60 58 0 57 53 54 52 
14 12 7 11 13 8 9 10 0 0 28 0 0 27 31 0 30 33 0 80 81 2 0 3 5 6 1 43 44 51 45 49 47 0 50 48 0 73 0 0 71 72 75 76 0 37 39 0 42 0 0 0 38 40 63 0 0 62 65 69 68 0 64 0 56 0 0 52 57 0 58 54 19 20 24 0 0 21 17 18 16 
41 0 0 0 40 35 36 37 42 59 55 56 53 54 0 52 57 60 25 26 27 29 0 30 32 33 0 70 0 78 72 76 74 73 77 75 0 19 0 20 0 0 0 22 16 64 66 61 69 63 62 68 65 67 9 7 12 8 11 15 0 13 10 5 2 80 6 79 3 1 0 81 46 47 51 0 50 0 44 45 43 
5 3 79 2 0 80 0 1 0 23 0 20 17 0 0 0 21 24 0 71 72 0 0 0 77 78 73 34 35 42 0 0 0 37 41 39 68 64 69 0 62 0 66 67 0 0 30 0 33 27 26 32 29 31 0 52 57 0 56 60 59 58 55 50 47 44 51 43 0 0 49 0 10 11 0 13 14 12 8 9 7 
68 0 61 65 67 62 63 64 69 0 0 2 80 0 4 79 3 6 0 53 54 56 58 0 0 60 55 16 17 24 18 22 0 0 0 21 50 46 51 0 44 45 48 49 0 10 12 7 15 0 8 14 11 13 36 34 39 35 38 42 41 40 37 32 29 26 33 0 30 0 31 27 0 0 78 76 77 75 71 72 70 
0 21 16 0 22 17 18 0 24 41 37 38 35 36 40 34 39 0 7 8 9 11 13 12 14 15 10 0 0 60 0 0 56 0 0 0 5 1 6 0 0 0 3 0 79 46 48 43 51 45 44 50 47 49 0 70 75 0 74 0 77 76 73 0 0 62 0 0 66 64 0 0 28 29 33 31 0 30 26 0 25 
59 57 52 56 58 53 54 0 60 77 0 74 71 72 76 70 0 78 43 44 45 0 0 48 0 51 46 0 0 15 9 13 11 10 14 12 0 37 42 0 0 36 0 0 34 0 3 0 0 81 80 5 2 4 27 25 30 0 29 33 32 0 28 0 20 17 24 16 21 19 22 18 0 0 69 67 0 66 62 0 61 
32 30 25 29 31 26 27 0 33 50 0 47 44 45 49 43 48 51 16 17 0 20 22 0 23 0 19 61 62 0 0 67 65 64 68 66 14 10 15 11 0 9 0 13 7 55 57 52 60 54 0 0 56 58 0 79 3 80 2 6 5 4 1 77 74 71 78 70 0 73 76 72 0 0 42 0 41 0 0 36 34 
54 52 47 51 0 0 49 0 55 72 68 0 0 0 71 65 70 0 38 0 40 42 44 43 45 46 0 0 3 10 4 8 6 5 9 0 36 0 37 33 30 31 0 0 0 77 79 74 0 76 0 0 0 0 22 0 25 21 24 28 27 0 0 0 15 12 19 11 16 14 17 13 59 60 64 0 0 61 57 58 56 
0 79 0 78 80 75 76 77 0 18 14 15 12 13 17 11 16 19 65 66 67 69 71 0 72 0 68 29 30 37 31 0 33 32 0 34 0 59 64 60 57 58 0 62 56 23 25 20 28 0 0 0 24 0 0 47 0 48 51 55 0 53 50 45 42 39 46 38 43 0 44 40 0 0 0 8 9 7 0 4 0 
18 16 11 0 17 12 13 14 0 36 32 33 0 0 0 29 0 0 2 3 4 6 8 7 9 10 5 47 0 0 49 0 51 50 54 0 81 77 0 0 75 76 79 0 0 41 43 0 46 0 39 45 42 44 67 0 70 66 0 73 72 71 68 63 60 0 64 56 0 59 0 58 0 0 0 26 0 25 21 0 20 
36 34 29 33 35 30 31 0 37 0 50 0 0 0 53 0 52 55 20 21 22 0 0 25 27 28 0 65 0 73 0 71 69 68 72 0 18 14 19 0 12 13 0 0 11 59 0 0 64 0 57 0 0 0 0 2 0 3 6 10 9 8 5 0 78 75 1 0 0 0 80 76 41 42 0 44 45 43 39 40 38 
45 43 38 42 44 0 40 41 46 0 0 60 57 58 62 56 61 0 0 30 31 0 35 0 36 0 32 74 75 1 76 80 78 77 81 0 0 23 28 24 21 22 25 26 0 68 70 65 0 0 66 72 69 71 13 11 0 12 15 0 18 0 14 9 0 0 10 2 7 5 8 4 50 0 0 53 54 52 48 49 0 
9 0 2 6 8 3 0 5 0 27 23 0 21 0 0 0 0 28 74 75 76 0 0 79 0 1 77 38 39 46 0 0 42 0 45 0 72 68 73 69 66 67 70 0 0 32 0 29 37 31 30 36 0 35 0 56 61 57 0 0 0 62 0 54 51 48 0 47 52 0 53 49 14 15 19 17 0 0 0 0 0 
0 0 65 69 0 0 67 68 73 0 0 6 0 4 8 2 7 10 56 0 58 60 62 61 63 64 0 0 21 28 22 26 0 23 0 25 0 50 55 51 48 0 52 53 47 14 16 11 0 13 12 18 15 17 40 0 43 39 42 0 45 44 41 36 33 30 37 29 34 32 0 31 0 0 0 80 81 79 75 76 74 
63 61 56 60 0 57 58 59 0 81 77 0 75 76 80 0 79 1 0 48 0 0 0 52 0 55 50 0 12 19 0 17 15 14 0 16 0 41 46 0 39 40 43 44 38 5 7 0 10 4 3 9 6 8 31 0 34 30 33 0 36 35 0 27 24 21 28 0 25 23 26 22 68 0 0 71 72 70 66 0 65 
0 25 20 24 26 21 22 23 0 0 41 0 39 40 44 0 43 46 11 12 13 0 17 16 18 19 14 0 0 64 58 0 0 59 63 61 0 5 10 6 3 4 7 0 2 50 52 47 55 49 48 54 51 0 76 0 79 0 78 1 81 0 77 72 69 66 73 65 70 68 71 0 32 33 37 0 36 0 30 31 29 
21 0 14 18 20 0 16 17 22 39 35 0 33 34 38 32 37 0 0 6 7 9 0 10 12 13 0 50 51 58 52 0 0 53 57 0 3 80 4 81 78 79 1 2 77 0 46 41 0 43 0 48 0 0 70 68 0 69 72 76 75 74 71 66 63 60 0 59 0 62 65 61 0 27 31 0 30 28 0 0 23 
30 28 0 0 29 24 25 26 0 48 0 45 42 0 47 41 0 0 14 15 16 18 20 19 21 0 17 59 0 0 0 65 63 62 66 0 12 8 0 0 6 0 10 11 0 53 55 50 0 0 0 0 0 56 79 77 1 0 81 0 3 0 80 0 72 69 76 68 73 71 0 70 35 0 40 38 0 37 33 0 0 
0 37 32 0 38 0 34 35 40 57 53 54 51 52 56 50 55 58 23 24 25 27 0 28 30 31 0 68 69 0 70 74 72 71 0 0 21 0 0 18 15 16 19 20 14 0 64 0 0 61 0 66 63 0 7 0 10 6 9 13 12 0 8 3 0 78 4 77 1 80 2 0 44 45 49 47 48 46 0 43 0 
12 10 0 0 11 0 7 8 0 30 26 27 24 25 29 23 28 31 77 78 79 0 2 1 3 0 80 41 0 0 43 0 45 44 48 0 0 71 76 72 0 70 0 74 68 35 37 32 40 34 33 39 36 0 61 0 64 60 63 0 66 65 62 57 54 0 0 50 55 53 56 52 0 0 0 20 21 19 15 16 14 
57 55 0 0 56 51 52 53 0 75 71 72 0 70 74 0 73 76 0 0 43 0 47 0 48 49 44 5 6 13 7 0 9 0 12 0 0 35 40 0 33 34 37 38 32 80 1 77 4 79 78 3 0 2 25 23 0 24 27 31 30 29 26 21 0 0 22 0 0 0 20 16 0 63 0 0 66 64 0 0 59 
0 0 41 45 0 42 43 0 49 66 0 63 0 61 65 0 64 67 0 33 34 36 38 0 39 0 35 0 0 4 79 2 81 80 3 1 30 26 0 27 24 25 28 0 23 71 73 68 76 70 0 75 72 0 16 14 19 0 18 0 21 20 0 0 9 6 0 5 10 8 11 7 0 0 58 56 57 0 0 52 50 
66 64 59 63 65 0 0 62 67 0 80 0 78 79 0 77 1 4 50 0 0 54 56 55 57 58 53 0 15 22 16 0 18 17 21 19 48 0 49 0 0 43 46 0 41 8 0 5 0 7 0 0 9 11 34 32 0 33 36 40 39 38 0 30 27 24 0 0 28 26 29 25 0 72 0 74 75 0 69 70 0 
75 73 68 72 74 0 0 71 76 12 0 9 6 7 11 0 0 0 59 60 61 63 0 64 66 0 0 23 24 31 0 29 0 26 30 28 57 53 58 54 51 52 0 56 0 17 0 14 22 16 0 21 18 0 0 41 0 42 45 0 0 47 0 39 36 0 40 0 37 0 38 34 0 0 4 2 0 1 0 79 77 
3 0 77 81 2 78 0 80 4 21 17 18 0 0 0 0 0 22 68 69 70 0 0 73 0 76 71 0 0 0 34 38 36 35 39 0 66 0 0 63 60 61 64 65 59 26 28 23 31 25 24 0 27 29 52 50 55 51 54 0 57 0 53 48 45 42 0 41 46 0 0 43 8 0 0 11 12 0 6 7 5 
29 0 0 0 28 23 24 25 30 0 43 44 41 42 46 40 45 48 13 14 15 17 19 0 20 21 0 58 0 0 60 64 0 61 65 63 0 7 12 8 5 0 0 10 0 52 54 0 57 0 50 56 53 55 0 76 81 77 80 3 0 1 79 0 71 0 75 67 72 0 73 69 34 35 0 0 38 36 32 33 31 
0 18 0 0 19 14 0 16 0 38 34 0 0 0 37 31 36 39 4 5 6 8 0 9 11 12 7 49 50 57 51 0 0 52 56 54 0 79 0 80 0 78 81 1 0 43 45 40 48 0 41 0 44 0 69 67 72 68 71 75 74 73 70 65 0 0 66 0 63 0 64 0 25 26 30 28 0 27 23 0 22 
38 36 31 35 0 32 0 0 39 0 52 0 50 51 55 49 0 57 22 23 0 26 28 27 29 30 25 67 68 0 69 73 71 70 74 72 20 16 0 0 0 15 0 19 13 61 63 58 66 60 59 0 62 0 0 4 0 5 8 12 11 10 7 2 80 77 3 76 81 79 0 0 0 44 48 0 0 45 0 42 0 
11 9 4 8 10 5 6 0 12 29 0 26 0 0 0 22 27 30 0 77 78 80 1 81 0 3 0 40 41 0 42 46 44 43 47 0 0 0 0 71 68 69 72 0 67 34 36 31 0 33 0 38 35 37 60 0 0 59 0 66 0 0 61 0 0 50 57 49 0 52 0 51 16 0 21 19 20 18 0 15 13 
0 0 58 62 0 59 0 0 66 0 79 80 77 78 1 76 0 3 0 50 0 53 55 0 56 57 52 13 0 0 15 19 17 16 20 18 0 43 0 0 41 42 45 46 40 7 0 0 12 6 5 0 8 10 33 31 36 0 35 39 0 37 34 29 0 23 30 22 27 25 28 0 70 0 0 73 74 72 68 69 0 
2 0 76 0 1 77 78 79 3 20 16 17 0 15 19 13 18 21 67 68 0 71 73 0 74 75 70 31 32 39 33 37 35 34 38 36 0 61 66 62 59 60 63 64 0 25 0 22 30 24 23 0 26 28 0 49 0 50 0 0 56 0 0 47 0 41 0 0 45 0 46 42 7 8 0 10 0 9 5 6 4 
56 54 0 53 0 50 51 0 57 0 70 71 0 69 73 67 72 75 40 41 0 44 46 45 47 0 43 4 5 12 6 0 8 7 11 9 38 34 0 0 32 33 36 37 31 0 81 0 0 0 0 2 80 1 0 0 27 0 26 30 0 28 0 20 17 14 0 13 0 16 0 0 61 62 0 64 65 63 59 60 58 
0 45 0 0 46 0 42 0 48 65 61 0 59 0 64 0 63 66 0 32 0 35 37 36 38 39 34 76 77 3 78 0 80 79 2 0 29 25 30 26 23 24 0 0 22 0 72 0 75 0 68 0 71 73 15 0 18 14 17 21 20 19 16 0 8 5 12 4 9 7 10 6 52 0 0 0 56 0 50 0 49 
74 72 0 71 73 0 69 70 75 11 0 8 5 6 10 4 9 12 0 59 60 62 64 63 65 66 61 22 23 30 24 28 0 25 0 27 0 52 57 53 50 51 0 55 0 0 18 13 21 15 14 20 0 0 42 40 0 41 44 0 0 46 43 0 35 32 39 31 36 34 0 0 79 0 0 0 2 0 77 78 76 
0 0 15 0 21 16 17 18 23 40 0 0 34 0 39 33 38 41 6 7 8 10 0 0 13 14 9 0 52 59 0 57 55 54 58 56 0 0 5 1 79 80 2 3 78 0 0 0 0 0 43 49 46 48 0 0 74 70 73 77 76 75 0 0 64 61 68 60 0 63 66 62 27 0 32 30 31 29 25 0 24 
76 0 69 0 75 70 71 72 0 13 0 0 0 8 0 6 11 14 0 0 62 64 66 65 67 68 63 24 25 32 26 30 28 27 31 0 0 54 59 55 52 53 56 0 51 18 0 15 0 17 0 0 0 21 44 42 0 0 46 50 49 48 45 0 37 34 41 33 0 36 39 35 81 1 5 3 0 2 79 80 78 
49 47 42 0 48 0 0 45 0 67 63 64 0 0 66 0 0 0 33 0 35 37 0 0 40 41 36 0 79 5 80 3 1 0 4 2 31 27 32 28 25 0 0 30 24 72 74 0 0 71 0 0 73 75 17 15 0 16 0 23 22 21 0 13 10 7 14 6 11 0 0 0 54 0 59 57 0 56 0 53 51 
0 29 24 28 0 25 26 27 32 49 45 46 43 0 0 42 47 0 15 16 17 19 21 20 22 23 0 60 61 68 62 0 64 63 67 65 13 9 0 0 7 0 11 12 6 54 0 0 59 53 52 0 55 0 0 78 0 79 0 5 0 3 81 76 73 0 0 69 0 0 0 0 36 37 41 39 0 38 34 0 33 
0 65 60 64 0 61 0 63 0 4 81 1 0 0 3 78 2 5 51 52 53 55 57 0 0 59 54 0 16 0 17 21 19 18 22 20 0 45 0 0 0 44 0 48 42 9 11 0 0 8 7 0 10 12 35 0 38 34 0 41 0 39 0 31 0 0 32 24 29 27 30 0 72 73 77 75 76 0 70 71 0 
0 0 6 10 12 0 8 9 14 0 27 28 0 26 0 0 29 0 78 0 0 0 3 2 4 5 81 0 43 50 44 48 46 45 0 47 76 72 77 73 70 71 74 0 69 36 38 33 0 35 34 40 0 39 0 60 0 61 64 0 0 66 63 58 0 52 0 51 56 54 57 53 0 0 23 21 22 0 16 17 15 
58 56 51 55 57 52 53 54 59 76 72 0 0 0 75 0 0 77 42 0 44 0 0 47 49 0 0 0 7 14 8 12 0 9 13 0 40 36 41 0 0 35 38 39 0 81 2 0 5 80 79 4 1 3 0 0 0 25 28 32 31 30 27 0 0 16 23 0 20 0 21 0 0 64 68 66 0 65 61 0 60 
4 2 0 0 3 0 80 81 5 0 18 19 16 0 21 15 20 0 69 70 71 73 75 74 76 77 72 33 0 41 0 0 37 36 40 0 67 63 0 64 0 62 65 66 0 0 29 24 32 0 25 0 28 30 53 0 56 0 55 0 58 57 54 49 46 0 50 42 0 0 48 44 0 10 14 12 0 11 0 0 0 
40 38 0 37 0 34 35 0 0 58 54 0 52 0 57 51 56 59 0 25 26 28 0 0 31 0 27 69 70 77 71 75 0 72 76 0 22 18 23 19 0 17 20 21 15 63 65 0 0 0 61 67 0 0 0 0 0 0 10 0 13 12 9 4 0 0 5 78 2 81 3 80 0 46 50 48 49 47 43 44 42 
60 0 0 57 59 0 0 56 61 0 74 75 72 73 0 0 76 79 44 45 46 48 50 49 51 52 47 8 9 16 0 14 12 0 15 13 0 38 43 39 0 37 40 41 35 0 4 0 0 1 81 6 3 5 0 0 0 27 30 34 33 32 0 0 21 18 0 17 22 0 23 0 65 66 70 68 69 67 63 64 0 
0 40 0 39 41 36 37 38 43 0 56 57 0 55 0 53 58 61 26 27 0 0 32 31 33 34 0 0 72 79 73 77 75 74 78 76 24 20 25 0 18 19 22 23 17 65 67 0 0 64 0 0 0 68 10 0 13 0 0 0 15 14 11 6 3 81 7 80 0 0 5 1 0 0 52 0 0 49 45 46 0 
0 31 26 30 0 27 0 29 34 51 47 0 45 46 50 0 49 52 17 18 19 21 23 22 0 25 20 62 0 70 64 0 66 0 69 0 15 11 16 12 9 10 13 0 8 56 58 53 0 55 0 0 0 59 1 80 4 0 3 7 6 0 2 78 75 0 79 71 76 74 0 0 0 0 43 0 0 0 36 37 35 
0 4 80 3 5 81 1 2 7 24 20 21 18 19 23 0 22 25 0 72 0 75 77 76 78 79 74 35 36 43 37 0 39 38 42 40 69 0 70 66 63 64 67 68 62 29 31 0 34 28 0 0 30 0 55 0 58 54 57 0 60 59 0 51 0 45 52 0 49 0 50 0 11 0 16 0 15 0 0 10 8 
78 76 71 75 77 72 73 0 79 15 11 12 0 0 14 8 13 16 62 63 0 66 0 0 0 70 65 26 0 34 28 0 30 29 33 31 60 56 61 0 54 55 0 0 53 20 22 17 25 0 0 24 21 23 46 44 49 0 48 0 51 50 0 42 39 36 43 35 40 38 0 37 2 3 7 5 0 0 81 1 80 
69 67 62 66 68 63 64 0 70 6 0 0 81 1 0 80 4 7 53 0 55 57 59 58 60 0 56 17 0 25 19 23 21 0 0 22 0 47 52 0 45 46 0 50 44 0 0 0 16 10 0 15 0 14 0 35 40 0 39 43 42 0 0 33 30 27 34 26 31 29 32 28 0 75 79 77 78 0 72 73 71 
15 0 8 12 0 9 10 11 16 33 0 0 27 28 32 26 0 0 80 81 1 0 5 4 6 7 2 44 45 0 46 0 48 0 51 49 78 74 79 75 0 0 76 77 71 38 40 0 43 37 36 0 0 0 0 0 67 63 66 70 0 68 65 60 57 54 61 53 58 56 0 55 0 21 25 0 24 22 18 19 17 
24 22 17 21 23 18 19 20 25 42 0 39 36 0 41 0 40 43 8 0 0 12 0 13 0 0 0 0 54 61 0 59 57 56 60 58 6 2 7 3 81 1 0 5 0 47 0 44 52 0 0 0 0 50 73 71 76 72 75 79 78 77 74 69 0 63 70 62 67 65 0 64 29 30 0 32 0 0 27 28 26 
51 49 44 0 50 45 46 47 52 69 65 66 63 64 68 0 0 0 35 36 37 0 41 0 0 43 38 80 81 7 0 0 0 2 0 0 0 0 0 30 27 0 31 32 0 74 76 0 79 73 0 78 75 77 0 17 0 18 21 25 24 23 20 15 12 9 16 0 13 11 14 10 56 0 61 59 60 0 54 55 53 
19 17 12 0 18 13 14 15 0 0 33 34 31 32 36 0 35 38 3 0 5 7 9 8 10 0 6 0 49 56 50 54 52 51 55 53 1 78 2 0 0 0 80 0 75 42 0 39 47 41 40 46 0 45 68 0 71 0 70 74 73 0 69 64 0 58 0 57 62 0 63 0 0 25 0 27 28 26 22 23 21 
1 80 75 79 0 0 77 0 2 0 0 16 13 14 0 12 17 20 66 67 68 70 72 71 73 0 69 30 31 38 32 36 34 33 0 35 64 60 65 0 0 59 62 0 57 24 26 0 0 23 22 0 0 27 0 48 53 49 0 56 55 0 51 46 43 40 47 39 44 0 45 41 6 7 0 0 0 0 4 5 3 
0 0 0 0 45 0 41 42 47 64 60 61 58 59 63 57 0 0 30 31 32 34 0 35 37 0 33 75 76 0 77 81 79 0 1 80 28 24 29 25 22 0 26 27 21 69 71 66 74 68 0 0 70 0 14 12 17 13 0 20 19 18 0 10 7 4 11 3 0 6 9 5 51 0 0 54 0 0 49 50 48 
37 35 30 0 36 31 0 0 38 0 51 52 0 0 0 0 0 0 0 0 23 25 27 0 0 29 24 66 67 74 68 72 70 0 73 0 19 15 0 0 13 14 17 18 0 0 62 0 65 59 58 64 0 63 5 3 8 4 7 0 10 0 6 1 79 76 2 0 0 78 81 0 42 43 47 0 46 0 40 0 39 
73 71 66 70 72 0 68 69 74 10 6 0 4 5 9 0 8 11 0 58 59 61 63 62 64 65 60 0 0 29 23 27 25 24 0 26 0 51 56 52 49 0 53 0 48 15 17 0 20 0 0 19 16 18 41 39 0 0 43 47 46 0 42 37 34 0 38 30 35 33 36 32 78 0 0 81 1 0 76 77 75 
28 0 21 25 0 22 0 0 0 46 42 43 40 0 45 39 44 47 12 13 14 0 18 17 19 0 15 57 58 0 59 0 0 60 0 62 0 6 11 0 4 5 0 0 0 0 53 48 56 0 49 0 52 54 77 75 0 0 79 0 1 81 0 73 70 67 0 66 0 0 0 68 33 34 38 36 37 35 31 0 30 
64 62 57 61 0 58 59 60 65 1 78 0 0 77 81 75 80 2 0 49 50 52 54 53 0 56 51 12 13 0 14 0 16 15 19 0 46 42 47 43 40 41 44 45 39 0 8 3 11 5 4 0 7 9 32 0 0 0 34 38 37 36 33 0 25 22 29 21 26 24 27 23 0 0 74 72 73 0 0 0 66 
0 53 48 52 54 49 50 51 0 0 69 70 67 68 72 66 71 0 39 0 0 43 0 0 0 47 42 3 4 11 5 0 7 6 10 8 37 33 38 34 31 32 0 36 30 78 80 75 2 0 76 1 79 81 23 21 26 22 25 29 28 27 24 0 0 0 20 0 17 0 0 0 60 61 65 63 0 0 58 59 57 
0 0 3 0 0 4 5 6 11 28 24 25 22 23 27 0 26 29 75 76 77 79 0 80 1 2 78 0 40 0 41 45 43 42 46 0 73 69 74 70 0 68 71 72 0 33 35 0 38 0 31 37 34 36 0 0 62 0 61 65 0 63 60 55 0 49 56 48 53 0 54 50 15 16 20 18 19 0 13 14 12 
0 60 55 0 0 0 57 58 63 0 0 0 74 75 0 73 78 81 0 47 48 0 52 51 0 54 49 10 0 18 12 16 0 13 0 15 0 40 45 0 38 39 42 0 37 4 6 1 9 0 0 0 5 7 0 0 33 29 32 36 35 34 31 26 0 20 27 0 24 22 0 21 67 68 72 70 0 69 65 66 0 
17 15 0 0 0 0 12 13 18 0 31 32 29 30 0 28 33 36 1 0 3 5 7 0 0 9 4 0 47 54 48 52 50 49 53 0 0 76 81 77 0 75 78 79 73 40 0 37 45 0 0 0 0 43 66 64 69 0 68 72 71 0 67 0 59 56 63 0 60 58 61 0 22 23 27 0 26 24 20 0 0 
53 51 0 50 52 47 48 49 54 71 67 68 65 66 70 64 69 72 37 38 0 41 0 42 44 45 40 1 2 9 3 7 5 4 8 0 35 0 36 32 29 0 33 34 0 76 0 73 81 75 0 80 77 79 0 19 24 20 0 27 26 25 0 17 0 0 0 10 15 0 16 0 58 59 63 61 0 60 56 57 55 
0 6 0 5 7 2 3 4 9 26 22 23 0 21 25 19 24 27 0 0 75 0 79 78 0 0 76 37 38 0 0 0 0 40 44 42 71 67 72 68 0 66 0 70 64 31 33 28 36 30 0 0 32 34 0 55 60 56 0 63 62 0 58 0 0 47 54 46 51 0 52 48 13 14 18 0 17 15 11 12 10 
35 33 28 32 34 29 30 31 36 0 49 50 47 48 52 46 51 0 19 20 0 0 0 24 0 0 0 64 65 72 66 70 68 67 0 0 17 13 18 14 0 12 15 16 10 0 60 55 63 57 56 62 0 61 3 1 6 2 0 9 0 7 4 80 77 74 81 73 78 76 79 75 40 41 45 43 0 42 38 39 0 
44 0 37 41 0 38 0 0 45 0 0 59 56 57 0 0 60 0 0 29 0 32 0 33 0 0 31 0 74 81 75 79 77 76 80 78 0 22 0 23 0 0 24 0 0 67 0 64 0 66 0 71 68 70 12 0 15 0 14 18 17 0 13 8 5 2 9 0 6 4 0 3 0 50 0 52 0 51 0 48 46 
0 24 0 23 25 20 21 22 27 44 0 0 38 39 43 37 42 0 10 0 0 14 16 0 17 18 0 55 56 63 57 61 59 58 0 60 8 4 9 5 2 0 6 0 0 49 51 46 54 48 0 53 50 52 75 0 78 74 0 81 80 79 76 71 68 65 72 64 0 0 70 66 0 0 0 34 0 33 29 0 28 
0 69 64 0 0 65 0 67 72 0 0 0 0 3 0 1 6 9 55 56 57 0 61 60 0 63 58 19 20 27 21 25 23 0 26 24 53 0 54 50 47 48 51 52 0 13 0 0 0 0 0 0 14 16 39 37 42 38 41 45 44 0 40 0 32 0 36 28 33 0 34 30 0 77 81 0 80 78 0 75 73 
0 0 73 77 79 74 75 76 81 17 13 14 0 0 16 0 15 0 64 0 0 68 0 69 0 0 67 0 0 0 30 34 32 0 0 33 0 58 63 59 0 0 60 0 0 22 24 19 0 21 20 26 0 25 48 46 51 47 50 54 0 52 49 44 0 38 45 37 0 0 43 0 4 5 9 7 8 0 2 3 1 
79 77 72 76 0 73 0 75 80 16 0 13 10 11 15 9 14 17 63 64 0 0 0 0 70 71 66 27 28 35 29 0 0 30 34 32 61 57 62 0 55 0 59 60 54 21 23 18 26 20 19 25 22 24 47 0 50 0 0 53 52 0 48 43 40 37 44 0 41 0 42 0 3 4 8 0 0 5 1 0 81 
16 0 9 13 15 10 11 12 17 0 30 31 0 29 33 27 32 35 81 0 0 4 6 0 7 8 0 45 46 53 47 51 0 48 0 50 0 0 80 0 73 74 0 78 72 0 0 36 44 38 37 43 0 42 65 63 68 0 0 71 70 69 0 0 58 55 0 0 59 0 60 56 21 22 26 0 0 0 0 20 0 
34 32 0 0 33 28 29 30 35 52 48 49 46 47 51 45 0 0 18 19 20 0 24 23 0 26 21 63 64 0 0 69 0 66 70 68 16 0 0 0 0 0 0 15 9 57 59 54 62 56 55 61 58 60 2 0 0 1 4 8 7 6 3 79 0 73 80 72 77 75 78 0 39 40 44 42 43 41 37 38 36 
0 0 81 0 0 1 0 3 0 0 0 22 0 20 24 18 23 0 0 0 74 0 78 0 79 80 0 36 0 44 38 0 40 39 43 41 70 66 71 0 64 65 68 69 0 30 0 27 35 29 0 0 31 33 56 0 59 0 0 0 0 60 0 0 0 46 0 45 50 0 51 47 12 0 17 15 16 0 10 11 9 
25 0 18 0 0 0 20 0 0 43 39 40 37 0 42 36 41 44 0 10 11 13 0 14 16 17 12 54 55 62 56 0 0 57 0 0 7 3 8 4 1 2 5 6 0 48 0 0 53 0 46 52 49 51 0 72 77 73 0 80 0 78 75 0 0 64 71 63 68 66 0 65 30 31 35 33 34 32 28 0 0 
43 41 0 0 0 37 38 0 44 61 0 0 55 56 60 54 59 0 27 28 0 31 0 32 34 35 0 72 73 80 0 78 76 0 79 77 25 21 26 22 0 20 0 0 18 66 68 63 71 65 64 0 67 0 11 9 14 10 13 17 0 15 0 7 4 1 0 81 5 0 6 2 48 0 53 51 52 0 46 0 45 
61 0 0 58 60 0 0 0 0 0 0 0 73 74 0 72 77 80 45 46 47 49 51 50 52 53 0 0 0 0 11 15 13 0 0 0 43 39 0 40 37 38 0 42 36 0 0 81 8 2 1 7 4 0 29 27 0 28 0 35 34 0 30 25 22 19 26 18 0 0 24 20 0 67 71 69 70 68 64 0 63 
52 0 45 49 0 46 0 0 53 70 0 67 64 65 69 0 0 71 36 0 38 0 42 0 43 0 39 81 0 8 0 0 4 3 7 5 34 30 35 0 28 29 0 0 0 0 77 72 80 74 73 79 76 78 20 18 23 19 22 0 25 24 21 16 13 10 17 9 14 12 0 0 57 0 62 0 61 0 55 0 54 
70 68 63 67 69 0 65 0 71 0 3 4 1 0 6 81 5 0 0 55 56 0 60 0 0 62 57 18 0 0 20 0 0 21 25 0 0 48 53 49 0 0 50 0 45 12 14 0 17 11 0 0 0 15 38 0 41 37 40 44 43 42 39 34 31 28 35 0 32 30 33 0 75 76 80 78 79 77 0 0 72 
