9
0 74 0 78 77 76 79 73 75 41 0 0 42 40 0 44 45 37 28 34 33 0 31 35 29 30 32 4 8 5 0 0 9 2 0 7 12 14 16 18 15 17 10 0 0 0 53 49 54 51 46 50 48 52 67 68 0 0 0 0 64 70 66 22 27 0 0 0 25 23 26 20 59 60 61 57 63 0 0 55 0 
17 0 0 15 0 13 0 0 12 59 56 0 60 0 61 0 63 0 46 52 51 0 49 0 0 48 50 22 0 23 19 24 27 0 21 25 30 32 34 36 33 35 28 0 31 65 71 67 72 0 64 68 66 70 4 5 6 2 0 0 1 0 3 40 45 42 39 37 43 0 44 0 0 78 0 75 81 0 76 0 0 
8 2 0 0 5 4 0 0 0 50 0 48 51 49 52 53 0 0 37 0 42 0 40 0 0 39 41 13 0 14 0 0 0 11 12 0 21 0 0 27 0 26 0 20 0 0 62 58 63 60 55 59 57 61 76 77 78 74 80 81 73 79 0 0 36 33 0 28 34 0 35 0 68 0 70 0 0 0 0 64 65 
0 0 27 0 0 0 25 0 0 0 65 0 69 67 70 0 72 0 55 0 60 63 0 62 56 57 59 31 35 32 0 33 36 29 0 0 39 0 43 0 42 44 37 0 0 74 0 0 81 78 73 0 75 79 13 14 0 11 0 18 0 16 12 0 54 0 48 46 52 50 53 47 5 0 7 3 9 8 4 1 2 
44 0 45 42 0 0 43 37 0 0 2 0 0 0 7 0 0 1 73 79 78 81 0 80 0 75 77 0 53 50 0 51 0 0 48 52 57 59 61 63 60 62 55 56 58 11 17 0 18 15 10 0 12 16 31 32 33 29 35 36 28 0 30 0 72 69 0 0 0 68 0 0 23 24 25 21 27 0 22 19 0 
35 29 36 33 32 31 34 0 30 0 74 0 0 76 79 80 81 0 0 0 69 0 67 71 65 66 68 0 44 41 37 42 0 38 39 43 48 50 0 0 0 53 46 47 49 2 8 4 0 6 1 5 3 0 22 0 24 20 26 27 19 25 0 58 63 60 57 0 61 59 62 56 14 15 0 12 18 0 13 10 0 
62 0 63 60 0 0 61 0 0 23 20 21 24 22 25 26 0 19 10 16 15 0 13 0 11 12 0 67 0 68 64 0 72 65 66 0 75 77 79 81 78 80 73 0 76 29 35 31 0 33 0 32 0 34 0 50 51 47 0 54 0 52 48 4 0 6 0 1 7 0 8 0 41 42 0 0 45 44 40 37 38 
71 65 0 69 68 67 70 64 0 32 29 0 33 31 0 35 36 28 0 25 24 27 22 0 20 21 0 76 80 77 0 0 81 74 75 79 3 0 7 9 0 8 0 2 4 0 44 0 45 42 37 0 39 0 0 59 60 56 62 63 55 61 57 13 0 15 0 10 16 14 0 11 0 51 52 48 54 53 49 46 0 
53 47 0 0 50 49 52 46 0 14 11 12 15 13 16 17 18 0 1 0 6 9 4 0 0 3 5 58 62 59 55 60 63 56 0 61 66 68 0 72 69 71 64 65 0 20 26 22 27 24 19 23 0 25 40 0 42 38 44 45 37 43 39 0 81 78 0 0 79 77 80 74 32 0 34 30 36 35 31 28 29 
0 21 28 25 0 23 0 20 0 0 0 0 70 0 71 72 73 65 56 62 0 0 59 63 0 58 60 0 0 33 29 0 37 0 31 35 40 42 44 46 0 45 0 39 41 0 81 77 1 0 74 78 76 80 14 0 0 12 0 0 11 0 13 0 55 52 0 47 53 0 54 48 6 7 8 4 10 9 0 2 3 
0 66 73 0 69 68 0 65 0 0 30 31 34 32 0 0 37 29 0 0 25 28 23 27 0 22 0 77 81 78 74 0 1 0 76 80 4 6 8 10 0 0 2 3 5 39 0 41 46 43 0 42 40 44 59 0 61 0 63 0 56 62 0 0 19 16 13 11 17 15 18 0 51 52 53 49 0 54 0 0 48 
0 30 37 34 0 32 35 0 31 78 75 76 79 0 80 0 0 74 65 71 70 73 68 72 0 0 69 0 45 0 0 43 0 39 40 44 0 51 0 55 52 54 47 48 0 3 0 5 10 0 2 0 4 8 23 0 0 21 27 28 0 0 22 59 64 61 58 0 62 60 63 0 15 16 17 13 19 18 0 0 12 
18 12 19 16 0 14 17 11 13 0 0 0 0 59 0 0 64 0 47 0 52 55 50 54 48 49 51 23 0 24 20 25 28 0 22 26 31 33 35 37 34 0 29 0 32 0 72 68 73 70 65 69 67 71 5 6 7 3 9 10 2 0 4 41 0 43 40 38 44 42 0 39 0 79 80 0 1 81 0 74 75 
0 75 0 0 78 77 80 0 76 42 0 40 0 41 44 45 46 38 0 35 34 37 0 0 30 31 33 5 0 6 2 7 0 0 4 8 13 15 17 19 0 18 0 12 14 48 54 50 55 52 0 51 49 53 0 69 70 66 72 73 65 71 0 0 28 25 22 20 26 24 0 21 0 0 62 58 64 0 59 0 57 
0 57 64 61 60 59 62 56 58 24 0 22 25 23 26 27 0 20 0 17 16 19 0 0 0 0 15 68 72 69 65 70 73 66 67 0 76 78 80 1 79 0 74 75 0 0 0 32 37 0 29 0 31 35 0 51 52 48 54 55 47 53 49 5 0 7 4 0 8 6 0 3 42 43 44 40 0 0 41 38 0 
45 0 46 43 42 41 44 38 40 0 3 0 7 5 8 9 10 2 0 0 0 1 77 81 0 0 0 50 54 51 47 52 0 48 49 53 58 60 62 64 0 0 56 57 59 12 0 14 0 16 11 15 13 17 0 33 34 0 36 0 29 35 0 68 73 70 67 65 71 69 72 66 0 25 26 22 28 27 23 0 21 
0 48 0 52 0 50 53 47 49 0 12 13 0 0 17 18 0 11 2 8 7 10 0 9 3 4 6 59 63 60 56 0 64 57 58 62 0 0 71 73 70 72 65 66 68 21 0 0 28 25 20 24 0 0 41 0 0 0 45 46 38 44 40 77 1 79 0 74 80 0 0 75 0 34 35 31 37 0 32 29 0 
9 0 0 0 0 5 0 2 4 51 0 49 52 0 0 0 55 47 0 44 0 0 41 0 0 40 42 14 18 15 0 16 19 0 0 0 22 24 26 0 25 27 0 21 0 57 63 59 64 61 56 0 58 62 77 0 79 0 81 0 0 0 0 32 37 0 31 29 0 33 0 0 69 70 71 0 73 72 0 65 66 
58 52 59 56 55 0 57 51 53 19 16 17 20 18 0 22 23 0 6 12 11 0 9 0 0 0 0 63 67 64 60 65 0 61 62 66 71 73 75 77 74 0 0 70 72 0 31 27 0 29 24 28 26 30 45 46 47 43 49 50 0 48 44 81 0 2 80 0 3 0 4 79 37 38 0 35 41 40 0 0 34 
0 79 5 2 1 81 0 78 0 0 43 44 47 45 48 49 50 42 33 39 38 0 0 40 34 35 37 9 0 0 6 11 0 7 8 12 17 19 21 23 20 22 15 0 18 52 0 54 59 56 0 55 53 57 0 73 74 70 76 77 0 75 71 27 32 0 0 0 30 0 0 25 64 0 66 62 0 0 0 60 61 
40 34 41 38 37 36 0 33 0 1 79 80 2 81 3 4 5 78 69 75 74 77 72 0 70 71 73 45 0 0 42 47 50 43 44 48 53 55 0 0 56 58 0 52 54 7 13 9 14 11 0 10 8 12 27 28 0 0 31 0 24 30 26 63 68 0 0 60 0 64 67 61 19 20 0 17 23 22 18 15 16 
22 0 23 20 19 18 21 15 17 64 61 62 0 63 66 67 68 60 51 0 56 59 54 58 52 53 0 0 31 28 24 29 32 25 0 30 35 0 39 41 38 0 33 0 0 70 0 72 77 74 69 73 71 75 0 10 0 7 13 14 0 0 8 0 50 47 0 42 0 0 49 0 1 2 0 0 0 4 81 78 0 
76 70 0 74 0 0 75 69 0 37 0 35 38 0 0 0 41 0 24 30 29 32 0 0 0 26 0 81 4 0 0 2 5 0 80 3 0 10 12 14 11 13 6 7 9 43 49 45 50 47 42 46 0 48 63 64 65 0 0 68 0 0 62 18 0 20 17 15 21 19 22 16 55 56 57 53 59 58 0 51 0 
0 0 68 65 64 63 66 60 62 28 0 26 29 27 30 31 0 24 15 0 20 23 18 0 16 17 19 72 76 73 69 0 77 70 0 0 80 1 3 5 0 0 78 0 81 34 40 36 0 38 33 0 35 0 0 55 0 52 58 59 51 0 53 9 0 0 8 6 0 10 13 7 46 47 0 44 50 0 0 42 43 
31 0 32 29 28 27 0 24 26 73 0 71 74 0 0 76 0 69 60 66 0 68 63 0 61 62 64 36 0 37 33 38 41 0 0 39 0 46 0 50 47 49 42 0 45 79 4 81 5 2 0 0 80 3 18 19 0 16 0 0 15 0 17 54 0 0 0 0 57 55 58 52 0 11 12 8 0 13 9 6 7 
0 0 0 11 10 0 12 6 8 55 0 53 56 54 57 0 0 51 42 48 47 0 45 49 43 0 46 0 22 0 15 20 23 16 17 0 0 28 0 0 29 31 24 25 0 61 67 0 68 65 60 0 62 66 0 1 2 79 4 5 78 3 80 0 41 38 35 33 0 0 0 34 0 74 75 71 0 76 0 69 70 
0 0 50 47 0 45 48 42 44 10 7 8 11 9 12 0 14 6 78 3 0 5 81 4 79 80 1 54 0 0 51 0 59 52 53 57 0 64 66 0 0 67 0 61 0 0 0 18 23 20 15 0 0 0 36 37 38 34 40 41 0 0 35 72 77 0 71 69 0 0 76 70 28 0 30 26 0 0 0 24 0 
11 5 12 0 0 0 10 4 6 53 50 51 54 52 0 56 57 49 0 46 45 48 0 0 41 42 0 16 20 17 0 18 21 14 15 0 0 26 0 30 27 29 22 23 25 59 65 61 0 63 58 62 60 64 0 80 81 0 2 3 0 0 78 34 39 36 33 31 0 35 0 32 71 72 0 69 0 74 70 67 68 
29 23 30 27 26 25 28 22 0 71 0 69 0 70 0 74 75 67 0 64 0 66 61 65 59 60 62 34 38 35 31 0 39 0 33 0 42 44 46 0 45 47 0 41 0 77 2 79 3 0 76 80 78 1 0 17 18 14 20 0 0 0 0 52 57 0 0 49 0 53 56 0 8 9 10 6 12 11 7 4 0 
47 0 48 0 0 43 46 40 42 0 5 6 0 7 10 0 12 0 76 1 0 0 0 2 0 78 80 0 56 53 49 0 57 50 0 55 60 62 0 66 0 0 58 59 0 0 20 16 0 18 13 0 15 19 34 35 36 32 38 39 0 37 0 0 75 72 0 67 73 0 74 0 26 27 28 0 30 29 25 22 23 
56 50 57 54 53 52 55 0 51 0 14 15 18 16 19 20 21 0 4 10 0 0 7 11 0 6 0 61 65 62 0 63 66 0 60 0 0 71 73 75 72 0 0 68 70 0 0 25 30 27 22 0 24 28 43 0 45 41 47 0 40 46 0 79 0 0 78 0 1 0 2 77 0 36 0 0 39 38 0 0 0 
65 59 0 63 62 0 64 58 0 26 0 24 27 25 0 29 30 0 13 19 0 0 0 20 14 15 17 70 74 71 67 72 0 0 0 0 78 0 1 0 81 2 76 77 0 32 38 34 39 36 31 35 33 0 0 53 54 50 56 0 0 55 0 7 12 0 6 4 10 8 11 5 0 45 46 42 48 47 43 40 41 
74 68 75 0 71 0 73 67 69 35 0 33 36 34 0 38 39 31 22 28 27 30 25 0 23 0 26 0 2 0 76 81 0 77 78 1 0 8 10 12 9 11 4 5 7 41 47 43 48 45 0 44 42 0 61 62 63 59 65 66 0 64 60 16 0 0 15 13 19 0 20 14 53 54 55 51 0 56 52 49 0 
20 14 21 18 17 16 0 13 15 62 0 60 63 61 0 65 0 58 0 55 0 57 52 56 50 51 53 0 29 26 0 27 0 23 24 0 0 0 37 0 36 0 31 32 34 68 0 70 75 72 67 0 69 73 7 8 9 5 11 12 4 10 6 43 48 0 42 40 46 44 0 0 80 81 1 78 3 2 79 76 77 
2 77 3 0 80 79 0 76 78 0 0 0 45 43 46 47 0 40 31 0 36 39 34 38 32 33 0 7 11 8 4 9 12 5 0 10 15 17 19 21 0 20 0 14 16 50 56 52 0 54 0 0 0 55 70 71 72 68 74 75 67 0 69 25 0 0 0 22 28 26 0 23 62 0 64 60 66 65 61 58 59 
38 32 39 36 35 34 37 31 33 0 0 78 81 79 1 2 3 76 0 0 0 75 70 0 0 69 71 0 0 44 40 45 0 41 0 46 51 53 55 57 54 56 0 0 0 5 0 7 12 0 4 8 6 10 0 26 27 23 29 0 0 28 24 61 66 63 60 58 0 62 65 59 17 18 19 0 21 0 16 13 14 
41 0 0 39 0 37 40 34 0 2 80 0 3 1 4 5 0 0 70 76 0 0 0 77 71 72 74 0 50 0 43 48 51 44 45 49 54 56 58 0 57 59 0 53 55 8 14 0 15 12 7 0 9 0 28 29 30 26 32 33 25 31 27 64 0 66 0 0 67 65 68 62 20 21 0 18 24 0 19 0 17 
23 0 0 0 0 0 0 0 18 65 62 63 0 64 0 0 69 61 52 0 0 0 0 0 53 0 0 0 0 29 25 30 33 26 27 31 36 38 40 42 39 0 34 35 0 71 0 0 78 75 70 74 0 76 10 0 0 8 14 0 0 13 9 0 51 0 45 0 0 0 50 44 0 3 4 81 6 5 0 0 0 
0 44 51 48 47 46 0 43 0 0 0 9 12 0 0 14 0 7 79 4 3 6 1 5 80 81 2 55 59 56 0 57 0 53 54 58 63 65 67 69 66 68 61 62 64 17 23 19 24 21 16 0 0 22 37 0 0 35 41 42 34 40 36 0 78 75 0 70 76 74 77 71 0 0 31 27 33 32 28 0 26 
14 0 15 0 0 10 0 0 0 56 53 0 57 0 58 59 60 52 43 49 48 51 46 50 44 0 47 0 23 20 0 0 24 17 18 0 27 0 0 33 30 32 25 26 28 0 68 64 69 66 61 65 63 67 1 0 3 80 0 6 79 4 0 37 42 39 36 0 40 38 41 35 74 75 76 72 78 77 73 70 71 
0 0 33 0 29 0 0 25 27 74 71 0 75 0 0 77 78 70 61 67 0 69 64 68 62 63 65 37 41 38 0 39 0 35 0 40 45 47 49 51 48 50 43 0 0 80 5 0 6 0 79 2 0 0 0 20 21 17 23 0 16 0 0 55 0 0 0 0 58 56 59 53 11 12 13 0 0 14 0 7 8 
5 0 6 0 2 0 4 79 81 47 44 45 48 0 49 50 0 43 0 0 39 42 37 41 35 36 0 10 14 11 7 12 15 8 0 0 18 0 22 24 21 23 16 17 19 53 59 0 60 57 52 0 54 58 73 0 75 71 0 78 70 76 72 28 0 0 27 0 31 29 0 26 65 66 67 63 69 68 0 61 62 
0 0 60 0 56 55 58 52 54 20 0 18 0 19 22 23 24 0 7 13 12 15 10 0 8 0 0 0 68 65 61 0 69 0 63 0 72 74 76 78 0 0 0 71 73 26 32 0 0 0 25 0 0 0 46 0 48 44 50 51 43 49 45 1 6 3 0 79 0 2 0 80 0 0 0 36 42 41 37 0 0 
77 71 78 75 74 73 0 0 72 0 35 36 0 37 40 41 42 0 25 0 30 33 0 32 0 27 29 1 5 2 79 3 6 80 81 0 9 0 13 0 12 0 7 8 0 44 0 46 51 48 0 47 45 49 0 65 66 62 68 69 0 0 0 19 24 21 18 16 22 20 23 17 56 0 58 54 60 59 0 52 53 
0 62 69 66 0 64 0 0 63 29 26 27 30 0 31 32 33 25 16 22 0 24 19 0 0 18 20 73 77 74 70 75 0 71 72 76 0 2 4 6 3 5 79 0 0 35 41 37 42 0 34 38 36 40 0 56 57 0 59 60 52 58 54 10 15 0 0 7 13 11 0 8 0 48 49 45 0 50 46 43 0 
69 63 70 67 0 65 0 0 64 30 27 28 31 29 32 0 0 26 17 23 0 25 0 24 18 0 21 74 78 75 71 76 79 72 0 77 1 3 5 0 4 6 0 81 2 36 42 38 43 40 35 39 37 41 56 57 58 0 60 61 53 0 55 11 0 0 10 0 14 0 15 9 48 49 0 46 52 51 47 0 45 
15 0 16 0 12 11 14 8 10 57 0 55 58 56 59 60 61 0 44 50 49 52 0 0 45 46 48 0 0 0 17 22 25 18 19 0 28 30 0 34 31 33 26 27 29 63 0 0 0 67 62 0 64 68 2 3 4 0 0 7 0 5 1 0 43 40 37 35 41 39 42 36 0 76 0 0 79 0 74 71 72 
24 0 25 0 21 20 0 0 19 0 63 64 67 65 68 0 0 62 53 0 0 61 56 0 54 0 57 29 0 0 26 31 0 27 0 32 0 39 41 43 40 42 35 36 38 72 78 74 79 76 0 0 0 77 0 12 13 9 0 16 0 0 10 0 52 49 46 44 50 48 51 45 3 4 5 1 7 0 2 80 81 
33 27 34 31 0 0 0 0 28 75 0 73 76 74 77 78 79 71 62 68 0 70 65 69 63 0 66 38 0 39 0 40 0 36 37 0 0 48 50 52 49 51 44 45 0 0 6 2 7 0 80 3 0 5 0 21 22 0 24 25 17 0 19 56 0 58 55 53 59 57 60 54 12 13 14 10 16 15 11 0 9 
51 0 52 49 48 47 50 44 46 0 0 10 0 11 0 15 0 8 80 5 4 7 2 6 81 1 0 56 60 0 0 58 0 54 55 59 64 0 68 70 0 69 62 0 65 18 24 0 25 22 0 21 19 23 38 39 40 36 42 0 35 41 0 0 79 76 0 0 0 75 78 72 30 31 0 0 34 0 29 0 0 
60 0 61 0 57 56 59 53 55 21 18 19 22 0 23 24 25 17 8 14 13 16 0 15 0 10 12 65 69 66 0 67 70 63 64 0 73 75 0 79 0 78 71 72 74 27 33 29 34 0 26 0 0 32 47 48 49 0 51 0 44 0 46 2 7 4 0 80 5 3 6 81 39 40 0 37 43 0 0 35 36 
78 72 0 76 75 0 77 71 73 39 0 37 40 0 41 42 0 0 26 32 0 34 29 33 27 28 30 2 6 3 80 4 7 81 0 0 0 12 14 16 13 0 0 9 11 45 0 47 52 49 44 48 46 50 65 0 67 63 0 0 0 68 0 20 25 22 19 17 23 21 24 0 57 58 59 55 61 60 56 0 54 
42 36 43 0 39 0 0 35 37 0 0 1 4 2 5 6 7 80 71 77 76 79 74 0 72 73 0 47 51 48 44 49 52 0 46 50 0 0 0 0 58 60 53 0 56 9 0 0 0 13 8 0 10 0 29 30 0 0 0 0 26 0 28 65 70 67 64 62 68 66 69 63 0 0 23 19 25 0 0 0 18 
6 81 7 0 3 2 0 80 0 0 45 0 0 47 50 0 52 0 35 0 40 43 38 0 36 37 39 11 15 0 0 13 16 9 10 0 19 21 0 25 22 0 17 18 20 0 60 56 61 58 53 0 55 0 0 75 76 72 0 0 0 77 0 0 34 31 28 26 0 0 0 27 0 67 68 64 70 0 65 0 63 
79 73 0 77 0 75 78 0 0 40 0 38 41 39 42 43 0 36 27 0 32 0 30 0 0 29 31 3 7 4 81 5 8 1 2 0 11 13 0 17 14 16 9 0 12 46 52 0 53 50 0 0 47 51 0 67 68 0 70 0 63 0 65 21 26 23 0 18 0 0 0 19 58 59 0 56 62 61 0 0 55 
70 0 71 0 67 66 0 0 65 31 28 29 32 0 33 34 35 27 18 24 23 0 0 25 19 20 22 75 0 0 72 77 80 0 0 78 0 4 6 0 5 0 81 1 0 0 0 0 44 41 0 0 0 42 57 0 59 0 0 62 54 60 56 12 17 0 0 9 15 13 0 10 49 50 51 47 0 0 48 0 46 
43 0 44 41 40 39 42 36 0 4 1 2 5 3 0 7 8 0 72 78 0 80 75 0 0 74 76 0 0 49 45 0 53 46 47 51 0 58 0 62 59 61 0 55 0 0 16 12 0 14 0 13 11 15 0 0 32 28 34 35 27 33 0 0 71 68 65 63 69 0 70 64 22 23 0 0 26 25 21 18 0 
0 55 62 59 58 0 60 0 0 22 19 20 0 21 24 0 0 0 0 0 0 17 12 16 10 11 13 0 70 67 63 68 71 0 65 69 74 76 78 80 77 79 72 0 75 28 34 30 0 32 0 0 0 33 48 49 50 46 52 0 45 51 47 3 8 5 0 81 0 4 7 1 0 0 0 38 0 0 0 36 0 
52 46 53 50 49 48 51 45 47 0 10 11 14 0 15 0 0 9 81 0 5 8 0 7 1 0 4 57 61 58 54 0 62 55 56 60 65 0 0 71 68 70 63 0 0 19 25 0 26 23 18 22 20 24 39 40 0 37 43 0 0 42 38 75 80 0 0 72 78 0 79 73 31 32 33 29 35 0 30 0 28 
34 28 35 32 31 30 0 0 29 76 73 0 77 0 78 79 0 72 0 0 68 71 66 70 64 65 67 39 43 40 0 41 44 37 38 42 47 0 51 53 50 0 45 0 48 0 7 3 8 5 0 0 0 0 21 22 23 19 25 0 18 24 20 57 62 59 56 54 60 58 61 55 0 14 0 11 0 16 12 9 0 
7 1 8 5 4 3 6 81 2 49 46 0 0 48 51 0 53 45 36 0 0 0 39 43 37 38 40 0 16 0 9 14 0 10 0 0 20 22 24 26 23 25 18 0 21 55 0 0 0 0 54 58 0 60 0 76 77 73 79 80 72 78 74 30 35 32 29 27 33 31 34 28 67 68 0 65 0 70 66 0 0 
0 0 17 14 13 12 15 9 11 58 55 56 59 57 60 61 62 54 45 0 0 53 0 52 0 47 49 21 25 22 18 0 0 19 20 24 0 31 0 0 32 34 0 0 30 64 70 0 71 68 63 67 65 69 0 4 0 0 7 0 81 6 0 0 0 0 38 36 42 0 43 0 0 77 0 74 80 79 75 0 0 
0 0 26 23 22 0 24 18 20 0 64 65 68 66 0 0 71 63 54 0 0 0 57 0 0 0 58 30 0 31 27 0 0 28 29 0 38 0 42 44 0 43 36 37 39 73 79 75 80 77 72 76 0 0 12 0 14 10 16 17 9 0 0 48 53 50 47 45 51 0 52 46 0 5 0 2 0 7 3 81 0 
46 40 47 44 43 0 45 39 41 0 4 0 0 6 9 0 11 3 0 81 80 2 0 1 76 77 79 51 55 52 48 53 0 0 0 0 59 61 0 65 0 64 57 58 60 13 0 0 20 17 12 0 14 0 33 34 35 31 0 0 30 0 32 0 0 71 68 66 72 0 73 67 0 26 27 0 29 28 24 21 0 
0 22 0 26 25 24 0 21 0 70 67 68 71 69 0 73 74 66 57 63 0 65 0 64 58 59 0 0 0 34 30 35 38 0 32 36 41 0 45 47 0 0 0 40 0 76 0 78 2 80 75 79 0 0 0 16 17 13 0 0 12 18 0 0 56 53 50 48 54 52 55 0 7 0 9 5 11 0 6 3 0 
0 31 38 0 34 33 36 30 32 79 0 0 0 78 81 0 2 75 0 72 0 74 69 73 0 68 70 42 46 43 39 0 47 40 0 45 50 52 0 56 0 0 0 0 51 4 10 0 11 0 3 7 0 9 24 25 26 0 28 0 21 27 23 60 65 62 59 0 63 0 0 58 16 17 18 14 20 19 15 12 13 
0 67 0 71 70 69 0 66 68 34 31 0 35 33 36 37 38 30 21 27 26 29 24 28 22 23 0 0 1 0 0 80 0 0 77 81 0 0 9 0 8 0 3 4 0 40 0 42 47 0 39 43 0 45 60 61 62 58 0 65 57 63 59 15 0 17 14 12 18 0 19 0 52 0 0 0 0 0 51 0 49 
10 0 0 8 0 6 9 3 5 52 49 50 53 51 54 55 0 48 39 45 0 0 0 46 40 0 0 15 19 16 0 17 0 13 0 0 23 25 27 0 26 0 0 0 0 0 64 60 65 62 57 61 59 63 0 79 80 0 1 2 75 81 77 33 38 35 32 30 36 34 0 31 70 0 0 68 74 73 69 0 67 
19 13 0 0 16 0 18 0 14 61 0 0 0 60 63 64 65 0 48 54 53 0 51 55 49 50 52 24 0 0 21 0 0 0 23 27 0 34 0 38 35 0 30 31 33 67 0 69 74 71 0 70 0 0 6 7 0 4 10 0 0 0 5 0 47 44 41 39 0 43 0 0 0 0 0 77 2 0 78 75 0 
1 76 0 80 0 0 81 0 0 0 40 41 0 42 45 46 0 39 30 0 0 0 33 37 31 0 34 6 10 7 3 0 11 0 5 0 14 16 18 20 17 19 12 13 15 49 0 51 56 53 48 52 50 54 69 0 71 67 73 74 66 72 0 24 29 26 23 0 27 25 28 22 61 62 0 59 65 0 0 57 58 
55 49 56 0 52 0 0 0 0 16 13 0 17 0 18 19 20 0 3 9 8 11 6 0 4 5 7 60 64 61 57 62 0 58 59 63 68 70 72 0 71 73 66 67 0 22 0 24 29 26 21 25 23 27 42 0 44 40 0 47 0 45 41 78 2 80 0 75 81 79 1 76 34 35 36 32 38 0 0 0 0 
64 58 0 62 0 0 0 57 0 25 22 23 26 24 27 28 29 21 12 0 0 0 0 19 0 14 0 69 0 0 66 71 74 67 68 0 77 79 81 0 80 1 75 76 78 31 37 33 38 0 0 0 32 0 51 0 0 49 0 0 0 54 50 6 11 0 5 3 9 7 0 4 0 44 45 41 47 46 42 0 0 
66 60 0 64 63 62 65 59 61 27 24 25 28 26 29 0 0 23 0 20 19 22 0 21 15 16 0 71 75 72 0 73 76 0 70 74 79 81 2 0 1 3 77 78 0 0 39 0 40 0 32 36 34 0 53 54 55 0 57 58 50 56 52 0 13 10 7 5 11 9 12 6 0 0 47 43 0 48 44 41 42 
57 51 58 0 54 53 0 50 0 0 15 16 19 0 20 21 22 14 5 11 0 0 8 0 6 7 9 62 66 63 59 0 67 0 0 0 70 0 74 76 73 0 0 69 71 24 30 26 0 28 23 0 25 29 44 45 46 42 48 49 0 0 43 80 0 1 79 77 2 0 3 78 36 37 38 0 0 39 35 32 0 
0 78 4 0 81 0 2 0 79 45 42 0 46 0 47 48 49 41 32 38 37 40 0 39 33 0 36 8 12 9 0 10 13 6 0 11 16 18 20 22 19 0 0 15 17 51 0 53 58 55 50 0 52 56 71 72 73 0 75 76 0 74 70 26 0 28 0 23 29 27 0 24 0 64 65 61 67 0 62 59 60 
0 15 22 0 18 17 20 0 16 63 60 61 0 0 65 66 67 59 50 0 55 0 53 0 51 52 54 26 30 27 23 28 31 24 25 0 34 36 38 40 37 39 32 0 35 69 75 0 0 73 68 72 70 74 8 9 10 6 12 13 5 11 0 0 49 0 0 41 47 45 0 42 81 1 2 79 4 3 80 0 78 
12 6 13 10 0 8 11 0 7 54 51 0 0 53 56 57 58 50 0 47 0 49 44 48 42 0 0 0 21 18 14 19 22 15 16 0 25 27 29 31 28 0 23 24 26 0 66 62 67 64 59 63 61 65 80 81 0 0 0 4 77 2 0 35 40 37 0 32 38 36 39 33 0 73 74 70 0 75 0 0 69 
30 24 31 28 27 26 29 23 25 72 69 70 73 71 0 75 76 68 59 65 64 0 62 66 60 61 63 0 0 36 32 37 40 0 34 38 0 45 47 49 0 48 41 42 44 78 0 0 0 1 77 81 79 2 17 18 0 15 0 22 0 20 0 53 58 55 0 0 56 54 0 51 9 10 0 7 13 0 8 5 6 
75 69 76 73 72 71 74 68 70 36 0 34 0 35 38 0 40 0 23 29 28 0 0 0 24 25 27 80 3 0 77 1 0 78 79 2 7 0 11 0 10 12 5 6 8 42 0 44 49 46 41 0 43 0 62 0 0 60 66 0 59 0 0 17 0 19 0 14 20 18 21 15 54 55 56 0 0 57 0 0 0 
48 42 49 0 45 44 47 41 43 9 0 7 10 8 0 12 13 0 77 2 1 4 0 3 0 79 81 53 57 54 50 55 58 51 52 56 0 63 65 67 64 66 59 60 62 0 0 0 22 19 14 0 0 0 35 36 37 33 39 0 32 38 0 0 0 0 70 68 74 72 75 69 27 28 0 25 0 0 26 23 24 
39 0 40 37 0 35 38 32 0 81 78 79 1 80 2 3 0 0 68 74 0 76 71 75 0 70 72 44 48 0 0 46 49 42 43 0 0 0 56 0 0 57 0 0 53 6 12 0 0 10 5 9 7 11 26 0 28 24 30 0 0 29 0 62 67 64 61 0 65 63 66 60 18 19 0 0 0 21 17 14 15 
