9
54 0 0 60 59 52 58 0 55 51 47 43 45 46 48 49 0 44 23 21 0 24 20 19 0 0 18 10 0 0 0 11 8 12 7 9 30 31 26 0 27 0 29 32 28 37 38 40 34 36 42 0 41 0 77 0 73 0 78 74 0 71 76 79 4 81 1 5 0 0 0 0 0 0 68 69 64 67 61 0 63 
0 47 48 51 0 43 49 0 46 42 38 34 36 37 39 40 41 35 0 12 7 15 11 10 13 0 0 1 4 0 5 2 80 0 0 81 21 22 17 16 18 24 20 23 0 0 29 31 25 0 33 30 32 26 68 61 64 66 69 65 63 62 67 0 76 72 73 0 74 71 78 0 0 0 59 60 0 58 0 0 54 
81 0 0 6 5 79 4 80 1 78 74 0 72 73 75 0 77 71 50 48 43 51 0 46 49 44 45 0 40 42 41 38 35 0 34 0 57 58 53 0 54 60 0 59 0 0 0 0 61 63 69 66 0 62 0 16 19 21 24 20 18 17 22 0 31 27 0 32 29 26 33 30 8 0 0 15 0 13 7 12 9 
27 0 30 33 32 25 31 26 28 24 0 0 18 19 21 22 0 0 0 0 0 0 74 73 76 71 72 64 67 69 68 65 62 66 0 63 3 4 80 79 81 6 2 0 1 10 11 13 7 9 15 0 0 8 50 43 46 0 0 47 45 44 0 0 0 54 0 0 56 53 60 57 35 38 0 0 37 0 34 39 36 
72 74 75 78 77 70 76 71 73 0 65 61 0 64 66 67 0 0 41 39 34 42 0 0 40 35 0 28 31 0 32 29 0 0 0 27 48 49 44 43 45 0 0 0 46 0 56 58 52 0 60 57 59 53 14 7 10 0 15 11 9 8 13 16 22 18 19 23 20 17 24 21 0 2 5 0 1 4 0 0 81 
36 38 39 42 41 34 40 35 0 33 29 25 27 28 0 31 32 26 5 3 79 0 0 1 4 0 81 73 0 0 77 74 71 75 70 72 12 13 0 7 0 0 11 0 10 0 20 22 16 18 24 21 23 0 0 52 55 57 0 0 54 53 0 0 0 63 64 0 0 62 0 66 0 47 50 0 46 49 0 0 0 
63 65 66 69 68 61 67 62 64 60 56 52 54 0 57 58 0 53 32 30 25 33 29 28 31 26 27 19 0 24 23 0 17 0 0 18 39 40 35 34 0 42 38 41 37 46 47 49 43 0 51 48 50 44 5 79 0 3 6 2 81 80 4 7 13 9 10 0 11 8 15 12 71 74 0 78 73 0 70 0 72 
18 20 21 0 23 0 22 0 0 15 11 7 9 10 0 13 14 0 0 66 61 0 65 0 0 62 63 0 58 60 59 56 53 0 52 54 75 76 71 70 72 0 0 0 73 0 2 0 79 81 6 3 5 80 41 34 37 0 42 38 36 0 40 43 0 0 0 0 47 44 51 48 0 29 32 33 28 31 25 30 0 
0 11 0 15 14 0 0 8 10 6 2 0 81 0 0 0 5 80 0 57 52 60 56 55 58 53 54 46 49 0 50 47 44 48 43 0 66 0 0 61 63 0 65 0 0 73 0 76 70 72 78 75 77 0 32 25 28 30 33 29 27 0 0 34 0 0 37 0 38 35 0 39 17 0 0 0 19 0 16 21 18 
20 0 23 0 25 0 0 19 0 17 0 9 0 12 14 15 16 10 70 68 63 71 67 66 0 64 0 0 60 62 61 58 55 59 54 56 77 78 73 0 0 80 76 79 75 3 4 6 0 0 8 5 0 0 0 36 39 41 44 40 38 37 0 0 51 47 48 52 49 0 53 50 28 31 34 35 30 33 27 32 29 
56 58 59 62 61 54 60 0 0 0 49 45 0 48 0 0 0 46 25 23 18 26 0 21 24 19 0 12 15 17 16 13 10 14 9 11 32 0 28 0 29 35 0 34 30 0 40 42 36 38 44 41 43 0 79 0 0 77 80 76 0 73 78 81 6 2 3 0 4 1 8 0 64 67 0 71 66 69 63 68 65 
74 76 77 80 79 72 78 73 75 71 0 63 65 66 68 0 0 0 0 41 36 44 0 39 42 37 38 30 33 35 34 31 28 32 0 29 50 0 0 45 0 53 49 52 48 57 0 60 54 56 0 0 0 55 0 9 0 14 0 13 0 10 0 18 24 20 0 25 22 0 0 23 1 0 7 8 3 6 81 0 2 
38 40 0 44 43 36 42 37 0 35 31 0 0 0 32 33 34 28 7 5 81 8 4 3 6 1 2 0 0 80 79 76 73 0 72 0 14 15 10 9 11 17 0 16 12 21 22 0 18 20 0 23 0 0 61 0 0 59 62 58 0 0 60 63 69 65 0 0 67 64 71 0 0 49 52 53 48 51 0 50 47 
0 0 0 35 34 27 33 28 0 0 22 18 20 21 23 24 25 19 79 77 72 80 76 75 0 73 74 66 69 0 0 67 64 0 0 0 0 6 1 81 2 8 4 7 3 0 13 15 9 11 0 14 0 10 52 45 48 0 53 49 47 0 51 54 0 56 0 0 58 55 62 59 37 40 0 44 0 42 36 41 0 
11 13 0 17 16 9 15 0 0 0 0 81 2 3 5 6 7 1 61 59 54 0 58 0 60 55 0 48 51 53 52 0 0 0 45 0 68 69 64 63 65 0 67 70 66 75 0 78 0 0 0 77 0 73 34 27 0 0 35 31 29 28 33 36 42 38 0 0 40 37 44 0 19 22 0 26 21 0 0 23 20 
0 0 5 8 7 0 6 0 3 80 0 72 0 75 0 0 79 73 52 50 45 53 49 48 0 46 47 0 42 0 43 40 37 41 0 38 59 60 0 54 56 0 58 0 57 0 67 69 0 65 71 68 70 64 0 18 21 23 0 22 0 19 0 27 33 29 30 34 0 0 0 32 10 13 16 17 0 0 9 14 11 
0 67 68 71 70 63 0 64 0 62 58 54 56 57 59 0 61 0 0 32 0 0 0 30 0 28 29 21 24 26 0 22 0 0 18 20 0 42 37 36 38 44 40 43 0 48 0 51 0 47 53 0 0 46 7 81 0 5 8 4 0 0 0 0 15 11 12 16 13 10 0 0 73 76 79 0 0 78 0 0 74 
47 49 50 53 52 45 51 0 48 44 40 36 38 0 41 42 43 37 0 0 9 17 0 0 15 10 11 0 6 8 0 4 1 5 81 2 23 24 19 18 20 26 22 25 21 30 31 0 27 29 35 32 34 28 70 63 66 68 71 67 65 64 0 72 78 74 75 79 76 73 0 0 55 58 0 62 0 60 54 59 56 
0 3 0 7 6 80 5 81 0 0 75 0 73 74 76 77 0 0 51 49 44 0 48 47 50 45 46 0 41 43 42 39 0 40 0 0 58 59 54 53 55 61 0 0 56 65 66 0 62 0 0 67 69 63 24 17 0 22 25 21 19 18 23 0 32 0 0 0 30 27 34 31 9 12 0 16 11 14 0 13 0 
64 66 0 70 0 62 68 0 65 61 57 0 55 56 58 0 0 54 33 31 26 34 30 29 32 27 28 20 23 25 24 21 18 22 17 19 40 0 36 0 0 43 39 42 38 0 48 50 44 46 0 49 0 45 6 0 2 4 7 0 0 81 5 0 0 0 0 15 12 9 16 13 72 0 78 79 0 77 71 0 73 
37 39 40 43 0 35 0 36 38 34 30 26 0 29 31 32 33 0 6 0 80 0 0 0 5 0 1 74 77 79 78 0 72 76 0 73 13 14 9 8 0 16 0 15 0 20 21 23 17 0 25 22 24 18 60 0 56 0 0 0 55 54 59 62 68 64 65 69 66 63 70 0 45 48 51 52 0 50 44 49 46 
28 30 31 34 33 0 32 27 0 25 0 17 19 0 22 0 24 18 0 76 71 79 75 74 77 72 0 65 68 70 69 66 63 67 62 0 4 0 81 80 0 7 3 6 0 0 12 14 0 0 16 0 15 0 51 44 47 49 0 48 46 45 50 53 59 55 56 0 0 0 0 0 36 39 42 43 38 41 35 0 37 
46 0 49 52 51 44 50 0 47 0 39 35 37 0 40 41 42 36 15 13 0 0 0 11 14 9 0 0 0 7 0 3 81 4 0 1 0 0 0 0 19 25 21 24 20 29 30 32 26 28 34 31 0 27 69 0 0 67 70 66 64 63 0 0 0 73 74 0 75 72 79 76 54 57 60 61 56 59 53 0 55 
0 75 76 79 78 71 77 0 74 70 66 62 64 0 67 0 69 63 42 40 35 43 0 38 41 0 37 29 32 0 33 30 0 0 26 0 0 50 45 44 46 52 48 0 47 56 57 59 53 55 61 0 60 0 0 8 11 13 16 12 10 0 14 17 23 19 20 24 21 0 25 22 81 3 0 7 2 5 80 4 1 
55 57 58 61 0 0 59 54 56 0 48 44 46 47 49 50 0 0 24 22 0 0 21 20 23 18 19 11 0 0 15 12 9 0 8 10 31 32 27 26 28 34 0 33 29 0 39 41 0 0 0 40 0 36 78 71 74 76 79 0 73 72 77 80 5 1 2 6 3 0 7 4 63 66 69 70 65 68 62 67 64 
10 12 13 16 15 8 14 9 11 7 3 80 1 2 4 5 0 81 0 58 0 61 57 56 0 54 0 47 50 52 51 48 45 49 44 46 67 68 63 62 64 70 0 0 0 74 0 77 0 0 79 76 78 72 33 26 29 31 34 30 0 27 32 0 0 37 0 0 39 36 43 40 0 0 24 25 0 23 17 22 0 
0 0 0 25 24 0 0 18 20 0 12 8 10 11 13 14 0 0 0 67 62 70 66 65 68 63 0 56 0 61 60 57 54 58 0 55 76 0 0 71 73 0 75 78 74 2 3 5 80 1 7 4 6 0 0 35 38 0 43 39 37 36 41 44 50 46 47 51 48 45 52 49 27 0 33 0 29 32 0 31 0 
0 78 79 1 81 74 80 75 77 0 69 65 67 0 70 0 72 66 45 0 0 46 42 41 0 39 0 0 0 37 36 33 0 34 29 31 52 53 48 0 49 0 51 54 0 59 0 0 56 58 0 61 63 57 18 11 14 16 19 15 13 0 17 0 0 22 23 0 0 21 28 25 0 6 9 10 5 8 0 7 4 
31 0 34 37 36 0 35 30 32 28 24 20 22 23 25 26 0 0 81 0 74 1 0 0 0 75 0 68 71 73 72 0 66 0 65 67 7 8 0 2 0 0 6 9 0 0 15 17 11 13 19 16 18 0 54 47 0 52 0 51 0 48 53 56 62 58 59 63 0 0 64 61 0 42 0 46 41 44 38 43 40 
49 51 52 55 0 47 53 0 50 46 0 38 40 41 43 44 0 39 18 16 11 0 15 0 17 12 13 0 8 10 9 6 0 0 2 4 25 26 21 20 22 0 24 27 23 0 33 35 0 31 0 0 36 30 0 65 68 0 73 0 67 0 71 74 80 76 77 0 78 0 0 79 57 60 63 64 0 0 0 61 0 
0 0 43 46 45 0 44 39 41 0 0 0 31 0 34 35 36 30 9 0 2 10 6 5 0 0 4 77 0 1 81 78 75 79 0 76 16 17 12 11 13 19 0 0 0 0 0 26 20 22 28 25 0 0 63 56 0 61 64 60 58 57 62 65 0 0 68 72 69 66 73 70 48 51 0 0 50 0 47 52 0 
0 15 16 19 18 11 0 12 14 0 0 0 0 0 7 0 0 3 63 0 56 0 0 0 62 57 0 50 53 0 54 51 48 0 0 49 70 71 0 0 67 73 69 72 0 0 78 80 0 76 1 0 81 75 36 29 0 34 37 33 0 30 35 38 44 0 41 0 42 39 46 0 0 0 0 28 23 26 0 25 0 
58 60 61 0 63 56 62 57 59 0 0 47 49 0 0 53 54 0 27 0 20 28 24 23 26 21 22 14 17 19 18 15 0 0 0 13 0 0 30 29 0 37 33 0 32 41 42 44 0 0 46 43 45 39 0 0 77 0 1 78 0 0 80 0 8 4 5 0 6 3 0 7 66 0 0 73 68 71 0 70 67 
22 24 25 0 27 20 0 0 23 19 0 0 13 0 0 17 0 0 72 0 65 73 0 0 0 0 67 0 62 0 63 0 57 61 0 58 79 80 0 0 76 1 78 0 0 0 6 0 0 4 0 7 0 3 45 38 41 43 46 42 0 39 44 47 53 0 50 54 51 48 55 0 30 33 0 0 32 35 29 34 31 
4 6 7 0 9 2 0 3 5 1 78 74 76 0 79 80 81 75 54 52 0 55 0 0 0 48 49 0 44 46 45 0 39 0 38 0 0 0 0 56 0 0 60 63 59 68 69 71 65 67 0 0 0 66 27 0 23 25 28 24 22 21 0 29 35 0 32 0 33 0 37 34 12 15 0 19 14 17 0 0 13 
67 0 70 0 72 0 71 0 68 64 60 56 58 59 0 62 63 57 36 34 29 37 0 32 35 30 31 23 26 0 27 24 0 0 0 0 43 0 39 38 40 0 0 45 0 0 0 53 47 0 0 52 54 48 9 2 5 7 10 6 0 0 0 11 0 13 14 0 15 0 19 16 75 78 0 0 77 80 0 0 76 
15 17 18 21 0 13 0 14 16 12 8 4 6 0 9 10 11 5 0 63 58 66 62 0 64 0 60 52 55 0 0 53 50 0 49 0 0 73 0 67 0 75 71 74 70 79 80 1 76 0 3 81 2 77 38 31 34 36 39 35 33 32 0 40 0 42 43 47 0 41 48 45 23 26 0 30 25 28 22 0 24 
78 0 81 0 2 0 1 0 0 75 71 0 0 70 72 0 74 68 0 45 0 48 44 43 46 41 42 34 37 39 38 35 0 0 31 33 54 0 0 49 51 57 0 56 52 61 0 64 58 60 66 63 65 59 20 0 0 18 0 17 0 0 19 22 28 24 0 29 0 23 0 27 5 8 0 12 7 0 4 9 6 
42 0 45 48 47 40 46 41 0 0 35 31 33 0 36 37 38 32 11 9 4 0 8 0 10 5 0 0 1 0 2 80 0 81 0 0 18 19 0 13 0 0 17 20 0 25 26 0 22 24 30 27 29 0 65 0 61 63 66 62 60 59 0 0 0 0 70 74 71 68 0 0 50 53 56 0 0 55 49 54 0 
69 0 72 0 0 67 73 0 70 66 62 58 60 0 63 64 65 59 38 0 0 39 35 34 37 0 33 25 28 30 29 26 23 27 22 0 0 46 41 0 42 48 0 47 43 52 0 55 0 0 57 0 56 0 11 4 7 0 12 8 6 5 0 0 19 15 0 20 0 14 21 18 77 0 2 3 0 0 76 81 78 
6 8 0 12 11 0 10 0 7 0 80 0 78 0 81 0 0 0 56 54 0 0 53 52 0 50 0 43 46 48 47 44 41 45 40 42 63 64 0 0 0 66 0 65 61 0 71 0 0 0 0 0 74 68 0 22 25 27 0 26 0 23 28 31 0 33 34 38 35 0 39 36 0 17 20 21 16 19 13 18 15 
33 35 36 0 0 31 37 32 0 0 0 22 24 25 0 28 0 23 2 81 0 0 0 0 1 0 78 70 0 75 74 0 68 0 0 69 0 0 5 4 6 12 0 11 0 16 17 19 13 0 0 18 0 14 56 0 0 54 57 53 51 0 0 58 64 60 61 65 62 0 66 63 41 44 0 48 43 46 0 45 42 
60 62 63 0 65 58 64 59 61 0 53 49 51 0 54 55 0 0 0 27 22 30 26 25 28 0 0 0 19 0 20 0 14 18 13 15 36 37 32 0 0 39 35 38 34 43 44 46 40 42 48 45 47 41 0 0 79 0 0 80 78 0 1 4 0 6 7 0 0 5 12 9 68 0 74 0 0 73 67 72 0 
24 0 27 30 29 0 0 23 0 21 17 13 0 16 0 19 20 14 0 72 67 0 71 70 73 68 0 61 64 66 65 0 0 0 58 60 0 1 77 76 78 0 0 2 79 0 0 0 4 6 12 0 11 0 47 40 43 45 48 44 0 41 46 0 55 51 52 56 53 0 57 54 32 0 38 39 34 37 31 36 33 
51 53 0 0 56 49 55 0 52 0 44 40 0 43 0 46 47 41 20 18 13 0 17 16 19 14 15 0 10 0 11 8 5 9 4 6 0 28 0 22 24 30 26 29 0 0 35 37 31 33 39 36 0 32 0 67 0 72 0 71 0 68 73 76 0 78 0 2 80 0 0 0 59 62 0 0 61 0 0 0 60 
0 7 8 11 10 3 0 4 6 2 79 0 77 78 0 81 1 0 55 53 48 56 52 51 0 0 50 42 45 47 46 43 0 44 39 41 0 0 58 0 0 65 61 64 60 69 0 72 66 68 0 0 73 67 28 21 24 26 0 25 23 22 0 30 36 32 33 37 34 31 38 35 13 16 0 20 15 0 0 0 14 
59 61 62 65 0 57 63 0 60 0 52 48 50 51 53 0 55 49 0 26 0 29 25 0 0 22 0 15 18 20 0 16 0 17 12 14 0 36 31 30 32 0 34 37 0 0 0 45 39 0 0 44 0 0 0 75 78 0 2 0 0 0 81 3 0 0 0 0 7 4 11 8 67 70 73 74 69 72 0 0 68 
41 43 44 0 46 39 45 0 0 0 34 30 32 33 35 36 37 31 10 8 3 11 0 0 9 0 5 0 81 2 0 79 0 0 75 77 17 0 0 0 0 20 16 19 15 24 25 0 0 0 0 0 28 22 0 57 0 62 65 61 0 0 63 66 72 68 69 73 0 0 74 71 49 52 55 56 51 0 48 0 50 
50 52 53 56 55 48 54 49 51 0 0 39 0 42 0 45 46 0 19 17 12 20 0 15 0 0 14 6 9 0 10 7 4 8 3 5 26 27 0 21 23 29 25 28 24 33 0 36 30 32 38 0 37 31 73 66 69 71 0 70 68 67 72 75 0 0 78 1 79 0 2 80 58 61 0 65 60 0 0 62 59 
0 16 17 20 19 12 0 0 0 11 7 3 0 0 8 9 0 4 64 62 57 65 61 0 63 0 59 0 0 56 55 52 49 53 48 50 71 72 67 0 68 0 70 73 69 78 79 81 0 0 2 80 1 76 37 30 33 0 0 34 0 31 0 0 45 0 0 46 43 40 47 44 22 25 0 0 24 27 21 0 23 
77 79 80 0 0 75 81 0 78 74 70 66 68 69 71 72 73 67 46 0 39 47 43 42 45 0 0 0 36 38 37 0 31 35 30 32 0 54 49 48 50 56 52 55 51 0 61 63 57 0 65 62 64 58 0 0 15 0 0 16 14 0 0 21 0 23 0 28 25 22 29 0 0 7 10 11 6 9 3 8 5 
68 0 71 0 0 66 72 0 69 0 61 57 59 60 62 63 64 58 37 35 30 0 34 33 36 31 32 24 0 0 28 25 0 0 21 23 0 45 40 39 0 47 43 46 42 51 52 54 48 50 56 0 55 0 0 0 0 8 11 7 5 4 0 12 18 0 15 0 16 13 20 17 0 0 0 2 78 0 0 0 0 
32 34 35 38 0 30 36 31 33 29 25 21 23 24 26 27 28 0 1 80 0 2 0 0 81 76 77 0 0 74 73 70 67 0 0 68 8 9 0 3 5 11 7 10 6 15 16 18 0 14 0 17 0 0 0 0 51 53 0 0 50 0 0 0 63 0 60 64 61 58 0 62 0 43 46 0 0 0 39 44 41 
0 25 26 0 0 21 0 22 24 20 16 12 0 15 17 0 19 13 73 71 0 74 70 69 0 67 68 0 0 0 64 61 58 0 0 0 0 0 76 75 77 0 79 1 78 6 7 9 3 0 11 8 0 0 46 39 0 44 47 0 41 40 45 48 54 50 51 0 52 0 56 53 0 34 37 38 33 36 30 0 0 
53 55 56 59 58 51 57 52 0 50 46 42 0 45 0 48 49 43 22 20 0 23 0 18 21 0 0 9 12 14 13 0 7 0 0 8 29 0 25 24 26 32 28 0 27 0 37 39 33 35 0 38 40 34 76 69 72 0 77 0 71 70 0 78 3 80 81 4 1 79 5 2 0 64 67 68 63 66 60 0 0 
26 0 0 0 31 24 30 25 27 0 19 0 17 18 20 21 0 16 76 74 69 77 73 72 75 70 71 0 66 68 67 64 61 0 60 62 2 3 79 78 0 5 1 0 81 9 0 12 6 8 0 0 0 7 0 0 45 0 50 46 0 0 0 0 57 53 54 0 55 52 59 56 34 37 40 41 36 39 0 38 35 
80 1 2 0 0 0 3 79 81 77 0 69 0 72 74 75 0 0 0 47 42 0 46 0 0 0 44 36 0 41 40 37 0 0 33 35 56 57 0 51 53 59 55 0 54 0 64 66 60 62 0 0 0 61 22 15 18 0 0 19 17 16 0 0 30 26 0 31 28 25 32 29 7 10 13 14 0 0 6 0 0 
17 19 0 0 22 15 21 16 18 14 10 0 0 9 11 0 13 7 67 65 60 68 64 0 0 0 62 0 0 0 58 55 0 0 51 53 74 75 70 0 0 77 0 0 72 81 1 0 0 80 5 2 4 79 40 0 36 38 41 37 35 34 39 42 48 0 45 0 46 43 50 47 25 28 31 0 27 0 24 29 0 
0 73 0 77 76 0 75 0 0 68 64 0 62 63 0 66 0 61 40 38 0 0 37 36 0 34 35 27 0 32 31 28 0 29 0 0 0 48 43 42 44 50 0 0 45 54 0 0 51 53 59 56 58 0 13 6 9 11 14 10 8 7 12 15 21 17 0 0 19 0 23 0 0 1 0 5 0 3 78 2 80 
62 0 65 68 67 60 66 61 63 59 55 51 53 54 0 57 58 52 31 29 24 32 0 27 30 0 26 18 21 23 0 19 16 0 15 17 0 39 0 33 0 41 37 0 36 45 0 0 42 44 0 47 0 0 4 78 81 2 0 1 0 79 3 6 12 8 9 13 10 7 14 11 70 73 76 77 0 75 69 74 71 
8 10 11 0 13 6 0 7 9 0 1 78 80 0 0 3 4 79 58 56 51 59 0 0 57 52 0 0 0 0 0 46 43 47 42 44 65 66 61 60 62 0 64 0 63 0 0 75 69 71 0 74 76 0 0 24 0 29 32 28 0 0 30 0 39 35 36 0 37 0 41 38 16 0 0 23 18 0 15 20 0 
44 0 47 0 0 42 48 0 0 41 37 0 35 36 38 0 0 0 13 11 0 14 10 9 0 7 8 81 3 0 4 1 0 2 78 0 0 21 0 0 17 0 19 0 18 27 28 30 24 26 32 29 0 0 67 0 63 65 68 64 62 61 66 0 75 71 72 0 0 70 77 0 52 0 0 59 54 57 51 56 0 
35 0 38 0 40 0 0 0 36 0 28 24 26 0 29 30 31 0 0 2 78 5 0 81 3 79 80 0 75 77 76 0 0 0 0 71 11 12 7 6 8 14 10 13 9 18 19 21 15 17 23 20 22 0 58 0 54 56 59 55 53 52 57 60 0 0 63 67 0 61 0 65 0 46 49 50 45 48 42 47 44 
0 9 10 13 0 5 11 6 0 0 81 77 79 80 1 2 3 78 57 0 0 58 54 0 56 0 52 44 0 49 48 0 42 46 41 0 0 65 60 59 0 67 0 0 62 0 0 74 68 70 0 73 75 69 0 23 26 0 31 27 25 24 0 32 0 34 0 39 36 0 0 37 15 18 0 22 17 20 0 19 16 
34 0 37 40 39 0 0 33 35 31 0 0 25 26 0 29 0 24 0 0 77 4 81 80 2 78 79 71 74 76 0 72 0 73 0 70 10 11 6 5 7 13 9 0 8 0 18 20 0 16 22 0 21 15 0 0 53 55 58 54 0 51 56 0 65 61 62 66 0 60 0 0 42 0 48 49 44 47 0 46 43 
61 63 64 67 66 59 65 60 62 58 0 50 52 0 55 0 0 51 30 0 0 0 27 0 0 24 0 0 20 22 21 18 15 0 14 16 37 38 0 32 34 40 36 39 0 44 45 47 41 43 49 46 48 42 0 77 80 1 4 81 79 78 2 0 0 0 8 12 0 6 13 10 0 72 75 76 0 74 0 0 70 
0 54 0 58 57 0 56 51 53 0 0 41 43 0 0 47 48 42 21 19 14 22 18 17 20 15 0 8 11 0 12 0 6 10 0 0 0 0 24 23 25 0 0 30 0 0 36 0 32 0 0 37 0 33 0 68 71 73 76 72 70 69 0 0 0 79 0 3 81 0 0 1 60 63 0 0 62 65 59 0 61 
0 27 28 31 0 23 29 24 26 22 18 14 16 17 19 20 21 15 0 73 68 76 0 0 74 0 70 62 0 67 66 0 60 64 59 61 0 2 78 0 0 4 81 0 80 0 0 11 5 0 13 10 12 6 48 41 44 0 49 45 43 0 47 0 56 0 53 0 0 51 58 55 0 36 0 40 0 0 32 37 0 
43 45 0 49 48 41 47 42 44 40 0 32 0 35 0 38 39 0 12 10 0 13 9 0 11 6 7 0 2 0 3 81 78 1 77 0 0 20 15 14 16 22 18 21 0 26 27 29 23 25 31 0 30 24 66 59 62 64 67 63 61 60 0 68 0 0 71 0 0 69 76 73 51 54 57 0 53 56 0 55 0 
16 18 0 22 0 0 20 15 17 13 9 5 7 8 10 11 12 6 66 64 0 67 0 62 65 0 0 53 56 58 57 54 0 0 0 52 73 74 69 68 0 0 72 75 71 80 81 2 77 79 4 1 0 78 0 32 0 37 40 36 0 33 0 41 47 43 0 48 45 42 49 46 24 27 0 31 26 0 23 28 0 
79 81 1 0 0 77 0 78 80 76 72 68 0 0 73 0 0 69 0 46 0 49 45 44 47 42 43 35 38 40 39 0 0 37 32 34 55 56 0 50 52 0 54 57 53 62 63 65 59 61 67 64 66 0 0 0 17 19 22 0 16 15 20 23 29 25 26 0 0 0 0 28 6 9 12 0 8 11 0 0 0 
0 72 0 0 0 68 0 69 71 67 63 0 0 62 64 0 66 60 0 37 32 0 36 0 38 33 34 26 29 0 30 27 24 28 23 25 46 47 42 41 0 49 45 48 0 0 54 56 50 0 0 0 57 51 12 5 0 10 13 0 7 6 11 14 20 16 17 0 18 15 22 0 78 81 3 4 0 2 77 0 79 
0 59 60 63 62 0 0 56 58 54 50 46 48 49 0 52 0 47 26 24 0 0 23 22 25 20 21 0 16 18 0 0 11 15 10 0 33 34 29 28 0 36 32 35 31 40 0 0 0 39 0 42 44 38 0 73 76 78 0 0 0 74 0 0 7 3 4 8 0 0 0 6 0 0 71 72 67 0 64 0 66 
12 0 15 18 17 10 16 0 13 9 5 0 0 0 0 0 8 0 62 60 55 0 0 58 61 56 57 49 0 54 53 0 0 51 46 0 0 70 65 64 0 72 0 71 67 76 77 0 73 75 81 78 80 74 35 28 0 33 36 32 30 29 0 37 43 0 0 44 41 38 45 0 20 23 26 27 22 25 0 0 21 
48 50 51 0 53 46 52 0 49 45 0 37 39 0 0 0 0 0 0 15 10 18 14 13 16 11 12 0 7 0 8 0 2 0 0 3 24 25 20 19 21 0 23 26 22 0 32 34 28 30 36 33 0 29 0 64 0 0 72 0 66 65 70 73 79 75 76 80 0 74 0 0 56 0 0 63 0 61 55 0 0 
3 5 0 0 8 1 7 2 4 81 77 73 75 76 0 0 80 74 53 0 46 54 0 49 0 0 48 40 0 45 44 41 0 42 37 39 60 0 56 55 57 63 59 62 58 67 68 70 0 66 0 69 71 0 26 0 22 0 27 0 21 20 25 0 0 30 31 35 32 0 36 33 11 14 17 0 0 16 10 0 12 
39 0 42 45 0 37 43 38 0 36 0 28 30 31 0 34 35 29 0 6 1 9 0 4 0 2 3 0 79 0 80 77 74 78 0 0 15 16 11 10 0 18 0 0 0 0 23 0 19 21 0 0 26 20 62 55 58 60 63 59 57 56 61 64 70 66 67 71 68 65 0 69 0 50 0 54 0 52 46 51 48 
30 0 33 36 0 28 0 29 31 27 23 19 21 22 0 25 26 20 80 0 0 81 77 0 79 74 0 67 70 72 71 68 0 69 0 66 0 0 2 1 3 9 5 8 4 13 14 16 0 0 18 0 0 11 53 0 49 51 54 0 0 47 0 0 61 0 58 62 59 0 0 0 38 0 44 0 40 43 0 42 39 
0 68 69 72 71 0 70 0 67 63 0 55 57 58 60 61 0 56 35 0 28 36 32 31 34 29 0 0 25 0 26 23 20 0 0 0 42 0 38 0 0 45 41 0 40 49 50 52 46 0 0 51 0 0 8 0 0 6 0 5 3 0 7 10 16 12 13 0 14 11 18 15 0 77 80 81 0 0 73 0 0 
21 23 24 27 26 19 0 20 22 18 14 10 12 13 15 16 17 11 71 69 0 72 68 67 70 0 66 0 0 0 0 59 56 60 55 57 78 0 74 0 0 81 77 0 76 4 5 7 1 3 9 0 8 0 0 0 0 0 45 0 39 0 43 0 52 0 49 53 50 47 0 51 29 32 0 36 31 34 28 33 30 
0 0 78 0 80 73 79 74 76 0 68 64 66 67 0 70 0 0 0 42 0 45 0 0 43 38 39 31 0 36 0 32 29 33 28 0 51 52 47 46 48 0 50 53 0 58 59 61 55 57 63 0 0 56 17 10 0 0 18 0 12 11 16 19 25 21 0 0 0 20 27 24 2 5 8 0 4 0 1 6 3 
