9
7 0 0 4 0 9 3 8 0 43 42 46 45 47 0 44 40 39 65 62 0 0 64 59 63 57 61 0 0 0 80 0 0 77 0 76 0 36 38 35 33 0 32 0 34 49 56 51 54 52 0 0 50 48 67 66 0 0 74 72 71 68 73 12 16 20 13 14 0 17 15 19 0 0 29 0 26 24 0 28 27 
70 74 0 0 69 72 66 71 0 0 24 28 27 29 23 0 0 0 47 0 40 0 46 41 45 39 43 61 60 0 62 0 65 59 63 58 13 0 20 17 15 0 14 12 16 0 38 33 0 0 37 0 32 0 49 48 51 52 56 54 53 0 0 75 79 2 76 77 81 80 78 0 0 0 11 5 0 0 3 10 9 
0 2 1 76 78 81 75 80 77 34 33 37 36 0 32 35 31 30 56 53 49 51 55 0 54 48 0 70 69 73 71 66 0 0 72 0 0 0 29 26 0 28 23 21 25 40 47 0 45 0 46 44 41 39 0 0 60 61 0 63 62 59 64 0 0 11 4 5 9 8 6 0 16 13 20 0 17 0 12 19 18 
25 29 28 22 24 27 21 26 23 0 60 64 0 65 59 62 58 0 2 80 0 0 1 0 81 75 79 0 15 0 17 0 0 14 18 13 0 0 0 53 0 55 50 48 52 0 74 69 72 70 73 0 0 66 4 3 6 7 0 9 8 0 10 0 0 0 31 32 0 35 33 37 43 40 47 41 44 42 39 46 0 
16 20 19 13 15 18 12 17 14 52 51 55 0 0 0 53 49 48 74 71 67 69 73 68 72 0 0 7 0 10 8 3 11 5 0 4 40 45 0 44 42 46 0 0 43 0 65 60 0 61 64 62 59 57 76 75 78 79 2 81 80 0 1 21 25 29 22 23 0 0 24 28 0 31 0 0 35 0 30 0 0 
52 0 0 49 51 54 0 53 50 7 6 10 9 11 0 0 4 0 29 26 0 0 28 23 0 21 25 43 0 0 44 39 47 41 45 40 76 81 0 80 0 0 77 75 79 0 20 0 18 0 19 0 0 12 31 30 33 34 0 36 35 32 37 0 0 65 58 59 0 0 0 64 0 67 74 68 71 0 66 73 72 
34 0 37 0 33 0 30 35 0 70 69 73 0 0 0 71 67 0 11 8 4 6 10 0 9 3 0 0 24 28 26 21 29 0 27 22 0 0 0 62 60 64 59 57 61 0 2 78 0 79 1 80 77 75 13 12 0 16 20 18 17 14 0 39 0 47 40 0 45 0 0 46 52 49 56 50 53 0 0 55 54 
0 65 64 58 60 0 57 62 59 0 15 19 18 20 14 17 13 0 0 35 0 0 0 32 36 0 0 52 51 0 53 48 56 50 0 49 4 9 11 0 0 10 5 3 0 22 29 24 27 25 0 26 23 21 40 0 42 43 47 45 44 0 46 66 70 74 67 68 0 0 69 0 79 76 2 0 80 0 75 1 0 
43 47 0 0 0 45 0 44 41 0 78 0 81 2 0 80 76 75 20 0 13 15 19 14 0 12 16 34 33 0 0 30 0 0 36 31 67 72 74 71 69 0 0 0 0 0 11 0 9 7 10 8 5 3 22 21 0 0 29 27 26 23 0 0 52 56 49 50 54 53 51 55 0 58 65 59 0 0 57 64 63 
65 69 68 62 64 67 61 0 63 20 0 23 0 24 18 21 17 16 0 0 35 37 41 0 40 34 38 0 55 0 0 0 60 0 58 53 8 0 15 12 10 0 9 7 0 26 33 28 31 29 32 30 27 0 44 43 46 47 0 49 48 45 50 0 0 78 71 72 76 75 73 0 2 80 0 81 3 1 79 5 0 
56 60 0 53 0 58 52 57 54 0 10 14 0 15 9 0 8 7 33 30 26 0 32 0 31 0 0 47 0 0 0 43 0 45 49 0 80 4 6 3 1 0 81 79 2 0 24 0 22 0 23 0 18 16 35 34 37 0 0 40 39 36 41 61 65 0 62 0 67 0 64 0 74 71 78 72 75 73 70 77 76 
47 51 50 44 46 49 0 0 0 2 0 5 4 0 0 3 80 79 24 21 0 19 23 0 22 16 0 38 0 41 39 34 42 0 40 35 71 76 78 75 73 77 72 70 74 0 0 10 13 11 14 12 9 0 0 0 28 0 33 31 0 27 0 52 56 60 53 54 58 57 55 59 65 62 69 63 66 64 61 68 67 
0 15 14 8 10 13 7 12 0 47 46 50 0 0 0 48 0 43 69 66 62 64 68 63 0 0 0 0 1 5 3 79 6 81 0 80 35 40 42 39 0 0 36 34 0 53 60 55 0 0 0 57 0 52 71 0 0 0 0 76 0 0 77 16 0 0 17 18 22 0 0 23 29 26 33 27 30 0 25 0 0 
74 78 77 71 73 76 70 0 0 0 28 0 0 33 27 0 26 25 51 48 44 46 50 45 0 0 47 65 0 68 66 61 69 63 67 62 17 22 24 0 19 23 18 16 20 35 0 0 40 0 0 39 36 0 53 52 55 56 60 58 57 0 59 0 2 6 80 81 4 3 1 0 11 8 0 0 12 10 7 14 13 
38 42 0 35 37 40 0 0 36 74 73 77 76 78 72 75 71 70 15 12 8 0 14 9 13 7 11 29 28 32 0 25 33 27 31 0 0 67 0 0 64 68 0 61 65 80 0 1 4 2 5 0 0 79 17 16 0 0 24 22 21 18 23 0 47 51 44 45 49 48 46 50 56 53 60 54 57 55 0 0 58 
20 24 0 17 19 22 16 21 18 0 55 59 58 60 54 57 53 0 78 75 71 73 77 72 0 70 0 11 10 14 12 7 15 9 13 8 44 49 51 0 46 50 45 0 47 62 69 64 67 65 68 66 0 0 80 0 1 2 0 4 3 0 0 0 0 33 0 27 31 30 0 32 0 35 42 0 39 0 34 41 40 
2 6 5 80 0 4 79 3 81 38 37 41 0 42 0 0 35 34 0 57 53 55 59 54 58 0 56 74 73 0 0 70 78 72 76 0 0 31 33 30 28 32 27 25 29 0 51 0 0 47 50 0 0 43 62 0 0 65 69 67 0 63 68 7 11 15 8 9 13 0 10 0 20 17 24 0 21 19 16 0 22 
29 0 0 26 0 31 25 30 27 0 64 68 67 69 63 0 62 0 0 3 0 1 0 0 0 79 2 0 0 23 0 16 0 0 22 0 0 0 60 0 55 59 54 52 56 71 78 73 76 0 0 0 72 70 8 0 10 0 0 0 0 9 14 0 38 42 35 36 40 0 37 41 47 44 51 0 48 46 43 50 49 
75 79 78 0 74 0 71 76 73 0 29 0 32 0 28 31 27 26 52 49 45 0 0 46 0 44 48 0 0 0 67 0 70 0 68 0 18 0 25 0 0 24 0 17 21 36 43 38 0 39 42 40 37 35 54 53 56 0 61 59 58 55 0 0 3 7 81 0 0 4 2 6 12 9 0 10 0 0 8 0 14 
57 0 60 54 56 59 53 0 55 12 0 15 14 16 0 13 0 8 0 0 27 29 33 28 32 26 30 48 0 51 49 44 0 0 50 0 81 0 7 0 2 0 1 80 0 18 25 0 23 0 24 22 19 17 36 0 38 0 0 0 0 37 42 62 66 0 63 64 68 67 65 0 75 0 0 73 76 74 71 78 77 
0 52 0 45 47 0 0 49 0 0 2 6 0 0 0 0 0 80 0 22 0 0 24 19 0 17 21 39 0 0 0 35 43 37 41 36 72 77 79 0 74 0 73 71 75 9 16 0 14 0 0 0 0 8 27 26 29 30 0 0 31 28 33 53 0 61 54 55 0 0 56 60 66 63 70 64 0 65 0 69 68 
0 0 0 81 2 5 80 4 0 39 38 42 0 43 37 40 0 35 61 0 54 0 60 55 59 0 0 75 0 0 76 0 79 73 77 72 27 32 34 0 29 33 0 26 30 45 52 47 50 48 51 49 0 44 63 62 65 66 70 68 67 64 0 8 0 0 9 10 14 13 11 15 21 0 25 19 0 0 17 24 23 
66 70 69 0 0 68 62 67 64 21 0 0 23 0 0 22 0 0 0 40 36 38 42 0 41 35 39 57 56 60 58 53 61 0 59 0 0 14 0 0 11 15 10 8 12 27 34 29 32 0 33 0 28 26 45 0 47 0 0 50 0 46 51 0 0 79 72 0 77 76 74 78 3 81 7 0 4 2 80 6 5 
12 0 15 9 11 14 8 13 10 48 47 0 0 52 46 49 45 0 70 67 0 0 69 64 68 62 66 0 2 0 0 80 0 1 5 81 36 41 0 0 0 42 0 35 39 0 61 56 59 0 60 58 0 53 72 71 74 75 0 77 76 73 78 17 0 25 18 0 0 22 20 24 0 27 34 28 0 0 26 0 32 
0 0 0 0 38 0 35 40 37 75 0 0 77 79 0 76 0 71 0 13 9 11 0 0 14 8 12 30 29 33 0 26 0 28 32 27 0 68 0 0 65 69 64 62 0 0 7 0 5 3 6 0 1 80 18 0 0 21 25 23 22 19 24 44 0 52 45 0 50 0 0 51 57 54 61 55 58 0 0 60 59 
21 0 24 18 20 23 0 0 0 57 56 0 59 61 0 0 54 0 79 0 72 74 78 73 0 71 75 12 11 15 13 8 0 10 0 9 0 0 52 49 47 51 46 44 48 63 0 65 0 0 69 67 0 62 81 80 2 0 0 5 4 1 6 0 30 34 27 0 32 31 29 0 39 36 43 37 40 38 35 42 41 
0 0 33 0 29 0 0 31 28 0 0 69 68 0 64 67 0 0 7 4 81 2 6 0 5 0 3 21 0 24 22 17 25 19 23 18 0 59 61 0 56 60 55 0 57 72 0 74 77 75 78 76 73 71 9 8 0 0 0 14 13 10 15 35 39 43 36 37 41 40 38 42 48 0 0 46 49 47 44 0 50 
0 68 67 61 0 66 60 0 62 19 18 22 21 23 17 20 16 15 41 38 34 0 0 0 39 0 37 55 54 0 0 51 59 53 57 52 7 0 14 11 0 13 8 0 10 25 32 27 0 28 31 29 26 24 43 0 45 46 50 48 47 44 49 69 73 77 70 0 75 0 72 76 1 0 0 80 2 81 78 4 0 
0 5 4 79 81 0 78 2 80 37 36 40 39 0 35 0 0 0 59 0 0 54 58 0 0 51 55 73 72 76 0 69 77 71 75 0 25 0 32 29 0 31 26 24 28 43 50 0 48 0 49 0 44 42 61 60 0 64 68 0 0 0 67 6 10 14 7 8 12 11 9 13 0 16 23 17 20 18 15 22 21 
10 14 13 7 9 12 6 11 8 0 45 49 0 50 0 47 43 0 0 65 61 63 0 0 0 60 64 0 81 4 2 78 5 80 0 0 34 0 41 38 36 0 35 33 37 52 59 54 0 55 58 56 53 0 70 69 0 73 0 0 74 71 76 15 19 23 0 0 21 0 18 22 28 25 32 26 0 0 0 31 0 
28 0 31 25 27 0 0 0 26 64 63 67 66 68 62 65 61 0 0 0 79 81 4 80 0 78 0 19 18 22 20 15 23 17 21 16 52 0 59 56 54 58 0 51 55 70 77 72 75 0 76 74 0 69 7 0 0 0 0 0 11 8 0 33 37 41 0 35 39 0 0 40 46 43 50 44 47 45 0 0 48 
55 0 58 52 54 57 51 56 53 0 9 13 0 14 8 11 7 0 32 0 0 27 31 26 30 24 28 0 45 49 47 0 50 44 48 43 79 3 0 0 81 4 0 0 0 16 23 0 21 19 0 0 17 15 0 33 36 0 0 39 0 35 40 60 64 68 0 0 66 65 63 67 73 70 0 71 0 72 69 0 75 
46 0 49 43 45 48 0 47 44 0 81 4 0 0 0 2 79 78 23 20 16 0 0 17 21 15 0 0 36 40 38 0 41 0 0 34 70 75 77 0 72 76 71 0 0 7 14 9 12 10 13 11 8 6 25 0 27 28 32 0 29 26 31 0 55 59 0 53 57 56 54 58 0 0 0 62 65 63 0 0 66 
19 0 0 16 18 0 15 20 17 55 54 58 57 59 0 56 52 51 77 74 70 0 76 71 75 0 73 10 9 13 11 6 14 8 12 7 0 0 50 47 45 49 44 0 46 61 0 63 66 64 67 65 62 60 0 78 81 0 5 3 0 80 0 24 0 32 25 26 30 29 27 31 37 0 41 0 0 36 33 0 0 
37 41 40 34 36 39 0 0 35 73 72 76 75 77 71 74 70 69 0 0 7 9 13 0 12 0 10 28 0 0 0 0 32 0 30 0 61 0 0 65 0 0 0 60 64 79 5 0 3 1 4 0 0 78 16 0 0 19 0 0 20 17 22 42 0 50 43 0 0 0 45 49 55 0 0 53 56 54 0 58 57 
0 77 0 70 72 75 69 74 71 28 27 31 30 32 26 29 0 0 50 0 43 0 49 0 48 42 46 64 63 67 65 0 68 0 66 0 16 21 23 20 18 0 0 0 19 34 41 36 39 0 40 0 35 0 0 51 54 55 59 57 56 53 0 78 0 5 79 80 3 2 81 4 0 7 0 0 11 0 6 0 12 
49 0 52 0 48 51 45 0 0 4 0 7 0 8 2 0 0 0 0 23 0 0 25 20 0 0 22 40 39 0 41 0 44 0 42 37 73 78 80 77 75 79 74 72 76 0 17 12 15 13 16 14 0 9 28 27 30 0 35 0 32 29 34 54 0 62 0 56 60 59 57 0 67 64 71 0 0 66 63 0 0 
13 17 16 10 12 15 9 14 11 0 0 52 51 53 47 0 0 0 0 68 64 66 0 65 69 63 67 0 0 0 5 81 0 2 6 1 0 42 44 0 0 43 0 0 40 55 62 57 60 58 0 59 0 54 0 0 0 0 80 78 77 74 79 0 0 0 19 20 24 23 21 25 31 28 35 0 32 30 27 0 33 
76 80 79 73 75 78 0 77 74 0 30 0 33 35 0 32 0 27 0 0 46 0 0 0 51 0 49 0 66 70 0 63 0 0 69 64 19 24 0 0 21 0 20 18 0 37 0 0 0 0 43 41 38 36 55 54 57 58 62 60 59 56 61 81 4 8 1 0 0 5 3 0 0 10 17 11 14 12 9 16 15 
58 62 61 0 57 0 54 59 56 13 12 16 15 17 0 0 10 0 0 0 28 30 0 0 33 27 0 49 0 0 0 0 53 0 0 46 1 6 8 5 0 7 0 81 0 19 0 21 24 22 25 23 0 18 0 36 39 40 0 42 41 38 43 0 67 71 64 65 69 0 66 70 76 73 80 74 0 0 0 79 0 
0 0 0 28 30 33 27 32 29 0 0 0 69 71 65 68 64 63 8 5 1 3 0 0 6 0 4 22 21 0 23 18 26 20 24 19 0 60 0 0 0 0 56 54 0 73 80 0 78 76 79 77 0 72 10 9 12 13 17 15 14 11 16 36 40 44 37 38 42 0 39 43 0 46 0 0 50 48 0 52 51 
40 0 0 0 0 42 0 41 38 76 75 79 78 80 0 77 73 0 17 14 10 12 0 11 0 9 13 31 30 34 0 27 0 29 0 28 64 69 71 0 0 70 65 63 67 1 0 3 6 0 7 5 2 81 19 18 21 0 26 0 23 20 25 45 0 0 46 47 0 50 48 52 58 55 0 0 59 57 54 61 60 
4 8 7 1 3 0 0 5 2 40 39 0 42 44 38 41 37 36 62 0 55 0 61 0 0 0 0 76 0 79 77 0 80 0 78 73 28 0 35 32 30 34 29 27 31 46 53 48 51 49 52 0 47 45 0 63 66 0 71 69 68 65 70 9 13 17 10 11 15 0 12 16 22 0 26 20 0 21 18 25 24 
67 71 70 0 66 69 63 68 65 22 21 25 24 26 20 23 19 0 44 0 37 39 43 38 42 0 40 0 0 61 0 54 62 56 60 55 10 15 17 14 0 16 11 9 0 28 35 0 33 0 34 32 0 27 46 45 48 49 53 0 0 47 0 72 76 80 73 0 78 77 0 0 4 1 8 0 5 3 81 7 0 
0 0 25 0 21 24 0 23 20 58 0 0 60 0 56 59 55 0 80 0 73 75 0 0 0 0 0 13 0 16 14 9 17 11 15 10 46 51 53 0 48 0 47 0 49 64 71 0 69 67 70 68 65 63 1 81 0 0 8 6 5 2 7 27 31 35 28 0 33 32 30 34 40 37 0 38 0 0 0 43 0 
26 30 0 0 25 0 22 0 24 0 0 0 64 66 0 63 59 0 3 81 77 0 2 78 1 76 80 0 16 20 0 13 21 15 0 14 50 55 57 0 52 0 0 49 53 0 75 70 0 71 74 0 69 0 0 0 0 8 12 10 9 6 11 31 0 0 0 0 37 0 34 38 44 41 0 0 45 43 0 0 46 
35 39 0 32 0 0 31 36 0 71 70 74 73 75 69 72 68 0 12 9 5 7 11 6 0 0 8 26 25 29 0 0 30 0 0 0 59 64 66 63 0 65 60 58 0 0 3 79 1 80 2 81 0 76 14 13 16 17 21 0 18 15 20 0 44 48 41 0 46 45 43 0 53 50 57 0 54 0 49 0 0 
53 57 56 50 0 55 0 54 51 0 7 11 10 12 6 0 0 0 0 0 23 25 0 0 28 22 26 0 0 47 45 40 48 42 0 41 77 1 0 81 0 2 78 76 0 14 21 16 0 17 0 18 15 13 32 0 0 0 39 0 36 33 38 58 62 66 0 60 64 0 61 65 71 0 0 0 72 70 67 74 73 
17 21 0 14 16 0 13 18 15 53 52 56 55 57 51 54 0 49 75 72 68 0 74 0 73 67 71 8 7 11 0 4 12 0 0 0 0 46 0 45 43 47 0 0 44 59 66 0 0 62 65 0 0 0 77 76 0 80 0 1 0 78 2 22 26 30 23 24 28 27 25 29 35 32 39 33 36 0 0 38 37 
0 48 0 41 43 46 40 45 0 80 0 0 1 3 0 0 0 76 21 18 14 16 20 15 19 0 0 0 34 38 36 31 0 33 37 0 0 0 75 72 70 74 0 67 71 5 12 0 10 0 11 9 0 4 23 22 25 0 0 28 27 24 0 0 53 57 0 0 0 0 52 56 62 59 0 60 63 61 58 65 0 
62 0 0 59 61 64 58 0 60 0 16 0 19 21 15 18 0 13 39 0 32 0 38 33 37 31 35 53 52 56 0 49 57 0 55 50 5 10 0 9 7 11 0 4 0 0 0 0 28 26 0 0 24 0 41 40 43 0 48 46 0 42 47 67 0 75 68 69 0 72 0 74 0 0 3 78 0 79 0 0 1 
0 0 2 77 79 0 76 81 78 35 34 0 0 0 33 36 0 0 0 54 0 52 56 0 55 0 53 0 0 74 0 67 75 0 0 0 23 28 0 0 25 29 24 0 26 0 0 43 46 44 47 45 42 0 0 58 61 0 66 64 63 60 65 4 8 0 5 0 10 9 0 11 17 14 21 15 18 0 13 20 19 
8 12 11 5 7 10 4 9 0 44 43 0 46 0 42 0 41 40 0 63 59 0 0 60 64 58 62 80 0 2 0 76 0 78 1 0 32 37 39 36 34 38 33 31 35 50 57 0 55 53 0 0 51 49 68 67 70 0 0 0 72 69 0 0 0 21 14 15 19 0 16 20 26 23 0 24 27 25 22 0 0 
0 75 74 68 0 73 0 0 69 26 0 29 28 30 24 27 0 22 48 45 0 43 47 0 46 40 44 0 61 65 63 0 0 60 64 59 14 0 21 18 16 20 15 13 17 32 0 34 37 35 0 0 33 31 50 49 0 0 57 55 0 51 56 0 0 3 0 78 1 81 79 2 8 5 12 0 9 7 4 11 10 
6 10 9 3 5 8 2 7 0 42 41 45 0 46 40 43 39 38 64 61 57 59 0 0 62 56 60 0 77 81 79 74 1 76 80 75 0 35 37 0 32 36 31 29 33 48 55 0 53 51 54 52 49 0 66 65 68 69 0 71 0 67 0 11 15 0 12 13 17 0 0 18 24 21 28 0 0 0 20 27 0 
24 0 0 21 23 26 20 25 22 60 0 63 0 64 58 61 57 0 1 79 0 77 81 76 0 74 78 15 14 0 16 0 19 0 17 12 48 53 55 52 50 54 0 47 51 66 0 0 71 0 0 70 0 65 3 2 5 6 10 0 7 4 9 29 33 0 0 31 35 34 0 36 0 39 46 40 43 0 38 45 0 
60 0 63 57 59 62 0 61 58 15 14 18 0 0 0 0 12 11 37 34 30 32 0 31 35 0 33 51 0 54 52 47 55 0 53 0 0 0 10 7 5 0 4 2 6 0 28 0 26 24 27 25 0 0 0 38 41 42 0 44 43 40 45 65 69 0 0 0 71 70 68 0 78 0 0 0 79 77 0 0 80 
51 0 54 0 0 53 0 52 49 0 0 9 0 10 4 0 3 2 28 25 21 0 27 22 26 20 24 42 0 45 43 38 46 40 0 39 75 0 1 79 0 81 76 74 78 12 19 0 17 15 18 16 13 11 0 29 32 33 0 35 0 31 36 0 60 64 57 0 0 61 59 63 69 66 73 67 70 68 0 72 0 
0 0 0 0 0 44 0 43 40 78 0 81 80 1 0 0 0 74 0 16 12 0 18 13 17 11 0 0 32 0 0 29 37 31 35 30 66 0 73 70 68 72 0 65 69 3 0 5 8 0 9 7 4 2 21 20 23 24 28 0 0 22 27 0 51 55 0 49 0 0 50 54 0 57 64 58 0 59 56 63 62 
15 19 18 12 0 17 11 16 13 51 50 0 0 55 49 0 48 47 0 0 66 0 72 67 71 65 0 6 5 9 7 2 0 4 8 3 0 0 46 43 41 45 40 0 0 57 64 59 62 0 63 61 58 56 75 74 77 78 1 80 79 76 81 20 24 28 21 22 26 25 0 0 33 0 37 31 34 0 29 36 35 
78 1 81 75 77 0 74 0 76 33 32 36 35 0 31 34 30 29 55 52 48 50 54 0 53 47 0 0 0 72 70 65 73 67 71 66 21 26 0 25 23 27 22 20 24 0 46 41 0 42 45 0 40 38 57 56 0 60 0 62 61 58 0 2 6 0 3 4 0 0 5 9 0 12 19 0 16 14 11 18 17 
0 0 0 66 0 71 65 0 0 0 0 0 26 28 22 25 21 20 46 0 39 41 0 0 44 0 42 60 59 0 0 56 64 58 62 57 12 17 19 0 14 18 13 11 15 30 0 0 35 33 36 0 31 29 48 47 50 51 55 53 0 0 54 74 78 1 75 0 80 0 77 0 6 3 10 4 7 0 0 9 8 
33 37 36 30 32 0 0 34 31 69 68 72 71 73 67 0 66 65 0 0 3 5 9 4 8 2 6 24 23 27 25 20 28 0 26 21 0 0 64 0 59 63 58 0 60 75 0 77 80 0 0 79 76 74 12 11 14 0 19 17 16 0 18 38 42 46 0 40 44 0 41 45 0 48 0 49 0 50 47 0 0 
32 0 35 29 0 34 28 33 0 68 0 71 70 72 66 0 65 64 9 6 2 4 8 0 7 1 5 23 22 26 24 19 27 21 25 0 56 61 63 60 58 62 57 55 0 74 81 76 79 77 80 78 0 0 11 10 13 14 0 16 15 12 17 37 41 45 38 39 43 0 40 44 50 47 54 48 51 49 0 53 52 
0 81 80 74 76 0 0 78 75 32 31 35 34 36 30 33 29 28 54 51 47 49 53 48 0 46 50 68 67 71 69 64 72 66 70 65 20 25 0 24 0 26 21 19 23 0 45 0 43 41 44 42 0 0 56 0 58 59 63 61 60 0 62 1 0 9 2 0 7 6 4 8 0 11 18 0 0 13 0 17 16 
50 54 53 0 49 52 46 0 48 5 4 0 7 9 3 6 2 1 27 24 0 22 26 0 25 19 23 41 40 44 0 37 45 39 43 0 74 0 81 0 76 80 75 0 77 11 18 0 16 14 0 15 0 10 29 28 0 32 36 34 33 30 35 55 59 63 56 0 0 0 58 62 68 0 0 66 69 67 64 71 70 
0 63 62 56 58 61 0 60 0 0 0 17 0 18 12 0 11 0 36 33 29 31 35 30 0 0 32 0 49 53 0 46 0 48 0 47 0 0 0 6 4 8 3 1 5 20 27 22 25 23 26 0 0 0 38 37 40 41 45 43 0 39 44 64 68 0 65 0 70 69 0 71 0 0 81 75 78 76 73 80 79 
41 45 44 0 40 0 0 0 0 77 76 80 0 0 75 0 74 73 18 15 11 13 0 12 16 10 14 32 0 35 33 28 36 30 34 29 0 0 72 0 0 71 66 64 68 2 9 0 7 0 0 0 3 1 0 19 22 23 27 25 24 21 26 46 50 0 47 48 52 51 49 53 59 0 0 57 60 58 55 62 61 
5 9 8 2 0 0 0 0 0 41 40 44 0 45 39 42 38 0 63 60 56 58 0 57 61 55 0 77 76 80 78 73 0 75 79 74 29 34 0 33 31 35 30 28 32 0 0 0 52 0 0 51 48 46 65 64 0 68 72 70 0 0 0 10 14 18 11 0 16 15 13 0 23 0 27 21 24 22 19 26 25 
14 0 17 11 13 16 0 0 12 50 0 0 0 0 48 51 47 46 0 69 0 67 0 66 70 64 0 5 0 8 6 0 9 0 7 0 38 43 45 42 40 44 39 37 41 56 63 58 0 0 0 60 57 55 74 73 0 77 81 79 78 75 80 19 23 27 20 21 25 24 22 0 32 0 0 30 0 0 28 35 34 
0 0 0 20 22 25 0 24 21 59 58 62 0 63 57 0 0 55 81 78 74 0 80 75 0 0 0 0 13 17 0 10 18 12 16 11 0 0 0 0 0 53 0 46 0 65 72 67 70 68 0 0 0 64 0 1 0 5 0 7 6 3 0 28 32 0 29 30 34 33 31 35 0 38 45 39 42 0 37 0 43 
68 72 71 65 0 70 64 0 0 23 0 26 0 0 21 0 20 19 0 42 38 40 44 0 0 37 41 0 58 62 60 55 0 57 0 56 0 16 18 15 13 17 0 10 14 29 36 0 34 32 0 33 0 0 47 46 0 50 54 52 51 48 0 0 77 0 0 75 0 78 76 80 5 2 0 3 6 0 0 8 7 
72 0 75 69 71 0 0 73 70 0 26 0 29 0 0 0 24 0 49 46 42 44 48 43 47 0 45 63 62 66 64 59 67 61 0 60 0 20 22 0 17 21 16 14 18 33 40 35 38 36 0 37 0 32 51 0 53 54 58 0 55 0 57 77 0 4 78 79 2 1 0 3 9 6 13 7 10 0 5 12 11 
54 58 0 51 53 56 50 55 52 9 8 12 11 13 7 10 0 5 31 0 24 26 30 25 0 23 27 0 44 0 46 0 49 43 47 42 78 0 0 1 0 0 0 77 81 15 0 0 20 18 21 19 16 14 33 32 35 0 40 38 37 34 39 59 63 0 0 61 0 64 62 0 0 69 0 70 0 71 68 0 0 
63 67 0 60 62 65 59 64 61 0 17 21 0 0 0 0 0 14 40 0 33 35 0 34 38 32 0 54 0 57 55 50 0 0 0 51 6 11 0 0 8 12 7 0 9 24 0 0 0 0 0 0 0 0 42 0 44 45 49 47 46 43 0 68 72 76 69 0 74 73 71 75 0 78 4 79 0 0 77 0 2 
27 31 0 24 26 29 23 0 0 63 62 0 65 67 61 64 60 59 4 1 0 80 0 79 0 77 81 18 17 21 19 0 22 16 20 15 0 56 58 55 53 0 52 0 54 69 76 0 74 72 75 73 0 68 6 5 0 0 0 11 10 7 12 32 36 0 33 34 38 0 0 0 45 0 0 0 46 44 41 0 47 
18 22 0 15 0 0 14 19 0 54 53 0 56 58 52 55 51 50 0 73 0 71 75 70 74 68 0 9 8 0 10 0 13 7 0 0 0 47 49 0 44 48 43 0 45 0 0 62 0 63 66 0 0 59 78 77 80 81 4 2 1 79 3 0 27 0 0 25 0 28 26 0 0 0 0 34 37 35 0 39 38 
45 49 48 42 44 0 41 46 43 0 80 0 0 4 79 0 78 0 0 19 15 17 21 0 0 14 0 36 35 0 37 32 40 34 38 33 0 74 76 0 0 75 70 68 72 0 13 8 0 9 12 0 7 0 0 23 26 0 31 29 28 25 0 50 54 58 51 52 0 55 0 57 63 60 67 0 0 0 59 66 65 
9 13 12 6 8 11 0 10 0 0 44 48 47 49 0 46 42 0 67 64 60 0 66 61 65 59 63 81 0 3 1 77 4 79 2 78 0 38 40 37 35 39 34 0 36 51 58 53 56 54 57 0 52 50 69 68 71 72 76 0 0 0 75 14 18 22 15 16 0 19 17 21 27 24 31 25 28 26 23 0 29 
81 4 3 0 80 0 77 1 0 36 0 39 38 40 34 37 0 32 0 55 0 53 0 52 0 50 0 72 71 75 73 68 76 70 0 69 24 29 31 0 0 30 25 23 27 42 49 0 47 0 48 0 43 41 60 59 62 0 0 65 64 61 0 5 9 13 6 7 0 10 8 12 18 15 0 16 19 17 14 21 20 
36 0 39 33 35 38 32 37 34 72 71 75 74 76 70 73 0 0 0 0 6 0 12 0 0 5 0 27 26 30 28 0 0 25 0 24 60 0 67 0 62 66 61 59 63 78 4 80 0 81 3 1 0 77 15 0 0 0 22 20 0 16 21 0 0 0 42 0 0 46 0 48 54 51 58 0 55 53 50 0 56 
