9
18 16 19 17 20 15 14 0 12 41 40 47 0 46 0 44 39 0 0 51 53 52 0 0 0 56 54 9 0 7 3 10 4 6 11 8 70 69 74 73 66 0 0 0 67 2 77 80 81 75 0 0 79 0 0 59 57 65 60 62 61 0 63 22 23 0 27 0 0 0 25 21 0 32 0 0 30 35 0 34 0 
9 7 10 0 11 6 5 4 3 0 31 0 34 37 0 35 30 36 0 42 44 43 0 46 0 47 0 0 77 79 75 0 76 78 2 80 61 0 65 64 0 62 59 63 58 74 68 0 72 0 67 0 70 73 0 50 48 56 0 53 52 0 54 13 14 20 0 15 19 17 0 0 0 0 27 0 21 26 0 0 0 
0 79 1 0 2 78 77 0 75 23 22 29 0 28 24 26 0 27 32 33 35 0 0 37 30 38 36 0 68 70 66 73 67 69 74 0 52 51 0 55 48 53 50 54 49 65 59 62 0 57 0 0 61 64 40 0 39 47 42 0 0 0 45 4 5 11 0 6 0 0 7 3 19 14 18 0 12 17 13 16 15 
27 25 0 0 29 24 23 22 0 50 49 56 0 55 51 53 0 54 59 60 62 0 58 64 0 65 63 0 0 16 12 19 13 0 20 0 79 78 2 0 75 80 77 81 0 0 5 8 0 3 0 6 7 0 67 68 66 74 69 71 70 0 0 0 32 0 0 33 37 35 34 30 46 0 45 0 39 44 40 43 42 
63 0 64 62 65 60 59 0 57 5 0 11 7 10 0 0 3 9 14 0 0 16 0 0 0 0 18 0 50 0 48 0 49 51 0 53 0 0 38 37 30 35 0 0 0 47 41 0 45 0 0 0 43 46 0 23 21 29 24 26 25 28 0 67 68 74 0 69 0 0 70 66 1 77 0 0 75 80 0 0 78 
0 0 46 44 47 0 41 0 39 68 67 74 70 73 69 0 66 0 77 78 80 79 76 1 0 2 81 36 32 0 0 0 31 33 38 35 16 0 20 19 0 17 14 0 13 29 0 0 27 21 0 24 25 28 0 5 0 11 0 0 7 0 9 49 50 56 54 51 0 53 52 48 64 59 63 65 57 0 58 61 60 
36 34 37 35 38 0 0 31 0 59 58 65 61 64 60 62 57 63 68 69 71 70 67 73 0 74 72 27 0 25 21 0 0 24 29 26 7 0 11 0 0 0 0 0 4 20 14 0 18 0 0 15 16 0 76 77 75 2 78 80 79 1 81 40 41 47 45 42 46 44 43 39 0 50 54 0 48 53 49 52 51 
0 70 73 0 0 69 68 67 66 14 13 20 0 0 15 17 12 18 23 24 26 25 22 0 21 29 27 63 59 61 57 64 58 60 65 0 43 42 47 0 39 0 41 45 40 0 50 0 0 48 49 51 52 55 0 32 30 38 33 35 34 37 0 0 77 2 81 78 0 0 79 0 10 0 9 0 0 0 4 7 0 
0 52 55 0 56 0 0 49 48 77 76 2 0 1 0 80 75 81 5 6 8 0 0 10 3 11 0 45 41 43 39 46 40 42 0 44 25 24 29 28 21 26 23 27 22 38 0 0 36 30 31 33 34 0 13 14 12 0 15 17 16 19 18 0 59 0 0 60 64 62 61 0 73 68 72 0 66 71 67 70 0 
69 67 0 68 0 0 65 0 63 11 0 17 13 0 12 14 0 15 20 21 23 0 0 0 0 26 0 60 56 0 54 61 55 57 62 0 0 39 44 43 0 0 38 0 37 53 0 0 51 45 0 48 49 52 28 29 0 35 30 32 0 0 33 73 0 0 78 75 79 77 0 72 7 2 0 8 0 0 0 0 3 
15 0 16 14 17 12 11 10 0 38 0 0 40 0 39 41 36 42 47 48 50 49 46 52 45 0 51 6 2 4 81 0 1 0 8 5 67 66 71 70 63 68 0 69 64 80 74 77 78 0 0 0 76 79 55 56 54 62 0 59 58 61 60 19 20 26 24 0 25 23 0 18 0 0 33 0 0 32 28 31 30 
78 76 79 77 0 0 0 73 0 20 19 26 22 25 21 23 18 0 29 30 32 31 28 34 27 35 0 69 65 67 63 0 64 0 71 0 49 0 53 52 0 0 47 51 46 62 56 59 60 0 0 0 0 61 0 38 0 0 0 0 40 0 42 1 2 0 0 3 7 5 0 81 0 11 0 0 9 0 0 13 0 
60 0 61 59 62 57 0 0 54 2 1 8 4 7 3 0 0 0 11 12 14 0 0 16 9 17 0 51 47 0 45 52 46 0 0 0 31 30 35 34 0 0 29 0 0 44 0 41 0 0 37 0 40 0 19 0 18 26 21 23 22 25 24 0 65 0 69 66 70 68 67 63 79 0 0 80 72 77 0 76 0 
0 0 34 32 0 30 29 28 0 56 0 0 58 61 57 59 0 60 0 0 68 67 0 0 0 71 69 0 20 22 18 0 19 21 0 23 4 3 8 0 81 5 2 6 1 17 11 0 15 9 10 12 13 0 0 74 0 80 75 0 76 79 78 0 0 44 42 0 43 41 40 36 0 47 0 53 45 50 0 49 0 
0 22 0 23 0 21 20 19 18 0 46 53 49 52 48 0 45 51 0 57 59 58 55 61 54 62 60 15 11 13 9 16 0 12 17 14 76 75 80 79 72 77 74 78 73 8 2 0 6 0 0 0 4 0 64 65 63 0 66 68 0 70 69 28 29 0 33 30 34 0 31 27 43 38 42 0 36 41 37 40 39 
51 49 52 0 53 48 0 46 0 74 73 80 76 79 75 0 0 78 2 3 0 4 1 0 81 8 6 0 0 40 36 0 37 39 44 41 22 21 26 25 18 0 0 24 19 0 0 32 0 27 0 30 0 34 10 11 9 17 12 0 13 16 15 55 56 62 60 57 61 59 0 54 70 65 69 0 0 68 64 0 66 
6 0 7 5 8 3 2 1 81 0 28 35 31 0 0 0 0 33 38 0 41 40 37 0 36 0 0 78 74 76 72 79 73 0 80 77 0 57 62 61 54 59 56 0 0 0 65 0 69 0 0 66 67 70 46 0 45 53 48 50 49 0 51 10 11 0 15 12 16 14 0 9 25 20 24 26 18 23 0 0 21 
0 40 43 0 0 39 0 0 36 65 64 71 0 0 66 68 63 69 0 75 0 76 0 0 72 0 78 33 29 31 27 34 0 30 35 32 13 12 0 16 9 14 11 15 0 0 20 23 24 18 19 21 22 0 1 2 81 0 0 5 4 0 6 46 47 53 51 48 52 50 49 0 61 56 60 62 54 59 55 58 57 
0 0 53 51 54 49 0 0 46 75 0 81 77 0 76 78 73 79 3 4 6 5 2 0 1 9 7 0 39 0 37 44 38 40 0 42 0 0 27 26 19 24 21 25 20 36 30 33 0 28 0 0 0 35 0 12 10 18 13 0 14 17 0 56 0 63 61 58 62 60 0 0 71 66 70 72 64 69 0 68 67 
61 59 62 60 63 0 57 56 0 3 0 9 5 8 4 6 0 0 12 13 15 14 0 17 10 0 16 52 48 50 46 53 47 49 0 51 32 31 0 0 28 0 30 0 29 0 0 42 0 0 0 40 0 44 20 21 0 27 22 24 23 26 25 65 66 0 0 0 71 69 68 0 80 75 0 0 73 0 74 77 76 
7 5 8 6 0 4 0 2 1 0 29 0 32 35 31 33 28 34 0 40 42 41 38 0 0 0 0 79 75 0 0 80 0 76 81 0 59 58 0 62 55 0 57 61 0 72 66 69 70 64 65 67 68 71 47 0 46 54 49 51 0 53 0 0 12 0 16 0 17 0 14 10 0 21 25 0 19 0 20 0 22 
0 0 80 0 0 76 75 74 73 21 20 0 0 0 22 0 19 25 30 31 33 32 29 35 0 0 34 70 0 68 64 71 65 0 72 69 50 0 0 0 0 51 48 52 47 0 0 60 0 55 0 58 59 62 38 39 37 0 40 42 41 44 0 2 3 9 7 0 8 6 5 1 17 12 16 0 10 15 11 14 13 
16 14 17 15 18 13 0 11 10 39 0 45 0 44 40 42 37 0 48 49 0 50 0 53 46 54 52 7 3 0 0 8 0 0 9 6 68 67 0 71 0 69 66 0 65 81 75 78 79 0 74 76 0 80 56 57 55 0 58 60 59 62 0 20 21 27 25 0 26 0 23 19 35 0 34 36 28 33 0 32 31 
0 0 0 0 27 0 21 20 19 48 47 0 0 53 49 51 0 0 0 58 60 59 0 62 0 63 61 16 12 0 10 17 11 13 18 15 0 76 0 80 73 78 0 79 0 9 0 0 7 0 2 4 5 8 0 66 64 0 67 0 68 71 70 0 30 36 34 0 35 33 0 28 44 39 43 0 37 42 38 41 40 
0 0 0 33 0 31 0 29 28 57 56 63 59 62 58 60 0 61 66 67 69 68 65 71 0 0 70 0 21 23 0 0 20 22 27 24 5 4 9 8 0 6 3 7 2 0 0 15 0 10 11 13 0 17 0 75 73 0 76 0 77 80 0 0 39 0 43 40 44 0 41 37 53 48 52 54 0 51 0 50 0 
43 41 44 42 45 40 39 38 37 66 65 0 68 71 67 69 64 70 75 76 78 0 0 80 73 0 79 0 0 32 0 35 29 0 0 0 14 13 18 17 10 15 12 16 11 27 0 24 25 19 20 22 23 0 0 3 0 9 0 0 5 8 0 47 48 54 52 49 53 0 0 46 0 57 61 63 0 60 56 0 58 
70 68 71 69 72 0 66 65 64 12 11 18 0 0 0 15 10 16 21 0 24 23 20 26 0 27 25 0 0 0 0 62 56 0 63 60 41 40 45 44 37 42 39 43 0 54 0 51 52 46 47 49 50 53 29 30 28 36 31 0 0 0 34 74 75 0 0 0 0 0 0 73 8 3 0 0 1 6 0 5 4 
23 0 0 22 0 20 19 18 0 0 0 52 48 51 47 0 44 50 55 56 58 57 54 0 0 61 59 14 0 0 8 15 0 11 0 13 75 74 79 78 71 76 0 77 72 7 0 4 5 80 81 2 3 6 63 64 62 70 65 67 66 0 0 0 28 34 32 29 33 0 0 26 42 37 0 0 0 40 36 39 38 
32 30 33 31 34 0 28 27 0 0 54 61 57 0 56 0 53 59 0 0 0 0 63 0 62 70 68 23 19 0 17 24 0 0 25 22 0 2 7 6 80 4 0 5 81 16 10 13 14 8 9 11 12 15 72 73 0 79 74 76 75 0 77 0 37 43 41 38 0 40 39 35 51 46 50 52 0 49 0 48 0 
14 12 0 13 16 11 10 9 8 37 36 0 39 0 38 40 35 0 0 0 49 48 45 0 0 0 0 5 0 0 80 6 81 2 7 0 66 65 70 0 62 67 0 0 0 79 0 0 77 71 0 0 75 78 54 0 53 61 56 58 57 0 59 18 19 25 23 0 0 22 21 17 33 0 0 34 26 0 0 30 29 
77 0 78 76 79 74 73 0 71 19 0 25 0 24 20 0 17 23 28 29 31 0 27 0 0 34 32 68 0 66 62 69 0 65 70 67 48 0 52 51 0 49 46 0 45 61 55 58 59 53 54 0 0 60 0 37 35 43 38 40 39 42 0 81 1 7 5 2 6 0 3 80 0 0 14 0 8 13 9 12 11 
0 66 69 0 70 0 0 63 62 10 0 0 12 15 0 13 8 14 19 20 22 0 18 24 0 25 23 59 55 57 0 60 0 56 61 58 39 0 43 42 35 40 0 0 36 0 46 49 0 44 45 47 48 51 0 28 26 34 29 0 30 33 32 72 73 0 77 0 78 76 0 71 6 0 0 7 80 4 81 0 2 
41 39 0 0 43 38 0 36 35 0 63 0 66 69 65 0 62 68 73 74 0 75 72 78 71 79 77 0 28 30 26 33 0 0 34 31 12 11 16 0 0 13 0 14 9 25 19 22 23 0 18 0 21 24 81 1 80 7 2 0 3 6 0 45 0 52 0 47 51 49 48 44 60 55 59 61 0 0 54 0 56 
50 0 0 0 52 47 0 0 44 0 72 0 75 78 0 0 71 77 1 2 4 0 81 6 80 7 5 41 0 39 35 42 36 38 43 0 0 20 25 24 17 22 19 0 18 34 28 31 0 26 27 29 30 33 0 10 0 0 11 0 12 0 14 54 0 61 59 56 0 58 57 0 69 64 68 0 62 67 63 66 65 
0 3 0 4 7 0 0 0 0 28 27 0 30 33 29 0 0 32 37 38 40 39 36 42 0 0 0 77 0 75 71 0 72 74 79 76 57 56 61 60 0 58 55 0 54 0 64 67 0 0 0 65 66 69 45 46 0 52 0 49 48 0 50 9 10 16 14 11 15 13 12 8 24 19 23 0 17 22 18 21 20 
59 57 60 58 61 56 55 54 53 1 81 0 3 6 2 0 80 5 0 11 0 0 9 0 8 16 14 0 0 0 0 0 45 47 52 49 0 0 34 33 26 31 28 0 27 0 37 40 41 0 0 0 0 42 0 19 17 25 20 0 21 24 23 63 64 0 0 65 0 0 66 62 78 73 0 79 0 76 72 75 74 
0 0 0 0 33 28 27 26 0 54 53 0 56 59 55 57 52 58 63 64 66 0 62 0 61 69 0 0 0 20 0 23 17 19 0 21 2 0 6 5 79 3 81 4 0 15 9 12 13 7 0 10 0 0 71 72 70 78 73 0 0 77 76 0 36 42 0 37 41 39 38 34 0 0 0 51 0 48 0 0 46 
0 0 59 0 0 55 54 0 52 81 80 6 2 5 0 3 79 0 9 10 12 11 0 0 7 15 13 0 45 47 43 50 44 0 51 0 29 0 0 32 25 0 27 0 26 42 0 39 40 0 35 0 0 41 0 18 16 24 19 0 0 0 22 0 63 69 67 64 68 66 65 61 77 0 76 0 0 0 71 74 0 
4 2 5 3 0 1 0 80 0 27 0 33 0 32 0 30 25 0 36 37 0 38 0 41 0 42 40 76 72 0 70 0 71 73 78 0 56 55 0 59 52 57 0 0 53 69 63 0 67 0 62 64 65 0 44 0 43 51 46 0 47 50 49 8 0 15 0 0 0 12 11 0 0 18 0 0 16 0 17 0 19 
67 65 68 0 0 64 63 62 61 9 0 0 0 0 0 12 7 0 18 0 21 0 17 23 16 0 22 58 0 0 0 0 0 55 0 0 38 0 0 0 0 39 36 0 0 51 45 0 49 43 44 46 47 50 26 27 0 33 0 0 0 32 31 71 72 0 76 73 77 75 74 0 0 81 0 6 79 3 0 2 1 
40 38 41 0 0 0 36 35 0 63 62 0 65 68 64 66 61 0 0 73 75 0 71 0 70 78 0 31 27 0 0 32 0 28 0 0 11 10 0 0 7 12 9 0 8 0 0 0 22 0 0 19 0 23 0 81 79 6 0 3 2 5 0 44 45 51 49 0 50 48 47 43 59 0 0 60 52 0 53 56 55 
49 47 0 48 51 46 45 0 43 0 71 0 74 77 0 75 70 76 81 0 0 2 80 5 79 6 0 0 36 0 34 41 0 37 42 0 20 19 0 0 16 21 18 0 17 0 27 30 0 0 26 28 29 0 8 0 7 15 0 12 11 14 13 0 0 60 58 55 59 57 0 52 68 63 0 0 61 0 0 65 0 
22 20 23 0 24 19 0 0 0 45 44 51 47 0 0 48 0 49 54 55 57 56 0 0 52 60 58 0 9 0 0 0 8 10 0 0 74 0 78 0 70 75 72 76 71 6 81 3 0 79 80 1 2 5 62 63 61 69 64 66 65 68 0 0 0 33 31 28 32 30 29 0 41 36 0 42 34 39 35 38 37 
76 74 77 75 78 73 72 0 0 0 17 24 20 0 19 21 0 22 27 28 30 29 0 0 0 33 0 67 63 65 61 68 0 64 0 66 0 46 51 0 0 48 45 49 44 60 54 0 58 0 53 55 0 59 35 36 34 0 37 0 0 41 40 80 81 6 4 0 5 3 0 79 14 9 13 0 0 12 0 11 10 
13 11 14 0 15 0 9 8 0 0 35 0 38 41 0 39 34 40 0 0 48 47 44 50 43 51 0 0 81 2 79 5 80 1 6 0 0 0 69 0 61 66 63 67 62 0 0 75 76 70 0 73 0 77 53 54 52 60 55 57 56 0 58 17 0 24 22 0 0 21 20 16 0 27 31 33 25 0 0 29 28 
38 36 39 0 40 0 34 0 32 61 60 0 0 66 62 0 0 0 0 71 73 0 0 0 68 76 74 29 25 27 23 0 0 26 0 0 9 0 0 0 5 0 7 11 6 22 0 19 0 14 0 17 18 21 78 0 77 4 0 0 81 3 2 42 43 0 47 44 48 46 45 41 57 52 0 0 50 55 51 54 53 
47 45 0 0 49 44 43 42 0 0 69 0 72 75 71 73 68 74 79 80 0 81 0 3 77 0 2 0 34 36 32 39 33 35 0 0 18 0 22 21 0 0 16 20 0 31 25 28 29 23 0 26 27 0 6 7 5 13 8 10 0 12 11 51 0 58 56 0 0 55 54 50 66 61 65 0 0 64 60 63 62 
2 0 3 1 0 80 79 0 0 0 24 31 27 30 0 0 23 29 34 0 37 36 0 39 32 0 38 0 70 72 68 75 69 0 76 73 54 0 58 57 0 55 52 56 51 67 61 0 65 59 60 62 63 66 42 0 41 49 44 0 45 0 0 6 0 13 0 0 0 0 9 5 21 0 0 22 14 0 15 0 0 
0 54 57 55 58 0 52 51 50 79 0 4 81 3 80 0 77 2 0 0 10 9 6 12 5 13 11 47 43 45 0 48 42 44 49 0 27 26 0 30 23 28 25 29 24 40 0 37 38 32 33 0 0 39 0 0 14 0 17 19 18 21 20 0 61 67 65 62 66 64 63 0 0 70 74 76 0 0 69 0 0 
20 18 0 0 22 17 16 15 0 43 0 49 45 48 44 46 41 0 0 53 55 54 0 57 50 58 56 0 7 0 5 12 0 8 13 0 72 0 76 75 0 73 70 74 69 4 79 0 0 77 0 0 81 3 60 61 59 67 62 0 0 66 0 24 25 0 0 26 30 28 0 23 0 34 38 0 32 37 33 36 0 
0 72 0 73 76 71 0 69 68 0 0 22 0 21 0 0 14 0 25 26 28 27 24 30 23 31 29 0 0 63 59 66 60 62 0 0 45 44 49 48 41 0 43 47 0 0 0 55 56 50 0 53 54 57 0 34 32 40 35 37 36 0 38 78 79 4 2 80 3 1 0 77 12 7 0 13 5 10 0 0 8 
0 27 30 28 0 26 0 24 0 52 51 58 54 0 53 0 50 56 0 62 64 63 60 66 0 67 65 0 16 18 14 21 15 17 0 19 81 80 4 3 77 1 79 0 78 13 7 10 11 0 6 0 9 12 69 0 68 76 0 73 72 75 74 33 34 0 38 0 0 37 36 0 48 43 0 49 0 0 42 45 44 
65 63 0 64 67 62 61 0 0 7 0 0 9 12 8 10 5 11 16 0 19 0 15 21 14 22 20 56 52 54 50 0 51 53 0 0 0 0 40 0 0 37 34 38 33 49 43 46 0 0 42 44 45 0 24 25 23 0 26 28 27 0 29 0 70 76 74 71 75 0 0 0 3 79 2 0 77 1 78 0 80 
0 9 12 10 13 8 7 0 5 34 33 40 36 39 0 0 0 38 43 44 0 0 0 48 41 0 47 2 79 0 77 0 78 0 4 1 63 0 67 66 59 64 61 65 60 76 0 73 0 0 69 71 0 0 51 52 50 58 0 55 54 0 0 15 16 22 20 17 21 0 0 0 30 25 0 31 0 0 24 0 26 
19 17 20 18 21 16 15 14 13 42 41 0 44 47 0 45 40 46 51 0 0 0 50 56 0 0 0 10 6 0 4 0 5 7 12 9 71 70 0 74 67 72 69 0 68 0 0 81 1 76 77 79 80 2 0 60 58 66 0 63 62 65 0 23 24 30 28 25 29 0 0 0 0 33 0 39 31 0 32 35 34 
1 80 2 81 3 79 78 77 76 24 0 0 26 29 25 27 22 28 33 0 36 35 32 38 31 39 37 0 69 71 67 74 68 70 0 0 0 52 57 0 49 54 0 55 50 0 0 0 64 0 0 61 0 65 41 42 40 48 0 0 0 47 0 5 6 12 10 7 11 9 8 4 20 15 19 21 0 18 0 17 16 
0 71 74 72 75 70 0 0 67 0 14 21 17 20 16 18 0 0 0 0 27 0 23 29 22 30 28 64 0 62 0 65 59 61 66 0 44 43 48 47 40 45 42 46 41 57 0 54 55 49 50 52 0 0 32 33 31 0 34 36 35 38 37 77 78 3 1 79 2 81 0 76 0 6 10 12 0 0 5 8 7 
0 0 29 0 0 0 0 23 22 0 50 57 53 56 52 54 0 55 60 0 63 62 59 65 58 66 64 19 0 0 13 20 0 16 0 18 80 79 3 2 76 81 78 0 0 12 6 0 10 4 5 0 0 11 0 69 67 75 70 72 0 0 73 32 0 39 37 34 38 0 35 0 0 42 46 48 40 45 41 44 0 
10 8 11 9 12 7 0 5 0 33 32 39 35 38 0 0 31 0 42 43 45 0 0 0 40 48 0 1 0 0 0 2 77 79 3 0 62 0 66 0 58 63 60 0 59 75 69 0 0 67 68 70 71 74 0 51 49 57 52 54 53 0 55 0 15 0 19 16 20 18 17 13 0 24 28 30 22 0 23 26 25 
55 53 56 54 57 52 51 0 0 78 0 3 80 0 79 81 76 1 0 0 0 8 5 0 0 12 0 46 42 0 40 47 41 43 0 45 26 0 0 29 0 27 24 28 0 39 33 36 37 31 32 0 35 0 0 15 13 21 16 18 17 20 19 59 60 66 64 61 65 0 62 0 0 69 0 75 67 72 68 71 70 
0 35 38 0 0 34 0 32 31 60 0 0 0 65 61 63 58 64 0 70 72 0 68 74 0 0 73 0 24 0 22 0 23 25 30 0 8 0 12 11 4 9 6 10 0 21 15 18 0 13 0 0 17 20 0 78 0 3 79 0 80 0 0 41 0 48 0 0 47 45 0 40 56 51 0 0 0 54 50 53 52 
46 44 47 45 48 43 42 41 40 69 0 75 71 0 70 72 67 0 78 79 81 80 77 0 76 3 0 37 0 35 0 38 0 0 39 36 17 16 21 20 0 18 15 19 14 30 0 27 28 22 23 0 26 29 5 6 4 12 7 9 8 11 10 0 51 0 55 0 56 54 0 49 65 60 64 0 58 63 0 62 0 
64 62 0 0 66 61 60 0 0 6 5 12 8 11 7 9 4 10 15 0 18 17 14 20 0 0 0 0 51 53 49 0 50 0 0 54 35 0 39 0 31 0 33 37 32 48 42 45 46 40 41 43 44 0 23 24 22 30 25 27 26 29 28 68 69 0 0 0 74 72 71 67 2 78 0 3 0 81 77 80 79 
21 19 22 0 23 0 17 16 15 44 43 0 0 0 45 47 42 48 0 0 56 55 52 58 51 59 0 12 8 10 0 13 7 9 14 11 73 72 77 76 69 74 71 0 70 5 80 2 3 78 79 81 1 0 0 0 0 68 63 0 0 67 0 0 0 32 0 27 31 29 28 24 40 35 39 0 0 38 0 0 36 
48 0 49 47 0 0 0 43 42 71 0 0 73 0 0 74 69 75 80 81 0 1 79 4 78 0 0 39 0 37 33 40 34 36 0 0 19 18 23 22 15 0 0 0 0 32 26 0 0 0 0 27 0 31 0 8 6 14 9 0 10 0 12 0 53 59 57 0 58 56 55 51 67 62 66 68 60 0 61 64 63 
0 0 0 0 0 0 62 0 60 8 7 14 0 0 9 11 0 12 17 18 20 19 16 22 15 23 0 57 53 55 51 58 52 54 59 56 37 36 41 40 33 38 35 39 0 50 44 47 0 42 43 45 0 49 25 26 24 0 27 29 28 31 30 70 71 77 0 72 0 0 73 69 4 80 0 5 78 2 79 1 81 
75 73 76 0 77 72 71 0 69 0 16 0 19 22 18 0 15 0 26 27 29 0 25 0 24 32 30 66 0 64 60 67 61 0 68 65 46 45 50 49 42 0 44 48 43 59 53 56 57 0 52 54 55 58 34 35 0 0 36 38 37 40 39 79 80 5 3 0 4 2 1 78 13 8 0 14 6 11 7 10 0 
0 28 31 29 0 27 26 0 0 0 52 59 55 0 0 0 51 0 0 0 65 64 61 67 0 68 0 21 17 19 15 22 16 0 23 0 1 81 0 4 0 0 80 3 79 14 8 11 12 6 0 9 0 13 70 71 69 77 72 0 73 76 75 34 35 0 0 36 40 0 37 33 49 44 48 50 0 47 43 46 0 
0 0 40 0 41 36 35 34 0 62 61 68 64 67 63 0 60 0 71 0 0 73 70 0 69 0 75 0 26 28 0 0 0 0 32 29 10 9 0 0 6 11 8 0 0 23 0 20 21 0 16 18 19 22 79 80 0 0 81 0 1 4 3 0 44 50 48 45 49 47 46 42 0 53 57 59 51 56 52 0 0 
0 1 4 2 5 0 80 79 78 26 25 32 28 31 27 29 24 30 35 36 38 0 34 40 0 41 0 75 71 0 69 0 70 0 77 0 55 54 0 58 51 56 53 57 52 0 62 65 66 0 61 63 64 67 0 0 42 50 45 47 46 49 48 7 0 0 0 0 13 11 10 6 0 17 21 23 15 0 0 19 0 
12 0 0 11 14 9 8 7 6 35 34 41 37 40 36 0 0 39 0 0 47 46 43 0 42 50 0 3 80 1 0 0 79 81 5 2 64 63 0 0 60 65 0 66 61 77 0 74 0 0 70 0 73 76 0 53 51 0 54 56 0 58 57 0 0 23 21 18 22 0 19 15 31 0 30 0 24 0 25 28 27 
57 55 0 56 59 54 53 0 51 0 79 0 1 0 0 2 78 3 8 9 11 10 7 0 6 14 12 48 44 46 0 49 43 45 0 0 0 0 0 31 24 0 26 30 25 41 35 38 0 33 34 36 37 0 16 17 15 0 18 20 19 0 21 0 62 68 66 0 67 0 64 0 76 71 75 0 69 74 0 0 0 
80 78 0 0 1 77 76 0 74 22 21 0 0 27 23 25 0 26 31 0 34 0 30 0 0 37 35 71 67 69 65 0 0 68 73 70 51 0 55 54 47 52 49 53 48 64 58 61 0 56 0 0 0 63 39 40 0 46 41 43 0 0 44 0 4 10 8 5 9 7 0 2 18 13 17 0 11 0 0 15 14 
44 42 45 0 0 41 40 39 0 0 66 73 0 72 0 0 0 71 76 0 79 78 75 81 74 1 80 0 31 0 29 36 30 0 37 34 0 0 19 0 11 16 0 0 12 28 22 0 26 0 21 0 24 27 3 4 2 10 5 0 6 9 0 0 0 55 53 0 54 52 51 47 63 58 62 64 56 61 57 0 0 
62 0 63 61 0 0 58 57 56 4 3 10 6 0 0 0 0 8 13 0 0 15 12 0 0 19 17 53 49 51 47 0 48 50 0 52 0 32 37 36 29 34 31 35 0 46 0 0 44 38 39 41 42 45 21 22 20 0 23 25 24 0 26 66 0 73 71 0 0 70 0 65 0 0 80 1 0 0 75 78 0 
71 0 0 70 73 0 67 66 0 0 12 19 15 0 14 16 0 17 0 0 25 24 21 27 20 28 26 0 58 60 56 63 0 59 0 61 42 41 0 0 38 0 40 44 0 55 0 52 53 0 0 0 51 54 0 31 29 0 32 0 33 0 35 75 0 0 80 0 0 79 78 0 0 0 8 10 2 7 3 6 5 
26 24 0 0 28 23 22 21 20 49 0 55 51 54 0 52 0 0 0 59 61 60 0 63 56 64 62 17 13 15 11 0 0 14 19 0 78 77 1 81 74 79 0 80 75 0 4 7 0 0 3 5 6 0 66 67 65 73 0 70 0 0 0 30 31 37 35 32 36 0 0 29 0 40 44 46 0 0 39 42 41 
35 0 36 0 37 0 31 0 29 0 57 0 0 63 0 61 56 62 0 0 70 0 0 72 65 73 0 26 0 24 0 27 0 0 0 25 6 5 0 0 2 7 4 8 3 19 13 0 17 11 12 0 0 18 0 76 74 1 0 0 78 81 80 39 40 46 44 41 0 43 0 0 0 0 53 0 47 52 48 51 0 
0 51 54 0 55 50 0 0 47 76 75 1 78 0 77 79 74 80 4 5 7 6 3 0 2 10 0 0 40 0 38 45 39 0 46 43 24 23 0 27 20 25 22 26 0 37 0 34 35 29 30 32 33 36 0 13 11 19 14 16 15 0 17 0 0 0 62 59 63 0 60 56 72 67 71 73 0 70 66 69 68 
0 15 0 16 19 14 13 12 11 40 39 0 0 0 41 0 0 44 49 50 52 0 48 54 47 55 53 8 4 0 2 9 3 5 10 7 0 68 73 72 65 70 67 71 66 1 0 79 0 74 75 0 0 0 0 0 56 64 59 61 60 63 0 0 0 0 26 23 27 25 0 20 36 31 35 37 29 0 0 0 0 
8 0 0 7 10 5 4 3 2 0 0 0 33 0 32 34 29 0 0 41 43 42 39 45 0 46 44 80 76 78 74 0 75 77 0 0 60 59 64 63 0 61 58 0 57 73 0 70 0 0 66 0 0 0 0 0 47 55 0 52 51 54 53 12 13 19 17 14 0 0 15 11 27 22 26 0 20 25 21 24 23 
