9
0 22 0 24 0 16 0 23 0 0 0 0 77 70 71 0 0 0 58 0 52 54 56 59 60 0 53 46 0 50 0 43 0 47 45 0 0 0 0 4 0 0 2 5 0 0 69 61 0 64 63 67 68 0 31 33 27 0 26 30 0 25 29 0 7 13 8 0 14 9 12 10 37 42 0 35 38 41 39 34 36 
12 0 9 0 0 7 0 0 11 0 65 64 0 0 0 67 69 63 0 0 43 45 47 50 0 48 44 37 40 0 0 34 39 38 36 35 71 0 0 76 73 72 0 77 75 0 60 52 53 0 54 58 59 57 22 24 18 19 0 21 23 0 0 6 79 4 80 2 0 0 3 0 28 33 31 26 0 32 30 25 27 
66 0 0 69 64 61 62 0 0 39 38 37 41 34 35 40 42 0 22 0 0 0 20 0 0 21 17 0 13 0 15 0 0 11 0 8 0 51 0 49 46 45 47 50 48 29 33 0 26 28 27 31 32 0 76 78 0 0 71 75 0 70 74 60 52 58 53 56 59 54 57 55 1 6 0 80 2 0 3 0 81 
0 0 0 0 37 34 0 0 0 12 0 10 14 0 8 13 15 9 76 73 70 72 74 77 0 75 71 64 67 68 69 61 66 65 63 62 17 24 16 22 19 0 0 23 0 2 0 79 0 1 81 4 5 3 49 51 45 46 44 48 50 43 47 33 25 31 26 29 32 27 30 0 55 60 0 53 56 59 57 52 0 
3 4 81 0 1 79 80 5 2 0 56 55 0 52 53 58 60 54 40 37 0 36 38 41 0 39 0 28 31 32 33 0 30 0 27 26 0 69 61 67 64 63 0 68 66 0 0 43 0 46 45 49 0 0 0 15 9 10 8 12 14 0 11 78 70 76 0 0 77 0 75 73 0 0 22 17 20 23 0 16 18 
75 76 72 78 73 70 71 77 74 48 47 46 0 0 0 49 0 45 31 0 25 27 0 32 0 30 26 19 22 23 24 16 0 20 0 0 53 60 52 58 55 54 56 0 57 38 0 34 35 37 36 40 41 0 0 6 81 0 80 3 5 79 2 0 61 0 62 0 68 63 66 64 10 15 13 8 0 14 12 0 9 
48 49 45 51 46 0 44 0 47 0 20 19 23 16 17 22 0 0 4 1 79 0 2 5 6 3 80 0 76 77 78 70 75 0 0 0 26 33 25 31 0 27 29 0 30 0 15 7 8 0 9 13 14 0 58 0 54 55 0 57 0 52 0 0 34 40 0 0 0 36 39 0 64 69 67 62 65 68 0 61 63 
57 0 54 60 0 52 0 0 56 0 0 28 32 25 26 31 33 0 13 10 7 9 11 14 15 12 8 1 4 5 6 79 3 2 81 0 0 42 34 40 37 36 38 41 39 0 0 0 17 19 0 22 23 21 67 69 63 64 0 66 0 61 0 0 43 0 44 47 0 45 48 46 73 78 0 71 0 77 75 0 0 
30 0 27 33 28 25 0 32 29 0 2 1 0 79 80 4 6 81 0 64 0 63 0 0 69 66 0 0 0 0 0 52 0 56 0 53 0 0 7 13 10 9 0 14 12 74 78 0 71 0 72 76 77 0 40 42 36 37 0 0 41 34 38 24 16 22 17 20 23 0 21 0 0 51 49 0 47 50 0 0 45 
63 0 60 0 61 0 0 65 62 36 35 0 38 31 32 0 0 33 0 0 13 15 17 20 21 0 0 0 0 11 12 4 9 8 6 0 41 48 40 46 0 42 44 47 0 26 30 0 23 0 24 28 29 27 73 75 69 0 68 72 74 67 71 57 49 0 0 53 56 51 54 0 79 3 0 0 80 2 0 76 78 
0 0 69 75 70 67 68 74 0 45 0 43 47 40 41 46 0 0 0 0 0 0 26 29 30 27 23 16 19 20 21 13 18 17 0 14 50 57 49 0 0 51 0 0 0 0 39 31 32 34 33 0 0 36 1 0 78 79 0 81 0 76 80 0 0 64 0 0 0 0 63 0 7 12 0 5 8 11 0 4 0 
45 46 42 48 43 40 41 47 44 18 17 16 0 0 14 0 21 0 1 79 0 78 80 2 3 0 77 70 73 74 75 67 72 71 69 0 0 30 22 0 0 24 26 29 0 8 12 4 5 7 6 10 11 9 55 0 51 52 50 54 0 49 0 39 31 0 32 35 38 33 36 34 0 66 64 59 0 65 63 58 60 
0 1 78 0 79 0 77 2 0 0 53 0 56 49 50 55 57 51 0 34 31 33 35 0 39 36 0 0 28 29 30 22 0 0 0 23 59 0 0 64 61 60 62 0 63 44 48 0 41 43 42 46 47 0 0 12 6 7 0 9 0 0 8 75 67 73 68 71 0 69 72 70 0 0 0 0 17 20 0 0 15 
18 19 15 0 0 0 14 20 17 0 0 70 74 67 0 73 75 0 55 52 49 51 0 56 57 54 50 43 46 47 48 40 45 0 0 41 77 3 76 0 0 78 0 2 81 0 66 0 59 0 60 64 65 63 0 0 0 25 0 27 0 22 26 12 4 10 0 8 11 6 9 0 34 39 37 32 35 38 36 31 33 
0 0 0 0 34 0 32 38 35 9 0 0 0 4 0 10 12 0 73 0 67 0 71 74 0 0 68 0 0 65 66 58 0 0 60 59 14 21 13 19 0 15 17 20 0 0 3 0 77 0 78 1 2 81 0 48 42 43 0 45 0 40 0 30 22 28 23 0 0 24 27 25 52 57 55 50 53 56 54 49 51 
54 55 0 57 0 49 50 56 53 27 26 25 29 0 23 0 0 24 10 7 4 0 8 0 0 9 5 79 1 2 3 76 0 0 78 77 32 0 31 37 34 0 35 38 0 17 21 13 14 16 15 19 0 0 64 66 60 61 59 0 65 0 62 0 40 46 41 44 47 0 45 43 70 0 0 68 71 74 0 67 69 
9 0 6 0 0 4 5 11 8 63 62 0 0 58 59 64 0 60 46 0 40 0 44 47 0 0 0 34 37 38 39 31 36 35 33 32 68 75 67 73 70 69 71 74 72 53 0 49 0 52 0 55 56 54 19 21 15 0 0 0 20 0 17 3 0 1 77 80 0 78 81 79 25 30 0 0 26 29 27 0 24 
27 28 24 30 25 0 23 0 26 81 80 79 2 76 77 0 3 78 64 61 0 60 0 65 66 63 59 52 55 56 57 0 0 53 0 0 5 12 4 10 7 0 0 11 0 71 0 67 68 0 69 73 0 0 37 0 0 0 0 36 38 31 35 21 13 19 0 17 20 15 0 0 43 48 0 41 44 47 45 0 42 
17 18 0 20 15 12 0 19 0 0 0 69 73 66 67 72 0 0 54 0 48 50 52 55 56 53 49 42 45 46 47 39 0 43 41 0 0 2 75 0 78 0 79 1 0 61 65 0 58 60 0 0 64 62 27 29 0 24 22 26 28 21 0 11 0 9 4 7 10 5 8 0 33 38 36 31 34 0 35 30 32 
26 27 23 0 24 0 0 28 0 80 79 78 1 75 76 81 2 0 0 60 57 59 61 64 65 0 0 51 54 55 0 48 53 52 50 49 4 11 3 9 6 5 7 0 8 70 74 66 67 0 68 72 73 71 36 38 32 33 31 0 37 30 0 0 12 18 13 16 19 14 17 15 42 0 45 0 43 0 44 39 0 
0 54 0 56 51 48 49 55 52 26 0 24 28 21 22 27 29 23 9 6 0 5 0 0 0 0 4 78 81 1 2 75 80 0 77 76 31 0 0 36 33 32 34 37 35 16 20 0 13 15 0 0 19 17 63 65 0 0 0 62 0 57 61 47 0 0 0 43 0 41 44 42 0 74 72 67 70 0 71 66 68 
44 0 41 47 42 39 40 46 0 0 16 15 19 12 13 0 0 14 81 78 75 77 79 1 2 0 76 0 72 73 74 66 71 70 68 67 0 0 0 27 24 23 25 28 0 0 11 3 4 6 0 9 10 8 54 0 50 51 49 53 55 48 52 38 30 36 31 0 0 32 35 33 60 65 63 58 0 64 62 57 59 
62 63 59 65 60 0 0 0 0 35 34 33 37 30 0 0 38 0 18 0 0 0 0 0 0 17 0 6 0 0 0 3 8 7 5 4 0 47 39 45 42 41 43 46 44 0 29 21 22 24 0 27 0 26 72 74 68 69 67 71 73 66 70 56 48 54 49 52 55 0 53 51 0 2 81 76 79 0 80 75 77 
0 36 32 0 33 30 0 37 0 8 7 0 10 3 0 0 0 5 72 69 66 0 70 73 0 71 67 0 63 64 65 57 0 61 59 0 0 20 0 18 0 14 16 0 17 79 2 75 76 78 77 81 1 80 45 0 41 42 40 44 46 39 43 29 21 27 22 0 28 23 26 24 0 56 0 0 52 55 53 48 0 
80 0 77 2 0 0 76 1 79 0 52 51 0 48 49 54 56 50 36 33 30 32 34 0 38 0 31 24 27 28 29 21 26 25 23 22 0 65 0 0 60 0 0 64 62 43 47 0 40 0 41 45 46 44 9 11 0 0 0 8 10 3 7 74 66 72 67 70 0 68 0 69 15 20 0 0 16 19 17 12 14 
0 9 5 0 6 3 4 10 7 62 61 0 64 57 58 63 0 59 45 42 0 41 43 46 0 44 40 0 36 0 0 30 35 34 32 0 0 74 66 72 0 68 70 73 0 0 0 0 0 51 50 0 55 53 0 20 0 0 13 17 0 0 16 2 0 0 0 79 1 77 80 78 24 0 27 22 25 28 26 21 23 
71 0 68 74 0 0 67 73 70 44 0 0 46 39 40 45 0 41 0 0 0 0 25 28 29 0 22 15 0 19 20 0 0 0 14 0 0 56 48 0 51 50 52 55 53 0 38 30 31 33 32 36 0 35 81 2 77 78 76 0 1 75 0 65 57 63 0 0 0 59 0 60 6 11 9 0 0 10 8 3 5 
50 0 0 53 48 45 46 52 49 23 22 0 0 0 19 0 26 20 6 3 0 2 4 0 0 5 1 75 78 79 0 72 77 0 74 0 28 35 27 33 0 29 31 0 0 13 0 0 10 12 11 0 16 14 60 0 56 57 55 0 0 54 58 44 36 42 0 40 43 38 41 39 0 71 69 64 0 70 68 0 0 
0 60 56 0 57 0 0 61 0 32 0 30 34 27 28 0 35 0 15 12 9 11 13 16 17 0 10 3 6 7 8 81 0 4 2 0 0 44 36 0 39 0 0 43 41 22 0 18 19 0 20 24 25 23 69 71 65 0 0 68 70 0 0 53 45 0 46 49 52 47 50 48 75 0 78 73 76 0 77 72 74 
0 6 0 0 3 81 1 7 4 59 0 57 0 54 55 60 0 56 42 39 36 0 40 43 44 41 37 0 33 34 35 0 32 0 0 0 64 0 63 69 0 65 67 70 68 49 0 45 46 0 0 0 0 50 15 17 0 0 10 14 0 9 13 80 72 78 73 76 79 74 77 75 21 26 24 19 22 25 23 0 20 
23 24 0 26 21 18 19 25 0 77 76 75 0 0 73 78 0 74 60 57 54 0 58 0 62 0 0 48 51 52 53 45 50 0 0 0 1 0 81 6 3 0 4 7 0 67 71 0 64 66 65 69 70 68 33 0 29 30 28 32 34 0 31 0 9 15 10 13 16 0 0 12 39 44 42 37 40 43 0 0 38 
68 0 65 71 66 63 64 70 0 41 40 39 43 36 37 42 44 38 24 0 18 20 22 25 26 0 19 12 15 16 17 9 14 13 11 10 0 0 45 51 48 47 49 0 50 0 0 27 0 30 29 0 0 32 0 0 74 75 73 77 0 72 76 62 0 0 55 58 61 56 0 0 0 8 6 1 0 7 0 81 2 
77 0 74 80 75 72 0 0 76 50 49 48 52 0 46 0 53 0 33 30 27 29 0 34 0 32 28 21 24 25 26 18 23 0 20 0 55 62 54 60 57 56 58 61 59 0 44 0 0 0 38 0 43 41 6 8 2 3 1 5 7 81 4 0 0 69 64 0 70 65 68 66 12 17 0 10 13 0 14 0 11 
41 42 38 44 39 36 0 43 40 14 0 0 16 9 10 15 17 11 78 75 0 0 0 79 80 0 73 66 69 0 71 63 68 67 65 0 19 26 18 24 21 0 22 25 0 4 8 0 1 0 2 6 7 5 0 53 47 48 46 50 52 0 49 35 27 33 28 31 34 29 32 0 0 62 60 0 58 61 59 0 0 
14 15 0 0 12 0 10 16 0 68 0 66 70 63 0 69 71 65 51 48 45 47 49 52 0 0 0 39 42 43 0 36 0 40 38 37 73 0 72 78 75 74 76 79 77 0 62 54 0 57 56 0 61 59 24 0 20 21 19 23 0 18 0 8 0 0 1 4 7 0 5 3 30 35 33 28 31 0 32 0 29 
32 0 29 35 30 27 0 34 0 0 0 3 7 0 1 6 0 2 0 66 63 65 0 70 0 68 64 57 60 61 0 54 59 0 0 55 0 17 9 15 12 11 13 0 14 76 80 0 0 0 74 78 79 77 42 44 38 39 37 0 43 36 40 0 18 0 19 0 0 20 23 0 48 53 51 46 49 52 50 45 0 
0 35 31 37 0 29 30 36 33 7 6 5 0 2 3 8 10 0 71 68 0 67 0 72 0 70 0 59 0 63 64 56 61 60 58 57 12 0 11 17 14 0 0 0 0 78 1 74 0 77 76 80 81 79 44 46 40 41 0 43 45 0 42 0 20 26 0 24 27 22 25 23 0 55 53 48 51 54 52 0 49 
7 8 4 10 5 2 0 9 6 0 60 59 63 0 0 0 0 0 44 41 0 40 42 45 46 0 39 32 0 36 37 29 34 0 0 0 66 0 0 0 68 67 69 72 70 0 0 47 0 50 49 0 54 52 17 19 13 14 12 16 18 11 15 0 74 0 75 0 0 0 79 0 23 28 26 21 0 27 0 20 22 
52 53 0 55 50 47 48 54 51 25 24 23 27 20 21 26 28 22 8 0 2 4 6 0 10 7 3 77 0 81 1 74 0 78 0 75 30 0 29 35 32 31 33 36 0 0 19 11 12 0 0 0 0 16 62 0 0 0 0 61 63 56 60 46 38 44 0 0 45 0 0 41 68 0 71 66 69 0 70 0 67 
61 0 58 0 59 56 57 0 0 34 33 0 36 0 0 35 37 0 0 0 0 13 0 18 0 16 12 5 8 9 10 2 7 6 4 3 39 46 38 44 41 0 42 45 0 0 28 20 21 23 22 26 27 25 0 0 67 68 0 70 0 65 69 0 47 53 48 51 54 49 52 50 0 1 0 75 0 81 79 0 76 
70 71 67 0 0 0 0 0 69 43 42 41 0 0 0 44 46 0 26 23 20 22 24 27 28 25 21 0 17 0 0 11 16 15 0 12 48 55 0 53 0 0 0 54 52 0 0 0 30 32 0 35 36 0 0 1 0 0 0 0 81 74 78 0 56 62 0 0 63 0 61 59 5 10 8 3 6 0 7 2 0 
79 0 76 0 77 0 75 81 0 0 51 50 54 0 0 53 55 0 35 32 0 0 0 0 0 0 0 23 26 0 28 20 25 0 22 0 0 64 56 0 59 0 60 63 61 0 46 0 0 41 40 44 45 43 8 10 4 0 3 0 0 0 0 73 0 0 0 69 72 67 70 68 0 0 17 12 15 18 0 11 0 
43 0 40 0 0 38 0 45 42 16 15 14 18 11 0 17 0 0 80 77 74 76 78 81 0 79 75 68 0 72 0 65 70 69 67 66 0 28 0 0 23 0 0 27 25 0 10 2 3 5 4 8 0 7 0 55 49 50 0 52 0 47 51 37 0 0 30 0 0 31 34 32 0 64 62 57 60 63 61 56 58 
16 17 13 19 14 11 12 18 0 0 69 68 72 65 66 71 73 0 53 0 47 49 51 54 0 52 48 41 44 45 46 0 43 42 0 39 75 1 74 80 77 76 0 81 79 0 64 56 57 0 0 62 63 61 26 0 0 23 21 0 27 20 24 10 2 0 3 6 9 4 7 5 0 37 35 30 0 36 0 0 0 
25 26 0 0 0 20 21 0 0 79 78 77 81 74 0 0 0 76 62 59 56 58 60 63 64 0 57 0 0 54 55 47 52 51 0 48 3 10 2 8 5 4 6 9 7 69 73 65 66 68 67 0 72 70 35 37 31 0 30 34 36 0 33 19 11 17 0 15 18 13 16 14 0 46 44 0 42 45 0 38 0 
28 0 25 31 0 23 24 0 0 1 81 0 0 77 78 2 4 79 0 62 59 61 63 66 67 64 60 0 56 57 58 0 55 0 52 51 0 13 5 0 8 0 9 12 10 72 0 68 69 71 70 0 0 0 38 0 34 35 33 37 39 32 0 0 14 20 15 18 0 16 19 0 0 0 0 42 45 48 46 41 0 
10 11 7 13 0 5 6 12 9 0 63 62 66 59 60 65 67 0 47 0 0 43 0 48 49 46 42 35 0 39 40 32 0 0 0 33 69 0 68 0 71 70 0 75 0 54 0 50 0 53 52 56 57 55 0 22 16 17 0 19 21 14 18 4 77 0 0 81 3 79 1 80 26 0 29 24 27 30 0 23 25 
0 47 0 49 0 41 42 0 45 19 18 0 0 14 0 0 22 16 0 80 77 79 0 3 4 1 78 71 74 75 76 68 73 72 70 69 24 31 23 29 0 25 27 0 28 9 13 5 0 8 0 0 12 10 0 58 52 53 51 55 57 0 54 40 32 38 33 36 0 0 37 35 62 67 65 60 63 66 64 0 0 
55 0 52 0 53 0 51 0 54 28 27 26 30 23 24 0 0 25 11 8 5 7 9 12 13 10 0 80 2 3 4 77 1 81 79 78 33 0 32 38 35 34 0 39 37 18 22 14 15 17 16 20 0 0 65 67 61 62 60 64 66 59 63 49 41 0 42 45 0 43 46 44 71 76 74 0 0 0 73 68 0 
0 20 16 22 0 14 15 21 0 0 72 71 75 68 0 74 0 70 56 53 50 52 54 0 0 55 0 44 0 0 49 41 0 45 43 42 0 0 77 2 0 79 81 3 0 63 67 0 60 62 61 65 66 64 0 31 0 0 24 0 30 23 27 0 5 0 6 9 12 7 10 8 35 0 38 33 36 39 37 32 0 
73 0 0 0 71 68 0 75 0 46 45 0 48 0 42 47 49 0 29 26 23 0 27 30 31 0 24 17 0 21 22 0 19 18 16 15 51 58 50 56 53 52 54 0 55 36 0 32 33 35 34 38 39 0 2 4 79 80 78 1 0 77 81 0 59 65 60 63 66 0 64 0 8 13 11 6 9 12 0 5 7 
0 38 34 0 0 32 0 39 0 10 0 8 12 0 6 0 13 7 0 0 0 70 72 0 76 73 69 62 65 66 67 0 0 63 61 0 15 0 14 20 17 16 18 21 19 0 4 77 0 80 79 2 0 1 0 0 0 44 42 46 48 41 45 0 23 29 0 0 30 25 28 26 53 58 56 51 54 57 55 50 52 
0 2 0 4 80 77 78 3 81 0 54 53 57 50 51 0 0 0 38 35 32 34 36 39 40 37 33 0 29 30 0 23 28 27 25 0 0 67 59 65 62 61 63 66 0 45 49 41 42 44 43 47 48 46 11 13 0 8 6 10 12 5 9 0 68 74 0 0 75 70 73 71 17 0 20 15 18 0 0 14 0 
64 65 61 67 62 0 0 66 63 0 36 0 39 32 33 38 40 0 0 17 14 16 18 0 22 19 15 8 0 12 13 0 0 0 0 0 42 49 41 47 44 43 0 48 0 27 31 23 24 0 25 29 30 0 0 76 0 71 69 0 75 68 72 0 0 56 0 54 57 52 55 53 80 0 2 0 0 0 1 0 79 
20 21 17 0 18 15 16 22 0 74 73 72 76 69 70 75 0 0 57 0 51 53 55 58 0 56 52 45 48 49 0 42 0 46 0 43 0 0 78 3 81 80 0 0 2 0 68 0 0 0 62 66 67 65 0 0 26 27 25 0 31 24 0 14 6 0 7 10 13 0 11 9 36 41 39 0 37 40 38 33 35 
65 66 62 68 63 60 61 67 0 38 0 36 40 33 34 39 41 35 21 0 15 17 19 22 23 20 0 9 12 13 0 6 0 10 8 7 43 50 42 0 45 0 46 49 47 28 0 24 0 27 26 30 31 29 0 77 0 72 70 0 76 69 0 59 51 57 52 55 58 53 0 54 81 5 3 79 1 0 2 0 0 
0 48 44 50 45 42 43 49 46 0 19 18 0 0 16 0 0 0 0 81 0 80 1 4 5 0 79 72 75 76 77 69 0 73 71 0 25 32 24 30 27 0 28 31 29 10 0 0 7 0 8 0 0 11 0 59 53 0 0 56 58 51 55 41 33 39 34 0 40 0 38 36 63 68 66 61 64 0 65 60 62 
11 12 0 0 9 6 7 0 10 65 64 0 0 60 61 0 68 0 48 45 42 0 46 49 50 0 43 36 39 40 0 0 38 37 0 34 70 77 69 75 72 0 73 76 74 0 59 51 52 54 0 57 58 56 21 23 17 18 16 20 22 15 19 5 78 3 79 1 4 80 2 81 0 32 0 0 28 0 29 24 26 
74 75 0 77 72 69 70 0 73 47 46 45 49 0 0 48 0 0 30 27 24 26 28 31 32 29 0 18 21 22 23 0 0 19 17 16 52 59 51 57 54 53 0 58 0 37 0 33 34 36 35 0 0 38 3 5 80 81 0 2 4 78 1 68 60 0 61 0 67 62 0 63 9 14 12 7 0 13 0 6 0 
29 30 26 32 0 24 25 31 0 0 0 81 4 78 0 3 5 80 66 63 60 0 64 0 0 0 0 0 57 58 0 51 56 55 53 52 0 14 0 12 9 0 10 0 11 73 0 69 70 72 71 75 76 0 39 41 0 36 34 0 0 0 37 0 0 21 0 19 22 17 20 18 0 50 48 0 46 49 47 0 0 
2 3 0 5 81 78 79 0 1 56 0 54 58 51 52 57 59 53 0 36 33 35 37 40 41 0 34 27 30 0 32 24 29 28 26 25 61 68 0 66 0 62 0 67 65 46 50 0 43 0 44 48 49 0 12 14 8 9 7 11 13 0 10 77 69 75 0 73 76 0 74 72 18 23 21 0 19 22 20 15 17 
56 0 0 59 0 51 52 0 55 29 28 0 31 24 0 30 32 26 12 9 6 8 10 13 14 11 7 81 0 4 5 78 2 1 80 0 0 41 0 39 36 35 37 40 38 19 23 15 0 18 17 21 22 20 0 0 62 63 61 65 67 60 64 50 0 48 43 0 49 44 47 0 72 77 75 70 73 0 74 0 71 
38 39 0 41 36 33 34 0 37 11 10 9 13 6 7 0 14 8 75 72 0 0 73 0 0 0 70 0 0 0 68 60 65 0 62 61 0 23 15 0 18 0 19 0 0 1 0 0 79 81 0 3 4 2 48 50 44 0 43 47 49 0 46 0 24 0 25 0 31 26 29 27 0 59 0 52 55 0 0 0 53 
67 68 64 70 65 0 0 69 0 0 39 38 42 35 36 41 0 37 0 20 17 19 21 24 25 0 0 11 14 15 16 8 0 12 0 9 45 0 44 50 47 0 0 51 49 0 34 0 27 29 0 32 0 0 77 79 0 74 72 76 78 71 75 0 53 59 0 57 60 0 58 56 0 7 5 81 3 0 0 80 1 
13 14 0 16 0 0 0 0 12 67 66 65 0 0 63 0 70 0 0 0 44 46 48 51 52 49 0 38 41 42 0 0 40 39 0 36 0 0 71 0 74 73 75 78 0 57 0 53 0 56 55 0 60 0 23 25 0 20 18 22 24 0 21 7 0 5 81 3 0 0 4 2 29 0 32 27 0 0 31 0 0 
22 23 19 25 20 0 0 24 21 76 75 74 0 71 72 77 79 73 59 56 53 55 0 60 61 58 54 47 50 51 52 0 49 48 46 45 81 7 80 5 0 1 0 0 4 66 0 62 63 65 64 68 69 67 0 34 28 0 27 31 0 0 30 0 8 0 0 0 15 0 0 0 38 43 0 36 0 42 0 35 37 
58 59 55 61 56 53 54 0 0 0 30 0 0 0 27 32 0 0 14 11 8 0 12 15 16 13 9 2 0 0 7 80 4 0 0 81 36 43 0 41 38 37 39 42 40 0 0 0 18 20 19 23 24 22 68 70 0 0 63 0 69 62 66 52 44 50 0 48 51 0 49 47 74 79 77 72 0 0 76 0 73 
49 50 0 52 0 0 45 51 0 0 0 20 0 17 0 23 0 19 0 2 80 1 3 0 0 4 0 74 77 78 79 0 0 75 0 72 27 34 26 32 29 28 30 33 31 12 0 8 9 0 10 0 15 13 0 61 0 56 54 58 60 0 57 43 0 0 0 39 42 0 40 38 65 70 0 0 66 69 67 62 0 
76 77 73 79 74 0 72 78 75 0 48 47 0 0 45 50 0 46 32 29 26 28 30 0 0 0 0 20 23 24 25 0 0 21 0 18 0 61 0 59 0 0 0 60 0 39 43 35 36 38 37 0 42 40 5 7 1 2 0 4 6 0 3 70 0 0 63 66 69 64 67 65 11 16 14 9 0 15 0 8 0 
0 32 28 34 0 26 27 33 0 4 3 0 6 80 81 5 7 1 68 65 62 0 66 0 0 67 63 56 0 0 61 53 58 57 0 0 9 0 8 14 11 10 0 15 0 75 79 71 72 74 73 77 78 76 0 43 37 38 36 40 42 35 39 0 17 0 0 21 24 0 22 20 47 0 0 0 48 0 49 44 46 
4 5 1 7 0 80 0 0 3 58 57 56 0 53 0 59 61 55 0 38 35 37 0 0 43 40 36 29 32 33 0 26 31 30 0 0 0 70 62 68 65 0 66 69 0 48 52 0 45 47 46 0 51 49 14 16 10 11 9 13 15 8 0 79 0 77 72 75 78 73 76 74 20 0 23 18 21 0 0 0 19 
40 41 37 43 0 35 36 0 39 0 12 11 15 8 9 0 0 10 0 0 71 0 75 0 0 0 0 65 68 0 0 62 67 0 64 0 18 0 17 0 20 19 0 24 0 3 0 80 81 0 1 5 6 4 0 52 46 47 45 49 51 0 48 0 26 32 27 30 33 0 0 0 0 61 0 54 57 60 0 53 55 
6 7 3 9 4 0 2 8 0 60 59 0 0 0 56 0 0 57 0 40 37 39 41 44 0 42 0 31 34 35 36 28 33 32 30 29 65 0 0 0 67 66 68 0 69 50 0 46 0 49 48 52 53 0 16 0 0 13 11 15 0 10 0 81 73 0 74 77 80 75 78 76 22 27 0 20 0 26 24 19 21 
0 0 30 36 31 28 29 0 0 6 5 4 8 0 2 7 0 3 70 67 64 66 68 0 0 69 0 58 61 62 63 55 60 59 57 56 11 0 0 0 0 0 14 17 0 77 81 73 74 76 75 79 0 78 0 0 39 40 0 42 0 0 0 0 0 25 20 0 0 21 24 22 49 0 52 0 0 53 0 46 0 
69 70 66 0 67 64 65 0 68 42 0 0 44 0 38 43 0 39 0 22 19 21 23 26 27 24 20 13 16 17 18 10 15 14 12 11 47 54 46 52 49 48 0 53 0 0 36 28 29 0 30 0 35 33 79 81 75 76 74 0 80 73 77 0 55 61 0 59 62 0 60 58 4 0 0 2 5 8 6 1 3 
0 0 0 81 76 0 0 80 77 51 50 49 53 46 47 52 0 48 34 31 28 0 32 35 36 0 29 22 25 26 0 19 24 23 21 20 56 0 55 61 58 57 59 0 60 0 0 37 38 40 0 43 44 0 7 9 3 4 2 6 0 1 5 72 0 70 65 68 71 66 69 67 13 18 0 11 0 17 15 0 12 
60 61 0 0 58 0 0 0 0 0 0 31 35 28 0 34 36 30 16 13 0 12 14 0 0 15 11 4 7 8 9 1 6 5 3 2 38 45 37 43 40 39 41 44 42 23 0 19 20 0 0 25 26 24 0 72 66 67 65 69 71 64 0 54 46 0 47 50 53 48 51 49 0 81 0 74 77 80 78 73 0 
0 0 48 54 49 46 0 53 50 0 0 22 0 19 20 25 27 0 0 4 0 3 0 8 0 6 2 76 79 80 81 73 78 77 75 74 0 36 28 34 0 30 32 35 33 14 18 0 11 13 12 0 17 0 61 63 57 58 56 0 62 0 59 0 37 0 0 0 44 39 42 40 67 0 0 65 0 71 69 64 0 
42 43 39 45 40 37 38 44 41 15 14 13 17 10 0 16 18 12 79 0 73 75 77 80 81 78 74 67 0 0 0 0 69 68 66 0 20 27 19 25 22 21 23 26 24 5 9 1 2 4 3 7 8 6 52 54 48 49 0 0 53 0 0 36 28 0 29 32 35 0 33 31 58 63 61 56 59 62 0 55 0 
15 16 12 18 13 0 11 17 14 69 0 67 71 64 65 0 72 66 0 0 0 48 50 53 0 0 47 0 43 44 45 0 42 41 39 38 74 0 73 79 76 75 77 0 78 0 63 0 56 58 57 61 0 60 25 27 0 22 20 24 0 19 0 9 1 7 0 5 8 3 6 4 31 36 34 29 32 35 0 0 30 
0 25 0 27 22 0 20 26 23 0 77 76 80 0 74 79 81 75 0 0 55 57 59 0 0 60 0 0 52 0 54 0 0 0 48 47 2 9 1 0 0 3 5 8 0 68 72 0 65 0 0 70 71 69 34 36 30 31 29 0 0 0 0 0 10 16 11 0 17 12 15 0 40 0 43 38 0 0 0 0 39 
