9
46 0 44 42 41 40 0 45 39 16 19 14 0 17 18 0 11 12 71 0 70 68 66 69 72 0 73 5 10 6 4 7 9 8 3 0 50 55 52 0 53 51 0 49 54 76 80 0 0 75 79 81 74 0 60 59 57 63 58 0 61 0 0 25 26 22 24 28 0 0 0 23 0 34 30 31 32 0 0 33 35 
19 11 17 0 14 0 16 18 12 70 73 68 67 71 72 0 65 66 0 0 43 41 39 0 45 38 46 59 0 60 58 0 63 62 57 0 23 28 25 21 0 24 20 22 27 49 0 0 51 48 52 0 47 50 33 32 30 0 31 29 0 0 0 79 80 0 78 0 81 75 0 77 0 7 3 0 5 0 2 6 0 
0 47 0 51 0 0 0 0 48 25 28 23 22 26 0 0 20 21 80 76 79 77 75 78 81 74 1 0 19 15 13 0 18 17 12 0 59 0 61 57 62 60 56 58 63 4 0 10 0 0 7 9 0 5 69 68 66 72 0 65 0 71 0 34 35 31 33 0 0 30 29 0 46 43 39 0 0 45 38 0 0 
0 74 0 78 77 0 79 0 0 52 55 50 49 53 54 51 47 48 26 0 25 23 21 0 0 0 28 0 0 0 40 43 45 0 0 38 5 10 7 0 0 6 2 4 9 31 35 0 0 0 34 0 0 32 15 14 12 0 0 11 16 17 0 0 0 58 60 64 0 57 56 59 0 0 66 67 68 72 0 0 71 
10 2 8 6 5 4 7 0 3 61 64 59 58 0 63 60 56 57 35 0 0 32 30 0 0 29 0 50 55 51 0 52 0 53 48 47 14 0 0 12 17 15 0 13 18 40 44 46 0 0 43 0 38 41 24 23 0 27 0 20 25 26 0 70 0 67 0 0 72 0 65 68 1 0 75 76 0 81 74 78 80 
28 20 0 24 0 0 25 27 0 79 1 0 76 0 81 0 74 0 0 49 52 0 48 0 54 0 0 0 73 69 0 70 72 71 66 65 32 0 34 30 35 33 0 31 36 58 0 64 0 0 61 0 56 59 42 41 39 0 40 38 43 0 46 7 8 0 6 0 9 0 2 5 0 0 0 13 14 18 11 15 17 
37 29 35 33 32 31 34 36 30 7 10 0 0 8 9 0 2 3 62 58 0 59 57 60 0 56 64 77 0 78 76 79 0 0 0 0 41 0 43 39 44 42 38 40 45 67 71 73 69 66 70 72 65 68 51 0 48 54 49 0 52 53 55 0 17 13 15 19 18 0 0 14 28 0 21 22 23 0 20 0 26 
0 56 62 60 59 58 0 63 57 34 37 32 31 0 0 33 29 30 8 0 7 5 0 0 9 0 10 0 28 24 22 0 27 26 21 0 68 73 0 66 71 0 65 0 72 13 0 0 0 12 16 0 11 14 78 77 75 0 76 0 79 80 1 43 44 40 42 46 45 39 38 41 0 52 48 0 0 54 0 51 53 
0 65 0 69 0 67 70 72 66 0 0 41 0 44 0 42 38 0 17 13 0 14 12 15 18 11 0 0 0 33 31 34 0 0 0 29 77 1 0 0 80 78 0 0 0 0 26 28 24 21 25 27 20 23 0 5 0 9 4 2 7 8 10 52 53 49 51 55 54 48 47 50 0 61 0 58 59 0 56 60 62 
74 66 72 70 69 0 71 0 0 0 47 0 0 45 46 0 39 0 18 0 17 15 13 16 0 12 20 33 38 34 32 35 0 36 31 30 78 0 80 76 81 0 75 77 0 0 27 29 0 22 26 28 21 0 7 0 0 10 5 3 8 9 11 53 54 0 52 56 55 0 48 51 0 0 58 0 60 0 0 61 63 
0 57 63 61 0 59 0 64 0 35 38 33 0 36 37 0 0 0 9 0 0 6 0 7 0 0 11 24 29 25 0 0 0 27 22 0 0 74 71 67 0 0 66 0 73 14 18 0 16 13 0 19 12 15 79 78 0 1 77 75 0 81 0 0 45 41 43 47 46 40 39 0 56 53 49 50 51 55 48 52 54 
11 0 9 7 0 0 8 10 4 62 65 0 59 63 64 61 0 58 36 0 0 33 31 0 0 0 38 51 56 52 0 0 0 54 49 48 0 20 17 13 18 16 12 14 19 0 45 47 43 40 44 46 39 42 25 24 22 28 23 21 26 27 0 71 72 68 0 74 73 67 66 69 2 80 76 0 78 1 0 79 81 
20 12 18 16 0 0 17 0 13 71 74 69 68 0 73 0 66 67 45 0 44 42 40 43 0 39 47 60 65 61 59 0 64 0 58 57 0 0 26 22 27 0 0 23 28 50 54 56 52 49 53 55 48 0 34 0 31 37 32 30 35 36 38 0 0 0 0 0 1 76 75 78 0 8 0 5 6 10 0 7 9 
0 39 45 43 42 41 0 46 0 17 20 15 14 18 19 0 0 0 72 68 0 69 67 70 73 66 0 6 11 0 5 8 0 9 0 3 0 56 53 0 54 52 48 50 55 77 81 2 79 76 80 1 75 78 61 60 0 64 59 0 62 0 65 26 27 0 25 0 28 22 21 24 0 35 0 0 0 37 30 0 36 
38 0 36 0 33 32 0 0 31 8 11 0 0 9 0 7 0 4 63 59 0 0 58 0 64 57 65 78 2 0 0 80 0 81 76 75 0 47 0 40 45 43 39 41 46 0 72 0 0 67 71 73 66 69 0 51 49 55 50 48 53 54 56 17 18 0 0 0 19 13 12 15 0 26 22 23 24 28 21 0 27 
29 0 27 0 24 23 26 28 22 80 2 0 0 0 0 0 75 76 0 50 0 51 0 52 0 48 56 69 74 70 0 71 0 0 67 66 0 38 35 0 36 34 0 32 0 59 63 0 61 0 62 64 0 60 43 42 40 0 41 39 44 0 0 0 9 5 0 11 10 4 3 0 0 0 13 14 15 19 12 0 18 
2 75 81 0 78 0 80 1 0 53 0 51 0 54 55 0 48 0 27 0 0 0 22 25 28 21 29 42 0 0 0 44 46 45 40 0 6 11 0 4 0 7 3 0 10 32 36 38 0 31 35 0 0 33 16 15 13 0 14 0 17 0 20 0 63 59 0 0 64 58 57 60 74 71 0 0 69 73 66 70 0 
0 48 54 52 51 0 53 55 49 26 0 24 0 27 0 0 21 0 0 77 0 0 76 79 1 75 0 15 20 0 0 17 19 0 0 0 0 65 62 58 0 0 57 59 0 5 9 11 7 0 8 10 3 0 70 69 0 73 68 0 71 72 74 35 36 0 34 38 0 31 30 33 47 0 40 41 42 46 39 0 45 
42 34 40 0 0 36 39 0 35 12 15 10 9 0 14 0 0 8 67 63 66 64 0 0 68 0 69 1 0 2 81 3 5 4 80 79 46 0 48 0 0 47 43 45 50 72 76 78 74 0 75 77 70 73 56 0 53 0 54 52 0 0 60 0 22 18 20 24 23 0 16 0 33 30 26 0 0 32 0 29 0 
6 79 4 0 0 81 0 0 80 57 60 55 0 58 59 56 52 53 31 27 30 28 26 29 32 25 33 46 51 0 45 48 50 0 44 43 10 15 0 0 13 0 7 0 14 36 40 42 38 35 0 41 0 37 20 19 17 23 18 0 21 22 24 0 67 0 65 0 0 62 61 64 0 0 0 0 73 0 70 74 76 
60 52 0 0 55 0 57 59 53 30 33 0 27 31 0 29 0 26 4 81 3 0 80 2 0 79 6 0 0 20 18 21 23 22 0 16 64 69 66 62 67 65 0 63 68 9 13 0 0 8 12 14 7 10 74 0 71 77 72 70 75 76 0 39 40 0 38 0 41 0 34 0 0 48 44 45 0 50 43 47 49 
24 16 0 0 0 18 21 23 17 0 78 73 72 76 0 74 70 71 49 45 48 46 44 47 50 0 51 0 69 65 63 66 68 67 62 61 28 0 30 0 31 29 25 27 0 54 58 60 0 53 57 59 52 0 38 37 0 41 0 34 39 40 42 3 0 81 2 6 5 80 0 0 0 0 8 0 10 0 7 0 13 
15 0 0 11 10 9 12 14 8 0 69 64 0 67 0 0 0 62 0 36 39 0 35 38 41 34 42 55 60 56 0 57 59 58 53 52 19 0 21 17 22 20 0 18 23 45 0 51 47 44 48 0 0 46 0 0 26 32 27 25 30 31 33 0 0 0 0 0 77 0 0 73 6 3 80 81 0 5 79 0 4 
51 0 49 0 0 0 48 0 44 21 24 0 0 22 23 20 16 17 76 72 75 73 0 74 77 70 78 0 0 11 9 12 14 13 8 7 0 60 57 0 58 56 52 54 59 81 0 6 2 0 3 5 79 1 65 64 62 0 63 61 66 67 69 30 31 0 29 33 0 26 25 28 0 39 35 36 37 41 34 38 0 
33 0 31 29 28 27 30 32 0 3 0 1 0 4 0 2 0 80 58 0 57 0 0 56 59 0 0 73 78 74 0 75 77 0 71 70 0 0 39 35 0 38 0 0 41 0 67 69 0 62 66 0 0 64 47 46 0 50 45 43 48 0 51 12 13 9 11 15 0 8 7 10 24 21 17 0 19 23 0 20 0 
69 0 0 0 64 63 66 0 62 39 42 0 36 40 0 38 0 35 13 0 0 0 8 11 14 7 15 0 33 29 27 0 32 0 26 25 0 78 0 71 76 74 70 72 77 0 22 24 20 17 0 23 16 19 2 0 0 5 81 79 3 0 6 48 49 0 47 51 50 44 43 46 60 0 0 0 55 59 52 0 0 
0 70 76 0 73 72 0 0 71 48 51 0 45 0 0 47 0 0 0 18 21 0 17 20 23 16 0 37 0 0 36 39 41 40 35 34 1 6 3 0 4 0 79 81 5 0 31 33 29 26 0 32 25 28 11 10 8 14 9 7 0 0 15 0 58 0 56 0 59 53 52 55 69 66 62 0 64 68 0 65 0 
16 0 14 0 11 0 0 15 9 67 0 65 64 0 69 66 62 63 0 0 40 38 0 39 42 0 43 56 61 57 55 58 60 59 0 0 20 25 22 18 23 0 17 0 24 46 50 0 0 45 0 51 44 47 0 29 27 0 0 26 31 32 34 0 77 0 0 79 78 0 71 74 0 4 0 1 2 6 80 3 5 
43 0 41 39 38 37 40 42 0 0 16 11 10 14 0 12 8 9 68 0 67 65 0 0 69 62 70 0 7 3 0 4 6 5 0 80 47 52 0 45 50 48 44 46 51 73 77 79 75 72 76 78 0 74 0 56 54 60 55 0 58 0 0 22 23 0 0 25 24 18 17 20 0 0 27 0 29 33 26 0 32 
52 44 0 48 47 46 49 51 0 22 25 0 19 23 0 0 17 0 0 73 76 74 72 75 0 71 79 11 16 12 10 13 15 14 0 8 0 61 58 54 0 57 0 0 60 0 5 0 3 81 0 6 80 2 66 65 63 69 64 62 0 68 70 31 32 28 30 34 0 27 26 29 43 40 0 37 38 0 35 39 41 
79 0 77 75 74 73 76 0 72 0 52 47 46 0 51 48 0 45 23 19 22 20 18 21 24 0 0 0 0 39 37 40 0 41 36 35 2 7 4 81 5 3 80 1 0 28 32 0 0 27 31 0 26 0 0 11 0 15 10 8 0 0 0 0 59 0 57 61 0 54 0 56 70 67 63 0 0 0 62 66 68 
34 26 0 30 29 0 31 33 0 4 7 2 1 0 6 3 0 0 0 0 0 56 54 57 0 0 61 74 0 75 73 76 0 77 72 71 38 43 40 36 41 39 35 0 0 0 68 70 0 63 67 69 62 65 0 47 45 0 0 44 0 0 0 13 14 0 12 16 0 9 8 11 25 0 18 19 20 24 17 0 23 
0 80 5 3 0 0 4 0 81 58 61 56 55 0 60 0 0 54 0 28 31 0 27 30 0 26 0 47 52 48 46 49 51 50 45 44 0 16 13 9 14 12 8 10 15 37 41 0 0 36 40 42 35 38 0 0 18 24 19 17 22 23 0 67 68 0 66 0 69 63 62 0 79 0 72 73 74 78 0 75 77 
70 0 0 66 65 64 67 0 63 0 0 0 0 0 0 0 35 0 14 10 13 11 9 12 0 8 16 29 34 30 0 31 33 0 0 0 74 79 76 72 0 75 0 73 78 19 23 0 21 0 0 24 0 20 3 2 0 6 0 80 0 0 0 49 50 46 48 52 51 45 44 47 0 0 0 0 0 60 53 57 0 
25 17 23 0 0 19 22 24 18 76 79 74 0 77 78 75 71 72 0 0 0 47 0 48 51 44 0 65 70 66 64 67 69 68 63 62 29 34 31 27 0 30 26 28 33 55 59 61 57 54 0 0 0 56 39 38 0 42 37 35 0 41 0 4 5 0 0 7 0 81 80 2 0 13 0 10 0 15 0 0 14 
61 53 0 57 56 55 58 0 54 31 34 29 28 32 0 30 26 27 5 1 4 2 81 3 0 80 7 20 0 21 19 22 0 0 0 17 65 70 67 63 68 66 62 64 0 10 0 0 12 0 13 15 8 11 0 74 72 78 73 0 76 0 0 40 0 37 39 43 42 36 35 38 52 49 45 46 47 51 0 48 50 
0 69 75 73 72 0 74 76 70 47 50 45 44 48 0 0 42 43 21 17 20 18 16 19 22 15 23 36 41 37 35 38 0 0 34 33 81 5 0 79 3 0 78 80 0 26 30 32 28 0 29 31 24 27 0 9 0 13 8 6 11 12 14 56 57 53 55 59 58 52 0 54 0 0 61 0 63 67 60 0 0 
0 0 66 64 63 0 65 67 61 38 41 0 35 39 40 37 33 34 12 0 0 9 0 10 13 6 14 0 32 0 26 0 31 30 0 24 72 77 74 0 75 0 69 0 76 0 0 23 0 16 20 22 0 18 1 0 79 4 80 0 0 3 5 47 0 0 46 50 0 43 42 45 0 0 52 53 54 58 0 55 57 
59 51 57 0 0 0 56 58 52 29 0 0 0 30 31 28 24 25 3 80 2 0 79 0 4 0 5 18 23 19 0 20 22 21 16 15 0 0 65 0 66 64 60 0 0 8 12 0 0 7 11 0 6 9 73 0 70 0 71 69 74 75 0 0 39 0 0 41 0 34 33 36 50 47 43 0 45 0 42 46 48 
0 24 30 28 27 26 29 31 0 0 5 0 80 0 4 0 78 0 57 53 56 54 52 55 58 0 59 72 77 73 71 74 76 75 70 69 36 41 38 0 39 37 0 0 40 62 0 68 0 0 0 0 0 0 46 0 43 49 0 42 47 48 0 11 0 8 10 14 0 0 6 9 23 20 16 17 18 22 0 19 21 
14 6 12 10 9 0 11 0 7 65 0 63 0 66 67 0 0 61 39 35 38 0 34 37 0 33 0 54 0 55 53 56 58 57 0 51 18 23 20 16 21 19 15 17 22 44 0 50 46 43 47 49 42 45 28 27 25 31 26 0 29 30 32 0 75 0 73 0 76 0 0 72 5 0 0 80 81 4 78 1 3 
0 0 0 0 18 17 0 22 16 0 77 0 71 0 0 73 0 0 48 44 47 45 43 46 49 42 50 0 68 64 62 0 0 66 0 0 0 32 29 25 30 28 0 0 0 53 0 0 55 52 0 58 0 54 0 36 0 40 0 33 38 0 41 2 3 0 1 0 4 79 0 81 0 0 7 8 9 13 6 0 12 
50 42 48 0 45 44 0 49 43 0 23 18 17 21 22 19 15 0 75 0 74 72 70 0 0 0 77 0 14 10 8 0 13 12 0 6 54 59 0 52 57 55 51 0 0 80 3 5 1 79 0 4 78 81 64 63 61 67 62 0 65 66 68 29 30 26 28 0 0 0 0 0 0 38 34 35 36 40 0 0 0 
5 78 3 1 81 80 2 4 0 56 59 54 53 57 58 0 51 52 0 26 29 0 25 28 31 0 32 0 50 46 0 47 49 48 43 0 9 14 11 7 12 10 6 8 0 35 39 41 37 0 38 0 33 36 0 18 16 0 17 0 20 21 23 0 66 62 64 68 0 61 60 63 77 74 0 0 72 76 0 73 75 
41 33 39 37 36 35 38 40 0 11 14 0 0 0 13 10 6 7 0 62 0 63 61 0 0 60 68 0 5 0 80 2 4 3 79 78 45 0 47 43 0 0 0 44 49 71 75 77 0 0 0 76 69 72 55 54 52 58 53 51 0 57 59 0 21 17 19 23 22 16 0 0 32 29 25 0 0 0 0 28 30 
12 4 0 8 7 0 9 11 0 0 0 61 60 64 0 62 58 59 37 0 36 34 32 35 38 31 39 52 0 53 51 54 56 55 0 0 16 21 18 14 19 0 13 15 20 42 46 0 44 0 45 47 40 43 26 0 0 29 24 22 27 28 30 0 0 69 0 75 0 0 67 70 0 81 77 78 79 2 0 80 1 
66 58 64 62 61 60 63 65 59 36 0 34 33 0 0 35 0 32 10 6 9 7 5 8 0 4 12 25 30 0 24 0 29 0 23 22 70 0 72 0 0 71 67 69 74 0 19 21 17 14 0 20 13 16 0 79 77 2 0 76 81 1 3 45 0 0 0 48 47 41 40 0 0 54 50 51 52 56 0 53 55 
3 76 1 80 79 78 0 2 77 0 0 52 0 0 0 0 49 0 0 0 27 25 23 26 0 0 0 0 48 0 0 0 47 46 41 0 7 12 9 5 10 8 0 6 0 33 0 39 0 32 36 38 0 0 17 16 14 20 15 13 18 19 21 0 0 60 62 66 65 59 58 61 0 72 68 0 70 0 0 71 0 
57 0 0 53 52 0 54 56 50 27 30 25 0 0 29 0 22 23 0 0 81 79 77 80 2 0 3 16 21 17 15 18 20 19 14 13 61 0 63 59 64 62 58 60 65 0 0 12 8 5 0 0 4 7 0 70 0 0 69 0 0 0 75 36 37 0 0 39 38 32 0 34 48 45 41 42 43 47 40 0 0 
30 22 28 26 25 0 0 0 23 81 3 0 78 1 0 80 76 77 0 0 54 0 50 53 56 49 57 70 0 71 69 72 74 0 0 0 34 39 36 32 37 0 31 33 38 0 0 0 62 0 63 65 0 61 44 43 41 0 0 40 45 46 48 9 10 0 8 12 0 5 4 0 0 18 0 15 16 20 13 17 0 
21 13 0 0 0 15 18 20 14 72 75 70 0 0 74 71 67 68 46 0 0 0 41 44 47 40 48 61 0 62 0 63 65 64 0 58 25 30 27 23 0 26 0 24 29 51 55 57 53 0 0 56 49 52 0 0 0 38 0 31 36 37 39 0 0 0 80 3 2 77 76 79 12 9 5 6 7 0 4 0 10 
48 0 0 44 43 42 45 47 41 18 21 16 15 19 20 17 13 0 0 0 72 70 68 0 74 0 75 7 12 0 0 9 0 10 5 0 52 57 54 0 55 0 0 51 56 78 1 0 0 77 81 2 76 79 0 61 59 65 0 58 63 64 66 27 28 0 26 30 29 0 22 25 39 36 0 33 34 0 31 0 0 
39 31 37 35 34 33 0 38 32 9 12 7 6 0 11 0 4 5 64 60 63 61 59 0 65 58 0 79 3 0 78 81 2 1 77 76 43 48 0 41 46 44 40 42 0 69 73 75 71 68 72 74 67 70 0 0 0 56 51 49 54 55 0 18 0 15 0 21 0 14 13 0 0 0 23 24 25 0 22 26 0 
0 0 73 71 0 0 72 74 68 45 48 43 42 46 0 44 40 41 19 15 18 16 14 17 0 13 21 0 0 35 33 36 38 37 32 31 79 3 81 0 1 80 76 0 2 24 28 30 26 23 0 0 22 25 0 7 5 11 0 0 0 10 12 0 55 51 53 57 0 50 49 52 66 63 0 60 0 0 58 62 64 
8 81 0 0 0 0 0 7 0 59 62 57 0 60 61 58 54 55 33 29 32 0 0 0 34 0 35 0 53 49 47 50 52 0 46 45 0 17 14 10 15 13 9 11 16 0 42 44 40 37 41 43 36 0 22 0 0 0 20 18 23 0 0 68 69 65 67 71 70 0 63 66 80 77 73 0 75 0 72 76 0 
71 63 0 67 0 0 68 70 64 0 44 39 38 42 43 40 0 0 15 11 14 12 0 0 16 9 17 30 35 0 29 32 34 33 0 27 75 80 77 0 78 76 0 74 79 0 0 26 22 19 23 25 0 21 4 3 0 7 2 81 5 6 8 0 51 47 49 0 52 46 45 48 0 59 55 0 57 61 0 0 60 
80 72 78 76 0 74 77 0 0 0 53 48 47 51 52 49 45 46 24 20 0 21 19 22 25 0 0 0 44 40 0 41 43 42 37 36 0 8 5 1 6 0 81 0 7 29 0 35 31 28 32 34 27 30 13 12 10 16 0 9 14 15 17 0 60 0 0 62 61 55 54 0 71 68 64 65 66 0 0 67 69 
62 54 0 58 57 56 59 61 55 0 35 30 29 33 34 0 0 0 6 0 0 3 1 4 7 81 8 21 26 22 20 23 0 0 19 18 0 71 68 64 69 67 0 65 70 11 15 17 0 10 14 16 9 12 0 75 73 0 0 72 77 78 80 41 42 38 40 44 43 0 36 39 53 0 46 47 48 0 45 0 51 
0 0 33 31 30 29 32 34 0 5 8 0 2 6 7 4 0 1 0 56 59 57 55 58 0 0 62 75 80 76 0 77 79 0 73 72 39 0 0 37 42 40 0 38 0 0 69 0 67 64 0 70 63 0 49 48 46 52 47 0 50 51 0 14 15 11 0 17 0 10 9 12 26 23 0 20 21 25 18 22 0 
44 0 0 0 39 0 41 43 37 0 17 0 11 15 16 0 9 0 69 65 68 0 64 67 70 63 71 0 8 0 2 5 7 0 1 81 48 53 50 46 0 49 45 0 52 74 78 80 0 73 77 0 0 75 0 57 55 61 56 54 0 60 0 23 24 20 22 0 25 0 0 0 0 32 28 0 30 34 27 0 33 
17 0 0 13 12 0 14 16 10 0 71 66 65 69 70 67 0 0 42 0 41 39 37 40 43 36 44 57 0 58 0 59 61 60 55 54 21 26 0 19 24 0 18 20 25 47 0 0 49 0 0 52 45 48 31 30 28 34 0 27 0 33 35 77 78 0 0 80 79 73 72 75 8 5 1 2 3 0 0 4 6 
26 0 24 22 0 0 23 25 0 0 80 75 0 0 0 76 0 73 51 47 0 48 46 49 52 45 53 66 71 67 65 68 70 69 0 0 30 35 32 28 0 31 0 29 34 56 60 62 58 55 0 0 54 57 0 39 37 43 38 36 41 42 44 5 0 2 4 8 7 0 81 3 0 14 0 11 0 16 9 13 0 
53 45 51 49 0 47 50 52 46 23 0 0 20 24 25 22 0 19 0 74 77 75 0 0 79 0 80 12 17 13 0 0 16 15 10 0 0 62 59 55 60 58 54 56 61 2 6 0 0 0 5 7 0 3 67 66 0 0 0 63 0 69 71 32 33 29 31 35 34 28 27 30 44 0 0 38 0 43 0 40 42 
40 32 38 36 35 34 37 39 33 10 13 0 0 11 12 9 0 6 65 61 64 0 60 63 66 59 0 80 0 0 79 0 3 0 78 77 0 49 46 42 47 0 0 43 48 70 74 76 0 0 73 75 0 71 0 53 0 0 52 50 0 56 58 19 20 0 18 0 21 0 14 0 31 0 24 25 26 30 23 27 0 
76 68 74 72 71 70 73 0 0 46 0 0 43 47 48 45 41 0 20 0 19 17 0 18 21 14 0 35 40 36 34 0 39 38 33 32 80 4 1 78 2 0 77 0 3 25 29 31 27 24 0 0 23 26 9 0 6 12 7 0 0 11 0 55 56 52 0 58 57 51 0 53 0 64 60 61 0 0 0 0 0 
31 23 29 0 26 0 28 30 24 0 4 80 0 2 3 0 0 78 56 52 55 53 51 54 57 50 0 71 0 0 0 73 75 74 69 0 0 0 37 0 0 36 32 34 39 0 0 67 63 0 0 66 59 0 0 44 0 48 0 0 46 47 49 0 11 0 9 0 12 0 5 0 0 0 15 16 17 21 0 0 20 
67 0 65 63 62 61 64 66 60 37 40 35 34 38 39 36 32 33 0 0 0 8 6 9 0 5 13 0 31 27 25 28 30 29 24 23 71 76 73 0 74 72 0 70 75 16 0 0 18 0 0 21 0 17 81 0 0 0 79 0 1 0 4 46 47 43 45 0 48 42 41 44 0 0 0 52 53 57 50 54 56 
58 50 56 0 0 52 0 57 51 0 31 0 0 29 30 27 23 24 0 0 0 80 78 81 0 0 0 17 0 18 0 19 0 20 15 14 62 67 0 60 65 63 59 0 66 7 11 0 9 6 10 12 0 8 72 71 69 0 0 68 73 74 76 37 38 0 36 0 39 33 0 35 49 46 42 43 44 48 0 0 47 
0 77 2 81 80 79 0 3 78 0 58 0 52 56 57 54 0 51 29 0 0 0 24 27 30 0 31 0 49 45 0 46 48 47 42 41 8 13 10 6 11 9 5 7 12 0 0 0 0 0 37 39 32 35 18 17 0 21 16 14 19 20 22 64 0 0 0 67 0 60 59 62 76 73 69 0 71 0 68 72 74 
22 0 20 18 17 16 19 0 15 0 76 71 0 74 0 72 68 0 47 43 46 0 42 0 48 41 49 62 67 63 61 0 66 0 60 59 0 31 28 24 29 27 23 25 30 0 0 58 54 0 55 0 0 0 0 35 33 39 0 32 37 0 40 1 2 79 81 4 0 78 0 0 13 10 0 7 8 0 5 9 0 
49 0 47 0 0 0 46 0 42 19 22 17 0 20 21 0 14 15 74 70 73 71 0 72 0 68 76 8 13 9 7 10 12 11 6 0 53 58 0 51 56 0 50 52 57 79 2 4 0 78 0 3 77 0 63 0 60 66 0 59 64 65 67 28 0 0 27 31 30 0 23 26 0 0 0 34 35 39 32 36 38 
13 5 0 9 8 7 10 12 6 64 67 62 61 0 66 63 59 60 38 34 37 35 33 0 39 32 40 53 58 54 52 0 57 56 0 50 0 0 0 15 20 18 14 16 21 43 47 49 45 42 46 48 41 44 0 26 0 30 25 0 0 29 31 73 74 70 72 0 75 0 68 71 4 1 78 79 80 0 77 81 0 
81 73 0 77 76 75 78 80 0 51 0 49 0 0 53 50 46 47 0 21 24 22 20 23 26 0 27 40 45 41 39 42 44 43 0 0 0 9 6 0 0 0 0 0 8 0 0 36 0 0 0 0 28 0 0 0 11 17 12 0 15 16 18 60 61 57 59 63 0 56 55 0 72 0 0 0 0 71 0 68 70 
9 1 7 5 4 3 6 0 2 60 63 0 57 0 0 59 55 56 0 30 33 0 29 32 0 28 36 49 54 0 0 51 53 52 47 0 13 0 15 11 16 14 0 12 17 39 43 45 41 38 0 0 37 40 0 22 20 0 21 0 24 25 27 0 70 66 68 72 71 65 64 0 0 78 0 75 0 0 73 77 79 
54 0 52 50 49 48 0 53 47 24 27 22 21 0 0 0 0 20 0 75 78 76 74 77 0 0 81 0 18 14 12 15 0 16 11 0 0 0 60 56 0 59 0 57 0 3 7 0 5 2 0 0 1 0 0 67 65 71 66 64 69 0 72 33 34 30 32 36 35 29 28 0 45 0 38 39 40 0 0 41 43 
0 37 43 0 40 39 42 44 38 15 18 13 0 16 0 14 0 0 70 0 69 67 0 0 71 0 0 4 9 0 3 0 0 7 2 1 0 0 51 47 52 50 46 48 53 75 0 81 77 0 78 0 0 76 0 58 0 0 57 55 0 0 63 24 0 21 23 0 26 20 19 0 0 33 29 30 31 35 0 0 0 
63 55 61 0 58 57 60 62 56 33 36 31 30 34 0 32 0 29 7 0 0 4 2 5 8 0 9 0 0 23 21 24 26 25 20 19 0 0 0 65 0 0 64 0 71 12 16 18 14 11 15 17 10 13 77 76 0 0 75 73 0 79 81 42 43 0 0 45 44 38 0 0 54 51 47 48 49 0 0 50 52 
36 0 34 32 31 30 33 35 29 6 9 4 3 7 8 5 1 0 61 0 60 58 0 59 62 55 63 76 81 77 75 78 80 0 0 73 40 0 42 38 0 41 37 39 44 66 70 72 68 65 69 71 64 0 0 49 47 53 48 46 51 52 0 15 16 12 14 18 17 11 10 0 0 0 20 21 0 0 19 23 25 
18 10 16 14 0 12 15 0 11 69 0 0 0 0 71 68 64 0 0 0 42 40 38 41 0 0 45 58 0 0 57 60 0 0 56 55 22 27 24 0 25 0 0 21 26 48 52 54 0 47 0 0 46 49 32 31 0 0 30 0 33 34 36 0 79 0 77 81 80 74 73 0 9 6 0 3 4 8 1 5 7 
0 0 70 68 67 66 69 0 65 0 45 0 39 43 0 41 0 38 16 12 0 0 11 14 17 0 0 0 36 32 30 0 35 0 29 28 76 81 78 74 79 77 73 75 80 21 25 27 23 20 24 26 19 22 5 4 0 8 3 1 6 0 9 51 52 48 0 0 53 47 0 49 63 60 0 57 58 62 55 0 0 
27 0 25 23 22 0 24 26 20 78 81 76 75 79 80 77 73 74 0 0 0 0 47 50 53 46 54 67 0 68 66 69 71 70 65 64 31 0 33 29 34 32 0 30 35 57 0 63 59 56 60 0 55 0 41 40 0 0 0 37 42 0 0 6 7 0 5 9 0 0 0 4 18 15 0 12 0 0 0 0 16 
