9
71 69 0 67 70 0 68 64 0 0 59 60 61 0 0 62 63 55 0 81 0 78 0 76 0 74 79 0 32 31 34 29 28 30 0 0 42 44 45 37 41 39 40 43 38 5 0 0 0 9 1 3 2 6 0 52 49 54 50 0 53 51 48 17 0 13 0 10 15 0 12 14 22 0 27 19 25 0 24 21 26 
0 0 57 58 61 0 59 55 63 0 0 51 52 49 0 0 0 46 71 72 64 69 66 0 68 65 70 0 23 0 0 20 0 21 24 26 0 35 0 28 0 30 31 34 0 77 80 79 76 81 73 75 74 78 37 0 40 45 41 38 44 42 39 0 0 4 2 1 6 0 0 5 0 14 18 0 16 11 0 12 0 
17 15 0 13 0 11 0 10 18 2 5 6 7 0 3 8 9 1 26 27 19 24 21 22 23 20 25 63 59 58 61 56 0 57 60 62 69 71 72 64 68 66 67 70 65 32 35 0 31 0 0 30 0 0 73 79 76 0 77 74 80 78 75 0 0 40 38 0 0 0 39 41 49 0 0 46 0 47 0 48 0 
26 0 21 22 0 20 23 19 27 11 0 15 16 13 0 0 18 0 35 0 28 33 30 0 0 0 34 72 0 0 0 65 64 66 0 0 78 80 81 73 0 75 76 79 0 41 0 43 0 45 37 39 38 42 0 7 4 0 5 2 8 0 0 53 52 49 47 0 51 54 48 50 0 59 0 55 61 0 60 0 62 
0 42 0 40 43 38 41 37 45 0 32 33 34 0 30 35 36 28 53 0 0 51 48 0 0 47 52 0 5 4 7 0 0 3 0 8 0 17 0 0 14 12 13 16 0 59 0 61 58 63 0 57 56 60 0 25 22 27 23 20 0 0 21 71 0 0 0 64 69 72 66 68 76 0 81 73 79 0 78 75 0 
0 51 48 49 52 0 50 0 54 38 41 0 43 0 39 44 45 37 62 63 55 60 57 58 0 0 61 18 14 13 0 0 10 12 15 17 0 0 27 19 0 0 0 25 20 0 71 70 67 72 64 66 65 69 0 34 0 36 32 29 35 33 0 80 79 0 74 73 0 81 0 77 0 0 9 1 7 2 0 0 8 
8 6 3 4 7 2 5 1 0 74 77 0 79 0 75 0 0 73 17 18 10 0 12 13 0 11 16 54 0 0 0 0 0 48 51 53 60 62 63 0 59 0 0 0 0 23 0 25 22 27 0 21 20 0 64 70 0 0 68 0 0 69 66 35 34 31 29 28 33 36 30 32 0 41 45 37 43 38 42 0 0 
0 33 0 0 34 0 32 28 36 20 0 24 25 22 0 26 27 0 44 45 37 42 39 40 0 0 43 81 77 0 79 74 73 0 0 80 0 8 9 1 0 3 4 7 2 50 0 52 0 54 46 48 47 51 10 16 13 18 0 11 17 15 0 0 61 58 56 55 60 63 57 59 0 0 72 64 70 65 69 66 71 
0 78 0 76 79 74 77 0 81 0 68 69 70 67 66 0 72 64 8 9 1 6 3 4 5 2 0 0 41 40 43 38 37 39 42 44 51 0 54 46 0 48 49 52 47 14 17 16 13 18 10 12 11 15 55 0 0 63 59 56 62 60 57 0 0 22 20 19 24 0 21 23 31 0 36 28 34 0 0 30 35 
60 58 55 56 59 0 57 53 61 45 0 49 50 47 46 51 0 44 69 70 0 67 64 65 0 63 68 0 21 20 23 0 17 19 22 24 0 33 0 26 30 28 29 32 27 0 0 0 74 79 71 73 72 0 35 41 38 43 39 0 42 0 37 6 5 0 0 80 0 0 1 3 11 0 0 0 14 0 0 0 0 
33 31 28 29 0 0 30 26 34 0 0 22 23 20 19 24 0 0 42 0 35 0 0 0 39 0 41 0 75 74 77 72 71 73 76 78 0 6 7 80 3 1 2 5 0 48 51 50 47 0 44 0 0 49 8 14 11 16 12 9 15 0 0 60 59 0 54 53 0 0 55 0 65 66 70 62 68 63 67 0 69 
0 0 64 65 68 63 66 62 70 0 57 58 59 56 0 0 0 53 78 0 71 76 73 0 75 0 0 34 30 29 0 0 0 28 31 0 40 0 43 35 0 37 38 0 0 3 6 5 2 7 80 1 0 4 44 50 47 52 48 0 51 49 46 15 0 0 9 8 13 0 0 12 0 21 0 17 0 18 0 19 24 
42 40 37 38 41 36 39 0 43 27 30 31 32 29 28 33 34 26 0 0 0 0 0 47 48 45 50 0 3 2 0 81 80 1 4 6 13 15 16 8 0 0 11 14 9 57 60 0 56 0 53 0 54 58 17 0 20 0 0 18 0 0 19 69 68 0 63 62 67 0 0 66 74 0 0 71 77 72 0 73 78 
51 0 46 47 50 45 48 44 52 36 39 40 41 38 37 0 0 0 60 61 53 0 55 56 57 54 59 16 0 0 14 9 8 10 13 15 22 24 0 17 21 19 20 23 18 66 0 68 65 70 0 0 63 67 26 32 29 34 0 27 0 31 28 78 77 74 72 71 76 79 0 75 0 0 7 0 5 0 4 1 6 
0 0 1 2 5 0 0 80 0 72 0 76 0 0 0 0 0 71 15 0 8 0 0 11 12 0 14 52 48 0 50 0 44 46 49 51 58 60 0 53 57 55 56 0 54 21 0 23 20 0 0 19 0 22 0 68 65 0 66 63 69 67 64 0 32 29 27 26 0 34 28 30 0 39 43 35 0 36 0 37 0 
15 13 0 11 0 9 12 0 16 0 3 4 5 0 1 6 7 80 0 25 17 22 19 0 0 18 23 0 57 56 0 54 0 55 58 60 67 69 70 62 0 64 65 68 0 30 33 32 29 34 0 28 27 31 0 0 74 0 75 72 78 0 73 0 41 38 0 35 0 43 37 39 47 48 0 44 0 0 0 46 51 
0 0 0 0 0 72 75 71 79 63 66 67 0 65 64 69 0 62 6 0 0 4 1 0 3 0 5 0 39 38 0 0 35 0 40 42 49 51 52 0 48 46 47 50 45 12 15 14 11 0 8 0 9 13 0 59 56 61 57 54 0 58 55 24 23 20 0 17 22 25 0 0 29 30 34 0 32 27 31 28 33 
24 22 19 20 0 18 21 17 0 9 12 0 14 11 0 15 16 0 0 34 26 0 28 29 0 0 0 0 66 0 0 63 0 0 67 69 0 78 79 71 0 0 74 77 72 0 42 41 38 43 35 37 36 40 0 0 0 7 3 0 0 0 1 51 0 47 0 44 0 52 46 48 56 0 61 53 59 0 58 55 0 
27 25 0 23 0 21 0 20 28 12 0 16 17 0 13 18 19 0 0 37 29 34 0 32 33 30 35 73 0 68 0 0 65 0 0 72 79 81 1 74 78 0 0 80 75 0 0 44 0 0 38 40 0 43 2 0 5 10 6 3 9 7 4 54 53 50 48 47 52 55 49 51 0 60 64 0 62 57 0 58 0 
81 79 76 77 80 0 0 0 0 66 0 70 0 68 67 0 73 65 9 0 2 7 4 5 6 3 8 46 42 41 0 39 38 0 43 45 0 54 0 47 0 49 0 53 48 0 0 0 14 19 0 13 0 16 56 62 59 64 60 57 0 61 58 27 26 23 0 0 25 28 0 24 32 33 0 0 35 0 34 31 36 
0 43 40 41 0 0 42 38 0 30 33 34 35 32 31 36 0 29 54 55 47 52 49 0 51 48 0 10 0 5 8 3 2 4 0 0 16 18 19 0 15 13 14 0 12 0 63 62 0 64 0 58 57 0 0 26 0 0 24 21 27 25 22 72 0 0 66 65 70 73 67 69 77 78 0 74 80 75 79 0 81 
72 70 67 0 71 0 69 0 73 0 60 61 0 59 58 63 64 56 0 1 74 0 76 77 78 75 0 37 33 32 35 30 29 31 34 36 43 45 46 38 0 40 41 44 39 6 9 8 5 10 2 4 3 7 0 53 50 55 0 48 54 52 49 18 0 14 12 11 16 0 13 0 23 24 28 20 26 0 25 22 27 
54 0 49 50 53 48 51 0 55 0 0 43 44 41 40 45 46 38 63 64 0 0 58 59 60 57 0 0 15 0 17 0 11 13 16 18 25 27 28 0 24 0 23 0 21 0 0 71 68 73 65 0 66 70 29 35 32 37 33 30 36 34 31 81 80 77 0 74 0 0 76 78 0 6 10 2 0 3 7 4 9 
0 0 0 5 8 3 6 0 10 0 0 0 80 0 76 0 1 74 18 19 0 0 13 14 15 12 17 0 0 0 53 48 47 49 0 54 61 63 64 56 60 0 59 62 0 24 27 26 0 28 0 0 21 25 0 71 68 73 69 0 72 70 0 36 0 32 0 29 34 37 0 33 0 42 0 0 44 0 0 40 0 
36 34 31 0 35 30 33 29 0 21 24 0 26 23 0 27 0 20 45 46 38 0 40 41 0 0 44 1 78 77 80 75 74 0 0 81 0 0 10 2 6 0 5 0 3 51 54 53 50 55 47 0 0 52 11 17 0 19 15 0 18 16 0 0 62 59 57 56 61 64 0 60 68 69 0 65 0 0 70 0 0 
63 61 58 59 0 57 60 56 64 0 0 52 53 50 0 0 55 0 72 0 0 70 0 68 69 0 71 28 24 23 0 21 20 22 25 0 34 0 37 29 0 31 32 35 30 78 81 80 77 1 0 0 75 0 38 44 0 46 0 39 0 43 40 9 8 0 0 0 7 10 4 6 0 15 0 11 17 12 16 13 18 
0 0 13 14 17 0 15 11 0 3 0 0 8 0 4 9 10 2 27 28 0 25 0 0 24 21 0 64 0 59 62 57 56 58 61 63 70 72 73 65 69 0 68 71 66 0 36 35 32 0 29 31 0 34 74 80 77 1 78 75 81 79 76 45 0 41 39 38 43 46 40 42 50 51 55 47 53 48 52 49 54 
56 0 51 52 0 50 53 49 57 0 44 45 0 0 42 47 48 0 0 66 0 63 60 61 62 59 0 21 0 16 19 0 13 15 18 20 0 0 30 22 26 24 25 0 0 71 74 0 70 0 0 69 68 72 31 37 34 0 35 32 0 36 33 0 1 79 77 76 81 3 0 80 7 8 12 4 10 0 9 0 0 
47 45 42 0 46 41 0 40 48 32 35 0 0 34 0 38 39 31 0 57 49 54 51 52 53 50 0 12 0 7 10 5 4 6 0 0 0 20 21 13 17 15 16 19 14 0 0 64 0 0 58 0 59 63 0 0 25 30 26 23 29 27 24 74 73 70 0 67 72 0 69 71 0 80 3 0 1 77 81 78 0 
38 0 33 0 0 32 35 31 39 23 0 0 28 0 0 29 30 22 47 0 40 45 42 43 44 41 46 0 0 79 1 0 76 78 81 2 9 11 12 4 8 0 7 10 0 53 0 55 0 57 49 51 50 54 0 19 0 21 17 14 20 18 15 65 64 0 59 0 63 66 60 62 70 0 0 0 73 68 0 69 74 
0 18 15 16 19 14 17 0 21 5 8 0 10 7 0 11 12 4 29 0 22 27 24 25 26 23 0 66 62 61 0 59 0 60 63 65 72 74 75 67 71 69 70 73 0 35 38 37 34 39 31 0 32 36 76 0 79 3 0 77 0 81 0 47 46 43 41 40 45 48 42 44 52 53 57 49 55 50 54 51 0 
74 72 0 0 0 0 71 67 75 59 62 0 0 61 60 0 66 58 2 3 76 0 78 79 80 77 1 0 35 0 37 32 31 0 0 38 45 0 48 40 44 42 43 0 41 8 11 10 7 12 4 0 5 0 49 55 0 0 53 50 56 0 51 20 19 0 14 13 18 21 15 17 25 26 30 0 28 0 0 24 29 
0 9 0 7 10 0 8 4 12 77 80 0 1 0 78 2 3 76 20 21 13 18 15 0 17 0 0 0 0 52 0 50 49 51 54 56 63 0 66 0 0 60 61 0 59 26 29 28 25 0 0 0 23 27 67 0 70 0 0 0 74 0 69 0 37 0 32 31 36 39 33 0 43 44 0 40 0 41 0 42 47 
0 63 60 61 64 59 62 0 66 50 53 54 0 52 51 0 0 49 0 75 67 0 69 0 71 68 73 30 26 25 28 23 0 24 0 29 36 38 39 31 35 0 34 37 32 80 2 1 0 0 76 78 77 81 0 46 0 0 44 41 47 0 42 0 10 7 5 0 9 12 6 8 16 0 21 13 0 0 18 15 20 
0 81 0 79 1 77 80 76 3 0 0 72 0 70 0 0 75 67 11 0 4 9 0 7 8 5 10 0 44 0 46 41 0 42 45 47 54 0 57 0 53 51 0 55 50 0 20 0 16 0 0 15 14 0 58 0 61 66 62 0 65 63 60 29 28 0 23 22 27 30 24 0 34 35 39 31 0 32 36 0 0 
29 27 0 0 28 23 26 22 0 14 17 18 19 16 0 0 21 13 0 0 0 0 33 34 0 32 37 75 0 0 0 0 67 69 72 74 81 0 3 0 0 78 79 1 77 0 47 46 0 0 40 42 41 45 4 10 7 12 8 5 11 9 6 56 0 52 50 49 54 57 51 0 61 0 66 0 64 59 63 60 65 
0 0 0 73 76 71 74 70 78 62 0 0 67 64 63 0 0 61 0 6 0 3 81 1 0 80 4 42 38 0 0 0 0 36 39 0 0 50 51 43 47 45 46 49 44 11 0 13 0 0 7 9 8 12 52 0 0 60 0 53 59 0 54 23 22 19 17 16 0 24 0 20 28 29 0 25 31 26 30 0 32 
41 39 0 37 0 0 38 34 0 0 29 0 0 28 0 32 33 25 50 0 43 48 45 46 47 0 49 6 0 1 4 80 0 0 0 5 12 14 0 0 11 9 10 13 8 56 59 58 55 60 52 0 53 0 0 22 19 24 20 17 23 21 18 68 67 64 62 0 66 69 63 0 73 74 78 70 76 0 75 72 77 
5 3 81 1 4 80 0 0 6 71 74 75 76 73 72 77 78 70 14 0 7 12 9 0 0 0 0 0 0 46 0 44 0 45 0 0 0 0 60 0 0 0 55 58 0 20 0 22 19 0 0 18 0 21 0 0 0 0 65 62 68 66 0 32 31 0 26 0 30 33 0 29 37 38 42 34 0 35 39 36 41 
0 12 9 10 13 0 11 7 15 80 2 0 0 1 81 5 6 79 0 24 16 0 18 19 0 0 0 60 56 55 58 53 52 54 0 59 66 68 0 61 0 0 64 67 0 29 32 31 28 0 25 0 0 0 70 76 0 0 74 71 0 75 72 41 40 0 35 0 0 42 0 0 0 47 51 0 49 44 48 0 0 
32 30 27 28 0 26 29 25 33 17 20 21 22 19 18 23 24 16 41 42 34 39 36 0 38 35 40 78 74 73 76 0 70 72 75 77 3 0 6 79 2 0 1 4 80 47 50 0 0 51 43 45 44 48 0 13 10 0 0 0 14 12 0 0 58 0 0 52 57 60 54 56 0 0 69 61 67 62 66 0 68 
50 48 45 46 49 44 47 43 51 35 0 0 40 37 36 41 42 0 59 60 52 57 54 55 56 53 58 15 11 10 0 8 7 0 12 14 21 0 24 0 0 18 0 0 17 65 0 67 0 69 61 0 0 66 25 31 0 33 29 26 0 0 27 77 76 73 71 70 75 78 0 74 1 2 0 79 4 80 3 81 5 
59 0 54 0 58 53 56 52 0 0 0 48 49 46 45 0 0 43 68 69 61 0 0 64 65 0 0 24 20 19 22 17 16 18 0 23 30 32 33 25 29 27 28 31 0 74 77 76 73 78 0 72 71 0 34 0 37 0 0 0 41 39 0 0 4 0 0 79 3 6 81 2 10 0 15 7 13 8 12 9 14 
23 21 18 0 0 17 0 16 24 0 11 0 13 0 9 0 15 0 32 0 25 30 27 28 29 26 0 69 0 64 67 62 61 0 66 68 75 77 78 70 0 72 73 76 0 38 0 40 0 42 34 36 0 39 79 4 1 6 2 80 5 3 81 0 0 0 44 43 48 51 45 0 55 56 60 52 58 53 57 0 59 
68 66 63 0 67 62 65 61 0 53 56 57 58 55 0 59 0 52 77 0 70 0 72 73 0 71 76 33 29 0 0 26 25 27 0 0 39 41 42 34 0 36 0 40 0 0 5 0 0 0 79 81 80 3 0 49 46 51 47 44 0 48 45 14 13 10 8 7 12 15 0 11 19 0 0 16 22 17 21 18 23 
0 55 0 0 56 51 0 50 0 42 45 0 0 44 43 0 49 0 0 67 59 64 61 62 63 60 65 22 18 0 20 15 0 16 19 21 28 30 31 0 0 25 0 0 24 72 75 74 71 76 0 0 69 0 32 38 0 0 0 33 39 0 0 3 2 80 78 0 0 0 0 0 8 9 0 5 11 6 10 7 12 
3 1 79 80 2 78 81 0 4 69 72 0 74 71 70 0 76 68 12 13 5 10 7 8 0 6 0 49 0 44 47 42 0 43 46 0 55 57 58 50 0 52 53 0 51 0 21 20 17 0 0 16 15 19 59 65 62 67 63 60 66 64 61 30 0 0 24 23 28 0 0 0 35 36 0 0 38 33 37 34 39 
0 0 16 17 20 0 18 0 22 6 0 10 0 8 7 0 13 0 30 0 23 28 25 0 27 24 29 0 63 0 0 60 59 61 64 0 0 75 76 68 0 70 0 0 0 0 39 38 35 0 0 34 33 37 77 0 0 0 81 0 3 1 0 0 47 0 42 0 46 49 43 45 0 0 58 0 0 51 55 0 57 
75 73 70 71 0 0 0 68 76 60 0 64 0 62 0 66 0 59 3 4 77 1 0 0 81 0 0 40 36 0 0 33 32 34 37 0 0 48 49 41 45 43 0 47 42 0 0 0 0 0 0 7 6 10 0 56 0 58 54 51 57 0 52 0 0 17 15 14 19 22 0 18 26 27 0 23 29 24 28 25 30 
39 0 0 35 38 33 36 32 0 0 0 28 29 26 25 0 31 0 48 49 41 46 43 0 45 42 47 0 81 0 2 78 0 0 1 0 10 0 13 0 0 7 8 0 6 0 0 0 0 0 0 52 51 0 14 20 17 22 18 15 21 19 0 66 0 0 0 0 64 67 61 0 71 0 76 68 74 69 73 0 75 
0 28 25 26 0 24 0 23 0 15 18 19 20 17 0 21 22 14 0 0 0 0 0 0 36 33 38 76 72 71 74 0 68 70 73 75 0 3 4 77 81 79 0 2 78 45 0 47 44 0 41 0 0 46 5 11 8 0 0 0 12 10 0 0 56 0 51 50 55 58 0 54 0 63 0 59 65 60 64 61 0 
0 64 61 62 65 60 63 59 67 0 54 55 56 0 52 57 58 50 75 76 68 73 70 71 72 69 74 31 0 26 29 0 23 25 0 30 37 39 40 32 36 34 35 38 0 81 0 0 80 0 77 79 0 0 0 47 44 49 45 42 48 46 43 0 11 8 6 0 0 0 7 9 17 0 22 14 20 15 0 16 0 
48 46 43 44 47 42 45 0 49 33 36 37 0 0 0 39 40 0 57 58 0 55 52 53 54 51 56 13 9 0 11 0 5 7 0 12 19 21 22 0 18 16 17 0 0 63 0 65 0 67 59 61 0 64 23 29 0 31 0 24 30 28 25 75 0 0 69 68 0 76 70 72 0 81 0 0 2 78 1 79 3 
12 10 0 8 11 6 0 5 0 78 81 1 2 80 79 3 4 77 21 22 0 19 16 17 0 0 20 58 54 53 56 51 50 0 55 57 0 66 0 59 0 61 0 65 0 27 0 29 26 0 23 25 24 28 68 74 0 0 0 69 75 73 70 39 38 35 33 32 37 40 0 0 44 45 49 0 0 0 46 43 0 
0 71 68 69 72 0 70 0 0 0 0 0 63 0 59 64 65 0 1 2 75 80 0 0 79 0 0 38 34 0 36 31 30 0 35 37 44 46 0 39 43 0 0 45 40 0 10 9 6 11 3 0 0 8 0 54 51 56 52 0 55 53 0 19 18 15 0 12 17 20 0 16 0 0 29 21 27 22 0 0 0 
0 35 32 33 0 31 34 30 38 22 0 26 27 24 0 28 0 0 0 0 39 0 0 42 43 40 45 2 0 78 81 76 75 77 0 1 8 10 11 3 0 5 0 0 4 0 0 54 51 0 48 50 0 0 0 18 15 0 16 13 19 17 14 64 63 0 0 0 62 65 59 61 69 0 0 66 72 67 71 68 0 
1 0 77 78 81 76 79 75 2 67 0 71 0 0 0 73 74 66 0 0 3 8 5 6 7 4 0 0 0 42 45 0 39 41 44 46 53 55 56 0 52 50 51 54 0 16 19 18 15 20 12 0 13 17 0 0 60 0 61 0 64 0 59 28 27 0 22 21 0 29 23 25 0 34 38 30 36 31 35 32 0 
0 53 50 51 54 49 52 48 56 40 0 44 45 42 41 46 47 0 64 65 57 62 0 60 61 58 63 0 0 0 18 13 12 14 0 19 26 28 0 0 25 23 24 27 22 70 73 72 69 0 66 68 67 71 30 0 0 38 0 31 37 0 32 0 0 0 0 75 0 0 77 79 6 7 11 3 0 4 8 5 10 
10 0 5 6 9 0 7 3 11 76 79 80 81 78 0 0 2 75 19 0 0 17 14 15 0 13 18 56 52 51 0 49 48 50 0 55 62 0 65 57 61 59 60 0 58 25 0 27 24 0 0 0 22 26 0 72 69 74 0 0 73 71 68 37 36 0 31 30 35 38 0 34 42 0 0 0 45 40 44 0 46 
64 62 59 60 63 58 0 57 0 49 52 53 54 51 50 55 56 0 0 74 66 71 68 69 0 0 72 29 0 24 27 0 21 23 0 0 0 37 38 30 34 32 33 36 31 0 1 81 0 2 0 0 76 80 39 0 0 0 43 40 46 0 41 10 0 6 4 3 0 0 5 7 0 16 20 12 18 13 17 14 19 
0 26 23 24 0 22 25 21 29 0 0 17 18 0 14 19 20 12 37 0 0 35 32 33 34 31 0 74 70 69 72 67 0 0 0 73 80 1 2 0 79 0 0 81 76 43 46 45 42 47 39 0 40 44 3 9 0 11 0 4 0 0 0 55 54 0 49 48 0 56 50 52 60 0 65 57 63 58 62 59 64 
19 0 14 15 0 13 16 0 0 4 7 8 9 6 0 0 11 3 28 29 21 26 23 24 25 22 27 0 0 60 63 58 57 59 62 64 71 73 0 0 70 0 69 72 0 34 0 36 0 0 30 32 31 35 75 0 0 2 79 76 1 80 77 46 45 42 40 39 0 0 41 0 51 52 56 48 54 49 0 50 55 
46 0 41 42 0 40 43 39 0 0 34 0 36 33 32 37 38 30 55 0 48 53 0 0 0 0 54 0 0 0 9 4 0 0 8 10 17 19 0 0 16 0 15 0 13 61 64 63 60 65 57 0 0 62 0 27 24 29 25 22 0 26 23 73 72 69 67 66 71 74 0 70 78 79 2 0 0 76 80 77 0 
79 77 74 75 78 73 76 72 80 64 0 0 69 66 65 0 0 63 7 0 81 5 2 3 4 1 6 0 40 0 42 37 36 38 41 0 50 0 53 45 49 47 48 51 0 13 16 15 12 17 9 11 0 14 54 60 57 0 58 55 0 59 0 0 24 21 19 18 0 0 20 22 30 31 35 27 0 0 32 0 34 
0 41 38 39 42 37 40 36 0 28 31 32 33 30 0 34 35 27 0 53 45 50 47 48 49 0 51 8 0 3 6 1 81 2 5 7 0 16 17 9 13 11 0 15 10 0 61 0 0 62 54 0 55 59 0 0 0 26 22 0 25 0 20 70 69 66 64 0 68 71 65 67 75 76 80 72 78 73 77 0 79 
34 32 29 30 33 0 0 27 35 19 22 23 0 21 20 0 26 18 43 0 0 41 38 39 40 0 42 0 76 75 0 0 72 74 77 0 5 7 8 0 4 2 3 0 0 49 0 0 48 53 0 47 46 50 9 0 12 0 13 10 16 14 0 61 60 57 55 54 59 0 56 58 0 67 0 0 0 64 68 65 70 
16 0 11 12 15 0 13 0 0 1 4 0 6 0 2 7 0 81 25 0 18 0 20 21 22 19 24 62 58 57 60 55 0 0 59 61 68 0 0 63 0 65 66 69 64 0 34 33 30 35 27 29 28 32 72 78 75 0 0 73 79 77 0 0 42 39 37 36 41 44 0 40 0 49 53 45 0 46 50 0 52 
70 68 65 66 0 64 67 0 71 0 58 59 0 57 56 0 62 54 79 80 0 77 74 75 76 73 0 35 0 30 33 28 0 29 32 0 41 43 44 36 40 38 39 42 37 4 7 6 0 8 81 0 1 5 45 51 0 53 0 46 0 0 47 16 15 12 0 9 14 17 0 0 21 0 26 0 24 19 23 20 25 
52 50 47 0 0 0 49 45 0 37 40 0 0 39 38 0 44 36 0 62 0 59 56 0 58 55 60 17 13 12 15 0 9 11 0 16 23 25 26 18 0 20 0 0 19 0 0 0 0 71 63 65 64 68 27 0 0 0 0 0 0 32 29 79 0 75 0 72 77 0 0 0 0 4 8 81 0 1 5 2 7 
61 59 56 57 60 55 58 54 62 46 0 50 0 48 47 52 53 45 70 71 63 68 0 66 67 64 0 26 0 0 0 19 18 20 23 25 32 34 35 0 31 29 30 33 28 76 0 0 75 80 72 0 73 77 36 42 39 44 0 37 43 41 38 0 6 0 1 81 5 8 2 4 12 13 0 9 15 10 14 11 16 
7 0 2 3 0 1 4 0 8 0 76 77 78 0 74 79 80 72 16 17 9 14 0 12 13 0 15 0 0 48 51 46 0 0 50 52 59 0 62 54 58 0 0 0 55 0 0 24 0 26 0 20 19 23 63 0 66 71 67 64 70 68 0 0 33 30 0 27 32 35 29 31 39 40 44 0 0 37 41 0 43 
25 0 20 0 24 19 22 0 26 10 0 14 0 12 0 16 17 0 34 0 27 0 29 30 31 0 33 0 67 66 0 64 63 65 0 0 77 79 80 0 76 74 75 78 73 40 0 42 0 44 0 0 0 41 81 6 3 8 4 1 7 5 2 52 51 48 0 0 50 53 47 0 57 0 0 54 60 55 59 56 61 
0 56 53 54 0 0 0 51 59 0 46 47 48 45 0 0 50 42 0 0 60 65 62 63 64 61 0 23 19 0 0 16 15 17 0 22 0 31 32 0 28 26 27 30 0 73 0 0 0 77 0 0 70 74 0 0 36 41 0 34 40 0 0 4 0 0 0 78 2 5 0 1 9 0 14 6 0 0 11 8 13 
76 74 71 0 0 70 0 69 77 61 0 0 66 63 62 67 68 60 4 0 78 2 80 0 1 79 3 0 0 0 39 34 33 0 38 40 47 49 0 42 46 44 0 0 0 0 0 12 9 14 6 0 0 11 51 57 54 59 0 0 0 56 53 22 0 0 16 15 20 23 17 19 27 0 32 24 0 25 29 26 0 
40 0 35 36 0 34 0 33 41 25 0 29 0 27 26 31 32 24 49 50 0 47 0 45 46 43 48 5 0 81 3 79 78 80 0 4 0 13 14 6 10 8 9 12 0 55 58 0 54 59 51 53 0 56 0 21 18 0 19 16 22 20 17 67 66 0 0 60 65 0 62 64 0 0 77 0 75 70 74 0 76 
22 20 17 18 21 0 0 15 23 0 10 11 12 9 8 13 14 6 31 32 24 29 26 0 0 25 30 68 0 63 66 0 60 0 65 67 74 76 77 0 0 71 0 75 70 37 40 39 36 0 33 35 34 0 78 0 0 0 1 79 4 2 80 49 48 45 43 42 47 0 44 46 54 0 0 0 0 52 56 53 58 
0 2 80 81 3 79 0 0 5 70 73 74 75 72 71 76 77 69 13 14 6 0 8 9 0 7 12 50 46 45 48 43 0 0 47 49 56 58 59 51 55 53 54 57 0 19 0 0 0 23 15 0 16 20 60 66 0 0 64 0 67 65 62 31 0 27 0 24 29 32 26 0 0 37 0 33 39 34 0 35 40 
31 29 0 27 0 25 0 24 32 0 19 20 21 18 0 22 0 15 0 41 33 0 35 36 37 0 0 0 73 72 75 70 69 0 74 76 2 0 5 78 1 80 81 0 79 46 49 48 0 0 0 44 43 47 6 12 9 14 10 7 13 0 8 58 57 0 52 51 56 0 53 55 63 0 68 60 66 61 65 0 67 
13 0 0 9 0 7 10 6 14 0 1 0 3 81 80 4 5 78 22 23 0 20 17 18 19 16 0 59 55 54 57 52 51 53 0 0 65 0 68 60 64 62 0 66 0 0 0 30 0 0 24 0 0 29 0 75 0 77 73 70 76 74 71 40 39 36 34 33 38 41 0 37 0 46 50 42 48 0 47 0 49 
0 65 0 63 66 0 0 60 0 0 55 56 0 54 0 58 0 51 76 77 69 74 71 72 73 70 75 0 0 27 0 0 24 0 29 31 38 40 41 0 37 35 36 39 34 1 4 0 81 0 78 80 79 2 42 48 45 50 46 0 49 47 0 13 12 9 7 6 11 14 0 10 18 19 23 15 21 0 20 17 22 
49 0 44 45 48 43 46 0 50 34 37 0 39 36 35 0 41 0 0 59 0 56 53 54 55 52 0 14 10 9 0 7 6 8 11 0 0 22 23 15 0 0 0 0 16 64 67 66 63 0 0 0 0 65 24 0 27 32 28 25 31 29 26 76 75 72 70 0 74 77 71 0 81 0 0 78 3 0 0 80 0 
