9
68 65 64 0 0 69 72 66 71 59 61 56 0 0 55 0 58 0 2 6 0 4 0 7 0 9 0 74 78 79 75 0 0 0 0 80 15 0 14 16 10 11 12 18 17 25 20 21 0 0 23 26 0 24 42 43 0 39 0 37 40 38 0 0 0 33 34 0 0 31 32 35 0 50 49 46 0 54 52 48 47 
14 11 10 13 0 0 18 0 17 5 7 2 8 9 1 6 4 3 29 0 0 31 28 34 30 36 32 0 24 0 21 23 19 0 0 0 42 40 41 43 37 38 0 0 0 52 47 48 0 0 50 53 0 51 69 70 0 66 68 64 67 65 0 56 57 60 61 63 55 58 59 62 0 0 0 0 78 81 79 75 74 
0 29 28 31 34 0 36 0 35 23 0 20 26 27 0 0 0 0 47 51 0 49 46 0 48 54 0 38 42 0 39 0 0 0 40 0 0 58 59 61 55 0 57 0 62 0 65 66 0 67 68 71 0 69 6 0 8 0 0 1 0 0 9 0 0 78 79 81 73 76 77 80 17 14 13 10 15 18 0 12 11 
23 0 0 0 25 24 27 21 26 14 16 11 0 18 10 15 13 0 38 42 44 40 37 43 39 45 41 29 0 0 30 32 28 36 31 0 0 49 50 0 0 47 0 0 53 0 0 0 63 58 59 62 55 60 78 79 80 75 77 0 76 0 81 65 66 69 70 72 64 0 0 71 8 5 4 1 6 9 0 3 2 
50 0 46 49 0 51 54 48 53 41 43 38 44 45 37 42 40 39 0 69 71 0 64 70 66 0 0 0 60 61 57 59 55 0 58 0 78 0 0 79 73 74 75 0 80 0 0 3 9 0 5 0 1 0 24 25 26 21 23 0 0 20 27 11 12 15 0 18 10 13 14 17 35 0 31 28 0 0 0 30 0 
5 2 1 4 7 6 9 0 8 77 79 0 0 81 73 78 76 0 0 24 26 22 19 25 21 0 0 0 0 16 12 14 10 18 13 17 33 31 32 34 28 29 0 0 35 43 0 39 45 40 41 0 0 42 0 61 62 57 0 55 58 56 0 0 48 51 52 0 46 49 50 0 71 68 0 64 69 72 0 66 65 
77 0 0 0 79 78 81 0 0 68 70 0 71 72 64 69 67 66 0 15 17 0 10 16 12 18 14 2 0 7 3 5 1 0 0 8 24 0 0 25 19 20 21 0 26 0 0 30 36 0 32 0 28 33 51 52 53 0 50 46 49 0 0 38 39 42 43 45 37 40 0 44 62 0 58 55 60 63 0 57 56 
0 56 55 0 61 60 63 0 62 50 52 47 53 0 46 51 49 48 74 0 80 0 73 79 0 81 77 65 69 0 66 68 0 72 67 71 0 4 0 7 1 2 3 9 0 0 11 12 18 13 14 17 10 0 33 34 35 30 32 28 31 0 36 20 0 0 25 27 19 22 23 26 44 0 0 37 42 45 0 0 0 
0 38 0 40 0 0 0 39 44 32 0 0 35 36 28 33 0 30 56 60 62 58 55 61 57 63 59 47 51 52 48 50 0 54 49 0 69 0 68 0 0 65 66 72 71 0 74 75 81 76 77 0 0 0 15 16 0 12 14 10 13 0 0 2 3 6 0 9 1 4 5 8 0 0 22 0 24 27 0 0 0 
6 3 2 0 8 0 10 4 9 0 0 75 0 0 0 79 77 76 21 0 0 23 20 26 0 28 24 0 16 17 13 0 11 19 0 18 34 32 0 0 29 30 31 37 36 44 39 40 46 41 42 0 38 43 61 62 63 0 0 0 59 57 0 48 49 52 53 0 47 50 0 54 72 69 0 65 70 73 71 0 66 
0 0 65 68 71 70 0 67 72 60 0 57 63 0 56 0 59 58 3 0 0 0 0 0 4 10 0 0 79 0 0 78 0 1 0 81 16 0 0 17 11 0 13 0 18 26 0 22 0 0 24 0 20 25 43 0 45 40 42 38 0 0 46 30 31 34 35 37 29 32 0 36 0 0 0 47 52 0 0 0 0 
60 57 56 0 62 0 64 58 63 51 0 48 54 55 0 0 50 0 75 0 0 0 74 80 76 1 0 66 70 71 67 69 65 73 0 72 7 5 6 8 0 3 0 10 9 0 0 0 19 14 0 0 0 16 34 35 0 0 33 29 0 30 0 0 0 25 26 0 20 0 24 0 45 42 0 0 0 46 44 0 39 
42 0 38 41 0 43 46 40 45 33 35 30 36 37 0 34 0 0 0 61 0 0 0 0 58 0 60 48 0 53 49 51 47 0 0 54 70 68 0 71 65 0 67 0 72 80 0 76 0 0 0 81 74 79 16 17 0 13 15 11 0 12 19 3 0 7 8 10 0 5 0 9 27 0 23 20 0 28 0 0 21 
0 30 29 32 35 0 37 0 36 24 26 21 0 28 0 0 23 22 48 0 54 0 47 0 0 55 51 39 43 44 40 42 0 46 0 45 61 0 60 0 0 57 58 64 63 0 66 0 73 68 0 72 0 0 0 8 9 0 6 0 0 3 10 75 76 79 80 1 0 77 78 81 18 15 14 11 0 19 17 13 12 
24 21 0 23 0 25 28 22 27 0 17 0 0 19 0 0 14 13 39 43 45 0 0 44 40 46 42 30 0 0 0 33 29 0 32 36 52 50 51 53 47 0 0 55 54 0 57 58 64 59 60 0 0 61 79 80 81 0 78 0 77 75 1 66 67 70 71 73 65 68 69 72 9 6 5 2 7 0 8 4 3 
15 12 11 0 17 16 19 0 18 6 8 3 9 10 2 7 0 4 30 0 36 32 29 35 31 37 33 0 25 26 22 0 20 28 0 27 43 0 42 0 38 39 40 46 45 53 0 0 55 0 51 0 47 52 70 71 72 67 69 0 68 66 73 0 58 61 62 64 56 59 60 63 0 78 77 0 79 1 80 76 75 
78 0 74 77 0 79 1 76 0 69 71 0 72 0 0 70 68 67 12 16 18 14 0 17 13 19 15 3 0 0 4 6 2 10 0 9 25 23 0 0 20 0 0 0 0 35 30 31 0 32 33 0 29 0 52 53 0 49 51 47 0 48 55 39 40 43 44 0 38 41 42 45 63 60 59 0 61 64 62 58 57 
51 48 47 50 53 52 0 0 54 42 44 39 45 46 38 43 41 0 0 70 0 0 65 0 67 73 69 0 0 62 58 60 56 0 59 63 79 77 78 80 0 75 76 1 81 8 3 4 10 5 0 0 0 0 25 26 0 0 24 0 23 0 28 12 13 0 17 0 11 14 15 0 36 33 32 29 34 0 0 31 30 
62 0 58 61 0 0 66 60 0 53 55 50 56 57 49 54 0 51 77 81 2 79 76 1 78 3 80 0 72 73 0 71 67 0 70 74 0 0 8 10 4 5 0 0 11 19 14 15 21 16 17 20 13 18 36 37 38 0 35 31 34 32 0 23 24 0 0 30 22 25 26 0 47 44 43 40 45 48 0 0 41 
8 5 0 0 10 0 12 6 11 80 1 0 2 0 76 81 0 78 23 27 29 25 22 28 0 30 0 14 18 19 15 17 13 21 0 20 36 34 35 37 31 0 33 39 38 0 41 42 0 0 44 47 40 0 63 0 65 0 62 0 61 59 66 0 0 54 55 57 49 52 53 0 74 71 0 0 72 75 73 69 0 
53 50 0 0 55 0 57 51 56 44 46 41 47 48 40 45 0 42 0 72 74 70 67 0 69 0 71 59 63 0 60 62 58 66 61 65 81 0 80 0 0 0 0 3 2 10 5 6 12 0 8 11 4 9 27 0 29 24 26 22 25 0 30 14 15 18 19 21 13 16 17 20 38 0 0 0 0 0 0 33 32 
44 41 40 0 46 45 0 42 47 35 0 32 38 39 31 0 34 33 59 63 65 61 58 64 60 66 62 50 54 55 51 53 0 0 52 56 0 70 71 73 0 68 69 75 74 1 77 78 3 79 80 2 76 81 0 0 0 15 0 13 0 14 21 5 6 9 10 0 4 7 8 0 29 0 25 0 27 30 28 24 23 
71 0 67 70 0 72 0 0 74 62 64 59 0 66 0 63 61 60 5 9 0 7 0 10 0 12 8 77 81 1 78 0 0 3 79 2 18 16 17 0 13 14 15 21 0 28 0 24 30 0 26 29 22 27 45 0 47 42 44 40 43 41 48 32 33 36 37 39 0 34 35 38 56 0 0 49 0 57 55 51 50 
0 0 13 16 0 18 21 15 0 0 10 0 0 12 0 9 7 6 32 36 0 34 31 0 0 0 35 23 0 0 24 26 22 30 25 29 45 0 44 46 0 41 42 0 47 55 0 51 57 52 53 56 49 54 72 73 0 69 71 67 0 68 75 0 0 63 0 0 58 61 62 65 2 80 79 76 81 3 1 0 77 
35 32 31 34 37 36 39 33 38 26 28 23 29 30 22 27 0 24 50 54 56 52 49 55 51 57 0 41 45 46 42 0 40 48 43 47 63 61 62 64 58 59 60 66 65 0 0 69 0 0 71 0 67 72 9 10 11 0 8 0 0 5 12 77 78 81 1 0 0 79 80 2 20 17 16 13 18 21 19 15 14 
26 0 22 25 0 27 0 0 0 17 19 14 20 21 0 18 16 15 41 45 0 43 40 46 42 48 0 32 36 37 0 0 31 39 34 38 0 52 53 55 49 0 51 57 56 64 0 60 0 61 62 65 58 63 81 0 2 78 0 76 0 0 3 68 69 72 73 75 0 70 71 74 11 8 7 4 9 12 10 6 5 
0 77 0 79 1 0 3 78 0 71 0 68 0 75 67 0 0 69 0 18 20 16 0 0 15 0 17 5 9 10 6 8 4 0 7 0 27 25 26 28 22 0 24 0 29 37 0 33 0 34 0 38 31 36 54 55 0 51 53 49 0 50 57 0 0 45 46 48 40 43 44 0 65 0 0 58 63 0 64 60 59 
0 0 39 42 45 44 0 41 46 0 36 31 37 0 30 0 33 0 58 0 64 60 57 0 59 65 61 49 0 54 50 52 48 0 51 55 71 69 0 72 66 0 68 74 0 81 76 77 0 78 79 0 0 80 0 18 0 14 16 12 15 0 0 0 5 8 9 11 0 6 7 10 0 25 24 0 26 0 27 23 22 
16 0 12 15 0 17 20 14 19 7 9 4 0 11 0 8 6 5 31 35 37 33 0 36 32 38 34 0 26 27 23 25 21 29 24 28 0 42 43 45 39 0 41 47 0 0 49 0 56 51 52 55 48 0 0 0 73 0 0 66 0 67 74 0 59 62 63 65 57 0 61 64 0 0 0 0 80 2 81 77 76 
70 67 66 69 0 71 0 0 73 61 63 58 64 0 0 62 60 59 0 0 10 6 3 0 0 11 0 76 0 81 77 79 75 0 78 1 17 15 0 0 12 0 0 20 19 27 0 23 0 24 25 28 21 26 44 45 46 41 0 39 42 40 47 0 32 35 0 0 0 33 34 37 55 52 0 48 53 56 54 50 49 
34 31 30 0 36 0 38 0 37 25 27 22 28 29 0 0 24 0 0 53 55 51 48 54 0 56 0 0 44 45 41 43 39 0 42 0 0 0 61 0 57 58 59 65 64 0 0 0 0 69 70 73 0 0 8 9 0 5 7 3 6 0 0 76 0 80 81 2 75 78 79 1 19 0 15 12 17 0 18 14 13 
7 4 3 6 9 8 11 5 0 79 81 76 1 2 75 0 78 77 22 26 28 24 21 0 23 29 25 13 17 18 14 16 12 0 15 0 35 0 0 36 30 0 32 38 37 0 40 41 47 42 43 0 39 44 62 63 64 59 61 0 0 58 65 49 50 0 0 56 48 51 52 55 73 70 69 0 71 0 0 68 67 
25 22 21 0 27 26 29 23 28 0 0 13 19 20 12 17 15 0 40 44 0 42 39 45 41 0 43 0 0 0 32 34 30 38 0 0 53 51 52 0 48 49 50 0 0 0 0 59 65 60 61 64 57 62 0 81 1 77 79 75 78 76 2 67 68 71 72 0 66 0 70 0 10 7 6 3 8 11 9 5 0 
79 76 0 0 81 0 0 0 1 70 72 0 73 74 66 0 0 0 13 17 19 15 0 18 14 20 16 0 0 0 0 0 3 11 0 10 26 0 25 27 21 22 0 29 28 36 31 32 38 33 0 37 30 35 53 0 0 50 52 48 51 0 0 0 0 44 45 0 39 42 0 0 64 61 60 57 0 65 0 59 58 
61 58 0 60 63 62 65 0 64 52 0 49 55 56 0 53 51 50 76 0 1 78 75 81 77 2 79 0 71 0 0 70 0 74 0 0 8 6 0 0 0 0 5 0 0 18 13 14 20 15 0 19 12 17 35 36 37 32 34 0 0 0 38 0 23 0 0 29 21 24 0 28 0 43 0 0 0 47 0 41 40 
0 49 48 51 0 53 56 50 55 43 0 0 0 47 39 44 42 41 67 0 0 0 66 72 68 74 70 58 62 0 59 0 0 65 60 0 0 0 0 81 75 0 0 2 0 0 0 0 11 6 7 0 3 8 26 27 28 0 0 21 24 22 0 13 0 17 18 0 0 15 16 19 37 0 33 0 35 38 36 32 0 
46 43 0 45 0 0 50 0 49 37 39 0 40 41 33 38 36 35 0 65 67 63 0 66 62 68 0 0 56 57 0 0 51 59 54 58 0 0 73 75 0 70 0 77 0 0 79 0 5 81 1 0 78 2 20 0 0 17 19 0 18 16 23 7 8 11 0 14 0 9 0 13 31 28 27 0 0 32 30 26 25 
10 0 0 9 0 0 14 8 0 1 3 79 0 5 0 2 81 80 25 29 0 27 24 0 0 0 0 0 20 0 17 19 0 23 0 22 38 0 0 39 33 0 0 0 40 48 43 44 0 45 46 49 42 47 0 66 67 0 64 0 63 61 68 52 0 0 57 0 51 0 0 58 76 73 72 69 74 77 75 0 70 
1 79 78 81 3 2 0 80 4 73 75 0 0 77 69 74 0 71 16 20 0 0 15 0 17 23 19 0 11 0 0 0 6 14 9 13 29 27 28 30 0 25 26 0 0 0 0 0 41 0 37 40 33 38 56 57 58 0 55 51 54 0 0 43 44 47 48 50 0 0 46 0 0 0 63 60 0 0 66 0 0 
28 25 24 27 30 0 32 26 0 19 21 16 22 23 15 20 0 0 0 47 0 45 42 48 0 50 0 34 38 0 35 37 33 0 0 0 56 54 55 57 51 0 0 59 58 66 0 62 68 63 64 67 60 0 0 0 0 80 1 78 81 0 5 70 71 74 75 0 69 72 73 0 0 10 0 6 0 0 12 8 0 
37 0 33 36 39 38 41 0 0 0 0 25 0 32 0 29 27 26 0 56 0 0 51 0 53 0 55 43 0 48 0 46 42 50 45 0 65 63 64 66 0 61 62 0 67 0 70 71 77 72 0 76 69 0 11 12 13 8 10 6 9 0 14 0 0 2 3 5 78 81 1 4 0 19 18 15 20 23 21 17 16 
55 52 51 0 57 56 59 0 0 46 0 43 49 50 0 47 45 44 70 0 76 72 69 75 0 77 73 61 65 66 0 64 60 68 0 67 0 0 1 3 0 0 0 5 4 0 7 8 14 9 10 13 6 11 29 30 0 26 28 0 27 0 32 16 17 20 21 23 0 18 0 22 40 37 0 33 38 0 0 0 34 
64 61 0 63 66 65 68 0 67 55 57 52 58 59 51 56 54 53 79 2 4 0 0 3 0 0 0 0 74 0 71 73 69 77 0 76 0 9 10 12 6 7 8 0 13 0 16 17 23 18 19 22 15 0 0 39 40 35 37 33 36 34 0 25 26 29 30 0 24 27 0 31 49 46 45 42 47 0 48 44 43 
19 16 15 18 21 20 23 17 0 10 12 7 13 14 6 11 9 0 34 38 40 0 33 0 35 0 37 25 29 30 0 0 24 0 27 31 0 0 0 48 42 43 44 50 49 57 52 53 59 54 55 0 51 56 74 0 76 71 73 69 0 70 77 61 0 65 66 68 0 63 64 67 4 1 0 78 0 5 3 80 79 
73 70 69 72 75 74 77 71 76 64 0 61 67 68 60 65 0 62 0 0 0 9 6 0 8 14 10 79 2 3 0 1 78 5 81 4 0 18 0 21 15 16 17 0 22 30 0 26 32 27 28 31 24 29 47 0 49 44 0 42 45 43 50 0 35 38 39 41 33 36 37 40 58 0 54 0 56 59 57 53 52 
36 0 0 35 38 37 40 34 39 0 0 24 0 31 23 28 26 25 51 55 0 0 50 56 52 0 54 42 46 47 0 45 41 49 0 48 0 0 63 65 0 60 0 0 66 74 0 70 0 71 0 0 68 73 10 11 0 7 9 5 0 0 13 78 79 1 2 0 0 0 0 3 21 18 17 14 19 22 0 16 0 
54 51 50 0 56 55 58 0 57 45 0 42 48 49 0 46 0 43 69 73 75 0 0 74 0 76 0 60 64 0 0 63 59 0 62 0 1 80 81 2 0 78 79 4 3 11 6 0 0 8 0 0 5 0 28 29 30 25 27 23 26 0 0 15 0 0 0 22 14 0 0 21 39 0 35 32 37 40 38 34 0 
0 24 23 0 29 0 31 25 0 18 0 0 21 0 14 19 17 16 42 46 0 44 41 47 0 49 45 33 37 0 34 36 32 0 35 39 55 53 54 56 50 51 0 58 57 65 60 61 67 0 0 66 59 0 1 2 3 79 81 77 80 0 4 0 70 0 74 76 68 71 72 0 12 9 8 5 10 0 11 0 6 
45 42 41 44 47 0 49 0 48 0 38 33 0 0 32 37 35 34 60 64 0 62 0 65 0 0 0 51 0 56 0 54 0 58 53 0 73 71 0 74 68 0 70 0 75 0 78 79 4 80 81 3 77 1 19 20 21 16 18 14 17 15 22 6 7 10 11 13 5 8 9 12 30 27 26 23 28 31 29 0 24 
81 78 77 80 2 1 0 0 3 72 0 69 75 76 68 0 71 0 15 19 21 17 14 0 16 22 18 6 0 11 0 9 5 0 8 12 28 0 27 29 23 24 25 31 30 38 0 34 0 35 0 39 32 37 0 56 57 52 0 0 53 0 58 42 43 46 0 49 41 0 0 48 0 63 0 59 64 0 65 0 60 
63 0 0 62 65 64 67 61 0 54 56 0 0 58 50 55 0 52 78 0 3 0 77 2 0 0 81 69 73 74 70 72 68 76 71 0 10 8 0 11 5 0 0 13 0 20 15 16 22 17 18 21 0 19 37 38 0 0 0 0 35 33 40 24 25 0 29 31 23 26 27 0 48 45 0 0 46 49 47 0 0 
18 0 14 0 20 19 22 16 21 9 11 0 0 13 5 10 8 7 0 37 0 0 32 38 0 0 36 0 28 29 25 27 23 0 0 0 46 44 45 0 41 0 43 49 48 56 0 0 58 53 54 57 50 55 73 0 0 70 72 68 71 69 0 60 61 0 0 67 59 0 63 66 3 0 0 77 0 4 2 79 78 
9 6 5 8 11 0 13 0 12 0 0 78 3 4 77 0 80 0 24 28 0 0 0 29 0 31 27 15 19 20 16 18 14 0 0 21 37 35 36 0 0 33 34 40 39 0 0 0 49 0 0 0 0 46 64 65 66 0 63 59 62 60 0 51 0 55 56 58 50 53 54 0 75 72 71 0 73 76 0 70 0 
72 0 68 0 74 73 76 0 0 0 65 60 0 0 59 64 62 61 0 0 0 8 5 11 0 13 9 0 1 2 79 81 77 4 80 3 0 17 0 20 14 15 0 22 21 0 24 25 0 0 27 0 23 28 46 47 48 0 0 41 44 0 49 33 34 0 0 40 32 35 36 39 57 0 53 50 55 0 0 52 0 
0 72 71 0 77 76 0 73 78 66 68 63 69 70 0 67 65 64 0 0 15 11 0 14 10 16 12 81 4 5 0 0 80 7 2 6 22 20 21 23 17 18 0 25 24 32 27 28 34 29 30 33 26 31 49 0 51 46 0 0 0 45 52 36 37 40 41 0 0 0 0 0 60 57 56 53 58 0 59 0 0 
39 0 35 38 0 0 43 37 42 0 32 27 0 0 0 31 29 28 54 0 60 56 53 0 55 61 57 45 0 50 46 48 0 0 47 51 67 0 0 68 0 63 64 0 69 0 72 73 79 74 0 78 0 76 13 0 0 10 12 8 11 9 16 0 1 4 0 7 80 2 3 0 24 21 20 17 0 25 23 19 0 
3 81 80 2 5 4 7 1 6 0 0 72 0 79 71 76 0 73 18 22 24 20 0 23 0 25 21 0 13 14 0 12 8 16 11 0 0 0 0 32 26 0 0 34 0 0 0 37 43 38 0 0 35 40 58 59 60 55 57 0 56 54 61 45 46 0 0 52 0 47 0 51 69 66 65 0 67 0 68 0 63 
57 54 53 56 0 0 0 55 60 48 0 0 51 0 44 49 47 46 0 0 78 74 71 77 73 79 75 0 67 68 0 66 62 70 65 0 4 2 3 5 80 81 1 7 6 14 9 10 16 11 12 15 0 0 31 32 33 28 30 26 29 27 34 0 0 22 23 0 17 20 21 24 0 39 0 0 0 43 41 37 36 
0 45 0 47 50 0 52 46 51 0 41 36 42 0 0 40 38 37 0 67 0 65 0 68 64 0 66 54 58 59 0 0 53 61 56 60 76 74 75 77 0 72 73 79 78 0 81 0 7 2 3 0 80 4 22 23 24 0 0 17 20 18 25 0 10 0 14 16 8 11 12 15 33 30 29 26 0 0 0 28 0 
21 18 17 20 23 0 25 19 24 0 14 9 15 16 8 13 11 10 36 0 0 38 0 0 37 43 39 0 31 32 28 30 0 0 0 0 49 47 48 50 0 45 46 52 51 59 0 55 61 0 57 60 53 58 76 77 78 0 0 71 74 72 79 63 64 67 68 0 62 65 66 69 6 3 2 80 0 7 0 0 81 
66 63 62 65 68 67 70 64 0 0 0 54 60 0 0 0 56 55 81 4 0 2 80 0 1 7 3 72 76 77 73 0 71 79 0 0 13 11 12 14 8 0 10 0 15 0 18 19 25 20 21 24 0 22 40 41 42 37 39 35 38 0 43 27 28 0 32 34 26 29 30 0 0 48 0 44 0 0 0 46 45 
0 9 8 11 14 13 16 10 15 3 5 0 6 7 80 0 2 1 27 31 33 29 26 32 28 34 0 18 0 23 19 21 0 25 20 24 0 38 0 0 35 36 0 0 42 0 0 0 52 0 48 51 0 49 0 68 69 0 66 62 65 0 0 0 0 58 59 0 0 56 57 60 78 75 74 71 76 79 77 73 72 
0 27 0 29 32 0 0 28 0 21 0 18 0 0 17 22 20 19 45 49 51 0 44 50 46 0 48 0 40 0 0 39 35 43 0 42 58 0 57 59 0 0 55 61 60 68 63 64 70 0 66 0 0 0 4 5 6 1 0 80 0 0 7 72 73 76 77 79 71 0 75 0 0 12 0 8 0 16 0 0 0 
74 71 0 73 76 75 78 72 77 65 67 62 0 69 0 66 64 63 8 12 14 10 7 13 9 15 11 0 0 4 81 0 79 6 1 5 0 0 0 22 0 17 18 24 23 31 26 27 33 0 0 32 0 30 48 49 0 45 47 43 46 0 0 35 0 39 40 42 0 37 38 41 59 56 55 52 57 60 58 54 53 
65 62 61 64 0 66 0 63 0 56 58 53 0 0 52 57 55 54 80 3 5 1 79 4 81 0 0 71 0 76 0 74 70 78 73 0 12 10 11 13 7 8 9 0 14 22 0 18 24 19 20 23 16 0 39 0 41 0 0 0 37 35 0 26 0 30 0 33 25 28 0 32 50 47 0 43 48 51 0 45 44 
47 44 0 0 0 48 51 45 50 38 40 35 41 0 34 39 37 36 62 66 0 0 61 0 63 69 65 53 57 58 54 0 52 60 0 0 75 73 74 0 70 0 72 78 77 4 80 0 0 0 0 0 0 3 0 0 23 18 20 16 0 17 24 8 9 12 0 15 7 0 11 14 32 29 0 25 30 0 0 27 26 
38 35 34 37 0 39 42 36 41 0 31 26 0 33 25 30 0 27 0 57 0 55 52 58 54 0 56 44 48 49 45 0 43 0 46 50 66 64 65 0 61 62 63 69 68 76 71 72 0 0 0 77 70 75 12 0 0 9 0 7 10 0 15 80 81 3 4 6 79 1 0 5 23 20 19 16 0 0 0 0 17 
20 0 16 0 22 21 0 18 0 11 13 8 14 15 7 0 0 9 0 39 0 37 0 40 0 0 38 0 30 31 0 0 0 33 28 32 48 46 47 49 43 44 45 51 50 58 0 54 60 55 0 59 0 0 75 0 77 72 74 0 0 0 0 62 63 66 67 0 0 64 0 68 0 2 1 0 0 6 4 81 0 
56 53 52 55 0 0 60 54 59 47 0 44 0 51 43 48 46 45 71 0 77 73 0 76 72 78 74 62 0 0 0 65 0 69 0 0 3 1 0 4 79 80 81 6 0 0 8 9 0 10 0 14 7 12 30 31 32 27 29 25 28 26 0 17 18 21 22 24 0 0 20 0 41 38 0 34 39 42 0 36 35 
0 0 7 10 13 12 15 9 0 0 4 0 0 6 79 3 1 81 26 30 32 28 0 31 27 33 0 17 21 22 0 20 16 24 19 0 0 37 0 40 34 0 0 42 0 49 44 45 0 0 47 50 43 0 66 67 68 0 65 61 64 62 69 53 0 0 0 60 0 55 56 59 77 74 0 0 75 78 76 72 71 
29 26 25 28 31 30 33 27 0 20 22 0 0 24 16 21 19 18 44 48 50 0 43 49 45 51 0 0 39 40 36 38 0 42 37 41 57 55 0 58 0 0 54 0 59 67 0 63 0 64 65 68 0 66 3 4 5 0 2 0 1 80 6 71 0 75 76 78 0 73 74 77 14 11 10 7 12 15 13 0 0 
2 80 79 0 4 0 0 81 5 74 0 71 0 78 70 75 0 72 17 21 23 19 16 22 0 0 0 8 12 13 9 11 7 15 10 14 0 0 29 31 25 26 27 33 32 40 0 36 42 37 0 0 0 39 0 58 0 54 56 52 55 53 0 44 0 48 49 51 43 46 47 50 68 65 64 61 66 0 0 63 62 
67 64 63 0 69 68 71 0 0 58 0 55 0 0 54 59 0 56 1 5 0 0 81 6 2 8 4 73 0 0 0 0 72 0 75 79 0 12 13 15 0 10 11 17 16 24 19 0 26 0 22 0 18 23 41 42 0 0 0 36 39 0 44 0 29 32 33 35 27 30 31 34 52 49 48 0 50 53 51 47 46 
49 46 45 0 51 0 0 47 0 40 0 37 43 44 36 41 0 38 64 0 70 66 63 0 0 71 67 55 0 60 56 58 0 62 57 61 77 75 0 0 72 0 74 80 0 6 0 2 0 3 4 7 0 0 0 24 25 0 0 0 21 19 26 10 11 0 15 0 9 12 13 0 34 31 30 27 32 35 33 0 0 
22 19 18 21 0 0 0 20 0 13 15 10 16 17 9 14 0 11 0 0 43 39 36 42 0 44 40 0 32 33 29 0 27 35 0 34 0 0 0 51 45 46 47 53 52 60 0 56 0 57 58 61 0 0 77 0 0 74 76 72 75 0 80 0 65 68 69 71 63 0 67 0 7 4 3 81 5 8 0 0 0 
4 1 81 0 6 5 8 2 7 76 78 0 79 80 0 0 75 74 19 23 0 21 18 24 20 26 22 0 14 15 11 0 0 0 0 16 0 30 31 33 27 0 29 35 0 42 0 38 44 0 40 43 0 41 59 0 0 0 58 54 0 55 62 46 47 50 51 53 45 0 49 0 70 67 0 0 68 71 69 65 64 
40 37 36 0 42 41 44 0 0 31 33 28 0 35 0 0 30 29 55 59 0 0 0 60 0 62 0 46 50 0 47 49 45 53 0 52 68 0 67 69 0 64 65 71 0 0 0 74 0 75 76 0 72 77 14 0 16 11 0 0 12 10 17 1 0 0 0 0 0 3 4 7 0 22 21 18 0 26 0 20 19 
58 0 0 0 60 0 0 56 0 0 0 46 0 53 45 50 48 0 73 77 79 75 0 78 74 80 76 64 68 69 65 67 63 71 0 70 0 3 4 6 81 1 2 8 7 15 10 11 17 0 13 16 9 14 32 33 0 29 0 27 30 28 0 19 0 0 0 26 0 21 22 0 43 40 39 36 41 0 42 38 0 
0 0 0 12 0 14 17 0 16 4 0 1 7 8 81 5 0 0 28 32 0 0 27 33 29 35 0 0 23 24 20 22 0 26 0 25 0 39 40 0 36 37 38 0 43 51 46 47 53 48 49 0 0 50 68 0 70 0 67 0 66 0 71 0 56 59 60 0 54 0 58 0 0 76 75 72 77 80 0 74 73 
76 0 0 75 78 0 80 0 79 67 0 64 0 71 63 68 66 0 10 14 16 12 9 0 11 17 13 1 5 0 0 4 81 8 3 0 23 21 22 24 0 19 0 26 25 33 0 0 35 30 31 34 27 32 50 51 52 47 49 45 48 46 53 0 38 0 42 44 0 0 40 43 0 58 57 54 0 0 60 0 55 
0 28 27 30 0 32 0 29 34 22 0 19 25 0 0 23 0 20 46 50 52 48 45 51 47 53 49 37 0 42 38 40 36 44 39 0 59 57 58 60 0 55 56 62 0 0 0 0 71 66 67 70 63 0 5 6 7 0 4 81 3 1 0 0 74 77 78 80 72 75 0 79 16 13 12 9 14 17 15 11 10 
