9
8 7 0 0 13 10 5 0 9 29 31 26 28 30 23 0 25 0 21 19 14 16 0 22 0 15 17 0 0 58 56 0 57 54 52 55 75 68 0 73 70 72 71 69 74 64 62 0 0 60 0 63 59 66 34 37 0 35 36 33 0 39 32 0 2 4 80 1 0 77 0 3 42 41 43 49 44 0 46 0 48 
71 70 0 74 76 0 68 69 72 11 0 8 10 12 5 6 7 9 0 1 77 79 0 0 0 78 80 35 33 40 0 0 39 36 34 0 57 50 58 0 52 54 53 51 56 0 44 47 43 0 49 45 41 48 0 0 20 0 18 15 22 21 14 60 0 67 62 0 61 59 63 66 24 23 25 31 0 29 28 0 30 
0 0 48 47 49 46 41 0 45 0 67 0 64 66 59 60 61 63 57 55 0 0 56 0 54 51 53 0 6 13 0 0 12 9 7 10 30 23 0 0 0 27 26 0 29 19 17 20 16 15 0 0 14 0 70 73 74 0 72 69 76 75 0 0 0 40 0 37 0 32 0 39 78 0 0 0 80 2 1 81 3 
26 0 30 29 31 0 23 24 0 0 0 0 46 48 0 42 43 45 39 37 32 34 38 40 36 33 0 0 0 76 0 68 75 72 0 0 0 5 13 10 7 9 8 6 11 1 0 2 0 78 4 81 77 0 52 0 56 53 54 51 0 57 0 15 20 22 17 0 0 14 0 0 60 59 0 0 62 0 64 63 66 
62 0 0 0 0 0 59 60 63 0 0 80 0 0 77 78 0 81 75 73 0 70 0 0 72 69 71 26 24 31 29 23 0 0 25 28 48 41 0 46 43 45 44 42 47 37 35 0 34 33 40 36 32 39 7 10 0 8 9 0 13 12 5 51 0 0 53 55 52 0 54 0 15 14 0 0 0 20 0 0 21 
17 16 21 0 0 0 14 0 0 0 40 0 37 39 32 33 0 0 30 0 0 25 0 0 0 0 26 62 0 0 65 0 66 63 0 64 3 77 4 1 79 81 80 78 2 73 0 0 70 69 76 72 68 75 0 0 47 0 0 42 49 48 41 0 11 0 8 10 7 5 9 12 51 0 0 58 53 56 0 54 0 
35 34 39 0 40 0 0 33 0 0 58 0 55 0 50 51 0 54 0 0 41 0 47 49 0 0 44 80 78 4 0 0 3 0 0 1 21 14 22 19 16 18 0 15 20 0 8 11 7 0 13 9 0 12 61 64 65 62 63 60 67 0 59 24 29 31 26 28 25 23 0 30 69 68 70 0 71 74 0 72 75 
80 79 3 2 4 1 77 78 81 0 22 17 0 21 14 0 16 18 0 0 5 7 0 13 0 6 8 44 0 49 0 41 48 45 43 46 66 59 67 0 61 63 0 60 65 55 53 56 0 51 58 0 0 57 25 28 29 0 27 0 31 30 23 69 74 76 71 0 0 68 72 75 33 32 0 40 35 38 0 36 0 
53 52 0 56 58 55 50 0 54 74 0 71 0 75 68 69 70 72 66 64 59 61 65 67 63 60 62 17 0 22 0 14 21 0 16 19 39 0 40 0 0 36 35 33 38 0 26 29 25 24 31 0 23 0 0 1 2 80 81 0 0 3 0 42 47 49 44 46 43 0 0 48 6 5 7 0 0 11 0 0 0 
6 0 0 9 11 0 3 4 7 27 29 24 26 28 0 0 23 25 19 0 12 0 18 0 16 0 0 51 49 56 54 0 55 52 0 0 0 66 74 71 68 70 69 67 0 62 0 63 0 58 65 61 57 64 32 35 36 33 34 31 38 37 0 76 81 2 78 0 77 75 0 1 40 0 41 47 42 0 0 43 46 
15 14 19 18 0 0 0 0 16 36 38 0 0 0 0 31 0 34 0 26 21 0 0 29 0 0 24 60 58 65 63 57 64 61 59 0 1 75 2 80 77 79 0 76 81 0 69 0 68 0 74 70 66 73 41 44 0 42 0 0 47 0 39 4 0 11 6 8 0 3 7 0 49 48 50 56 0 54 53 52 55 
0 59 64 63 65 0 57 58 61 81 0 78 80 1 75 76 77 0 73 71 66 0 0 0 70 0 69 0 0 0 27 0 28 0 0 0 0 0 47 44 41 43 0 40 0 35 33 36 32 31 0 34 30 37 5 8 0 6 7 0 11 0 3 49 54 56 0 53 0 0 52 0 0 12 14 20 15 18 17 0 0 
42 0 46 0 47 44 39 0 0 63 65 60 0 64 0 58 0 0 55 53 48 50 54 0 52 49 51 0 0 11 0 0 0 0 5 8 0 0 0 26 23 25 24 0 27 17 15 18 14 0 0 16 12 0 68 0 72 69 70 0 0 73 66 0 36 0 33 35 32 30 34 37 76 75 77 2 78 0 80 0 1 
24 23 28 0 29 0 0 0 25 45 0 42 44 46 39 40 0 0 0 35 30 32 36 38 34 31 33 69 0 74 0 66 73 70 68 71 0 3 11 0 5 7 6 4 9 0 78 81 0 0 0 0 0 1 0 53 0 51 52 0 56 55 48 0 18 0 15 17 0 0 0 19 58 0 0 65 60 0 62 61 64 
0 50 55 54 56 0 48 49 52 72 74 0 71 73 66 0 68 70 64 0 57 59 63 65 0 0 60 0 13 20 0 12 0 0 14 0 0 30 0 35 32 34 33 0 36 26 24 27 23 22 29 0 21 28 77 0 81 78 79 76 0 1 75 40 45 47 42 44 41 39 43 46 4 0 5 11 0 9 0 7 10 
69 68 73 72 74 71 66 0 0 9 11 6 8 10 3 0 5 7 1 80 75 0 81 0 79 0 78 0 0 0 36 30 37 0 0 0 55 48 0 0 50 52 51 49 0 44 42 45 0 40 47 43 0 0 0 17 18 15 16 13 0 0 12 0 63 65 60 62 59 57 61 64 22 21 23 29 24 27 0 0 28 
33 32 0 36 38 0 30 31 34 54 0 51 0 55 48 49 0 52 46 0 39 0 45 47 43 40 42 78 76 2 81 0 1 0 77 0 0 0 20 17 14 16 0 13 18 8 6 0 5 0 11 7 3 10 59 62 0 60 61 0 65 0 0 0 0 29 0 0 23 0 25 28 67 66 68 74 0 72 71 70 0 
0 0 1 81 2 0 0 76 79 18 20 15 0 0 12 13 14 16 10 8 0 5 0 11 0 4 6 0 40 47 45 39 46 0 41 44 64 0 65 0 59 61 60 0 63 0 51 0 0 49 0 52 48 55 23 0 0 0 25 22 29 28 0 67 72 74 69 71 68 0 70 73 31 30 32 38 33 36 35 0 0 
25 24 29 28 30 27 22 23 26 46 48 43 45 47 0 41 42 0 0 36 0 0 37 39 35 0 34 70 68 75 73 67 0 71 0 72 11 4 12 9 0 0 7 5 10 0 79 0 0 0 3 80 0 2 0 54 0 52 0 0 57 0 0 14 0 21 16 0 15 13 0 0 0 58 60 66 0 64 0 0 65 
61 60 65 64 0 63 58 59 0 1 3 79 81 2 76 0 78 0 74 72 67 69 73 0 71 0 0 25 23 30 28 0 29 26 24 27 47 40 48 0 42 44 43 0 46 36 0 37 33 32 39 35 0 38 0 9 0 7 0 5 0 11 4 0 0 57 52 54 0 49 0 56 0 13 15 21 16 19 0 0 0 
52 51 0 55 57 54 49 0 53 73 75 0 0 74 67 0 0 0 65 63 58 60 0 66 62 59 61 16 14 21 0 0 20 0 15 0 38 0 0 36 33 0 0 32 37 27 25 28 24 23 30 26 22 29 78 81 1 79 80 77 3 2 76 41 46 0 0 45 42 0 44 0 5 0 0 0 7 0 9 8 11 
43 42 47 46 48 45 40 0 44 64 0 61 63 0 58 0 0 62 0 54 49 0 0 57 53 50 52 7 5 12 10 4 11 0 6 9 29 22 30 27 24 0 25 23 28 18 0 0 0 14 21 0 13 20 0 72 73 70 71 68 75 0 67 32 0 0 0 36 0 0 35 0 77 0 78 3 79 0 0 80 2 
0 15 0 0 21 18 13 14 17 37 0 34 0 0 31 0 33 0 29 27 22 24 28 30 26 0 25 61 59 66 64 58 65 0 60 63 2 0 3 81 0 80 0 77 0 72 0 73 0 68 75 71 67 0 0 45 46 43 44 41 48 47 40 0 0 12 7 0 0 0 8 11 0 0 0 57 0 55 54 53 56 
7 6 0 10 12 9 4 5 0 28 30 25 27 29 22 0 0 26 20 18 13 15 19 21 17 0 16 52 50 0 0 49 0 0 51 54 74 67 75 0 69 71 70 68 73 0 61 64 60 0 66 62 58 65 0 36 37 0 35 32 39 38 31 77 1 0 79 81 0 0 80 0 41 40 42 0 0 46 0 0 47 
34 33 0 0 0 0 31 32 35 55 57 0 54 0 49 50 51 0 0 45 40 42 0 48 44 0 43 79 77 3 1 76 0 80 0 81 0 13 21 18 15 17 16 14 19 0 7 0 6 5 12 8 4 11 0 0 64 61 0 59 66 65 58 0 0 30 25 27 0 22 26 29 0 67 69 75 70 73 72 71 74 
0 69 74 73 75 72 0 68 71 10 12 7 0 0 4 5 6 0 0 0 76 78 1 3 0 0 0 34 32 39 37 0 0 35 33 36 0 0 57 0 0 0 52 50 55 45 43 46 0 41 48 44 40 47 0 0 0 16 17 14 0 20 13 59 0 0 61 63 60 0 62 65 0 22 0 30 25 28 0 26 29 
79 78 2 1 3 81 0 0 0 19 21 16 18 20 13 14 15 17 11 0 0 0 10 12 8 5 7 43 41 0 46 40 47 44 42 45 0 58 66 63 0 62 61 59 0 54 52 55 51 0 57 53 49 56 24 27 28 25 26 23 0 29 22 0 73 0 70 0 69 67 71 0 32 31 33 39 34 0 36 0 0 
0 21 26 25 27 0 19 20 23 43 45 0 42 0 37 38 39 41 0 33 28 30 34 0 32 0 31 67 0 72 0 0 0 68 0 69 8 1 0 0 0 5 4 2 7 78 76 79 75 0 81 0 0 80 48 0 52 49 50 0 54 53 46 11 16 18 13 15 0 10 14 17 56 55 0 63 58 61 60 59 0 
0 66 71 70 72 0 64 65 68 7 9 4 6 8 1 0 3 5 0 78 73 75 79 81 77 74 76 0 29 36 34 28 35 32 0 33 53 46 0 51 48 50 49 47 52 42 40 43 0 38 45 0 37 44 12 15 16 13 14 11 18 0 10 56 61 63 58 60 0 55 59 0 20 19 21 27 22 0 24 23 26 
40 0 0 43 0 42 37 38 41 61 0 58 60 62 55 56 0 59 53 51 0 48 0 54 0 47 49 4 2 0 7 1 8 0 3 6 0 0 0 24 21 0 22 20 25 15 13 16 12 11 18 0 10 17 66 0 0 0 0 65 0 0 64 29 34 36 31 33 30 28 32 0 74 0 75 0 76 79 78 77 0 
49 48 53 52 0 51 0 0 50 70 0 0 0 71 0 65 66 68 62 60 0 0 61 0 0 0 58 13 11 0 16 0 17 14 0 15 35 28 36 33 30 32 31 0 34 0 0 0 21 20 27 23 0 26 75 78 0 0 77 74 0 80 73 38 43 45 40 42 39 37 0 44 0 1 0 0 4 7 6 5 8 
0 75 0 0 81 0 73 0 77 16 18 0 15 17 10 0 12 0 8 6 1 0 7 0 5 2 4 0 38 45 43 37 0 41 39 42 0 55 0 0 57 59 58 56 61 51 49 0 48 47 0 50 46 53 0 24 0 22 0 20 0 26 19 65 0 72 67 69 66 64 68 0 0 28 30 36 31 34 0 32 35 
0 3 8 0 0 6 0 0 5 25 27 0 24 26 19 20 0 23 17 0 0 12 16 18 14 11 13 49 47 54 52 46 0 50 48 0 71 0 72 0 66 0 0 0 70 60 0 0 0 56 63 59 0 0 0 33 0 31 32 29 36 35 0 74 79 81 76 0 75 73 77 80 38 37 0 45 0 43 0 41 44 
58 57 62 61 0 60 55 56 59 79 0 0 78 80 0 74 0 77 71 0 0 0 70 72 68 65 67 22 20 0 25 19 26 23 0 0 44 37 45 0 39 0 0 38 43 0 31 34 0 29 36 0 28 35 0 6 0 4 0 0 0 0 0 47 0 0 49 0 48 46 50 53 0 10 0 0 0 0 15 14 17 
0 0 17 16 18 15 10 11 14 34 36 0 33 35 28 0 30 0 26 24 0 21 25 0 23 20 22 58 0 0 61 55 62 59 0 60 80 73 81 0 0 77 76 0 79 69 67 70 66 65 72 68 64 0 0 42 43 40 0 38 45 44 37 0 7 9 4 6 3 1 5 0 47 0 0 54 49 52 51 50 53 
31 0 35 34 0 33 28 29 32 52 0 49 0 53 46 47 48 50 0 0 0 39 0 45 41 0 40 76 74 81 0 73 80 77 75 78 0 10 18 0 12 14 13 0 16 6 0 0 3 2 9 0 1 8 57 60 61 58 59 0 63 0 55 20 25 0 0 24 21 0 23 26 0 64 66 0 67 70 0 68 71 
66 0 70 0 71 68 0 0 67 6 0 3 0 7 0 1 2 0 0 77 0 0 0 80 0 73 0 0 0 35 0 27 34 31 0 32 52 45 53 50 47 0 0 46 51 41 39 0 0 37 0 40 36 43 11 14 15 0 13 10 0 16 9 55 60 0 0 59 56 54 0 61 19 0 0 26 21 24 23 22 25 
30 29 34 33 35 0 0 28 31 0 53 48 50 0 45 46 47 49 43 41 36 38 42 0 40 37 0 75 0 80 78 72 79 76 0 77 16 9 17 0 11 0 12 0 15 5 3 6 2 1 8 0 0 7 56 0 60 0 58 55 62 0 54 19 0 26 21 23 0 18 22 25 64 63 0 71 0 69 0 67 70 
12 0 0 15 17 14 9 10 13 0 35 30 32 34 27 28 0 0 25 0 18 20 24 26 0 0 21 0 55 0 60 54 61 58 56 59 79 72 80 0 74 76 75 0 0 0 66 69 65 64 0 67 63 70 38 41 42 39 40 0 0 43 0 1 6 0 0 0 2 81 4 7 46 45 0 0 48 51 50 0 0 
39 38 43 0 44 41 36 37 40 0 62 57 59 0 54 55 0 58 52 0 45 0 0 53 49 46 48 3 0 0 6 81 7 4 2 5 25 18 26 0 20 0 21 19 0 14 0 15 11 10 17 0 9 16 0 68 69 66 67 64 0 0 63 28 33 35 0 0 0 27 0 34 0 0 0 80 75 0 0 0 0 
21 20 25 0 26 23 18 19 22 42 44 39 41 43 0 37 38 0 34 32 27 29 33 35 31 0 30 0 64 71 69 63 70 67 65 68 0 81 8 5 2 4 0 1 0 0 0 78 0 73 80 76 0 0 47 50 0 0 49 46 53 52 45 10 15 17 12 14 11 0 13 16 0 54 56 62 57 60 59 0 61 
57 56 61 60 62 59 54 55 58 78 80 0 77 79 72 73 74 0 70 68 0 65 69 71 67 64 0 21 19 26 24 18 25 22 0 0 43 0 44 41 38 0 39 37 0 32 30 33 29 28 0 31 0 34 2 0 0 3 0 0 8 0 81 0 51 0 48 50 0 45 49 52 10 0 11 17 0 15 14 13 16 
48 0 0 51 53 50 45 0 49 69 0 0 68 70 0 0 65 67 61 59 0 56 60 0 58 55 57 12 10 0 15 9 16 13 11 0 34 0 35 32 29 0 30 0 33 23 21 24 20 19 26 22 18 25 74 77 78 0 76 0 80 0 0 37 42 44 0 41 38 0 40 0 1 81 2 0 0 0 5 4 7 
0 0 0 78 80 0 72 73 76 15 0 12 14 16 9 10 11 13 7 0 81 2 6 8 4 1 3 39 37 0 42 36 43 40 38 41 61 0 62 0 56 0 57 55 60 50 48 51 47 0 53 0 0 0 20 23 0 21 0 19 26 25 18 64 69 0 66 68 65 63 0 70 0 0 29 0 0 33 32 31 34 
3 2 7 0 0 0 81 1 4 0 26 21 0 25 0 0 0 22 16 14 9 0 15 17 13 10 12 0 0 53 51 0 0 49 47 50 70 0 71 68 65 67 0 64 69 0 0 60 56 55 62 58 54 0 29 32 33 30 31 28 35 0 0 0 78 80 75 0 74 72 76 79 37 36 0 0 0 42 0 0 43 
19 0 23 22 24 21 16 17 20 40 0 37 0 0 34 0 0 38 32 30 25 27 0 33 29 0 28 64 0 0 0 0 68 65 63 0 5 0 6 0 0 0 1 0 0 75 73 0 72 71 78 0 70 0 0 0 49 46 47 44 51 50 43 8 0 15 10 12 9 7 11 0 53 52 54 60 55 0 0 56 59 
55 0 59 58 60 0 52 53 56 76 78 73 0 0 0 71 72 74 0 66 0 63 67 0 65 62 0 19 17 24 22 16 23 20 18 21 41 0 42 39 36 38 37 35 40 30 28 0 27 26 33 29 25 32 0 3 4 1 2 80 6 5 79 44 49 51 46 48 45 43 47 50 8 0 0 15 10 0 0 11 14 
10 9 14 0 0 12 7 8 0 0 33 28 30 32 0 26 27 0 23 21 16 0 22 24 20 17 19 55 53 0 58 52 0 0 54 57 0 0 0 75 0 74 73 71 0 66 64 67 63 62 69 65 61 68 36 39 40 37 38 0 42 0 34 80 4 6 1 0 81 79 2 5 44 43 45 51 46 0 48 47 50 
73 72 77 76 0 0 0 71 74 13 15 10 0 14 7 0 9 11 5 3 79 81 4 6 2 0 1 37 35 42 40 34 0 38 36 0 0 0 60 57 54 56 55 53 0 0 46 0 45 0 0 47 43 50 18 0 22 19 0 17 24 23 0 62 67 69 0 66 0 61 65 68 26 0 0 33 28 31 30 29 0 
0 0 0 0 33 0 0 26 29 49 51 46 48 0 43 44 0 47 41 39 0 36 40 0 38 35 37 73 71 0 76 70 77 0 0 0 0 0 15 0 0 11 10 0 13 0 0 4 81 80 6 0 79 5 54 57 58 0 56 0 60 59 52 17 22 24 19 21 18 16 20 23 62 61 63 69 0 67 66 65 0 
46 45 50 49 51 48 43 44 47 0 69 0 0 68 61 62 0 65 0 0 52 54 58 60 56 53 55 10 0 15 13 0 0 0 9 0 32 25 33 30 27 29 28 26 0 21 19 0 18 17 24 0 16 23 0 75 76 0 74 0 78 77 0 35 0 42 37 39 0 34 38 0 80 79 81 6 0 4 3 2 0 
37 0 41 40 0 0 34 0 38 58 60 55 57 0 52 53 54 56 50 48 43 0 49 51 47 44 46 0 80 6 4 79 5 2 81 3 23 0 24 21 18 0 0 17 0 12 10 0 9 8 0 0 7 14 0 66 67 0 0 62 69 68 61 0 0 33 0 30 27 25 29 32 71 70 72 78 73 0 75 74 77 
64 0 0 67 0 66 61 62 65 4 6 1 3 5 79 0 81 2 77 0 0 72 76 0 74 0 73 28 26 33 31 25 32 29 27 30 0 0 51 48 45 0 46 44 49 39 0 40 36 0 0 0 0 41 9 12 13 10 0 8 15 0 7 0 58 60 55 0 0 52 56 59 17 0 0 0 19 22 21 20 0 
0 81 0 4 6 3 0 80 0 22 0 19 21 23 16 17 0 20 14 0 7 0 13 15 0 0 10 0 0 51 49 0 0 47 0 48 68 61 69 66 63 0 64 0 67 57 55 0 54 53 60 56 52 59 27 30 0 0 29 0 33 32 0 0 76 78 73 75 72 0 0 77 35 34 36 42 37 40 39 38 41 
0 8 0 12 14 11 6 0 0 30 32 27 29 0 24 25 0 0 22 20 15 17 21 23 0 16 18 54 52 59 0 51 58 55 53 0 0 69 0 74 71 73 0 0 75 0 0 0 0 61 0 0 60 67 0 38 39 0 37 34 0 0 33 79 3 5 81 2 80 78 1 4 0 42 44 50 45 0 47 0 49 
63 62 67 0 68 65 60 0 64 0 5 81 0 4 78 0 80 0 76 74 69 71 0 0 73 70 72 0 0 0 30 24 31 28 26 0 49 42 0 47 44 46 45 43 48 38 36 39 35 0 41 37 33 40 0 0 12 0 0 7 0 13 6 52 57 0 54 56 53 51 0 58 16 0 17 23 0 21 0 19 0 
27 0 31 0 32 0 0 0 0 48 50 45 47 0 42 43 44 0 40 38 33 0 39 41 37 34 0 72 70 0 75 69 76 73 0 0 0 6 0 0 8 10 9 7 0 2 81 3 80 79 5 1 78 0 0 0 57 0 55 52 59 58 0 16 21 0 18 20 17 0 19 22 0 60 62 68 63 66 65 0 67 
18 17 22 21 0 0 15 16 0 39 41 0 0 40 0 0 35 0 0 29 24 26 30 32 28 25 27 63 0 68 0 0 67 0 62 65 4 0 5 2 0 1 81 79 3 0 0 75 0 70 77 73 69 0 44 47 0 45 46 43 50 0 42 0 0 14 9 11 8 6 10 13 0 51 53 59 54 57 56 0 0 
81 80 4 0 0 2 78 79 1 0 23 0 0 0 15 16 17 19 13 11 6 8 12 14 10 7 0 45 43 50 48 0 49 46 44 0 67 60 68 0 0 64 63 61 66 56 0 57 53 0 59 55 51 0 26 29 0 27 28 25 32 31 0 0 75 77 72 74 71 69 73 76 34 33 0 41 36 39 38 37 0 
54 53 58 57 59 0 51 52 55 75 0 0 74 0 0 70 71 73 67 65 60 62 66 68 64 61 63 18 0 0 0 15 22 19 17 20 40 33 41 0 35 37 36 34 39 29 27 30 26 25 32 28 24 31 0 2 3 0 0 79 5 4 78 43 0 50 45 47 0 0 46 0 7 0 0 14 9 12 11 10 13 
72 71 0 0 77 74 69 0 0 12 14 9 11 13 6 7 8 10 4 2 78 0 3 5 0 79 81 0 0 0 0 33 40 37 35 0 58 51 59 56 53 55 54 0 57 0 45 48 44 43 50 46 42 49 0 0 21 18 0 16 23 22 15 61 66 0 63 65 62 60 64 67 0 0 0 32 0 30 29 28 0 
36 35 40 0 41 38 0 34 0 0 59 54 0 58 51 52 53 0 0 0 42 0 0 50 46 0 45 81 79 5 3 78 4 1 0 2 22 15 23 20 17 19 0 16 21 11 9 12 8 0 0 10 6 13 62 65 66 63 64 0 0 67 0 25 30 32 27 0 0 24 28 0 70 69 71 77 0 75 74 0 76 
0 44 49 48 50 0 0 43 0 66 68 0 65 67 0 0 0 0 58 56 51 53 0 0 55 52 54 9 7 0 0 0 13 0 8 0 31 24 32 29 26 28 0 25 30 20 0 21 17 16 23 19 15 22 71 0 75 72 73 70 0 76 0 0 39 41 36 38 35 33 0 40 79 78 0 5 81 3 2 1 4 
0 40 45 44 46 0 38 0 42 62 64 0 0 63 0 0 0 60 0 52 0 49 53 55 0 48 0 5 3 10 0 2 9 0 4 7 27 0 28 25 0 24 23 0 26 0 0 0 13 12 0 15 0 0 0 70 0 68 0 66 0 72 65 30 0 37 0 34 0 29 0 36 0 0 76 1 0 0 0 78 0 
23 0 27 26 0 0 20 21 24 44 46 41 0 45 38 39 40 42 36 0 29 31 35 0 0 30 32 68 0 73 71 65 72 69 0 70 9 2 10 7 4 6 5 3 8 79 77 80 0 0 1 78 74 81 0 52 0 50 51 48 55 54 47 12 17 19 14 16 13 0 15 18 57 0 58 0 59 62 0 0 63 
5 4 9 8 10 0 2 3 0 26 28 23 25 27 20 0 22 24 18 0 11 0 17 19 0 0 14 0 0 55 53 47 54 51 49 52 72 0 0 0 0 0 68 66 71 61 59 62 58 57 64 60 56 63 0 34 35 32 33 30 37 36 29 0 80 1 77 0 76 0 78 81 39 0 40 46 0 44 43 42 0 
77 0 81 0 1 0 74 75 78 17 19 14 0 18 11 12 0 15 9 0 2 0 8 0 6 0 5 41 39 46 0 38 45 0 40 43 63 56 0 61 58 60 59 0 62 52 50 53 49 0 55 51 47 0 0 25 0 23 24 21 28 27 0 0 0 73 68 70 67 65 0 72 0 0 31 0 0 0 34 33 0 
50 0 54 53 0 52 0 48 51 71 73 0 0 72 65 66 67 69 63 0 56 58 62 64 0 57 59 14 0 19 17 11 18 15 0 16 36 29 37 34 31 0 32 30 0 25 23 26 22 21 28 0 20 27 76 79 0 0 0 0 1 0 74 0 44 46 0 0 40 38 42 45 3 2 4 10 5 0 0 6 9 
59 0 0 62 64 61 0 0 60 0 0 77 79 81 0 75 76 78 72 0 65 67 71 0 69 66 0 23 21 28 26 0 0 24 0 0 45 38 0 43 40 42 41 0 0 0 32 35 31 30 37 33 29 0 4 7 0 0 6 3 10 0 0 48 53 55 50 52 49 47 51 54 12 0 0 19 14 0 16 15 0 
0 31 36 0 37 0 29 30 0 53 0 50 52 54 47 48 0 0 45 43 38 40 44 0 42 39 0 77 75 1 0 0 81 78 76 79 18 11 19 0 13 15 14 12 17 7 5 8 4 0 10 0 2 0 58 0 62 59 0 57 0 63 0 21 0 28 0 25 22 20 24 27 66 65 67 73 0 0 0 69 0 
14 13 18 17 19 16 11 12 15 35 37 32 34 36 0 0 0 0 0 25 20 0 0 28 24 21 23 59 57 0 0 56 63 0 58 0 81 74 1 79 76 78 77 0 80 0 68 0 0 0 0 69 65 72 0 0 44 0 0 39 0 45 38 3 8 10 0 7 4 0 0 0 48 47 49 0 50 53 52 51 54 
0 0 72 71 73 70 65 66 69 8 10 5 7 9 0 3 4 6 81 79 74 0 80 1 78 0 77 0 0 37 0 29 36 33 31 34 54 47 0 52 49 51 50 48 53 43 0 44 0 0 0 0 38 45 13 16 0 0 15 0 19 0 11 57 62 64 59 61 58 56 0 63 21 20 22 28 0 26 25 0 27 
0 28 0 0 34 31 0 27 30 50 0 47 0 51 0 0 46 0 42 0 35 0 0 43 39 36 38 74 72 79 77 71 78 75 73 76 15 8 16 13 10 0 11 0 0 4 2 0 1 81 7 3 80 0 55 0 59 0 57 0 61 60 53 0 23 25 20 22 19 17 21 24 63 62 64 70 0 68 0 66 69 
2 0 6 5 7 0 80 81 3 23 0 0 22 24 17 18 19 21 15 0 8 0 0 16 12 9 11 47 0 52 50 44 51 0 0 49 69 62 70 67 0 0 65 63 68 58 56 59 55 54 61 57 53 60 28 31 32 29 30 27 0 33 0 72 77 79 74 76 73 71 75 78 36 0 0 0 38 41 40 39 42 
74 0 0 0 79 76 71 72 75 14 0 11 0 15 0 0 0 12 6 0 0 0 5 7 3 0 2 38 36 43 0 35 0 39 37 40 60 53 61 0 55 57 0 54 59 49 47 50 0 45 52 48 44 51 19 22 23 20 21 18 25 0 0 63 0 70 0 0 64 0 66 69 27 26 28 34 29 32 0 0 33 
0 10 0 14 0 13 8 0 12 32 34 29 31 33 26 0 28 30 24 22 17 19 23 25 21 18 20 56 54 0 0 53 60 57 0 58 0 71 0 76 0 75 0 0 77 67 65 0 0 63 70 66 62 69 37 40 0 38 39 36 43 42 35 81 5 0 2 0 1 80 3 6 0 44 0 52 47 50 49 48 0 
0 46 0 50 0 49 44 45 0 68 0 65 67 69 0 0 64 66 0 58 53 55 59 61 57 54 0 0 9 16 0 0 0 12 0 13 0 26 34 31 28 30 0 27 32 22 20 0 19 18 0 21 17 24 73 76 77 74 75 72 79 0 71 36 41 43 38 0 0 35 0 42 0 0 0 7 2 5 4 3 6 
38 37 42 41 43 40 35 36 0 59 61 56 58 60 53 54 55 57 51 0 0 46 50 0 0 0 0 0 81 7 5 0 6 0 1 4 24 17 0 22 19 21 20 18 23 13 11 14 10 9 16 12 8 0 64 67 68 65 66 63 70 69 62 27 32 34 29 31 0 26 0 33 72 0 73 0 74 77 0 75 78 
20 0 24 0 25 0 0 0 21 41 43 38 40 42 35 0 37 0 0 0 0 0 32 34 30 27 29 0 63 0 68 62 69 66 64 0 0 80 7 4 0 3 0 81 5 0 74 77 73 72 79 0 71 78 0 49 0 47 0 45 0 0 44 0 14 16 11 0 10 8 12 15 54 53 0 61 56 0 58 57 60 
56 0 0 59 61 58 53 54 57 77 0 74 0 0 71 0 73 75 0 0 0 64 68 0 0 63 65 20 0 25 23 0 24 0 19 0 42 35 0 40 37 0 38 36 0 0 29 32 0 0 34 0 0 33 0 4 0 2 0 81 0 6 80 45 50 0 47 49 46 0 48 0 0 8 0 16 0 0 13 0 15 
0 0 69 68 70 67 62 0 0 0 7 0 0 6 0 81 1 0 78 76 0 0 0 79 75 0 0 0 27 34 32 26 0 0 28 31 0 44 52 49 0 0 0 45 50 40 0 41 0 0 0 39 35 42 10 13 14 11 12 9 16 15 8 54 59 61 56 58 55 53 0 0 18 17 19 25 20 23 0 21 24 
