9
78 0 0 79 2 77 0 0 0 34 0 39 0 33 36 35 37 31 0 72 71 75 0 73 69 74 68 24 27 0 0 30 25 22 0 0 17 20 16 0 19 0 0 0 21 60 58 62 0 0 59 0 0 0 0 55 50 0 0 53 51 57 0 45 42 48 0 44 0 0 43 0 0 0 12 11 5 0 9 0 4 
0 0 21 0 20 0 17 0 19 52 50 57 0 0 0 53 0 49 7 9 0 0 4 0 0 0 5 0 0 0 0 48 43 40 46 0 0 38 34 32 0 0 0 0 0 78 76 80 2 1 0 0 0 0 67 0 0 70 0 0 69 75 74 0 60 0 58 0 64 0 0 65 24 28 30 0 23 0 27 25 0 
24 27 0 25 0 23 0 22 0 61 59 66 65 60 63 0 0 58 16 18 17 0 13 19 0 20 0 51 54 50 53 57 52 49 55 56 0 47 43 0 46 40 0 42 0 0 0 8 0 10 0 12 0 0 0 0 77 79 0 80 0 3 0 0 0 75 0 71 0 68 0 74 33 37 0 0 32 35 0 34 0 
6 9 12 0 11 5 8 4 10 0 0 48 47 42 0 44 46 0 79 81 80 3 76 0 0 2 77 33 36 32 35 39 0 31 37 0 26 0 25 0 28 0 0 24 30 0 0 71 74 0 0 75 72 70 58 64 0 61 0 0 60 66 65 54 0 57 0 53 55 50 52 56 15 0 0 0 14 0 0 16 13 
60 63 0 61 0 59 62 0 64 0 0 21 20 0 0 17 19 13 52 54 53 0 0 0 51 56 50 0 9 0 0 12 0 4 10 11 80 2 0 77 1 0 0 0 3 42 40 0 0 46 41 48 0 43 31 37 32 34 36 0 0 39 0 27 0 0 22 26 0 23 25 29 69 73 75 74 68 71 72 70 67 
0 45 0 43 47 41 0 40 0 79 0 3 0 0 0 80 0 76 34 0 0 0 0 0 33 0 32 0 0 68 0 0 0 67 73 74 62 65 0 59 64 0 63 60 0 0 22 0 29 28 23 30 27 0 13 19 0 0 18 17 0 0 20 9 6 0 0 0 10 5 7 11 51 55 57 56 50 0 54 52 49 
0 72 0 70 0 68 71 0 73 25 23 30 29 24 0 0 28 0 0 63 0 66 58 64 0 65 59 15 18 14 0 0 16 0 0 20 0 0 7 5 10 4 9 6 0 51 0 0 56 0 50 0 54 0 40 46 41 0 0 44 0 0 47 0 33 39 0 0 0 32 34 0 78 1 3 0 77 80 81 79 76 
33 36 0 34 38 32 35 0 37 0 0 75 0 0 72 0 73 67 0 0 26 30 0 28 24 0 23 60 63 59 0 66 61 58 64 65 0 0 0 0 0 49 0 0 57 15 13 17 0 0 0 21 18 16 4 10 5 7 9 8 6 0 11 81 78 3 0 80 1 77 0 2 42 46 48 0 41 44 45 0 40 
51 0 0 52 56 0 0 49 0 7 0 12 11 0 9 8 0 0 0 45 0 48 40 0 0 47 41 78 81 77 80 0 79 76 0 0 71 74 0 68 73 67 72 69 0 33 0 35 38 37 0 0 0 34 0 0 0 25 27 26 24 0 29 0 15 21 13 0 19 14 0 20 0 64 66 0 59 62 63 0 58 
37 40 0 0 42 36 39 35 41 74 72 0 78 73 76 75 77 0 0 31 30 0 26 0 28 0 27 0 0 0 66 0 65 0 68 0 57 60 56 54 59 0 0 55 61 19 0 21 0 0 0 25 22 20 8 0 0 11 13 12 0 16 15 4 0 7 0 3 5 0 0 6 46 50 0 51 0 48 0 47 44 
19 0 0 0 0 18 21 0 23 0 54 61 0 0 58 0 59 53 11 13 12 0 8 14 10 15 9 0 49 0 48 0 0 44 0 51 0 0 38 36 41 35 0 0 43 0 0 3 6 0 81 7 0 2 0 77 72 74 0 0 0 79 78 0 0 70 0 0 0 63 65 69 28 0 34 33 0 30 0 29 0 
0 49 52 0 0 45 48 44 50 2 0 7 0 0 0 0 0 0 38 40 0 0 35 41 0 42 36 0 0 72 0 79 74 0 77 78 0 0 0 63 0 62 67 64 70 28 26 0 33 32 27 0 31 29 0 23 18 20 0 21 0 25 24 13 0 16 8 12 0 9 11 15 0 59 0 60 54 0 58 0 53 
0 0 70 65 0 63 0 0 0 20 0 0 0 0 22 0 0 0 56 0 0 0 53 59 55 60 54 0 13 0 12 0 11 0 0 0 3 6 2 81 0 80 0 1 7 0 44 48 51 50 45 52 49 0 35 0 0 38 40 39 0 43 0 31 28 34 0 0 32 0 0 33 73 77 0 0 72 75 0 74 71 
0 31 0 29 33 0 30 0 0 65 63 70 69 64 67 0 68 62 0 22 0 0 17 23 19 24 18 55 58 54 0 61 56 53 59 60 48 51 47 45 50 0 49 0 52 0 0 12 15 0 0 0 13 0 80 0 81 2 0 3 1 7 6 76 0 79 71 75 77 0 0 0 0 41 43 42 36 0 0 0 35 
1 4 0 2 0 81 3 0 0 0 0 43 0 0 0 39 0 0 74 0 0 79 71 77 0 78 72 0 31 0 0 0 0 26 32 0 21 24 0 18 0 17 22 0 0 64 62 0 69 68 0 70 0 65 53 0 54 56 58 57 0 61 60 0 46 52 0 0 0 0 47 51 10 14 16 0 9 12 13 11 0 
10 13 16 11 15 0 0 8 14 0 45 0 51 46 0 48 0 44 0 4 3 7 80 5 0 6 81 37 40 0 0 0 0 35 0 42 30 0 0 27 32 0 31 0 34 73 71 75 78 0 72 79 76 74 0 68 63 65 67 66 0 70 69 58 55 61 0 57 59 0 56 0 19 23 25 24 18 0 22 0 0 
55 58 0 0 60 54 57 0 59 11 9 16 15 0 0 0 14 8 47 49 48 0 0 50 46 51 45 1 4 81 0 0 2 80 0 6 75 78 74 0 0 0 76 73 0 0 0 39 0 0 0 43 0 38 0 0 27 29 31 30 0 0 0 22 0 25 17 0 23 18 20 24 64 68 70 69 63 66 0 65 0 
0 0 79 0 0 0 0 0 77 29 27 0 0 28 0 0 0 0 65 67 66 70 62 68 64 69 0 19 0 18 0 25 20 17 23 24 0 15 0 9 0 0 13 10 16 55 0 0 60 0 0 61 58 56 44 50 0 0 0 48 46 0 51 0 0 0 0 0 0 36 38 0 1 0 7 6 81 3 4 2 80 
0 0 71 0 70 64 67 63 69 21 19 26 25 0 23 22 24 0 57 59 0 0 54 0 0 0 0 11 0 10 0 17 12 9 0 16 4 7 0 0 6 81 0 0 8 47 0 49 52 0 0 0 50 0 36 0 37 0 0 0 38 44 43 32 29 35 27 31 33 28 30 34 74 78 80 0 73 76 77 75 72 
38 41 44 39 0 37 40 36 0 75 0 80 79 74 77 0 0 72 30 32 31 0 0 0 0 34 28 0 68 0 0 71 0 63 0 0 58 0 0 0 0 0 0 56 0 20 18 0 0 24 19 26 23 0 0 15 10 12 0 13 0 17 16 0 2 8 81 4 0 1 0 7 0 0 0 52 0 49 0 48 45 
2 5 8 3 7 1 0 0 6 39 0 44 43 0 41 40 0 36 0 0 76 80 0 78 0 0 0 29 32 28 31 0 30 27 33 34 22 0 21 0 24 18 23 20 26 65 63 67 0 0 64 71 0 66 0 0 55 57 0 58 0 62 61 0 47 0 0 0 0 46 48 52 11 15 17 0 0 13 14 12 9 
11 14 0 0 16 10 13 0 15 48 46 53 0 47 0 0 51 45 3 5 4 8 81 0 2 7 1 38 41 0 0 0 39 0 0 0 0 0 30 28 33 27 0 0 35 74 72 76 0 0 73 80 0 75 63 0 0 0 68 67 65 0 0 59 0 62 54 0 60 55 0 61 20 0 0 25 19 0 0 21 0 
29 0 35 30 0 28 31 27 0 66 64 71 0 65 68 67 69 63 21 0 22 0 0 24 20 25 19 56 59 55 58 62 0 0 60 0 49 0 48 46 51 45 50 47 53 0 9 13 16 0 0 0 14 12 81 0 1 3 5 4 0 0 0 0 0 80 72 0 78 73 0 79 38 42 44 43 37 0 0 0 36 
0 0 62 57 61 0 58 54 60 0 10 0 0 0 14 13 0 9 0 50 0 53 45 51 47 52 0 2 5 1 0 0 0 81 6 0 76 0 0 0 78 72 77 0 80 38 0 0 43 0 0 44 41 39 27 33 28 30 0 31 29 0 34 0 20 26 0 0 0 0 0 25 0 69 71 0 0 67 0 0 63 
0 23 0 21 25 0 22 0 24 0 55 62 61 0 0 58 60 54 12 0 13 0 9 0 0 16 10 0 50 46 49 0 48 45 51 0 40 43 39 37 0 0 41 38 0 0 81 4 7 6 0 0 5 0 0 0 0 0 0 76 74 80 79 68 65 0 0 0 69 64 0 70 0 0 35 0 0 31 32 0 0 
47 0 53 0 52 46 49 45 51 3 0 8 7 0 5 4 6 0 0 0 40 0 36 42 38 43 0 0 0 73 76 80 0 0 78 79 67 70 0 0 69 63 68 0 71 29 0 0 34 0 0 35 0 30 0 24 19 0 23 0 0 26 25 0 0 17 9 0 0 10 12 0 0 60 62 61 55 58 59 0 54 
74 77 80 0 79 0 76 72 78 0 0 0 0 0 32 0 33 27 66 68 67 0 0 69 0 70 64 20 23 19 22 26 21 18 0 25 0 0 0 10 15 0 0 11 0 0 54 0 61 60 55 62 0 0 0 0 0 48 50 49 47 53 52 41 38 0 0 0 0 37 39 43 2 6 8 7 1 0 0 3 0 
0 21 24 19 23 0 0 0 22 55 0 60 0 54 0 0 58 0 10 0 11 15 7 13 9 14 8 45 48 44 0 51 0 0 0 0 0 0 0 35 40 0 0 36 42 81 79 2 0 4 0 6 3 0 70 0 0 73 0 74 72 0 77 66 0 69 61 0 67 0 64 0 27 31 0 32 26 29 0 28 25 
9 12 15 0 14 0 11 7 13 0 0 0 0 0 48 47 49 43 1 0 2 6 79 4 81 5 80 0 0 35 38 42 37 34 40 41 29 32 28 26 31 25 30 0 0 72 70 0 77 76 0 0 0 0 0 0 62 64 0 65 0 0 68 0 54 0 52 56 58 53 55 59 0 22 0 23 0 0 0 0 16 
81 3 6 1 0 80 0 79 4 0 0 42 41 36 39 38 40 34 73 75 74 0 0 76 72 0 71 27 0 26 29 33 0 25 31 32 20 0 0 17 0 16 21 0 0 63 0 65 68 67 0 0 66 0 52 0 53 55 57 0 54 60 59 48 45 51 0 0 49 0 0 0 0 13 15 14 8 0 12 10 0 
72 75 78 73 0 71 0 70 76 0 26 33 0 0 0 29 31 0 0 66 65 0 0 0 0 68 62 0 21 17 20 0 19 16 0 23 0 0 0 0 13 0 0 0 0 0 0 56 59 0 0 60 0 55 0 49 44 0 48 47 45 0 0 39 36 42 34 38 40 35 37 41 0 0 6 5 0 2 3 1 0 
0 0 42 37 41 35 38 0 40 73 71 78 0 0 75 0 76 70 28 0 29 33 25 0 27 0 0 63 66 62 65 0 64 61 67 68 0 0 55 53 58 52 57 0 60 0 16 20 0 0 17 24 0 19 7 13 0 10 0 0 0 0 0 3 81 6 79 2 4 80 0 5 45 0 0 50 0 0 48 0 0 
63 0 69 64 68 62 0 0 0 19 17 24 23 18 21 20 0 0 55 0 56 60 0 58 54 59 53 9 0 8 11 15 10 0 0 14 2 0 1 0 4 79 0 81 0 45 0 47 50 49 44 51 48 0 34 40 0 0 0 38 36 0 41 0 27 33 25 0 31 26 28 32 72 76 78 77 71 0 75 0 0 
27 0 33 28 32 26 29 0 0 64 62 69 68 0 0 65 67 61 0 0 20 24 16 0 0 0 17 54 57 0 0 60 55 0 0 0 0 50 46 44 49 43 0 45 0 9 0 11 14 0 8 0 0 10 79 4 0 1 3 2 0 6 0 75 0 78 0 74 76 71 73 77 36 40 0 41 35 0 39 37 34 
45 0 51 46 50 44 47 43 0 0 80 6 0 81 0 2 4 79 37 39 38 42 0 0 36 0 35 0 75 0 74 78 73 0 76 77 0 0 64 0 0 61 0 63 69 0 0 29 0 0 0 0 30 28 16 0 17 19 21 20 18 24 0 12 9 15 0 11 13 8 10 14 54 58 60 0 0 56 0 55 52 
54 57 60 0 59 0 0 52 0 10 0 15 14 9 12 11 0 0 0 48 0 0 0 0 45 0 44 81 0 80 2 6 1 79 4 5 0 0 0 0 76 70 75 72 78 0 0 0 41 40 35 42 39 37 25 0 0 28 30 29 27 0 0 21 0 24 16 20 0 17 19 23 0 67 0 68 0 0 66 0 0 
79 1 4 0 0 78 81 0 0 35 0 40 0 0 37 36 0 32 71 73 72 76 0 74 0 75 69 0 28 24 27 31 26 23 29 0 0 21 17 15 0 14 0 16 22 61 59 63 0 0 0 0 0 0 50 56 51 0 55 54 0 0 57 46 43 0 41 45 47 42 0 48 0 0 13 0 6 0 10 8 5 
70 0 76 71 0 69 72 68 0 26 24 31 0 25 0 27 0 0 62 0 63 67 0 65 0 66 0 0 19 15 0 22 17 0 0 21 9 0 8 0 11 5 10 0 13 52 50 54 0 0 51 0 55 0 41 47 42 0 0 0 0 0 0 0 34 40 0 0 0 33 0 0 0 2 4 0 78 81 0 0 77 
34 37 0 0 0 33 36 0 0 71 69 0 0 70 73 72 74 68 0 28 27 0 23 29 0 30 24 61 64 0 63 67 62 0 0 0 54 57 53 51 56 0 0 52 58 16 0 18 0 0 15 22 0 0 5 11 6 0 10 0 7 13 12 1 79 0 77 81 0 0 80 3 0 0 0 48 42 0 0 0 41 
0 19 22 0 0 15 18 14 0 53 0 58 0 52 55 54 56 0 0 0 9 0 5 0 7 12 6 0 46 42 45 49 0 0 0 48 36 39 35 33 38 0 0 0 40 0 77 0 3 0 0 4 0 80 0 0 0 71 73 72 0 0 75 64 0 67 0 0 0 60 62 66 25 29 31 30 24 0 28 26 0 
25 28 31 26 30 24 0 23 0 62 60 67 0 0 64 63 0 59 0 0 18 22 14 0 0 21 0 52 55 51 54 58 53 50 0 57 45 48 44 0 47 41 0 0 0 7 5 9 12 11 6 0 10 0 0 0 0 80 1 81 79 4 0 73 70 76 68 0 74 0 71 75 34 0 40 0 0 36 0 35 32 
7 0 13 8 0 6 0 0 11 44 42 0 48 43 46 0 47 0 80 1 0 0 77 0 79 0 78 0 0 0 36 0 0 32 38 39 27 0 0 0 29 23 28 25 31 70 68 72 0 74 0 0 73 0 59 0 60 62 64 63 0 0 66 55 52 58 50 0 0 0 53 57 16 20 22 21 15 18 19 0 0 
52 55 0 53 0 0 54 0 0 0 0 13 12 7 10 0 0 5 0 46 45 49 41 47 43 48 42 79 1 78 81 4 80 77 2 3 0 75 71 69 74 0 73 0 0 0 32 36 39 0 0 40 0 0 23 29 24 26 0 27 25 0 0 19 0 0 0 18 20 15 0 21 0 65 0 0 60 63 64 0 0 
61 64 67 0 0 60 0 59 0 17 15 22 0 16 19 0 0 14 0 55 0 58 50 56 52 57 51 7 10 0 9 13 8 0 11 12 0 3 80 0 0 0 1 79 0 0 0 0 48 0 42 49 46 0 0 0 33 0 37 36 0 40 0 28 25 31 23 0 0 0 26 0 70 74 0 0 0 0 0 71 0 
43 0 49 44 0 42 0 0 47 0 78 4 0 79 0 81 0 77 35 0 0 40 0 38 34 0 33 0 73 0 0 76 71 68 74 0 0 66 0 0 65 59 0 61 67 25 0 27 0 29 24 31 28 26 0 20 0 17 19 0 16 22 21 10 7 13 0 0 0 6 8 12 52 0 0 0 51 54 0 0 50 
71 74 77 0 76 0 73 0 75 0 25 32 0 26 29 0 0 24 0 65 0 68 0 0 62 67 61 0 20 16 19 23 18 0 21 0 0 13 9 7 12 6 0 0 14 53 51 0 0 57 0 59 0 54 42 48 43 0 47 0 0 50 49 0 0 0 33 37 0 0 36 0 80 3 5 0 0 1 2 81 78 
0 0 68 0 0 0 64 0 0 18 0 0 22 17 20 0 21 15 54 56 0 59 51 57 0 0 52 8 11 7 10 0 9 6 0 13 0 4 0 79 3 0 2 80 0 0 42 46 49 0 0 50 47 45 0 39 0 36 0 37 0 0 40 0 0 32 24 0 0 25 0 0 0 75 0 76 70 0 74 0 69 
80 2 0 81 4 0 0 78 3 0 34 41 40 35 0 37 39 33 72 74 0 0 69 75 0 0 70 26 0 0 28 32 0 24 0 31 0 22 18 16 21 15 20 0 23 0 60 64 67 66 0 68 0 0 51 0 52 0 56 55 53 59 0 0 44 50 42 46 48 43 0 0 0 0 0 0 7 10 11 9 6 
0 47 50 45 0 0 46 0 0 81 79 5 4 0 2 0 0 78 36 38 0 0 33 39 0 0 34 0 74 70 0 77 72 69 0 76 0 67 63 0 66 60 65 62 68 26 0 0 0 30 0 32 0 27 0 21 16 18 20 19 17 0 22 11 0 14 6 10 0 7 9 13 0 57 0 58 0 55 56 0 51 
0 0 0 9 0 7 0 6 12 45 0 0 49 44 0 0 48 42 81 0 0 0 78 0 0 0 0 35 38 34 37 41 36 33 0 0 0 31 0 25 30 0 29 26 32 71 69 0 0 75 0 77 74 72 60 66 61 63 65 0 0 68 0 56 0 0 51 55 0 52 0 0 17 21 23 22 16 19 20 18 0 
0 29 32 27 0 0 28 0 30 63 61 68 67 0 0 0 66 0 18 20 0 23 15 0 17 22 0 53 56 52 55 59 0 0 57 0 0 0 0 0 48 42 47 0 50 0 0 10 0 0 7 0 11 9 78 3 79 81 2 1 80 5 0 74 0 0 69 73 75 70 72 76 0 39 0 40 0 37 38 0 33 
0 38 0 36 40 0 37 33 39 0 70 0 76 0 74 0 0 0 0 0 0 32 24 0 0 0 25 62 65 61 0 68 63 0 0 67 55 0 54 52 57 0 0 53 59 0 0 19 22 21 16 23 20 0 6 12 7 0 11 10 8 0 0 0 0 5 78 0 0 79 0 4 0 48 0 49 43 0 47 45 42 
53 0 59 54 58 52 0 0 0 9 7 0 13 0 0 10 0 0 0 0 46 50 0 48 44 49 43 80 0 79 1 5 81 78 3 0 73 0 0 0 75 69 74 71 77 0 0 37 40 0 34 0 0 36 24 0 0 0 0 28 26 0 0 20 0 23 15 0 0 16 0 0 62 66 0 0 61 64 0 63 0 
17 20 0 0 0 0 0 15 21 54 0 59 0 53 0 55 0 51 0 0 10 14 6 12 8 0 7 0 0 43 46 0 45 0 48 49 37 0 36 34 39 33 0 0 0 80 78 1 4 3 0 5 2 81 0 75 0 72 74 73 71 77 76 0 62 0 0 0 66 61 0 67 26 30 32 31 25 0 29 0 24 
0 0 56 51 55 0 0 0 0 6 4 11 0 5 8 0 0 3 0 44 43 47 0 45 41 46 40 77 80 0 79 2 0 75 81 1 0 73 0 67 72 66 71 0 74 32 30 0 37 36 0 0 0 33 21 27 22 0 26 25 23 29 28 17 14 20 12 0 18 13 15 19 59 63 65 64 58 0 62 60 57 
0 35 38 0 37 31 34 30 0 0 0 74 73 68 71 70 72 66 0 26 25 0 21 0 23 28 0 59 0 58 61 65 0 57 63 64 0 55 51 0 54 48 0 50 56 14 0 0 0 0 0 20 17 15 0 9 0 6 8 7 0 11 0 0 77 2 75 79 0 76 78 0 41 45 0 46 40 0 44 42 0 
0 8 11 6 10 4 7 0 9 42 40 47 46 41 44 0 45 39 78 80 79 2 0 0 77 1 76 0 0 31 34 0 0 30 0 37 0 28 24 22 0 21 0 23 0 0 0 70 73 0 67 0 71 69 57 0 0 0 62 0 59 0 0 53 0 56 48 0 54 49 0 0 14 18 0 19 13 16 0 15 0 
77 80 2 78 1 76 79 75 81 33 31 0 0 32 35 0 36 0 0 0 70 0 0 72 68 0 67 0 0 22 25 29 24 21 27 0 16 0 15 0 18 0 17 14 20 59 0 61 64 63 58 0 62 0 48 54 49 51 53 52 0 56 55 44 0 0 0 43 0 0 42 46 0 9 0 10 0 7 8 0 3 
0 0 20 15 19 0 16 12 18 51 49 56 55 50 53 52 54 48 0 8 7 11 3 9 0 10 4 41 0 40 43 47 0 39 0 0 34 0 33 0 0 30 0 32 0 0 0 79 0 0 0 0 80 78 66 0 0 69 0 70 0 0 73 0 0 0 57 0 63 58 60 64 0 27 29 0 22 25 26 24 0 
59 62 65 60 0 0 0 57 63 15 13 0 19 14 0 16 0 0 0 53 52 56 48 0 50 55 49 0 8 0 7 11 0 3 0 10 79 1 0 76 81 75 0 77 2 0 39 43 46 0 40 47 44 42 30 36 31 33 35 34 32 38 37 0 23 29 21 25 0 22 24 28 68 72 0 73 67 70 71 69 0 
23 0 29 24 0 0 0 21 27 60 0 0 0 0 62 61 0 57 0 17 0 20 0 0 14 19 0 50 53 49 52 56 51 48 54 55 43 0 0 0 45 39 0 41 0 0 3 0 10 9 0 11 8 0 75 81 76 78 80 0 0 2 1 71 68 74 66 0 72 0 69 73 32 0 0 37 0 34 35 33 0 
41 0 47 42 0 40 43 39 45 78 76 2 0 0 0 79 0 0 33 35 0 38 30 36 32 0 0 68 0 67 70 74 69 66 0 73 61 64 0 0 63 0 0 0 65 23 0 25 0 27 0 29 26 0 12 0 13 15 0 0 14 0 19 0 0 11 3 7 9 4 0 10 50 54 0 0 0 0 53 51 48 
0 71 74 0 73 0 0 0 72 0 22 29 28 0 0 0 27 0 60 62 0 65 0 63 59 64 58 0 17 13 0 20 15 12 0 19 0 0 0 0 0 0 8 5 0 50 0 0 0 0 49 56 0 51 39 45 40 0 44 43 0 0 46 35 32 38 30 34 0 31 33 37 0 0 2 1 0 0 80 0 75 
30 0 36 31 35 0 32 28 0 67 0 72 71 0 0 0 70 64 22 24 23 27 19 25 0 0 0 57 0 56 0 0 58 0 61 0 50 53 0 47 52 0 51 48 0 12 0 0 0 16 11 0 0 0 1 7 0 4 0 5 3 9 0 0 75 81 0 77 79 0 0 0 0 43 0 0 38 41 42 0 37 
0 0 63 0 62 56 59 0 61 0 11 18 17 12 15 14 16 10 49 0 0 54 0 52 48 53 47 0 0 2 0 9 4 0 7 0 77 80 0 74 79 0 0 75 81 39 0 41 44 43 38 45 0 40 28 34 29 0 33 32 30 0 0 0 0 27 0 23 25 0 0 26 0 0 72 71 65 68 0 67 0 
21 24 27 22 26 20 23 0 25 58 56 63 62 57 60 59 0 0 13 0 14 0 0 16 0 0 11 0 51 47 0 54 0 46 52 53 0 44 0 0 43 37 42 39 45 0 0 5 0 7 0 9 6 4 73 79 74 76 78 77 75 0 80 0 66 72 64 68 0 0 67 71 30 34 36 35 29 0 33 31 28 
12 15 0 13 0 11 0 0 16 0 47 54 0 48 51 0 0 46 4 6 0 9 1 7 3 8 2 39 42 0 41 0 40 0 43 44 32 0 31 29 0 28 33 30 36 0 0 0 80 79 0 81 78 76 64 0 0 67 69 0 66 72 0 60 57 0 55 0 0 0 58 62 0 25 27 26 0 0 0 22 0 
75 78 81 0 80 0 77 0 79 31 29 36 35 30 33 32 0 28 67 69 68 72 0 70 66 0 65 0 0 20 0 27 22 0 25 26 14 0 0 11 0 0 15 12 18 0 55 0 62 0 56 63 0 58 46 0 0 49 0 50 48 0 53 0 39 0 37 0 43 38 0 44 3 7 9 8 2 5 0 0 1 
0 42 45 40 44 0 41 0 0 76 0 81 80 75 78 77 79 73 0 33 0 36 28 0 30 0 29 66 69 0 68 0 67 64 0 71 0 0 0 0 61 0 60 0 63 21 19 23 0 25 20 27 24 22 10 0 11 0 0 14 12 18 17 6 0 0 1 5 0 2 4 0 0 0 54 53 0 50 51 0 0 
66 69 72 67 71 65 68 0 70 0 0 27 26 0 0 23 25 19 58 60 0 0 55 0 57 0 0 0 15 0 14 18 13 0 0 17 5 8 4 2 0 1 0 0 0 0 0 50 53 52 47 0 0 49 37 43 38 40 0 41 39 45 44 33 30 36 28 0 34 29 0 35 0 79 0 80 0 0 0 76 73 
3 0 0 4 8 2 5 0 7 40 38 0 44 0 42 41 43 37 76 78 0 0 0 79 75 80 74 0 0 0 32 36 31 0 0 0 23 0 0 0 0 19 24 21 27 66 0 68 71 0 65 0 0 0 55 61 56 58 60 59 0 63 0 51 48 0 46 0 0 0 49 53 12 16 0 17 11 0 15 13 0 
48 0 0 0 0 47 50 46 0 4 0 9 8 0 0 0 7 1 40 42 41 45 37 43 39 44 0 75 78 0 77 81 76 0 0 80 0 71 0 0 70 64 0 0 0 30 0 0 35 34 29 36 33 0 0 25 20 0 0 23 0 27 26 0 0 18 10 0 16 11 13 17 57 61 0 0 56 59 60 0 55 
31 34 0 32 0 30 0 29 35 68 66 73 0 67 0 0 71 65 23 0 0 28 0 0 22 27 21 0 61 57 60 0 59 56 62 63 0 54 50 48 53 0 52 49 55 0 11 0 18 17 12 19 16 0 0 8 0 0 0 6 0 10 9 79 76 1 74 0 80 0 77 81 0 44 0 45 0 42 43 41 0 
67 0 73 0 0 0 69 0 0 23 21 28 0 0 25 0 0 20 0 61 0 0 0 62 58 63 57 0 0 0 15 0 0 11 0 18 6 9 0 0 0 0 0 4 10 0 47 0 54 53 48 0 0 50 38 44 39 41 0 0 40 0 0 34 31 0 29 0 0 30 0 36 76 0 0 0 0 78 79 0 0 
0 7 10 5 0 0 6 0 8 0 39 0 0 40 0 0 0 0 0 79 78 0 0 80 0 81 0 0 34 0 33 37 32 0 0 0 0 0 23 21 26 0 0 22 28 0 0 69 72 71 66 0 0 0 0 0 57 59 61 60 58 64 63 0 49 55 47 51 53 48 0 0 0 17 19 0 0 15 16 14 0 
0 16 19 0 18 12 15 0 17 50 0 55 54 49 52 0 53 47 0 7 6 10 0 8 0 0 3 0 43 39 42 0 41 0 44 45 33 0 0 30 0 0 34 31 37 76 0 0 0 80 75 0 0 77 65 71 66 68 70 0 0 73 72 0 58 0 0 60 62 0 59 63 22 0 0 27 21 0 0 0 20 
22 25 28 23 0 21 24 0 26 59 0 64 0 58 61 0 62 56 0 0 0 19 0 17 0 0 0 0 0 0 51 55 50 47 53 0 42 45 41 39 44 0 43 40 0 0 2 6 9 0 3 0 7 5 74 80 0 0 0 78 76 0 81 70 67 73 0 69 0 0 0 72 0 35 37 0 30 33 34 32 29 
58 0 64 59 63 0 0 56 62 14 12 0 0 13 16 15 17 11 0 52 0 55 0 53 49 54 0 4 0 3 0 0 0 2 0 0 78 0 77 0 0 74 79 0 1 0 0 42 0 44 39 46 0 0 29 0 30 32 0 0 0 0 36 25 22 28 20 0 26 21 23 27 67 71 73 72 66 69 70 68 65 
0 79 1 0 0 0 78 74 0 0 0 37 36 31 34 33 0 29 68 0 69 0 0 0 0 0 0 22 25 21 24 0 23 0 26 27 15 0 0 0 17 0 16 0 0 58 56 60 63 62 57 64 61 59 47 0 48 0 52 51 49 55 54 0 0 46 38 42 0 0 41 0 0 0 0 9 3 6 0 0 2 
49 52 0 0 54 48 51 0 53 5 3 10 9 4 7 6 0 2 0 43 0 0 38 0 0 45 0 0 0 75 78 1 77 74 0 81 0 72 68 66 71 65 70 67 0 31 0 0 0 0 30 0 0 0 20 26 0 23 25 0 22 28 27 16 13 0 11 0 17 0 0 18 0 0 64 63 0 60 0 0 0 
0 43 46 0 45 39 42 38 44 77 75 1 81 76 0 78 80 74 32 34 33 0 0 0 31 36 30 0 0 66 69 73 68 0 71 72 60 63 59 0 62 56 0 0 0 0 0 0 27 26 21 0 25 23 0 17 12 14 16 0 0 19 0 7 4 10 0 0 8 3 0 0 49 0 55 54 48 0 52 50 47 
