9
55 50 52 0 57 0 51 56 58 33 37 39 36 0 0 38 32 0 12 0 7 13 11 0 0 0 9 0 0 65 0 60 63 59 0 62 0 0 0 0 42 46 0 48 44 69 76 73 0 0 0 68 71 70 18 17 21 0 20 14 0 0 0 0 0 0 1 80 81 78 2 79 0 30 0 0 0 0 25 0 26 
0 0 0 81 0 0 0 0 4 0 64 66 63 0 62 65 59 61 39 0 34 0 38 0 0 35 0 7 12 11 10 0 0 5 0 8 68 76 74 70 0 0 72 75 0 0 0 19 0 21 18 14 17 16 0 0 48 49 0 41 0 46 43 30 0 0 28 26 0 0 29 25 51 57 50 55 0 56 52 0 53 
28 23 25 27 30 0 24 0 31 6 0 12 0 13 0 0 0 7 0 59 0 67 65 64 0 0 0 34 0 38 37 0 0 32 40 35 14 22 0 16 0 19 18 21 17 42 49 0 0 48 45 41 44 43 72 71 0 76 74 0 69 0 70 57 50 0 0 0 0 51 56 0 78 3 0 1 81 0 79 4 0 
0 0 0 0 0 62 0 65 0 0 46 48 45 49 44 0 0 0 21 0 0 22 0 19 0 17 0 0 75 74 0 69 72 68 76 0 0 58 0 52 0 55 54 57 0 0 4 1 2 0 0 77 80 79 27 0 30 31 29 23 24 28 25 0 5 13 10 8 0 6 0 7 0 0 0 0 36 0 34 0 35 
37 32 0 36 0 0 0 0 0 0 19 0 0 22 0 0 14 16 0 0 70 0 74 0 69 71 72 43 0 0 46 42 45 0 49 44 23 0 29 0 24 28 27 30 26 0 58 0 56 0 54 0 53 52 0 80 3 0 0 77 0 1 0 66 0 67 0 62 63 0 65 0 6 0 0 0 9 11 0 13 0 
73 68 70 0 0 71 69 74 0 51 55 0 0 58 0 0 0 52 30 0 0 0 0 0 24 26 0 79 3 2 0 78 81 77 0 80 59 67 0 61 60 64 63 66 0 6 0 0 11 12 9 5 8 7 36 35 0 40 0 32 0 0 34 21 14 0 19 17 0 15 20 0 0 48 41 0 45 47 0 49 44 
46 0 0 45 0 44 42 47 49 0 28 0 27 31 26 0 23 0 0 77 0 0 2 0 0 80 0 0 0 56 55 51 54 0 58 0 32 40 0 34 33 37 0 39 35 60 0 0 0 66 0 59 0 0 0 8 12 13 11 5 6 10 7 75 0 0 73 71 72 0 74 0 0 0 14 19 18 0 0 0 17 
0 0 7 0 0 8 0 11 13 0 0 75 72 76 0 74 68 70 0 41 0 49 0 0 0 44 0 0 21 20 0 0 18 14 22 0 0 4 2 79 0 1 0 0 0 24 0 28 29 30 27 0 26 25 0 0 0 58 56 0 51 0 52 39 32 40 37 35 0 33 0 34 0 0 0 0 63 65 0 67 0 
0 14 0 18 21 17 0 0 22 78 1 3 0 0 80 2 77 79 57 50 52 58 56 0 51 53 54 0 30 29 28 0 27 23 0 26 5 13 11 0 0 10 9 12 0 0 40 37 38 39 36 0 35 0 63 62 66 0 65 59 0 64 0 0 0 49 46 44 45 42 47 43 0 75 0 73 0 0 70 76 71 
47 42 0 46 0 45 43 48 50 0 0 0 0 32 27 0 0 0 0 78 0 5 0 0 79 0 1 0 58 57 0 0 55 51 59 0 33 41 0 35 0 0 37 0 0 61 0 65 0 67 0 60 63 62 0 9 13 0 0 6 7 0 0 76 69 77 0 0 73 0 0 0 0 22 15 20 19 0 17 0 0 
74 0 71 73 76 72 0 0 77 52 56 0 55 59 54 57 51 53 0 24 0 0 30 0 0 27 0 0 4 3 0 79 1 78 0 81 0 0 66 0 61 65 64 67 63 0 0 0 12 0 10 6 9 0 0 0 40 41 0 33 34 38 35 22 0 23 20 18 19 16 21 0 43 0 42 47 46 0 44 0 45 
0 51 53 55 58 0 0 57 59 0 38 40 0 0 36 39 0 35 13 0 8 14 0 11 0 0 0 62 0 0 65 61 64 0 68 0 42 0 48 44 43 0 0 0 45 70 0 74 75 76 0 0 72 71 0 18 22 23 21 0 0 20 0 4 78 5 2 81 0 0 0 0 25 0 0 29 0 30 0 32 27 
38 33 35 0 0 36 34 0 41 16 20 22 19 0 18 21 0 0 76 0 71 77 75 0 0 0 0 44 49 48 47 43 0 42 50 45 24 0 30 26 0 29 0 0 27 52 0 56 57 0 55 51 54 53 1 81 0 5 3 78 79 0 80 67 60 68 0 63 0 0 66 0 7 13 6 11 10 12 0 14 0 
2 78 0 1 4 0 79 3 5 61 65 67 64 68 0 66 0 0 40 0 0 41 39 38 34 36 37 8 13 12 0 7 10 0 0 9 69 77 75 71 70 0 0 76 72 16 23 20 21 0 19 15 0 17 46 0 49 0 48 0 0 0 0 0 0 0 29 0 0 25 0 26 52 58 0 0 0 57 53 59 54 
29 24 0 28 0 27 25 30 32 7 11 13 0 14 0 12 0 0 0 60 62 0 0 65 61 0 64 35 0 39 38 34 37 33 0 0 0 0 21 0 16 20 0 22 18 0 50 47 48 49 46 42 0 0 73 72 76 0 0 0 70 74 71 58 51 59 56 0 0 0 57 0 0 4 0 0 1 3 80 5 81 
20 0 0 19 0 18 16 21 23 79 0 4 1 5 0 3 78 80 0 0 53 0 57 0 0 0 0 0 0 0 29 25 0 24 32 27 0 14 12 8 7 11 10 0 0 34 0 38 0 0 0 33 0 35 0 63 0 68 0 0 61 0 0 49 0 50 0 45 0 43 48 44 0 76 69 0 0 0 0 77 72 
0 0 0 10 13 0 0 12 14 0 0 76 73 0 0 0 0 71 0 42 44 50 0 47 43 45 0 17 22 21 0 16 19 0 0 18 78 5 0 80 79 2 1 0 0 0 32 29 0 31 0 24 27 26 55 54 0 0 0 0 52 56 0 0 33 0 38 0 37 34 39 0 61 67 60 0 0 66 62 68 63 
65 60 62 64 0 0 0 66 68 0 0 49 0 50 0 0 42 44 0 0 17 23 0 0 0 18 0 71 0 0 74 70 73 0 77 0 0 0 57 0 52 56 55 0 54 0 5 2 3 4 1 78 81 0 0 0 0 32 0 24 0 0 0 0 0 0 11 0 0 7 0 8 34 0 33 38 37 39 35 41 36 
18 0 15 0 20 0 0 19 0 77 81 2 0 0 79 1 0 0 0 49 51 57 55 0 50 52 53 0 0 0 0 0 26 22 30 0 0 0 10 6 5 9 0 11 0 32 39 36 0 38 35 0 34 33 0 61 65 66 0 58 59 63 60 47 40 0 45 43 44 41 46 42 68 74 67 72 71 73 0 0 0 
54 0 51 0 56 52 50 0 0 0 36 38 0 39 34 37 31 0 0 4 6 0 0 0 5 7 0 60 65 0 63 0 0 58 66 0 40 48 0 0 41 45 44 0 43 68 0 0 73 0 71 0 70 69 17 0 20 0 19 13 14 0 15 2 0 0 0 0 80 0 1 78 23 0 0 27 0 0 24 30 0 
27 22 24 26 0 0 23 28 30 5 9 0 0 12 7 0 0 6 65 58 60 66 64 63 59 0 62 33 38 37 0 32 35 0 0 34 13 21 19 0 14 0 17 0 16 0 0 0 0 47 44 40 43 42 71 0 74 75 0 0 0 72 0 56 0 57 54 52 53 50 55 51 77 2 0 0 80 1 78 0 0 
72 67 69 71 74 70 0 0 75 0 54 56 53 57 0 55 49 51 29 0 24 0 0 27 23 25 0 78 2 1 81 77 80 0 0 79 58 0 64 0 0 63 62 0 61 5 12 0 0 11 8 4 7 6 35 34 38 0 37 0 32 36 0 20 0 21 0 0 0 14 19 15 41 47 0 45 0 0 42 48 43 
0 0 0 0 11 7 0 0 0 68 0 74 0 0 0 0 0 0 0 0 42 0 0 0 41 0 44 15 20 0 0 14 0 13 0 0 0 0 1 0 77 81 80 0 0 23 30 27 28 0 26 22 25 24 53 0 56 57 55 0 0 54 51 0 0 39 36 0 35 0 0 0 0 65 58 63 0 64 0 66 61 
0 58 0 62 65 0 0 0 66 0 0 0 44 48 0 0 40 0 0 13 15 21 0 0 0 16 0 69 0 0 0 68 71 67 0 70 49 57 55 0 0 0 0 56 52 77 3 81 1 2 80 76 79 78 26 0 0 30 0 22 23 27 24 11 0 12 9 0 8 0 10 0 32 38 0 36 35 0 33 39 34 
45 40 42 44 0 0 0 46 48 0 0 29 26 0 25 0 22 24 2 0 0 3 1 81 77 79 80 51 0 55 0 0 0 49 0 52 0 0 37 33 32 0 35 38 34 59 0 0 0 0 0 0 61 60 8 7 0 12 10 0 0 9 6 74 67 75 72 70 71 68 73 0 14 20 13 18 17 0 15 0 16 
81 76 78 0 2 0 0 1 3 59 0 65 0 66 0 0 58 60 38 0 33 39 0 0 0 34 0 6 11 0 0 5 8 4 0 0 0 0 73 69 68 72 71 74 70 0 0 0 0 0 0 13 16 0 0 0 47 48 0 40 41 0 42 29 22 0 27 25 26 0 28 24 50 56 0 0 53 55 0 0 52 
36 0 0 0 38 0 0 0 0 0 0 20 17 0 16 19 0 15 74 0 69 0 0 0 68 70 71 42 47 46 45 41 0 40 0 43 0 0 28 24 23 0 26 29 0 50 0 0 0 56 53 49 52 51 80 79 0 3 1 0 77 81 0 65 58 0 63 61 0 59 64 60 5 11 4 9 8 0 6 12 0 
60 0 57 59 0 0 56 61 0 0 0 44 41 45 0 0 0 39 0 10 12 18 16 15 11 13 14 0 71 0 69 0 68 64 72 67 46 54 0 48 0 51 50 0 0 74 0 0 79 0 77 73 76 0 23 0 0 0 0 19 20 0 21 0 0 9 0 4 5 2 0 3 29 35 0 0 32 34 0 36 0 
33 0 30 32 35 0 29 0 0 11 0 0 14 0 0 16 10 12 71 0 66 72 70 0 0 67 68 39 0 43 0 0 0 0 0 40 0 27 0 21 20 24 23 0 22 47 0 51 0 53 50 46 49 0 0 76 0 81 0 73 74 78 75 62 0 0 0 58 59 56 61 57 2 0 1 6 5 7 3 9 4 
51 46 0 50 53 49 47 0 0 29 0 35 32 36 31 34 28 30 8 0 0 9 7 6 2 4 5 57 62 61 60 0 59 0 0 58 37 45 0 39 0 0 41 0 40 65 72 69 70 71 68 64 0 66 14 13 17 18 16 0 0 0 0 0 73 81 78 0 0 0 79 0 20 0 0 0 23 0 0 0 22 
0 37 0 0 44 0 0 43 45 20 0 26 23 0 22 0 19 21 80 0 0 81 79 78 0 76 77 48 0 0 51 47 50 46 54 49 0 0 34 30 0 33 32 0 31 0 63 0 0 62 59 0 58 57 0 4 0 0 7 0 2 6 3 71 64 0 69 67 0 65 0 0 0 0 10 15 14 16 12 18 0 
0 64 66 68 71 0 65 0 72 0 0 53 50 0 49 52 0 48 26 19 21 27 25 24 0 22 0 75 80 0 78 74 77 73 81 0 55 0 0 57 0 60 0 0 0 0 0 0 0 8 5 1 0 3 32 31 0 0 0 28 29 0 30 17 0 18 15 13 14 0 16 0 0 44 37 42 41 0 0 45 40 
0 73 75 0 80 76 74 79 0 0 0 0 59 0 0 0 55 57 35 28 30 36 34 0 29 31 0 0 0 7 0 0 5 0 9 4 64 72 70 0 65 0 68 71 67 11 18 15 16 0 14 10 13 12 41 0 44 0 0 0 38 0 39 0 0 27 24 22 23 0 0 21 0 53 46 51 0 52 0 54 0 
15 0 0 14 17 13 11 16 0 74 0 0 77 81 76 0 73 0 53 0 0 54 52 0 0 49 0 21 26 25 0 0 23 19 27 22 0 0 7 3 0 6 5 8 4 29 0 0 34 35 32 0 0 0 59 0 62 63 61 55 0 0 0 44 37 45 0 40 41 0 0 0 0 71 64 0 68 70 66 72 67 
24 0 21 0 26 22 20 0 27 2 0 8 0 9 0 0 1 3 62 55 57 63 0 0 56 58 59 0 0 34 33 29 32 28 0 31 0 0 16 12 0 15 0 17 0 0 45 42 0 44 41 37 0 0 0 67 0 72 0 64 0 69 0 0 0 54 0 0 50 47 52 0 74 80 73 78 77 79 75 0 0 
6 1 3 5 8 4 2 0 9 0 69 71 0 0 0 0 0 66 44 37 0 45 0 0 38 40 41 12 17 16 15 0 0 0 0 13 73 81 79 0 74 0 77 80 76 20 27 24 0 26 23 0 22 21 0 49 0 0 52 46 0 51 48 35 0 36 33 31 32 29 34 0 56 62 55 60 59 61 57 63 0 
0 25 27 29 32 28 26 0 33 8 12 14 0 15 0 13 7 9 0 61 0 0 0 0 62 64 65 36 41 0 39 35 0 34 42 37 16 0 22 18 17 0 20 23 0 0 51 48 0 50 47 43 0 0 74 0 0 78 76 0 0 75 72 59 52 60 0 0 0 53 58 0 80 0 79 0 2 4 0 6 1 
75 0 0 0 77 73 0 0 0 53 0 59 0 60 55 58 52 54 32 25 27 0 31 0 0 0 29 81 0 4 0 80 0 0 0 0 0 0 0 63 0 0 65 0 0 0 15 12 13 14 0 7 10 9 38 37 0 42 0 34 35 0 0 23 16 24 0 19 20 0 0 0 44 50 43 48 47 0 0 0 0 
48 43 45 47 50 0 44 49 51 26 0 32 0 33 0 31 25 27 0 79 81 6 4 0 80 0 2 54 0 58 0 53 56 0 0 55 34 42 0 36 0 39 38 41 37 0 69 0 67 68 65 61 0 63 11 0 0 0 0 0 8 12 0 77 70 78 75 0 0 0 76 72 17 23 0 21 0 0 18 24 19 
39 0 0 38 41 0 0 40 0 17 21 0 20 24 19 0 0 0 0 70 0 0 0 75 71 0 0 45 0 49 48 44 47 43 51 46 0 0 31 0 26 0 29 32 0 0 60 57 58 59 56 0 0 0 2 1 5 6 4 0 0 0 81 68 61 69 66 64 65 0 67 63 0 0 0 0 11 13 9 15 0 
0 0 54 56 0 0 53 58 0 35 39 0 38 0 37 40 0 0 14 7 0 0 13 12 0 0 0 0 0 67 0 62 0 61 0 64 0 51 49 45 0 48 47 50 0 0 78 75 76 77 74 0 73 0 20 0 0 24 0 16 17 21 18 5 0 6 0 0 2 80 4 81 0 0 0 30 29 31 27 33 28 
3 79 81 0 5 0 80 4 0 0 66 0 65 69 64 0 0 0 0 34 36 42 40 39 0 37 38 0 14 0 12 8 0 7 15 10 0 0 0 72 0 0 74 77 0 0 24 21 0 23 0 0 0 18 0 46 0 51 49 43 0 48 0 0 25 33 0 28 29 0 0 27 53 0 52 57 56 0 0 0 0 
66 0 63 65 68 0 62 67 0 44 48 0 0 51 46 0 43 0 23 0 0 0 0 21 0 19 20 72 0 76 75 71 0 70 0 0 52 60 58 54 0 57 0 0 55 0 6 0 4 5 0 0 0 81 0 28 32 33 31 25 26 0 27 14 7 15 12 10 11 8 0 9 35 0 34 39 38 0 0 42 37 
21 16 18 0 23 19 17 22 0 0 0 0 2 6 1 0 79 0 0 52 0 60 58 0 53 0 56 0 0 31 30 26 0 25 0 0 7 15 0 9 8 12 11 0 0 35 0 39 0 41 38 34 0 0 65 64 0 0 67 61 62 66 0 0 43 0 0 0 0 0 49 0 71 0 70 75 74 0 72 78 0 
12 7 0 11 14 10 8 13 0 71 75 0 0 78 73 0 0 72 50 43 0 51 49 0 44 46 0 0 23 22 21 0 0 0 24 0 0 6 0 81 80 3 2 5 1 26 0 30 0 0 0 25 0 0 56 55 59 60 58 52 53 0 0 0 34 42 39 0 0 35 0 36 62 68 0 0 65 0 63 0 64 
35 30 32 34 37 0 31 0 38 13 17 0 16 20 0 0 12 14 73 66 68 74 72 0 67 0 70 41 46 45 44 0 43 39 47 42 0 29 0 0 22 26 25 0 24 0 0 53 0 55 52 0 0 50 79 0 1 2 81 75 76 0 0 64 0 65 62 0 61 0 0 59 4 0 3 0 0 0 0 11 0 
0 48 50 52 55 0 0 0 56 0 0 37 0 0 0 36 30 32 0 3 0 11 9 8 4 0 7 0 0 63 0 58 61 57 65 60 39 47 45 41 40 0 43 46 0 67 74 71 0 73 0 66 69 68 16 15 0 20 18 0 13 0 14 1 75 2 80 0 79 76 81 77 0 28 21 26 25 27 23 29 24 
80 0 0 79 1 78 0 0 2 0 0 64 61 65 0 63 57 59 37 30 0 0 0 35 31 0 34 5 10 9 8 4 7 3 0 0 0 74 0 68 67 0 0 73 69 0 0 17 0 0 0 0 15 14 43 42 46 47 45 39 0 44 41 0 0 0 26 24 0 22 0 0 49 0 48 53 0 0 50 56 51 
0 66 68 0 73 69 0 72 0 0 53 55 52 0 0 0 0 50 28 21 23 29 27 0 22 24 25 0 0 81 80 0 79 75 2 78 0 65 0 59 58 0 61 0 0 0 11 8 9 10 7 3 6 0 34 33 0 0 36 30 31 35 32 0 0 20 0 15 16 13 0 0 40 46 39 0 0 45 41 0 42 
26 21 23 25 28 0 22 27 29 0 8 0 7 0 0 9 0 5 0 57 59 65 63 62 58 0 0 32 37 36 0 31 0 0 0 0 12 20 18 14 0 0 16 0 15 40 47 0 0 46 0 0 0 0 70 0 73 74 0 0 67 71 0 0 48 56 53 51 0 0 54 50 76 1 75 80 79 0 0 2 0 
62 57 59 61 64 60 0 63 0 0 44 46 0 0 42 45 39 0 19 0 14 20 18 17 13 0 16 68 73 72 71 0 0 0 74 0 0 56 54 50 0 53 52 0 51 76 2 0 81 1 0 75 78 0 25 0 0 0 27 0 22 26 23 0 3 0 8 6 7 0 9 0 0 0 30 0 34 0 32 38 0 
0 3 0 7 0 0 0 9 11 0 71 0 70 0 0 72 0 68 46 39 0 0 0 44 40 0 0 14 19 18 17 13 0 12 0 0 0 2 81 0 0 0 79 0 0 0 29 0 27 0 25 21 24 0 0 0 55 56 54 48 49 0 50 0 30 38 0 0 34 31 36 32 0 0 0 0 61 63 0 0 60 
44 39 0 0 46 42 0 0 47 22 26 28 0 29 0 27 21 0 1 75 77 2 81 80 0 78 0 50 0 54 0 49 52 0 0 51 0 38 36 32 0 0 34 37 33 58 0 62 0 0 61 0 60 59 7 0 0 11 9 3 4 0 5 73 66 0 71 0 0 67 72 68 13 19 12 17 16 0 0 20 0 
0 0 0 16 19 0 13 18 20 76 80 1 0 0 0 0 75 77 0 48 50 0 54 0 0 51 52 0 28 0 0 0 0 21 0 0 0 11 9 0 4 8 7 0 0 0 38 0 0 37 0 30 33 32 61 0 64 65 63 0 58 62 0 46 0 47 44 42 43 40 45 0 0 73 0 0 0 72 0 0 69 
40 35 37 39 42 38 36 41 43 0 22 0 21 25 20 23 17 19 78 71 0 79 77 0 0 74 75 46 0 50 49 45 0 0 0 47 0 0 32 28 0 31 30 0 29 0 61 58 0 60 57 53 56 55 3 2 6 7 0 80 0 0 0 0 0 70 0 65 0 63 68 0 0 0 8 0 0 0 10 16 0 
49 44 0 48 51 47 45 50 52 27 31 33 0 0 29 32 0 28 6 80 1 7 0 4 0 2 0 55 60 0 0 54 0 0 61 56 35 43 41 37 0 40 39 42 38 63 70 0 0 69 66 0 65 64 12 11 0 0 14 8 9 0 10 78 71 79 0 74 0 0 0 0 0 24 17 0 0 23 19 25 0 
31 26 0 30 0 0 27 32 0 0 13 15 0 16 11 14 8 10 0 62 0 70 68 67 63 0 66 37 0 41 40 0 0 0 0 38 17 25 23 19 0 0 21 24 20 45 52 0 50 0 48 44 0 46 75 74 78 79 0 71 72 76 73 0 53 0 58 56 57 54 0 55 0 6 0 4 0 0 1 0 2 
13 8 10 0 15 11 0 14 16 72 0 0 0 0 0 0 71 73 0 44 0 52 0 49 45 47 0 19 24 23 22 18 21 17 25 20 0 7 5 1 0 0 3 6 2 27 34 31 32 33 0 0 29 28 0 56 60 0 59 0 54 0 0 42 35 43 0 38 0 0 41 37 0 69 0 0 0 0 0 0 65 
0 80 0 0 0 0 81 5 7 63 67 69 0 70 65 68 0 0 42 35 0 43 41 0 36 38 39 0 15 14 13 9 12 8 16 11 71 0 77 0 72 76 75 0 74 0 25 0 23 24 0 0 0 0 48 0 51 0 50 44 0 0 46 33 0 0 0 0 30 0 32 28 0 60 0 58 57 0 55 61 0 
76 0 73 75 0 0 0 77 79 54 0 60 57 61 56 59 53 55 33 26 28 0 0 31 0 0 0 1 0 0 0 81 3 80 7 2 62 70 68 64 0 67 66 69 65 9 0 0 14 0 12 8 11 10 39 38 42 43 0 35 36 40 0 0 17 25 0 20 21 18 23 0 0 0 0 0 0 50 46 52 47 
22 0 0 21 24 20 18 23 0 81 4 0 0 7 0 5 0 1 60 53 55 61 59 0 54 0 57 28 0 0 0 27 0 26 0 0 0 16 0 0 0 13 0 15 11 36 0 40 41 42 39 35 38 37 66 65 69 0 68 62 63 0 64 0 44 0 0 47 48 45 0 0 72 78 71 76 75 0 73 79 74 
0 53 55 57 60 0 54 0 0 36 40 0 39 0 0 0 0 37 15 0 0 16 14 0 0 11 0 64 69 68 0 0 66 62 0 0 0 52 50 46 0 0 48 51 0 0 0 76 77 78 75 71 74 0 21 0 0 25 23 17 0 22 19 0 80 0 4 0 0 0 5 0 0 0 0 31 0 32 0 0 29 
67 0 64 0 0 0 0 0 0 0 0 0 48 52 0 50 0 0 24 17 19 25 23 0 0 0 0 73 78 77 76 0 75 71 0 74 0 61 0 55 0 58 57 0 0 81 0 0 0 6 0 0 2 1 0 29 33 0 32 26 27 0 28 0 8 0 13 0 12 0 0 10 36 0 35 0 0 0 37 43 0 
0 0 0 0 16 12 10 15 17 0 0 0 76 80 0 78 0 0 0 0 0 53 51 50 46 0 49 0 25 24 23 19 0 0 26 0 81 8 6 2 1 5 0 0 3 28 0 32 33 0 31 0 30 29 58 57 61 62 0 0 0 59 0 43 36 44 0 0 40 0 42 0 64 70 0 0 0 69 0 71 66 
23 18 20 22 25 0 0 0 0 1 0 0 0 0 0 6 81 2 61 54 56 62 0 59 55 57 0 0 0 33 32 28 31 27 35 0 0 0 0 11 10 0 0 16 0 37 0 41 42 43 0 0 39 0 67 66 70 0 69 63 64 0 65 0 45 53 50 48 0 46 0 47 73 0 0 77 76 78 74 80 75 
68 0 65 67 0 66 0 69 71 46 50 52 0 53 48 0 0 0 0 18 20 0 24 23 0 21 0 0 0 78 0 73 0 0 80 0 54 62 0 56 0 0 58 0 57 1 8 5 0 0 4 0 3 0 31 0 0 0 0 0 28 32 29 0 0 17 14 12 0 0 15 11 0 43 36 41 0 42 38 44 39 
41 0 38 40 0 0 37 0 0 0 23 0 22 26 21 0 0 0 0 0 74 80 78 77 0 0 0 47 0 51 0 46 0 0 53 0 27 35 0 29 28 32 0 0 0 0 62 0 0 0 0 54 0 56 0 3 0 8 6 81 0 0 0 70 63 0 68 66 67 64 0 65 0 0 0 0 0 15 11 17 12 
77 72 0 76 79 0 73 0 80 55 59 0 58 0 57 0 54 56 34 27 29 35 0 32 0 30 0 2 7 6 5 0 4 81 0 0 63 71 0 0 64 0 67 70 66 0 0 14 15 16 13 9 12 0 40 0 0 0 42 36 37 41 0 25 18 26 23 21 22 0 0 0 46 52 45 50 49 51 0 53 0 
50 45 47 0 52 48 46 51 53 0 0 34 31 35 0 33 27 0 7 0 2 0 0 5 0 0 4 56 0 60 0 55 58 0 62 57 36 44 42 0 0 41 0 0 0 0 0 68 0 70 67 0 0 65 13 12 16 17 15 9 0 14 0 79 0 80 77 0 0 0 78 74 0 25 0 23 22 0 0 26 21 
0 0 29 31 34 0 28 0 35 10 14 16 0 17 12 15 9 11 70 0 0 71 69 0 0 0 0 38 43 0 0 37 0 0 44 0 18 26 24 0 19 23 22 0 0 46 53 50 0 52 49 45 48 47 76 75 79 0 0 72 73 0 74 61 54 0 59 0 58 0 60 0 0 0 0 5 0 6 2 0 3 
59 54 56 58 0 57 55 60 62 37 41 43 40 44 0 42 36 38 16 0 11 17 0 0 10 0 13 65 70 69 0 64 0 0 71 66 45 53 0 47 46 50 0 52 48 73 0 77 78 79 76 72 75 74 0 21 0 0 24 18 19 0 20 0 81 8 5 3 0 1 0 2 28 34 27 32 31 33 0 0 30 
0 81 0 4 7 3 1 0 0 0 68 70 0 71 0 69 63 0 43 36 0 0 0 41 37 0 40 11 16 15 0 0 13 9 0 12 72 80 0 74 73 0 76 79 0 19 26 0 0 25 0 0 21 20 0 48 52 53 0 0 46 50 0 0 27 35 32 30 0 28 0 29 0 61 54 59 0 0 56 62 57 
0 0 0 0 45 0 39 44 0 21 25 0 24 28 0 26 0 0 0 74 0 1 80 79 0 77 0 0 54 53 52 0 0 0 55 0 29 37 35 31 0 34 33 0 32 57 0 61 62 63 0 0 59 0 0 5 0 0 8 0 3 7 0 72 0 0 70 0 69 66 0 67 12 0 11 0 0 17 0 19 0 
70 65 67 69 72 68 66 0 73 0 52 54 0 0 0 0 47 49 0 20 22 0 26 25 0 23 24 76 0 80 79 75 0 74 0 0 56 64 62 0 57 0 60 0 0 0 0 0 8 9 6 0 0 4 33 32 0 37 0 29 30 34 31 0 11 19 0 14 15 12 17 13 39 0 38 43 42 44 40 46 41 
34 29 31 0 36 32 30 35 0 0 0 0 0 19 14 0 11 13 0 65 67 0 71 0 0 0 0 40 45 0 0 0 0 38 46 0 20 0 0 0 0 0 0 0 0 0 55 52 53 0 51 47 0 0 0 77 0 1 80 0 0 79 76 0 56 64 0 0 0 57 62 58 3 9 2 7 6 0 4 10 5 
7 2 0 6 0 0 0 8 0 0 70 0 0 0 0 0 65 67 45 0 40 46 44 43 39 41 42 13 18 0 0 0 15 11 0 14 74 1 0 0 0 79 78 81 77 0 28 25 0 27 0 20 23 22 0 50 54 55 53 47 48 52 49 36 29 37 0 0 33 0 0 31 57 63 56 61 60 62 58 64 59 
79 74 0 0 0 0 75 80 0 0 61 63 60 64 59 62 56 58 0 29 0 0 35 0 30 32 33 4 9 8 7 0 6 0 0 0 0 73 71 67 66 0 69 0 68 12 19 16 17 0 0 11 14 13 42 41 0 0 44 38 39 43 0 27 20 28 25 23 24 21 26 22 48 54 0 52 51 0 49 55 0 
25 20 0 24 27 0 21 0 28 3 7 9 6 10 5 0 0 4 63 0 0 0 62 0 57 59 60 31 0 35 34 30 33 29 37 32 0 0 17 13 0 0 15 18 14 39 46 43 44 0 42 38 41 40 69 0 0 73 71 65 0 70 67 54 47 55 0 0 51 0 0 49 0 0 74 79 0 80 0 1 0 
0 0 0 51 54 50 48 0 0 30 0 0 0 37 32 35 29 0 9 0 0 10 8 0 3 5 6 0 63 0 61 0 60 0 64 59 0 46 0 40 0 43 0 0 41 0 73 70 71 0 69 0 68 0 0 14 0 0 0 11 12 16 0 81 74 0 0 77 78 75 80 0 0 0 0 25 24 26 0 0 0 
0 11 13 15 0 14 0 17 0 0 79 81 78 0 77 0 74 0 54 0 49 0 53 52 48 0 51 0 0 26 0 21 24 20 0 23 2 10 8 4 3 0 0 0 0 30 37 0 0 36 33 29 0 31 0 59 63 64 62 56 0 61 0 0 38 0 43 0 42 0 44 40 66 0 0 70 69 71 67 0 68 
61 0 58 60 63 0 57 0 64 39 0 45 42 0 41 44 38 0 18 0 13 0 0 16 12 14 0 0 72 0 70 0 69 65 0 68 0 55 53 49 48 52 0 0 50 0 0 79 80 0 78 74 0 76 0 23 27 0 26 0 0 0 22 0 2 10 7 5 0 3 8 0 30 0 0 34 33 0 0 0 32 
