9
0 0 8 0 10 4 12 6 0 0 50 53 0 54 52 0 55 57 15 0 20 0 17 0 14 13 21 0 1 0 0 3 78 0 2 80 0 0 37 0 31 32 35 36 39 58 61 59 60 65 0 62 63 66 0 0 73 0 70 68 0 75 0 0 29 0 0 0 28 26 22 24 0 0 45 48 46 0 44 41 47 
43 0 0 47 46 40 0 42 45 0 0 8 6 0 0 4 10 12 51 54 0 55 0 52 0 49 57 32 37 34 0 39 33 36 38 35 70 74 0 69 67 0 71 72 75 13 16 14 15 20 0 17 18 21 29 22 28 0 0 23 24 30 0 0 65 66 0 0 64 62 58 0 0 0 0 3 0 0 0 0 0 
61 59 62 65 64 0 0 0 63 29 23 26 24 27 0 0 28 30 69 72 74 73 0 70 0 0 75 50 0 0 49 0 0 0 0 0 0 11 0 0 0 0 8 0 12 31 34 32 33 38 37 0 0 39 47 0 46 44 43 41 42 0 45 77 0 3 81 0 0 0 0 78 0 0 18 0 19 13 0 0 0 
16 0 0 0 19 13 21 15 18 0 59 62 60 63 0 0 0 0 24 27 0 0 26 0 23 22 0 5 10 7 4 12 6 9 0 8 43 0 46 42 40 0 44 45 0 67 70 68 0 0 73 71 72 75 0 76 0 80 0 0 78 3 0 0 38 0 0 0 37 35 0 33 51 52 54 0 55 0 0 50 0 
79 77 80 2 1 76 0 78 0 0 0 44 42 45 43 40 46 48 6 0 0 10 8 0 5 0 12 0 73 70 67 0 69 72 74 71 25 0 0 0 22 23 0 27 30 49 52 0 51 0 55 53 0 0 0 58 64 0 0 59 60 66 63 14 20 0 0 16 19 0 13 0 33 0 36 0 0 0 0 0 38 
0 68 0 0 0 0 75 69 72 0 0 0 33 36 34 31 37 39 78 81 2 1 80 0 77 76 3 59 64 0 0 66 60 63 0 62 16 0 19 0 0 14 0 18 21 40 43 0 42 0 46 0 45 0 56 49 0 53 52 0 51 57 54 5 11 12 0 0 10 0 0 6 0 25 27 0 0 22 26 23 29 
0 50 53 56 55 49 57 51 54 20 14 17 0 18 16 13 0 0 60 63 65 0 0 0 59 0 66 41 0 43 40 0 0 45 0 0 79 2 0 78 76 77 0 0 3 0 0 0 24 29 28 26 0 30 38 31 37 35 34 32 33 39 0 0 0 75 72 70 73 71 0 0 0 0 0 0 0 0 8 5 0 
25 23 0 0 0 22 0 0 27 0 68 0 69 72 0 67 0 75 33 0 0 0 0 34 32 31 0 0 19 0 0 21 15 18 20 17 52 56 55 0 0 50 53 54 0 76 79 77 0 0 1 80 81 3 0 0 10 0 7 0 6 0 0 0 47 48 45 43 46 44 0 42 60 61 0 66 64 58 62 59 65 
34 32 0 38 0 0 39 33 0 0 0 0 78 81 0 76 1 3 42 0 0 0 0 43 41 0 48 0 28 25 0 0 0 0 29 0 61 0 64 60 0 0 0 0 66 4 7 5 0 11 10 8 0 12 20 0 19 17 0 14 15 21 0 50 0 0 54 52 55 0 0 0 69 70 72 0 73 67 0 68 74 
21 19 0 25 24 18 0 0 23 70 64 0 0 0 66 0 69 71 0 32 34 33 31 30 28 27 35 10 15 0 9 0 0 14 16 0 48 0 0 47 0 0 0 50 0 0 75 0 74 79 78 76 77 0 7 81 0 0 0 1 2 8 0 37 43 44 0 0 0 0 36 38 0 0 59 62 0 0 58 55 0 
0 0 40 0 42 36 44 38 0 0 1 4 0 0 3 81 0 8 47 0 0 0 0 0 46 45 53 28 0 0 27 35 29 0 0 0 0 70 0 0 0 64 67 0 71 0 12 0 11 16 15 13 0 0 0 18 24 22 21 19 20 26 23 55 61 62 0 0 60 0 0 56 0 75 77 0 0 0 76 73 79 
0 0 31 34 33 27 35 29 32 0 0 76 74 77 75 72 78 0 0 41 43 42 40 39 0 36 44 0 24 0 18 26 0 23 25 0 0 0 0 0 54 0 58 59 62 81 0 0 2 0 6 4 5 8 0 9 0 13 0 10 0 17 14 46 52 0 50 48 51 49 45 47 0 0 68 71 69 63 0 64 0 
57 55 0 61 0 0 62 56 0 25 19 22 20 23 0 18 24 26 0 0 70 69 0 66 64 63 71 46 51 48 45 0 47 50 52 49 3 7 6 2 81 0 4 5 8 27 0 28 29 34 33 31 32 0 0 36 0 0 39 37 38 0 0 73 79 0 77 0 78 76 0 74 11 0 0 17 0 0 13 10 16 
0 46 0 52 0 45 0 47 50 16 10 0 11 14 0 0 15 0 0 59 61 60 58 57 55 0 62 37 42 39 36 0 38 0 43 0 75 79 0 0 0 0 76 77 0 18 21 0 0 25 0 22 23 26 34 27 0 0 0 0 29 35 32 64 70 0 68 0 69 0 0 0 0 3 5 8 0 0 0 1 0 
0 1 4 7 6 0 8 2 0 52 46 0 47 50 48 45 51 0 0 14 0 15 0 12 10 9 17 73 0 0 0 80 0 77 0 76 30 0 0 29 0 28 31 32 0 54 57 0 56 61 60 58 0 62 70 63 69 0 66 0 65 71 68 0 25 0 0 21 24 22 18 20 38 39 41 0 42 0 40 0 43 
12 10 13 16 15 9 17 0 0 61 0 0 56 0 57 54 60 62 20 0 25 24 22 21 0 18 26 1 0 3 0 8 2 5 0 4 0 43 42 38 36 37 0 41 44 0 0 64 0 70 69 67 68 0 0 0 0 76 75 73 0 0 77 0 34 0 32 0 33 31 0 29 0 0 50 53 51 0 49 46 0 
75 73 76 79 78 0 80 74 77 0 37 0 0 0 39 36 0 44 2 5 7 6 0 3 1 81 0 64 69 0 0 0 65 68 70 67 21 0 24 0 18 0 22 23 26 45 0 46 0 52 51 0 0 0 61 54 60 58 57 55 56 62 0 0 0 17 14 0 15 0 9 0 29 0 0 0 33 27 0 28 0 
66 64 67 70 0 0 71 65 68 34 28 0 29 0 30 0 0 35 74 77 0 78 76 75 73 72 0 55 0 0 54 62 56 59 0 58 12 0 15 0 0 10 0 0 17 36 0 0 38 43 42 0 0 0 52 45 0 49 0 0 0 53 50 0 0 0 0 3 0 4 0 2 20 21 23 0 24 18 0 19 25 
0 0 25 28 0 0 0 23 0 73 0 70 68 71 0 66 72 0 0 0 0 0 34 33 31 30 38 0 18 15 12 20 0 0 19 16 0 0 0 50 48 0 52 53 56 75 78 0 77 1 81 0 80 2 0 0 0 7 0 4 5 11 8 40 46 0 0 42 45 0 39 0 0 0 62 65 63 0 61 58 64 
15 13 16 0 0 12 0 0 0 0 58 61 59 62 60 0 0 65 23 0 28 27 25 0 0 21 0 4 0 0 0 0 5 8 10 0 42 0 45 0 0 40 0 44 47 0 69 67 0 0 72 70 71 74 0 75 81 79 78 0 0 0 0 31 37 38 0 33 0 0 0 32 50 0 53 56 54 0 52 49 55 
60 58 61 0 0 57 0 59 0 0 0 25 23 26 24 21 27 29 68 0 73 72 70 69 0 66 0 0 0 51 48 56 50 53 0 52 0 10 9 5 3 0 0 8 0 0 33 0 0 37 36 0 0 0 0 39 0 43 0 0 0 0 0 0 0 2 0 78 0 0 75 77 14 0 17 0 18 12 16 0 19 
6 4 7 0 9 0 11 0 0 0 49 52 0 0 51 48 54 56 14 17 0 0 16 15 13 12 20 76 81 78 0 2 77 80 1 79 0 37 36 32 30 31 0 0 38 0 60 58 59 0 63 61 62 65 73 66 72 0 69 67 0 0 71 0 28 29 0 24 27 0 0 0 41 42 44 47 0 39 43 40 46 
0 31 0 0 36 0 0 32 0 1 76 79 77 80 0 0 81 0 41 0 46 45 43 0 0 39 0 0 0 24 0 29 0 26 28 0 0 0 63 0 0 58 0 62 65 0 6 4 5 10 9 7 8 11 19 0 18 16 15 13 0 20 17 0 55 56 0 51 54 0 0 0 68 69 71 0 0 66 0 0 73 
51 0 52 55 0 48 0 50 0 19 0 16 14 17 15 0 18 20 59 62 64 0 0 60 58 0 0 0 45 0 0 0 41 0 0 0 0 1 81 0 75 76 79 80 0 21 0 22 23 28 0 25 0 29 0 0 0 34 33 0 32 0 0 67 73 74 71 69 72 70 0 0 0 6 8 11 0 0 0 4 10 
69 67 70 73 0 0 74 68 71 0 31 0 0 35 33 30 36 0 77 80 0 0 79 78 76 0 2 58 63 0 57 65 59 62 0 61 15 0 0 14 0 13 16 0 20 39 42 40 41 46 45 43 44 47 55 0 54 0 0 49 50 56 0 4 10 11 0 0 9 0 0 0 23 24 26 29 27 0 0 22 28 
42 40 0 46 45 39 0 0 44 10 0 0 0 8 0 3 0 11 0 0 0 54 0 51 0 0 0 31 36 0 0 38 0 35 0 34 69 73 0 0 0 67 70 0 74 12 0 13 14 19 18 16 17 20 0 21 0 25 0 0 23 29 0 58 64 65 62 60 0 61 0 59 0 78 0 0 81 75 0 76 1 
0 0 79 1 0 75 0 0 80 0 40 43 41 0 0 0 45 47 5 0 10 9 7 6 4 3 0 67 0 69 66 74 68 71 73 0 0 28 27 23 21 22 25 26 0 48 51 49 0 55 0 52 53 0 0 57 63 61 60 58 59 65 62 0 19 0 0 0 0 16 12 0 32 33 0 38 36 30 0 31 37 
55 53 0 59 58 0 0 54 0 0 0 0 18 0 0 0 22 0 63 0 68 67 0 0 62 61 69 0 49 0 43 51 45 48 50 47 1 5 0 0 0 0 0 0 6 25 0 26 0 32 0 29 30 0 41 0 40 38 0 35 36 42 39 71 77 78 0 73 76 74 70 72 0 10 0 15 13 7 0 0 0 
10 8 11 0 13 7 0 9 12 59 53 56 0 0 55 52 58 0 18 21 23 0 20 19 17 16 0 0 4 0 79 0 0 3 5 2 37 41 40 36 0 35 38 39 42 61 0 0 0 0 0 65 66 0 77 0 0 74 73 71 72 78 0 26 0 33 0 28 31 0 25 27 0 46 48 51 0 0 47 0 50 
1 0 2 5 4 79 6 0 0 0 44 47 45 0 46 0 49 51 0 0 0 0 0 10 8 7 15 71 76 0 0 78 72 0 0 74 0 0 31 27 25 0 0 30 33 52 0 0 0 59 0 56 0 60 68 61 67 65 0 62 63 0 66 17 0 24 0 19 22 20 0 0 36 0 0 42 0 0 0 0 41 
37 0 38 41 40 34 42 36 0 0 80 0 0 3 0 79 4 6 45 0 50 49 47 0 44 43 51 26 0 28 25 0 0 30 0 29 0 68 67 0 61 0 65 66 0 0 10 0 0 0 13 11 12 15 23 16 22 20 19 17 0 24 21 53 59 0 0 55 58 0 52 54 72 73 75 78 0 0 74 71 77 
64 0 0 68 0 0 0 63 66 0 0 29 27 0 0 0 31 0 72 0 77 0 74 73 71 0 0 53 58 0 0 60 0 57 0 56 10 14 0 9 0 8 11 12 0 34 37 35 36 0 0 0 0 0 50 43 0 47 46 44 45 0 0 80 5 6 0 1 0 0 0 81 18 19 21 24 0 0 20 17 0 
0 0 47 50 49 43 51 45 48 14 8 11 9 0 0 7 13 15 0 57 59 0 56 0 0 0 0 35 40 0 34 42 36 39 0 0 73 77 76 72 70 0 74 75 78 16 0 0 18 23 0 20 21 0 0 0 31 29 0 26 0 33 30 62 68 69 66 0 67 65 61 0 0 1 3 0 0 0 2 80 5 
0 26 0 0 31 0 0 27 0 77 0 74 72 75 73 70 0 0 0 0 41 40 38 37 35 0 42 17 0 19 16 24 0 21 0 20 55 0 0 54 52 53 0 0 0 0 1 80 81 0 0 2 3 6 14 7 0 11 0 8 0 15 12 44 50 0 48 46 49 0 43 0 0 64 0 69 67 0 0 62 68 
0 0 0 0 0 70 0 72 0 41 0 0 0 39 37 0 0 42 81 3 5 0 0 1 80 0 6 0 67 64 61 0 0 0 68 65 19 23 22 18 16 17 0 0 24 43 0 0 45 50 0 0 0 0 59 0 58 56 55 53 0 0 57 8 14 15 0 10 0 11 7 9 27 28 30 0 0 25 0 0 32 
0 0 20 23 22 16 24 0 21 0 0 65 0 0 64 61 67 0 27 30 0 0 0 28 0 25 33 8 13 0 7 0 9 0 0 11 46 0 0 45 0 0 0 0 51 70 0 71 0 77 76 74 75 78 5 0 0 0 1 0 0 6 3 0 0 0 0 0 0 0 34 0 54 55 57 60 0 0 56 53 59 
18 0 0 22 21 0 0 17 20 0 61 0 62 65 63 60 0 68 26 0 31 0 0 0 0 24 0 0 12 9 6 0 0 11 13 0 45 49 48 0 0 43 46 0 50 69 72 70 0 76 0 0 0 77 4 78 3 1 81 79 80 0 2 0 0 41 0 0 39 37 0 35 0 0 0 0 57 51 0 0 0 
54 52 0 58 57 0 59 53 56 0 16 0 17 0 18 15 21 23 62 0 67 66 64 63 0 60 0 0 48 0 42 0 44 0 49 0 81 4 3 0 78 0 0 2 5 24 0 25 26 31 30 28 29 0 0 33 39 37 0 34 35 0 38 0 0 0 0 72 0 0 69 71 0 9 11 0 0 0 0 7 13 
0 79 1 4 0 78 0 80 0 49 43 46 0 0 0 42 48 0 8 11 0 0 0 0 7 6 0 70 75 72 69 77 71 0 76 73 27 31 30 0 24 0 28 0 32 51 54 0 0 58 57 55 56 59 67 60 66 64 63 0 62 0 0 16 22 0 0 0 21 19 15 17 35 36 0 41 0 0 0 0 40 
72 0 73 76 0 69 77 71 74 40 34 0 35 0 36 0 39 41 0 2 0 3 0 0 79 78 0 61 66 0 60 68 62 65 67 0 0 0 21 17 0 16 19 20 23 42 0 43 44 0 48 46 0 50 0 0 0 0 54 0 0 59 0 0 13 0 0 9 0 10 6 8 0 0 29 32 0 24 0 0 0 
63 61 0 67 0 60 68 0 0 31 25 28 0 0 27 0 0 0 71 0 0 75 73 72 0 69 0 52 0 54 51 59 53 56 0 0 0 13 12 0 0 7 0 11 14 33 36 34 0 0 39 37 0 0 0 42 0 46 0 43 0 0 0 0 4 0 2 0 3 0 0 0 0 18 20 23 21 0 0 16 22 
36 0 0 40 39 0 41 35 38 0 79 1 80 0 81 78 3 5 0 47 49 0 46 0 43 0 50 25 0 27 0 32 26 29 0 0 63 67 0 0 0 0 64 0 68 0 0 0 8 0 0 0 0 0 22 0 21 0 18 16 17 23 20 52 0 0 56 0 57 55 51 0 71 0 0 77 75 69 0 0 76 
0 7 10 0 12 0 14 8 0 58 0 0 53 56 54 0 0 59 0 20 22 21 0 18 0 15 23 0 0 81 0 0 80 2 0 1 36 40 0 35 0 0 37 38 41 60 0 61 62 0 66 0 0 68 76 0 75 0 0 70 71 0 0 25 0 0 29 0 30 28 0 26 0 45 47 50 48 42 0 0 0 
0 0 28 31 0 24 32 0 29 76 0 73 0 74 0 69 0 77 0 0 40 39 37 0 34 33 41 0 0 0 15 23 17 20 22 19 0 0 0 0 51 52 55 56 59 0 0 79 0 0 3 0 2 5 13 0 12 10 9 7 8 14 11 0 49 50 47 0 0 0 42 0 62 0 65 68 66 0 0 0 67 
0 43 0 0 48 0 0 0 47 13 7 0 8 11 9 6 0 14 53 0 58 0 0 54 0 51 0 34 0 36 0 41 0 38 40 37 72 76 75 0 0 70 73 74 77 15 0 0 17 22 0 0 20 0 0 24 30 0 27 0 0 32 29 61 0 68 0 63 0 0 60 62 80 81 2 0 3 0 1 0 4 
14 12 0 18 0 11 19 13 0 63 0 60 58 0 59 56 62 64 22 0 27 26 24 0 21 20 28 0 8 5 2 10 4 0 9 6 41 0 0 40 38 0 42 0 46 0 0 66 67 0 71 69 70 0 81 0 80 0 77 0 76 1 79 0 0 0 0 32 35 33 29 0 0 50 52 55 53 47 0 0 0 
0 0 33 0 0 0 37 31 0 81 0 78 0 79 77 74 0 1 40 0 0 0 0 41 0 38 46 21 0 0 20 0 22 25 0 24 59 63 0 58 56 57 60 61 64 2 5 3 0 0 8 6 7 0 0 0 0 15 14 0 13 0 16 48 0 0 52 50 53 51 47 49 0 68 0 73 0 65 69 0 72 
50 48 51 54 0 47 0 0 52 18 0 0 13 0 14 0 0 19 58 61 0 62 60 0 0 56 64 0 44 41 0 0 40 0 45 0 77 81 0 76 0 0 0 79 0 20 23 21 0 0 26 24 25 28 0 0 35 33 32 30 0 37 34 66 72 0 70 68 71 69 65 67 4 0 0 0 8 2 6 3 9 
0 0 6 9 0 2 0 4 7 0 0 51 49 52 50 0 53 55 0 16 18 0 15 0 0 0 19 75 80 0 0 0 76 0 0 0 32 0 0 31 29 30 33 34 0 56 59 57 0 63 62 60 61 0 0 0 0 69 68 0 67 73 0 21 27 0 25 23 26 0 20 22 40 0 43 0 0 38 42 0 45 
59 57 60 63 62 56 64 58 0 0 0 0 22 0 23 0 26 0 0 70 72 0 0 0 66 0 73 0 53 0 47 55 0 0 54 51 0 0 8 4 0 3 0 7 10 0 32 30 0 0 35 33 34 37 0 0 44 42 0 39 0 0 43 75 81 0 79 77 80 78 74 0 13 14 0 19 17 0 15 0 0 
0 0 0 45 44 38 0 40 43 0 0 6 4 0 0 0 8 10 0 52 0 53 51 0 0 47 55 30 0 0 29 37 31 0 36 33 0 0 71 0 0 66 0 70 0 0 14 12 13 18 17 15 0 0 0 20 0 0 23 0 22 28 0 0 63 64 0 59 0 60 56 58 0 77 0 0 80 0 78 75 0 
0 0 0 0 71 65 0 0 0 36 30 0 0 0 32 0 0 37 76 79 81 80 0 0 0 0 0 57 0 0 0 0 0 61 63 0 0 0 0 13 11 0 0 16 0 38 0 0 40 0 44 0 43 46 0 47 53 0 50 48 49 55 0 3 0 10 0 5 0 6 2 4 22 0 25 28 0 20 24 21 0 
77 75 78 81 0 74 1 76 79 0 0 42 40 43 41 0 44 46 4 0 9 8 0 0 3 2 10 0 71 68 0 0 0 0 72 69 23 27 26 0 0 21 0 0 0 47 0 48 0 0 0 0 52 0 63 56 0 60 59 57 0 64 61 12 0 0 0 14 17 15 0 0 31 0 34 37 35 0 33 0 36 
23 0 0 0 26 20 28 22 25 0 0 0 67 0 0 0 71 0 0 34 36 35 33 0 0 29 0 12 17 14 11 19 0 16 18 0 50 54 53 0 0 48 0 52 55 74 77 0 0 81 80 78 79 0 0 0 8 0 5 0 0 10 0 39 0 0 43 0 0 0 0 40 58 59 0 64 62 0 0 0 63 
0 63 0 0 0 62 0 64 67 33 27 0 28 31 0 0 32 34 73 76 78 0 75 74 0 0 79 54 59 0 53 0 0 58 60 0 0 15 0 10 8 0 12 13 16 0 0 0 0 0 41 0 0 0 51 0 50 0 47 45 46 52 49 81 0 7 0 2 5 0 0 1 0 20 22 0 0 0 21 0 24 
0 0 75 78 77 0 79 73 0 42 36 39 37 40 38 35 0 0 0 0 0 5 3 2 81 80 0 63 68 0 0 70 64 0 0 0 20 24 0 19 17 0 21 22 25 44 47 0 46 0 50 48 49 52 0 53 59 57 56 0 55 61 0 9 0 16 0 0 14 12 8 0 28 0 31 0 32 26 0 0 0 
0 81 0 6 0 0 7 1 4 51 45 0 0 0 47 0 0 0 10 13 15 14 0 0 9 0 16 0 0 74 0 79 73 0 78 75 29 33 32 0 26 0 30 31 34 53 0 54 55 60 59 0 0 61 69 62 0 66 65 63 0 70 67 18 24 0 22 0 0 21 17 19 37 38 40 43 0 0 0 36 0 
38 0 39 42 41 35 0 37 0 6 81 0 0 4 2 0 5 7 0 0 51 50 0 0 0 44 0 27 32 29 26 0 28 0 33 30 0 0 68 64 62 63 0 0 0 0 11 9 10 15 14 12 13 16 24 0 23 21 20 0 19 25 0 54 0 61 58 56 0 57 0 55 73 74 76 0 77 71 75 0 78 
0 9 0 0 0 8 16 10 0 60 54 57 0 58 0 53 59 0 19 22 24 23 0 20 18 17 0 0 5 0 80 0 1 4 0 0 38 42 41 37 35 0 39 0 43 0 65 63 0 69 0 66 67 70 78 71 77 75 74 72 73 0 76 0 0 34 31 0 0 30 26 0 46 0 0 0 50 0 0 45 0 
0 27 30 33 0 26 0 0 31 78 72 75 73 0 74 71 77 79 0 40 0 41 39 0 36 35 0 18 0 20 0 0 0 22 24 0 56 60 59 0 0 0 57 0 61 80 0 81 1 6 0 0 4 7 0 0 0 0 0 0 0 16 0 0 51 0 49 47 50 48 44 46 64 0 0 0 0 62 0 63 69 
0 0 57 0 0 53 0 55 0 24 18 0 19 0 20 17 23 25 64 67 69 0 66 65 0 0 0 0 50 0 44 52 0 49 51 48 2 6 0 1 80 0 0 4 7 26 0 0 0 33 0 30 31 0 42 0 41 39 38 36 0 43 40 72 78 0 0 74 77 0 71 73 10 0 13 16 0 0 12 0 0 
0 0 21 0 23 17 25 19 22 0 0 66 0 67 0 62 0 0 28 31 0 32 30 29 27 26 34 0 14 11 8 0 10 13 15 12 47 51 50 46 44 45 0 49 0 0 0 0 0 78 77 75 76 0 0 0 5 0 2 81 0 7 4 0 42 0 40 38 41 0 0 37 0 56 0 0 59 53 0 54 0 
47 0 48 51 0 0 0 46 49 0 9 12 0 13 11 8 14 0 0 58 60 0 0 56 0 53 61 36 0 38 0 43 37 0 42 39 74 0 77 73 71 0 0 76 79 17 20 0 0 24 23 21 22 25 0 26 0 0 29 27 0 0 0 0 69 70 0 65 0 0 62 64 0 0 0 7 5 80 3 0 6 
62 0 63 66 0 59 0 61 0 0 24 0 25 0 26 0 0 0 70 73 75 74 0 0 69 68 76 0 0 0 50 58 52 55 0 54 8 0 11 7 0 6 9 0 0 0 35 33 34 39 38 36 37 40 48 0 47 45 44 0 0 49 46 0 3 4 1 0 2 0 77 0 0 0 0 0 0 14 18 0 21 
0 0 45 48 0 0 0 43 46 0 0 0 0 10 8 5 11 13 52 55 57 56 0 53 51 50 58 33 38 0 0 0 34 37 0 36 0 75 0 70 68 69 72 0 0 14 17 15 0 21 0 0 19 22 0 0 29 27 0 0 0 0 28 60 0 0 0 0 65 63 0 61 79 80 1 4 0 77 81 78 0 
26 0 0 30 29 23 31 0 0 75 0 0 70 73 71 0 74 76 0 0 0 38 0 35 33 0 40 0 20 0 14 22 16 19 21 18 0 0 0 52 50 51 54 55 58 77 0 78 79 3 2 81 0 4 12 0 11 0 8 0 0 0 0 0 0 49 0 44 47 45 41 0 61 0 0 67 0 59 0 0 66 
8 6 9 12 11 5 13 7 10 57 51 54 0 55 53 0 56 0 0 19 21 20 18 17 15 14 22 78 0 80 77 4 79 1 3 81 35 0 38 34 32 33 0 0 40 0 62 0 61 0 65 63 0 67 75 0 74 0 71 0 0 0 73 24 30 31 28 26 29 27 0 0 0 44 46 0 47 41 0 42 0 
17 15 18 0 0 14 0 0 19 0 60 63 61 64 62 59 0 67 25 28 30 29 0 26 0 23 31 6 11 0 5 0 7 0 0 9 44 0 47 43 0 0 0 0 0 0 0 0 0 75 0 0 0 76 3 77 2 81 80 78 79 4 1 33 0 40 37 0 0 0 32 34 0 0 55 58 0 0 54 51 57 
0 51 54 0 0 0 0 0 55 21 15 18 16 19 0 14 0 0 61 64 0 0 63 62 0 59 67 0 47 44 0 0 43 46 48 0 80 3 0 79 77 0 0 0 0 23 26 24 0 30 29 0 0 31 0 32 0 0 35 33 34 40 0 69 0 0 73 71 74 72 68 70 0 0 10 13 0 5 9 6 0 
0 69 72 75 0 68 76 0 73 39 33 0 0 37 35 32 38 0 79 0 3 0 0 80 78 0 0 0 65 62 0 0 61 64 66 63 17 21 20 16 0 15 0 19 22 41 44 0 0 0 0 0 46 0 57 0 56 0 0 51 52 0 55 6 12 13 10 8 11 0 0 7 25 26 28 0 0 23 0 0 0 
35 33 36 0 0 32 40 34 37 0 0 81 79 0 0 0 2 0 43 46 0 47 45 44 0 0 0 0 29 26 23 0 25 0 30 0 0 66 65 0 59 0 0 64 67 0 8 6 0 0 11 9 0 0 21 14 0 0 0 0 0 22 19 51 57 58 0 53 56 0 50 52 70 71 73 76 0 0 0 69 75 
0 0 0 3 2 0 0 79 0 48 0 0 43 0 44 0 0 0 7 10 12 11 0 0 6 5 13 69 0 71 68 0 0 0 0 72 0 30 0 0 23 24 27 0 0 0 53 0 52 57 56 0 55 58 66 59 65 0 0 60 61 0 0 0 21 0 19 17 20 0 0 16 0 35 37 40 0 32 0 33 39 
58 56 59 62 61 55 63 57 0 0 20 0 21 24 0 19 0 27 66 0 0 70 0 67 65 64 72 47 52 49 46 54 48 51 53 0 0 8 7 0 1 0 5 6 0 0 31 29 30 35 34 0 0 36 0 0 43 0 40 0 39 45 0 74 80 81 78 0 0 77 73 75 12 0 0 0 16 0 0 11 17 
0 0 0 26 25 19 27 21 0 0 0 68 66 69 0 64 70 0 0 0 35 34 32 0 29 28 0 11 16 13 10 0 12 15 17 14 0 0 0 48 46 47 0 51 0 73 76 0 75 80 0 77 0 81 0 0 7 5 0 2 0 9 0 0 44 45 42 40 43 41 0 39 0 58 0 63 0 0 0 0 0 
0 0 0 8 7 0 9 3 0 0 47 50 0 0 0 46 52 0 12 15 17 0 14 13 11 10 18 74 79 76 0 81 75 78 80 77 31 35 34 0 0 29 32 0 36 0 58 56 57 62 0 59 60 0 0 64 70 68 0 0 0 0 69 0 26 27 24 22 25 23 0 21 39 40 0 45 43 0 41 38 44 
0 0 0 44 0 37 45 39 42 8 2 5 3 6 4 1 0 0 48 51 0 0 0 49 0 46 54 29 34 0 0 36 30 0 0 0 0 0 0 0 64 65 68 0 72 0 0 11 0 0 0 14 15 18 26 19 25 0 0 0 21 27 24 56 62 0 60 0 0 0 55 57 0 76 0 81 0 73 77 0 80 
13 11 0 17 16 10 0 0 0 62 56 0 57 0 58 55 61 0 21 24 26 25 23 0 0 19 0 0 0 4 1 0 0 0 0 5 40 44 0 39 37 38 41 0 0 0 0 0 0 0 70 0 69 72 80 73 79 77 0 0 0 81 0 0 0 36 0 31 34 32 28 30 48 49 51 54 52 0 50 0 53 
0 0 68 71 0 64 72 0 69 35 29 0 0 0 31 28 34 36 75 78 0 79 0 76 74 73 81 56 61 58 0 63 57 60 0 59 13 17 16 0 10 11 14 0 0 0 0 38 39 0 43 0 0 45 0 0 52 50 49 47 48 0 0 0 8 0 0 4 7 5 1 3 21 0 24 27 25 0 23 0 0 
0 0 32 35 0 0 36 30 33 80 74 0 0 78 0 73 79 81 0 42 44 43 0 40 0 37 45 20 0 0 0 27 0 0 26 23 0 0 61 0 0 56 0 0 63 1 4 2 0 0 0 5 6 0 17 10 0 14 13 0 12 18 15 0 0 54 51 49 0 50 0 48 0 67 69 72 0 0 68 65 71 
49 47 50 53 0 46 0 0 51 17 11 14 12 0 13 0 16 0 57 0 62 61 0 0 56 55 63 38 0 0 37 45 39 42 0 41 0 0 0 75 73 74 0 78 0 19 22 0 0 0 25 0 24 0 0 28 0 0 0 29 0 36 0 0 71 0 69 0 70 68 64 0 0 0 0 0 0 0 0 0 8 
0 0 77 80 79 73 0 75 0 44 38 41 39 0 40 37 0 45 0 6 8 0 0 0 2 1 0 65 0 67 0 72 0 69 0 0 0 0 25 0 19 20 23 24 27 46 49 47 48 0 52 50 51 54 62 55 61 0 0 56 57 63 60 11 0 18 0 0 16 14 0 12 30 0 33 36 34 0 32 0 35 
