9
72 70 66 0 68 74 73 0 69 30 0 32 0 0 0 37 34 33 0 0 0 18 20 0 0 0 0 22 0 0 21 26 25 0 29 28 1 78 2 75 0 77 79 76 0 41 40 45 43 44 42 0 47 46 6 0 9 7 8 0 5 4 11 49 51 52 0 56 54 48 0 50 0 57 58 0 63 0 61 62 64 
54 52 48 53 0 56 55 0 51 0 20 14 17 18 0 19 16 15 0 0 76 81 0 78 0 0 0 4 9 0 0 8 0 6 0 0 0 60 65 57 0 59 61 58 62 0 0 0 25 0 0 0 29 0 0 0 0 70 0 73 0 67 0 31 33 0 35 0 36 30 0 32 41 39 40 47 45 0 0 44 46 
0 61 57 0 0 65 0 58 0 0 29 23 26 27 22 0 25 24 10 7 4 9 11 6 0 5 0 13 0 14 12 17 0 0 20 19 73 0 74 66 72 68 70 67 71 0 0 0 0 0 0 30 38 0 0 75 0 79 80 0 77 76 2 40 42 0 44 47 45 39 46 41 50 0 49 56 54 51 52 0 0 
18 0 0 17 0 0 19 13 15 0 0 0 62 63 0 64 61 60 0 43 40 45 47 42 44 41 0 49 54 50 0 0 52 51 0 55 28 24 29 21 27 23 25 0 0 0 67 72 0 71 69 0 74 0 0 30 36 34 35 0 32 31 0 0 0 79 0 2 81 0 0 77 0 3 4 0 9 0 0 8 0 
0 43 0 0 0 47 46 40 0 0 11 0 0 0 4 0 7 0 0 70 67 0 0 0 0 0 0 0 0 77 0 80 79 0 2 0 0 0 56 48 0 0 0 49 53 14 0 0 16 0 15 0 20 19 60 57 63 0 0 0 59 0 65 22 24 25 26 0 27 21 0 0 0 30 31 0 36 33 0 35 0 
0 25 21 26 23 29 28 22 24 0 0 68 71 0 0 0 70 69 55 52 0 54 0 51 53 50 48 58 63 59 57 62 0 60 0 64 0 0 0 30 0 32 34 31 35 0 0 0 79 80 0 0 2 0 0 39 45 43 44 46 0 40 0 4 6 7 0 11 0 3 10 5 0 12 13 20 18 0 16 0 19 
0 7 3 0 0 0 0 0 6 0 56 0 0 54 0 55 52 0 0 34 31 36 0 0 35 32 30 40 45 41 0 44 43 0 47 46 19 0 20 0 18 14 0 13 0 59 58 63 61 62 60 0 0 64 24 21 27 25 0 28 23 0 0 0 0 70 71 74 0 0 0 68 0 0 76 2 81 78 79 0 0 
0 79 75 0 77 0 0 0 78 0 0 41 44 45 0 0 43 42 28 0 0 27 0 0 26 23 21 31 0 32 0 0 0 33 38 37 10 6 11 0 0 5 0 0 8 0 49 0 52 53 0 48 56 0 15 12 18 16 0 19 14 13 0 0 60 0 0 0 0 0 64 0 68 66 0 0 0 69 70 0 0 
0 34 0 0 32 38 0 31 33 0 0 77 80 0 0 0 0 0 0 0 58 63 0 60 0 59 57 0 0 0 0 71 70 69 0 0 0 0 0 39 45 41 43 0 0 0 4 9 0 8 6 3 11 10 51 48 0 0 0 55 50 0 56 13 15 16 17 20 18 12 0 14 23 21 0 29 0 24 0 26 28 
0 54 0 55 52 58 57 51 53 14 0 0 0 20 15 0 18 17 0 0 78 2 4 80 1 79 0 6 0 7 5 0 9 8 0 0 0 62 0 59 0 0 0 0 64 25 24 29 0 0 26 23 0 30 71 68 74 0 73 0 70 0 76 33 35 36 37 0 38 32 0 34 0 41 42 0 47 44 45 0 48 
0 9 5 0 7 0 0 0 8 0 58 0 0 0 0 57 0 0 39 36 0 38 40 35 37 0 32 0 0 43 41 0 45 44 49 0 21 17 22 14 20 0 18 15 19 0 60 0 0 0 0 0 0 66 26 23 29 27 0 30 0 24 31 0 0 72 73 0 74 0 75 0 0 77 78 4 2 0 81 0 3 
74 0 0 73 70 0 75 69 0 32 40 34 37 38 0 39 36 0 21 18 15 20 0 0 19 0 0 24 0 25 0 28 27 26 31 30 3 80 4 77 2 79 81 0 1 43 0 47 0 46 44 0 49 48 0 5 0 9 10 12 0 0 0 0 0 54 0 0 56 50 57 0 0 59 0 0 0 62 0 0 66 
0 0 77 0 0 0 0 78 80 0 0 0 46 47 0 48 45 44 30 27 24 0 31 26 28 25 0 33 0 0 0 37 0 0 0 0 0 8 0 5 11 7 9 6 10 52 0 56 54 0 0 50 0 0 17 0 0 0 0 0 0 15 0 60 62 63 64 0 65 0 0 61 0 0 0 76 74 0 72 0 0 
29 27 0 28 25 0 30 0 0 68 76 0 73 74 0 0 0 71 0 54 51 0 58 0 55 0 0 60 65 61 0 64 63 0 67 0 0 0 40 32 38 0 36 33 0 79 78 2 0 0 0 77 4 3 44 41 47 45 46 48 0 42 49 6 0 9 10 13 11 5 0 7 0 14 0 0 20 17 0 19 0 
0 0 14 0 16 0 0 15 17 0 67 0 64 65 0 0 0 62 0 45 42 0 49 44 46 0 41 51 56 52 50 0 0 53 58 57 0 26 0 23 29 0 0 24 28 70 69 0 0 0 71 0 0 75 0 32 38 36 37 39 34 33 0 78 80 81 1 4 2 77 0 79 0 0 0 13 0 0 9 0 12 
65 0 0 64 0 67 66 60 0 0 0 25 28 0 0 30 27 26 12 0 0 0 0 8 0 7 0 0 0 16 14 19 18 0 0 0 0 0 76 0 74 70 0 69 73 0 33 38 36 0 35 32 0 39 80 0 2 81 1 3 79 78 0 42 0 45 46 49 47 41 48 43 52 50 51 0 56 0 54 55 0 
0 45 41 0 43 49 48 42 44 5 0 0 10 11 6 12 9 8 75 0 0 0 76 71 73 70 0 78 2 79 77 0 81 80 4 3 57 53 58 0 0 52 0 51 55 16 15 0 18 0 0 14 22 21 62 59 0 63 64 66 0 60 0 24 0 27 0 0 29 23 30 0 34 0 33 40 38 35 36 37 39 
0 0 32 37 0 40 39 33 35 77 4 0 1 2 78 3 0 0 66 0 0 65 0 62 0 0 0 69 74 70 0 73 0 71 0 75 48 44 0 41 0 43 0 42 46 0 0 0 0 0 8 0 13 12 53 0 56 54 55 0 52 51 58 15 0 18 19 0 0 14 0 0 25 23 24 31 0 0 0 0 0 
31 29 25 30 27 33 0 26 0 0 78 0 75 0 0 77 74 73 0 56 0 0 0 0 0 0 0 0 0 63 61 0 0 64 69 0 41 0 42 34 0 36 0 35 39 81 0 0 0 3 1 79 0 0 0 43 49 47 48 50 0 44 51 0 10 11 12 0 13 7 14 9 18 0 17 24 0 0 20 21 0 
40 0 34 39 0 42 0 0 37 79 6 81 0 4 80 5 2 0 68 0 62 67 69 64 66 63 61 0 76 0 70 75 74 73 78 77 50 46 0 43 49 45 0 0 0 0 8 0 11 0 10 0 15 0 55 0 58 0 0 0 54 53 0 17 0 20 21 0 0 16 23 0 27 0 0 0 0 28 29 0 0 
4 2 79 3 81 0 5 80 0 0 51 45 48 0 44 0 47 46 0 29 26 31 0 28 30 27 25 0 40 0 0 0 38 37 42 0 14 10 0 0 13 9 11 8 12 54 0 0 56 57 0 52 60 59 19 0 22 20 21 23 18 17 0 62 64 0 66 69 0 61 0 0 72 70 71 0 0 0 74 75 77 
22 0 0 21 18 0 0 0 19 61 69 63 0 67 62 68 0 64 50 47 0 0 51 0 48 45 0 53 58 54 0 0 0 0 60 59 32 28 33 25 0 27 29 0 0 72 0 76 74 75 0 70 0 77 37 0 0 38 0 0 36 0 0 80 1 2 0 0 0 0 5 0 9 0 8 0 0 10 11 12 0 
0 56 52 57 54 60 59 53 55 16 0 18 21 22 17 23 0 0 5 2 80 4 6 1 3 0 79 8 13 9 0 12 0 10 15 14 68 64 69 0 67 63 65 0 0 0 26 31 0 0 28 25 33 32 73 70 76 74 75 77 72 71 78 35 37 0 0 0 40 34 0 0 0 43 44 51 0 46 47 48 50 
67 65 61 0 63 69 68 0 64 0 0 0 0 0 0 32 0 28 14 0 0 0 15 10 12 9 7 17 22 0 16 0 20 0 24 0 77 0 78 0 0 0 74 71 0 36 35 40 38 39 0 0 42 0 1 0 0 2 0 5 81 0 6 44 46 47 48 51 49 0 0 45 54 52 0 0 58 55 0 57 0 
49 0 0 0 0 0 50 0 0 7 0 9 0 13 0 0 0 10 77 74 0 0 0 73 0 72 0 80 4 81 79 0 2 0 0 0 59 55 0 52 58 54 0 53 0 18 17 0 20 21 19 16 24 23 64 61 67 65 66 68 63 0 69 0 28 29 0 33 0 0 32 27 0 0 0 0 0 0 0 39 0 
76 74 70 75 72 78 0 71 0 0 0 36 0 40 0 0 38 37 23 0 0 0 24 19 21 18 0 26 0 27 0 0 29 0 33 32 5 1 6 79 0 81 2 80 3 45 44 0 47 48 0 43 51 0 10 7 0 11 0 14 9 8 15 53 55 56 57 0 0 52 0 0 63 61 62 0 67 64 65 0 68 
13 11 7 12 0 15 0 8 0 52 60 0 0 58 53 0 0 0 41 0 35 0 42 37 39 36 34 0 0 45 43 0 47 46 51 0 23 19 24 16 0 18 20 17 21 63 0 67 0 66 64 61 0 0 0 25 0 29 0 32 27 26 0 0 0 74 75 78 76 70 0 0 81 0 80 6 0 0 2 3 5 
10 0 0 0 0 0 0 5 7 0 57 51 54 0 0 0 53 0 38 0 0 37 39 34 36 0 31 41 0 42 40 45 0 0 0 47 20 0 21 13 19 15 17 14 18 60 0 0 0 0 0 58 66 0 25 22 0 26 0 0 24 0 30 68 0 0 72 0 73 0 0 69 78 76 77 0 1 79 80 0 0 
73 0 67 0 69 75 74 68 0 0 0 33 36 37 0 38 35 0 20 0 14 19 21 16 0 0 13 23 28 24 22 0 26 25 30 0 2 79 0 0 1 78 80 77 0 0 41 0 44 45 0 0 48 0 7 0 0 0 9 11 6 5 0 50 0 0 54 0 55 49 56 0 0 58 59 0 64 61 62 63 65 
1 80 76 0 0 3 0 0 79 0 0 0 45 46 41 0 44 0 0 26 0 28 30 0 27 24 0 32 37 33 31 36 35 34 0 38 11 7 12 4 0 6 0 0 9 0 50 55 53 0 0 49 0 56 16 13 19 0 18 0 15 14 21 59 61 0 0 66 64 58 0 60 69 0 68 0 73 70 71 72 74 
0 35 0 36 33 39 38 32 0 0 3 0 81 1 0 0 0 0 65 62 0 0 66 0 63 60 58 68 0 0 67 72 0 0 75 74 47 43 0 0 0 42 0 41 45 6 5 0 8 9 0 4 12 0 0 49 0 53 54 0 51 50 0 14 16 17 0 0 19 0 0 15 0 22 23 30 0 0 26 0 0 
28 0 22 0 24 30 0 23 25 0 75 69 0 0 68 74 0 0 0 0 50 55 57 0 54 51 49 59 64 60 58 63 62 61 66 0 38 34 0 31 37 0 35 0 36 78 0 1 0 81 79 0 3 0 0 0 0 0 45 47 42 41 48 0 7 0 9 12 10 4 11 6 0 13 14 21 19 16 17 18 0 
46 0 40 0 0 48 47 41 43 4 12 6 0 0 5 11 0 7 0 71 68 0 75 0 0 69 67 77 1 0 0 81 80 79 0 0 0 52 57 49 0 51 53 50 0 15 0 19 17 0 0 0 21 20 61 58 0 62 63 0 60 59 66 23 25 0 27 30 28 0 29 0 0 31 32 39 0 34 35 0 38 
64 62 0 63 60 66 0 59 61 22 30 0 27 0 23 29 0 0 11 8 0 10 0 7 0 0 4 14 0 15 0 18 0 16 21 0 74 0 75 67 0 69 0 68 72 33 32 37 35 0 0 31 0 38 0 0 0 80 0 0 78 0 0 41 0 44 0 0 46 40 0 42 51 0 50 57 0 52 53 54 0 
19 17 0 18 15 21 0 14 16 58 0 60 63 64 59 65 62 61 47 0 41 46 0 0 45 42 40 0 55 51 0 0 53 0 57 0 0 0 30 22 28 24 26 0 0 69 0 73 71 72 0 0 75 74 0 0 0 0 36 0 0 32 39 77 79 0 0 0 0 76 2 0 6 4 0 0 10 7 8 0 11 
0 0 0 54 0 0 0 50 52 13 21 15 18 19 0 20 17 0 2 0 0 1 0 79 81 0 76 5 0 0 0 9 8 7 12 11 65 61 66 0 0 60 62 0 0 24 23 0 0 27 0 22 0 29 0 0 0 0 0 0 69 0 75 0 0 0 36 0 37 0 38 33 42 40 41 0 0 43 44 45 47 
61 0 0 0 57 0 62 56 0 19 27 21 0 25 20 0 23 22 8 5 2 7 9 0 6 3 1 0 16 0 10 15 0 13 18 17 0 67 0 64 0 66 68 65 0 30 29 34 0 33 31 0 36 35 76 0 0 0 0 80 0 74 0 38 40 0 42 45 0 0 44 0 0 0 47 54 52 49 0 51 0 
0 0 37 0 39 0 44 38 40 0 9 0 6 0 2 0 0 0 71 68 0 0 72 67 0 0 64 74 0 75 73 0 77 0 0 0 53 49 0 46 52 48 50 0 0 0 11 0 14 15 0 0 0 0 58 55 0 0 0 0 57 0 0 20 22 23 0 27 0 19 26 21 0 0 29 0 0 31 0 33 35 
0 68 64 0 0 0 71 65 0 28 0 0 33 34 29 0 32 0 17 0 11 16 18 0 0 12 0 20 0 0 19 0 0 22 27 0 80 0 81 73 79 0 77 74 78 39 38 43 0 0 40 0 45 44 4 1 0 5 6 0 0 2 9 47 49 50 51 0 52 46 53 48 0 55 56 0 61 58 59 60 0 
0 0 0 78 0 0 80 0 0 0 0 0 42 43 38 44 41 0 0 23 20 25 27 22 0 0 19 0 0 0 0 33 32 31 0 35 8 4 0 0 7 0 5 0 0 48 47 52 50 0 49 0 54 53 0 10 0 0 15 17 12 11 18 0 58 0 0 0 61 0 62 57 0 64 65 72 0 0 68 69 0 
0 0 46 51 48 54 53 47 49 10 0 12 0 16 0 17 0 13 80 77 0 79 81 0 0 75 0 2 7 3 1 0 0 4 9 8 62 58 0 55 0 57 59 0 60 0 20 25 0 24 22 0 0 0 67 0 70 68 69 0 0 0 72 29 31 0 0 36 0 28 0 30 0 0 38 0 0 0 41 0 44 
16 14 0 0 0 18 0 11 13 0 63 57 0 61 56 62 59 58 44 41 38 0 0 0 0 39 37 0 52 48 46 0 50 49 0 53 26 0 0 19 0 21 23 20 0 66 0 0 0 0 67 0 72 0 0 0 0 32 33 35 0 0 36 0 0 0 0 81 0 0 0 75 3 0 2 0 7 0 0 6 0 
0 23 0 24 21 27 26 0 22 64 72 66 69 70 65 0 68 67 0 0 47 52 0 0 51 48 0 56 61 57 55 60 59 0 63 62 35 0 36 28 34 30 32 29 0 75 0 79 77 78 76 73 81 80 40 37 43 41 42 44 0 38 0 0 4 5 6 9 7 0 8 3 12 10 0 0 16 0 0 0 17 
7 5 1 0 3 9 0 0 4 0 54 48 51 52 47 53 0 49 35 32 0 34 36 0 33 30 28 0 43 0 37 42 0 0 0 0 17 0 18 10 16 12 14 0 15 57 0 0 59 60 58 0 63 62 22 19 25 0 24 26 21 20 27 0 0 0 69 72 70 0 71 0 0 0 74 0 0 76 0 78 80 
0 0 0 33 0 0 35 0 0 73 81 75 78 79 0 80 77 76 0 0 56 61 0 0 0 57 0 65 70 66 64 69 68 67 72 71 44 0 45 37 43 39 41 38 0 0 2 0 5 0 4 0 9 0 49 46 0 0 51 0 48 47 0 0 0 14 15 0 16 0 17 0 0 0 20 0 25 22 23 24 26 
68 66 62 67 64 0 0 63 65 26 0 28 31 0 0 0 30 29 0 12 9 14 16 0 0 10 8 18 23 0 0 22 0 0 0 24 0 74 79 71 0 0 75 72 76 0 36 41 39 0 0 0 0 0 0 80 0 3 0 6 1 81 0 0 47 48 49 0 50 44 51 46 55 0 54 61 59 0 57 0 0 
32 30 26 31 28 34 33 27 29 0 0 73 0 0 72 78 0 0 60 57 0 59 61 56 0 55 53 0 0 64 62 67 66 65 70 69 42 0 43 35 41 37 0 0 0 1 81 0 3 0 2 0 7 0 0 0 50 0 49 0 46 45 0 9 11 0 0 16 0 8 15 0 19 17 18 0 23 20 0 22 0 
23 0 17 22 19 25 0 18 20 62 0 0 67 68 0 69 66 0 0 0 45 50 52 47 49 46 44 54 59 55 53 58 57 56 0 0 33 0 34 0 0 0 30 27 0 73 72 77 75 76 0 71 79 78 0 0 41 39 40 42 0 36 43 0 0 3 4 7 5 0 6 1 0 8 9 16 14 11 12 13 0 
0 0 35 40 37 0 0 36 38 80 0 0 4 0 81 0 3 0 69 66 63 68 0 0 0 0 0 72 77 0 0 76 0 0 79 78 0 0 52 44 50 46 48 45 49 0 0 14 12 0 11 8 0 0 0 53 59 57 58 60 0 0 0 0 20 21 0 0 23 17 24 0 0 26 0 34 0 29 30 31 33 
50 48 0 49 0 0 0 0 47 8 16 0 13 14 0 15 0 11 78 75 72 0 79 74 76 0 0 81 5 0 80 4 3 2 7 0 0 56 61 0 0 0 0 0 58 19 0 23 21 0 0 17 25 24 0 0 0 66 67 69 64 0 0 27 29 30 31 34 32 26 33 28 37 35 36 0 0 38 0 40 0 
77 75 71 76 73 0 78 72 74 0 0 37 40 41 0 42 39 38 24 21 0 23 0 20 0 0 0 27 0 28 26 0 0 29 0 33 6 0 0 0 5 1 0 81 4 46 45 50 0 0 0 44 0 0 0 0 0 12 0 15 0 0 16 54 0 0 0 61 0 53 0 0 0 62 63 70 0 65 66 67 69 
14 12 0 13 10 0 0 9 0 53 61 55 0 0 0 60 57 0 0 39 0 41 0 38 40 37 35 45 50 46 44 0 0 47 52 51 0 0 25 17 0 19 21 18 22 0 63 68 66 67 65 62 70 69 29 26 0 30 0 0 0 27 0 0 0 0 0 79 77 0 78 73 0 80 81 7 5 2 3 0 0 
59 0 0 0 55 61 0 0 0 17 25 19 0 0 0 0 21 0 6 3 81 0 7 0 0 0 80 9 0 0 0 13 12 11 0 0 69 65 70 62 68 64 66 0 67 0 27 32 30 0 29 26 34 0 0 0 0 75 0 78 73 72 79 0 38 39 40 43 41 35 0 0 46 44 0 52 0 47 0 0 51 
5 0 0 4 1 0 6 81 2 0 52 0 0 50 45 0 0 0 33 0 27 0 0 29 31 0 0 36 0 37 0 0 0 0 0 42 0 11 0 8 14 10 12 9 13 55 54 0 0 58 56 53 61 0 20 0 0 0 0 24 19 0 25 63 65 0 67 70 0 62 0 64 0 0 72 0 77 0 0 0 78 
0 0 9 0 0 0 0 0 12 54 62 56 59 0 0 61 0 57 43 0 37 42 44 39 41 0 36 0 51 0 45 50 49 0 0 52 25 21 0 18 0 0 0 0 23 65 0 0 0 68 0 63 0 0 0 27 33 31 32 34 29 28 35 73 75 0 77 0 78 72 0 74 2 0 0 0 6 3 4 5 0 
60 0 54 0 56 62 0 55 0 18 26 20 23 0 0 0 22 21 7 0 1 6 0 0 5 0 81 0 15 0 0 0 13 12 17 16 70 0 71 0 0 65 0 0 68 29 0 33 31 0 30 0 35 34 75 72 78 76 77 0 0 0 0 0 39 40 41 0 42 36 43 38 0 0 46 53 0 48 0 50 52 
24 0 18 23 20 26 25 0 21 63 71 65 0 69 0 0 0 0 52 49 0 51 0 48 50 47 45 55 0 56 0 0 58 0 0 61 0 30 0 27 0 0 31 0 0 74 73 0 0 0 0 72 80 79 0 36 0 40 0 0 0 0 44 0 3 0 5 8 0 81 7 2 11 9 10 17 15 12 13 14 16 
51 0 45 50 47 53 52 46 0 9 0 11 0 0 0 0 0 12 79 0 0 0 80 75 0 0 0 1 0 2 81 0 4 3 8 0 0 57 0 0 60 56 0 0 0 20 0 0 0 23 0 0 0 0 66 63 0 67 68 70 65 64 71 0 30 31 0 0 0 0 0 0 0 0 37 0 0 39 40 41 43 
42 40 0 41 38 44 43 37 39 0 0 2 5 6 1 7 4 3 70 0 0 69 0 66 0 65 63 0 0 74 72 0 76 0 80 79 52 48 53 0 51 47 49 46 0 11 10 15 13 14 12 9 0 16 0 54 0 0 0 0 0 55 0 19 21 22 0 26 24 18 25 0 0 27 28 0 33 30 31 32 34 
33 0 0 32 29 35 34 28 0 0 80 74 77 0 0 79 76 75 61 0 0 0 0 57 0 0 54 0 69 0 0 0 0 66 71 0 0 39 0 0 42 38 40 37 41 0 0 6 4 5 3 81 8 7 48 45 0 49 0 52 47 0 53 0 12 13 0 17 0 0 16 0 20 18 0 26 24 0 22 23 0 
6 0 81 0 2 0 7 0 0 45 53 0 50 0 0 52 0 48 0 0 0 0 0 0 32 29 0 0 0 0 36 41 40 0 44 0 16 12 17 9 15 0 13 0 0 0 0 0 58 59 57 0 62 0 0 18 24 22 0 0 0 0 0 64 0 67 68 0 0 63 70 0 74 72 0 80 0 75 0 77 79 
78 0 0 0 0 80 79 0 75 36 0 38 41 0 0 0 40 0 25 22 19 24 0 0 0 20 0 28 0 29 0 32 31 0 35 34 7 3 8 0 6 2 4 0 5 0 46 0 0 50 48 45 53 0 12 0 0 0 14 0 0 0 0 0 0 58 0 0 60 54 61 56 65 63 64 0 69 0 67 68 0 
0 0 0 68 65 71 0 64 66 27 0 29 32 33 0 0 0 0 16 13 10 15 0 12 14 0 0 0 0 20 0 0 22 0 26 0 0 0 0 72 78 74 76 73 0 38 37 42 0 41 0 36 0 0 0 0 0 4 5 7 2 0 0 46 48 0 50 0 51 0 52 0 0 54 0 62 60 0 58 59 0 
0 6 0 7 0 0 9 3 5 0 0 49 0 53 0 0 51 0 36 0 30 0 0 0 0 0 29 0 44 40 38 43 42 0 46 45 18 0 0 0 0 13 15 12 16 0 57 0 0 61 0 56 0 63 0 20 0 0 0 27 0 21 0 66 0 69 70 0 0 0 0 0 76 74 0 1 80 77 78 79 0 
0 0 0 0 0 55 0 48 0 11 19 0 0 17 12 18 15 14 81 78 75 80 1 0 0 76 74 0 0 4 2 7 6 0 0 9 0 59 64 0 62 58 0 57 0 22 21 26 24 25 0 20 28 0 68 65 0 69 70 0 0 66 0 30 32 33 0 37 35 0 36 0 40 38 0 46 0 41 0 0 45 
17 15 0 0 0 19 18 0 0 56 0 0 61 62 57 0 60 0 45 0 0 44 0 41 43 40 38 48 53 0 47 52 0 50 55 0 27 0 0 0 0 22 24 21 0 67 66 71 69 70 68 65 73 0 32 29 0 33 34 36 31 30 37 0 77 78 0 1 0 74 81 76 4 0 0 10 8 5 0 7 9 
80 78 0 79 76 1 81 75 77 38 46 40 0 44 0 0 0 0 27 24 21 0 0 23 25 22 0 30 0 31 0 0 0 0 0 36 9 0 10 0 8 0 6 3 0 49 48 53 51 0 50 47 0 54 14 11 0 15 0 0 0 0 19 0 0 0 61 64 62 56 63 0 67 0 0 73 71 68 69 70 72 
26 0 20 0 22 0 0 21 23 65 0 67 0 71 66 0 0 68 0 51 48 53 0 50 52 49 0 0 0 58 56 0 0 0 0 63 36 32 0 29 0 31 33 30 34 76 75 0 78 0 0 0 1 81 0 0 44 42 0 0 0 39 0 3 5 0 7 10 8 2 9 4 0 11 12 19 0 14 15 0 18 
44 42 38 43 0 0 45 0 41 2 0 4 0 8 0 9 0 0 72 69 0 71 73 68 70 0 65 0 0 0 0 79 78 77 1 81 0 50 0 0 53 49 51 0 0 13 12 17 15 16 0 0 0 18 59 0 0 0 61 0 0 57 64 21 0 0 25 28 0 0 0 22 31 29 0 0 35 32 0 34 36 
62 0 56 61 58 64 0 57 0 20 0 0 25 0 0 27 24 23 9 6 0 8 0 5 7 0 2 0 17 0 11 16 15 0 19 18 72 68 73 0 71 0 0 66 0 0 30 0 0 34 32 29 37 36 0 74 80 0 79 0 0 75 1 0 0 0 0 0 44 38 0 0 0 47 48 55 53 50 51 52 0 
0 69 65 0 0 73 0 66 68 29 0 31 0 35 30 0 33 32 0 15 0 17 19 0 16 13 0 21 26 22 0 0 0 0 28 0 81 0 1 74 0 0 78 75 0 40 39 0 42 43 0 38 46 0 0 2 8 6 0 9 4 0 10 0 0 51 0 55 0 0 54 0 58 0 0 64 0 0 60 61 0 
35 33 0 0 0 0 36 30 32 74 1 0 79 80 75 0 0 0 63 60 0 62 0 0 0 0 56 66 0 0 65 0 0 0 73 72 0 41 46 0 44 40 42 0 0 0 0 8 6 7 5 0 10 9 0 0 0 51 52 0 0 48 55 12 14 0 16 19 17 0 18 0 22 0 0 28 26 0 24 25 27 
48 46 42 47 44 50 49 0 0 0 0 8 0 0 0 13 10 0 76 0 0 0 0 72 74 71 0 79 3 80 78 0 1 81 0 4 58 54 0 0 57 53 55 52 0 17 0 0 19 20 18 0 23 0 0 0 0 0 65 67 0 61 68 0 27 28 0 0 30 24 0 26 0 0 34 41 0 0 0 0 40 
0 64 0 65 0 0 67 0 63 24 0 26 29 30 0 0 0 27 13 0 7 12 0 9 0 0 6 16 21 17 15 0 19 0 0 0 0 72 77 0 75 0 73 70 74 35 34 0 37 0 0 33 41 0 81 78 0 1 0 0 0 79 5 0 45 46 0 0 48 42 0 44 53 51 0 0 57 54 55 56 0 
3 0 78 2 0 5 4 0 81 42 0 0 47 48 43 49 46 45 0 28 0 0 32 0 29 26 0 34 39 0 33 38 0 36 0 40 13 9 14 6 0 8 0 7 11 0 0 57 55 56 54 51 0 0 18 15 21 0 20 22 17 0 23 61 0 64 0 0 66 60 0 0 71 69 0 0 75 72 73 0 0 
0 19 15 20 0 23 22 0 18 0 68 62 65 0 0 0 0 63 49 0 43 48 50 45 47 44 0 52 57 0 51 56 55 0 0 0 0 27 0 0 30 26 0 0 29 0 70 0 0 0 72 0 77 76 36 33 39 37 38 40 0 34 41 79 0 0 2 0 3 78 4 80 0 0 7 0 0 9 0 11 13 
75 0 69 74 0 0 76 70 72 0 41 35 38 39 0 0 37 0 22 19 16 21 23 0 20 17 15 0 30 26 0 0 0 0 0 31 4 0 5 78 3 0 1 79 0 44 43 0 46 47 0 42 50 49 0 0 12 10 0 13 0 7 14 0 54 0 0 0 57 51 58 0 62 0 0 68 0 0 64 65 67 
30 28 0 0 26 32 0 0 0 69 0 71 74 75 0 76 0 72 58 0 52 57 59 0 56 0 0 0 66 62 0 65 64 0 68 0 40 36 41 33 39 35 37 34 38 0 79 3 0 0 81 0 0 4 45 0 0 0 0 49 44 0 0 7 9 0 11 14 0 6 0 8 0 0 16 0 21 18 0 0 22 
39 37 33 38 35 41 0 34 36 78 0 0 0 3 0 0 0 81 0 0 0 0 0 63 65 0 60 70 75 71 69 74 0 72 77 76 49 0 50 42 0 0 46 43 0 8 7 0 10 11 0 0 14 13 0 51 0 0 0 0 0 52 59 0 18 19 0 23 0 15 0 17 0 24 0 32 0 0 0 29 0 
12 10 0 11 8 14 0 7 9 0 0 53 56 57 0 0 55 54 0 0 34 39 41 0 38 35 33 0 48 0 42 47 46 0 50 49 22 0 0 15 21 17 19 0 0 0 61 66 64 0 0 0 0 0 27 24 0 28 29 0 26 25 0 70 0 73 0 0 75 69 0 0 0 0 79 0 0 0 0 2 4 
57 0 0 0 53 59 0 0 54 0 0 0 20 21 16 0 19 0 0 1 79 3 0 0 2 0 0 7 12 8 6 0 0 9 0 13 67 63 0 60 66 0 0 61 65 26 0 0 0 0 0 0 0 31 72 0 75 73 74 0 71 0 77 34 0 37 0 41 0 0 40 35 44 42 43 50 0 0 46 47 0 
