9
0 0 76 0 70 0 0 68 71 19 18 17 0 15 0 0 0 16 13 10 0 0 0 6 0 0 12 35 38 37 39 40 34 36 33 32 52 0 0 0 0 55 0 0 51 0 60 0 0 0 62 65 64 66 0 0 3 1 0 0 0 79 80 48 41 0 0 49 44 45 46 47 29 28 0 0 0 24 25 26 0 
54 57 58 51 52 56 55 50 0 1 81 80 0 78 0 2 77 0 76 0 0 0 70 0 72 0 0 17 20 19 0 22 16 0 15 0 34 0 38 36 0 37 35 0 33 0 42 49 45 41 0 47 46 0 67 0 0 0 0 0 0 0 62 0 23 0 24 31 0 0 28 29 11 10 12 13 5 6 7 8 9 
0 3 0 78 79 0 1 77 0 28 27 0 0 24 31 29 0 25 22 0 0 0 16 0 0 0 21 44 47 0 48 49 43 45 42 41 61 66 65 63 0 64 0 0 60 70 69 0 72 68 0 74 73 75 0 0 0 0 9 6 5 7 8 0 50 0 0 0 0 54 55 56 38 37 0 0 0 33 0 0 0 
45 48 49 0 43 0 46 41 44 0 72 0 75 69 76 74 68 70 67 64 65 62 0 0 63 59 0 0 11 10 0 13 0 9 6 0 25 30 29 0 0 0 26 31 24 34 33 40 36 32 35 38 0 39 58 0 57 0 0 0 50 52 0 21 14 16 0 22 17 18 0 20 2 0 0 4 77 78 79 0 81 
36 0 40 0 34 38 0 32 35 64 0 0 66 60 0 65 0 61 0 55 56 53 52 51 54 0 57 0 0 0 0 0 0 81 0 0 16 21 20 18 14 19 0 22 15 25 24 0 27 0 26 0 28 30 49 47 0 0 45 42 0 43 0 12 0 7 6 13 8 0 0 11 74 73 75 76 68 0 70 71 72 
0 0 67 0 61 65 0 59 0 10 9 8 12 0 13 11 5 7 0 1 0 80 79 78 0 77 0 26 29 28 30 31 0 27 24 23 43 48 0 45 41 46 44 0 0 52 0 58 54 50 53 56 55 0 76 74 0 73 72 69 68 70 71 39 32 34 0 40 0 0 37 0 20 19 21 22 0 0 16 17 18 
18 0 22 0 0 20 19 14 17 46 45 0 0 42 0 47 41 0 0 37 0 35 0 33 36 0 39 62 65 64 0 67 0 0 60 59 0 0 2 81 77 0 80 0 78 0 6 13 9 0 0 0 10 0 31 0 0 0 27 0 23 25 26 0 68 70 69 0 71 72 73 74 0 55 0 0 0 51 52 53 54 
27 30 31 0 25 29 28 0 0 55 54 53 0 51 58 56 50 52 49 46 0 44 0 0 45 41 48 71 74 73 75 76 0 0 0 0 0 12 0 0 0 10 8 0 0 16 15 0 0 14 0 0 19 21 40 38 0 37 0 0 32 34 0 3 0 79 78 4 80 81 1 0 65 0 0 0 0 60 0 62 63 
0 0 13 0 0 0 0 0 8 0 36 0 0 0 0 38 32 0 31 0 0 26 25 24 27 23 30 53 0 55 0 58 0 54 51 0 70 75 74 0 68 0 71 76 69 0 78 4 0 77 0 0 1 0 22 0 0 19 18 15 0 16 17 66 0 61 0 0 0 63 64 0 0 0 0 0 41 0 0 44 45 
76 79 80 73 74 0 77 0 75 23 22 21 0 0 26 24 18 20 17 0 0 12 11 10 0 9 0 39 42 41 43 0 38 0 37 36 56 0 60 0 0 59 0 0 55 65 64 71 67 0 0 0 68 70 8 6 7 5 4 1 0 2 3 52 45 0 0 53 0 0 0 51 0 32 0 35 27 28 0 30 0 
49 0 0 0 0 0 50 45 0 0 0 75 0 0 80 0 0 0 71 68 69 66 65 0 0 63 70 12 0 0 0 17 11 0 0 0 0 34 0 0 27 0 30 35 28 38 37 44 0 0 0 0 41 43 62 0 0 0 58 55 0 0 57 25 0 20 19 0 0 22 23 0 6 5 7 8 81 0 2 0 0 
0 61 62 55 56 0 59 0 57 5 4 3 7 0 8 0 81 0 80 77 78 0 74 0 0 72 79 21 24 23 25 0 0 0 19 0 0 43 42 40 0 41 0 44 37 47 46 53 0 0 0 0 50 52 0 69 0 68 67 64 0 65 66 34 27 29 28 35 30 31 32 33 15 14 0 0 9 10 11 12 0 
0 16 17 0 11 15 14 9 12 41 40 0 43 0 0 0 36 0 35 0 0 0 29 0 0 0 0 0 0 59 0 62 0 58 0 0 74 0 78 0 0 77 0 80 73 2 1 0 0 0 0 0 5 7 26 0 25 23 0 19 18 20 0 70 63 0 0 0 66 0 68 69 51 50 0 53 0 46 47 48 49 
0 43 44 37 38 0 41 36 39 68 67 0 70 0 0 69 63 65 62 59 60 57 56 55 58 54 0 0 6 5 0 8 0 4 1 81 0 0 0 22 18 23 0 0 0 29 28 35 0 27 0 0 0 0 53 0 52 0 49 0 45 47 0 16 0 11 0 0 12 13 0 15 78 77 0 0 72 0 74 75 76 
31 0 35 28 0 33 32 27 30 59 0 57 61 55 0 60 54 56 53 50 0 48 47 0 0 0 52 0 78 0 79 0 0 76 73 72 0 0 15 13 9 0 0 17 10 20 19 0 0 0 21 24 23 25 44 0 43 41 0 37 36 38 0 7 81 2 0 8 3 4 5 6 69 0 70 0 0 64 0 66 67 
67 70 71 0 0 69 68 0 0 14 13 0 16 10 17 0 9 11 8 0 6 3 2 0 0 81 0 30 33 32 34 35 29 31 28 0 47 52 0 0 45 0 0 53 0 56 0 0 58 0 0 60 0 0 80 0 79 77 0 0 72 0 75 43 36 0 0 44 0 0 0 0 0 23 0 0 0 19 0 0 0 
0 25 0 0 20 24 0 0 21 50 0 0 52 46 53 51 45 47 0 0 0 39 38 37 0 36 43 66 69 0 70 71 0 67 0 63 0 7 6 4 81 5 3 8 1 11 10 0 0 9 0 15 14 16 0 33 34 32 0 0 27 29 0 79 72 74 73 0 75 0 0 78 0 59 61 62 54 55 56 0 58 
4 7 8 0 2 0 5 81 3 32 31 0 34 28 35 33 27 29 26 23 24 0 20 19 22 18 0 0 51 0 52 0 0 0 46 45 65 70 0 67 63 68 66 0 64 74 0 80 76 0 75 78 77 79 17 15 0 14 13 0 9 0 12 61 54 56 0 0 57 0 59 60 42 0 0 44 36 0 38 0 0 
0 0 20 13 14 0 17 0 0 44 43 42 0 40 47 45 39 0 38 35 36 33 32 31 34 0 37 60 0 62 0 0 0 0 58 57 77 1 81 79 0 80 78 2 0 5 0 11 7 3 0 9 0 0 0 27 28 0 0 0 21 23 24 0 66 68 67 74 69 0 0 72 54 0 55 56 0 0 0 0 0 
0 0 11 0 0 9 8 0 0 0 34 33 0 31 38 0 0 32 29 26 27 0 23 22 25 21 28 51 54 0 55 56 0 52 0 48 68 73 72 0 0 71 0 0 67 0 76 2 79 75 78 81 0 1 20 0 19 0 0 0 0 14 15 64 57 59 0 0 0 61 0 0 0 0 46 47 0 40 0 42 0 
79 1 0 76 77 0 80 75 0 26 25 24 28 22 0 27 21 0 20 17 18 0 14 13 0 12 0 0 0 44 46 47 41 43 40 0 59 0 63 61 57 62 0 65 58 68 67 74 0 66 0 72 0 0 0 9 0 0 7 0 3 0 6 55 48 50 0 0 51 52 0 0 36 0 37 38 0 31 32 33 0 
0 0 56 49 0 0 53 48 0 80 79 78 1 76 2 81 0 77 74 0 72 69 68 67 70 66 73 0 18 0 19 20 14 16 13 12 0 37 36 34 30 0 33 38 31 41 0 47 43 39 0 0 0 0 0 63 64 62 61 58 57 59 60 28 21 0 22 29 0 25 26 27 9 8 10 11 3 4 0 6 7 
70 73 74 67 0 72 0 0 0 17 0 15 0 13 20 0 0 0 11 8 9 0 0 4 7 3 10 33 36 0 37 38 32 34 0 30 0 55 54 52 48 53 51 0 49 59 0 0 61 0 0 0 62 64 2 0 1 80 79 76 0 0 78 46 39 41 0 47 0 0 0 45 27 26 0 0 21 0 23 0 0 
0 0 0 31 0 0 0 30 0 0 61 0 0 58 0 63 57 0 56 53 0 51 0 49 52 48 55 0 81 80 0 0 77 0 76 0 0 19 18 16 12 17 15 0 13 23 0 0 0 0 0 27 26 0 0 45 46 44 43 40 39 0 42 0 0 0 4 11 6 7 8 9 72 71 73 74 66 67 0 69 70 
61 64 65 0 0 63 62 57 0 8 0 0 10 4 0 9 0 0 0 80 81 0 77 76 79 0 1 0 27 26 28 29 23 0 0 21 0 46 45 43 39 0 42 47 40 50 0 56 0 0 51 54 0 55 0 72 73 71 0 67 0 0 0 37 30 0 31 38 0 34 0 36 0 0 0 20 0 0 14 0 0 
43 46 0 0 41 0 44 39 42 0 0 69 0 0 74 0 66 0 65 62 63 60 0 58 61 0 0 6 9 8 0 11 0 0 0 0 0 28 27 0 21 26 0 0 22 32 31 38 34 0 0 0 0 37 56 54 55 0 52 49 48 50 51 0 12 14 13 20 0 0 0 18 81 80 1 2 75 0 77 78 79 
0 28 29 22 0 27 26 21 24 0 0 0 55 49 56 54 0 50 0 44 0 0 0 0 0 39 0 69 0 0 73 74 0 0 67 0 5 0 0 7 0 0 6 0 4 14 0 20 0 0 15 0 17 19 0 0 37 0 34 0 30 32 33 0 0 77 76 0 78 79 0 0 0 0 64 65 0 58 0 0 0 
65 0 0 0 63 67 0 0 64 12 0 0 14 0 15 0 7 9 6 3 0 1 81 0 0 0 0 28 31 30 32 0 27 29 26 0 0 0 49 0 43 48 0 51 0 0 0 60 56 0 55 0 0 0 0 76 77 75 74 71 70 0 73 41 34 36 35 0 0 0 39 40 0 21 23 24 16 17 18 19 0 
0 23 0 0 18 22 0 0 19 0 47 0 50 44 0 49 0 45 42 39 0 37 0 0 38 34 41 0 0 66 68 0 0 0 62 0 81 5 4 0 79 3 0 6 80 9 8 15 11 0 10 13 0 0 0 0 32 30 0 0 25 0 28 0 70 72 71 0 73 0 0 76 58 57 59 60 52 0 0 55 0 
0 41 0 35 36 40 39 34 0 0 65 64 0 0 0 67 61 0 60 57 0 0 0 0 56 52 0 0 0 3 0 6 81 2 80 79 18 23 22 20 0 0 0 24 17 27 26 0 0 25 0 31 0 32 0 49 0 48 47 0 0 45 46 0 0 0 0 15 0 11 0 0 76 75 0 78 70 71 0 73 0 
74 77 0 71 72 76 75 70 73 0 20 19 23 0 24 22 16 0 15 12 13 0 0 8 11 0 0 0 40 39 0 42 0 38 35 0 54 59 58 56 52 0 0 60 0 0 0 69 0 0 64 67 0 68 6 4 5 0 0 80 79 81 0 50 43 45 44 0 46 47 0 49 0 0 0 0 25 0 0 28 29 
56 0 60 53 0 0 0 52 55 3 0 1 5 0 0 0 79 81 78 0 76 0 72 71 0 70 0 19 22 21 23 24 18 20 0 16 36 0 40 38 34 39 37 42 35 0 44 0 47 0 46 0 48 50 0 67 68 0 0 62 0 0 64 32 25 27 0 33 0 29 0 31 13 12 14 15 7 8 9 0 11 
0 32 33 26 0 31 30 0 28 57 56 0 0 0 0 58 52 0 51 0 49 46 0 44 47 0 50 73 76 75 77 0 0 74 71 70 9 14 13 11 0 0 10 15 8 18 17 0 0 16 19 0 0 0 42 0 0 39 0 35 0 0 0 0 79 81 0 6 0 2 0 4 67 0 68 0 61 0 0 64 65 
11 14 0 8 0 0 0 0 10 0 0 37 41 0 42 40 34 36 33 0 31 28 27 0 29 25 32 55 0 0 0 60 0 56 0 52 72 77 0 74 0 75 73 78 71 81 80 0 2 79 1 4 0 5 24 22 23 0 0 17 16 0 19 0 0 0 62 0 64 0 66 0 49 48 0 51 43 44 45 46 0 
0 0 51 0 45 49 0 43 46 0 0 73 77 0 78 76 0 72 69 0 67 64 63 0 0 61 68 10 13 12 0 15 0 0 8 7 27 0 0 0 0 0 28 33 26 0 35 0 0 0 37 40 39 41 0 58 59 57 56 53 52 0 55 23 0 18 17 24 0 20 0 0 0 0 5 6 0 0 81 0 0 
0 0 0 80 0 0 0 0 1 30 29 28 32 0 33 31 25 0 24 21 22 19 18 17 20 16 0 46 0 0 0 0 45 47 44 43 63 68 67 65 61 66 64 69 62 0 71 78 74 0 0 76 75 77 15 13 14 0 11 8 7 0 10 0 0 54 53 0 55 56 0 58 40 39 41 42 34 35 36 0 38 
0 65 0 0 60 64 63 0 0 0 0 0 0 5 12 0 0 0 0 81 0 0 78 0 80 0 0 25 0 27 29 30 24 0 0 0 42 0 0 0 0 45 43 0 0 51 0 57 53 0 52 0 54 56 75 73 74 0 71 0 67 0 0 38 31 0 0 39 34 35 36 37 19 0 20 0 13 0 15 16 17 
0 11 12 0 6 10 0 4 0 36 0 34 0 32 0 37 0 0 0 0 0 25 24 23 0 22 0 52 0 54 0 57 0 53 50 49 69 0 73 0 0 72 70 75 68 0 77 3 0 76 0 1 81 0 0 0 20 0 17 0 0 15 16 0 58 0 59 0 61 0 0 64 46 0 47 48 0 41 0 0 0 
0 0 48 41 42 0 45 40 43 72 71 0 74 0 0 0 0 69 66 63 0 61 60 0 0 0 65 7 0 9 11 0 6 0 5 4 24 29 28 26 22 0 25 0 23 33 0 0 35 31 34 0 0 38 57 55 56 54 0 50 0 51 52 20 13 0 14 0 0 17 18 0 1 0 2 3 0 0 0 0 80 
71 74 0 68 0 0 0 0 70 0 0 16 20 14 0 0 13 15 12 0 10 7 6 5 8 0 0 34 0 36 38 39 33 35 32 0 51 56 55 53 49 0 52 0 50 60 59 0 0 58 61 0 63 65 3 1 2 0 0 77 0 78 0 47 40 42 0 0 0 44 0 0 28 27 29 30 22 23 0 0 26 
17 20 0 0 15 0 18 13 16 45 44 43 47 41 48 46 0 0 39 0 37 34 33 32 0 0 38 0 0 63 65 66 60 62 59 58 78 0 1 0 76 0 79 3 0 6 0 12 8 4 0 10 0 0 30 0 29 27 26 23 22 24 25 74 67 69 68 75 0 71 0 73 55 54 56 57 49 50 51 0 0 
53 0 57 50 51 55 54 49 0 0 80 79 0 0 0 0 76 78 75 72 73 70 69 0 71 67 74 0 19 18 20 0 0 17 14 0 0 0 37 35 0 36 34 0 32 42 0 48 0 40 0 46 45 47 0 64 0 63 62 59 0 60 61 0 0 0 0 30 0 26 0 28 0 9 11 12 4 5 6 7 0 
0 0 3 77 0 0 81 76 0 0 0 25 29 23 0 28 0 24 0 18 19 16 0 0 0 13 0 43 0 45 47 48 0 44 0 0 60 0 0 0 58 63 61 66 59 69 68 75 0 67 0 73 72 0 12 10 0 9 8 5 0 0 7 0 0 51 0 57 52 0 54 0 37 36 0 39 31 0 33 34 0 
35 0 39 32 33 37 0 31 34 0 62 0 0 0 0 0 58 60 57 54 55 52 51 50 53 0 0 79 1 81 2 0 78 80 77 0 0 0 19 0 0 0 16 0 14 24 23 30 26 22 25 28 27 0 48 46 47 0 44 41 0 0 43 0 4 6 5 12 7 8 0 10 0 0 74 75 0 0 69 0 0 
26 29 30 0 24 0 27 22 25 0 53 52 0 50 0 55 0 0 48 45 0 0 0 0 0 0 47 0 73 72 0 75 69 71 0 0 0 11 10 0 4 0 0 12 5 0 0 21 0 13 16 0 18 0 0 37 38 36 0 0 31 33 34 2 76 0 77 3 79 80 0 1 64 63 65 66 0 0 60 61 62 
0 0 0 0 13 17 0 0 14 43 42 41 0 39 46 44 0 40 0 34 0 0 0 0 33 29 0 59 0 0 63 64 0 60 57 56 0 0 80 0 74 0 77 1 75 4 0 0 0 2 5 0 0 0 28 0 0 25 24 21 0 22 23 0 65 67 66 73 0 69 0 0 53 52 0 55 47 0 49 50 51 
24 27 0 0 22 26 0 20 23 52 51 0 54 0 55 0 0 0 0 0 0 41 40 0 42 38 45 68 71 70 72 73 0 69 66 65 4 9 0 0 0 0 5 10 3 13 12 0 15 0 0 17 16 18 37 35 0 0 33 30 29 0 0 81 74 0 0 1 0 0 79 0 0 0 0 0 0 0 58 59 60 
51 0 55 48 49 53 52 0 50 0 78 0 0 75 1 0 0 76 73 70 71 0 0 66 69 65 72 14 0 0 18 19 0 0 12 0 31 36 0 0 29 34 0 0 0 0 0 46 42 38 41 0 0 45 0 0 63 61 0 57 0 0 0 0 20 22 0 0 23 24 25 0 8 7 9 0 2 0 4 5 6 
0 45 0 39 0 0 43 38 0 0 69 0 0 66 0 71 0 67 0 61 0 59 58 0 60 56 0 0 0 7 9 0 0 6 0 2 0 0 0 24 20 0 0 28 21 0 0 37 33 29 0 0 34 36 55 0 0 52 51 48 47 49 50 18 11 13 0 19 14 0 16 17 80 0 0 0 74 75 0 77 0 
60 63 0 0 58 0 61 56 59 0 0 0 9 0 10 8 2 0 1 79 80 77 76 75 78 74 0 23 0 0 0 28 0 24 0 20 0 45 0 42 0 0 0 46 39 49 0 55 51 47 50 53 52 0 73 71 0 0 69 0 0 67 68 36 29 31 0 0 0 0 34 0 17 0 18 19 0 12 0 14 0 
78 0 1 75 0 80 0 0 0 25 24 23 27 0 28 26 0 22 19 16 17 0 13 0 0 11 18 41 44 43 0 0 40 42 39 0 58 63 62 0 56 61 59 0 0 67 0 73 69 65 0 0 0 72 0 8 9 0 0 0 2 0 5 0 47 49 48 55 0 51 52 0 35 0 36 37 29 30 0 32 33 
0 36 0 30 31 0 0 29 32 61 60 0 63 57 64 0 56 0 55 52 0 50 0 48 51 47 0 77 0 79 81 0 76 78 75 0 0 0 17 15 11 16 14 19 0 0 21 0 24 0 0 0 25 27 0 44 45 0 42 0 38 40 0 0 2 0 0 10 5 6 7 0 71 0 72 73 65 66 67 68 0 
69 0 73 0 67 0 0 0 68 0 15 14 18 12 19 0 11 13 0 0 0 5 0 0 6 0 0 32 35 34 0 37 0 33 0 0 49 0 53 51 0 0 50 55 48 58 0 0 60 0 59 62 0 0 1 80 0 0 0 75 74 76 0 0 38 40 0 46 41 42 0 44 26 0 27 28 20 21 0 23 0 
6 9 10 3 4 8 0 2 5 0 0 0 36 0 37 35 29 31 28 25 26 23 0 0 0 0 27 50 0 52 54 0 49 51 0 0 67 72 71 0 0 70 0 73 66 76 75 1 0 74 0 0 79 81 19 0 18 16 15 0 11 13 0 0 56 58 57 64 0 0 0 62 44 0 45 46 0 39 40 41 42 
57 60 61 54 0 0 0 53 0 0 3 2 6 0 7 5 80 0 79 76 77 74 73 72 75 0 0 20 23 22 24 25 0 21 18 17 37 42 0 39 0 40 0 43 36 0 45 52 48 44 47 0 49 51 0 68 69 67 0 63 0 0 65 0 26 28 27 34 29 0 31 32 14 13 0 0 0 9 10 0 12 
0 33 0 27 28 32 0 0 29 0 0 56 60 0 61 59 53 55 0 0 0 0 46 0 0 44 51 0 77 76 78 79 73 0 72 71 0 15 14 0 0 0 0 0 0 19 0 25 21 0 20 23 0 0 0 41 0 40 39 36 35 0 38 6 80 1 81 7 0 0 0 5 0 67 0 70 62 0 64 65 0 
48 0 52 0 46 0 49 0 47 76 75 74 0 72 0 77 71 73 70 67 68 65 64 0 66 0 69 11 14 0 15 0 0 12 0 0 28 33 0 0 26 31 0 0 27 37 0 43 0 0 38 41 0 42 0 59 60 58 57 54 53 55 56 24 0 19 18 0 0 21 0 0 5 4 0 7 0 0 0 2 0 
12 0 16 9 0 0 13 0 11 40 39 0 0 36 0 0 35 37 34 0 32 29 28 0 30 26 33 0 59 0 0 0 55 0 54 53 73 0 77 0 71 76 74 79 72 1 81 7 3 80 0 5 4 0 0 23 0 22 21 0 17 19 20 69 0 0 63 70 65 66 67 68 50 49 51 0 44 45 0 0 48 
3 6 7 0 1 0 4 0 2 0 0 29 0 27 34 32 26 0 25 22 23 0 19 18 0 17 24 47 50 49 51 0 46 48 45 44 0 69 0 0 0 67 0 70 63 73 72 79 75 71 0 77 76 78 0 14 0 13 12 9 8 10 11 60 53 55 54 61 56 57 0 59 0 40 42 0 0 36 0 38 39 
39 42 0 36 0 0 0 0 0 0 0 0 0 63 70 68 62 64 61 58 59 56 0 54 57 53 60 0 5 0 0 7 0 3 81 80 0 24 23 0 17 22 20 0 18 28 27 34 30 26 0 0 0 33 52 50 51 49 0 0 44 46 0 0 8 10 9 16 0 12 13 0 77 0 78 79 71 72 73 0 0 
21 0 0 18 19 0 22 0 20 0 48 47 51 0 52 50 44 46 43 0 0 38 37 36 0 0 42 65 0 0 69 70 0 0 63 62 0 6 0 3 0 0 0 0 81 10 0 0 12 0 11 0 13 0 34 0 0 0 30 27 0 28 0 78 0 73 72 79 0 0 76 77 0 58 0 61 53 0 55 56 57 
66 0 0 0 0 68 67 62 0 13 0 11 0 9 0 14 0 0 0 4 5 2 0 81 0 0 6 29 32 31 33 0 28 30 0 26 46 0 50 48 0 49 47 52 45 0 54 0 57 53 56 0 58 60 0 0 78 76 75 72 71 73 74 42 0 0 0 43 0 39 0 41 23 22 24 0 0 18 0 20 0 
75 78 0 72 73 77 76 0 74 0 0 20 0 18 0 23 17 0 0 13 14 0 10 0 0 8 15 0 0 40 42 43 0 39 36 0 55 60 0 57 0 0 56 61 54 64 63 0 66 62 0 68 67 69 0 5 6 0 0 0 80 0 2 0 44 0 0 52 0 0 49 50 32 31 0 34 26 27 0 29 0 
0 17 18 11 12 16 15 10 0 42 41 40 0 38 45 43 0 39 36 33 0 0 0 29 0 28 35 0 61 0 62 63 57 0 56 0 75 80 0 0 73 78 76 0 74 3 2 9 0 1 4 0 6 0 27 25 26 0 0 0 19 21 0 71 64 66 0 0 0 68 69 0 0 51 53 0 46 47 0 49 50 
23 0 27 20 21 0 24 19 22 0 50 49 53 47 54 0 0 0 45 0 43 0 39 0 0 37 44 0 70 0 0 72 0 0 0 0 0 8 7 5 1 0 0 9 2 0 11 18 14 0 13 16 15 17 36 0 0 33 0 0 28 0 0 0 73 75 0 0 76 0 78 0 0 0 0 0 55 56 57 58 0 
5 0 9 2 3 7 6 0 4 33 32 31 0 0 36 34 0 30 0 0 0 22 21 20 0 19 26 49 52 0 0 54 48 50 0 46 66 71 70 68 64 0 67 0 65 75 74 0 77 0 0 0 0 80 18 0 17 0 0 0 0 0 13 0 55 0 0 63 58 0 60 0 43 42 0 45 0 0 39 40 0 
32 0 36 0 30 34 33 0 0 0 0 0 62 0 0 61 0 57 0 0 52 49 0 47 50 0 53 0 79 78 80 81 0 77 74 0 0 17 16 14 10 0 0 18 11 0 0 27 0 19 22 25 0 26 45 0 44 42 41 38 37 39 40 0 0 3 0 9 4 5 6 0 70 69 71 72 0 65 66 0 68 
59 62 63 0 0 61 60 55 58 0 5 4 8 2 9 7 1 3 0 78 0 76 0 74 77 73 80 0 0 0 26 0 21 23 20 0 0 44 43 41 0 42 40 0 0 48 47 54 0 46 49 0 0 53 0 0 71 69 0 65 64 66 67 0 28 30 29 0 31 32 0 0 16 15 17 18 10 11 12 0 14 
50 53 0 47 0 0 51 46 49 78 0 0 80 74 81 0 73 0 72 0 0 0 66 65 0 64 71 0 16 15 0 18 0 0 11 0 30 0 34 0 28 0 31 0 29 0 0 45 0 37 0 43 42 44 63 0 62 60 59 56 0 57 58 26 19 0 20 0 22 23 0 0 7 6 8 9 1 2 0 0 5 
68 0 72 65 66 70 69 0 0 15 14 13 17 11 18 0 10 12 0 6 7 0 3 0 5 1 8 31 0 0 35 36 0 32 29 28 48 0 52 0 46 51 49 54 0 57 0 0 59 55 0 61 60 62 81 0 0 0 0 74 0 0 76 0 0 39 38 0 0 0 42 0 0 24 0 27 19 20 21 0 0 
0 80 0 74 75 0 78 0 76 24 23 22 0 20 27 0 0 21 18 15 16 13 12 0 14 0 17 0 0 0 44 0 0 41 38 37 57 0 61 0 55 60 0 63 0 0 0 0 68 64 0 70 69 71 9 0 8 6 5 2 1 0 4 0 0 48 0 0 49 50 51 0 0 33 0 36 0 29 0 31 32 
0 0 0 0 0 43 42 37 0 0 0 67 0 0 72 0 64 0 63 60 0 0 57 0 59 55 0 4 7 6 8 9 3 5 0 1 21 0 25 0 19 24 22 27 20 0 0 36 32 28 0 34 33 0 54 52 0 0 0 47 46 0 49 0 0 12 0 0 13 14 15 16 0 78 80 0 0 74 0 76 0 
0 49 50 43 0 0 47 42 0 0 0 72 76 70 77 0 69 71 0 0 66 63 0 61 0 60 67 9 0 11 13 0 0 10 7 6 26 31 0 0 24 29 27 32 25 35 0 0 0 33 0 39 38 40 0 57 58 0 0 52 0 0 0 22 15 17 0 23 18 19 20 21 0 0 4 0 78 0 80 81 0 
1 0 5 79 80 0 2 78 0 29 28 27 31 25 32 30 24 26 23 20 21 18 17 16 19 15 22 45 48 0 49 0 44 46 0 42 0 0 0 64 60 0 0 0 0 71 70 77 73 69 72 75 0 76 14 0 0 0 10 7 6 8 0 0 0 0 52 0 54 55 56 0 0 38 40 41 33 0 35 0 37 
0 22 23 0 17 21 0 15 0 0 46 0 49 0 50 0 42 44 41 38 0 36 35 34 0 33 40 63 66 0 67 68 62 64 0 0 80 4 0 0 0 0 0 5 0 8 0 0 0 0 0 12 11 13 0 0 0 29 0 0 0 26 0 0 69 0 70 0 0 73 0 0 57 56 0 59 51 52 53 54 0 
0 0 0 0 71 0 0 69 0 0 19 18 22 16 23 21 15 17 14 11 0 9 8 0 10 6 13 36 0 0 40 41 35 37 34 33 0 58 0 55 51 56 0 0 0 0 0 68 0 60 0 66 65 67 0 3 4 0 1 79 78 80 81 49 42 44 0 50 45 46 47 48 0 29 31 32 24 25 0 27 28 
0 67 0 61 62 0 65 60 0 0 10 9 13 7 14 12 6 8 5 2 3 81 80 79 0 78 4 27 30 29 31 32 0 0 0 24 44 0 48 0 0 47 45 0 43 53 52 59 0 51 0 57 56 0 77 75 76 74 0 70 69 0 0 40 0 35 34 0 36 0 0 0 0 20 22 0 15 0 17 18 19 
10 13 0 0 8 12 0 6 0 38 37 0 0 0 41 0 33 35 32 0 30 27 26 0 0 24 0 54 57 56 0 59 53 55 52 0 0 0 75 0 69 0 72 77 0 80 0 0 0 78 0 0 0 4 23 0 22 20 19 16 15 17 18 67 60 62 61 0 63 64 65 66 0 47 0 50 42 43 44 45 46 
37 0 41 0 35 39 38 33 0 0 64 0 67 0 0 66 60 62 0 0 57 54 0 52 0 51 58 0 3 2 4 5 80 1 0 78 17 0 21 0 0 20 0 23 0 0 0 32 0 24 0 30 0 31 0 0 0 47 46 0 0 44 0 13 0 8 7 14 9 10 11 0 0 74 76 0 0 70 71 0 73 
0 31 32 25 26 0 0 24 0 56 55 54 58 52 0 0 51 53 50 47 0 45 0 43 46 42 49 72 75 74 0 77 0 0 70 0 0 13 12 0 0 11 9 0 7 0 16 23 19 0 0 21 20 0 41 39 40 38 0 34 33 35 36 0 78 0 79 5 81 0 2 3 66 65 0 68 60 61 0 0 0 
55 0 59 0 0 57 56 51 54 2 0 0 4 79 0 0 78 80 0 0 75 0 0 70 73 69 0 18 0 20 22 0 0 19 0 0 0 40 0 0 0 38 36 0 0 0 0 50 0 42 45 48 47 49 68 66 67 65 0 0 0 62 0 31 24 0 0 32 0 28 29 0 12 0 0 14 6 7 0 0 10 
