9
0 28 32 34 35 31 0 0 0 40 38 0 45 0 44 0 0 42 47 48 51 54 50 46 0 52 49 0 0 0 14 15 13 18 11 0 65 67 0 68 70 0 71 69 64 73 81 77 74 0 78 80 0 76 9 0 7 0 1 5 0 0 0 63 56 61 0 0 0 60 59 57 20 0 25 21 0 0 19 0 24 
15 10 0 16 17 13 0 18 11 22 20 19 0 21 0 23 0 24 0 30 0 36 0 0 35 34 31 75 80 79 77 78 0 0 74 73 0 49 48 50 0 54 0 51 0 55 63 59 56 57 0 0 0 0 72 0 70 67 0 0 69 0 0 45 38 0 40 0 44 0 0 0 2 5 7 0 0 0 1 0 6 
69 64 0 0 71 0 0 0 65 0 74 0 81 0 80 0 79 0 2 3 6 9 5 1 8 7 0 0 0 52 0 51 0 0 47 46 20 22 21 23 0 27 0 24 19 0 36 32 29 30 33 35 0 0 45 38 43 0 0 0 0 0 44 0 11 16 0 10 0 0 14 12 56 59 0 0 63 62 55 0 0 
0 73 0 0 80 0 75 81 0 4 2 1 9 3 8 0 7 6 0 12 15 18 0 10 0 16 13 0 62 61 59 0 58 0 56 0 0 31 0 0 34 36 35 33 28 0 0 0 0 0 0 44 43 40 54 0 52 49 46 50 0 48 0 27 0 0 22 19 26 0 0 21 65 68 70 66 72 71 64 0 69 
0 19 23 0 0 22 21 0 0 31 0 0 36 30 35 32 34 0 38 39 0 45 41 37 0 43 40 3 8 0 5 0 4 0 2 0 0 0 0 0 61 63 62 60 0 64 72 0 65 66 0 0 70 67 81 74 79 76 73 0 78 75 0 0 47 52 49 46 53 51 0 48 11 0 0 12 0 17 0 0 0 
60 55 59 61 62 58 0 63 0 0 65 0 0 66 0 0 70 69 0 75 0 81 77 73 80 79 0 0 0 0 41 42 40 45 38 0 0 13 0 14 16 18 17 0 10 0 27 23 20 21 24 0 25 22 36 0 34 0 28 32 33 30 35 9 2 0 0 1 8 6 5 0 47 50 0 48 54 53 46 49 0 
0 0 0 0 0 4 3 9 2 0 11 0 18 0 17 14 0 15 0 21 0 27 23 19 26 25 22 66 0 0 68 69 67 72 0 0 38 40 39 41 0 0 44 0 37 0 54 50 47 48 51 53 52 0 0 0 61 58 55 59 0 0 62 0 29 0 31 28 35 33 32 30 0 0 0 75 81 0 73 0 78 
0 46 0 0 53 0 0 54 0 0 56 55 0 57 62 59 0 0 0 66 69 0 0 0 71 70 67 30 0 34 32 33 0 0 29 28 0 4 0 5 7 0 8 6 1 0 18 0 11 0 0 17 16 0 0 20 25 22 0 23 24 0 26 0 74 0 0 73 80 0 77 0 0 41 43 0 45 0 37 0 42 
42 0 0 43 44 0 39 45 0 49 47 46 54 0 0 0 0 51 56 57 60 63 59 0 62 61 58 21 26 25 23 24 22 0 0 19 0 0 0 0 79 81 0 78 0 0 0 5 0 0 0 0 7 0 0 0 0 0 0 14 0 12 17 72 0 0 67 64 71 69 0 66 0 32 34 30 36 0 28 31 33 
0 58 62 64 65 0 60 66 0 70 68 0 75 0 74 0 73 0 77 0 0 3 80 76 2 1 0 0 0 0 44 0 43 0 41 40 14 16 0 17 0 21 20 0 13 0 30 0 23 24 27 29 28 0 39 32 37 0 31 35 36 0 38 0 5 10 7 4 0 0 8 0 50 53 55 51 0 56 49 52 54 
27 22 0 0 0 25 0 0 0 34 32 0 39 33 38 35 37 36 41 42 0 48 44 40 47 46 43 0 0 10 8 0 7 12 0 0 59 61 60 62 64 66 0 0 0 0 0 0 68 0 72 74 73 70 3 77 1 79 76 80 0 78 2 57 0 0 0 49 0 0 53 51 0 17 19 0 21 20 13 0 0 
81 76 80 0 0 79 78 0 77 0 0 0 12 6 0 8 10 9 0 15 0 21 0 13 20 0 0 60 65 64 62 63 0 66 59 0 0 34 33 35 37 0 38 36 31 0 0 0 0 0 0 0 0 0 57 0 55 52 49 53 0 51 0 30 23 28 25 22 29 27 26 24 0 0 73 69 75 74 0 0 72 
0 49 53 55 56 52 0 57 0 61 59 58 66 60 0 62 0 63 68 0 0 75 0 0 74 73 70 33 38 0 35 36 0 39 0 31 0 7 6 0 0 12 11 9 0 0 0 0 14 0 0 0 0 0 0 0 28 25 22 26 27 24 29 3 77 1 79 76 0 81 0 0 41 44 46 0 48 47 40 43 45 
45 40 0 46 0 0 0 0 41 52 50 0 0 0 56 53 55 54 59 60 0 66 0 58 65 0 0 0 0 28 26 0 0 30 23 0 77 0 78 80 0 0 0 0 76 0 0 8 5 6 9 11 10 7 21 14 19 16 0 17 0 15 0 75 68 0 70 0 74 72 0 0 32 35 0 0 0 0 31 34 0 
72 67 0 73 0 0 0 75 68 0 77 76 3 78 2 80 1 81 5 6 0 12 8 0 0 0 0 51 56 55 0 0 52 57 0 0 23 25 24 0 28 30 29 0 22 31 0 35 32 0 36 38 37 34 0 41 0 0 40 44 45 0 0 21 14 0 0 13 20 18 17 15 59 0 0 60 66 0 58 61 0 
0 0 17 19 0 16 15 21 14 25 23 22 30 24 29 0 0 0 32 33 36 39 0 0 38 0 34 78 0 1 0 0 79 3 77 76 50 52 51 53 0 0 56 54 0 58 66 0 0 60 63 65 64 61 75 68 0 0 0 71 72 0 0 48 0 46 0 0 47 45 44 42 5 8 0 6 12 11 0 0 9 
36 31 35 0 38 34 0 39 32 43 41 0 48 42 0 44 46 0 50 51 0 57 53 49 56 0 52 0 20 19 17 18 16 21 0 0 0 70 69 0 0 75 74 72 67 76 0 0 0 78 81 0 1 0 12 5 10 7 4 8 9 6 11 0 59 0 61 58 65 0 0 60 0 26 28 24 0 0 22 0 27 
9 4 8 0 0 0 6 12 0 0 0 0 0 0 0 17 19 0 23 24 27 30 0 22 29 0 25 69 74 73 71 0 70 75 0 0 41 43 42 44 46 48 0 45 40 49 0 0 50 51 54 56 0 52 0 59 64 61 0 62 63 0 0 39 32 37 0 0 38 36 35 33 77 80 0 78 0 2 0 79 0 
4 80 3 5 0 2 1 0 81 0 0 0 0 0 15 0 14 0 0 19 22 0 0 17 0 23 0 64 69 68 0 67 65 70 63 62 0 0 37 39 41 0 0 0 35 44 52 48 0 46 0 51 50 0 61 54 59 56 53 57 58 55 0 34 27 32 0 0 0 0 30 28 0 0 0 0 0 0 0 74 76 
0 0 75 0 78 74 73 0 0 0 81 0 0 0 0 3 0 4 9 0 13 0 12 8 15 14 11 0 60 0 57 58 0 0 54 53 27 29 28 30 0 34 33 0 0 35 0 39 36 37 0 42 0 0 52 45 0 47 44 48 49 46 0 25 18 23 0 17 24 22 21 19 0 66 0 64 70 0 0 0 67 
49 0 0 50 0 0 46 0 0 56 54 0 61 55 60 0 0 58 0 0 0 0 66 0 69 68 65 28 33 32 0 31 0 0 27 0 0 2 1 3 5 7 6 0 80 0 16 0 0 0 0 0 14 11 0 18 23 20 17 21 0 19 0 79 72 77 74 0 0 76 0 0 0 39 0 37 43 42 0 38 0 
13 0 12 14 0 11 10 0 0 20 0 0 25 0 24 21 23 0 0 28 31 34 0 0 0 0 29 73 78 77 75 76 74 0 72 71 45 47 0 48 0 52 51 49 44 53 0 0 54 55 58 60 0 0 0 63 0 65 62 0 67 64 0 43 36 41 0 35 42 0 39 37 0 3 5 1 0 0 0 0 0 
58 53 0 0 60 56 0 0 54 65 0 62 70 0 0 0 0 0 0 0 0 79 75 71 78 0 74 37 42 0 0 0 0 43 0 35 9 11 10 0 0 16 15 0 0 17 25 21 18 0 0 24 0 0 0 27 32 0 0 30 0 28 33 0 81 5 2 0 0 0 0 1 45 48 50 46 0 0 44 47 49 
31 0 0 0 33 29 0 0 27 38 36 35 43 37 42 0 41 0 45 46 49 52 48 44 0 50 0 10 15 14 12 0 0 0 9 8 63 65 0 0 68 70 69 0 62 71 0 0 72 73 0 78 77 0 7 81 5 2 0 3 4 0 0 0 0 59 56 53 60 58 0 0 0 21 0 0 0 0 17 20 22 
40 35 39 0 42 38 37 43 36 47 0 44 52 0 0 48 50 49 0 0 58 61 0 53 0 0 0 19 0 0 0 0 0 0 0 17 72 74 73 75 77 79 78 76 71 0 7 3 0 1 0 0 5 0 16 0 0 0 0 12 13 10 15 0 63 68 65 62 69 67 66 64 27 30 32 0 0 0 26 29 31 
22 17 21 23 0 20 19 25 0 0 0 26 0 0 0 30 32 0 0 37 40 43 0 0 42 41 0 1 0 5 0 4 0 0 81 80 0 56 55 0 59 0 0 58 53 0 70 66 63 64 0 69 68 65 79 72 77 0 0 75 76 73 78 52 0 50 0 44 0 49 48 46 0 0 0 0 16 15 0 11 13 
67 0 66 0 0 65 64 0 63 74 72 71 79 73 0 0 77 0 81 0 4 0 0 0 6 5 0 46 51 0 48 0 0 52 0 44 0 20 19 21 0 25 24 0 17 26 0 30 0 28 31 33 32 0 0 36 0 38 35 39 0 0 42 0 9 0 11 0 15 13 12 10 54 0 0 55 0 60 53 0 0 
0 0 0 27 28 24 23 0 22 33 0 30 38 32 0 0 36 35 40 41 44 0 43 0 46 0 42 0 10 0 7 8 0 0 0 3 0 60 59 61 0 65 64 62 57 66 0 70 0 0 71 0 72 69 0 0 0 78 0 0 0 0 1 56 0 0 0 48 55 0 52 50 0 0 0 0 0 19 12 15 0 
0 0 7 0 0 0 5 11 0 15 13 12 0 14 19 16 18 17 0 23 26 29 25 21 28 0 0 68 73 72 0 0 0 74 0 0 0 0 0 0 0 0 0 44 39 48 56 0 0 0 0 55 0 51 65 58 0 0 57 0 0 0 0 0 31 36 0 0 0 0 34 0 76 0 81 0 2 0 75 0 80 
62 0 61 0 64 60 59 0 0 69 0 0 0 68 0 70 72 71 76 77 80 2 79 75 1 0 0 41 46 0 43 0 42 47 0 39 13 15 0 0 18 20 19 17 12 21 0 0 22 0 26 28 27 24 38 0 0 0 30 34 0 32 37 11 4 0 6 0 0 8 0 5 49 52 54 0 56 55 48 0 53 
53 0 52 54 55 51 0 56 49 60 0 57 0 59 0 0 63 62 67 68 0 0 70 66 0 0 0 32 37 36 0 35 0 38 0 30 0 0 0 0 0 0 0 0 0 0 20 0 13 14 17 0 0 0 29 22 27 24 21 25 0 23 0 0 76 81 78 0 0 80 0 77 0 0 0 0 47 46 39 42 0 
0 66 70 0 0 69 68 74 67 78 76 75 2 77 0 79 81 0 0 0 8 11 0 0 10 9 6 50 55 54 0 53 0 0 49 0 22 0 0 25 27 0 0 0 21 30 38 34 0 32 0 37 36 0 0 0 45 42 39 43 44 0 0 20 13 18 15 0 19 0 16 14 58 0 63 59 65 64 0 0 62 
35 30 34 36 37 0 32 38 0 42 40 0 47 41 46 0 45 0 0 50 0 0 0 0 55 54 51 14 19 18 16 0 15 20 0 0 67 69 0 70 72 74 0 0 0 0 2 79 0 0 0 1 81 0 0 4 0 0 3 7 0 0 10 65 0 0 60 57 64 0 61 0 0 0 0 23 0 28 21 0 26 
44 0 0 45 46 42 41 0 0 51 0 0 0 50 55 52 54 53 58 0 62 0 0 57 64 0 60 23 28 27 25 26 0 29 0 21 0 0 77 0 0 0 1 80 75 0 0 0 4 0 0 10 0 0 20 13 18 15 12 0 17 14 19 74 67 0 0 66 73 71 70 0 31 0 0 0 38 37 0 0 0 
0 75 0 81 0 0 77 0 0 6 0 3 0 5 10 0 0 0 13 14 17 20 16 0 19 18 15 59 64 0 61 0 0 65 0 57 31 0 0 34 36 38 37 0 30 0 0 43 40 41 44 0 45 0 56 49 54 51 48 52 0 0 0 29 0 0 24 21 28 26 25 23 67 70 72 0 74 73 0 69 0 
17 12 16 0 0 0 14 20 13 24 0 21 29 0 28 25 27 26 31 0 0 38 0 30 37 0 33 77 1 81 79 80 0 2 0 75 49 0 50 52 54 0 55 53 48 57 65 61 58 59 62 0 0 60 74 0 0 69 66 70 71 68 73 47 40 45 42 0 0 0 0 41 0 0 0 0 0 0 3 0 0 
0 0 0 0 58 0 53 0 52 0 61 60 68 0 0 0 66 0 70 0 0 0 0 0 0 0 0 0 0 0 37 38 36 41 34 33 7 0 0 10 12 0 0 11 0 0 0 0 16 17 20 22 21 18 0 0 0 0 24 28 29 0 31 0 79 3 0 78 0 0 1 80 43 46 0 44 0 49 42 0 47 
0 69 73 75 0 72 0 0 0 81 0 78 5 0 4 1 3 2 7 8 0 14 10 6 13 0 0 0 58 57 55 56 0 59 52 0 25 27 0 0 0 0 0 29 24 33 0 0 34 0 0 0 39 36 50 43 48 45 42 0 0 0 49 0 0 21 0 0 0 20 19 0 61 0 0 0 68 67 0 0 0 
20 0 19 0 0 0 17 0 16 27 25 24 32 26 31 28 0 0 34 0 0 41 0 0 0 39 36 80 0 3 1 0 0 5 79 78 52 54 53 0 0 59 0 56 0 0 0 0 61 62 65 67 66 0 77 70 0 72 0 0 0 0 76 50 0 48 0 42 49 47 0 0 7 0 0 8 0 0 0 9 11 
65 0 64 66 67 63 0 68 0 72 0 69 77 71 0 0 0 74 0 0 0 5 0 0 4 3 81 44 49 0 0 0 0 0 0 42 16 18 17 19 0 0 0 20 15 24 0 0 25 26 29 31 30 0 0 0 39 0 0 37 0 35 0 14 0 12 0 6 0 11 10 8 52 55 57 53 0 0 51 54 56 
47 42 46 48 0 45 0 0 43 54 52 51 59 53 0 0 0 56 0 0 65 68 64 0 0 0 0 26 31 0 0 29 0 32 25 24 0 81 80 0 0 5 0 2 0 6 14 10 7 8 0 13 0 0 0 16 21 18 15 19 0 0 0 77 70 75 72 69 76 74 0 71 0 37 39 35 41 40 33 36 38 
0 24 0 30 31 27 26 32 25 36 0 0 0 35 0 37 39 0 0 44 47 50 46 0 49 48 45 0 13 12 10 11 0 14 0 6 61 0 0 64 66 68 67 65 60 0 77 0 70 71 74 0 75 72 5 79 3 0 0 1 0 0 4 59 0 0 54 0 0 56 55 0 16 0 0 0 23 22 15 18 20 
11 6 10 12 0 9 8 0 0 18 0 0 0 0 22 0 21 20 25 0 29 0 0 0 0 30 27 0 76 75 0 0 72 0 0 69 0 45 0 0 48 0 0 47 42 51 59 55 0 53 0 58 57 54 0 61 66 0 0 64 65 0 0 41 34 0 0 33 40 38 37 35 79 1 3 0 5 0 78 81 2 
2 78 1 0 4 0 80 0 79 9 0 0 14 8 13 0 0 11 16 17 0 23 19 15 0 0 18 62 67 66 0 65 63 68 61 60 0 0 0 0 0 0 40 38 0 42 50 46 0 0 47 49 0 0 59 52 57 54 51 55 0 53 0 0 25 30 0 0 0 0 0 0 70 73 0 71 0 76 0 72 74 
38 33 0 39 40 36 0 41 34 45 0 0 0 0 0 0 0 47 0 53 0 59 0 51 58 57 0 17 22 21 19 20 0 23 16 0 70 72 71 73 75 77 76 0 0 78 0 1 0 0 2 4 3 0 0 0 0 9 6 10 11 8 13 68 0 66 0 0 67 65 0 62 25 28 30 26 0 31 24 0 0 
70 65 0 0 0 68 0 0 0 77 0 74 1 0 0 78 80 0 0 4 7 0 6 0 0 8 0 0 54 0 51 0 0 55 48 47 0 23 0 0 26 0 27 25 20 0 37 33 0 0 0 36 0 0 46 39 44 41 38 0 43 40 45 19 12 17 14 11 18 16 0 13 57 0 0 58 64 63 0 59 0 
52 47 51 53 54 0 49 0 48 0 57 56 64 58 63 60 62 61 66 67 0 73 0 0 0 0 68 31 0 0 33 0 0 37 0 0 3 5 4 6 8 0 0 0 0 11 0 15 0 13 16 18 0 14 28 21 0 0 20 24 25 22 27 1 0 80 77 0 0 0 78 0 0 0 0 40 0 45 0 0 0 
16 11 15 17 18 0 13 0 12 0 0 0 28 0 27 24 0 25 30 0 0 37 0 29 0 35 32 0 81 80 78 0 0 1 75 74 48 50 49 51 0 55 54 52 47 0 0 60 0 58 0 0 62 0 73 66 0 0 0 69 0 67 0 0 39 44 0 38 0 43 42 40 0 6 8 0 10 0 2 5 0 
0 0 42 0 45 41 40 46 39 50 48 47 55 49 54 51 53 0 57 58 61 0 60 0 63 62 59 22 27 0 0 0 0 28 21 20 75 0 0 78 80 1 81 79 74 2 10 6 3 4 7 9 0 0 0 12 0 0 11 0 16 13 18 0 66 0 0 65 0 70 69 67 0 33 35 0 37 36 0 0 0 
7 0 0 8 9 5 4 10 0 14 12 0 19 13 18 15 17 16 21 22 25 28 24 0 27 26 23 0 0 71 0 70 68 73 66 65 39 41 40 42 0 46 45 0 38 47 55 51 0 0 52 0 53 50 0 57 0 59 56 60 61 58 63 0 30 35 0 0 36 34 0 0 0 0 0 76 0 81 74 77 0 
79 0 0 80 81 77 76 1 75 5 3 2 10 4 0 6 8 7 12 13 0 19 15 11 18 17 0 0 63 62 0 61 0 64 0 56 0 32 0 0 35 37 36 0 0 0 46 0 39 0 0 45 44 0 55 48 0 0 47 51 52 0 0 28 0 26 0 20 27 0 24 22 66 69 71 67 73 0 65 68 70 
25 20 24 26 27 23 0 28 0 0 0 0 0 0 0 33 0 34 0 40 43 46 42 38 45 0 0 4 9 8 6 0 0 0 3 2 0 59 58 60 62 0 0 0 56 65 73 69 66 67 0 72 0 0 1 75 0 77 0 78 0 76 0 0 0 0 0 0 54 0 51 0 0 0 0 13 19 0 11 14 0 
0 0 60 0 63 59 0 0 57 0 66 65 0 67 72 69 71 0 0 76 0 1 78 0 81 0 77 40 45 44 42 0 41 0 39 38 0 0 0 15 17 19 0 16 11 20 28 24 21 22 0 0 26 0 0 30 35 32 0 33 0 31 36 10 0 0 5 0 0 0 0 0 0 51 53 49 0 54 47 50 0 
34 29 33 35 36 32 31 0 0 41 39 38 0 0 45 42 44 43 48 0 52 55 0 47 54 0 0 0 18 17 15 16 0 0 0 11 0 68 67 0 0 0 72 0 65 0 0 0 75 76 0 81 80 0 10 0 8 0 2 6 7 0 0 64 57 0 0 56 63 61 0 58 0 0 26 22 28 27 0 23 25 
0 0 0 0 0 53 52 58 0 62 0 0 67 61 66 0 65 64 0 0 73 0 72 68 0 74 71 34 39 38 36 37 35 40 0 32 6 8 7 9 11 13 12 10 5 14 22 18 15 16 19 0 20 0 31 0 29 0 0 27 28 0 30 4 0 2 0 77 3 0 0 79 0 45 47 43 49 0 41 0 46 
19 14 18 0 21 17 0 0 15 26 0 0 0 25 30 27 29 28 0 0 37 40 0 32 0 38 35 0 3 2 0 1 0 0 78 0 51 0 52 54 0 0 57 55 0 0 0 63 60 61 64 66 65 62 0 69 0 0 68 0 0 70 75 49 0 0 0 0 0 46 45 0 0 0 0 0 0 12 0 8 0 
46 41 45 47 0 44 43 49 42 0 0 0 0 52 57 54 56 55 0 61 64 67 63 0 66 65 62 25 30 0 27 0 0 31 0 0 78 0 0 81 2 0 0 0 77 5 13 0 6 0 10 0 0 8 0 0 20 0 14 18 0 16 21 0 0 74 0 68 0 73 0 70 0 36 38 34 40 39 32 0 0 
0 0 0 0 75 71 0 76 69 0 78 77 4 79 3 81 2 0 0 0 0 13 9 5 0 11 8 0 0 0 54 0 53 0 0 0 0 26 25 27 0 31 30 28 0 0 0 0 33 34 0 0 0 35 0 42 47 0 41 45 0 0 48 22 15 20 17 0 0 0 0 16 60 63 65 61 67 0 0 0 0 
64 59 63 65 0 62 0 67 60 71 0 0 0 70 0 72 74 73 0 79 1 4 0 77 3 0 80 43 48 47 45 46 0 49 0 41 15 17 0 18 20 22 21 19 14 23 0 0 24 25 28 0 0 26 40 33 0 35 0 0 37 34 0 0 0 11 8 5 12 10 9 0 51 0 0 52 58 0 50 53 0 
28 23 0 29 30 26 0 0 24 0 0 0 0 0 0 36 38 0 42 0 46 49 45 41 0 0 44 0 12 11 0 0 8 0 0 5 60 62 61 0 0 67 0 0 59 0 76 72 69 70 0 0 0 71 0 78 2 80 0 0 0 79 3 0 51 56 53 50 57 55 54 52 15 18 20 16 0 21 0 0 0 
0 77 0 0 0 0 79 0 78 8 0 5 0 7 0 0 0 0 15 16 19 22 18 0 21 20 17 61 0 0 63 0 62 67 0 59 33 35 34 0 0 40 39 37 0 0 49 45 42 43 0 0 47 0 0 0 0 0 0 54 0 52 0 0 24 29 26 23 30 0 27 0 0 72 0 70 76 75 68 71 73 
0 32 36 38 39 35 0 40 0 0 42 0 49 0 48 0 0 0 51 52 55 58 54 50 0 0 0 16 21 20 0 19 0 22 0 0 0 71 70 72 74 0 0 0 0 0 4 81 78 79 1 0 2 80 13 6 11 8 5 0 10 7 0 67 60 0 62 59 66 64 63 61 0 27 0 25 31 30 23 26 28 
0 5 9 11 12 0 0 13 6 17 0 14 22 0 21 18 20 19 24 25 28 0 0 0 0 0 0 0 75 74 0 0 71 76 69 0 0 44 43 0 47 49 48 0 41 0 58 54 51 0 0 57 56 0 0 60 0 62 59 63 64 61 0 40 0 38 35 32 39 0 36 0 78 81 2 0 0 3 77 80 1 
0 79 2 4 0 0 0 6 80 10 8 7 0 9 0 11 0 12 0 18 21 0 20 16 0 22 19 63 68 67 0 66 64 69 62 61 0 0 0 0 0 42 41 39 34 43 51 0 44 0 48 50 0 46 0 53 0 55 52 0 0 54 59 0 0 31 28 25 32 30 29 0 71 0 76 0 78 77 70 73 75 
66 61 65 0 68 64 0 69 62 73 71 70 0 0 77 0 0 0 0 0 0 0 0 0 5 0 0 0 0 49 47 48 46 51 44 0 17 19 18 20 22 24 0 0 16 0 33 0 0 27 30 32 0 28 0 35 0 37 34 0 0 36 41 0 8 0 0 7 0 0 11 9 0 56 58 54 60 59 0 55 57 
12 7 11 13 14 10 9 0 8 19 17 16 24 0 0 20 22 0 0 0 0 0 0 25 32 31 28 0 0 76 0 0 73 78 0 70 0 46 45 0 0 0 0 48 43 0 60 56 53 54 57 0 58 55 69 0 67 64 61 65 66 63 68 0 35 0 0 0 0 0 38 0 0 2 4 81 0 5 79 1 0 
0 25 29 31 0 28 27 0 26 0 35 34 42 0 0 0 40 39 44 0 0 0 0 43 0 49 46 9 0 13 11 0 10 15 8 0 62 0 0 0 67 0 0 66 61 0 78 0 71 72 75 77 76 0 6 0 4 1 79 0 3 81 0 0 53 58 0 0 59 0 56 54 17 0 0 18 24 23 16 19 21 
39 34 38 0 41 37 0 42 35 46 44 0 51 0 50 0 0 48 53 54 57 60 56 0 0 58 0 18 0 0 0 21 0 0 17 16 71 0 0 74 76 78 0 75 0 0 0 2 80 81 3 5 0 1 15 8 0 0 7 11 0 9 14 0 62 67 64 61 68 0 65 63 0 29 31 0 0 32 0 28 0 
75 70 0 76 77 0 0 0 0 0 0 79 6 81 5 0 4 3 8 0 12 15 0 7 0 13 0 0 59 0 56 57 55 60 0 52 26 28 27 29 31 0 32 30 0 34 42 38 35 36 39 41 40 0 0 44 49 46 43 0 48 0 50 0 17 0 0 0 0 21 0 0 62 65 67 63 0 68 0 0 66 
21 16 0 0 23 19 18 0 17 0 26 25 33 27 32 29 0 30 35 36 0 42 38 34 41 0 37 81 5 4 2 0 0 6 80 79 53 0 54 56 58 60 59 57 0 61 0 65 62 63 66 68 0 0 78 71 76 0 0 0 75 0 77 51 44 49 46 0 50 48 47 45 8 0 0 0 0 14 0 10 0 
48 43 0 49 0 0 0 51 0 55 53 0 60 54 0 56 0 0 62 63 0 69 0 61 68 67 64 27 0 0 29 0 28 33 0 25 0 0 81 0 4 6 5 0 0 7 15 11 8 0 12 14 13 10 24 17 0 19 16 0 21 18 0 78 0 76 0 0 0 0 0 72 35 0 40 36 42 41 0 37 39 
0 0 56 0 59 0 54 60 53 64 0 0 0 63 68 0 67 66 71 0 0 78 74 70 0 0 0 36 0 40 38 39 37 42 0 34 0 10 0 11 0 15 0 12 7 0 24 20 0 0 21 0 0 19 33 26 31 28 25 0 0 27 32 6 0 4 0 0 5 0 0 81 0 47 49 45 51 50 43 0 48 
5 81 4 6 7 3 2 8 0 0 0 9 17 11 16 13 15 0 19 20 0 0 22 18 25 0 21 65 70 69 67 68 66 0 0 63 37 39 38 0 0 44 0 0 36 45 53 49 46 0 50 52 51 48 62 0 60 0 0 58 0 0 61 35 28 0 0 0 34 32 0 0 0 0 78 74 80 79 0 75 0 
14 9 0 15 16 12 11 17 0 21 19 0 26 0 0 0 24 23 0 29 32 0 0 27 0 0 30 74 0 78 76 77 75 80 73 72 46 48 47 0 0 53 0 50 45 0 62 58 0 0 59 61 0 0 0 0 69 66 63 67 0 65 0 0 37 42 39 36 43 41 0 0 1 0 6 0 8 7 0 3 5 
59 54 58 0 61 57 56 0 55 0 64 0 71 0 70 67 69 68 0 0 77 0 76 0 79 78 75 38 0 42 40 41 39 44 0 36 0 12 11 13 15 0 0 14 9 18 0 22 19 0 23 25 24 21 0 0 33 30 0 31 32 29 34 8 0 0 3 81 7 5 0 0 46 49 0 0 53 52 45 0 0 
41 36 40 0 43 39 38 44 37 0 46 0 53 47 0 0 0 0 55 56 59 62 0 54 61 60 0 0 25 24 22 0 21 26 19 0 73 75 0 76 78 80 79 0 0 81 0 0 1 0 0 7 6 0 0 10 15 0 9 13 0 11 16 71 0 69 66 63 70 0 67 65 28 31 0 0 0 0 27 30 32 
0 0 0 0 0 0 65 71 64 0 73 72 80 74 79 0 78 77 0 2 5 8 4 81 7 0 3 0 52 0 49 50 48 0 46 45 0 21 20 22 0 0 0 0 0 27 0 31 0 29 0 0 0 30 0 37 42 39 0 40 41 0 43 17 10 0 12 0 0 0 13 11 0 0 0 0 0 0 0 57 59 
0 18 22 24 25 21 20 0 19 0 28 27 35 0 0 0 0 32 0 38 41 0 0 36 0 42 39 2 0 0 4 0 3 8 1 81 0 57 56 0 0 62 61 0 0 63 71 67 64 0 68 70 69 66 80 0 0 75 72 0 0 74 0 53 46 51 0 45 0 0 49 47 10 13 0 0 0 0 0 12 14 
0 0 49 51 0 48 47 53 46 57 55 54 0 56 61 0 0 59 64 0 68 0 67 0 0 0 66 29 0 33 31 32 30 0 0 27 1 0 0 4 0 8 0 5 81 0 17 13 10 0 0 16 15 12 0 19 24 21 18 22 23 0 0 80 0 78 0 0 79 77 76 74 37 40 42 38 44 0 36 39 41 
0 72 76 0 0 75 0 80 0 0 1 0 8 2 7 0 0 5 10 11 0 17 13 0 16 15 0 56 61 60 58 59 0 62 0 54 0 0 29 31 33 35 0 32 27 0 44 0 37 0 0 43 42 39 0 46 51 48 45 49 50 0 0 26 19 0 0 0 25 23 0 0 0 0 69 65 0 0 63 0 68 
32 27 0 33 0 30 0 0 28 39 37 36 44 38 43 40 42 0 46 47 50 0 0 45 0 51 48 11 0 0 13 0 12 17 0 9 64 66 0 0 69 0 0 0 63 72 0 0 73 74 0 0 78 75 0 1 6 3 0 4 5 2 0 0 55 60 0 54 61 0 0 56 19 22 24 0 0 0 18 21 0 
