9
0 0 0 0 73 75 76 80 0 0 0 67 65 66 0 64 68 0 0 56 59 0 57 54 0 61 58 38 0 0 40 41 39 36 0 0 6 3 8 81 0 5 2 0 0 0 23 22 0 19 0 21 25 26 32 34 28 0 31 33 0 35 30 0 0 0 0 0 10 15 13 14 50 49 48 52 47 0 0 45 53 
0 42 36 38 0 39 40 44 41 27 0 31 0 30 35 28 32 0 24 0 23 0 0 0 0 25 22 2 0 6 4 5 3 81 1 8 51 48 0 45 0 50 47 0 46 65 68 67 0 64 0 0 0 0 0 79 0 72 76 0 74 80 75 56 54 61 57 62 55 0 58 59 14 13 12 0 11 15 10 9 17 
0 0 63 0 64 66 67 0 68 0 0 58 0 57 0 0 0 61 51 0 0 46 48 45 0 52 0 29 34 33 31 0 0 0 28 0 78 75 0 72 79 77 74 76 73 0 14 13 9 10 15 0 16 17 23 0 0 0 0 24 20 0 21 0 81 7 0 0 0 0 0 0 41 40 0 0 38 0 37 0 0 
25 24 18 20 19 21 22 0 23 0 0 13 0 12 17 10 14 16 6 0 5 0 0 0 8 7 0 65 70 69 67 68 0 63 64 0 33 0 0 27 34 32 29 31 28 0 50 49 0 46 0 0 52 53 59 0 55 0 58 0 56 62 57 0 36 43 39 44 0 0 40 0 77 76 75 0 74 0 73 0 80 
34 0 27 29 28 30 31 0 0 18 0 22 0 21 0 0 0 0 15 0 14 0 12 9 17 16 13 0 79 0 76 0 75 0 0 0 0 0 44 36 0 41 38 0 37 56 0 0 54 0 0 0 61 0 68 0 64 0 67 0 65 71 0 0 45 52 0 0 0 51 49 0 0 4 3 7 0 6 0 0 0 
7 6 81 0 0 0 0 8 5 0 0 0 74 75 80 0 77 0 69 65 0 0 0 0 71 0 0 0 52 51 0 50 48 45 0 53 0 0 17 9 16 14 11 13 10 29 0 0 27 28 33 30 34 0 41 43 0 36 0 0 0 0 39 20 0 25 0 0 19 24 0 0 59 0 57 0 0 0 0 54 62 
0 15 9 11 0 12 13 0 14 0 6 4 0 0 0 0 5 0 78 0 77 73 0 72 80 0 76 56 61 60 58 59 57 54 0 62 24 21 26 0 25 23 0 0 19 0 0 40 36 0 42 39 0 44 50 52 46 45 49 51 47 53 0 0 27 34 30 0 28 33 31 32 0 67 0 70 65 69 0 0 0 
0 0 45 0 46 48 0 53 50 0 42 40 0 0 44 37 41 43 0 0 0 28 0 0 35 0 31 0 16 0 0 0 0 9 10 0 0 57 62 54 61 59 56 58 0 74 0 76 0 0 0 0 0 80 5 0 1 81 4 6 2 8 3 0 63 70 66 0 64 69 0 68 23 0 21 0 20 24 0 18 26 
0 60 54 56 0 57 58 0 0 45 51 49 47 48 53 46 50 0 42 0 41 0 0 36 44 43 0 20 0 0 22 23 21 18 0 0 69 66 71 63 0 0 65 0 64 2 0 0 0 0 0 3 0 0 14 16 10 0 0 0 0 17 12 74 72 79 75 80 73 0 76 77 32 0 0 34 29 0 0 0 0 
57 0 0 52 51 53 54 58 0 41 0 0 0 0 49 42 46 0 38 34 0 33 0 32 40 39 36 0 21 20 0 19 17 14 15 22 65 0 0 0 66 0 61 0 60 79 0 0 0 0 2 0 3 4 0 12 0 5 0 11 7 13 8 0 0 75 71 76 0 0 0 73 28 27 26 30 25 29 24 23 0 
0 0 59 61 0 62 63 67 64 0 56 54 52 53 0 51 0 0 0 0 46 42 44 0 49 0 0 25 0 29 0 28 26 0 24 0 74 71 0 0 75 0 0 0 0 7 10 0 5 6 11 8 12 0 19 21 0 14 0 20 16 0 0 0 0 3 80 4 78 0 81 1 0 0 0 0 34 38 0 32 0 
0 2 0 79 78 0 81 4 0 0 74 72 70 71 0 0 73 0 65 61 64 0 62 0 67 0 63 43 48 47 45 0 0 0 42 49 0 8 13 5 12 0 7 0 0 0 28 27 23 0 29 0 30 31 0 39 33 32 0 38 34 40 35 16 0 21 0 22 0 20 18 0 0 54 53 0 0 56 0 50 58 
30 0 23 25 0 26 27 31 28 14 0 0 0 17 0 0 19 0 11 7 10 6 0 5 0 12 9 70 0 0 0 0 71 0 69 0 0 35 40 0 0 37 34 0 33 52 55 54 50 51 0 0 57 58 64 66 0 0 0 0 0 0 62 43 0 0 44 49 42 47 0 46 1 81 0 3 79 0 78 0 4 
48 0 41 0 42 44 0 0 46 32 0 36 34 0 0 33 37 39 29 25 28 24 26 23 31 0 0 7 0 11 9 0 0 0 0 13 56 0 58 0 57 55 52 54 51 70 73 0 68 0 74 71 75 0 0 3 78 0 81 2 79 0 80 0 59 66 0 0 60 0 63 0 0 18 17 0 0 0 0 14 0 
12 11 5 0 0 0 9 0 10 77 2 0 79 80 0 78 0 3 0 70 0 69 0 0 76 0 0 52 57 56 0 55 53 50 0 0 20 0 22 14 21 0 0 18 0 0 37 36 0 0 38 35 0 0 46 48 42 41 0 47 43 49 0 0 0 0 26 31 0 0 27 28 64 63 62 0 0 0 0 0 67 
75 74 0 0 69 0 0 0 73 59 65 63 0 62 0 0 0 66 56 52 55 51 0 50 0 57 0 0 0 38 0 0 35 0 0 40 0 0 0 77 0 0 79 0 0 16 19 0 14 15 20 17 21 0 0 30 24 0 27 29 0 0 26 0 5 12 0 13 0 11 9 10 0 0 0 0 0 0 42 41 49 
21 20 14 0 15 0 18 22 19 0 11 9 0 8 0 6 0 12 2 0 1 0 80 77 0 3 0 61 66 65 63 0 62 59 60 0 0 26 0 0 0 0 0 27 0 43 46 45 0 0 47 44 0 49 55 0 0 0 54 56 0 0 53 34 32 0 35 40 33 0 36 37 73 72 71 0 70 74 0 68 76 
0 38 0 0 33 35 0 40 37 23 29 27 25 0 0 24 28 0 20 0 0 15 17 14 0 21 18 79 3 2 81 0 80 0 0 0 0 44 49 0 48 0 43 0 42 0 0 63 0 0 65 62 0 0 73 75 0 68 72 0 0 0 0 0 0 0 53 58 0 56 0 0 10 0 8 12 7 11 6 0 13 
0 54 48 50 49 51 0 56 0 0 0 0 0 42 47 40 44 0 36 0 0 31 33 30 38 0 34 0 0 18 0 17 15 12 13 20 0 0 65 57 64 62 59 0 58 0 0 0 75 0 0 0 1 0 0 10 4 3 0 0 5 0 6 68 66 73 0 74 67 72 70 71 26 25 0 0 0 27 0 0 29 
73 72 66 0 0 0 70 74 71 57 0 0 59 60 65 58 62 0 0 0 0 49 51 48 56 0 52 32 0 36 34 35 0 30 0 0 81 0 2 0 0 0 77 79 0 14 0 16 0 13 18 15 0 20 26 28 22 21 25 27 0 29 0 5 3 10 0 11 0 9 0 0 44 43 0 0 41 45 40 39 0 
1 0 75 0 76 0 79 2 80 66 72 70 68 69 74 0 0 0 63 59 62 0 60 0 65 64 0 41 0 0 0 0 0 39 40 47 0 6 11 3 0 8 5 7 0 23 0 0 0 0 0 24 28 0 0 37 31 30 0 36 32 38 0 14 0 0 0 0 13 0 16 0 53 52 0 0 50 54 49 0 0 
0 36 30 32 31 33 34 0 0 21 0 25 23 24 0 22 26 0 18 14 17 0 0 12 20 0 16 77 1 81 79 80 78 0 0 0 45 0 47 39 46 44 41 43 40 0 62 61 57 58 0 0 0 0 71 73 67 66 70 0 68 74 0 0 48 0 51 0 0 0 0 0 8 7 6 0 5 9 0 3 11 
64 63 57 59 58 60 0 65 62 48 0 52 0 0 0 49 0 0 45 41 44 0 42 0 47 46 43 23 28 27 25 26 0 0 22 29 0 69 74 66 73 71 0 70 0 5 0 7 3 0 9 6 10 11 17 0 13 12 16 18 0 20 15 77 75 0 78 2 0 81 79 80 0 34 33 37 0 36 0 30 0 
0 27 21 23 0 24 25 29 0 12 0 16 14 15 0 0 0 0 0 0 0 4 6 3 11 0 7 68 73 72 0 71 69 66 0 74 0 0 0 30 0 0 32 34 31 50 0 52 48 49 54 51 55 56 62 64 0 0 61 63 0 0 60 0 39 46 42 47 40 0 43 0 80 79 0 0 77 81 0 75 2 
19 18 12 14 0 15 16 0 17 3 0 0 5 6 11 0 0 0 81 77 80 76 0 0 2 0 79 0 0 63 61 62 60 57 58 65 0 24 0 21 28 26 23 25 0 0 0 43 0 0 45 42 0 47 53 55 0 48 52 54 50 56 51 0 30 0 33 38 31 36 34 35 71 70 0 0 0 72 67 66 74 
0 0 0 41 40 42 43 0 0 30 36 34 32 0 0 0 0 0 27 0 26 22 0 21 0 0 25 5 0 9 0 0 6 0 0 0 54 51 56 48 55 53 50 52 49 68 0 70 0 0 0 69 73 74 80 1 76 75 79 0 0 2 78 59 57 0 60 0 58 63 61 62 17 0 15 0 14 0 13 12 20 
10 9 3 0 0 0 7 11 8 75 0 79 0 0 2 76 80 1 0 68 71 67 69 0 74 0 70 0 0 54 0 53 0 48 49 0 0 0 20 12 19 17 14 16 13 0 35 0 0 0 36 33 0 38 44 46 0 0 43 0 0 47 0 0 21 0 0 0 0 27 25 0 62 0 0 64 0 63 58 0 65 
29 0 22 0 23 25 0 30 0 13 19 0 15 0 21 14 0 20 0 6 9 5 7 4 12 11 0 0 74 73 0 72 70 67 0 75 37 34 39 31 38 0 33 35 0 51 54 53 49 50 55 0 0 57 0 65 0 58 0 64 60 66 61 0 40 47 43 48 0 0 44 45 81 0 79 2 78 1 0 76 3 
47 46 0 0 41 0 44 48 45 31 37 35 33 34 0 32 36 38 0 24 27 23 25 0 30 0 26 0 11 10 8 9 0 0 5 12 0 52 0 49 56 54 51 0 50 69 72 71 67 0 73 0 74 0 81 2 77 0 0 0 78 3 79 0 58 65 0 0 59 64 62 63 0 17 16 20 15 19 14 0 0 
56 0 49 51 0 52 0 0 54 40 46 44 42 43 0 41 45 47 0 0 0 0 0 31 39 0 35 0 20 19 0 18 16 13 14 21 0 0 66 58 0 63 60 0 59 78 81 80 0 77 1 0 0 3 9 11 0 4 0 10 0 12 0 0 67 0 70 75 68 0 71 72 27 0 25 29 24 28 23 0 30 
2 1 0 78 77 79 80 0 0 0 73 71 69 0 0 68 72 0 64 60 63 59 61 58 66 65 62 42 47 0 0 45 43 0 41 0 0 7 0 4 0 9 6 8 5 24 27 26 0 23 0 0 0 0 0 38 0 31 0 0 33 0 0 15 0 20 16 21 0 0 0 0 0 0 52 56 0 0 0 0 0 
20 19 0 0 0 16 17 21 18 4 10 0 0 0 12 0 9 11 0 0 81 77 0 76 0 0 80 0 65 0 62 0 61 0 59 66 0 25 30 0 29 0 24 0 23 42 0 44 0 0 46 0 0 0 54 0 50 0 53 55 51 0 0 0 31 0 34 0 32 0 35 36 0 71 70 0 69 73 68 67 0 
74 73 67 69 0 0 71 0 72 0 0 62 60 61 66 59 0 0 0 51 0 50 52 0 57 56 53 33 38 37 35 0 34 0 0 39 1 0 3 76 2 0 78 0 77 0 18 17 13 0 19 16 0 21 27 0 23 0 0 28 0 30 0 6 0 11 7 12 0 0 8 9 45 0 43 47 0 46 0 40 0 
38 0 31 33 32 34 35 0 36 0 0 0 24 0 30 23 27 29 0 15 0 0 0 13 21 0 17 78 2 1 0 81 79 0 77 3 46 43 48 0 0 45 0 0 41 60 0 0 0 59 64 61 0 66 72 74 68 0 71 0 69 75 70 51 49 0 0 0 50 55 0 0 9 8 7 11 6 10 0 4 0 
0 0 58 0 0 61 0 0 63 0 0 53 0 52 0 50 54 56 46 42 45 41 43 40 48 47 0 24 0 0 26 27 25 22 23 0 73 70 0 67 0 0 69 71 0 6 9 0 4 0 0 7 0 12 0 0 14 0 17 19 15 21 16 0 0 2 79 0 77 0 80 0 36 0 0 38 0 37 0 31 0 
0 10 4 6 0 7 8 12 9 76 1 80 78 79 3 77 81 2 0 69 72 68 0 67 75 0 71 0 56 0 53 54 52 0 0 0 19 16 21 13 20 18 0 0 0 0 36 35 31 0 37 0 38 39 0 47 41 40 44 46 42 0 43 0 22 29 0 30 23 0 0 27 63 62 0 0 0 64 59 0 0 
27 0 20 0 21 0 24 0 0 11 17 0 13 14 19 0 16 18 0 0 0 3 0 0 10 9 0 0 0 71 69 70 68 0 66 73 0 0 37 0 36 0 31 33 30 49 0 51 0 0 53 0 54 55 61 63 57 0 60 0 0 0 59 0 38 45 0 46 39 0 0 43 79 78 77 0 76 0 75 74 1 
36 0 0 31 30 32 33 0 34 20 0 0 0 23 0 0 25 27 17 13 16 12 0 0 0 18 15 76 0 80 78 79 77 74 0 1 44 0 0 0 45 43 40 0 39 58 0 0 56 57 0 0 0 64 70 72 66 65 69 71 0 73 68 0 47 54 50 0 48 53 51 52 7 6 5 0 4 8 0 2 10 
81 80 0 0 75 77 0 0 0 65 0 69 67 68 73 0 0 72 0 58 61 57 59 56 64 0 0 40 0 0 42 0 41 38 39 46 0 5 10 2 0 0 4 6 3 22 0 0 20 21 0 0 27 0 34 36 30 29 33 0 0 37 32 0 11 18 0 19 0 17 15 16 52 51 50 54 0 0 0 47 0 
0 17 0 13 0 0 15 19 0 0 8 0 4 5 0 0 7 0 0 0 0 75 0 0 0 0 78 0 63 62 60 0 59 0 57 0 26 0 0 0 0 0 22 24 21 0 43 0 38 39 44 0 45 46 0 54 48 47 0 0 49 55 0 31 0 36 32 37 0 0 0 34 70 0 0 72 67 71 66 0 0 
45 0 38 40 0 41 0 0 43 0 35 0 31 32 37 0 34 36 26 22 25 0 0 20 28 27 24 4 0 8 6 7 5 0 3 0 53 50 55 47 0 0 49 51 48 67 70 69 0 0 71 68 72 73 79 81 0 74 78 0 76 1 0 58 0 0 59 0 57 62 0 0 0 15 14 0 13 17 12 11 0 
72 0 65 67 0 68 0 0 70 56 62 0 58 0 0 57 0 63 53 0 0 48 0 0 55 54 0 0 36 35 33 34 32 29 0 37 0 0 1 0 0 79 76 78 75 0 0 0 11 0 17 14 0 0 25 27 21 0 0 0 0 0 0 4 2 0 5 10 3 0 0 7 0 0 41 0 40 44 39 38 46 
0 53 0 49 48 50 0 55 52 0 0 42 40 41 46 39 0 45 0 31 34 30 32 29 0 0 0 13 18 17 15 0 14 0 0 19 62 0 64 0 63 61 0 60 57 0 79 78 0 75 0 0 0 1 7 0 0 0 6 0 4 10 0 0 0 72 68 73 66 0 69 70 0 0 23 27 0 26 0 20 0 
9 0 0 4 3 5 0 0 7 0 0 78 76 0 1 0 0 81 0 0 70 66 68 65 73 72 69 49 0 53 0 52 50 47 48 55 17 14 19 0 0 0 13 15 12 31 0 0 29 30 35 32 0 37 43 0 0 0 42 44 40 0 41 22 0 27 23 28 0 26 0 0 61 60 59 63 58 0 57 0 64 
63 62 0 58 0 0 0 0 0 47 0 0 49 0 55 48 52 0 0 40 0 39 41 38 46 0 42 0 0 26 0 25 0 20 0 28 0 68 73 65 72 0 0 0 0 0 7 6 2 3 8 5 9 10 16 18 12 11 0 0 0 19 14 76 74 81 77 0 75 80 0 0 34 33 32 0 31 0 30 0 37 
41 40 0 36 35 37 38 42 39 0 0 29 27 0 0 26 30 0 0 18 0 0 0 16 24 23 20 0 0 4 2 0 1 0 80 0 0 0 0 0 0 0 45 47 44 0 66 65 61 62 67 0 68 0 75 0 71 70 0 76 0 78 73 0 52 59 0 60 0 58 56 57 0 11 0 14 0 0 8 0 0 
0 58 52 0 53 0 0 0 57 43 0 47 45 46 51 44 48 0 40 36 39 35 0 34 42 41 38 18 0 22 20 0 19 0 17 0 0 0 0 0 68 0 63 0 62 0 0 2 0 0 4 0 5 6 12 0 8 7 0 0 9 15 10 72 0 0 0 0 0 76 0 75 30 29 28 32 0 31 26 25 33 
68 0 61 63 62 64 65 0 66 52 0 0 0 0 0 53 0 0 49 45 0 44 0 43 0 50 0 0 0 31 29 30 0 25 26 33 76 0 0 70 0 75 72 74 71 9 12 0 0 8 0 10 14 0 21 23 0 0 20 22 18 0 19 81 79 5 1 0 80 4 2 0 39 38 0 41 36 0 0 34 42 
50 49 43 45 0 0 47 51 48 0 40 0 36 37 0 35 0 41 31 27 30 0 0 0 33 32 29 0 14 13 0 0 10 0 8 15 58 0 60 0 59 0 54 56 53 0 75 74 0 71 76 0 0 78 3 0 80 79 0 0 81 0 0 63 61 68 64 0 0 67 65 0 21 20 19 23 0 0 17 16 24 
0 13 7 9 0 10 11 0 12 79 0 2 81 1 6 80 3 5 76 72 0 0 73 0 78 0 74 54 0 58 56 57 55 52 0 0 0 19 0 0 23 21 0 0 17 0 39 0 34 0 40 37 41 42 0 50 0 0 0 49 45 0 46 0 25 0 0 33 0 0 0 30 0 65 64 68 0 67 0 61 69 
5 4 79 81 80 0 2 6 0 70 76 74 72 0 78 0 0 77 67 63 66 0 64 0 0 68 65 0 50 49 47 0 0 43 44 51 0 10 0 0 14 12 0 0 8 27 30 29 25 26 0 0 0 33 39 41 0 34 38 0 36 0 37 18 16 23 19 0 17 22 20 21 57 56 55 0 54 58 0 52 60 
32 31 0 0 0 0 29 0 30 16 22 20 18 19 24 0 0 0 0 9 12 8 10 7 0 14 0 72 77 76 74 75 73 70 0 0 40 37 42 34 41 39 36 0 0 0 0 0 52 0 0 55 59 60 66 0 62 0 65 67 0 69 64 0 43 0 0 51 44 0 0 0 3 2 1 5 81 0 0 0 0 
0 76 0 0 0 73 0 78 75 61 67 65 63 0 0 62 0 68 58 54 57 53 55 0 60 59 0 0 0 0 38 39 37 0 35 0 0 1 6 79 5 0 81 2 80 18 0 0 0 17 0 19 23 0 30 32 0 25 0 0 27 33 0 0 0 0 10 0 8 13 0 12 48 47 0 0 45 49 0 0 0 
23 22 16 18 17 19 20 24 21 0 0 11 0 10 15 8 12 14 4 81 0 0 0 79 0 5 2 0 0 67 0 0 0 0 62 69 0 0 33 0 0 30 27 0 0 45 48 0 43 44 49 0 50 51 57 59 53 0 0 58 0 0 55 36 34 41 0 0 0 40 38 0 75 74 0 0 72 0 71 70 78 
58 0 0 0 0 54 55 0 0 42 0 0 44 0 50 43 47 49 39 35 38 34 0 0 41 40 0 17 22 0 19 20 18 15 0 23 66 63 0 60 67 0 0 64 0 0 2 1 0 79 3 0 0 5 11 13 7 0 10 0 8 14 0 71 69 76 0 77 70 75 73 0 29 28 27 31 26 30 25 0 0 
13 12 6 0 7 0 10 14 11 78 0 0 80 81 0 79 2 0 0 71 0 0 0 69 0 76 73 0 58 0 55 0 54 51 0 0 21 0 23 15 0 0 0 0 16 0 0 0 33 34 39 36 40 41 47 0 43 42 0 48 44 0 0 0 24 0 27 0 25 30 0 29 0 64 63 67 0 66 61 0 68 
67 0 0 62 61 63 64 68 0 51 0 55 53 0 0 0 56 0 48 0 0 43 45 42 0 49 0 0 0 0 0 0 27 24 0 32 75 0 0 0 76 74 71 0 0 8 11 10 6 7 0 9 13 0 20 0 0 0 0 21 17 23 0 80 0 0 81 0 79 3 0 0 38 0 0 0 0 0 34 0 41 
76 75 0 71 0 72 73 77 74 60 66 0 62 63 68 0 65 0 0 53 56 52 54 51 0 0 0 35 0 39 0 38 36 33 34 41 3 0 5 78 4 2 80 1 79 17 20 0 15 16 0 0 22 0 29 0 25 0 28 30 26 0 0 8 0 13 9 14 7 12 10 0 47 46 0 49 0 0 0 42 50 
0 0 0 26 25 27 28 0 0 15 0 0 0 0 0 16 20 22 0 0 11 0 9 0 0 13 10 71 76 0 0 0 0 69 70 0 39 36 0 33 40 38 0 0 0 0 56 0 51 52 0 0 58 0 65 67 0 60 64 66 62 0 0 0 42 49 0 50 43 48 0 47 2 1 0 4 0 0 79 0 0 
0 39 0 35 34 36 37 41 0 24 30 0 0 27 0 0 29 0 21 17 0 0 0 0 0 22 0 80 4 3 1 0 81 78 79 5 0 0 50 0 49 47 44 46 0 62 0 64 60 0 66 63 67 68 74 76 70 69 0 0 71 0 0 53 51 58 54 59 0 57 0 0 11 10 0 0 0 12 7 6 14 
4 3 0 0 0 81 1 5 2 69 75 73 71 0 77 0 74 0 0 62 65 61 63 60 0 0 64 0 49 0 46 0 45 42 0 0 0 9 14 0 13 11 8 10 7 26 29 0 24 0 30 27 31 32 38 0 34 0 0 0 0 41 36 0 0 22 18 0 16 21 19 20 56 55 0 58 0 0 52 0 0 
49 0 42 0 0 45 46 50 47 0 39 37 35 36 41 34 0 40 0 0 29 25 27 24 32 31 28 0 13 12 0 0 0 6 0 0 57 0 59 51 58 56 53 55 0 0 74 0 69 70 75 0 0 77 0 4 0 0 1 3 80 5 81 62 60 67 63 68 0 66 0 0 0 19 0 22 17 0 16 0 23 
22 0 0 17 16 0 0 0 20 6 12 0 8 9 14 0 0 13 3 80 0 79 81 0 5 0 1 0 67 66 64 65 63 60 61 0 0 27 32 24 31 29 26 28 0 0 47 0 0 0 0 45 0 0 0 0 0 51 0 57 0 0 54 0 0 40 36 0 34 39 0 0 74 73 0 0 71 0 0 0 77 
0 14 8 10 9 11 0 16 13 80 5 0 0 2 7 81 4 6 77 0 76 72 74 0 79 0 0 55 0 0 57 58 56 53 54 0 0 20 0 17 0 22 19 0 18 37 0 39 0 36 0 38 42 43 0 0 0 0 48 50 0 52 47 0 26 33 0 0 27 32 30 0 67 66 0 69 64 0 63 0 70 
24 0 17 19 0 0 0 0 22 8 14 12 10 0 16 9 13 15 5 1 0 81 0 0 7 6 0 64 69 68 66 67 0 0 63 0 0 29 0 26 33 31 28 30 0 46 0 0 0 0 0 0 51 0 0 60 0 0 57 0 0 61 0 0 0 0 38 43 0 41 39 40 76 0 74 0 73 0 72 0 0 
6 0 0 1 81 0 3 7 4 0 0 75 73 0 79 72 76 78 68 64 67 0 65 0 0 0 66 0 51 50 0 49 47 0 45 52 14 11 0 8 15 13 10 0 0 28 31 30 0 0 0 29 33 34 40 0 0 35 39 41 0 43 0 0 0 0 20 25 0 23 21 22 0 0 56 60 0 59 0 53 61 
0 0 62 64 0 65 66 70 67 53 59 0 0 0 0 0 0 0 50 46 49 45 47 44 52 51 0 0 0 32 0 31 0 26 0 34 77 74 79 0 0 76 73 0 72 0 0 0 8 0 14 0 0 0 22 24 18 17 0 23 0 0 20 1 80 0 2 7 81 5 3 0 40 39 38 42 37 41 36 0 43 
0 50 44 0 0 47 0 52 0 35 41 0 0 0 0 0 0 0 32 0 31 27 0 0 0 0 0 0 15 0 0 13 11 8 9 0 0 56 0 0 60 58 0 0 0 73 0 0 71 72 0 74 0 0 4 0 0 0 0 5 0 7 0 0 62 0 0 70 63 0 0 67 0 0 0 0 19 0 18 17 25 
33 32 26 28 0 0 0 34 31 17 23 21 19 0 25 18 22 24 0 10 0 0 11 8 16 15 12 73 78 77 75 0 0 0 72 79 41 38 43 35 42 0 37 39 36 55 0 57 53 54 59 56 0 0 67 69 0 62 66 68 0 70 65 46 0 51 47 52 45 0 48 0 4 3 2 0 1 0 81 80 7 
60 0 53 55 0 0 0 61 0 44 0 48 46 47 0 0 0 51 0 37 0 0 0 0 43 42 0 0 24 23 21 0 20 17 0 25 68 65 70 0 0 0 64 0 0 0 4 3 0 0 0 2 6 7 13 15 9 8 0 0 0 16 11 73 0 0 0 0 0 77 75 76 31 30 0 0 28 0 27 26 34 
0 0 35 0 36 38 0 0 0 0 0 0 28 29 34 27 0 0 0 19 22 0 20 17 25 24 21 0 6 5 0 0 2 0 81 0 0 47 0 0 0 49 46 48 45 64 67 0 62 63 0 0 69 70 0 0 72 0 75 0 73 79 74 55 53 60 56 0 54 0 57 58 13 0 11 15 0 0 0 0 16 
78 0 71 0 72 74 75 79 0 62 0 66 0 65 70 63 0 69 59 55 0 0 56 53 61 0 57 37 0 41 39 0 0 35 36 0 5 2 0 80 6 4 1 3 0 0 22 21 17 18 23 20 0 25 31 33 27 0 0 32 28 0 0 10 8 15 11 16 0 0 12 13 49 48 0 51 46 50 0 44 52 
44 43 37 39 0 0 41 45 42 28 0 32 0 0 36 29 33 0 25 21 24 20 22 0 0 0 23 0 8 0 0 0 0 1 2 9 0 49 54 46 0 0 48 50 0 66 69 68 0 0 70 0 71 0 0 0 74 0 0 79 75 81 76 0 55 62 58 0 56 0 59 0 0 14 13 0 0 16 0 10 18 
0 52 0 0 47 49 50 54 51 0 43 41 39 40 45 38 0 0 34 0 0 29 31 0 36 35 32 12 17 16 14 0 0 10 11 0 0 58 0 55 0 0 0 59 0 75 78 77 73 0 79 76 0 0 6 8 0 1 5 0 0 9 0 66 0 71 67 72 65 70 0 69 24 23 22 26 0 25 20 19 27 
0 0 0 12 0 13 14 0 15 1 7 5 3 4 9 0 6 8 0 75 78 0 76 73 81 0 0 0 62 61 0 60 58 55 0 63 25 0 27 19 0 24 21 23 20 0 0 0 0 0 0 40 44 0 51 0 47 46 0 52 0 54 49 0 28 35 31 36 0 34 0 0 0 68 67 71 66 70 65 0 72 
71 70 64 66 0 67 0 72 69 55 0 59 0 58 63 0 60 0 52 48 51 0 49 0 54 53 50 30 35 34 32 0 31 0 0 0 79 0 81 0 80 78 75 77 74 12 15 14 10 0 0 13 0 18 24 26 20 19 23 25 21 27 22 3 0 8 4 0 2 7 5 6 0 41 0 0 0 43 0 37 45 
0 0 55 0 56 0 0 0 60 0 0 50 0 49 0 0 0 0 43 39 42 0 40 37 0 44 41 21 0 25 23 0 22 19 20 0 0 0 72 64 71 0 0 0 65 0 0 5 1 2 0 4 8 0 15 17 11 0 14 16 0 0 0 0 0 0 0 0 74 79 77 0 0 0 31 35 30 0 29 28 0 
0 0 19 21 20 22 23 27 24 10 0 14 12 13 18 0 15 17 7 3 0 2 4 0 9 8 0 66 71 70 68 0 67 64 65 0 34 31 36 28 35 33 0 32 29 48 0 0 46 47 0 0 53 54 0 62 0 55 0 61 57 63 0 39 37 44 40 45 38 0 0 42 0 77 76 80 75 79 74 73 81 
0 0 1 0 0 4 5 9 6 0 79 77 75 76 81 74 0 80 70 66 69 0 0 64 0 71 0 48 0 52 50 51 49 46 0 0 16 0 18 10 0 15 12 0 11 0 0 32 28 29 34 0 0 0 42 44 38 37 0 43 39 45 0 0 19 0 22 27 20 25 0 24 60 0 0 62 0 0 56 0 63 
35 34 28 30 29 0 0 0 0 19 25 23 21 22 27 20 24 26 16 0 15 0 0 10 0 17 0 0 80 0 77 0 0 0 0 81 0 40 0 0 44 0 0 41 0 57 0 59 0 56 61 0 62 63 69 0 0 64 68 0 66 72 67 48 46 0 49 0 0 0 0 51 0 5 4 8 0 7 0 1 0 
0 79 0 0 0 0 0 81 0 64 0 0 66 0 72 0 69 71 61 57 0 56 0 55 63 62 59 39 44 0 0 42 40 0 38 45 7 0 9 1 8 0 3 5 0 21 0 23 19 20 25 22 26 0 33 35 29 28 32 34 0 36 31 0 0 17 0 18 11 0 14 0 51 50 49 0 0 52 47 46 0 
