9
61 66 0 65 0 0 69 68 63 0 0 0 55 0 53 0 0 54 0 20 0 0 19 22 24 17 0 0 74 0 72 0 71 0 78 0 0 43 0 0 48 0 50 44 0 36 34 0 0 0 40 0 0 0 79 80 0 0 1 4 0 2 0 7 10 13 8 11 0 15 0 0 0 33 31 0 29 27 0 28 0 
43 48 46 47 44 49 0 50 45 0 42 34 37 0 0 41 0 36 79 2 0 0 0 4 6 80 0 59 0 0 0 58 0 57 60 52 0 25 29 28 0 0 0 26 31 18 16 0 19 0 22 0 23 24 0 62 63 66 0 0 68 65 0 0 73 76 71 74 77 78 0 0 0 0 0 7 11 9 8 10 0 
79 0 1 2 80 4 0 5 81 0 0 70 73 0 71 77 0 72 34 38 0 0 37 0 42 35 36 14 11 10 0 13 0 12 0 0 63 61 65 0 66 69 0 0 67 54 52 57 55 56 58 53 0 0 16 0 18 0 19 0 23 20 24 25 28 31 26 29 32 0 27 30 0 51 49 43 0 45 44 46 0 
70 75 73 74 71 76 78 77 0 65 69 61 0 0 62 68 66 0 25 29 32 30 0 31 33 26 27 5 2 1 81 0 0 3 6 0 54 52 0 55 0 60 59 53 0 45 0 0 46 0 0 0 50 51 7 8 9 12 0 0 14 11 15 0 19 22 17 0 0 0 18 0 39 42 40 0 0 0 35 0 41 
52 57 0 56 53 0 0 59 54 47 51 43 46 49 0 50 48 45 7 0 0 12 0 0 15 8 9 68 65 0 63 0 62 66 69 61 36 0 38 37 0 42 41 35 0 27 0 0 0 0 31 26 0 33 70 0 72 0 0 76 0 0 0 79 1 0 80 0 5 6 81 0 21 0 22 16 20 0 17 0 23 
16 21 0 0 0 22 0 0 18 0 0 7 10 13 8 14 12 0 52 0 0 0 55 0 60 0 54 32 29 0 27 0 26 30 33 0 81 79 0 0 3 0 5 0 4 0 70 0 73 74 76 0 0 78 34 35 36 39 0 0 41 38 0 43 46 0 44 47 50 51 0 0 0 0 67 0 0 63 62 0 0 
25 0 28 29 0 0 33 0 27 0 24 0 19 22 17 0 21 18 61 65 68 66 0 0 0 62 63 41 0 37 36 40 35 0 42 0 0 0 11 10 12 15 14 8 13 81 0 3 1 2 4 80 5 6 0 0 0 0 46 0 50 47 0 52 0 0 0 0 59 60 54 0 0 78 76 70 74 0 71 0 77 
34 0 37 38 35 40 42 41 0 29 0 0 0 31 0 32 0 0 0 0 0 75 73 76 0 71 72 0 0 0 45 0 0 48 0 43 18 0 0 0 0 24 23 17 22 9 0 12 10 11 13 0 14 15 52 53 54 0 55 58 59 56 0 0 64 0 0 65 68 0 63 0 3 6 0 79 0 81 80 1 0 
0 12 10 11 8 13 0 14 9 0 6 0 0 4 0 5 0 81 43 47 0 0 46 0 0 0 0 23 20 19 18 22 0 0 0 16 72 70 74 73 0 78 0 71 76 0 61 0 0 65 0 62 0 69 0 26 27 0 28 31 32 0 0 34 37 40 35 0 0 0 0 0 0 60 58 0 0 54 0 55 0 
37 0 0 0 38 0 45 44 39 32 36 0 31 0 29 35 0 30 73 0 80 0 76 79 0 74 0 53 50 0 48 52 47 51 54 0 21 19 23 22 24 27 0 0 25 12 10 15 13 0 16 11 0 18 0 0 0 60 0 61 62 59 0 64 67 0 0 0 71 72 66 69 6 9 7 0 0 3 2 4 8 
46 0 49 50 47 52 0 0 0 41 0 37 40 43 0 44 0 0 0 5 0 0 0 7 9 2 0 62 59 58 57 61 0 60 63 0 0 28 32 0 33 36 0 0 0 21 0 24 22 23 0 20 26 27 64 0 66 0 0 0 71 0 0 0 76 79 0 0 80 0 75 78 0 18 16 10 14 12 0 0 17 
1 0 4 5 2 7 9 0 0 77 81 73 0 0 74 80 0 0 37 41 44 0 0 0 0 38 0 0 14 0 0 16 0 0 0 10 66 64 68 67 0 72 0 65 0 57 55 60 0 59 61 56 0 0 19 20 21 24 0 0 26 0 27 0 0 34 0 0 0 36 30 33 51 54 52 0 50 0 47 0 53 
19 24 22 23 20 0 27 0 0 14 0 10 0 0 11 0 0 12 0 59 0 60 58 0 0 56 57 0 32 31 30 34 0 33 0 28 0 1 0 0 0 9 8 2 7 75 73 0 76 77 0 74 80 81 37 38 39 0 40 43 44 0 45 46 0 0 47 50 0 0 0 51 69 72 0 64 68 0 0 0 71 
64 69 67 0 65 70 0 71 0 59 0 0 58 0 56 62 0 57 0 0 0 24 22 0 0 20 0 0 0 76 75 79 74 78 81 73 48 0 0 49 51 0 0 47 52 39 0 42 40 0 0 38 44 45 1 2 3 6 4 7 8 5 9 10 0 0 11 0 17 18 0 0 0 36 0 0 32 0 29 0 35 
28 33 0 32 0 34 0 0 30 0 27 0 22 25 20 26 24 21 0 68 71 69 67 70 72 0 0 0 0 40 0 43 38 42 0 0 12 0 0 0 15 18 17 11 0 3 1 6 4 5 0 0 0 9 46 0 48 51 0 52 0 50 0 55 58 0 56 59 0 63 57 0 78 81 79 73 0 0 74 0 80 
0 15 0 0 11 0 0 17 0 0 0 1 0 0 0 8 0 3 0 0 53 51 49 52 54 47 0 26 0 0 0 25 0 24 27 19 0 73 0 76 78 81 80 74 0 66 64 0 67 0 0 0 71 72 28 29 30 0 31 0 35 32 0 0 40 0 38 41 44 45 0 42 0 63 0 55 59 57 56 58 0 
0 78 0 0 74 79 81 80 0 68 72 0 0 0 0 71 0 0 0 32 0 33 0 0 36 0 30 8 0 4 0 7 0 6 9 1 0 0 59 58 0 63 62 56 61 48 0 51 49 0 0 47 53 54 0 11 0 15 0 16 17 0 18 0 22 0 0 23 26 0 21 0 42 45 0 37 0 0 0 40 44 
0 60 58 0 56 0 0 62 0 0 54 0 0 52 0 0 51 48 0 14 17 0 13 16 18 0 12 0 0 0 66 70 65 69 72 64 0 0 0 40 42 45 44 38 0 30 28 0 0 32 0 29 35 0 73 0 75 78 0 79 0 0 81 0 0 0 0 0 8 9 3 0 24 0 25 0 23 0 0 22 26 
0 0 0 7 4 0 11 0 5 79 2 0 0 81 0 1 0 77 39 43 46 0 0 0 0 0 41 0 16 15 14 0 13 17 20 0 68 66 70 69 71 74 73 0 72 59 57 62 0 0 0 0 0 0 21 0 23 0 0 0 28 0 29 30 0 36 31 0 37 38 32 35 53 56 0 48 52 0 49 51 55 
0 17 15 0 13 0 20 0 14 7 11 3 6 0 4 10 0 5 48 0 0 53 51 54 56 49 0 0 0 24 23 0 22 26 0 21 77 0 79 78 0 0 0 76 81 68 66 0 0 0 72 67 0 0 0 31 32 0 33 36 37 0 0 39 42 0 40 43 0 0 0 44 0 0 63 0 61 0 58 60 0 
0 71 0 70 0 0 74 0 0 0 0 57 0 0 58 0 0 59 21 0 28 0 0 27 0 0 0 1 79 78 0 0 76 80 0 75 50 0 52 0 0 56 55 0 0 0 39 44 42 0 45 0 0 47 0 4 5 8 6 9 10 7 11 0 0 18 13 0 19 20 0 17 35 38 36 30 0 32 31 33 37 
39 0 42 0 0 0 0 0 41 34 38 30 33 0 31 37 35 32 75 79 1 0 78 0 0 76 0 0 52 51 0 0 0 0 56 48 0 21 25 24 26 29 0 22 27 14 0 0 15 16 0 0 19 20 0 58 0 0 60 63 64 61 65 66 69 72 67 70 73 74 68 71 8 11 0 0 7 0 4 6 0 
57 62 60 0 0 63 0 64 59 52 56 0 51 54 49 55 53 0 0 0 0 0 0 0 20 0 0 0 0 69 68 0 67 71 74 0 41 39 0 0 44 47 0 40 45 32 0 35 0 34 0 0 0 0 0 76 77 0 78 0 1 79 0 0 6 9 0 0 10 11 5 8 26 29 0 0 25 0 22 0 28 
21 0 24 25 0 27 29 28 0 0 20 0 15 18 0 0 17 14 57 61 64 62 60 63 0 0 0 37 34 33 0 36 31 35 0 30 0 3 7 6 0 0 0 0 0 77 75 80 78 0 0 0 1 2 0 0 41 0 42 45 46 0 0 48 51 54 0 52 0 0 50 0 71 74 72 0 0 0 67 69 73 
75 0 0 0 0 0 0 1 0 70 0 66 69 0 67 0 71 0 30 0 0 0 33 36 38 0 32 10 0 0 0 9 0 0 11 3 0 57 0 60 0 0 0 0 63 50 0 0 0 0 54 49 0 56 0 13 14 0 0 18 19 0 0 21 0 0 22 0 28 0 0 0 0 0 0 0 0 0 40 0 46 
0 53 51 52 49 54 56 0 50 43 47 0 42 45 40 0 44 0 3 0 10 8 6 9 11 4 0 64 61 0 0 0 58 62 0 0 32 30 34 33 35 38 37 31 36 23 21 26 24 0 27 22 28 29 66 0 0 71 0 0 73 0 0 0 0 81 0 79 1 2 77 0 17 20 0 12 0 0 13 0 19 
0 0 0 0 0 36 38 0 0 25 29 0 0 27 22 0 26 0 66 0 0 71 69 0 74 67 68 46 43 42 41 0 40 44 47 0 14 12 0 15 0 0 0 13 0 5 3 8 6 7 0 4 0 11 48 0 0 0 0 0 55 0 56 57 60 0 58 61 0 0 59 0 80 2 0 0 79 77 0 0 1 
41 46 44 45 0 47 49 48 43 0 40 0 0 38 33 39 0 34 77 81 3 0 80 2 0 78 79 57 54 53 52 56 0 0 58 0 25 23 0 26 28 31 30 0 29 16 14 0 0 18 20 0 0 22 0 0 0 0 62 65 66 63 67 68 0 74 69 0 75 0 0 0 10 13 0 0 0 0 6 0 12 
23 0 26 27 0 0 0 30 25 0 22 14 17 0 0 0 19 16 59 63 66 64 62 65 0 60 61 0 36 35 0 38 0 37 0 32 7 5 0 0 0 13 12 0 0 79 77 1 80 0 0 78 0 4 0 0 43 0 44 0 48 45 0 0 0 56 51 54 57 58 52 55 0 0 74 0 72 70 69 0 75 
0 0 8 0 6 11 0 0 7 0 0 77 80 0 0 3 0 79 41 0 0 46 44 47 49 0 43 21 18 0 16 20 0 0 0 0 70 0 72 71 73 76 75 0 0 61 59 0 0 63 65 60 66 67 23 24 25 28 26 29 30 27 31 0 35 38 33 0 39 0 34 0 55 0 0 50 0 0 51 53 0 
77 0 0 81 78 0 4 0 79 72 76 0 0 74 69 75 0 0 0 36 0 37 35 0 0 0 34 12 9 8 0 11 0 10 0 5 61 59 63 62 64 67 66 0 0 0 0 0 0 54 0 51 57 0 14 15 0 0 17 20 0 0 0 23 0 29 24 27 30 0 0 28 0 49 0 41 45 43 42 44 48 
0 73 71 72 69 74 0 75 0 0 0 0 62 65 60 66 64 0 23 0 30 0 26 0 31 24 25 0 81 0 0 2 78 1 0 77 0 50 54 53 0 58 57 0 56 43 41 46 44 45 47 0 0 0 5 6 7 10 0 11 12 9 13 0 17 0 15 0 0 22 0 19 0 40 38 32 0 34 33 0 39 
32 37 35 36 0 0 40 39 34 27 0 0 26 29 24 0 0 25 0 72 0 73 0 74 76 69 70 48 0 0 43 47 42 46 49 41 0 0 0 17 0 22 21 15 20 7 5 0 8 9 0 6 0 0 50 51 0 55 53 56 57 54 0 0 62 65 0 63 0 67 61 64 1 0 0 77 81 79 0 0 0 
14 19 17 18 0 20 22 21 0 9 0 5 0 0 6 0 0 7 50 54 57 55 53 0 0 0 0 30 27 0 0 0 24 28 0 0 79 77 0 80 1 0 3 78 0 70 68 0 0 72 74 0 75 0 0 0 34 37 0 38 0 0 40 41 0 0 0 45 0 0 0 0 64 67 65 59 63 61 60 0 0 
59 64 62 63 60 65 67 66 61 54 58 0 53 56 51 57 0 0 14 18 21 19 0 20 22 0 16 0 72 0 70 0 0 0 0 0 0 41 0 0 46 49 48 42 47 0 32 37 0 0 0 0 0 40 0 78 79 0 80 2 0 81 4 0 0 11 0 9 12 0 0 0 0 31 0 23 27 0 24 0 30 
0 55 53 54 0 56 0 57 52 45 0 41 0 0 0 48 46 43 0 9 0 0 8 11 13 0 7 66 63 62 61 65 60 0 67 59 34 32 36 0 37 0 39 33 0 0 23 0 26 27 0 24 0 31 0 69 0 73 71 0 75 72 76 0 0 2 78 81 0 4 0 0 19 22 20 14 0 0 15 17 21 
49 0 52 53 0 55 0 56 51 0 48 40 43 0 41 47 0 42 0 0 11 0 7 10 0 5 0 65 0 0 0 0 59 0 0 0 0 0 35 34 36 0 38 32 37 24 22 0 0 0 28 0 29 0 67 68 69 0 70 73 74 71 0 0 79 1 0 0 0 3 78 81 18 21 19 13 0 15 0 16 20 
67 0 70 71 0 73 75 0 0 0 0 58 61 64 59 0 0 60 0 0 0 0 25 0 30 23 0 2 80 0 78 1 0 0 0 0 51 0 53 52 54 57 0 0 55 42 40 0 0 44 0 41 0 0 4 0 0 9 7 10 0 8 0 0 16 19 14 0 20 21 15 0 0 39 0 0 0 33 0 34 0 
40 45 0 44 0 46 0 47 42 35 39 0 0 37 0 0 0 33 0 80 0 81 79 1 3 77 78 0 53 0 0 55 0 54 57 49 0 22 0 25 0 30 29 0 28 15 13 0 16 0 0 0 20 0 58 59 60 63 61 64 0 0 66 67 70 73 0 71 74 0 0 72 0 0 10 0 8 0 5 0 0 
13 18 16 17 0 19 21 20 15 8 0 4 7 10 5 11 0 6 0 0 0 54 52 0 57 50 0 29 26 25 24 28 23 0 30 22 78 0 0 79 81 0 0 77 0 0 0 72 70 71 0 68 74 75 31 32 0 0 0 37 38 35 39 40 0 0 0 44 47 0 42 45 63 66 0 58 62 60 0 61 65 
0 36 0 35 0 37 39 38 33 26 0 22 25 28 0 0 0 24 0 71 74 72 70 0 75 68 0 47 44 0 0 46 0 0 0 40 0 13 17 16 0 21 20 0 19 0 0 9 0 0 10 5 11 12 0 50 51 0 52 55 0 0 0 0 0 64 0 0 65 66 0 0 0 3 0 76 0 78 77 79 0 
58 0 0 0 59 64 0 0 60 53 0 0 52 55 0 0 54 0 0 0 20 18 16 19 0 14 15 74 0 70 0 73 0 72 0 0 42 40 44 43 45 48 47 0 0 33 31 36 0 0 0 0 0 0 76 77 0 81 79 1 0 80 0 4 0 0 0 0 0 12 0 0 27 30 0 22 0 0 23 0 29 
0 81 79 80 0 0 0 0 0 71 75 0 70 73 0 0 72 69 31 35 0 36 34 37 39 32 0 11 0 7 0 0 0 9 12 4 60 58 62 61 0 0 0 0 0 51 49 0 52 0 55 50 56 57 13 0 15 0 16 19 0 17 21 0 0 0 0 26 29 0 24 27 45 48 0 0 44 42 0 0 0 
22 0 25 0 0 28 0 29 24 0 21 0 0 0 0 20 18 15 0 62 65 63 0 0 66 59 60 38 0 0 0 0 32 36 39 31 0 4 8 0 9 0 11 0 0 78 0 0 0 80 0 77 2 0 0 0 0 0 0 46 0 44 0 49 0 55 50 0 0 57 0 0 72 75 0 0 0 0 0 0 74 
0 0 7 8 5 10 0 11 0 80 0 0 0 1 0 2 81 78 0 44 0 45 0 0 48 0 42 20 17 0 0 19 0 0 21 0 0 67 71 0 0 75 74 0 73 60 58 63 61 62 64 59 0 0 22 23 0 27 0 28 29 26 30 31 0 0 32 35 0 39 0 0 54 0 0 0 53 51 0 0 56 
44 0 47 48 45 50 0 0 46 0 0 0 38 41 0 42 40 0 80 3 0 4 2 0 7 0 1 0 57 0 55 59 0 0 61 53 28 0 0 29 31 34 0 0 32 0 0 22 20 21 0 0 24 25 62 63 64 67 0 68 0 0 0 71 0 77 72 75 0 79 73 0 13 16 14 8 12 10 9 11 0 
80 4 2 3 0 5 7 0 1 75 79 71 0 77 72 0 76 73 35 39 42 0 38 0 0 36 0 15 12 0 0 14 0 0 0 8 64 0 66 65 67 70 69 63 68 0 53 0 0 57 59 54 0 61 0 18 19 22 0 23 24 0 0 0 29 0 27 30 33 34 28 31 0 52 0 44 48 46 45 0 51 
62 0 65 66 63 68 0 69 64 57 61 0 0 0 0 60 58 55 17 0 24 22 0 23 0 18 19 0 0 0 0 0 72 0 0 71 46 0 0 47 49 0 51 0 50 37 35 40 38 39 41 36 0 0 80 81 0 4 2 5 6 3 7 0 11 14 0 12 0 0 10 13 0 0 32 26 30 28 27 29 0 
26 0 0 0 27 32 34 33 0 21 0 17 0 23 18 24 22 19 62 0 69 67 65 68 70 63 0 0 0 38 0 41 36 0 43 0 10 0 0 11 13 16 0 9 0 0 0 4 0 3 0 81 6 0 44 0 0 0 47 0 0 0 52 53 0 59 54 57 0 0 55 0 76 0 77 71 0 73 0 74 78 
0 22 20 21 18 23 0 24 19 0 16 8 11 14 9 0 13 10 53 0 60 0 0 0 0 0 55 33 30 29 0 0 27 31 34 0 0 80 0 0 0 7 6 81 0 73 71 76 0 75 0 72 78 0 35 0 37 40 38 0 0 39 0 44 0 0 45 0 51 52 46 49 0 70 68 62 0 0 0 0 69 
53 0 56 57 0 59 0 60 0 0 0 44 47 50 45 0 0 0 0 0 15 13 0 14 16 9 0 69 66 0 0 0 63 67 0 62 37 35 39 0 0 43 42 0 41 28 0 31 29 0 0 27 0 0 0 72 0 76 74 0 78 75 0 0 2 5 81 0 0 7 1 4 22 25 0 17 0 19 18 0 0 
71 76 0 75 72 77 79 78 73 66 70 0 65 68 0 69 0 64 0 30 33 31 29 32 34 27 28 6 3 0 1 5 81 4 0 0 0 53 57 0 58 0 60 54 59 0 44 49 47 0 0 0 51 52 8 0 0 0 11 0 0 12 16 17 0 23 0 0 24 25 19 22 40 43 41 0 39 0 36 38 0 
35 40 38 39 36 41 43 42 0 30 34 26 29 32 27 0 0 28 71 75 78 76 74 77 79 72 0 0 48 47 0 50 45 0 52 0 19 17 21 0 22 0 24 18 0 10 0 0 11 12 14 9 15 0 0 54 55 0 56 59 0 0 61 62 65 0 0 0 0 70 64 67 0 0 5 0 3 0 81 0 6 
8 0 0 12 0 14 16 15 0 3 0 0 2 0 0 0 4 1 44 48 51 49 47 50 52 0 46 24 0 20 19 23 0 0 0 17 73 0 75 0 0 79 78 72 77 0 62 0 65 66 68 0 0 70 26 0 28 0 29 32 0 30 0 35 0 41 36 0 0 0 37 40 0 0 59 53 0 55 54 56 0 
11 16 14 15 0 0 19 18 0 6 10 0 0 8 3 0 7 0 0 0 54 52 50 0 55 48 0 0 24 23 0 26 0 25 28 0 76 74 78 0 0 1 81 75 80 0 65 0 68 69 71 66 0 0 29 0 31 34 32 35 36 33 0 0 41 0 39 42 45 0 0 0 61 64 0 0 60 58 57 59 63 
38 0 41 42 39 0 0 45 40 33 0 29 32 35 0 36 34 0 0 0 81 79 0 80 0 0 76 0 0 0 0 53 48 52 55 47 22 20 0 0 0 28 27 21 0 13 11 0 14 15 17 12 18 0 56 0 58 61 0 62 63 60 64 65 68 71 0 69 0 73 67 70 7 10 0 2 6 0 0 0 0 
0 0 59 60 57 62 64 0 58 0 55 47 0 53 48 54 52 0 0 0 18 16 14 17 0 12 13 72 69 68 67 0 66 70 73 65 40 38 42 0 0 0 0 39 0 31 29 34 32 33 35 30 36 0 0 75 76 0 77 80 81 0 1 2 0 0 3 6 9 0 4 7 0 28 0 20 24 0 0 23 0 
47 0 50 51 0 0 55 54 49 0 46 38 0 44 39 0 0 40 0 6 9 7 5 8 10 3 4 63 60 59 0 0 57 61 0 0 0 0 33 0 0 0 36 0 35 0 0 25 23 24 26 0 27 0 65 66 0 70 68 71 0 69 0 0 77 80 0 78 0 0 76 0 16 19 17 11 0 0 0 14 0 
0 0 5 0 0 0 0 9 4 78 0 74 0 0 75 0 0 0 38 0 45 43 0 0 0 39 40 18 0 0 13 17 12 16 19 11 67 65 0 0 70 0 72 0 0 58 56 0 0 60 62 0 63 0 20 0 22 0 23 26 0 24 28 29 32 0 30 33 0 0 31 34 0 55 53 0 51 49 48 50 54 
20 25 0 24 0 26 28 27 0 15 19 0 14 0 12 0 16 13 56 60 0 61 0 62 64 57 0 36 33 32 31 0 0 34 37 29 4 0 6 0 0 10 9 3 8 0 0 79 77 78 80 75 81 1 38 39 0 43 0 44 45 42 46 0 50 0 48 51 54 55 49 0 70 0 71 0 69 0 0 68 0 
74 79 77 0 75 80 0 81 0 69 73 65 0 0 66 0 70 0 29 0 36 0 32 0 37 30 31 9 0 0 4 8 3 0 10 2 0 56 60 59 61 64 0 0 62 49 47 0 50 51 0 48 0 0 11 12 13 0 14 0 18 15 19 0 0 26 21 0 27 28 0 0 43 0 0 38 42 0 0 0 45 
0 0 32 0 0 35 0 0 31 0 28 20 23 26 0 0 25 22 0 0 0 70 0 0 0 66 0 45 42 0 0 44 39 43 46 38 0 11 0 0 16 0 18 12 17 0 2 7 5 6 8 0 9 0 0 48 0 52 0 0 0 51 55 0 59 62 0 0 63 64 58 61 79 1 0 74 78 76 0 77 81 
65 70 0 69 66 71 0 72 67 0 64 56 59 0 57 0 61 58 0 0 27 0 0 26 28 21 22 81 78 0 76 0 75 79 1 74 0 47 51 50 52 55 54 48 53 40 38 0 41 0 0 0 45 46 2 0 0 7 5 8 0 6 10 0 14 0 0 0 18 19 13 16 0 0 35 0 33 31 30 32 36 
0 74 0 0 0 75 77 0 71 64 68 60 0 66 0 67 65 62 24 0 31 29 0 0 0 25 26 4 1 81 0 0 79 0 5 0 0 51 0 0 56 59 0 52 57 0 0 0 45 46 48 43 0 50 0 7 8 11 0 0 13 10 14 0 18 0 16 19 22 0 0 0 0 0 39 33 0 35 0 36 40 
33 38 36 0 34 39 41 40 0 28 32 24 27 0 25 31 29 0 0 0 0 0 72 0 0 70 71 0 46 45 44 0 43 47 50 42 17 0 0 18 0 0 22 16 21 0 0 11 9 0 0 7 13 14 51 52 53 56 0 0 0 55 59 60 0 66 61 64 67 68 0 0 2 5 3 0 0 80 0 0 4 
78 0 81 1 0 0 5 4 80 73 77 69 72 75 70 76 0 0 33 0 40 38 36 39 41 0 0 13 10 9 0 0 0 11 14 0 62 0 0 0 65 0 0 61 66 0 0 56 54 0 57 0 0 59 15 16 17 20 18 21 0 19 0 24 27 30 0 28 0 0 26 29 47 50 0 0 46 44 0 45 49 
51 0 0 0 52 57 59 0 0 46 50 42 0 0 0 0 0 44 6 10 0 0 0 12 0 0 8 67 0 0 0 66 61 0 0 60 0 33 37 0 38 41 40 34 0 0 24 29 0 28 0 25 31 0 0 0 71 74 0 75 76 0 0 78 0 3 79 0 4 0 80 2 0 0 0 0 19 17 16 0 22 
60 65 63 64 0 66 68 0 0 55 59 51 0 0 52 58 56 53 0 0 22 20 0 0 23 16 0 76 73 72 0 0 70 0 0 69 0 42 0 45 0 0 49 43 0 35 0 38 0 37 0 0 40 41 0 79 80 0 81 0 0 0 5 0 9 12 7 0 13 14 8 11 29 0 30 24 28 26 25 27 31 
0 11 0 10 7 12 14 13 0 1 5 0 81 0 79 4 0 80 42 46 0 0 0 48 50 43 44 22 19 0 17 21 16 20 0 15 71 69 73 72 74 0 76 70 0 0 0 65 63 64 66 61 67 0 0 0 26 29 27 0 31 0 0 0 36 39 34 37 40 41 0 0 56 59 0 51 55 0 52 54 58 
24 29 0 28 0 30 32 0 26 19 0 15 18 21 16 0 0 17 60 64 0 0 63 66 68 0 0 0 37 36 35 39 34 0 41 0 0 6 0 9 0 14 0 7 12 0 78 0 81 1 3 79 4 0 42 43 0 0 45 0 49 0 50 0 0 57 52 55 58 0 53 56 74 77 75 69 0 0 0 72 76 
0 20 0 19 0 21 0 22 17 10 14 6 0 12 0 0 0 0 0 55 58 0 0 57 0 0 53 31 0 0 26 0 0 0 32 24 80 78 1 0 0 5 4 79 3 71 0 0 0 0 0 0 76 77 33 34 0 0 36 39 0 0 0 0 0 48 43 46 49 0 44 47 65 0 66 0 64 0 61 63 67 
42 47 0 46 43 48 50 0 44 0 0 0 36 39 34 0 0 35 0 1 4 0 81 0 0 0 0 0 0 54 0 57 0 0 59 0 0 24 28 27 29 32 0 25 30 17 0 0 0 19 21 0 0 23 60 61 62 65 63 66 67 64 68 0 72 0 70 0 76 77 0 0 11 0 0 6 0 0 7 0 13 
0 0 0 4 1 6 8 0 0 0 80 72 75 78 0 0 0 0 36 40 43 0 0 0 0 37 38 16 13 12 11 0 10 14 17 0 0 63 0 0 68 71 0 64 69 56 54 59 57 58 60 0 0 62 18 19 0 0 0 0 0 0 26 0 0 0 0 0 0 0 29 32 0 53 51 45 49 0 0 0 52 
0 0 12 0 0 0 0 16 0 4 8 81 3 0 0 0 0 2 0 49 52 0 0 51 53 46 0 25 0 21 20 24 19 0 0 18 0 0 76 75 0 80 0 73 78 65 63 68 66 67 0 64 70 0 27 28 29 0 30 0 34 31 0 0 39 42 37 0 0 44 38 0 0 0 60 54 0 56 55 57 61 
18 0 0 0 0 0 26 0 20 13 0 9 0 15 0 0 14 11 54 58 61 59 57 60 62 55 56 34 31 0 0 0 28 0 35 27 2 0 0 0 0 0 7 1 6 0 72 77 75 76 78 73 0 80 0 37 38 41 39 42 43 40 44 45 48 51 46 49 0 0 47 0 68 71 69 63 67 65 0 0 70 
36 0 0 40 0 42 44 43 38 0 0 27 30 33 28 34 32 29 72 76 79 77 75 0 80 73 74 52 49 48 47 0 0 50 53 0 0 18 22 21 23 26 25 19 0 0 0 0 12 0 15 10 0 17 54 55 56 59 0 60 61 58 62 0 0 69 64 67 70 0 0 0 5 0 6 0 4 2 1 3 7 
0 0 0 0 55 60 0 61 56 49 53 0 48 0 0 0 50 0 0 13 16 14 0 15 0 10 0 70 0 0 65 69 64 0 0 63 0 36 0 39 41 0 0 37 42 29 27 32 0 31 33 0 34 35 72 0 74 0 75 78 79 76 80 0 0 6 1 0 0 0 0 0 23 26 24 0 0 20 0 0 25 
27 32 30 0 0 33 35 0 29 22 0 18 0 0 19 0 23 20 63 0 0 68 66 69 71 64 0 43 40 0 38 42 37 0 0 36 11 0 13 0 0 17 16 10 15 0 0 5 0 0 6 1 7 0 45 0 47 50 48 51 0 0 53 54 57 0 55 58 0 62 0 0 77 80 0 72 76 0 0 0 0 
45 50 48 49 46 51 53 52 47 0 44 36 0 0 37 0 41 38 81 4 7 5 3 0 8 1 2 0 0 57 0 60 0 0 62 0 0 27 31 30 0 35 34 28 33 20 18 23 0 22 0 19 0 26 63 64 0 68 66 69 70 67 0 72 75 78 0 0 0 80 0 77 0 17 0 0 13 11 10 0 16 
63 68 66 67 0 0 71 0 0 58 0 0 57 0 55 0 0 0 18 22 0 23 21 24 26 19 0 79 0 75 74 78 0 77 80 0 0 0 49 0 50 0 52 46 51 38 0 0 0 0 42 37 43 44 0 1 0 0 3 6 0 4 0 9 0 0 0 13 0 17 0 0 0 35 0 0 0 29 28 0 34 
72 77 75 0 0 78 80 0 0 0 0 0 66 69 0 70 68 0 27 31 34 32 30 33 35 28 29 7 4 3 2 6 0 5 0 81 56 54 0 57 59 62 61 0 60 47 45 0 0 0 51 46 0 0 9 10 11 14 12 15 0 13 17 18 0 24 19 0 25 26 20 23 41 0 0 36 0 38 0 39 43 
