9
0 63 62 60 0 0 0 67 0 36 0 0 0 35 37 0 0 0 14 7 12 13 0 10 0 0 9 0 26 32 0 24 0 30 25 0 0 42 46 43 44 45 50 48 0 0 55 59 51 0 0 57 54 52 0 1 0 0 0 81 78 0 0 75 76 0 70 77 71 73 72 69 0 17 16 23 0 0 0 0 22 
0 81 0 0 0 79 0 0 0 0 0 59 0 53 55 0 56 58 32 0 0 0 26 28 29 24 0 0 44 50 0 42 49 0 0 45 65 60 0 0 0 63 68 0 0 0 73 77 0 76 0 0 0 70 0 19 22 0 23 0 15 17 0 12 13 0 0 14 8 0 0 6 0 0 0 41 36 0 39 0 40 
23 0 17 15 19 16 21 0 20 0 70 77 0 71 0 0 0 0 50 43 48 0 44 46 0 42 45 0 62 0 0 60 67 66 0 0 0 78 0 79 0 81 0 3 4 0 0 0 6 0 11 0 0 0 39 0 0 38 41 36 0 0 0 0 31 0 0 32 0 0 27 24 55 53 52 0 54 51 0 0 58 
32 27 0 24 28 25 0 0 0 81 0 5 0 0 0 0 2 4 59 0 57 0 53 0 56 51 0 74 0 0 0 69 76 75 70 72 11 6 0 7 0 9 14 0 13 17 0 0 0 22 0 0 0 16 0 46 0 47 0 45 0 44 0 39 0 0 34 41 0 37 36 33 0 0 61 0 0 60 0 0 67 
50 45 0 42 46 43 48 0 47 18 16 23 21 0 19 0 20 0 77 0 75 0 71 0 0 69 72 11 0 14 10 6 0 0 7 0 29 24 0 25 26 27 0 30 0 35 0 41 0 40 0 39 36 34 66 64 67 65 68 63 60 62 61 57 0 56 52 0 0 0 0 0 1 80 79 5 81 0 3 0 4 
0 9 8 6 0 7 12 13 0 0 61 0 66 62 64 0 0 0 41 34 39 40 35 37 38 0 0 0 0 59 0 51 0 0 52 0 0 69 0 0 71 0 0 75 76 0 0 0 78 4 0 0 81 79 30 28 31 29 32 27 24 26 25 21 22 0 16 23 17 0 18 15 46 44 0 50 0 0 0 47 0 
77 0 0 0 73 70 75 0 74 0 43 50 0 44 46 42 47 49 23 16 21 22 17 19 0 0 0 38 0 41 0 0 40 0 34 36 56 51 55 52 0 54 59 57 58 0 0 68 0 0 0 0 63 61 12 0 0 0 0 9 0 8 7 3 4 0 0 5 0 1 0 78 28 26 25 0 0 0 0 29 31 
41 0 35 33 0 34 39 40 38 0 7 14 12 0 10 6 11 0 68 61 0 67 62 0 0 60 0 0 0 5 1 0 4 0 79 0 0 15 0 16 17 18 23 21 0 26 0 0 24 31 29 30 0 0 0 55 58 0 59 54 51 0 52 48 49 0 43 50 0 0 45 42 73 71 70 0 72 0 75 74 0 
59 54 0 51 55 0 0 58 56 27 25 32 30 26 28 24 29 31 5 79 3 0 80 1 0 0 81 0 17 23 19 0 22 21 16 18 38 0 0 34 35 0 0 39 40 44 46 50 42 0 0 48 0 43 0 73 76 74 77 0 69 71 70 66 0 65 0 68 62 64 63 60 0 0 0 14 9 0 12 0 13 
0 0 18 16 0 17 22 23 0 73 71 78 76 72 74 0 0 77 0 0 49 0 45 47 0 0 0 66 0 69 0 61 68 67 0 0 3 79 2 0 81 1 6 0 0 9 0 15 7 0 0 13 10 8 0 38 41 0 42 37 0 36 35 31 32 0 0 0 27 29 0 25 0 54 53 60 0 52 0 57 0 
0 64 63 0 65 0 0 68 66 37 0 0 0 36 38 34 0 41 15 8 13 14 9 11 0 0 0 0 27 33 29 0 32 31 0 0 48 0 0 44 45 46 0 0 0 0 0 60 52 59 0 0 0 53 4 0 5 0 0 0 79 81 80 76 0 75 71 78 0 74 0 0 20 18 0 24 19 16 0 0 23 
6 1 0 79 2 80 0 5 3 0 53 0 0 54 56 52 57 59 0 0 31 32 27 0 30 25 28 0 0 51 0 0 0 0 0 0 66 61 65 62 0 64 69 67 68 72 74 78 70 77 75 76 73 0 0 20 23 21 24 19 16 18 17 13 14 0 0 15 9 11 0 7 0 0 0 42 37 0 0 39 0 
78 0 72 0 0 0 76 0 75 0 0 51 0 45 47 43 0 50 24 0 22 23 0 20 21 16 19 0 0 0 38 0 41 0 35 0 57 52 56 53 0 0 60 58 0 0 0 0 61 68 66 0 0 62 13 0 14 12 15 0 7 0 8 4 0 3 0 6 81 2 0 0 29 27 0 0 0 0 0 30 0 
0 0 9 7 11 8 13 14 12 0 0 69 0 0 0 61 0 68 0 35 0 41 36 0 39 0 0 57 0 60 56 0 59 58 53 55 75 70 0 71 0 73 78 76 77 81 2 6 0 5 3 4 1 80 0 29 32 30 33 0 25 27 0 22 23 21 0 24 18 20 0 0 0 0 0 0 46 43 49 48 0 
0 0 0 0 29 0 31 32 30 0 0 6 0 81 2 79 0 5 60 53 58 59 54 56 57 52 0 0 72 78 0 70 0 76 71 0 12 0 0 8 9 0 15 13 14 0 20 0 0 23 21 22 0 17 49 47 0 0 51 46 43 0 44 0 0 39 35 42 0 0 37 34 65 63 62 69 64 61 0 66 0 
0 46 45 43 47 0 49 50 48 19 17 24 22 0 20 16 21 23 78 71 0 0 72 74 0 70 0 0 9 15 11 7 0 13 8 10 0 0 29 26 27 28 33 31 0 36 0 0 34 41 0 40 37 35 0 0 68 66 0 64 0 63 62 0 0 57 0 60 54 0 55 52 2 0 80 6 0 79 4 0 5 
0 37 36 34 38 0 40 0 0 0 0 15 0 9 11 0 12 14 69 62 0 0 0 65 66 0 64 0 81 6 2 79 0 0 80 0 0 0 0 0 18 19 24 0 23 27 29 0 25 32 0 0 0 26 0 56 0 57 60 55 52 54 53 0 0 48 44 0 45 47 46 0 74 72 0 0 0 0 76 0 77 
60 55 54 52 56 0 58 59 0 28 0 33 0 0 29 25 0 32 0 0 4 5 81 0 3 79 0 21 18 0 20 0 23 22 17 19 0 34 38 35 36 0 0 40 0 0 47 51 0 50 0 0 0 0 76 74 77 75 78 0 0 0 0 0 68 0 0 0 63 65 0 0 11 0 0 15 10 7 0 0 0 
0 20 0 17 21 18 23 0 22 74 72 79 0 73 75 0 0 78 0 0 50 51 0 0 49 0 0 67 64 70 66 62 69 0 63 0 4 0 3 81 0 2 0 0 6 10 12 0 8 15 0 0 0 9 0 0 0 40 0 0 35 0 36 32 33 0 27 34 0 0 0 26 57 0 54 61 0 53 59 58 0 
0 47 46 44 48 45 50 51 49 0 18 0 0 19 0 17 22 0 79 72 0 0 73 75 0 0 0 13 0 16 12 8 0 0 9 11 0 26 0 27 28 0 0 0 33 0 39 0 35 42 40 0 0 0 0 66 69 0 70 65 62 0 0 59 60 0 54 61 55 57 56 0 3 1 81 0 2 80 5 4 0 
0 0 28 0 30 27 32 33 31 2 81 7 5 1 3 0 4 0 61 0 59 60 55 57 58 0 56 76 73 79 75 0 78 77 0 0 0 0 12 9 10 0 16 0 0 19 21 25 0 0 22 23 20 0 0 0 51 49 52 47 44 46 45 41 42 40 0 0 0 39 38 0 66 64 0 0 65 62 0 0 0 
0 11 0 0 0 0 14 15 13 65 0 70 68 0 0 0 0 0 43 0 0 42 37 39 0 0 38 0 0 0 57 53 0 0 0 56 76 0 0 72 73 0 79 77 78 1 0 0 0 6 4 0 2 81 32 30 33 0 0 0 26 28 27 0 0 0 18 25 0 0 0 0 48 46 45 52 47 44 50 0 0 
70 0 0 0 66 63 0 69 67 0 36 0 0 0 0 35 40 0 16 9 14 15 0 12 13 8 0 31 0 34 0 26 0 0 27 29 49 44 48 45 46 47 52 50 0 0 0 61 53 60 0 59 56 54 5 3 6 4 7 2 80 0 0 77 78 76 72 79 73 0 74 0 0 19 18 25 20 17 23 22 24 
0 74 73 71 75 72 77 78 76 0 0 0 50 46 48 0 0 51 0 0 0 0 0 0 0 17 0 40 0 0 39 35 42 0 0 0 0 0 0 54 55 56 61 59 60 64 66 0 62 69 67 0 0 63 0 12 0 0 0 0 8 0 9 5 6 4 81 0 0 3 2 80 0 0 27 0 29 26 32 0 0 
43 0 0 0 39 36 41 42 40 0 0 0 0 10 12 0 0 15 70 63 68 0 64 66 0 62 65 4 1 7 3 0 0 0 81 0 0 0 0 18 19 20 0 23 0 28 0 34 26 0 31 0 0 0 0 57 0 0 0 0 0 55 0 0 51 0 45 52 46 48 0 0 0 0 72 0 74 0 77 0 78 
0 0 1 0 0 81 5 0 4 0 0 0 0 55 57 0 0 60 34 0 32 0 28 30 0 0 0 0 46 52 48 44 0 50 45 47 67 62 0 0 64 65 70 0 0 73 75 79 0 0 0 77 74 72 23 0 24 0 25 0 17 0 0 14 0 13 0 0 10 12 11 8 0 0 36 43 38 0 0 40 42 
61 56 55 53 57 0 59 60 0 29 27 34 32 28 0 0 31 0 7 81 5 0 1 0 4 80 0 0 19 25 0 17 0 23 18 0 40 0 39 0 37 0 0 0 0 0 0 52 44 51 49 50 0 45 77 75 78 76 0 0 71 0 72 68 69 0 63 70 0 0 65 0 12 10 9 16 0 0 0 13 0 
0 0 0 27 31 28 33 0 0 3 1 8 6 2 4 81 0 0 0 0 0 61 56 58 59 54 0 77 74 0 76 0 79 78 73 75 14 0 0 0 0 0 17 15 16 20 22 26 18 25 23 24 0 19 51 0 0 50 53 48 45 0 46 42 43 0 0 44 38 40 39 0 67 0 0 71 66 63 69 0 0 
0 12 0 0 13 0 15 16 14 66 0 0 0 65 67 63 68 0 0 37 42 43 38 0 0 0 39 0 56 62 58 0 0 0 55 0 0 72 76 0 0 0 80 0 0 0 0 8 0 7 5 6 3 0 0 31 0 32 35 30 0 0 0 0 25 0 19 0 0 22 21 18 0 47 46 53 48 45 0 0 52 
0 39 0 0 40 0 42 0 0 0 10 17 15 11 13 9 0 16 0 64 69 0 65 67 68 0 0 5 0 8 0 81 7 0 0 0 23 18 22 0 20 0 0 24 0 0 0 0 0 34 32 0 30 0 0 0 61 59 62 57 0 56 0 51 52 0 46 53 47 0 48 45 76 0 0 0 75 72 78 0 0 
0 66 65 63 67 64 69 0 0 39 37 44 42 38 40 36 0 0 17 10 0 16 11 13 14 0 12 32 29 0 31 0 34 33 28 30 0 0 0 46 0 48 0 0 52 56 0 62 54 0 59 60 57 0 6 4 0 5 8 3 81 2 1 78 0 77 73 80 74 76 0 0 22 0 0 26 0 18 0 23 0 
0 0 74 72 0 73 0 0 77 48 46 53 51 47 49 45 50 52 0 0 24 0 20 0 23 0 21 41 0 44 40 0 0 42 37 0 59 54 58 55 56 0 0 60 0 65 67 71 63 70 68 0 66 64 15 13 16 14 17 12 0 11 0 0 0 5 0 0 0 0 0 0 0 0 28 0 30 27 33 32 0 
8 0 2 81 0 0 0 7 0 0 55 62 0 56 58 0 59 0 35 0 33 0 0 31 32 0 30 0 47 53 0 0 0 0 46 48 68 0 67 0 0 66 0 0 0 74 76 80 0 79 0 0 75 0 24 22 25 23 26 21 18 20 0 15 0 14 10 17 11 13 0 9 0 38 0 44 39 36 42 0 43 
0 0 20 18 22 19 24 0 0 0 0 80 0 0 76 0 0 0 53 0 0 52 47 0 0 45 48 68 65 71 67 63 70 0 0 66 0 0 4 1 0 0 0 6 7 11 0 0 0 0 14 15 12 0 42 40 0 41 44 0 0 38 37 33 34 32 28 0 29 31 0 27 58 0 0 62 57 54 0 0 61 
53 48 47 45 49 46 0 52 50 21 19 26 24 0 22 18 23 25 80 0 0 0 0 0 0 0 0 14 11 0 13 0 16 0 0 0 32 0 31 28 29 30 0 0 0 38 40 44 36 43 41 42 39 0 69 0 70 68 71 0 63 65 64 60 61 0 55 62 0 58 0 54 0 2 1 8 3 81 6 0 7 
62 57 56 54 58 55 60 0 59 30 28 0 0 29 31 27 32 0 0 0 0 0 0 4 5 81 3 23 20 0 22 0 25 24 19 21 41 36 40 37 38 39 44 42 0 47 49 0 45 52 0 51 48 46 78 76 79 77 0 75 0 0 0 69 70 68 64 71 0 67 66 63 13 0 10 17 0 9 0 14 0 
0 4 0 1 0 2 7 8 6 58 56 63 0 57 0 0 0 62 36 29 34 35 30 0 33 0 0 51 48 54 0 0 0 0 47 49 69 64 0 65 66 67 72 70 71 0 0 0 0 80 0 0 76 0 0 23 26 24 0 22 0 0 0 0 0 15 11 18 12 0 0 0 0 0 38 45 0 0 43 0 0 
63 0 57 55 0 0 0 62 60 31 29 36 0 0 0 0 33 35 0 2 7 8 0 0 0 1 4 0 0 0 23 0 26 0 20 22 0 0 41 38 39 0 45 43 44 48 50 0 46 0 0 52 0 47 79 77 80 78 0 0 0 75 74 0 0 0 65 72 66 68 67 0 0 0 0 18 0 10 0 0 17 
0 40 0 0 0 0 0 0 42 13 0 0 16 12 14 10 15 17 72 65 70 71 66 68 69 64 67 6 3 0 0 1 0 0 2 4 24 0 23 0 0 0 0 25 26 30 32 36 0 35 0 0 31 29 0 0 0 0 63 58 55 57 0 52 0 51 47 54 0 50 49 46 77 75 74 0 76 73 79 0 0 
27 0 21 0 23 20 25 26 0 0 74 81 79 0 77 0 0 0 0 47 0 53 0 0 51 46 0 69 66 72 68 0 0 70 65 67 0 1 5 0 3 0 9 0 8 12 0 18 10 17 0 16 0 0 0 41 0 42 45 40 0 0 0 34 35 0 29 36 30 32 0 0 59 57 0 63 58 55 61 0 62 
0 0 0 0 68 65 70 71 0 40 38 45 43 39 41 0 0 0 0 11 0 17 12 0 15 10 0 33 30 36 32 28 35 34 29 0 51 0 0 47 48 49 54 52 53 0 0 0 55 62 60 0 0 56 7 5 8 0 9 0 0 3 0 79 80 78 74 81 75 77 0 0 0 0 0 0 22 19 25 24 0 
36 31 0 28 0 0 34 0 33 0 2 9 7 3 5 1 0 8 63 0 61 62 57 59 0 55 58 0 75 0 0 73 80 0 74 0 0 0 14 0 12 0 18 0 17 21 23 0 19 26 0 0 22 20 52 0 0 51 54 0 0 48 47 43 44 42 0 45 39 41 0 37 0 0 65 72 67 0 70 69 71 
0 13 12 0 0 11 0 17 0 67 0 72 0 66 68 64 0 71 45 38 43 44 0 0 42 37 40 0 57 63 59 55 0 0 56 58 0 0 77 74 0 76 81 79 80 3 5 9 1 8 6 7 4 2 34 0 35 0 0 0 28 0 29 25 0 0 20 0 0 23 22 19 50 48 47 0 49 46 52 51 53 
54 49 48 0 0 47 52 0 51 22 20 27 25 21 0 0 0 26 0 74 0 0 75 77 78 73 0 0 0 0 0 10 0 0 0 0 33 28 32 0 30 31 0 34 35 39 41 45 37 0 0 43 0 38 0 0 71 69 72 0 0 66 65 0 62 60 56 63 57 59 0 55 5 3 2 9 0 0 0 6 8 
81 76 75 73 77 0 0 0 0 49 47 54 52 0 0 46 0 53 0 20 25 26 0 0 24 0 22 0 39 0 41 37 44 0 38 0 60 55 0 56 57 58 63 61 62 66 0 0 64 0 69 70 67 0 0 14 0 0 0 13 10 0 11 0 0 0 2 0 3 5 4 0 32 0 0 0 31 0 34 33 0 
2 78 77 75 0 0 81 0 80 51 0 56 54 50 0 0 53 55 0 0 27 28 23 25 26 21 0 0 41 0 0 0 0 0 0 42 62 0 61 58 59 0 0 63 64 68 70 74 0 73 71 72 69 67 0 16 19 17 20 15 0 14 13 0 0 8 4 11 0 0 6 0 34 32 31 38 33 0 0 0 37 
29 24 23 0 25 22 0 28 0 78 0 0 81 0 0 75 80 0 0 49 54 55 50 52 53 48 0 71 0 74 0 66 0 72 0 69 8 3 7 0 5 6 11 0 0 0 16 0 12 0 17 18 15 13 0 0 46 44 47 42 0 41 0 0 0 0 0 38 32 34 33 30 0 59 0 65 60 0 0 62 64 
74 69 0 66 70 67 0 73 0 0 0 47 45 0 43 39 44 46 0 13 18 19 0 0 0 12 0 35 32 0 34 0 0 0 31 0 0 48 0 49 0 0 56 54 55 59 61 0 0 0 62 0 60 58 0 7 0 0 0 0 0 5 0 81 1 80 0 0 77 79 78 75 0 0 22 0 24 21 27 26 28 
47 0 41 39 0 0 45 0 44 0 0 0 0 14 16 0 17 19 0 67 72 73 0 70 71 66 69 8 5 11 0 0 0 9 4 6 0 0 25 22 23 0 29 27 0 0 34 38 0 0 35 36 33 31 63 0 64 62 65 60 57 0 58 54 0 53 49 0 50 0 51 48 79 77 0 2 0 75 81 80 1 
0 0 5 3 7 4 0 0 0 60 58 65 63 59 61 57 0 64 0 31 0 37 0 0 0 0 0 53 50 56 52 48 0 54 49 0 71 66 0 0 0 69 74 72 73 77 0 0 75 1 80 0 78 76 27 25 0 0 29 0 0 23 22 18 19 17 0 0 0 16 0 12 43 0 40 47 0 39 45 0 46 
20 15 0 0 0 0 0 19 0 69 67 0 72 68 70 66 0 73 0 40 0 0 41 43 0 39 42 0 59 65 61 0 64 63 58 0 80 0 79 0 77 78 2 0 1 5 7 0 3 0 8 9 6 0 0 34 37 0 38 0 30 32 31 27 28 26 22 29 23 25 0 21 52 0 0 0 51 48 0 53 0 
0 0 0 48 0 49 0 0 0 24 22 29 27 23 25 21 26 28 0 76 81 1 77 0 80 0 78 17 14 20 0 12 0 0 0 0 35 0 34 31 32 0 38 36 37 0 43 47 0 46 0 45 42 40 0 70 0 0 74 0 66 68 67 63 64 0 0 65 59 0 0 0 0 5 4 0 6 3 9 8 10 
65 0 59 0 0 58 63 0 62 33 31 0 0 32 0 0 35 0 11 0 0 10 5 0 8 3 6 26 23 0 25 0 0 27 0 24 44 39 0 0 41 42 47 45 46 50 0 56 48 55 0 0 51 0 81 0 1 0 2 78 75 77 0 0 73 0 67 74 0 70 0 0 16 0 13 0 15 12 18 0 19 
38 33 32 0 0 0 36 0 35 6 4 11 9 5 7 3 0 0 65 0 63 64 59 61 62 0 60 0 77 0 0 75 0 0 76 0 17 0 16 13 0 0 0 18 19 23 25 29 21 28 26 0 0 22 0 52 55 53 56 51 48 50 49 45 46 44 40 47 0 0 42 0 70 0 67 74 69 66 0 71 0 
0 77 0 0 0 0 0 81 0 0 48 55 0 0 51 0 52 0 28 21 26 27 0 0 25 20 23 43 40 46 0 38 45 44 0 41 0 56 0 57 0 59 0 62 63 0 69 0 65 0 0 0 0 66 0 15 18 16 19 0 0 0 12 8 9 0 3 10 4 0 0 2 33 0 30 37 32 29 35 34 0 
46 41 0 38 0 39 44 45 0 0 12 0 0 13 0 11 16 18 73 66 0 0 0 69 70 0 68 7 4 10 6 2 9 8 3 5 0 20 24 21 22 0 0 26 0 0 33 37 29 0 34 0 32 0 0 60 0 0 0 0 56 0 57 53 0 52 0 55 49 51 50 0 78 76 75 1 0 74 80 0 81 
0 68 67 65 69 0 0 72 0 0 0 0 44 0 42 38 43 45 0 12 0 18 13 0 0 11 0 34 0 0 0 29 0 35 0 0 52 47 0 48 49 50 0 0 54 58 0 64 56 0 0 62 59 57 8 6 9 7 0 5 2 4 3 0 81 79 75 1 0 78 77 74 24 22 21 28 23 0 0 0 0 
19 14 0 11 15 0 17 0 16 0 66 73 0 67 69 0 70 72 0 0 0 0 40 42 0 38 41 61 0 0 60 0 63 62 57 0 0 74 0 75 76 77 0 80 81 4 0 0 2 0 0 0 0 0 0 33 0 0 37 32 29 0 30 26 0 0 0 28 0 24 23 20 0 0 0 0 50 0 53 0 54 
28 23 0 0 24 21 26 27 25 77 75 0 80 76 78 0 79 81 0 48 53 0 49 51 52 0 0 70 67 0 69 65 72 71 0 0 7 2 6 3 0 0 10 8 9 13 15 0 11 0 0 17 14 12 44 0 0 0 46 0 0 0 39 35 0 34 0 37 31 0 0 29 60 58 57 64 59 56 0 0 63 
0 0 49 47 51 0 53 0 0 23 21 0 26 22 24 20 25 27 1 75 0 0 76 78 79 0 77 16 0 0 15 11 18 0 0 14 34 0 0 0 31 32 0 35 0 40 42 46 38 45 0 44 41 0 0 0 0 0 73 0 65 67 0 62 63 61 57 64 0 0 0 0 0 0 3 10 0 0 0 0 9 
10 0 0 0 0 3 8 0 7 59 57 64 0 0 60 0 61 0 37 30 0 36 31 0 34 29 0 0 0 55 51 47 54 53 0 50 70 65 0 66 67 0 0 71 0 76 0 1 74 81 79 80 77 75 0 24 0 25 0 0 0 22 0 0 18 0 12 19 0 0 0 11 0 40 39 46 0 38 0 0 45 
64 59 0 0 60 57 62 63 61 32 0 37 0 0 0 29 0 36 0 0 0 9 4 6 7 0 5 0 22 28 0 20 0 26 0 0 43 38 42 0 40 0 46 0 0 49 51 55 0 54 0 0 50 0 80 78 0 79 0 77 0 0 75 0 72 70 66 73 67 69 0 0 15 13 12 19 0 11 17 16 0 
37 32 31 0 33 0 35 36 34 0 3 10 0 0 6 0 0 9 64 57 62 63 58 60 61 0 59 0 0 0 78 74 81 80 0 0 16 11 15 0 0 14 19 17 0 22 24 28 20 27 25 26 23 21 53 0 0 52 55 50 47 49 48 44 45 43 39 0 40 0 41 0 69 0 0 73 68 0 71 70 0 
0 79 78 76 80 77 1 2 81 52 0 0 55 0 0 49 54 56 0 0 28 29 0 26 0 0 0 45 42 48 0 40 47 46 41 0 0 58 0 59 60 0 66 0 65 69 71 75 0 74 72 73 0 0 19 0 0 0 21 16 13 15 0 0 11 0 0 12 6 8 7 4 35 0 32 0 34 31 37 36 0 
0 70 0 67 71 68 73 74 72 0 41 48 0 42 0 40 0 0 0 14 0 20 15 17 18 13 16 0 0 39 35 31 0 37 32 34 54 49 53 50 51 52 0 55 0 60 0 0 58 0 63 64 61 0 10 8 11 9 12 7 4 0 5 1 2 81 77 0 78 80 79 76 26 24 0 0 25 22 28 27 29 
0 34 0 31 0 32 0 0 0 0 5 12 10 6 8 4 9 0 0 0 0 65 60 62 63 0 0 81 0 3 0 76 2 1 0 79 0 13 0 0 15 0 0 0 20 0 0 30 22 0 27 28 0 0 55 53 56 54 57 0 49 51 50 0 47 0 41 48 42 44 43 40 0 0 68 0 70 67 0 72 74 
57 52 0 0 0 0 55 56 0 0 23 30 0 24 26 22 27 29 3 0 0 2 0 80 0 76 79 18 0 21 0 0 0 19 0 16 36 31 35 32 33 34 39 37 0 42 44 48 40 0 45 46 0 41 73 71 74 72 75 70 0 69 68 64 65 63 59 66 60 0 0 0 8 6 5 12 0 0 10 0 0 
66 61 0 58 62 0 64 0 63 34 32 0 0 0 0 31 0 0 12 0 0 11 0 0 0 0 7 27 24 30 26 22 29 0 23 0 0 40 0 0 42 0 48 46 47 51 53 0 49 0 54 0 0 50 1 0 0 0 0 79 76 78 77 73 74 72 0 75 69 71 0 67 17 0 14 21 0 13 0 18 20 
0 7 0 4 8 5 10 0 9 0 59 66 0 0 62 58 63 65 39 0 37 38 0 35 36 31 0 54 0 57 0 49 56 55 50 52 0 0 71 68 69 70 0 0 0 78 0 0 76 0 81 0 79 77 28 26 0 27 30 25 0 0 23 19 0 0 14 21 15 0 0 0 44 0 41 48 43 40 46 45 0 
30 25 24 0 0 23 28 0 27 79 77 3 0 0 80 76 0 2 57 50 55 0 51 53 54 49 52 0 0 75 0 67 0 73 0 0 9 4 0 0 6 7 12 10 11 15 0 0 13 0 18 19 16 14 0 0 47 45 0 43 40 42 41 37 38 36 32 39 0 0 34 0 62 60 59 0 61 58 64 0 65 
0 43 0 40 0 41 46 47 45 0 14 21 19 15 0 0 0 0 75 68 0 0 69 71 72 67 70 0 0 12 0 4 0 0 5 0 0 0 26 0 0 25 30 0 29 33 0 0 0 38 36 37 34 32 0 62 0 0 66 61 58 60 59 55 56 0 0 0 51 0 52 49 0 78 0 0 0 0 1 0 2 
21 16 0 13 0 0 19 0 18 70 68 0 73 69 0 0 72 74 48 41 0 0 42 0 45 0 43 63 0 66 62 58 65 64 59 61 81 76 80 77 0 0 3 0 0 0 8 12 0 11 9 0 7 5 37 0 0 36 0 0 31 0 32 0 29 27 23 30 24 0 25 22 53 0 0 57 52 0 55 54 56 
31 0 0 0 27 24 29 0 0 80 0 4 2 79 0 77 1 3 0 51 0 57 0 54 55 0 0 0 70 76 72 0 75 74 69 71 10 5 9 0 7 8 13 11 0 0 18 0 14 21 19 20 17 15 47 45 0 0 49 44 41 43 42 0 0 37 33 0 34 0 35 32 0 61 60 67 62 0 65 0 0 
0 0 0 0 18 0 20 21 19 0 69 76 0 70 0 0 0 75 49 42 0 48 0 0 0 41 44 64 61 67 63 59 0 65 0 0 1 77 81 0 0 80 4 0 3 7 9 0 5 12 10 11 8 0 0 36 39 37 0 0 32 34 0 29 30 28 0 31 25 27 26 23 54 52 51 58 53 50 56 0 57 
58 0 52 0 54 51 0 57 55 26 0 31 0 0 0 23 0 0 0 78 2 0 0 81 1 77 80 19 0 0 0 14 0 20 0 17 37 0 36 0 0 35 40 38 0 0 45 49 41 48 0 47 0 0 0 72 0 73 76 0 68 70 0 65 66 64 0 0 61 63 62 59 9 7 6 0 8 0 11 0 0 
0 0 34 32 36 33 38 39 37 8 0 0 11 0 0 5 10 12 67 0 0 66 61 0 64 0 0 1 79 4 0 77 3 2 78 0 19 0 18 15 0 0 22 0 21 25 27 31 23 0 28 0 26 24 0 0 57 55 0 53 50 52 0 0 48 0 42 49 43 0 44 41 72 70 69 76 71 0 74 73 75 
76 71 70 68 72 69 74 75 0 44 0 49 47 43 0 41 46 0 0 0 20 0 16 18 0 14 17 37 34 0 36 32 39 38 0 35 55 0 54 0 0 53 58 56 57 0 0 0 59 0 64 0 0 60 11 9 12 10 13 0 0 0 0 0 0 0 78 0 79 81 0 77 0 25 0 31 26 0 29 0 30 
4 0 0 77 0 0 2 0 1 0 51 58 56 52 0 50 55 57 31 0 29 0 0 0 28 23 26 0 43 49 45 0 0 47 42 44 64 0 63 60 61 0 0 65 66 0 72 0 0 0 0 74 71 69 20 0 21 19 0 17 14 0 15 0 12 0 6 13 7 0 8 0 0 0 33 0 0 32 38 37 0 
49 44 0 41 0 0 47 0 46 0 0 22 0 16 0 14 19 21 0 69 74 0 70 72 0 68 71 10 0 0 0 0 12 0 6 0 0 23 27 0 25 26 0 29 30 34 36 40 32 39 0 0 35 0 0 63 66 64 0 62 59 0 60 0 0 55 51 58 52 54 0 0 0 0 78 0 0 77 0 1 0 
0 8 7 0 0 0 11 0 10 62 0 67 0 0 0 59 0 0 0 0 38 0 34 36 0 0 0 55 0 58 0 0 57 56 51 0 73 0 72 69 70 0 0 0 75 0 0 0 77 3 1 0 0 78 29 0 0 0 0 26 23 0 24 20 21 19 0 22 0 18 0 14 45 43 0 49 44 41 47 0 48 
0 62 0 59 0 0 65 66 64 35 33 0 0 0 36 0 0 39 13 6 11 0 7 0 10 0 0 0 0 31 27 0 0 0 24 26 46 41 45 42 43 44 0 47 48 52 0 58 50 57 0 56 53 51 0 0 3 0 4 80 0 79 78 0 75 0 0 0 70 72 0 68 0 16 0 22 17 0 20 0 0 
