9
0 0 0 0 51 47 45 0 0 9 15 0 14 10 12 0 16 13 58 55 0 0 0 56 53 59 61 71 0 73 72 79 0 0 0 0 64 0 68 65 69 0 70 66 0 0 0 26 0 0 0 34 0 0 24 0 0 17 0 0 25 19 0 81 0 2 0 5 1 0 4 7 0 0 37 40 0 42 36 0 35 
23 22 21 0 24 20 0 19 0 0 69 65 68 64 0 0 0 0 0 28 0 33 27 29 0 32 34 44 48 0 45 0 47 49 0 50 37 0 41 0 42 40 0 39 0 0 81 80 6 1 0 0 2 0 0 77 72 71 74 76 79 73 0 0 57 0 53 0 55 0 58 0 11 0 10 0 0 15 0 0 8 
68 67 0 62 69 0 63 0 70 27 33 0 0 0 0 0 34 31 76 0 0 0 72 74 71 0 79 0 12 10 9 16 11 13 0 0 0 81 5 0 0 0 0 0 0 0 45 0 0 0 49 52 0 48 42 0 0 35 38 40 43 37 39 18 21 0 0 23 19 24 0 25 0 57 55 58 59 0 54 61 53 
5 0 0 80 6 0 81 1 7 45 51 47 0 0 0 44 52 0 13 0 0 0 9 11 8 14 16 0 30 28 27 34 29 31 33 0 19 18 23 20 24 22 25 21 0 0 63 0 0 0 0 0 65 66 60 0 54 53 56 0 0 0 0 36 39 38 35 0 0 42 40 0 74 75 73 0 77 78 0 79 0 
32 0 30 0 33 29 27 28 0 72 0 0 77 73 75 71 0 76 0 37 0 0 0 0 35 0 0 53 0 55 54 0 56 58 60 0 46 45 50 47 0 49 0 48 44 14 0 0 15 10 13 0 11 12 6 5 81 80 2 4 0 1 3 0 66 65 62 68 64 69 0 70 20 21 0 22 0 0 0 25 17 
41 0 0 35 0 0 0 0 43 81 0 2 0 1 3 80 7 4 0 46 0 0 45 47 0 50 52 0 66 64 0 70 0 67 0 68 0 0 0 56 0 58 61 57 53 23 18 0 24 0 22 0 0 21 15 14 9 0 0 13 16 10 0 72 75 0 0 0 73 78 0 79 29 0 28 0 32 0 27 34 26 
0 58 57 53 0 56 0 55 61 18 24 0 0 19 21 0 0 22 67 64 66 0 63 0 62 68 70 0 0 1 81 7 2 0 6 0 0 72 0 74 0 76 79 75 0 41 36 0 42 37 0 0 38 39 33 32 0 26 0 0 0 28 0 9 12 11 0 14 10 0 0 0 47 48 0 49 50 0 45 0 0 
77 76 75 71 78 74 0 73 79 36 42 38 41 0 39 35 0 0 4 0 0 6 81 0 80 0 7 17 21 0 18 25 0 0 24 23 0 0 0 0 0 13 16 12 8 59 54 53 60 55 58 0 0 0 0 50 45 0 47 49 52 0 0 27 30 0 26 0 28 0 31 34 65 0 64 0 68 69 63 70 62 
14 13 12 8 0 11 0 10 0 54 60 0 59 55 0 53 61 58 22 19 21 0 0 0 17 0 25 0 0 0 0 43 38 40 0 41 28 27 0 29 0 31 0 30 26 77 72 71 78 73 0 0 0 75 69 68 63 62 65 67 0 64 66 45 48 47 44 50 46 0 49 0 2 0 1 4 5 6 0 0 80 
27 26 25 0 28 0 22 0 29 0 0 0 0 0 70 0 74 71 35 32 34 0 31 0 30 36 38 0 0 0 49 56 51 0 55 54 41 0 45 42 0 44 0 43 0 9 0 3 10 0 8 11 0 7 1 81 76 0 78 0 0 77 79 0 61 0 0 63 59 0 62 65 15 16 14 0 0 0 13 20 12 
0 0 70 0 0 69 67 68 0 0 0 33 36 32 0 30 0 35 0 77 0 0 0 0 75 81 0 12 16 14 13 20 15 0 19 0 5 4 9 0 0 8 0 7 3 0 49 0 0 50 53 56 51 52 0 45 0 39 0 0 47 0 43 22 25 24 0 27 0 28 26 29 60 61 59 62 63 64 58 0 0 
36 35 0 30 0 0 0 0 0 0 0 78 81 77 79 75 0 80 0 41 43 0 0 42 39 45 47 57 61 59 0 0 0 62 0 0 0 0 54 51 55 0 0 0 48 0 0 0 0 14 17 0 0 16 0 9 4 0 6 8 0 5 7 67 0 0 0 72 0 73 71 0 24 0 23 0 0 28 0 29 0 
81 0 79 0 1 0 76 0 2 40 46 0 45 41 0 39 47 44 8 5 0 10 4 6 0 0 0 21 25 23 0 29 24 26 28 27 14 13 0 15 19 17 0 0 12 63 0 57 0 59 0 65 60 61 55 54 49 0 0 53 56 0 52 31 0 0 0 0 32 37 0 0 0 0 0 0 72 73 0 74 0 
18 17 0 12 19 15 13 14 20 58 0 0 63 59 0 0 0 62 0 0 0 0 22 24 21 27 29 0 0 0 40 47 42 0 46 45 0 31 0 33 0 0 38 0 30 81 0 75 1 77 80 2 0 79 0 0 67 66 69 71 74 68 70 49 52 0 48 0 50 55 0 56 0 7 0 8 0 10 0 0 0 
0 0 0 0 0 0 49 0 0 13 19 0 18 14 0 12 20 17 62 0 61 0 58 0 57 63 0 75 79 77 0 2 78 0 1 81 0 67 72 69 73 71 74 70 0 36 31 0 37 32 35 0 33 34 28 27 22 21 24 0 29 23 0 4 0 0 0 0 0 0 0 0 0 43 41 44 0 46 0 0 39 
45 44 43 0 46 0 40 0 47 4 10 6 9 5 7 3 11 8 53 50 0 55 0 51 48 54 56 0 70 0 67 74 0 71 73 0 0 0 0 60 64 0 0 0 57 27 22 21 28 23 26 0 24 25 0 0 13 0 15 17 0 0 16 0 79 78 75 0 0 1 80 2 33 0 32 35 36 37 0 38 30 
0 0 61 57 64 0 58 59 0 22 28 0 0 0 25 21 29 0 71 0 70 73 0 69 0 0 0 0 7 0 4 0 6 8 10 9 77 76 0 78 0 80 2 79 0 45 40 39 0 41 44 0 42 43 37 0 31 30 33 35 38 32 0 13 0 15 0 0 0 0 17 0 51 0 0 53 54 55 49 56 0 
9 8 7 3 10 0 0 5 0 49 55 0 54 50 52 48 0 0 17 14 16 19 0 15 12 18 0 0 0 0 31 38 33 35 37 0 0 22 27 0 28 26 29 0 0 0 67 66 73 68 0 0 69 0 64 63 58 57 60 0 0 59 61 40 43 42 39 0 0 0 0 47 0 0 0 0 81 0 76 2 0 
21 20 19 15 0 18 0 0 23 0 67 63 0 62 0 60 68 0 29 26 0 0 25 0 24 30 32 42 46 44 43 50 45 47 49 48 35 0 39 36 40 38 41 0 0 3 79 78 4 0 0 0 81 1 76 0 70 69 72 0 77 0 0 52 0 54 0 57 53 0 56 0 0 0 8 0 0 13 0 0 6 
3 2 1 78 4 81 0 0 5 0 0 0 0 44 0 0 50 0 11 0 10 0 7 0 6 12 14 0 28 26 25 0 0 29 0 0 17 0 21 18 0 20 23 0 15 0 61 60 67 62 65 68 63 64 0 57 52 51 0 0 0 0 55 0 0 36 33 39 35 40 38 41 0 0 0 74 0 76 70 0 69 
0 0 46 42 49 0 43 44 50 0 0 9 12 8 10 6 0 0 56 53 0 0 52 54 51 57 0 69 0 71 70 77 72 74 76 75 62 61 66 63 67 0 0 64 0 30 25 0 0 26 29 32 27 0 0 21 16 15 0 20 0 17 0 0 1 81 78 0 0 4 0 0 36 0 35 38 39 40 0 41 0 
0 11 10 0 13 0 7 0 14 52 58 54 57 53 0 51 0 56 0 17 19 22 0 0 0 0 23 33 0 35 0 41 0 0 40 39 0 0 30 0 31 0 0 0 24 75 0 0 76 0 74 77 72 0 67 66 61 60 63 65 0 0 0 0 46 0 42 48 0 0 0 50 81 1 0 2 3 0 79 5 0 
39 38 37 0 40 36 34 0 41 79 0 81 3 80 0 0 0 0 47 44 46 0 43 45 0 0 0 60 64 0 61 0 63 0 67 0 0 0 0 0 0 56 0 0 51 0 16 15 0 17 20 0 0 0 13 12 7 6 0 0 14 8 0 70 73 72 69 0 71 0 74 0 27 0 0 0 0 31 25 32 0 
66 0 64 0 0 63 61 0 0 0 0 27 30 0 28 24 0 0 74 71 0 76 70 72 0 0 0 6 10 0 7 14 9 11 0 0 80 79 0 0 4 0 5 0 78 0 0 42 0 0 47 50 45 46 40 39 34 0 0 0 0 0 0 0 19 0 15 0 17 22 20 0 0 0 53 56 57 0 0 0 51 
57 0 0 0 0 54 52 53 59 16 0 18 0 17 19 0 0 0 65 0 64 67 0 0 0 66 68 78 0 80 79 5 81 0 0 0 71 70 75 72 0 74 77 73 69 0 34 33 40 0 38 41 36 37 31 0 0 24 27 29 32 26 28 7 0 0 6 12 8 13 11 14 45 46 44 0 0 0 43 0 42 
0 0 28 24 31 27 0 26 32 70 0 72 0 71 73 0 77 0 0 35 37 40 0 36 33 39 41 51 0 53 52 59 54 0 58 0 0 43 0 45 49 47 0 46 42 12 0 0 0 8 0 14 9 10 4 0 0 0 0 2 5 0 0 61 64 63 0 0 0 0 65 68 18 19 17 20 0 0 16 23 15 
75 0 0 69 0 72 70 71 77 34 40 36 39 35 37 33 41 38 2 80 1 4 79 81 78 0 5 0 0 17 0 0 18 20 0 21 0 0 0 9 13 0 14 10 0 57 0 51 58 0 0 0 54 0 49 0 0 42 45 0 0 0 0 25 0 27 0 0 0 31 29 0 63 0 62 65 0 67 61 0 0 
0 0 58 0 0 57 0 56 62 0 0 21 24 0 22 0 0 23 0 65 67 0 0 0 63 69 71 81 4 0 1 8 0 0 7 0 0 73 78 0 79 0 0 0 0 42 37 36 43 38 0 0 0 0 0 33 0 27 30 32 0 0 31 0 0 12 0 15 0 16 14 17 48 49 47 50 51 0 0 0 45 
24 0 0 18 25 21 19 0 26 64 0 0 0 65 0 63 0 68 32 0 31 34 0 30 27 0 35 45 0 47 46 53 0 0 0 51 0 37 0 39 0 41 0 0 36 0 1 81 7 0 0 0 3 4 79 0 73 72 0 77 80 0 76 55 58 57 0 60 0 61 59 0 0 13 11 0 15 16 10 0 9 
15 14 13 0 0 0 10 11 0 0 61 0 0 56 58 0 0 59 0 0 22 0 19 21 18 24 26 0 0 38 0 44 0 0 43 42 29 28 0 0 0 32 0 31 27 0 0 72 79 74 77 80 75 76 0 0 64 63 66 0 71 65 0 46 49 48 45 51 0 52 50 0 0 4 0 0 6 7 0 0 0 
6 0 4 81 7 0 0 2 8 46 52 0 51 47 49 45 0 50 14 11 13 16 0 0 9 0 17 27 31 29 28 0 0 32 0 33 20 0 24 21 0 0 0 0 18 69 64 63 70 65 68 71 0 67 0 60 55 54 0 59 0 56 58 0 0 39 0 0 0 0 41 44 75 0 0 77 0 0 0 80 72 
0 32 31 0 34 0 28 29 0 73 79 0 78 74 76 72 80 77 41 38 40 43 0 39 36 42 0 54 58 0 0 62 57 59 61 60 47 46 51 48 52 0 53 0 45 15 0 0 16 11 0 17 0 13 0 0 0 81 3 0 8 0 0 64 67 0 0 69 65 70 68 0 21 0 20 0 0 25 19 26 0 
0 41 0 36 0 39 37 0 0 0 0 0 0 2 4 81 8 5 0 0 49 52 46 0 45 51 53 63 67 65 64 0 66 0 70 0 56 55 60 0 0 59 0 0 0 24 19 0 25 0 23 0 21 0 16 15 10 0 12 14 17 11 13 73 76 75 72 0 74 79 0 80 0 31 29 32 33 0 0 0 27 
78 77 0 72 0 0 73 74 80 37 0 0 42 38 40 36 44 0 0 2 0 7 1 0 0 6 8 18 22 0 0 0 21 23 0 24 11 0 15 12 16 14 17 13 0 60 55 54 61 0 59 0 57 0 0 51 46 45 0 0 53 47 0 28 0 30 0 0 0 34 0 0 66 67 65 68 69 0 64 71 0 
51 50 0 45 0 0 0 0 0 0 16 0 15 0 0 9 17 0 59 56 58 0 55 57 54 60 0 72 0 74 73 80 0 77 0 0 65 0 69 0 70 68 71 67 0 33 28 0 0 0 32 35 0 31 25 0 19 18 0 23 26 20 22 1 4 0 81 6 0 0 0 8 39 40 0 41 0 0 37 44 36 
69 68 67 0 70 66 64 65 0 0 0 30 33 0 31 27 35 0 0 0 76 0 0 75 72 78 80 9 13 0 10 17 12 14 16 15 2 0 6 3 7 0 8 0 81 0 46 0 52 0 50 53 48 49 0 0 0 36 39 0 44 0 40 0 22 21 18 0 20 0 23 26 0 0 56 0 60 0 55 62 0 
7 0 5 1 0 4 0 3 0 47 0 49 52 48 50 0 0 0 0 12 14 17 11 0 10 16 18 28 32 30 0 0 31 0 0 0 0 0 0 22 26 0 0 23 0 0 65 0 71 66 69 0 0 0 0 61 56 0 58 60 63 57 0 38 0 0 37 43 39 44 0 45 0 77 0 78 79 80 74 81 73 
34 33 32 28 35 31 0 30 0 0 80 0 79 75 77 0 81 78 0 39 41 44 38 0 37 43 45 55 0 57 0 63 0 60 62 61 48 47 52 49 53 0 54 0 0 16 0 10 0 0 15 18 13 14 0 7 2 1 4 6 9 3 0 0 68 0 0 0 66 0 69 72 22 23 0 24 25 0 20 27 19 
0 0 0 10 17 13 11 0 18 0 62 0 61 0 0 0 63 60 24 21 0 26 0 22 19 0 27 37 41 0 38 0 40 42 0 43 30 0 0 0 35 33 36 32 28 79 74 0 0 75 78 81 0 77 71 70 0 64 67 0 72 66 68 47 50 0 46 52 48 53 51 54 0 0 3 6 7 0 2 0 1 
0 0 23 0 26 22 20 0 27 0 71 67 0 0 68 64 72 0 0 0 32 35 0 31 0 0 36 46 50 48 0 0 0 0 53 52 39 0 0 40 44 42 45 0 0 7 2 1 0 0 6 0 4 5 80 79 0 73 76 78 81 0 77 0 59 58 55 0 57 0 0 63 13 0 12 15 16 0 0 18 10 
52 0 50 0 0 49 0 48 0 0 17 0 0 0 14 10 0 0 60 0 0 62 56 58 55 61 0 73 77 0 74 81 76 78 80 79 66 0 70 0 0 69 72 68 0 0 0 28 35 30 0 0 0 32 0 25 20 0 0 24 27 0 23 2 5 0 1 7 0 8 0 9 40 41 39 42 43 0 38 45 37 
0 69 0 64 71 67 65 0 72 29 35 31 34 0 0 0 36 0 78 0 77 0 0 76 0 0 0 10 14 12 11 18 13 15 17 16 0 2 0 0 0 0 0 5 0 52 47 46 53 0 51 54 49 50 44 0 0 0 40 42 45 39 41 20 0 22 19 0 0 0 24 27 58 59 57 60 61 62 0 63 0 
43 42 0 0 44 40 38 0 45 2 0 4 7 3 0 1 0 6 51 0 0 53 0 0 0 0 54 64 68 66 65 72 67 69 0 70 57 56 61 0 62 0 0 0 0 0 20 0 0 21 24 27 22 0 17 0 11 10 13 15 18 12 0 0 77 76 73 79 75 80 0 0 0 0 30 33 0 0 0 0 28 
79 78 77 0 0 0 0 75 81 38 0 40 43 39 41 37 45 42 0 0 0 0 2 4 0 0 0 19 23 0 20 27 22 0 26 0 12 0 16 0 17 15 0 14 0 61 0 0 0 57 60 63 0 59 53 52 0 46 49 0 54 48 0 0 32 31 28 34 30 35 33 0 67 68 66 69 0 71 65 72 0 
61 0 59 55 62 58 0 0 0 0 0 22 0 21 0 19 27 0 0 0 68 71 65 67 64 70 72 1 5 3 2 0 0 6 8 7 0 74 0 76 0 0 81 77 0 43 0 37 44 39 0 45 40 41 0 0 0 28 31 33 36 30 0 11 14 13 10 0 0 17 0 18 49 0 48 0 52 0 0 54 46 
65 0 63 59 66 62 0 61 0 24 0 26 29 25 0 23 0 0 73 70 72 0 69 0 0 74 0 5 9 0 6 0 8 10 12 0 79 0 2 0 3 0 4 0 0 47 0 41 48 43 0 0 0 45 0 0 0 32 35 37 40 0 36 0 18 17 14 20 16 21 0 22 53 54 0 55 0 0 51 58 50 
2 1 81 77 0 0 78 0 4 42 0 44 47 0 45 41 0 46 0 0 9 0 6 8 5 0 13 23 27 25 0 0 26 28 0 0 0 15 20 17 0 19 22 18 0 65 0 0 66 61 64 67 62 63 0 56 0 50 53 55 58 0 0 33 36 35 0 38 0 39 37 40 71 72 70 73 0 0 0 76 0 
11 10 9 5 0 0 6 0 13 51 57 0 56 52 0 0 0 0 19 16 18 21 0 0 14 0 22 0 36 34 33 0 0 0 39 0 25 24 29 0 30 0 0 0 0 74 69 68 75 70 0 76 0 72 66 65 60 0 62 0 0 0 63 42 45 44 41 47 43 0 0 49 0 81 79 0 2 0 0 0 77 
0 37 0 32 39 35 0 0 0 78 0 0 0 79 0 77 0 1 46 43 0 48 0 44 0 47 0 59 0 61 0 0 62 0 66 65 52 0 56 53 57 55 58 0 50 0 0 14 0 16 19 0 17 18 0 11 6 0 8 10 13 7 0 0 72 71 68 74 70 0 73 0 26 0 0 0 29 30 24 31 0 
29 28 0 0 30 26 0 0 31 69 0 0 0 70 0 68 0 0 0 0 0 0 0 35 32 0 0 0 54 0 51 58 53 55 57 56 43 42 0 44 0 46 0 45 0 11 6 0 12 7 10 13 0 9 3 2 0 77 80 1 0 0 81 60 63 62 59 65 61 0 0 67 17 18 16 0 0 21 0 0 14 
47 46 45 41 0 0 0 43 49 6 0 8 0 7 9 5 13 0 55 52 54 0 51 0 50 56 58 0 72 70 0 76 71 73 0 0 0 0 65 0 66 64 0 63 59 29 0 0 30 25 28 0 26 27 21 0 15 14 17 0 22 16 18 78 81 0 0 2 0 0 1 0 0 0 34 37 0 0 33 40 0 
0 19 18 14 21 17 15 16 22 0 66 0 0 0 63 59 0 64 28 25 27 30 0 26 23 0 31 41 45 43 42 49 44 0 48 0 34 33 38 35 0 0 0 36 32 2 78 0 3 0 0 4 0 0 75 74 69 0 0 0 76 70 0 51 54 0 50 0 52 0 55 58 0 0 0 10 11 12 6 13 5 
0 73 0 0 0 71 69 70 76 0 39 35 0 34 36 32 0 37 0 0 81 3 78 80 77 2 4 14 18 16 0 0 17 0 0 20 0 0 0 0 12 0 13 9 0 56 51 50 0 52 0 0 0 0 48 0 42 0 44 46 49 43 0 0 27 26 23 0 25 0 28 31 0 63 61 0 65 66 0 67 59 
56 55 54 50 0 53 0 0 58 0 21 17 20 16 0 0 22 19 64 0 63 66 0 62 59 65 0 0 81 0 78 4 80 1 3 0 70 69 74 71 75 0 76 0 0 38 33 32 0 34 37 0 0 0 30 29 24 23 26 28 0 0 27 0 9 8 5 0 7 0 0 0 44 45 43 0 0 0 0 0 41 
0 30 29 25 32 28 0 0 33 71 77 0 0 0 0 70 78 0 39 36 38 41 35 37 0 40 42 52 56 54 53 0 55 57 0 58 0 44 0 0 50 48 51 47 0 13 8 7 0 9 12 15 10 11 5 0 80 0 1 0 0 81 0 62 0 64 0 67 0 68 66 69 19 20 0 21 0 23 17 24 0 
13 12 11 0 14 0 8 0 15 53 0 55 58 54 0 52 0 57 21 18 0 0 0 0 0 22 0 34 38 36 35 0 37 0 0 0 0 26 0 28 0 30 0 29 25 76 0 70 0 72 75 0 73 0 68 0 0 61 64 66 69 0 65 0 47 46 43 49 45 0 0 51 0 2 81 3 0 0 80 0 0 
0 21 20 16 23 0 0 0 24 62 0 64 67 0 0 61 0 0 30 0 29 32 0 0 0 31 33 43 0 0 44 51 46 48 0 0 36 35 40 37 0 39 42 0 34 4 80 79 0 0 3 6 1 2 0 76 71 70 73 75 78 72 0 53 56 55 52 0 0 59 57 60 0 11 9 12 13 14 8 0 0 
49 48 47 0 50 0 44 45 0 8 0 0 13 9 11 7 15 0 57 54 0 0 0 55 0 58 60 70 74 0 0 0 73 0 77 76 63 62 0 0 0 66 69 0 0 0 26 0 0 0 30 0 0 29 23 0 0 16 0 0 0 0 0 0 2 0 0 0 0 5 3 0 37 0 36 0 0 41 35 42 0 
0 66 0 61 68 0 0 63 69 26 0 0 0 27 29 25 33 0 75 72 0 77 0 0 0 76 0 7 11 9 0 0 0 12 0 13 81 0 0 0 0 0 0 2 79 49 0 0 50 45 48 51 46 47 0 0 0 34 37 0 42 36 38 0 20 19 0 22 18 23 0 24 55 0 0 0 58 59 0 60 52 
0 0 0 0 0 37 35 36 0 0 0 1 0 0 0 0 0 3 48 45 0 0 0 46 0 49 0 0 65 63 62 0 64 66 0 0 0 53 58 55 0 0 60 0 52 22 0 16 0 18 21 0 19 20 14 13 8 0 10 12 0 9 0 71 0 0 0 76 72 77 0 78 0 0 27 0 31 0 26 0 0 
0 75 0 70 77 73 0 0 78 35 41 37 0 36 38 0 42 0 3 81 2 5 0 0 79 0 6 16 20 0 0 0 0 21 23 0 0 8 13 0 14 12 15 0 0 0 53 52 59 0 0 60 55 56 0 49 44 43 46 48 51 45 47 26 29 28 0 31 0 0 30 33 64 65 63 66 0 0 0 69 61 
58 57 0 0 59 0 0 54 60 17 0 19 0 18 20 16 24 0 0 0 65 68 0 0 0 67 0 0 2 0 0 6 1 0 5 4 72 0 76 0 0 75 0 0 70 40 35 34 41 36 39 0 0 0 32 0 0 25 28 30 33 0 29 8 0 0 0 13 9 14 0 15 0 47 45 48 49 50 44 51 43 
0 3 0 79 5 1 80 81 0 44 0 0 0 45 47 43 0 48 0 9 0 14 8 10 0 13 0 0 29 27 0 33 28 30 32 31 0 17 0 19 23 0 24 20 16 67 0 0 68 63 0 0 64 65 59 0 53 52 0 57 60 54 56 35 0 37 0 40 0 41 39 42 73 74 72 0 76 77 0 78 0 
46 0 0 40 0 0 41 42 0 5 0 0 10 0 0 4 0 9 54 51 53 56 50 0 49 0 57 67 0 0 68 0 70 72 0 0 60 59 0 61 65 0 66 0 0 28 23 0 0 0 27 0 25 26 20 19 0 13 16 18 0 15 0 77 80 0 76 1 78 2 0 3 0 35 33 0 37 38 32 39 0 
64 63 62 58 65 0 59 60 0 23 29 25 0 0 26 0 30 27 0 69 71 0 68 0 67 0 75 4 8 6 5 12 0 9 11 10 0 77 1 79 2 81 3 0 76 0 0 40 0 42 45 0 43 44 38 37 32 31 0 0 39 33 35 14 0 0 0 0 15 20 0 21 52 53 0 54 55 0 0 0 49 
0 27 0 0 29 0 23 24 30 0 0 70 0 0 0 67 0 72 36 0 0 0 32 34 31 37 39 49 53 0 50 57 52 0 56 0 0 0 46 0 47 45 0 0 40 10 5 0 0 6 9 12 7 0 0 1 77 76 0 0 3 78 80 0 62 61 58 64 60 65 63 0 16 17 15 18 0 0 0 0 13 
0 9 8 0 11 7 5 0 0 50 56 0 0 0 53 49 57 0 0 15 17 0 14 16 13 0 0 31 35 0 32 0 34 36 38 0 0 23 0 25 29 27 0 0 0 0 0 0 74 0 0 75 70 71 65 64 59 0 61 63 66 0 62 0 44 43 40 46 0 47 45 48 79 0 78 81 1 0 0 3 0 
0 0 0 76 2 0 77 78 3 41 0 0 46 42 44 40 48 0 0 0 8 0 0 7 4 10 12 22 0 24 23 0 0 27 29 28 0 14 0 16 20 0 21 17 0 64 59 58 65 60 63 66 61 0 0 55 0 49 0 54 57 0 53 32 35 34 31 37 33 0 0 39 70 71 69 0 73 74 68 0 67 
73 0 0 67 74 0 68 0 75 0 38 34 0 0 35 0 39 36 0 78 80 2 0 79 76 1 0 13 0 0 14 21 16 18 20 19 0 0 0 7 11 0 12 8 4 55 0 49 0 0 54 57 0 53 47 46 41 40 0 0 48 0 0 0 0 0 0 28 0 29 0 30 61 62 60 0 64 65 59 0 58 
0 54 0 49 0 52 50 51 57 14 20 16 0 0 17 13 0 18 0 60 0 65 0 0 58 64 0 0 80 0 0 0 79 81 2 0 69 0 73 0 74 0 75 71 67 0 0 31 38 33 36 39 0 35 29 28 0 22 25 27 30 24 0 5 0 7 4 10 6 11 9 0 43 44 42 45 46 0 41 0 0 
19 0 17 0 0 16 14 0 0 59 0 0 64 60 62 58 66 63 0 24 0 0 23 25 22 0 0 0 44 0 41 48 0 0 47 46 0 0 37 0 38 36 0 35 31 0 77 76 2 78 0 3 0 0 74 73 0 0 70 72 75 0 0 50 0 0 0 0 0 56 54 57 0 8 0 9 0 11 0 0 0 
37 0 35 31 38 0 32 0 39 77 2 0 1 78 80 76 0 81 45 42 44 0 41 43 40 0 48 58 62 60 0 0 61 0 65 64 0 50 55 52 56 0 57 53 49 0 0 13 20 0 18 21 16 0 0 0 5 4 7 9 0 6 8 0 71 70 67 0 0 74 0 75 25 0 24 27 28 29 23 30 22 
44 0 42 38 45 0 0 0 46 0 0 5 0 4 0 0 0 0 0 49 51 54 0 0 47 53 55 65 69 67 66 73 68 0 72 0 0 57 62 0 0 61 0 0 0 26 21 20 27 0 0 0 0 0 18 17 12 11 14 16 19 13 15 75 0 0 74 0 0 81 79 1 32 33 0 34 0 36 30 0 0 
0 16 15 11 0 0 12 13 19 0 0 59 0 58 60 0 64 61 0 22 24 27 21 23 20 0 28 0 42 0 0 0 41 0 0 44 31 0 35 32 36 34 37 0 29 80 0 0 81 0 79 1 77 78 0 71 66 0 0 70 73 67 0 48 51 0 0 53 49 54 0 55 0 0 4 7 8 9 3 0 2 
8 7 6 2 9 0 3 4 10 48 54 50 53 0 51 47 55 52 0 13 15 18 0 14 0 0 19 0 33 0 30 37 0 0 36 35 0 21 26 0 27 0 0 0 20 0 66 65 0 0 70 0 68 0 63 62 57 0 59 0 0 58 60 39 0 41 0 44 40 45 43 46 77 78 0 0 80 81 0 1 74 
0 61 0 0 63 59 0 58 64 21 0 0 26 22 24 0 28 25 0 0 69 72 0 68 65 0 73 2 6 4 3 10 5 7 9 8 76 0 0 0 0 79 1 78 0 0 39 38 0 40 0 0 0 42 36 35 0 29 32 34 0 0 0 12 0 14 11 17 0 18 0 19 0 0 0 0 53 0 48 0 47 
26 25 24 20 27 0 21 0 0 66 72 0 0 67 69 65 0 70 0 0 33 36 30 0 0 35 37 47 51 49 0 55 50 0 54 53 0 0 44 41 45 43 0 0 38 8 3 0 0 0 7 10 5 6 81 80 0 74 0 0 1 0 78 0 0 0 56 0 58 0 61 0 0 0 0 16 0 0 0 19 11 
71 0 0 0 0 0 0 67 73 0 0 32 35 31 0 0 37 34 79 76 78 0 75 77 74 80 1 11 15 13 12 19 14 16 18 0 0 3 8 0 9 7 10 0 2 0 0 47 0 49 0 0 50 51 45 44 0 38 0 0 46 0 42 21 24 0 20 0 22 0 25 28 0 60 0 0 0 63 57 64 0 
35 0 0 0 36 32 30 31 37 75 81 77 0 76 0 74 1 79 43 0 0 45 0 41 38 44 46 56 60 58 0 64 59 0 63 62 0 48 53 50 0 0 0 51 47 17 12 11 18 0 16 0 0 15 0 8 0 0 5 0 0 0 6 66 69 68 65 71 67 72 70 73 23 0 22 25 0 0 21 0 0 
80 0 78 74 81 77 75 0 1 39 0 0 44 40 0 0 0 43 7 0 6 0 0 0 0 8 0 20 24 22 0 0 0 0 0 26 0 0 17 14 0 16 19 0 11 62 57 0 63 58 61 64 0 0 0 53 48 47 0 52 55 49 51 30 0 0 29 0 0 36 34 37 68 0 0 0 71 0 0 73 0 
53 52 0 47 54 50 48 0 55 12 0 14 0 0 0 11 19 0 61 0 60 63 57 59 0 0 64 0 78 76 0 1 77 79 0 80 0 66 71 68 0 0 73 0 65 35 30 29 0 31 34 37 32 33 0 26 0 20 23 0 28 22 24 3 6 0 0 8 4 0 7 10 41 0 40 43 0 45 39 0 0 
