9
50 53 51 55 0 0 0 0 52 58 64 0 0 0 59 63 0 62 0 4 0 10 0 0 0 0 0 23 0 0 0 0 21 0 20 22 12 0 0 17 0 11 0 16 13 41 44 40 38 46 0 0 42 0 0 68 0 0 0 69 0 0 0 35 0 32 33 31 37 36 0 30 80 0 0 74 75 0 77 0 79 
59 0 60 64 0 0 0 63 61 67 73 0 0 70 68 0 0 71 16 13 0 0 17 0 0 12 0 32 0 0 34 37 0 33 29 0 21 27 0 26 28 20 24 0 22 50 53 49 0 55 48 54 51 52 76 77 81 0 74 78 0 75 0 44 0 41 42 40 46 0 0 0 8 9 0 0 3 4 0 10 7 
0 8 6 0 0 2 0 9 0 13 19 15 11 16 0 18 12 0 43 0 42 0 44 0 0 0 38 0 62 63 61 64 0 0 56 0 48 0 50 0 55 0 0 0 49 77 80 0 74 0 75 81 78 79 0 0 0 0 20 24 26 21 25 71 70 68 69 67 73 72 0 66 0 0 33 0 30 0 0 0 34 
0 71 69 73 0 0 66 72 70 76 1 78 74 79 0 81 75 80 0 22 24 28 0 27 23 21 20 0 0 0 43 0 0 0 38 0 30 0 0 0 37 29 33 0 0 59 0 0 0 64 57 0 60 0 0 5 0 0 0 0 8 3 7 53 52 0 0 0 55 0 0 48 0 18 15 11 0 0 0 19 0 
32 35 33 37 31 0 0 0 34 0 0 0 38 0 41 45 0 44 0 0 69 73 0 0 68 66 0 5 0 9 7 10 0 0 2 0 75 0 0 0 0 74 78 79 76 23 0 0 0 28 21 27 24 0 49 0 54 0 0 51 0 0 52 17 16 14 0 13 0 18 11 0 62 63 0 56 57 58 0 64 61 
41 44 42 46 0 38 39 45 43 0 0 0 0 0 0 54 48 53 0 0 78 1 80 0 77 75 74 14 17 0 16 19 12 15 11 0 0 0 0 8 10 0 6 7 0 32 35 0 29 0 30 0 33 34 0 59 0 64 56 60 62 0 0 0 25 23 24 0 0 27 20 21 0 72 69 0 0 67 68 73 0 
0 26 24 28 0 20 21 27 0 0 37 33 29 34 32 36 30 35 61 58 0 64 0 63 0 0 56 0 80 0 79 1 75 0 0 0 66 0 0 71 73 0 0 0 0 14 0 0 0 19 12 18 15 16 40 0 0 46 38 0 0 39 43 8 0 5 6 0 0 0 0 0 53 0 51 0 0 49 50 0 52 
0 80 78 1 76 74 0 0 79 0 0 0 0 0 0 9 0 8 0 0 0 37 35 0 32 0 29 50 53 54 0 55 48 51 47 49 39 0 0 44 0 38 42 43 40 68 71 0 65 73 66 72 0 70 13 14 0 19 0 15 0 12 0 62 61 59 60 0 64 63 56 57 26 27 0 20 21 0 23 0 0 
0 17 15 0 0 0 12 0 0 22 28 24 20 25 0 0 21 26 0 49 0 55 53 54 0 0 47 0 71 0 0 0 0 69 65 67 0 63 59 62 0 56 0 61 58 5 0 4 2 10 3 9 6 7 31 0 0 37 29 33 35 0 34 80 79 0 78 0 1 0 74 75 44 45 0 0 0 40 0 46 43 
0 2 0 4 79 77 78 3 1 7 13 9 0 10 0 0 6 0 37 0 0 40 0 39 35 0 32 53 0 57 0 0 51 54 50 52 0 48 0 0 0 41 45 0 0 0 0 0 68 76 69 75 72 73 16 0 0 22 14 0 20 0 19 65 0 0 0 61 67 66 59 60 0 30 0 23 24 0 26 31 0 
0 29 27 0 0 0 24 0 0 0 0 36 0 0 0 39 0 0 0 61 0 67 65 66 62 60 59 0 0 0 1 0 0 81 0 0 0 0 71 74 76 68 0 0 70 17 0 0 14 22 0 21 0 19 43 0 48 49 0 0 47 42 46 0 0 0 0 0 0 12 0 0 56 57 0 0 51 52 0 58 55 
0 56 54 58 52 50 51 57 55 61 67 63 59 0 62 66 0 0 10 7 9 13 11 12 8 6 5 0 29 30 28 0 0 27 23 0 15 21 0 20 0 0 0 19 16 44 47 43 0 49 0 48 45 46 0 0 75 0 0 72 0 69 73 38 37 35 36 0 40 0 32 0 0 3 0 0 78 79 80 0 1 
0 74 72 76 70 0 0 75 73 79 4 0 77 0 80 3 78 0 28 25 27 0 29 0 26 24 23 0 47 48 46 0 42 45 41 0 33 0 35 0 40 0 36 37 0 62 0 61 0 67 60 0 63 64 0 8 12 13 5 0 11 6 0 56 0 53 54 52 58 0 0 51 20 0 0 14 15 16 17 22 19 
0 65 0 67 61 0 60 0 64 0 76 0 68 73 71 0 0 74 0 16 0 22 0 21 0 0 14 0 38 39 37 0 33 36 32 34 24 0 0 29 0 23 27 28 25 53 0 0 50 58 0 57 0 55 0 0 3 4 77 0 2 78 1 47 0 44 45 43 49 48 0 42 11 0 0 0 6 7 8 0 10 
44 0 0 49 0 41 42 0 0 52 58 0 0 0 53 0 51 56 0 0 81 4 0 3 0 0 77 0 0 0 19 22 15 18 14 0 0 12 0 11 13 5 9 10 0 35 0 34 32 0 0 39 0 37 61 0 66 0 59 63 0 60 64 29 0 26 27 0 0 30 23 0 0 75 0 0 69 70 0 76 73 
17 0 0 22 0 14 15 0 19 25 31 0 23 28 26 30 0 29 55 0 0 0 0 57 53 51 0 0 74 75 73 76 0 72 68 70 0 0 0 0 0 0 0 64 61 8 11 7 0 0 0 12 9 10 34 0 39 40 32 36 0 33 37 0 0 80 0 79 4 0 0 0 47 0 45 41 42 0 44 0 0 
35 0 36 0 34 32 33 39 0 0 0 45 41 46 44 48 42 47 0 70 72 0 74 75 71 0 68 0 0 12 10 13 6 0 5 0 78 3 80 2 4 0 81 0 79 0 0 25 0 0 24 0 27 28 52 53 57 58 0 54 0 0 55 20 0 0 0 16 22 21 0 15 65 0 63 59 60 0 0 0 0 
0 11 9 0 7 0 6 0 0 0 22 0 0 0 0 21 15 0 46 0 45 0 47 0 44 0 41 62 65 66 64 67 0 0 59 61 51 57 53 56 0 50 54 55 52 0 2 79 0 4 0 0 0 1 25 0 30 31 23 0 0 24 0 74 73 71 72 0 76 75 0 69 38 39 36 32 0 34 35 40 0 
48 51 0 53 47 45 0 52 50 56 0 0 54 0 0 61 55 60 5 2 0 8 6 7 0 0 81 21 0 25 0 0 19 22 18 0 0 16 0 0 0 9 13 14 11 39 42 38 0 0 0 43 40 0 0 0 70 71 0 67 0 0 68 0 32 0 0 0 0 0 27 28 0 79 0 72 73 74 0 80 77 
0 42 40 44 38 0 37 43 0 47 0 49 45 50 48 0 0 51 0 74 76 80 78 0 75 73 0 0 0 16 14 0 0 13 9 11 0 7 0 6 8 81 4 0 0 30 0 0 27 0 28 0 31 32 0 0 61 0 0 0 60 55 0 0 23 0 22 20 26 25 18 19 69 0 67 63 0 65 66 0 68 
57 60 58 62 56 0 55 61 0 65 0 0 63 0 66 70 64 69 0 11 13 0 15 16 12 10 9 30 33 34 32 0 28 0 0 29 19 25 21 24 26 18 0 23 0 48 0 47 45 0 46 0 49 50 74 75 79 0 0 76 0 73 0 0 0 39 0 38 0 43 0 0 6 0 4 81 0 2 0 8 0 
0 0 0 0 11 9 0 0 14 20 26 22 0 23 0 0 0 0 50 0 0 0 51 52 48 46 45 0 69 70 68 71 0 0 63 65 55 0 57 0 0 54 0 59 56 0 6 2 81 0 0 7 0 0 29 30 34 0 27 31 33 28 32 78 0 0 0 74 80 79 0 73 0 43 0 0 37 0 39 44 41 
30 0 31 0 29 27 28 0 32 0 0 40 36 0 0 43 0 42 0 0 67 0 69 70 66 64 63 0 0 0 5 8 1 0 81 2 73 79 75 0 0 0 0 77 0 0 0 20 18 26 0 25 0 0 0 0 52 0 45 0 0 0 50 15 14 0 0 11 0 16 0 10 60 61 58 54 0 0 0 0 0 
0 69 67 71 0 63 0 70 68 74 0 76 72 0 75 0 0 78 0 20 0 26 0 0 21 19 18 39 0 0 41 0 0 0 36 38 28 0 30 33 35 27 31 32 0 57 60 0 54 0 0 61 58 59 2 0 7 0 81 0 6 1 0 51 50 48 49 0 53 52 45 46 15 0 13 9 0 11 12 17 14 
21 24 0 0 20 18 0 25 23 29 35 31 0 0 0 34 28 0 0 56 58 0 0 61 57 0 0 0 78 79 77 0 73 76 72 0 0 70 0 0 71 63 0 0 65 12 15 11 0 17 0 16 0 0 0 0 43 44 36 40 42 37 41 6 0 3 4 2 0 0 0 0 0 52 0 45 0 47 48 53 0 
0 6 4 8 2 0 1 7 0 11 17 13 0 14 12 0 10 15 0 38 40 44 0 0 0 37 36 57 60 61 59 62 55 58 0 0 46 52 48 0 53 0 49 0 47 75 0 74 0 0 73 0 76 0 0 0 0 0 18 22 24 0 0 0 68 0 67 0 0 70 0 64 33 34 31 27 28 0 30 35 0 
75 0 76 80 74 0 0 0 0 2 0 4 81 5 0 7 0 6 0 0 0 0 33 0 0 0 27 48 51 0 50 53 0 49 0 0 37 0 39 0 44 0 40 41 38 0 0 0 0 0 0 70 67 68 0 0 0 17 0 13 15 0 0 0 59 57 0 0 62 0 54 0 24 25 0 18 19 0 21 0 0 
0 0 39 43 37 0 36 0 0 46 0 48 44 49 0 0 45 0 76 0 75 0 0 78 74 0 71 0 14 15 13 0 0 12 8 10 81 0 2 5 7 80 0 4 1 29 32 28 0 34 0 0 30 31 55 0 60 0 0 57 0 54 58 0 0 0 0 0 25 24 0 0 68 69 0 0 0 0 0 0 67 
2 5 0 7 1 80 81 0 4 10 16 12 8 13 0 0 9 0 0 0 39 0 41 42 0 0 35 0 0 60 58 0 54 0 0 55 45 51 47 0 52 0 0 49 0 74 0 73 71 0 0 78 75 0 0 20 0 25 0 0 23 0 22 68 0 65 0 0 70 0 0 0 0 0 30 26 27 28 29 0 31 
20 23 21 25 19 0 0 24 0 28 0 30 26 31 29 33 27 0 58 55 0 61 59 0 56 54 0 0 77 0 0 79 0 0 71 0 0 69 0 68 70 62 66 67 64 11 0 0 8 0 9 0 0 0 0 0 0 43 0 0 41 36 40 0 4 2 3 0 0 6 80 0 50 51 48 44 45 46 47 52 49 
29 32 0 34 28 26 27 0 31 37 43 0 35 0 38 42 0 41 67 64 66 0 0 69 0 0 0 2 0 6 0 7 0 3 0 1 72 78 0 0 0 71 75 0 73 20 23 19 0 25 18 24 0 22 0 0 51 0 44 48 50 0 0 14 0 11 12 10 16 15 8 9 0 0 57 0 54 55 56 61 0 
0 77 75 79 0 71 72 0 0 1 7 3 80 0 2 0 81 5 31 0 0 0 32 0 0 0 26 0 0 0 49 52 0 48 44 46 36 42 38 0 0 35 39 40 0 0 0 0 0 70 63 69 66 0 10 11 15 0 8 0 0 9 0 59 0 56 57 55 61 0 53 54 0 24 21 17 0 0 20 0 0 
0 14 12 0 10 8 9 15 13 19 25 0 0 0 20 0 0 23 49 46 48 0 0 51 47 45 44 0 68 69 0 0 63 0 0 64 0 0 0 0 0 0 0 58 55 2 5 0 80 7 0 0 3 4 0 29 33 34 26 30 32 27 31 77 0 0 0 73 79 78 71 0 0 0 0 35 36 0 38 43 40 
0 59 57 61 55 0 0 60 58 0 70 66 62 67 65 69 63 68 0 0 0 16 0 15 0 0 0 29 32 33 31 34 27 30 26 28 0 24 20 0 0 0 0 22 19 47 50 46 0 0 0 0 0 49 0 74 0 0 0 75 0 72 0 0 40 38 39 37 43 42 35 36 0 6 0 80 81 0 2 7 0 
0 50 48 52 46 44 0 0 49 0 61 0 53 58 56 60 54 59 4 1 0 0 5 6 0 0 0 0 23 24 0 25 0 21 0 19 9 0 0 14 0 0 12 0 0 0 41 37 0 43 0 42 0 0 64 65 0 70 62 0 0 63 67 32 0 29 30 0 34 0 26 0 77 0 75 71 72 73 0 0 76 
0 68 66 70 0 0 0 69 0 0 79 0 71 0 74 0 0 77 0 19 21 0 23 24 0 18 0 38 41 0 0 43 36 39 35 37 0 33 29 32 0 26 30 0 28 0 59 55 53 61 54 60 57 0 1 0 6 7 0 0 5 81 0 50 49 0 0 0 52 0 44 45 0 15 12 0 0 10 0 0 13 
0 64 0 66 60 58 0 0 0 69 75 71 67 0 70 74 68 73 0 15 0 21 0 0 16 14 13 0 0 38 0 0 32 35 0 0 23 0 0 28 30 0 26 27 0 0 0 0 49 0 50 56 53 0 78 79 0 0 76 80 0 0 0 46 0 0 44 0 0 47 0 41 10 11 0 0 5 6 7 12 9 
43 46 44 48 0 40 41 0 45 0 57 0 49 0 52 56 0 55 0 78 0 3 0 0 0 0 76 0 19 20 0 21 14 0 0 0 0 0 7 10 0 4 8 9 6 0 37 33 31 39 32 0 35 0 60 61 0 66 58 62 64 59 63 28 0 25 26 24 30 29 22 23 0 74 71 67 68 0 0 0 72 
0 73 71 75 69 67 68 74 0 78 0 80 76 81 79 2 77 1 27 0 26 30 28 0 25 23 22 0 46 0 0 48 41 44 40 42 0 38 34 37 39 0 35 36 33 0 64 0 0 66 59 0 62 0 6 0 11 12 4 8 0 0 9 55 54 52 53 51 0 56 49 50 0 0 17 13 0 15 16 0 18 
0 10 0 12 6 4 5 11 9 15 0 17 0 18 16 20 14 19 45 0 44 48 0 47 0 41 40 61 0 0 63 66 59 0 58 60 50 56 0 55 57 0 53 0 0 79 0 0 0 3 77 0 80 81 0 25 0 30 22 0 0 23 27 0 0 0 71 0 0 0 0 68 37 0 0 0 0 33 0 39 36 
79 1 80 3 0 0 77 0 0 6 12 0 4 0 0 11 5 0 36 0 0 0 0 38 34 32 31 52 55 0 0 57 50 0 49 51 41 0 0 46 0 0 0 0 0 0 73 0 67 75 68 74 0 0 15 16 0 21 13 17 0 0 0 64 63 61 62 60 0 65 0 59 0 29 26 0 23 0 25 30 0 
0 0 0 21 15 0 14 20 18 24 0 26 0 0 0 29 0 0 54 51 53 57 55 0 0 0 49 0 73 0 72 0 0 71 67 69 0 65 61 64 66 0 62 63 0 7 10 6 4 12 5 11 0 9 33 34 0 0 31 0 37 0 36 1 81 79 80 78 3 0 0 77 46 47 44 0 0 0 0 48 45 
52 0 53 0 51 0 0 0 54 60 0 62 58 63 61 65 59 64 0 6 0 0 10 11 0 0 4 25 28 0 27 0 0 26 22 24 14 0 0 0 0 0 17 0 15 0 46 0 40 0 41 0 44 0 69 70 74 0 0 71 73 0 72 37 36 34 0 0 0 38 31 0 0 2 80 0 0 0 0 3 81 
25 28 0 30 0 0 0 29 27 33 39 35 31 0 0 0 0 37 63 60 62 0 64 65 61 59 58 79 1 2 81 0 77 0 76 78 68 74 70 73 75 0 71 0 69 16 19 0 0 0 0 0 0 18 0 0 47 48 40 44 46 0 45 10 9 0 8 6 12 11 0 5 55 56 0 49 50 51 0 0 54 
34 0 35 39 33 0 32 38 36 42 48 44 40 45 43 47 0 46 72 0 71 75 0 0 0 68 67 0 0 11 0 0 5 8 4 0 77 0 0 1 0 0 0 81 78 0 28 0 22 30 23 29 26 27 51 52 56 57 49 53 55 50 54 0 18 16 17 15 21 0 0 14 0 0 62 0 59 60 61 66 63 
19 0 0 0 0 0 0 0 21 0 33 29 25 30 0 32 0 31 0 0 56 0 58 59 55 53 52 73 0 77 0 78 0 74 70 0 62 68 0 0 0 0 0 0 63 10 13 0 0 15 8 0 0 12 36 0 41 0 0 38 0 35 39 4 0 0 2 81 6 5 79 0 49 50 47 43 44 0 46 51 48 
0 49 47 51 0 0 44 0 0 54 60 0 52 57 55 59 53 58 3 81 2 0 4 0 1 80 79 0 22 0 21 24 0 0 0 18 0 0 0 0 15 0 11 12 0 37 40 0 34 0 35 0 0 39 0 64 68 69 0 65 67 0 66 0 0 0 29 27 33 0 25 0 76 0 74 70 0 0 0 0 75 
73 76 74 78 72 0 0 77 75 0 6 0 79 0 0 5 80 4 0 0 29 0 31 0 28 26 25 46 49 50 0 51 0 47 43 0 35 41 0 0 0 0 38 39 36 64 0 63 0 69 62 0 65 0 0 0 0 15 0 0 13 8 0 58 57 0 0 54 60 0 52 53 0 23 20 16 17 18 0 24 21 
64 67 65 0 63 0 62 68 66 72 78 74 70 75 73 0 71 76 21 0 0 24 0 0 19 0 0 37 40 0 0 42 35 0 0 36 0 0 0 31 0 25 0 0 0 55 58 54 0 0 0 59 56 57 81 1 0 0 79 0 4 80 3 49 48 46 47 45 0 0 43 44 13 14 11 7 0 0 10 15 12 
0 0 29 0 0 25 26 32 0 36 0 0 34 39 37 0 0 40 0 63 65 69 67 68 64 62 0 0 0 0 3 6 80 2 79 81 0 0 0 76 0 70 0 0 72 19 0 18 16 24 17 23 20 0 0 0 0 51 43 0 0 0 0 13 0 0 11 0 15 14 7 8 0 0 56 0 53 54 55 60 57 
10 0 11 0 9 7 8 14 0 18 0 20 0 21 0 23 17 22 0 45 47 51 49 0 46 44 43 0 67 68 66 69 62 65 0 0 0 0 55 0 0 52 56 57 0 1 0 81 79 6 80 0 2 0 0 28 0 33 25 29 31 26 30 76 0 0 74 0 0 0 70 71 40 41 0 34 35 0 37 42 0 
37 0 38 42 36 0 35 41 0 0 51 47 43 48 0 50 0 49 75 72 0 78 0 77 73 71 0 10 0 14 0 15 0 0 0 9 80 0 0 4 6 0 0 0 0 28 31 0 25 0 0 0 29 30 0 0 59 0 52 0 0 53 57 0 21 0 20 18 0 0 16 17 0 0 65 61 62 63 64 69 0 
0 4 2 0 81 79 80 5 0 9 0 0 7 0 0 14 8 13 0 0 38 42 40 41 0 0 0 55 58 59 0 60 0 56 0 54 0 0 46 0 51 0 47 0 45 73 76 0 70 78 0 77 74 75 0 19 23 0 0 20 22 0 21 0 66 64 65 0 0 68 61 62 0 0 29 25 26 27 28 0 30 
0 58 56 60 54 52 53 0 0 63 69 0 61 66 64 68 0 0 0 0 0 0 13 0 0 8 7 28 31 32 30 0 0 0 0 0 17 0 19 0 0 16 20 21 0 46 49 0 43 51 0 50 47 48 72 73 0 78 0 0 0 71 75 40 39 0 0 0 0 41 0 35 4 5 0 79 80 0 0 0 3 
0 0 70 74 68 66 0 73 71 0 2 79 0 0 0 0 76 81 0 0 25 0 27 0 24 22 0 42 0 46 44 47 40 43 39 0 0 37 0 36 38 0 34 0 32 0 63 59 57 65 58 0 0 0 0 6 10 0 3 7 9 4 0 54 53 51 0 50 56 55 48 0 18 19 16 0 13 0 15 0 17 
6 0 0 11 0 3 0 0 8 14 20 0 12 17 15 0 13 0 0 41 43 47 0 46 42 40 0 0 63 64 0 0 58 61 0 0 0 55 51 54 56 0 52 0 0 78 81 0 0 0 76 0 0 80 23 0 28 0 21 25 0 0 26 0 0 0 0 0 0 73 0 0 36 37 34 0 31 32 0 0 35 
0 27 25 29 0 21 22 28 0 0 0 0 30 0 0 37 31 36 0 0 0 65 63 64 60 58 57 78 81 1 80 2 0 79 75 0 67 0 0 0 74 66 70 71 68 15 18 14 0 0 0 19 16 17 41 0 46 0 39 43 45 0 44 9 8 6 0 0 11 0 3 4 0 55 0 48 49 50 51 0 0 
78 81 79 2 77 75 76 0 80 5 0 0 3 0 6 0 0 0 35 32 34 38 36 37 0 31 0 51 0 0 53 56 49 0 0 0 40 46 0 45 47 39 0 0 41 69 0 68 66 74 0 73 70 0 14 15 19 20 0 16 0 13 17 63 62 60 61 59 65 64 57 0 27 0 25 0 0 23 0 29 26 
33 0 34 38 0 0 31 37 35 41 0 43 0 44 0 46 40 0 0 68 0 0 72 73 0 67 66 6 0 0 0 11 0 7 3 0 0 0 78 0 2 75 79 80 77 0 0 23 21 29 0 28 0 26 0 51 55 0 48 52 0 49 0 18 0 15 16 14 20 19 0 0 63 64 61 0 58 59 0 0 0 
42 45 43 0 41 39 40 46 44 50 56 52 0 0 0 55 0 54 80 0 0 0 0 0 78 0 75 15 18 19 17 0 13 16 12 0 4 10 6 0 11 0 0 0 5 0 0 0 30 0 31 37 34 35 0 0 0 0 57 61 63 0 62 27 26 0 25 0 0 0 0 22 0 0 0 66 0 0 69 74 0 
15 18 16 20 14 0 0 19 0 0 0 25 0 0 24 0 22 0 53 50 52 0 0 55 51 0 48 0 0 73 0 74 67 0 66 68 58 0 0 63 65 0 61 62 59 0 9 0 3 11 4 10 7 8 32 33 0 38 30 34 0 31 0 81 0 0 0 77 2 0 75 76 45 0 0 0 40 41 0 47 44 
0 63 61 65 0 0 58 64 62 0 74 70 66 71 69 73 67 72 0 14 16 0 18 19 15 13 0 0 0 37 35 38 31 0 30 32 0 28 0 0 0 21 25 0 23 51 0 50 48 0 49 0 52 53 0 0 1 2 75 79 0 76 0 45 44 0 43 41 0 46 39 40 0 10 0 3 4 5 0 0 8 
51 54 52 56 50 48 0 55 0 59 0 61 57 0 0 64 58 63 0 5 7 0 0 0 0 4 3 0 27 28 26 29 22 0 0 23 0 19 15 18 0 0 16 17 0 42 45 41 0 47 40 46 0 44 68 0 0 0 0 70 72 0 71 36 35 33 34 32 0 37 30 0 0 1 79 75 0 77 78 0 80 
0 0 0 0 80 0 0 4 0 8 0 0 6 11 9 13 0 0 0 35 0 41 39 40 36 0 0 0 57 58 0 59 0 0 0 53 0 0 0 48 0 42 46 0 44 0 75 71 0 0 70 76 73 0 0 18 0 0 15 0 21 16 20 0 65 63 0 0 68 67 0 61 0 31 28 24 0 0 27 32 0 
0 39 0 0 0 33 0 40 0 44 0 46 42 0 45 49 0 0 74 0 73 77 0 76 72 0 0 9 12 13 11 14 7 10 6 8 0 4 0 3 5 0 0 0 80 27 30 26 24 0 0 31 0 0 53 0 58 59 51 55 0 52 0 0 20 0 19 0 0 22 15 0 66 67 64 0 61 62 63 68 65 
54 0 55 0 0 0 0 58 56 0 68 0 60 65 63 67 61 66 11 8 0 14 0 13 9 7 6 27 30 31 29 0 25 28 24 26 16 0 18 21 0 15 0 20 0 45 48 0 0 0 43 49 46 47 71 72 76 77 69 73 75 70 74 0 38 36 0 0 0 40 0 34 3 4 0 78 0 0 0 0 0 
72 75 0 0 71 0 0 76 0 80 5 0 78 0 0 4 79 3 0 26 0 32 30 0 27 25 24 45 48 49 0 50 0 46 42 44 0 0 36 39 41 33 0 38 0 0 66 62 0 0 0 67 64 65 8 9 13 14 6 10 12 7 11 0 56 0 55 53 59 0 51 52 0 22 0 15 0 17 18 23 0 
45 48 46 0 44 42 43 49 0 53 0 0 51 56 54 58 0 57 2 0 1 5 3 4 81 0 78 18 0 22 0 23 0 19 0 17 0 13 9 0 14 0 10 11 8 0 39 35 33 0 0 40 37 38 62 0 67 0 60 0 66 0 0 0 29 27 28 0 0 31 0 25 0 0 73 0 0 71 72 0 74 
63 0 0 68 62 60 61 67 0 0 0 0 69 0 72 0 70 0 20 17 0 23 0 0 18 16 15 36 39 0 38 41 0 37 33 0 25 0 0 30 32 24 0 29 0 54 57 0 51 59 52 58 0 56 0 0 4 0 78 1 0 0 2 48 0 45 0 0 0 49 0 43 0 13 10 6 7 8 9 14 11 
9 0 10 0 8 6 7 13 11 0 23 19 15 20 0 0 0 0 0 0 46 0 48 0 0 43 42 63 66 67 65 68 0 0 0 62 52 58 0 57 59 0 55 56 0 0 0 0 78 5 0 0 0 0 0 0 0 32 24 0 0 25 29 75 74 72 73 0 77 0 69 0 39 40 0 33 34 35 36 0 38 
18 0 19 23 17 0 0 0 20 0 32 28 0 29 27 0 25 0 56 53 0 59 57 58 54 52 0 72 75 0 74 77 70 0 0 0 61 0 0 66 68 0 64 0 62 9 12 8 6 14 0 0 0 0 35 36 0 0 33 37 0 34 38 0 0 0 1 80 0 0 78 0 0 49 0 42 0 0 0 50 47 
27 0 0 32 26 24 0 31 29 35 0 37 33 38 36 40 34 0 65 62 64 68 66 67 0 0 60 81 3 0 0 5 79 1 78 80 70 76 72 75 0 69 73 74 71 18 21 0 15 23 16 22 0 0 0 45 0 50 0 46 48 43 47 12 11 9 10 8 14 13 0 7 0 58 55 0 52 0 54 0 0 
0 52 50 0 48 46 47 0 51 57 63 59 55 60 58 62 0 61 0 3 5 0 0 8 4 2 0 22 25 0 24 0 0 23 19 0 11 17 0 16 18 0 0 15 0 40 43 0 0 0 0 44 41 0 0 67 71 72 64 68 70 65 69 34 33 31 32 30 36 0 28 29 79 0 77 73 0 75 76 81 78 
31 0 32 36 0 28 0 35 33 39 0 41 37 0 40 44 0 0 69 66 68 0 0 0 67 65 0 4 0 8 6 9 2 5 0 0 0 80 0 79 0 73 77 0 75 0 25 0 19 27 0 26 23 24 0 0 0 54 0 0 0 47 0 16 15 13 14 12 18 0 0 0 61 0 0 0 0 57 0 63 0 
40 43 0 45 0 37 38 0 42 48 54 50 46 0 0 53 0 0 0 0 77 0 79 80 0 74 73 0 0 17 0 18 0 0 0 12 0 8 0 0 0 0 0 0 3 31 34 30 28 0 29 35 0 0 57 0 62 63 0 0 0 56 0 25 24 22 23 21 0 0 19 20 70 0 0 64 65 0 67 72 69 
0 7 0 9 3 1 2 0 6 0 18 0 10 0 13 17 11 16 42 0 41 0 43 44 40 38 0 0 0 62 0 0 56 59 0 57 47 0 0 0 0 0 50 51 0 76 79 75 73 0 0 0 77 78 0 22 0 0 19 0 25 20 24 70 69 67 0 0 0 0 64 65 0 0 0 0 29 30 0 36 33 
0 79 0 0 0 0 74 80 78 3 0 5 1 6 0 8 0 7 33 30 32 0 0 35 31 0 0 49 0 0 51 54 47 50 0 0 38 44 0 43 0 37 41 42 39 67 70 66 0 72 0 0 68 69 0 13 0 18 0 0 0 11 15 61 60 0 59 0 0 62 0 56 0 26 0 19 0 0 22 27 24 
13 16 14 0 0 10 11 0 0 21 0 23 19 24 22 0 20 0 51 48 50 54 0 0 49 0 46 67 0 71 69 72 0 68 64 0 56 62 58 61 0 0 59 60 57 4 7 0 1 0 0 8 0 6 30 31 0 36 28 32 34 29 33 79 78 0 77 0 81 80 73 74 43 44 41 0 0 39 40 0 0 
67 70 68 72 66 64 65 71 0 0 81 77 0 78 0 80 0 0 24 0 0 0 0 26 22 20 0 40 0 44 0 45 38 0 0 0 29 35 31 0 0 28 0 33 0 0 0 0 0 63 0 0 59 0 3 4 0 9 1 5 0 0 6 52 0 0 0 0 54 0 0 47 16 0 14 10 0 12 0 18 0 
58 61 59 63 57 55 0 0 60 0 0 68 0 0 67 71 0 70 0 12 0 18 0 0 13 11 10 0 34 0 33 36 29 32 28 0 0 26 0 0 27 19 0 24 21 0 52 0 46 54 47 53 0 0 75 76 80 0 0 0 79 74 78 43 42 40 41 0 0 0 0 0 0 8 5 1 0 0 0 0 6 
0 0 23 27 21 0 0 26 24 0 0 32 0 33 0 35 29 34 60 57 0 63 0 0 58 56 55 76 79 80 0 81 0 77 0 0 65 71 67 0 0 64 68 69 0 13 0 12 10 18 11 0 14 0 0 40 0 45 37 41 43 38 0 7 6 4 0 3 0 0 1 2 52 0 0 46 0 0 49 54 51 
