9
56 0 0 54 50 0 51 49 53 0 43 0 40 0 41 0 0 46 68 67 0 0 75 69 70 72 0 0 2 0 0 81 76 79 0 0 0 4 5 10 6 8 0 11 9 0 61 66 0 0 62 65 0 63 0 0 32 0 0 38 39 0 37 29 27 0 22 30 24 0 26 28 0 0 0 13 0 0 17 0 0 
0 73 70 72 0 75 0 67 0 0 61 66 58 0 0 0 0 64 0 4 0 11 0 6 7 9 0 0 20 17 14 0 0 16 0 0 30 22 23 28 0 0 25 29 27 1 79 0 76 78 0 0 77 0 0 0 0 51 54 56 57 52 0 0 0 0 40 0 0 43 0 46 0 0 36 0 32 34 35 37 39 
11 0 0 0 0 12 6 4 8 78 79 0 76 81 0 0 2 0 23 0 26 29 30 0 25 0 28 0 0 35 32 0 0 0 37 39 0 40 41 0 42 44 43 0 0 19 16 0 13 15 17 20 14 18 0 67 68 0 0 74 0 70 73 65 63 59 58 66 0 61 62 64 51 56 54 0 50 52 0 55 0 
47 46 43 0 0 0 42 40 0 33 0 0 31 0 0 0 38 37 59 0 0 0 66 0 0 63 0 69 74 0 68 72 67 70 0 75 3 76 0 1 0 80 79 2 81 55 52 57 49 51 53 56 50 54 26 22 23 0 27 0 30 25 0 20 18 0 13 21 0 16 17 19 6 11 0 4 5 7 8 10 12 
0 28 25 27 23 0 24 22 0 0 0 21 13 0 14 17 0 19 41 40 44 0 48 42 43 0 46 51 56 0 0 54 0 52 55 0 0 0 59 64 60 62 61 65 0 0 34 39 31 0 0 38 32 36 8 4 5 6 0 11 12 0 10 0 0 77 76 3 0 0 80 1 0 74 72 0 68 0 71 0 75 
2 1 79 0 77 3 78 0 0 0 70 75 67 0 0 71 74 73 14 13 0 0 0 15 0 0 0 24 29 0 23 27 22 0 0 30 0 31 0 0 0 35 34 0 36 0 7 0 0 0 8 0 0 9 62 0 0 0 63 65 0 61 64 0 0 50 49 57 0 52 0 55 0 0 0 0 0 43 44 46 48 
0 64 0 0 0 66 60 0 62 51 0 57 49 0 50 0 0 55 77 76 80 2 3 0 79 81 1 6 11 0 0 9 4 0 10 12 0 0 0 19 0 0 0 0 18 73 0 0 67 0 71 0 0 72 44 0 41 0 45 47 0 0 46 0 36 32 0 0 33 34 0 37 24 29 0 0 23 25 26 28 0 
20 19 16 18 14 0 0 13 0 6 0 12 4 9 5 0 0 10 0 0 35 0 0 0 34 36 0 0 47 44 41 0 0 43 0 48 57 49 50 55 0 53 52 0 54 0 0 0 0 24 0 29 0 0 80 0 77 78 0 0 3 79 1 74 72 0 67 75 69 70 0 0 60 65 63 58 59 61 62 0 66 
38 37 34 0 32 39 33 0 35 0 0 30 0 0 0 26 29 28 0 49 0 56 57 51 52 54 0 60 65 62 59 0 58 0 64 0 0 67 68 73 69 0 0 0 72 0 43 0 0 42 44 47 41 45 17 13 14 0 18 20 21 16 0 0 9 0 0 0 6 0 8 0 78 0 81 76 77 0 0 0 3 
22 21 18 20 16 23 0 15 19 8 0 14 6 11 0 0 0 0 34 0 0 0 41 35 36 0 0 0 49 0 43 47 42 45 48 50 0 51 52 0 53 0 54 58 56 0 27 0 24 26 0 31 25 29 1 0 79 80 0 4 0 0 0 76 74 70 69 77 0 72 73 75 62 0 65 0 61 63 0 66 68 
0 66 63 65 61 68 62 60 64 0 0 59 0 0 52 55 0 57 0 78 1 0 5 0 81 2 3 0 0 10 7 0 0 0 12 14 0 0 0 21 17 0 18 22 20 0 72 77 0 0 73 76 70 0 0 0 0 0 47 49 0 45 0 40 38 34 33 41 35 36 37 39 26 31 0 0 25 27 0 0 32 
0 0 54 56 0 0 53 0 0 0 45 50 42 47 43 46 49 48 70 0 73 0 77 0 0 74 75 80 0 1 79 0 78 0 3 5 14 6 7 12 0 10 9 13 11 66 0 0 0 0 0 0 61 0 37 33 34 0 38 40 0 0 0 0 29 25 24 0 26 27 0 30 17 22 20 15 16 18 19 21 23 
4 0 0 2 79 0 80 0 1 71 72 0 0 0 0 73 76 75 0 0 0 0 0 17 18 20 21 0 31 28 0 29 0 0 30 32 41 33 34 39 0 37 36 0 38 0 9 14 6 0 0 13 7 0 64 60 0 0 65 0 68 63 0 0 0 52 51 0 0 0 55 57 44 0 0 42 43 45 46 0 50 
40 39 36 0 0 0 0 33 0 0 0 32 24 0 25 28 31 0 0 0 0 0 59 53 54 56 57 62 0 64 0 65 0 63 0 0 77 0 0 0 71 0 72 0 74 0 45 50 42 0 0 49 43 47 19 15 16 0 0 0 23 18 0 13 0 7 0 0 8 9 0 12 80 0 0 0 0 81 0 3 5 
13 12 0 11 7 0 8 6 10 80 0 5 0 2 79 1 0 0 0 0 28 31 32 0 27 0 30 35 0 37 0 0 33 0 39 0 50 0 43 48 44 0 45 49 47 21 0 23 0 17 0 0 16 20 73 69 0 71 74 76 77 72 75 0 65 61 0 68 0 0 0 0 53 58 0 51 52 0 55 57 59 
0 0 45 0 0 50 0 0 46 35 0 41 33 38 34 37 0 39 61 60 64 67 68 0 63 65 66 0 76 73 70 74 69 72 0 0 0 0 0 3 0 1 0 4 2 0 0 0 0 0 0 58 52 0 28 0 25 26 29 31 32 0 30 22 20 16 15 23 17 18 19 21 0 13 11 6 7 9 0 12 14 
76 75 72 0 70 77 71 69 73 62 0 68 60 65 0 0 0 0 0 0 0 13 14 0 0 0 0 0 22 0 16 20 15 18 0 23 32 24 25 30 26 28 0 31 0 3 81 5 78 80 1 4 0 2 55 0 52 0 0 0 0 54 0 49 0 0 42 0 44 0 46 0 0 0 0 0 34 0 37 0 41 
31 30 0 29 25 0 26 24 28 17 0 23 0 0 0 19 22 0 0 0 46 49 50 44 0 0 0 53 58 55 0 56 51 54 57 0 0 60 0 0 0 0 63 0 65 39 0 41 33 35 37 0 0 38 10 0 0 8 0 0 14 9 12 4 2 79 78 5 80 0 0 3 0 0 74 69 70 72 73 75 0 
53 52 49 51 0 54 0 0 0 0 0 45 37 42 0 41 0 43 0 64 0 0 72 0 67 69 0 75 80 0 0 78 73 0 79 81 9 1 0 0 0 5 0 8 6 0 58 63 0 57 0 0 56 60 32 28 0 30 33 35 36 0 0 0 0 20 19 0 21 22 0 25 12 0 15 10 11 13 14 0 18 
0 0 0 0 29 0 30 0 32 0 22 27 0 24 0 0 26 25 0 0 0 53 54 48 0 51 52 57 0 59 0 0 55 58 0 63 0 64 65 70 66 68 67 71 0 43 0 45 37 0 41 44 38 0 0 10 11 0 0 17 0 0 0 8 6 2 0 9 0 4 0 7 75 0 78 73 74 0 77 0 0 
17 16 13 0 11 18 12 0 14 0 0 9 0 0 2 0 8 7 0 0 0 0 36 30 0 33 34 0 0 0 0 0 0 40 0 0 54 46 0 52 48 0 49 53 0 25 22 27 0 0 23 26 0 24 77 73 0 75 0 80 81 0 79 0 69 0 0 0 66 67 68 0 0 0 60 0 0 58 0 61 63 
26 25 22 24 20 0 0 0 0 12 0 18 0 15 11 0 17 16 0 0 41 0 45 39 0 0 43 0 53 50 0 0 0 0 52 0 0 55 0 0 0 0 0 62 60 34 31 36 28 30 0 35 29 33 0 1 2 0 0 0 0 4 7 80 0 74 0 81 75 76 77 79 66 71 0 64 0 67 68 70 0 
8 7 0 0 0 0 0 0 0 75 76 0 73 78 0 77 80 0 20 19 23 26 27 21 0 24 25 0 35 32 0 33 28 31 34 36 0 37 38 43 39 41 0 0 0 0 13 18 0 12 14 17 11 15 68 64 65 0 0 0 0 67 0 62 60 56 55 0 57 58 59 61 0 53 0 46 47 49 50 52 0 
0 61 58 60 0 63 57 55 0 48 0 0 46 51 0 50 0 0 0 0 77 0 81 0 76 78 79 3 0 5 0 6 0 0 7 0 0 0 0 16 12 0 0 0 0 70 67 72 0 66 0 71 65 0 0 0 38 0 0 44 0 40 0 35 0 29 0 36 30 0 32 0 21 26 0 0 0 22 23 25 0 
80 79 0 78 74 0 75 73 0 66 0 72 64 69 65 0 71 70 0 10 14 0 18 0 0 15 0 0 26 0 20 24 19 22 25 27 0 0 0 0 30 0 31 0 33 0 4 0 1 0 5 0 0 0 0 0 0 57 60 62 63 58 0 53 0 47 46 0 48 49 0 52 39 0 42 37 38 40 41 0 45 
44 0 0 42 0 0 0 0 0 0 0 0 28 33 0 32 35 34 56 0 59 0 63 57 58 0 0 66 0 68 0 0 0 67 70 0 0 0 0 0 75 0 76 0 78 0 49 54 0 0 50 53 47 0 23 19 20 0 24 26 27 22 0 17 15 11 10 18 12 0 14 16 3 8 6 1 2 0 5 7 9 
71 70 0 69 0 0 66 0 68 57 0 0 55 60 0 59 62 0 2 1 0 8 0 3 0 6 0 12 17 14 0 15 10 0 0 18 0 19 0 25 21 23 22 26 0 0 76 0 0 75 0 80 74 78 0 46 47 0 51 53 54 0 0 0 0 38 37 45 39 40 41 43 30 35 0 28 29 0 32 0 36 
9 8 0 7 3 0 4 0 6 76 77 0 0 0 75 78 81 80 21 20 0 27 28 22 0 25 26 31 36 0 0 34 29 32 0 37 46 0 39 0 0 42 41 45 43 0 0 19 0 13 15 0 0 16 69 0 0 0 0 0 73 68 71 63 0 0 0 64 58 59 60 0 49 0 52 0 48 50 0 53 0 
27 0 0 25 21 28 22 0 0 13 14 0 0 16 12 15 0 0 39 38 42 0 0 40 0 43 0 0 0 51 48 52 0 50 53 55 64 0 57 62 0 0 0 63 0 35 32 37 29 0 0 0 30 34 0 2 0 0 0 0 0 5 8 81 0 0 74 0 0 0 78 80 67 72 70 0 0 0 0 0 73 
0 35 0 0 30 0 0 0 33 0 0 28 20 25 21 24 0 0 48 0 0 54 55 49 50 52 0 58 0 60 0 0 56 59 62 64 73 65 0 71 67 0 0 72 0 44 41 46 38 40 42 45 39 0 15 11 12 13 0 18 0 14 17 9 0 0 0 10 4 0 6 8 76 81 0 0 75 77 78 0 0 
18 17 0 16 12 19 13 0 0 0 5 0 2 7 3 0 0 0 0 0 0 36 37 0 0 34 0 40 45 0 0 0 0 41 0 46 55 0 0 0 49 51 50 0 52 26 23 28 20 0 0 0 0 0 78 74 75 76 79 0 1 77 80 72 0 0 0 73 0 0 69 0 58 63 61 56 57 0 0 62 64 
0 71 68 70 0 73 0 0 69 0 0 64 0 61 0 0 0 0 3 2 6 9 0 4 5 7 8 13 18 0 0 0 11 14 17 19 28 20 21 0 22 0 23 0 25 80 0 1 74 76 0 81 75 79 51 0 0 0 0 54 55 50 53 0 43 39 38 46 0 41 0 0 0 36 34 0 0 0 0 35 0 
45 0 0 43 39 0 40 0 42 31 0 0 0 34 0 33 36 0 0 56 0 0 64 0 59 0 0 67 72 69 66 0 0 0 71 0 0 0 0 0 0 0 77 0 79 53 0 0 47 49 51 0 0 52 24 20 21 22 0 0 0 0 26 18 16 12 11 19 13 14 0 0 4 9 0 2 0 0 6 0 10 
0 80 77 0 0 1 0 0 78 67 0 73 65 70 66 69 0 71 12 0 15 0 19 13 14 16 17 22 0 0 0 25 0 0 26 0 0 29 0 0 31 33 0 0 34 8 5 10 0 4 6 0 3 0 60 0 57 58 61 63 64 59 62 54 52 0 47 55 49 50 0 0 0 45 43 0 39 41 42 44 0 
0 53 0 0 48 55 49 47 0 40 0 0 38 0 39 42 45 44 0 0 0 0 73 67 0 0 0 76 81 0 0 79 74 0 0 1 10 0 0 8 4 0 0 0 7 62 59 64 56 0 60 0 57 0 0 29 30 0 34 0 37 32 0 27 25 21 20 28 22 23 24 26 13 0 0 0 0 0 0 0 19 
0 62 59 61 0 64 58 56 60 0 0 0 0 0 48 51 0 53 75 74 78 81 0 76 77 0 0 0 9 0 3 0 0 0 0 0 0 0 0 17 0 15 14 0 16 71 68 73 65 0 69 72 0 70 0 0 39 40 0 45 46 0 44 36 34 30 29 0 31 0 33 35 22 27 0 20 21 23 0 26 0 
0 0 0 4 81 7 0 0 3 73 74 79 0 76 0 75 78 0 18 17 21 24 0 0 20 0 0 28 33 30 27 31 0 0 32 34 43 0 0 0 0 39 38 42 0 14 11 16 0 10 12 15 0 0 66 0 63 0 67 69 70 65 0 0 58 54 53 61 0 0 0 0 0 51 49 44 45 47 48 0 52 
0 0 56 0 0 61 0 53 57 0 47 52 44 0 45 0 0 0 0 0 75 78 79 73 74 76 77 1 0 3 0 0 80 2 5 7 16 0 0 14 10 12 0 15 0 0 0 70 62 0 66 0 63 0 39 0 36 0 40 42 43 38 0 33 31 27 26 34 0 29 30 32 0 24 22 17 18 20 21 23 25 
15 14 11 13 9 0 0 8 12 0 2 0 80 4 0 3 0 0 0 26 0 33 0 28 0 31 0 0 0 39 36 40 35 0 41 43 52 44 0 50 46 48 0 51 0 0 20 0 0 19 21 24 0 22 75 71 72 0 0 0 79 0 77 69 0 0 0 70 64 65 66 68 55 0 0 0 0 56 57 59 61 
33 32 0 31 27 34 0 26 0 19 20 25 17 0 18 21 0 0 0 0 0 51 0 0 0 49 0 0 0 57 54 0 0 56 59 0 70 0 0 68 64 66 65 69 67 0 38 0 35 37 39 42 0 0 12 8 0 10 0 0 16 11 0 0 4 81 80 7 0 2 3 5 0 78 0 0 72 74 75 0 0 
0 68 0 67 63 0 64 0 66 0 0 61 0 0 0 57 0 59 81 0 3 6 7 1 0 0 0 10 0 12 0 13 8 11 0 0 0 0 0 23 19 21 0 24 0 0 74 0 71 0 0 78 72 0 0 44 45 46 0 51 52 47 0 0 0 36 0 0 37 0 0 0 28 33 31 26 27 0 30 0 34 
42 0 0 40 0 43 37 0 0 28 29 34 26 0 27 30 33 0 54 53 0 60 61 55 56 58 0 0 0 0 63 67 0 65 0 0 0 71 72 77 73 75 0 78 76 50 47 52 0 0 48 0 45 49 21 17 0 19 0 0 25 20 23 15 13 0 0 16 0 11 12 0 0 6 4 80 0 2 3 0 0 
78 0 0 76 0 0 73 71 0 64 0 0 62 67 63 0 69 68 9 8 12 0 16 0 0 13 0 0 24 0 18 0 17 0 23 0 34 26 27 0 28 0 0 33 0 0 2 0 80 1 0 6 0 4 0 0 0 55 0 0 61 0 59 51 49 45 44 52 0 47 48 0 37 42 40 35 0 38 39 41 0 
24 23 20 22 18 25 19 17 21 0 11 16 0 13 0 0 15 0 36 35 39 0 43 0 38 0 0 46 51 48 45 0 44 47 0 0 61 0 0 59 55 57 56 60 0 32 29 34 26 28 30 33 27 0 0 80 81 0 0 0 0 0 5 78 76 0 71 79 73 74 0 77 0 69 67 62 63 65 0 68 70 
0 0 47 0 45 52 46 0 0 37 0 43 0 0 36 0 42 0 0 62 0 0 0 0 65 67 68 73 78 0 72 76 71 0 77 79 7 80 81 5 1 3 0 6 4 59 0 61 0 0 57 60 54 58 30 26 0 0 0 33 0 29 0 0 0 18 0 25 0 20 21 0 0 15 0 0 0 11 12 0 16 
50 0 0 0 44 0 45 0 47 36 0 0 0 0 35 0 0 0 62 0 65 68 0 0 64 0 0 72 77 74 0 0 0 73 0 78 6 79 80 0 81 2 0 5 3 58 55 0 52 0 0 0 53 57 29 25 0 27 30 32 33 0 0 23 21 17 0 0 18 19 20 0 9 14 12 7 8 10 0 13 15 
32 31 28 30 0 33 0 25 0 18 0 24 16 0 17 0 23 22 0 43 47 50 51 45 0 0 49 54 59 56 53 57 52 55 58 60 69 0 62 67 63 65 0 68 66 0 0 0 34 36 38 41 0 39 11 0 8 0 12 14 15 0 0 5 0 0 0 0 81 1 2 4 0 0 75 70 71 73 74 76 78 
77 76 73 75 0 78 0 70 74 63 0 0 61 0 0 65 0 67 8 7 11 0 0 9 0 12 13 0 23 20 0 21 0 0 22 0 33 0 26 31 0 29 0 0 0 4 0 6 79 0 0 5 0 0 0 0 53 54 0 59 0 0 58 0 0 44 43 0 45 46 47 49 36 0 0 0 0 37 38 40 0 
0 0 0 0 80 0 81 79 0 0 0 78 70 75 71 0 77 0 17 16 20 23 24 18 19 21 22 27 0 0 0 0 25 28 0 0 42 34 35 40 36 38 37 41 39 13 10 0 0 0 11 0 0 0 0 61 0 63 66 68 69 64 67 59 0 53 0 0 0 0 56 58 0 50 48 43 0 46 47 0 51 
23 22 19 0 17 24 18 0 0 9 10 15 7 0 8 11 0 13 35 34 38 41 42 36 37 39 40 45 0 47 0 48 0 0 0 0 60 0 0 58 0 56 0 0 57 0 28 0 0 0 0 32 26 30 2 79 0 81 0 0 6 1 4 0 0 71 0 78 0 0 74 76 0 68 66 61 0 0 65 0 69 
0 0 10 0 0 15 0 7 11 0 0 6 0 0 80 2 0 0 26 25 29 32 33 27 28 30 31 0 41 0 35 0 0 37 40 0 51 0 0 0 45 47 46 0 48 22 19 24 16 0 20 23 0 0 0 70 0 72 75 77 0 73 76 68 66 0 0 0 63 64 0 67 0 59 0 52 53 55 56 0 0 
68 67 0 66 62 69 0 61 0 0 0 60 52 0 53 56 59 58 80 79 0 0 0 0 1 0 4 0 14 0 0 0 0 0 13 15 24 0 17 22 0 20 0 23 0 0 0 78 0 0 0 77 0 75 0 43 0 45 48 50 0 46 0 0 39 0 0 42 0 0 0 40 0 32 0 0 0 28 29 0 33 
0 40 0 39 0 42 0 34 38 27 28 33 25 30 0 29 32 0 0 52 56 0 0 54 55 57 58 63 68 0 62 66 0 64 0 69 78 0 0 0 0 74 0 0 75 49 46 51 0 0 0 50 44 0 20 16 17 0 21 23 0 0 22 0 12 0 7 0 9 0 11 13 81 0 3 79 80 1 2 4 6 
59 58 0 0 0 0 0 52 56 0 0 0 43 48 0 0 0 49 0 70 0 77 78 0 0 75 76 81 5 2 80 3 79 0 4 6 0 0 8 13 9 0 0 14 0 67 0 69 61 63 0 0 0 66 0 34 35 36 39 41 0 37 40 32 30 0 25 0 27 28 29 0 0 0 0 0 17 19 20 22 24 
28 0 0 0 22 0 23 0 25 0 0 20 12 0 0 16 0 0 40 0 43 46 47 0 42 0 0 50 55 52 49 53 0 0 0 56 65 57 58 0 0 61 60 0 0 0 33 0 0 32 34 0 31 0 7 3 4 5 0 10 0 6 9 0 0 76 0 2 77 0 0 0 68 73 71 66 67 69 0 72 74 
0 54 0 0 49 56 0 0 52 41 0 47 39 0 0 43 0 0 67 0 70 73 0 68 69 0 72 77 0 0 76 0 75 78 81 0 11 0 4 9 0 7 6 10 8 0 60 65 0 0 61 64 58 62 34 30 0 32 35 0 0 33 36 0 26 22 0 0 0 24 25 0 14 0 17 0 13 15 0 18 20 
19 18 0 0 0 0 14 0 0 0 6 11 0 8 0 0 0 9 31 30 34 37 0 0 33 35 36 41 0 43 0 0 0 42 45 0 56 0 0 54 0 52 0 0 53 27 24 29 21 23 25 28 0 26 79 0 76 0 80 1 2 0 81 0 71 67 0 74 68 0 0 72 59 0 62 57 58 0 0 63 0 
0 72 69 0 0 74 0 66 70 59 60 0 57 0 0 61 0 63 4 3 0 10 11 5 0 0 9 14 0 0 13 17 0 15 18 20 29 0 22 27 23 0 0 0 0 0 0 0 0 77 79 0 0 0 52 0 0 0 53 0 0 51 54 46 44 40 39 0 0 42 0 45 32 37 0 0 31 33 0 0 0 
46 45 42 0 40 47 0 39 43 32 0 38 30 0 31 0 0 36 58 57 0 64 65 59 60 62 63 68 73 70 67 71 66 69 0 74 2 75 0 0 77 79 0 0 80 54 0 56 0 0 0 55 49 0 0 21 0 0 26 28 29 24 0 19 17 0 0 20 0 15 16 18 0 10 8 3 0 0 0 0 11 
37 36 0 35 31 0 32 30 34 23 0 0 21 26 0 25 28 27 49 48 0 55 56 50 0 0 54 59 64 61 58 62 57 60 0 0 74 0 67 0 0 0 0 73 71 0 0 0 0 41 43 46 0 0 0 12 13 0 17 19 0 15 0 10 8 4 3 11 0 0 7 9 77 1 0 0 0 0 79 81 2 
0 9 6 0 4 11 5 3 0 77 0 0 0 80 0 79 1 81 22 21 25 0 0 0 24 26 27 32 37 34 31 35 0 33 36 0 47 39 40 45 41 43 42 0 44 0 0 20 12 0 0 19 13 0 70 0 0 68 71 73 0 69 0 64 0 58 0 65 59 60 0 63 50 55 0 48 0 51 0 0 0 
0 0 0 0 0 65 0 57 0 50 51 56 0 0 49 52 55 54 0 75 79 1 0 0 0 80 0 5 0 0 4 8 3 0 9 0 20 12 13 0 14 0 15 19 0 72 0 0 66 68 70 0 67 71 43 0 0 0 44 0 47 42 45 37 35 31 30 38 32 0 34 0 23 28 0 0 22 0 25 0 29 
1 81 0 0 76 2 77 0 0 0 69 74 66 0 0 0 73 0 13 0 16 19 20 14 15 0 18 23 28 25 22 26 0 24 27 29 0 0 0 36 32 34 0 37 35 0 6 11 0 0 0 0 4 0 0 0 58 59 0 0 0 60 0 0 0 0 48 0 0 0 0 54 41 0 0 39 40 0 0 0 47 
0 0 0 5 1 0 2 81 4 74 75 80 0 77 73 76 0 78 0 18 22 0 26 20 21 23 0 0 34 0 0 32 27 0 33 35 0 36 0 42 0 40 39 43 0 15 12 0 9 0 13 0 10 0 67 0 0 0 68 0 71 66 0 0 59 55 54 62 56 0 58 60 0 52 50 45 0 0 49 51 53 
34 33 30 32 28 35 29 0 31 20 0 26 18 23 19 22 0 24 0 0 49 0 53 0 48 50 0 56 61 0 55 0 0 57 60 62 71 63 0 69 65 67 66 70 68 0 0 44 0 0 40 43 37 41 13 0 0 11 14 16 0 12 0 0 5 1 0 8 0 3 4 0 74 79 77 72 73 75 76 78 0 
0 0 57 0 55 62 56 54 58 47 48 53 0 50 0 49 52 51 73 0 76 79 80 74 75 77 0 0 7 4 1 5 0 3 0 8 17 9 0 0 11 0 0 16 14 0 0 0 0 0 0 70 64 68 40 0 0 38 0 43 44 39 42 0 0 0 27 35 0 0 31 33 0 25 23 0 19 21 22 24 26 
0 51 0 50 0 53 47 0 49 0 0 44 36 0 37 40 43 42 64 0 67 0 0 65 66 68 0 0 79 0 73 0 0 75 78 80 0 81 0 0 0 4 3 0 5 0 0 62 54 56 0 61 55 59 31 0 28 0 0 0 35 0 0 25 23 19 0 26 20 21 22 24 0 16 14 0 10 12 13 0 17 
43 42 39 41 37 44 38 0 40 29 30 35 0 32 28 0 34 0 55 54 58 0 62 56 57 59 60 65 70 67 64 0 0 0 69 71 80 0 0 78 0 0 0 79 77 51 48 0 45 0 49 0 0 0 0 18 19 20 23 25 26 21 24 16 14 10 9 17 0 0 13 15 2 0 5 81 0 0 4 6 0 
0 15 12 14 0 0 0 9 13 0 0 8 81 0 1 0 0 6 0 27 31 34 35 0 0 32 33 38 43 40 37 41 36 0 0 44 0 0 46 51 47 49 48 0 0 24 21 26 0 20 22 25 0 0 76 72 0 0 77 0 80 75 78 70 68 0 0 0 65 66 67 69 0 0 0 54 55 57 58 60 62 
79 78 0 0 73 80 74 0 76 65 66 71 0 68 64 67 0 0 0 0 13 16 17 0 12 14 15 20 0 0 19 23 18 21 24 26 35 0 28 0 0 31 30 34 0 6 3 8 0 0 0 7 0 5 0 0 55 0 59 61 62 0 0 52 50 0 45 53 0 48 0 0 38 43 41 36 37 0 40 0 44 
70 69 0 0 0 71 65 63 67 56 57 62 54 59 0 0 0 60 1 0 4 7 8 2 3 0 6 11 16 0 10 14 9 12 0 17 26 18 0 24 20 22 0 25 0 78 0 80 72 74 0 79 73 77 49 0 0 0 50 52 53 48 0 43 41 0 36 44 0 39 0 42 29 34 0 0 28 30 31 0 0 
0 0 0 0 0 0 20 0 22 11 0 17 0 14 0 13 0 15 37 0 0 43 44 38 39 41 42 47 52 0 46 0 0 0 51 0 62 54 0 60 56 0 57 61 59 0 0 35 27 29 31 34 0 32 4 81 1 2 0 0 0 3 0 79 0 0 0 80 0 75 0 78 0 70 68 63 64 0 0 69 71 
75 0 71 73 0 76 70 68 72 0 0 0 59 64 60 63 66 65 0 5 0 0 0 0 8 10 11 16 21 18 15 19 14 17 20 0 0 0 0 0 25 0 26 30 0 0 0 0 0 0 0 3 0 0 54 0 0 52 55 0 58 0 0 48 46 42 0 49 43 44 45 0 34 39 37 0 33 35 36 38 0 
66 65 0 0 0 67 61 0 0 52 53 58 50 55 51 0 0 0 0 77 0 0 4 0 80 0 2 7 0 9 6 0 0 8 11 13 22 14 0 20 16 18 17 21 19 74 71 76 68 0 72 75 69 73 45 41 42 43 0 0 49 44 0 0 37 33 32 40 34 0 0 0 25 0 0 0 24 0 0 29 31 
57 56 53 0 51 58 0 50 54 43 44 49 41 46 0 45 48 0 69 68 72 75 0 0 71 73 74 79 3 0 78 0 77 80 0 0 13 5 6 11 0 0 8 0 10 0 0 67 59 61 0 66 0 64 0 32 0 34 37 39 40 0 38 30 0 0 0 31 0 0 0 29 16 21 19 0 0 17 18 20 0 
0 38 0 37 33 0 0 0 0 0 26 31 23 0 0 27 30 29 51 50 0 0 0 52 0 0 0 61 0 0 0 64 59 62 65 0 0 68 0 74 70 72 0 0 73 47 0 49 0 43 0 48 42 0 18 14 0 0 19 0 22 17 20 0 0 0 5 13 7 0 9 11 0 3 0 0 78 80 81 2 4 
21 0 17 19 0 0 0 14 18 7 8 0 5 0 6 9 0 0 33 32 0 39 0 34 0 37 0 43 48 45 0 46 41 44 47 0 58 0 51 56 52 0 53 0 55 29 0 31 23 25 27 30 24 28 0 0 0 0 1 3 0 80 0 75 0 69 68 76 70 71 0 0 61 66 64 59 0 0 63 0 0 
0 2 0 1 78 4 79 77 81 70 0 76 0 73 69 0 75 74 15 0 18 21 22 16 0 0 20 25 30 27 24 28 0 0 29 31 40 0 0 38 0 0 35 39 37 11 0 13 5 7 9 12 6 10 63 59 60 61 64 66 0 0 65 57 0 0 50 0 0 0 54 0 43 48 0 0 42 44 45 47 49 
0 0 44 46 0 0 0 41 45 34 35 40 32 37 0 0 0 0 60 0 63 0 67 0 62 64 65 0 75 72 69 0 0 71 74 76 4 77 78 2 0 0 80 3 1 0 53 58 50 0 54 0 0 55 27 0 24 25 28 30 31 0 0 0 19 15 0 0 0 0 18 0 7 12 10 5 6 0 9 0 13 
12 11 0 0 6 13 0 5 0 79 0 4 77 0 78 0 3 2 24 0 0 0 31 25 0 28 0 0 0 36 33 37 32 0 38 40 49 41 42 47 43 0 44 48 0 0 0 22 14 16 18 21 0 0 72 0 0 0 73 75 76 71 0 66 64 60 0 67 61 62 63 0 0 57 55 50 51 53 0 0 58 
30 29 26 28 24 31 0 0 27 0 0 22 14 0 15 18 21 20 0 41 0 0 49 43 44 0 0 0 0 54 51 0 50 53 56 0 0 59 0 65 61 63 62 66 64 38 0 0 0 34 36 0 33 37 9 0 0 0 10 12 0 0 0 0 1 0 0 4 0 80 0 2 70 75 0 68 69 71 0 0 76 
