9
2 0 0 9 5 0 8 6 7 31 32 33 0 0 30 29 0 37 69 0 72 68 71 0 70 67 0 59 0 0 58 0 63 0 0 64 21 0 0 0 23 0 24 20 0 0 0 44 38 0 0 40 45 0 77 0 0 80 76 78 1 74 0 50 0 0 52 0 47 53 48 0 0 14 17 13 19 11 0 15 0 
29 37 31 36 0 30 0 33 34 0 0 60 0 0 57 0 62 0 0 0 18 14 17 0 16 13 11 0 7 8 4 6 0 3 2 0 0 49 0 55 0 0 51 47 52 68 70 0 65 0 0 67 72 66 0 0 0 0 0 24 0 0 0 77 0 76 79 81 0 0 0 1 0 41 0 0 46 38 39 42 43 
74 0 76 81 0 0 0 78 79 0 23 0 25 27 21 0 26 0 60 57 0 59 62 0 61 58 56 50 0 53 49 0 0 0 0 0 0 0 18 0 0 0 15 11 16 0 0 35 29 37 0 0 36 30 0 72 0 71 67 69 73 65 0 0 42 0 43 45 38 44 39 46 9 5 0 0 10 2 3 6 7 
0 46 40 45 41 39 0 0 0 0 68 69 70 72 66 65 71 73 24 21 27 23 0 0 25 22 20 14 0 0 0 15 18 12 11 0 57 58 63 64 59 0 0 56 0 0 0 0 74 0 0 76 81 75 32 36 34 0 31 33 37 0 30 5 0 4 0 0 0 8 3 10 54 0 53 0 55 0 48 51 52 
56 64 58 63 59 57 0 0 61 0 0 6 0 0 3 2 0 0 42 39 45 41 44 0 0 40 0 32 0 35 0 33 0 30 0 0 75 76 81 1 77 0 78 0 79 0 16 17 11 0 15 13 18 0 0 54 0 53 49 51 0 47 48 0 24 22 25 27 20 0 21 28 72 0 0 0 0 65 0 69 70 
47 55 0 0 0 0 53 0 52 0 77 78 0 0 0 74 0 1 33 0 0 0 0 37 34 0 0 23 25 26 0 24 27 0 20 0 0 0 72 73 0 71 69 0 70 5 0 0 2 0 0 0 0 0 0 45 0 44 40 42 46 38 0 14 0 13 16 18 0 17 0 0 63 59 62 0 64 0 57 0 61 
20 0 0 0 0 21 26 0 0 0 50 51 52 54 0 47 53 55 0 0 0 0 0 10 0 0 2 77 79 80 76 0 0 75 74 1 39 40 45 0 41 44 0 0 43 59 61 62 56 64 60 58 0 57 14 18 16 17 13 15 19 0 12 68 69 0 70 0 0 71 0 73 36 32 35 31 0 29 30 33 34 
11 0 0 18 0 12 17 15 0 0 0 42 43 45 0 38 0 46 78 0 0 0 80 0 79 0 74 0 70 71 67 69 72 66 0 0 30 31 0 0 0 0 33 0 34 50 0 0 47 55 51 0 54 48 5 0 7 8 0 6 10 2 3 0 60 0 61 63 56 0 0 0 27 0 0 22 0 20 21 24 25 
0 73 0 0 68 66 0 0 0 13 0 15 0 18 12 0 17 19 51 48 0 50 0 0 52 49 0 41 43 44 40 0 45 0 38 0 3 4 0 0 0 8 0 0 0 23 25 0 20 0 24 22 27 21 59 63 0 62 58 0 0 56 57 0 0 0 0 0 29 0 30 37 81 77 0 76 1 0 75 0 79 
0 0 0 44 40 38 0 41 42 66 0 68 0 71 0 0 0 0 23 0 26 0 25 0 24 21 0 0 0 0 12 14 17 11 10 18 0 57 0 63 58 61 59 0 0 76 78 79 0 81 77 75 0 74 31 35 33 0 0 32 0 0 29 4 5 3 0 0 1 7 2 9 0 49 52 48 0 46 47 50 0 
28 0 30 0 0 29 0 0 33 0 0 0 60 62 56 0 0 63 14 11 17 13 16 18 0 12 0 4 0 7 3 5 8 2 1 9 47 48 0 54 0 52 50 46 0 67 0 70 64 0 0 0 71 0 0 26 24 25 21 23 27 19 20 76 77 0 0 80 73 79 74 81 44 40 0 39 45 0 38 0 0 
10 18 12 17 0 0 16 0 0 0 40 41 42 44 38 37 43 0 77 0 80 0 0 81 78 0 73 0 69 70 0 0 0 0 0 72 29 30 35 36 31 34 32 0 33 0 51 52 0 0 0 48 53 47 0 8 6 7 0 0 9 1 0 58 0 57 60 0 55 0 56 63 0 0 25 21 27 19 20 23 0 
0 54 0 53 49 47 0 50 0 75 0 77 0 80 0 73 79 0 0 29 35 31 0 36 33 30 28 22 24 25 0 0 26 20 19 0 0 66 0 0 67 0 68 64 69 4 6 0 1 9 5 3 0 2 40 44 42 43 39 0 45 37 38 13 0 12 0 17 10 16 11 0 0 58 0 57 0 55 56 59 60 
0 0 75 80 0 74 79 0 0 0 0 0 0 26 0 19 25 27 0 56 0 58 0 63 0 57 55 49 0 52 48 0 0 47 46 0 11 12 0 18 13 0 14 10 0 0 33 34 28 0 0 0 35 0 67 71 0 0 0 0 72 64 65 0 41 0 0 0 37 0 0 45 8 4 0 3 0 0 2 0 0 
64 72 66 71 67 0 0 68 69 0 13 0 15 0 11 10 16 0 50 0 0 0 0 0 51 48 0 40 42 0 0 41 0 38 37 45 2 3 0 9 4 7 5 1 6 0 0 0 0 0 23 0 26 20 0 62 60 0 57 59 63 0 56 31 32 0 33 35 28 34 29 36 0 76 79 0 81 0 0 0 0 
1 9 0 8 4 0 0 0 6 30 31 32 0 0 29 28 34 0 0 65 71 67 70 72 69 66 64 0 0 61 57 59 0 56 55 63 20 21 0 27 22 25 23 19 0 0 0 43 37 0 41 0 44 0 76 80 78 0 0 77 0 73 0 0 50 0 51 0 46 0 47 0 0 13 0 12 18 0 11 14 15 
19 27 0 0 0 20 0 0 24 48 49 0 51 53 0 46 52 54 0 0 0 0 7 0 0 0 0 76 78 79 0 77 80 74 0 0 0 39 0 45 40 43 41 0 42 58 60 0 0 63 59 0 62 56 0 0 15 16 12 14 0 10 0 0 68 0 0 71 0 70 0 72 0 31 34 30 36 0 29 0 33 
0 63 0 62 0 0 61 0 60 3 0 5 6 0 2 1 0 9 41 0 0 0 0 0 42 39 37 31 33 34 0 32 0 29 28 36 0 0 0 81 76 79 77 73 78 13 15 16 10 0 14 12 17 0 0 53 51 52 48 50 54 0 0 0 23 21 24 26 0 0 20 27 0 67 70 66 72 64 65 68 0 
0 68 0 67 63 0 0 64 65 8 0 0 0 13 7 6 12 14 46 43 0 0 0 50 47 44 0 0 0 0 35 37 40 34 0 0 79 0 4 5 81 0 1 78 2 18 0 0 15 0 0 0 22 0 0 0 0 57 53 55 0 51 0 27 28 0 0 0 24 0 0 0 0 0 75 0 77 0 70 0 0 
0 0 0 0 0 79 0 1 0 0 0 28 29 31 25 24 30 32 64 61 67 63 0 68 0 0 0 54 56 57 53 55 0 52 51 59 16 17 0 0 18 21 19 15 0 36 38 39 33 0 0 0 0 0 72 76 0 75 71 73 77 69 70 0 0 44 47 49 42 0 0 0 0 0 0 0 0 6 7 10 11 
42 0 0 49 45 43 48 0 47 0 72 0 0 0 70 69 75 77 0 0 31 0 30 32 29 26 24 0 20 21 17 19 22 16 0 23 61 0 0 0 63 66 64 0 0 81 2 0 0 5 1 0 4 0 0 40 0 0 0 37 0 0 34 9 10 0 0 13 6 0 7 0 58 54 57 53 0 51 0 55 0 
15 23 0 22 0 16 21 0 20 44 0 46 0 49 43 0 0 50 1 0 0 0 0 5 2 80 78 72 74 75 71 73 76 0 0 0 34 35 0 0 0 39 0 0 38 54 0 0 0 59 55 0 0 52 0 13 11 0 8 10 0 0 0 63 64 0 65 0 0 0 61 0 31 0 0 0 32 24 0 28 29 
51 0 53 58 0 52 57 55 56 80 0 0 0 4 0 0 3 0 37 34 40 36 39 41 0 0 33 0 0 30 0 0 31 25 0 32 70 71 76 77 72 75 73 69 0 0 11 0 6 0 10 8 13 0 0 0 47 0 0 0 0 42 0 18 0 17 20 0 15 21 16 23 67 0 66 62 0 60 0 0 0 
0 77 0 0 72 70 75 73 74 0 0 19 0 22 0 0 21 0 0 52 0 54 57 59 0 0 51 0 0 48 0 0 0 0 42 0 0 0 0 0 0 12 10 6 0 0 29 30 24 0 0 26 31 0 63 67 65 66 0 64 0 0 0 36 37 0 38 0 33 39 34 0 4 81 0 80 0 78 79 0 2 
24 32 0 31 27 25 30 0 29 0 54 55 56 58 0 0 57 59 10 0 13 9 12 0 11 8 0 81 2 0 80 0 0 79 0 5 43 44 49 50 0 48 46 42 0 63 0 0 0 0 64 62 0 0 18 22 20 21 0 19 0 0 16 72 73 71 74 76 69 0 0 77 0 36 39 0 0 33 34 37 0 
6 14 0 0 9 0 12 0 11 0 36 0 0 40 34 33 0 41 73 70 76 0 0 77 0 0 69 0 0 0 62 0 0 61 60 68 25 0 0 0 0 30 0 0 29 45 47 0 42 50 46 44 0 43 81 4 0 3 0 0 0 0 79 0 55 0 0 58 51 57 0 59 22 18 21 17 23 15 0 0 20 
0 0 35 0 36 34 0 37 38 0 63 0 0 67 61 60 66 68 0 16 22 18 21 0 0 17 15 9 11 0 8 0 13 7 0 0 52 53 58 59 54 57 0 0 0 72 0 0 69 0 73 71 76 0 27 31 29 30 26 28 0 0 25 81 1 80 0 4 78 0 0 5 49 0 48 44 0 0 43 0 0 
16 24 0 23 19 17 0 0 0 45 0 0 0 50 44 0 0 51 2 0 5 0 0 6 0 81 79 73 75 0 72 0 0 0 70 0 35 36 0 0 0 40 38 0 0 55 0 58 0 60 56 54 0 0 10 14 0 13 0 11 15 7 8 0 65 63 0 68 0 0 0 69 32 28 0 27 0 25 26 29 30 
25 33 0 32 28 0 0 0 30 0 0 0 0 59 53 0 58 60 0 8 0 10 13 0 0 9 0 0 0 4 0 0 0 80 79 6 0 45 0 0 46 0 0 43 0 0 0 0 61 69 65 0 0 62 0 23 21 22 0 0 24 0 17 0 0 72 0 77 70 0 0 78 41 0 40 36 42 34 0 0 39 
0 0 0 68 0 62 67 65 0 9 10 11 0 14 8 7 0 15 47 44 50 46 49 51 0 0 43 37 39 40 36 38 41 35 34 42 80 0 5 0 1 0 0 79 0 0 21 22 0 24 0 18 23 17 55 59 57 0 54 56 0 52 0 28 29 0 30 0 0 31 26 33 0 73 76 72 0 0 71 74 75 
0 15 0 0 0 0 13 11 12 36 0 0 39 41 0 34 40 0 0 71 77 73 76 78 0 72 0 64 0 0 63 65 68 0 0 69 0 27 32 33 28 31 29 25 30 46 48 49 43 51 0 45 0 0 1 0 3 4 81 0 6 79 0 55 56 54 0 0 52 0 53 60 0 19 22 18 24 16 17 20 21 
70 78 72 77 73 71 76 0 0 18 0 20 0 23 0 16 0 24 56 0 0 0 58 60 0 0 52 0 0 0 0 47 50 0 43 51 0 9 14 0 0 13 11 7 12 28 0 31 0 33 29 0 32 0 64 0 0 0 63 65 0 61 0 0 38 36 39 41 0 0 35 42 0 1 0 81 6 0 80 2 3 
0 60 0 59 0 53 0 56 57 81 1 2 0 5 0 0 4 0 38 35 41 37 40 0 0 36 34 28 30 31 27 0 32 26 0 33 71 0 0 78 73 76 74 0 0 10 12 13 0 15 0 9 14 8 0 50 0 0 45 47 0 43 0 0 0 18 0 23 16 22 17 0 68 64 67 63 0 61 62 0 0 
0 6 81 5 0 0 4 0 3 0 0 29 0 0 0 0 31 0 65 0 68 0 67 69 0 0 0 0 57 58 54 56 0 0 52 60 17 18 23 24 0 0 20 16 21 0 39 40 34 0 38 36 41 35 73 77 75 76 72 74 78 70 71 0 0 45 0 50 0 49 0 51 14 10 13 0 0 7 8 0 0 
43 51 45 0 0 0 49 0 48 0 73 74 0 0 0 0 0 0 0 26 0 28 0 0 0 27 25 0 21 0 18 20 23 0 16 0 0 63 68 0 0 0 65 0 66 1 0 4 79 0 2 0 0 0 37 41 39 40 36 38 42 0 0 0 11 9 0 0 7 13 8 15 59 55 0 54 60 52 53 56 57 
0 42 0 41 37 35 40 38 0 63 64 65 66 0 62 0 67 69 0 17 23 19 0 0 21 0 16 0 12 13 0 11 14 8 7 0 53 0 0 0 0 0 0 52 57 73 0 0 70 78 0 72 77 71 28 0 30 0 0 0 33 0 26 1 0 81 0 0 79 0 80 0 50 46 49 0 0 0 44 47 48 
41 49 43 48 0 42 0 45 46 0 0 72 73 75 69 68 0 76 27 0 30 26 29 31 28 25 0 17 0 20 16 0 0 0 14 22 60 0 66 67 0 65 0 59 0 0 0 2 0 4 81 0 3 0 35 39 37 38 34 36 40 32 33 0 0 0 10 0 5 11 6 0 57 53 0 52 58 50 51 54 55 
0 40 34 39 0 33 38 36 0 61 62 63 0 66 60 0 0 0 0 15 0 0 0 22 19 16 14 8 10 11 0 9 12 6 0 0 51 52 57 58 0 56 54 50 0 71 0 74 68 76 0 70 0 0 26 0 28 0 25 27 31 23 0 0 0 0 1 3 77 2 78 0 0 44 0 43 0 41 0 0 0 
23 0 25 0 26 24 29 0 0 52 53 0 0 0 51 50 56 58 9 6 0 0 0 0 10 7 0 80 1 0 79 81 3 78 77 0 42 43 48 49 0 47 45 41 46 62 64 0 59 67 63 61 66 60 17 21 0 20 16 0 22 14 15 71 72 0 0 75 0 74 69 0 0 0 0 0 40 32 0 36 0 
77 0 0 3 80 78 2 81 1 25 0 0 28 0 0 23 0 31 63 0 66 0 0 0 64 0 59 53 55 56 52 0 57 51 50 0 0 16 21 22 17 20 0 14 0 0 0 38 32 0 36 34 0 33 71 0 73 74 70 72 0 0 0 0 0 0 0 0 41 0 0 49 0 0 11 7 13 5 6 9 0 
50 58 52 57 0 51 56 54 55 79 80 0 0 3 78 77 0 4 36 0 0 0 38 40 37 0 0 26 28 0 0 27 0 0 0 31 69 70 0 0 0 74 0 68 73 8 10 11 5 13 0 7 12 6 44 48 46 0 43 45 0 41 42 0 0 0 19 0 14 20 15 22 66 62 65 0 0 0 60 63 64 
59 0 61 66 0 60 65 0 64 7 8 9 10 12 6 5 11 13 0 0 48 0 0 0 0 43 0 35 37 38 0 0 0 33 0 40 78 79 0 0 80 0 81 0 1 17 19 20 0 22 0 16 0 0 0 57 55 0 52 0 58 50 0 26 27 25 28 0 23 29 0 31 75 0 74 70 0 0 0 72 73 
14 0 16 21 0 15 0 18 19 43 0 45 46 0 42 0 47 0 81 0 3 80 2 0 0 79 77 0 73 74 0 72 75 69 68 0 33 0 0 40 0 38 36 0 0 53 0 56 50 58 0 0 57 0 0 12 10 11 7 9 13 5 0 62 63 0 64 66 59 0 60 67 0 0 0 25 31 23 0 0 28 
0 76 70 75 71 69 74 72 0 0 17 18 0 0 0 14 20 22 54 51 0 0 0 0 55 52 50 44 46 0 0 45 0 42 0 0 6 0 12 0 8 11 9 5 10 26 0 29 23 31 27 0 30 24 62 66 0 65 61 0 0 59 0 35 36 34 37 39 0 38 33 0 3 0 2 0 4 0 0 0 1 
5 13 7 12 0 6 11 9 0 0 0 36 37 0 33 0 0 40 0 0 0 0 74 76 73 0 68 0 64 65 0 63 66 60 0 67 24 25 30 0 26 0 27 0 28 44 46 47 0 0 45 0 48 42 0 3 1 2 79 0 4 0 78 53 0 0 0 57 0 56 51 58 0 0 20 16 22 0 15 18 0 
22 30 24 29 25 23 28 26 0 0 52 53 54 56 50 49 0 57 8 5 11 7 10 12 0 6 4 79 81 1 78 80 2 0 0 3 41 0 47 48 43 46 44 40 45 0 63 0 0 66 62 0 65 0 16 0 18 19 0 17 21 13 0 70 0 69 72 74 67 0 68 75 0 34 0 33 39 0 32 0 0 
0 3 78 2 79 77 0 80 0 24 25 26 0 29 23 22 28 30 62 59 65 61 0 66 63 60 58 52 0 0 51 53 56 50 49 57 0 15 20 21 16 19 17 0 18 34 36 37 0 0 35 0 38 32 0 0 0 73 69 0 75 0 0 0 44 42 45 47 40 46 41 48 11 0 10 6 12 4 0 8 9 
31 0 33 0 0 32 37 35 0 60 0 0 0 65 0 58 64 66 0 0 20 16 19 0 18 15 13 0 9 10 6 8 0 5 4 12 0 0 56 57 0 0 0 49 54 0 72 73 0 75 71 0 74 0 25 0 0 0 24 0 0 22 0 0 80 0 0 2 76 0 0 3 47 0 0 42 48 40 41 44 45 
40 0 0 0 43 41 46 44 45 0 0 71 72 0 68 0 0 75 26 23 29 0 28 0 27 24 0 0 18 19 0 0 20 14 13 21 59 0 0 66 61 64 62 58 0 79 81 1 76 3 0 78 2 0 34 38 36 37 33 35 0 31 0 7 8 6 9 11 4 0 5 12 0 52 55 51 57 49 0 0 0 
67 0 0 74 70 68 73 71 72 0 0 0 18 0 0 13 0 21 53 50 0 52 55 57 0 51 49 0 45 46 42 44 0 41 40 48 0 6 11 12 7 0 8 4 9 25 27 28 0 30 0 24 29 23 61 0 0 64 0 0 66 58 59 0 35 0 36 0 31 37 32 39 0 79 1 0 3 0 77 80 0 
58 66 60 0 61 59 0 0 0 6 7 0 9 11 5 0 0 12 44 0 0 43 46 0 45 0 0 0 0 37 33 35 0 0 31 39 0 78 0 3 79 0 80 76 81 16 18 0 13 0 0 0 20 14 52 0 0 55 51 0 57 49 50 25 26 0 27 29 22 28 0 30 0 70 73 0 75 67 68 0 72 
49 57 51 0 0 50 55 0 54 0 79 0 81 2 77 76 1 0 35 32 38 0 37 39 0 33 31 25 27 0 24 26 0 0 22 30 68 69 74 0 70 73 71 0 72 7 9 10 0 12 8 6 11 5 43 47 45 46 42 0 48 40 41 16 17 15 0 20 13 19 14 21 0 61 64 0 66 0 59 62 63 
13 0 15 0 0 0 0 17 18 42 43 0 45 0 41 40 46 48 80 77 0 79 1 3 81 0 76 0 0 73 0 71 0 68 67 0 32 33 38 0 34 37 35 31 36 52 54 55 49 0 53 51 56 0 0 11 9 0 6 8 0 0 5 0 62 60 0 65 0 0 0 0 29 25 28 0 30 22 23 26 0 
0 12 0 0 0 0 10 8 0 0 34 0 0 0 0 31 37 0 71 68 74 0 0 75 0 0 67 61 0 0 0 0 65 0 58 0 23 0 0 30 0 0 0 22 0 0 0 46 40 48 44 42 0 0 79 2 81 1 0 80 3 0 0 52 53 51 0 56 49 55 50 57 0 16 19 0 0 13 0 17 18 
21 0 23 0 0 22 27 25 26 50 0 52 0 55 49 48 54 56 7 4 10 0 0 11 8 0 3 78 80 0 77 79 0 76 75 2 40 0 46 0 0 0 0 0 0 60 62 63 57 0 61 59 64 58 15 19 0 18 14 16 20 0 13 69 0 68 0 73 66 72 67 74 0 33 36 32 38 0 31 34 35 
0 0 0 64 0 58 0 61 62 5 6 0 8 10 4 0 9 0 0 40 46 42 0 47 0 41 0 33 35 0 32 34 0 31 30 38 76 77 0 2 0 0 79 75 80 0 0 0 12 0 16 0 0 13 0 0 53 54 0 52 56 48 0 24 0 23 26 0 21 27 22 29 0 0 72 0 74 0 67 0 71 
0 0 0 0 33 0 0 34 35 59 0 61 0 0 58 57 0 0 16 0 19 15 18 20 17 14 12 6 8 9 5 0 10 4 3 11 49 0 0 56 51 54 0 48 53 0 71 72 0 0 0 0 0 67 24 28 26 27 23 0 29 0 22 0 0 77 80 1 0 81 76 2 46 0 0 0 47 0 40 0 0 
0 74 0 73 69 67 72 70 0 14 0 16 0 19 13 12 18 0 0 0 0 51 54 56 0 0 48 0 0 45 41 0 0 0 39 0 0 5 0 11 6 0 7 3 8 24 26 0 0 29 0 23 28 22 60 0 62 63 0 61 65 0 58 33 34 32 35 0 0 0 0 38 0 0 0 0 2 75 76 79 80 
0 11 0 0 0 4 9 0 0 32 0 0 35 37 31 0 36 0 0 0 73 69 72 0 0 0 66 60 62 63 0 0 64 0 0 0 0 23 28 29 24 0 0 0 26 0 44 45 0 47 0 0 0 40 78 0 80 81 77 0 0 0 76 51 0 50 53 55 48 54 49 0 0 15 18 14 20 12 13 0 0 
12 0 0 0 15 13 18 16 0 0 0 43 0 46 0 39 45 47 79 0 0 0 81 2 80 77 75 0 71 72 68 70 73 0 66 74 0 32 37 38 33 36 34 0 35 0 0 0 48 56 52 0 55 49 0 10 0 9 5 7 11 3 0 60 61 59 0 64 57 63 58 0 28 24 27 0 29 21 22 25 26 
48 0 50 0 51 49 54 52 53 77 78 79 0 0 0 0 0 0 34 0 37 33 36 38 0 32 0 24 0 27 23 25 28 22 21 29 0 68 0 0 69 72 70 66 71 6 0 9 3 11 7 0 0 0 0 46 44 0 41 0 47 0 40 15 16 14 17 19 12 0 13 20 64 60 63 59 0 57 0 0 0 
75 0 0 0 78 0 81 79 80 23 24 0 26 28 22 21 27 29 61 0 64 60 0 65 0 59 57 51 53 0 50 52 0 0 0 0 13 14 19 0 0 18 16 12 17 33 35 36 30 38 34 32 0 31 69 73 71 72 0 0 0 0 0 0 0 41 0 0 0 0 40 47 0 6 9 0 11 0 4 7 8 
39 0 0 46 0 0 45 43 44 0 69 70 71 73 0 66 72 0 25 22 28 24 27 29 26 23 21 15 0 18 0 0 19 13 12 20 58 59 64 65 60 63 0 57 62 78 80 81 75 2 79 77 1 0 0 0 0 0 32 34 0 30 0 0 0 0 0 0 0 9 4 0 0 51 0 0 56 48 49 0 0 
0 80 74 79 75 73 78 76 77 20 21 22 0 25 19 18 0 26 58 0 0 0 0 62 59 0 54 48 0 0 47 49 52 0 45 0 10 11 16 0 12 0 13 0 14 30 32 0 0 35 0 29 34 28 0 70 68 69 0 0 71 63 0 39 40 0 0 43 0 0 0 44 7 3 6 2 0 81 1 0 0 
0 0 0 43 0 37 42 0 41 0 66 0 68 70 64 63 0 71 0 0 25 21 24 26 0 20 18 12 14 0 11 13 0 0 0 17 55 0 0 62 57 60 58 0 59 75 77 0 0 80 76 0 0 0 0 0 0 0 0 31 35 27 28 0 0 2 0 7 81 6 1 0 0 0 51 47 53 45 0 0 50 
63 71 65 0 66 0 69 67 68 0 0 0 14 16 10 0 15 17 49 46 52 48 51 53 50 47 0 39 0 0 38 40 43 0 0 0 1 0 7 0 3 6 0 0 0 21 0 24 18 0 22 20 25 0 0 0 59 60 0 58 62 54 55 0 31 0 0 34 27 0 0 35 79 75 0 0 80 0 0 76 0 
54 0 0 61 57 55 60 58 59 2 0 0 5 7 1 81 0 8 0 37 0 39 42 44 41 38 36 0 32 0 29 0 0 0 0 35 73 74 79 0 0 0 76 0 77 12 0 15 0 17 13 0 16 10 48 52 50 51 47 49 53 45 0 0 0 0 23 25 18 0 19 0 70 0 69 0 0 63 0 0 0 
27 0 29 34 30 0 33 0 32 0 0 0 59 61 55 54 60 62 13 10 0 12 15 17 14 0 0 3 5 6 2 4 7 1 81 0 46 47 0 0 0 0 49 45 50 0 0 69 0 0 0 0 70 64 21 25 23 0 20 0 0 0 0 75 76 74 0 0 72 78 0 0 0 0 0 38 44 0 0 40 41 
18 26 0 0 21 19 0 22 23 0 0 49 0 52 46 45 0 53 0 0 7 3 6 8 5 2 81 75 0 0 74 76 0 0 72 80 37 0 43 44 39 42 40 36 0 57 59 60 0 62 58 56 61 55 0 16 14 0 11 0 17 9 10 0 67 65 68 0 63 69 64 0 0 30 0 29 0 27 28 31 32 
45 53 47 52 48 0 51 49 0 0 0 76 77 0 73 72 0 0 31 28 0 0 33 0 32 29 27 21 0 0 0 22 25 0 0 26 64 0 70 0 66 69 67 0 68 3 5 0 81 0 4 0 7 1 39 0 41 42 38 0 44 0 37 0 13 11 14 16 9 15 10 17 61 0 60 56 0 54 0 0 59 
0 17 11 16 0 0 15 13 14 38 0 0 41 43 37 36 42 0 76 73 79 75 78 80 0 0 72 66 68 69 65 67 70 0 63 0 28 0 34 35 30 33 31 27 32 48 50 51 45 0 49 47 52 46 3 0 5 6 2 4 8 81 0 57 0 56 59 0 0 0 0 0 0 0 24 20 26 18 19 0 23 
81 8 2 7 3 1 6 0 5 29 30 0 0 0 28 27 33 35 0 64 70 66 0 71 68 0 63 57 59 0 0 58 0 55 54 0 19 20 25 0 21 24 22 0 23 39 0 0 36 0 40 0 43 37 75 79 77 0 0 76 80 72 0 0 0 47 50 52 0 0 0 0 0 12 0 0 0 9 10 13 14 
44 0 46 51 47 45 50 0 49 0 74 0 0 78 72 71 77 0 0 27 0 29 32 34 31 28 0 0 22 23 19 21 24 0 0 0 0 0 0 70 65 0 66 62 0 0 0 0 80 7 3 1 0 0 0 0 40 41 37 39 43 0 36 11 12 0 0 0 0 14 0 16 60 56 0 55 0 53 54 57 58 
35 43 0 0 38 36 41 0 0 0 65 66 67 69 0 62 0 0 21 0 24 20 23 0 0 19 0 0 0 0 10 0 15 9 0 0 54 55 60 61 56 59 57 53 0 0 76 0 0 0 75 0 78 72 29 33 31 32 28 30 34 26 27 2 3 0 0 0 0 0 81 0 0 47 0 46 0 0 0 0 49 
0 25 0 0 20 18 23 0 22 46 47 0 0 51 0 44 50 0 3 81 0 0 5 0 4 0 80 74 76 0 73 0 78 72 0 79 36 0 42 43 38 0 0 35 0 56 58 0 0 61 57 55 0 54 11 15 0 0 0 0 16 8 0 0 66 0 0 69 62 0 0 70 0 29 32 28 34 26 27 30 0 
53 61 0 0 0 0 0 57 58 1 2 0 0 0 81 0 5 7 39 0 0 38 41 0 40 0 35 29 31 0 28 0 0 27 26 34 0 73 78 0 74 77 75 71 76 11 0 14 8 16 12 0 15 0 0 51 0 0 46 0 0 44 0 0 21 19 22 0 0 23 0 0 0 65 68 0 70 62 0 0 67 
0 0 1 6 0 81 5 0 4 28 0 30 0 33 27 26 0 0 66 63 0 0 68 0 0 64 62 0 58 0 55 57 0 54 0 61 0 19 0 0 20 0 21 17 22 38 0 41 35 0 0 0 0 0 74 0 0 77 73 75 79 71 0 47 0 0 49 0 44 0 45 52 15 0 14 10 0 8 9 0 13 
0 70 64 69 65 63 0 66 0 10 0 12 13 0 9 8 0 16 0 0 0 0 50 52 0 46 0 38 40 41 0 0 0 36 0 43 81 1 6 0 2 0 3 80 0 0 22 0 0 25 21 19 24 18 56 0 58 0 0 57 0 0 0 29 30 28 0 33 0 0 27 34 0 74 0 0 0 71 0 75 76 
26 34 28 0 29 27 32 0 31 0 56 0 58 60 54 0 0 0 12 0 0 0 0 16 13 10 8 2 0 5 1 0 6 0 80 0 45 0 0 52 0 50 48 44 0 0 0 0 0 70 0 64 0 0 0 24 22 23 0 0 25 0 0 0 75 0 76 78 71 77 72 79 42 38 41 37 43 35 0 0 40 
0 16 10 15 11 9 0 0 13 37 0 39 0 0 36 35 41 43 75 72 78 74 0 0 76 0 71 65 0 68 0 0 0 63 62 0 27 0 0 34 0 32 0 26 31 47 49 50 44 52 48 46 51 45 2 0 0 5 1 0 7 80 0 0 57 0 0 60 53 59 54 61 0 0 0 19 25 0 0 21 0 
0 0 0 0 74 0 77 75 76 19 0 0 0 0 18 0 23 0 0 54 60 0 0 61 58 0 0 0 0 50 46 48 51 45 44 0 0 10 0 0 0 0 12 0 13 29 31 32 26 0 0 0 33 0 0 69 67 0 64 0 0 62 0 0 39 37 0 0 0 0 36 43 0 2 0 1 7 80 81 3 4 
