9
76 77 0 78 71 73 0 72 74 46 44 47 0 49 0 0 50 0 0 52 0 58 0 55 0 0 53 65 63 66 69 67 68 62 0 0 0 33 29 0 0 27 0 0 31 0 5 0 79 6 0 0 0 3 0 19 0 24 17 23 0 16 0 15 12 11 10 0 14 0 0 8 36 40 0 34 37 42 0 41 35 
0 50 0 0 0 0 48 45 0 19 0 20 18 22 0 21 0 0 0 25 0 31 27 28 29 33 0 0 36 0 0 40 41 0 34 37 0 6 2 80 5 0 0 0 4 56 59 0 52 60 0 53 0 0 0 73 75 78 0 77 72 70 0 69 66 65 64 0 68 0 67 62 0 0 12 0 0 15 0 14 8 
22 0 16 24 0 0 21 18 0 73 71 74 72 76 70 75 77 78 0 0 5 0 81 1 2 6 80 11 9 0 15 13 14 8 7 10 52 60 56 0 0 54 55 0 0 29 32 31 0 33 28 26 0 0 47 46 48 51 44 50 45 43 49 0 39 38 37 36 0 0 40 35 63 67 66 61 0 0 0 0 62 
31 0 0 33 0 0 0 0 29 1 0 0 81 0 79 3 5 6 12 0 14 0 9 10 11 0 8 0 18 0 24 22 23 17 0 19 0 0 65 62 68 63 64 66 0 0 0 40 0 42 37 35 36 39 56 0 57 60 53 0 0 52 58 51 0 47 46 45 0 0 49 44 72 0 0 70 73 78 74 77 71 
13 14 7 15 8 0 12 9 0 64 0 65 0 67 0 0 68 0 75 70 77 76 0 0 0 78 0 0 0 3 6 0 0 0 0 0 43 0 47 44 50 0 0 0 49 20 0 22 0 24 0 17 0 0 38 0 39 42 0 41 36 34 40 33 30 0 28 27 0 25 31 26 54 58 57 0 55 0 0 59 0 
0 5 0 0 80 0 3 0 2 55 0 0 54 0 52 57 59 0 66 61 68 67 0 0 0 0 62 74 72 75 78 0 0 0 70 0 34 42 0 0 41 36 0 0 40 11 0 0 7 0 0 8 0 12 29 28 0 33 26 32 27 25 0 24 0 0 0 18 0 0 0 17 0 49 48 43 46 51 0 0 44 
0 0 52 0 53 0 57 0 56 0 0 29 0 31 0 0 0 33 0 34 41 0 36 37 0 0 35 47 0 48 0 49 50 44 0 0 7 15 11 0 14 9 0 0 0 65 0 0 0 0 0 0 0 0 0 1 0 6 80 0 81 0 4 0 0 74 73 72 77 0 76 0 18 0 0 16 0 0 20 0 17 
67 68 0 69 62 64 0 63 65 37 35 0 36 40 34 39 41 0 48 43 0 49 45 0 47 0 0 56 54 57 60 58 0 0 0 0 16 0 20 0 0 0 19 21 0 0 77 76 0 78 0 71 0 0 11 10 12 0 0 14 0 7 0 0 0 0 1 0 0 79 4 80 0 0 30 25 0 0 0 32 26 
40 41 34 42 35 0 0 36 0 0 0 0 0 0 7 0 14 0 21 16 0 22 0 0 20 24 17 29 0 0 0 31 32 0 0 28 70 0 74 0 77 72 0 0 0 47 50 49 43 51 46 0 0 0 65 64 0 0 62 68 0 61 67 0 57 0 0 54 59 52 58 0 0 0 3 79 1 0 2 5 80 
21 0 15 23 0 0 0 17 19 0 70 0 0 75 69 74 76 77 2 78 4 0 80 0 1 5 0 0 8 0 14 12 0 7 0 9 0 59 0 0 58 53 0 56 57 28 0 30 0 32 27 25 26 0 46 45 47 0 43 49 44 42 0 41 38 0 36 35 40 33 39 34 62 66 0 60 0 68 64 67 61 
39 0 33 41 0 0 0 35 0 0 7 10 8 12 6 11 13 14 20 15 22 0 0 18 0 23 0 0 26 29 32 30 31 0 0 27 0 0 73 70 76 71 72 0 0 46 0 48 42 50 45 43 0 47 0 0 65 0 61 67 0 60 66 0 56 0 0 53 0 0 57 52 0 3 2 78 0 5 1 0 0 
3 4 78 5 0 0 2 0 0 0 52 55 53 57 51 56 0 0 0 60 67 66 0 63 0 0 61 0 0 74 0 0 0 0 69 72 0 0 37 34 40 35 36 38 39 10 0 12 0 14 0 7 8 11 0 27 0 0 0 0 0 24 30 0 0 0 18 17 22 0 0 0 0 48 47 0 45 50 0 49 43 
57 58 0 0 0 0 0 0 55 0 25 0 0 30 0 29 31 32 38 0 40 39 0 36 0 41 34 0 44 47 0 0 0 43 0 0 0 14 0 0 13 8 9 0 12 64 0 0 60 0 63 61 62 65 0 0 0 0 0 4 0 0 3 77 0 73 0 71 0 69 75 70 0 0 20 0 0 0 0 0 16 
66 67 60 68 61 0 0 62 64 0 34 0 35 0 33 38 0 41 0 0 49 48 44 45 46 50 0 0 0 56 0 57 58 0 51 54 0 23 19 16 22 17 18 20 21 73 0 0 0 77 72 70 71 74 10 0 0 0 7 13 0 6 0 5 0 0 0 80 4 0 3 0 0 0 29 24 27 32 28 0 0 
0 0 69 77 0 72 74 0 73 0 0 46 0 48 0 0 49 0 56 0 0 57 53 0 55 59 52 64 62 0 0 66 67 0 60 0 0 0 0 0 31 26 27 0 30 0 0 0 78 0 81 0 80 0 19 0 0 23 16 22 17 0 0 0 11 0 9 0 13 6 0 0 0 0 0 0 0 41 0 40 0 
12 0 6 0 0 0 0 8 0 63 61 64 62 66 0 65 67 68 0 69 76 75 0 0 73 77 0 1 0 0 5 0 0 0 78 81 0 50 46 0 0 44 0 0 0 0 22 21 15 23 18 16 17 0 0 36 38 41 34 40 0 33 39 0 0 28 27 26 31 0 30 0 0 57 0 51 0 59 0 0 52 
0 0 0 0 0 27 29 26 28 0 79 1 0 3 78 2 4 0 0 0 13 0 0 0 10 14 7 19 17 0 23 21 22 16 0 18 0 68 64 61 67 0 63 0 66 0 0 0 33 41 36 34 35 38 55 0 56 59 52 58 0 51 57 0 47 46 0 44 49 42 48 43 71 0 74 0 72 77 73 76 0 
48 0 42 50 0 45 47 0 46 18 16 19 17 21 0 20 22 23 29 24 31 0 26 27 28 32 25 0 0 0 41 39 0 34 0 36 78 5 1 79 4 80 0 0 3 55 0 57 51 0 54 52 53 56 73 0 74 0 70 0 0 0 75 0 0 64 63 62 67 60 66 0 8 0 11 6 9 0 0 0 0 
64 65 58 0 59 61 0 60 62 34 32 0 0 0 31 36 0 0 45 0 47 46 42 0 44 48 0 0 0 54 57 0 56 50 0 0 13 21 17 0 20 0 0 0 19 71 0 73 67 0 70 68 69 72 8 0 0 12 0 0 0 4 0 0 81 80 0 78 2 76 0 77 0 28 0 0 25 0 26 29 23 
55 56 49 57 50 52 54 51 53 25 23 26 24 28 0 0 29 0 0 31 38 37 0 34 0 39 0 44 42 0 0 0 47 41 0 43 4 12 0 5 0 6 0 9 0 0 0 0 0 66 61 0 60 0 0 79 0 3 77 0 78 0 0 75 72 71 0 69 74 0 73 0 15 19 18 0 16 21 17 20 14 
73 0 67 75 68 70 0 69 71 43 41 44 0 0 40 45 0 0 0 49 0 55 51 52 53 57 0 0 0 0 0 64 65 0 0 0 0 30 26 0 29 24 25 27 28 0 2 1 0 3 79 77 78 81 0 0 18 21 14 20 0 13 19 0 0 0 7 0 11 0 10 5 33 0 36 0 34 39 0 38 32 
19 20 0 0 0 16 18 15 0 70 68 71 0 0 67 0 74 0 0 76 0 0 78 79 0 3 0 8 6 0 0 10 0 0 4 7 49 57 53 0 56 0 52 0 55 0 29 28 22 30 25 23 24 27 44 43 45 0 0 0 42 40 46 39 0 35 0 33 38 31 37 32 60 0 63 0 0 0 62 65 59 
28 29 0 30 0 25 27 0 26 79 77 80 78 1 0 81 2 3 0 0 0 0 0 7 0 0 0 0 0 0 21 19 0 14 0 0 58 66 62 59 65 0 0 63 0 35 0 37 0 39 0 32 33 36 0 52 54 57 50 0 51 0 55 0 45 44 43 0 0 0 46 41 69 73 72 67 70 0 0 74 68 
0 38 31 39 32 34 0 33 35 0 0 8 6 0 0 9 11 12 0 13 0 19 15 16 17 0 14 0 24 27 0 28 0 23 22 25 67 0 71 0 0 69 0 72 73 44 47 46 40 48 43 41 0 45 62 0 63 66 0 65 0 0 0 57 54 53 0 0 0 0 0 0 78 0 0 0 79 3 0 0 0 
46 0 0 48 0 0 0 0 44 0 14 17 15 0 0 0 0 21 27 0 29 28 0 25 26 30 23 35 0 0 0 37 38 32 31 0 76 0 80 77 2 0 0 0 0 53 56 55 49 57 52 50 0 54 71 70 0 75 0 74 69 67 73 0 63 0 61 60 65 58 0 59 0 10 0 4 0 12 0 11 0 
1 0 0 0 77 0 81 78 80 52 50 0 51 55 49 54 0 0 0 0 0 64 60 0 62 66 59 71 69 0 75 73 0 68 67 70 0 39 35 32 38 0 34 36 0 0 0 10 4 0 7 5 6 9 26 0 0 0 23 29 0 22 28 0 18 17 16 0 20 13 19 14 42 46 45 40 43 48 44 47 41 
10 11 4 0 5 7 9 0 8 0 59 0 60 64 58 63 65 66 72 0 74 0 69 0 0 0 68 80 0 0 0 0 0 0 0 0 40 48 44 0 0 0 43 45 46 0 20 0 13 21 16 0 0 0 0 0 0 39 0 38 33 0 0 30 27 0 25 0 0 0 0 23 0 55 54 0 52 57 53 0 50 
78 79 72 80 73 75 0 74 0 48 46 0 47 0 0 50 52 0 59 0 0 0 0 0 58 0 55 67 65 68 71 69 0 64 0 0 27 0 31 0 34 29 30 32 0 4 7 0 81 8 0 1 0 5 22 21 23 0 19 0 0 18 0 17 14 0 12 0 0 9 15 0 0 0 0 36 0 44 40 0 37 
15 16 9 17 10 12 14 0 13 66 0 67 65 0 63 68 0 0 77 72 0 78 0 0 0 0 0 0 0 0 8 6 7 0 81 3 45 53 0 46 52 0 48 50 0 0 0 24 18 26 21 19 20 0 0 0 0 44 37 0 38 36 0 0 0 0 0 29 34 27 33 28 0 0 59 0 57 62 58 0 0 
0 25 0 26 19 21 23 0 22 0 73 0 74 0 72 77 0 80 0 81 7 0 0 3 0 0 0 13 11 14 17 15 0 10 0 12 0 62 0 0 0 0 57 0 60 31 0 33 27 0 30 28 0 32 49 48 50 0 46 52 47 0 51 44 41 40 0 0 43 36 42 37 65 69 68 63 0 71 67 0 64 
6 0 81 8 1 3 5 0 0 57 0 58 56 0 0 0 61 0 68 0 70 69 65 66 0 71 64 76 0 0 80 78 0 73 72 75 36 44 0 0 0 0 0 41 42 0 16 15 9 0 12 10 11 14 31 30 0 35 0 34 0 27 0 0 23 22 0 0 25 0 24 19 47 0 50 0 48 0 49 0 46 
33 34 27 0 0 30 32 29 0 0 1 0 0 0 81 5 7 8 14 0 0 0 0 12 0 17 0 0 20 23 26 0 25 19 18 21 63 0 0 64 70 0 66 68 0 0 0 42 0 44 39 0 38 41 58 57 59 62 55 0 0 54 60 0 0 0 0 0 0 45 51 46 74 0 0 0 75 0 76 79 73 
0 70 63 71 64 0 68 65 67 0 37 40 38 0 36 0 0 44 50 0 52 51 0 0 49 0 46 58 56 0 0 0 0 0 0 0 18 26 0 0 25 20 21 23 24 76 0 0 72 80 0 0 74 77 13 12 14 0 10 16 0 9 0 8 0 4 0 0 7 0 6 0 29 33 32 27 0 0 31 0 0 
0 43 36 0 37 39 41 38 0 12 10 0 11 0 0 0 16 17 0 18 0 24 20 21 0 26 19 31 0 32 35 0 0 28 27 0 72 80 76 0 79 74 75 0 78 0 0 0 45 0 48 46 47 50 0 66 68 0 0 70 0 0 0 62 0 58 0 56 0 0 0 0 0 6 5 0 3 0 4 7 1 
51 52 0 53 0 48 0 0 49 21 19 22 0 24 18 23 25 26 32 27 0 0 0 0 0 35 28 0 38 0 0 42 0 37 36 0 81 8 4 1 7 0 0 5 0 58 61 0 54 62 57 0 0 59 76 75 77 80 73 79 74 72 78 71 0 67 0 65 0 63 69 0 11 15 14 9 0 0 13 16 0 
60 0 0 62 55 57 0 0 0 30 0 31 0 0 27 32 34 35 41 0 0 42 38 39 0 0 0 49 47 50 0 51 52 0 45 48 9 17 0 0 16 11 0 14 15 67 70 0 63 71 66 0 0 0 4 3 5 8 0 0 2 0 6 80 0 76 0 0 79 72 78 73 20 24 0 18 21 26 0 25 19 
0 46 39 47 0 0 44 0 43 15 0 0 14 18 12 17 0 20 26 21 28 27 0 24 25 29 0 0 0 35 0 0 0 0 30 0 75 0 79 76 0 77 78 80 81 52 0 54 48 56 0 49 50 53 0 0 71 74 0 73 68 0 72 0 62 61 60 0 0 57 63 58 0 0 8 0 0 11 7 10 4 
36 37 30 38 31 33 0 0 34 6 0 0 5 9 0 0 0 11 0 12 0 18 14 15 0 20 13 25 23 0 0 27 28 22 21 24 0 0 70 67 0 68 69 0 72 0 46 0 0 47 0 40 0 44 61 60 62 65 58 64 59 0 63 0 53 0 51 0 55 48 54 0 0 81 80 75 78 2 79 1 76 
63 64 57 0 0 0 0 59 61 33 31 34 32 36 30 35 37 0 0 39 0 45 41 42 0 0 40 52 0 53 0 54 55 0 0 51 0 20 16 13 0 14 0 0 0 0 0 72 66 74 0 67 68 71 7 6 8 11 0 10 0 3 0 2 0 79 78 0 0 75 81 76 23 0 26 0 0 29 25 0 22 
9 10 0 0 4 0 8 5 0 0 58 0 59 63 57 0 0 65 0 0 73 0 68 0 70 0 67 79 77 80 2 81 1 0 75 78 39 0 43 40 46 41 0 44 0 0 0 18 0 0 15 13 14 17 34 33 35 38 0 37 32 0 0 29 26 25 0 23 28 0 27 0 50 54 0 48 0 56 52 0 0 
0 0 21 29 22 0 0 0 25 78 0 79 0 0 75 80 1 0 8 0 10 9 5 0 0 11 4 16 14 17 20 18 19 0 12 15 0 65 61 0 0 0 0 62 0 34 37 0 0 38 33 31 0 0 52 51 53 0 49 0 50 0 0 47 0 43 42 41 46 39 45 40 0 72 0 66 69 0 70 0 0 
54 0 48 56 0 51 53 0 0 0 22 25 23 0 0 26 28 29 0 30 37 36 0 33 0 0 31 43 41 0 0 0 0 40 39 0 3 0 0 0 0 0 6 0 0 61 0 63 0 65 0 0 59 0 0 78 80 2 0 1 77 75 0 0 71 0 69 68 73 66 72 0 14 0 17 12 15 20 16 0 13 
81 1 75 0 76 0 80 77 0 0 49 52 50 0 48 53 0 0 62 0 0 0 59 60 0 65 58 70 68 71 0 72 0 0 0 0 30 38 34 31 37 32 0 35 36 7 10 0 3 11 6 0 0 0 25 24 0 29 0 28 0 0 0 0 0 0 15 14 0 0 18 13 0 0 0 39 42 47 43 0 0 
0 0 0 0 0 15 17 14 0 0 0 0 0 72 66 71 73 74 80 75 1 0 0 78 79 0 0 7 5 8 0 9 10 0 3 0 0 56 52 0 55 50 51 0 0 25 0 27 21 29 24 0 0 26 43 42 44 47 0 0 41 39 45 38 35 0 0 32 0 30 0 0 0 63 0 57 0 0 61 0 58 
72 0 66 0 67 0 0 0 70 42 0 0 0 45 39 0 46 47 53 48 55 54 0 51 52 56 49 61 0 62 65 63 0 58 0 0 21 29 25 22 28 23 24 26 27 79 0 0 0 0 78 76 0 0 0 0 17 20 0 0 0 12 18 0 0 0 0 5 10 3 0 4 0 0 0 30 33 0 0 37 31 
0 0 14 0 15 17 0 16 0 71 69 0 0 74 68 0 75 0 0 77 0 2 79 80 81 4 78 0 7 0 13 0 12 0 5 0 50 0 54 0 57 0 53 0 0 0 30 0 0 0 26 24 25 28 45 44 0 49 0 0 0 41 0 40 37 36 35 34 0 32 0 33 0 0 0 0 0 67 63 66 0 
56 57 0 58 51 53 0 52 54 26 0 27 25 29 23 28 0 31 0 0 39 0 34 35 36 40 33 0 43 0 49 47 48 0 41 44 5 13 0 0 0 0 8 10 0 63 66 0 59 67 0 0 61 64 81 80 0 4 78 3 0 0 2 76 0 72 0 0 0 0 74 69 0 20 19 14 17 0 18 0 15 
65 0 59 67 0 62 64 61 0 35 33 0 0 38 0 0 39 40 46 41 48 47 43 44 45 49 0 0 52 0 58 56 57 0 50 53 0 0 18 15 0 16 0 19 20 0 75 0 68 76 0 69 70 73 9 8 10 0 6 12 0 5 0 4 0 81 80 0 3 0 2 78 0 29 28 0 0 31 27 0 0 
11 0 0 13 6 8 10 0 9 62 0 63 61 65 0 0 66 67 73 68 75 74 0 0 0 76 69 81 79 0 0 2 3 0 0 80 41 49 0 42 48 0 0 0 0 0 0 20 14 22 17 15 0 19 36 35 0 0 0 39 34 0 0 0 0 27 26 0 0 23 0 24 52 56 55 50 0 0 0 0 0 
74 0 0 76 0 71 0 70 0 0 42 0 43 47 41 0 48 49 55 0 57 0 52 53 54 58 51 0 61 0 67 65 0 60 0 62 0 31 0 0 30 25 0 0 29 81 3 0 77 0 80 78 0 0 0 17 0 0 15 21 16 14 20 13 10 0 8 7 0 0 11 6 34 38 37 32 0 40 0 0 33 
47 48 41 49 0 44 0 43 45 0 15 18 0 20 14 19 21 0 28 23 30 29 25 0 27 31 24 0 34 0 40 38 39 33 0 35 0 4 81 78 0 79 80 1 2 54 57 56 50 58 0 0 0 55 72 71 73 76 69 0 70 68 0 67 64 63 0 0 66 59 0 60 7 11 10 0 0 0 0 12 0 
38 39 32 0 33 35 37 0 36 0 6 9 0 0 0 0 0 0 0 0 0 20 16 0 18 22 15 27 0 28 0 29 30 24 0 0 68 76 0 69 0 70 0 73 74 45 0 47 41 0 0 0 43 46 0 0 64 0 60 66 61 59 65 58 55 54 0 0 0 0 56 0 0 0 1 77 0 4 81 0 78 
2 3 77 0 0 80 1 0 81 0 51 54 52 56 50 55 0 58 64 59 66 0 61 0 0 0 60 0 70 73 0 0 0 0 68 0 32 40 36 0 39 34 35 0 38 9 12 11 0 0 8 6 7 10 27 26 28 0 24 30 25 0 0 0 19 0 17 0 21 14 0 15 43 47 0 0 0 49 0 48 0 
29 0 23 0 24 0 28 25 27 80 78 0 0 0 77 0 0 0 0 5 0 11 7 8 9 13 6 18 16 0 22 20 0 0 14 17 59 67 63 0 66 61 62 64 65 36 39 38 32 40 0 0 34 37 54 53 55 58 51 57 0 50 0 0 46 0 0 43 48 0 47 42 0 0 0 68 0 0 0 75 0 
41 0 0 0 0 38 40 0 0 11 9 0 10 0 0 13 0 0 22 17 24 0 0 0 21 25 0 0 28 31 0 0 33 27 26 29 0 79 0 72 0 73 0 76 77 48 51 50 44 52 47 45 0 0 66 0 67 70 0 0 0 0 68 61 0 57 0 55 60 0 59 54 1 5 4 80 2 7 0 0 0 
0 69 62 0 0 65 67 64 66 38 0 39 0 41 35 40 42 0 49 0 0 0 46 0 0 0 0 57 55 58 0 59 0 0 53 56 17 0 21 0 0 19 20 22 23 75 0 0 71 0 0 72 73 76 0 11 0 16 9 15 10 8 14 7 0 0 2 0 0 0 5 81 28 0 31 26 29 34 30 0 0 
0 60 0 0 0 56 0 55 57 29 0 0 28 32 26 0 33 34 40 0 42 41 37 0 0 0 0 48 46 49 0 0 51 0 0 47 8 16 0 0 15 10 0 13 0 66 69 0 62 70 65 63 64 0 3 2 0 7 0 6 1 80 5 0 76 0 0 73 0 71 0 0 19 23 0 0 20 25 21 24 0 
77 0 71 79 72 0 76 73 75 47 45 0 0 0 44 49 51 52 58 53 0 59 0 0 0 61 0 66 64 67 70 68 0 63 62 65 26 34 0 27 0 28 29 31 32 0 0 5 0 7 2 0 0 4 21 20 22 25 18 24 19 17 0 0 0 0 0 10 15 8 14 0 37 0 40 0 38 43 39 42 0 
32 33 0 34 27 29 0 28 0 0 81 3 0 5 0 4 6 0 13 8 15 0 0 11 12 16 0 0 0 22 25 0 24 0 0 0 62 70 66 63 0 64 65 67 68 39 42 41 0 43 0 36 0 40 57 56 0 0 0 0 0 0 0 0 49 0 0 0 51 0 50 45 0 0 76 0 74 79 0 0 0 
5 0 80 7 0 0 4 0 0 56 0 57 0 59 53 0 60 61 0 0 0 0 64 65 0 0 63 0 73 76 79 77 78 72 71 74 35 43 0 36 42 37 0 0 41 12 15 0 0 16 0 9 0 13 0 29 31 0 0 33 0 0 32 0 22 21 20 19 24 0 0 0 46 50 0 44 47 52 48 0 45 
14 15 8 16 0 0 13 0 12 65 63 0 0 0 62 0 0 0 76 0 0 0 73 74 75 0 0 0 0 0 7 0 0 0 0 2 44 52 48 0 51 46 47 0 0 21 24 23 17 0 20 18 19 22 39 0 0 43 36 0 0 35 0 34 0 0 29 0 33 26 0 27 55 59 58 53 56 61 57 60 0 
0 51 0 0 45 0 49 46 48 20 18 21 19 23 0 0 24 0 31 0 33 0 28 0 30 34 0 39 0 40 0 0 42 36 0 0 0 0 0 81 0 0 0 4 5 0 60 59 0 0 56 0 55 58 0 74 0 79 72 78 0 71 77 70 67 66 65 64 0 62 68 0 0 0 13 8 0 0 12 15 9 
23 0 17 25 0 20 0 19 21 0 72 0 73 0 0 76 0 0 0 80 6 5 0 2 0 0 0 0 0 0 0 14 0 9 0 11 53 0 0 54 60 55 56 58 59 0 33 0 26 0 0 0 28 31 0 0 49 0 0 0 46 44 50 0 0 39 0 37 42 0 41 0 64 68 67 0 65 70 66 0 63 
0 0 55 63 56 58 60 57 59 31 29 32 30 34 28 33 35 36 0 37 0 43 39 40 0 0 38 50 0 0 54 0 0 47 46 0 10 0 0 11 17 12 13 15 0 0 71 70 64 72 0 0 66 69 5 0 6 0 0 0 3 1 7 0 78 77 76 75 0 73 79 74 21 0 24 19 0 27 0 26 20 
52 53 46 54 0 49 0 48 0 0 0 23 21 25 0 24 26 27 33 0 0 0 0 0 32 0 29 41 0 42 45 0 44 38 0 0 0 9 0 2 8 0 4 0 0 59 62 61 0 63 58 56 0 0 77 0 0 0 0 80 75 73 0 72 0 68 0 66 71 0 0 65 0 0 15 10 0 18 14 0 11 
34 35 0 0 0 31 33 0 32 0 2 5 3 7 1 0 8 9 15 10 0 16 12 13 0 0 11 0 21 24 27 0 0 20 0 22 64 72 0 65 0 66 67 69 70 0 44 43 0 45 0 38 0 42 59 0 0 63 0 0 0 0 61 54 51 50 49 0 53 46 52 0 75 79 78 73 0 0 77 80 74 
16 0 10 0 11 0 15 12 0 0 0 68 66 0 0 0 71 0 78 0 0 0 75 0 0 81 0 0 3 6 9 0 8 2 0 0 46 54 50 0 53 0 0 51 52 23 0 0 0 0 0 0 21 0 0 40 42 45 0 0 39 37 43 36 33 32 31 30 0 28 0 0 57 61 60 0 58 63 59 62 0 
0 71 0 0 0 0 69 66 0 40 0 0 39 0 37 0 44 45 0 0 0 0 48 49 50 54 47 59 0 60 0 0 62 0 0 58 19 0 23 20 26 21 22 24 25 0 80 0 73 81 0 0 0 78 14 13 15 0 11 0 12 10 0 9 6 5 4 3 8 1 0 2 30 0 33 28 31 0 32 0 29 
79 0 0 81 74 76 78 75 0 49 47 50 48 52 46 0 0 0 60 55 62 0 0 58 59 63 56 68 66 69 0 70 71 65 64 67 28 0 32 0 35 0 31 33 34 5 0 7 1 0 4 2 0 6 0 22 0 0 20 0 21 0 25 18 0 14 13 12 17 0 16 0 0 43 0 0 40 0 0 44 38 
7 0 1 9 2 0 6 3 0 58 0 59 0 61 55 60 62 63 69 0 0 70 66 67 68 0 0 0 0 78 0 79 80 74 0 76 37 45 0 38 0 39 40 42 43 14 17 16 10 18 13 0 0 15 32 0 33 36 29 35 30 28 34 0 24 23 22 0 0 0 0 20 0 52 51 46 0 54 50 53 0 
43 0 0 45 38 40 42 39 41 13 11 0 0 0 0 15 17 0 0 0 26 0 21 0 23 27 0 32 0 33 36 0 0 0 28 0 73 0 77 74 80 0 76 0 79 50 53 52 46 0 0 0 48 0 68 67 69 72 65 71 0 0 70 0 0 0 58 57 62 0 61 56 0 0 0 0 4 0 0 8 0 
25 0 19 0 0 22 0 21 23 76 0 77 75 0 73 0 0 81 6 0 8 0 3 4 0 0 0 0 12 0 0 16 17 11 10 0 55 63 59 0 0 0 0 60 61 32 35 34 28 0 0 0 30 0 0 0 0 0 47 0 48 0 0 45 42 41 0 39 44 0 43 38 0 0 0 64 0 0 68 71 65 
62 63 0 64 57 0 0 0 0 32 30 0 31 0 29 34 0 0 43 38 45 0 0 41 42 0 39 0 49 52 55 53 54 48 47 0 0 19 0 12 18 0 14 16 17 69 72 71 0 73 68 66 0 70 6 0 7 10 3 9 4 2 8 1 0 0 77 76 81 74 80 0 0 26 25 20 23 0 0 0 0 
0 0 20 28 21 0 25 22 24 77 0 0 76 80 74 0 0 0 0 2 9 0 0 5 6 10 0 15 0 0 19 17 0 12 11 14 0 64 60 0 0 58 0 0 0 0 36 0 29 0 32 30 31 34 0 50 52 0 0 54 49 47 0 46 43 0 0 0 45 0 44 39 67 0 70 65 68 0 0 72 0 
53 0 47 55 48 0 0 49 51 23 0 24 22 26 20 25 27 28 0 0 36 0 31 32 33 0 30 42 40 0 0 44 45 39 0 0 0 0 0 0 0 4 5 7 8 0 63 0 0 64 0 57 58 61 78 0 79 1 0 0 0 0 80 73 0 0 68 0 72 65 0 66 13 0 16 0 14 19 15 0 12 
0 36 29 0 0 32 34 31 0 0 0 0 0 8 2 7 9 0 16 11 0 17 0 14 15 0 12 24 0 0 0 0 0 21 20 0 65 73 0 0 72 67 0 0 71 0 0 44 38 0 41 39 40 43 60 0 61 64 57 63 58 0 62 0 52 51 50 49 54 0 53 48 0 80 79 0 0 1 78 0 75 
80 0 74 1 0 77 79 0 78 0 48 51 49 53 47 52 54 55 0 56 63 62 58 0 0 0 57 0 67 70 73 0 72 0 65 68 29 37 33 30 36 31 0 34 0 6 0 0 2 0 5 0 4 0 24 23 25 28 21 0 0 20 0 19 0 15 14 13 0 11 17 12 0 0 43 0 41 46 0 0 0 
71 72 65 73 66 68 70 67 0 41 0 42 40 44 38 43 45 46 52 0 0 53 49 50 51 0 48 0 58 0 64 62 0 0 0 59 20 28 0 21 27 22 0 0 0 78 81 80 74 0 77 0 76 79 0 14 16 19 12 0 13 0 0 10 7 0 0 0 9 2 8 0 0 35 34 29 0 37 0 0 0 
8 9 2 10 3 5 0 4 6 59 57 0 58 62 0 0 0 0 70 65 72 71 67 68 0 0 0 78 0 79 1 0 81 75 74 0 38 46 0 39 0 40 41 0 0 15 18 17 0 19 0 12 13 16 33 0 34 0 30 36 31 29 35 28 25 0 23 22 27 20 26 0 49 53 52 47 0 55 51 54 48 
44 45 38 46 39 41 0 0 0 0 12 15 13 0 0 16 18 0 0 20 27 26 22 0 24 28 21 33 31 34 0 35 0 30 29 32 0 0 78 75 81 76 0 79 80 51 54 53 0 0 0 48 49 0 69 68 70 73 66 72 67 65 71 0 61 0 59 0 63 56 0 0 0 8 7 2 5 10 0 9 3 
17 18 11 19 12 0 16 0 0 68 0 0 67 0 65 70 72 0 79 74 0 0 76 77 78 0 0 6 0 7 10 8 9 0 2 5 47 55 51 48 54 0 0 52 0 24 27 0 0 0 23 21 22 0 0 41 0 46 39 45 40 38 44 37 34 33 32 0 36 29 35 30 58 62 61 56 59 0 60 63 0 
