9
0 79 0 5 0 0 81 3 0 0 0 0 0 0 44 49 48 0 0 56 58 57 0 52 55 0 60 12 0 0 13 0 11 0 0 9 31 0 0 29 0 32 27 26 28 0 0 0 0 0 66 69 61 0 17 0 0 0 0 24 21 0 23 78 76 0 72 74 0 75 0 0 0 35 0 0 0 0 0 0 40 
46 0 0 0 44 47 45 48 0 0 0 0 0 0 8 0 12 0 17 0 22 21 18 0 0 23 24 0 59 0 58 53 56 0 60 54 76 0 0 74 78 0 0 0 0 0 28 26 31 29 0 33 0 0 62 0 67 65 63 0 0 0 0 42 40 37 36 38 35 39 34 0 0 80 79 5 3 0 2 81 0 
0 0 60 0 0 0 0 0 0 23 0 0 0 0 17 22 0 20 0 29 0 0 27 0 28 0 33 66 68 64 0 62 65 61 69 63 0 3 79 2 0 5 81 80 1 36 37 35 0 38 39 42 0 41 0 0 76 0 0 0 75 0 0 0 0 46 45 47 0 48 43 50 15 0 7 0 0 0 11 9 0 
0 25 0 0 26 0 0 0 31 0 0 72 0 0 0 0 75 74 0 0 4 3 81 0 1 0 0 39 41 37 40 35 0 34 42 0 0 0 0 0 60 0 54 0 0 0 10 0 13 0 12 15 0 0 44 43 49 47 0 51 0 46 50 0 22 0 18 0 0 0 16 23 69 62 61 0 66 64 0 0 0 
64 0 69 0 62 0 0 0 67 0 0 27 0 28 0 31 30 0 35 38 40 0 0 34 37 0 42 0 0 0 76 71 74 70 0 0 0 0 0 0 15 14 9 0 0 45 46 0 0 47 0 51 0 50 0 79 4 0 0 6 3 1 0 60 0 55 0 0 53 57 0 59 24 0 16 0 21 19 0 0 22 
73 0 78 0 0 74 72 75 76 0 42 0 0 37 35 0 0 38 44 47 49 48 0 0 0 50 51 3 5 1 4 80 0 0 6 81 22 0 0 0 0 0 0 0 19 54 55 0 0 0 57 0 0 0 8 0 13 0 0 0 12 0 0 69 0 0 0 65 0 66 0 0 33 26 25 0 0 0 29 0 31 
0 0 15 14 8 0 0 0 0 59 0 54 52 0 0 58 57 56 0 65 0 0 63 0 64 0 69 0 0 0 22 17 0 16 24 18 40 0 0 0 42 0 36 0 37 72 0 71 76 74 75 0 70 0 26 0 0 29 0 0 30 28 32 6 0 1 81 2 80 0 79 0 51 0 43 50 0 46 0 0 0 
0 0 0 41 0 38 0 39 0 5 0 81 0 1 80 0 0 0 8 0 13 12 9 7 0 14 0 48 0 0 0 44 0 0 51 0 0 66 0 65 0 68 63 0 64 0 19 17 0 20 21 24 16 0 53 52 0 0 0 60 57 55 59 0 31 0 0 0 26 30 0 0 0 71 70 77 75 0 74 0 76 
0 0 0 0 0 0 18 0 22 68 0 63 0 0 62 0 66 0 71 0 0 75 0 0 0 0 78 0 0 0 31 0 29 0 0 27 0 0 0 0 51 0 0 0 0 81 0 0 4 2 3 6 0 0 0 34 40 0 0 42 39 0 0 0 0 0 0 11 0 12 7 14 60 53 0 0 0 0 56 54 58 
0 0 0 0 18 0 0 22 0 69 70 0 62 0 0 0 0 0 0 75 77 0 73 0 74 0 0 31 0 0 32 0 30 0 34 0 0 49 44 48 52 51 46 0 0 0 2 81 0 3 0 0 0 6 0 35 41 39 0 43 40 38 0 0 0 0 0 0 0 0 0 0 0 0 0 60 0 0 0 55 0 
65 0 70 69 63 66 64 67 0 0 0 0 0 29 0 0 0 30 36 39 41 40 37 0 0 42 43 76 0 0 77 72 0 71 0 73 0 13 8 12 0 0 0 9 11 46 47 0 0 48 49 52 0 0 81 80 0 3 1 0 4 0 0 0 59 0 55 0 0 58 0 0 0 0 0 24 22 20 21 0 23 
2 80 7 0 81 0 0 0 0 0 0 46 44 0 0 0 49 48 0 57 59 58 0 0 0 0 0 13 15 0 0 9 0 8 16 10 32 0 0 0 0 33 28 0 29 64 0 0 0 0 0 0 62 0 0 17 0 21 19 25 0 0 0 79 0 0 73 75 0 0 71 78 43 36 35 42 0 38 39 37 0 
29 26 34 0 27 30 0 31 0 0 79 0 0 0 72 0 0 0 81 3 5 0 0 0 2 6 0 0 42 0 41 0 0 35 0 0 59 0 53 57 0 0 55 0 0 0 11 0 14 0 13 0 8 15 45 44 50 0 46 0 49 47 0 25 0 0 19 21 0 0 17 0 0 63 0 0 0 65 66 0 0 
0 0 0 0 0 0 10 0 0 60 61 55 0 56 0 0 0 0 63 0 0 67 0 0 0 0 70 22 24 20 23 18 0 0 0 0 41 0 0 39 0 42 0 36 38 73 0 0 0 0 76 0 71 0 0 0 0 30 0 34 31 29 0 0 0 0 0 3 81 0 80 0 0 45 0 51 49 47 0 0 0 
74 71 79 0 0 75 0 76 0 0 43 37 35 38 36 41 0 0 45 48 50 0 0 44 47 0 0 0 0 0 0 0 0 80 0 0 23 0 0 21 25 24 0 18 20 0 0 0 0 0 0 0 53 60 0 0 14 0 10 0 0 11 0 0 0 0 64 0 63 67 62 69 34 0 0 33 31 29 0 28 0 
56 0 61 60 0 57 55 58 59 0 25 19 17 20 18 23 0 0 27 0 0 0 0 0 29 33 0 0 0 65 0 0 0 62 0 0 0 4 80 0 7 6 1 81 0 0 38 0 41 39 40 43 35 0 72 71 0 75 73 79 0 0 0 0 0 47 0 0 45 49 44 0 0 0 0 0 0 0 12 10 0 
38 0 43 0 0 39 37 40 0 0 7 0 80 2 0 5 0 3 9 0 0 13 10 0 0 15 16 0 0 47 0 0 0 0 0 46 68 0 0 66 70 0 64 63 0 0 20 0 0 21 22 0 0 24 54 0 0 57 0 0 0 56 0 0 0 0 28 0 0 0 0 33 79 72 71 0 0 0 75 73 0 
0 0 52 0 45 0 0 49 0 0 16 10 0 11 0 0 13 0 0 0 23 22 0 17 20 0 25 0 60 56 59 54 0 53 61 0 0 0 0 0 79 78 0 72 74 28 0 27 32 0 0 34 0 0 63 62 68 0 64 0 0 65 69 0 0 0 0 39 36 40 35 42 0 0 0 6 0 0 0 1 5 
0 0 1 81 75 78 0 0 0 45 46 40 38 0 39 0 43 42 48 0 53 52 0 0 0 0 0 7 9 0 8 3 6 0 0 4 26 25 20 24 0 0 22 0 23 0 59 0 0 0 61 0 0 0 0 11 17 0 13 19 0 14 0 0 0 0 67 0 66 70 0 72 37 0 29 36 0 32 0 0 0 
59 56 64 63 57 60 0 61 0 27 28 22 20 23 21 0 0 24 0 33 0 34 0 29 0 0 37 70 0 0 0 66 0 65 0 67 0 0 2 6 0 9 4 0 5 40 41 39 0 42 0 0 38 45 75 0 80 0 0 0 79 77 81 55 0 50 0 0 0 0 0 54 19 12 11 0 0 14 15 13 17 
0 2 0 0 0 6 4 0 0 0 55 49 0 0 48 0 52 51 57 0 62 0 58 0 59 0 0 0 0 0 0 0 15 0 19 13 0 0 0 0 37 36 31 0 32 0 68 66 71 69 70 73 65 0 0 20 26 24 0 28 25 23 27 0 80 0 0 78 75 79 0 0 0 39 0 0 43 0 42 0 44 
0 29 37 0 0 33 31 0 35 81 1 76 0 0 75 0 79 0 3 6 8 7 0 0 0 9 0 43 0 0 44 0 42 0 46 40 0 61 56 60 0 63 58 57 0 13 14 0 17 15 0 0 0 0 0 47 0 51 49 55 0 0 0 28 0 23 22 0 21 25 0 27 0 0 0 72 70 0 69 0 0 
0 0 55 0 0 51 0 0 0 18 19 13 0 0 12 17 16 15 21 24 0 0 22 0 0 27 28 0 0 59 0 57 60 56 0 0 80 79 0 78 1 0 76 75 77 31 32 0 35 33 0 37 29 0 66 65 71 69 0 73 70 0 72 46 0 41 40 42 39 43 0 45 10 0 2 9 0 5 6 4 0 
0 0 46 0 39 0 40 43 0 9 10 0 0 5 3 8 0 6 12 0 17 16 0 11 0 0 0 52 54 50 0 48 0 0 55 49 71 0 65 0 0 0 67 66 0 0 23 21 0 0 25 0 20 27 57 56 0 60 0 0 61 0 0 0 0 32 31 33 0 0 0 0 1 75 0 81 79 0 78 0 0 
0 11 0 18 0 0 0 16 0 63 64 0 0 0 57 0 0 0 0 69 0 0 0 0 0 72 73 25 0 23 26 21 24 20 0 0 0 43 0 0 0 0 40 0 0 76 77 75 80 78 0 0 74 81 0 29 0 0 31 0 0 0 36 10 0 5 4 6 0 7 2 9 55 0 47 54 0 50 0 49 53 
0 0 73 0 66 0 67 0 0 36 0 31 29 32 0 0 34 0 0 0 44 43 0 38 41 0 46 0 0 77 80 75 78 74 0 0 17 16 0 15 0 18 0 12 0 0 0 0 53 51 52 0 47 54 0 2 8 6 4 10 0 5 0 64 0 0 0 0 0 61 0 0 28 21 20 0 25 23 24 22 26 
23 0 0 27 0 0 22 0 0 0 0 67 65 0 66 0 0 69 0 78 0 0 76 0 0 81 0 0 0 32 0 30 0 0 0 31 53 0 0 51 0 54 49 0 50 4 0 0 8 6 0 0 0 0 39 0 44 42 0 46 0 41 45 0 0 0 0 0 12 0 0 0 64 57 56 63 0 0 0 0 62 
70 67 0 74 0 71 69 0 73 38 39 33 0 34 32 0 0 0 41 0 0 45 0 0 0 0 0 0 2 79 1 0 80 0 0 78 0 0 0 0 0 0 15 14 16 0 0 0 0 53 54 57 49 0 0 0 10 8 0 0 0 7 11 66 64 0 0 62 0 0 58 0 0 23 22 0 0 0 26 0 0 
0 22 0 0 23 0 0 27 0 74 75 0 0 0 0 73 0 71 77 80 1 0 0 76 79 0 3 36 38 0 37 32 35 31 39 33 0 54 49 53 0 56 51 50 0 0 7 5 0 0 9 0 0 0 41 40 0 44 0 48 45 0 47 21 19 16 0 17 14 0 0 20 66 59 0 65 63 0 62 0 0 
0 0 0 2 77 80 0 0 0 0 0 42 40 0 41 0 45 44 50 0 0 54 51 0 52 0 0 0 11 0 0 5 8 4 12 6 0 27 0 26 30 29 24 23 25 60 61 59 0 0 63 0 58 0 14 13 0 17 0 0 0 0 20 75 73 70 69 0 0 0 0 0 0 32 31 38 0 0 35 0 0 
52 49 0 0 50 53 0 54 0 20 0 0 0 16 0 0 0 17 0 26 0 27 24 0 0 29 0 63 0 0 0 0 62 0 66 60 0 0 76 0 3 2 0 0 79 0 34 32 37 35 36 39 31 38 68 0 73 71 69 75 0 0 74 0 46 43 42 0 41 0 0 0 0 0 4 0 0 7 8 0 0 
61 0 0 65 0 0 60 0 64 29 0 24 22 25 0 0 0 0 0 0 0 36 0 0 0 0 0 0 0 70 73 0 71 67 0 69 0 9 4 8 12 0 6 5 7 0 0 0 46 44 0 48 0 47 77 0 1 0 78 0 81 79 2 0 0 0 0 53 50 0 0 0 0 0 0 0 18 16 17 0 0 
0 40 0 0 41 0 42 45 46 0 12 0 4 0 0 0 0 0 0 0 0 18 15 13 16 20 21 54 0 0 55 0 0 49 57 51 0 72 0 71 75 74 0 68 70 0 0 23 0 0 0 30 22 29 0 58 64 62 60 66 63 61 65 0 0 34 0 35 32 36 0 0 3 0 76 0 81 0 0 0 1 
16 13 21 20 0 17 0 0 0 0 66 60 0 0 0 0 0 62 0 71 73 72 0 0 0 0 0 27 29 25 0 23 26 22 30 24 0 45 0 0 48 0 42 0 0 0 79 0 1 80 81 3 76 0 0 31 37 0 33 0 0 34 38 0 10 7 6 0 5 0 4 0 0 0 0 0 54 0 53 51 55 
34 31 0 0 32 0 33 36 0 2 3 78 76 0 77 1 0 80 0 8 0 9 0 4 7 0 12 0 0 43 0 0 0 0 0 42 0 0 0 0 0 65 0 59 0 0 0 0 0 17 18 0 0 0 50 49 55 0 0 57 54 0 56 0 28 25 0 26 0 27 0 29 75 68 67 74 72 70 71 69 0 
7 4 12 11 0 0 6 9 10 0 0 51 49 52 0 55 54 0 0 0 0 63 0 0 0 0 66 18 0 0 0 14 17 13 21 0 0 36 0 35 0 38 33 32 34 69 70 0 73 0 0 75 0 74 23 22 0 26 0 0 0 0 29 3 0 79 0 80 77 81 0 0 0 41 40 0 0 0 0 42 46 
22 19 27 0 0 0 0 0 0 71 0 0 64 67 65 70 69 68 74 0 0 78 0 0 76 80 0 0 0 31 34 0 0 0 0 30 0 51 46 0 54 0 0 0 0 0 0 0 0 5 0 9 0 0 0 37 43 0 0 45 42 40 44 0 0 13 0 0 0 15 0 17 0 56 55 0 60 0 59 57 61 
0 28 0 35 0 32 0 0 0 80 0 75 0 76 0 0 78 77 0 5 0 0 0 0 4 8 9 0 0 0 43 0 41 37 45 0 61 60 55 59 0 0 0 56 0 0 0 0 0 0 0 18 10 17 47 0 0 0 0 54 0 0 53 0 25 0 0 23 20 24 19 0 72 65 0 71 69 67 0 66 0 
4 0 9 0 2 5 0 0 0 0 54 0 46 49 47 0 51 0 56 59 0 0 0 0 0 62 63 0 0 0 16 11 14 10 0 12 0 0 28 32 36 35 30 29 31 66 0 0 0 68 0 72 0 0 20 0 0 0 0 27 0 22 0 81 0 76 0 0 74 0 73 0 45 0 37 0 0 40 41 39 0 
0 55 63 0 56 0 0 60 0 26 27 0 19 0 20 25 24 23 29 32 0 33 0 0 0 0 0 69 71 67 0 65 68 64 0 66 7 0 1 5 9 8 3 0 4 0 0 38 0 41 0 45 0 0 74 0 0 0 75 0 0 76 0 54 52 0 0 50 0 0 0 0 0 0 0 0 15 13 0 12 16 
49 0 54 53 47 0 48 51 52 17 18 12 0 0 0 16 15 14 20 0 0 24 0 19 22 26 27 0 62 58 0 56 0 0 63 0 79 78 73 77 0 0 0 74 76 0 31 0 0 32 0 0 0 0 65 0 70 68 0 0 69 0 0 0 0 0 39 0 38 42 37 44 0 0 1 8 6 0 5 0 0 
0 73 0 80 0 0 0 78 79 0 0 39 0 40 0 0 0 41 47 0 0 0 48 46 0 53 0 0 8 4 0 0 5 1 9 0 0 24 0 23 0 26 21 20 22 0 0 0 0 59 0 0 55 0 0 10 16 0 12 0 0 0 17 72 70 67 66 68 65 69 64 71 36 0 0 35 33 31 32 0 34 
67 0 0 0 65 68 0 0 0 35 36 0 0 0 29 0 0 0 0 0 43 42 39 0 40 0 0 0 0 76 0 0 0 0 0 75 0 0 10 14 0 0 12 11 0 48 0 47 52 50 51 54 0 53 0 1 0 0 0 9 6 0 8 0 0 58 57 59 0 60 55 62 0 0 0 0 0 0 0 0 25 
13 10 18 0 11 14 0 15 16 0 63 0 0 0 56 61 0 0 0 68 70 69 0 64 67 71 0 24 0 0 0 20 0 19 0 21 0 0 0 41 0 0 0 38 40 0 0 0 0 0 0 0 0 80 0 0 34 32 30 0 33 31 35 0 0 0 0 0 2 0 0 0 54 47 46 0 51 0 0 48 52 
40 0 45 0 0 41 39 0 43 8 0 0 1 0 0 7 0 0 11 14 16 0 0 0 0 17 18 0 53 49 0 47 0 0 54 48 70 69 0 0 72 0 66 65 0 21 0 0 0 0 24 0 0 26 56 55 0 0 0 63 60 58 62 0 0 31 30 0 0 33 28 35 0 74 0 0 0 76 0 75 79 
0 0 0 0 0 43 0 0 45 10 0 5 0 6 0 0 8 0 0 16 18 17 0 12 0 0 20 53 0 0 0 49 0 48 56 50 0 0 66 70 0 73 0 0 0 23 24 0 0 0 0 29 21 28 0 0 0 61 0 65 62 60 64 0 36 33 32 0 31 35 30 37 0 76 0 1 80 78 79 77 81 
15 0 0 0 13 0 0 17 18 64 0 59 57 60 58 0 62 0 0 0 72 0 0 0 0 73 74 26 0 24 27 0 0 21 29 23 45 44 0 0 0 46 0 0 0 0 78 0 81 0 80 2 0 0 0 30 0 34 0 0 0 0 0 0 0 0 0 7 0 8 3 10 56 49 48 0 0 0 52 50 54 
78 75 2 0 0 79 0 0 0 46 47 0 39 42 40 45 44 43 49 52 54 0 50 0 51 55 56 8 10 0 0 0 7 3 0 0 27 0 21 25 0 28 23 0 24 0 60 0 0 61 0 65 0 64 0 12 18 0 0 0 0 15 0 0 0 0 68 70 0 0 66 73 38 0 0 0 35 0 34 32 0 
0 66 74 73 0 70 0 0 0 37 0 32 30 33 31 36 0 34 0 0 45 44 0 0 42 0 47 80 1 0 0 0 0 75 2 0 18 17 0 0 0 19 0 0 15 50 0 49 0 52 53 56 48 55 4 3 9 7 0 0 8 0 10 0 63 60 0 0 58 62 57 0 0 0 0 28 0 0 0 0 0 
51 0 0 0 49 0 0 53 54 19 0 14 0 15 13 0 0 0 22 25 0 0 0 21 0 0 29 0 64 0 63 0 0 0 65 59 0 0 0 0 2 1 0 0 0 0 0 0 0 0 0 0 0 0 0 66 72 0 68 0 0 69 0 47 45 42 41 43 0 0 0 0 0 4 3 0 0 6 7 0 0 
24 0 29 0 22 25 0 0 0 0 0 0 0 0 67 72 71 0 76 79 81 80 77 75 0 0 2 0 0 0 36 31 0 0 0 0 54 53 48 52 56 0 50 49 51 0 0 4 0 7 0 0 3 0 0 0 0 43 41 0 44 42 46 20 0 0 14 16 13 0 0 19 65 0 57 0 62 60 0 0 63 
6 3 11 10 0 0 0 8 0 0 0 50 48 0 0 54 0 0 0 61 63 62 0 0 0 64 0 0 0 0 0 13 16 12 20 14 0 35 0 34 38 37 0 31 0 68 0 0 0 70 0 0 0 0 0 21 27 25 23 0 0 0 28 0 0 0 0 79 76 80 0 1 47 0 39 0 44 0 43 41 0 
0 57 0 0 0 0 0 0 0 0 0 23 0 24 0 0 0 0 0 34 0 0 0 30 0 37 38 0 73 69 0 67 70 66 74 68 9 8 0 7 11 10 0 0 0 41 0 40 0 43 44 0 0 46 0 0 0 0 0 0 80 0 1 56 54 0 50 52 49 53 48 55 20 0 12 0 17 0 0 0 0 
0 0 38 0 0 0 0 0 36 1 2 0 75 78 0 0 0 0 4 0 9 0 5 0 6 10 0 0 0 42 45 40 0 0 0 41 0 62 0 61 0 64 59 58 0 14 15 13 18 0 0 20 12 19 0 48 0 52 0 0 53 51 0 29 27 24 0 25 22 0 0 28 0 67 66 73 0 69 70 68 72 
54 0 0 58 52 55 53 56 0 22 23 0 0 0 0 0 0 19 25 0 30 29 0 0 27 31 0 65 67 0 0 0 64 0 68 62 0 2 0 0 5 0 80 79 0 35 0 34 39 0 38 0 33 0 0 0 75 0 71 0 74 0 76 0 48 45 44 0 0 47 42 0 14 7 0 0 0 0 10 0 12 
18 15 23 22 0 0 17 20 0 67 0 62 60 0 0 66 0 64 70 0 0 74 0 69 0 76 77 0 31 27 30 25 0 0 32 0 48 47 0 46 0 0 44 0 0 0 81 79 0 1 2 0 0 0 34 33 0 37 35 0 0 36 0 14 12 9 8 0 7 11 0 13 59 0 0 58 56 0 55 53 0 
9 6 14 0 7 10 0 11 12 0 59 53 0 0 0 0 0 0 61 64 0 0 62 60 0 0 0 20 0 0 0 16 0 0 23 17 39 0 33 0 0 40 35 0 36 71 0 70 0 0 74 0 69 0 25 0 0 0 26 0 0 27 0 5 0 81 0 0 0 2 78 0 0 43 42 0 0 45 46 44 0 
0 78 5 4 0 0 0 2 0 49 0 0 42 0 0 48 0 46 52 0 0 0 0 0 54 0 0 11 13 0 12 7 0 0 0 8 30 29 24 0 32 0 0 0 0 62 63 0 66 64 0 68 0 67 0 0 0 19 0 23 20 18 0 77 75 72 0 73 0 74 0 76 0 34 0 40 0 0 0 0 39 
63 0 0 67 61 0 62 65 0 31 32 0 0 0 0 30 0 28 0 0 0 0 35 0 0 40 0 74 0 72 75 70 73 0 77 71 12 0 0 10 0 0 8 0 0 44 0 0 48 0 0 0 42 49 0 0 0 1 80 5 0 81 0 59 57 54 53 55 0 56 51 58 0 16 0 0 20 0 0 0 21 
27 0 32 31 0 0 26 0 0 76 77 71 69 0 70 0 74 0 0 1 3 0 0 0 0 4 5 38 0 0 39 34 37 33 41 35 0 56 51 55 0 0 0 52 0 8 0 7 0 0 0 0 0 0 43 0 48 0 44 50 47 0 49 23 0 18 0 0 16 0 15 22 68 61 60 67 0 63 64 0 0 
0 69 0 0 70 0 0 0 75 40 41 0 0 0 0 39 38 37 0 0 0 47 44 42 0 49 0 0 4 81 3 0 0 78 5 80 21 0 0 0 0 0 0 16 18 53 0 52 57 55 0 0 0 58 0 0 12 10 8 14 11 0 0 68 66 63 62 0 61 0 60 0 0 25 0 0 29 0 0 0 30 
0 33 41 0 34 0 0 0 0 4 5 80 0 81 0 0 2 0 7 0 0 11 8 0 9 0 0 0 0 45 48 43 46 0 50 0 66 0 60 64 68 67 0 0 63 17 18 0 21 0 20 0 15 0 0 51 57 55 53 0 56 54 0 32 30 0 26 28 0 0 0 0 77 70 0 76 0 0 0 0 75 
0 0 0 49 43 46 0 47 0 13 0 8 0 0 7 0 11 0 0 19 21 0 0 15 18 0 0 0 0 0 0 52 55 51 59 0 0 74 0 73 77 76 0 70 0 26 27 25 30 28 0 0 0 31 0 60 66 64 0 0 0 0 67 0 39 36 35 37 0 38 33 40 0 0 78 4 0 81 0 80 3 
26 0 31 30 0 27 0 0 29 75 0 0 68 71 69 0 73 72 78 81 0 0 0 77 80 3 0 37 0 35 38 33 36 32 40 0 56 55 0 54 0 0 0 51 0 0 8 0 11 0 10 13 5 0 42 0 47 45 0 0 46 0 0 22 20 0 16 18 15 0 0 21 67 0 59 0 64 0 63 61 0 
0 0 13 12 6 9 7 10 0 0 58 52 50 53 51 0 55 54 60 63 65 0 61 59 62 0 0 0 21 17 0 15 0 14 22 0 0 0 32 0 40 39 34 0 0 0 71 69 74 0 0 0 0 0 0 0 0 27 25 31 0 26 0 4 2 0 79 81 78 1 77 0 0 42 41 48 0 0 0 0 47 
53 50 58 57 51 0 0 55 56 0 22 0 14 17 15 20 19 0 24 0 29 28 0 0 0 0 0 0 66 0 65 60 0 59 67 61 2 0 77 0 4 0 79 78 80 34 35 33 0 36 37 0 0 39 69 68 74 72 0 0 0 0 75 49 0 0 0 0 0 46 0 0 13 6 5 12 0 0 9 7 11 
44 41 0 0 42 0 0 0 0 12 0 0 5 8 0 11 10 0 0 18 0 0 0 14 17 0 22 55 0 53 56 51 54 0 0 52 74 0 0 0 76 0 70 69 0 25 0 0 29 27 28 0 0 0 60 0 0 0 0 0 0 0 66 40 38 0 34 0 33 0 0 39 4 0 0 3 1 80 81 0 2 
0 32 40 39 33 36 34 0 38 0 0 79 0 0 78 2 0 81 0 9 11 0 7 5 8 0 0 46 48 0 0 0 45 0 49 0 0 0 0 0 0 66 61 60 62 16 17 0 20 0 0 22 14 21 51 50 0 54 0 0 0 0 57 0 0 26 25 27 24 0 0 30 0 0 0 75 73 71 0 0 0 
80 77 4 3 0 81 0 0 0 48 49 0 41 44 0 0 0 45 0 54 0 55 52 50 0 0 0 10 0 8 0 6 0 0 13 0 29 0 0 27 0 30 25 24 26 0 0 0 0 63 64 0 0 66 15 0 0 0 16 22 19 0 21 0 74 71 70 72 0 73 0 0 40 0 0 39 0 0 0 34 0 
0 0 0 66 0 63 0 64 65 0 0 25 0 26 0 0 0 0 33 36 0 37 34 0 35 0 0 73 0 71 74 0 0 0 76 70 0 10 0 9 0 12 0 6 0 43 0 42 0 45 0 0 0 48 78 0 2 0 0 0 1 0 3 58 0 53 0 0 0 0 0 57 22 0 14 21 0 0 18 0 20 
17 14 22 21 0 18 16 19 0 0 0 61 0 0 0 65 64 63 69 0 74 0 70 68 71 75 76 0 30 26 29 0 0 23 0 25 0 0 41 0 49 0 0 42 44 79 0 0 0 0 0 4 77 3 0 0 38 36 0 0 0 35 39 0 11 8 0 0 6 10 5 12 0 0 0 0 0 53 54 0 56 
71 68 0 75 0 72 70 0 74 0 0 34 32 0 0 38 0 36 0 45 47 0 43 41 44 0 49 0 3 0 0 78 0 0 4 0 20 19 14 18 22 0 16 15 0 52 53 0 0 0 55 0 0 57 0 5 11 9 7 0 0 8 12 0 0 0 0 0 0 0 0 0 0 24 0 0 0 26 0 25 0 
0 0 35 0 0 31 0 0 0 0 0 0 0 0 73 78 77 0 0 0 0 5 2 81 0 0 0 0 0 0 42 37 0 36 0 38 60 0 0 0 0 61 56 55 0 11 0 0 0 13 14 0 9 0 0 0 51 49 47 0 50 0 52 26 24 0 0 0 0 23 18 25 71 0 0 70 0 66 0 65 69 
0 18 0 0 19 0 20 0 0 0 0 65 0 66 0 0 0 67 0 0 78 0 74 72 75 0 80 32 34 0 33 0 0 27 35 29 51 50 45 49 53 52 0 0 48 2 0 0 6 4 0 8 81 0 37 36 42 0 0 0 0 39 0 0 0 0 0 13 10 0 0 0 62 55 54 0 0 57 58 56 60 
0 0 0 0 46 0 47 0 0 0 17 11 0 12 10 15 14 13 0 0 24 0 0 0 0 0 26 0 0 57 60 55 58 54 0 0 0 77 72 0 0 0 74 73 75 29 0 0 33 31 32 0 0 34 64 0 0 67 65 71 68 66 70 0 0 0 38 0 37 41 0 0 8 1 81 7 5 0 0 2 0 
0 0 80 79 73 76 0 77 78 0 44 0 0 39 0 42 0 40 46 0 51 0 47 0 48 52 53 5 0 0 0 1 4 0 0 0 0 23 18 0 26 25 0 19 0 0 57 0 60 58 0 62 54 0 0 0 0 0 0 0 14 12 16 71 0 0 0 67 0 0 63 0 35 28 27 34 32 30 0 0 0 
0 63 0 70 0 0 0 0 0 34 0 29 0 0 0 0 32 0 0 40 42 0 38 36 0 0 44 0 79 75 0 0 76 72 0 0 0 0 0 13 17 16 11 10 0 47 48 0 0 0 50 53 0 0 1 0 6 0 2 0 0 3 0 0 0 0 56 0 55 59 0 61 26 0 0 0 0 21 0 0 0 
12 9 17 0 0 13 11 0 15 61 0 0 0 0 0 60 0 0 64 67 69 0 65 63 0 0 0 23 25 0 0 19 22 18 26 20 0 41 0 0 0 0 38 0 0 74 75 0 0 76 0 0 72 0 0 27 0 0 0 35 32 30 0 0 0 0 0 4 0 0 81 7 0 46 45 0 50 0 49 47 51 
0 81 0 7 0 4 0 0 6 0 0 47 45 0 46 51 50 49 55 58 0 59 0 0 57 0 0 14 16 12 15 10 13 9 0 11 33 0 27 31 35 0 0 0 30 65 66 64 69 67 0 71 0 0 19 0 0 22 20 26 0 21 25 80 78 75 74 0 73 0 0 79 0 37 0 0 41 0 0 0 42 
0 0 0 61 0 0 56 0 60 25 26 20 0 0 19 24 23 0 28 0 33 32 0 0 0 34 0 0 70 66 69 64 0 63 0 65 0 0 0 0 0 0 0 0 3 0 39 37 0 40 41 0 36 43 73 72 0 0 0 80 77 0 0 53 0 0 47 0 0 50 0 0 17 10 0 0 14 12 0 0 15 
39 0 44 43 37 0 38 41 42 7 8 0 81 0 1 6 0 4 10 13 15 0 11 0 0 0 17 50 52 0 0 0 49 45 0 47 0 68 0 67 0 70 0 64 0 0 0 19 0 0 23 26 18 25 55 0 60 0 0 0 0 0 61 35 33 0 29 0 28 32 0 0 0 0 72 0 77 75 0 0 0 
