9
0 0 77 0 0 0 0 0 80 0 0 31 23 0 0 0 0 24 12 0 6 0 5 0 0 0 7 0 72 0 73 75 71 69 74 0 0 0 50 56 0 55 0 54 0 0 0 15 16 19 0 21 0 0 43 48 0 47 41 0 42 49 45 0 0 36 0 0 0 0 0 32 63 66 0 0 67 0 64 0 0 
36 34 32 0 38 39 33 40 0 62 0 67 59 61 0 0 66 0 0 47 0 0 41 0 0 0 0 0 0 31 0 0 0 24 0 0 0 0 5 0 0 0 0 9 7 58 0 0 52 55 0 0 50 0 0 3 0 2 77 0 78 0 81 0 69 72 0 0 70 0 0 0 0 21 17 0 22 14 19 0 20 
0 0 59 0 0 66 0 67 62 8 0 0 5 7 0 0 0 6 0 74 69 0 68 0 76 72 70 50 54 58 0 0 0 51 56 0 0 35 32 0 39 0 0 0 0 4 0 78 0 1 2 3 77 0 0 0 28 0 0 26 0 31 27 0 15 0 0 0 16 22 0 0 45 48 0 42 49 41 0 0 0 
0 0 5 10 11 0 6 13 0 0 37 0 32 34 0 36 0 0 0 20 15 17 14 0 22 0 0 77 81 0 1 0 80 78 2 79 0 62 59 0 66 0 0 63 0 0 0 24 25 0 29 0 0 0 52 57 0 0 0 53 51 0 54 0 0 45 44 47 43 0 46 41 72 0 71 69 0 0 0 0 0 
0 0 23 28 29 30 0 31 26 0 55 58 50 52 0 54 57 51 39 0 0 0 0 0 40 0 34 14 0 22 0 21 17 0 20 16 78 0 0 2 3 1 0 81 79 0 0 42 0 0 47 48 0 0 0 0 0 0 68 71 69 0 0 66 60 63 0 0 61 0 64 59 0 12 0 0 13 0 0 7 0 
45 43 0 46 0 0 42 0 0 71 73 0 68 0 74 72 0 0 0 0 51 53 0 0 58 54 0 32 36 40 37 0 35 33 0 34 0 17 0 20 21 19 22 0 0 67 0 0 0 0 0 0 59 63 7 12 10 0 0 0 0 0 0 3 0 0 80 0 79 4 0 77 27 30 26 24 0 23 28 0 0 
18 0 0 0 20 21 15 22 0 0 0 0 0 0 0 45 0 0 0 29 24 26 0 28 0 0 0 5 0 0 10 12 8 6 11 0 0 0 68 74 75 0 0 72 70 0 35 0 34 37 0 0 32 36 61 66 0 65 59 0 0 0 0 57 51 54 0 0 52 0 55 0 0 0 0 78 4 77 0 0 2 
0 0 50 55 56 0 51 0 53 0 1 0 77 79 0 0 0 78 0 65 60 0 0 0 67 63 61 0 45 49 0 0 44 42 47 43 0 0 0 29 0 0 31 27 25 0 0 69 70 0 0 75 68 0 0 0 0 0 0 0 0 0 18 0 0 0 0 0 7 0 10 5 0 39 0 0 0 32 0 34 38 
0 0 0 73 74 0 0 76 71 0 0 22 14 16 0 0 21 15 0 0 78 0 0 1 4 0 0 0 0 67 0 0 62 60 65 61 42 0 41 0 48 0 0 45 43 0 0 0 0 10 0 12 5 9 34 39 37 0 32 0 33 0 36 0 24 27 26 0 25 31 0 23 54 57 53 0 0 0 0 52 56 
0 0 0 80 81 1 76 0 78 24 0 0 0 23 27 0 0 0 10 0 0 6 3 0 11 0 5 0 70 74 0 0 0 67 0 68 0 0 48 0 55 53 0 0 0 0 15 13 0 17 18 19 12 0 0 0 44 0 0 0 40 0 0 0 31 34 0 0 0 38 0 30 61 0 0 58 0 57 0 0 0 
61 0 0 62 63 64 0 65 60 0 8 0 3 0 0 0 0 0 0 0 0 69 66 0 0 70 68 0 52 0 0 55 0 0 0 50 0 0 0 36 0 35 0 0 0 2 78 0 77 0 0 1 0 79 23 28 0 0 0 24 0 29 25 0 0 0 15 18 14 0 17 0 0 46 42 40 47 39 0 41 0 
52 0 0 53 54 55 0 56 0 78 0 0 75 77 0 0 1 0 0 63 58 0 0 62 65 61 0 39 43 47 44 0 42 40 0 41 0 0 21 27 28 26 29 0 23 74 0 0 0 0 0 73 66 0 0 0 17 0 0 15 13 0 16 10 0 0 0 0 0 11 8 3 0 0 33 0 38 30 35 32 36 
0 0 21 26 27 0 0 0 0 0 53 0 48 0 0 52 55 49 0 0 31 0 30 35 0 0 0 0 0 20 17 0 15 13 0 14 76 78 75 0 1 80 2 0 0 0 42 0 41 0 45 46 0 43 0 0 0 72 0 69 67 74 0 0 0 0 60 63 59 65 0 57 0 0 0 0 0 3 8 5 0 
70 68 66 71 0 73 67 74 69 0 17 20 12 14 0 0 19 13 1 81 0 78 75 80 0 79 77 57 0 65 62 0 0 58 0 0 40 0 0 0 46 0 0 0 41 11 0 4 0 8 0 0 3 7 0 0 0 0 0 33 31 38 34 28 22 0 24 0 23 0 26 21 52 55 0 49 56 48 0 0 0 
16 0 0 17 0 0 0 20 0 42 44 47 39 41 45 0 0 40 28 0 0 0 0 0 29 25 0 0 0 11 8 0 6 0 0 0 67 69 0 72 73 71 74 70 0 38 0 0 0 0 36 0 30 34 59 64 0 0 57 60 58 65 0 0 49 52 51 0 0 0 53 48 0 1 0 76 2 75 80 0 0 
7 0 0 0 9 0 4 0 6 0 0 0 0 32 36 34 0 31 19 0 13 0 0 17 0 0 14 0 0 0 80 1 0 76 81 77 58 0 57 63 0 0 65 0 59 29 24 22 0 0 0 28 0 0 0 55 53 54 48 51 0 56 52 0 40 43 42 0 41 0 44 39 70 73 0 0 0 66 71 0 72 
43 41 39 0 0 0 40 0 42 69 71 0 0 0 72 70 73 0 55 0 49 51 48 53 0 0 0 0 0 0 35 37 33 0 36 0 0 0 12 0 19 0 0 0 14 65 60 58 0 62 63 0 57 61 0 10 8 0 3 0 0 11 7 0 0 0 78 81 77 2 0 75 25 28 0 22 0 0 0 0 27 
34 32 30 35 0 37 0 38 33 60 0 65 57 59 63 61 64 0 0 0 40 42 39 0 47 43 0 21 25 29 0 0 0 22 0 0 4 6 0 9 10 0 0 7 0 0 51 49 50 0 0 0 0 52 77 0 0 81 75 0 0 2 79 0 0 70 69 0 68 74 0 66 0 0 15 13 20 0 0 14 18 
8 6 0 0 10 11 0 0 7 0 0 39 0 33 0 35 0 0 20 0 0 16 0 0 21 17 15 76 0 0 81 0 0 77 1 0 0 0 58 0 65 63 66 0 60 0 25 23 0 0 28 29 22 0 0 56 0 0 0 52 0 0 0 0 0 44 0 46 42 48 45 40 0 74 70 0 75 0 0 69 73 
0 69 67 0 0 0 68 0 0 0 18 21 0 15 19 0 20 14 0 0 77 0 0 81 3 0 0 0 62 0 0 65 61 0 64 60 0 0 40 0 0 0 0 0 42 12 0 0 6 0 0 11 4 8 33 0 0 0 31 0 0 0 0 29 0 0 0 0 24 30 0 22 53 0 52 0 0 0 0 0 0 
80 78 76 0 1 2 0 0 0 0 27 0 22 0 28 26 0 23 11 10 5 0 0 9 12 0 6 0 71 75 72 0 0 68 0 0 0 0 49 55 0 54 57 53 51 0 16 0 15 18 0 0 0 17 42 0 0 46 40 43 0 0 0 38 0 35 34 37 0 0 0 0 62 0 61 59 66 58 63 0 64 
0 51 49 54 0 56 50 0 52 0 0 0 76 78 1 0 2 0 0 0 59 61 0 0 66 0 60 0 0 48 45 0 0 0 0 42 23 0 22 0 29 27 0 26 24 75 70 0 0 72 73 74 67 71 15 20 0 19 13 16 14 0 17 0 0 0 7 10 6 0 0 4 0 0 34 0 39 31 36 0 0 
62 0 58 63 0 0 59 66 61 0 9 0 4 0 0 0 11 5 0 73 68 70 67 72 75 71 0 0 0 0 0 56 0 0 0 0 0 0 0 37 38 36 39 0 0 3 79 0 78 81 0 2 76 0 24 29 0 0 0 0 23 30 26 0 0 17 0 0 15 21 18 13 44 0 0 41 48 0 45 42 46 
35 0 0 0 37 0 0 0 0 61 63 0 0 0 0 62 0 0 47 46 41 0 0 45 48 0 42 22 0 30 0 0 0 23 28 0 0 7 4 10 0 0 12 8 6 57 0 0 0 0 0 0 49 0 78 2 81 1 76 0 0 3 0 74 0 71 0 0 0 75 0 67 0 20 16 0 21 13 0 15 0 
17 15 0 0 19 20 0 0 16 43 45 0 0 0 46 44 47 0 0 0 23 25 22 0 30 26 0 0 8 12 0 11 7 0 0 0 68 70 0 73 74 0 0 71 0 39 0 32 33 36 0 0 31 35 60 65 0 0 0 61 59 66 0 56 50 53 52 55 51 0 54 49 0 2 79 0 3 76 81 0 0 
26 0 22 0 0 0 23 30 0 52 54 57 0 51 55 0 56 0 38 0 32 0 0 0 39 35 0 13 0 0 18 20 16 14 19 15 0 79 0 0 2 0 0 0 0 0 0 0 42 0 0 47 40 0 0 0 0 0 67 70 0 75 71 0 0 0 61 0 60 66 0 58 8 0 0 0 12 4 0 6 0 
44 0 0 45 0 0 41 48 0 70 0 0 0 0 73 71 74 68 0 55 50 52 0 54 0 53 0 31 0 0 0 0 34 0 37 0 14 16 13 19 0 18 0 0 15 0 0 0 60 0 0 65 0 62 0 0 9 10 4 0 0 12 0 2 0 80 79 1 78 0 81 76 26 0 25 23 0 0 0 24 0 
31 29 0 32 0 34 28 0 30 57 59 0 0 0 60 0 61 0 43 42 37 39 36 0 0 0 0 0 22 26 23 25 0 0 0 20 0 3 81 0 0 0 8 4 2 53 48 0 0 50 0 0 45 0 0 79 77 78 72 75 0 80 0 0 64 0 66 0 0 71 0 63 0 16 0 10 0 0 14 0 15 
13 0 9 14 15 16 0 0 12 39 0 44 0 38 0 40 0 0 25 24 0 21 0 23 0 22 20 0 4 0 0 7 0 0 0 2 64 66 0 69 70 68 71 67 0 0 0 28 29 0 0 34 27 31 0 0 59 0 54 0 55 62 58 52 0 0 0 51 0 0 50 45 0 79 0 0 80 0 0 0 0 
0 0 18 23 0 25 19 26 0 0 50 0 0 0 51 0 0 46 0 33 0 30 27 0 0 0 29 9 13 17 14 0 0 0 0 11 0 0 0 0 0 0 80 76 74 0 0 0 38 0 42 0 0 40 65 0 68 69 63 0 0 0 67 0 0 0 0 60 0 0 0 54 4 0 0 1 0 81 5 0 0 
58 0 0 0 60 61 0 0 57 3 5 0 81 2 6 0 7 0 70 0 64 66 0 0 0 67 0 0 49 0 0 52 48 46 0 0 28 30 0 0 0 32 35 31 0 0 75 73 0 0 0 0 72 76 0 0 23 0 18 21 0 0 22 0 10 0 0 0 11 17 0 0 40 43 0 0 44 36 41 38 42 
4 0 81 0 6 0 0 8 0 30 32 35 0 29 0 0 34 0 16 0 10 12 9 0 17 13 0 0 76 80 77 79 75 73 0 0 55 57 54 0 61 0 0 0 0 0 21 19 20 23 0 0 0 22 47 0 0 51 45 48 46 53 49 0 37 40 0 42 0 0 0 0 0 70 66 64 0 63 0 65 69 
0 0 0 77 78 0 73 0 0 0 0 26 0 0 24 22 0 0 7 6 0 3 81 0 0 0 0 0 0 0 68 70 66 64 69 0 46 48 0 51 52 0 0 49 47 17 12 0 11 0 0 16 0 0 0 0 0 42 0 39 0 44 0 34 28 0 0 0 29 0 0 0 58 61 0 55 0 0 59 56 60 
49 0 0 50 0 0 46 53 0 0 0 0 0 0 0 0 79 73 0 0 0 57 54 0 62 0 56 0 40 44 41 43 39 37 0 38 19 0 0 24 25 23 26 22 20 0 0 64 65 0 0 0 0 67 0 0 0 15 9 0 0 17 0 0 1 0 3 0 0 8 5 0 31 34 0 0 35 0 0 0 33 
40 38 0 41 42 0 0 0 39 66 68 71 0 65 0 67 0 0 0 51 46 48 0 50 53 0 47 0 0 35 32 0 30 0 0 0 10 12 9 15 16 14 17 13 0 62 0 0 0 0 60 0 0 58 2 0 0 6 0 0 1 0 4 0 73 0 75 78 0 80 0 0 0 0 0 19 26 0 0 20 24 
67 65 0 0 0 0 0 71 66 0 0 17 0 11 0 0 16 0 0 0 0 0 0 77 80 0 74 0 0 0 0 61 57 0 0 0 0 0 36 42 43 0 0 0 38 0 0 1 2 0 6 0 0 4 0 34 0 0 0 30 0 0 0 25 19 22 0 0 0 0 23 18 0 0 0 46 0 45 0 47 0 
78 76 74 0 80 0 75 0 77 0 25 28 20 0 26 24 27 21 9 0 0 0 0 7 10 6 0 0 69 0 70 72 0 66 71 0 48 0 0 0 54 0 0 51 49 0 14 12 13 0 0 0 0 0 0 0 0 44 38 41 39 0 0 0 30 33 32 35 31 0 34 29 60 63 0 0 64 56 61 0 0 
0 0 56 0 62 63 57 64 59 0 0 0 0 4 0 6 0 3 72 0 0 0 65 0 0 69 0 47 0 0 52 54 0 48 53 49 0 32 29 0 0 0 37 0 0 1 0 75 0 79 80 81 74 78 0 0 25 0 0 23 21 28 0 18 0 15 14 0 0 0 16 0 0 45 0 39 0 38 43 40 44 
6 0 2 7 0 0 3 10 0 0 34 37 0 31 35 0 36 30 18 17 12 0 11 0 19 0 13 74 78 1 79 0 77 0 0 76 57 59 0 0 0 0 64 60 0 0 0 0 22 0 0 27 0 0 49 0 0 53 0 50 48 55 0 0 0 42 0 44 0 0 43 38 69 0 0 66 0 0 0 67 0 
0 49 47 52 53 0 0 55 0 0 79 0 0 76 0 0 81 75 0 62 57 0 0 0 0 0 58 38 42 46 0 0 0 39 0 0 21 23 20 26 27 25 0 24 22 0 0 0 67 0 71 0 65 69 13 0 16 17 11 0 12 19 0 0 0 0 5 0 4 10 7 2 0 0 32 0 37 0 0 31 35 
0 67 65 70 0 72 66 0 0 14 0 19 0 13 0 15 18 0 81 80 75 77 0 0 1 78 0 56 0 64 0 63 0 0 62 58 39 41 38 44 45 0 0 0 0 0 0 3 0 7 8 9 2 6 0 0 0 0 0 0 30 0 33 0 21 0 0 26 22 0 0 0 51 54 50 0 55 47 52 0 53 
0 40 0 0 0 0 39 46 0 68 70 73 0 67 71 0 72 66 0 0 48 0 47 0 55 0 0 29 0 37 34 36 0 0 35 0 12 0 0 17 18 0 0 0 0 0 59 57 0 61 0 63 0 60 4 0 7 8 0 0 3 10 6 81 75 78 0 80 0 0 79 0 0 27 0 0 0 20 25 22 0 
24 22 20 25 0 0 21 28 23 50 0 0 0 0 53 51 0 0 0 35 0 0 29 0 0 0 0 0 15 0 0 0 0 0 17 0 75 77 0 80 81 79 0 0 0 0 41 39 40 43 0 45 0 42 67 72 0 71 65 68 0 0 0 0 0 60 0 0 58 64 61 0 0 0 5 3 0 0 7 0 0 
0 31 29 34 35 36 0 0 32 0 0 64 0 58 0 0 0 57 45 44 39 41 38 0 0 0 40 20 24 0 0 0 23 21 26 0 0 0 0 8 9 0 0 6 0 55 50 0 0 52 0 0 47 0 0 0 79 80 0 77 75 0 78 0 66 69 0 71 0 0 70 65 0 18 14 12 0 11 16 0 17 
0 0 11 16 0 18 0 0 14 41 0 0 0 0 44 42 0 0 27 26 21 23 0 25 28 24 0 2 0 0 7 0 5 3 8 4 66 68 0 0 0 0 73 0 0 37 32 30 31 0 0 36 0 33 0 63 61 62 0 0 57 64 0 54 48 51 0 53 49 55 52 47 78 81 77 75 0 74 79 0 80 
68 0 64 0 70 0 65 72 0 0 15 0 10 12 16 14 17 11 80 79 0 76 73 78 0 77 0 0 59 0 0 0 58 56 0 57 0 40 37 0 44 42 45 41 0 9 4 2 0 6 0 8 0 0 30 35 33 0 28 31 29 0 0 26 0 23 0 25 0 0 0 0 0 53 0 0 54 46 51 0 0 
50 0 0 51 52 53 47 0 0 0 78 0 73 75 79 77 80 0 62 61 56 0 0 0 0 59 0 37 0 45 0 44 0 38 43 0 20 0 0 0 0 24 0 0 21 0 67 65 66 0 0 0 0 68 0 17 0 0 10 0 11 18 14 0 0 0 0 0 0 0 6 1 0 35 0 29 36 0 33 30 34 
5 3 1 6 7 8 2 9 4 0 0 36 28 30 0 0 0 0 0 16 0 0 0 15 0 14 12 73 0 81 0 80 0 74 0 0 56 0 55 61 62 0 0 0 57 0 22 0 21 24 0 26 19 0 48 0 51 0 0 0 47 54 0 44 38 0 0 0 0 0 0 0 0 71 0 65 72 64 0 0 0 
32 0 0 0 0 0 29 36 31 58 60 63 0 57 61 0 0 56 0 0 0 40 0 42 45 0 0 19 23 27 0 26 0 0 25 0 2 4 1 7 8 0 0 0 0 54 49 0 48 0 0 53 46 0 75 80 0 79 0 0 0 81 0 71 65 0 67 0 0 0 0 64 0 0 0 11 0 10 0 12 16 
0 21 0 24 0 26 20 27 0 0 51 0 46 0 52 0 0 0 0 0 0 0 28 33 36 32 0 0 0 0 15 17 13 11 16 12 0 0 73 79 0 0 0 0 75 45 0 0 39 0 43 0 0 0 66 71 69 70 64 0 0 72 0 0 56 0 58 61 0 63 60 55 5 0 0 0 9 0 0 3 0 
14 0 0 15 16 17 0 18 13 0 0 0 0 39 43 0 44 38 26 25 20 0 0 0 27 0 0 0 0 0 0 0 0 0 7 0 0 67 0 70 0 69 0 68 66 36 0 29 30 0 0 35 0 32 57 62 0 61 0 0 0 63 0 53 47 0 0 52 48 54 0 46 77 0 0 74 81 73 78 0 79 
0 39 0 0 43 0 0 45 0 67 0 72 64 66 0 68 71 65 0 52 47 49 0 51 54 0 48 28 0 0 0 0 31 29 0 0 0 0 0 0 0 0 0 0 0 63 58 0 0 0 61 62 55 0 0 8 6 7 1 4 2 9 5 80 0 0 0 0 0 81 0 73 23 26 22 0 0 19 24 0 0 
0 75 73 78 0 0 0 0 0 22 24 0 0 21 25 23 0 0 8 0 2 0 0 0 9 5 3 64 0 0 69 71 67 0 70 66 0 49 0 0 0 0 54 0 0 0 0 11 0 15 0 0 10 0 0 0 42 0 37 40 0 0 41 0 29 32 0 0 0 0 0 0 59 0 0 56 0 0 60 0 61 
0 0 55 60 61 0 0 63 58 0 6 9 0 3 0 5 8 2 0 70 0 0 0 0 72 0 0 0 50 54 0 53 0 47 0 48 29 31 0 0 0 0 36 0 0 81 0 74 75 0 0 0 73 77 21 0 24 0 0 0 0 0 0 0 11 0 0 0 12 18 0 10 41 44 40 0 45 0 0 39 0 
0 80 78 2 3 4 0 5 81 27 0 0 0 0 30 28 0 25 0 12 7 9 0 11 14 10 0 69 0 0 0 76 0 0 0 0 52 0 51 57 58 56 0 55 53 0 0 16 0 20 0 22 0 0 0 0 0 48 42 45 43 0 0 0 34 0 36 0 35 41 38 0 0 67 0 0 68 0 65 62 66 
37 0 33 38 39 40 0 41 0 0 65 68 0 0 0 64 0 0 49 0 0 45 0 47 0 46 44 0 28 0 29 31 27 0 30 26 0 0 6 12 0 0 14 0 0 59 54 52 0 0 0 58 51 0 80 0 0 3 78 0 79 5 1 76 0 0 0 75 71 77 0 0 19 0 18 16 23 15 20 17 21 
0 26 0 0 30 0 0 32 0 0 56 0 0 53 0 55 0 0 40 39 34 36 0 38 41 0 0 15 0 23 20 22 0 0 21 17 0 81 78 0 0 2 0 0 80 50 45 43 0 47 0 49 42 46 71 76 0 0 69 72 70 77 0 67 0 0 63 0 0 0 0 60 10 13 9 0 0 0 11 0 12 
0 53 0 0 0 0 52 59 54 81 2 0 78 80 0 1 0 0 67 0 61 0 60 65 68 64 62 42 0 50 47 0 0 0 0 0 25 0 0 30 31 29 32 0 0 0 72 0 71 74 75 76 69 0 0 0 0 21 0 18 0 0 0 0 0 0 9 12 8 0 11 6 0 40 0 34 41 33 38 35 39 
0 0 0 0 75 76 70 0 72 18 20 0 15 0 21 19 0 16 0 3 79 0 0 2 0 1 0 60 0 68 0 67 0 61 0 0 43 45 0 48 49 47 50 46 44 14 0 0 0 0 12 0 0 10 0 40 38 0 0 0 34 0 0 31 25 0 27 0 0 32 0 0 55 58 0 0 0 51 0 0 57 
0 8 0 0 12 13 0 0 9 0 0 0 0 0 0 0 40 0 0 0 0 18 0 20 0 0 0 78 0 5 2 0 0 79 0 0 0 0 60 66 0 0 68 64 62 0 0 25 0 29 0 0 24 0 0 0 0 57 51 0 52 59 55 0 43 0 45 48 0 50 0 0 0 0 72 0 77 69 0 0 75 
19 0 15 20 0 0 16 23 0 45 0 0 0 0 48 46 49 43 31 0 0 0 0 0 0 0 26 0 0 14 11 13 9 0 12 0 70 72 0 75 76 0 77 0 0 0 0 0 0 38 39 0 0 37 0 67 0 0 60 63 61 68 64 0 0 55 54 0 53 59 0 51 1 0 81 79 0 0 0 0 3 
0 0 0 0 0 67 0 0 0 0 0 14 0 8 0 0 0 0 76 0 70 0 69 0 77 0 71 0 55 0 0 0 54 0 0 53 0 0 0 0 0 38 41 37 35 0 0 79 80 0 3 4 0 1 26 31 0 30 24 0 25 0 28 22 0 19 0 21 17 0 20 0 46 0 45 43 0 0 0 0 48 
46 44 0 0 0 49 0 50 0 0 0 0 69 71 0 73 0 70 58 0 0 0 0 0 0 55 53 33 37 0 0 0 0 34 0 0 0 0 15 0 22 0 23 19 17 0 63 61 0 65 0 67 0 0 0 13 0 0 6 0 0 14 10 0 0 0 81 0 0 0 2 78 28 0 27 0 32 0 29 0 30 
30 0 0 0 32 33 27 34 0 0 0 61 0 0 0 0 60 0 42 41 0 0 35 40 0 0 37 0 0 25 22 24 20 0 23 0 0 2 0 5 6 4 0 0 0 0 47 0 0 0 0 0 0 0 73 78 0 77 71 0 0 0 75 0 0 66 0 68 64 70 0 62 0 0 0 0 16 8 0 0 0 
48 46 0 0 0 51 45 0 47 74 0 79 0 0 0 75 0 72 0 0 0 56 53 0 61 57 0 35 39 43 0 0 38 0 41 0 18 20 0 23 24 0 0 21 19 0 65 0 64 0 68 0 62 66 10 0 0 14 0 0 9 0 12 6 0 0 0 5 0 0 0 80 0 0 0 27 34 26 31 0 0 
66 64 0 67 68 69 63 0 0 0 0 16 8 0 0 12 15 0 78 0 0 74 71 0 0 75 73 0 0 61 58 0 56 54 0 0 36 0 35 0 0 40 0 39 37 0 0 81 0 0 5 0 0 0 0 0 31 32 26 29 0 0 30 24 18 0 0 23 0 25 0 17 0 51 0 0 52 0 49 0 50 
0 0 35 0 0 42 36 43 0 65 0 70 0 0 68 0 0 63 51 0 45 0 44 49 0 48 0 26 0 0 31 0 0 27 32 0 9 0 8 14 0 13 0 0 10 0 56 54 0 58 0 60 0 0 0 0 0 0 0 0 81 7 0 0 72 75 74 77 0 79 0 0 21 0 20 0 0 17 22 19 23 
75 73 0 76 0 78 0 79 74 0 22 25 17 0 0 0 24 0 0 0 81 0 80 4 7 0 0 0 0 0 0 0 0 63 68 64 45 0 0 0 0 49 0 48 0 0 0 9 10 0 14 0 0 12 0 42 0 0 0 38 36 43 0 33 27 30 29 32 0 34 0 0 57 0 0 0 61 53 0 0 0 
0 0 0 0 5 6 81 0 2 0 31 34 0 0 0 30 33 0 0 14 9 11 8 0 16 12 0 71 75 79 76 78 74 0 0 73 54 0 53 0 60 58 0 57 55 25 0 18 0 0 0 24 0 0 46 0 0 50 0 47 0 52 0 0 0 39 38 41 0 0 0 35 0 0 0 0 0 62 67 0 0 
0 0 17 22 23 24 18 25 0 0 49 0 0 46 0 48 51 45 33 32 27 0 26 0 0 0 0 0 0 16 0 15 0 0 0 0 72 0 0 77 0 0 0 0 0 43 0 36 37 0 41 42 0 39 64 0 67 68 0 65 63 0 66 60 54 57 0 0 55 61 0 53 0 6 2 0 0 80 4 0 5 
0 0 53 0 59 0 54 61 0 2 4 0 0 1 0 3 0 0 69 0 63 65 0 0 70 0 64 44 0 0 0 51 0 45 50 0 27 29 26 0 33 0 0 0 28 79 74 0 73 0 0 0 71 0 19 0 22 0 17 20 0 25 0 15 9 0 0 0 0 16 13 8 0 0 38 0 0 0 40 37 0 
12 10 8 0 0 15 9 0 11 0 40 43 0 0 41 0 42 36 24 23 18 20 17 22 0 0 19 80 3 0 4 0 0 0 5 0 0 0 0 68 69 67 70 0 0 0 29 0 0 0 32 33 26 0 55 0 58 0 53 0 54 0 57 51 45 0 0 50 0 0 49 0 0 78 74 0 0 71 76 0 0 
0 36 34 0 40 0 35 42 0 0 66 0 0 0 67 65 68 0 0 49 44 0 43 0 51 0 0 0 29 0 0 0 28 0 31 27 0 10 7 13 14 12 0 0 0 0 55 0 0 0 58 59 52 0 81 5 3 4 0 1 0 6 2 77 0 74 73 0 72 0 0 0 0 23 19 0 0 0 21 0 22 
47 0 43 0 49 50 0 0 46 0 0 0 0 0 76 0 0 0 59 58 0 55 0 0 0 0 0 0 38 42 39 0 0 35 40 36 0 19 0 0 23 0 0 20 0 0 0 0 0 66 67 0 0 0 9 14 0 0 7 10 0 15 0 0 80 2 0 4 81 0 0 79 29 0 28 26 33 0 0 27 0 
74 72 70 75 0 77 0 78 73 19 0 24 16 18 0 0 0 0 5 4 0 1 79 0 6 2 0 61 0 69 0 0 64 62 0 0 44 0 43 0 50 48 0 47 0 0 0 8 0 12 13 14 7 0 0 0 0 40 34 0 35 0 0 32 26 29 28 31 27 0 0 0 0 59 0 0 0 0 0 0 0 
56 0 52 0 0 0 53 0 0 1 3 6 0 0 0 0 0 80 0 0 62 64 0 66 0 65 0 0 0 0 0 0 0 0 0 0 0 28 0 0 32 30 33 0 0 78 0 71 72 75 76 0 0 74 18 23 0 0 16 0 17 0 0 14 0 11 0 13 9 15 0 7 0 41 37 0 42 0 0 36 40 
0 0 16 21 22 23 0 0 0 46 48 51 0 0 49 0 0 44 0 0 26 28 0 30 33 0 27 7 0 0 12 14 10 8 0 0 0 73 70 76 77 75 78 74 72 42 37 0 0 0 0 0 34 38 63 68 66 0 0 64 0 0 65 59 53 56 55 0 54 60 57 52 0 0 1 80 6 0 3 81 4 
0 0 0 30 31 0 26 0 28 55 57 0 52 54 58 0 59 0 41 0 35 37 34 0 0 38 0 0 20 0 0 23 0 0 22 0 80 1 79 4 0 3 6 0 81 51 0 0 45 0 49 50 0 0 72 77 75 76 70 73 71 0 0 68 62 65 64 67 63 0 66 0 11 0 0 8 15 7 0 0 13 
0 0 0 0 0 5 80 6 1 28 0 33 0 0 0 0 0 0 14 13 0 10 0 0 0 0 9 0 0 0 75 77 73 0 76 0 0 0 0 58 0 57 0 56 0 0 19 0 0 0 22 0 0 20 0 50 0 49 0 46 0 51 0 41 35 38 0 40 36 0 0 0 0 68 64 0 0 0 0 63 0 
11 9 7 12 0 0 0 0 10 37 0 42 34 0 0 0 0 35 23 0 17 19 0 21 0 0 18 79 0 6 0 5 1 0 0 81 62 64 0 0 0 66 0 65 63 33 28 0 27 30 31 0 0 29 0 59 0 58 0 55 53 0 56 50 0 47 0 49 45 0 0 43 0 0 0 71 0 0 0 72 76 
65 0 0 0 0 0 62 69 64 0 0 0 7 9 0 11 14 0 0 76 0 0 0 75 78 0 0 0 0 60 0 0 55 0 0 54 35 37 34 0 0 39 0 0 36 6 0 80 81 3 0 5 0 0 27 32 0 0 25 0 26 33 0 0 0 0 0 0 0 0 0 0 0 50 46 44 51 43 48 45 49 
