9
0 0 28 0 29 0 0 0 0 46 47 53 0 0 49 54 0 0 0 12 0 0 16 0 18 15 17 0 75 0 74 0 80 77 78 79 27 25 0 24 26 22 0 0 23 6 9 4 2 0 7 5 8 0 0 66 0 0 67 0 68 72 0 59 0 56 55 0 0 0 0 0 0 38 42 39 41 0 0 43 44 
14 17 0 0 11 0 16 0 0 0 0 0 0 0 31 0 30 0 77 0 74 73 79 0 81 0 80 0 57 58 0 0 62 59 0 0 9 0 0 0 8 0 3 0 5 0 0 67 0 0 70 68 0 0 46 48 0 0 0 0 50 54 51 41 0 38 37 0 0 0 0 0 22 0 24 0 0 19 0 0 26 
0 8 0 0 0 3 0 4 0 0 0 26 24 25 22 0 21 23 68 66 0 64 70 0 72 69 0 0 0 0 0 54 53 50 0 0 0 0 73 78 0 76 0 0 77 0 0 58 56 0 61 0 62 57 0 0 0 0 0 38 0 0 0 0 34 29 28 33 35 36 0 31 13 0 15 0 0 0 0 0 0 
0 0 0 0 0 39 0 0 0 55 56 62 60 61 0 63 57 59 23 0 20 19 25 22 0 24 26 0 3 4 2 9 8 5 0 7 0 34 28 33 0 31 0 0 32 0 0 13 0 0 16 0 17 12 73 0 79 80 76 0 77 0 78 0 0 65 0 69 0 72 66 0 49 0 51 0 50 0 54 52 53 
0 71 0 72 65 66 0 0 69 1 0 0 0 0 4 9 0 0 0 0 0 46 52 49 0 51 0 0 0 0 29 0 0 32 33 0 63 61 55 60 62 0 0 56 0 0 0 0 38 0 43 0 0 0 0 0 25 0 22 0 0 27 24 14 16 11 10 15 17 18 12 13 0 0 0 75 77 73 0 0 0 
59 0 55 63 0 57 61 58 0 0 74 0 0 79 76 81 75 0 0 0 38 37 43 0 0 0 0 0 21 22 20 27 26 0 24 25 54 0 46 51 53 0 48 47 50 33 36 31 29 0 0 32 0 30 0 0 0 0 0 11 14 18 15 5 0 0 1 0 0 0 3 0 0 0 69 0 0 64 72 70 71 
77 0 0 0 74 0 79 76 78 10 0 0 15 0 0 0 0 14 0 0 56 55 61 58 63 0 0 37 39 0 38 0 0 41 0 43 72 70 64 69 71 0 0 0 0 51 54 0 0 46 52 0 53 48 0 0 34 35 0 0 32 36 0 23 0 0 0 0 0 0 0 22 0 2 0 3 5 0 0 7 8 
23 0 19 0 20 0 25 22 0 0 0 0 0 0 0 0 39 41 0 0 2 1 0 4 0 6 8 0 66 0 65 72 71 68 69 0 0 0 10 15 17 0 0 11 0 78 0 76 74 73 79 77 0 75 55 0 0 62 58 0 0 63 0 50 0 47 46 51 0 0 48 0 0 29 0 0 0 0 36 34 35 
50 0 46 0 0 48 0 49 0 0 0 71 0 70 0 72 0 0 32 0 0 28 34 31 36 33 35 0 0 13 0 18 0 14 0 16 45 0 37 42 0 0 39 0 41 24 0 22 20 19 25 23 26 21 0 0 7 8 4 2 5 9 6 77 79 74 73 0 0 81 0 0 0 0 0 0 59 55 63 0 0 
0 19 12 20 13 14 18 0 0 30 31 37 0 36 33 0 0 0 0 77 0 75 0 0 0 80 0 57 0 60 0 0 64 61 62 63 11 9 0 8 0 0 0 4 0 0 0 69 0 66 0 70 0 0 48 0 54 0 51 0 0 56 53 0 45 0 39 0 46 47 0 42 0 22 0 23 25 0 0 0 28 
43 46 39 0 40 41 0 42 0 0 0 0 0 0 60 0 0 0 25 23 0 0 27 24 0 0 0 3 0 6 4 11 10 7 0 9 0 36 30 35 37 33 0 31 34 0 20 15 13 12 0 0 19 0 0 77 81 0 78 0 79 2 80 70 72 0 66 71 0 74 0 0 0 49 53 0 52 48 56 0 55 
0 37 30 38 31 32 36 0 35 48 0 55 53 0 51 0 50 52 16 0 0 12 0 0 0 0 0 75 0 0 0 2 0 0 0 0 29 27 21 26 0 24 0 22 25 0 11 0 0 0 0 7 10 0 0 0 72 0 0 0 70 0 71 0 63 58 0 62 64 0 59 60 42 0 0 0 0 39 0 45 0 
0 55 0 0 0 50 54 51 53 0 0 73 71 0 69 0 0 0 34 0 31 30 0 33 0 0 37 12 14 15 0 0 0 16 17 18 0 0 39 0 0 0 41 0 43 0 29 24 22 21 27 0 28 0 0 5 0 0 0 0 0 11 0 0 81 0 75 0 0 0 77 78 0 0 0 59 61 0 65 0 0 
7 10 3 0 0 5 0 6 0 0 0 0 0 27 24 29 23 0 70 68 0 66 0 0 74 71 0 0 50 51 0 56 55 52 53 0 0 81 75 0 0 0 77 0 0 62 65 60 58 0 0 61 0 0 0 41 0 0 0 40 43 0 44 34 36 0 0 0 0 0 0 33 15 13 17 0 0 0 20 0 19 
0 73 66 74 67 68 72 69 0 0 0 10 0 0 0 0 5 7 52 0 49 0 54 0 0 53 0 0 0 0 31 38 0 0 0 0 65 63 57 62 0 60 0 0 61 0 0 0 0 0 0 43 0 0 21 23 0 28 0 22 25 29 0 0 0 13 12 17 0 0 14 15 0 0 0 77 79 0 2 81 0 
79 0 75 0 0 0 81 78 0 0 0 0 17 18 0 0 14 0 0 59 0 57 0 0 0 0 0 39 41 0 0 47 0 43 44 45 0 72 0 71 0 0 68 0 70 53 56 0 49 0 0 0 0 50 0 0 36 37 33 0 0 38 0 0 27 0 21 26 28 29 0 24 6 0 0 5 7 3 0 9 10 
0 0 21 0 22 23 0 24 26 39 40 46 0 0 42 0 41 43 0 0 0 3 0 6 0 0 10 66 68 0 0 74 0 70 71 72 0 0 0 0 0 15 14 0 16 0 2 0 0 0 81 0 0 0 0 59 0 0 60 58 61 0 0 0 54 49 0 0 0 56 50 51 0 0 35 32 0 0 38 0 37 
0 64 0 0 0 59 63 0 0 75 0 1 0 0 0 2 77 79 0 41 0 0 0 0 0 44 46 0 23 0 22 0 28 0 26 0 0 0 0 53 55 0 0 0 52 35 38 0 31 0 0 34 37 0 0 14 0 0 0 13 16 0 0 7 9 0 0 0 10 0 0 6 0 0 71 68 0 0 0 72 73 
69 0 65 73 66 0 0 68 0 2 0 9 0 0 5 10 4 6 51 0 48 0 53 0 55 0 54 29 0 0 0 37 36 33 34 0 0 62 0 61 0 0 58 0 60 43 46 41 0 0 44 42 45 40 0 0 0 0 0 21 0 0 0 15 0 0 11 0 18 0 13 0 0 0 0 76 0 0 0 80 81 
60 63 0 64 57 0 0 59 0 0 0 0 79 80 77 1 0 78 42 40 0 38 0 0 46 0 0 20 0 0 21 28 27 0 25 0 55 53 47 52 54 50 49 48 51 34 37 0 30 29 0 33 36 0 0 0 0 18 0 0 0 0 0 6 0 3 2 7 0 0 4 5 68 0 70 0 0 65 73 71 0 
51 0 47 0 0 0 0 0 52 65 0 72 70 71 0 0 0 69 33 31 30 29 0 0 0 34 0 11 0 0 12 19 0 0 16 17 0 0 0 0 0 41 0 0 42 0 28 23 21 0 26 0 27 22 0 0 8 9 0 3 0 10 7 78 80 0 74 79 0 0 76 0 59 0 61 58 60 0 0 62 63 
0 0 38 0 39 40 44 41 43 0 0 63 0 0 59 0 0 60 24 22 21 0 0 0 0 0 0 2 4 5 0 0 9 0 0 0 37 0 29 34 36 0 31 0 0 16 19 0 12 11 0 0 0 0 74 0 80 0 0 0 78 0 79 0 0 0 0 70 72 0 67 68 0 0 0 49 51 47 0 0 0 
0 18 0 19 12 13 0 0 0 29 0 0 34 0 32 0 31 33 0 0 75 0 0 0 0 79 81 0 0 0 0 64 0 0 61 0 10 0 2 7 0 5 0 3 6 70 0 0 66 65 71 69 72 67 0 0 53 54 0 0 0 0 0 0 44 0 0 0 45 46 0 41 0 21 25 22 24 0 28 26 27 
0 0 20 28 0 0 0 23 0 0 39 45 0 0 0 46 0 0 6 4 3 0 8 0 10 7 0 65 0 68 66 73 0 0 0 71 0 17 0 16 0 0 0 12 15 0 1 0 75 0 80 78 0 76 0 58 0 0 59 57 0 0 0 0 0 48 47 0 0 0 49 0 0 30 0 31 0 0 37 0 0 
0 0 0 0 0 0 0 0 34 47 48 0 0 0 0 55 0 0 0 0 12 11 17 0 19 16 18 0 76 0 75 1 81 0 0 80 28 26 0 0 0 0 0 0 0 7 0 0 0 2 8 0 9 4 65 0 0 72 0 66 0 0 0 0 0 57 56 0 63 0 58 59 0 0 0 0 42 38 46 0 45 
78 0 74 1 75 0 80 77 0 0 12 18 0 17 0 19 13 0 60 0 57 56 0 0 64 0 0 0 0 0 0 0 45 42 43 44 73 71 65 0 72 68 0 0 69 52 55 0 48 47 0 0 0 0 29 0 35 0 0 0 0 37 34 24 26 0 20 25 0 0 0 0 5 3 7 4 0 0 0 8 0 
6 9 2 0 3 4 8 5 0 20 21 27 0 0 0 0 22 0 69 0 0 65 0 68 73 0 0 0 49 0 0 55 0 51 0 53 1 0 74 79 81 0 0 0 0 0 64 59 0 56 0 60 0 58 38 0 44 0 0 0 42 46 43 33 35 0 0 0 0 0 0 32 0 0 0 0 15 0 19 17 0 
54 57 50 58 0 0 56 0 55 0 69 0 0 0 71 76 70 0 0 0 33 32 38 0 40 0 39 14 16 0 0 22 0 18 19 0 0 0 0 0 0 44 43 0 45 0 31 26 0 0 29 0 30 25 5 0 11 12 0 0 9 13 0 81 0 78 77 1 3 4 0 0 62 60 64 0 0 59 0 65 0 
9 12 5 0 6 7 11 0 0 23 0 30 28 29 26 0 0 27 0 70 69 0 74 71 0 73 0 50 52 53 51 0 57 54 55 56 0 0 77 0 3 0 79 0 81 64 0 62 60 0 0 63 0 61 0 0 47 48 44 0 45 49 0 0 38 0 0 37 0 0 0 35 17 15 0 0 18 14 0 20 0 
36 0 32 40 0 0 38 35 37 50 51 0 55 0 53 0 0 0 18 0 15 0 20 17 22 19 0 0 79 80 78 4 0 0 1 0 31 29 23 0 30 0 0 24 0 0 0 8 6 5 0 0 12 0 68 70 74 75 71 0 72 0 73 0 0 0 0 64 66 67 0 0 44 42 46 0 0 0 49 47 48 
81 0 0 4 78 79 2 0 0 14 15 21 19 0 0 0 16 0 63 61 60 0 0 0 0 64 66 41 43 44 0 0 0 45 0 47 0 0 68 73 0 0 70 69 0 0 0 0 0 0 56 0 57 52 0 0 0 0 35 0 36 0 0 0 29 0 0 28 30 0 0 26 0 0 0 7 9 5 13 0 0 
45 48 0 49 0 0 0 44 46 0 60 0 64 65 0 67 61 63 27 0 0 23 29 26 0 28 0 5 7 8 0 13 0 0 0 0 40 38 0 0 0 35 34 33 36 19 0 17 0 14 20 0 0 0 77 79 2 0 80 0 81 4 1 72 0 69 0 0 75 0 70 71 53 51 0 0 0 50 58 56 0 
0 0 59 0 0 61 0 0 64 77 0 3 0 0 0 0 0 81 45 43 0 0 0 44 0 0 48 23 0 26 24 31 0 0 0 0 58 56 0 55 57 53 0 51 0 0 40 0 0 32 38 36 39 0 0 0 20 21 17 15 18 0 19 0 11 6 5 10 0 13 7 0 0 0 73 70 0 68 0 74 75 
27 30 0 31 0 0 0 0 28 41 42 48 0 47 44 0 0 0 9 0 6 5 0 0 13 0 0 68 0 0 69 0 75 0 73 74 0 0 0 19 21 0 0 0 0 0 0 80 0 0 0 0 0 79 59 61 65 0 62 60 0 0 64 54 0 0 50 0 0 0 0 0 0 0 37 0 36 0 40 38 0 
0 0 0 0 0 0 20 0 0 32 33 0 37 0 0 40 34 36 0 0 78 77 2 80 0 1 3 59 0 0 60 67 0 63 0 0 13 11 5 0 0 8 0 6 9 73 0 71 69 68 74 72 0 70 50 52 56 57 53 51 0 0 55 45 0 0 0 0 48 49 43 44 26 24 0 0 0 0 31 0 0 
0 75 0 76 69 0 0 71 73 5 6 12 0 11 0 13 7 9 54 0 51 50 0 53 0 0 57 32 0 35 0 0 0 36 0 0 67 65 59 0 0 0 0 0 0 0 49 0 0 0 0 0 0 0 0 0 29 0 26 0 27 0 28 0 20 15 0 19 0 22 16 0 80 0 0 0 81 77 0 0 3 
17 20 13 0 0 0 0 0 18 31 0 0 0 0 34 39 0 0 80 0 77 0 0 79 3 0 2 58 60 0 0 66 65 0 0 64 12 0 4 9 11 7 6 0 8 0 0 0 0 0 73 0 74 69 49 51 0 0 52 0 53 0 0 0 0 0 0 45 0 0 0 43 0 23 27 0 0 22 0 0 29 
80 0 0 0 0 78 1 79 81 13 14 20 0 0 16 0 15 0 0 0 59 0 0 61 0 63 65 40 0 43 41 0 0 44 45 46 75 0 0 72 0 0 69 68 71 54 0 0 50 0 55 0 56 51 0 0 0 0 0 32 0 39 0 26 0 0 22 0 0 0 0 0 7 0 9 6 0 4 0 0 0 
26 0 22 0 0 24 0 0 27 40 41 47 0 46 0 48 42 44 8 0 5 4 0 7 0 9 0 0 69 0 68 0 0 71 72 73 21 19 13 0 20 16 0 0 17 81 0 0 0 76 0 80 2 78 58 60 0 65 61 0 0 66 0 53 0 50 0 54 0 0 51 0 0 0 36 0 35 31 39 0 38 
44 47 0 48 0 0 46 0 45 0 59 0 0 64 61 0 0 0 26 0 23 0 0 25 0 27 0 4 0 7 5 12 11 8 0 10 0 0 0 36 38 0 33 32 0 0 0 0 14 13 19 17 20 0 0 78 0 2 0 77 0 0 81 0 0 68 67 0 0 75 0 70 52 50 54 51 0 0 57 0 56 
0 74 0 75 68 69 73 70 0 4 5 0 0 0 7 12 0 0 0 0 50 49 55 52 57 0 0 31 33 0 32 39 0 35 36 0 0 64 0 63 65 0 60 59 0 0 0 43 0 40 0 0 0 42 22 24 0 0 0 0 26 30 0 0 0 0 0 0 0 0 15 0 79 77 81 78 80 0 0 1 2 
0 0 0 0 32 33 0 0 0 49 0 0 0 55 0 57 51 53 17 15 14 13 19 16 0 0 0 0 0 0 0 3 0 0 0 1 0 28 22 0 0 0 24 23 0 9 0 0 0 4 10 0 0 0 67 0 73 0 70 0 0 0 72 62 0 59 58 0 0 66 0 61 0 0 45 0 44 0 48 0 0 
62 65 0 0 59 60 0 61 63 76 77 0 0 1 79 3 78 80 0 42 0 0 46 0 48 45 47 0 24 25 0 0 29 26 0 28 0 0 49 54 56 0 51 0 0 0 39 0 0 31 0 0 38 33 0 0 0 20 16 0 17 0 18 0 10 0 0 0 0 12 6 7 70 68 72 0 0 67 0 0 74 
0 0 0 12 5 6 0 7 9 22 0 0 27 28 25 0 24 0 71 0 68 0 73 70 0 72 0 49 51 52 50 57 0 0 54 55 0 0 76 81 2 0 0 0 0 63 66 61 0 0 64 0 65 60 40 42 46 0 0 0 44 48 45 0 0 0 0 36 0 0 33 34 16 14 0 0 17 0 0 19 20 
0 56 49 0 0 51 0 52 0 0 0 0 0 0 0 0 69 71 0 33 32 31 0 34 39 36 0 13 0 16 0 21 20 17 0 0 0 46 40 0 0 0 0 41 0 27 30 0 23 22 0 0 0 24 4 0 10 11 0 5 8 0 0 80 0 0 0 81 2 0 0 79 0 59 63 0 62 58 66 64 0 
48 51 0 0 0 0 50 0 0 62 63 69 67 68 65 0 0 66 30 28 27 26 0 0 0 31 33 0 10 11 0 16 15 0 13 0 43 41 0 40 42 0 37 36 0 22 25 20 18 17 0 21 24 19 0 1 5 0 0 0 3 0 4 0 0 0 0 76 78 79 0 74 56 0 0 55 0 0 0 59 0 
0 0 80 7 81 1 0 0 0 0 0 0 22 23 20 0 0 21 66 64 63 0 68 65 70 0 69 44 0 47 45 52 51 48 0 0 0 0 71 0 0 74 0 0 0 0 0 0 54 53 0 57 60 0 35 0 41 42 38 0 0 0 40 30 32 27 0 0 33 34 0 29 0 0 0 10 0 0 0 0 0 
66 69 0 70 63 0 0 65 67 0 0 6 0 5 2 7 0 3 0 0 0 0 0 47 52 0 0 26 28 29 27 0 33 30 31 0 61 0 0 0 0 56 0 0 0 0 43 38 36 0 0 0 42 37 17 19 0 0 20 0 21 0 22 12 14 0 8 0 0 16 0 0 0 0 0 73 75 0 0 0 78 
0 0 0 43 0 37 0 0 0 0 54 60 58 59 56 0 55 57 21 19 0 0 23 20 25 0 24 80 0 2 0 0 6 0 0 0 0 0 0 0 0 29 0 27 30 0 16 0 0 0 0 0 0 0 71 0 0 78 74 72 75 79 76 66 68 0 0 67 0 70 64 0 0 45 0 46 48 0 52 50 0 
30 0 26 34 0 0 32 0 0 0 0 51 0 50 47 52 46 0 0 0 9 8 0 11 0 0 0 0 0 74 0 0 78 75 76 0 25 23 0 0 24 20 0 0 21 0 7 2 81 80 0 3 0 1 0 0 68 0 0 63 0 0 67 57 0 54 53 0 60 61 0 0 38 0 40 0 39 0 0 41 42 
0 0 8 16 9 10 0 0 13 0 0 0 31 0 0 0 0 30 0 0 0 0 0 0 0 0 0 53 55 56 0 61 0 0 58 0 7 0 80 0 6 0 0 0 0 67 70 0 0 62 68 0 69 64 44 0 50 51 0 45 0 0 49 0 0 0 35 0 42 0 37 38 0 18 0 19 0 17 0 0 0 
0 24 17 25 0 0 23 20 0 35 0 42 40 41 0 0 37 39 3 1 81 80 5 0 7 0 6 62 0 0 63 70 69 0 67 68 0 14 8 13 15 11 10 9 12 76 0 0 0 0 0 75 0 0 53 55 59 0 56 0 57 61 0 48 50 45 0 0 51 52 46 0 0 0 31 0 30 0 34 32 0 
0 0 0 61 0 0 0 0 0 71 0 78 76 77 0 79 0 75 0 0 36 35 41 0 0 40 42 17 19 0 0 25 0 0 22 23 52 0 44 49 0 0 46 0 0 31 0 0 0 26 32 0 0 0 0 10 14 0 11 9 12 0 13 3 5 81 0 0 6 0 0 0 65 0 0 64 0 0 0 0 0 
75 0 71 79 0 0 77 0 76 8 9 15 0 14 0 16 0 12 57 55 54 0 59 0 0 58 60 0 37 38 36 43 42 0 40 41 0 68 0 0 69 0 64 0 66 0 52 0 0 44 0 0 0 46 26 0 32 0 0 27 30 0 31 21 23 0 0 22 0 25 19 20 2 81 4 0 0 0 0 0 0 
31 34 27 0 28 0 0 30 32 45 0 0 0 51 48 53 0 49 0 11 10 9 15 12 0 14 16 0 0 75 73 0 0 0 77 0 26 24 18 23 25 21 20 0 22 5 8 3 1 81 0 0 0 0 0 0 0 70 0 0 0 71 68 58 60 55 0 0 61 62 0 0 39 37 0 0 0 0 0 0 0 
40 43 0 44 0 0 0 0 41 54 55 61 59 60 57 0 0 58 22 0 0 0 24 21 0 23 25 0 2 3 1 8 7 0 5 6 35 0 27 0 0 30 29 28 0 0 0 0 0 0 0 0 0 0 0 0 0 79 75 0 0 0 77 0 69 0 0 68 70 71 0 66 0 0 50 0 49 0 53 51 52 
0 0 72 80 73 74 0 0 77 9 10 0 0 0 0 17 0 0 0 0 0 0 0 57 62 59 0 36 0 0 0 0 43 0 0 0 71 69 0 68 0 66 0 64 0 50 0 48 46 0 0 0 0 0 27 0 33 34 30 0 31 35 0 0 0 0 0 0 0 26 0 0 3 0 0 2 0 0 0 6 0 
4 0 81 0 0 2 0 3 0 0 19 25 0 0 21 0 20 22 0 65 0 63 69 66 71 68 0 45 0 0 0 0 52 0 50 51 80 0 72 77 79 0 74 73 76 0 62 57 55 0 0 58 0 0 0 0 0 43 0 0 40 44 41 31 33 28 0 0 0 35 29 0 0 0 14 0 0 0 17 0 16 
67 70 0 71 0 0 69 0 68 0 1 0 5 0 3 8 2 4 49 0 46 0 0 48 0 50 52 0 29 0 28 35 0 0 0 0 0 60 0 0 61 0 56 0 58 0 0 39 37 36 42 40 0 0 0 0 0 25 21 0 22 26 0 13 0 0 0 0 0 17 11 0 75 73 77 74 0 0 0 78 79 
58 0 0 0 0 56 60 0 0 0 73 79 77 78 0 80 74 0 40 38 37 36 42 0 44 41 43 0 0 21 0 26 0 0 0 0 53 0 45 0 52 48 47 0 0 32 35 0 28 0 33 0 0 29 0 0 0 16 0 0 0 0 0 4 6 1 0 5 7 8 2 0 0 0 0 65 67 0 71 69 70 
0 0 0 53 0 47 0 48 50 0 0 0 68 0 66 0 65 0 0 0 28 0 33 0 35 0 34 9 11 12 0 17 0 13 14 15 44 42 36 41 0 0 38 37 0 0 26 21 0 18 24 22 25 20 81 0 0 0 0 1 0 8 5 0 0 0 72 0 0 0 0 0 57 0 0 56 0 54 62 0 61 
0 0 0 26 19 0 24 21 23 36 37 43 0 0 0 0 38 0 4 0 0 81 6 3 0 5 0 0 0 66 64 71 70 67 0 0 17 15 0 0 16 12 0 10 13 0 80 0 0 72 0 76 79 74 0 56 60 0 57 0 58 62 59 49 51 0 0 50 52 53 47 48 30 28 32 29 31 27 0 33 34 
0 0 9 17 0 0 0 0 0 0 28 34 0 33 0 0 0 0 0 74 0 72 78 0 0 0 0 0 0 57 0 0 61 0 59 0 8 0 81 0 0 0 2 1 0 0 71 66 0 0 0 67 70 0 45 0 0 52 48 46 49 0 50 0 0 0 36 0 43 44 38 39 21 0 23 0 0 0 26 0 0 
2 5 79 6 80 81 4 0 0 0 17 0 21 22 0 0 0 20 0 0 62 61 0 64 69 0 0 43 0 0 44 51 0 47 0 49 0 0 70 0 77 0 0 71 74 0 0 0 0 52 0 56 59 54 34 0 0 41 0 0 38 42 39 29 0 0 25 0 32 33 27 28 10 0 0 0 11 7 0 0 14 
56 0 0 60 53 0 0 0 0 70 71 0 0 0 73 78 0 0 38 36 35 0 0 37 42 39 41 16 0 0 0 24 23 20 0 22 51 0 43 48 50 46 0 44 47 0 0 28 0 25 31 0 0 27 7 9 0 0 0 0 0 0 12 0 0 80 0 3 5 0 0 0 64 0 0 0 65 0 69 0 68 
74 77 0 0 71 0 76 73 75 7 8 0 12 13 10 0 0 11 56 54 0 0 0 0 60 0 0 34 0 37 0 0 41 38 0 40 0 67 61 66 0 0 63 62 65 0 51 46 0 0 49 0 0 45 25 0 0 32 0 0 29 0 0 0 22 17 16 0 0 24 18 19 1 0 3 81 0 0 0 0 0 
0 0 16 24 17 18 0 0 0 34 0 41 39 0 0 42 0 38 2 81 0 0 0 1 6 0 0 61 0 0 62 69 68 0 0 67 15 13 0 12 0 10 9 0 11 75 78 0 71 70 76 74 0 72 0 54 0 0 55 0 56 0 0 0 49 0 0 48 50 0 0 46 28 0 30 0 0 0 33 0 32 
0 41 34 42 0 0 0 0 0 0 0 0 0 0 0 0 54 0 20 0 0 0 0 0 24 0 23 0 0 0 0 6 0 0 3 0 0 31 0 30 0 0 27 0 29 0 15 0 8 0 0 0 0 9 0 72 0 0 73 71 0 78 0 0 67 0 0 0 0 69 0 64 46 0 0 0 0 0 0 0 0 
0 50 0 51 44 45 0 0 48 0 0 0 0 0 0 69 0 0 29 0 0 25 31 0 33 30 0 0 9 10 8 0 14 11 0 13 0 0 0 39 0 37 0 0 0 21 24 19 0 16 22 0 23 18 79 0 0 0 0 80 2 6 0 0 76 0 70 0 0 0 0 73 0 0 57 0 56 0 60 58 59 
0 0 25 0 0 0 31 28 0 43 0 50 48 0 0 51 0 0 11 0 0 7 13 0 0 12 14 0 72 73 71 78 0 74 0 76 0 22 16 21 0 0 0 0 20 3 0 1 80 79 4 0 5 81 0 63 0 0 0 62 65 69 0 0 0 53 0 57 0 0 0 55 0 35 39 0 0 0 42 40 0 
11 0 7 15 8 9 13 0 12 0 0 32 0 0 28 0 0 29 74 72 71 0 0 0 0 75 0 52 54 0 0 0 59 56 0 0 0 0 79 0 5 0 0 0 2 0 0 0 0 0 0 65 68 63 0 0 49 0 46 44 47 51 0 38 0 35 0 39 0 0 0 37 0 0 21 18 0 16 24 0 0 
65 68 61 69 62 0 0 64 66 0 0 0 3 0 0 0 0 0 47 0 44 0 0 46 0 0 50 0 0 0 0 0 0 0 30 31 60 0 0 0 0 0 54 0 0 39 42 37 0 34 0 0 0 0 16 18 0 23 19 0 0 24 21 0 13 0 0 0 14 15 9 0 73 71 0 0 0 70 0 76 77 
10 0 6 0 0 8 12 9 11 0 25 31 29 0 0 32 26 28 0 0 0 69 0 0 77 74 0 0 53 54 52 59 58 0 0 0 5 0 0 2 4 81 80 79 0 0 0 0 61 60 66 0 0 62 42 0 48 0 45 0 0 50 47 0 39 34 0 0 40 0 0 0 0 0 20 0 0 15 0 0 22 
0 58 0 0 52 0 0 0 0 69 70 76 0 75 0 77 71 73 37 35 0 0 39 0 0 38 40 0 17 0 0 0 22 19 0 0 50 0 42 0 0 45 0 0 0 0 0 0 0 24 0 0 31 26 0 0 12 0 9 0 10 14 0 0 3 79 0 2 4 0 0 81 63 61 65 62 64 0 0 0 0 
64 0 0 0 0 62 0 63 65 78 79 0 0 3 81 5 0 0 46 44 0 0 0 0 50 0 49 0 26 27 25 32 0 0 29 0 0 57 0 56 58 0 53 0 55 0 0 0 34 0 39 0 40 35 0 17 21 0 18 16 0 0 20 10 0 0 6 0 13 0 0 9 72 0 74 71 0 0 77 75 0 
19 0 15 23 16 17 21 18 0 33 34 0 0 0 36 41 35 0 1 0 79 0 3 81 0 0 4 60 62 63 0 0 0 64 0 0 0 12 6 11 0 9 0 7 10 0 0 0 70 69 0 73 0 71 0 0 0 58 0 52 55 0 56 46 0 0 0 47 49 50 44 0 0 25 0 0 28 24 32 30 31 
0 0 42 0 0 44 48 45 47 0 61 67 65 66 63 0 0 64 0 0 25 24 30 0 0 0 31 0 8 0 0 14 0 10 11 12 0 39 33 0 0 0 0 34 37 20 0 0 16 0 0 0 22 0 0 80 0 0 0 79 1 0 0 0 75 70 0 0 76 0 0 72 54 52 56 53 55 51 0 57 58 
0 0 69 77 0 71 0 0 0 6 7 13 0 0 9 0 0 10 0 0 52 0 0 0 59 56 58 0 0 36 0 0 0 37 0 39 68 0 60 0 0 0 0 61 64 47 50 45 43 0 48 46 49 44 24 26 30 31 27 25 28 32 0 19 0 0 15 20 22 0 0 0 81 0 0 80 0 78 5 0 4 
0 31 0 32 0 0 30 27 0 0 0 0 47 0 0 0 44 46 0 8 7 6 0 9 0 11 0 69 0 72 70 0 0 73 74 0 23 0 15 20 0 18 17 16 19 2 0 81 79 78 0 1 4 0 60 0 66 0 63 0 64 0 0 55 0 52 51 0 0 0 53 54 36 0 0 35 0 33 0 39 40 
0 40 33 0 0 35 0 36 38 51 0 0 56 0 0 59 0 0 0 17 0 0 21 18 23 0 0 0 0 0 79 5 4 0 0 0 32 0 24 0 31 0 0 0 28 0 14 0 7 0 0 0 0 0 0 71 0 0 0 0 0 77 0 0 66 0 60 65 0 68 62 0 45 0 0 0 46 42 0 0 0 
0 4 78 5 0 80 0 81 0 0 0 0 20 0 18 0 0 19 64 62 0 60 66 63 68 65 67 42 0 0 0 0 49 0 0 0 77 0 0 74 76 0 71 70 0 0 59 54 52 0 0 55 0 0 33 35 39 40 0 34 0 41 38 0 30 25 24 0 31 0 0 27 0 0 0 8 10 6 14 12 0 
