9
0 20 0 16 21 0 19 0 18 24 31 0 0 29 0 28 0 25 75 0 73 69 76 74 0 77 71 0 45 0 50 47 0 43 49 44 0 14 9 10 13 11 0 6 0 80 2 0 0 0 0 5 0 0 66 60 64 61 0 0 0 0 65 36 0 33 0 39 0 0 34 37 53 51 0 0 56 57 0 52 0 
0 38 41 0 39 40 37 35 36 0 49 0 0 47 0 46 44 0 0 0 10 0 0 0 0 14 0 64 63 60 0 65 0 61 0 62 26 0 27 28 31 29 0 0 0 17 0 0 0 0 0 23 21 15 3 0 1 0 81 4 80 5 2 0 0 51 0 0 0 0 0 55 0 69 77 0 74 0 0 0 0 
51 56 59 52 0 58 0 0 54 60 0 0 0 0 63 0 0 61 30 27 0 0 0 29 25 0 26 1 81 78 0 2 0 0 4 0 44 50 45 0 0 0 43 42 48 0 38 37 0 0 34 0 39 0 0 15 0 16 0 0 17 0 20 0 71 69 0 75 0 77 0 73 0 6 14 10 11 12 0 0 0 
0 65 68 0 66 0 64 0 0 0 76 75 0 0 0 0 0 70 0 0 0 33 40 38 0 41 35 0 9 6 14 0 12 0 0 0 53 0 0 0 0 56 0 51 57 44 47 0 49 45 0 0 0 42 0 0 28 0 27 31 26 0 29 0 80 78 0 3 0 0 0 1 17 0 23 19 0 0 0 16 18 
42 0 50 0 48 49 0 0 0 51 58 0 0 0 0 0 0 0 0 18 19 15 0 20 0 23 0 0 0 69 77 74 75 0 0 71 0 0 36 0 40 38 34 33 0 0 0 28 0 27 25 32 30 24 12 0 0 0 9 13 8 0 11 63 62 0 0 0 0 0 0 64 0 78 0 1 0 3 4 79 81 
78 0 0 79 3 4 1 0 81 6 13 0 0 11 9 10 8 0 57 54 0 0 0 0 52 59 53 0 0 24 0 29 0 25 31 0 0 77 0 0 0 0 70 0 75 0 0 0 67 0 0 0 0 0 48 0 0 43 45 49 0 50 47 18 0 0 22 0 0 0 0 19 35 0 0 37 38 39 40 0 0 
24 29 0 0 0 31 0 26 27 0 0 39 41 0 0 37 35 34 3 81 0 0 4 2 79 0 80 0 0 0 0 0 57 0 0 0 17 0 0 0 22 0 0 15 21 0 11 0 13 9 7 0 12 0 75 69 0 0 72 0 0 77 74 45 44 0 49 0 0 0 0 46 0 0 68 64 65 66 67 0 63 
0 11 14 7 12 13 0 8 0 15 22 21 23 20 0 0 17 0 0 0 64 60 0 0 0 0 62 0 36 0 41 0 39 0 0 35 80 5 81 1 4 0 79 78 0 71 0 73 76 0 70 77 75 69 0 0 0 0 54 0 0 0 56 27 26 24 31 30 0 0 0 0 44 0 50 0 47 0 0 43 45 
69 0 0 70 75 0 73 0 72 0 4 0 5 2 81 0 80 0 48 0 0 0 49 47 0 50 44 19 0 15 23 0 21 16 0 0 0 68 63 0 0 65 61 0 0 0 56 0 0 0 0 59 57 0 39 0 37 34 36 40 35 0 38 0 8 6 13 12 11 0 0 0 0 0 0 0 0 30 31 25 0 
19 24 0 0 25 0 23 21 22 28 0 0 36 0 0 0 30 0 79 76 77 73 0 0 0 81 0 50 0 46 54 0 0 0 53 0 12 18 0 0 17 0 11 10 16 0 6 5 8 4 2 0 7 0 0 64 68 0 0 71 0 0 69 40 39 0 44 43 0 45 0 41 57 0 63 0 0 0 62 56 0 
1 0 9 0 0 8 5 0 4 10 17 0 0 0 13 0 0 11 61 58 59 55 0 60 56 63 0 0 31 28 36 33 34 0 35 0 0 81 76 0 80 0 0 73 0 66 0 0 71 67 0 72 70 64 0 46 0 47 49 0 48 54 51 22 0 19 26 0 0 27 20 0 39 0 45 0 0 43 44 0 40 
37 42 45 0 0 0 41 39 0 46 53 52 54 0 0 0 48 47 0 0 14 0 0 0 11 0 12 68 0 64 0 0 70 0 71 66 0 0 0 0 35 33 29 28 34 21 0 23 26 22 0 0 0 0 7 0 0 0 0 0 0 9 6 0 57 55 62 0 0 63 0 59 0 0 0 77 0 79 0 0 0 
0 60 63 56 61 0 0 0 58 0 0 0 0 69 67 0 66 0 34 31 32 0 0 0 0 0 30 0 0 1 0 6 0 0 0 0 48 54 0 0 0 0 47 0 52 0 0 41 0 40 38 45 43 37 0 19 0 20 0 26 0 0 0 0 75 0 0 79 78 0 0 77 12 0 0 0 0 0 17 0 0 
64 69 72 0 70 0 0 0 0 0 80 79 0 0 0 77 0 0 0 0 0 37 44 0 38 45 39 14 0 0 0 15 0 11 17 0 57 0 0 59 62 60 56 55 0 0 0 50 0 49 0 0 52 0 0 28 0 29 31 35 30 0 0 4 3 0 8 7 6 9 0 0 21 19 27 0 24 0 26 20 0 
0 0 0 0 0 0 77 0 0 0 8 7 9 6 0 5 3 2 0 49 0 0 53 0 0 54 48 23 0 19 0 24 25 20 0 21 0 0 0 0 71 0 65 0 0 57 60 0 62 58 56 0 61 0 43 37 0 0 40 44 0 45 42 0 12 0 17 16 15 18 0 14 30 28 0 0 0 0 0 29 31 
0 15 18 11 16 0 14 0 0 19 26 25 0 24 22 0 0 0 70 67 0 64 0 69 0 72 0 0 40 37 0 42 43 0 0 0 0 0 4 5 0 6 0 1 0 0 0 0 80 76 74 81 0 73 61 0 0 0 58 62 0 63 0 0 0 28 35 34 33 0 0 0 48 46 54 50 51 0 53 47 49 
0 0 0 29 34 0 32 0 0 0 44 43 45 42 0 0 39 0 0 0 5 1 0 6 2 0 0 59 58 55 0 0 61 56 62 0 0 0 0 0 0 24 20 0 0 12 0 14 17 13 11 0 0 0 79 73 0 0 76 80 75 81 78 0 0 46 53 0 0 0 47 0 0 0 0 68 69 0 71 0 0 
0 0 54 47 52 53 50 48 49 0 0 61 63 0 58 59 0 0 0 0 0 0 0 24 20 27 0 0 76 73 81 0 79 74 80 75 0 0 40 41 0 42 38 37 43 0 0 0 0 0 29 36 34 0 16 10 0 0 0 0 0 18 15 0 66 64 71 0 69 72 0 0 3 0 9 5 0 7 8 2 4 
63 68 71 0 69 0 67 0 0 72 79 78 0 0 75 0 74 73 0 39 40 0 0 41 37 0 0 0 12 9 17 0 15 10 0 0 0 62 57 0 61 59 0 54 60 47 50 0 52 0 0 0 0 0 33 0 0 0 0 34 29 35 0 0 2 81 7 6 5 8 0 0 20 0 0 22 0 0 0 19 21 
0 77 80 73 0 79 76 74 0 81 0 6 0 0 3 0 2 1 0 48 0 45 52 0 46 0 47 0 21 0 26 23 0 0 25 20 65 0 66 67 70 0 64 0 69 56 59 0 61 0 55 0 60 0 0 0 0 0 0 43 0 0 0 12 0 9 16 15 14 17 10 13 29 27 0 0 0 0 34 28 0 
0 0 8 0 6 7 0 0 0 9 16 15 0 0 0 13 11 0 60 0 58 54 0 59 55 0 56 31 0 27 35 32 33 28 34 0 74 0 0 76 79 77 0 72 78 0 68 67 70 66 64 71 69 63 51 0 0 46 48 52 47 53 0 21 0 0 25 24 0 0 0 0 0 36 44 0 41 42 43 37 0 
0 0 0 0 0 61 0 56 0 0 70 0 0 0 0 67 0 0 33 30 31 27 34 0 0 35 29 4 0 81 0 5 6 1 7 2 0 53 48 0 52 50 46 0 51 0 41 40 0 39 0 0 42 0 24 0 0 0 0 0 0 26 23 75 0 72 0 0 0 0 0 76 0 9 0 13 14 0 16 10 12 
0 0 0 37 0 43 0 0 0 45 0 0 0 50 0 0 47 46 0 0 0 0 0 14 10 17 11 0 0 0 0 0 69 0 70 0 29 35 30 31 34 0 0 0 0 20 0 0 25 21 0 0 0 18 6 81 0 0 3 0 0 8 0 0 56 54 61 60 59 62 55 0 0 72 0 76 0 78 0 73 75 
18 23 0 0 0 25 0 0 0 0 0 33 0 0 0 31 0 0 78 75 0 0 79 0 0 80 0 49 0 0 0 50 0 0 52 47 11 17 0 0 16 0 10 9 0 0 5 4 0 0 0 8 0 81 69 0 67 64 0 0 65 71 0 39 0 0 43 0 0 0 37 0 56 0 0 0 0 0 0 55 0 
0 14 0 10 0 0 13 0 12 18 25 0 26 23 21 0 0 19 69 66 67 63 0 0 0 71 0 40 39 36 0 0 42 37 0 0 0 0 0 0 0 0 0 0 0 0 77 76 0 75 0 0 0 0 0 0 58 55 0 0 56 62 0 30 0 0 0 33 32 0 28 31 47 45 0 49 0 0 52 46 48 
0 50 0 0 0 0 49 0 48 54 0 60 62 59 57 58 56 0 0 21 22 0 25 23 0 26 20 76 0 0 80 77 78 73 0 74 38 44 39 0 43 0 0 0 0 0 0 31 34 30 0 35 0 0 0 0 0 0 12 16 11 17 14 66 65 63 0 69 68 0 0 67 2 0 0 4 5 6 7 0 0 
27 32 35 28 0 34 0 29 30 36 43 42 44 41 0 40 38 0 0 0 4 0 0 0 1 8 0 58 57 54 0 59 0 0 61 0 0 26 0 22 25 23 19 0 0 11 0 0 0 12 10 17 15 9 0 72 0 0 0 79 74 0 0 48 47 45 0 0 50 53 46 49 65 0 71 0 68 69 70 0 0 
41 46 0 42 0 0 45 43 0 50 57 0 58 55 53 54 0 51 0 0 18 14 21 0 15 22 0 72 71 68 76 0 0 0 0 0 0 40 35 0 39 37 0 0 38 25 28 27 0 26 0 31 29 23 0 0 0 6 0 0 0 0 10 0 61 59 66 65 64 67 60 0 0 0 4 0 0 2 0 78 80 
0 0 67 60 65 66 63 61 62 0 0 0 0 0 71 72 70 69 38 35 36 32 39 0 33 0 34 0 0 0 13 0 0 6 0 7 0 0 0 54 57 55 51 0 56 43 46 0 48 44 0 49 0 41 29 0 27 0 26 30 25 0 28 0 79 77 0 2 1 4 0 81 0 0 0 18 19 20 21 15 0 
0 0 0 51 0 0 54 0 0 0 0 65 67 0 0 63 0 60 29 26 0 23 0 0 0 0 0 81 80 0 4 0 2 0 3 0 43 49 0 45 0 46 0 0 47 34 0 36 39 0 33 40 38 0 0 0 18 15 0 0 0 0 0 71 0 0 75 74 73 76 69 72 7 5 0 9 10 0 0 6 0 
0 0 0 78 2 0 81 79 0 5 12 11 0 0 0 0 0 6 56 0 0 50 57 0 0 0 52 0 26 23 31 0 29 0 0 0 0 76 0 0 0 73 0 0 74 61 64 63 0 0 0 67 0 59 0 0 45 42 44 0 0 0 0 17 0 0 0 20 19 0 15 0 34 0 40 36 0 0 0 33 0 
0 10 0 0 0 0 0 7 0 14 0 20 0 0 17 18 0 0 65 62 63 59 66 64 0 67 0 36 35 0 40 37 38 0 39 34 79 0 80 0 3 0 0 0 0 0 0 0 75 0 0 0 0 68 56 50 0 51 0 57 0 0 55 26 25 0 30 29 28 0 24 0 43 0 0 0 0 0 0 42 44 
23 0 0 0 0 0 0 0 0 32 39 38 0 37 35 0 34 0 0 0 0 0 3 0 78 0 79 54 0 0 58 0 0 51 0 52 16 22 17 18 21 19 0 14 20 0 0 0 0 0 0 13 0 5 0 68 0 0 71 0 0 76 73 0 43 41 0 47 0 49 0 45 0 0 67 63 64 65 0 0 0 
0 0 0 0 74 0 72 70 0 77 3 2 4 0 0 81 0 78 0 44 0 41 48 0 42 0 43 0 17 14 22 0 20 15 0 16 0 67 62 0 66 0 0 0 65 52 0 0 0 0 0 0 56 50 38 0 36 0 0 39 0 40 37 0 7 0 12 11 0 0 0 9 25 0 0 0 28 29 30 24 0 
32 37 0 33 0 0 0 0 0 0 48 0 0 0 0 45 0 42 0 8 0 5 0 10 6 0 7 63 0 0 67 64 0 60 0 0 0 31 0 0 0 0 24 23 29 0 19 0 0 0 15 22 20 0 2 0 0 0 80 3 79 4 0 0 52 0 0 56 0 0 51 0 0 0 76 72 73 0 75 0 71 
14 19 0 15 20 0 18 16 17 23 0 0 0 28 26 0 25 0 0 0 72 68 75 73 69 0 70 0 0 41 0 46 47 42 0 43 7 13 8 0 12 10 6 0 11 0 0 81 3 80 78 4 0 77 65 59 63 0 62 66 61 67 64 0 34 0 39 38 37 0 0 0 52 50 58 54 0 0 57 51 53 
39 0 0 40 0 46 43 0 42 48 0 54 0 53 0 0 0 0 0 0 16 12 19 0 0 20 0 70 69 0 0 71 72 67 0 68 0 0 0 34 0 0 31 0 36 23 26 25 0 24 22 0 27 21 0 0 7 0 0 0 5 0 0 0 0 57 0 63 0 65 58 0 77 75 0 0 80 81 0 0 78 
0 0 56 0 0 0 0 0 0 0 0 63 0 0 60 0 59 58 0 0 0 0 28 26 0 29 23 0 78 75 0 80 0 76 1 77 41 47 42 43 0 0 0 39 0 32 0 34 37 33 0 38 0 30 18 12 16 13 0 0 0 0 0 0 68 0 73 72 0 0 0 70 5 0 11 0 8 9 10 4 0 
0 0 20 0 0 0 0 0 0 21 28 27 0 0 24 0 23 22 72 69 0 0 0 0 67 74 68 43 42 39 0 44 0 0 46 41 5 0 6 0 10 8 4 3 0 0 0 79 0 78 76 0 0 0 63 0 61 0 60 64 59 0 62 0 32 30 37 36 35 0 0 0 0 48 0 52 53 0 0 49 51 
21 26 0 0 0 28 0 0 0 30 37 36 0 0 0 34 32 31 81 78 79 0 0 0 0 2 77 52 51 48 0 53 54 49 0 0 0 0 0 16 0 17 13 12 18 5 0 0 0 6 0 0 9 3 0 66 70 67 69 73 0 74 0 42 0 39 0 45 44 0 40 0 59 0 65 0 0 0 64 0 60 
0 80 2 0 0 1 0 77 0 0 0 9 11 8 0 7 5 4 54 51 0 0 0 0 49 56 50 25 0 21 29 0 27 22 0 23 68 0 0 70 0 0 67 66 72 59 0 0 0 0 0 65 63 57 45 39 0 0 0 46 0 0 44 15 0 12 19 0 0 20 0 16 32 0 0 34 35 0 37 0 33 
57 0 0 58 63 64 61 59 0 66 73 72 74 71 69 0 0 0 36 0 34 0 0 35 31 38 0 7 0 3 11 8 9 0 10 0 50 0 51 52 0 53 0 0 54 0 44 0 0 0 0 47 0 39 27 0 25 22 24 28 0 29 26 0 77 75 0 81 0 2 76 79 14 12 0 0 17 0 0 13 0 
0 0 0 31 36 37 0 32 0 0 0 45 0 0 42 0 0 0 0 0 7 0 10 8 4 0 5 61 0 57 65 0 0 58 64 59 23 0 0 0 0 0 0 0 0 0 0 0 0 15 13 20 18 12 0 75 79 0 78 0 77 0 80 51 50 48 0 54 53 0 49 0 0 0 74 0 0 0 73 67 69 
66 0 0 67 72 73 0 68 69 0 1 0 2 80 78 0 0 76 0 0 43 39 0 0 40 0 41 16 0 0 0 0 0 0 19 14 59 65 60 0 0 62 58 0 0 50 53 52 0 0 49 56 0 0 0 30 0 31 33 37 0 0 0 6 0 0 0 9 0 0 0 7 0 21 29 0 26 0 28 0 0 
0 8 0 4 0 0 7 0 6 12 19 18 0 17 15 16 0 13 0 0 0 57 64 0 0 0 59 34 33 0 0 0 0 31 0 0 0 2 0 79 0 0 76 0 81 0 71 70 0 0 67 0 72 66 0 48 0 0 51 0 0 56 0 0 23 21 28 0 26 29 22 25 41 0 0 43 44 0 0 0 42 
0 30 33 0 31 32 29 0 28 34 0 40 42 0 37 38 0 0 4 0 0 79 0 0 0 6 0 0 0 0 0 57 58 53 0 0 0 24 19 0 23 21 17 0 0 0 12 0 0 0 0 15 0 7 0 0 0 71 0 0 0 78 0 46 0 43 0 49 48 0 0 47 0 61 0 65 0 0 68 0 64 
52 57 0 53 58 0 56 0 0 0 68 0 69 66 0 65 63 0 0 28 29 0 32 30 26 33 0 0 1 0 6 0 0 80 5 81 0 0 46 0 0 0 44 0 0 0 39 0 41 0 0 0 40 34 0 0 20 0 19 0 0 0 21 73 0 0 0 76 75 78 0 74 0 0 15 11 0 0 0 8 0 
34 39 0 0 40 0 38 0 37 43 0 49 0 48 46 47 45 0 13 0 11 7 0 12 8 15 0 65 0 61 0 66 0 0 0 63 0 33 28 0 32 0 26 25 31 0 0 0 0 19 17 24 0 16 4 79 2 80 1 5 0 6 3 55 0 52 59 58 0 60 53 56 0 0 78 74 0 0 77 0 0 
16 21 0 0 0 0 20 18 0 0 0 0 33 0 0 29 0 0 0 0 0 0 77 0 71 78 72 0 0 43 51 0 49 0 50 45 0 15 0 0 0 12 8 0 13 81 3 0 5 1 0 0 4 79 67 61 65 62 64 68 63 0 66 37 0 34 0 0 0 42 0 38 54 0 0 56 57 0 59 0 0 
43 0 51 0 0 0 0 0 0 0 59 0 0 0 55 56 0 0 0 0 20 16 0 21 0 24 18 74 0 70 78 75 76 0 0 72 0 42 0 0 41 39 35 34 40 0 30 0 0 0 0 0 31 25 13 7 11 0 0 0 9 0 12 0 0 61 0 0 66 0 0 0 0 79 0 0 3 0 5 0 1 
0 12 0 0 13 14 11 0 0 0 23 0 24 0 19 0 0 0 0 64 0 61 68 66 0 0 0 0 0 0 0 0 40 35 0 36 81 0 0 2 0 3 80 0 4 0 0 0 77 0 71 78 76 0 58 0 0 53 0 0 0 60 0 28 0 0 32 31 0 33 0 29 45 43 51 0 0 0 0 44 46 
70 0 78 71 76 0 0 0 0 0 5 4 6 0 1 2 81 80 49 0 0 43 50 0 44 0 45 20 0 16 24 21 22 17 23 0 0 0 64 0 68 0 62 0 0 54 57 56 0 55 53 0 0 52 40 34 38 0 0 0 0 0 0 10 0 0 0 0 0 15 8 0 0 0 33 0 0 31 0 0 28 
0 0 6 80 4 0 2 81 1 0 14 13 0 12 0 11 9 0 0 0 0 52 59 57 0 60 54 29 28 0 33 0 0 26 32 27 72 78 0 74 77 75 71 70 76 0 0 65 0 0 0 69 0 61 49 43 47 0 0 50 0 0 0 0 18 0 0 22 0 24 0 20 0 0 42 0 0 0 0 35 0 
0 66 69 0 0 68 0 0 64 70 0 76 78 75 73 0 0 71 0 0 38 0 0 0 0 42 36 11 0 7 15 0 13 8 0 0 54 60 55 56 0 0 0 0 58 45 0 0 0 46 0 0 49 0 31 25 29 0 28 0 0 0 30 0 0 0 5 0 0 6 0 0 0 0 24 20 0 0 23 0 19 
29 0 0 0 35 36 33 31 0 38 45 0 0 0 41 42 40 0 0 5 6 0 0 7 0 10 0 60 59 56 64 0 0 57 0 58 0 0 0 0 0 0 0 0 0 13 0 15 18 14 12 19 17 0 0 0 78 0 0 81 0 0 79 0 49 0 0 0 0 55 0 51 67 0 0 69 0 0 72 0 68 
11 0 0 0 0 0 0 0 0 0 0 26 28 25 23 0 0 0 71 68 69 0 72 70 0 0 0 0 0 38 46 0 44 39 45 0 4 10 0 0 0 7 0 2 0 76 0 0 81 77 75 0 80 0 0 56 0 57 0 63 58 64 61 0 0 29 36 35 0 0 0 0 49 47 55 51 52 0 0 0 0 
74 0 1 0 0 81 0 76 77 0 9 0 10 0 0 0 0 3 0 50 51 47 54 0 0 0 0 24 0 0 28 25 0 0 0 22 67 73 68 0 72 0 66 65 0 58 0 0 63 0 57 0 62 56 44 0 0 0 41 45 40 0 43 14 0 0 18 17 0 0 0 0 0 29 37 33 0 0 36 30 0 
0 0 0 0 53 54 0 49 0 0 0 0 0 61 0 0 0 0 0 23 0 0 0 0 21 0 0 0 77 0 0 0 0 0 0 0 40 0 0 42 45 43 0 38 0 0 34 0 36 0 30 37 35 29 17 11 0 12 14 0 13 0 0 68 67 0 0 71 70 73 66 69 0 0 10 6 7 8 0 0 5 
20 0 0 0 26 27 0 22 23 0 0 0 0 0 0 0 31 0 80 77 78 0 0 79 75 0 76 0 50 47 0 52 0 48 0 0 13 19 0 0 18 0 0 0 17 0 7 0 0 5 0 10 0 2 0 65 0 0 68 0 67 0 70 0 40 0 0 0 0 0 0 42 0 0 0 60 0 0 0 0 0 
56 0 64 0 0 63 0 58 59 65 0 71 73 70 0 69 0 0 35 32 0 29 0 0 0 0 31 6 0 2 0 7 0 0 9 0 0 0 50 51 54 52 48 47 53 0 43 42 0 41 39 46 44 0 0 20 24 21 23 27 22 28 25 77 76 0 81 0 79 1 75 78 0 0 0 0 16 0 18 12 0 
0 0 0 0 71 72 0 0 68 74 0 80 1 79 77 78 76 0 0 41 42 38 0 0 39 0 40 15 0 11 0 0 0 0 18 13 58 0 59 0 0 61 0 56 62 0 0 51 54 50 0 0 0 47 35 29 33 0 0 0 31 37 0 5 4 0 0 8 7 10 0 6 0 20 0 24 0 26 27 0 0 
2 7 0 3 8 9 6 4 5 11 0 17 19 0 14 15 13 12 0 0 60 0 0 61 57 64 58 33 0 0 37 34 35 0 0 31 76 1 77 0 0 0 75 74 80 0 70 0 0 68 66 0 0 0 0 0 0 0 50 0 49 0 0 0 0 0 0 26 0 28 21 24 40 38 0 0 0 0 45 39 41 
38 0 0 39 0 45 0 0 0 47 54 0 55 0 0 51 49 48 17 0 0 0 0 16 0 19 13 69 68 0 0 0 0 0 0 67 31 0 32 33 36 34 0 29 0 0 0 24 27 0 0 28 26 0 8 2 6 3 0 0 0 10 0 0 58 56 63 62 0 64 0 60 0 74 1 0 0 80 0 75 77 
13 0 21 14 19 20 17 15 16 0 29 28 0 27 25 26 0 23 73 70 0 67 74 72 0 0 0 44 43 40 48 45 0 41 0 42 6 0 0 0 0 9 0 0 10 78 0 0 0 79 0 0 0 76 0 58 62 59 61 0 0 0 0 34 0 31 0 37 0 0 0 35 51 0 57 0 0 0 0 0 0 
40 45 48 41 46 47 0 0 0 49 56 55 0 0 52 53 0 50 0 16 0 13 0 18 0 21 0 0 70 0 75 0 73 0 74 69 0 0 34 35 0 36 32 31 37 0 27 0 29 25 23 0 28 22 10 4 0 0 0 11 0 12 9 61 0 0 65 0 63 0 59 62 78 0 0 80 81 1 2 77 79 
0 0 0 5 0 11 8 6 7 0 0 19 0 0 0 0 0 14 0 61 0 58 65 0 0 66 0 35 34 31 0 36 37 32 0 33 78 3 79 0 0 81 0 0 0 69 72 71 0 0 0 75 73 0 55 0 53 0 0 56 51 57 54 0 24 22 0 28 27 30 23 0 0 0 0 0 45 0 0 41 43 
67 0 75 0 0 74 71 69 0 76 2 1 0 81 0 80 0 0 0 0 0 40 47 45 0 0 42 17 16 0 21 18 19 14 20 15 60 66 0 62 0 63 59 58 0 51 54 0 56 52 50 57 0 49 37 31 35 32 0 38 0 39 0 7 0 0 0 10 0 12 5 0 0 0 0 26 27 28 29 23 0 
31 0 0 0 0 0 0 0 0 40 0 46 0 45 43 0 42 41 0 0 8 0 0 0 5 0 6 0 0 58 66 0 64 0 0 0 24 30 25 26 0 0 23 0 0 15 0 0 20 0 14 0 19 13 1 0 0 0 0 0 78 0 81 52 0 49 56 55 54 57 0 0 0 67 75 0 0 0 74 68 0 
0 63 0 59 64 65 0 60 0 67 74 0 75 0 70 0 0 0 37 0 35 31 0 36 32 39 0 0 7 4 12 9 0 5 11 6 51 0 52 53 0 0 0 0 0 0 45 0 47 43 0 48 0 40 0 22 0 0 25 29 24 0 27 79 0 0 2 1 81 0 0 80 15 13 21 0 18 0 20 14 16 
76 81 3 0 0 0 80 78 79 4 0 10 12 9 7 0 0 0 55 52 53 0 0 0 0 0 0 26 0 0 30 0 28 0 0 0 0 75 0 71 74 0 0 67 0 60 0 0 65 61 59 66 64 0 0 0 0 0 43 0 42 0 45 0 15 13 0 19 18 21 14 17 33 0 39 35 36 0 38 32 0 
22 0 30 0 0 0 26 0 25 0 38 0 39 0 0 35 33 32 0 0 0 0 2 81 0 3 0 53 52 0 57 0 55 50 56 0 15 0 0 0 0 0 0 13 0 6 9 0 0 0 0 12 0 0 0 67 71 68 0 74 0 0 72 0 42 0 0 0 0 0 41 44 0 0 66 0 63 64 0 59 61 
49 0 57 50 0 0 0 0 52 58 65 0 0 0 0 0 60 0 28 25 26 0 0 27 0 30 0 80 79 76 0 0 0 77 2 0 42 48 0 0 0 0 0 40 0 0 0 35 0 34 0 39 37 31 0 0 17 14 16 0 15 0 18 0 0 67 0 73 0 0 68 71 0 0 0 0 0 10 11 5 0 
62 0 70 63 0 69 66 0 65 71 0 77 0 0 0 0 73 0 41 0 0 35 42 0 36 43 0 12 0 8 0 13 14 9 15 0 0 61 0 57 0 0 54 0 0 0 0 0 0 0 0 52 50 44 32 26 0 0 0 33 28 0 31 0 1 80 6 0 4 7 0 3 0 17 0 0 0 0 0 0 0 
0 58 61 54 59 60 0 0 56 0 69 0 70 0 0 66 0 0 0 0 30 26 0 31 0 0 28 3 0 0 7 4 5 81 6 0 46 52 47 0 51 0 0 44 50 0 40 0 42 38 36 43 0 35 0 0 21 18 20 24 19 25 0 74 0 71 78 0 0 0 0 0 0 0 16 12 0 14 15 0 0 
80 4 0 0 0 0 3 1 2 0 15 14 16 0 11 12 10 0 59 0 0 53 0 0 0 0 55 0 0 26 34 31 0 0 33 28 0 79 74 0 0 0 0 0 77 64 0 0 0 65 0 0 68 0 50 44 48 45 47 51 0 52 49 0 0 0 24 0 22 25 18 21 0 35 43 39 40 0 42 0 0 
71 76 0 72 77 78 75 0 0 0 0 5 7 4 0 3 0 81 0 0 0 44 51 0 45 0 46 0 20 17 0 22 23 18 0 19 0 70 0 66 69 0 63 0 68 0 0 57 60 0 54 0 59 0 0 0 39 36 38 0 37 43 0 0 10 0 0 14 0 16 0 12 0 0 0 0 31 32 33 27 0 
0 40 0 0 41 0 39 37 38 44 0 50 52 49 47 48 0 0 14 11 0 0 0 13 0 0 0 66 65 0 0 67 0 63 69 0 28 0 0 30 0 0 0 26 0 19 22 21 24 20 0 0 23 0 0 80 0 0 2 0 1 0 0 56 0 53 60 59 0 61 54 57 0 0 79 0 76 0 0 72 74 
0 31 34 0 32 33 30 0 29 0 0 41 43 40 38 39 0 36 0 0 0 0 6 0 81 0 0 0 0 53 61 58 0 54 60 0 19 25 20 0 24 22 18 17 0 0 0 0 0 0 9 16 14 8 0 71 75 72 0 78 0 79 76 47 0 44 51 50 49 0 45 0 0 0 0 66 0 68 0 0 65 
0 13 0 9 14 15 0 10 0 0 0 23 0 0 20 0 19 18 0 0 66 62 69 0 0 70 0 0 0 0 43 0 41 0 0 37 0 0 2 0 6 4 0 80 0 0 0 75 0 0 72 0 0 71 0 0 0 54 0 60 55 61 58 29 28 0 0 0 31 0 0 30 46 44 52 48 49 50 51 0 47 
0 0 52 0 0 0 48 46 0 53 60 59 61 0 0 57 0 54 0 20 0 0 24 0 18 0 19 0 74 0 79 0 0 0 78 73 37 43 0 39 0 40 0 0 0 0 31 0 33 0 0 34 32 0 14 0 12 0 0 15 10 16 0 0 64 0 0 0 0 0 63 0 1 80 7 3 4 0 0 0 2 
17 0 25 18 0 0 0 0 20 0 33 0 34 0 0 0 0 0 0 0 0 71 78 0 72 0 73 48 0 0 52 0 50 0 51 46 0 16 0 0 15 13 0 8 14 0 0 3 0 2 0 7 5 0 0 0 0 0 65 69 0 70 67 0 0 0 0 0 0 43 36 0 0 53 61 57 0 0 60 54 0 
