9
0 0 0 14 18 21 20 0 16 47 41 49 43 42 0 45 48 0 0 60 61 0 59 0 0 0 66 35 0 37 40 0 34 0 32 33 0 70 68 75 0 0 0 76 0 0 0 0 0 80 0 77 79 1 0 58 0 57 0 52 0 0 54 26 0 25 24 30 0 0 0 27 5 9 0 0 0 11 0 0 0 
69 76 71 0 0 75 0 73 70 0 14 22 16 0 17 0 0 0 40 33 0 38 0 37 36 0 39 8 11 10 0 12 0 9 0 6 0 0 0 48 44 0 0 0 0 0 0 0 58 0 54 50 52 0 23 31 28 30 24 25 26 0 27 0 77 79 78 0 0 2 0 0 0 63 0 64 61 0 62 67 66 
0 67 62 0 0 66 65 64 61 0 0 0 7 0 8 9 12 10 0 0 25 29 0 28 0 0 30 80 0 1 0 3 79 81 0 0 0 0 0 0 35 0 38 0 33 42 0 0 49 44 45 0 0 0 0 22 0 0 15 16 0 20 18 71 68 0 0 75 73 0 0 72 50 54 51 0 52 56 53 58 57 
0 31 26 23 0 0 29 0 25 56 50 0 0 51 53 54 57 55 0 69 70 74 0 73 72 0 0 0 47 0 49 0 0 45 41 0 81 0 77 3 80 1 2 0 78 6 0 0 13 8 0 5 7 10 0 67 0 0 0 61 0 65 0 0 32 0 33 39 37 38 40 0 14 0 15 19 16 0 0 0 0 
78 4 80 0 0 3 2 1 79 29 23 31 25 24 26 27 30 28 49 0 43 47 41 0 0 44 0 17 0 19 22 0 0 0 0 0 54 52 50 0 53 0 0 0 0 0 0 66 67 0 0 59 0 64 32 0 37 39 33 0 0 38 36 8 0 0 0 12 10 0 13 0 0 72 69 73 0 0 0 76 0 
33 40 35 0 0 39 38 37 34 0 0 0 61 60 0 63 0 64 0 78 0 0 77 1 0 80 0 0 56 0 58 0 0 54 50 51 0 7 0 12 0 0 0 13 6 15 20 0 22 17 0 14 0 19 68 76 0 75 0 70 0 74 72 0 41 43 42 48 0 0 0 45 23 27 0 0 0 0 0 31 0 
0 0 0 50 0 0 0 55 52 0 0 4 79 78 0 81 3 0 0 15 16 0 0 0 18 17 21 0 74 73 76 0 70 72 0 0 27 25 23 0 0 28 29 31 0 0 0 0 0 35 0 32 0 0 5 13 10 12 6 7 8 11 0 62 0 61 60 66 64 0 0 0 0 45 42 46 43 0 0 0 48 
0 13 0 0 9 12 0 0 0 38 0 0 34 0 35 36 39 0 58 0 52 0 0 0 54 0 0 0 29 28 0 30 0 27 23 0 0 0 59 0 62 64 0 67 60 69 74 75 76 0 0 68 70 0 0 49 46 0 42 43 44 0 0 0 0 16 15 21 19 0 22 0 0 0 0 0 79 2 0 0 3 
42 49 0 41 45 48 0 46 43 74 0 76 70 0 71 72 0 73 0 6 0 11 5 0 9 0 12 0 0 0 0 66 0 0 59 0 0 0 0 0 17 0 0 0 15 24 0 0 31 26 27 23 0 28 0 0 1 0 78 79 0 2 0 0 50 0 51 57 0 0 58 0 0 36 0 0 34 38 0 40 39 
0 35 0 0 31 34 33 0 0 0 0 62 56 0 0 58 0 0 80 73 74 0 72 0 76 75 79 0 0 50 0 0 47 49 45 0 4 0 0 7 0 5 6 0 0 0 15 0 17 0 0 0 11 0 0 71 0 70 64 0 0 0 0 0 36 0 37 43 41 42 44 40 0 0 0 0 0 0 21 0 0 
19 0 21 18 22 25 24 23 20 51 0 0 47 46 48 0 52 0 0 64 0 69 0 0 67 66 0 39 0 0 0 43 38 40 0 37 76 74 0 0 0 0 78 80 73 0 0 0 0 3 4 81 0 5 0 0 0 61 55 0 57 0 0 30 27 0 0 0 0 33 35 31 9 13 10 14 11 0 12 0 16 
1 8 3 81 4 0 6 5 2 0 27 0 29 28 0 31 0 32 53 0 47 51 45 50 49 48 0 21 0 0 26 25 20 22 18 19 58 56 0 0 0 59 60 62 55 0 69 0 71 66 0 0 65 68 0 44 0 0 37 38 0 0 0 0 9 0 0 0 0 15 17 0 0 76 73 77 74 0 75 80 0 
46 53 48 45 49 52 0 50 47 0 0 0 0 0 75 76 0 77 17 0 11 0 0 14 13 12 16 66 69 68 0 0 65 67 63 64 22 0 18 0 21 0 24 26 19 28 0 34 0 0 31 27 0 0 81 0 0 7 0 0 3 6 4 0 0 0 0 61 0 60 62 58 0 40 37 41 38 42 39 44 0 
0 0 12 0 0 16 0 14 0 0 0 0 0 0 39 0 0 0 62 55 56 60 54 59 58 0 61 0 33 32 35 0 0 31 0 0 67 0 63 70 0 68 69 71 0 0 78 0 0 0 76 72 74 0 45 0 50 52 0 0 48 51 0 0 18 0 0 0 0 0 26 0 81 0 1 0 2 6 3 0 0 
73 80 75 0 0 0 78 0 74 24 18 26 20 0 0 0 25 0 44 0 0 42 0 0 0 39 0 12 0 14 0 16 0 0 9 0 49 47 0 0 48 50 51 53 0 0 60 61 62 0 0 54 56 59 0 35 32 0 0 0 0 0 0 3 81 2 0 0 0 0 8 0 0 67 64 0 0 69 0 0 0 
0 0 57 0 0 0 0 0 56 0 81 8 2 0 3 4 0 0 26 19 0 24 18 23 0 21 25 75 78 0 0 79 0 76 0 0 0 29 27 0 30 32 0 0 28 0 42 0 0 0 0 36 0 41 9 0 14 0 0 0 12 15 0 66 63 0 64 0 0 69 0 0 45 49 46 50 0 51 0 53 52 
64 0 66 63 0 70 0 68 0 0 0 17 0 10 12 13 16 0 35 0 29 0 27 0 31 30 0 3 6 0 0 0 0 0 0 0 0 38 0 0 39 41 0 44 37 46 51 52 53 48 49 0 47 50 18 26 0 25 0 20 21 0 22 75 72 74 0 79 0 0 80 0 0 0 55 59 56 0 57 0 61 
0 0 39 36 0 0 0 41 0 0 63 0 65 0 66 0 0 0 8 0 2 0 81 0 0 3 7 57 60 0 0 0 0 0 0 55 13 11 9 0 0 0 0 17 10 0 0 25 0 21 0 18 0 23 0 80 0 79 0 74 0 78 76 48 45 0 46 52 0 51 0 49 27 0 28 0 0 0 30 0 34 
9 16 11 0 12 15 14 0 0 41 35 0 0 36 38 0 42 40 0 0 55 0 0 58 0 0 0 0 32 31 0 33 28 0 26 27 0 0 0 69 0 67 0 0 0 72 0 0 0 74 0 0 0 76 0 52 49 51 0 46 0 0 0 20 0 0 0 24 0 0 25 21 0 3 0 4 0 5 0 7 0 
45 0 47 0 0 51 50 49 0 0 71 0 0 0 0 75 0 76 16 0 10 0 8 13 12 11 0 65 68 67 70 69 0 0 0 63 21 0 0 0 0 0 23 0 0 27 0 33 0 29 0 26 0 31 80 0 4 6 81 1 0 0 0 56 0 55 0 0 58 0 0 0 0 0 0 40 37 41 0 43 42 
0 0 0 26 0 33 0 31 28 0 0 61 0 0 0 57 0 58 79 0 0 0 71 0 75 0 0 0 0 0 52 0 46 48 0 45 0 0 0 0 0 0 5 0 81 0 14 15 0 11 12 0 0 13 0 0 0 69 0 64 0 68 66 0 0 0 36 0 40 0 0 0 0 21 0 22 19 23 20 25 24 
0 79 74 71 75 0 77 76 0 0 17 25 19 0 0 21 0 22 43 36 37 0 0 40 39 38 0 0 14 0 0 15 0 0 0 0 48 46 44 0 47 0 0 0 45 54 59 0 61 0 57 53 55 58 0 0 0 33 27 0 0 0 0 0 80 0 81 6 0 5 0 3 62 66 63 0 64 68 65 0 69 
0 0 56 53 57 0 59 0 55 5 0 7 0 0 2 3 6 0 25 18 0 23 17 22 0 0 24 74 0 76 0 78 73 75 71 0 0 0 26 33 29 0 32 34 0 36 0 0 0 0 0 35 0 0 0 0 0 0 0 10 11 0 12 65 0 0 0 69 0 0 70 0 44 48 0 49 46 0 0 52 0 
0 7 2 80 0 0 0 0 0 0 0 34 28 0 29 30 0 31 52 0 0 50 44 0 0 0 51 20 0 0 0 24 0 21 17 18 0 55 53 0 56 58 0 61 54 0 68 0 70 0 0 62 0 0 0 43 40 42 36 0 38 41 39 11 0 0 0 0 13 14 16 0 0 0 72 0 73 0 74 79 0 
0 0 38 0 39 0 0 40 37 0 0 70 0 63 0 0 0 67 7 81 1 0 80 4 3 0 0 56 0 58 0 0 55 57 0 0 12 0 0 15 0 13 14 16 0 18 23 24 0 20 0 17 19 22 71 0 76 78 0 0 0 77 0 47 44 0 45 51 0 0 52 48 0 30 0 0 28 0 29 0 33 
18 0 0 17 0 24 23 22 0 0 0 0 0 0 0 0 51 49 70 0 0 68 0 0 0 65 69 38 41 40 0 0 0 39 35 0 0 0 71 0 0 76 77 79 72 0 0 0 0 0 0 0 1 4 53 0 58 0 0 0 56 0 0 0 26 0 0 33 31 32 0 30 0 0 9 13 0 0 0 16 15 
63 70 65 0 66 69 0 67 64 14 0 16 10 9 0 12 15 0 34 27 0 32 0 31 0 29 33 0 5 4 0 0 1 0 0 81 39 37 35 0 0 0 41 0 0 45 50 0 52 47 48 44 0 49 0 0 0 0 0 19 20 23 0 0 0 73 72 0 76 0 79 0 0 0 0 0 55 59 56 61 0 
0 0 0 0 0 0 81 80 77 0 21 29 23 22 24 0 0 0 0 40 0 0 39 0 43 0 0 15 0 17 0 0 14 16 0 13 0 0 48 55 51 0 0 0 49 58 0 0 65 60 61 57 0 62 0 38 35 0 31 0 0 36 0 6 0 5 0 0 8 9 11 7 0 70 0 71 0 0 69 0 0 
0 38 33 0 0 0 36 35 32 0 0 0 0 0 0 0 64 0 2 76 77 81 0 0 0 78 1 51 0 53 0 55 50 52 48 49 0 0 0 0 6 8 9 0 0 0 0 0 0 15 16 0 0 17 0 74 0 0 0 68 69 72 70 0 39 0 40 0 44 45 0 0 0 0 0 26 23 27 0 29 28 
13 20 15 0 0 0 0 0 0 45 39 47 41 40 0 0 46 44 0 58 59 63 0 62 61 0 0 0 36 35 38 37 32 0 0 31 70 68 0 73 0 0 72 74 67 76 81 0 0 78 79 0 0 80 48 0 0 55 49 0 0 0 0 24 21 0 0 0 0 27 0 0 3 0 0 0 5 9 6 0 0 
0 29 0 21 0 28 27 0 0 0 0 56 50 0 0 0 55 0 74 0 0 72 66 0 70 0 73 0 45 0 0 46 0 43 0 40 0 77 75 0 0 0 81 0 0 0 9 10 11 6 7 0 5 0 57 0 0 64 0 0 0 63 0 0 30 32 0 0 0 0 0 34 0 0 13 0 14 18 15 20 0 
49 56 0 0 52 55 54 53 50 81 0 2 0 0 0 79 0 80 0 13 0 18 0 17 0 0 0 69 72 71 74 0 0 70 0 0 25 23 21 0 0 26 27 29 0 0 36 37 38 0 34 30 0 0 0 11 0 10 0 0 0 0 0 0 57 0 0 64 0 0 65 61 0 0 0 0 0 45 0 47 0 
0 47 42 0 0 0 0 0 41 72 0 0 68 0 0 70 73 71 11 0 0 9 3 0 7 6 0 60 63 62 0 64 59 61 57 58 0 0 0 19 0 17 0 20 0 0 27 28 0 24 0 21 0 0 75 2 0 0 76 0 78 0 0 51 48 0 0 55 0 54 0 52 0 0 0 0 32 0 0 38 37 
67 0 69 66 0 73 72 71 0 18 0 20 0 0 0 0 0 0 38 31 32 0 0 35 0 0 37 0 9 0 11 0 5 0 0 4 0 41 0 0 42 0 0 0 40 0 0 55 0 0 0 48 0 53 21 0 26 0 0 23 24 27 0 0 0 0 76 0 0 81 0 0 57 0 0 62 59 63 60 65 64 
58 65 0 0 0 64 63 0 59 9 0 11 5 4 0 0 0 0 29 0 0 0 0 0 0 0 0 0 0 80 0 0 0 0 75 0 34 32 30 37 33 0 36 0 31 40 45 46 47 42 43 39 0 0 12 0 0 19 0 0 0 18 0 0 0 0 0 0 71 72 74 70 0 0 49 0 50 0 0 56 55 
4 0 6 0 7 0 0 8 0 36 0 38 0 0 33 0 0 35 56 49 0 0 0 0 52 0 55 24 27 26 0 28 0 0 21 22 0 59 0 0 0 62 0 65 0 67 72 73 0 69 0 66 0 71 0 0 44 46 40 41 0 45 0 0 0 14 0 0 17 18 0 16 75 79 76 80 77 0 78 0 1 
74 0 0 0 0 80 79 78 75 0 0 0 21 20 22 23 0 0 0 38 39 0 37 0 0 40 44 13 16 15 18 17 12 14 10 0 50 0 0 0 49 0 0 0 47 0 0 0 0 58 59 0 57 0 28 0 33 0 29 0 0 0 0 4 0 0 0 0 6 7 0 0 0 68 65 69 66 0 67 72 0 
56 0 0 0 0 0 0 60 57 7 1 0 0 2 4 0 8 6 27 20 0 25 19 24 23 22 26 0 79 78 81 80 0 77 0 0 0 30 0 0 0 33 0 0 0 0 0 0 0 0 41 0 39 0 0 0 15 0 0 12 13 16 0 67 0 66 65 0 0 70 0 68 0 0 47 51 0 0 49 0 53 
0 0 0 0 5 8 7 6 3 0 28 36 0 29 31 0 0 33 0 47 0 52 46 51 0 49 53 0 25 24 0 0 21 23 19 0 59 57 55 62 0 60 0 0 0 65 0 71 72 0 68 0 66 0 0 45 42 0 0 39 40 43 0 13 0 12 0 17 15 16 18 14 0 77 0 0 0 79 76 81 80 
29 0 31 28 32 0 34 33 30 61 55 0 0 56 0 0 62 60 81 74 0 79 0 0 0 0 0 0 0 51 54 0 0 0 46 47 0 0 0 8 4 6 7 0 2 11 0 0 18 0 0 0 0 0 0 72 69 0 65 0 67 0 68 40 0 0 38 0 0 43 0 41 0 0 20 0 21 0 0 27 0 
38 45 0 0 41 0 43 42 39 70 64 72 66 0 67 68 0 0 0 0 0 0 0 6 5 4 8 0 0 60 63 0 0 59 55 56 0 0 10 17 0 15 16 0 0 0 0 0 0 22 23 19 0 0 0 0 78 0 74 0 0 79 77 49 46 0 0 0 51 0 0 50 0 32 29 0 0 0 0 0 35 
0 27 22 0 0 26 25 0 0 0 0 54 48 0 0 50 0 0 72 0 0 70 0 69 0 0 0 0 43 0 45 44 0 41 0 38 0 75 0 80 0 0 0 81 74 0 0 0 9 4 0 0 3 0 55 63 0 62 0 57 0 61 0 31 0 30 0 0 33 0 36 32 0 0 0 0 0 16 13 18 17 
65 0 0 0 68 71 70 0 0 0 0 18 0 11 0 14 0 0 0 29 0 0 28 0 0 31 0 4 7 6 9 8 0 0 0 0 0 39 0 0 40 42 0 45 38 0 0 0 54 49 0 0 48 51 19 0 0 0 0 21 22 0 0 0 73 75 74 80 0 0 81 0 55 0 0 0 57 0 0 0 0 
11 0 0 10 14 17 16 0 12 43 37 0 0 0 40 41 44 42 0 56 0 0 0 60 59 0 0 0 0 33 0 0 0 0 28 0 68 0 0 0 67 0 70 0 65 0 79 80 81 76 77 0 0 0 46 54 51 0 47 0 0 52 50 22 0 21 20 26 24 0 27 23 0 0 0 6 3 7 4 9 8 
47 54 49 0 0 0 52 0 48 79 73 81 75 0 76 77 80 78 0 0 0 16 0 15 14 13 17 0 0 0 0 0 66 68 0 0 0 21 0 0 22 0 25 27 20 29 0 0 36 0 32 0 0 33 1 9 0 8 0 0 4 7 0 0 55 0 56 0 0 0 0 0 37 0 0 42 0 43 40 0 0 
61 68 63 60 0 0 66 65 0 0 6 14 8 7 0 0 0 0 0 25 26 0 24 0 28 0 31 81 0 2 0 4 0 0 0 0 0 0 0 0 0 38 39 41 34 43 48 0 0 45 0 0 0 47 15 23 20 0 0 0 18 0 19 72 0 0 0 76 74 75 0 73 0 0 52 0 53 57 54 59 0 
0 59 54 51 55 58 57 0 53 0 78 0 80 0 0 0 0 2 23 0 0 21 0 0 0 0 0 0 75 0 0 76 0 0 69 70 0 26 24 31 27 0 0 0 25 0 39 40 0 0 37 0 0 38 0 0 11 13 0 8 0 0 0 0 60 0 61 0 0 66 0 0 0 46 43 0 44 48 45 0 49 
79 5 0 0 1 0 3 0 0 30 24 0 26 0 0 28 0 29 0 43 0 48 42 0 0 0 0 18 21 0 0 0 17 19 0 16 55 0 51 58 0 56 57 59 52 61 0 67 68 63 0 60 62 65 0 0 38 40 34 0 36 39 0 9 0 0 7 0 11 0 14 0 69 73 70 0 0 0 72 77 0 
70 77 72 0 0 0 75 0 71 21 15 23 0 0 18 19 22 0 41 0 0 0 0 38 37 0 0 9 12 11 0 0 8 0 6 7 46 44 42 0 0 0 48 50 43 52 57 58 0 54 0 51 0 0 24 0 29 31 0 0 0 0 0 0 78 80 79 4 2 0 0 0 60 0 0 0 0 0 63 68 0 
0 0 0 24 0 31 0 0 26 57 0 59 53 0 54 0 0 0 0 0 71 75 0 74 0 72 76 0 0 0 0 49 0 0 42 43 1 80 78 0 81 0 0 0 0 7 12 0 0 9 0 6 0 11 60 68 65 67 61 0 63 0 64 36 33 35 0 40 0 39 41 37 0 19 16 0 0 0 18 23 0 
0 14 9 6 10 0 12 0 0 39 33 41 35 34 0 0 40 0 59 0 53 57 0 56 55 0 0 0 0 29 32 0 26 28 0 25 0 0 60 0 63 65 0 68 61 0 75 76 0 0 0 69 0 74 42 0 0 49 0 44 45 0 46 18 0 17 0 22 20 0 23 0 78 0 79 2 0 3 0 5 4 
34 41 0 33 37 40 39 0 0 0 0 68 0 0 0 0 0 65 5 79 80 3 0 2 0 81 4 54 0 56 0 0 53 0 0 0 0 8 0 13 9 0 12 0 0 16 0 22 0 18 19 0 0 0 69 0 0 0 70 71 72 0 0 45 42 0 43 0 0 48 0 0 0 28 25 0 0 30 0 32 0 
16 23 0 15 0 22 21 0 17 0 42 50 0 0 45 0 49 0 0 61 62 66 60 0 0 0 67 36 39 0 0 0 0 0 33 34 0 0 69 76 72 0 75 0 0 79 0 0 0 0 0 78 80 2 0 0 56 58 0 53 0 0 55 27 0 0 25 0 0 0 32 28 6 0 0 0 8 12 9 0 13 
0 0 45 0 46 0 0 0 0 0 0 0 0 0 0 73 0 0 14 7 8 12 6 0 10 9 0 0 0 65 68 0 62 64 0 0 19 0 0 22 0 0 21 0 0 0 0 31 32 27 0 0 26 0 0 0 0 0 0 0 81 3 1 54 51 0 0 58 56 0 0 0 0 37 34 38 0 0 0 41 40 
53 0 55 52 56 0 58 57 54 0 0 6 0 0 1 0 0 0 24 0 0 0 16 0 20 19 23 73 0 0 78 77 72 0 70 71 29 27 0 0 0 30 0 33 26 0 40 41 0 37 0 34 0 0 7 15 12 0 0 9 10 13 11 0 61 63 0 0 66 67 0 65 43 0 44 48 0 0 46 0 0 
35 42 37 0 38 41 40 39 36 0 61 0 63 0 64 65 0 66 0 0 0 4 0 0 2 1 5 0 0 57 60 59 54 56 0 53 11 0 7 14 0 0 13 15 0 17 0 0 0 0 20 0 18 21 0 78 75 77 71 0 0 76 0 46 0 45 44 50 48 49 0 47 0 29 0 30 0 0 28 33 32 
44 51 0 43 47 0 49 48 0 0 70 0 0 0 73 0 77 75 15 0 9 13 0 12 11 0 14 64 0 66 0 0 63 0 61 0 20 18 0 23 0 21 22 24 0 26 0 32 33 0 29 0 0 0 79 0 0 0 0 0 0 4 2 0 52 54 0 59 57 58 60 56 34 0 0 0 36 40 0 0 0 
0 78 0 70 0 0 0 0 72 22 0 24 18 17 19 20 0 21 0 0 36 40 0 0 38 37 0 10 0 12 0 0 0 0 7 0 0 0 0 50 0 0 0 51 0 53 58 0 0 55 56 52 54 0 0 0 30 32 0 27 0 31 0 0 79 0 0 5 3 4 0 2 0 0 62 66 63 0 0 0 68 
26 0 0 0 0 0 31 30 27 0 52 60 54 53 0 0 0 57 78 0 0 0 0 0 0 0 0 46 0 48 51 0 0 47 0 44 2 0 79 5 1 0 4 0 80 0 0 0 15 10 0 7 9 0 0 0 66 68 62 0 64 0 0 0 0 0 35 0 39 0 0 0 16 0 17 21 0 22 19 0 23 
0 0 0 61 0 68 0 0 0 13 7 0 0 8 0 0 14 0 33 0 0 31 25 30 0 28 32 1 0 3 6 5 81 0 0 80 0 0 34 41 37 0 40 42 0 44 49 50 51 0 47 43 45 48 0 24 0 0 17 0 19 0 20 0 70 72 71 77 0 0 78 74 0 56 53 57 54 0 0 60 0 
8 15 0 0 11 0 13 0 0 0 34 42 36 35 0 38 0 39 60 0 54 58 52 0 56 0 0 28 31 30 33 32 27 0 0 26 65 0 61 68 0 66 67 0 0 0 0 77 0 73 0 70 0 0 43 51 48 0 44 0 46 49 0 0 0 0 0 23 21 0 0 20 0 0 80 3 0 0 0 6 5 
80 0 0 0 2 0 4 0 81 31 0 0 27 0 28 0 0 0 51 44 0 0 43 0 0 0 0 19 22 0 24 23 18 0 0 0 56 54 0 59 0 57 0 0 53 0 0 0 0 64 0 61 0 66 34 0 0 41 35 0 0 40 0 0 0 0 0 14 12 0 0 0 70 74 71 75 72 0 73 78 0 
17 0 19 0 20 0 22 0 0 49 43 0 45 0 46 0 50 0 0 62 63 0 0 0 0 64 0 0 0 39 42 41 0 38 34 35 0 0 0 77 0 0 0 78 71 80 4 0 0 1 0 79 81 3 0 0 0 59 0 54 0 0 0 28 0 27 26 0 30 0 0 0 0 0 8 0 0 13 10 15 0 
0 0 16 13 17 20 19 0 0 0 40 48 42 41 0 44 0 45 0 59 60 64 58 0 0 0 0 34 37 0 0 38 33 35 31 0 0 0 0 74 70 0 73 0 0 0 0 0 3 79 0 76 0 0 49 57 54 0 0 0 52 0 0 0 22 0 23 29 27 0 30 0 4 0 5 0 0 0 7 12 11 
0 0 43 40 44 0 0 0 42 73 67 75 0 68 70 71 74 72 0 5 0 0 0 0 0 0 11 0 0 0 0 0 60 0 58 59 0 0 13 20 16 0 0 21 0 0 28 29 30 0 0 22 24 27 76 0 81 2 0 78 0 1 0 52 49 51 0 56 0 0 57 0 0 0 32 36 33 0 34 39 38 
32 39 0 0 0 38 0 0 0 0 58 66 0 59 61 0 65 63 3 0 78 0 76 0 80 0 2 0 0 54 0 0 0 0 0 0 0 6 4 0 7 0 10 0 5 14 19 0 21 16 0 0 15 18 67 0 72 74 0 0 0 0 0 43 0 42 41 47 0 46 0 0 22 26 23 27 0 28 25 30 29 
0 0 70 67 0 0 0 72 0 19 13 21 15 0 16 0 20 18 39 32 0 0 31 0 0 34 38 7 0 9 0 11 6 0 0 0 44 42 0 0 43 0 0 48 41 0 0 0 57 0 0 0 51 0 22 0 27 0 0 0 25 28 26 0 0 0 77 0 0 1 3 80 0 62 59 63 0 0 0 0 0 
59 66 61 0 62 65 64 63 60 0 0 0 0 5 7 8 11 0 30 0 0 28 22 27 0 25 29 79 0 0 3 0 0 0 0 77 35 33 31 38 0 36 0 0 0 41 0 0 0 43 0 0 42 45 13 21 18 0 14 15 16 0 17 70 67 0 0 74 72 73 0 0 49 0 0 0 0 55 52 57 0 
77 0 79 0 0 2 1 0 78 0 0 30 24 0 0 0 0 0 48 0 42 46 40 45 0 43 0 16 19 18 0 20 15 0 0 14 53 0 49 56 0 54 55 0 0 59 0 0 0 61 0 0 60 0 0 0 36 38 0 33 34 37 0 7 0 0 5 11 0 10 0 8 0 71 0 0 0 0 0 75 0 
0 0 25 0 0 29 28 0 0 0 49 0 51 0 52 0 0 0 0 0 69 73 0 0 0 70 74 0 46 45 0 47 42 44 40 41 80 78 76 2 79 81 0 3 77 0 0 0 0 7 0 0 0 9 0 0 63 0 59 60 61 0 62 34 31 0 32 0 0 37 39 35 0 0 14 18 15 0 0 21 0 
0 57 52 49 0 56 0 0 0 0 76 0 0 0 0 80 2 0 21 14 15 19 13 0 0 0 20 0 73 72 75 74 69 0 67 68 0 24 0 0 25 0 0 0 23 0 37 38 39 34 35 31 0 0 4 12 9 11 5 6 0 10 0 0 0 0 59 65 63 64 0 62 40 0 0 45 0 0 43 0 0 
5 0 0 0 0 11 0 0 0 37 31 0 0 32 34 35 0 36 0 50 51 0 49 54 0 0 0 25 28 27 30 0 24 0 22 23 0 0 58 65 0 63 64 0 0 0 73 74 0 0 0 0 0 0 40 48 0 47 41 0 0 46 0 0 13 15 0 20 0 19 0 0 76 80 77 0 78 1 79 3 2 
66 0 0 65 69 72 71 70 0 0 11 19 13 0 0 15 18 0 0 30 0 35 29 34 0 0 0 5 8 7 0 0 0 6 0 0 0 0 0 0 41 43 44 46 39 0 53 54 0 50 0 0 0 0 0 0 25 0 21 0 23 0 24 0 74 76 75 81 0 80 0 0 56 0 0 61 0 0 0 64 0 
75 1 77 74 78 0 80 0 76 0 0 28 22 0 0 24 27 0 0 39 0 0 38 43 0 0 45 14 0 0 0 18 13 0 0 12 51 49 0 54 0 0 53 55 0 0 62 0 64 59 60 56 0 61 29 37 0 0 30 0 32 35 33 5 2 0 0 9 7 8 10 0 0 0 0 0 67 0 0 0 0 
0 0 0 0 0 0 8 0 4 0 29 0 31 0 32 0 0 0 0 0 49 0 47 52 51 50 0 0 26 0 0 27 22 24 20 21 0 0 56 0 0 0 62 0 0 66 71 72 73 68 0 65 0 70 0 46 43 0 39 40 0 44 42 14 0 0 0 0 16 17 19 15 0 78 75 79 76 0 0 1 0 
48 55 0 0 51 0 0 52 49 0 0 1 76 75 0 78 81 79 0 0 0 17 11 16 0 14 18 68 71 70 73 0 0 69 0 0 24 22 20 0 0 25 26 28 0 30 0 0 37 0 0 0 0 0 0 10 7 9 3 0 0 0 0 59 0 0 0 0 61 0 0 60 0 0 39 0 0 44 41 46 0 
0 0 0 11 0 0 17 0 0 44 0 46 0 0 41 0 0 43 0 0 58 62 0 61 0 0 0 32 35 0 37 36 31 33 29 0 0 0 65 0 0 70 71 0 66 0 0 0 1 0 78 0 76 0 47 55 52 54 0 0 50 0 0 23 20 0 0 27 25 0 0 0 0 0 0 0 4 0 5 10 0 
21 28 0 0 0 0 0 25 22 0 0 55 49 48 0 51 54 0 0 66 67 71 0 70 69 68 72 0 44 43 0 0 40 0 38 0 78 0 74 0 77 0 0 1 0 0 0 0 0 5 0 0 4 7 56 64 61 63 57 0 0 0 0 0 29 0 0 0 34 0 0 33 11 15 0 16 13 17 14 0 18 
39 46 41 0 0 0 0 43 0 0 0 0 67 66 0 69 0 70 0 0 0 8 0 0 6 5 9 0 62 0 64 63 0 60 56 0 0 13 0 18 0 16 0 0 0 0 0 0 28 0 24 0 22 0 74 0 0 81 75 76 77 0 0 50 47 0 48 54 0 53 55 51 29 33 0 34 0 35 0 37 0 
57 0 59 56 0 0 0 61 0 0 2 0 0 3 0 6 9 7 28 0 0 26 20 0 0 0 27 0 80 0 0 0 76 78 0 75 0 0 29 0 32 0 35 37 0 39 44 45 46 41 42 0 0 43 11 19 0 18 12 13 14 17 15 68 0 67 0 0 0 71 73 0 47 0 48 52 0 0 0 55 0 
0 0 0 29 0 0 35 0 31 62 0 0 58 57 59 0 0 61 0 0 0 0 0 79 78 77 0 0 53 0 0 54 49 51 47 48 6 0 0 9 5 7 0 0 0 12 17 18 0 14 15 0 13 0 65 0 70 72 0 0 0 71 0 0 38 40 39 45 43 44 0 0 0 24 0 25 22 0 23 0 0 
