9
24 31 25 28 0 32 0 0 0 0 56 0 53 0 51 55 58 0 44 43 0 49 0 48 0 50 0 65 0 60 62 63 0 0 0 68 7 10 0 12 0 9 0 8 0 0 0 77 0 75 70 69 73 0 16 23 19 0 21 0 0 18 0 0 0 0 0 0 0 39 0 36 3 79 5 0 4 0 1 0 0 
0 0 0 0 63 68 66 0 0 0 11 0 0 7 6 10 13 9 0 0 0 0 81 3 1 5 2 0 0 0 0 0 22 19 16 23 0 46 0 0 50 45 0 44 49 31 0 32 0 30 25 0 28 26 0 59 0 0 0 51 0 54 58 69 76 70 73 0 77 0 0 72 0 0 0 38 40 36 0 35 33 
0 40 0 0 0 0 0 0 35 66 0 68 0 0 0 0 0 0 0 52 51 58 0 57 0 59 56 74 75 69 0 0 76 73 70 0 16 19 20 0 0 18 0 0 0 4 0 5 2 0 0 0 1 80 0 32 0 26 0 24 29 0 31 42 0 0 46 47 50 0 0 45 12 0 14 11 13 0 0 0 0 
42 49 43 46 45 0 0 47 0 75 0 77 71 70 0 73 76 0 62 0 0 67 63 66 0 0 65 0 3 78 80 0 4 1 0 0 25 28 29 30 32 0 24 26 31 0 9 14 0 0 0 6 10 8 0 41 0 35 0 0 38 0 40 0 0 0 0 56 0 0 0 54 21 16 23 20 0 18 0 0 0 
0 0 16 19 0 0 21 0 0 48 47 50 44 0 42 0 0 0 0 0 33 0 36 39 0 0 0 56 57 51 53 0 0 55 52 0 79 1 2 3 5 81 78 0 4 67 63 0 0 0 0 0 0 0 0 14 10 0 12 0 0 0 13 24 31 25 28 0 0 0 0 27 0 0 77 0 76 0 73 0 0 
0 0 7 10 0 14 0 0 0 0 38 0 35 34 0 37 0 0 26 25 0 31 27 0 28 0 29 47 0 42 44 45 0 46 0 50 0 0 0 75 0 72 69 71 76 0 0 59 0 57 0 0 0 53 0 0 0 80 0 78 2 81 0 0 0 0 0 20 0 0 17 18 66 0 0 65 0 0 64 62 60 
69 0 0 0 72 0 0 0 71 0 0 0 17 16 0 19 22 18 0 0 6 13 0 12 10 0 11 0 0 0 0 0 31 28 0 0 52 55 0 0 0 0 0 0 0 0 0 41 38 39 34 0 0 35 0 68 64 62 66 60 0 0 0 0 0 0 1 2 5 3 80 0 0 0 0 0 0 0 46 0 0 
0 58 52 0 54 0 0 56 53 3 2 0 0 0 78 1 4 81 0 70 0 0 0 75 73 0 74 11 12 6 8 0 13 0 0 14 34 37 0 39 0 0 33 35 40 22 18 0 0 21 16 0 19 0 0 0 46 0 0 42 47 0 0 60 0 0 64 65 68 0 0 0 30 0 0 0 31 27 28 0 0 
0 4 0 1 81 0 0 2 80 0 0 32 0 25 24 28 0 0 0 0 0 22 0 21 0 0 20 0 39 0 0 0 0 0 34 0 61 0 65 0 68 0 0 62 67 49 0 0 47 48 43 0 46 44 0 77 0 71 75 0 0 72 0 6 13 0 10 0 0 0 0 0 57 52 0 56 0 0 55 53 0 
64 71 0 68 67 72 70 69 66 16 0 18 0 11 10 0 17 0 0 0 1 8 0 7 0 9 6 0 0 0 0 22 26 23 20 27 0 50 51 52 54 0 46 48 53 0 0 0 0 34 0 28 32 30 56 0 0 57 61 55 0 58 0 0 0 74 0 78 81 79 0 76 0 38 45 42 44 0 41 39 0 
0 0 0 14 13 0 16 0 0 43 42 0 39 38 37 0 44 40 30 29 0 35 31 34 32 0 33 0 0 0 0 0 53 50 0 54 0 77 0 79 0 76 0 75 0 62 0 63 0 61 56 55 0 0 0 9 5 0 0 1 6 4 0 0 26 0 0 24 27 0 21 0 0 0 0 0 71 67 0 0 0 
28 35 0 32 31 0 34 33 30 0 0 0 0 0 0 59 62 0 0 0 0 0 0 0 50 54 51 0 0 0 0 0 71 0 0 0 0 14 0 0 0 0 0 12 0 0 0 81 0 79 74 73 0 0 20 0 0 0 0 0 24 22 0 0 0 38 0 0 0 43 0 0 0 2 9 0 8 4 5 0 1 
1 8 0 5 0 9 7 0 3 0 33 36 30 29 28 0 35 0 0 0 0 0 0 0 23 0 0 0 0 0 0 0 44 41 0 45 65 0 69 0 0 67 64 66 71 53 49 0 51 52 0 0 50 0 74 81 0 75 79 0 0 0 0 10 17 0 0 0 0 16 0 13 61 56 63 60 62 58 0 57 55 
0 26 20 23 0 27 0 0 0 0 0 0 0 47 46 50 53 49 39 0 0 44 40 0 41 0 0 0 0 55 57 0 62 0 0 0 0 0 6 0 0 4 1 0 8 0 0 72 0 70 0 0 0 0 11 18 14 12 0 0 0 0 0 28 0 0 0 0 0 34 30 31 0 74 0 78 80 76 0 0 73 
0 80 0 77 76 0 79 0 75 25 24 27 21 0 19 23 0 0 0 0 0 0 0 0 0 18 0 33 34 28 0 0 35 32 29 36 0 0 0 61 63 0 0 0 62 44 40 45 42 0 0 37 0 39 0 0 0 66 0 0 69 0 0 1 8 2 0 6 0 7 3 4 0 0 0 0 0 0 50 48 46 
46 0 47 50 0 54 52 0 0 0 0 81 0 74 0 77 80 0 0 0 0 0 0 0 0 72 69 6 7 1 0 4 0 5 0 0 29 0 0 34 36 0 0 0 35 17 13 18 0 16 11 0 14 0 0 0 0 39 43 0 0 0 0 55 62 0 0 60 63 61 0 0 25 0 27 0 0 0 23 21 19 
0 62 56 59 58 0 61 60 0 0 0 9 3 0 0 5 8 0 0 0 0 0 0 79 77 0 78 15 0 10 12 0 0 14 0 0 0 41 42 43 0 0 37 39 0 26 0 27 0 0 20 19 0 0 47 54 50 48 52 46 51 49 53 0 0 0 0 69 0 0 0 0 0 29 36 33 35 0 0 30 0 
37 44 0 41 0 45 0 0 39 0 0 0 66 0 64 68 71 67 57 56 0 0 58 0 59 0 60 0 79 0 0 76 0 0 74 81 20 0 0 0 0 0 19 0 26 0 0 0 6 7 2 0 0 0 29 36 32 30 0 28 0 0 0 46 53 47 50 0 54 52 48 49 0 0 0 15 17 13 14 0 10 
0 32 26 0 0 33 0 30 27 58 0 60 0 0 52 56 0 55 0 44 43 50 46 49 0 0 48 66 67 61 63 0 0 65 0 0 8 0 0 13 0 0 0 0 0 77 0 78 75 76 71 0 0 0 17 0 20 0 22 16 21 19 23 0 41 0 0 0 0 0 0 0 4 80 6 0 5 1 0 0 79 
7 14 0 0 10 0 13 0 0 40 0 0 0 0 0 38 41 0 0 26 25 0 28 31 29 0 30 0 0 43 45 0 50 0 0 51 71 0 75 76 78 73 70 0 0 59 0 60 0 0 53 0 0 54 80 0 0 0 4 0 3 0 5 16 23 0 20 0 24 22 0 19 0 0 69 66 0 0 0 63 61 
0 41 0 0 0 42 40 0 36 67 66 0 0 0 61 65 68 0 0 0 52 0 0 0 0 60 57 0 76 70 72 0 77 74 71 78 0 0 0 22 0 0 16 0 23 0 0 0 0 4 80 79 0 0 26 33 29 0 0 25 0 0 0 43 50 0 47 48 51 49 45 0 0 0 0 12 14 10 0 0 0 
0 0 0 20 0 24 0 0 18 49 0 0 0 0 43 0 0 0 36 0 0 41 37 40 38 42 39 0 58 52 54 55 0 56 0 60 0 2 3 4 6 1 0 81 5 0 64 69 66 0 0 61 0 63 8 0 0 0 13 0 0 0 14 25 0 26 0 0 33 31 0 28 0 71 78 0 77 0 74 72 0 
0 77 71 74 0 78 0 0 72 22 21 0 0 17 16 0 0 0 0 0 7 14 0 13 11 0 0 0 0 25 0 0 0 29 26 0 0 56 57 0 0 55 0 54 0 41 0 0 39 40 35 0 0 0 62 69 65 63 0 61 0 0 68 0 5 0 2 0 0 4 0 0 0 44 0 48 50 46 0 45 43 
61 68 0 65 0 69 0 0 63 0 0 0 9 0 0 11 0 0 0 80 0 0 0 4 0 0 0 21 0 0 18 19 0 20 17 24 0 0 48 0 0 0 0 0 0 32 0 33 0 0 26 0 0 27 53 60 56 54 58 52 0 0 0 0 77 71 74 75 0 0 0 0 40 0 0 39 41 0 0 36 0 
52 0 0 0 0 0 58 0 54 4 3 0 0 0 0 0 5 1 72 0 0 77 73 76 74 78 75 12 13 7 9 10 0 0 8 15 35 0 0 40 42 37 34 0 0 23 0 24 21 0 17 16 0 18 0 0 0 45 49 43 0 0 50 61 68 0 65 0 69 0 0 0 0 26 0 30 32 28 0 27 25 
0 50 0 0 0 51 49 48 45 76 75 78 0 71 0 0 0 0 0 0 61 0 0 67 65 0 66 3 0 0 81 1 0 2 80 0 26 0 30 0 33 28 25 0 32 0 10 0 0 13 0 0 0 9 35 0 0 36 0 0 0 37 0 52 59 0 0 0 0 58 0 0 0 17 24 21 0 19 20 0 16 
0 5 0 0 1 0 4 0 81 31 0 0 27 0 25 29 0 0 0 0 0 23 19 22 0 0 21 0 40 0 0 37 41 38 35 42 62 0 66 0 0 0 0 0 68 0 0 51 48 0 44 0 0 0 71 78 0 72 0 70 0 73 0 7 0 8 11 12 0 13 0 0 0 0 60 0 59 55 56 54 52 
0 75 0 72 0 0 0 0 70 0 19 22 0 15 14 0 21 0 7 6 0 0 0 0 9 0 10 0 29 0 0 26 30 0 24 0 51 54 0 56 0 53 50 0 57 0 35 0 37 0 0 32 36 0 60 0 63 61 0 59 64 0 66 0 0 78 0 1 0 2 79 80 0 42 49 0 0 44 0 0 0 
0 3 78 81 0 0 0 1 79 0 28 31 0 24 23 0 30 26 16 0 14 0 17 0 0 0 0 37 38 0 0 0 39 36 33 0 0 0 64 65 0 0 59 0 0 48 44 0 0 47 42 41 0 0 0 76 72 0 0 68 0 0 75 0 12 0 0 0 13 11 7 0 0 0 58 55 57 53 0 52 0 
0 0 24 0 0 0 0 0 25 56 55 0 52 0 50 0 57 53 0 42 41 0 0 0 45 0 0 0 65 0 0 0 0 0 60 67 6 0 10 0 13 0 0 0 12 75 0 76 73 74 69 0 72 70 15 22 0 16 0 0 19 0 21 32 39 0 0 0 40 38 34 35 0 0 4 1 3 80 81 0 77 
59 0 0 63 62 67 65 64 61 0 10 0 7 6 0 9 12 0 0 78 0 3 80 2 0 0 1 0 0 0 0 0 21 18 15 0 42 45 0 0 49 0 41 0 0 0 26 31 0 0 24 0 0 25 51 58 54 0 56 0 55 53 57 0 0 69 72 73 0 0 0 0 0 0 40 37 0 0 0 34 0 
0 0 0 18 0 22 20 19 0 0 0 0 0 42 41 45 48 0 34 0 0 39 0 38 0 40 0 55 56 0 52 53 0 0 51 0 78 0 0 2 4 80 0 0 0 66 0 0 64 0 60 0 63 0 0 0 0 0 11 5 0 8 0 23 30 0 27 28 0 29 25 0 0 0 76 0 0 71 72 70 68 
50 57 0 54 0 58 0 0 52 2 1 4 79 78 77 0 3 0 70 69 0 0 71 0 72 76 73 10 11 5 0 0 12 0 0 13 33 36 37 0 0 35 0 34 39 21 17 22 19 20 0 0 18 16 42 49 45 43 0 0 46 0 48 0 66 60 0 0 67 0 61 0 29 0 31 28 30 0 27 0 23 
5 12 6 0 8 0 11 0 7 38 0 40 34 0 32 36 0 35 0 24 23 0 26 29 27 0 0 0 47 0 0 44 48 45 0 49 0 72 0 74 76 0 0 70 0 57 53 58 0 0 51 50 54 0 0 4 81 0 0 77 1 80 3 0 21 0 18 0 22 20 0 0 65 0 0 0 0 0 0 61 59 
32 39 33 36 35 0 38 37 0 0 64 0 61 0 0 0 0 62 0 0 50 57 53 56 0 0 0 73 74 0 0 71 75 72 0 0 15 18 0 0 0 0 14 16 21 0 80 0 1 0 0 77 81 0 24 31 27 0 0 0 28 26 0 41 0 42 45 0 49 0 43 0 11 6 0 10 0 8 0 7 0 
0 48 42 45 0 49 0 46 43 0 0 76 0 0 0 0 75 0 0 0 0 0 0 65 0 0 0 1 0 77 79 80 3 81 0 4 24 27 28 29 0 26 0 25 30 12 0 0 10 11 6 0 9 7 0 40 36 34 38 0 0 0 39 50 0 0 0 55 0 56 0 53 0 0 22 19 0 17 18 16 0 
45 0 0 49 0 53 0 0 47 78 77 80 0 0 0 0 79 0 0 0 0 0 66 69 0 71 68 0 6 81 0 0 7 0 0 0 28 31 0 0 35 0 27 29 0 0 12 0 14 0 0 0 13 11 0 0 0 0 42 0 41 0 43 54 61 0 0 59 62 0 0 0 0 19 0 0 25 21 22 0 0 
54 61 55 58 0 0 60 0 56 6 0 8 0 0 81 0 0 0 0 73 0 0 0 78 76 0 0 14 0 0 11 0 16 0 0 0 0 0 0 0 44 39 36 38 0 0 21 26 0 24 19 0 0 0 0 0 0 47 51 0 50 0 52 0 0 0 0 68 71 69 0 0 33 28 0 32 0 30 31 29 0 
72 0 73 76 0 80 78 0 74 24 23 26 20 0 18 22 25 21 0 10 9 0 12 0 13 17 14 0 0 0 0 30 0 0 28 35 55 58 0 60 0 0 54 0 61 0 0 44 0 42 37 0 0 0 0 71 67 0 69 0 0 0 0 81 7 1 4 0 8 0 2 3 0 0 53 50 0 0 49 0 45 
0 16 10 13 0 17 0 0 11 42 41 44 38 37 0 40 0 39 29 0 0 0 30 33 0 35 0 50 0 0 47 0 52 0 46 0 0 76 0 0 0 0 72 74 0 0 0 62 0 0 55 54 58 56 1 0 4 0 0 0 5 0 7 18 25 19 22 0 26 24 20 0 0 0 0 68 0 66 67 0 63 
0 0 0 31 0 35 0 32 29 60 0 0 0 0 0 58 0 0 0 46 45 0 0 51 0 0 50 0 69 0 65 66 0 67 64 71 0 0 14 15 17 0 9 0 0 0 75 0 77 0 0 0 0 74 19 0 22 20 24 0 0 0 25 36 0 37 0 0 44 42 38 39 6 0 0 5 0 0 4 0 81 
0 0 0 40 0 0 42 41 0 0 0 71 65 64 0 67 70 0 56 0 54 0 0 0 58 62 0 77 78 72 74 0 79 0 0 0 0 0 23 24 26 0 18 0 25 7 3 0 0 0 0 0 4 0 28 0 0 0 33 27 0 30 34 0 52 0 0 50 53 51 47 0 15 0 0 14 0 12 0 11 0 
18 25 0 0 0 0 24 23 0 0 0 0 0 46 0 0 52 48 0 37 0 43 0 42 0 44 41 0 0 54 56 57 0 0 0 0 1 4 5 6 8 3 0 2 0 70 0 0 68 69 0 0 0 65 0 0 0 11 15 9 14 12 0 0 34 0 31 32 0 33 29 30 0 0 0 0 79 0 0 74 72 
0 0 1 4 3 0 6 0 0 33 0 0 29 28 27 0 34 0 20 19 18 25 0 0 22 0 23 41 42 36 38 39 43 40 37 44 0 67 68 0 0 66 63 65 0 52 0 0 50 51 0 45 0 0 73 80 76 74 0 72 0 75 79 9 16 0 0 14 0 0 0 12 60 0 0 59 61 57 58 0 54 
0 0 0 67 66 0 0 0 65 0 14 0 11 10 9 0 16 12 2 1 81 7 0 0 0 0 0 0 0 18 0 0 0 0 19 26 0 0 50 0 53 48 45 0 0 34 0 0 32 0 0 27 0 29 55 62 58 56 0 54 0 57 0 72 79 73 0 0 0 0 0 0 42 0 0 41 43 0 0 38 36 
3 0 4 7 6 0 0 0 5 0 35 38 0 31 0 34 0 33 23 22 0 0 24 27 0 0 26 44 45 39 0 0 0 43 40 47 67 70 0 72 0 0 0 0 73 55 0 0 53 54 0 48 0 50 76 2 79 0 0 0 80 0 0 0 19 13 0 17 0 18 0 0 0 0 0 0 64 60 61 0 0 
0 37 31 34 0 38 36 35 32 0 0 65 59 0 0 61 0 60 0 0 48 55 0 0 52 56 53 71 0 0 68 69 0 0 0 0 0 0 0 18 20 15 12 14 19 0 0 2 0 0 76 0 79 77 0 0 0 23 27 21 26 24 28 0 46 40 43 44 0 45 0 42 9 0 11 0 0 6 0 0 3 
0 0 40 43 42 0 45 44 41 72 0 0 0 67 0 0 0 69 59 0 0 0 0 0 0 0 62 80 81 75 77 78 0 79 0 0 0 0 0 0 0 0 0 23 0 0 0 0 8 9 4 3 0 0 0 0 34 0 0 0 35 33 37 0 55 49 52 53 56 54 0 51 18 0 0 0 19 15 16 0 12 
0 0 0 61 60 65 63 0 0 0 8 0 5 4 3 7 0 0 77 76 75 0 78 0 0 0 0 0 0 0 0 15 19 16 13 20 40 43 0 0 47 42 39 41 0 0 0 29 26 0 22 0 25 0 0 0 0 50 0 0 53 51 0 66 73 67 0 71 74 0 0 69 0 31 38 0 37 33 34 0 30 
0 0 76 0 0 2 0 80 77 27 0 0 23 0 21 0 0 24 0 13 12 0 0 18 0 0 17 35 36 30 0 33 37 34 31 38 58 0 62 63 0 60 0 0 64 0 0 47 0 45 40 0 43 0 0 74 0 0 72 0 0 0 73 0 0 0 0 0 0 0 0 6 0 49 0 0 55 51 52 0 48 
0 73 67 70 0 74 0 0 0 0 0 20 14 13 0 0 0 0 0 0 3 0 6 9 7 11 0 0 0 21 23 0 28 25 22 0 49 52 0 0 56 51 0 0 55 37 33 38 35 0 31 0 34 0 58 65 0 0 63 57 0 0 64 75 1 0 79 80 0 0 77 0 45 40 47 44 0 0 43 41 0 
48 0 0 52 51 0 0 53 50 81 0 2 77 0 75 79 1 78 0 0 0 73 0 72 0 0 71 0 0 3 5 6 10 0 4 0 0 0 35 0 38 0 30 0 0 0 0 20 17 18 13 12 16 14 40 0 0 41 45 0 0 42 46 0 0 0 0 0 0 0 59 60 0 22 0 26 28 24 25 0 0 
12 0 0 16 0 0 18 0 14 45 44 0 0 40 0 43 46 0 0 0 0 37 33 0 34 0 35 0 0 48 50 0 55 52 0 56 0 0 0 0 0 78 75 0 0 64 0 0 62 63 0 0 0 59 0 0 0 5 0 0 8 6 10 21 28 0 0 26 0 27 0 24 0 67 74 71 73 0 0 0 66 
0 0 0 0 0 29 27 0 0 0 53 0 50 49 0 52 55 51 41 0 39 0 42 45 0 0 0 62 0 57 59 0 64 61 58 65 4 7 8 9 0 0 0 5 10 0 69 74 0 72 0 0 70 0 13 0 0 14 0 12 0 0 19 0 37 0 0 0 38 0 0 33 0 76 2 80 0 78 0 77 0 
44 0 45 0 47 52 0 49 0 0 0 0 73 0 0 75 78 0 64 63 0 69 65 0 0 70 0 0 0 0 1 2 0 3 81 0 0 30 31 32 0 29 26 0 33 0 11 0 13 14 0 8 12 10 0 0 39 37 0 0 0 38 42 0 0 0 0 0 0 0 0 56 23 18 25 22 0 20 21 0 17 
0 0 0 0 0 0 14 13 10 0 0 43 37 36 0 0 0 38 0 27 0 0 29 0 0 0 0 0 0 44 0 0 0 0 45 0 72 0 0 77 79 0 71 0 0 0 56 0 58 59 54 0 57 0 81 0 0 1 0 80 0 2 6 17 24 18 21 22 25 23 19 0 0 0 70 67 69 65 66 0 62 
35 42 36 0 0 43 0 0 37 68 67 0 64 63 62 66 69 0 0 0 53 0 56 0 57 0 0 0 0 71 0 74 0 0 0 79 18 0 22 0 0 20 17 0 0 6 0 0 0 5 0 0 3 1 0 34 0 0 0 26 31 29 0 0 51 45 48 0 0 0 0 47 14 9 0 0 15 11 12 0 8 
0 0 54 0 56 0 0 0 55 0 0 0 1 81 80 0 6 2 0 72 71 78 74 0 0 0 0 0 14 0 10 11 0 12 0 16 36 0 0 41 0 0 0 0 42 0 0 0 0 0 0 0 0 19 45 52 48 0 0 0 49 0 0 0 69 0 66 0 70 68 0 65 0 27 0 31 33 29 30 0 26 
0 0 0 0 0 0 23 0 0 0 0 52 46 0 0 48 51 0 0 36 0 0 0 0 39 0 0 0 59 0 0 56 60 57 54 61 0 3 4 0 0 2 0 0 6 0 0 70 67 68 63 62 0 0 0 0 0 10 0 8 13 0 0 26 33 0 30 0 0 0 28 29 0 0 79 76 0 0 0 0 71 
0 69 0 66 65 70 68 67 0 14 13 16 0 0 0 12 0 11 1 0 80 0 0 0 3 0 4 0 0 17 19 20 0 0 0 0 0 0 0 0 52 47 0 46 51 0 0 0 0 0 0 26 0 0 54 61 0 0 59 53 58 0 60 71 0 72 75 0 0 0 0 0 41 36 0 40 0 38 39 37 0 
0 33 0 30 29 0 0 31 28 59 0 61 55 54 53 0 60 56 0 0 44 51 47 0 0 0 0 67 0 62 0 65 0 0 63 0 9 0 0 0 0 11 0 10 0 0 74 0 76 0 0 0 75 0 0 25 21 19 0 0 0 20 24 0 42 0 0 40 0 0 37 38 0 81 7 0 0 2 3 0 0 
71 0 72 0 74 0 0 76 73 23 22 0 19 0 17 0 0 0 0 0 8 15 0 14 12 0 0 31 0 26 0 29 33 30 0 34 0 0 0 59 0 0 0 55 0 42 38 43 40 41 0 35 39 37 0 70 66 64 0 62 0 0 0 0 0 0 0 0 0 0 0 2 50 0 0 49 51 47 0 0 44 
80 6 81 3 2 7 0 0 0 0 31 0 28 27 26 30 33 0 0 18 0 0 0 0 21 0 22 40 0 0 37 0 0 0 36 43 63 0 0 68 70 0 0 64 0 51 47 0 49 0 45 0 48 0 0 79 0 73 77 0 0 0 78 8 15 9 12 13 16 14 0 0 0 0 61 58 0 0 0 0 0 
0 0 0 0 0 0 0 0 13 44 0 46 40 0 38 42 45 0 0 30 29 36 32 35 0 0 0 0 0 47 0 50 54 51 48 0 0 0 0 0 0 77 0 0 0 63 59 64 0 0 57 56 60 58 0 10 0 0 0 0 0 0 0 20 0 0 0 0 28 26 22 23 0 66 0 0 72 0 69 0 65 
38 45 0 0 41 0 0 43 40 71 0 0 67 66 0 69 72 0 58 57 56 63 0 62 0 0 0 79 80 0 76 77 0 0 75 1 0 24 25 26 28 23 0 22 27 9 0 10 0 0 3 2 6 4 0 37 0 31 0 29 0 32 0 0 54 0 0 52 0 53 49 50 17 0 0 16 18 14 0 0 0 
2 9 3 0 0 10 0 7 4 0 34 37 0 0 29 0 0 32 22 21 20 0 0 0 24 0 25 0 0 38 40 41 0 42 39 46 66 0 70 0 73 0 0 0 0 0 50 55 0 0 0 47 0 49 0 1 78 76 0 74 0 77 81 0 18 12 15 16 19 0 0 0 0 57 64 0 63 0 60 58 0 
29 0 30 33 32 37 0 34 0 0 61 64 58 0 56 0 63 0 0 0 0 54 0 0 0 0 52 0 0 65 67 0 0 0 0 73 12 0 0 0 0 0 11 13 0 81 77 1 79 80 0 74 78 0 21 28 0 22 26 20 25 23 27 38 45 39 42 0 0 44 0 0 0 3 10 0 9 0 6 4 0 
47 0 0 0 0 55 53 0 49 0 79 1 0 75 0 78 81 77 67 66 0 72 68 0 69 0 70 7 8 2 4 0 0 0 0 0 0 0 34 0 37 32 29 0 36 18 14 19 0 0 0 11 0 13 0 46 0 40 44 0 43 0 45 56 0 0 0 0 64 0 58 0 26 0 28 25 27 0 24 22 0 
65 72 0 0 0 73 0 0 0 17 16 19 13 0 0 15 18 14 4 3 0 0 5 0 6 10 7 25 0 20 22 0 0 0 21 0 0 51 0 53 0 0 0 0 54 0 32 0 34 0 30 29 33 0 57 0 0 0 0 0 0 59 63 0 81 0 78 79 0 80 0 0 0 0 46 0 0 41 0 40 38 
20 27 21 0 0 0 26 0 0 0 0 55 49 0 47 51 0 50 0 39 0 45 41 0 0 0 0 0 62 56 58 59 0 60 0 0 0 6 0 8 10 0 0 0 9 72 0 0 0 0 0 0 0 67 12 19 0 0 0 11 0 14 0 29 0 0 0 0 0 35 0 32 80 0 0 0 0 0 0 76 74 
56 63 0 60 0 64 0 0 0 8 0 0 0 3 0 0 9 5 76 75 74 0 0 0 0 1 0 0 17 11 0 14 18 0 12 0 0 0 0 0 46 41 38 40 45 0 0 0 25 26 21 0 24 22 0 55 0 0 53 47 0 50 54 65 72 66 69 70 0 0 0 68 35 0 0 0 36 0 0 31 29 
0 0 0 0 77 1 80 79 76 26 25 28 22 21 0 24 0 0 0 12 0 0 0 0 15 19 16 0 35 29 31 0 36 33 30 0 0 60 0 0 0 0 0 0 63 0 41 46 43 0 39 0 42 0 0 0 69 67 71 0 0 68 72 2 0 3 6 0 0 0 4 0 0 48 55 0 54 50 51 0 0 
67 0 0 71 0 75 73 72 69 19 0 0 15 0 13 0 20 0 6 0 4 11 7 10 0 0 9 27 0 0 0 25 0 26 0 0 0 0 0 55 57 52 0 0 56 0 34 0 0 37 0 0 35 33 0 0 0 60 0 0 0 0 0 76 0 0 80 81 0 0 0 79 46 41 48 0 0 0 0 42 0 
31 38 32 35 34 0 37 36 0 64 63 0 0 59 0 62 65 0 51 0 49 0 0 55 0 57 0 0 73 0 0 70 0 0 0 0 0 0 18 0 0 0 0 15 0 0 79 3 81 1 77 0 0 0 0 30 26 0 28 22 27 25 29 0 47 41 0 0 0 0 42 0 10 0 12 0 0 7 0 6 0 
13 0 0 0 0 0 0 0 15 46 0 0 0 41 0 0 0 0 0 32 31 0 34 37 0 0 36 0 55 49 0 0 0 0 50 57 0 0 0 0 0 79 76 78 0 65 0 66 63 64 59 0 0 0 0 12 0 0 10 4 9 7 11 0 29 23 26 27 0 0 24 25 0 0 75 72 0 0 0 0 0 
0 47 0 0 43 48 46 45 0 73 0 0 0 0 67 71 0 70 60 59 58 0 0 0 0 66 63 0 0 76 0 0 2 0 77 0 0 26 0 0 30 25 0 24 0 11 7 12 0 0 0 4 0 0 32 39 0 33 0 31 0 0 0 49 0 50 53 0 0 0 0 52 0 14 0 0 0 16 17 15 0 
76 0 0 0 79 3 1 81 78 28 27 30 24 0 22 26 0 0 0 14 13 20 0 0 0 21 0 0 37 0 0 34 0 35 0 0 0 0 0 64 0 61 0 60 65 47 0 48 45 46 41 0 44 42 0 75 0 0 0 0 0 70 74 4 0 5 8 9 12 0 0 0 0 0 57 0 0 52 53 51 0 
4 11 0 8 7 0 0 0 0 0 0 39 33 32 0 35 0 34 24 23 22 0 25 28 0 30 27 45 46 0 0 43 0 44 0 48 68 0 0 0 75 70 67 0 0 0 0 0 54 0 50 0 0 0 0 3 80 78 0 76 0 0 0 0 0 14 17 0 0 0 0 0 0 59 0 0 65 61 62 60 58 
58 0 0 62 0 66 64 0 60 0 9 0 6 0 0 0 0 0 0 0 76 0 79 0 0 0 0 18 0 13 0 16 0 0 0 21 41 0 0 46 48 43 0 42 0 29 25 0 27 28 0 22 0 0 0 0 0 51 55 0 0 52 56 67 74 0 0 0 75 0 0 70 37 32 39 36 38 34 0 0 0 
22 0 0 26 25 30 28 27 24 55 0 57 0 50 0 53 0 0 42 0 0 47 43 0 44 48 0 0 0 0 0 61 0 0 59 0 5 8 0 10 12 7 4 0 11 0 0 75 72 0 68 0 0 69 14 0 0 15 19 0 18 0 0 0 38 32 0 0 39 37 0 34 1 0 3 81 2 79 0 0 0 
49 0 50 53 0 57 0 54 51 1 0 3 78 77 0 0 0 79 69 0 67 0 70 0 0 0 0 9 10 4 0 7 11 0 0 0 32 0 0 0 39 0 31 33 38 20 16 21 0 19 14 13 0 15 41 48 44 42 0 40 0 43 0 0 65 0 0 0 0 0 60 61 0 23 30 0 0 25 26 24 0 
