9
0 0 59 0 57 54 58 0 0 49 0 0 0 0 47 48 0 0 0 30 0 0 0 0 33 29 28 39 38 40 0 41 44 0 0 42 0 0 0 0 4 6 0 0 7 0 78 0 0 0 0 0 75 0 0 0 0 16 0 15 13 10 11 25 0 24 18 0 23 20 26 0 0 0 70 65 63 0 0 0 64 
20 19 23 25 0 0 0 0 0 0 15 0 0 0 11 0 0 17 77 0 76 80 79 0 0 0 73 3 0 4 0 5 0 0 1 0 0 0 0 0 49 0 47 0 0 0 0 37 0 0 40 38 0 43 0 62 57 0 59 0 0 55 0 70 67 69 63 66 0 65 0 64 30 0 34 29 0 0 0 0 28 
0 0 41 0 39 36 40 44 0 31 0 0 0 27 0 0 0 35 0 12 0 17 16 0 0 11 10 0 0 22 18 0 26 0 19 24 66 0 63 0 0 0 0 0 70 62 60 55 0 0 58 56 0 61 0 80 0 79 0 78 76 73 74 0 0 0 0 3 0 2 8 1 0 0 52 47 45 0 53 0 0 
0 10 14 0 12 9 13 17 0 4 6 7 0 81 0 0 0 0 0 0 0 0 0 63 69 65 64 75 0 76 72 77 80 0 0 0 0 41 0 0 0 0 0 0 0 0 0 28 27 32 31 29 30 0 0 53 0 52 50 51 49 46 47 61 0 60 0 0 0 0 0 55 0 22 0 0 0 24 26 0 19 
0 0 68 0 0 63 67 0 69 58 60 61 59 0 56 0 55 62 0 39 40 0 0 36 42 38 0 48 47 49 0 50 53 52 46 51 12 0 0 10 0 15 0 17 16 8 0 1 81 5 0 0 0 7 0 0 0 0 23 0 22 0 0 34 0 0 27 0 32 29 0 28 75 76 79 0 0 78 80 0 73 
0 0 0 0 0 0 0 80 0 0 0 0 0 63 0 0 64 71 50 0 0 0 0 45 0 47 46 0 56 58 0 59 0 0 55 0 0 0 0 19 22 0 0 0 25 17 15 10 0 0 13 11 0 0 27 0 30 34 32 0 31 0 29 0 0 42 0 0 41 38 44 37 0 4 7 0 81 6 8 0 0 
29 0 32 0 0 0 0 0 0 22 24 25 23 18 20 0 0 0 5 3 0 0 0 0 0 0 1 12 11 13 0 0 0 16 0 0 57 0 54 55 58 60 56 0 61 0 51 0 0 0 49 0 48 52 0 0 66 0 68 69 0 64 0 79 76 78 72 75 77 74 80 0 0 0 0 0 0 0 44 41 0 
2 1 0 0 0 81 4 0 6 76 0 0 0 0 0 75 73 80 0 0 58 0 0 54 0 56 55 0 65 67 0 68 0 70 0 69 0 0 0 28 31 33 0 0 0 26 24 0 0 0 22 20 21 0 0 0 0 43 0 42 40 37 38 52 0 0 45 0 0 47 0 46 0 13 16 11 0 15 17 0 10 
47 0 50 52 48 0 49 53 0 40 0 43 0 0 38 39 0 0 0 0 22 26 25 18 0 20 19 0 0 0 0 0 0 0 0 0 75 0 72 73 0 0 0 0 0 0 0 0 0 0 67 65 0 0 0 0 0 7 5 6 0 0 2 0 0 15 9 12 0 0 17 10 0 58 61 0 54 60 0 0 0 
36 0 39 41 0 34 38 0 0 29 31 0 30 25 0 0 26 33 0 10 11 0 14 0 13 9 0 19 0 20 16 21 24 23 17 0 0 0 0 0 0 0 0 0 0 0 0 0 52 0 56 0 55 59 70 78 73 0 0 76 0 71 72 5 2 4 79 1 3 81 0 0 46 47 0 0 43 0 51 0 44 
0 0 12 14 0 0 11 0 0 0 4 0 3 0 0 0 80 0 66 64 65 69 0 61 0 63 0 73 0 74 0 75 0 0 71 76 37 0 0 0 0 0 0 42 0 33 31 0 25 0 0 0 0 0 0 51 46 50 0 0 47 44 45 0 0 58 52 55 57 54 60 53 0 20 23 0 16 22 0 21 17 
0 44 0 50 0 0 0 0 0 0 40 41 0 0 0 37 0 0 0 0 0 24 23 0 22 18 17 0 0 0 25 0 0 32 26 31 0 75 70 71 74 76 0 78 0 69 0 62 0 66 0 0 0 0 79 6 1 5 3 0 0 0 0 14 0 0 0 0 0 0 15 0 55 0 0 54 52 58 0 57 53 
63 0 66 0 0 0 0 69 67 0 58 59 0 52 54 0 0 0 39 0 38 0 0 34 40 0 0 0 45 0 43 48 51 50 44 0 0 12 0 8 0 0 9 15 0 0 0 80 79 0 2 0 0 5 0 24 0 0 21 0 20 0 0 0 0 31 25 28 0 27 33 0 0 74 0 72 70 76 0 75 71 
0 80 3 0 0 79 0 0 4 0 76 0 75 70 72 73 71 78 57 55 56 60 59 0 58 54 0 64 63 65 61 0 69 0 62 67 28 0 0 26 29 0 27 0 0 0 0 17 0 21 0 18 19 0 0 0 0 41 39 0 0 35 36 0 47 49 0 0 48 0 51 0 10 11 0 9 7 13 0 0 0 
0 0 30 0 0 25 29 33 31 20 22 23 21 0 0 19 0 0 0 0 0 6 0 0 4 0 0 0 0 0 0 12 15 14 8 0 0 57 52 53 56 0 54 60 0 51 0 44 0 48 47 0 0 0 0 69 64 0 0 0 65 0 63 77 0 0 70 73 75 72 78 0 37 38 0 36 0 0 42 0 0 
72 0 0 77 73 0 74 0 76 65 67 0 66 0 63 0 0 0 48 46 0 51 0 43 49 0 44 55 54 56 0 57 0 59 53 58 19 0 0 17 0 0 18 24 23 0 13 8 0 12 11 0 0 0 0 0 0 0 30 0 29 0 0 0 0 0 34 37 39 36 0 35 1 0 0 81 79 4 6 3 80 
0 17 21 23 0 0 0 0 22 11 13 0 12 7 0 0 8 0 0 0 0 0 0 70 76 72 71 0 0 0 0 0 6 0 80 0 0 0 0 44 0 0 0 0 0 0 0 0 0 0 0 0 0 0 52 0 0 59 57 58 56 0 54 68 0 67 61 64 0 63 0 62 28 0 32 0 25 31 33 30 26 
54 0 57 0 55 52 0 0 0 0 0 0 0 43 0 46 44 0 30 0 0 33 0 0 31 0 26 37 0 0 0 0 0 41 35 40 0 0 79 80 2 4 81 6 5 0 76 0 0 75 74 72 73 77 0 15 10 14 12 0 11 0 0 23 0 0 0 0 21 0 0 0 64 65 0 63 61 67 0 0 0 
0 0 0 0 11 0 12 16 0 0 0 0 4 80 1 2 0 0 0 0 66 0 69 0 0 0 63 0 0 75 71 0 79 0 72 0 38 40 35 0 0 0 37 43 42 34 0 0 26 31 0 0 29 0 44 0 0 0 0 0 0 45 0 0 0 0 0 56 0 55 61 0 0 21 24 19 0 0 25 22 0 
37 0 0 42 0 35 39 43 41 30 0 33 31 26 28 29 0 0 13 0 12 0 0 8 0 10 0 20 19 0 0 0 25 24 0 23 65 67 62 63 0 0 64 70 0 61 0 54 53 58 0 0 56 0 0 79 0 78 76 0 0 0 0 0 0 0 0 0 0 0 7 0 0 48 51 46 44 0 0 49 45 
55 54 58 0 56 53 0 0 0 0 50 51 0 0 0 0 45 0 31 0 30 0 0 26 32 0 27 0 0 39 35 0 43 42 0 0 2 0 0 0 3 5 1 7 0 79 77 0 71 0 75 73 74 78 0 16 0 15 0 0 0 0 0 0 0 0 0 20 22 19 0 0 0 0 0 64 0 68 0 0 0 
19 0 0 24 20 17 0 0 0 0 14 15 13 0 10 0 0 0 76 0 75 79 78 71 0 0 72 0 1 0 80 0 7 6 0 5 47 0 44 45 48 0 46 0 0 43 0 36 0 40 0 37 0 0 53 61 0 0 58 0 0 0 55 69 0 68 0 0 0 0 0 63 29 0 33 28 26 32 0 0 27 
1 0 0 6 0 80 0 0 5 75 77 78 76 71 73 74 72 79 0 0 57 61 0 0 0 55 0 0 0 66 62 67 70 0 0 0 0 0 26 0 0 0 0 34 0 0 0 0 17 22 21 19 20 0 0 43 0 42 0 0 39 0 37 51 48 0 0 47 49 46 0 0 0 0 15 10 8 0 0 13 9 
0 0 49 51 0 0 48 52 50 39 0 42 40 0 37 0 36 0 0 20 0 25 0 17 23 0 0 29 0 30 0 0 0 0 0 32 74 0 0 0 75 77 73 0 78 70 68 63 62 0 0 64 65 0 0 7 2 0 0 5 3 0 0 15 12 0 8 0 0 10 16 0 0 57 60 55 53 59 61 58 0 
64 63 0 0 0 62 66 0 68 0 59 60 58 0 0 0 54 61 0 38 0 43 42 35 0 0 0 47 0 0 44 49 52 51 0 0 0 0 0 0 12 0 10 0 15 0 0 81 80 0 0 0 0 0 17 0 0 24 0 0 0 18 0 33 0 32 26 29 31 28 34 27 74 0 0 0 0 0 0 76 0 
28 0 0 0 0 0 30 0 0 21 23 0 22 17 19 20 18 25 4 2 0 7 0 80 0 0 81 11 0 0 0 13 16 15 0 14 0 0 0 0 57 59 55 61 0 0 50 0 44 0 0 46 47 51 0 70 0 0 67 68 66 0 64 78 75 0 0 0 76 0 0 72 38 39 0 37 0 0 0 0 36 
73 0 0 78 0 0 75 0 0 66 0 0 0 62 0 0 0 70 0 47 48 0 0 0 0 46 45 0 0 57 0 58 0 0 54 0 20 0 17 0 0 0 0 0 24 0 14 9 8 13 0 10 11 15 0 0 0 0 0 0 30 27 0 42 39 0 0 38 0 37 43 36 2 0 0 1 80 0 7 0 0 
0 70 74 76 72 0 0 77 0 64 0 67 65 60 62 0 0 0 47 0 0 0 49 42 0 0 43 54 53 55 51 56 0 58 52 0 18 20 0 16 0 21 17 23 0 0 12 0 6 0 10 8 9 0 24 0 0 0 0 30 28 25 0 40 0 39 33 36 38 0 0 0 81 0 4 0 78 0 0 2 0 
8 7 11 0 9 6 0 14 12 0 3 4 0 0 80 0 79 0 0 63 0 68 67 60 0 0 61 72 71 73 0 74 0 0 0 0 0 38 0 34 0 39 35 41 0 0 30 0 24 0 0 26 0 0 42 0 45 49 0 48 46 0 0 58 0 0 51 54 0 0 0 0 18 0 0 0 15 0 23 0 16 
0 25 29 31 27 24 0 32 0 19 21 22 0 0 0 18 16 23 2 81 0 5 0 0 0 0 79 9 8 10 6 0 0 0 7 12 0 56 0 0 55 57 53 0 58 50 0 43 0 0 46 44 45 0 0 68 63 67 0 0 0 0 62 0 73 75 69 0 0 0 0 70 0 0 40 0 33 0 0 38 34 
0 0 0 40 0 0 0 41 0 28 30 31 29 0 0 0 25 0 0 0 10 14 0 6 12 8 0 18 17 19 0 0 0 22 16 0 63 65 0 0 64 0 62 0 0 59 57 0 0 56 0 0 54 58 69 0 72 76 0 0 0 0 0 4 1 3 0 0 2 80 5 0 0 0 49 44 0 48 50 0 0 
53 52 56 0 0 0 55 0 0 46 48 0 0 42 0 45 43 50 0 0 28 0 0 24 0 0 0 0 35 37 33 0 41 0 34 39 0 0 0 79 0 0 0 5 4 77 0 70 0 74 0 71 0 0 6 0 9 13 0 12 10 0 0 22 19 0 15 0 20 0 23 0 0 64 0 0 0 0 68 0 0 
62 61 0 67 0 60 0 0 0 0 0 58 0 0 0 54 0 0 38 0 37 0 0 0 0 35 34 45 0 0 42 0 0 49 43 0 9 11 0 7 0 0 8 14 13 0 3 0 78 2 1 0 0 0 15 0 18 22 0 0 0 16 17 31 28 0 0 27 0 26 0 25 0 73 0 0 69 0 77 74 0 
0 16 20 0 18 15 0 23 21 10 0 13 0 6 0 9 0 0 0 72 0 77 0 69 0 0 0 0 80 1 78 2 5 0 0 0 0 47 0 0 46 48 44 0 49 41 0 34 0 0 37 0 36 0 0 59 0 0 56 57 0 0 0 67 0 0 60 63 65 0 0 61 0 28 0 26 0 30 32 0 0 
80 79 0 0 81 0 1 5 3 73 0 76 74 69 71 0 0 77 56 54 0 0 0 51 0 0 52 0 0 0 0 65 68 0 0 0 0 0 0 25 0 0 0 0 31 23 0 16 15 0 0 0 18 22 0 41 0 0 38 0 37 0 35 49 0 48 42 45 47 0 0 0 9 0 13 8 6 0 0 11 7 
0 43 0 49 45 42 46 0 0 0 39 40 38 33 0 0 0 41 0 18 0 23 22 0 0 17 0 27 26 28 24 29 0 31 0 30 72 0 0 0 0 0 0 0 76 68 0 61 0 0 64 62 63 0 78 5 81 4 2 0 1 0 0 13 0 0 6 0 0 8 0 7 54 0 0 53 51 0 59 0 0 
0 0 54 56 0 49 0 57 0 0 46 47 45 40 0 0 0 0 0 0 0 0 29 22 0 24 0 0 0 0 31 0 0 0 0 0 79 81 76 0 0 1 0 0 2 0 0 0 67 0 71 0 0 0 4 0 7 0 0 0 0 5 0 0 17 0 0 0 0 15 0 0 61 62 0 60 0 0 66 63 0 
0 0 18 20 0 13 0 0 0 0 0 0 9 0 6 0 5 0 72 0 0 0 74 0 73 69 68 79 0 0 0 0 3 0 0 0 43 0 0 41 44 0 0 48 47 39 0 0 0 36 0 33 0 38 49 57 0 56 0 55 0 0 0 0 0 0 58 0 63 0 66 0 25 0 0 24 22 0 30 27 0 
0 0 36 0 34 31 0 39 37 0 0 0 27 22 0 25 0 30 9 0 8 12 11 0 10 0 5 16 15 17 0 0 0 20 14 19 0 63 0 59 62 0 0 66 65 57 55 0 49 0 0 51 0 56 67 0 70 74 72 0 71 0 69 0 80 1 0 0 0 0 3 0 43 0 47 0 40 46 48 45 0 
0 0 0 0 0 0 0 66 0 0 0 56 54 49 51 0 50 57 36 34 0 0 0 31 37 33 32 0 0 0 40 45 0 0 0 46 0 0 0 5 8 0 0 12 0 3 1 77 76 0 80 78 0 2 0 21 16 20 0 19 0 0 15 29 26 0 22 0 0 0 30 0 70 71 0 0 67 73 0 0 0 
0 23 27 0 25 22 26 30 28 17 19 20 18 0 15 0 0 21 0 79 0 3 0 0 1 0 0 0 6 8 0 0 0 11 0 10 52 54 49 50 53 0 0 0 56 0 46 0 40 45 44 42 0 47 0 0 61 65 0 0 62 59 60 0 71 0 0 70 0 0 0 68 34 35 38 33 0 0 0 36 0 
0 0 0 0 70 0 71 0 0 0 0 65 0 58 0 61 0 0 45 43 44 0 0 40 0 0 41 52 51 53 49 54 0 0 50 0 0 0 13 14 17 0 15 0 20 12 0 0 4 9 0 6 7 11 22 0 25 29 0 28 26 0 24 0 35 0 0 34 36 0 0 32 0 0 0 78 0 0 0 81 77 
78 0 0 2 0 0 80 0 1 0 0 74 72 67 69 70 0 75 0 0 53 57 56 49 55 51 50 0 0 0 58 63 66 0 59 64 25 27 22 23 26 28 0 0 29 0 19 14 0 0 0 15 0 0 0 39 34 38 36 0 35 0 33 47 0 46 40 43 45 0 0 0 7 0 0 0 0 10 0 0 0 
0 5 9 0 0 0 0 12 0 0 1 2 0 0 0 79 0 0 0 0 62 66 0 58 64 0 0 0 0 71 0 72 75 0 0 73 0 0 0 32 0 37 0 0 0 30 28 0 0 27 0 0 25 29 0 48 43 47 45 46 44 0 0 56 53 0 49 0 0 51 57 50 0 0 0 15 0 0 21 0 0 
42 41 45 47 43 40 0 48 46 35 37 0 36 31 0 0 0 39 0 16 0 0 20 0 0 0 0 0 24 0 0 0 30 29 0 28 70 0 67 0 71 0 69 75 0 0 64 59 0 0 0 60 61 65 0 0 0 0 0 0 80 0 0 11 8 10 4 7 0 6 0 0 52 0 0 0 49 0 57 54 0 
32 31 35 0 0 0 34 0 36 25 27 0 26 21 23 24 22 0 8 6 7 0 10 3 9 5 4 0 0 0 12 0 20 19 0 0 60 0 57 58 61 0 0 0 0 0 54 49 0 53 0 0 0 0 66 0 69 73 71 72 70 67 68 0 0 81 75 78 0 0 2 76 0 43 46 41 0 45 47 0 40 
77 76 80 0 0 0 79 2 81 0 72 0 0 66 68 0 0 0 53 51 52 56 55 48 54 50 49 60 0 0 57 0 65 0 58 63 0 26 21 0 25 0 23 0 0 20 0 0 0 0 16 0 15 19 0 38 0 37 35 0 0 0 32 0 43 45 39 42 44 41 0 40 6 0 10 0 0 9 0 8 0 
0 67 0 0 69 0 70 74 0 0 63 0 0 57 59 60 0 0 0 42 0 47 0 0 0 0 0 0 50 52 0 53 56 0 49 0 15 0 12 0 16 0 14 20 0 11 9 4 3 0 7 0 0 10 21 29 0 0 0 0 25 22 23 0 0 0 0 0 35 0 0 0 0 0 1 0 0 81 2 80 0 
0 13 17 19 0 12 0 0 0 7 9 10 0 3 5 0 0 11 71 69 70 0 0 66 72 68 67 78 0 0 0 80 0 1 76 0 0 0 39 0 43 45 0 0 46 0 0 31 0 35 34 0 33 0 48 56 0 0 0 0 52 0 50 0 61 0 0 0 62 0 0 58 24 25 0 23 21 0 29 26 0 
23 22 26 0 24 0 25 29 0 0 18 19 0 0 14 15 0 20 0 78 0 2 1 75 0 0 76 6 0 7 3 8 0 10 0 9 51 0 48 49 52 54 0 0 0 47 0 40 39 44 0 41 42 46 0 0 60 0 62 63 0 58 0 0 70 72 66 0 71 0 74 0 33 0 0 0 30 36 38 0 31 
59 58 0 0 60 57 61 65 63 52 0 55 53 0 50 51 49 0 0 0 0 0 37 30 36 32 0 42 0 43 39 0 0 46 40 45 0 8 0 4 7 0 5 11 0 0 81 76 75 80 0 77 0 0 12 0 0 19 0 18 16 13 0 28 25 0 21 24 0 0 0 0 69 0 0 68 66 72 74 71 67 
0 0 0 0 42 39 0 47 0 0 0 0 35 0 0 33 0 38 17 15 0 0 19 12 18 0 13 24 23 0 0 26 0 0 0 27 69 71 66 0 0 0 0 74 73 65 63 58 57 0 61 59 0 0 0 2 78 0 80 0 0 76 0 10 7 9 0 6 8 0 11 0 51 52 0 50 48 54 56 53 49 
50 49 53 0 51 0 52 0 54 43 45 46 0 0 41 42 40 0 26 0 0 0 0 0 27 0 0 0 0 34 30 35 0 37 0 36 0 0 0 76 0 0 77 2 1 74 72 67 66 0 70 68 0 73 0 11 0 10 0 0 0 4 5 0 16 18 0 15 0 14 0 13 0 0 0 0 0 0 0 0 0 
5 0 0 0 6 3 0 0 9 0 0 1 80 75 0 0 0 2 0 0 61 0 64 0 0 59 58 0 0 0 0 71 0 73 0 0 0 35 30 31 34 0 0 38 37 29 27 22 21 0 25 0 0 28 39 47 42 46 0 0 0 0 41 55 52 0 0 51 53 50 0 49 15 0 0 14 0 0 0 17 0 
49 0 0 54 50 47 51 0 0 42 44 45 0 38 40 0 39 46 25 23 0 0 0 20 0 22 0 0 0 0 29 0 37 0 0 35 77 79 74 75 0 0 0 1 81 0 71 66 65 70 69 0 0 0 2 10 0 9 0 0 6 0 4 18 0 17 11 0 0 13 19 0 59 0 63 0 56 0 64 61 57 
40 0 0 45 41 0 0 46 44 33 35 0 34 29 0 32 30 0 16 14 0 0 0 0 17 0 0 23 0 24 20 25 28 27 21 0 68 70 0 0 69 0 67 73 72 0 62 57 0 61 60 0 0 63 0 1 77 0 0 80 0 75 76 9 0 0 0 5 0 0 0 3 50 0 0 49 0 0 0 0 48 
0 0 70 0 0 65 69 0 0 0 0 0 0 56 58 59 0 0 0 41 0 0 0 38 0 40 39 50 49 0 47 0 55 54 48 53 0 0 11 0 15 17 0 0 0 0 8 3 0 0 0 0 5 9 0 28 23 0 0 0 24 21 22 0 0 35 29 32 34 31 0 0 0 78 81 0 74 80 0 0 75 
0 0 0 27 0 0 0 28 0 15 0 18 16 11 13 0 0 19 0 0 78 0 0 74 80 0 75 5 0 6 0 0 0 0 0 8 0 0 47 48 0 53 49 55 0 46 44 0 38 0 42 40 41 0 56 0 59 63 61 62 0 57 58 0 69 0 0 68 70 67 73 66 0 33 36 31 0 0 0 0 30 
0 0 0 0 0 74 0 1 80 0 0 72 0 65 67 0 66 73 0 50 0 55 0 0 0 0 48 0 58 60 0 0 0 0 57 0 0 25 0 21 24 26 0 0 0 19 0 0 0 16 0 0 0 0 29 0 0 36 34 35 0 0 31 45 42 44 38 41 43 0 0 0 5 6 9 4 0 0 10 0 3 
0 0 0 0 0 29 0 0 0 0 26 0 0 20 0 23 0 0 0 0 6 0 9 0 0 0 3 14 0 0 11 16 0 0 12 17 0 0 56 57 0 62 0 64 63 55 53 0 0 52 0 49 0 54 0 73 0 0 0 0 69 66 0 81 0 0 0 77 79 0 1 0 41 42 0 0 38 0 46 43 0 
58 57 61 0 0 56 60 64 0 51 0 0 0 47 49 0 48 55 0 0 33 0 0 29 35 0 0 0 0 0 0 0 46 45 39 44 5 0 0 0 0 8 0 0 0 0 0 0 0 0 0 0 77 0 0 19 0 18 0 17 15 0 0 27 0 26 20 23 25 0 28 21 0 69 72 0 65 71 0 0 0 
0 0 0 0 0 2 0 0 0 78 0 0 79 74 0 77 75 0 0 0 0 64 0 0 0 58 57 68 0 69 0 0 73 0 66 71 0 34 0 30 0 0 31 37 36 28 0 0 0 25 24 22 0 27 38 0 0 0 0 44 42 39 0 0 0 53 0 50 52 0 0 0 0 15 18 0 11 17 19 0 12 
13 12 0 0 0 11 0 19 17 6 0 9 0 2 4 5 3 0 70 0 69 73 0 0 0 67 0 0 0 0 0 79 1 0 0 80 41 43 0 0 42 44 40 0 0 37 35 0 29 0 0 0 0 36 0 55 50 0 0 0 0 0 0 0 0 62 56 0 0 58 64 0 0 0 27 22 0 0 28 25 0 
57 0 60 0 0 55 0 0 61 0 52 0 0 0 0 49 0 54 0 31 32 0 0 0 0 0 29 40 39 0 37 42 0 44 38 43 0 0 0 2 0 7 3 9 8 81 79 74 0 0 77 75 0 0 10 18 0 0 0 0 14 11 0 26 23 0 19 22 24 21 27 0 67 68 71 0 0 0 72 69 0 
39 0 0 44 40 0 41 0 0 32 34 0 0 0 0 0 0 0 0 0 14 18 0 10 0 12 0 0 21 0 0 0 27 0 20 25 0 69 64 65 68 70 0 0 71 0 0 56 55 60 59 57 0 0 0 81 0 0 0 0 77 0 75 0 5 7 0 4 0 3 9 0 49 50 0 48 0 0 54 0 47 
66 65 0 71 0 64 0 0 70 0 0 0 0 0 0 58 56 63 0 40 41 0 44 37 0 0 38 0 0 0 46 51 54 53 0 0 13 0 0 11 14 16 12 0 17 9 0 0 1 6 5 0 0 8 0 0 22 26 0 25 0 20 21 0 0 34 0 0 33 30 36 0 76 0 0 75 73 0 81 0 0 
21 20 0 0 0 19 0 0 25 0 0 17 15 0 0 13 0 0 0 0 0 0 80 0 0 75 0 4 3 5 1 0 0 8 2 7 0 51 0 47 0 52 0 54 0 0 0 0 0 42 41 0 40 0 0 0 0 0 60 61 59 0 57 0 0 0 64 0 0 66 0 0 0 0 35 0 0 34 0 0 0 
0 2 0 0 0 0 0 0 7 77 0 0 0 73 0 76 74 81 0 58 0 63 62 0 61 57 56 67 66 0 0 0 0 0 65 70 31 33 0 29 32 0 30 36 0 27 0 0 19 24 23 0 0 26 0 45 0 0 0 0 41 38 0 0 0 52 0 49 51 0 54 47 0 14 0 0 10 0 18 15 11 
30 0 33 35 31 28 32 36 0 0 0 26 0 19 0 22 20 0 6 4 0 9 8 1 7 0 0 0 12 14 0 15 18 17 0 16 0 60 0 0 59 61 57 63 0 54 52 0 46 51 50 48 49 0 0 0 67 0 69 0 68 0 66 80 77 79 73 0 0 75 0 0 0 0 0 39 37 0 0 42 38 
0 47 0 53 0 46 0 0 52 0 43 44 42 37 0 0 38 0 24 0 23 27 26 19 25 0 20 31 30 0 0 33 0 35 29 34 76 0 73 0 0 79 75 81 80 0 70 65 64 69 68 0 67 0 1 0 4 8 0 7 5 2 0 0 14 16 10 0 15 0 0 11 0 0 0 0 55 0 0 0 0 
0 0 15 17 13 0 0 0 0 5 0 8 0 1 3 4 2 9 69 67 0 0 0 0 0 66 65 0 75 0 73 0 0 80 0 0 0 0 37 0 0 43 0 0 44 0 34 29 28 33 32 0 0 0 46 0 49 53 51 0 0 0 0 0 59 0 0 0 0 57 63 56 22 23 26 0 19 0 27 0 0 
0 0 0 0 76 73 0 0 79 68 0 0 69 64 0 0 65 72 0 49 0 54 0 46 0 48 47 58 0 0 0 0 63 62 0 61 22 0 19 20 23 25 21 0 26 0 16 11 10 0 14 0 13 17 28 36 0 0 0 0 0 29 0 44 41 43 0 0 42 39 45 38 0 5 0 3 1 0 9 6 2 
52 0 0 57 0 50 54 0 56 45 0 48 0 0 0 0 42 49 28 26 0 0 30 0 0 0 0 0 0 0 32 0 0 39 33 0 0 1 0 0 81 0 0 4 0 76 74 69 68 0 72 0 0 75 0 13 8 12 10 11 9 0 0 0 0 20 14 17 19 16 0 15 0 0 0 0 59 65 0 64 60 
43 42 46 0 44 0 45 0 0 0 0 0 0 0 0 35 33 0 19 0 18 0 0 0 20 0 0 26 0 0 23 0 0 0 24 29 71 73 0 69 0 0 70 76 0 0 65 60 0 64 63 61 62 0 0 0 0 0 1 0 81 78 0 0 9 0 0 8 10 0 0 6 53 0 0 52 50 56 58 55 51 
0 0 28 30 26 23 0 0 29 0 0 21 0 14 0 17 15 22 0 80 81 4 3 0 2 79 0 8 0 0 0 0 0 0 6 11 53 0 0 51 54 56 52 0 0 49 47 0 0 0 45 43 44 0 59 0 0 0 64 0 0 0 0 75 0 0 68 71 73 0 76 69 0 0 0 34 32 38 0 0 0 
7 6 0 12 0 0 0 13 11 0 2 3 1 77 0 80 0 0 64 62 0 0 66 59 65 61 0 71 0 0 0 0 0 75 0 74 35 0 32 33 36 38 0 40 0 0 0 24 23 0 0 25 26 0 0 49 0 48 0 0 45 0 0 0 54 56 0 53 0 0 58 0 17 18 21 16 0 20 0 0 15 
79 0 0 3 0 0 81 4 2 0 0 75 73 68 70 0 0 0 55 53 54 58 0 0 0 0 51 0 0 0 59 0 67 0 0 0 0 28 23 24 0 29 0 31 30 0 0 15 14 0 0 0 0 21 32 40 0 0 0 38 0 33 0 0 0 0 0 44 46 0 49 0 0 0 12 0 0 0 0 10 6 
0 0 64 0 0 0 0 67 65 0 56 0 0 0 52 0 0 58 37 35 36 40 0 32 38 34 0 44 43 0 41 46 0 0 0 0 8 0 0 0 9 0 7 0 0 4 0 0 0 1 81 0 80 3 0 0 0 0 19 20 18 15 0 30 0 29 23 26 28 0 31 24 0 72 0 0 0 74 76 73 69 
70 69 73 75 71 0 0 76 0 0 65 66 64 0 0 0 0 0 46 0 0 0 0 0 47 43 42 0 52 54 0 0 58 57 0 56 0 19 14 0 0 0 0 0 0 13 11 0 0 10 0 7 8 0 0 31 0 0 28 29 0 24 25 39 0 38 32 0 0 0 0 0 80 0 3 0 0 0 4 1 78 
16 15 19 0 0 0 18 0 0 9 0 12 10 5 0 0 6 0 73 0 72 76 0 0 74 0 69 80 79 81 0 0 0 0 0 0 44 46 41 0 45 0 0 49 0 0 0 0 32 0 0 34 0 39 50 58 53 57 0 0 54 51 0 66 63 0 59 0 64 61 67 0 26 27 0 0 23 0 0 28 24 
34 33 37 0 35 0 0 0 38 27 29 0 0 23 0 0 0 31 10 8 9 13 12 5 0 0 0 0 16 18 14 0 22 0 0 0 62 64 59 0 63 0 0 67 66 0 56 51 0 55 54 52 53 0 0 0 71 0 0 74 72 69 70 0 0 2 77 80 1 0 0 0 44 0 48 0 0 47 0 0 42 
