9
0 0 67 0 69 0 72 74 0 78 81 0 79 0 3 1 0 0 0 0 0 0 5 0 7 12 0 0 0 0 23 24 0 29 0 0 0 0 0 0 16 15 13 0 14 0 0 0 51 0 0 52 0 0 62 60 64 0 65 0 0 59 61 40 0 0 44 45 46 42 0 0 31 35 36 34 39 0 0 0 38 
77 1 76 0 78 0 0 2 79 0 0 4 0 5 12 10 0 0 17 0 13 20 0 0 16 0 18 0 36 37 0 33 39 38 35 0 28 0 30 0 25 0 22 0 23 0 0 0 60 0 0 0 65 63 0 0 73 67 74 0 0 68 0 0 0 50 0 0 0 0 0 0 40 0 0 0 48 42 41 46 0 
41 46 40 0 42 0 0 0 43 0 0 49 52 0 0 55 53 56 62 64 0 65 59 60 0 0 63 76 81 1 0 78 0 0 80 79 73 74 0 71 0 69 67 0 68 26 28 0 24 23 0 0 29 0 35 0 0 0 0 36 39 32 0 13 16 0 0 18 0 0 0 21 4 8 0 7 12 0 5 0 0 
23 28 0 26 24 30 0 29 0 0 0 0 0 32 0 0 35 38 44 0 0 47 41 42 0 0 0 58 63 0 0 0 0 0 0 61 0 0 57 53 0 0 49 0 0 0 0 12 0 0 0 0 11 0 0 0 0 13 20 18 21 0 16 0 0 77 80 0 0 0 0 3 67 71 0 0 75 69 68 73 0 
0 0 58 62 0 66 0 65 0 0 0 0 70 68 0 73 71 0 80 0 0 0 77 78 79 0 81 13 18 19 0 0 0 20 0 0 10 11 0 8 0 0 4 0 0 44 46 0 42 41 0 0 0 45 0 51 0 0 56 0 57 50 0 31 34 0 0 0 37 33 38 39 22 0 27 0 0 24 0 28 29 
32 37 0 0 33 0 0 38 34 0 0 0 43 41 48 0 44 0 0 55 49 56 0 51 0 0 54 67 0 73 0 0 75 74 71 0 64 65 0 62 61 0 0 0 59 0 0 0 15 0 0 16 20 18 26 24 0 22 0 0 30 0 0 0 7 0 0 9 0 6 11 0 0 0 0 79 3 78 77 1 0 
50 0 0 53 0 57 0 56 0 0 63 0 61 0 66 64 62 0 71 73 0 0 68 0 0 0 72 4 9 0 5 6 0 11 8 0 0 0 0 80 0 0 0 81 0 35 37 39 0 0 0 0 0 36 0 42 46 40 47 0 0 41 0 22 0 23 26 0 0 0 0 30 0 0 18 0 0 0 14 0 20 
5 0 4 8 6 12 0 0 0 0 18 13 0 14 0 19 0 20 0 28 22 29 23 24 0 0 0 0 0 46 0 0 48 0 0 0 0 38 39 0 34 0 31 36 32 0 0 0 69 68 0 70 74 0 80 0 0 0 2 81 3 77 79 0 61 59 62 63 0 0 0 66 0 53 0 52 57 0 0 55 0 
14 19 13 0 15 0 18 20 0 0 0 22 0 0 30 28 0 0 35 0 0 0 0 0 34 39 36 49 0 0 50 0 0 56 53 0 0 47 0 0 0 42 40 0 0 80 1 0 78 0 76 0 2 0 0 6 0 4 11 9 12 0 0 0 0 68 0 0 0 0 74 0 0 0 63 0 66 0 0 0 65 
0 32 0 30 28 34 31 0 29 0 0 35 0 0 43 0 0 42 48 0 44 51 0 46 0 0 49 62 67 0 0 64 70 0 66 0 0 0 61 0 56 0 53 0 0 12 14 0 10 9 8 0 0 0 21 0 0 0 0 0 25 0 20 80 0 81 0 0 5 1 0 0 71 75 0 74 79 73 72 0 0 
0 0 62 66 64 0 67 69 65 0 0 0 0 0 0 0 0 78 3 5 80 6 81 0 0 0 4 17 22 23 18 0 25 0 21 0 14 15 16 0 0 10 0 0 9 48 50 0 46 45 0 47 0 49 0 0 0 0 0 0 0 54 56 35 38 36 0 0 0 37 42 0 0 30 0 0 0 0 0 0 0 
0 0 0 0 19 0 0 0 20 28 0 26 0 27 0 32 30 33 39 0 0 42 0 0 38 0 40 53 0 59 0 55 61 60 0 0 50 51 0 0 0 46 0 0 45 0 5 7 1 81 0 2 0 0 0 0 14 0 15 13 0 9 0 0 74 72 75 0 0 73 0 79 62 66 0 65 70 64 63 0 69 
0 0 0 75 73 79 76 78 0 0 0 80 0 81 0 0 3 0 12 14 0 15 0 10 0 0 13 0 31 0 0 28 0 33 0 29 0 0 25 0 0 0 17 22 18 57 59 61 0 54 53 0 0 0 0 0 0 0 69 67 0 63 0 0 47 45 48 0 0 0 0 0 35 0 40 38 43 0 0 0 0 
81 5 0 3 1 7 0 0 2 0 0 0 11 9 0 0 12 0 0 23 0 24 0 19 0 0 22 0 0 41 0 37 0 42 39 0 0 33 34 30 0 28 0 31 27 0 68 0 0 0 0 65 69 67 75 0 77 0 0 0 0 0 0 0 0 54 0 0 59 0 0 61 0 0 49 0 0 0 45 0 0 
0 59 53 57 0 0 58 60 56 64 0 0 0 0 70 0 0 0 75 77 0 78 72 73 74 79 76 8 0 14 9 10 16 15 0 0 5 0 7 3 0 1 0 0 81 0 41 43 37 36 0 38 0 40 0 46 0 0 0 0 0 45 0 26 29 0 30 0 0 0 0 34 0 0 22 20 25 19 0 23 24 
9 14 8 0 0 16 13 0 11 0 22 17 20 18 0 23 21 24 30 32 26 0 0 28 0 0 0 0 0 0 45 46 0 51 0 47 41 0 0 0 0 0 0 0 0 0 77 79 73 0 71 0 0 0 3 1 0 0 0 0 7 81 0 0 65 0 0 67 68 64 69 70 53 0 58 56 61 0 0 0 0 
36 0 0 0 37 43 0 42 0 0 0 0 0 45 52 0 0 51 0 59 0 60 54 55 0 61 58 71 76 0 72 0 79 78 0 74 68 0 0 0 0 0 62 0 0 0 23 25 0 0 17 20 0 22 0 0 32 26 0 31 0 27 0 0 11 0 12 0 14 10 15 0 0 3 4 0 0 0 81 0 0 
0 0 0 48 0 52 0 51 47 0 0 53 56 54 0 59 0 0 66 68 62 69 0 0 65 70 67 0 4 0 0 1 0 0 3 2 0 78 0 0 0 0 71 0 72 0 0 0 0 27 26 29 0 0 39 37 41 35 0 0 43 36 0 17 0 18 21 0 23 0 0 0 8 0 13 0 0 0 9 14 0 
71 76 0 74 72 78 0 77 73 81 0 0 1 80 0 4 0 0 11 0 0 14 8 0 10 15 0 25 30 31 0 0 0 32 29 28 22 0 24 0 19 18 16 21 17 0 58 60 54 0 0 55 59 57 0 63 0 61 0 66 0 62 0 0 0 0 0 0 0 0 0 51 0 0 39 0 42 36 35 40 0 
0 0 52 0 54 0 0 0 0 0 66 0 64 62 0 0 0 0 74 76 70 77 71 72 73 0 75 0 12 0 0 0 15 14 0 10 0 5 0 0 1 81 0 0 0 38 0 42 36 35 0 0 41 0 47 45 0 43 50 48 51 44 0 0 0 26 0 30 0 27 0 0 16 0 0 0 0 18 17 0 23 
0 67 61 65 0 69 66 68 64 0 75 70 73 0 0 76 0 0 2 0 79 0 0 0 1 6 3 16 0 22 17 0 24 0 0 19 0 14 15 11 10 9 0 0 0 47 0 51 0 44 43 46 0 48 56 0 0 52 0 57 60 53 55 34 37 35 0 39 40 0 41 42 25 29 30 28 0 0 0 0 0 
8 13 0 0 9 0 12 14 10 0 0 16 19 0 24 0 0 0 29 31 25 0 26 0 28 0 0 0 48 49 44 45 51 0 47 46 40 0 0 38 37 0 34 0 35 74 76 0 72 0 0 0 0 0 0 81 4 0 5 0 0 80 0 0 0 62 0 66 0 63 0 69 0 0 0 55 60 0 0 58 59 
44 49 43 0 45 51 0 50 46 0 0 0 0 53 0 0 0 59 65 67 61 68 62 63 0 69 0 79 0 0 80 81 6 5 0 0 0 0 78 74 73 72 70 0 0 0 0 0 27 26 25 0 32 30 0 36 40 0 41 39 0 0 0 16 19 0 0 21 22 18 0 24 0 11 0 10 15 9 0 13 14 
80 4 79 0 81 0 3 0 0 0 12 7 10 0 0 13 11 0 20 0 0 0 17 18 19 0 21 0 39 40 0 36 0 41 0 0 31 0 0 0 0 0 0 0 0 0 67 0 0 62 61 0 68 0 0 72 76 70 0 75 0 71 0 52 0 0 56 0 0 0 59 0 43 47 48 0 0 45 44 49 0 
0 22 0 0 18 0 21 0 0 0 30 25 28 0 0 0 29 0 0 40 34 41 0 0 0 0 0 0 57 0 53 54 0 0 0 55 0 0 0 47 0 0 43 0 0 2 0 0 0 0 79 1 5 0 0 0 0 7 0 12 15 8 0 70 73 0 0 75 76 72 0 78 61 0 66 0 69 63 62 67 0 
26 0 25 0 0 0 0 0 0 36 39 0 37 0 0 40 0 0 47 0 0 0 44 45 0 51 0 61 0 67 0 63 69 68 65 0 58 0 60 56 55 0 52 0 53 0 13 0 9 0 7 10 14 12 0 0 0 16 23 0 0 0 19 0 1 0 2 3 4 0 0 6 0 74 75 73 0 0 0 76 77 
35 0 0 0 36 0 0 41 37 0 48 0 0 44 51 0 47 50 56 0 0 0 0 54 0 60 57 0 75 0 71 72 78 77 74 73 0 68 0 65 64 0 61 66 0 0 22 24 18 0 16 0 23 21 29 27 31 25 0 30 0 26 28 0 10 8 0 12 0 9 0 0 0 0 0 0 6 0 80 4 0 
0 71 65 0 0 0 70 72 0 0 0 0 0 0 0 80 0 0 6 8 0 9 3 4 0 0 7 0 0 0 0 0 28 27 0 0 0 0 0 15 14 13 0 0 12 51 0 55 0 0 0 50 0 52 60 0 62 56 63 61 64 0 59 38 0 0 42 0 0 40 0 0 0 0 34 32 0 0 0 35 0 
12 17 11 15 0 19 0 0 0 0 25 0 23 21 28 0 0 27 33 35 0 36 30 31 0 0 34 0 0 53 48 0 0 54 51 50 44 45 0 0 41 0 38 0 39 0 0 0 0 0 0 77 0 0 6 0 0 0 0 7 10 3 5 65 68 0 69 70 0 0 0 0 0 60 61 59 0 58 0 0 0 
57 62 56 60 0 0 61 0 0 67 70 0 0 0 0 0 69 72 78 0 74 0 0 0 0 1 79 11 0 0 0 13 19 18 0 14 8 9 10 6 0 0 2 7 0 42 0 0 0 0 38 0 45 0 51 49 53 47 54 0 55 48 0 29 32 0 33 0 0 0 0 0 0 24 25 0 0 22 21 26 27 
21 26 20 0 0 28 0 0 23 0 0 29 32 30 37 35 33 0 42 44 0 0 0 0 41 46 0 0 0 0 57 0 0 0 60 59 53 54 0 0 0 0 0 52 48 0 0 10 4 3 2 5 0 7 0 0 0 0 0 0 0 0 0 74 77 0 78 79 80 76 0 1 65 69 70 0 73 67 0 71 0 
0 0 0 0 4 0 7 9 5 13 0 11 14 0 0 17 15 0 0 0 0 27 0 22 23 0 25 0 43 0 0 0 46 0 42 0 35 0 0 33 0 31 29 34 30 69 71 0 67 66 0 68 0 0 0 76 80 0 0 0 1 0 0 0 59 0 60 61 0 0 0 0 0 51 52 50 0 49 0 0 54 
30 0 29 0 0 0 0 36 0 40 43 38 0 0 46 0 42 45 51 0 47 54 48 0 0 0 0 65 0 71 0 0 0 0 0 0 0 63 64 0 0 0 0 61 57 15 0 19 0 0 11 0 0 0 0 0 26 20 0 0 0 0 23 0 0 0 0 0 0 0 0 0 74 0 0 0 1 76 75 0 0 
0 53 0 0 49 0 0 0 0 0 0 0 0 0 0 0 0 63 0 71 0 0 66 0 0 73 70 2 7 8 3 4 10 0 0 0 0 81 1 78 77 0 0 79 0 0 0 0 0 30 29 32 36 0 0 0 44 0 0 43 46 0 0 20 0 21 24 25 26 0 27 0 11 0 0 14 0 13 12 0 18 
0 44 0 0 0 46 43 0 41 0 52 0 50 0 0 0 0 0 60 62 56 63 0 58 59 0 0 0 79 80 75 0 1 0 0 0 0 72 73 0 68 67 0 70 66 0 26 0 22 0 20 23 27 0 33 0 0 0 0 0 0 0 0 11 14 0 15 16 0 0 18 19 0 6 7 5 10 4 0 0 9 
75 80 74 78 76 0 79 0 0 0 7 0 5 0 0 8 0 9 15 17 0 0 12 0 0 19 0 0 34 35 0 31 37 0 33 32 26 0 28 0 23 0 20 25 21 0 62 64 58 57 0 59 63 0 0 0 0 65 0 0 0 66 0 0 0 0 51 0 0 0 54 55 38 42 0 0 0 0 39 0 0 
0 15 9 13 0 0 14 16 12 20 0 18 21 0 0 0 0 0 31 0 0 34 28 29 30 35 32 45 50 0 46 0 53 52 49 0 42 0 44 40 39 38 0 0 37 0 0 0 74 73 0 75 0 0 0 2 0 0 0 0 0 1 0 63 66 0 67 68 69 0 0 71 54 0 59 0 0 0 55 60 0 
73 78 72 76 74 80 0 0 75 2 0 0 0 0 0 6 4 7 0 15 0 16 0 11 12 17 14 0 32 0 0 0 0 0 0 30 0 25 0 22 0 0 0 23 19 0 60 62 0 55 54 57 61 0 67 65 69 63 0 0 71 64 0 45 0 0 49 0 51 47 0 0 0 40 41 39 44 0 0 0 43 
0 0 0 0 0 0 0 0 0 11 0 0 0 10 17 0 0 0 0 0 18 0 19 0 21 0 23 36 0 0 0 38 0 0 40 0 0 0 35 0 0 29 0 0 0 67 69 0 0 64 0 0 0 68 0 74 0 0 0 77 80 0 75 0 57 55 58 59 0 56 61 0 0 0 0 48 0 47 46 0 0 
37 0 0 0 38 0 0 43 0 47 50 45 0 46 0 0 0 0 58 0 54 61 0 56 57 0 59 0 0 0 73 0 0 79 0 75 0 70 0 67 0 65 0 0 0 0 24 0 0 19 18 0 25 0 31 29 33 27 34 0 35 0 0 0 0 0 0 0 15 0 0 17 0 4 5 0 8 2 0 0 7 
0 60 0 58 56 62 59 0 57 0 0 63 0 0 0 69 0 0 0 0 0 0 0 0 75 80 77 9 14 15 10 0 17 16 13 0 0 0 0 4 3 0 81 0 1 40 0 0 38 37 0 39 43 41 49 47 51 45 0 50 53 0 48 0 30 0 0 32 0 0 0 35 18 22 23 21 0 0 0 24 25 
28 0 0 31 0 0 0 34 0 0 0 36 39 0 44 0 40 43 49 51 0 0 46 0 0 53 50 63 0 0 0 0 0 0 67 66 60 61 0 58 57 0 54 0 0 0 15 17 11 0 0 0 16 14 0 0 24 0 0 23 26 0 0 0 3 0 4 5 6 2 7 8 0 0 77 75 80 74 73 0 0 
0 0 0 0 0 0 50 0 0 56 0 0 0 55 62 60 0 0 67 69 63 0 0 0 0 71 68 0 5 6 1 0 0 7 4 0 78 79 80 0 0 74 72 77 73 31 33 35 29 28 0 30 0 32 40 0 42 0 0 0 44 0 0 0 21 19 0 0 24 20 0 0 0 13 14 12 17 11 10 0 0 
0 69 0 0 65 0 0 0 0 0 0 0 0 73 80 0 76 79 4 6 81 7 1 0 0 0 0 18 23 0 0 20 0 0 22 21 0 16 0 0 12 11 0 14 0 0 0 0 0 46 0 0 52 50 58 56 0 54 0 0 0 0 0 0 0 37 0 41 0 0 43 0 27 31 32 0 35 0 0 0 34 
0 24 0 0 0 26 0 0 0 29 0 0 30 28 0 33 31 34 40 0 36 0 37 38 0 0 0 0 59 0 0 56 62 0 0 57 0 0 0 0 0 47 0 0 46 4 0 8 0 1 0 3 7 0 13 11 15 0 16 0 17 0 12 72 0 0 0 77 0 74 0 0 63 67 0 0 0 0 0 0 70 
13 18 12 16 14 20 0 0 15 23 26 21 24 0 29 0 25 0 34 36 30 37 31 0 33 38 0 48 53 54 0 50 56 55 52 51 0 46 47 43 42 0 39 44 0 0 0 0 77 76 0 78 0 0 7 0 9 0 0 8 0 0 0 0 0 67 70 71 72 68 0 0 57 61 62 0 0 0 58 63 64 
67 72 0 70 68 74 0 0 69 77 0 0 78 0 0 81 0 0 0 9 3 10 4 5 6 0 8 21 0 0 22 0 0 0 25 0 0 0 0 0 0 14 12 0 0 0 0 0 0 49 48 51 55 53 61 0 63 57 0 0 0 58 0 39 0 0 43 0 45 41 46 47 30 34 35 33 0 0 0 36 0 
49 54 48 0 50 56 53 55 0 0 62 57 0 0 0 0 0 0 70 0 0 0 0 0 69 0 0 0 8 9 4 0 0 10 0 0 0 0 0 0 0 0 0 0 0 0 0 0 32 31 0 0 0 0 0 0 0 0 46 0 0 0 42 21 24 22 0 26 0 0 28 0 12 0 0 0 0 0 0 18 19 
0 0 39 43 0 0 44 0 0 50 0 48 0 49 56 54 52 55 0 63 57 0 58 59 60 0 0 75 80 81 76 77 2 0 0 78 0 0 74 0 0 0 0 71 0 25 27 0 0 22 0 24 28 26 34 32 36 30 0 0 0 31 33 0 15 0 0 0 18 0 0 0 0 0 0 0 0 5 4 0 10 
58 63 0 0 0 0 0 64 60 0 71 0 69 67 0 0 70 0 79 81 0 1 0 77 0 2 80 0 0 0 0 0 0 0 16 0 0 0 0 0 6 0 3 0 4 43 0 47 41 0 39 42 0 0 0 50 54 0 0 0 0 0 0 0 0 0 34 0 36 32 37 38 21 25 0 0 0 23 0 27 28 
76 0 75 79 77 0 80 0 0 0 8 3 0 0 0 0 7 0 0 18 0 19 0 0 0 20 17 0 35 0 0 0 38 37 34 0 0 28 0 0 24 0 0 26 22 0 0 0 0 58 0 60 64 0 70 68 72 66 0 0 0 67 69 0 51 49 0 0 54 0 0 0 39 0 0 42 0 41 0 0 0 
0 27 21 25 23 0 26 0 0 32 0 0 0 31 38 36 0 0 0 45 0 46 0 41 0 47 44 0 62 63 0 0 0 0 0 0 54 55 56 52 0 50 48 0 0 7 0 11 0 0 3 0 10 8 16 14 18 12 0 0 20 13 15 0 78 0 0 0 81 77 1 0 0 0 0 0 0 68 0 0 0 
4 0 0 7 0 11 0 0 6 0 0 0 0 13 20 0 0 0 0 27 0 0 0 0 24 0 0 0 44 45 40 41 0 46 0 0 0 37 0 0 0 0 0 0 31 70 72 0 68 67 66 69 73 0 79 77 0 0 1 0 2 76 0 57 0 58 0 0 63 59 64 65 0 52 53 0 0 50 0 0 55 
0 36 30 0 0 0 0 37 33 41 44 39 0 40 47 0 0 0 0 54 0 55 49 0 51 0 53 0 71 72 0 68 0 0 0 69 63 64 0 0 60 59 57 62 58 0 18 0 14 0 12 0 19 17 25 0 27 21 0 26 0 22 0 3 0 0 0 8 9 5 10 11 75 79 80 0 0 0 76 0 1 
0 25 0 23 21 27 24 26 0 0 0 0 0 0 0 0 0 0 41 43 0 44 38 0 40 45 42 0 60 61 56 57 63 62 59 0 52 0 0 50 49 0 0 0 47 0 7 9 3 2 1 4 0 0 0 0 0 10 17 15 0 11 0 73 0 74 0 78 79 0 0 0 64 68 69 67 0 0 0 0 0 
0 0 73 0 75 0 0 80 0 3 0 1 4 2 9 0 0 0 14 0 10 0 0 12 13 18 15 0 33 34 0 0 0 35 32 0 25 26 0 23 0 0 19 24 20 0 61 63 0 56 0 58 0 60 0 0 70 64 0 0 0 65 67 0 49 47 0 0 0 48 0 0 0 0 0 0 0 39 38 0 44 
0 0 28 32 30 36 0 35 31 0 42 0 0 0 45 0 0 44 50 0 0 53 47 48 49 54 0 0 69 0 65 0 0 0 68 67 0 0 63 59 58 0 55 0 0 0 0 0 12 0 10 13 17 0 0 0 25 0 0 0 27 20 0 1 4 2 5 0 7 3 0 0 73 77 78 76 81 0 0 0 80 
11 0 10 0 0 0 0 0 13 0 24 19 22 20 27 25 23 0 0 0 28 0 29 0 0 36 0 46 51 0 47 0 0 0 50 49 0 0 0 0 40 0 37 0 38 0 0 0 75 74 73 76 80 0 5 3 7 1 0 0 9 0 4 64 0 65 68 69 0 66 71 72 0 59 60 0 63 57 0 61 62 
0 7 1 5 0 0 0 8 0 12 15 10 13 0 0 0 0 0 0 25 0 26 0 21 0 0 0 37 42 0 38 39 45 44 0 0 34 35 0 32 0 30 28 0 29 0 70 72 66 0 0 0 0 69 0 0 79 73 0 0 81 74 76 55 58 56 59 60 61 57 62 63 46 0 51 49 0 0 0 0 53 
38 43 0 0 39 45 42 0 40 0 0 0 0 0 0 52 50 0 0 0 0 62 56 0 58 0 0 73 0 79 74 0 0 80 0 76 70 0 0 0 0 0 64 0 65 0 25 27 21 20 19 22 0 0 32 0 0 0 0 33 36 29 31 10 13 11 0 15 16 12 0 18 0 0 0 4 9 0 0 0 0 
0 70 0 68 0 0 0 71 0 75 0 73 0 0 81 79 0 80 0 7 0 0 2 3 0 9 6 0 0 25 0 21 27 0 0 22 0 0 18 0 13 12 0 15 11 50 0 54 48 47 46 0 53 0 59 57 61 0 62 60 0 0 58 37 40 38 41 42 43 0 0 0 28 0 0 31 36 0 29 34 0 
0 0 0 0 48 0 0 0 49 0 60 55 58 56 0 61 59 62 0 70 64 0 65 0 67 0 0 1 0 0 2 3 0 8 5 0 0 80 81 77 0 0 0 78 0 32 34 0 0 0 0 31 35 33 0 39 0 37 0 42 0 0 40 19 22 0 23 0 0 0 26 27 0 14 15 0 0 0 11 0 17 
0 61 55 0 57 0 0 62 58 66 0 64 67 65 72 70 68 0 77 0 73 0 74 75 76 0 0 10 0 0 0 0 18 17 14 13 0 8 0 5 0 3 1 6 2 0 0 45 0 0 0 40 44 42 0 48 52 0 53 0 0 47 0 0 0 29 0 33 34 0 0 0 19 23 24 0 0 0 20 25 26 
42 0 0 45 0 0 46 0 0 0 0 50 0 0 0 0 54 0 63 65 59 0 0 61 0 0 0 77 0 0 78 0 4 3 0 0 74 0 0 72 0 0 68 0 69 0 29 31 0 24 23 26 0 0 36 0 38 32 0 37 40 33 35 0 17 15 0 19 0 0 0 0 0 9 0 0 13 7 6 0 12 
6 11 0 0 0 0 10 0 0 16 0 14 0 0 22 0 18 21 0 29 23 0 24 25 0 0 28 0 0 0 0 0 0 0 45 0 38 0 40 0 35 0 0 0 0 0 0 0 0 0 68 0 0 0 0 79 0 0 0 0 4 78 80 59 0 60 63 64 0 61 66 67 0 0 55 0 0 52 0 56 57 
24 0 23 0 25 0 28 30 26 34 0 0 0 0 40 0 36 39 45 47 0 48 0 43 44 49 46 0 64 65 0 0 0 66 0 62 56 57 0 54 0 0 50 0 51 9 11 0 7 6 5 0 12 0 0 16 0 0 0 19 22 15 0 77 0 78 0 0 0 79 0 4 0 0 73 0 0 0 69 0 75 
69 0 68 0 70 0 73 75 0 79 0 77 0 0 4 0 81 3 0 11 0 0 6 7 0 13 10 0 28 29 24 25 0 0 0 26 0 0 0 0 0 16 0 19 0 54 0 58 0 0 50 0 0 0 63 0 0 0 0 64 0 60 0 41 44 42 45 0 47 0 48 49 0 36 37 0 40 0 33 0 0 
0 0 0 0 79 4 0 3 0 0 0 5 8 0 0 11 9 0 0 0 14 21 15 0 0 0 19 0 0 38 33 34 40 0 36 35 0 30 31 0 26 25 23 28 0 0 65 0 0 60 0 0 0 0 72 0 0 68 75 73 0 69 71 50 53 0 54 0 56 52 57 0 41 0 0 0 49 43 42 47 48 
0 0 32 0 34 0 0 39 35 43 0 0 44 42 49 47 45 48 54 0 0 57 0 0 53 58 55 68 0 0 0 0 0 75 0 71 65 66 0 63 0 61 59 64 0 0 20 0 0 15 14 17 21 0 27 0 29 23 30 28 31 0 0 0 8 0 0 0 11 7 12 13 77 0 1 80 4 79 78 2 0 
0 0 50 54 52 58 0 0 53 61 64 59 62 0 0 0 0 0 72 0 0 75 69 70 0 0 0 0 10 0 6 7 13 0 9 8 2 0 4 0 80 79 77 1 0 0 0 0 0 0 32 0 0 37 0 0 0 0 48 46 0 42 44 0 0 24 0 28 0 25 0 31 14 18 0 17 22 0 15 0 21 
60 0 0 63 61 0 0 0 62 0 0 0 0 0 0 0 72 0 81 0 77 3 0 0 80 4 1 0 0 20 15 0 0 21 0 0 11 12 13 0 0 7 0 0 6 0 0 49 0 42 0 0 0 0 0 52 0 0 0 0 58 0 53 0 0 0 36 0 38 34 39 0 23 27 28 0 31 0 0 29 30 
15 20 0 18 16 0 0 0 17 25 0 23 26 0 31 29 0 30 0 0 0 0 33 0 35 40 0 0 55 0 51 52 0 57 54 53 0 0 0 45 44 43 41 0 42 0 0 0 0 0 0 0 3 0 0 0 11 5 0 0 13 6 8 0 0 0 0 73 74 0 75 0 0 0 0 0 67 0 0 0 66 
0 3 78 0 80 5 0 0 81 0 11 6 9 7 14 12 0 13 19 21 15 22 16 0 18 23 0 33 38 39 0 35 41 0 0 36 30 31 0 0 0 26 0 0 25 64 66 0 62 0 60 63 0 0 73 71 0 0 76 0 77 0 0 51 0 52 55 0 0 53 0 0 42 46 0 0 0 44 43 48 0 
43 0 42 46 0 0 0 0 0 53 56 51 0 0 59 0 55 58 0 66 0 0 0 62 0 68 0 78 0 3 0 80 0 4 0 81 75 0 77 73 72 0 0 74 70 28 30 0 0 25 0 0 31 0 0 35 0 33 0 0 0 34 36 15 0 0 19 0 0 17 0 23 6 0 0 0 0 8 0 12 0 
0 0 15 19 0 0 0 0 18 26 29 0 0 25 32 0 0 31 37 39 33 40 0 35 0 0 0 0 56 0 52 53 59 58 0 0 0 49 0 46 0 0 0 0 43 0 0 5 0 79 78 0 0 0 0 8 12 6 0 11 0 0 9 0 72 70 0 0 0 71 0 0 0 64 0 0 68 0 61 66 67 
25 0 0 0 26 32 29 0 27 0 0 33 36 34 0 39 37 40 46 48 0 0 0 0 45 0 47 0 65 66 61 0 0 0 64 0 57 0 0 55 0 53 0 0 52 0 12 0 8 0 0 9 13 11 19 17 0 0 22 0 0 0 18 78 81 0 1 0 3 80 0 0 0 73 74 72 0 71 70 0 76 
0 0 33 0 35 41 38 0 0 44 47 42 45 43 0 48 0 49 0 0 51 58 0 0 0 0 56 69 74 75 0 0 77 76 73 0 66 67 0 0 0 62 60 0 61 19 0 0 17 16 15 0 22 20 28 26 30 0 0 0 0 25 27 0 0 7 0 11 0 8 13 0 78 1 2 0 0 80 0 0 0 
0 0 0 64 62 0 0 67 63 0 74 0 72 70 0 0 73 0 0 3 78 4 0 0 81 0 0 0 20 0 0 17 0 0 19 0 0 13 0 10 0 8 6 11 0 46 0 0 0 43 42 0 0 0 55 53 57 51 58 0 59 0 54 33 0 0 37 38 39 0 0 41 24 0 0 27 0 0 0 0 0 
52 57 0 55 53 0 0 0 54 62 65 0 0 61 68 0 64 0 73 75 0 76 0 71 72 0 74 6 0 12 0 8 0 13 0 0 3 4 5 1 0 0 78 2 79 37 0 0 35 0 0 0 0 38 46 0 48 0 0 47 50 43 45 24 0 0 0 0 0 0 0 0 15 19 0 18 0 0 0 0 22 
0 12 0 10 0 14 0 0 9 0 20 0 18 0 0 21 0 22 0 30 24 0 0 26 27 32 0 0 0 48 43 44 50 0 0 0 39 0 0 37 36 0 33 38 34 73 0 0 71 0 0 72 0 0 0 80 3 78 0 0 0 79 81 60 0 0 0 65 66 0 0 68 0 0 56 0 59 53 0 57 58 
0 0 0 73 71 77 0 76 0 80 2 78 0 79 5 3 0 0 10 12 6 0 7 0 9 0 11 0 29 30 0 0 32 0 0 27 0 22 23 19 18 17 15 20 16 0 0 0 0 52 0 0 0 56 64 0 0 60 0 0 68 0 0 0 0 43 0 47 0 0 49 0 0 37 0 36 41 0 34 0 40 
