9
45 43 0 42 0 0 47 41 39 0 19 0 0 17 18 12 16 0 0 38 0 34 0 0 0 0 0 0 9 11 6 10 8 0 0 0 0 0 0 60 0 61 63 0 59 79 0 78 0 77 0 0 76 81 70 0 0 67 73 68 72 71 69 53 0 0 49 54 51 0 0 0 25 22 23 28 0 0 0 21 0 
0 34 31 33 0 0 38 0 0 0 10 6 11 0 9 3 0 0 0 29 0 25 0 0 24 0 0 75 0 0 78 1 0 79 77 0 48 49 0 0 0 52 54 55 0 0 0 69 66 68 0 0 67 0 0 57 0 58 0 0 63 0 0 0 0 0 0 45 0 43 46 0 16 13 14 0 15 0 20 0 0 
63 61 0 60 0 62 65 59 0 32 0 33 38 35 0 0 0 0 54 56 0 52 0 53 51 49 0 0 0 0 24 28 0 25 23 22 0 76 2 78 0 79 0 1 0 0 0 0 0 14 17 0 13 0 0 3 11 0 10 5 9 0 6 71 0 0 67 72 0 0 73 0 43 40 0 46 0 0 47 0 44 
72 0 67 69 73 0 0 68 0 0 46 0 47 44 45 39 43 0 0 0 0 0 64 62 0 0 57 30 36 0 33 37 0 34 32 0 0 0 0 0 8 0 0 10 0 25 0 0 21 23 26 28 22 0 16 0 0 0 19 0 18 0 0 0 0 0 0 81 0 79 0 75 52 0 50 0 0 0 0 48 53 
9 7 4 6 0 8 11 5 3 0 0 60 0 0 0 0 0 0 81 2 77 0 0 0 0 0 0 0 0 56 51 0 0 52 50 49 21 0 29 24 0 0 27 0 0 43 0 0 0 41 0 0 40 0 0 0 0 31 0 0 0 35 0 0 0 14 0 18 15 16 19 12 0 67 0 0 0 0 0 66 71 
54 0 0 0 55 53 56 50 0 0 0 24 29 0 27 0 25 22 45 47 0 43 0 0 42 0 0 12 0 0 15 0 17 0 14 13 66 0 74 69 0 70 72 0 68 0 0 0 0 0 8 10 0 9 0 0 0 76 1 0 81 0 78 62 65 59 58 0 0 0 64 57 34 0 0 37 0 0 38 30 0 
0 79 76 0 0 0 0 77 75 50 0 0 56 53 0 48 52 49 72 74 68 70 73 71 0 0 66 0 45 47 42 46 44 43 41 40 0 13 0 0 0 0 0 0 14 0 38 33 0 32 35 0 31 36 0 21 0 22 0 23 0 0 24 8 0 5 0 9 6 0 0 0 0 58 0 0 60 0 65 57 62 
27 25 0 0 28 0 0 23 21 0 1 0 2 0 0 75 79 0 0 20 0 0 19 0 0 0 12 0 72 0 0 73 71 0 0 67 0 0 47 0 44 0 45 0 41 0 0 60 57 59 62 0 58 63 52 0 0 0 55 50 54 53 51 0 38 32 31 36 0 34 0 0 0 4 0 10 0 9 0 0 0 
18 0 13 0 0 17 20 0 0 0 73 69 74 0 72 0 0 0 9 0 5 0 10 0 6 4 3 0 63 65 60 64 0 0 0 58 30 31 38 0 0 34 0 0 32 0 56 51 48 50 0 0 49 0 0 39 47 40 46 41 0 0 0 26 29 23 22 0 24 25 0 0 0 0 77 0 0 0 2 0 80 
0 0 20 22 26 0 27 21 0 0 0 76 0 0 79 73 77 0 16 0 12 0 0 0 13 11 0 0 70 0 0 0 0 0 0 0 37 38 45 40 0 0 0 44 39 59 63 58 0 0 0 0 0 61 50 46 54 0 53 0 0 51 0 33 0 30 0 0 31 32 0 28 5 2 0 8 4 7 9 0 0 
0 0 29 31 35 0 36 0 28 3 0 4 9 6 7 1 5 2 0 27 21 23 0 0 22 0 0 0 0 81 0 0 0 77 0 0 46 47 0 0 51 50 52 53 0 68 0 0 0 66 69 0 0 70 0 55 63 56 62 57 0 0 58 0 45 0 0 43 0 0 0 0 14 11 12 17 0 0 18 10 0 
7 5 0 0 8 6 9 0 1 0 62 58 63 0 61 55 59 0 0 81 75 77 0 78 76 0 73 46 0 0 0 0 51 50 0 0 19 0 27 22 0 0 0 26 0 41 0 0 37 0 42 0 0 43 32 28 36 0 0 0 34 33 31 0 0 0 0 16 13 0 17 0 0 65 66 71 67 70 72 64 69 
52 50 0 49 0 51 0 0 46 0 0 22 27 0 0 19 23 0 43 0 39 0 0 42 40 0 0 10 0 18 13 0 0 14 0 0 64 0 72 0 0 0 70 0 0 5 9 4 0 0 6 8 0 0 77 0 81 74 80 0 79 78 76 60 0 0 0 0 58 0 0 0 32 29 30 0 31 34 36 28 33 
0 77 74 76 80 78 81 0 73 0 0 49 0 51 52 46 0 47 70 72 0 68 71 0 67 0 0 37 0 45 0 44 0 41 39 0 0 11 0 13 15 0 0 17 0 32 0 0 28 30 33 35 29 0 23 19 27 20 26 0 25 24 0 6 0 0 0 7 4 0 0 1 59 0 57 0 0 61 63 0 60 
0 59 0 58 0 60 0 0 0 30 35 31 0 33 34 28 0 0 0 54 0 50 53 51 0 0 46 0 0 27 0 0 0 0 0 20 0 0 81 76 78 0 79 0 0 14 18 0 10 12 15 17 11 0 5 1 9 0 8 3 0 6 0 69 0 0 0 70 67 0 0 64 0 38 0 0 0 43 45 0 0 
0 0 0 13 0 0 0 0 10 66 71 0 72 69 0 64 68 0 7 0 3 5 8 0 0 2 0 0 0 0 58 62 0 59 0 0 28 0 36 0 33 32 34 0 30 0 0 49 0 0 51 0 47 0 41 37 0 38 0 39 0 0 40 0 27 21 20 0 0 23 0 19 77 0 0 0 76 0 0 73 0 
70 68 65 67 71 69 0 0 64 0 0 0 45 0 43 0 41 0 0 63 0 0 62 60 0 56 0 28 34 36 31 0 0 0 0 29 0 0 9 0 0 5 7 0 0 23 27 0 19 21 24 26 0 25 0 0 18 0 17 0 16 0 0 0 0 75 74 79 76 0 0 73 0 0 48 0 49 52 54 0 0 
0 41 0 0 44 42 45 0 0 12 17 13 0 0 16 0 0 11 34 0 30 0 0 0 0 0 28 1 0 0 4 8 6 5 3 2 55 56 0 0 0 0 0 0 57 0 0 0 0 75 0 80 0 0 68 0 0 65 71 0 70 69 67 0 54 0 47 0 0 0 53 46 23 0 0 26 22 25 0 0 0 
17 15 12 0 0 16 0 13 0 67 72 0 0 70 0 65 69 66 8 0 4 0 0 7 5 3 2 56 62 0 0 63 0 0 58 57 0 0 0 32 34 33 35 0 0 51 55 50 47 0 52 0 0 53 0 0 46 0 45 0 44 0 0 25 28 22 0 26 23 24 27 20 0 0 76 0 77 80 1 0 0 
53 0 0 50 0 0 55 49 47 22 0 23 0 0 0 20 0 21 44 46 40 42 45 0 0 39 0 11 17 19 14 18 16 0 0 12 0 0 73 68 0 69 71 0 67 6 0 0 2 4 7 0 0 0 78 0 1 75 0 0 0 0 0 0 0 58 57 62 0 0 0 0 33 0 0 0 0 35 37 0 34 
0 0 39 0 45 43 46 40 0 0 0 0 0 16 17 0 0 12 0 0 31 33 0 0 0 0 29 2 0 0 5 9 0 0 4 0 56 57 64 59 0 60 0 63 58 78 1 0 0 0 79 0 75 80 0 0 0 0 72 67 0 0 68 0 55 49 48 0 50 51 54 47 0 0 0 0 0 0 0 0 25 
80 78 0 0 81 0 0 76 74 49 54 0 55 0 53 0 51 48 0 73 67 0 72 0 68 0 65 38 0 0 0 0 43 0 40 39 0 0 0 14 16 15 17 0 0 0 0 32 29 0 34 36 0 0 24 20 28 21 0 22 26 0 0 0 10 4 0 0 5 6 9 2 0 57 0 63 0 62 64 0 61 
35 0 0 32 0 34 37 31 0 0 0 5 0 7 8 0 6 0 0 0 0 0 0 0 23 21 0 74 0 1 77 81 0 78 0 75 47 0 55 50 52 0 0 0 0 69 73 68 0 0 0 0 0 0 0 0 0 57 63 58 0 0 0 0 46 0 0 0 0 0 45 38 15 12 13 0 0 0 0 11 0 
71 0 66 68 72 70 0 67 0 0 45 0 46 0 44 38 0 0 0 0 58 60 63 0 0 57 0 29 0 37 0 36 34 33 31 0 0 3 10 5 0 6 8 9 0 24 28 0 0 0 25 0 0 26 0 0 19 0 18 0 17 0 0 0 0 0 0 0 77 0 0 74 0 0 49 0 0 53 55 47 52 
0 24 0 23 27 25 28 0 20 0 81 77 0 79 80 74 78 0 0 0 0 15 0 16 14 0 11 65 0 0 68 72 70 0 0 0 0 0 0 41 0 0 0 0 0 0 64 0 0 58 61 0 0 62 0 47 0 0 0 49 0 0 50 0 37 0 30 0 0 33 36 0 0 3 0 0 0 8 0 2 7 
0 6 3 0 0 7 0 4 2 0 63 0 0 0 62 0 60 0 0 1 0 78 81 79 77 75 0 0 0 55 50 54 0 51 0 0 0 21 28 0 25 24 0 0 0 42 0 0 38 40 0 45 0 44 0 29 0 0 36 31 35 34 0 16 19 13 12 17 14 15 18 11 69 66 0 0 0 0 73 0 0 
0 0 57 59 63 0 64 0 56 0 0 32 37 34 35 29 0 0 53 0 49 0 54 52 0 0 0 20 26 28 0 27 0 24 0 0 74 0 1 0 79 0 80 0 76 15 0 0 11 0 16 18 12 0 0 0 10 0 0 0 8 7 0 0 73 0 66 71 68 69 0 0 42 0 40 0 41 44 46 38 43 
0 29 26 28 32 0 0 0 25 81 0 1 6 3 4 79 0 80 0 0 0 20 0 21 0 0 16 0 76 78 0 0 75 0 0 71 0 0 0 46 0 0 0 0 0 65 69 64 0 63 0 68 62 67 56 0 60 53 59 0 58 0 0 39 0 0 35 0 0 38 0 34 0 8 0 14 0 13 0 0 12 
0 0 62 64 68 66 69 63 0 0 41 37 42 39 0 0 38 35 0 60 54 56 59 57 0 53 52 0 0 33 28 32 30 29 0 26 79 80 6 0 0 2 4 5 0 20 24 0 0 18 0 0 0 22 0 0 15 8 14 9 13 0 0 75 0 72 0 0 73 0 77 70 47 0 0 0 0 0 0 43 0 
0 0 0 55 0 57 0 0 0 0 0 28 0 30 31 0 29 0 0 0 0 0 50 48 0 44 43 0 22 24 0 23 21 20 18 17 70 71 78 73 75 0 0 77 0 11 0 0 0 9 12 14 0 13 2 79 0 0 0 0 0 3 1 66 69 0 0 67 0 65 68 0 38 35 0 0 0 0 0 34 0 
0 2 80 0 5 3 6 0 79 0 0 55 60 57 58 52 0 0 0 0 72 74 0 75 0 71 70 43 49 0 46 0 48 0 45 0 16 17 24 0 0 20 22 23 0 38 0 37 34 36 39 0 35 40 29 0 0 0 0 27 0 30 28 0 0 9 8 0 0 0 14 7 0 0 0 0 0 67 69 61 0 
22 20 17 0 23 0 24 0 16 0 77 0 78 0 76 0 0 0 0 0 9 0 0 12 0 0 0 0 0 69 0 68 66 0 63 0 0 0 0 37 39 38 0 41 0 0 60 0 0 0 57 59 0 0 0 0 51 0 50 0 0 0 0 30 0 27 0 31 28 0 0 25 0 80 0 0 1 4 6 0 0 
40 38 0 0 0 39 42 36 34 9 14 0 15 12 13 0 0 0 0 0 0 29 0 0 0 0 25 0 4 0 1 5 3 2 0 0 0 53 60 0 57 0 0 59 54 0 0 73 0 0 75 0 71 76 0 61 0 0 68 63 0 66 0 48 0 45 44 49 46 0 50 43 0 17 0 0 19 22 24 0 21 
76 0 0 73 0 75 0 72 70 45 50 0 51 48 49 43 0 0 0 0 0 0 0 66 64 62 0 0 0 0 37 41 39 0 36 35 7 8 15 0 12 0 0 0 0 29 0 0 0 0 0 32 0 31 20 0 0 17 23 0 22 21 19 3 6 0 0 0 1 2 5 0 0 0 0 0 0 0 60 0 0 
49 0 44 46 50 0 51 45 0 0 0 0 24 21 0 0 0 17 0 0 36 0 0 39 0 35 0 7 13 15 0 0 12 0 9 0 0 0 0 64 66 0 0 0 0 0 0 1 0 81 0 0 0 0 74 0 78 71 0 72 76 0 0 57 60 54 53 0 55 56 0 0 29 0 27 0 0 0 0 25 30 
13 11 8 0 0 12 15 0 0 0 68 64 69 66 0 61 65 62 0 0 81 0 5 0 1 80 79 52 0 0 0 59 0 0 54 53 25 26 0 28 0 0 0 0 27 47 51 0 0 0 0 50 0 49 0 34 0 0 41 0 0 39 37 0 0 0 17 22 0 0 23 16 0 71 0 0 73 76 0 0 75 
23 0 18 20 0 0 0 19 17 73 78 74 0 0 0 0 0 72 0 16 0 0 0 13 0 0 0 0 68 70 65 69 67 0 0 0 35 0 0 38 0 39 0 42 37 57 61 0 53 55 0 0 54 0 48 0 0 0 0 0 50 0 0 31 34 0 27 32 29 30 33 0 0 81 0 6 2 5 0 80 4 
0 0 0 2 6 4 7 0 0 0 0 56 0 0 59 53 57 54 77 79 0 75 78 76 0 72 0 44 50 52 0 51 0 0 0 0 17 18 0 20 22 21 23 0 19 0 0 38 0 0 0 0 0 0 0 0 34 27 0 0 0 0 0 0 16 0 0 14 0 0 15 8 0 0 0 69 65 0 0 62 67 
0 0 0 0 15 13 16 10 8 64 69 0 0 0 68 62 66 63 5 7 0 3 6 0 0 81 80 0 0 0 0 60 0 57 0 0 0 0 0 29 0 30 32 0 0 48 52 47 44 0 49 51 45 0 0 0 43 36 0 0 0 0 38 22 25 19 0 23 0 21 24 0 0 72 0 78 0 77 79 0 76 
68 66 63 0 69 67 0 64 0 0 0 38 43 0 0 0 0 0 0 0 55 57 60 0 56 54 53 26 32 34 29 33 0 0 0 27 80 81 0 2 0 0 5 0 1 21 0 0 17 0 0 24 0 23 0 8 0 0 0 10 0 0 11 76 0 73 0 77 74 75 78 71 0 0 46 0 0 0 0 44 49 
77 75 72 0 0 76 79 73 0 0 0 0 0 49 50 0 48 45 68 70 64 66 69 67 0 0 0 0 41 43 0 0 40 0 0 0 8 9 0 11 0 0 14 15 0 30 0 0 26 28 0 0 0 32 21 0 0 18 0 0 0 0 20 4 0 1 81 0 0 0 0 80 57 0 55 60 56 0 61 0 0 
0 0 45 0 51 49 0 46 0 19 24 20 25 0 0 0 0 18 0 0 37 0 42 40 38 0 0 8 0 0 11 0 0 12 10 0 0 0 0 65 67 66 0 0 64 0 7 2 0 0 0 0 0 5 0 0 79 72 0 0 77 0 74 0 61 55 0 0 0 57 0 0 0 0 28 0 29 32 34 26 0 
0 0 0 0 0 31 34 0 0 1 0 0 0 4 5 80 3 0 23 0 19 0 24 0 0 18 0 0 77 0 74 78 76 75 73 72 0 0 0 0 0 48 50 0 46 0 0 0 62 64 0 69 0 68 57 53 0 0 60 55 59 0 0 0 43 0 36 0 0 39 42 35 0 9 0 15 0 14 16 8 0 
41 0 0 0 0 0 0 0 35 0 0 11 0 13 0 0 0 9 0 0 0 30 0 0 29 27 0 0 5 0 2 6 0 0 0 81 0 54 61 0 58 57 59 60 0 0 0 0 71 0 76 78 0 0 66 0 70 0 69 0 0 0 65 49 0 46 45 50 47 48 0 0 21 0 0 0 20 0 25 0 0 
59 0 54 0 0 58 61 0 53 28 33 0 34 0 0 0 0 0 50 52 0 0 51 0 47 45 44 0 23 0 0 24 22 0 0 0 71 0 79 74 76 75 77 78 73 0 16 0 0 10 0 15 0 0 3 0 7 0 6 1 0 4 2 0 70 0 0 68 0 0 0 0 0 36 0 42 0 41 0 35 0 
10 8 5 0 11 9 12 6 4 60 65 0 66 63 64 0 0 59 1 0 0 80 2 81 0 0 0 49 0 57 0 56 0 0 0 0 22 0 30 0 27 26 0 0 0 0 0 43 0 42 0 47 41 46 0 0 39 32 38 33 0 36 34 18 21 15 0 19 16 0 20 0 0 0 69 0 70 0 0 67 72 
46 0 0 43 0 45 48 42 40 0 0 16 0 18 19 0 0 14 37 0 33 0 0 0 0 32 0 0 0 0 7 0 0 8 6 0 0 0 66 0 0 0 0 0 60 80 0 79 0 78 0 0 0 1 0 67 0 0 74 69 0 72 0 0 57 0 0 0 0 53 0 49 26 0 24 29 0 0 30 0 27 
0 0 77 0 2 0 0 0 0 51 56 52 57 54 0 0 53 50 0 0 0 0 0 72 70 68 0 0 0 0 0 47 0 0 0 41 13 14 0 0 18 17 19 0 15 35 39 0 0 33 0 0 32 37 0 22 0 23 0 0 0 27 0 0 12 0 5 0 7 0 0 4 0 59 0 65 0 64 0 0 63 
0 26 0 25 29 0 30 24 0 78 0 0 3 81 1 76 0 77 19 0 15 0 20 18 16 0 13 67 73 75 70 74 72 71 69 68 40 41 0 0 45 44 0 0 0 0 66 61 58 0 63 65 59 64 53 0 57 50 0 0 0 54 52 36 39 33 32 0 0 35 0 31 0 5 0 0 7 10 0 0 0 
64 62 0 61 0 0 66 0 58 33 0 34 0 0 0 31 0 0 55 57 51 53 0 0 52 0 49 22 0 0 0 0 0 0 0 0 0 77 3 79 0 80 0 2 0 17 0 16 13 15 18 0 14 0 8 0 12 5 0 6 0 0 0 72 75 69 68 0 70 0 74 0 0 0 0 47 43 46 0 40 0 
73 0 68 0 0 0 75 0 0 0 0 0 0 0 46 40 44 41 64 0 60 62 65 63 61 59 0 31 0 0 34 38 0 0 33 0 4 0 0 7 0 0 10 0 0 0 30 25 0 0 27 0 23 28 0 13 21 14 20 0 0 18 0 0 3 78 0 0 79 0 2 76 53 50 51 56 0 0 0 49 54 
0 0 50 52 0 0 57 0 49 0 29 25 0 0 28 22 0 0 46 0 42 0 47 45 43 41 40 13 19 21 16 0 0 17 15 14 67 0 0 0 72 71 0 74 0 8 0 7 0 0 9 11 0 0 0 0 0 77 0 0 0 0 0 63 66 60 0 0 61 62 65 0 0 0 0 38 0 0 0 31 0 
0 35 0 34 38 0 39 0 0 0 0 0 0 9 10 0 0 0 28 30 24 26 29 0 0 23 0 0 0 3 0 0 0 80 78 0 0 0 0 52 54 0 0 56 51 71 75 0 0 0 72 0 0 0 62 58 0 59 0 0 0 0 0 0 48 42 0 46 0 44 0 0 17 14 0 20 0 19 0 0 0 
19 17 0 0 0 18 0 15 0 0 74 0 0 72 0 67 0 68 0 12 0 0 0 9 0 0 4 0 0 66 0 65 0 62 60 59 0 0 0 34 36 0 37 38 0 53 0 0 0 0 54 0 0 55 0 40 0 41 47 0 46 45 43 0 30 24 23 0 0 0 29 22 80 0 0 2 0 0 3 0 0 
0 67 0 0 0 0 71 65 63 38 0 39 0 41 42 36 40 0 60 62 56 0 61 59 57 0 0 0 0 0 0 34 0 31 29 28 81 0 8 0 0 4 0 7 0 22 0 21 0 0 0 0 0 0 13 9 0 10 0 0 15 0 12 77 80 0 0 0 75 0 79 72 49 0 0 0 48 51 0 0 0 
0 76 0 75 0 0 80 0 0 47 0 48 0 50 0 45 49 0 0 71 0 0 70 68 0 64 0 36 0 44 39 43 0 40 0 37 0 0 17 12 14 0 15 16 0 31 35 0 0 0 32 34 0 33 22 0 0 0 25 0 0 23 21 0 0 2 1 0 0 0 0 0 0 55 56 61 57 0 0 0 59 
0 13 10 0 0 0 17 0 0 0 70 0 0 0 0 0 0 0 6 8 2 4 7 5 0 1 0 0 60 0 57 61 0 58 0 55 0 0 35 30 32 0 33 34 0 49 0 48 0 0 0 52 0 51 0 36 0 0 43 0 42 0 39 23 0 20 0 0 0 22 0 18 0 0 0 0 75 0 0 72 77 
42 40 37 0 43 0 0 38 0 11 16 12 0 14 0 9 13 0 0 35 29 0 0 0 0 28 0 0 0 0 0 0 0 0 2 0 0 0 62 0 59 0 0 0 56 0 80 0 0 0 0 0 73 0 67 0 71 0 70 65 69 68 66 50 0 47 46 0 0 0 52 45 0 0 20 25 21 0 26 18 23 
0 0 28 30 34 0 0 29 27 0 0 3 0 0 6 81 4 1 24 0 20 22 25 23 21 19 0 0 0 0 0 0 77 0 74 73 0 0 0 48 50 0 51 52 47 0 71 66 0 65 68 70 64 0 0 0 62 0 61 0 60 59 0 0 44 0 37 0 0 40 0 0 0 10 0 0 0 0 17 0 14 
24 0 0 21 25 0 0 20 18 0 79 75 80 0 0 72 0 73 15 17 0 0 16 14 12 0 9 0 0 71 0 0 0 67 65 64 0 37 0 0 41 0 0 43 38 58 0 0 54 56 0 61 55 60 0 0 0 0 52 47 0 0 48 0 0 0 28 33 0 0 34 0 4 1 0 7 3 6 0 81 5 
6 4 1 3 7 0 8 2 81 0 61 57 62 0 60 54 58 0 78 0 0 0 0 0 0 73 0 45 51 53 0 52 50 49 47 0 18 0 26 21 0 0 0 25 20 0 44 39 0 38 41 0 0 42 0 0 35 28 34 0 33 32 30 14 0 11 10 15 0 0 16 0 67 64 65 70 0 0 0 0 0 
0 0 46 48 52 0 53 47 0 0 0 0 0 23 0 0 0 19 0 44 0 0 0 41 0 37 36 0 0 17 0 16 0 13 0 0 63 0 0 66 68 67 0 0 0 0 8 0 81 2 5 0 0 0 76 72 80 73 79 74 78 77 0 0 62 0 55 60 57 0 0 0 0 28 29 34 30 33 35 27 32 
0 58 0 0 0 59 0 0 0 29 0 0 0 32 0 0 31 28 0 0 0 49 52 50 0 0 45 0 0 0 21 0 23 0 20 0 72 0 0 0 77 0 78 79 0 13 17 0 9 11 0 16 10 15 0 0 8 0 7 0 0 5 0 0 71 0 64 69 66 0 70 0 40 37 0 0 39 42 0 36 41 
0 0 0 0 22 20 0 0 15 71 76 72 0 0 75 69 73 70 12 0 8 0 0 11 9 7 0 60 0 0 63 0 0 64 0 61 0 34 41 0 38 0 39 40 35 55 59 0 51 0 56 0 52 57 46 0 50 0 49 0 48 0 45 29 0 0 0 0 27 0 31 0 1 79 80 0 81 3 0 78 0 
0 0 52 0 0 56 0 53 51 26 0 0 0 29 30 0 28 25 0 50 44 0 0 0 45 0 42 0 0 23 0 0 0 0 0 16 69 70 0 0 0 0 0 0 0 10 0 0 6 0 11 13 0 12 1 78 0 0 0 0 3 0 0 0 0 62 0 0 0 0 0 60 37 0 35 40 0 0 0 0 0 
39 0 34 36 40 0 41 0 33 0 0 0 14 0 12 6 10 0 30 0 0 28 31 0 0 0 0 0 0 5 81 0 0 1 80 79 0 52 59 54 56 55 57 58 0 73 77 0 0 71 0 0 0 75 64 0 0 61 67 0 66 65 0 47 50 44 0 0 0 46 49 0 0 0 0 0 0 0 23 0 0 
0 0 43 45 0 0 50 0 42 17 22 0 0 20 21 0 19 0 0 0 35 0 0 38 0 0 0 6 12 0 0 13 0 10 8 7 0 61 68 63 65 0 66 0 0 0 0 81 0 80 0 4 0 0 0 0 0 0 76 71 75 74 0 56 0 0 52 0 0 0 58 51 0 25 0 0 27 30 32 24 29 
0 73 0 72 0 0 77 71 69 44 49 0 0 0 0 0 46 43 0 68 62 0 0 0 63 0 0 33 0 41 36 40 38 37 0 34 6 0 0 0 0 0 12 13 0 0 32 0 24 26 0 0 25 30 19 15 23 0 22 17 0 20 18 0 5 0 0 3 0 0 0 78 55 52 53 0 54 0 59 51 56 
30 28 25 0 0 29 0 26 24 0 0 81 0 0 3 0 0 79 0 23 17 19 22 0 0 0 15 0 0 0 0 76 0 0 0 70 42 0 0 45 0 46 48 0 44 64 68 0 0 0 65 67 0 0 0 0 59 0 58 0 0 56 54 0 41 0 0 0 36 37 0 0 10 7 8 13 9 12 0 0 0 
0 64 0 63 0 0 68 62 60 35 0 36 41 38 39 33 0 0 0 0 53 0 58 56 0 52 0 0 0 0 27 31 0 28 0 0 0 0 0 0 2 1 3 0 0 0 0 18 0 17 0 0 16 21 0 0 0 0 13 0 12 11 0 74 0 71 0 75 72 73 0 69 0 43 0 49 45 0 50 0 0 
3 1 0 0 0 2 0 0 0 0 58 54 59 0 0 51 0 52 0 0 71 0 76 0 72 0 0 42 48 50 45 49 47 46 0 43 0 0 23 0 0 19 21 0 17 37 0 0 33 35 38 40 34 39 0 0 0 25 31 26 30 0 27 0 0 8 0 12 0 10 0 6 64 61 0 0 63 0 0 0 0 
0 10 0 0 0 0 14 0 6 0 67 63 0 0 66 60 64 61 0 0 80 0 0 0 0 79 0 0 57 59 54 0 56 55 53 52 24 0 0 27 29 0 30 0 26 46 0 45 0 0 0 0 43 48 0 33 0 0 40 35 39 0 0 0 23 0 16 21 18 0 0 0 0 70 71 0 0 0 77 0 74 
0 0 69 0 75 0 0 70 0 43 48 44 0 0 0 0 0 42 65 67 61 63 0 0 0 60 59 0 38 0 35 0 37 36 34 0 5 6 0 8 0 0 11 12 0 27 0 26 0 25 0 0 0 0 18 14 0 15 0 16 0 19 17 1 4 79 78 0 80 0 0 0 0 0 52 0 53 0 58 0 55 
0 0 6 8 0 0 0 7 0 61 66 0 0 64 65 0 0 0 2 0 0 81 0 0 80 0 77 50 0 58 53 57 55 0 0 0 0 24 0 0 0 27 29 30 25 45 0 44 0 43 46 48 0 0 36 32 40 0 39 34 0 0 35 19 22 0 0 20 0 18 21 0 0 69 0 75 71 0 76 0 0 
0 0 60 0 66 64 67 0 0 34 39 35 40 0 0 0 0 33 0 58 0 54 57 0 0 51 0 0 29 31 26 0 0 27 0 24 0 78 0 80 0 0 0 0 79 0 22 0 14 16 0 21 15 0 9 0 13 0 12 7 0 10 8 73 76 0 69 0 71 72 0 68 45 42 0 48 44 0 0 0 0 
2 81 0 0 0 1 0 79 0 52 0 0 58 0 0 0 54 0 74 0 0 0 75 0 0 69 0 0 47 49 0 0 0 45 43 0 14 15 22 17 0 18 0 21 16 36 0 0 0 0 0 0 0 0 27 0 31 0 0 0 29 28 0 10 13 0 0 11 8 9 0 5 0 0 0 66 0 0 0 59 64 
0 0 33 35 39 37 0 34 0 7 0 0 0 0 0 0 0 6 0 31 0 0 0 28 26 0 0 77 2 4 0 3 1 81 0 78 0 0 0 0 55 54 0 57 0 0 76 71 0 70 0 0 69 74 0 0 0 60 0 0 0 64 0 0 0 0 42 0 44 0 48 0 0 15 16 21 0 0 22 0 19 
0 0 15 0 0 19 22 0 14 0 0 71 0 73 0 68 0 69 0 13 0 9 12 0 8 0 5 59 65 0 0 0 64 63 61 60 32 33 40 0 37 36 0 39 0 54 0 53 0 52 0 57 0 56 45 0 0 42 48 0 47 0 0 0 0 25 24 29 0 27 30 23 0 78 0 3 0 2 0 0 1 
0 0 42 0 0 0 49 0 41 0 0 17 22 0 0 0 0 15 38 0 34 36 0 0 35 0 32 5 11 13 0 0 0 9 7 6 0 0 0 62 0 63 0 66 0 0 4 80 0 79 0 0 78 0 72 68 76 69 75 70 74 0 0 0 58 0 0 0 53 54 0 50 27 24 25 30 26 29 31 23 0 
56 54 51 0 0 55 0 52 0 0 30 0 0 0 0 0 0 24 47 0 43 45 48 0 44 42 0 0 20 22 17 0 0 18 16 0 68 0 0 0 73 72 74 75 70 9 0 0 0 7 0 12 6 11 0 77 4 78 0 0 0 1 0 64 67 61 0 0 0 0 66 0 36 0 34 0 0 38 0 0 37 
0 27 0 26 30 28 0 0 0 0 0 80 0 1 0 77 81 78 20 0 16 0 21 19 17 0 14 68 0 76 0 75 73 0 70 0 41 42 49 0 46 0 47 0 43 63 0 0 59 61 0 0 60 65 0 50 0 0 0 0 56 55 53 37 40 0 0 0 35 36 39 0 0 0 7 12 0 11 13 5 0 
