9
0 0 16 0 0 14 0 17 0 0 36 0 40 0 37 0 0 0 0 0 46 52 48 0 53 0 45 55 57 0 58 0 56 0 0 62 28 29 34 0 0 30 0 31 0 5 0 0 81 0 1 0 0 2 0 71 0 0 0 67 65 64 0 26 19 24 23 0 0 20 22 0 73 0 0 0 74 0 0 0 0 
55 0 0 60 58 59 54 0 57 0 81 0 0 2 0 5 3 0 0 14 0 0 0 13 0 0 0 19 21 0 22 0 20 23 0 0 73 0 0 77 78 0 72 76 0 0 49 48 45 0 0 53 51 47 30 35 0 34 0 0 29 0 0 0 0 69 68 0 0 0 67 0 0 0 0 44 0 0 40 0 39 
0 65 0 69 0 0 0 71 66 0 9 0 13 11 0 14 0 0 20 0 0 0 0 22 0 24 18 0 30 0 31 0 29 32 0 35 1 0 7 0 0 0 0 0 8 0 0 57 0 61 55 0 60 56 0 0 36 0 0 40 0 0 41 0 73 78 77 0 79 74 76 75 46 0 0 0 0 0 49 0 0 
1 2 7 6 4 5 81 8 0 34 27 0 0 0 28 32 30 0 0 0 0 43 39 40 0 42 0 0 0 51 49 52 47 0 0 53 0 20 25 23 0 21 0 0 0 77 0 75 0 0 0 80 0 74 0 62 0 61 60 0 0 55 59 0 10 15 0 9 16 0 0 0 64 63 70 71 65 0 67 0 66 
0 0 0 0 49 0 0 53 0 79 0 0 76 74 73 0 75 0 2 0 0 0 3 4 0 0 0 10 12 0 0 0 11 0 9 17 64 0 70 0 0 66 63 0 71 0 0 0 0 43 0 44 0 38 0 0 18 0 0 0 0 0 23 62 0 60 59 54 61 0 0 57 0 0 34 35 29 0 31 32 30 
0 29 0 0 0 0 27 35 30 0 54 0 58 0 55 59 0 60 65 68 0 0 0 67 0 0 63 73 0 78 76 0 74 0 72 0 46 0 0 50 51 48 45 49 53 0 0 0 0 25 19 26 0 20 0 0 81 7 0 0 0 0 5 0 0 42 41 36 43 0 40 39 10 9 16 0 0 0 0 0 0 
0 0 0 24 0 0 0 26 0 52 45 53 0 47 0 0 48 51 0 59 55 0 57 58 0 60 54 0 66 0 0 0 0 68 63 71 0 0 0 0 42 39 36 0 44 0 0 12 9 16 10 17 0 0 0 0 0 0 0 0 0 73 0 0 28 33 32 27 34 29 31 0 1 0 7 8 2 6 4 5 3 
0 74 0 0 0 77 72 80 75 25 18 26 22 0 19 0 21 0 29 32 0 0 0 31 35 33 27 0 0 0 0 0 38 0 0 44 0 0 16 14 0 0 0 0 17 68 67 66 0 70 0 71 0 65 0 0 45 0 51 49 0 46 50 8 1 0 5 0 0 0 0 3 0 0 0 62 56 0 0 59 57 
37 38 0 42 0 41 36 44 39 0 0 0 67 65 0 0 0 69 74 77 0 79 0 0 80 0 72 1 0 0 0 0 0 5 81 8 0 56 0 0 60 57 54 58 0 32 0 30 0 34 28 0 33 0 0 17 9 0 15 13 0 0 14 0 46 0 0 0 0 47 49 0 19 0 25 26 0 24 0 23 21 
20 0 26 25 23 0 0 0 0 0 0 0 0 0 47 51 49 0 57 60 0 0 58 59 0 61 55 0 0 70 68 71 66 69 0 0 38 0 44 42 43 40 37 41 45 15 14 13 10 0 0 18 16 0 76 0 73 80 0 0 75 0 78 0 29 34 0 28 35 30 0 31 0 0 0 9 3 0 5 6 0 
38 0 0 43 0 42 37 0 40 0 64 0 0 0 65 0 67 0 0 78 74 0 76 0 81 0 0 0 0 0 0 0 0 6 0 9 0 57 62 60 61 0 0 0 63 0 32 0 0 35 29 36 34 30 0 0 0 0 0 0 12 0 15 0 47 0 0 0 53 0 50 49 20 0 26 27 21 0 23 0 22 
0 30 0 34 0 33 0 36 31 0 55 63 0 57 56 0 0 61 66 0 65 0 0 0 0 0 64 74 76 79 0 80 75 78 73 81 47 48 0 51 0 49 0 0 54 24 0 22 19 0 0 27 0 21 0 0 1 8 0 0 3 2 6 0 38 0 0 0 0 39 41 0 11 0 17 18 0 16 14 0 13 
0 12 0 16 14 0 10 0 13 44 37 0 41 39 0 0 0 0 48 0 47 0 49 50 54 0 46 56 58 61 0 62 0 60 0 0 29 30 35 0 0 31 28 0 0 6 5 0 1 8 0 9 0 0 0 0 64 71 0 68 66 0 69 0 20 0 0 19 26 0 23 0 74 0 0 0 0 79 0 0 76 
0 66 71 0 0 0 64 72 67 17 0 0 0 0 0 0 13 0 0 24 20 26 0 0 27 25 0 29 31 0 32 35 0 0 28 36 2 0 0 0 7 0 0 0 9 0 0 0 55 62 0 0 0 57 40 0 0 44 0 0 0 38 42 0 74 79 78 73 80 0 0 0 0 46 53 0 0 0 50 0 0 
56 57 0 0 0 60 55 63 0 0 1 9 0 3 0 6 0 0 0 15 11 0 0 14 18 0 0 0 22 25 23 0 0 24 0 27 74 75 0 78 0 0 73 0 0 51 50 0 0 0 0 54 52 0 31 0 28 35 34 0 0 29 0 0 0 70 69 0 0 0 68 67 0 0 0 0 39 0 41 0 40 
0 3 0 7 5 6 0 9 0 0 28 0 32 30 29 33 0 34 39 42 0 44 40 0 45 0 37 0 0 52 50 53 48 51 0 0 0 0 0 24 0 22 19 0 0 78 77 0 0 0 0 81 79 75 0 63 55 0 61 0 57 0 60 18 11 16 15 0 17 0 0 0 65 64 0 72 66 0 0 0 67 
47 0 0 0 0 0 0 54 0 0 73 81 77 75 0 0 76 79 0 6 0 8 4 0 9 7 1 0 0 0 14 17 0 0 10 18 0 0 0 69 0 67 64 68 0 42 41 0 0 44 0 0 0 0 22 27 0 26 0 0 0 20 0 63 0 0 60 0 0 57 59 58 29 0 0 36 0 34 0 33 31 
74 75 0 0 0 0 0 0 0 0 19 27 23 21 20 24 22 0 0 0 0 0 0 0 36 0 0 0 40 0 0 44 0 42 0 0 0 12 17 15 16 13 0 0 0 69 0 67 0 71 0 0 70 66 0 0 0 0 0 50 48 47 0 0 0 0 0 0 8 3 0 0 0 0 62 0 57 0 59 0 0 
0 24 0 28 26 0 22 30 0 56 0 0 53 0 0 0 52 0 0 0 59 0 61 62 66 64 58 0 0 0 0 74 69 72 0 0 41 0 0 0 0 43 0 0 0 0 0 16 13 0 0 21 0 15 79 0 0 2 1 0 0 77 0 0 0 0 0 0 38 0 0 0 0 4 11 12 6 10 0 9 0 
41 0 0 46 44 0 0 48 0 0 67 75 71 69 0 0 0 73 0 0 77 0 79 80 0 0 0 5 0 0 8 11 0 9 0 0 0 0 0 63 0 61 58 62 66 36 35 34 31 38 32 39 0 33 16 21 13 20 0 17 15 14 18 0 0 55 54 49 0 51 53 0 0 0 29 0 24 28 26 27 25 
0 0 20 0 17 0 13 21 16 47 0 0 0 0 0 0 43 46 51 54 0 56 0 0 0 55 0 59 61 0 62 0 0 63 0 66 32 0 0 0 0 34 31 0 39 0 8 0 0 0 0 0 10 6 70 0 67 74 73 71 69 0 0 0 23 0 27 0 29 24 26 0 0 76 0 3 78 0 0 0 79 
0 33 38 0 0 0 0 39 0 0 0 0 62 60 59 0 61 64 0 0 0 0 0 71 75 0 0 0 0 0 0 0 0 81 0 3 50 0 0 0 55 0 49 0 0 0 0 0 0 0 0 30 28 24 0 0 0 0 10 8 6 0 0 0 41 46 45 0 47 0 44 43 0 13 20 0 0 0 0 18 16 
77 78 2 1 80 81 76 0 0 0 0 0 26 24 23 0 0 28 33 36 0 0 34 0 0 37 31 0 0 46 44 0 0 45 0 0 14 0 20 18 19 0 0 0 21 72 71 0 0 0 68 75 73 0 0 57 0 56 0 0 51 50 0 0 0 10 9 0 0 6 0 0 0 58 65 66 0 64 0 63 61 
0 69 74 73 71 0 0 75 70 0 0 0 17 15 14 0 0 19 0 27 23 29 25 26 0 28 0 0 34 0 0 38 33 36 31 39 5 0 0 9 10 0 4 8 0 0 0 61 0 65 59 66 0 60 0 0 40 47 0 0 42 0 45 0 77 0 0 0 0 78 80 0 0 49 0 0 51 55 0 54 52 
0 51 56 55 0 54 49 57 52 2 76 0 80 0 0 0 0 1 0 9 5 0 0 0 12 0 4 0 16 0 17 0 0 18 13 0 68 0 0 0 0 0 0 0 0 0 0 0 0 0 0 0 46 42 0 0 0 29 28 26 0 23 0 0 59 0 0 0 65 60 0 61 0 0 38 0 33 0 35 36 0 
0 0 11 10 0 0 4 12 0 0 31 39 0 0 32 36 34 0 0 45 41 0 43 0 0 0 40 50 0 55 53 0 51 54 0 0 23 24 0 27 28 25 22 0 0 0 0 0 76 0 0 0 0 0 61 0 0 0 0 62 60 0 0 0 0 19 18 0 20 15 17 0 68 0 74 0 0 73 71 0 0 
0 0 0 0 62 63 58 66 61 0 0 0 0 6 5 0 0 0 15 0 0 0 16 0 0 19 0 23 25 28 26 29 0 0 22 0 77 0 2 0 0 0 0 80 3 54 0 0 0 56 0 0 55 0 34 39 0 0 0 35 0 32 0 0 0 73 0 0 0 69 71 70 0 40 47 48 42 0 44 45 0 
0 9 14 13 0 0 0 15 0 0 0 42 38 0 0 39 0 40 45 48 44 0 46 0 51 49 43 53 55 58 56 0 0 57 0 60 26 0 32 30 0 28 0 29 0 3 2 0 79 0 80 6 4 0 64 69 0 68 0 0 63 0 0 24 17 0 0 0 0 18 20 19 71 70 0 78 0 0 74 75 73 
0 0 0 0 0 0 16 24 0 0 0 0 0 45 44 48 0 49 54 57 53 0 55 0 0 58 52 0 64 0 65 0 63 0 61 69 0 36 41 0 40 0 0 38 42 0 0 0 0 0 0 0 13 9 0 78 70 77 0 74 0 0 0 0 26 31 0 0 32 0 29 28 80 79 5 0 0 0 0 3 1 
0 54 59 0 0 57 0 60 0 5 79 6 2 0 80 3 0 4 9 0 8 14 10 11 0 0 0 17 0 0 20 0 18 21 16 24 0 0 77 75 0 73 70 0 0 0 47 46 0 0 0 51 49 45 28 33 0 32 0 29 27 26 0 0 0 67 0 0 0 0 65 64 35 0 0 0 36 0 38 0 0 
71 0 77 76 74 0 0 78 0 23 16 24 20 0 17 0 0 0 27 0 26 32 28 0 0 31 0 35 37 0 38 41 0 39 0 0 8 9 14 0 13 10 7 0 0 66 65 64 61 68 0 0 0 63 0 51 43 0 0 0 0 44 48 0 80 4 0 79 5 81 0 0 53 0 0 60 54 0 0 57 55 
62 0 68 0 0 66 61 0 0 14 7 15 0 0 8 12 0 13 18 0 17 23 19 20 0 22 0 0 0 31 0 32 0 30 25 0 80 81 5 0 4 0 79 0 0 57 0 55 52 0 53 60 58 54 37 0 34 41 0 38 0 0 0 0 71 0 75 0 0 0 0 73 44 43 50 0 0 49 0 48 0 
35 0 0 40 38 0 0 42 0 0 0 0 65 0 62 0 64 0 0 75 0 77 73 0 0 0 0 0 0 4 0 0 0 3 79 0 0 54 59 0 58 55 52 56 60 30 0 0 25 0 0 33 31 27 0 15 0 14 0 0 0 0 0 0 0 49 0 0 50 0 47 46 0 0 23 0 0 0 0 21 0 
80 0 0 0 2 3 0 0 1 0 25 0 0 0 0 30 0 0 36 0 35 0 0 0 0 0 34 44 0 0 47 0 45 48 43 51 17 18 0 0 22 19 0 0 0 0 74 0 0 77 0 78 76 72 55 60 0 0 58 56 0 0 57 0 8 13 0 0 0 0 0 10 0 61 68 69 63 0 0 66 0 
0 0 0 0 0 30 25 0 28 59 52 0 56 54 0 0 55 58 63 0 62 68 0 65 69 0 61 71 0 76 74 77 72 75 0 78 44 45 0 48 49 0 43 0 0 21 0 19 16 23 17 24 22 18 1 6 0 5 4 0 81 80 0 0 0 40 0 0 0 36 38 37 0 7 0 15 0 13 11 12 10 
44 0 0 49 0 0 43 0 0 0 0 0 0 72 0 75 0 0 0 3 0 5 1 2 6 4 0 0 10 0 0 14 0 12 7 15 0 0 68 0 67 0 0 65 0 0 38 0 34 0 35 42 0 36 19 0 16 23 22 0 18 0 21 60 0 58 57 0 59 54 0 0 0 0 0 33 0 0 0 0 28 
75 0 81 0 0 0 0 1 0 0 0 0 0 22 21 25 0 26 31 0 0 36 0 0 0 0 0 39 41 44 0 0 0 0 0 46 0 0 0 16 0 14 11 15 19 0 69 0 65 0 0 73 0 67 0 55 47 54 53 0 0 48 0 10 0 8 7 0 9 0 0 0 0 56 0 64 0 62 60 0 0 
3 4 0 8 6 7 0 10 0 36 29 37 0 31 0 0 32 35 40 43 0 0 41 42 0 44 38 0 0 53 0 0 49 52 47 55 0 22 27 25 0 0 0 24 28 79 78 0 0 0 0 0 0 76 59 0 0 0 0 60 0 57 61 0 12 0 16 11 0 13 0 0 0 0 72 0 67 71 0 70 68 
0 0 72 0 0 70 0 0 68 0 0 19 0 0 12 16 14 17 0 0 0 0 23 0 28 0 0 0 0 0 33 36 31 0 0 0 3 0 9 0 8 5 0 6 0 0 60 59 0 0 0 0 0 0 0 46 0 0 44 0 0 0 43 0 75 80 0 74 81 76 0 0 48 0 0 55 0 53 0 52 0 
0 49 54 0 51 0 47 55 50 0 0 0 0 76 0 79 0 80 4 0 0 0 5 6 10 8 2 12 0 17 15 18 0 0 0 19 0 0 72 70 71 68 65 69 73 43 0 41 0 0 39 0 0 40 0 0 20 27 0 0 22 21 0 0 57 62 61 0 0 58 60 59 0 0 36 0 0 0 33 34 0 
0 0 36 35 0 0 0 0 0 0 56 0 60 58 0 61 59 62 67 70 0 0 0 0 0 0 0 75 0 0 0 81 76 79 74 0 0 0 54 0 0 0 0 0 55 0 0 23 0 27 0 0 0 0 5 10 2 9 0 0 4 0 7 0 0 0 43 38 45 0 0 0 0 0 0 0 0 17 0 0 0 
0 0 63 0 60 61 0 64 59 9 2 0 0 0 3 7 0 0 0 16 0 0 0 0 0 17 11 21 0 26 24 27 22 25 0 0 75 0 0 79 80 77 0 78 0 0 51 0 47 0 48 55 0 49 0 0 29 0 35 33 0 0 0 0 0 71 70 0 0 67 69 0 39 38 45 0 0 44 0 43 0 
12 0 18 0 15 0 0 19 0 0 38 0 42 40 39 43 41 44 0 52 0 54 0 0 0 0 47 57 0 62 60 0 58 61 0 64 30 31 36 34 35 32 29 0 37 7 6 0 0 0 0 10 0 0 68 73 65 0 0 0 67 66 70 0 21 26 0 0 27 22 24 23 75 0 81 1 76 80 0 0 77 
39 40 0 0 0 0 0 0 41 0 65 73 69 67 0 0 68 71 0 79 75 0 77 0 0 80 0 0 0 8 6 0 4 7 2 0 57 0 0 0 0 0 0 60 64 34 0 0 29 0 0 37 35 0 14 19 11 18 0 15 13 12 16 0 48 0 52 0 0 0 0 50 21 0 0 28 22 0 0 25 23 
0 22 0 0 0 25 20 0 23 0 0 0 0 49 48 0 0 53 58 0 0 63 59 60 64 62 0 66 68 0 0 72 0 70 0 73 0 0 45 0 0 41 38 0 0 0 15 0 11 0 0 0 17 13 77 0 74 81 0 0 76 75 0 37 30 0 34 0 0 31 33 0 3 0 0 10 4 8 0 7 5 
67 0 73 0 0 0 0 0 69 0 0 20 0 0 0 17 0 18 0 26 0 28 0 0 29 0 21 0 0 36 0 37 32 35 30 0 0 0 0 8 0 0 3 0 0 62 0 0 0 0 58 65 63 0 0 0 39 0 45 43 0 0 44 0 76 81 0 75 0 77 79 0 0 0 0 0 50 0 52 0 51 
4 5 10 0 0 8 0 0 0 37 30 0 34 0 31 35 0 0 41 0 40 46 0 43 0 45 0 49 0 54 52 55 0 0 0 56 22 23 28 0 0 24 21 0 0 0 79 78 75 0 76 0 81 77 60 65 57 0 0 0 59 58 0 0 13 18 17 12 0 0 0 0 67 0 0 0 0 72 0 71 69 
76 77 0 0 0 0 0 0 0 28 0 29 0 0 0 0 0 27 0 0 0 0 0 34 0 36 30 0 0 45 0 0 0 44 39 0 13 0 19 17 0 15 0 16 20 0 70 0 66 73 0 0 72 68 51 56 0 0 0 0 0 0 53 0 4 0 8 3 10 0 7 0 58 57 64 65 0 0 0 62 60 
0 0 0 0 61 62 0 0 60 10 0 11 7 5 4 8 0 9 14 17 0 19 0 16 20 0 0 0 24 27 25 0 0 26 21 0 0 77 1 0 0 0 0 79 2 0 0 51 48 0 49 0 54 0 33 0 30 37 36 34 0 31 35 0 67 72 0 66 73 68 70 0 40 39 46 47 0 0 0 0 42 
0 23 28 0 0 0 0 0 24 55 48 0 52 50 49 0 0 54 0 62 0 0 0 0 65 0 57 67 69 0 0 73 0 71 66 74 0 41 0 44 45 42 0 43 0 17 0 15 0 0 0 20 0 14 78 2 0 1 0 0 0 76 0 38 31 0 0 0 37 32 34 0 4 3 0 0 0 0 0 8 0 
0 0 0 54 52 0 0 0 51 0 75 2 0 77 0 80 78 81 5 0 4 10 0 0 0 0 3 13 0 0 16 19 14 17 0 0 0 0 73 71 0 0 0 0 0 0 43 42 39 46 0 0 0 41 24 29 0 0 27 25 23 0 26 0 58 0 0 57 64 59 61 0 31 0 37 0 32 36 0 0 0 
0 0 0 18 0 0 0 0 0 46 0 47 0 41 40 0 0 45 50 53 49 55 51 52 0 0 48 0 0 0 61 64 59 0 57 0 31 0 0 0 36 0 30 34 0 0 0 0 0 0 0 0 9 5 69 0 66 73 0 0 0 0 71 0 0 0 0 21 28 0 0 0 76 0 0 2 77 81 79 0 78 
0 32 37 0 34 0 0 0 33 64 57 0 61 59 0 62 60 0 0 0 67 73 69 70 74 72 0 0 78 81 0 1 77 0 0 2 0 50 55 0 54 0 48 52 56 26 25 0 0 28 0 29 27 0 6 11 0 0 0 0 0 0 8 47 0 0 0 0 0 41 43 42 0 0 0 20 14 18 16 17 15 
40 0 0 45 0 0 0 0 0 0 66 0 70 68 0 0 0 0 0 0 76 0 78 0 0 81 75 0 0 0 0 10 0 8 3 11 58 0 64 62 0 0 57 61 0 0 34 33 0 37 0 0 0 0 15 0 12 19 0 16 14 0 0 0 0 0 0 48 0 50 0 0 22 0 0 0 23 27 0 26 0 
16 0 0 21 19 20 15 23 18 0 42 0 46 44 0 0 0 0 53 0 52 58 0 0 59 0 0 0 0 0 64 67 0 0 0 68 34 35 0 38 39 0 33 37 41 11 10 9 6 13 7 14 0 8 0 77 0 76 75 73 0 0 0 32 0 30 0 0 0 26 0 0 0 78 4 0 80 3 1 0 81 
79 0 0 3 0 2 0 5 81 0 24 32 28 26 25 29 27 30 0 0 34 0 0 0 41 39 33 0 45 48 0 49 0 47 42 0 16 17 22 20 21 0 0 0 0 74 73 0 69 76 0 0 75 0 54 0 51 58 0 0 53 52 0 0 7 0 0 6 0 0 0 9 61 0 0 68 0 66 64 65 63 
0 0 0 0 0 0 0 0 0 0 51 0 0 53 0 0 54 57 0 65 0 67 0 0 68 66 0 0 72 75 0 0 71 74 0 0 0 44 49 0 0 45 0 0 0 20 0 18 0 22 0 23 21 17 81 5 0 4 0 1 0 79 0 41 0 0 0 0 0 35 37 36 7 0 0 14 8 0 10 0 9 
7 0 13 12 0 11 6 0 9 0 0 0 37 35 0 38 0 0 44 0 0 0 0 0 50 0 42 52 54 57 55 0 0 56 51 0 25 0 31 29 30 27 0 0 0 0 0 0 78 4 0 0 3 0 0 0 60 67 66 0 0 0 65 0 16 0 20 15 0 17 19 0 70 69 76 77 71 0 73 0 72 
0 0 49 0 46 0 0 0 45 76 0 0 0 71 70 74 72 0 0 2 0 0 0 0 5 0 78 7 0 12 0 13 0 11 6 14 0 0 0 0 66 0 60 64 68 0 0 0 0 40 0 0 39 35 0 0 0 22 21 19 0 0 20 0 0 0 56 51 58 0 55 54 0 0 31 32 26 0 0 0 27 
70 0 76 0 0 0 69 77 0 22 15 0 0 17 0 20 0 21 0 29 0 0 0 28 32 0 0 34 0 39 37 40 35 0 0 41 7 8 0 0 0 9 0 0 14 65 0 0 60 67 0 68 66 62 45 50 0 0 0 46 0 0 0 0 79 0 0 78 0 0 1 81 52 0 0 59 0 0 0 0 54 
61 62 67 0 0 65 0 68 0 0 6 14 10 0 7 11 0 0 17 20 0 0 0 0 0 0 0 25 0 30 28 0 0 29 0 32 79 80 0 0 3 81 78 0 0 56 0 54 0 58 0 0 0 53 36 0 33 0 0 0 35 0 38 77 70 0 74 0 76 71 0 72 0 42 0 50 44 0 0 0 0 
0 0 58 57 55 0 51 0 0 0 0 5 0 0 79 2 81 0 8 0 0 13 9 10 0 0 6 16 18 0 0 0 17 0 15 0 0 71 0 0 75 72 0 0 0 47 0 45 42 49 43 50 48 0 27 32 24 31 0 28 0 0 0 0 61 66 0 60 67 62 0 0 0 33 40 0 0 0 0 0 36 
0 0 40 0 0 0 33 41 36 0 0 68 0 0 0 0 0 66 71 74 70 76 0 73 0 0 69 79 0 0 0 0 80 2 78 5 52 0 0 56 0 0 51 55 59 0 28 27 0 31 25 0 0 0 9 0 6 13 12 10 8 0 0 50 43 48 47 0 0 0 0 45 16 15 0 23 17 0 0 0 18 
0 43 48 0 45 0 0 0 44 75 0 0 72 70 69 73 0 74 0 0 78 3 0 81 0 0 0 6 0 11 0 0 0 10 5 0 0 0 0 64 0 62 59 63 0 37 36 0 32 0 0 0 38 34 0 22 0 21 0 18 16 0 19 58 51 56 55 0 57 0 0 53 24 23 0 0 25 29 0 0 0 
0 25 0 29 27 0 23 0 26 0 50 0 0 52 0 55 0 56 61 0 0 66 62 0 67 0 59 69 0 0 0 75 0 0 0 0 0 43 48 46 47 44 41 45 49 0 18 17 0 0 15 0 0 16 80 4 0 3 2 81 0 0 0 0 33 38 0 0 39 34 0 0 0 5 0 13 0 0 0 0 8 
33 34 0 38 0 37 0 0 35 0 59 0 0 61 0 0 0 65 70 73 0 0 0 0 0 0 0 78 80 2 81 3 79 1 77 0 0 0 0 55 56 53 0 54 0 28 0 0 23 30 0 0 29 0 0 13 0 0 0 0 7 6 10 0 0 47 0 41 48 43 0 0 15 14 21 22 16 20 18 19 17 
0 0 3 0 81 0 0 0 80 0 23 0 27 25 24 0 26 0 0 37 33 39 35 36 40 0 32 42 44 0 45 0 0 0 41 49 0 16 0 0 0 0 14 18 22 73 72 0 0 75 69 76 74 70 53 58 50 57 0 0 0 0 55 0 6 11 0 0 12 0 0 8 60 0 66 67 0 0 0 64 62 
15 16 21 20 0 19 14 22 17 0 41 49 0 0 0 46 44 0 0 0 0 0 0 54 58 0 50 0 62 0 0 66 0 64 59 0 33 0 0 37 38 0 0 36 0 0 9 8 0 0 6 0 0 7 71 76 0 0 74 72 70 69 73 31 0 29 28 23 0 0 0 0 78 0 0 0 79 2 81 0 0 
0 0 0 65 63 64 0 67 0 12 5 0 9 0 6 10 0 0 16 19 15 21 0 0 22 20 14 0 0 29 27 30 25 28 23 31 78 0 3 1 2 0 77 0 0 55 0 0 50 0 51 58 0 0 35 40 32 39 38 36 0 33 37 0 69 0 0 0 0 70 0 0 0 0 0 49 43 0 0 0 44 
0 0 57 0 54 0 50 0 53 0 77 0 0 79 0 0 80 2 0 0 6 0 0 0 13 11 5 0 17 20 0 0 0 19 14 0 0 0 75 0 74 71 68 72 0 0 45 44 0 48 42 49 47 0 26 31 23 30 0 0 25 0 0 0 0 65 64 59 66 61 0 62 33 0 39 40 0 0 0 0 35 
6 7 0 11 9 0 0 0 0 39 0 0 36 34 33 37 35 38 43 0 42 0 44 45 49 0 0 0 53 56 54 0 52 0 0 0 24 0 30 28 29 26 0 0 31 0 0 80 0 3 0 4 0 0 0 0 0 66 65 63 61 0 0 0 15 0 0 14 21 0 0 17 69 68 75 0 0 74 0 0 0 
69 0 0 0 72 0 68 0 0 21 0 0 0 16 0 19 0 0 0 0 0 30 0 27 31 0 23 33 0 38 0 0 34 0 0 40 6 7 12 10 0 0 5 9 13 64 63 62 0 66 0 67 0 0 44 0 41 0 0 45 43 42 46 0 0 2 0 0 0 79 0 80 0 0 57 58 0 56 0 0 0 
45 0 51 0 0 0 0 52 0 78 0 0 75 0 72 76 74 77 0 0 0 0 2 3 0 5 80 9 11 0 0 15 10 0 0 16 0 0 69 67 68 0 0 66 70 0 39 38 35 0 0 43 41 37 0 0 17 0 0 0 0 0 0 61 54 59 0 0 0 55 57 56 27 0 33 34 28 0 30 31 0 
72 0 78 77 0 0 0 79 0 24 17 0 21 19 0 0 20 0 28 31 27 33 0 0 0 0 26 0 0 41 0 42 37 40 0 0 0 0 0 13 14 11 8 0 16 0 0 0 62 69 0 70 0 0 47 52 44 0 0 48 46 45 0 0 0 0 4 80 0 0 0 2 54 0 60 61 55 59 57 58 0 
63 64 69 0 0 67 62 0 65 0 0 0 12 10 0 0 0 14 0 22 0 24 0 21 0 23 17 0 29 0 0 0 0 0 26 34 0 0 6 4 0 0 80 3 0 0 57 0 0 0 0 0 59 0 38 43 0 42 41 0 0 0 0 79 72 0 76 0 0 73 75 74 0 0 51 0 46 0 0 0 0 
36 0 42 0 39 0 0 43 0 69 62 70 66 0 0 0 0 0 73 0 72 78 0 75 79 0 71 81 2 5 3 0 1 0 0 7 54 55 60 0 0 56 0 0 61 0 0 29 0 0 0 0 32 28 11 0 0 15 0 12 0 9 13 52 0 0 49 44 51 46 0 47 0 0 24 25 0 0 0 0 20 
81 1 6 5 3 0 0 7 2 33 26 0 30 28 0 31 0 32 37 0 0 0 38 39 43 0 35 45 0 0 0 0 0 0 44 52 18 0 0 22 23 20 17 0 0 0 75 74 0 78 0 0 77 0 0 0 53 60 0 0 0 54 58 0 9 14 13 8 0 0 12 0 0 62 0 0 0 0 66 67 0 
9 10 0 14 12 0 0 0 0 0 0 0 39 37 0 0 38 0 0 49 0 51 47 48 52 0 0 54 56 59 57 0 55 0 53 0 0 0 0 0 32 0 26 0 34 0 0 2 80 0 81 7 5 1 0 70 62 69 68 0 64 63 0 25 0 23 22 0 0 19 21 0 72 71 78 79 0 77 75 0 0 
18 0 0 0 0 22 0 0 0 0 0 0 48 0 45 49 47 50 55 58 0 60 56 0 61 59 0 63 65 68 0 69 64 0 62 0 0 0 42 0 0 38 0 39 0 13 0 0 8 0 0 0 14 10 0 0 0 0 77 0 0 0 76 0 0 0 31 0 33 0 30 29 0 0 0 7 1 0 0 0 0 
27 0 33 0 30 0 0 34 0 0 0 0 57 0 54 58 56 0 64 0 63 69 65 0 0 0 0 0 74 0 75 78 73 0 0 0 0 46 51 49 50 47 44 48 0 22 0 0 0 0 0 25 23 0 2 7 0 0 0 0 0 81 4 0 36 41 40 35 42 0 0 0 0 0 0 0 0 14 12 0 11 
0 55 0 0 57 58 0 0 0 6 80 0 0 1 81 0 2 0 0 13 0 15 11 0 0 0 0 0 20 0 0 24 19 0 17 0 72 0 0 76 0 0 71 0 0 0 48 0 44 51 45 52 50 46 29 0 26 0 0 0 0 0 31 70 63 68 67 0 0 0 66 0 36 0 42 0 0 41 0 40 38 
