9
0 29 28 34 30 0 31 0 0 58 60 0 54 55 0 0 53 0 47 0 0 0 0 0 52 45 0 0 72 0 0 76 0 71 79 0 12 14 0 0 16 10 0 13 0 41 39 40 38 0 0 0 0 43 3 0 2 0 7 0 5 0 0 0 0 0 25 22 0 21 23 0 0 0 0 0 70 62 64 65 63 
69 0 64 0 66 0 0 0 0 13 15 0 9 10 0 0 0 0 0 0 4 6 0 0 0 81 0 0 0 0 0 0 0 0 0 0 0 0 45 51 52 0 44 49 47 0 0 76 0 0 0 72 0 0 0 0 38 0 0 0 41 40 35 0 0 53 0 0 0 0 59 0 0 23 21 0 0 0 19 0 18 
42 0 37 43 39 35 0 41 0 0 69 0 63 64 65 0 62 68 0 59 0 60 0 0 0 0 55 1 81 0 0 0 6 0 7 0 21 0 18 24 0 0 17 0 0 0 0 49 0 0 0 0 0 52 0 10 0 9 16 0 14 0 8 27 29 26 0 31 0 30 32 33 78 77 0 76 79 71 73 74 0 
15 11 0 16 0 0 13 0 0 0 42 0 0 0 38 0 35 0 29 0 0 33 30 26 0 0 0 0 54 0 56 0 60 53 0 0 75 0 0 0 0 73 71 76 74 0 21 22 20 24 0 0 17 25 0 64 65 0 0 69 68 0 0 81 2 0 0 0 1 3 5 6 0 0 48 49 0 0 0 47 0 
0 2 1 7 3 0 4 5 81 0 0 30 27 0 0 0 26 0 0 23 0 24 0 0 25 18 19 0 0 50 47 0 0 0 52 48 0 0 63 69 0 0 0 67 0 0 0 13 0 0 0 0 8 0 57 55 56 0 61 0 0 0 0 0 74 0 0 0 0 0 0 0 0 0 39 40 43 35 37 0 0 
78 74 73 79 0 71 0 0 72 22 0 21 18 0 0 25 17 23 0 0 13 15 12 0 16 0 0 37 0 0 0 0 0 35 43 39 57 0 0 0 61 55 0 58 56 0 0 0 2 0 0 81 80 0 0 0 0 0 52 0 0 0 0 63 0 0 0 0 0 0 68 0 0 32 30 0 34 0 0 29 0 
0 0 0 0 0 17 0 0 0 0 51 48 0 0 0 52 0 50 0 41 40 42 39 0 0 36 37 0 0 68 0 67 0 0 70 66 3 5 0 6 7 1 80 4 0 32 30 31 29 0 28 0 0 34 0 73 0 0 79 0 77 0 0 9 11 8 16 13 10 12 14 0 60 59 0 0 0 0 55 56 54 
60 56 0 61 0 0 58 0 54 0 0 0 81 1 0 0 80 0 74 0 76 78 0 71 79 0 0 0 18 0 20 22 24 0 0 0 39 0 36 42 0 37 35 0 0 68 0 0 65 69 64 0 62 70 30 0 29 27 0 33 32 31 0 0 0 0 52 49 46 48 50 51 0 14 0 13 16 0 0 11 9 
0 47 0 0 48 0 49 50 45 76 78 75 0 73 74 79 71 77 65 68 0 69 66 62 0 63 64 0 9 0 11 0 15 0 0 0 0 32 27 33 34 28 26 31 0 59 0 58 56 0 55 54 53 0 0 0 20 18 25 0 0 22 0 36 0 35 0 40 37 0 0 0 0 5 0 0 7 80 1 2 0 
0 54 0 0 55 51 0 57 52 2 4 1 79 0 0 5 78 3 0 75 74 76 73 69 77 70 71 0 0 21 18 0 0 15 23 19 0 0 0 40 0 35 33 38 36 0 0 0 63 67 62 0 0 68 0 0 27 25 32 31 30 29 0 43 45 0 0 47 44 46 48 49 0 12 10 0 0 6 0 0 7 
67 0 0 68 0 0 65 66 61 11 0 10 0 8 0 14 0 0 0 3 0 0 1 0 5 0 0 0 0 0 27 0 0 24 0 0 46 48 43 49 0 0 42 0 0 0 73 74 0 0 71 0 69 0 0 0 0 34 0 40 0 38 0 52 54 0 0 56 0 0 57 0 0 0 0 0 23 0 0 18 0 
22 18 17 0 0 0 20 21 16 0 49 0 0 0 0 0 0 0 36 39 38 0 37 33 41 0 0 0 61 66 63 65 67 60 68 0 0 3 79 4 0 80 78 2 0 0 28 0 27 0 0 0 24 0 0 0 72 0 77 76 75 74 69 7 9 0 0 0 0 10 0 13 0 0 0 56 59 51 0 54 0 
49 45 44 50 0 0 0 0 0 74 0 0 0 0 0 0 69 0 63 66 0 67 0 60 68 0 62 8 7 12 0 11 13 0 14 0 0 0 0 31 0 26 24 0 27 57 0 56 54 0 53 52 0 0 0 0 18 16 0 0 21 20 15 0 0 33 41 38 0 37 39 0 0 3 0 2 5 0 0 0 79 
31 27 0 32 28 0 0 0 0 56 58 0 0 0 54 59 0 0 0 0 0 0 0 0 50 0 44 71 0 0 0 0 76 0 0 73 0 12 0 0 0 8 0 11 0 0 0 0 0 40 35 34 33 0 1 80 0 79 5 0 3 0 78 0 18 15 0 20 17 19 21 22 67 66 0 65 0 0 62 0 0 
13 0 8 14 0 0 11 12 7 38 0 0 0 0 36 41 33 39 27 30 29 31 0 24 0 0 26 0 52 57 54 56 0 0 59 55 73 0 70 0 77 0 69 74 72 0 0 20 18 0 0 0 15 23 0 62 63 0 68 0 0 65 0 0 81 78 5 2 0 0 0 0 49 0 46 0 50 42 0 0 0 
4 0 0 0 0 78 0 3 0 29 0 0 0 0 27 32 24 0 0 21 20 0 0 15 23 16 17 0 43 48 45 0 49 0 0 46 64 66 0 67 68 0 60 0 0 12 0 0 9 0 0 7 6 14 55 0 0 0 0 0 57 56 51 0 72 69 77 74 71 0 0 76 40 39 0 38 41 0 35 36 34 
76 72 0 77 73 69 0 75 70 20 22 0 16 0 0 0 0 21 9 0 0 13 10 6 0 7 0 0 0 0 36 38 0 33 41 37 55 57 52 58 0 53 51 56 54 0 0 2 81 4 0 79 78 0 0 0 45 0 50 0 48 47 0 0 63 0 68 65 0 0 0 67 31 30 28 29 32 0 0 27 0 
0 36 0 41 37 0 38 39 34 65 67 0 0 62 0 0 0 66 54 0 56 0 55 0 0 52 0 80 0 0 0 0 0 0 5 1 0 0 16 0 23 0 0 0 0 0 46 0 45 49 44 0 0 0 0 0 0 0 0 0 12 11 0 0 0 0 32 0 26 0 0 31 0 75 0 74 0 0 71 0 70 
45 41 0 46 0 38 0 0 39 0 72 0 66 67 0 73 0 71 59 0 0 0 60 56 64 57 0 0 3 8 5 0 9 2 0 0 24 0 0 27 0 22 0 0 0 0 51 0 50 54 49 48 0 0 15 13 0 0 0 0 17 0 11 30 0 29 37 34 0 33 35 36 81 0 78 0 1 74 76 77 75 
72 0 0 0 0 65 0 0 66 16 0 15 12 0 14 0 0 0 0 0 0 0 6 0 0 0 4 0 30 0 0 0 0 0 0 0 0 0 48 54 55 0 47 52 50 0 78 79 77 81 76 75 0 1 0 40 0 0 0 45 44 0 0 57 59 56 0 0 58 60 62 0 0 26 0 25 28 0 0 23 0 
36 32 31 37 0 0 0 35 0 0 63 60 0 58 59 0 56 0 0 0 52 54 0 0 0 0 49 76 0 0 77 79 81 74 1 78 0 0 0 18 19 0 0 0 0 44 0 0 41 0 40 0 0 0 6 0 5 0 0 9 0 7 2 21 0 20 28 25 22 24 0 0 72 0 69 0 0 65 0 68 0 
0 0 0 28 24 0 25 26 0 52 54 51 0 49 0 55 0 0 41 0 43 45 0 0 0 39 40 0 66 0 0 70 0 0 0 0 6 0 0 9 10 4 0 7 5 0 33 0 32 36 31 0 29 0 0 0 77 75 0 0 80 79 0 0 0 0 19 0 0 15 17 0 63 62 0 61 0 0 0 59 0 
0 14 0 19 0 11 0 0 12 0 45 0 39 40 0 46 0 44 32 0 0 0 0 0 37 30 0 58 57 0 59 61 0 0 0 0 0 0 75 81 1 0 0 79 77 26 24 25 23 27 22 0 0 0 69 67 68 0 73 0 0 0 65 3 5 0 10 7 4 6 8 0 54 53 51 0 55 47 0 50 0 
63 0 0 0 60 0 61 62 0 7 9 0 3 0 5 10 0 0 0 0 79 0 78 74 0 75 76 0 0 0 0 25 27 0 0 24 0 0 39 45 0 40 0 0 41 71 69 70 68 72 0 0 65 73 33 0 0 0 0 36 0 34 0 0 50 0 55 0 0 51 53 0 0 17 0 16 19 0 13 14 0 
9 0 0 0 0 2 7 8 3 34 36 0 30 31 32 37 29 35 0 26 0 27 24 20 28 21 0 0 0 0 0 0 54 47 55 51 0 71 66 0 73 67 65 70 68 0 0 16 14 0 0 12 0 0 60 58 0 0 64 63 62 0 0 75 0 74 0 79 0 78 0 0 0 0 0 0 0 38 0 0 39 
54 0 0 55 51 47 52 0 48 79 0 78 0 0 0 0 74 80 68 71 70 0 69 0 0 0 0 0 12 0 0 0 0 11 0 0 0 0 30 36 37 0 0 34 32 62 60 0 59 63 0 57 0 0 24 0 0 0 0 27 26 0 20 39 41 38 46 43 0 0 44 0 9 8 0 7 0 0 0 5 0 
0 77 76 1 78 74 79 0 75 25 0 24 21 22 0 0 20 26 0 0 0 0 0 11 19 12 0 0 0 0 0 43 0 38 0 42 0 0 0 0 0 58 0 0 0 0 0 0 0 9 4 3 2 10 0 49 50 0 0 0 53 52 0 0 0 0 0 0 67 69 0 0 36 0 0 0 37 0 0 32 30 
0 0 79 4 81 0 0 0 0 28 0 27 0 25 0 0 23 29 17 20 19 21 18 0 0 0 0 0 0 0 44 0 0 0 0 45 63 65 0 0 0 0 59 64 62 11 9 10 0 0 7 6 5 0 54 0 53 51 0 0 0 0 0 0 71 68 76 0 70 72 0 0 39 0 36 37 0 0 0 0 0 
75 71 70 76 0 68 0 0 0 0 0 0 0 0 17 0 14 20 0 0 10 0 0 5 13 0 7 0 0 0 35 0 0 0 40 0 54 56 0 57 58 52 0 0 53 2 81 1 80 0 0 0 77 4 0 43 0 42 0 0 47 0 41 0 0 0 67 64 0 63 65 66 0 0 0 28 0 0 25 26 0 
12 8 7 13 0 0 10 0 6 0 39 0 33 34 35 0 0 38 26 0 0 30 27 0 0 24 0 0 51 56 0 0 57 0 0 54 0 74 0 75 0 70 68 73 71 20 18 0 17 21 16 15 0 0 63 61 62 60 67 66 65 64 0 0 0 0 4 0 79 0 0 0 0 0 45 46 0 41 43 0 42 
0 35 0 40 36 32 0 38 33 0 66 0 0 61 0 67 59 0 0 56 55 57 0 50 58 0 0 0 0 0 0 1 0 0 4 81 0 0 15 21 22 16 0 0 17 47 0 46 44 0 0 42 0 49 0 0 0 0 0 0 0 0 5 24 26 0 31 0 25 0 29 30 75 0 0 73 76 68 0 71 69 
0 0 0 67 63 59 0 0 0 0 0 0 0 0 8 0 5 11 80 2 0 3 81 0 0 0 79 25 24 29 0 28 0 23 0 27 0 47 42 0 0 43 41 0 44 74 0 0 71 0 0 0 0 0 0 0 0 33 0 39 0 37 0 0 53 0 0 55 52 0 0 0 21 20 0 19 22 0 0 17 0 
48 0 43 0 0 0 0 0 0 0 0 72 69 0 71 0 0 0 62 0 0 0 63 0 0 0 0 7 6 11 0 0 12 5 0 9 0 0 0 0 31 0 23 28 26 0 54 55 0 57 52 51 50 58 0 0 17 15 0 0 0 19 14 33 0 0 0 0 34 0 38 39 3 2 81 0 0 77 79 80 78 
0 0 25 0 0 0 28 29 0 55 57 0 0 0 0 58 0 56 0 0 0 48 0 41 49 0 0 0 0 0 0 73 75 0 0 0 0 0 0 0 13 0 5 10 0 0 0 0 0 0 0 0 32 0 81 79 0 78 4 3 2 1 77 0 0 14 0 0 16 18 0 0 66 65 63 0 0 0 61 62 0 
57 53 0 58 0 50 0 56 0 1 3 0 0 79 0 4 77 0 0 0 73 0 72 68 76 0 70 0 15 0 0 19 0 0 22 0 36 0 33 39 0 0 32 37 35 65 0 64 0 0 0 0 59 0 0 0 26 0 31 0 29 28 23 42 44 41 0 46 0 0 0 48 12 0 0 0 0 5 0 0 6 
21 17 0 22 0 14 19 0 15 46 48 0 42 43 44 49 41 0 0 0 37 0 0 32 0 0 34 61 0 65 0 64 66 59 67 63 0 2 78 3 0 79 0 0 80 29 27 28 26 0 25 0 0 0 72 0 0 0 0 75 0 73 0 6 0 5 0 10 7 9 11 12 57 0 54 0 58 0 0 0 0 
64 60 59 65 0 57 0 63 58 8 10 7 4 0 6 0 0 0 0 81 80 1 79 0 2 76 0 23 0 27 0 0 0 0 0 25 43 0 0 46 0 0 0 44 42 72 0 0 0 73 0 67 0 0 0 0 33 0 38 0 36 35 0 0 0 0 56 53 50 0 0 0 19 0 0 0 20 0 14 0 0 
10 6 5 11 0 3 0 0 4 35 0 34 0 0 33 0 30 36 0 0 0 28 0 21 29 22 0 50 49 0 0 0 0 48 0 0 0 0 67 0 0 0 66 71 0 0 0 17 15 19 0 13 12 20 0 0 0 58 65 64 63 62 57 0 0 0 2 80 77 79 0 0 0 45 0 44 47 0 41 42 40 
0 78 0 0 79 0 80 0 0 0 28 25 22 23 0 29 21 27 15 0 0 0 0 0 20 0 0 0 0 0 0 0 0 39 47 43 0 63 0 64 65 0 0 0 0 9 0 0 6 10 0 0 3 0 0 0 0 0 0 55 0 53 0 67 0 66 74 71 0 70 72 0 37 36 0 35 0 30 32 0 0 
0 0 50 0 52 0 53 0 49 80 0 79 0 77 78 0 0 81 0 72 0 0 70 0 0 67 0 0 13 0 15 17 19 0 0 16 34 0 31 37 0 0 0 0 33 0 61 62 60 64 0 0 57 65 0 23 24 22 0 28 0 0 0 0 0 0 47 0 41 0 0 46 10 0 7 0 11 3 0 6 0 
0 15 0 0 16 12 17 0 0 44 46 0 0 0 0 0 39 45 0 0 0 0 34 0 0 31 0 59 0 0 0 62 0 57 0 0 0 81 76 1 2 77 0 80 0 27 0 0 24 28 0 22 21 29 0 0 0 67 74 0 0 0 0 0 6 3 0 8 0 7 9 10 0 0 0 53 0 0 0 0 49 
0 42 0 47 43 39 0 45 40 71 0 70 67 68 0 74 66 0 0 63 62 64 61 0 65 58 59 5 0 0 0 8 0 0 0 0 0 27 22 0 0 23 0 26 24 0 52 0 51 55 50 0 48 56 0 0 0 0 0 0 18 17 12 31 0 0 38 35 0 0 36 37 1 81 0 80 0 0 0 78 76 
73 69 68 0 70 0 71 0 67 17 0 16 0 14 0 20 0 18 0 0 0 0 0 3 0 0 5 32 0 0 33 35 0 30 38 34 52 0 0 0 0 50 48 0 0 0 79 80 78 1 0 0 75 2 43 41 42 0 47 0 45 44 0 58 60 0 0 0 0 0 0 64 28 27 0 26 29 21 0 0 0 
37 33 0 0 34 30 35 36 31 62 0 0 58 0 60 65 0 63 0 54 53 0 0 0 0 0 0 77 76 81 0 80 0 75 2 0 16 0 13 0 20 14 12 17 0 45 43 0 42 0 41 0 0 47 0 5 6 4 11 10 0 0 0 0 24 21 29 26 23 25 27 0 0 0 70 0 0 66 0 0 67 
0 0 0 29 25 0 0 27 22 53 0 0 0 50 0 0 48 0 0 0 0 46 0 0 0 40 41 0 67 0 69 0 73 0 74 70 0 9 0 0 0 0 3 8 6 0 0 0 33 0 32 31 30 38 0 77 78 76 2 0 81 0 75 0 15 0 0 17 14 16 18 19 64 63 61 0 0 0 59 60 58 
56 52 51 57 0 49 54 0 50 0 2 0 77 78 0 0 76 1 0 0 72 0 0 67 75 68 69 15 14 19 16 18 20 0 0 0 35 0 32 38 39 0 31 0 0 64 62 0 0 0 60 59 0 0 0 24 25 23 0 0 28 27 22 41 0 40 0 0 42 0 0 47 0 10 0 9 12 4 6 0 0 
29 25 24 30 26 22 0 0 0 0 0 53 50 51 52 57 0 0 43 46 0 47 44 0 48 0 42 0 0 73 70 72 0 67 0 0 0 10 5 11 12 0 4 0 0 0 0 36 34 38 33 32 31 39 0 0 79 0 0 2 1 81 76 0 16 13 21 0 15 0 0 20 0 0 62 63 0 58 60 61 0 
11 7 6 12 0 0 0 0 5 0 38 35 0 0 0 39 31 0 0 28 0 29 26 22 0 0 24 51 0 0 0 0 56 49 57 0 71 0 68 74 0 69 0 0 0 0 0 0 0 0 0 0 13 21 0 0 61 59 66 0 0 0 0 77 79 0 3 0 0 80 1 2 47 46 0 0 0 40 42 0 0 
0 70 0 75 0 67 0 0 0 18 20 0 14 0 16 0 13 0 0 10 0 0 0 0 0 5 0 33 32 37 34 36 38 31 0 35 53 55 50 0 0 51 49 0 52 1 80 0 0 2 0 77 76 3 44 0 43 0 0 0 46 45 0 0 0 0 66 0 60 62 64 65 29 0 26 0 30 22 0 0 0 
2 0 78 3 0 76 0 0 77 0 0 0 23 24 0 0 22 28 16 19 0 0 17 0 0 14 0 0 41 0 43 0 47 40 0 44 62 64 59 0 0 0 58 0 61 0 0 0 7 11 0 0 4 0 53 0 0 0 57 56 55 0 0 0 0 67 0 0 0 71 0 74 38 37 0 36 0 0 0 34 32 
0 43 42 0 44 0 0 0 41 0 74 71 0 69 0 75 67 73 61 0 0 0 62 0 0 59 0 0 0 10 0 9 11 0 0 0 0 0 23 29 0 0 22 0 25 0 53 54 0 56 51 0 0 0 0 0 0 0 21 20 19 18 13 32 0 31 0 0 33 35 37 0 2 1 0 0 0 0 0 0 0 
38 34 33 0 0 31 36 0 32 63 0 0 59 0 0 66 0 64 0 0 0 0 53 49 0 50 0 78 77 1 79 0 2 76 3 80 17 0 14 20 21 0 0 18 16 0 0 45 43 0 42 41 40 48 8 6 0 5 12 0 0 9 4 23 0 0 0 27 0 26 0 29 74 0 71 72 0 67 0 0 0 
0 0 0 0 0 0 0 0 59 9 11 0 0 0 0 0 4 0 0 0 81 0 0 0 0 0 78 24 23 0 0 0 0 0 30 26 0 46 41 0 48 0 0 0 43 0 71 72 0 74 69 68 67 75 0 0 0 32 0 0 37 36 31 50 0 0 0 54 51 0 0 0 20 0 0 18 21 0 15 16 14 
0 0 0 21 0 0 18 0 0 0 0 44 41 0 43 0 40 0 34 0 0 0 35 31 0 32 33 0 0 64 0 63 0 0 66 62 0 0 0 2 0 78 76 81 79 28 26 0 0 0 24 23 0 0 71 0 0 68 75 0 73 0 67 0 7 4 12 9 0 8 0 0 56 55 53 54 0 49 0 52 50 
53 49 0 0 0 46 0 0 0 0 0 0 0 75 0 81 73 79 67 70 0 71 0 64 0 65 0 12 0 16 0 0 0 0 0 0 32 0 0 35 0 0 0 0 0 0 0 0 0 0 0 0 0 0 0 21 0 20 0 0 25 24 0 0 0 0 0 0 0 41 43 0 8 0 0 6 0 1 0 0 0 
17 13 12 0 14 10 0 0 0 0 0 41 38 0 0 45 37 43 0 34 33 0 0 0 0 0 0 0 56 61 0 0 0 55 0 0 0 0 0 0 0 75 0 0 76 25 0 0 0 26 0 20 0 27 0 0 0 0 72 71 70 69 0 0 0 1 0 0 0 0 7 0 0 52 50 51 0 46 0 0 47 
0 0 0 0 0 64 0 70 0 15 17 0 11 12 13 0 0 16 4 0 6 8 5 0 9 2 0 0 0 34 0 0 0 28 0 0 0 52 0 53 54 0 0 51 49 0 77 78 76 0 0 0 73 81 0 0 40 0 45 0 0 42 37 56 0 0 0 60 57 0 61 0 0 25 23 0 27 19 21 0 0 
62 58 57 0 59 0 60 0 56 6 8 5 0 0 0 9 0 0 76 0 78 80 0 73 0 0 0 21 0 25 22 24 26 0 0 23 0 0 0 44 0 0 0 0 0 70 68 0 67 0 0 0 64 0 0 30 0 0 0 35 34 0 28 0 0 46 54 51 48 0 52 53 0 16 0 0 0 0 12 0 0 
8 4 3 0 0 0 6 7 2 33 35 32 29 0 31 0 28 0 0 25 24 26 23 0 0 20 21 0 0 52 49 0 53 0 0 0 0 70 65 0 0 66 64 0 67 16 0 15 0 0 0 0 10 18 0 57 0 0 63 62 61 0 0 74 0 0 0 78 75 77 79 80 0 0 41 0 45 0 39 40 38 
35 31 30 36 0 28 33 0 0 60 0 0 0 0 58 63 0 61 49 52 51 0 0 46 54 0 0 0 0 79 0 0 0 73 0 0 0 0 11 0 0 0 0 15 13 43 41 42 40 0 0 0 0 0 5 0 4 2 0 8 0 6 1 20 0 0 27 0 0 0 0 26 71 0 68 0 72 0 0 0 65 
0 40 0 45 0 0 42 43 38 0 0 68 65 66 67 0 64 70 0 0 0 0 59 0 63 0 57 3 0 7 4 0 0 1 9 0 0 25 20 26 27 0 19 0 0 0 50 51 0 53 48 47 46 54 0 12 0 0 18 0 16 15 0 29 31 0 0 33 30 0 34 0 0 79 0 0 81 73 0 76 0 
80 76 75 0 0 0 0 79 0 24 0 0 20 0 0 0 0 0 0 0 0 17 0 10 0 11 12 0 38 43 40 42 0 37 0 41 0 61 56 0 0 0 0 60 0 0 0 0 4 0 3 0 0 0 50 0 0 0 54 53 0 0 0 65 67 0 0 69 0 68 0 71 35 34 0 0 0 28 30 0 29 
26 0 21 27 0 0 24 0 0 51 53 0 47 48 49 54 0 52 0 0 0 44 0 37 0 0 39 66 65 70 0 69 0 0 72 68 5 0 0 8 0 3 0 0 4 34 0 0 31 35 0 0 28 36 0 75 76 74 0 0 79 0 73 0 0 0 18 15 0 0 16 0 0 0 59 60 0 55 57 58 56 
50 0 45 51 0 43 48 49 0 0 0 0 0 0 0 78 70 0 0 67 66 68 0 61 69 0 63 0 8 13 0 12 0 7 15 0 0 0 0 32 33 0 25 30 0 0 0 57 0 0 54 53 0 60 20 18 19 0 0 0 22 0 0 0 37 34 0 39 36 0 0 41 5 0 2 0 0 0 81 1 80 
59 55 54 60 56 0 57 58 53 3 5 2 80 0 0 6 79 4 0 76 75 77 0 0 78 71 72 0 17 0 0 0 23 16 24 20 38 0 35 41 42 36 34 0 37 0 0 0 64 0 63 0 0 69 0 0 28 0 0 32 0 0 0 44 46 43 0 48 45 47 0 0 0 13 0 12 15 0 0 0 8 
77 73 72 78 0 70 0 0 71 21 23 0 0 18 0 24 16 0 0 0 0 14 11 7 0 8 9 0 35 40 37 39 41 34 0 0 0 58 53 59 0 54 0 57 55 4 0 0 0 0 0 0 79 6 47 0 46 0 51 50 49 48 0 0 0 61 69 0 63 0 0 0 32 0 0 30 33 25 27 0 26 
23 19 18 24 0 0 21 0 0 0 50 0 44 45 0 51 0 49 37 40 39 0 0 34 42 35 0 63 0 0 0 0 68 0 69 0 0 0 80 0 0 0 79 0 0 0 29 30 0 32 0 0 25 0 74 72 73 0 0 77 76 75 70 0 0 7 0 12 9 11 0 0 0 0 56 57 60 52 0 55 53 
68 64 63 0 65 61 66 67 62 0 14 11 8 0 0 0 0 0 1 0 3 0 2 79 6 0 81 0 0 0 28 30 0 25 33 0 47 49 44 50 0 45 43 0 46 0 74 0 73 0 0 71 0 78 0 36 0 0 42 0 40 0 34 0 55 52 0 57 0 0 0 0 0 0 0 21 24 16 0 19 17 
0 10 9 15 11 0 0 13 8 0 41 38 35 0 37 0 0 0 0 31 30 32 0 25 33 26 0 0 0 0 0 0 59 0 0 56 74 76 0 0 78 72 0 0 0 22 0 21 0 23 0 17 16 24 0 0 64 0 0 68 0 66 61 80 1 0 0 3 81 2 4 5 0 0 0 48 51 0 0 0 0 
0 28 0 0 29 25 30 31 0 0 59 0 0 54 0 60 0 58 0 0 48 50 0 0 51 0 45 0 71 76 73 0 0 0 78 0 11 13 8 0 0 0 0 0 0 40 38 39 37 41 0 0 34 42 2 0 1 80 0 5 0 3 79 0 19 16 24 0 18 20 0 23 0 67 0 66 69 61 0 0 0 
0 0 0 0 2 0 3 0 80 0 32 29 26 27 28 33 0 0 19 0 0 23 0 16 0 0 0 0 0 49 46 0 0 0 0 0 65 0 0 68 0 0 0 0 64 0 11 12 0 0 9 0 0 0 56 54 55 0 0 0 0 0 52 71 0 70 0 0 72 0 76 0 0 40 38 39 42 34 36 0 35 
41 0 0 0 38 0 39 0 0 66 68 65 0 0 0 69 61 0 0 58 57 59 0 52 0 53 54 0 0 4 0 0 0 79 6 2 20 0 0 23 0 0 16 21 19 0 0 48 46 50 45 44 43 0 11 9 0 8 0 0 13 0 7 26 0 0 33 30 0 0 0 0 0 0 0 0 0 70 0 73 71 
16 12 0 17 13 9 0 0 10 0 43 0 37 38 39 44 0 42 30 33 0 34 31 27 35 0 29 56 55 0 57 0 61 54 0 58 0 78 73 0 0 74 72 0 0 24 0 23 0 25 20 19 0 26 0 65 66 0 71 0 0 0 63 0 0 81 8 0 0 0 6 0 52 0 49 0 0 45 0 0 0 
79 75 0 0 76 72 0 0 73 23 0 22 0 0 21 0 18 24 12 15 14 0 0 0 17 0 0 38 37 0 0 41 0 0 0 0 58 0 55 61 62 0 0 0 0 6 4 0 3 7 0 0 0 8 49 47 0 0 0 0 0 0 45 64 0 0 0 0 65 67 69 0 0 0 31 32 0 0 0 30 0 
61 57 0 62 0 54 59 60 55 0 0 0 0 2 0 8 0 6 0 78 77 0 76 0 80 73 0 20 0 0 0 0 25 0 26 0 0 0 37 0 44 0 0 41 0 69 0 0 66 70 0 64 63 0 0 29 0 28 35 0 33 32 0 0 0 0 0 0 47 49 0 0 0 15 13 14 0 9 11 12 0 
52 0 0 53 49 45 50 0 0 77 79 76 0 74 0 0 0 0 0 69 0 70 0 63 71 64 0 11 0 15 0 0 16 9 17 0 31 0 0 0 35 0 0 32 0 60 58 59 0 0 56 0 54 0 22 20 21 0 0 25 24 23 0 37 39 36 44 41 38 40 42 43 0 6 4 5 8 0 0 0 1 
25 0 20 0 0 0 0 0 0 50 52 0 0 0 48 0 0 0 39 42 0 0 40 0 44 0 0 0 64 0 0 0 0 0 71 67 4 0 0 7 8 0 81 0 0 0 31 32 30 0 29 0 27 35 0 74 75 73 80 79 0 0 72 10 0 0 17 0 0 13 15 16 0 60 58 59 0 0 0 0 0 
0 0 0 8 0 81 0 0 1 32 34 31 28 29 30 0 27 33 0 0 23 0 22 18 26 0 0 47 0 51 48 0 0 45 53 49 67 69 0 0 71 0 0 68 66 15 13 14 12 0 0 10 9 17 58 0 57 55 62 0 0 59 54 0 75 0 0 77 74 0 0 0 43 42 0 0 0 0 0 39 37 
70 66 65 0 0 0 68 69 0 14 16 13 10 11 0 17 0 15 3 0 0 7 4 0 0 0 2 0 28 33 30 0 34 0 0 0 49 0 0 0 0 47 0 0 0 0 0 0 75 79 74 73 0 0 0 38 39 37 0 43 0 0 36 0 57 0 0 59 56 58 0 61 25 0 22 0 26 0 0 0 0 
0 0 0 44 40 0 41 42 0 68 70 0 64 0 0 0 0 69 57 60 0 61 58 54 62 0 56 2 0 0 0 0 0 81 0 0 0 24 19 25 26 0 0 0 21 0 49 50 48 52 0 0 0 53 13 11 0 0 0 16 0 14 0 28 30 27 35 32 0 0 33 0 79 0 0 0 0 72 0 75 73 
0 0 29 0 31 27 32 33 28 59 0 0 55 0 0 0 0 0 48 51 50 52 49 45 0 46 0 74 73 78 0 0 79 0 80 0 0 0 0 16 0 0 9 0 0 42 0 41 39 0 38 0 0 0 4 0 3 0 8 7 6 5 81 19 21 0 0 23 0 0 0 25 70 0 67 68 0 0 65 0 64 
