9
0 40 0 41 36 0 42 0 38 15 9 16 14 0 13 0 0 0 33 32 31 28 0 0 0 0 34 0 0 0 0 80 73 0 0 0 0 0 47 52 0 0 49 51 0 0 59 0 61 58 62 0 56 0 66 0 70 0 0 64 65 0 0 0 18 0 0 23 19 0 24 0 0 0 5 0 0 8 0 0 81 
70 67 0 68 63 0 69 71 0 42 0 43 0 0 0 39 0 0 0 0 0 55 57 0 0 56 61 25 24 22 0 0 0 20 0 21 0 80 74 0 0 0 0 0 73 6 5 3 0 0 8 0 2 1 12 0 16 0 13 0 11 0 0 0 0 53 47 0 46 0 51 0 0 29 32 28 0 35 31 34 27 
7 0 0 5 0 0 6 8 0 0 54 61 0 56 0 0 0 0 0 0 76 73 75 72 0 0 0 0 42 40 36 44 0 38 41 39 0 17 11 16 0 0 0 15 0 24 23 21 25 22 0 0 20 19 0 32 34 27 0 28 29 33 0 70 0 0 0 0 0 66 0 0 51 47 50 46 0 53 49 0 0 
0 0 0 59 54 55 60 62 56 33 0 0 0 29 0 30 0 28 0 50 0 46 0 45 53 0 0 16 0 0 0 0 0 11 0 0 63 0 0 0 68 0 67 0 64 78 0 75 0 76 80 0 0 0 0 0 7 0 0 0 2 6 8 0 36 0 38 41 37 0 42 0 0 0 0 19 21 0 22 0 18 
0 0 12 14 0 0 15 17 0 69 0 70 68 0 0 0 71 64 6 0 0 0 3 81 8 2 7 0 0 0 45 0 0 0 0 48 18 0 20 0 23 0 0 0 0 33 0 0 34 31 0 27 29 0 0 0 43 36 0 37 38 0 44 79 0 80 74 77 73 0 78 76 60 0 0 55 57 0 58 61 0 
79 0 75 0 72 73 78 80 74 0 0 0 0 0 49 0 0 0 0 0 0 64 0 0 0 0 0 34 33 31 27 35 0 29 32 0 81 8 2 7 5 0 0 0 1 15 14 12 0 13 17 0 11 10 0 23 0 0 0 19 20 0 26 61 0 62 56 0 0 57 0 58 0 0 0 0 39 0 0 0 0 
52 49 0 0 45 46 0 53 0 0 18 25 23 20 22 21 26 0 42 0 0 0 39 0 44 0 43 0 0 0 81 8 1 2 0 0 54 0 56 0 59 57 58 60 55 0 0 66 0 67 71 63 65 64 0 0 79 72 0 73 0 78 80 0 27 0 29 0 28 30 33 0 0 11 0 10 0 0 13 16 0 
25 0 21 23 0 19 24 26 0 0 72 79 0 0 76 0 0 0 15 0 13 10 0 0 17 11 0 61 60 58 54 62 55 0 59 0 0 35 29 0 0 30 31 0 0 0 0 0 0 0 44 36 0 37 0 0 52 0 0 46 0 0 53 7 0 0 2 5 1 0 6 0 69 0 0 0 0 0 67 0 0 
34 0 0 0 27 0 0 35 29 6 0 7 5 2 0 0 8 1 0 0 0 19 0 0 0 20 0 0 69 0 63 0 64 0 0 66 0 44 0 0 41 0 40 42 37 0 0 0 52 49 0 0 47 0 0 59 0 0 58 55 0 60 0 16 0 17 11 14 0 12 0 0 0 74 0 0 75 80 76 0 0 
0 0 0 9 4 5 0 12 6 64 58 65 63 0 0 0 0 59 0 0 0 0 0 76 3 0 2 0 46 0 40 0 0 0 0 0 0 0 0 20 0 0 0 0 14 0 0 0 0 26 30 22 0 23 34 36 38 0 0 0 0 0 39 74 0 0 0 0 68 0 73 71 55 51 54 0 52 0 53 56 49 
29 26 25 0 0 0 28 0 24 0 76 0 0 0 80 79 3 77 0 18 0 14 16 0 21 0 20 65 0 62 0 0 0 0 63 0 0 39 33 38 0 0 0 37 0 46 0 0 0 0 0 0 42 41 52 0 56 0 53 0 51 55 0 0 4 12 0 0 5 0 0 0 0 0 0 68 0 75 0 0 67 
56 53 52 0 49 0 0 57 51 0 22 0 0 0 26 25 30 23 0 45 44 0 43 40 0 42 0 11 10 8 4 12 0 6 9 7 58 66 60 65 0 61 62 64 59 73 0 0 74 71 0 67 0 68 79 81 0 0 80 0 78 1 3 0 0 39 33 36 32 34 37 0 0 15 18 0 0 0 17 20 0 
38 0 34 0 31 0 37 39 33 10 4 0 9 0 8 7 0 5 28 27 0 23 25 0 30 24 29 0 0 71 0 75 0 69 72 70 0 48 42 47 45 0 0 0 41 0 0 0 56 0 0 49 0 0 61 0 0 0 62 0 60 0 0 0 13 21 15 0 0 16 0 0 0 0 81 77 0 0 0 0 0 
0 0 0 18 0 14 0 0 0 73 0 74 0 69 0 0 0 0 0 0 0 5 7 0 12 0 11 0 0 0 0 0 50 0 0 0 0 0 24 29 27 0 0 0 23 37 0 34 38 35 39 0 33 32 43 45 47 40 0 41 42 0 0 0 76 3 0 81 0 0 1 80 0 0 63 0 61 66 0 65 58 
0 0 0 0 67 0 0 75 69 46 0 47 45 42 0 0 48 0 64 0 0 59 61 0 66 0 65 0 0 0 22 30 23 24 27 0 0 0 78 2 0 79 80 1 77 0 0 7 0 0 12 4 6 5 0 0 0 0 17 0 15 0 0 56 0 57 51 54 50 52 0 53 37 33 36 0 0 39 0 38 31 
65 62 61 0 0 59 64 0 60 0 0 0 36 33 35 0 0 0 55 54 0 50 52 0 57 0 0 20 0 0 13 0 0 15 0 16 0 75 69 0 72 0 71 73 68 0 0 79 2 0 0 0 0 77 0 0 0 0 0 0 0 10 0 47 0 0 0 0 0 0 46 0 0 0 0 23 25 30 0 29 22 
0 80 0 0 0 0 0 3 0 0 49 0 54 0 53 0 0 50 0 72 0 68 0 0 0 69 0 0 0 0 31 39 32 0 36 0 0 12 0 11 0 7 8 10 0 0 18 0 0 17 0 13 0 0 0 27 29 22 26 23 0 28 30 65 0 0 0 63 59 0 64 62 46 42 0 0 43 0 0 0 0 
0 44 43 45 40 0 46 48 0 19 0 0 18 15 0 0 21 14 37 0 0 0 34 31 0 0 38 0 1 0 0 0 0 0 0 0 0 0 0 0 54 52 53 55 50 64 0 0 65 62 66 58 0 0 0 72 0 67 0 0 0 73 75 0 22 0 0 0 23 25 28 26 10 6 9 5 0 0 0 0 4 
0 19 0 20 0 16 0 0 0 75 69 76 74 0 73 0 77 0 0 0 10 7 0 0 14 8 13 0 0 55 51 0 0 53 56 0 0 32 26 31 29 27 28 0 0 39 38 36 40 0 0 0 35 0 0 47 49 0 0 0 0 48 0 4 0 0 0 0 79 81 0 0 0 62 0 0 0 68 0 0 0 
0 10 0 0 0 7 12 14 0 66 60 0 65 0 0 63 0 0 3 2 0 79 0 0 5 0 0 0 48 46 0 0 43 0 0 45 0 23 0 0 0 0 19 0 0 30 29 0 31 28 32 0 26 25 36 0 40 33 0 34 0 0 0 0 0 77 0 0 70 72 0 73 0 53 56 0 0 59 0 58 51 
31 0 27 29 0 0 30 0 26 3 78 4 0 80 0 0 0 79 0 20 19 16 0 0 0 0 0 67 0 0 0 0 0 62 65 63 0 41 35 0 0 36 37 0 34 0 47 45 0 46 0 0 44 43 0 0 58 0 55 0 53 0 59 13 6 14 0 0 0 9 0 10 0 0 0 0 72 77 0 0 0 
67 0 63 65 0 61 0 68 62 39 33 40 0 0 0 36 41 0 0 56 0 52 54 51 59 0 58 0 21 0 0 23 16 17 0 0 69 77 71 0 0 0 73 75 70 0 0 81 4 1 0 0 80 79 0 11 0 0 10 7 8 0 14 49 0 0 0 0 0 45 0 0 0 0 29 25 0 32 0 0 24 
4 1 0 2 0 79 3 5 80 0 51 0 56 0 0 0 0 52 0 74 0 0 72 0 77 0 0 40 39 37 0 0 34 35 38 0 6 0 0 13 11 9 10 0 7 0 0 18 0 0 0 15 17 0 0 29 31 0 0 0 0 0 0 0 0 68 62 65 61 63 0 64 0 44 47 0 45 50 0 49 42 
58 55 0 0 0 0 57 59 0 0 24 31 29 0 0 27 32 0 0 0 46 43 0 0 50 0 49 0 0 0 6 0 0 0 11 0 0 0 0 0 0 63 64 66 61 0 74 0 76 0 0 0 71 0 0 2 4 78 0 79 80 3 0 40 33 41 35 38 0 0 0 37 0 0 20 0 0 23 19 0 0 
0 46 45 47 0 0 0 50 44 21 0 22 20 0 0 0 0 0 39 38 37 34 36 33 41 35 40 0 0 0 78 0 79 80 2 0 0 0 53 58 0 0 0 0 52 66 65 63 0 0 68 60 0 0 0 0 76 0 73 70 0 0 0 0 0 0 0 0 25 0 30 0 12 8 0 7 0 14 10 13 6 
0 73 0 74 69 70 0 77 0 48 42 49 0 0 0 0 0 43 0 65 64 61 63 0 0 62 0 31 30 28 24 0 0 26 0 27 0 5 80 4 0 81 0 0 0 12 0 9 0 10 0 0 8 7 18 0 0 15 0 0 0 0 0 0 0 0 53 56 52 0 0 0 0 35 38 34 36 0 37 0 0 
0 37 36 0 0 0 0 0 0 0 6 13 0 0 0 0 14 7 0 29 0 0 27 0 0 26 0 0 0 0 0 0 70 0 74 72 0 50 44 0 0 45 46 48 0 57 56 0 58 0 0 51 0 52 63 0 67 0 0 61 0 66 0 22 15 0 17 0 0 0 0 0 3 0 0 79 81 5 1 4 78 
0 0 46 48 0 44 49 51 0 0 0 0 0 0 0 0 0 0 40 39 38 35 37 0 0 0 41 5 4 0 79 0 0 81 0 1 0 60 0 0 57 55 56 0 53 67 66 64 68 65 69 0 0 62 73 75 0 0 0 71 0 76 78 0 0 33 27 30 0 0 0 29 0 9 12 0 10 0 11 0 7 
0 29 0 0 25 0 0 0 0 0 0 5 0 81 2 0 0 80 22 0 0 0 0 0 0 18 23 0 0 65 61 69 0 63 66 64 34 0 36 41 0 0 38 40 0 49 0 46 0 47 51 0 0 44 0 57 0 52 56 0 0 0 0 0 0 15 9 0 0 0 0 11 0 0 0 71 0 0 0 0 0 
5 0 0 0 79 80 0 6 81 58 0 0 57 54 56 0 60 53 0 0 0 0 0 70 0 0 0 0 40 38 0 42 0 0 39 0 7 0 9 0 0 0 0 0 8 22 0 0 23 0 24 0 18 0 28 30 32 25 0 0 0 31 0 0 0 69 0 0 0 0 0 0 49 45 48 0 0 51 47 50 43 
0 38 37 39 0 35 0 42 0 13 0 0 0 0 11 0 0 8 0 30 0 0 0 0 0 27 0 77 0 74 70 78 0 0 0 73 0 51 0 0 0 46 0 49 44 58 57 0 0 56 0 0 0 0 64 0 0 61 65 62 0 67 0 23 0 0 18 0 17 0 0 0 0 0 0 80 1 0 2 5 0 
0 0 0 66 0 0 0 69 63 40 0 41 39 0 0 0 42 0 0 0 56 53 0 0 60 0 0 0 0 20 16 24 0 18 21 19 0 0 0 77 0 73 74 76 0 0 3 1 5 2 6 0 0 80 0 12 14 7 0 8 0 0 0 0 0 0 45 0 44 0 0 47 0 27 0 0 0 33 29 0 25 
77 74 0 0 0 71 76 0 0 49 0 0 0 45 0 46 0 0 0 0 65 62 64 61 69 0 0 32 31 29 0 0 0 0 30 0 0 0 81 5 3 0 0 4 0 0 12 0 0 0 0 7 9 0 0 21 0 0 20 17 0 0 0 0 52 0 54 57 0 55 58 0 40 36 39 35 0 42 38 41 34 
0 56 0 57 52 53 0 60 0 0 0 0 0 0 29 0 0 0 49 0 0 44 0 0 0 0 50 14 0 0 7 0 8 9 12 0 61 0 0 68 0 0 0 67 0 76 0 73 77 0 0 0 72 71 0 3 0 79 0 80 81 4 0 41 34 42 0 0 0 0 0 38 22 0 21 0 0 24 20 0 0 
0 0 0 0 0 17 22 24 18 0 70 0 0 72 74 73 78 71 0 0 0 8 0 0 0 0 0 59 0 56 0 0 0 54 57 55 0 0 27 0 0 28 29 0 0 0 39 37 0 0 42 34 0 35 0 48 50 0 47 44 45 49 51 0 79 6 0 0 80 0 4 2 67 0 66 0 0 69 0 68 0 
14 0 10 12 0 0 13 15 0 67 61 68 66 0 0 64 69 62 0 3 2 80 1 79 6 0 0 50 49 0 0 51 0 45 0 46 0 0 0 0 0 19 20 22 17 31 30 0 32 29 0 25 27 26 0 0 41 34 38 0 36 40 42 0 70 0 72 75 71 0 0 74 58 54 57 0 55 0 56 0 0 
0 0 0 0 0 0 2 0 0 56 50 57 0 52 0 53 58 51 74 0 72 69 0 68 76 0 75 0 0 0 32 0 33 34 0 0 0 13 0 0 10 0 0 11 0 20 19 17 0 18 0 0 16 0 0 0 0 23 0 0 25 0 31 0 0 67 61 0 60 62 0 0 47 43 0 0 44 49 0 0 0 
39 0 35 37 0 0 0 0 0 0 0 0 10 0 9 0 13 0 0 28 27 0 0 0 31 0 30 75 0 72 0 76 69 70 0 71 0 49 43 0 46 0 0 47 42 0 0 0 57 0 0 50 52 0 62 64 66 59 0 0 61 65 0 0 0 22 16 0 15 0 0 18 0 79 1 78 0 4 81 0 77 
0 45 0 46 0 0 47 49 43 20 14 21 0 16 0 17 22 15 38 0 36 33 0 32 0 34 39 0 0 0 0 0 0 0 0 0 0 0 0 0 0 53 54 0 0 0 0 0 0 0 0 0 61 0 0 73 0 0 72 69 0 74 0 0 0 31 25 28 24 26 0 0 11 7 0 6 8 0 0 12 5 
0 0 26 0 23 0 0 31 25 0 77 3 1 79 0 80 4 0 20 0 18 15 17 0 22 16 0 0 0 0 59 0 60 61 64 62 0 40 34 39 0 35 36 38 0 47 0 0 0 0 0 41 0 0 0 55 57 0 0 51 0 0 0 12 5 13 7 0 0 0 0 0 74 0 73 0 71 0 72 0 68 
0 63 0 64 0 0 0 0 61 0 32 0 0 34 0 0 0 0 56 0 54 0 53 50 58 0 57 0 20 18 0 0 0 0 19 17 0 76 0 0 73 0 0 0 0 2 0 0 3 0 4 77 79 0 0 0 0 0 0 6 0 0 0 0 41 0 0 0 0 44 0 0 29 25 0 0 26 0 0 30 0 
12 0 8 10 0 6 0 13 7 65 0 0 64 0 0 0 67 0 0 0 0 0 0 77 0 79 0 48 0 45 41 0 42 0 0 44 0 0 0 0 19 0 18 20 15 29 0 26 0 0 0 0 25 0 0 0 39 32 36 33 34 0 40 0 0 0 70 0 69 71 0 72 56 52 55 51 53 0 0 0 0 
57 54 0 0 50 0 56 0 52 29 0 30 0 0 27 0 0 24 47 0 0 42 0 41 0 43 48 0 0 9 0 0 6 0 10 0 59 67 61 66 64 62 0 0 60 74 0 71 75 72 0 0 0 0 0 0 3 0 81 78 0 0 4 39 0 40 34 0 33 0 0 36 0 16 0 15 17 22 0 21 14 
0 0 0 73 0 0 0 76 0 47 0 0 46 0 0 44 0 0 65 0 0 60 62 0 67 61 66 0 29 27 0 31 0 0 0 26 0 4 0 0 0 0 0 0 78 0 0 8 0 9 13 5 7 0 0 0 21 14 0 15 0 20 22 0 0 58 0 0 0 0 56 54 0 0 37 33 0 40 36 0 0 
21 18 0 19 14 15 20 0 16 0 68 0 0 70 72 0 76 69 0 10 9 6 8 5 13 0 12 0 56 0 0 58 0 0 0 0 0 31 0 0 0 26 27 0 24 38 0 35 39 0 40 32 0 0 44 0 0 0 0 0 0 0 0 0 0 4 0 0 78 0 0 81 65 0 0 60 0 0 63 0 59 
0 0 6 0 3 4 0 11 0 63 0 0 0 0 0 0 0 58 0 0 0 76 0 75 0 0 1 0 45 0 39 47 0 0 0 42 12 0 14 0 0 0 0 0 13 27 26 0 0 25 29 0 0 22 0 0 37 0 0 31 0 0 0 73 66 0 68 71 67 0 0 70 0 50 0 49 0 56 0 55 48 
55 0 51 53 48 49 54 56 0 0 21 28 26 0 0 24 29 0 45 0 0 0 42 0 47 0 46 0 9 7 3 0 0 0 8 0 0 0 59 0 0 0 0 63 0 72 0 69 73 70 0 0 0 0 78 0 1 0 79 0 0 81 0 0 30 38 32 0 0 33 0 34 18 0 0 0 15 20 16 19 12 
73 70 69 71 66 0 72 0 0 45 39 0 0 0 0 42 47 0 63 0 0 58 0 57 0 0 0 28 0 25 21 29 22 0 26 24 0 2 77 1 0 0 0 81 76 9 0 0 0 0 11 0 0 0 15 17 19 12 0 13 0 0 20 55 0 56 50 53 0 0 54 52 0 0 0 0 33 38 34 0 0 
1 0 78 80 75 76 81 2 0 0 48 55 0 50 52 51 0 0 0 0 0 0 69 0 74 68 0 0 0 0 0 0 0 32 35 0 3 11 0 10 0 6 0 0 0 0 0 15 19 0 20 12 14 0 24 26 28 0 25 22 0 27 0 64 0 65 0 62 58 0 0 0 45 41 44 0 42 0 0 0 39 
0 0 0 0 0 0 0 20 0 72 66 73 71 0 70 69 0 0 9 8 7 0 6 0 0 5 10 0 54 0 0 56 0 0 0 0 21 0 23 28 0 0 25 0 22 0 0 33 0 34 0 0 0 0 0 44 0 39 43 40 41 45 0 1 75 0 77 0 76 0 0 0 63 59 62 58 0 65 0 64 0 
0 25 24 26 21 22 27 29 23 81 75 0 80 77 79 78 0 76 18 0 0 0 15 12 20 14 19 64 63 0 0 0 58 0 62 0 0 38 32 0 0 33 0 0 31 45 44 0 0 0 0 39 41 40 0 53 0 0 0 49 0 54 0 0 0 0 5 0 4 6 0 7 0 0 0 67 69 74 70 0 0 
37 0 0 0 30 0 0 38 0 0 0 10 0 5 7 6 0 4 27 0 25 22 24 21 29 23 0 73 72 70 0 0 0 0 0 0 39 47 0 0 44 0 0 45 0 0 0 0 55 0 56 0 0 0 0 0 0 57 0 0 59 0 65 19 0 20 14 0 0 0 0 16 0 77 80 0 78 2 79 0 75 
0 61 60 0 0 58 63 65 0 0 0 37 35 0 34 33 0 31 0 0 0 49 0 0 0 50 0 0 18 16 12 20 0 14 0 0 0 74 0 73 71 0 70 0 67 81 0 0 1 0 2 0 0 0 6 0 10 3 7 0 0 0 11 46 39 0 0 0 40 0 0 0 27 0 0 22 24 29 25 0 0 
0 43 42 44 0 0 45 47 0 18 0 0 0 14 0 0 0 13 36 0 34 0 0 0 0 0 0 1 0 0 75 2 0 0 80 78 0 56 0 0 0 0 0 0 49 0 0 60 0 0 65 0 0 58 0 0 73 0 70 67 0 0 74 28 21 29 0 0 0 24 0 0 9 5 8 4 6 0 0 0 0 
0 57 0 58 0 54 59 0 0 32 0 0 31 0 30 0 34 0 50 49 48 0 47 44 52 46 0 0 0 0 0 0 9 10 0 0 0 70 64 0 67 65 66 0 63 0 76 74 0 75 79 0 0 0 2 4 0 80 0 81 1 0 7 0 0 43 37 0 0 0 0 0 23 0 0 0 20 25 21 24 0 
0 39 0 0 0 0 41 0 37 0 8 15 13 10 12 0 0 0 32 31 0 27 0 26 34 0 33 78 0 75 0 0 0 73 0 74 0 0 46 51 0 47 0 50 0 59 58 0 0 57 0 0 55 54 0 0 69 0 0 63 0 68 70 24 0 25 0 0 0 20 0 0 0 1 4 0 0 7 3 6 80 
15 0 11 0 8 9 0 0 10 0 0 0 67 0 66 65 70 0 0 0 3 0 2 0 0 0 6 51 50 48 44 0 45 46 0 0 0 25 0 0 0 20 0 23 0 32 31 29 0 30 34 0 28 0 0 0 42 0 39 0 0 0 0 78 0 79 73 0 72 74 77 0 59 0 0 54 56 0 57 0 53 
0 66 65 67 0 63 0 0 0 41 35 0 0 37 39 38 43 36 0 58 0 0 0 53 0 55 60 24 0 21 17 0 0 19 22 0 71 79 73 78 0 0 0 0 72 0 4 0 0 3 7 80 0 0 11 13 15 8 12 9 0 0 16 51 44 0 0 0 0 0 50 0 0 28 31 0 0 34 0 33 26 
6 0 0 4 0 0 0 0 0 0 53 60 0 55 0 0 0 54 77 76 75 0 0 0 79 73 78 42 0 0 0 43 36 0 40 38 0 16 0 0 13 0 0 14 9 23 22 20 24 0 0 17 19 0 0 31 0 0 30 27 28 0 34 0 62 70 0 0 0 65 0 0 50 0 0 45 0 52 0 0 44 
78 75 74 0 0 0 77 0 0 50 0 51 49 46 48 0 52 45 68 0 66 63 0 62 70 64 0 0 0 30 0 34 0 0 0 29 80 7 1 6 4 2 3 5 0 0 0 0 0 12 0 8 0 9 20 22 0 0 21 18 0 0 25 60 53 0 55 58 0 0 0 57 0 0 0 36 38 0 0 0 0 
0 30 0 0 0 0 0 34 0 5 0 6 4 1 0 0 0 81 23 0 21 0 20 17 25 0 0 69 0 66 0 70 63 64 67 65 35 43 37 0 40 38 39 0 36 50 0 47 51 0 0 0 0 45 0 58 60 53 57 54 55 59 61 15 8 0 10 0 9 11 14 12 0 73 76 0 74 79 0 78 0 
0 0 0 0 17 18 0 0 19 0 71 0 0 73 75 0 79 72 14 13 12 0 0 0 16 0 0 0 59 0 53 0 0 0 58 56 0 0 28 0 31 0 0 32 0 0 40 0 42 0 43 35 0 0 47 0 0 0 48 0 46 0 52 0 80 7 1 4 81 0 5 0 68 0 0 0 65 70 0 0 0 
0 0 0 0 44 0 50 52 0 0 0 24 0 19 0 0 0 18 0 40 39 0 0 0 43 0 0 6 0 0 0 7 81 1 4 2 53 0 55 60 58 0 0 0 0 0 67 0 0 0 70 0 64 0 0 0 0 71 0 72 0 0 0 33 0 34 0 31 0 29 32 0 14 0 0 0 0 0 12 0 8 
0 0 77 79 74 75 0 0 76 53 47 0 0 0 0 0 55 0 0 0 0 0 68 0 73 67 0 36 0 33 29 37 30 31 0 32 0 0 4 9 7 0 6 8 0 17 0 14 18 0 0 0 0 12 0 0 0 20 0 0 22 26 0 0 56 64 58 61 0 0 62 0 44 0 0 39 41 46 42 0 38 
9 6 0 7 2 3 8 0 0 0 0 0 0 0 0 0 64 57 80 0 78 0 77 0 0 0 0 45 44 0 38 0 0 40 43 41 11 0 0 0 0 0 15 17 12 26 25 23 0 0 28 20 22 0 0 0 0 0 33 0 0 35 37 0 65 0 67 70 66 0 0 0 53 49 0 0 50 0 0 0 47 
18 0 14 0 11 12 17 0 0 71 65 0 0 0 69 68 0 0 8 0 0 0 0 2 0 4 0 0 53 0 47 55 0 49 0 0 20 28 0 0 0 23 24 26 21 0 34 32 36 33 37 29 31 30 41 0 0 0 0 39 40 0 0 0 74 0 0 79 0 77 0 0 0 0 61 0 0 64 0 63 56 
54 51 0 52 0 48 53 55 0 26 20 0 0 22 0 0 28 21 44 0 0 39 41 38 46 40 45 9 8 0 2 0 0 0 7 5 0 0 0 63 0 0 0 62 57 71 70 68 0 69 0 0 0 0 77 79 0 0 0 75 76 80 0 0 0 0 31 0 0 0 0 33 17 13 16 0 0 0 15 0 0 
0 0 0 0 20 0 0 0 22 80 0 81 0 76 78 77 0 75 0 0 0 12 0 0 0 13 18 0 62 60 0 64 57 0 0 59 29 0 0 0 34 32 33 35 30 44 0 0 45 42 46 0 0 0 50 52 0 0 0 48 49 53 0 9 2 0 4 0 0 5 0 0 71 67 70 0 0 0 0 0 65 
0 0 0 0 0 0 71 0 67 44 0 0 0 40 42 41 0 39 62 0 60 57 0 56 0 58 63 27 26 0 0 0 0 22 25 23 0 0 76 81 0 0 0 0 0 8 7 5 0 6 0 2 4 3 14 0 0 0 15 0 0 17 0 54 47 0 0 0 48 0 0 51 35 31 34 0 32 0 0 0 0 
0 60 0 61 0 0 62 0 0 35 29 0 34 31 0 0 37 0 0 0 51 0 50 47 0 0 0 18 17 15 11 19 12 0 16 14 65 73 67 0 0 0 0 71 0 80 0 0 0 0 1 0 0 0 0 0 9 0 6 3 4 8 0 45 0 46 40 0 0 41 44 42 26 0 25 0 23 0 24 27 20 
0 42 0 0 0 0 44 0 40 0 0 0 0 13 15 14 0 12 35 0 33 0 32 0 37 31 0 81 80 78 74 1 75 76 79 77 0 55 49 0 52 50 0 53 0 62 61 59 63 60 0 56 58 57 68 0 72 0 69 66 0 0 0 0 0 28 0 25 21 0 26 24 8 4 7 0 0 0 0 0 2 
0 0 0 0 29 30 35 0 31 8 0 9 7 0 6 5 10 0 26 0 0 21 23 0 28 22 27 72 0 69 65 0 0 0 0 0 38 46 0 0 0 0 0 44 0 53 0 0 54 0 55 0 0 48 59 61 63 56 60 57 0 0 0 18 11 19 13 16 0 14 0 15 0 76 0 0 77 1 78 0 74 
80 77 76 0 73 74 0 0 0 52 46 0 51 48 0 49 54 47 70 69 68 0 0 64 0 0 71 35 34 32 28 0 0 0 0 31 1 9 0 0 0 0 0 0 0 16 15 13 17 0 18 0 12 11 22 0 0 0 23 20 0 0 27 62 55 0 0 60 56 0 61 0 0 39 0 0 40 0 41 0 0 
0 0 0 0 0 0 0 9 3 0 55 62 60 57 0 58 63 56 79 78 77 0 0 73 81 75 80 44 0 0 37 45 0 0 42 0 10 18 0 17 0 13 14 0 11 0 24 0 0 0 0 0 0 0 0 0 35 28 0 0 30 0 36 0 64 72 0 0 65 67 70 68 52 0 0 47 0 0 0 53 0 
0 0 31 0 0 29 0 36 30 0 1 8 6 0 0 0 0 0 0 24 0 0 22 0 0 0 0 0 0 0 64 0 65 66 69 67 0 45 39 44 42 40 41 0 38 52 51 49 0 0 0 46 48 47 0 0 0 0 0 0 0 0 63 0 10 18 0 0 11 0 16 14 79 0 78 74 0 0 77 80 0 
53 0 0 0 46 47 0 54 0 25 0 0 24 21 23 22 0 0 0 42 41 0 40 0 45 39 0 8 0 0 0 0 2 0 6 4 55 0 0 62 0 58 59 61 0 70 69 0 0 0 0 0 0 65 0 78 0 73 0 74 75 79 81 0 28 36 30 0 0 31 34 32 16 12 0 11 0 0 0 17 10 
0 23 0 0 19 20 0 27 21 0 0 0 0 75 77 0 0 0 16 0 14 11 0 0 18 0 17 62 0 59 55 0 56 0 0 58 28 36 0 35 0 31 32 0 29 0 42 40 44 0 0 37 0 0 49 0 53 0 0 47 48 52 54 0 0 9 3 0 2 4 0 5 70 66 69 0 67 72 0 71 64 
0 41 40 42 0 38 43 45 39 0 0 0 0 12 0 13 18 0 0 33 0 29 31 0 36 0 0 0 0 77 73 81 0 0 0 76 46 54 0 0 0 49 50 52 47 61 0 0 0 59 0 55 0 0 0 0 0 0 68 65 66 0 0 0 0 27 21 0 20 0 0 23 0 3 0 0 0 9 5 8 1 
17 14 13 15 0 0 0 0 12 70 0 71 69 66 0 67 72 65 7 0 5 0 0 1 9 3 8 53 52 0 46 0 0 48 51 49 19 0 0 26 24 0 0 25 20 0 0 0 35 0 0 0 0 29 40 42 0 37 0 0 0 0 45 80 0 81 0 78 0 0 79 77 61 57 0 56 58 0 59 0 55 
0 59 0 0 55 56 61 63 0 0 0 0 0 30 32 31 36 0 52 51 0 47 49 0 54 0 0 0 16 0 0 18 0 12 0 0 64 0 66 71 0 0 0 0 0 0 78 0 80 0 0 73 75 74 0 0 8 0 5 0 0 0 0 0 37 0 0 42 38 40 0 41 25 21 0 20 0 27 23 0 0 
0 0 67 69 64 0 0 0 0 43 37 0 42 39 41 40 0 38 0 60 0 56 58 0 0 0 62 0 25 23 0 27 0 0 0 22 73 0 75 0 78 0 0 0 0 7 0 0 8 0 9 0 3 0 13 15 0 10 14 11 0 16 0 53 0 54 0 51 0 0 0 50 0 30 0 0 31 0 32 35 28 
