9
61 0 57 0 60 0 0 0 0 47 54 0 0 0 0 0 0 52 0 0 0 0 76 80 0 79 78 0 0 0 0 17 0 0 0 12 0 0 38 42 45 43 37 40 0 0 0 0 0 35 0 0 0 0 3 0 0 4 0 7 9 1 6 19 24 23 0 0 20 0 0 0 0 0 67 69 0 0 0 0 0 
0 0 21 26 0 0 0 0 19 11 0 0 14 0 10 0 17 16 38 0 45 0 0 0 39 43 42 0 0 63 0 62 60 58 56 57 8 5 2 0 0 7 0 0 3 0 0 0 81 0 73 0 76 79 48 50 47 0 0 52 54 46 51 64 69 0 0 0 65 0 0 0 0 0 0 0 0 0 0 36 35 
0 54 48 53 51 0 49 0 0 0 0 40 41 0 37 0 0 0 0 68 72 64 0 0 66 70 0 1 5 9 7 8 0 0 0 3 35 32 29 33 0 0 28 0 30 23 0 20 27 26 0 24 0 25 0 0 74 0 0 79 81 0 78 0 0 0 17 16 0 0 13 0 0 55 0 60 56 0 57 0 0 
0 0 0 17 0 0 13 0 0 2 9 0 0 6 1 3 8 0 0 0 36 0 0 35 0 0 33 0 0 54 0 53 0 0 47 48 80 77 74 0 81 0 0 76 0 68 66 65 0 71 0 0 0 0 0 0 0 0 0 43 45 0 0 55 0 0 62 0 56 0 58 57 23 19 22 24 0 25 21 27 0 
0 0 0 35 33 0 0 0 28 0 0 0 0 24 19 21 0 0 47 50 54 0 49 0 48 52 0 0 0 72 70 71 69 0 65 0 0 14 11 0 0 16 10 0 12 5 3 2 0 8 0 6 0 7 0 0 56 58 62 0 0 55 0 0 0 0 80 0 0 81 0 0 41 0 40 0 38 43 0 45 44 
0 45 0 44 0 38 40 0 0 29 36 31 0 0 0 0 0 0 56 59 63 55 58 62 57 0 0 0 0 0 79 0 78 76 0 0 26 0 20 0 0 0 0 22 21 0 12 0 0 17 0 0 13 0 0 68 65 67 0 0 72 64 69 1 6 0 8 7 2 9 0 3 50 0 49 0 47 52 48 54 0 
0 72 0 71 69 65 67 68 0 0 63 58 0 0 0 0 62 61 2 0 0 1 0 0 0 0 0 19 23 0 25 0 24 0 0 21 53 50 0 51 54 0 0 0 0 0 0 0 45 0 37 0 0 0 12 14 11 0 17 16 0 10 15 28 0 0 35 34 29 0 31 30 0 73 76 0 0 0 75 81 80 
0 81 0 80 78 74 76 0 0 65 0 0 0 69 0 66 0 70 0 0 18 0 0 17 0 16 0 28 32 0 0 0 33 0 0 0 0 0 56 60 63 0 0 58 57 50 0 0 0 0 0 0 49 52 21 23 0 22 0 0 27 19 0 37 0 41 44 0 38 45 40 39 0 1 0 0 2 0 0 9 8 
0 9 3 8 0 2 0 5 0 74 0 76 0 78 73 0 0 79 0 0 0 19 0 0 21 25 24 37 0 45 0 0 42 40 0 0 0 68 65 0 72 0 64 0 66 59 57 0 0 0 55 60 58 61 30 32 29 0 0 34 0 0 33 46 0 0 0 52 47 0 49 48 0 0 13 15 11 0 0 0 17 
11 13 7 12 0 0 0 9 0 78 4 0 81 1 0 0 3 2 0 0 31 23 0 0 0 0 0 41 0 0 0 48 0 44 42 43 75 72 0 73 0 0 68 0 0 63 0 0 67 66 0 64 62 0 34 0 0 35 0 38 40 0 37 0 0 54 0 0 0 0 53 0 18 0 17 19 15 20 0 0 0 
0 76 0 75 0 69 0 72 68 60 0 0 0 0 59 0 0 65 6 9 0 0 8 0 7 11 0 23 27 31 0 30 28 26 0 0 57 54 0 0 58 56 0 0 0 45 43 0 49 48 41 0 44 0 16 18 15 0 0 20 22 14 0 32 0 0 0 0 0 40 0 0 0 77 0 1 0 0 0 0 0 
38 0 34 39 37 33 35 36 0 24 0 0 0 0 23 0 0 0 51 54 0 0 53 57 0 0 55 68 0 76 0 0 0 0 69 70 21 0 15 19 22 0 14 17 16 0 7 0 0 12 0 10 8 0 0 0 60 62 0 65 67 59 0 0 0 81 0 0 78 0 0 79 0 41 44 0 42 0 0 49 0 
0 0 79 0 0 0 80 81 0 69 0 71 72 73 68 0 75 74 0 0 22 0 17 0 0 20 19 32 0 0 0 39 37 35 33 34 66 63 60 64 0 0 59 62 0 0 52 0 0 0 50 0 0 0 25 0 0 0 0 0 31 23 28 0 0 45 0 47 42 0 44 43 0 5 0 10 0 0 0 13 0 
47 0 43 0 0 0 44 0 41 0 40 35 0 0 32 0 0 38 0 0 0 0 0 66 0 65 0 0 81 4 2 0 1 80 78 79 30 27 24 0 0 0 0 0 25 18 0 0 22 0 14 19 17 20 0 0 69 0 75 0 76 68 73 5 0 0 12 11 6 13 8 7 0 0 53 0 0 0 52 0 57 
20 0 16 21 0 0 17 0 14 6 13 8 9 0 0 0 0 0 0 0 0 32 0 39 34 0 37 0 0 0 0 57 55 0 51 0 0 0 0 1 0 0 0 0 0 0 70 0 76 0 68 73 0 74 43 0 0 44 0 0 49 0 46 0 0 0 66 65 60 67 0 61 0 23 0 28 0 29 0 31 30 
0 58 0 0 0 0 53 54 0 42 49 0 0 0 0 0 48 47 69 0 76 68 71 75 0 74 0 5 9 0 11 0 10 0 0 0 0 36 33 0 0 0 0 0 34 27 25 0 0 0 0 0 0 0 0 81 78 80 0 2 4 77 1 0 19 0 21 20 15 0 0 0 0 59 0 64 60 0 61 67 66 
29 0 25 30 28 0 26 0 0 0 22 0 18 19 0 0 0 20 0 45 49 41 44 0 43 0 0 59 63 67 65 66 0 62 0 61 12 0 6 10 0 11 0 0 0 81 79 78 4 0 77 0 0 2 52 54 0 0 0 56 0 50 0 0 0 0 75 74 0 0 71 70 0 32 35 0 33 38 34 0 39 
65 0 0 66 0 60 62 63 0 51 58 53 54 0 0 0 57 56 78 0 0 77 80 3 0 0 0 14 18 22 0 0 0 0 0 16 48 45 0 46 49 47 0 44 43 36 0 0 0 39 0 37 0 38 0 9 0 8 12 11 0 0 0 23 28 0 30 0 0 31 26 0 0 0 71 73 69 0 0 76 0 
80 1 76 81 0 0 77 0 74 66 0 68 69 70 0 67 72 71 12 15 0 0 14 18 13 0 16 0 0 37 35 0 0 0 0 31 0 60 57 61 0 62 56 0 58 51 49 48 55 0 47 0 50 0 0 0 21 23 0 0 28 0 25 38 43 42 0 44 39 46 0 40 0 0 5 7 3 8 4 0 9 
0 10 0 9 7 0 5 6 0 0 1 0 78 79 0 0 0 0 21 24 28 20 23 27 0 26 0 38 0 46 44 45 0 41 0 40 72 0 66 70 0 0 65 0 67 0 0 57 64 0 56 61 0 0 31 0 30 32 0 0 0 29 0 47 52 0 0 0 0 55 50 0 15 11 14 16 12 0 0 0 18 
0 0 0 0 0 66 68 69 0 57 0 59 60 61 0 0 63 0 0 0 10 0 0 0 0 8 0 20 0 0 26 27 25 0 21 22 54 51 48 0 0 0 0 0 49 42 0 0 46 45 0 0 41 0 0 0 12 14 0 17 19 11 16 29 34 0 0 0 0 37 32 0 0 74 77 79 75 80 76 0 0 
0 0 22 0 25 0 23 0 0 0 19 14 0 16 0 0 0 17 39 0 0 0 0 45 40 0 43 56 60 0 62 63 61 0 57 58 0 0 3 0 0 8 0 0 0 0 76 75 0 81 74 79 77 0 0 51 48 50 54 0 55 0 52 65 0 0 72 0 66 73 68 67 0 29 32 0 30 0 31 0 0 
44 46 40 45 43 39 41 42 38 0 0 0 0 34 0 0 0 0 0 0 64 56 0 63 0 62 61 74 78 0 0 0 79 77 75 0 0 24 21 25 0 0 20 23 0 15 13 12 19 18 0 0 0 17 0 0 66 68 0 0 0 0 0 2 7 0 9 8 3 10 0 0 51 0 50 0 48 53 49 0 0 
35 0 0 0 34 30 0 33 0 21 0 0 24 0 0 22 0 0 0 51 0 0 0 0 49 0 52 65 0 73 71 72 0 68 0 67 18 15 0 0 0 0 11 0 0 6 4 3 0 0 2 0 0 8 0 60 57 0 63 62 64 0 61 74 0 0 81 0 0 0 77 0 0 0 0 43 0 0 0 46 0 
53 55 0 0 0 0 50 51 0 0 46 0 42 0 38 0 0 0 0 0 0 65 68 0 0 0 70 0 0 10 8 9 0 0 3 0 0 33 0 34 37 0 0 32 0 24 22 0 0 27 0 0 23 0 76 0 0 77 81 0 1 0 79 0 0 0 0 0 0 0 0 0 0 56 0 0 0 62 58 0 0 
17 19 0 0 16 12 0 0 11 3 10 5 0 7 0 4 9 0 0 0 0 29 32 36 31 0 34 47 51 55 0 0 0 50 48 0 81 0 0 0 1 0 0 0 0 0 0 0 73 0 0 0 0 0 40 42 0 41 0 44 46 0 43 56 0 0 63 62 57 64 59 0 24 20 23 25 21 0 22 28 27 
62 64 58 63 61 0 59 60 0 0 55 0 0 52 0 0 54 0 0 78 0 0 77 0 0 0 0 0 15 0 17 0 16 0 0 13 45 0 39 0 46 0 38 41 0 33 31 30 37 36 29 0 0 35 0 6 0 0 0 0 10 0 0 0 25 24 27 0 0 28 0 22 0 65 0 0 66 0 0 0 72 
0 34 0 0 31 27 0 0 26 0 0 20 21 22 0 0 0 0 45 0 0 0 47 0 0 0 0 0 66 0 0 0 0 65 63 64 15 12 9 13 16 0 0 11 10 3 1 81 7 6 80 4 0 0 0 0 54 56 0 59 0 53 58 0 76 0 0 0 0 79 74 0 39 0 38 0 36 41 0 0 0 
41 0 0 0 0 0 0 0 0 0 34 29 0 31 26 28 0 32 54 0 61 0 56 60 55 0 0 0 0 79 0 0 76 74 72 0 24 0 0 22 0 0 0 20 19 0 0 9 0 0 8 13 0 14 64 66 0 0 69 68 0 62 0 0 4 3 0 5 81 7 2 0 48 44 0 0 0 0 46 52 51 
59 0 55 60 0 0 0 57 0 45 52 47 48 0 44 0 51 50 72 75 79 0 74 0 0 0 76 8 0 16 14 0 0 0 0 0 0 39 0 40 0 41 0 38 37 30 0 27 0 33 0 0 29 0 1 0 81 2 0 0 0 0 0 17 22 21 0 0 0 0 0 19 66 62 0 67 0 68 0 0 69 
0 0 0 69 67 63 0 0 62 0 0 56 57 58 0 55 0 59 81 3 7 80 2 6 1 5 4 17 0 25 23 24 22 20 0 0 51 48 0 49 0 50 44 0 46 39 37 0 43 42 35 0 0 0 0 12 9 11 15 0 0 0 13 0 31 30 33 0 27 34 0 0 0 0 0 76 0 77 0 0 0 
5 0 1 6 4 81 2 0 80 0 79 0 75 0 71 0 0 0 0 0 0 0 0 0 0 0 22 0 0 0 0 42 40 0 0 0 0 66 0 67 70 0 0 0 0 57 55 54 61 60 53 0 0 0 0 0 27 0 33 0 0 0 0 0 49 0 51 50 0 52 0 46 0 0 0 13 9 14 10 16 15 
23 0 0 0 0 0 20 21 17 0 16 0 12 13 8 10 15 0 36 0 43 0 38 42 0 0 40 53 57 0 59 60 0 56 0 55 6 3 0 0 0 5 80 2 1 0 73 0 79 78 0 0 0 0 46 48 45 47 0 50 0 0 0 0 67 0 0 0 0 0 65 0 30 26 0 0 27 0 0 34 33 
0 0 73 78 0 0 74 0 0 0 70 0 0 67 62 0 69 0 9 0 0 8 11 0 0 0 0 26 30 0 32 33 0 0 0 28 60 57 54 58 61 0 0 0 55 0 46 0 52 51 44 49 47 50 19 0 18 20 24 23 0 17 0 0 0 39 0 0 0 0 38 37 0 0 2 4 81 5 0 0 0 
14 16 0 0 0 0 11 12 0 0 7 0 3 4 80 0 0 5 0 0 0 26 29 33 28 0 0 44 0 0 50 0 0 47 45 46 78 0 0 0 0 0 0 74 0 66 64 0 70 69 0 67 65 0 0 0 36 38 42 0 0 35 0 0 0 0 60 59 0 0 56 55 21 17 0 0 0 23 19 0 0 
50 52 0 0 49 45 0 48 0 36 43 38 0 40 0 37 0 0 63 0 0 62 0 0 64 0 0 80 0 7 0 6 4 2 81 0 0 0 27 31 0 0 26 29 0 21 0 0 25 0 0 0 20 0 0 0 72 0 0 77 79 0 0 8 0 12 15 14 0 16 11 10 57 0 56 0 54 59 0 0 0 
60 62 0 61 59 0 57 58 54 0 53 48 49 0 0 47 52 0 0 76 80 0 75 79 0 0 77 0 13 0 15 16 14 12 10 0 43 40 0 0 0 42 0 39 38 31 29 0 0 0 0 0 30 33 2 4 1 0 7 0 8 0 5 0 23 22 25 24 19 26 21 0 67 63 0 0 64 0 65 0 0 
0 0 0 0 0 0 0 0 45 0 44 39 40 0 36 38 0 0 64 0 71 0 0 0 0 69 0 0 4 8 0 7 5 0 0 0 0 31 28 0 0 0 27 30 29 0 20 0 26 25 18 23 21 24 74 76 0 75 0 78 80 0 0 9 14 0 0 15 0 17 0 11 0 0 57 59 0 0 0 62 61 
0 0 29 0 32 28 30 31 27 0 26 0 0 23 18 0 0 24 0 0 0 45 0 52 47 51 50 0 0 71 69 0 68 66 0 0 16 0 0 0 0 0 0 0 11 0 0 1 0 7 0 0 3 6 0 0 55 57 61 60 0 54 59 72 0 76 0 78 0 0 0 74 40 36 39 41 37 42 38 0 43 
6 8 2 7 0 1 3 0 0 0 0 0 0 77 0 0 79 78 0 22 26 0 21 0 0 0 0 36 0 44 0 43 0 39 37 38 0 67 64 68 71 0 63 0 65 58 0 0 62 61 0 59 0 0 0 0 0 30 34 33 35 0 32 0 0 0 52 51 0 0 48 47 0 0 0 0 0 0 0 0 16 
69 71 65 70 0 64 66 67 0 55 62 57 58 59 0 0 61 0 1 0 0 0 0 7 0 6 0 0 0 26 0 25 23 0 19 0 0 0 0 50 53 51 45 0 0 0 38 0 44 43 0 41 0 42 11 13 0 0 0 15 0 0 14 27 0 31 34 0 28 0 0 0 76 0 75 77 0 0 74 0 0 
0 0 0 0 14 10 12 13 9 1 8 3 4 5 81 0 0 0 28 31 0 27 30 34 0 0 32 0 0 53 0 0 0 48 46 0 0 0 73 0 80 78 72 0 74 0 0 64 0 70 63 68 66 69 38 40 37 39 43 0 44 36 0 0 59 0 61 60 0 62 57 0 22 18 0 0 0 0 20 26 0 
0 80 0 79 77 0 75 0 0 64 71 66 67 0 63 0 70 0 0 13 0 0 12 16 0 0 0 27 0 35 33 0 0 30 28 29 0 58 0 0 0 60 0 57 0 49 47 0 53 0 0 0 48 0 20 0 19 21 25 0 0 18 0 0 41 0 0 42 37 44 39 0 4 0 3 0 1 6 2 0 7 
42 0 0 0 0 37 0 40 0 0 35 30 31 0 0 0 0 0 55 0 0 0 57 61 0 0 0 0 0 0 78 0 0 75 0 0 0 0 0 0 26 0 0 21 20 13 11 0 0 16 9 0 0 15 65 67 0 0 70 0 0 0 0 0 5 0 7 6 1 8 3 0 49 45 0 0 0 0 0 0 52 
24 0 0 0 0 19 21 22 0 0 17 12 0 0 0 11 0 0 37 40 0 36 39 0 38 0 41 0 0 0 0 61 59 57 55 56 7 0 0 0 0 6 0 0 0 76 74 73 0 0 0 0 75 0 0 49 46 48 52 51 0 0 50 63 0 0 0 69 64 0 66 0 31 27 30 0 0 33 29 0 34 
73 75 69 74 0 68 0 71 0 59 0 61 0 63 58 60 0 0 0 8 12 4 7 0 0 10 9 0 26 0 28 0 0 0 0 24 56 53 0 54 57 0 0 0 51 0 0 41 48 47 0 0 0 0 15 17 0 16 20 0 21 13 0 0 0 0 0 0 32 39 0 0 0 76 79 81 77 1 0 0 2 
0 66 60 0 63 59 0 0 0 0 0 0 0 54 0 51 56 55 77 0 0 76 0 0 0 1 81 0 0 21 19 20 0 0 14 15 0 0 41 45 0 46 40 0 0 35 0 0 39 0 0 0 0 0 6 0 5 7 11 0 0 4 0 22 0 26 0 28 23 30 0 24 0 67 0 72 0 73 69 75 0 
0 0 42 47 45 0 43 0 40 32 39 0 35 36 31 33 38 37 0 0 0 0 61 0 0 64 0 0 0 0 1 0 0 79 77 78 0 0 0 27 30 28 22 25 24 0 15 14 0 20 13 0 16 0 69 0 68 70 74 0 0 0 72 0 9 8 11 10 5 12 0 6 53 49 52 0 0 0 51 57 56 
0 0 15 0 0 14 16 17 13 5 12 0 8 0 4 6 0 10 0 35 39 31 34 38 33 0 36 0 53 0 55 0 0 52 50 0 0 0 77 0 0 1 0 0 78 71 69 0 75 0 0 0 0 73 42 0 0 43 47 46 0 0 45 58 63 62 0 64 0 66 61 0 0 22 25 27 23 0 24 30 29 
10 12 0 0 9 0 0 8 4 77 0 0 80 0 76 0 2 1 23 0 0 0 0 0 0 28 0 0 44 48 0 47 45 43 41 0 0 0 0 72 75 0 0 0 0 62 0 59 0 0 0 0 61 64 33 0 0 0 0 0 0 31 36 0 54 0 0 0 50 0 52 51 0 13 0 18 14 0 0 0 0 
37 0 0 38 36 0 34 35 31 0 0 25 0 27 22 24 0 28 0 53 0 49 0 0 0 55 54 0 0 0 0 0 72 70 0 69 0 0 14 18 21 19 13 0 0 0 6 0 0 11 4 9 0 10 60 0 0 0 65 0 0 0 0 0 81 0 2 1 77 0 79 0 0 0 43 45 41 46 42 0 47 
0 30 0 29 27 0 25 0 0 0 0 0 17 18 13 0 20 19 41 44 48 40 43 0 42 0 45 0 62 66 64 0 0 0 0 60 0 8 5 9 0 0 0 0 6 0 78 0 0 2 76 0 79 0 51 53 50 52 56 55 57 0 0 0 72 0 74 73 0 0 0 0 35 31 34 36 32 0 0 0 38 
1 0 0 2 81 77 79 80 0 0 75 0 0 72 0 0 74 0 14 0 21 13 16 20 0 19 18 0 0 0 37 0 36 34 32 33 65 0 59 0 66 64 0 0 60 0 51 0 0 0 0 0 0 55 0 26 0 25 0 28 0 22 0 0 0 44 47 46 41 48 0 0 0 4 0 9 5 0 6 12 11 
55 57 51 0 54 50 52 0 0 0 0 0 44 0 40 0 47 0 0 71 75 0 70 74 69 0 0 0 0 0 0 0 9 7 0 6 38 0 32 0 39 0 31 0 33 26 0 0 30 0 22 27 25 28 0 80 77 79 0 1 3 76 81 13 0 0 20 19 0 0 16 15 0 0 61 0 59 0 60 66 0 
12 14 0 13 11 7 9 0 0 0 5 0 1 0 78 80 4 0 25 0 0 24 0 0 26 0 0 0 0 0 0 49 0 45 43 44 76 0 0 0 0 0 0 0 71 0 62 0 68 67 60 0 0 66 35 0 34 0 40 0 41 33 38 51 0 0 58 0 52 59 54 53 19 0 18 20 0 0 17 23 22 
0 0 26 0 0 0 27 0 24 16 0 0 19 20 15 0 0 21 43 0 0 0 0 0 44 48 47 0 0 68 66 67 0 0 0 62 0 10 0 0 14 0 0 0 8 1 80 0 5 0 0 0 0 3 53 0 52 0 0 0 0 51 56 0 0 73 0 75 70 0 72 71 37 0 36 0 0 0 35 41 0 
3 5 0 0 2 79 0 0 0 0 77 72 0 74 0 71 76 0 0 0 23 15 18 22 0 21 0 0 0 41 0 0 38 0 0 0 67 64 0 0 0 0 0 63 62 55 0 0 59 58 51 0 0 57 0 28 0 0 31 0 0 0 29 42 0 0 49 0 0 0 45 0 0 0 9 11 7 0 0 14 0 
21 23 17 22 0 0 18 0 15 7 0 9 10 0 0 0 13 12 34 0 0 0 36 0 35 0 38 51 55 59 0 58 56 0 52 53 4 0 0 0 5 0 78 0 0 0 71 0 0 76 69 74 72 0 44 0 0 45 0 48 50 42 0 0 0 0 0 0 0 0 63 0 28 0 27 0 0 30 0 32 0 
0 0 0 58 0 0 0 55 51 43 50 0 46 0 42 0 0 48 70 0 77 0 72 76 0 0 0 0 0 0 12 0 0 0 7 0 0 0 0 0 0 0 33 36 0 0 26 0 0 31 24 0 27 0 80 1 79 81 0 3 5 0 0 0 20 0 22 21 0 23 18 17 0 0 63 65 61 66 0 68 67 
0 68 0 0 65 0 0 0 60 52 0 0 55 56 51 0 0 0 79 1 5 0 81 4 80 0 0 0 19 0 0 22 20 0 16 0 0 0 43 0 0 48 42 45 0 0 35 0 0 0 0 38 0 0 8 0 0 9 0 0 0 6 0 0 29 28 0 0 25 0 0 0 73 0 72 74 70 75 71 77 0 
39 0 35 0 38 34 36 0 0 0 32 27 0 29 0 26 31 30 52 55 0 51 0 0 0 0 56 0 73 77 0 76 74 72 70 71 0 19 16 0 23 0 15 18 17 10 8 7 14 0 0 0 9 12 62 0 61 0 67 0 0 60 0 0 2 1 4 0 0 5 81 80 46 0 45 0 43 48 0 50 49 
0 0 71 76 0 0 0 73 69 61 0 0 64 65 60 62 0 66 7 0 0 6 0 13 0 12 11 24 28 32 0 0 0 0 25 26 0 0 0 56 0 57 51 54 0 0 0 0 50 0 42 0 45 0 17 0 16 18 0 21 23 0 20 33 38 0 40 0 34 0 0 35 0 0 0 0 0 0 0 0 0 
48 0 44 49 0 0 45 0 42 34 41 36 0 38 33 35 0 0 61 0 0 60 0 0 0 0 0 0 0 5 3 4 0 81 79 0 0 28 0 0 0 0 0 0 0 19 0 16 23 22 0 20 18 0 0 0 0 72 76 0 77 69 74 0 0 10 0 12 0 14 0 8 0 51 54 56 52 57 0 59 58 
36 0 32 37 35 31 0 0 0 0 29 0 0 0 21 23 28 0 0 0 56 0 0 0 50 54 0 66 0 0 72 73 0 0 67 68 0 0 13 0 20 18 12 15 0 7 5 0 11 10 3 8 0 0 0 0 0 60 64 63 65 0 62 75 0 0 1 81 0 0 0 0 0 39 0 0 0 0 0 47 0 
0 0 0 0 0 0 0 79 75 67 0 69 0 0 0 0 73 72 13 0 20 0 15 19 14 0 0 0 34 38 0 37 35 33 0 32 64 61 58 0 65 0 0 60 0 0 0 0 0 0 48 0 0 54 0 0 22 0 0 0 0 0 26 0 44 43 46 45 40 0 0 0 0 3 6 0 0 9 5 0 10 
54 56 0 0 53 0 51 52 0 40 0 42 43 0 39 41 0 45 0 70 74 66 0 0 0 0 71 3 0 11 0 0 8 0 4 0 37 0 31 0 38 0 0 33 32 0 23 22 29 0 0 26 24 0 77 0 76 78 0 0 0 0 80 0 0 0 0 0 0 0 0 14 61 57 60 0 0 63 59 0 64 
18 0 0 0 17 13 0 0 0 4 11 6 0 8 0 0 0 0 31 0 0 0 0 0 0 0 35 0 0 56 0 55 53 0 0 0 0 79 76 0 2 81 0 0 0 0 68 67 0 73 66 71 0 0 41 43 40 42 0 45 47 39 0 0 0 61 0 0 58 0 0 0 25 0 0 26 0 0 23 29 0 
72 0 68 0 71 67 69 0 66 58 65 0 0 62 0 59 0 0 4 7 0 0 6 0 0 0 0 0 25 29 0 28 0 0 0 0 0 52 49 0 0 54 0 51 50 0 0 40 47 0 0 44 0 45 0 0 13 0 19 0 20 0 17 30 35 34 37 36 31 0 33 0 79 0 78 80 0 0 77 2 1 
9 0 0 10 8 0 6 0 3 76 2 78 0 80 0 0 1 0 0 0 0 0 0 28 0 27 26 39 43 47 45 46 44 0 40 41 0 0 67 71 74 72 0 69 0 61 0 58 65 64 57 0 60 0 32 0 31 33 37 36 38 0 0 0 53 52 55 0 0 56 0 50 0 12 15 0 0 18 14 20 19 
27 29 0 0 0 0 24 0 0 0 0 15 16 0 0 0 0 0 0 43 47 0 42 46 41 45 0 0 0 0 0 0 62 0 58 59 10 7 0 0 0 0 3 6 0 79 0 0 0 0 75 80 78 0 0 52 0 0 55 54 56 48 53 66 71 70 0 0 0 0 0 68 0 0 0 0 0 0 32 38 37 
0 0 41 0 44 0 42 0 0 31 38 33 34 0 0 32 0 36 58 0 0 0 0 0 0 63 0 0 79 2 81 0 80 78 0 77 28 25 0 0 0 27 21 24 0 0 0 13 0 0 12 0 15 0 0 70 0 69 73 72 0 66 71 0 0 0 0 9 0 11 6 0 0 48 51 0 49 54 50 0 0 
0 65 0 0 0 58 60 0 57 49 56 51 52 0 48 0 55 54 76 79 2 0 0 1 77 81 80 0 16 20 0 0 17 0 13 0 0 43 40 0 47 45 39 42 0 0 32 31 38 37 30 0 33 0 5 0 0 0 10 0 11 3 0 21 0 0 0 0 22 0 0 0 70 66 0 71 0 72 68 74 0 
76 78 0 0 75 0 73 74 70 0 0 64 65 66 61 0 0 0 8 0 15 0 10 0 0 0 0 25 0 33 0 32 30 0 0 27 59 0 0 57 0 0 0 55 0 0 0 44 51 0 43 0 0 0 0 20 17 0 23 0 24 0 0 0 0 0 0 0 0 0 0 0 0 79 0 3 0 0 81 0 5 
67 69 0 0 66 0 0 0 61 53 0 55 56 57 0 0 59 0 0 2 0 0 0 5 81 4 0 0 20 0 0 23 21 0 0 18 50 47 0 0 0 49 43 0 45 38 36 0 42 41 34 0 37 0 9 11 0 10 14 0 15 0 12 25 0 0 32 0 26 0 0 27 0 0 73 0 0 76 72 0 0 
0 24 18 23 21 17 0 20 16 0 15 10 11 12 0 0 14 0 35 38 42 0 0 0 36 40 0 0 0 60 0 59 57 55 53 0 0 0 80 3 6 0 0 0 0 0 0 0 0 0 70 75 0 76 45 47 44 46 50 0 51 0 0 61 66 65 68 0 62 69 64 63 29 25 28 30 26 0 0 0 32 
58 60 0 59 0 53 0 56 52 0 0 0 0 48 0 45 0 0 71 74 78 70 73 77 0 76 75 7 11 0 0 14 12 10 0 0 41 0 0 39 42 0 34 0 36 29 0 26 33 32 0 0 28 0 0 2 0 1 0 4 6 0 0 16 0 0 0 0 17 0 19 0 65 0 64 0 0 67 0 69 0 
49 51 0 0 48 44 46 0 43 35 42 0 0 39 34 36 41 40 0 65 69 0 64 68 0 0 66 0 2 6 4 0 0 0 80 81 32 0 26 0 33 0 0 28 0 0 0 0 24 23 16 21 19 0 72 0 0 73 0 0 0 0 75 7 0 0 0 0 8 0 10 0 0 52 0 0 0 58 54 60 59 
0 0 0 5 3 0 0 0 79 71 0 73 0 0 70 72 0 0 0 20 24 16 19 23 18 22 21 34 0 0 0 0 0 0 35 36 68 0 62 66 0 67 61 64 0 56 0 53 60 59 52 57 55 0 0 0 26 28 0 0 33 0 0 43 0 47 50 0 44 0 46 0 11 0 10 12 8 13 0 15 0 
40 0 0 41 39 35 0 0 0 0 33 0 29 30 25 0 0 31 0 0 60 52 0 0 54 58 57 70 0 0 76 77 75 0 71 72 0 20 17 21 24 22 0 0 18 0 0 0 0 14 0 0 10 0 0 65 62 0 0 67 0 0 0 0 3 2 0 4 80 0 0 0 0 43 0 0 0 0 45 51 50 
13 15 0 0 12 8 10 0 7 0 6 0 0 3 79 81 5 0 26 0 0 0 0 0 27 31 0 0 0 0 0 50 48 0 44 45 77 74 0 0 78 76 0 73 72 0 0 0 69 0 0 66 0 0 0 38 35 0 0 40 42 34 39 52 57 0 59 0 0 0 0 54 0 0 0 21 17 22 18 24 23 
31 0 0 32 30 0 28 0 0 0 0 19 20 0 16 18 23 22 44 0 51 43 46 50 0 49 48 0 65 0 67 68 66 64 0 0 14 0 0 0 15 0 0 0 0 0 0 80 6 0 0 0 1 4 0 56 53 0 59 58 60 0 0 0 0 0 0 76 0 78 73 72 0 0 0 0 0 0 36 0 41 
