9
77 80 2 78 75 0 1 76 79 12 19 0 18 15 20 16 14 0 53 51 0 52 54 0 0 0 48 0 0 0 27 25 26 0 0 0 0 31 38 0 0 35 0 36 0 67 69 0 68 66 72 0 0 74 4 0 8 3 9 0 6 7 0 61 0 0 0 63 62 58 0 0 46 0 40 41 0 42 0 0 0 
0 71 0 0 66 0 0 67 0 0 10 8 0 0 11 7 5 0 44 42 0 0 45 0 0 0 0 0 13 15 18 16 0 20 0 0 23 0 0 0 0 0 25 0 0 0 60 61 59 57 63 64 62 65 76 0 0 0 81 77 78 79 1 52 56 0 0 0 53 0 0 50 37 38 0 0 36 33 34 0 0 
14 0 20 15 12 0 19 0 16 0 37 0 36 33 38 34 0 0 0 0 73 70 72 0 0 74 66 0 40 42 45 0 44 0 0 0 50 0 0 0 51 0 0 54 48 0 0 7 0 3 0 10 8 0 22 29 0 21 0 0 24 25 0 79 0 75 0 81 0 76 78 77 0 0 58 0 63 0 0 62 0 
0 62 0 0 57 0 64 58 0 0 1 0 0 0 2 0 0 0 0 33 37 34 36 31 0 0 30 10 4 0 9 7 8 11 0 5 0 13 20 19 15 17 0 18 0 49 51 0 50 48 0 55 0 0 67 0 71 66 0 68 0 0 0 43 47 39 0 45 44 0 0 41 0 0 22 0 0 0 0 26 0 
23 0 29 24 21 27 0 22 25 0 46 0 0 0 0 0 0 0 0 78 1 0 0 0 77 2 75 55 49 51 0 52 53 56 48 0 0 0 0 64 0 0 0 63 0 13 0 0 14 12 0 19 17 20 31 0 35 0 36 0 0 34 37 0 11 0 0 9 0 0 6 0 73 0 0 0 72 0 70 0 66 
0 0 0 6 0 9 0 4 7 21 0 0 27 0 29 25 0 0 0 60 0 0 0 58 0 65 0 0 31 0 36 0 35 0 0 0 41 0 47 0 42 0 0 0 39 0 78 79 0 0 0 0 0 0 0 0 17 0 18 14 15 16 0 70 74 0 0 72 0 0 0 0 55 56 49 50 0 0 52 53 0 
0 35 38 33 30 0 37 0 34 48 0 0 0 51 0 52 0 0 8 6 10 7 9 4 0 11 0 0 58 60 63 61 0 0 57 59 68 67 0 0 69 0 0 72 0 22 24 0 23 21 0 0 26 0 0 0 44 39 45 0 42 0 46 0 20 0 19 0 0 13 0 0 1 0 0 0 81 0 79 0 0 
41 44 47 42 0 45 0 40 0 57 64 62 63 60 0 0 59 0 17 0 19 16 0 13 0 20 0 73 0 69 72 70 0 0 0 0 0 76 0 0 0 0 79 0 0 0 0 34 32 0 0 0 0 0 49 56 53 0 0 0 0 0 55 25 0 0 0 27 0 0 0 0 10 0 4 0 9 0 0 0 3 
50 0 56 0 0 54 0 49 0 66 73 71 0 69 74 70 0 67 0 24 28 0 0 22 23 0 21 1 0 0 0 0 0 0 0 77 0 0 11 10 6 0 7 9 3 40 42 0 41 39 45 46 0 0 0 0 0 57 0 0 0 61 0 34 0 0 0 36 35 0 33 0 19 20 13 14 18 15 16 0 0 
0 6 0 0 1 0 8 0 0 19 0 0 25 0 0 23 0 20 60 0 62 0 0 0 0 63 55 35 0 31 34 0 33 0 0 0 39 0 45 0 0 0 0 0 37 0 76 0 75 73 0 0 78 81 0 18 0 10 16 12 13 14 17 0 0 0 71 0 0 0 0 66 0 0 47 48 52 0 0 0 46 
0 42 45 0 37 43 44 0 41 0 62 0 61 0 63 59 57 0 0 0 0 0 0 11 0 0 0 0 0 67 70 0 69 0 0 66 75 0 81 0 0 0 77 0 73 0 31 0 0 0 0 35 0 36 0 0 0 46 52 48 0 50 53 0 27 0 26 25 24 0 22 0 8 0 2 0 7 4 0 0 0 
0 0 54 49 46 52 53 0 50 64 0 69 0 0 72 0 0 0 24 0 26 23 25 0 0 0 19 80 0 0 0 0 78 0 73 0 3 2 9 0 4 6 0 0 1 38 0 0 0 0 43 44 42 0 56 0 0 0 0 0 58 0 0 0 0 28 35 34 33 29 0 0 0 0 11 12 16 13 14 15 10 
0 33 0 0 28 34 35 0 0 0 53 51 0 0 0 50 0 47 0 4 0 0 7 0 3 0 0 0 56 58 0 0 60 0 0 57 0 0 72 0 0 0 0 70 64 0 22 23 0 0 25 26 24 0 38 0 42 37 0 39 0 0 44 14 18 0 17 16 0 0 0 0 80 81 0 75 79 76 77 0 73 
0 0 63 0 55 0 0 56 0 0 0 0 79 0 81 0 75 0 33 0 35 32 0 29 0 36 28 8 2 4 0 0 0 0 0 0 0 0 18 0 0 0 0 0 0 47 0 50 48 46 0 53 51 0 65 72 69 0 0 0 67 0 0 41 45 0 0 43 0 0 0 39 26 27 20 21 25 22 23 0 0 
0 0 81 0 0 79 80 0 0 10 17 15 16 13 0 14 0 11 51 49 0 50 0 0 48 54 46 0 20 0 25 0 24 27 19 0 0 29 0 35 0 0 32 34 28 65 67 0 0 0 70 71 69 72 0 9 0 0 0 3 4 0 0 0 0 0 0 61 0 0 58 57 44 45 38 39 0 40 41 42 37 
0 24 27 0 19 0 0 20 23 37 44 0 0 0 45 41 39 38 0 0 80 77 79 0 75 81 0 0 47 0 52 0 51 54 46 0 57 56 0 0 58 0 59 61 0 0 13 14 0 0 16 17 0 18 29 36 33 28 0 30 0 32 35 0 0 1 8 0 6 2 0 3 71 72 0 66 70 0 68 69 64 
12 15 18 0 0 0 0 11 0 0 0 33 34 0 0 0 30 29 69 67 0 0 70 65 0 72 0 44 0 40 0 0 0 45 0 0 0 47 0 0 49 0 50 0 0 2 4 0 0 1 0 8 6 9 20 27 0 19 0 21 0 23 0 0 81 0 0 0 78 74 76 0 62 0 56 57 61 58 0 60 55 
0 69 0 0 64 70 0 0 68 1 0 0 0 0 0 5 3 2 0 40 0 41 0 38 39 0 37 17 0 13 0 0 15 18 0 0 21 20 27 26 22 24 0 25 0 0 58 59 0 55 0 62 60 63 0 0 78 0 79 75 0 77 0 0 54 46 0 52 51 0 0 0 35 0 29 30 34 0 32 33 0 
0 0 5 0 78 0 0 79 0 15 22 0 21 18 0 19 17 0 56 0 58 55 0 52 0 59 0 31 25 0 30 0 0 0 0 26 35 0 41 40 0 38 37 0 0 0 0 0 0 69 0 76 0 77 0 14 11 6 0 8 0 10 13 64 0 0 0 0 0 61 63 62 0 0 0 0 0 45 46 47 42 
8 0 0 9 0 0 0 7 10 0 31 0 30 27 0 0 0 25 0 0 0 64 0 0 62 0 60 0 0 36 0 0 38 41 33 0 0 0 50 0 45 47 0 48 0 0 81 0 0 78 3 0 0 0 16 23 20 15 0 0 0 0 0 0 0 0 76 75 0 0 0 71 0 0 0 0 57 0 55 0 0 
0 0 32 0 0 0 31 25 28 42 0 47 48 45 0 46 44 0 0 0 0 0 3 0 80 5 78 58 52 0 0 55 56 0 51 53 0 0 68 67 0 0 64 0 60 0 18 19 17 15 21 22 0 23 0 0 38 0 0 0 0 0 40 10 0 6 13 12 0 0 9 8 76 0 0 0 75 72 73 74 0 
17 0 23 18 15 21 0 16 0 33 40 38 39 36 41 37 0 0 74 72 76 73 0 70 0 77 0 0 0 0 0 46 47 0 42 0 0 0 0 58 0 0 0 0 51 0 9 0 8 0 12 13 11 14 0 32 0 24 0 26 27 28 31 0 5 78 0 0 2 79 0 0 67 0 0 0 0 0 64 0 0 
44 0 0 45 0 0 49 0 0 0 0 65 0 0 0 0 0 61 20 18 22 0 21 16 0 23 15 76 0 72 75 73 0 0 69 0 0 79 5 0 81 2 0 0 0 0 0 37 0 0 39 0 0 0 52 0 56 51 0 0 54 55 0 0 0 0 0 0 0 25 0 26 0 14 0 0 12 0 0 11 6 
0 0 0 63 0 66 67 61 0 0 0 2 3 0 5 0 0 0 38 0 40 37 0 0 35 41 33 13 7 0 0 10 0 0 6 0 0 16 23 0 0 20 0 21 15 0 54 0 0 51 0 0 0 59 0 0 0 0 0 71 72 73 0 46 0 42 49 48 0 0 45 44 0 32 25 0 30 27 0 0 0 
0 0 77 72 0 75 0 70 0 6 0 11 12 9 14 10 0 7 0 0 0 0 48 43 0 50 0 0 0 0 21 19 0 0 0 0 0 25 0 0 27 29 28 0 24 61 63 0 62 60 66 67 0 68 79 0 0 78 0 0 0 1 4 55 59 0 58 57 0 0 0 53 40 41 34 0 39 0 37 38 0 
35 0 0 0 33 0 0 0 37 51 58 0 0 54 0 55 0 52 0 0 0 0 12 7 0 0 6 67 0 63 0 0 65 0 60 0 71 70 0 0 0 0 0 75 69 0 0 0 26 24 0 0 29 32 0 50 47 42 0 44 0 46 0 19 23 15 22 21 20 0 18 0 0 5 79 80 3 0 1 2 78 
53 0 0 0 51 57 58 0 55 69 76 0 75 0 77 73 0 70 29 0 31 28 30 0 26 0 0 0 0 81 3 0 2 5 0 80 0 7 14 0 9 0 10 0 6 0 45 46 0 42 0 49 47 0 0 68 65 60 66 0 0 0 0 37 0 33 0 39 0 34 36 0 0 23 16 0 0 0 19 20 15 
55 0 0 0 53 59 60 0 0 71 0 0 0 74 79 0 0 72 31 29 33 0 32 27 28 0 26 0 0 0 5 3 0 0 80 1 10 0 16 0 0 13 0 14 8 45 0 48 46 44 0 51 49 0 63 0 0 62 68 64 65 0 69 0 0 0 42 0 0 0 38 37 24 0 18 0 23 0 0 0 17 
0 0 0 0 0 14 0 9 0 26 33 0 0 29 0 0 0 0 67 0 0 0 0 0 64 70 62 42 0 38 41 39 40 43 35 0 0 45 52 0 47 0 0 50 44 0 0 0 0 0 0 0 0 0 18 0 22 0 23 0 20 0 0 75 0 0 78 77 76 72 74 73 60 61 54 55 0 0 0 0 0 
28 31 0 0 0 32 33 27 0 44 0 0 50 47 0 0 46 0 4 2 0 3 0 0 0 7 0 60 54 0 59 0 58 0 53 0 64 63 70 69 0 0 66 0 0 0 20 21 19 17 23 24 0 0 0 0 40 0 41 0 0 0 42 0 16 8 0 0 0 0 11 10 0 79 72 0 77 74 0 0 71 
0 0 7 2 80 5 6 0 0 0 24 0 23 0 25 21 19 0 0 0 0 57 0 0 55 61 0 0 0 0 32 0 31 34 0 28 0 36 0 0 38 0 39 0 0 0 0 75 73 71 77 0 76 79 9 16 13 8 0 0 0 12 15 66 70 62 69 68 67 63 65 0 51 52 45 0 50 47 48 0 0 
46 0 52 0 44 50 51 0 48 0 69 67 68 0 70 66 0 0 0 0 24 21 0 18 0 0 0 78 0 74 77 0 76 79 0 0 0 81 0 6 2 4 0 0 0 0 0 39 37 35 41 42 40 0 0 0 0 0 59 55 56 57 0 30 0 26 0 0 31 0 29 28 0 0 0 10 14 0 12 0 0 
19 22 0 20 17 0 0 0 0 0 0 40 0 0 0 0 0 0 0 74 78 0 0 72 0 79 71 51 0 0 0 48 0 0 0 0 0 0 61 0 56 0 57 59 53 0 11 0 10 8 14 15 0 16 27 0 31 0 0 28 29 30 0 3 0 80 6 5 0 0 2 0 0 0 0 0 68 65 0 67 62 
0 67 70 0 62 68 69 63 66 80 0 0 5 2 7 3 1 81 0 0 0 0 0 36 0 43 35 0 9 11 0 0 13 0 0 0 0 18 0 24 0 22 21 0 0 54 56 57 0 53 0 0 58 61 0 79 0 0 77 0 74 75 0 0 52 0 0 50 0 0 47 46 33 34 0 28 0 0 30 31 0 
0 0 0 38 35 41 0 0 0 53 60 58 59 56 0 0 55 0 13 0 0 12 14 0 0 16 0 0 63 65 68 0 67 0 62 0 73 0 0 78 0 0 0 77 71 27 0 0 28 0 0 0 0 34 0 52 49 0 0 46 47 0 0 21 25 17 0 0 22 18 20 19 0 0 81 1 0 2 3 4 80 
0 0 0 0 71 0 0 0 0 8 15 13 14 11 0 0 0 0 0 47 51 48 50 45 0 0 44 0 0 0 23 21 0 0 17 19 28 0 34 33 29 31 30 32 0 0 65 0 64 0 0 69 67 70 81 0 0 80 0 0 0 0 0 57 0 53 0 59 0 0 56 0 0 0 36 0 0 0 39 40 0 
15 0 21 0 13 0 0 0 17 31 0 0 37 0 0 0 33 0 72 0 74 71 73 0 69 75 0 47 41 43 46 0 45 0 0 0 0 0 57 0 52 54 0 55 0 5 0 8 6 4 0 11 0 12 23 30 27 22 28 0 25 26 0 0 0 76 0 0 0 77 0 0 65 66 59 60 64 0 62 0 0 
42 0 0 0 40 0 47 41 44 0 0 63 0 0 66 0 60 59 0 0 0 17 0 14 0 0 0 74 0 70 0 0 72 0 0 0 0 77 0 2 79 0 80 0 0 0 34 0 33 0 0 38 36 39 50 0 0 49 55 51 0 53 56 0 0 0 29 0 0 0 0 24 0 12 5 0 0 0 8 9 0 
0 72 75 70 67 73 74 0 0 0 11 0 0 0 12 0 0 5 45 0 47 44 46 41 42 0 0 0 14 0 19 0 18 0 13 0 0 0 30 0 0 0 0 0 22 59 61 62 0 58 0 65 63 0 0 0 0 76 1 0 0 80 0 0 57 0 0 55 0 0 52 0 0 0 32 33 0 34 0 36 0 
6 0 0 7 0 0 0 5 8 22 0 27 28 0 30 0 24 23 0 0 0 62 64 59 0 0 58 0 32 34 0 0 36 0 0 33 0 41 0 47 0 45 0 46 0 0 0 0 0 0 0 0 0 0 0 0 0 0 0 0 0 17 20 0 0 67 0 73 0 0 70 0 56 57 50 51 0 52 0 0 0 
0 0 39 0 0 37 38 32 35 0 56 54 0 52 57 0 51 0 9 7 0 8 0 0 0 0 0 0 59 0 0 0 63 0 58 0 0 68 0 74 70 72 71 73 0 0 0 0 0 0 28 29 27 30 0 0 0 40 0 0 0 44 47 0 0 0 0 0 0 14 16 0 0 3 0 78 0 79 80 0 0 
0 81 3 79 76 0 2 77 80 13 0 18 19 16 0 17 0 0 54 0 56 0 0 0 0 57 0 0 23 25 0 26 27 0 22 24 33 0 0 0 0 36 0 0 31 0 0 71 0 67 0 0 0 0 0 12 9 0 10 0 7 0 0 0 0 0 0 64 63 59 0 0 0 48 0 0 0 43 0 0 0 
51 54 57 0 0 0 0 0 53 67 0 72 0 70 0 0 0 0 0 0 0 0 0 0 24 30 22 2 77 0 0 0 0 0 0 78 6 0 0 11 7 0 8 0 0 0 43 0 0 0 0 0 0 48 0 66 63 0 0 0 0 0 0 35 0 0 0 37 0 32 34 0 20 0 14 15 0 0 17 18 0 
0 27 30 0 0 28 29 0 0 40 0 45 0 0 0 0 42 41 0 0 0 0 0 77 78 0 0 0 50 0 0 53 0 57 0 51 0 59 66 0 0 0 62 0 58 0 16 0 15 13 0 20 0 0 0 0 36 0 0 0 0 0 38 8 0 4 0 0 9 5 0 6 0 0 68 0 73 0 0 72 0 
60 0 0 61 0 0 0 59 62 76 2 81 0 79 0 0 78 0 36 34 0 35 0 0 33 0 31 0 5 0 0 8 9 12 0 0 15 14 21 0 16 18 0 19 0 50 52 0 51 0 55 0 0 57 68 0 0 67 0 69 70 71 0 0 48 0 47 0 0 41 43 0 0 30 0 0 0 0 26 27 22 
58 61 64 0 0 0 0 57 60 0 0 0 0 0 1 0 0 75 0 0 36 33 0 30 0 37 0 9 0 0 0 0 7 0 2 4 0 12 19 0 14 0 15 0 0 48 0 51 49 47 53 54 0 55 0 73 70 65 71 67 0 69 0 42 0 0 0 0 0 39 41 0 27 0 0 0 26 0 24 25 0 
40 43 0 0 38 0 0 39 0 0 63 61 0 0 64 0 0 0 0 0 0 0 0 12 0 19 11 72 66 68 71 0 0 0 0 0 76 0 0 81 77 79 0 0 0 0 0 33 31 0 35 36 0 0 48 55 0 0 0 0 50 51 0 0 28 20 27 26 25 0 23 0 9 10 3 4 8 0 6 7 0 
31 34 37 32 0 0 0 0 0 0 0 52 53 0 0 51 49 0 7 0 0 0 8 0 4 0 2 63 0 0 62 0 61 0 56 58 67 66 73 0 0 70 69 0 0 0 0 0 0 20 0 27 25 0 0 0 43 38 44 40 0 42 45 0 19 11 0 17 16 0 0 0 81 1 75 76 0 0 0 79 74 
0 52 55 50 0 53 0 0 0 0 72 0 71 68 73 0 67 66 0 0 0 24 26 21 22 0 0 81 0 77 80 0 0 1 74 0 4 0 0 9 0 7 6 8 2 39 0 42 0 38 0 45 0 0 0 64 61 0 62 0 59 60 63 33 37 29 36 0 34 30 0 31 18 19 0 0 0 14 15 0 0 
4 7 10 0 0 8 0 0 6 0 27 0 26 0 28 0 22 0 61 0 0 60 62 0 58 0 0 36 30 32 0 0 0 0 0 0 0 39 0 0 41 0 42 44 0 75 77 78 0 0 0 81 0 1 12 0 0 11 0 13 0 15 18 69 73 65 72 0 70 0 68 67 0 55 48 0 53 50 0 52 47 
22 25 0 23 0 0 27 0 0 0 0 0 44 41 46 0 0 0 0 77 0 78 0 75 0 0 0 0 0 0 53 51 0 55 47 49 0 57 64 63 59 61 60 62 0 0 14 0 0 11 17 18 16 19 0 0 34 29 35 31 32 33 0 6 0 2 0 0 7 3 5 4 72 0 66 0 0 68 69 0 65 
0 0 1 0 74 0 81 75 0 0 0 16 0 0 0 15 0 0 52 50 0 0 0 0 49 0 0 0 0 0 0 24 0 28 0 22 0 30 37 0 32 0 0 0 29 0 0 0 67 65 0 0 70 73 3 0 0 0 0 0 5 6 0 60 0 56 63 62 61 0 0 58 45 46 39 0 44 0 42 43 0 
0 0 73 68 0 0 72 0 0 2 9 0 0 5 0 6 0 3 43 0 45 0 0 0 40 0 38 0 12 0 0 15 16 19 11 0 22 0 0 27 23 25 24 26 0 57 59 0 58 0 0 63 61 0 75 1 0 74 80 0 77 0 0 51 0 47 54 53 0 48 50 0 36 37 30 0 0 0 0 0 29 
13 16 19 14 0 0 18 0 15 0 36 34 35 32 37 0 0 30 70 0 0 69 0 0 0 0 0 45 39 41 0 0 0 46 0 40 49 48 55 54 0 0 51 0 0 3 0 6 4 0 8 9 7 0 21 0 0 20 26 0 23 0 27 0 0 0 0 0 79 0 0 0 63 64 57 58 0 59 60 61 0 
0 0 0 71 68 0 75 0 0 0 12 0 0 8 0 0 7 0 0 0 48 45 0 42 0 49 41 0 15 0 20 0 0 0 14 16 0 24 31 0 26 0 27 29 0 60 62 0 0 59 0 0 64 67 0 4 0 77 2 0 80 0 3 0 0 0 0 56 55 51 53 52 0 40 33 0 0 0 0 37 32 
0 55 0 53 0 56 0 0 0 0 0 73 0 71 76 72 70 69 0 0 30 27 29 24 25 0 0 3 78 0 2 81 0 4 77 79 7 0 0 0 8 10 9 0 0 0 0 45 0 41 47 0 0 49 0 0 64 0 0 0 0 63 66 0 0 0 39 38 37 33 0 34 21 22 0 16 20 0 18 0 0 
0 0 0 35 32 0 39 0 0 0 0 55 0 53 58 0 0 0 0 0 12 0 11 0 0 0 0 0 60 62 65 63 0 0 0 0 0 69 76 0 0 73 0 0 0 0 26 27 25 23 0 30 0 0 0 49 46 41 0 43 44 0 48 0 22 0 21 20 19 15 17 0 0 4 78 0 0 0 81 1 77 
0 0 0 17 0 0 21 0 18 0 0 37 0 0 40 36 34 33 73 71 0 0 74 0 0 0 68 48 0 0 0 45 0 0 41 0 0 51 58 0 0 55 54 0 0 0 8 0 0 5 0 0 0 0 24 31 28 0 29 0 26 0 0 0 0 77 0 2 1 0 0 79 66 67 0 61 0 62 63 64 59 
0 0 49 0 41 47 0 42 45 59 66 0 65 62 67 63 0 60 19 17 21 18 20 15 0 22 0 0 0 0 74 72 73 76 0 70 0 78 4 0 80 0 81 2 77 0 0 0 34 0 38 39 37 0 51 58 0 0 0 0 0 54 57 0 0 23 0 29 0 24 26 25 0 13 0 7 0 0 9 10 5 
25 28 0 0 23 0 30 0 27 0 48 0 0 0 49 45 0 0 1 0 0 0 0 78 0 0 77 0 0 53 56 54 55 0 50 0 0 60 0 66 62 0 0 0 59 0 0 0 16 14 0 0 0 0 0 40 37 0 0 0 35 36 0 0 13 5 0 0 10 0 0 7 0 76 69 0 0 0 0 0 0 
79 0 4 0 77 2 3 78 81 14 0 19 20 17 0 18 16 15 55 53 57 54 56 0 52 58 50 30 0 26 0 0 0 0 23 0 0 33 0 0 35 0 0 38 0 69 71 72 0 68 0 0 73 0 0 0 10 5 0 0 8 9 0 63 67 59 66 0 64 60 62 0 0 49 42 43 0 44 45 46 0 
61 0 0 0 59 65 0 60 63 77 0 1 0 0 0 0 79 78 0 35 0 36 0 33 0 40 32 0 6 8 0 9 0 0 0 0 16 15 22 21 0 0 18 0 0 0 53 54 0 50 56 57 55 58 69 76 0 68 0 0 71 72 0 0 49 41 0 0 46 0 0 43 0 0 24 0 0 26 0 0 0 
7 0 0 8 0 0 12 0 0 0 0 0 0 26 0 0 0 0 64 0 0 63 65 60 61 0 0 0 0 0 0 0 37 40 0 34 43 0 49 48 44 0 0 0 41 78 0 0 0 77 0 3 0 4 15 22 0 14 0 16 17 18 0 72 76 0 0 74 73 69 71 0 0 58 0 52 0 53 54 0 50 
0 57 60 0 52 58 0 0 56 70 0 0 0 73 78 74 72 71 30 0 0 0 31 0 27 33 25 0 80 1 0 2 3 6 0 0 9 0 0 0 10 12 0 13 0 44 46 47 45 43 0 50 0 0 62 0 0 61 67 0 64 65 68 38 0 0 41 0 39 35 0 36 23 0 0 0 22 0 20 21 16 
36 0 0 0 34 40 0 0 0 0 0 0 0 55 60 0 0 53 12 10 14 0 0 0 9 15 0 0 0 0 0 0 66 0 61 0 0 0 78 0 73 0 74 76 70 26 0 0 0 25 0 32 0 0 44 51 0 0 49 0 46 0 50 0 24 16 23 0 21 17 0 0 5 6 0 0 0 1 2 3 0 
72 0 78 0 70 76 77 0 74 7 0 12 0 10 15 11 9 8 0 0 0 47 0 0 45 51 0 0 17 19 0 20 21 24 16 0 27 26 0 0 0 30 0 31 0 62 0 0 63 61 67 68 0 0 80 0 0 79 0 0 0 2 0 56 60 52 59 0 57 0 0 0 0 42 35 36 0 37 0 0 0 
27 30 33 0 25 31 32 0 0 43 50 48 49 46 51 0 45 44 0 0 0 0 0 0 0 6 0 59 53 55 58 56 0 0 0 54 0 62 69 0 0 66 0 0 0 0 0 0 0 16 22 0 0 24 35 0 0 34 40 0 37 0 0 0 15 0 0 13 0 8 10 0 0 78 71 72 0 73 74 0 0 
63 0 0 0 0 0 0 62 0 79 5 0 0 1 0 0 81 0 0 0 0 0 40 0 0 42 34 14 8 10 0 11 12 15 0 0 0 0 0 0 0 0 0 22 16 0 0 56 0 52 58 59 57 0 71 0 0 70 76 72 0 0 77 47 0 43 50 0 0 0 46 0 0 33 26 27 0 0 29 0 25 
18 21 0 0 0 0 0 17 0 34 0 39 40 0 0 38 36 0 0 73 77 0 76 0 0 78 0 0 0 0 49 47 0 51 0 45 0 53 60 0 0 0 0 0 0 8 0 11 0 0 0 14 0 0 26 33 30 25 0 27 28 0 0 0 0 79 5 4 0 80 1 0 68 0 0 0 67 0 65 66 61 
0 0 15 0 7 13 0 8 11 0 0 30 31 28 33 0 0 26 66 64 0 0 67 62 0 0 61 41 0 0 0 0 39 42 34 36 0 0 0 0 46 0 47 0 0 80 1 0 0 79 4 5 0 6 0 24 21 0 22 0 0 0 0 0 0 70 77 76 0 71 73 72 59 60 0 0 58 0 56 0 52 
81 0 0 1 79 4 5 0 0 16 0 21 22 19 24 0 18 0 0 0 0 56 58 0 0 60 0 0 0 28 31 0 30 0 25 0 0 0 42 0 37 0 38 40 34 0 0 0 72 0 76 77 75 78 0 0 12 0 0 9 10 0 0 0 0 61 0 0 66 62 64 0 50 0 44 0 49 46 47 48 0 
45 48 51 46 43 0 0 0 47 0 0 0 67 64 0 0 0 0 0 0 23 20 22 17 0 0 16 0 0 0 0 0 0 78 70 0 81 0 6 0 0 0 2 4 0 0 37 0 36 34 40 0 0 42 0 0 0 0 58 54 0 0 59 29 33 0 0 31 30 0 28 0 14 0 8 9 0 0 11 0 0 
0 0 35 30 0 33 0 28 0 0 52 50 51 0 53 0 47 0 5 3 7 0 6 0 0 8 81 0 55 0 0 58 59 62 0 0 0 0 0 70 66 68 0 69 63 19 21 22 0 0 0 25 0 26 37 44 41 36 0 0 39 0 43 13 17 0 16 15 0 10 0 0 0 80 0 0 0 0 76 77 0 
0 0 0 12 0 15 16 10 13 27 34 0 0 30 35 31 0 28 0 66 70 0 69 0 0 71 0 0 0 39 0 0 0 44 0 0 47 46 0 0 48 50 0 51 45 0 0 0 0 0 0 7 5 0 19 0 0 0 24 0 21 22 25 76 0 72 79 78 77 0 0 74 0 0 55 56 60 57 0 0 0 
0 0 26 0 18 24 0 19 0 36 0 0 42 39 0 40 0 37 0 0 0 76 0 73 0 0 0 0 0 48 51 0 0 53 0 0 0 55 62 0 57 0 58 0 0 0 12 0 11 0 15 16 0 17 0 35 0 27 33 29 0 0 0 4 8 0 7 0 0 1 3 2 0 0 64 0 69 0 0 68 0 
0 59 62 57 0 60 61 0 0 72 0 0 0 0 80 76 74 0 32 30 34 31 0 28 0 0 0 7 1 0 0 0 5 0 81 2 11 10 17 0 0 0 13 15 9 46 0 49 0 0 0 0 50 53 64 0 0 63 69 0 66 0 0 40 0 0 0 0 0 37 39 0 0 26 19 0 0 0 22 23 0 
0 0 0 66 0 0 70 64 67 0 0 5 6 0 0 0 2 1 41 0 0 0 42 37 0 44 36 16 10 0 15 0 0 0 9 0 0 19 26 25 21 0 22 0 0 55 57 58 0 54 60 61 0 62 73 80 77 0 0 74 75 0 79 49 53 0 0 0 50 0 0 0 0 0 28 0 0 30 0 0 0 
74 77 80 75 72 0 0 73 0 9 0 0 15 0 0 13 11 10 50 48 52 0 51 46 0 0 45 0 0 0 24 22 0 0 18 0 0 28 35 0 0 32 31 0 0 0 66 0 65 63 0 70 0 71 1 0 0 0 6 0 3 4 7 58 62 54 61 60 59 0 0 56 0 44 37 38 0 39 0 0 0 
0 41 44 0 36 42 43 0 0 54 61 0 0 57 62 58 56 0 0 0 16 13 15 0 0 17 9 70 0 66 0 0 0 71 0 65 74 0 0 79 0 77 0 78 72 0 0 0 0 27 33 34 0 35 0 53 50 45 51 0 48 0 52 22 26 18 25 0 23 19 21 20 0 8 1 2 6 0 4 0 0 
0 5 0 3 0 6 7 0 4 18 25 23 0 0 0 0 0 19 59 0 61 0 60 0 56 0 0 34 28 30 0 31 32 0 27 29 38 37 0 43 0 41 0 42 0 0 75 76 74 72 78 0 77 0 10 17 14 0 15 11 12 13 16 67 0 0 70 0 68 0 0 65 0 53 0 47 51 48 49 0 45 
0 0 0 48 0 0 52 0 0 0 0 0 0 66 71 67 65 0 0 21 25 22 24 0 0 26 0 0 73 0 78 76 77 80 72 74 0 0 8 7 3 0 0 0 0 0 0 0 38 0 42 0 41 44 55 62 59 0 60 0 57 58 61 0 0 27 0 33 32 28 0 29 0 17 0 11 0 0 0 0 9 
