9
4 0 0 0 0 0 0 0 0 0 0 0 0 0 18 0 16 20 0 0 77 0 70 75 0 71 0 69 0 0 64 62 68 0 0 66 0 0 0 0 45 0 50 0 43 0 35 0 37 0 36 0 0 0 13 0 0 12 0 14 0 11 8 27 26 0 0 33 0 31 32 25 52 0 0 0 53 58 56 60 54 
49 0 50 0 47 0 51 45 0 66 0 69 68 0 63 0 0 65 38 0 0 42 34 39 36 0 0 33 25 0 0 26 32 31 0 0 8 13 0 10 0 11 0 12 7 0 80 0 1 0 0 79 0 0 0 55 0 0 52 0 0 0 53 0 0 0 74 0 73 0 77 0 0 21 0 19 17 22 0 24 18 
58 0 0 52 56 0 60 54 0 75 76 0 77 0 72 0 70 0 0 49 0 0 43 48 45 44 46 0 34 0 37 35 41 0 0 0 17 0 24 19 18 20 0 0 0 12 8 0 10 0 0 0 0 15 0 64 69 66 0 0 63 0 0 0 80 0 2 6 1 0 0 79 0 0 0 28 26 0 0 33 0 
76 75 77 70 74 0 78 72 71 0 13 0 14 0 0 10 7 11 0 67 68 69 61 66 63 0 0 60 0 0 55 53 59 58 0 0 0 0 42 0 36 0 0 0 34 0 26 0 0 31 0 0 0 0 4 1 0 0 0 5 0 2 0 0 0 21 0 0 19 0 23 16 0 0 50 46 44 0 47 51 45 
0 0 14 7 0 0 0 0 0 30 0 33 32 26 0 28 0 0 2 4 0 0 79 3 81 80 0 78 70 0 0 71 77 76 0 75 53 58 0 0 54 0 59 57 52 48 44 50 0 49 45 43 0 51 0 0 24 0 16 23 0 0 0 36 35 0 0 0 37 40 0 34 61 66 68 64 0 67 0 0 0 
0 0 23 16 20 0 24 0 0 39 0 42 41 35 0 37 0 0 0 0 0 15 7 0 0 8 0 6 79 0 1 0 5 4 2 3 62 0 69 0 63 65 68 66 0 0 53 59 0 58 0 0 0 0 0 28 33 0 25 0 0 0 0 45 0 0 47 0 0 49 50 0 70 75 0 0 0 76 0 78 72 
0 0 32 25 0 0 33 27 0 48 49 51 0 0 0 46 0 0 0 22 23 24 0 0 0 17 0 15 0 0 10 8 14 13 0 0 0 0 0 0 72 0 0 0 0 66 62 0 64 67 0 61 65 0 0 37 0 0 34 0 36 38 35 0 0 0 56 60 0 58 0 52 79 3 0 0 80 4 0 0 0 
67 66 68 61 65 64 0 63 62 0 0 6 5 80 0 0 79 0 0 58 0 60 52 0 0 53 55 0 43 0 0 44 0 49 0 48 0 0 33 28 27 0 32 0 0 21 0 0 19 0 0 16 20 0 0 73 0 0 70 0 0 74 71 9 8 0 0 15 0 0 0 7 0 39 41 0 35 0 38 0 36 
0 39 0 0 0 37 0 0 0 0 0 60 0 53 54 55 52 56 29 0 32 33 25 30 0 26 0 24 0 18 19 0 0 22 20 21 80 0 6 1 81 0 0 3 79 75 71 77 0 0 72 70 0 78 49 46 51 48 43 50 45 47 44 0 62 0 65 0 64 0 0 61 7 12 14 0 0 0 11 0 9 
70 0 0 64 68 0 72 66 0 6 0 0 0 0 3 4 1 0 59 0 0 0 55 60 0 0 58 0 46 48 49 47 53 0 0 51 0 34 0 31 0 32 35 0 28 0 20 0 0 0 0 19 23 0 0 76 81 0 0 0 0 0 74 12 11 15 0 18 13 0 0 10 37 42 0 40 0 43 0 45 0 
0 0 0 37 41 0 0 39 0 0 0 0 0 56 0 0 0 59 32 0 35 0 28 0 30 0 0 0 0 21 0 20 26 0 0 24 2 0 9 0 0 0 0 0 1 78 74 80 0 79 0 0 77 0 52 0 0 51 0 0 0 0 0 0 0 0 68 72 0 0 0 0 10 0 0 13 0 16 14 18 0 
0 33 0 28 0 31 36 30 0 0 0 0 53 47 48 0 46 0 0 0 0 27 0 24 0 0 22 18 10 0 0 11 0 16 0 0 0 0 81 0 75 77 80 78 73 0 0 71 67 0 66 64 0 72 43 40 0 42 0 44 0 0 38 0 0 0 0 63 58 0 62 0 0 6 0 4 0 0 0 0 0 
0 0 0 19 0 22 27 21 0 42 0 45 44 38 0 0 37 41 14 0 0 18 0 0 0 0 13 9 0 3 0 0 8 7 5 6 0 0 72 67 66 68 0 0 64 60 56 0 58 0 0 55 59 0 0 31 36 0 0 35 30 32 29 48 47 0 0 54 49 0 0 46 73 0 0 0 0 0 0 0 0 
79 78 0 73 0 76 81 75 0 15 16 0 0 0 0 0 10 0 0 70 0 72 0 0 66 0 67 0 0 57 0 0 0 0 0 0 38 0 45 0 39 41 44 0 0 0 29 0 31 34 30 0 32 0 7 0 9 6 0 8 0 5 0 21 20 24 23 0 0 0 26 0 0 0 53 0 47 0 0 54 0 
0 60 0 55 59 58 63 0 56 0 0 0 80 74 0 76 73 77 50 52 0 54 0 0 0 0 49 0 0 39 0 38 0 43 0 42 0 0 0 22 21 23 26 0 0 15 0 17 13 0 12 0 14 0 70 0 0 0 0 71 66 68 65 3 0 0 5 0 4 0 8 0 0 33 0 31 0 0 0 36 0 
0 15 17 10 0 0 0 12 0 33 34 0 35 29 30 0 0 32 0 0 8 9 0 6 3 0 4 0 73 0 0 74 80 79 77 78 0 0 63 58 0 0 62 60 0 51 47 53 49 52 0 0 50 0 0 0 27 0 19 0 0 0 0 39 0 42 0 45 40 0 0 37 64 0 71 67 65 70 68 0 66 
0 0 8 0 5 0 9 0 0 0 0 27 0 20 0 0 19 0 0 0 80 0 0 78 0 74 0 0 0 0 67 65 71 70 68 69 47 52 54 49 48 0 0 51 46 0 38 44 40 43 39 37 41 0 0 13 0 0 10 0 0 14 0 30 0 33 0 0 31 34 35 0 0 0 0 58 56 0 59 0 57 
52 0 0 0 50 49 54 48 0 69 70 72 71 65 0 67 64 68 0 0 0 45 37 42 0 38 40 0 28 0 31 0 35 34 32 0 11 16 18 13 0 0 0 0 10 6 2 8 0 0 3 0 0 0 61 58 63 60 55 0 57 0 56 0 0 0 0 0 0 0 80 0 19 0 26 0 20 25 23 0 0 
9 8 10 0 7 6 0 5 4 0 27 29 0 22 23 24 0 0 0 0 1 0 0 80 77 0 78 74 0 0 0 0 0 0 70 71 0 0 0 51 50 0 55 0 48 44 40 0 0 45 0 39 0 47 18 15 20 0 12 19 14 16 13 32 0 35 0 38 0 0 0 30 0 0 0 60 0 0 61 0 59 
0 0 0 39 0 0 0 41 40 0 0 0 0 58 59 0 0 61 34 36 0 38 30 35 0 0 33 0 21 23 0 0 0 27 25 0 0 0 11 6 0 0 0 0 0 0 0 1 0 81 77 75 0 2 0 0 56 53 0 55 0 0 49 0 67 71 0 74 69 72 73 66 0 17 0 15 0 18 0 0 0 
27 0 0 21 0 24 0 23 0 0 0 0 46 0 0 42 39 0 0 18 19 20 12 0 0 0 15 0 3 0 0 4 10 0 7 8 67 72 0 69 0 0 0 71 0 0 0 0 60 63 0 57 0 0 0 33 0 35 30 37 32 34 31 0 0 0 0 56 0 54 0 0 75 80 1 78 0 0 0 2 77 
0 62 64 57 0 0 0 0 0 80 0 2 1 0 0 78 75 0 52 0 55 0 0 0 50 49 51 0 39 0 0 0 46 45 43 44 0 27 29 24 0 0 0 0 21 0 0 19 0 18 14 0 16 0 0 0 0 71 66 0 68 0 0 5 4 0 7 0 0 0 0 0 0 0 37 0 0 36 34 38 0 
0 0 19 12 16 0 0 14 13 0 0 0 0 31 32 33 0 34 7 0 0 11 3 8 5 4 6 0 75 0 78 76 1 81 79 80 58 63 0 0 0 61 0 0 57 0 49 55 51 0 0 48 52 56 27 0 29 26 0 28 23 0 0 41 40 44 43 47 0 0 0 0 66 71 73 69 67 0 70 74 0 
0 0 73 0 70 69 74 68 0 0 0 0 0 4 0 0 0 0 61 63 64 0 0 0 0 0 0 56 0 0 0 49 0 54 0 53 31 0 38 0 32 0 37 35 30 0 22 0 24 27 23 21 25 29 0 0 2 80 0 0 77 0 76 0 0 0 16 0 15 0 19 12 39 0 46 0 40 45 43 0 0 
0 80 1 75 79 78 2 77 76 17 18 20 0 0 14 15 12 16 70 72 73 0 0 71 68 0 69 65 0 59 60 0 64 0 61 62 0 0 47 42 41 43 0 44 39 0 0 37 0 0 32 30 34 38 0 0 0 0 3 0 0 0 0 23 0 0 25 29 24 27 0 0 48 53 55 0 0 0 0 0 0 
0 0 37 0 34 0 38 0 0 53 54 0 55 49 50 0 0 52 25 27 0 0 21 0 0 22 0 20 0 14 0 13 19 0 0 17 76 0 2 78 77 0 1 80 0 0 67 0 0 0 68 0 0 0 0 0 47 0 39 46 0 0 40 0 58 62 61 0 0 63 0 0 3 0 10 6 4 0 0 0 0 
0 53 55 0 52 0 56 0 49 0 0 74 0 67 68 69 66 70 0 45 46 0 39 0 41 0 42 38 0 32 33 31 0 0 0 35 0 18 20 0 0 16 0 0 0 0 0 10 6 0 5 3 0 0 0 0 65 62 0 64 59 61 58 77 76 0 79 0 0 81 0 0 0 26 0 24 0 27 25 0 0 
20 19 0 0 0 17 0 0 0 0 0 40 0 33 0 35 0 36 0 11 0 0 5 10 7 6 0 4 77 79 80 78 0 0 81 0 0 65 67 0 0 63 66 0 59 55 0 0 0 56 0 0 54 58 29 0 31 28 0 0 25 27 24 0 42 0 0 49 0 47 48 41 0 0 0 0 0 0 0 0 0 
0 73 75 68 72 71 76 70 0 0 11 13 12 0 0 0 0 9 0 65 0 0 0 64 61 60 62 0 0 52 0 51 0 0 0 0 33 0 40 0 0 0 39 37 0 28 24 0 0 0 0 23 27 31 2 0 4 1 0 3 0 0 0 16 0 0 0 22 17 20 21 0 0 46 48 44 0 0 45 0 43 
0 0 3 0 0 80 4 79 78 0 20 22 21 0 16 17 14 0 72 74 0 0 0 0 0 69 0 67 0 61 0 0 66 0 63 0 42 0 49 0 43 45 0 46 41 0 33 0 0 0 34 0 36 0 0 0 13 10 0 12 0 9 0 25 0 0 27 0 0 0 0 0 0 0 0 53 51 56 54 58 0 
47 46 48 41 0 44 49 43 42 64 65 67 0 60 0 62 0 0 0 38 39 0 0 0 0 33 35 31 0 0 0 0 30 29 27 28 6 11 13 0 0 9 12 10 5 1 78 0 80 2 79 0 81 4 56 0 58 0 50 0 0 0 0 0 69 73 0 0 71 74 75 68 0 0 0 17 15 20 18 0 0 
0 55 0 0 54 0 58 52 0 73 74 76 0 0 70 0 0 0 45 0 0 0 41 46 43 42 44 40 0 0 0 0 0 38 0 37 15 20 22 17 16 18 0 0 14 10 6 12 0 11 7 0 0 13 0 62 67 64 0 66 0 63 60 79 78 1 81 4 80 2 0 77 23 0 0 26 24 0 27 0 25 
11 0 0 5 9 0 13 0 0 0 0 31 30 24 25 0 0 27 81 2 3 0 0 0 79 78 80 76 0 70 0 69 0 0 72 73 0 0 0 0 52 54 57 0 50 46 0 48 44 47 43 0 45 0 20 0 0 0 14 21 0 0 0 34 33 37 36 0 0 0 0 32 0 0 0 0 60 65 0 0 0 
29 0 30 23 27 0 0 25 0 0 0 49 0 42 0 0 0 45 0 0 21 0 14 19 0 0 0 13 0 7 8 0 12 11 9 0 0 74 0 71 0 72 75 0 68 64 0 0 62 65 61 0 63 67 38 35 40 37 32 0 0 36 33 0 51 0 0 58 0 56 0 50 77 1 0 80 78 2 0 0 0 
0 0 0 32 36 0 40 34 0 0 56 0 0 0 0 0 0 0 0 29 0 0 0 0 0 24 26 22 14 0 17 0 21 20 0 19 0 2 0 80 0 0 3 1 0 73 0 75 71 74 70 0 72 0 0 0 49 0 41 0 43 0 42 61 0 64 63 67 62 65 0 0 5 0 0 8 0 11 0 13 7 
0 0 66 59 63 0 67 0 60 0 0 4 0 78 79 0 0 0 0 56 0 0 0 55 52 0 0 49 41 43 44 0 0 47 45 0 0 0 0 0 0 27 0 0 23 19 0 0 0 0 0 14 18 0 74 71 76 0 68 75 0 72 0 7 0 10 0 13 8 11 0 0 32 0 0 35 0 0 36 0 0 
68 67 69 0 66 0 0 64 0 0 5 7 6 0 1 2 80 0 0 0 0 61 53 58 0 54 0 52 0 0 0 45 51 50 0 0 27 0 34 0 0 30 0 0 0 0 0 0 0 23 0 17 21 0 0 74 79 76 0 78 0 0 72 10 9 0 12 0 11 0 0 0 0 0 42 38 36 41 39 43 0 
5 4 6 80 0 2 0 1 0 22 23 25 0 18 19 0 17 21 0 77 78 0 71 76 73 0 0 0 62 0 0 0 69 0 0 67 0 50 52 47 46 48 51 0 0 40 0 0 38 41 37 35 0 43 0 0 0 0 8 0 0 0 9 28 27 31 0 0 0 0 0 26 53 0 60 0 54 0 0 0 55 
0 0 0 17 0 20 0 19 18 0 41 0 0 0 37 38 0 0 0 14 15 0 0 13 0 9 11 7 0 1 2 0 0 0 0 0 63 0 70 0 0 0 0 67 62 0 54 60 56 59 55 0 0 61 0 0 0 0 26 33 28 0 27 0 0 0 48 52 0 0 0 44 0 76 0 74 72 77 0 79 73 
50 49 51 0 48 47 52 46 45 67 0 0 0 63 64 0 62 0 0 0 42 43 0 0 0 36 0 0 0 28 0 27 33 32 30 31 0 14 0 0 0 0 15 13 0 4 81 6 0 5 0 0 0 0 59 0 61 0 53 0 55 0 0 0 0 76 75 79 74 77 0 0 0 22 24 0 18 0 0 0 0 
32 0 33 0 0 0 34 0 0 49 50 52 0 45 46 47 44 48 21 23 24 0 0 22 19 18 20 16 0 0 11 9 0 0 12 13 72 0 79 74 0 75 0 0 71 67 63 69 65 68 0 62 66 0 41 38 43 0 0 0 0 39 36 0 54 0 57 0 56 59 60 53 0 4 0 2 0 5 3 0 1 
0 40 42 35 0 0 0 0 0 0 0 61 60 54 0 56 53 0 30 32 0 34 26 31 0 27 29 0 0 19 20 18 0 0 21 0 81 0 0 2 0 3 0 0 80 76 0 78 74 0 0 71 75 79 50 0 0 49 0 51 0 0 0 0 63 0 66 70 0 68 69 0 0 13 0 11 9 14 0 16 0 
77 0 78 71 75 74 0 73 0 0 14 0 0 9 10 0 0 0 66 68 0 70 62 67 64 63 65 0 0 0 56 54 0 59 57 58 36 41 43 38 37 39 0 40 0 31 0 0 0 32 28 0 0 34 5 2 7 4 80 0 1 0 0 19 0 22 21 0 20 0 24 17 44 49 0 47 45 50 0 0 46 
14 0 0 0 12 11 16 10 0 0 32 34 0 27 28 0 0 0 3 0 0 0 80 4 1 81 2 0 0 73 0 0 0 77 0 76 0 59 0 56 0 0 60 58 53 49 45 51 47 50 46 0 48 52 0 20 25 22 0 0 19 21 0 37 0 40 0 43 0 0 0 35 0 0 0 65 0 0 0 70 64 
59 0 0 53 0 56 0 0 54 76 0 0 78 72 0 74 71 75 0 50 51 52 44 49 0 0 47 0 0 0 38 36 0 41 39 40 0 23 0 0 19 0 0 0 0 0 0 15 11 0 10 0 12 16 68 65 0 67 0 69 0 0 63 1 81 0 3 7 0 0 0 0 0 31 0 0 27 0 30 0 28 
42 41 43 36 0 39 0 38 0 59 60 62 61 0 56 0 0 0 31 33 34 0 27 0 0 28 0 26 18 0 21 0 25 24 22 0 0 0 8 3 0 0 7 0 0 0 73 0 75 78 74 72 76 0 0 48 0 50 0 0 0 49 46 0 64 0 0 71 66 0 0 63 0 0 0 0 10 0 0 0 0 
51 50 52 0 49 48 53 0 0 0 69 71 0 0 0 66 63 0 0 42 43 0 36 41 38 0 0 0 27 29 0 0 34 0 0 32 10 15 0 0 11 13 16 14 0 0 0 7 0 0 0 81 4 8 60 0 62 0 54 0 0 0 0 0 0 0 76 0 75 78 0 0 0 0 0 0 19 0 22 0 0 
60 59 61 54 58 57 62 0 0 0 0 0 79 73 0 0 72 0 0 51 0 53 0 50 0 0 0 0 36 0 39 37 43 0 0 0 19 24 26 21 20 22 0 0 18 0 0 16 12 15 0 0 13 0 0 66 0 68 0 70 65 0 64 0 1 0 0 8 3 6 0 81 0 0 0 0 28 33 31 0 29 
0 0 0 0 0 12 0 11 0 32 33 35 34 28 29 0 0 31 4 0 0 8 0 0 0 1 3 80 0 0 0 73 0 78 76 0 55 60 0 57 0 0 0 0 54 0 0 0 0 0 0 45 49 53 24 0 0 0 18 25 20 22 19 0 37 0 0 44 39 42 43 36 63 68 70 0 0 0 67 0 65 
24 23 25 0 22 0 0 20 19 41 42 0 0 37 38 0 0 40 13 15 16 0 9 14 0 0 0 0 0 2 0 1 0 0 4 5 0 69 71 0 65 0 70 68 63 59 0 61 0 0 56 54 58 0 0 30 35 0 27 34 29 31 28 47 0 50 49 53 48 0 52 0 0 0 0 0 73 78 76 0 0 
0 0 79 0 76 75 0 0 73 0 15 0 16 0 11 0 9 0 0 69 0 0 63 68 65 0 66 0 0 0 57 0 0 0 0 59 37 42 44 39 38 40 0 0 0 0 0 34 30 33 0 0 31 0 0 0 8 0 0 7 0 4 0 20 19 23 22 26 0 0 25 18 45 0 52 0 0 0 49 53 47 
0 0 7 0 4 3 0 2 0 23 0 0 25 0 20 0 0 0 76 78 0 0 0 77 0 0 75 0 0 65 0 64 0 0 0 68 46 51 0 0 47 0 52 0 0 0 37 0 0 42 38 36 0 44 15 0 17 0 0 16 0 0 10 29 28 32 0 35 0 33 0 27 0 0 61 57 55 60 0 0 56 
69 0 70 63 0 66 71 65 64 0 6 8 0 1 0 0 0 0 0 60 61 62 0 59 56 55 0 53 0 47 0 46 52 51 0 0 28 33 35 0 0 31 0 32 0 23 0 0 21 24 0 0 0 26 0 75 0 0 0 0 74 76 0 11 10 14 0 17 0 0 0 0 36 0 0 39 0 42 40 0 38 
33 0 0 0 31 30 35 29 28 0 51 53 0 46 47 0 45 49 0 24 25 0 18 23 0 19 21 0 9 0 0 10 0 15 0 0 73 78 80 0 74 0 0 77 72 0 64 0 0 69 0 0 0 71 0 0 0 41 36 0 38 0 37 56 0 59 0 62 0 0 61 54 0 0 0 3 0 0 0 0 2 
39 38 0 0 0 36 41 35 34 0 57 59 58 0 0 0 51 55 0 30 31 32 24 29 26 25 27 0 15 0 18 16 22 21 0 0 79 0 0 0 0 1 4 2 0 0 70 76 72 0 71 69 0 0 48 0 50 47 42 49 0 46 43 62 61 0 0 68 63 66 67 60 0 11 0 0 0 0 0 0 8 
21 20 22 0 19 0 23 0 16 38 0 0 0 34 0 0 33 37 10 0 13 0 6 0 8 7 9 5 78 80 81 79 4 0 1 0 61 66 0 0 62 64 67 0 60 56 52 58 54 0 53 0 55 0 0 27 0 29 0 0 26 0 25 0 0 47 46 0 0 48 49 42 69 0 0 72 0 75 0 77 0 
12 11 13 0 0 0 14 8 0 29 30 0 31 25 0 0 24 0 0 0 0 0 0 2 80 79 81 0 69 71 0 0 0 0 73 74 0 0 59 0 0 0 58 56 51 0 43 49 0 48 0 42 46 0 0 0 0 20 0 22 0 19 0 0 34 38 37 0 36 0 40 33 0 65 67 63 0 0 0 0 0 
0 0 58 51 0 0 59 0 0 0 0 77 0 0 0 72 0 73 46 0 0 50 42 47 44 43 45 0 0 35 36 34 40 39 0 38 0 21 23 18 0 19 0 20 0 11 7 13 0 12 8 6 0 14 0 0 0 65 0 0 0 64 61 80 79 0 1 5 81 3 0 0 0 0 31 27 0 0 28 32 0 
66 0 0 0 0 63 68 0 0 0 3 5 4 0 0 81 0 0 0 57 58 0 51 0 0 0 0 0 0 44 0 43 0 0 46 47 0 30 0 0 26 28 31 29 0 20 16 0 0 21 0 0 0 0 75 72 77 0 0 76 71 73 70 0 7 0 0 14 0 0 13 6 0 0 40 36 0 0 37 41 0 
30 0 0 0 28 0 0 26 25 47 48 50 49 0 0 45 42 0 0 21 0 23 15 0 0 0 0 0 0 0 9 0 0 12 0 11 0 0 77 72 0 0 76 0 69 65 61 67 0 66 0 0 0 68 39 36 0 38 33 40 0 37 0 53 0 56 0 59 54 0 58 0 78 0 0 81 0 0 0 0 80 
0 2 4 78 0 81 5 80 79 20 0 0 0 0 17 0 0 0 0 75 0 0 0 0 0 70 72 68 60 0 63 61 67 66 64 65 0 48 0 45 0 46 0 0 0 0 0 0 36 0 35 33 37 41 0 0 14 11 6 13 8 0 0 0 25 0 0 0 27 0 31 0 0 0 58 0 52 0 0 0 53 
75 0 76 69 0 72 0 0 70 11 0 14 13 0 0 0 6 0 0 0 67 0 60 0 0 0 63 0 51 0 54 52 58 0 0 56 0 0 0 0 35 0 40 0 33 0 0 31 27 0 26 24 0 0 0 0 0 0 78 0 80 0 79 17 0 20 0 0 0 0 0 0 0 47 0 0 0 0 0 50 0 
48 0 49 0 46 0 0 0 43 0 0 0 67 61 62 63 0 0 37 0 40 41 0 38 0 34 36 32 24 0 27 25 0 30 0 0 0 12 0 0 8 0 0 11 0 0 0 0 81 3 80 78 0 0 0 0 0 56 0 58 0 55 0 71 0 0 73 0 72 0 76 69 15 20 22 18 0 21 0 23 0 
46 45 47 40 0 0 0 0 41 63 64 0 65 0 60 61 58 0 35 37 38 39 31 36 33 0 34 0 0 0 0 23 29 28 26 27 0 0 0 0 0 8 0 0 0 81 77 2 0 1 78 0 80 3 55 52 0 54 49 0 0 0 0 0 0 0 0 75 0 0 0 67 0 0 0 0 14 19 0 21 0 
0 0 29 22 26 25 30 0 23 0 0 0 0 41 42 43 40 44 0 19 20 0 0 0 15 0 16 0 4 6 0 0 0 0 0 9 0 73 0 70 69 71 0 0 67 0 0 0 0 0 0 58 62 0 0 34 39 0 0 0 0 35 32 51 50 54 0 57 52 0 56 49 76 0 0 79 0 1 80 3 0 
73 0 0 0 0 70 0 69 68 9 10 0 11 5 6 0 0 0 0 0 65 0 0 0 60 0 0 57 0 51 0 0 0 0 53 54 32 0 0 34 33 35 0 0 31 27 23 29 0 28 0 0 0 30 0 0 0 0 0 2 0 80 0 0 0 0 17 21 0 19 20 13 0 45 47 43 41 46 44 0 42 
1 81 2 0 0 79 3 0 77 18 19 21 20 14 15 0 13 0 71 0 0 75 67 0 69 68 0 66 58 0 0 0 65 0 0 63 41 0 0 0 42 44 0 45 0 36 32 38 0 37 33 31 0 39 0 0 12 9 4 0 6 8 0 0 23 0 26 30 25 28 0 0 49 0 0 0 50 0 53 57 0 
0 18 0 0 17 0 21 15 0 0 0 0 38 32 0 34 31 35 8 0 11 12 0 9 0 0 7 0 76 78 0 0 0 0 80 0 0 64 66 0 60 0 0 0 0 54 0 56 52 0 0 0 0 57 28 25 30 27 22 29 24 26 23 0 41 0 0 48 0 46 47 0 67 72 74 0 0 73 0 75 0 
37 36 0 31 0 34 39 33 32 0 55 0 0 50 0 0 0 53 26 28 0 30 0 27 0 23 0 0 13 0 0 14 20 19 17 18 0 1 3 79 0 0 0 81 76 72 0 0 70 73 69 67 71 75 46 0 0 0 0 0 42 0 0 0 59 63 62 0 0 0 0 0 0 9 0 0 5 0 0 12 0 
0 54 56 49 0 0 0 51 0 0 0 0 0 0 0 70 0 71 0 46 47 0 40 0 0 0 43 0 31 33 0 0 0 37 35 36 14 19 0 0 15 0 20 0 13 9 0 11 7 10 6 0 0 12 64 61 0 63 0 0 60 0 0 0 0 81 80 3 79 0 2 76 22 27 0 0 0 0 0 0 0 
0 0 11 4 8 7 0 0 5 27 28 30 29 23 0 25 0 26 80 0 2 0 0 81 78 0 0 75 67 69 0 68 74 0 0 0 0 55 57 0 51 0 0 54 0 0 41 47 43 0 0 0 0 0 19 0 0 18 13 20 15 0 0 0 32 36 35 0 0 37 0 0 0 0 65 61 0 64 0 66 60 
64 63 65 0 0 61 0 0 0 81 0 3 2 0 0 0 76 80 0 0 56 0 49 0 0 50 52 48 40 0 0 41 0 46 44 45 23 0 0 25 0 26 0 27 22 0 0 20 16 19 0 13 0 0 0 70 0 0 0 0 0 71 68 0 5 0 0 12 0 0 0 0 0 36 38 34 32 0 0 0 0 
0 0 0 0 0 0 19 13 0 0 0 0 0 30 0 0 29 0 6 8 0 0 2 7 0 0 0 0 0 76 0 75 81 0 78 0 57 0 64 59 0 0 63 0 56 52 48 54 0 0 0 47 0 55 0 0 0 0 0 27 22 24 0 0 39 43 42 46 0 0 0 0 0 70 0 0 0 71 0 0 0 
44 43 45 38 0 0 46 40 0 61 62 0 0 57 0 0 56 0 33 0 0 0 29 0 0 0 32 28 20 0 23 21 27 0 24 0 3 0 10 5 0 0 9 7 2 0 0 0 0 80 76 0 78 0 0 50 0 52 47 54 0 51 48 67 0 70 0 0 0 0 72 0 0 16 18 0 12 0 15 0 13 
8 7 9 2 6 0 10 4 3 25 26 28 0 21 22 23 20 24 78 80 81 0 74 0 76 0 77 73 0 0 68 0 72 71 69 70 0 0 55 50 0 51 0 52 0 0 39 45 0 0 0 0 42 0 0 14 0 0 0 0 0 15 0 0 0 34 0 0 32 0 0 29 0 61 0 59 0 0 0 64 0 
0 34 0 29 0 32 0 0 0 0 53 0 0 48 0 0 0 51 24 26 0 28 0 25 22 0 0 19 11 13 14 12 18 17 0 16 75 0 0 77 0 0 0 79 74 70 0 72 68 0 67 0 0 73 44 41 0 0 0 0 0 42 39 58 57 61 60 64 0 62 0 56 0 0 0 0 3 0 6 10 4 
0 0 0 20 24 0 28 0 0 0 44 0 45 0 0 41 0 0 0 17 18 0 0 0 0 12 0 10 2 0 5 0 0 0 6 0 0 71 73 0 67 69 0 0 0 61 57 63 59 0 58 56 0 0 35 32 37 34 29 0 0 33 0 49 48 0 0 0 0 0 54 0 74 79 81 0 0 80 0 1 0 
53 0 0 0 51 0 0 0 48 0 71 73 72 0 0 0 65 0 0 0 0 0 0 43 40 0 0 0 29 31 32 30 36 0 33 0 0 17 0 14 0 0 0 16 11 7 0 9 0 8 0 0 6 0 0 0 64 0 0 63 0 60 0 0 75 79 0 1 77 80 81 0 20 0 27 0 0 26 0 0 0 
62 61 0 0 60 59 64 0 0 0 80 0 81 75 0 0 0 0 51 0 54 55 0 0 49 48 50 0 38 0 41 0 45 0 0 43 0 0 0 23 0 0 0 0 20 0 12 18 14 0 13 11 15 19 0 68 0 70 0 0 67 69 0 4 0 0 0 0 0 8 0 0 0 34 36 32 30 0 0 37 31 
0 79 81 0 78 0 0 76 75 0 17 0 0 12 13 14 0 0 0 0 72 0 65 0 0 66 68 0 56 0 59 0 0 62 0 0 0 44 46 0 0 0 0 0 38 34 0 0 32 35 0 0 33 37 0 0 0 7 2 0 4 0 0 22 21 0 24 0 23 26 27 0 0 0 0 50 48 53 0 55 49 
71 0 0 0 69 0 0 67 0 0 0 0 0 3 0 0 0 0 0 0 0 64 56 0 58 57 0 55 0 0 50 0 54 53 0 0 0 0 37 32 0 0 0 34 0 0 21 0 0 26 0 0 24 28 0 0 0 0 0 81 0 78 75 0 12 0 0 19 0 17 0 11 0 43 45 41 0 0 42 46 0 
