9
23 25 24 19 20 0 0 22 18 0 0 65 0 0 69 0 62 0 0 53 0 54 58 0 57 0 55 0 6 0 0 0 0 5 7 0 0 77 72 71 0 74 78 0 0 16 0 11 15 10 0 0 0 0 49 0 52 0 47 51 0 50 44 0 0 0 0 0 30 31 0 33 0 37 0 0 35 40 36 0 41 
0 0 33 28 0 0 26 0 0 0 75 0 0 72 0 0 71 0 70 0 69 0 67 68 66 0 64 0 0 8 9 0 0 14 16 10 1 5 81 80 4 0 6 3 0 25 0 0 24 19 22 21 0 23 0 0 0 57 56 60 0 59 53 0 0 38 35 37 0 0 43 42 0 46 0 0 0 49 45 0 50 
0 70 0 0 0 0 62 0 0 34 0 29 0 0 0 0 26 32 25 0 24 0 22 0 21 0 0 0 0 0 45 0 49 50 52 46 0 0 0 35 40 0 0 39 0 61 53 0 60 0 58 57 0 59 0 9 16 0 11 0 10 14 0 0 0 74 0 0 0 0 79 0 3 0 0 6 80 4 81 2 5 
59 61 0 0 0 57 53 58 0 25 21 20 19 0 0 0 17 0 16 8 0 0 13 0 0 11 10 0 0 35 36 0 0 41 0 0 0 32 0 26 0 0 0 30 0 0 44 47 51 46 0 48 0 0 4 81 0 0 0 6 1 5 80 0 63 0 62 0 66 67 70 69 0 0 0 0 0 0 72 0 0 
77 79 0 73 0 0 71 76 72 43 39 38 0 0 0 0 0 41 34 26 33 27 31 32 0 0 0 57 60 0 54 0 0 0 0 0 0 50 45 44 0 47 51 0 52 0 62 0 0 0 0 66 0 68 22 0 25 21 0 24 19 0 0 0 81 0 80 0 3 0 0 0 0 0 0 15 8 13 0 11 0 
0 0 6 0 0 3 80 0 0 52 48 47 0 45 51 0 0 50 0 0 42 0 0 0 39 0 0 0 0 62 63 0 0 0 70 0 0 59 54 53 0 56 60 57 61 0 0 74 78 0 0 0 0 0 0 0 0 30 0 0 28 32 0 0 9 0 0 0 0 0 0 0 21 0 0 24 17 22 0 20 23 
50 0 0 46 47 0 44 49 0 16 0 0 0 9 0 0 0 0 0 0 6 0 0 5 3 2 0 0 0 26 0 29 0 0 34 0 0 0 18 0 22 20 0 0 0 0 0 38 42 37 0 0 36 41 0 72 0 75 0 78 0 77 71 0 54 0 53 0 57 58 0 60 66 64 70 69 0 0 63 65 68 
0 43 0 0 0 0 0 0 36 0 3 0 1 81 0 0 0 5 0 71 0 0 76 0 0 0 0 0 24 0 0 0 22 23 0 0 0 14 0 0 13 11 0 12 0 34 26 0 0 0 31 30 27 0 0 0 70 66 0 0 64 0 62 0 0 47 44 46 48 0 52 0 57 0 0 0 0 0 54 56 0 
14 16 15 0 0 0 8 13 9 0 57 0 55 0 60 58 0 59 0 44 51 0 49 0 48 0 46 75 0 71 72 0 0 77 79 0 64 0 63 62 0 0 69 66 70 7 80 2 0 1 0 3 81 5 0 36 43 0 38 42 37 41 35 23 18 20 17 0 21 0 25 24 0 28 0 33 0 31 27 29 0 
0 0 0 56 57 0 54 0 55 0 0 21 20 0 25 0 0 0 17 0 16 10 0 15 13 0 11 0 0 36 37 0 41 0 44 38 29 0 28 27 0 30 34 31 35 0 0 48 0 0 0 49 0 51 0 1 0 4 3 0 2 6 0 0 64 0 0 0 67 68 71 0 76 74 0 79 72 77 73 0 78 
24 26 25 20 0 22 18 23 0 0 67 0 0 0 0 0 0 0 62 0 0 0 59 60 0 0 56 0 7 81 0 3 5 6 8 0 74 78 73 72 77 75 0 0 0 0 9 0 16 11 14 0 10 0 50 0 53 49 48 0 0 0 45 0 28 30 0 0 0 0 35 34 40 38 0 43 0 0 37 39 42 
0 0 52 0 0 0 45 50 46 17 13 0 0 0 16 14 0 15 8 81 0 0 0 0 4 3 2 0 34 27 0 30 32 0 0 29 0 0 0 18 0 21 25 22 26 0 36 0 0 38 41 40 0 0 77 0 80 76 75 0 0 0 72 0 0 57 54 56 58 0 62 61 0 0 0 0 0 0 0 0 69 
0 8 7 2 3 4 81 5 1 0 49 0 47 46 0 50 0 0 0 0 43 37 0 0 40 39 38 67 70 63 64 66 0 0 0 0 56 0 55 54 59 0 61 0 0 0 72 75 79 0 0 0 73 0 32 28 35 0 30 34 29 0 0 0 0 12 9 0 0 14 0 16 0 20 0 25 0 0 0 0 0 
15 0 0 0 0 0 9 14 0 62 58 0 56 55 0 59 0 60 0 0 0 0 0 0 0 0 0 76 0 72 73 75 77 78 0 74 0 0 64 63 68 0 0 0 71 0 0 0 7 2 0 0 0 0 0 0 44 40 39 43 0 0 0 24 0 0 0 0 0 0 0 25 31 29 0 0 0 32 0 0 33 
0 35 34 29 0 31 27 0 28 80 0 75 74 0 0 0 0 0 71 0 0 64 68 69 67 0 65 0 0 0 10 12 14 15 0 11 2 6 1 0 0 3 0 4 0 26 0 0 0 20 23 22 0 24 59 55 0 0 0 61 56 0 54 0 37 39 0 0 40 41 44 43 0 47 0 52 45 0 46 48 0 
0 0 79 0 75 76 0 0 73 44 40 0 0 37 0 41 0 42 0 0 0 28 0 33 31 30 29 58 61 0 0 0 0 0 0 56 47 51 0 0 50 48 0 49 0 71 0 66 0 65 0 0 64 0 23 0 26 22 21 25 0 0 18 0 0 0 0 2 0 0 8 7 0 11 0 0 9 0 0 12 0 
0 0 0 0 0 67 0 0 0 35 0 30 29 0 34 32 27 33 0 18 25 0 23 0 22 0 0 49 0 0 0 48 50 51 53 0 0 42 0 0 0 0 0 40 0 0 0 57 0 0 0 0 55 60 0 0 0 0 0 0 0 15 9 0 73 75 0 74 76 77 80 0 4 0 8 7 0 5 1 3 0 
42 0 0 38 0 0 0 41 0 0 0 0 0 1 0 0 0 6 80 72 0 0 77 0 0 75 0 22 0 0 19 21 0 0 0 20 0 15 10 9 14 12 16 13 17 0 27 0 34 0 32 0 28 33 0 64 71 67 0 0 0 69 63 0 46 48 0 0 0 50 53 52 0 56 0 61 0 59 55 57 0 
0 0 64 59 0 0 57 62 0 29 25 0 23 22 28 0 21 27 0 0 19 13 17 18 0 0 14 43 0 0 0 42 44 0 0 0 0 36 31 0 0 33 0 34 38 0 48 0 55 50 0 52 49 54 0 0 0 0 6 0 5 9 0 72 0 69 0 0 0 0 0 0 0 0 2 0 75 0 76 0 0 
0 0 55 0 51 52 0 53 49 20 16 0 14 0 0 0 12 18 11 3 10 0 8 9 7 0 0 0 0 0 0 0 0 0 0 0 0 0 22 0 26 0 28 0 0 0 39 0 0 41 0 0 40 45 80 76 2 0 0 0 77 0 75 63 0 0 57 0 61 0 0 64 70 68 0 0 0 0 67 0 0 
72 0 0 0 0 70 66 71 67 38 0 33 32 0 0 0 30 36 0 0 28 0 26 0 25 0 23 0 0 48 0 0 0 54 0 0 0 0 40 39 44 42 46 43 0 65 57 60 0 0 0 61 58 63 0 0 20 0 0 19 0 18 12 81 76 0 75 0 0 0 2 1 7 5 11 10 0 0 0 6 9 
0 11 10 0 0 7 0 8 4 0 0 51 50 49 0 53 48 0 0 39 0 0 44 45 0 42 41 0 73 66 0 0 0 72 0 68 59 63 58 57 0 60 0 61 65 2 75 78 0 77 0 79 76 81 0 31 38 34 0 37 0 0 30 0 13 0 0 0 0 0 0 19 25 0 29 0 0 26 0 24 0 
27 0 28 0 24 0 21 26 22 74 0 0 0 67 0 71 0 72 0 57 0 0 0 0 0 60 0 0 0 3 0 0 0 9 0 0 77 0 76 75 80 78 1 0 2 20 0 0 19 0 0 16 0 18 0 0 0 52 51 0 0 0 48 36 31 33 30 32 0 35 0 37 0 0 0 0 39 44 0 0 45 
0 0 1 77 78 0 75 80 0 47 0 42 0 0 46 44 0 45 38 0 37 0 0 0 34 33 0 61 64 0 0 60 62 63 0 59 0 0 0 0 0 51 55 0 0 74 0 0 73 68 71 0 67 0 0 0 29 0 24 0 0 27 21 0 4 6 0 0 0 0 0 10 16 0 0 0 0 0 0 15 18 
18 0 0 14 15 0 12 0 0 65 61 60 0 0 64 0 0 0 56 48 0 0 0 54 0 0 0 0 0 75 76 0 0 81 2 77 0 0 67 66 71 0 73 0 0 0 0 6 0 0 8 0 4 0 0 40 0 43 0 0 41 0 39 27 0 24 0 23 25 26 29 28 0 32 0 37 0 35 0 33 0 
0 47 0 0 42 0 39 0 40 11 0 6 0 4 0 0 0 0 2 0 0 0 80 0 0 78 77 25 28 0 0 0 0 27 29 0 14 18 0 0 17 0 0 0 20 38 0 0 0 0 0 34 0 36 0 67 0 0 69 0 68 0 66 0 0 0 0 0 52 0 56 55 0 0 65 0 57 62 0 0 63 
36 38 37 32 0 0 0 35 31 0 79 0 77 0 1 80 0 81 74 0 73 0 0 0 70 69 0 16 0 12 0 0 17 18 0 0 5 0 0 0 0 6 0 0 0 0 0 0 0 0 26 0 22 27 62 0 0 61 0 0 0 63 57 0 40 42 39 41 43 0 0 0 52 0 0 55 0 0 49 0 54 
0 0 0 0 0 42 38 0 39 0 6 0 4 0 9 0 2 8 1 0 81 75 79 80 78 0 0 0 27 0 21 0 25 0 0 0 0 17 0 0 16 14 0 0 19 0 0 32 0 31 34 0 30 35 0 66 0 69 0 0 0 71 0 53 48 0 0 49 51 0 55 0 0 0 64 63 0 0 57 0 0 
0 37 36 31 32 0 0 34 0 0 0 0 0 75 81 79 0 80 73 65 72 66 0 71 69 0 0 15 18 0 12 0 0 17 0 0 4 0 3 0 7 0 0 6 10 0 0 0 27 22 25 0 0 0 61 0 64 0 59 63 58 0 56 44 0 0 0 40 42 43 46 0 51 0 55 54 47 0 48 0 0 
0 0 27 0 0 24 0 25 21 73 0 0 0 0 0 70 65 0 64 0 63 57 61 62 60 59 0 6 9 0 0 5 0 0 0 0 76 80 0 0 0 77 0 78 0 0 11 0 0 13 0 15 12 17 52 48 0 51 50 54 0 0 47 35 0 32 0 0 33 0 37 0 42 40 0 0 0 0 0 41 0 
0 0 18 0 14 15 11 16 12 0 60 0 58 57 63 61 0 62 0 0 0 0 52 0 51 0 0 0 81 74 0 77 79 0 1 0 67 71 66 65 70 0 0 0 0 10 2 5 0 0 7 0 3 0 0 0 0 42 41 45 0 0 38 0 21 0 0 22 0 25 28 27 33 0 0 0 29 0 30 32 35 
80 0 0 76 77 78 74 79 75 46 0 0 40 0 45 43 0 0 37 0 36 0 0 0 0 32 31 60 0 56 0 59 61 0 0 58 49 0 0 0 52 50 54 51 0 0 65 68 0 0 70 0 66 71 25 21 28 24 0 0 22 26 20 8 3 0 0 0 0 7 0 9 0 0 0 0 11 16 0 0 0 
0 0 72 67 0 0 65 70 66 0 33 0 0 30 0 0 29 0 28 20 27 21 25 26 0 23 22 51 54 47 48 50 52 0 0 49 0 0 0 0 0 0 45 0 0 0 0 0 0 58 0 60 57 62 0 0 19 15 14 0 0 0 0 80 75 77 74 0 78 79 1 0 6 4 0 0 0 0 0 5 0 
0 55 0 0 0 51 0 0 0 0 15 14 0 0 18 0 0 0 10 2 9 0 7 8 6 5 0 33 0 29 0 32 0 35 0 31 22 0 21 20 25 23 27 0 0 46 0 0 0 0 43 42 39 0 79 75 1 78 0 81 76 80 74 0 0 0 56 58 60 0 0 0 69 67 73 72 65 0 0 0 71 
62 64 63 0 59 60 56 0 57 28 0 23 0 21 27 0 0 0 19 11 0 0 16 0 15 0 0 42 45 0 0 41 0 44 46 0 31 35 0 29 0 32 36 0 0 55 0 50 0 49 52 0 48 0 7 3 0 6 0 9 4 0 2 71 0 68 65 0 0 70 0 72 78 76 0 0 0 0 0 0 0 
0 0 0 4 0 0 0 0 3 0 51 0 49 0 0 0 0 53 46 38 45 39 43 44 42 0 0 69 0 65 0 0 70 71 73 0 58 62 57 0 0 0 0 0 0 0 74 77 81 76 79 0 75 0 0 30 0 0 0 36 31 0 29 0 0 14 0 13 15 16 19 0 0 22 28 0 0 25 0 23 0 
29 0 30 0 26 0 0 28 24 76 72 71 0 0 75 73 68 74 67 0 0 60 0 65 63 0 61 9 0 5 0 0 10 11 13 0 0 0 0 77 0 80 3 0 4 22 14 0 0 16 19 0 0 0 55 51 58 54 53 0 0 56 0 38 0 0 0 0 0 37 0 39 0 0 49 0 0 0 0 0 47 
2 0 3 79 0 0 77 1 0 49 0 44 43 0 48 46 0 47 40 0 39 0 0 0 36 0 0 0 0 0 60 0 64 0 0 0 0 0 51 50 0 53 57 0 0 0 68 71 0 0 0 72 0 74 0 24 31 0 0 0 0 0 0 0 6 0 5 0 0 10 13 12 18 16 0 0 0 0 0 17 0 
47 49 0 43 0 0 41 46 42 13 9 8 7 0 12 10 5 0 0 0 3 0 1 2 81 0 79 0 0 0 24 0 28 0 31 0 16 20 15 0 19 17 0 18 22 0 32 35 0 34 37 36 0 38 73 0 76 72 71 0 0 0 68 56 0 53 50 0 54 0 0 57 63 61 0 0 59 0 60 0 65 
74 0 0 70 0 72 0 73 0 0 0 35 34 0 39 0 0 0 0 23 0 0 28 29 0 0 25 54 57 50 51 53 0 0 58 52 43 47 0 41 46 0 0 0 49 0 0 0 66 0 0 63 0 0 0 15 22 18 17 0 16 0 14 2 0 80 77 79 81 1 4 3 9 0 0 12 0 10 6 8 11 
0 67 66 61 62 63 59 64 0 0 0 0 0 24 30 0 0 29 0 14 0 0 19 0 0 0 16 45 48 0 0 0 46 0 0 43 0 38 33 0 0 35 0 0 40 58 0 0 57 52 55 0 51 0 0 0 0 0 8 0 7 0 5 74 69 71 0 70 0 73 0 0 0 79 4 3 77 0 78 80 0 
0 58 57 52 0 0 50 55 51 22 0 0 0 15 0 19 0 0 13 5 12 6 10 0 9 0 0 36 0 32 0 35 37 38 40 0 0 29 0 0 28 0 30 0 0 0 41 0 0 0 0 45 0 47 0 78 0 81 0 3 0 0 0 65 60 0 0 0 63 0 0 0 72 0 0 0 68 73 69 0 0 
0 0 21 0 0 0 0 0 0 0 63 62 0 0 66 64 59 0 58 50 57 51 0 56 0 53 52 81 3 0 78 80 0 0 0 0 70 74 0 68 73 0 0 0 0 13 0 8 12 0 10 0 6 0 46 0 49 45 44 0 0 0 41 0 24 0 0 25 27 28 0 0 0 0 0 0 0 0 0 35 38 
0 13 0 0 8 0 0 0 0 58 0 0 0 51 0 55 50 56 0 0 0 0 0 0 0 44 43 0 75 68 69 71 0 0 76 70 0 65 60 0 64 0 66 0 67 0 0 80 0 0 1 0 0 0 37 33 0 36 0 0 0 0 0 20 15 17 0 16 18 0 0 21 0 0 31 0 23 28 0 0 0 
38 0 0 34 0 0 32 37 33 0 0 0 79 78 0 0 0 2 0 0 0 69 73 0 72 71 0 0 21 14 15 0 19 0 0 0 0 0 0 5 0 8 12 9 13 0 0 26 0 25 0 27 24 0 0 0 0 0 0 66 0 0 59 0 42 44 0 43 45 0 49 48 54 52 58 57 0 55 0 53 0 
10 0 11 6 0 0 4 0 5 57 0 0 51 50 56 54 0 55 48 0 0 41 45 0 44 0 0 71 74 0 0 0 72 0 75 0 60 64 0 0 63 61 0 62 0 3 76 0 0 78 0 0 0 0 0 0 0 0 0 38 0 0 0 0 14 16 0 0 17 18 0 0 26 24 0 0 22 27 23 25 28 
1 0 0 78 79 0 0 0 0 48 0 0 0 41 0 45 0 46 39 0 38 32 36 0 35 34 33 62 0 58 0 0 63 64 66 60 0 0 0 49 54 0 56 53 57 0 0 0 0 69 0 0 0 0 27 23 0 26 25 29 24 28 22 0 0 0 0 0 8 0 0 11 0 15 21 0 0 18 14 16 0 
46 48 0 0 43 0 0 0 41 12 8 7 6 0 0 0 4 0 3 0 2 0 81 0 0 79 78 0 0 0 0 0 27 28 30 24 0 0 0 13 0 16 0 17 21 0 31 34 38 0 36 35 0 37 72 0 75 0 0 74 0 73 67 55 50 52 0 51 0 54 0 56 62 60 0 0 58 63 0 61 0 
0 39 38 0 0 35 31 0 0 3 80 79 78 0 0 81 0 1 75 67 0 68 72 73 71 70 0 17 20 0 0 16 18 0 0 0 6 0 0 4 0 7 11 0 12 0 0 25 0 24 0 26 0 28 0 59 66 0 61 0 0 64 58 46 41 0 40 42 0 45 48 0 53 51 57 56 49 54 50 0 55 
0 30 0 0 25 26 0 0 23 75 0 70 69 0 74 72 67 0 0 58 0 59 63 64 62 61 60 8 11 4 5 0 9 10 0 0 0 0 77 0 0 0 2 80 0 21 0 0 0 0 0 17 14 19 54 0 0 53 0 56 51 0 49 37 32 0 0 33 0 36 0 0 0 0 0 0 0 45 0 0 0 
0 66 65 0 61 0 0 0 59 0 0 25 24 23 0 27 0 28 21 0 20 14 18 19 17 16 0 0 47 40 0 43 0 0 0 0 33 37 0 31 0 0 0 0 39 0 0 0 0 0 54 53 0 55 9 0 12 0 0 11 0 10 0 73 68 0 67 69 71 72 0 0 0 78 0 2 76 0 0 79 0 
73 75 0 0 70 0 67 72 0 0 0 0 33 32 38 0 31 37 0 22 29 0 27 0 0 0 24 0 0 49 0 52 0 55 57 0 0 0 41 40 0 0 0 44 0 66 58 61 0 60 63 0 0 64 18 0 0 17 16 20 0 19 0 0 77 0 76 78 80 81 0 2 8 0 0 0 4 9 5 0 0 
0 0 0 51 0 53 0 54 50 0 0 0 0 0 20 18 0 19 12 0 0 5 9 10 0 7 0 35 38 0 0 0 0 37 39 33 0 28 0 0 27 0 0 26 0 48 40 43 0 42 45 44 0 46 81 0 0 80 0 0 78 1 76 64 0 0 58 0 0 63 66 0 71 69 0 0 0 0 0 0 0 
0 0 20 15 16 0 0 0 0 0 0 61 0 0 65 0 0 0 0 49 0 50 54 0 0 52 0 0 0 76 0 0 81 1 0 78 0 73 68 67 0 0 0 0 0 12 0 7 0 0 9 0 0 0 0 0 0 0 0 0 0 46 0 0 23 0 22 0 26 0 0 29 35 33 39 0 31 0 32 0 37 
0 63 0 0 58 0 55 0 0 27 0 22 21 0 0 24 0 0 0 10 0 0 15 0 14 13 0 0 44 37 0 40 0 43 0 39 0 34 0 28 0 0 35 0 36 0 46 0 53 0 51 50 47 52 0 0 9 0 4 8 0 0 1 70 65 67 0 66 68 0 0 0 0 75 0 80 0 78 0 76 0 
52 54 53 0 0 0 0 51 47 0 0 13 12 0 0 15 0 0 0 1 0 0 0 7 0 4 0 32 0 28 29 31 0 34 36 0 21 25 20 19 0 0 0 0 27 0 0 40 44 0 42 0 38 0 0 0 0 77 76 80 75 79 0 61 0 58 55 57 59 0 0 62 0 0 0 71 0 0 0 0 70 
0 81 80 0 0 0 0 0 0 45 41 40 0 0 44 0 37 0 36 0 0 0 33 0 32 31 30 59 0 0 56 0 60 0 0 57 0 52 0 46 51 0 53 0 0 72 64 0 0 0 0 0 65 0 24 20 27 0 22 26 21 25 19 0 0 4 0 0 5 6 0 0 0 0 0 0 10 15 11 13 16 
0 9 8 0 4 0 0 0 2 0 0 0 48 47 0 51 46 0 45 0 44 38 42 0 41 40 0 68 71 64 65 0 0 70 72 66 0 61 56 0 60 58 62 0 63 81 73 76 80 0 78 0 74 0 33 0 36 0 31 0 30 0 28 0 11 0 10 0 0 0 0 17 0 21 0 26 19 24 20 0 25 
0 0 0 0 13 14 10 15 0 0 59 58 0 0 0 60 0 0 54 46 53 47 0 52 0 49 48 77 80 0 0 76 78 0 81 0 0 70 65 0 0 67 0 68 0 9 0 4 0 3 0 5 0 7 0 38 0 0 40 44 39 0 0 25 20 0 0 0 23 0 0 0 32 0 0 35 28 0 29 0 34 
0 27 0 21 0 23 0 0 0 72 0 0 66 65 0 69 0 70 63 0 0 0 60 61 0 58 0 0 0 1 0 0 0 0 9 0 75 0 0 73 78 76 80 77 81 0 0 13 0 12 0 14 11 0 0 0 0 0 49 0 48 0 0 0 29 31 0 30 0 0 0 35 0 0 45 0 0 0 38 0 43 
70 72 71 66 0 68 0 69 65 36 0 31 30 0 0 33 0 0 0 0 0 20 24 25 23 0 0 0 0 46 47 0 0 52 54 0 39 43 38 37 0 0 0 41 0 0 55 58 62 0 60 59 0 61 0 11 0 0 13 0 0 0 0 79 0 0 0 75 0 78 81 80 5 3 9 8 0 6 2 4 7 
34 36 0 0 31 32 28 33 0 81 0 0 75 74 80 0 0 79 0 64 0 65 69 0 68 67 0 0 17 0 11 13 0 0 0 0 0 0 2 0 6 0 8 5 0 27 19 22 0 0 24 23 20 25 0 56 0 0 58 0 0 0 55 43 38 0 37 39 0 42 0 44 0 0 54 53 0 51 47 0 0 
43 45 0 0 0 41 0 42 0 0 0 0 3 2 0 6 1 0 81 0 80 74 0 79 0 0 75 0 0 0 20 0 0 0 27 21 12 16 11 0 15 0 0 0 0 36 28 0 35 0 0 0 29 0 0 0 0 68 0 0 0 70 0 0 0 0 46 48 0 51 54 0 0 57 63 62 55 60 56 58 0 
49 51 50 0 46 0 0 48 44 0 11 10 0 0 14 12 7 13 6 0 5 0 3 0 0 1 81 29 32 0 26 28 30 31 0 0 18 0 17 0 21 0 23 0 0 0 0 37 41 36 39 38 35 40 0 71 0 74 73 0 0 76 70 0 53 0 0 54 0 57 0 0 0 0 0 68 0 66 62 64 67 
0 0 0 9 0 11 0 0 8 0 56 0 0 53 0 57 52 0 51 43 50 44 0 0 47 0 0 74 77 0 71 73 75 76 0 72 63 67 62 61 66 0 68 65 0 0 79 0 0 81 3 2 80 0 0 0 0 38 37 41 0 40 0 22 17 19 0 0 20 0 0 0 0 0 33 0 0 30 26 28 0 
40 0 0 0 0 38 34 39 35 6 0 1 0 80 5 0 79 4 78 0 0 71 0 0 0 0 72 20 0 0 17 0 0 0 0 0 9 0 0 7 0 0 14 11 15 33 25 28 0 0 0 0 0 31 0 0 0 0 64 68 0 0 61 49 0 0 43 0 0 48 51 0 56 54 0 59 0 57 53 55 58 
76 0 77 0 0 0 70 0 0 42 38 0 36 35 0 0 34 40 0 25 0 26 30 31 29 28 27 56 59 52 0 55 0 0 60 54 45 49 44 0 48 0 50 47 51 0 0 0 0 63 0 65 62 0 0 0 0 0 0 23 18 22 16 4 80 1 0 0 2 0 6 5 11 9 0 0 0 0 8 0 0 
58 60 59 0 55 56 0 0 0 0 0 0 0 0 0 0 16 0 0 0 14 8 12 13 0 10 0 38 0 34 0 37 0 40 42 36 27 31 26 25 30 28 32 0 33 51 0 0 0 0 0 47 44 0 3 80 0 2 1 0 81 0 0 67 62 64 61 63 0 66 0 0 0 0 0 0 70 0 0 73 76 
0 0 0 81 1 0 0 0 80 0 47 0 45 0 0 0 43 0 42 0 41 0 39 40 0 0 0 65 68 61 62 64 0 67 69 0 0 0 0 52 57 55 59 56 60 0 0 73 0 0 0 0 71 76 0 0 0 29 0 0 27 31 25 13 0 0 7 9 0 12 0 0 20 0 0 23 0 0 0 19 0 
31 0 0 0 28 0 25 0 0 0 74 73 72 0 77 75 0 76 69 0 68 62 0 67 65 64 0 0 0 7 0 0 0 13 15 9 81 4 0 79 3 1 5 2 6 0 16 0 23 0 21 0 17 0 57 0 0 0 55 59 54 0 52 40 0 37 0 0 0 39 42 41 0 45 0 50 0 48 44 46 0 
67 69 68 63 0 0 0 66 0 0 0 0 0 0 0 0 25 0 24 16 0 17 21 22 0 19 0 47 50 0 44 46 0 0 51 45 0 40 0 34 0 37 41 38 0 60 0 0 59 0 0 56 53 0 12 8 0 0 10 14 0 13 7 0 71 73 70 72 74 0 0 0 2 0 0 5 0 0 80 0 4 
22 24 0 0 0 20 16 0 17 69 0 64 63 62 0 66 61 0 0 52 0 0 57 0 56 55 0 0 5 0 80 1 0 0 0 81 0 0 0 0 0 73 77 0 0 0 0 10 0 9 12 11 0 0 0 0 51 0 0 0 45 49 0 31 0 0 25 27 0 0 33 32 38 36 42 0 0 0 35 0 0 
48 0 0 0 45 0 42 47 43 14 10 0 0 0 13 0 6 12 0 0 4 79 0 3 1 81 0 0 0 24 25 0 29 30 0 0 17 21 0 15 0 0 22 0 0 41 0 0 40 0 0 37 34 0 0 70 0 0 72 76 71 0 0 0 0 54 51 0 55 56 0 58 0 0 68 67 60 0 0 63 66 
12 0 13 8 9 0 0 0 7 0 55 54 0 52 0 56 51 57 50 42 49 0 0 0 46 45 44 0 0 69 0 0 0 0 77 71 62 0 61 60 0 63 0 0 68 0 78 0 0 80 2 1 79 3 38 34 0 37 36 40 35 39 0 0 16 0 15 0 0 20 23 0 0 26 0 0 24 0 0 27 0 
0 77 76 71 72 0 69 74 70 41 37 0 35 0 40 38 0 0 0 0 0 25 29 30 28 0 0 55 58 51 52 0 0 0 0 53 0 0 0 42 47 0 49 46 0 68 0 0 67 0 65 0 0 0 20 0 0 19 18 22 0 21 0 0 79 81 78 80 1 0 0 0 0 8 14 0 0 0 7 0 0 
21 0 22 17 18 0 0 20 0 0 64 63 62 61 67 0 60 66 59 51 58 52 56 57 55 0 53 0 4 78 79 0 2 0 0 80 71 75 0 69 74 72 0 0 77 0 0 9 13 0 0 0 0 12 47 0 50 46 0 0 44 48 0 30 25 27 24 26 28 29 32 0 0 0 41 0 33 38 34 0 0 
0 32 31 26 0 28 24 29 25 77 0 0 0 70 0 0 0 75 0 0 0 0 0 66 64 0 62 10 0 6 7 9 11 0 14 0 80 3 79 0 0 81 0 1 5 23 0 0 22 17 20 19 16 0 0 52 0 0 54 0 0 57 0 39 0 0 33 35 0 0 41 40 46 0 0 49 0 0 43 45 0 
0 0 0 80 0 1 78 0 79 0 0 45 0 0 0 0 42 48 41 0 40 34 38 39 37 36 0 64 67 60 0 0 65 0 0 0 53 0 52 51 56 0 0 55 59 0 69 0 76 0 74 0 70 0 0 25 32 28 0 31 0 30 24 12 7 0 6 0 10 11 0 0 0 0 0 0 15 0 0 0 0 
0 0 0 0 0 0 60 65 61 32 28 27 26 0 0 29 0 0 23 0 0 16 0 0 19 18 17 0 49 0 43 45 0 0 0 44 35 39 34 33 0 0 0 0 41 0 51 0 0 53 56 55 0 57 0 7 14 0 0 13 0 12 6 0 70 72 69 0 73 0 0 76 0 80 0 4 0 2 79 81 3 
57 59 0 0 0 55 0 0 52 0 19 0 0 16 0 0 15 0 14 6 0 7 0 0 0 9 8 0 0 0 34 36 38 0 0 35 26 30 0 24 0 0 31 0 32 0 42 45 0 0 0 46 0 0 2 79 5 0 0 4 0 3 0 66 0 0 60 62 0 0 0 67 73 0 0 76 0 74 0 0 0 
39 41 0 0 0 37 33 38 0 0 1 0 0 79 4 0 78 0 77 0 76 70 0 75 0 0 0 0 0 0 16 18 20 0 0 0 8 12 0 0 11 9 0 0 0 0 24 0 31 26 0 0 25 30 65 0 68 64 0 0 0 66 0 0 0 45 0 0 46 47 0 49 0 53 0 0 0 56 0 0 0 
