9
0 0 0 27 0 26 28 22 0 0 34 32 37 36 0 38 0 33 47 45 0 0 0 0 42 43 0 0 0 20 0 16 12 15 14 18 0 7 3 9 5 8 0 0 6 0 0 72 0 67 73 0 0 0 63 62 65 0 0 0 0 0 0 0 0 78 0 0 0 79 80 0 0 53 0 0 51 0 48 56 0 
0 0 60 63 0 0 64 0 59 0 0 68 73 72 0 74 0 69 2 0 0 80 77 76 78 0 0 53 0 56 49 0 0 0 0 54 0 43 0 0 41 0 0 46 42 0 0 27 0 22 0 0 21 25 18 17 20 19 14 15 0 0 13 32 31 33 0 0 0 0 0 37 0 8 9 7 0 0 0 0 5 
0 56 51 54 0 53 0 49 50 0 0 59 64 0 57 65 58 0 0 0 0 0 68 0 0 0 0 44 46 47 0 0 39 0 0 0 38 34 0 36 32 35 0 0 33 20 17 18 0 0 19 14 12 16 0 0 11 0 0 0 0 0 0 23 22 0 0 0 27 25 0 0 0 80 81 79 78 76 0 2 0 
0 2 0 81 79 80 0 76 0 0 7 0 10 0 0 11 0 6 20 18 0 0 14 13 15 0 19 0 0 74 67 70 66 0 0 0 65 0 57 0 59 0 0 64 0 0 0 0 42 0 46 41 39 43 36 0 38 0 32 0 34 0 0 50 49 0 56 48 0 52 53 55 0 0 0 25 0 0 21 0 0 
12 0 0 0 16 0 0 13 0 0 0 0 28 27 21 29 0 24 38 36 0 0 32 31 33 0 0 0 0 11 0 0 0 0 5 0 2 79 75 0 0 0 76 1 78 0 0 0 60 0 64 59 0 0 0 0 0 55 50 0 52 0 49 68 67 69 0 66 0 0 71 0 0 0 45 43 42 40 39 0 41 
0 74 0 0 0 71 73 67 0 0 0 77 0 81 75 2 0 0 11 9 3 8 0 0 0 0 0 62 64 0 0 0 57 60 59 0 56 0 0 0 50 53 0 55 0 38 35 36 33 31 37 0 30 0 0 0 29 0 23 24 0 0 0 41 40 0 0 0 45 43 44 46 19 17 18 16 15 13 0 0 14 
30 38 0 0 0 0 37 0 32 44 43 0 0 45 0 0 0 0 56 0 48 53 0 0 51 0 55 0 28 29 22 0 21 0 23 0 0 16 0 0 14 0 0 0 15 2 80 0 78 76 1 77 75 0 0 71 0 73 68 0 0 66 67 0 0 0 11 0 9 0 0 0 0 0 0 61 60 58 0 65 0 
0 11 0 0 7 8 0 0 5 0 16 14 0 18 0 20 0 15 0 27 21 26 0 22 24 25 28 0 1 0 76 0 75 0 77 81 74 70 0 72 68 71 0 0 0 0 0 54 0 0 55 0 48 52 0 0 47 46 41 42 0 0 40 59 58 0 65 0 63 0 62 0 37 0 0 34 33 0 30 38 0 
0 0 0 45 43 44 46 40 0 0 0 50 0 54 48 0 0 51 0 0 0 0 59 0 0 0 64 35 37 38 31 0 30 33 0 0 29 25 21 27 0 0 22 28 24 11 8 9 6 4 0 5 0 0 0 0 2 0 77 78 79 0 0 14 13 15 0 0 18 0 0 0 0 0 0 0 0 0 66 0 0 
37 45 40 0 0 42 0 0 39 0 0 48 0 52 46 0 47 0 63 61 0 60 0 56 58 59 0 33 35 0 0 0 28 0 30 34 0 0 19 25 0 0 0 0 22 0 0 0 4 2 8 0 0 5 0 0 0 0 75 76 0 73 74 0 0 0 0 10 0 14 0 0 71 0 70 0 67 65 64 72 0 
1 9 4 0 5 0 8 0 3 15 14 0 0 16 0 0 11 0 0 0 0 24 0 20 0 23 26 0 80 81 0 0 73 0 0 0 0 0 0 70 0 69 0 0 67 0 0 0 49 0 53 48 46 50 43 0 45 44 39 40 0 0 38 0 0 58 0 0 0 0 60 0 0 33 0 0 31 0 28 36 0 
55 0 58 0 59 0 0 0 57 69 0 0 0 0 0 72 0 67 81 79 0 78 75 74 76 77 0 51 53 0 47 50 46 0 48 0 0 0 37 43 0 0 0 0 0 0 0 25 0 0 26 21 0 23 0 0 0 0 0 0 0 10 0 30 29 31 0 0 0 32 0 35 0 0 7 0 4 2 0 0 0 
0 72 67 0 0 0 71 0 66 0 0 0 0 79 0 0 74 76 0 0 1 0 3 0 4 0 0 60 62 0 56 59 0 0 0 0 54 0 0 52 0 0 47 53 49 36 33 34 0 29 35 30 0 32 25 24 27 26 21 22 0 19 20 39 0 0 45 37 0 0 42 0 17 0 0 14 0 11 0 0 0 
19 27 0 25 0 24 0 0 0 33 32 30 0 34 0 0 0 0 45 43 0 0 39 38 40 41 44 15 0 0 0 0 10 13 12 16 0 5 0 0 0 0 2 0 0 0 69 70 67 65 0 0 0 68 61 60 0 0 0 0 59 55 56 0 74 0 0 0 79 77 0 0 0 51 0 0 0 0 0 0 48 
0 0 0 0 0 33 0 0 30 0 41 39 44 0 0 0 0 40 0 0 46 51 0 0 49 50 0 0 0 0 20 0 0 22 21 0 18 0 10 16 0 0 0 17 0 0 78 0 76 74 0 0 73 0 70 69 72 71 66 0 68 0 0 0 2 4 9 1 7 0 6 8 0 0 0 59 0 56 55 63 57 
10 0 13 16 0 0 17 11 12 24 0 21 26 25 19 27 20 22 0 0 0 33 0 29 0 0 0 6 8 9 2 0 0 0 0 0 0 0 0 79 0 0 0 80 0 63 0 0 58 0 0 0 55 59 52 51 0 53 0 0 50 0 47 66 65 67 0 0 70 0 0 0 0 42 43 41 40 0 37 45 39 
46 54 0 52 0 0 53 47 0 60 0 57 0 61 55 63 56 0 0 0 64 69 0 0 67 0 71 0 0 0 38 41 0 40 39 0 0 32 28 34 0 33 29 35 31 0 15 16 0 0 17 0 0 0 0 6 0 8 0 0 0 1 2 0 0 22 27 0 0 23 0 26 0 78 79 0 0 74 0 81 0 
0 81 0 79 0 0 0 0 75 6 5 0 8 7 0 9 0 0 0 0 0 15 0 11 13 14 17 0 71 0 65 0 64 0 66 0 63 59 0 0 57 0 0 62 0 0 42 43 40 0 44 39 0 0 0 33 36 0 0 31 32 28 0 48 0 49 0 0 0 0 0 0 26 0 0 23 0 0 19 27 0 
0 22 17 0 18 19 21 15 0 0 27 25 0 29 0 31 24 0 0 38 32 37 34 33 0 36 0 0 0 0 0 9 5 8 0 0 4 0 77 2 79 0 0 0 0 0 0 65 0 0 66 61 59 0 0 0 0 57 52 0 54 50 51 0 69 0 76 0 74 0 0 75 48 0 47 0 0 0 0 49 0 
41 0 44 0 0 0 48 42 43 0 54 0 57 0 0 0 51 0 0 65 59 64 0 60 0 63 0 37 39 40 33 0 0 35 0 0 0 27 23 0 25 28 0 30 26 13 0 11 0 6 0 7 5 0 2 1 4 0 0 0 81 77 0 16 15 17 22 14 0 18 0 0 75 0 0 0 71 0 0 0 0 
77 4 80 2 81 1 0 78 0 0 0 0 0 0 5 13 0 0 0 20 0 0 0 0 0 0 0 73 75 76 69 0 68 71 0 0 0 63 59 65 61 64 0 66 62 49 46 0 44 0 48 0 41 45 38 0 40 39 34 35 0 32 33 0 51 0 0 0 56 54 55 0 0 0 0 27 26 0 0 0 25 
0 31 0 29 0 0 0 24 25 0 0 34 39 38 0 40 0 35 0 0 41 46 43 42 0 45 0 0 21 22 0 18 0 17 16 20 0 0 0 11 7 10 0 0 0 76 0 74 71 0 75 70 68 0 0 64 67 66 61 0 0 0 60 79 78 0 4 77 0 0 1 3 57 0 56 54 0 0 50 0 52 
59 67 62 0 63 0 66 0 61 73 0 70 0 74 68 76 0 71 0 2 77 1 79 78 0 0 0 0 57 58 51 0 50 53 0 56 49 0 0 0 0 0 0 48 0 31 28 0 26 24 0 25 0 27 20 19 22 0 16 0 0 0 0 0 33 35 0 32 0 36 37 0 0 10 0 0 8 6 0 13 7 
68 76 0 74 72 73 0 0 70 1 0 79 0 2 0 4 0 0 13 0 5 10 7 6 0 9 12 0 0 0 0 63 0 62 61 0 58 0 0 56 0 0 0 0 53 0 0 38 35 0 0 34 32 0 0 28 31 0 25 26 27 0 0 0 42 0 0 41 0 45 0 48 21 0 0 18 17 15 14 0 0 
0 58 53 0 54 55 57 51 0 0 63 0 0 65 59 0 0 0 76 0 0 73 0 0 71 72 75 46 48 49 42 0 41 44 43 47 0 36 32 0 34 37 33 0 35 0 0 0 0 0 21 16 0 0 11 10 13 12 7 8 9 0 0 0 24 26 0 23 0 0 0 0 0 0 0 0 0 78 0 0 79 
32 0 35 38 36 0 0 0 0 0 45 43 0 0 41 0 0 0 0 56 50 55 0 51 53 0 57 0 30 0 0 0 0 26 25 29 0 0 14 20 16 19 15 21 0 0 1 0 0 78 0 0 77 0 74 0 76 0 0 71 0 68 69 0 0 0 13 5 0 0 0 0 66 0 0 63 0 60 59 0 0 
0 13 0 11 0 0 12 0 7 0 18 0 21 0 14 22 15 0 0 0 0 0 25 24 0 27 0 1 0 4 78 0 77 0 0 0 76 72 0 74 0 0 0 0 71 58 55 56 0 51 57 52 0 0 0 46 49 48 43 0 45 0 0 61 60 62 67 59 65 0 64 66 0 0 38 36 35 33 0 0 0 
67 0 70 73 0 72 74 68 0 0 80 0 2 1 0 3 77 0 12 0 4 0 0 5 0 8 11 63 0 66 59 62 0 61 0 64 57 0 0 0 51 0 0 56 0 39 0 0 34 32 38 0 31 35 28 27 0 0 24 0 0 0 0 42 0 43 48 40 46 44 45 0 0 0 0 0 0 0 13 0 15 
76 3 79 1 0 81 2 0 78 9 0 6 0 10 4 12 0 7 21 0 0 0 15 0 0 17 20 72 0 0 0 71 67 0 0 73 66 62 58 64 60 63 0 65 0 48 45 0 0 0 47 0 0 0 37 0 39 38 0 0 35 0 32 0 0 52 0 49 0 0 0 56 0 27 0 26 25 23 0 30 0 
4 0 0 0 0 0 0 5 0 18 17 15 0 19 13 0 14 0 0 0 22 0 24 0 25 26 0 0 2 3 77 0 76 79 78 1 0 0 67 0 69 72 68 0 70 0 0 55 52 50 0 0 0 0 46 0 48 0 42 0 44 40 41 0 0 61 66 0 0 0 0 0 0 0 0 35 0 0 31 0 33 
40 48 43 46 44 45 0 0 42 54 53 0 0 0 49 57 0 0 0 0 58 63 60 0 61 0 65 0 0 0 32 0 31 0 33 0 0 26 0 0 24 27 0 29 25 12 0 10 7 0 0 0 4 8 0 81 3 2 78 79 0 76 77 0 0 16 0 13 0 0 0 20 0 0 0 0 70 0 67 0 69 
13 0 0 0 17 18 20 0 15 0 0 0 0 28 0 30 0 25 39 0 31 0 0 32 0 0 0 0 11 12 5 0 4 7 6 0 3 80 0 0 78 81 77 2 79 0 0 64 0 0 65 60 58 62 0 54 57 56 51 0 0 49 0 69 68 70 75 0 73 0 0 74 0 45 46 44 0 41 0 48 42 
22 30 25 0 26 27 0 0 0 36 35 33 38 0 0 0 0 0 48 0 40 45 42 41 43 44 0 18 0 0 14 0 0 0 0 19 0 8 0 10 6 0 5 0 0 0 72 73 70 0 74 0 67 71 0 63 0 65 60 0 0 0 0 0 0 0 3 76 0 0 81 0 0 54 55 0 0 0 0 0 51 
31 39 34 0 0 0 38 0 33 0 0 42 47 46 40 48 41 0 0 0 49 0 51 50 0 53 56 0 0 30 0 26 0 0 0 0 21 0 13 19 15 0 14 20 0 0 0 0 0 0 0 0 0 0 73 72 0 74 0 0 71 67 68 0 0 0 12 4 0 8 9 11 65 0 0 62 0 59 0 0 0 
0 0 0 64 0 0 65 0 0 0 0 69 0 73 0 75 68 70 3 0 76 0 78 77 79 80 2 54 56 57 50 0 49 52 0 55 0 0 0 0 0 0 0 0 0 0 0 28 25 0 0 24 0 26 19 18 0 20 0 16 17 0 14 0 32 34 39 31 37 35 0 38 0 0 10 0 0 0 4 0 0 
49 57 0 0 53 0 0 50 51 0 0 0 0 0 0 66 59 0 75 0 0 0 0 68 70 71 74 45 0 0 41 0 0 43 0 46 0 0 31 0 0 0 0 0 0 21 0 19 0 14 20 0 13 17 0 9 12 0 0 0 8 0 5 24 23 25 0 0 0 0 0 29 0 81 1 80 0 0 76 3 78 
43 0 0 0 0 0 50 44 0 57 56 0 0 58 0 0 53 0 69 67 61 66 63 62 64 65 68 39 41 42 35 38 34 37 0 40 0 29 25 31 27 0 26 0 28 0 0 0 10 0 14 0 0 0 4 0 6 5 0 1 0 79 0 18 0 19 0 16 0 0 21 23 77 0 76 0 73 0 0 78 72 
0 6 0 4 2 0 0 80 81 12 11 9 14 0 0 15 8 0 0 22 0 21 18 0 19 20 0 0 77 78 71 74 70 73 72 0 0 65 0 67 63 0 0 68 0 0 48 49 46 0 0 0 43 47 40 39 42 0 36 0 38 34 35 54 53 55 60 52 0 0 57 0 32 0 31 0 28 0 25 33 27 
0 0 19 0 20 0 23 17 0 0 29 27 32 0 0 0 0 0 0 40 0 39 0 35 0 0 0 0 0 15 8 11 0 0 9 0 0 0 79 0 0 3 0 5 0 69 66 67 0 62 0 0 0 65 58 0 0 0 0 55 0 0 53 72 71 0 78 70 76 74 75 0 50 0 49 0 0 0 43 0 45 
0 78 0 76 74 75 77 71 72 0 0 0 0 4 0 6 80 0 15 0 0 12 9 8 0 0 0 0 0 69 0 65 0 0 63 67 0 56 0 58 0 57 53 0 0 42 39 40 37 0 0 0 0 0 31 0 33 0 27 28 0 0 26 0 0 46 51 43 0 47 48 50 0 21 0 20 0 0 0 24 18 
0 0 0 31 0 30 32 0 27 0 38 36 41 0 0 0 0 0 51 0 43 48 45 0 0 0 0 0 0 0 17 0 16 19 18 0 0 11 7 0 0 0 0 0 0 0 75 76 73 71 77 0 0 74 67 0 0 0 0 0 65 0 0 0 0 0 6 0 0 0 0 5 0 0 58 56 55 0 52 60 54 
61 69 64 0 0 66 68 0 63 75 0 72 77 76 0 78 0 0 6 4 79 0 81 80 0 2 5 0 0 0 0 56 52 0 0 0 0 47 43 49 45 0 44 0 0 33 30 0 28 26 0 27 25 29 22 21 24 23 0 19 0 16 0 36 35 37 42 34 40 0 0 0 14 12 13 11 10 8 7 15 0 
0 42 0 0 38 39 41 0 36 0 0 45 50 49 43 0 0 0 0 0 52 57 0 53 0 0 59 30 0 0 26 29 25 0 0 31 24 20 16 0 0 0 17 23 0 6 3 4 1 80 5 0 0 2 0 75 0 77 72 0 74 0 0 9 0 0 15 0 13 0 0 14 0 66 67 0 0 62 0 0 0 
52 60 55 58 0 0 0 53 54 66 0 0 68 67 61 69 0 64 78 0 70 0 0 0 0 74 0 0 0 51 0 0 43 0 45 0 0 38 34 0 0 39 0 41 0 24 21 22 0 17 23 18 0 20 0 12 15 0 9 0 0 0 8 0 26 0 33 0 31 29 0 32 5 0 4 2 0 80 0 0 81 
7 0 10 0 11 12 0 0 9 0 0 18 23 0 16 0 17 19 0 31 0 0 0 26 0 29 0 0 0 0 0 0 79 0 81 4 78 0 0 0 0 0 0 0 73 0 0 58 55 0 0 0 52 0 49 48 51 50 45 46 0 43 44 63 0 0 0 0 0 65 66 68 41 0 0 38 0 0 34 0 36 
47 0 0 53 51 0 54 48 49 0 0 0 63 0 0 0 57 59 73 0 0 0 0 66 68 69 0 43 45 0 39 0 38 0 0 44 37 33 29 0 31 0 30 36 32 0 0 17 14 0 0 13 11 15 0 7 10 0 0 0 0 0 0 22 0 0 28 20 26 0 25 27 0 79 0 78 0 75 74 0 76 
0 0 0 0 0 70 72 66 67 79 78 76 0 0 0 1 75 77 0 0 2 7 4 3 5 0 9 61 63 0 57 60 56 0 58 62 0 0 0 0 0 52 48 54 50 37 0 0 0 30 36 31 29 0 26 25 28 0 0 23 24 0 0 0 0 0 0 0 44 42 43 45 0 16 17 15 14 12 0 0 0 
0 37 32 35 33 34 36 30 0 0 42 0 45 44 38 46 0 41 0 0 0 0 0 0 0 0 0 25 27 0 21 0 0 23 0 26 0 15 11 0 0 0 12 0 0 0 79 0 77 75 0 0 74 78 71 0 0 72 0 0 69 0 66 4 3 0 10 2 8 0 7 0 63 61 62 60 0 57 0 64 0 
74 1 77 80 78 79 81 0 0 0 0 0 9 8 2 0 3 0 0 17 11 0 0 12 14 15 0 70 72 0 0 69 65 68 67 71 64 60 0 0 0 61 0 0 0 46 43 0 41 0 0 40 0 0 35 0 0 0 31 0 33 29 30 49 48 50 0 0 53 51 0 0 27 25 26 0 23 21 0 28 22 
0 0 5 0 6 0 9 0 0 0 15 13 0 0 0 0 12 14 28 0 0 0 0 0 23 0 0 79 0 1 0 78 0 0 76 80 0 0 65 0 67 70 0 72 68 55 0 0 50 48 0 0 47 51 44 0 0 45 0 41 42 0 0 0 0 0 64 56 0 0 61 0 0 34 0 0 32 30 0 37 31 
11 19 0 17 0 0 18 0 0 0 24 22 0 0 20 28 0 0 0 35 0 34 0 0 32 0 36 7 9 10 0 0 0 5 4 0 1 0 74 80 76 0 0 0 77 64 0 0 59 57 0 58 0 60 53 52 0 0 49 50 51 0 48 67 66 0 73 0 0 69 0 0 45 0 0 42 0 0 38 46 40 
0 0 59 62 60 61 63 0 58 70 69 0 72 0 0 73 0 68 1 80 0 79 0 0 0 0 81 0 54 55 0 0 0 0 49 0 0 0 0 0 0 0 39 45 41 28 25 26 23 0 0 0 20 0 0 16 19 18 0 14 0 0 12 0 30 32 37 0 0 33 34 0 9 7 8 0 5 0 0 0 0 
38 0 41 44 42 0 45 0 0 0 51 0 54 0 47 0 48 0 0 62 0 0 58 0 59 60 0 0 0 0 30 0 29 32 31 35 0 0 0 0 0 0 21 0 0 0 7 8 5 3 0 4 2 6 0 0 0 0 76 0 78 0 0 13 12 0 19 11 0 15 16 0 72 70 71 0 68 0 0 0 0 
20 28 23 26 0 25 0 21 22 34 33 31 0 35 29 37 30 32 46 44 0 0 0 0 41 42 45 0 0 19 0 0 0 0 0 17 0 0 0 0 0 0 0 9 0 0 70 0 68 66 72 0 0 0 0 0 0 63 0 59 60 56 57 0 75 77 1 74 80 0 0 81 54 52 53 51 0 48 47 55 49 
51 0 0 57 55 56 0 52 53 0 0 0 0 66 60 68 0 63 77 0 0 74 0 70 72 0 76 0 0 0 43 46 0 0 44 0 0 37 0 0 0 0 34 0 0 23 0 0 0 16 0 17 0 0 0 11 14 13 0 0 10 0 0 0 0 0 32 24 0 28 0 31 0 0 0 0 0 0 0 0 80 
0 0 45 0 0 47 0 43 44 56 0 0 0 0 51 59 52 0 68 66 0 0 0 61 63 64 67 38 40 41 34 0 0 36 35 39 0 0 24 0 26 29 25 31 27 0 0 12 0 7 13 0 0 10 0 2 5 4 0 0 1 78 79 17 0 0 0 0 21 0 20 22 0 74 0 0 0 70 0 77 0 
33 41 36 39 0 38 40 0 35 47 0 44 49 0 42 0 0 45 0 57 51 56 53 52 0 55 58 0 31 0 25 0 24 27 26 30 23 19 0 0 17 0 0 0 0 0 0 0 0 0 0 80 78 0 0 0 77 76 0 0 73 0 0 0 0 0 0 0 12 10 11 0 67 65 0 64 0 0 0 68 62 
0 32 27 30 0 29 31 25 0 0 0 35 40 0 33 41 34 0 50 0 0 0 44 43 0 46 49 20 0 0 16 0 0 18 17 21 14 0 6 0 8 0 0 0 0 77 74 75 0 0 76 0 0 73 0 0 68 67 62 0 0 60 61 80 0 81 5 78 3 1 0 4 0 56 0 0 0 52 0 0 0 
0 23 18 0 19 20 22 16 17 0 0 0 0 30 24 0 25 0 0 39 0 38 0 0 36 37 0 11 13 14 0 10 6 0 8 12 5 1 0 3 0 2 0 0 0 0 0 0 0 0 0 0 60 64 57 0 0 58 0 0 55 0 52 71 70 0 0 69 75 73 0 0 49 0 48 0 45 43 42 0 44 
0 0 0 3 1 2 4 0 80 11 0 8 13 0 6 14 0 0 0 0 0 0 0 0 0 0 22 0 0 0 70 0 0 72 0 75 0 64 0 0 0 65 61 67 63 0 47 48 45 43 0 44 42 46 0 38 41 0 0 0 0 0 34 53 52 54 59 51 57 55 56 0 31 0 30 0 27 0 0 0 0 
6 14 9 0 0 11 13 7 8 20 0 17 0 0 0 23 16 18 32 0 24 0 0 25 0 0 31 0 0 0 79 0 0 81 0 0 77 0 0 0 0 0 0 76 72 0 0 57 0 52 58 53 0 0 0 47 50 0 0 0 46 0 43 0 0 0 68 60 0 64 0 0 0 38 39 37 36 34 0 41 0 
69 0 72 75 0 74 76 0 71 0 1 0 0 3 0 0 79 0 14 0 6 0 0 0 0 0 13 0 67 68 61 0 60 0 0 66 0 0 0 57 0 56 52 58 54 0 0 39 36 34 40 0 33 0 0 0 0 31 26 27 28 24 25 0 0 0 50 0 48 0 0 49 22 0 0 19 18 16 0 0 17 
60 0 0 0 0 65 67 0 62 0 73 0 76 0 69 77 0 72 0 3 0 0 80 0 81 1 4 56 58 59 52 55 51 54 0 57 0 0 42 48 44 47 43 0 0 32 29 0 0 25 31 0 24 0 0 20 23 22 0 0 0 15 0 35 34 0 41 0 0 37 38 0 13 11 0 10 0 0 6 14 0 
0 52 0 0 0 49 51 45 0 0 57 55 60 0 53 0 54 56 0 68 62 0 64 63 0 66 0 0 0 0 0 39 35 38 0 41 34 30 26 32 28 0 0 0 0 16 0 14 0 0 0 10 0 12 5 0 0 6 0 2 3 0 81 0 0 20 25 0 23 21 0 0 0 76 77 75 74 0 0 0 73 
53 0 0 0 57 0 60 54 0 0 66 64 69 68 0 0 63 65 79 0 71 76 73 72 0 75 78 49 51 52 45 0 0 0 0 0 43 39 35 0 37 40 36 42 38 0 22 0 20 0 0 0 17 0 14 0 16 15 10 0 0 0 9 28 0 29 34 0 0 30 0 33 0 0 0 0 0 81 80 0 1 
0 0 65 68 66 67 0 63 64 0 75 73 0 77 71 79 72 0 0 0 0 4 0 81 2 3 0 58 60 61 54 0 53 0 0 59 0 48 0 50 0 0 0 0 0 0 0 32 29 0 33 28 26 30 0 0 25 24 0 0 21 0 0 37 36 0 43 35 0 0 0 42 15 13 0 12 0 0 8 16 10 
35 0 0 41 39 40 42 0 37 0 48 46 0 0 0 0 0 0 61 0 53 0 0 54 56 0 0 31 33 0 27 0 26 29 28 32 0 0 0 23 0 0 0 24 20 0 4 5 2 0 6 1 0 3 77 0 79 0 73 0 0 0 0 10 0 11 16 0 14 12 0 0 69 0 68 0 0 0 0 0 64 
8 16 11 14 0 13 0 9 0 22 21 19 24 0 0 0 18 0 0 0 0 0 28 0 29 0 33 0 6 7 81 0 0 2 1 0 0 75 71 0 73 76 72 0 0 61 0 0 56 0 60 55 53 57 50 49 0 51 0 47 48 0 45 64 63 65 70 0 68 66 67 69 0 0 0 0 0 36 0 0 37 
0 0 0 23 0 0 24 0 19 0 30 0 33 32 0 0 27 0 43 41 0 40 0 0 38 39 0 13 15 0 0 12 0 11 10 0 0 3 0 5 1 0 0 0 0 70 0 68 65 63 0 64 0 66 59 0 61 0 0 56 57 53 0 73 0 74 79 0 0 0 76 0 51 49 50 0 47 0 0 0 0 
0 34 0 0 0 0 33 0 0 0 0 0 42 41 35 0 0 0 52 50 44 0 46 45 47 0 0 0 24 25 0 0 0 20 0 0 16 0 8 14 10 13 9 15 0 79 0 0 0 0 78 73 71 75 68 0 0 0 64 0 0 62 63 0 81 2 7 0 5 3 4 0 0 58 0 0 56 54 0 0 0 
0 0 74 0 75 0 78 0 73 0 0 0 0 0 0 0 0 0 16 0 8 13 0 9 11 12 0 0 0 70 0 0 62 0 64 68 61 57 0 59 0 58 0 60 0 43 40 41 0 36 0 0 35 0 32 31 34 33 28 29 0 26 0 46 0 0 0 0 0 48 49 51 0 0 0 0 20 0 0 0 0 
80 0 0 0 3 4 0 0 1 13 12 10 15 0 8 0 9 11 25 23 17 0 0 0 0 0 24 76 0 79 72 75 71 0 73 0 70 66 0 0 64 0 63 69 0 52 0 50 0 45 0 46 0 48 41 40 0 0 0 0 0 35 0 55 0 0 61 53 59 0 58 60 0 0 32 30 0 0 26 34 28 
72 80 75 0 76 77 0 73 74 0 4 0 7 0 81 8 1 0 0 15 0 14 0 10 0 13 16 0 70 71 0 0 63 0 65 0 62 0 0 0 0 0 55 61 57 0 0 0 39 37 43 38 36 40 33 32 35 0 0 30 0 27 28 0 46 48 53 45 0 49 50 52 0 0 0 22 21 19 0 0 20 
18 26 21 24 0 23 0 0 20 0 0 29 34 33 27 35 0 0 44 0 36 41 0 0 0 0 43 0 0 17 10 0 0 0 11 15 8 4 0 0 0 0 0 0 3 0 0 69 0 64 70 0 63 0 60 0 0 0 0 57 0 0 0 74 73 0 80 0 0 0 77 79 52 50 0 0 0 0 45 0 0 
0 0 12 15 0 14 0 0 11 0 22 0 0 0 0 0 0 21 0 33 0 32 29 28 30 31 34 5 0 8 0 4 0 3 0 6 80 0 0 0 0 0 73 0 75 0 0 0 0 0 0 56 54 0 51 50 53 0 0 0 0 0 46 0 0 0 71 0 69 67 68 0 0 41 42 0 0 37 36 0 38 
36 0 0 42 0 0 0 0 38 50 49 47 0 51 0 0 46 0 62 60 0 0 0 55 57 58 61 0 0 35 0 0 0 30 29 0 0 22 18 0 20 23 19 25 0 0 5 0 3 1 7 0 81 4 0 77 0 0 0 75 76 72 73 11 10 0 17 9 0 0 0 16 0 0 0 0 66 0 0 71 0 
81 8 3 6 4 5 0 1 0 14 13 0 0 0 9 17 10 12 26 24 0 23 0 0 0 22 25 0 79 0 0 76 0 0 74 78 71 0 0 0 65 68 64 70 0 0 0 0 48 0 0 47 0 49 42 41 0 0 38 39 40 36 37 0 0 57 0 54 60 58 59 0 0 32 0 31 30 28 27 0 0 
0 0 57 60 58 59 61 0 0 0 0 0 70 0 0 71 0 0 0 0 72 77 74 0 75 76 0 0 0 53 0 49 45 0 0 0 0 40 0 0 38 41 0 0 0 0 23 24 21 19 0 20 18 0 15 14 0 0 0 0 13 9 10 29 28 0 35 0 0 0 32 0 7 5 0 4 0 0 81 0 0 
0 0 48 0 49 0 52 46 47 59 0 0 61 0 0 0 0 0 0 0 0 0 0 0 66 67 0 0 43 0 0 40 36 39 38 42 0 0 27 33 29 0 28 0 0 17 0 0 0 0 0 0 9 13 6 5 8 7 2 0 4 0 1 20 0 0 0 18 24 22 23 25 0 0 0 0 75 0 0 0 74 
27 35 30 33 31 32 0 28 0 0 0 0 0 0 36 0 0 39 53 51 45 50 0 0 0 49 52 0 25 0 19 0 0 0 0 0 0 0 9 15 11 0 10 0 0 80 0 0 75 73 0 0 0 0 69 68 0 0 65 0 67 0 64 0 1 3 8 0 6 0 5 7 0 0 60 0 0 55 0 0 56 
63 71 0 0 67 68 70 0 0 0 0 0 0 0 72 0 73 0 8 0 0 0 2 1 0 0 0 59 61 0 55 58 0 57 56 60 53 0 45 51 0 50 0 0 48 35 0 33 0 28 0 0 0 0 24 0 26 0 0 21 0 18 19 0 37 0 44 0 0 0 0 43 16 0 15 0 12 0 9 17 0 
