9
50 0 54 57 0 0 55 51 58 39 0 0 0 32 0 0 0 0 0 23 0 30 0 28 0 31 24 0 0 0 14 16 21 0 17 0 0 0 45 0 47 44 0 0 0 0 0 70 75 0 74 0 69 71 7 0 0 12 9 13 0 0 0 0 0 0 0 66 61 0 0 0 0 0 0 0 78 0 2 0 1 
14 0 18 21 0 0 0 0 22 3 0 81 0 0 80 4 0 0 71 68 72 75 70 0 74 0 69 63 60 65 0 0 66 67 62 64 0 0 0 13 0 8 10 0 0 0 37 0 39 36 0 0 33 0 52 51 0 57 54 58 0 0 55 27 0 0 26 30 25 24 0 31 0 0 43 0 42 0 0 0 0 
0 44 0 48 43 0 0 0 49 30 0 0 0 0 0 31 0 29 17 14 0 21 16 0 20 22 0 0 0 0 5 7 0 0 8 0 0 0 36 40 38 0 37 32 39 59 64 0 0 63 0 0 60 0 0 78 2 3 0 0 0 80 0 0 50 0 0 0 0 0 56 0 71 75 0 76 0 68 0 0 0 
0 0 0 0 79 2 0 0 4 66 61 63 0 0 62 0 60 65 0 0 54 0 52 0 0 0 51 0 0 47 0 43 0 0 0 46 70 0 0 0 0 71 0 68 75 14 19 0 0 18 0 0 15 0 34 0 38 39 36 0 32 35 37 0 0 0 8 0 7 6 0 13 0 30 0 31 0 0 0 27 0 
0 0 0 0 61 65 0 0 0 48 0 45 46 0 0 0 0 47 0 0 36 0 0 37 0 0 0 0 0 29 23 0 0 0 0 28 52 0 54 0 56 0 55 50 57 0 0 0 3 0 2 4 0 80 0 0 20 21 0 22 14 17 19 72 0 0 0 0 0 0 74 0 0 0 0 13 0 0 11 9 10 
0 0 0 0 0 0 28 24 0 0 0 0 0 5 8 0 0 0 80 77 81 3 0 0 0 0 78 0 69 74 0 0 75 76 0 73 16 0 0 0 0 17 0 14 21 0 0 0 0 45 47 49 0 44 61 0 65 0 0 67 0 0 64 0 32 37 35 0 0 0 0 40 0 0 0 0 0 50 0 54 55 
5 8 0 0 0 11 10 6 13 0 0 72 73 68 71 76 0 0 62 0 0 66 0 64 0 0 60 54 0 56 50 0 57 0 53 0 79 78 81 0 2 80 0 0 0 23 0 0 30 0 0 0 0 0 43 42 0 0 45 0 0 44 46 0 14 0 17 0 0 0 20 22 35 39 0 0 0 0 0 0 0 
0 0 0 39 0 0 0 33 0 21 0 0 0 14 17 0 15 20 0 5 0 0 0 0 11 0 0 0 78 2 0 0 0 0 0 1 25 24 27 31 29 26 0 23 0 50 55 0 57 0 56 0 0 0 0 0 74 0 72 0 68 0 0 0 0 0 0 48 43 42 0 0 0 0 61 0 0 0 65 0 64 
68 71 72 75 0 0 0 69 0 0 52 0 55 50 0 0 51 0 44 0 0 0 0 0 0 49 0 0 0 0 0 0 0 40 0 0 0 0 0 0 65 0 64 0 66 5 10 0 12 0 11 0 6 0 25 24 0 0 0 0 23 26 28 0 0 1 80 0 0 0 0 0 0 0 0 22 15 0 0 18 0 
29 0 0 36 31 0 34 0 0 18 0 15 0 0 14 0 12 0 0 0 6 9 0 0 0 0 0 78 75 0 74 0 0 1 0 0 0 0 0 28 0 0 0 20 0 47 0 49 54 51 53 55 0 50 0 0 71 72 69 0 0 0 0 42 0 0 0 45 0 0 0 46 0 0 58 0 57 56 0 0 61 
0 50 0 54 49 0 0 0 0 0 0 33 34 0 32 0 0 0 0 0 24 27 0 0 0 28 0 0 0 0 11 0 0 0 0 0 40 0 0 0 0 0 43 0 0 0 0 0 0 69 0 73 0 68 4 3 0 0 0 0 0 5 0 60 0 0 59 0 0 57 0 64 0 0 76 1 0 0 80 0 0 
0 0 0 0 0 0 0 39 0 0 0 24 25 0 0 0 0 26 0 0 15 18 13 16 17 19 12 0 3 8 0 4 0 10 5 7 31 0 0 0 0 32 34 0 36 0 0 58 0 0 0 64 57 59 0 0 0 0 78 1 0 0 0 51 47 0 0 0 49 0 53 0 0 72 0 0 0 0 0 69 0 
56 59 60 63 0 0 0 57 0 0 0 0 0 38 0 46 0 44 32 29 0 0 31 0 0 0 0 0 21 0 0 0 0 28 0 0 49 48 0 0 53 50 0 0 0 74 79 76 0 78 0 0 75 0 13 12 17 18 0 0 0 0 0 69 65 0 68 0 0 0 0 73 5 0 0 10 0 0 8 6 7 
20 23 0 27 22 26 25 21 0 9 0 6 0 2 0 10 0 8 77 74 0 81 0 79 0 0 0 0 0 0 0 67 72 73 0 0 0 12 15 0 0 14 16 0 18 38 43 40 0 42 44 0 39 41 0 0 0 0 60 0 56 59 61 33 0 0 0 0 0 0 0 0 0 0 0 0 48 47 53 51 0 
74 0 78 81 76 0 0 0 1 0 0 60 61 0 59 64 57 62 0 0 0 0 0 52 53 0 0 0 0 0 0 0 0 0 0 43 0 66 0 0 71 0 70 0 0 11 16 0 18 15 0 0 12 0 0 0 0 0 0 0 0 0 0 0 0 0 0 9 0 0 0 0 0 0 0 28 0 20 26 24 25 
2 0 6 0 4 8 7 0 10 0 67 69 70 0 0 73 0 71 59 0 0 0 0 61 62 64 57 0 0 0 0 0 54 0 50 52 0 0 0 1 0 0 0 0 81 0 25 0 27 24 26 0 0 0 40 0 44 45 0 0 38 41 43 15 0 0 0 0 13 12 0 19 0 0 0 0 0 0 0 33 0 
65 68 69 72 0 71 0 66 0 54 0 0 0 0 0 55 48 0 41 38 0 0 40 0 0 0 0 0 30 0 29 31 0 37 32 34 58 0 0 0 62 59 0 56 63 2 0 4 0 6 0 0 0 0 0 0 26 0 24 28 20 0 25 0 0 0 77 0 76 0 80 0 14 0 13 0 0 11 17 15 16 
11 14 0 18 13 0 0 0 0 0 0 0 0 74 77 0 0 0 0 65 69 0 0 0 0 0 66 0 0 0 0 0 0 64 0 0 0 0 6 0 0 0 0 0 0 0 0 31 36 0 0 0 0 0 49 48 0 0 0 55 0 0 52 0 20 25 23 0 22 0 0 28 41 45 0 0 0 0 0 42 0 
3 0 7 0 5 9 8 0 11 73 68 0 0 66 69 0 0 0 0 57 0 0 59 0 0 0 0 0 0 54 0 50 0 0 0 0 0 0 0 2 0 78 80 75 1 21 0 0 0 0 27 29 0 0 0 0 0 0 0 47 0 0 44 16 0 0 15 19 14 13 18 0 0 37 32 0 0 30 0 0 35 
75 0 0 0 77 0 80 76 0 0 0 61 62 0 0 65 58 63 0 0 0 0 0 0 54 0 0 0 0 0 0 0 46 47 0 0 68 0 70 74 0 0 71 0 73 0 17 0 0 0 18 20 13 0 32 31 0 0 34 38 0 0 0 0 0 8 0 0 0 4 0 0 0 28 0 0 0 21 0 25 26 
0 0 16 19 14 18 17 13 20 0 0 79 0 0 78 2 0 0 0 66 70 73 68 71 0 0 0 0 0 63 0 0 0 65 0 62 5 4 0 11 0 0 8 0 0 30 35 32 37 0 0 0 0 0 0 0 54 0 0 56 0 0 0 0 21 0 0 28 0 0 27 0 42 46 0 0 0 39 45 0 0 
0 0 0 0 41 45 44 0 0 28 0 25 0 0 0 29 22 27 0 0 16 19 14 0 18 0 13 0 0 0 3 0 0 0 0 0 0 31 0 0 0 0 0 0 0 57 62 0 0 0 0 0 58 60 77 0 0 1 79 0 0 78 80 0 48 53 51 0 0 0 0 0 0 73 68 74 67 0 0 0 0 
66 69 0 0 0 0 0 67 0 0 0 52 53 48 51 0 49 0 42 39 0 0 41 44 0 0 40 34 0 0 0 0 0 0 0 0 59 0 61 0 63 60 0 0 64 0 0 0 10 7 0 0 4 0 23 0 0 28 25 0 0 0 0 0 0 0 0 0 0 0 0 0 0 0 14 0 0 0 0 0 0 
0 0 61 0 59 0 0 0 65 0 0 0 0 0 0 0 0 0 33 0 0 37 0 0 0 0 0 0 22 27 0 23 28 0 0 0 0 49 0 0 0 51 0 0 55 0 80 0 1 79 81 2 76 0 14 13 18 19 0 0 0 0 0 70 0 71 0 0 68 0 72 0 0 10 5 11 0 3 0 0 0 
0 0 52 55 0 54 0 49 0 0 0 0 0 0 33 0 31 0 0 21 25 28 0 26 0 0 22 16 13 0 0 14 19 0 0 0 0 0 0 0 0 0 0 39 0 0 0 0 73 70 72 0 0 0 5 4 0 10 7 0 0 6 8 0 0 0 0 64 59 0 63 65 0 0 0 0 0 0 81 79 0 
30 33 34 0 32 0 0 31 0 0 0 0 17 12 15 0 13 18 0 3 0 10 5 8 9 0 0 79 0 0 0 77 1 0 0 80 23 0 0 0 27 24 26 0 0 48 53 50 55 0 0 56 0 51 0 67 0 0 0 74 0 0 0 0 39 0 0 0 0 40 45 0 0 64 0 65 58 0 0 61 0 
21 24 0 0 23 0 0 0 0 0 0 0 8 0 6 11 0 0 0 75 79 0 0 0 81 2 0 70 0 0 66 68 0 0 69 0 0 13 0 0 18 15 17 0 0 0 44 0 0 0 0 47 0 0 0 58 63 0 0 0 57 60 62 34 30 35 0 0 0 0 0 0 0 55 0 0 49 0 0 0 0 
25 28 29 0 0 0 0 0 0 0 0 11 12 0 0 15 8 13 1 79 0 5 0 3 4 0 0 74 71 76 70 0 0 0 0 75 0 0 0 0 22 0 0 0 0 0 48 45 0 0 49 51 0 0 0 0 67 0 0 0 61 64 0 0 0 39 37 41 36 35 0 42 0 0 0 0 53 52 0 0 0 
43 46 0 0 0 0 48 0 0 0 0 0 30 0 0 0 26 31 0 0 0 23 0 21 0 0 17 0 0 0 0 0 14 0 10 12 0 0 38 42 0 37 0 0 0 61 0 0 0 0 67 0 0 64 0 0 0 5 0 0 79 1 0 0 0 57 55 59 0 53 0 60 73 0 72 0 71 0 0 74 0 
79 0 2 5 81 0 3 80 6 0 0 65 0 0 0 69 62 0 0 0 0 0 0 0 0 0 0 0 0 49 43 0 50 51 0 0 0 0 0 78 0 0 0 70 0 16 21 18 0 0 0 0 0 0 0 35 0 41 38 42 0 0 0 11 7 12 0 0 0 8 13 0 0 32 0 0 0 25 31 0 30 
34 37 0 0 0 0 0 0 0 0 18 0 0 0 19 24 17 22 10 0 0 0 9 0 0 15 8 0 0 4 79 0 0 0 0 0 27 26 29 0 0 0 0 25 0 0 57 54 0 56 0 0 0 55 0 0 76 0 0 78 70 0 0 0 0 0 0 0 0 0 49 51 0 68 63 0 0 0 0 0 66 
0 0 0 0 0 0 0 8 15 0 72 0 0 0 73 0 71 0 0 0 0 0 0 0 0 69 0 0 0 0 0 0 0 0 55 57 0 0 0 6 4 1 0 79 0 0 0 27 32 0 31 33 0 28 0 44 49 0 47 51 0 0 48 0 16 21 0 0 0 17 0 24 37 41 36 0 35 34 0 38 39 
0 0 20 0 0 0 0 17 0 5 0 2 0 79 0 6 0 0 73 0 0 0 72 0 0 78 0 65 0 0 61 0 0 69 0 0 0 8 0 0 0 0 12 0 0 0 39 0 0 38 40 0 35 0 0 0 58 0 56 0 0 0 0 0 25 0 0 32 0 26 31 33 46 0 0 0 44 43 0 47 48 
0 73 74 0 0 0 0 71 0 59 54 0 57 52 0 0 53 0 0 43 0 0 0 0 0 51 44 38 0 0 0 36 41 42 0 39 0 0 0 0 0 0 0 61 68 7 0 9 14 0 0 0 0 0 27 26 0 0 0 0 0 28 30 0 0 0 0 0 0 80 0 0 0 23 0 0 0 16 22 0 21 
0 0 56 59 0 58 57 53 0 41 0 0 39 0 0 0 0 40 0 0 29 32 0 0 0 33 0 0 0 0 16 0 0 0 19 0 0 44 0 0 0 0 48 0 0 0 75 72 0 0 0 0 0 73 0 8 13 14 0 15 0 10 0 65 61 0 0 0 0 0 0 0 1 5 0 0 0 0 4 2 0 
61 64 65 68 0 67 66 0 0 0 0 0 0 43 46 0 0 0 0 34 0 0 0 39 0 42 0 0 0 0 0 0 32 33 0 0 0 0 0 60 0 0 0 0 0 79 3 0 0 0 0 6 0 1 18 0 0 23 20 0 0 19 21 0 0 75 73 0 0 0 0 0 0 0 0 15 0 0 0 11 12 
0 0 46 0 44 0 0 43 0 0 26 28 0 0 0 32 25 30 18 0 0 0 0 0 21 0 0 0 7 12 0 8 13 0 0 0 0 34 0 0 39 0 38 33 0 60 65 0 67 64 0 0 0 63 80 79 0 4 1 0 0 0 0 55 0 0 54 58 0 52 57 59 0 0 71 0 0 0 0 0 74 
0 0 0 76 0 75 0 70 77 58 0 55 0 0 0 0 0 0 0 0 0 0 44 0 48 50 0 37 0 0 33 0 40 41 0 38 62 61 64 0 66 63 65 0 67 6 0 0 0 10 12 0 7 9 26 25 0 31 0 0 24 27 29 0 0 0 0 0 80 79 0 5 18 0 0 0 0 15 21 0 0 
0 0 0 0 17 21 0 16 0 4 80 0 2 0 81 5 0 0 0 0 73 0 0 0 75 77 0 64 0 66 60 0 67 0 63 65 0 7 0 0 0 9 0 6 13 33 38 35 40 37 39 41 34 0 0 0 0 0 55 59 0 54 56 28 0 29 0 0 26 0 30 0 0 0 0 0 43 42 0 0 0 
33 36 0 40 35 39 0 0 0 22 0 19 20 0 18 23 0 0 0 6 10 0 0 0 0 14 7 0 0 0 78 0 0 5 81 2 26 25 0 32 0 27 0 24 31 0 56 0 58 55 0 0 0 54 0 0 0 76 73 77 0 0 0 0 42 47 45 49 0 0 48 50 0 67 0 0 0 0 66 0 0 
78 81 0 4 0 0 0 79 0 0 0 0 0 60 63 0 0 0 0 51 55 0 53 56 57 59 0 0 0 0 42 44 0 0 0 0 0 0 73 0 75 0 74 0 0 0 20 17 22 0 0 23 16 0 35 0 0 40 37 41 33 0 0 10 6 0 9 0 0 7 0 14 0 0 0 0 0 24 0 0 0 
0 54 0 58 53 57 56 0 59 0 0 0 38 0 36 0 34 0 0 24 0 0 26 29 0 0 25 0 0 21 0 0 22 0 18 20 44 43 46 50 48 45 0 0 0 69 74 0 0 0 0 0 0 0 8 0 0 0 10 14 0 9 11 0 60 0 0 0 0 61 0 68 0 4 0 5 79 0 0 0 0 
60 63 64 0 0 66 65 0 0 0 44 0 0 0 0 0 0 0 0 0 37 0 35 38 39 0 0 0 25 0 24 0 31 32 27 0 53 0 0 0 57 0 0 0 58 0 2 0 0 0 0 0 0 81 0 0 0 22 19 0 0 0 0 73 69 0 0 0 71 70 75 0 0 0 0 0 7 6 0 0 11 
0 0 28 0 26 30 29 0 0 13 0 0 11 0 9 14 0 0 0 78 0 4 80 2 3 0 0 0 0 75 69 71 0 0 72 0 0 0 0 23 21 0 0 0 0 0 0 0 0 0 0 50 43 45 0 61 0 0 0 68 60 63 0 0 33 0 0 0 35 0 0 0 0 58 53 0 0 0 0 0 56 
0 9 0 0 8 12 0 0 0 0 0 73 0 0 0 0 0 0 0 0 0 0 0 0 0 0 61 55 0 0 51 53 0 59 0 0 0 0 1 0 0 0 0 0 0 0 29 0 31 0 30 0 0 0 0 43 48 49 46 0 0 0 47 0 15 20 0 22 0 16 21 0 36 0 0 0 0 33 0 0 38 
0 0 0 0 0 0 0 0 8 70 65 0 68 63 66 0 0 69 57 54 0 0 56 0 0 62 0 0 0 0 0 0 0 0 0 0 0 0 76 0 0 75 77 72 0 18 0 0 0 22 24 0 0 21 0 0 42 43 0 44 0 0 41 0 9 0 12 0 0 10 0 0 30 0 0 0 28 0 33 31 0 
36 0 40 0 0 0 41 0 44 0 0 22 0 0 0 0 0 0 12 9 13 0 0 14 0 0 0 4 0 6 0 0 7 0 3 0 29 28 31 35 0 0 32 27 34 0 0 0 61 58 0 0 0 0 74 73 78 0 0 0 0 0 0 0 0 0 0 52 47 46 0 53 66 0 0 0 64 0 0 0 68 
0 48 49 52 0 51 0 0 0 34 29 31 0 0 30 35 28 0 0 0 0 0 0 0 0 26 19 0 10 15 0 11 16 17 12 14 0 37 40 0 42 39 0 0 0 63 0 65 0 67 0 0 0 66 0 1 0 0 4 0 81 3 5 0 0 59 0 61 56 0 0 0 0 0 0 80 73 0 0 0 77 
63 0 67 0 0 0 0 0 71 0 0 0 0 0 0 53 0 0 0 0 40 43 0 0 42 0 37 0 0 33 0 0 0 0 0 0 0 0 58 62 60 0 0 0 0 81 5 0 0 0 0 0 0 0 20 0 24 0 22 0 0 0 23 76 0 77 0 79 74 0 78 0 12 0 0 0 0 0 0 0 0 
0 0 31 34 0 0 32 0 0 16 0 0 0 0 12 0 0 15 0 0 4 7 2 0 0 8 0 76 0 0 0 0 0 80 0 77 20 0 0 26 0 0 0 18 25 45 0 0 52 0 0 53 0 48 65 0 0 70 0 71 63 66 68 0 36 0 0 0 0 37 0 0 0 61 0 62 0 0 0 58 0 
0 0 0 0 0 24 0 0 0 0 2 4 0 0 0 0 0 6 0 0 0 79 0 0 0 0 73 67 64 0 0 65 70 71 66 68 11 0 13 17 0 12 14 9 16 0 41 0 43 0 42 0 0 0 56 0 60 0 58 0 54 0 59 0 27 32 0 0 29 0 0 35 0 0 0 53 0 45 0 0 50 
0 0 0 0 56 0 59 0 0 0 0 0 0 0 0 0 0 42 0 0 31 0 0 32 0 0 0 0 0 0 0 0 0 26 21 23 0 46 49 0 51 0 0 45 52 72 0 0 0 0 0 0 0 75 0 10 15 0 13 17 0 12 0 0 0 0 66 0 0 0 0 71 3 0 2 8 0 0 6 0 0 
0 0 0 0 11 0 0 0 0 0 0 0 0 0 0 0 0 0 0 63 0 0 0 68 0 0 0 0 0 60 0 0 0 62 0 59 0 0 0 0 6 0 5 0 7 27 32 29 0 0 0 35 28 30 0 46 0 52 49 0 45 0 0 0 0 0 21 0 20 19 24 0 0 43 0 44 0 0 0 0 0 
72 0 76 0 74 0 77 0 80 61 0 0 59 54 0 0 55 0 0 0 0 0 47 0 51 53 46 40 0 42 36 0 0 44 39 0 0 0 67 0 69 66 0 0 70 0 0 11 0 13 15 0 10 0 29 0 33 0 0 0 0 0 0 0 0 0 3 0 0 1 6 0 21 25 0 0 0 0 0 22 0 
0 29 30 0 0 0 31 0 34 15 10 0 0 0 0 16 0 14 2 0 0 0 0 0 0 0 0 75 72 0 0 73 0 79 74 0 0 0 21 0 0 20 0 0 0 0 0 0 51 0 50 52 45 0 0 63 68 69 0 0 0 65 67 0 0 0 38 0 0 0 0 0 56 0 55 61 0 53 59 0 0 
53 0 0 0 0 0 58 0 0 0 37 0 0 35 38 0 36 41 0 0 0 0 0 0 0 0 0 21 0 0 17 19 0 0 0 22 46 0 48 0 0 0 49 44 0 0 76 0 0 0 77 0 72 74 10 0 14 15 12 0 8 11 0 66 62 67 0 69 64 0 68 70 0 0 0 0 0 0 0 0 0 
0 74 0 0 73 0 0 0 0 0 55 0 0 0 56 0 54 59 47 0 0 51 46 0 0 0 45 39 0 0 0 37 42 0 0 0 0 63 66 70 0 65 0 62 0 0 0 0 15 12 0 0 0 11 0 0 0 0 0 0 26 0 0 0 0 0 2 6 1 0 0 0 20 0 0 25 0 0 23 21 0 
35 0 0 0 37 0 40 0 0 0 0 21 0 0 0 0 0 0 11 0 12 0 0 13 0 0 9 3 81 0 0 0 6 7 0 4 28 27 30 0 0 0 0 0 33 53 0 55 60 57 0 61 0 0 0 0 77 78 0 0 0 0 76 0 0 0 0 0 0 45 0 0 65 0 0 0 63 0 0 0 0 
80 0 3 0 0 0 0 81 7 0 64 0 0 0 65 0 0 0 56 0 0 0 55 0 0 0 0 0 45 50 44 46 0 0 0 0 0 0 0 79 0 0 76 0 78 0 0 0 0 0 23 0 18 0 0 0 41 0 39 0 0 38 40 12 8 0 0 0 0 0 0 16 0 33 0 34 27 26 32 0 0 
17 0 0 24 0 0 0 18 25 6 0 0 4 80 0 7 0 5 74 71 0 0 73 0 77 79 0 0 0 0 0 0 0 70 65 67 0 0 0 0 14 11 0 0 15 35 0 0 42 39 0 0 0 38 55 0 59 0 0 0 0 56 0 30 0 0 29 0 0 0 0 0 0 0 46 0 45 0 0 0 49 
0 0 12 15 0 0 0 0 0 0 0 0 0 71 0 0 72 0 0 0 0 0 64 67 68 70 0 0 54 59 0 0 60 0 0 0 0 81 0 7 0 2 0 80 0 26 0 28 0 0 0 0 27 29 0 45 50 0 48 52 0 47 49 21 0 22 0 24 0 0 23 25 0 42 37 0 36 0 0 39 40 
0 65 0 0 0 0 67 0 0 0 46 48 0 44 47 52 0 0 0 35 0 0 0 0 0 43 36 30 0 32 0 0 33 0 0 0 55 54 57 61 0 0 0 53 0 0 0 0 6 0 0 0 0 2 19 18 0 24 0 0 17 0 0 0 0 76 0 0 73 0 0 79 0 15 10 0 0 0 0 0 0 
44 0 48 0 0 0 0 0 0 0 28 0 31 26 0 0 0 0 20 17 0 0 19 0 0 0 0 0 9 14 8 0 15 0 11 13 0 0 39 0 0 0 0 0 0 0 67 0 0 0 0 0 63 0 0 0 5 0 0 0 0 0 4 57 0 0 56 0 0 0 0 61 0 78 0 0 0 0 0 0 76 
0 0 0 8 0 7 0 0 9 71 66 0 69 0 0 0 0 0 58 55 0 0 0 0 61 0 0 50 47 0 46 0 0 54 49 0 75 0 77 0 0 0 0 0 80 0 24 0 0 23 0 0 0 0 0 0 0 0 0 0 37 0 42 0 10 15 0 0 0 0 0 18 0 0 0 0 0 0 0 0 0 
0 0 14 0 12 16 15 11 18 0 0 77 78 73 0 81 0 0 67 64 68 71 0 0 0 0 65 59 56 0 0 0 62 0 58 0 0 2 5 0 7 4 6 1 0 0 0 0 0 0 34 0 29 0 0 0 0 0 50 0 0 0 0 0 0 24 0 26 21 20 0 0 40 0 39 0 38 0 43 0 42 
0 31 0 35 0 34 33 0 0 0 0 14 0 0 0 18 11 0 0 1 5 0 0 0 0 0 2 0 0 79 73 0 0 0 0 0 21 0 0 0 25 22 0 19 26 0 51 0 53 50 52 0 47 0 66 0 70 71 0 0 0 67 69 0 0 42 0 0 39 0 43 45 0 0 57 0 56 55 61 59 60 
0 0 59 62 0 61 60 0 63 0 0 41 0 0 0 0 0 0 0 0 32 0 0 0 0 0 29 0 0 0 0 21 0 0 22 0 0 47 0 0 0 0 51 0 53 0 0 75 0 0 0 0 0 0 0 0 16 17 0 18 0 0 0 68 0 0 0 71 0 0 0 0 0 0 0 9 2 1 0 5 0 
64 0 0 0 66 0 69 65 72 0 0 0 51 46 0 0 0 52 0 0 41 0 39 0 0 45 38 32 0 0 0 30 0 36 31 0 0 56 0 0 61 0 0 0 62 0 0 3 8 0 0 0 0 4 0 20 25 26 23 0 0 0 24 0 0 78 0 0 75 0 79 81 13 17 0 0 0 0 16 14 15 
0 22 23 0 21 25 24 20 0 0 0 0 0 1 4 0 0 0 0 0 0 80 75 78 0 81 0 68 0 70 64 66 0 0 0 69 12 11 0 0 16 13 0 0 17 0 0 0 0 0 0 45 0 0 0 0 0 62 0 0 0 58 0 0 0 33 31 35 0 0 0 0 49 0 48 54 47 46 52 50 0 
0 0 0 0 0 0 42 38 45 0 0 23 0 0 22 0 0 25 13 0 0 17 12 0 0 0 11 0 0 7 1 0 0 0 0 0 30 0 0 36 0 0 0 28 0 0 60 0 0 0 0 63 56 0 0 0 0 0 77 0 0 76 0 50 0 0 0 0 48 0 52 54 0 0 0 0 65 64 0 68 0 
0 0 0 80 75 0 78 0 81 62 57 0 0 0 0 0 56 61 0 46 0 53 0 51 0 0 0 41 0 0 0 39 44 0 0 42 66 0 0 0 70 67 69 0 0 0 0 12 0 0 0 0 0 0 30 0 0 0 32 36 0 0 33 0 1 6 0 0 3 0 0 9 22 0 0 0 0 19 25 0 0 
46 49 50 53 0 0 0 47 54 0 0 0 0 0 0 36 29 0 22 0 0 0 0 24 25 0 0 0 11 0 10 0 0 18 0 0 0 0 0 0 43 40 0 0 44 0 0 66 0 68 0 72 65 67 0 0 7 8 0 9 0 0 6 59 0 60 0 62 57 0 61 63 76 0 0 0 74 0 79 77 0 
67 70 0 0 0 73 0 68 0 0 0 53 0 0 0 0 0 0 0 0 0 0 0 0 0 0 0 0 32 0 0 33 38 39 34 36 0 0 0 66 0 0 0 0 0 0 0 6 11 0 10 0 0 0 0 23 28 0 0 0 0 25 27 0 76 0 79 0 0 0 1 3 16 0 15 21 0 0 19 17 0 
58 0 0 65 60 0 0 0 0 0 0 44 0 40 0 0 0 46 34 0 0 38 0 0 0 0 32 26 0 0 0 0 0 30 0 0 0 0 0 0 55 0 54 49 0 0 81 0 0 0 0 0 0 0 0 14 0 20 0 21 0 16 18 0 0 72 0 0 69 68 73 75 7 11 0 0 0 4 0 8 9 
13 0 0 0 0 19 0 14 21 0 78 80 81 0 79 3 77 1 70 0 71 74 0 72 73 0 0 62 59 64 58 0 65 0 0 63 0 0 0 12 10 0 0 4 0 31 36 0 0 0 0 0 0 0 51 0 55 56 53 0 49 52 0 0 22 0 0 0 24 23 0 30 43 47 0 0 0 40 0 0 0 
0 25 0 29 0 0 27 0 0 0 0 0 9 4 7 12 0 0 0 0 0 0 78 0 0 3 77 0 0 0 67 0 74 0 0 0 0 0 17 21 19 0 18 13 20 0 45 0 47 0 46 0 0 43 60 59 0 65 0 66 0 0 63 35 0 0 0 38 0 32 37 39 0 0 0 0 0 49 55 0 54 
40 0 44 47 42 0 0 0 48 0 0 26 27 0 0 0 0 0 16 0 0 20 0 0 0 0 0 0 5 10 4 6 11 12 7 0 33 32 0 0 0 34 0 0 38 58 63 0 65 62 64 0 0 0 0 0 1 2 0 0 76 0 81 53 49 0 52 56 0 0 55 0 0 74 0 0 68 67 0 71 0 
49 52 53 0 0 55 54 50 57 0 0 35 36 0 0 0 0 37 25 22 0 0 0 0 28 0 0 17 0 0 0 0 20 0 0 18 0 0 0 0 0 43 0 40 47 67 0 0 74 71 0 75 0 0 6 0 0 0 0 0 4 0 0 0 0 63 61 0 60 59 0 66 0 0 78 0 77 0 1 0 81 
0 0 0 11 6 10 9 0 0 74 0 71 0 0 0 0 68 73 0 0 0 65 0 63 0 0 0 0 0 0 49 0 0 57 0 0 0 0 80 0 1 0 81 76 0 22 0 0 0 0 0 0 0 0 42 0 0 47 44 0 40 43 45 0 0 18 0 20 15 14 0 21 34 0 0 39 32 0 37 0 0 
0 0 0 0 0 0 36 0 0 0 0 0 18 13 0 0 14 0 7 4 0 0 0 0 0 12 5 0 77 0 0 0 0 0 0 0 0 0 26 30 0 0 0 0 29 0 0 51 56 0 55 0 0 0 0 68 73 74 71 75 0 70 0 0 0 0 43 0 0 0 46 48 61 65 0 0 0 0 64 62 63 
76 0 0 2 78 1 81 77 3 0 60 62 0 0 0 0 0 0 0 49 53 0 51 0 55 0 0 44 0 0 0 0 47 48 0 45 69 0 0 75 0 70 0 67 74 0 18 0 20 17 19 21 0 0 0 32 0 38 35 39 31 34 36 8 0 0 0 0 0 5 10 12 25 0 0 30 0 22 0 0 0 
