9
0 0 0 7 0 0 0 6 0 0 19 0 17 0 22 18 0 24 71 0 0 75 73 72 78 0 76 0 12 15 0 14 10 0 11 16 0 30 34 0 0 0 0 0 0 0 44 48 49 51 0 45 0 0 0 0 0 40 41 0 36 0 0 0 0 60 0 0 59 0 0 55 0 65 64 69 0 0 0 66 70 
0 0 50 52 0 46 44 0 47 0 0 0 0 68 0 0 0 69 0 38 43 39 0 0 42 41 40 0 57 0 54 0 0 58 0 0 0 0 0 0 0 72 76 78 0 0 0 0 0 15 14 9 10 16 0 6 7 0 5 0 81 0 2 20 0 0 0 0 23 18 22 0 0 0 0 33 0 0 0 0 0 
0 0 0 0 0 73 71 78 0 0 0 0 0 0 0 0 12 0 0 65 0 66 64 0 0 0 0 80 0 6 0 5 0 0 2 0 20 21 25 0 0 0 0 24 0 0 35 39 40 42 0 36 37 0 0 33 0 0 32 0 27 28 0 0 44 51 48 0 0 0 0 0 0 0 0 0 0 0 53 0 0 
0 18 23 0 22 0 17 0 0 43 0 38 0 41 0 0 0 42 0 0 0 0 0 0 15 0 0 0 30 0 27 0 0 31 0 0 47 0 52 0 0 45 0 0 0 65 62 66 67 0 68 0 0 70 0 0 0 58 0 0 54 0 0 0 71 0 0 0 0 0 76 0 0 0 0 0 5 0 0 3 7 
66 0 68 70 0 64 0 69 0 0 0 2 0 0 4 81 0 0 0 0 61 57 0 54 60 0 0 71 75 78 0 77 0 0 0 0 0 0 16 10 0 9 13 0 14 0 26 0 31 0 0 0 0 34 0 24 0 22 0 0 18 0 0 0 0 0 0 43 41 36 0 37 0 0 0 0 50 0 0 0 0 
0 0 0 0 0 0 0 33 29 0 0 0 0 0 0 0 48 51 0 20 25 0 19 18 0 23 0 0 39 42 36 0 37 0 0 0 0 0 0 55 53 0 58 0 0 74 0 0 0 0 0 72 0 79 0 69 0 67 68 0 0 64 65 2 0 0 0 0 5 81 0 0 0 0 10 0 0 13 0 12 0 
57 54 0 61 0 55 53 0 56 0 0 0 0 0 0 0 0 78 44 47 0 0 0 0 0 50 0 0 0 69 63 68 0 0 0 0 2 3 7 1 80 81 0 6 5 20 17 0 0 0 0 0 19 25 12 0 16 13 14 0 9 10 11 29 0 0 0 0 0 0 31 28 0 38 0 0 0 0 0 39 0 
12 9 0 16 0 10 0 0 0 0 0 0 0 32 31 0 0 33 80 2 7 3 0 0 6 0 0 0 21 0 18 23 19 0 0 0 0 0 0 0 0 0 40 0 41 56 53 0 0 0 0 0 55 61 0 51 52 49 50 0 45 46 0 65 62 0 0 70 68 0 67 0 72 0 0 78 0 76 0 0 79 
0 36 41 0 40 0 0 0 0 61 0 0 0 0 58 0 57 0 26 0 0 0 0 27 33 0 31 0 0 0 45 0 46 0 47 0 0 0 0 0 0 0 0 69 68 2 0 0 0 0 0 0 0 0 75 78 0 0 0 71 72 73 0 0 0 15 12 16 14 9 0 10 0 0 0 0 23 0 0 21 25 
55 52 0 0 0 0 0 0 0 0 0 72 69 75 74 0 0 76 0 0 0 0 0 0 49 0 0 60 0 67 61 0 0 0 0 0 81 0 5 80 78 0 0 4 0 0 0 0 0 0 21 0 0 0 0 0 0 0 0 6 0 0 0 0 0 31 0 32 0 0 29 0 34 36 0 0 0 38 33 0 0 
0 7 0 0 0 0 0 13 0 32 26 0 24 0 29 0 0 0 78 81 0 0 80 79 4 0 2 15 0 0 0 21 0 0 18 23 0 0 41 0 33 0 0 0 39 54 0 0 56 58 57 0 0 0 0 49 0 0 48 0 43 0 45 0 0 67 64 0 0 0 0 0 0 72 0 76 0 0 69 73 0 
46 43 0 0 0 0 0 49 0 68 62 0 0 0 0 61 0 0 0 0 0 0 35 34 0 0 0 0 0 58 52 0 0 0 54 59 0 0 0 0 69 70 0 0 75 9 6 0 0 0 0 7 8 14 0 0 0 0 3 0 0 0 0 18 0 0 0 0 0 0 0 0 0 27 0 0 30 0 0 0 0 
64 0 66 68 0 62 0 67 0 5 80 0 78 3 2 79 0 4 0 54 0 55 0 0 58 0 0 69 73 0 70 75 71 0 72 77 0 0 14 8 0 0 11 13 12 0 0 0 0 0 0 0 0 32 0 0 0 20 21 15 0 0 0 36 0 0 37 41 39 0 38 0 43 0 0 49 0 0 0 0 50 
1 0 3 0 0 0 0 0 0 23 17 0 0 0 0 0 0 0 0 72 0 73 0 0 0 0 0 6 10 0 0 12 8 11 9 0 27 28 0 0 0 25 0 31 0 45 0 46 47 0 0 0 0 0 37 0 0 38 0 33 0 0 36 0 0 58 0 59 57 0 0 0 61 0 0 67 0 65 0 64 0 
0 70 75 0 0 0 0 0 0 14 0 0 6 12 11 7 0 0 60 63 0 0 0 0 67 0 0 0 0 0 79 0 0 0 0 0 18 0 0 0 0 16 0 0 21 0 33 0 0 0 39 34 0 41 28 31 32 0 0 0 0 0 27 0 0 49 0 50 48 0 0 0 52 0 0 0 0 56 0 0 0 
28 0 0 0 29 0 24 0 0 50 0 0 42 48 0 0 46 49 0 0 0 19 0 16 0 21 0 33 0 40 34 39 35 0 36 0 54 55 59 53 0 52 0 0 0 0 0 0 0 0 75 70 71 0 64 0 68 0 0 0 0 62 63 81 78 0 0 5 0 0 0 80 0 0 0 13 0 0 0 10 0 
0 34 0 0 38 35 33 40 36 59 0 0 51 0 0 52 55 0 24 27 0 0 26 0 0 0 0 0 46 49 43 48 0 0 45 0 63 64 0 0 0 0 65 67 66 0 0 0 2 0 3 79 80 0 73 76 0 0 0 69 70 71 72 0 0 0 0 0 0 7 0 8 0 18 0 22 0 0 0 19 23 
19 0 21 23 20 0 0 22 18 41 35 0 33 39 38 0 0 0 6 0 14 0 8 7 0 12 11 24 0 31 25 30 0 0 27 32 45 46 0 0 42 43 47 0 0 0 60 0 0 0 0 0 62 0 0 0 0 56 57 51 0 0 54 0 0 0 0 0 0 0 0 0 79 0 0 0 3 2 78 1 0 
45 0 0 49 0 0 0 0 0 67 61 0 0 0 64 60 0 0 32 0 40 0 0 0 39 38 37 50 0 57 0 0 0 0 53 0 0 0 76 70 68 69 0 0 74 0 0 9 10 12 11 6 0 13 0 0 0 0 2 0 78 79 80 0 0 0 18 22 0 0 19 16 0 26 25 30 29 28 0 0 0 
0 0 0 58 55 52 50 0 53 0 0 0 68 74 0 0 72 0 0 0 0 0 0 0 48 0 46 0 0 0 60 0 61 0 0 0 0 0 4 0 77 0 1 0 0 0 0 0 19 0 0 15 16 22 9 0 13 10 11 0 0 0 0 0 0 30 27 31 0 0 0 0 0 35 34 0 38 37 0 36 0 
0 0 38 40 37 0 0 39 35 0 52 53 50 56 55 0 54 57 0 26 31 0 25 0 0 0 28 0 0 0 0 0 0 0 0 0 0 0 67 61 0 0 0 66 65 0 77 0 1 0 0 0 79 4 72 0 76 0 74 0 0 0 71 8 5 0 0 13 0 6 10 0 0 0 16 0 20 0 14 0 0 
27 24 0 0 0 0 0 30 0 49 0 0 0 0 46 0 45 0 0 17 22 18 0 0 21 0 19 32 36 39 33 38 34 0 0 40 53 54 0 52 0 51 55 0 56 0 68 72 73 0 74 0 0 0 63 66 0 64 0 0 0 0 0 0 77 3 81 4 2 78 1 79 0 8 0 0 0 0 0 0 13 
0 0 0 0 0 0 68 0 71 0 0 0 0 0 10 0 0 12 0 0 67 63 0 0 66 0 64 0 0 0 0 2 0 1 0 4 0 0 0 16 14 0 0 21 20 0 0 0 0 0 38 33 0 40 0 0 31 0 29 0 24 0 26 0 0 0 45 0 47 42 0 43 0 0 0 57 56 0 0 0 0 
9 6 11 13 10 0 0 0 0 0 0 26 0 0 0 0 27 0 0 0 0 0 0 78 0 2 0 0 0 0 0 20 0 0 17 0 35 0 40 0 32 0 0 0 38 53 50 54 55 57 0 51 52 58 0 0 0 0 0 41 0 0 0 62 59 0 63 67 0 0 0 0 69 0 70 0 0 73 0 72 76 
0 78 0 4 0 0 0 0 80 0 0 17 0 20 0 15 18 0 0 0 0 72 0 69 75 74 0 5 0 0 0 0 7 0 0 13 0 27 0 0 0 0 28 0 0 0 41 45 0 48 47 42 0 49 36 0 0 37 0 0 33 0 0 53 50 0 54 0 0 51 55 52 0 0 61 66 0 64 0 0 0 
18 0 0 0 0 0 0 0 0 40 34 0 32 38 0 0 0 0 0 0 13 0 7 0 0 0 0 23 0 0 0 0 25 0 0 0 0 0 0 0 41 0 46 0 47 0 59 63 0 0 0 0 0 0 0 57 0 0 56 50 51 0 0 0 0 0 72 76 0 0 0 70 78 0 0 0 2 1 77 81 0 
0 60 0 0 64 0 0 0 0 0 0 80 77 0 1 0 81 3 0 0 58 0 52 0 0 0 55 0 0 0 69 0 0 0 71 0 8 0 0 0 5 0 0 0 0 0 0 27 28 0 0 24 25 31 18 0 22 19 0 0 0 0 0 0 0 39 0 0 0 0 37 0 42 44 0 0 0 0 0 45 49 
0 0 49 0 48 0 43 50 0 0 0 64 61 67 0 62 65 0 0 0 0 38 0 35 41 0 0 0 0 0 0 58 0 0 0 0 0 0 78 0 0 0 75 77 0 10 0 0 12 0 0 0 9 15 0 0 0 0 0 79 80 0 1 19 0 0 20 0 0 17 21 18 0 28 0 0 0 30 25 0 33 
56 53 0 60 57 0 52 0 0 78 0 73 0 76 0 71 0 77 43 46 0 47 0 0 0 49 48 0 0 0 62 0 63 0 0 0 0 2 0 81 79 0 3 0 0 0 16 20 0 0 22 17 0 24 0 14 0 0 13 0 0 0 0 28 25 0 0 0 0 26 0 0 0 0 0 0 40 0 0 38 0 
11 0 0 0 12 0 0 0 0 0 0 0 0 0 30 26 0 0 0 0 0 2 0 80 0 0 0 16 20 23 0 0 18 0 0 0 0 38 0 36 34 0 0 41 0 0 52 56 0 59 0 53 54 0 0 0 51 0 0 0 44 45 46 0 61 0 65 0 0 0 66 0 0 73 72 0 0 0 0 0 78 
0 0 4 6 0 0 79 5 0 0 0 19 0 0 21 0 20 0 0 0 78 74 72 0 0 0 75 7 11 0 0 0 0 12 10 0 0 29 0 0 25 26 30 32 0 0 43 0 0 50 0 44 45 0 0 0 42 0 40 0 0 0 37 55 0 59 0 60 0 53 0 0 0 64 0 0 67 66 61 0 0 
0 71 0 0 0 72 70 0 73 15 0 0 0 0 0 8 11 14 0 64 0 0 63 62 68 67 66 79 2 0 0 4 0 0 0 0 0 20 0 18 16 17 0 23 0 37 34 0 0 41 0 35 36 0 29 0 33 0 0 0 0 0 0 46 43 0 0 0 0 0 0 0 0 0 0 0 0 0 0 56 0 
0 0 0 24 0 18 0 0 0 0 36 37 34 0 0 0 38 41 0 10 0 11 9 8 0 13 12 0 0 0 26 31 27 0 0 33 0 47 0 0 0 0 0 0 49 0 61 0 0 68 67 62 0 0 0 0 60 0 0 52 0 0 0 73 70 0 74 0 0 0 0 0 80 1 0 5 4 3 0 0 0 
38 0 0 0 0 0 0 41 0 60 54 0 0 0 0 0 0 0 25 28 0 29 27 0 0 31 30 0 47 0 0 0 0 0 0 51 0 65 0 0 0 62 66 0 67 1 79 0 0 5 4 0 81 6 74 0 0 0 0 0 71 0 0 0 0 0 0 0 0 0 12 0 0 0 18 23 0 0 0 20 0 
0 26 0 0 30 27 25 32 28 51 45 46 43 49 0 0 0 0 0 0 0 20 0 17 0 0 21 34 38 0 35 0 0 39 0 0 0 56 0 0 52 0 57 0 0 0 70 0 75 77 0 0 0 78 0 0 69 0 0 61 0 63 64 0 0 5 2 6 0 80 3 0 0 10 0 0 0 12 0 0 15 
65 0 0 0 0 63 61 0 64 0 81 0 79 0 0 0 2 0 0 0 60 56 54 53 0 58 57 70 0 0 0 76 0 0 73 0 0 0 15 9 0 0 0 0 0 28 0 0 0 32 31 0 0 0 0 0 0 0 0 0 17 0 19 0 0 41 0 0 40 0 0 0 44 0 45 0 0 0 0 47 0 
0 20 25 0 0 21 0 26 0 0 39 40 37 0 0 0 0 44 0 13 0 0 0 0 0 0 0 28 0 0 29 0 30 0 0 0 49 0 0 0 46 0 0 0 0 0 64 68 0 0 70 65 0 0 0 62 0 0 0 55 0 57 0 76 73 80 77 81 79 74 0 0 0 0 3 0 7 6 0 0 9 
0 11 0 0 15 0 10 17 0 36 30 31 28 34 0 0 0 0 0 4 0 5 3 0 8 7 6 19 0 0 0 0 0 0 22 27 0 41 45 0 37 38 42 0 0 58 55 0 0 0 0 56 0 0 0 0 54 51 52 0 0 0 49 0 64 0 0 0 70 65 0 66 0 0 0 0 79 0 0 77 81 
0 38 43 0 0 0 37 0 40 63 57 58 55 0 60 0 59 0 28 31 0 0 30 29 0 0 0 46 0 53 47 0 0 51 49 0 0 0 72 66 0 65 69 0 0 0 0 5 0 8 0 2 0 9 77 80 81 0 79 73 0 75 76 0 0 0 14 18 16 0 0 0 0 0 21 26 0 24 0 23 0 
0 0 0 81 0 75 0 80 0 18 0 0 10 16 15 11 0 17 64 0 72 68 0 0 0 70 0 0 0 0 2 0 0 6 4 0 22 23 0 21 19 0 0 0 25 0 37 0 42 0 43 0 0 45 32 0 36 0 0 0 0 0 0 0 46 53 50 0 0 47 0 0 0 58 57 0 0 0 0 59 63 
50 47 52 54 51 0 0 53 0 72 0 0 64 0 69 0 68 71 0 0 0 0 0 0 0 0 0 0 0 0 0 0 0 0 58 63 0 0 81 0 73 0 78 0 0 13 0 0 15 17 0 0 0 0 5 0 9 0 7 1 0 3 0 22 19 0 0 0 0 0 0 21 0 31 0 0 0 0 28 0 36 
5 0 0 0 0 3 1 0 0 0 0 0 19 25 24 0 0 0 0 76 0 77 75 74 0 79 0 10 0 17 0 16 12 15 0 18 0 0 0 0 28 29 0 0 0 0 0 50 0 0 52 47 48 54 41 0 45 42 0 37 0 0 0 0 0 0 59 0 61 0 0 0 0 0 66 0 0 0 0 0 0 
0 0 0 0 33 30 28 0 0 54 0 0 0 0 51 0 0 0 19 22 27 0 21 0 0 25 0 37 0 44 38 0 0 42 40 0 0 0 63 57 0 0 0 0 0 0 0 0 0 80 0 0 0 81 68 0 0 0 70 0 65 0 0 4 1 8 5 9 7 0 6 3 0 13 12 0 16 0 0 14 0 
0 0 61 0 0 57 0 62 58 81 0 76 73 0 0 74 77 0 46 49 54 0 48 47 0 0 51 0 0 0 0 0 66 0 0 0 0 0 0 0 0 0 0 0 0 0 0 23 0 26 25 0 0 0 14 17 0 0 0 10 11 0 0 0 28 0 32 0 0 29 33 0 38 40 0 0 43 0 37 0 0 
68 65 70 0 69 66 0 71 0 9 0 4 0 0 6 2 0 0 0 58 63 0 57 56 0 61 60 0 77 0 0 79 0 0 0 81 0 0 0 0 0 11 15 0 0 0 28 0 33 0 34 0 0 36 0 0 27 24 0 19 20 21 22 40 0 0 0 45 43 0 42 0 47 49 0 0 0 0 0 0 0 
0 0 0 71 68 0 0 70 66 8 0 3 0 0 0 1 0 7 54 0 62 0 56 0 0 60 0 0 76 0 73 78 0 77 75 0 12 0 17 11 9 10 0 0 15 0 27 0 0 34 0 0 0 35 22 25 0 23 0 0 0 20 0 39 36 0 0 44 0 37 0 38 0 0 47 0 0 50 0 49 0 
76 73 0 0 0 0 72 79 0 0 11 0 0 0 0 0 0 16 63 0 0 67 0 64 0 0 0 0 0 7 0 0 0 5 0 0 0 0 0 0 18 0 0 0 0 0 0 0 41 43 0 37 0 0 31 34 35 0 0 0 0 0 0 48 0 0 0 53 0 46 0 47 0 57 0 61 0 0 0 58 0 
0 0 0 0 32 0 27 34 30 53 47 48 0 0 50 0 0 52 0 0 0 0 0 0 0 0 0 36 40 0 37 0 0 0 0 0 0 0 0 56 54 55 0 0 0 75 72 76 0 0 0 0 74 0 0 70 0 0 69 63 0 0 0 0 0 0 0 0 0 1 5 0 10 0 11 16 15 14 0 0 0 
0 55 60 0 0 0 54 0 57 0 74 0 72 0 77 0 76 0 0 0 0 49 0 0 0 0 50 63 67 0 0 0 65 0 66 71 0 0 8 0 81 0 0 0 0 21 0 22 23 0 0 0 20 26 13 0 0 0 15 0 0 11 0 0 27 0 31 0 33 28 32 0 37 39 0 43 42 0 0 0 44 
0 10 0 17 0 11 9 0 12 35 0 30 0 0 0 28 31 0 0 3 0 4 0 0 0 0 0 18 0 25 0 0 20 23 0 0 0 0 0 38 0 37 41 43 0 57 0 0 59 0 0 0 56 62 49 52 0 50 0 45 0 0 48 66 63 0 0 0 69 0 68 0 73 0 0 0 0 77 72 0 80 
0 0 0 0 0 47 0 0 0 71 0 66 0 69 0 0 0 70 36 39 0 0 38 37 43 0 41 0 0 0 55 0 0 59 0 62 75 0 80 0 72 73 0 0 78 0 0 13 0 16 0 10 11 0 0 7 0 5 6 0 0 0 0 0 0 25 0 0 0 0 0 20 0 0 29 0 33 0 27 31 35 
4 1 6 0 0 0 0 0 0 0 0 0 0 24 0 0 0 25 72 75 80 0 74 0 0 0 0 0 0 16 0 0 0 14 12 0 30 31 35 29 0 0 0 0 33 48 0 0 50 52 0 0 0 53 0 0 44 0 42 0 0 0 0 57 54 61 58 0 0 0 59 56 64 0 65 70 0 0 0 67 71 
22 19 24 0 0 0 18 25 0 0 0 0 0 0 0 37 0 43 0 0 17 0 0 10 0 15 0 27 0 34 0 0 29 0 0 0 0 0 53 0 0 0 50 0 51 0 0 67 0 70 0 0 0 0 0 61 62 59 0 54 0 0 0 0 72 0 76 0 78 0 0 74 1 0 2 0 0 0 0 4 8 
0 37 42 0 0 0 0 0 39 62 56 0 0 0 59 0 58 0 0 30 0 31 0 0 0 33 0 45 0 52 0 0 0 0 48 0 0 0 0 65 63 0 68 0 0 0 81 4 0 0 0 0 0 0 76 79 0 0 78 72 0 0 75 0 9 16 0 17 0 10 14 11 19 21 0 25 24 0 0 22 0 
0 0 0 30 27 24 22 0 25 0 0 0 40 0 0 0 0 47 0 0 21 0 15 0 20 0 0 31 0 0 0 0 0 0 0 0 0 0 0 51 0 0 54 56 55 0 0 0 72 0 0 68 69 0 0 0 0 0 64 0 59 60 0 79 76 0 80 3 0 77 0 78 0 7 0 0 10 0 4 8 0 
0 59 0 66 0 0 58 0 61 0 0 0 0 1 0 0 0 0 49 52 0 53 0 0 56 55 54 0 0 0 68 73 69 72 0 0 0 8 0 0 0 5 0 0 0 0 22 0 0 0 0 0 0 0 0 20 0 0 19 0 14 0 0 0 0 38 0 39 37 32 36 33 41 43 42 47 46 0 40 0 0 
35 0 0 0 0 33 31 0 34 57 0 52 0 0 54 50 53 0 0 0 0 0 0 23 29 0 0 0 44 47 0 0 0 0 0 48 0 0 66 60 0 0 63 0 64 79 76 80 81 0 1 0 0 0 71 0 75 0 0 67 0 0 70 7 0 0 0 0 0 5 9 6 14 0 15 0 0 18 0 17 0 
0 77 1 0 0 78 76 0 0 21 0 0 13 19 0 0 0 0 67 0 0 0 69 0 74 0 0 4 0 0 5 0 0 0 7 0 25 0 30 0 0 0 27 29 28 0 40 0 45 0 46 41 42 0 35 0 39 0 0 0 0 33 0 52 0 56 53 57 0 0 54 51 0 0 0 0 64 0 0 62 0 
0 0 0 0 9 0 0 0 0 0 24 0 0 0 27 23 0 0 0 0 0 0 78 0 2 1 81 0 17 0 0 19 0 0 16 0 0 35 39 33 31 0 36 38 37 52 49 53 0 0 0 0 51 0 0 0 0 0 0 0 41 42 0 0 58 65 0 0 0 59 0 60 0 0 0 0 73 72 67 0 0 
44 0 0 48 0 0 40 0 0 0 0 61 58 64 63 0 0 0 0 34 0 0 33 32 0 0 36 0 53 0 0 0 0 54 0 0 70 0 75 69 0 0 0 0 73 0 0 8 0 0 0 0 0 0 0 0 0 0 0 76 77 78 79 0 0 20 17 0 19 14 0 15 23 0 24 0 0 27 22 0 30 
0 68 0 0 0 0 0 0 0 0 0 7 0 10 0 5 8 11 0 0 66 0 0 59 0 0 0 76 0 0 77 0 0 0 0 0 16 17 21 15 0 0 18 20 19 0 0 35 36 38 0 0 0 0 26 0 30 27 28 22 0 0 25 0 0 0 44 0 46 0 45 42 0 0 0 0 55 0 0 53 57 
0 14 19 0 18 0 0 0 0 39 33 34 0 0 0 0 0 38 0 0 0 8 0 0 11 0 9 0 0 0 0 0 0 0 0 0 0 44 0 0 0 0 0 47 0 0 0 0 0 0 0 0 0 66 0 56 57 54 55 49 50 0 0 0 0 74 71 75 0 0 72 69 0 0 78 2 1 81 0 80 0 
53 50 55 0 0 0 0 0 0 0 69 70 67 73 72 68 0 74 0 43 0 0 0 41 47 46 45 0 0 0 0 0 0 63 61 66 0 80 0 0 76 0 0 0 0 0 0 17 0 0 19 0 0 0 8 0 12 9 0 0 0 6 7 25 0 0 0 30 0 0 0 0 0 0 0 38 0 36 31 0 39 
25 22 0 0 0 0 0 28 0 0 41 0 39 0 0 40 0 0 0 15 20 16 0 13 19 0 17 0 0 37 0 0 32 35 0 0 0 0 56 0 48 0 0 0 54 69 0 0 71 73 0 0 68 0 0 64 65 0 0 57 0 0 0 78 0 0 79 0 81 0 0 0 0 0 5 0 9 0 0 0 0 
16 0 0 0 0 0 12 0 0 0 32 33 0 0 0 31 0 0 3 0 0 0 0 0 0 0 8 21 25 0 22 0 23 0 0 29 42 0 47 0 39 0 44 0 45 0 57 0 62 0 63 0 0 0 0 0 56 0 54 48 0 0 51 0 0 73 70 74 72 67 0 0 0 78 0 0 81 0 0 79 2 
0 0 54 0 0 50 0 0 0 74 68 0 66 72 71 0 0 0 39 42 47 0 0 0 46 0 0 0 0 0 0 63 59 62 0 0 0 79 2 77 0 0 80 1 81 15 12 16 0 19 0 13 0 20 0 10 11 0 0 3 0 0 6 0 0 0 0 29 0 22 26 0 31 0 32 0 0 0 30 0 0 
0 0 72 0 71 0 0 73 0 11 5 6 0 0 8 4 0 0 0 60 0 0 0 58 0 0 62 0 0 0 0 0 77 0 0 2 15 0 20 14 12 0 0 0 0 0 0 0 0 0 0 0 32 38 0 0 29 0 0 0 0 23 24 42 0 46 43 0 45 0 44 0 49 51 50 55 54 0 48 52 56 
0 0 36 0 35 0 30 0 0 56 0 51 0 54 53 0 0 0 0 0 0 0 0 22 0 0 0 39 0 0 40 45 0 0 0 47 0 61 65 0 0 58 62 64 63 0 75 0 0 1 81 0 0 2 70 73 74 71 0 0 0 0 69 6 3 0 0 11 0 0 0 5 0 15 14 19 18 0 0 16 20 
0 76 81 0 80 77 75 1 0 20 14 0 12 0 0 0 0 0 66 0 74 70 0 67 0 72 0 3 7 10 4 9 0 8 0 11 24 25 0 0 21 0 26 0 0 42 0 0 0 46 0 0 0 47 0 37 38 0 0 30 31 32 0 0 48 0 52 0 0 49 53 0 0 60 0 64 63 0 0 0 0 
0 0 0 47 0 0 0 46 42 0 0 60 0 0 62 0 0 0 0 33 38 34 32 0 0 36 0 0 52 0 49 54 50 53 0 0 69 70 74 0 0 0 0 0 0 0 0 0 0 10 9 0 0 0 79 1 0 80 81 0 0 0 0 15 0 0 0 20 0 0 0 0 22 0 0 28 27 0 0 25 29 
61 0 63 0 62 0 0 64 60 2 77 0 75 81 0 0 0 0 48 0 0 52 0 49 55 54 0 66 70 0 0 0 68 0 0 74 6 7 0 0 0 0 0 0 0 0 0 0 26 0 0 0 0 0 0 0 0 17 0 12 13 0 0 33 0 0 0 0 0 0 0 0 40 42 0 0 45 0 0 0 0 
7 0 0 11 0 0 3 0 6 0 0 24 0 27 0 22 0 0 0 78 2 79 77 0 0 0 80 0 16 19 13 0 0 0 15 20 33 34 0 0 30 31 0 0 0 0 0 0 53 0 0 0 0 0 0 0 0 44 0 39 40 0 0 0 0 64 0 0 63 0 62 59 67 0 68 73 0 0 0 70 74 
0 48 53 55 52 0 47 0 50 0 0 68 65 71 0 0 0 72 0 41 0 42 0 39 0 44 43 0 60 0 57 62 0 61 0 64 77 78 1 76 74 0 0 81 0 0 0 15 16 18 17 12 13 19 6 0 10 0 0 2 0 0 5 0 0 0 0 0 26 21 0 0 0 0 0 0 35 34 0 0 0 
0 12 0 0 16 0 11 0 14 37 31 0 0 0 0 0 0 36 0 5 10 0 4 0 0 8 7 0 24 27 0 26 0 0 23 28 41 0 46 0 0 0 43 45 0 0 56 60 61 0 62 57 58 64 0 0 0 0 53 47 0 0 0 0 0 0 69 0 71 66 0 0 75 0 0 0 0 0 74 78 1 
0 30 0 37 0 0 0 36 0 55 0 50 0 0 0 0 0 54 0 23 28 0 0 0 0 26 25 0 0 0 0 0 0 0 0 0 59 60 64 58 56 57 0 63 0 0 0 78 79 0 0 0 76 1 0 72 73 0 71 0 0 0 68 0 2 0 0 10 0 0 0 0 12 0 13 18 0 16 0 0 19 
78 0 80 1 79 76 0 0 0 0 13 14 0 17 16 12 15 0 0 0 0 0 0 66 72 71 0 2 0 0 3 0 4 7 0 10 23 24 0 0 20 21 0 0 0 0 0 0 0 0 44 39 40 0 33 0 0 0 35 0 0 31 32 0 0 54 51 0 53 48 0 0 57 0 0 0 0 0 0 0 0 
0 3 0 0 0 4 0 9 0 0 0 23 20 0 0 21 0 0 74 0 0 78 76 0 0 80 0 11 0 0 0 17 0 0 14 19 32 0 37 31 29 30 0 36 0 0 0 0 0 0 0 0 0 0 42 0 0 43 0 38 0 0 41 0 0 0 60 64 0 0 61 0 0 68 0 0 0 0 65 0 73 
24 21 0 0 0 22 20 0 0 46 0 41 38 44 43 0 0 0 11 0 19 0 13 0 0 17 0 0 0 36 0 0 0 34 32 0 50 0 0 0 0 0 0 0 0 68 0 69 0 0 0 0 67 0 60 0 64 0 62 56 57 58 59 77 0 0 0 1 0 0 0 76 0 5 0 0 0 0 2 0 0 
60 0 0 64 0 0 56 0 0 0 0 0 0 80 0 75 0 0 0 0 55 0 0 48 0 0 0 0 0 0 0 0 0 0 68 0 0 6 0 0 2 0 0 9 8 0 0 0 0 0 0 0 22 0 15 0 0 0 0 11 0 13 14 0 0 0 33 0 0 0 0 0 39 0 40 45 0 0 0 0 0 
0 39 44 0 0 0 0 0 0 0 0 59 0 0 61 0 60 0 0 0 37 0 0 30 0 35 0 47 0 0 0 0 0 52 50 0 68 69 0 67 65 0 70 0 0 0 2 0 0 0 0 0 0 10 78 0 0 0 0 0 0 0 0 14 11 18 15 0 17 0 16 13 0 23 0 27 0 0 0 0 28 
0 66 0 0 70 67 0 0 0 10 4 5 0 0 7 3 0 0 56 0 0 0 0 57 0 0 0 0 78 0 0 0 0 0 0 0 0 0 0 0 0 12 16 0 17 0 0 33 34 0 0 0 0 0 0 0 0 0 0 0 21 0 0 41 0 0 0 0 0 0 0 40 0 0 0 54 53 0 47 51 0 
