9
0 47 0 0 43 0 0 46 0 9 0 0 11 0 0 12 0 0 0 1 81 0 80 0 0 3 0 0 14 0 0 0 0 0 19 17 64 58 0 0 0 0 62 0 59 57 0 0 0 0 0 56 53 0 0 0 0 0 73 0 0 0 0 0 0 31 0 38 39 0 35 0 0 25 24 0 0 0 0 27 0 
0 0 27 0 0 0 0 28 0 0 0 0 0 0 73 0 70 0 0 64 0 58 62 0 59 0 0 78 0 0 0 2 3 0 0 0 0 0 0 48 45 0 0 43 0 0 0 32 0 31 36 38 35 34 0 54 0 52 55 0 0 0 0 0 0 13 14 0 0 16 0 0 10 7 6 0 0 0 0 9 0 
0 0 0 0 70 67 75 73 71 0 0 0 0 0 37 0 0 33 0 28 0 22 26 24 0 0 0 0 41 0 0 47 48 0 0 0 10 0 6 12 0 0 8 0 0 0 1 77 0 0 81 0 0 0 0 0 20 16 19 13 17 0 14 0 64 58 59 0 0 0 0 60 55 0 0 0 0 0 56 54 0 
0 0 54 50 0 0 0 55 0 0 14 17 0 13 0 0 0 15 0 0 9 0 0 6 5 12 0 24 23 0 0 29 0 0 0 0 0 0 0 75 0 0 0 0 68 0 64 59 60 0 0 0 62 61 0 0 2 79 0 0 80 78 77 0 0 40 0 0 0 43 0 42 0 0 33 0 31 0 38 0 0 
0 11 9 0 7 0 0 10 8 54 50 0 56 49 55 0 52 0 43 0 45 40 0 0 0 0 47 0 59 0 63 0 66 58 64 0 28 22 24 30 27 0 0 0 0 0 0 0 15 0 18 0 17 0 39 36 0 34 37 0 0 0 0 0 0 0 77 2 0 79 80 0 0 0 0 75 67 0 74 0 0 
78 2 81 0 0 76 0 1 80 0 0 0 0 0 46 0 0 0 34 0 0 0 0 33 0 0 38 0 50 0 54 0 57 0 0 0 19 0 15 21 0 0 17 16 14 0 10 0 0 0 0 0 8 0 0 0 0 0 0 0 0 24 0 0 0 0 0 0 0 0 0 0 0 0 0 66 0 0 0 63 0 
33 0 0 0 34 0 0 37 35 81 0 0 2 76 0 0 0 0 70 0 0 0 0 0 0 0 74 6 0 0 0 0 0 4 10 0 0 49 0 0 54 56 53 52 50 0 0 0 42 0 0 0 44 43 66 0 65 0 0 58 62 0 0 27 0 22 0 0 0 0 26 0 0 0 15 0 0 0 20 18 0 
60 0 0 0 0 58 66 0 0 0 0 0 29 22 0 30 0 24 16 19 0 0 0 0 0 0 0 33 32 0 0 38 39 0 0 35 0 0 0 0 0 0 80 0 77 0 73 68 0 67 72 74 0 70 0 0 11 0 10 0 0 6 0 54 0 0 50 0 0 0 53 51 0 0 42 48 0 0 47 0 0 
0 20 0 0 0 13 0 0 17 63 59 0 65 58 0 0 0 0 0 0 0 0 0 0 50 0 56 0 68 0 0 0 75 67 73 0 0 31 33 39 0 0 35 34 0 0 0 0 0 22 27 29 26 0 0 0 0 43 0 0 0 42 0 9 10 0 0 0 0 7 8 0 1 79 0 0 0 80 2 0 0 
0 61 59 0 0 0 62 0 0 0 0 22 0 0 24 26 21 0 0 15 0 0 13 11 0 0 0 0 28 30 0 34 0 27 33 0 0 0 0 0 77 79 0 0 0 71 0 0 0 63 0 0 67 66 0 0 7 3 0 0 4 0 0 0 51 0 0 52 0 0 49 0 0 0 38 0 0 0 0 41 0 
0 79 0 73 75 0 0 0 76 41 37 0 43 0 0 0 39 0 0 0 32 0 0 29 0 35 0 0 0 0 0 52 53 45 0 0 15 0 11 0 0 0 0 12 0 8 0 0 0 81 0 7 4 3 26 23 0 0 0 18 22 20 0 0 0 0 0 70 0 66 67 65 0 0 56 62 0 0 0 0 0 
2 0 0 0 0 81 0 0 4 50 46 49 52 0 0 53 0 0 39 42 0 0 40 38 0 44 0 0 0 57 0 61 0 54 60 58 24 18 0 26 23 0 22 21 0 17 15 0 0 0 0 0 0 12 0 0 34 30 33 27 0 29 28 0 0 0 0 0 0 0 0 0 69 66 0 0 0 67 0 0 0 
0 0 0 0 0 0 0 0 13 59 0 0 0 54 0 62 0 56 0 0 50 0 0 0 0 0 0 0 0 0 0 0 71 63 0 0 0 0 0 35 0 34 0 0 0 0 0 0 20 18 23 0 22 21 0 41 0 0 42 36 0 38 0 0 0 0 0 7 0 3 4 0 0 75 0 0 0 0 0 0 0 
47 0 0 0 48 0 0 0 0 0 10 0 0 9 0 17 12 0 0 6 5 81 4 0 0 0 0 0 0 0 0 25 0 0 24 0 0 0 0 71 68 70 0 0 0 0 0 0 0 0 59 61 0 0 80 0 79 0 78 0 76 0 0 0 0 36 37 43 0 39 40 38 33 30 29 0 0 0 0 0 0 
38 43 41 37 0 0 0 0 40 0 1 0 0 0 0 0 3 0 75 0 77 72 0 0 0 80 79 11 10 0 14 0 17 9 15 0 0 54 56 0 59 0 58 0 55 0 0 46 47 45 0 0 49 0 71 68 0 0 0 0 67 65 64 0 33 27 0 34 0 30 31 0 24 21 20 26 18 22 25 23 19 
0 0 68 0 0 63 71 0 0 0 0 0 0 27 0 0 0 29 21 24 0 0 22 0 0 26 0 0 37 39 41 0 0 0 42 0 0 81 0 0 5 7 0 0 1 0 78 73 0 0 0 0 0 0 0 0 0 12 15 9 13 0 10 59 0 0 55 0 62 0 58 0 51 0 0 0 0 49 52 0 0 
0 34 0 0 0 27 0 0 0 77 0 76 79 0 78 0 75 74 66 0 0 63 67 65 0 0 0 0 1 3 0 7 0 0 0 4 0 45 0 0 0 52 0 48 46 44 0 0 38 0 41 43 0 0 62 59 61 57 0 54 0 56 0 0 24 18 19 25 0 0 0 0 0 0 0 17 0 0 16 0 10 
0 0 23 19 0 0 0 0 0 0 64 67 0 63 0 71 0 0 57 0 0 0 0 0 0 0 0 0 73 0 77 79 0 72 78 76 42 36 38 0 0 0 0 39 0 0 0 0 29 27 32 0 31 0 0 0 0 0 0 45 0 0 46 14 0 0 10 0 17 12 13 11 0 3 2 0 0 0 7 5 1 
48 0 0 0 0 0 54 52 0 0 11 0 0 0 0 0 13 0 4 0 6 1 0 0 2 0 0 0 20 0 0 26 27 19 0 0 0 0 66 0 0 0 0 67 0 63 0 56 0 0 60 0 0 0 0 78 0 76 79 73 0 0 74 42 0 37 38 44 45 0 0 0 0 31 0 0 0 0 35 0 0 
0 0 24 0 22 0 27 0 23 69 0 0 0 0 0 0 67 66 58 0 0 55 59 0 56 0 62 75 74 76 0 80 81 73 0 77 0 37 0 45 42 0 0 40 38 36 0 0 0 0 33 0 0 31 0 0 0 49 0 0 50 48 0 0 16 0 0 17 0 0 0 0 7 0 3 9 0 5 0 6 0 
12 17 0 0 0 0 0 0 0 60 0 59 0 55 61 0 0 0 49 0 0 0 0 0 47 0 53 66 0 67 69 0 0 64 0 68 0 0 0 36 33 35 32 0 29 0 25 20 21 0 24 26 0 22 0 0 0 40 43 0 0 0 0 0 7 0 0 8 0 4 0 3 0 76 75 0 73 0 80 0 74 
0 0 0 65 0 0 72 0 0 0 29 0 35 28 34 36 0 30 0 0 0 0 0 21 0 27 26 39 0 0 42 0 0 37 0 0 0 0 0 0 0 8 0 0 0 81 0 0 0 73 78 0 0 0 0 0 17 0 0 0 14 0 0 60 61 0 0 62 0 0 0 0 52 49 0 0 46 0 0 0 0 
0 0 0 0 0 1 9 7 0 51 0 50 53 46 52 0 0 0 0 0 0 0 41 0 38 0 44 57 56 58 60 62 0 0 0 0 0 19 21 27 0 26 0 0 0 0 0 0 0 0 0 0 14 0 0 0 35 31 0 0 0 30 0 78 0 73 74 0 81 0 0 75 70 0 0 0 64 68 0 0 0 
57 0 60 56 58 55 0 0 59 0 0 23 26 0 25 27 0 21 0 0 15 0 0 12 0 0 17 0 0 31 33 0 0 0 0 32 79 0 75 81 0 80 77 0 74 72 0 65 66 0 0 0 68 0 9 0 0 0 7 1 5 0 2 0 52 0 47 0 54 0 0 0 0 0 0 45 37 0 44 42 0 
0 0 0 0 31 28 0 34 0 0 74 77 80 0 0 81 76 75 67 70 69 0 0 0 65 72 0 3 2 0 0 8 9 1 0 5 52 0 0 0 0 0 50 49 0 45 0 0 0 37 42 44 0 40 0 0 62 0 0 55 0 57 0 24 0 19 0 0 27 22 0 0 16 0 0 0 0 14 0 0 0 
0 44 0 0 40 0 45 0 41 6 0 5 0 0 0 9 0 3 0 0 0 73 0 75 74 0 0 0 0 0 0 0 18 0 0 14 61 0 0 0 60 0 59 58 0 0 0 0 0 0 51 53 0 0 72 69 0 67 70 64 0 0 65 33 34 0 0 0 36 0 0 0 0 0 0 27 0 0 0 0 0 
75 0 78 0 76 0 0 79 77 0 0 41 0 37 0 0 40 39 0 0 33 0 0 30 0 0 0 0 0 0 0 53 54 0 0 0 0 0 0 18 0 0 14 0 0 0 0 0 3 1 6 0 0 0 0 0 26 22 25 19 23 21 0 0 0 64 0 0 72 0 0 0 0 0 0 0 0 59 62 0 0 
50 0 0 0 51 0 56 54 0 17 0 0 0 12 0 20 0 0 0 0 0 0 0 0 4 11 0 0 0 0 0 28 0 0 0 0 72 66 0 0 0 0 0 69 0 0 0 58 0 57 0 64 0 0 0 0 1 78 81 0 0 0 0 0 0 39 0 0 0 42 0 0 36 0 32 38 30 34 0 0 31 
41 46 0 40 42 0 0 0 0 0 0 0 10 3 9 0 6 0 78 0 0 75 0 0 76 2 1 0 13 0 17 0 20 12 0 0 0 57 0 0 62 0 61 60 0 0 0 49 0 48 0 55 52 51 0 0 0 69 0 0 70 0 0 35 36 30 0 0 0 0 34 32 0 24 0 29 0 0 0 26 0 
59 64 0 0 0 0 0 0 61 0 0 25 0 0 27 29 0 23 15 18 17 12 16 14 0 0 19 0 0 33 0 0 0 30 0 0 0 75 0 0 0 1 79 0 76 74 0 0 0 66 71 73 70 69 11 0 10 0 9 0 0 0 0 53 0 48 49 0 56 0 52 0 45 0 0 0 0 0 0 0 0 
68 0 71 0 0 0 0 0 70 35 31 0 0 0 0 38 0 0 0 0 0 0 25 0 0 29 0 0 40 42 0 0 47 0 45 0 0 3 5 0 8 0 0 6 0 0 81 0 77 0 80 1 79 0 0 0 0 0 0 0 16 14 13 0 0 0 0 0 0 60 61 59 54 0 0 0 48 52 0 0 0 
23 28 0 0 24 21 29 0 0 71 67 0 73 0 0 0 0 0 0 63 0 0 0 0 0 0 0 0 76 0 80 1 2 75 81 0 0 0 41 0 0 0 0 0 0 0 36 31 0 0 0 37 34 33 0 53 0 0 0 48 0 0 49 17 18 0 0 19 0 0 16 14 0 0 5 0 0 0 0 8 0 
0 0 8 0 0 0 0 0 0 0 49 0 0 0 54 56 51 50 42 45 44 39 0 0 0 0 0 59 0 60 0 0 65 0 63 61 0 0 23 0 0 28 0 0 0 20 0 0 0 12 0 19 0 0 0 35 0 0 36 30 34 0 31 0 0 0 0 0 2 0 0 77 0 69 0 0 0 0 0 71 67 
0 1 0 76 0 0 0 0 0 44 0 43 46 39 0 0 0 0 0 36 0 30 34 32 31 38 0 0 49 51 0 0 56 48 54 0 0 0 14 20 0 0 16 0 13 0 0 4 0 3 0 10 0 6 29 0 0 0 0 21 0 23 22 0 72 66 0 0 0 0 0 68 0 0 59 65 0 61 0 0 58 
0 37 0 0 0 0 0 0 0 0 76 0 0 0 81 2 0 0 0 0 0 66 0 0 67 0 73 5 0 6 8 10 11 0 9 0 54 48 50 0 0 55 0 51 49 0 45 0 0 0 0 0 0 0 0 0 64 0 0 0 0 59 0 0 27 0 0 28 29 0 0 0 18 15 0 20 0 0 19 0 13 
14 0 17 13 15 12 0 18 16 0 0 0 64 0 63 65 0 0 0 54 0 0 52 0 0 56 55 0 0 69 71 73 0 66 0 0 0 30 32 0 35 37 34 0 31 0 0 0 0 0 26 0 25 0 47 0 0 0 45 39 0 41 40 0 9 3 4 10 11 6 0 5 0 78 77 0 0 79 1 0 0 
0 0 19 0 0 14 0 0 0 64 0 63 0 0 0 0 0 0 0 0 0 50 54 0 51 0 0 70 0 71 0 75 76 68 74 0 38 32 0 0 37 0 36 0 0 31 0 24 25 0 28 0 0 0 49 46 0 0 47 0 45 0 0 10 0 0 0 0 0 8 0 0 0 0 79 0 77 81 0 0 0 
79 3 1 78 0 0 0 0 81 46 0 0 48 0 0 49 0 0 0 0 0 0 0 0 33 0 39 0 51 53 0 0 58 50 0 0 0 14 0 0 0 21 0 0 0 0 11 6 7 0 0 12 9 0 0 0 0 0 29 23 27 0 0 73 0 68 69 75 76 0 0 0 0 62 0 67 0 63 66 64 0 
0 39 37 0 35 32 40 0 0 0 78 0 0 0 0 0 80 0 71 74 73 0 0 70 0 0 75 7 0 8 0 12 13 0 0 9 56 0 52 0 0 0 0 0 0 0 47 0 0 0 46 0 45 0 0 64 66 0 0 0 63 61 60 28 29 0 0 30 0 0 27 0 0 0 0 0 14 0 21 19 0 
0 12 10 6 0 0 13 11 0 55 0 0 0 0 0 58 53 0 0 0 0 0 45 0 0 0 0 0 0 62 0 66 0 59 0 63 0 23 0 0 0 30 0 0 0 0 0 15 0 0 0 21 18 17 40 37 0 35 0 0 36 0 33 0 0 0 0 0 4 0 81 79 0 71 70 0 68 0 0 73 0 
0 48 0 0 44 41 0 0 0 0 6 9 0 5 11 0 0 0 80 2 0 0 0 79 0 0 3 0 0 0 19 21 0 0 20 0 0 59 0 67 0 0 63 0 60 58 56 51 0 50 0 0 0 0 0 0 0 71 0 0 72 0 0 0 0 32 0 0 0 0 0 0 0 0 0 31 23 0 30 0 0 
0 57 55 51 0 0 0 0 54 0 0 18 0 0 0 0 0 0 0 0 0 5 9 7 0 13 0 0 0 0 28 30 31 23 0 0 74 68 70 0 0 0 0 71 0 0 0 0 0 59 0 0 0 0 4 0 3 0 0 0 81 0 78 46 47 0 0 48 0 44 0 0 0 35 34 40 0 36 39 37 33 
0 0 0 0 71 68 0 74 0 37 33 0 39 32 0 40 0 0 26 0 0 0 27 25 0 0 30 0 42 0 0 48 49 41 47 45 0 5 7 0 10 12 9 8 0 0 2 0 0 0 1 0 0 80 0 0 0 0 0 14 18 16 0 0 0 0 0 0 0 0 63 61 56 53 52 0 50 54 57 0 51 
0 0 0 0 26 0 0 29 27 0 69 0 0 68 0 0 0 0 0 65 0 59 0 0 60 67 0 79 78 80 0 0 0 0 0 0 0 0 43 0 46 0 45 44 42 0 0 0 0 32 0 39 36 0 0 0 0 53 0 0 0 52 0 0 20 0 15 0 0 17 18 0 11 0 0 0 5 9 0 0 6 
0 0 64 0 0 59 67 0 0 28 0 0 0 23 29 0 0 0 17 0 0 14 18 0 0 0 0 0 33 0 0 0 40 0 0 0 0 0 79 4 0 0 0 0 78 0 74 0 70 0 0 0 0 0 0 10 0 0 0 5 0 0 0 0 56 50 51 0 0 53 0 52 0 0 43 0 41 45 48 0 42 
0 6 0 0 2 0 7 0 0 0 0 0 0 0 0 52 0 0 38 41 0 0 0 0 36 43 0 0 0 56 58 0 0 53 0 0 0 0 19 0 0 24 21 20 0 0 0 0 10 8 0 0 12 0 0 0 0 0 0 0 0 0 27 0 77 0 72 78 79 0 0 0 0 65 64 70 0 0 69 67 0 
0 60 0 0 0 0 61 0 0 22 18 0 0 17 0 25 0 19 0 0 0 0 0 10 9 0 15 0 0 29 0 33 0 0 0 30 77 0 0 79 0 78 75 74 72 70 68 63 0 0 0 69 0 0 7 4 0 2 5 80 0 1 0 0 0 0 45 51 52 0 48 0 0 0 0 0 0 0 42 0 0 
73 0 0 0 74 0 0 77 0 40 0 0 42 0 0 43 0 37 29 0 31 0 0 0 0 34 0 46 0 0 49 0 52 44 50 0 0 8 10 0 0 15 12 11 0 0 0 81 0 80 0 6 0 2 0 22 0 20 0 0 0 0 0 0 68 0 63 69 0 0 66 0 0 0 0 0 53 0 0 0 54 
0 0 0 0 0 0 0 0 0 0 0 0 33 26 32 34 0 0 20 23 22 17 0 0 18 25 24 0 0 38 0 42 0 35 0 39 5 80 1 7 4 0 0 0 81 0 77 0 73 0 76 78 75 0 16 0 0 0 0 0 0 0 9 0 59 53 0 0 0 0 0 0 0 0 46 52 0 0 0 0 45 
0 33 31 0 0 26 34 0 0 0 0 0 0 71 77 0 74 0 0 0 67 0 66 0 63 70 0 1 0 2 4 0 0 0 5 3 0 44 46 0 0 51 0 47 45 43 0 0 0 0 40 0 0 38 61 0 0 56 0 0 0 0 0 22 0 17 0 0 0 0 0 0 14 11 0 0 0 0 0 0 0 
37 0 40 36 38 0 43 0 0 0 0 3 6 80 0 7 2 0 74 0 76 0 0 0 0 79 0 0 0 0 13 15 16 0 14 0 0 53 0 0 0 0 0 0 54 0 0 0 0 0 0 0 0 47 70 0 69 0 68 0 66 0 0 31 0 26 27 0 34 29 30 28 23 0 0 0 0 21 0 22 0 
19 0 0 0 0 0 0 0 21 67 0 0 0 0 68 0 0 0 0 0 0 0 57 0 54 0 0 0 72 0 0 78 0 0 0 0 41 35 0 0 40 0 0 0 0 34 0 27 0 0 31 33 30 0 0 49 0 0 0 0 48 0 0 0 0 8 0 0 16 11 0 0 0 0 1 7 0 0 0 0 0 
0 0 49 45 0 0 0 50 48 13 0 0 0 0 14 0 11 0 0 0 0 80 0 0 0 7 0 19 18 20 0 0 0 17 0 21 0 0 0 0 67 69 66 0 63 0 0 0 55 0 58 60 0 0 0 0 78 74 0 71 0 0 0 0 0 0 0 0 0 0 0 0 32 29 28 34 0 30 0 0 27 
10 0 13 0 11 8 16 0 0 0 0 0 60 0 0 61 0 0 0 0 0 44 0 0 0 52 0 64 63 65 67 0 0 62 68 66 0 26 0 34 0 33 30 29 0 0 0 0 19 0 22 0 21 0 43 0 42 38 0 0 39 37 0 0 0 80 81 0 0 0 0 0 77 0 0 0 71 75 0 0 0 
0 0 38 0 36 0 0 0 0 2 0 0 0 78 3 5 0 80 0 75 0 69 0 0 70 0 0 0 0 0 0 0 14 0 0 10 0 0 0 59 56 58 55 0 52 0 0 43 44 42 0 0 46 45 68 0 0 63 0 60 0 0 0 29 30 24 0 0 0 0 0 26 21 18 0 0 0 19 0 20 0 
0 4 0 0 0 0 5 0 0 47 43 0 0 42 48 50 45 0 36 0 0 33 37 0 34 41 40 0 0 54 56 0 59 51 57 55 21 15 0 0 0 0 0 18 16 14 0 0 0 0 0 13 10 9 32 0 0 27 0 24 0 0 0 0 0 0 70 76 0 0 0 71 0 0 0 0 60 0 0 0 0 
62 0 0 61 0 0 0 0 64 29 0 0 0 24 30 32 27 26 0 0 0 0 0 0 0 0 0 0 0 0 0 40 0 0 0 37 0 78 0 0 2 4 0 81 79 77 75 70 71 69 0 0 73 0 14 0 0 9 0 6 0 0 7 56 0 0 52 0 59 54 55 0 0 0 0 0 42 0 49 47 0 
0 0 56 0 0 0 59 0 55 0 16 0 0 15 0 0 18 0 9 12 0 0 10 0 0 0 0 26 25 27 0 31 0 24 0 28 0 0 0 77 0 0 73 0 0 0 0 61 0 60 0 67 0 0 0 0 4 0 3 78 0 0 79 0 48 42 0 49 50 45 46 0 0 0 0 41 33 37 0 38 34 
17 0 20 16 0 0 0 0 19 0 0 64 0 0 0 0 63 0 0 57 0 0 55 0 0 0 0 0 70 0 74 0 0 69 0 0 39 0 35 0 38 40 37 36 0 0 0 0 26 24 0 31 0 27 0 0 0 45 48 0 46 0 43 0 0 6 0 13 14 0 0 0 0 0 80 5 0 1 0 2 0 
0 0 0 0 27 0 0 30 0 0 0 0 0 69 0 0 0 71 0 0 0 60 64 0 0 68 67 80 0 0 0 4 5 0 0 1 0 0 44 50 47 0 0 45 0 0 39 0 35 0 38 0 37 0 0 56 0 0 0 51 55 53 0 0 0 0 16 22 0 0 0 0 0 9 8 0 6 10 0 0 0 
0 0 0 0 0 6 0 0 0 0 0 55 58 51 57 0 54 53 45 48 47 42 0 44 0 50 49 0 0 63 65 67 0 60 0 64 30 0 26 0 0 0 0 0 0 0 21 16 0 15 0 22 19 0 41 0 0 36 0 0 0 35 0 2 0 78 0 0 5 0 1 0 75 72 71 77 69 0 0 74 70 
0 49 47 0 0 42 50 0 0 0 0 0 13 0 0 14 9 8 0 0 0 0 1 0 79 5 0 0 0 0 20 0 0 15 0 19 66 60 0 0 0 67 0 63 0 0 57 52 0 0 0 0 55 0 77 0 76 0 0 0 73 0 0 0 39 33 0 0 0 0 37 0 0 27 0 0 0 0 31 0 25 
71 0 0 0 0 0 77 75 0 38 34 37 40 0 39 0 0 0 0 30 29 0 0 26 0 0 0 0 43 0 0 0 0 0 48 46 0 6 0 0 0 0 0 9 7 0 0 0 80 0 0 0 0 0 23 0 22 0 0 15 0 0 0 0 0 0 61 0 68 63 0 0 57 54 53 59 0 0 58 0 0 
49 0 0 0 0 47 55 0 51 0 0 0 0 11 17 0 14 13 5 8 7 2 0 4 0 10 0 0 0 0 25 0 28 0 26 0 71 0 0 0 70 0 0 68 0 64 62 0 58 0 0 63 0 59 1 79 81 0 80 74 78 76 0 43 0 38 39 45 46 41 42 40 0 0 0 37 0 33 36 0 30 
31 36 34 30 32 29 0 0 33 0 0 0 0 0 0 0 0 0 0 0 70 0 0 67 0 0 72 4 0 5 7 9 0 2 8 0 53 0 0 55 0 0 51 50 48 46 44 39 0 0 43 0 42 0 64 61 0 59 62 0 0 0 0 0 26 0 21 0 28 0 0 22 0 0 13 0 11 0 0 0 12 
0 72 0 0 68 65 0 71 0 0 0 0 36 0 0 37 32 31 0 26 0 0 0 0 21 0 27 0 0 0 0 0 0 0 0 42 0 2 0 10 0 9 6 5 0 0 80 0 0 0 0 81 0 0 0 16 18 14 0 0 15 0 0 61 62 56 0 0 64 0 60 58 53 0 0 55 0 0 54 52 0 
0 0 0 12 14 0 19 0 15 0 57 0 63 0 62 0 0 0 0 0 0 0 0 0 48 55 54 0 66 68 70 72 0 0 71 69 35 29 31 37 34 0 0 32 0 0 0 0 22 0 25 27 24 0 0 43 45 41 0 0 0 0 39 0 8 2 0 0 0 0 0 0 0 0 76 1 74 0 0 79 75 
58 63 0 57 0 56 64 62 0 25 0 0 27 0 0 0 23 0 14 0 0 11 0 0 12 19 18 31 30 0 0 0 37 29 0 0 0 0 0 1 79 81 0 0 75 0 0 66 0 65 70 0 69 68 10 0 0 0 8 2 6 4 0 0 0 47 0 0 0 0 0 0 44 0 0 0 0 0 45 43 0 
0 81 79 0 0 74 0 0 0 0 0 42 0 0 0 0 41 0 0 0 0 0 0 31 0 37 0 49 0 0 0 0 55 0 53 0 0 0 0 0 0 0 15 0 0 0 8 0 0 2 7 0 6 5 28 0 0 0 0 0 24 0 0 70 0 0 66 72 0 0 69 67 62 0 58 64 56 0 63 0 0 
0 0 7 0 0 2 10 0 0 0 0 51 0 0 0 55 50 49 0 0 43 38 0 40 0 46 45 0 0 0 61 63 64 0 62 60 0 20 0 0 25 0 0 0 0 19 17 12 13 11 16 0 15 0 0 0 0 32 0 0 0 0 0 79 80 0 75 0 1 77 0 76 71 68 0 0 65 0 72 70 0 
0 0 25 21 0 0 28 26 24 70 0 69 72 0 0 0 0 67 59 0 0 0 0 58 0 0 0 0 75 0 79 0 0 74 0 0 44 38 0 0 0 0 0 0 39 37 0 0 31 29 34 0 33 0 0 52 0 0 0 0 0 49 0 0 17 0 0 18 0 0 0 13 8 0 0 10 0 0 0 0 0 
0 45 0 39 41 0 0 0 42 0 0 0 9 2 8 0 0 0 0 80 0 0 78 0 75 1 0 13 0 0 16 18 0 11 0 0 62 0 0 64 0 0 60 0 57 0 0 0 49 0 0 0 0 50 73 0 72 68 71 0 69 0 0 34 0 29 30 0 37 0 33 31 0 0 0 28 20 24 27 25 21 
0 0 75 0 73 0 0 0 0 0 0 0 41 0 0 42 37 0 0 0 30 0 29 0 0 33 0 0 0 0 0 0 51 0 49 0 13 0 9 0 12 0 0 10 0 0 4 0 0 79 3 0 0 0 24 0 0 0 22 0 20 18 17 66 0 61 0 68 69 0 0 0 58 55 54 0 52 0 0 57 53 
0 0 39 35 37 0 0 0 38 0 80 2 5 0 4 0 0 0 0 76 75 0 74 72 0 78 0 0 0 0 0 0 0 7 0 0 0 0 54 0 0 0 0 55 0 0 0 0 45 43 48 0 0 0 69 0 68 0 0 0 65 63 0 30 0 0 0 32 33 28 0 27 0 0 0 0 16 0 23 21 0 
0 0 0 0 0 0 15 0 0 0 53 0 0 0 0 60 0 54 0 0 0 0 47 45 44 51 0 0 0 0 66 0 69 0 67 65 31 25 0 0 0 0 0 0 26 0 22 0 18 0 0 23 20 19 42 0 41 37 40 34 0 0 0 0 4 0 0 0 6 0 0 81 76 0 72 78 0 74 77 0 71 
0 0 0 0 0 52 0 58 0 21 17 20 0 16 0 0 0 0 0 13 0 0 0 0 0 0 14 0 0 0 30 32 33 25 0 0 0 0 72 78 0 0 0 73 0 69 0 0 63 0 0 68 65 0 0 0 0 0 4 79 2 0 80 48 0 0 44 0 0 46 0 45 40 0 0 42 0 0 0 39 0 
81 5 3 0 1 0 0 0 2 48 44 47 0 43 0 0 0 0 0 40 0 0 0 0 35 42 41 0 53 0 0 59 60 52 0 0 0 0 18 0 0 0 20 19 0 0 13 8 0 0 12 14 11 0 0 30 0 28 31 0 29 27 0 0 76 0 0 0 0 0 0 72 0 0 0 0 0 0 0 66 0 
18 23 0 0 0 0 0 0 0 0 0 0 0 0 0 69 0 0 0 0 0 52 0 54 0 60 59 0 71 73 0 77 0 70 0 74 40 34 0 0 0 0 38 0 0 0 0 0 0 25 0 32 29 28 0 0 0 0 49 43 0 0 0 12 0 0 0 14 15 10 0 0 4 0 81 6 0 2 0 0 0 
27 32 0 26 0 0 33 31 29 75 71 74 0 70 76 78 0 72 64 0 0 61 65 0 62 69 0 0 80 0 0 5 0 0 4 2 0 43 0 51 0 0 0 0 0 42 0 0 0 0 0 41 0 0 60 0 0 0 0 0 0 0 53 21 0 16 17 23 0 0 0 0 0 10 9 15 0 0 14 12 8 
0 0 66 0 0 61 69 0 65 30 0 29 0 0 0 0 28 0 0 22 0 0 20 0 17 0 23 36 0 37 0 41 0 0 0 0 4 79 0 6 3 5 0 1 0 78 0 0 0 70 75 77 0 0 15 0 14 0 0 0 0 0 0 0 58 52 53 0 0 0 0 54 0 0 45 0 43 0 50 0 0 
45 0 0 0 46 0 51 0 47 12 8 11 14 0 0 0 10 0 1 4 3 0 0 0 0 0 0 0 0 0 0 0 0 16 0 0 0 0 0 0 0 0 65 64 0 60 58 0 0 0 57 0 0 55 78 0 77 0 76 0 0 72 0 0 40 34 0 0 0 0 0 0 0 0 27 0 25 29 0 0 26 
