9
1 0 80 0 77 0 0 0 3 0 58 53 56 0 0 52 0 0 0 0 0 31 0 29 26 0 0 0 68 0 0 0 0 76 0 0 34 0 36 0 0 40 0 35 0 0 43 45 44 49 0 48 46 0 0 0 0 0 0 20 0 0 18 0 0 0 0 0 0 0 5 10 0 0 63 65 0 0 0 0 0 
28 0 26 0 23 0 24 31 0 0 0 0 2 0 0 0 1 0 0 51 0 0 55 0 53 52 0 0 14 15 20 0 17 22 0 0 61 0 0 0 65 0 0 0 0 69 0 0 0 76 0 75 0 0 0 49 0 0 46 0 0 0 45 0 0 38 33 0 35 36 0 0 0 10 9 0 0 12 0 0 13 
73 0 0 70 0 0 69 76 75 0 49 0 0 45 0 0 46 48 0 0 0 0 19 20 0 0 0 61 59 0 65 66 0 0 0 0 25 0 0 24 0 0 0 26 23 33 0 0 0 0 0 0 0 0 0 0 0 5 0 11 0 0 0 0 0 0 78 0 80 0 0 0 0 0 54 56 0 57 0 0 58 
0 0 35 0 0 0 33 0 39 5 0 8 11 0 0 7 10 12 66 60 0 0 64 65 0 0 0 25 23 24 0 0 26 0 0 0 0 0 0 69 0 76 0 0 68 0 0 0 0 0 0 3 1 2 51 58 53 0 0 56 57 0 54 49 48 47 42 0 0 0 41 46 17 19 0 0 16 21 0 0 0 
0 0 0 0 0 0 42 0 48 0 22 17 0 18 0 16 0 0 75 0 68 0 0 74 71 0 72 0 32 33 38 0 35 0 37 0 79 0 81 78 2 0 0 0 0 0 7 9 0 13 0 0 0 0 0 0 62 0 64 65 0 61 0 58 57 0 0 0 53 54 0 55 26 0 27 0 0 30 23 0 0 
10 0 8 7 0 11 0 0 0 59 0 62 0 63 0 0 0 0 39 0 0 0 37 38 0 0 0 79 0 0 0 3 80 0 0 0 43 0 0 0 0 0 48 44 0 0 0 54 0 0 50 57 0 56 0 0 0 23 28 0 0 0 0 0 21 20 15 16 0 0 14 0 71 73 0 0 0 75 68 0 0 
64 0 0 0 0 65 0 67 0 32 40 0 38 0 33 34 37 39 12 0 5 0 0 11 8 7 0 52 50 0 0 0 0 0 55 0 16 19 0 0 0 22 21 0 14 24 0 0 0 0 0 0 0 29 0 0 0 0 1 2 0 0 0 0 0 0 69 0 0 72 68 73 44 0 0 47 0 0 41 0 0 
0 0 17 16 0 0 0 22 21 0 76 0 0 72 0 0 0 0 0 42 0 0 0 0 44 0 0 0 5 0 0 0 8 13 10 0 0 55 54 0 0 0 0 53 0 0 0 0 62 0 59 0 64 0 33 0 0 32 37 0 39 34 36 0 0 0 0 25 0 27 0 0 80 1 0 0 0 3 77 0 4 
55 0 0 52 0 56 51 0 0 23 0 26 0 0 24 25 28 30 3 0 0 4 1 2 80 0 0 0 0 0 0 0 0 0 0 0 0 0 0 6 0 13 12 0 5 0 0 18 0 0 14 0 0 0 0 76 71 0 0 0 0 70 0 67 66 65 0 0 0 63 0 0 35 0 36 0 34 0 32 0 0 
0 0 79 0 0 1 0 0 2 49 57 0 0 53 0 0 0 0 0 0 0 0 27 0 0 0 26 0 67 0 73 74 0 0 0 71 0 0 0 0 0 0 38 34 31 0 0 0 0 48 0 0 0 46 14 0 16 0 0 0 0 0 0 0 11 0 5 6 0 0 0 0 61 0 0 0 60 0 0 0 66 
0 0 0 51 49 0 50 0 56 22 0 0 28 0 23 0 27 29 2 77 76 3 0 0 79 0 80 0 0 0 46 0 43 0 0 0 6 0 8 0 0 12 0 0 4 14 0 17 16 0 0 20 0 0 0 0 0 0 72 0 0 69 0 0 65 64 0 0 61 62 0 63 0 0 35 0 33 0 31 0 39 
36 0 0 33 0 0 32 0 0 0 0 0 0 8 0 6 0 0 65 0 0 0 0 64 61 60 62 24 0 23 28 0 0 0 27 26 0 72 71 68 0 0 74 0 67 77 0 80 79 0 76 2 81 0 50 57 0 49 54 55 0 51 0 0 47 0 41 42 0 0 40 45 16 18 0 0 0 20 13 0 0 
45 44 0 0 0 46 0 48 47 0 0 0 0 17 0 0 0 20 0 0 67 75 0 0 0 69 71 33 0 0 0 38 34 0 0 0 78 81 80 0 0 3 0 79 0 0 0 0 0 0 0 11 0 0 0 0 61 58 0 0 65 60 0 0 0 0 0 0 52 0 0 0 0 0 26 28 0 29 0 23 30 
63 0 0 60 58 0 0 0 65 0 0 0 0 35 0 0 0 0 11 0 4 12 0 10 0 0 8 51 0 0 55 56 0 57 0 53 15 0 17 0 0 21 0 16 0 0 24 0 0 30 22 29 27 28 0 0 0 76 0 0 0 78 80 0 74 73 0 69 70 0 0 72 43 0 44 0 0 47 0 0 0 
0 26 0 0 22 28 0 30 29 0 3 0 0 0 0 0 81 2 0 0 49 57 0 55 52 0 0 15 0 0 19 20 16 0 18 0 60 63 0 59 0 66 65 0 58 0 69 0 70 75 0 74 0 73 0 0 0 0 0 0 0 42 44 39 0 37 0 0 0 0 0 0 0 9 8 0 6 11 0 0 0 
72 0 0 69 0 0 68 0 0 40 0 0 0 0 0 42 0 47 20 0 0 0 0 19 0 0 17 60 0 0 64 0 0 0 63 62 24 27 26 23 28 0 29 0 22 0 0 35 0 0 0 38 0 37 5 0 7 4 0 0 0 0 0 3 2 0 0 0 79 80 0 0 52 0 53 55 0 56 49 0 57 
0 0 7 0 4 10 5 0 0 0 0 0 64 0 0 60 0 0 38 32 31 0 0 37 0 0 0 78 76 0 0 0 0 0 81 0 0 0 44 0 0 48 0 43 0 0 0 0 0 0 0 56 0 0 0 30 0 0 27 0 0 0 0 0 0 0 0 0 16 0 13 0 0 72 0 0 0 74 0 68 75 
0 17 0 0 0 19 14 0 0 0 75 0 0 0 68 69 72 0 47 41 40 48 0 46 0 42 0 6 0 0 0 0 0 0 0 0 51 0 0 0 55 57 56 0 49 59 60 0 0 0 0 65 63 0 32 0 34 31 0 37 0 33 0 30 29 28 23 24 0 26 0 0 0 0 0 0 78 0 76 0 3 
0 49 0 47 0 0 0 0 0 0 0 21 24 22 19 0 0 0 79 0 0 0 0 0 0 74 0 0 36 37 0 0 0 0 41 0 0 5 0 1 6 0 0 0 81 0 11 0 0 17 9 16 0 0 64 0 0 63 0 0 70 65 67 0 0 60 55 0 57 0 54 0 30 32 31 0 0 0 27 28 0 
0 40 39 0 0 42 0 0 43 9 17 0 0 0 0 11 0 16 0 64 63 71 68 0 66 65 0 0 27 0 0 34 30 0 32 0 74 77 76 0 0 0 79 0 0 1 0 0 3 8 81 0 5 6 0 0 0 0 59 60 0 0 58 0 52 51 0 0 48 0 0 50 0 0 0 24 20 0 18 0 26 
0 0 30 29 27 33 0 35 0 81 8 0 6 0 0 0 5 0 0 55 54 0 0 60 0 0 58 20 0 19 24 0 0 26 23 0 0 0 0 0 0 0 0 66 0 0 74 76 75 0 72 79 0 78 0 0 0 45 50 51 0 0 0 0 0 0 0 0 0 0 36 41 0 0 0 0 11 0 0 10 0 
0 0 57 0 0 0 0 62 61 27 0 30 33 0 0 29 0 34 7 1 0 8 5 6 0 2 0 47 0 0 0 0 0 0 0 49 11 14 13 0 15 17 16 12 0 19 0 0 21 0 0 25 23 0 0 80 0 0 0 0 79 0 0 0 0 69 0 0 0 67 0 0 39 0 0 0 38 0 0 0 0 
0 4 3 0 81 0 1 0 0 54 62 0 60 58 0 0 59 0 0 28 0 35 0 33 0 29 0 0 0 0 0 0 75 0 0 76 38 0 40 37 0 0 0 39 0 46 0 0 0 0 45 0 0 51 0 0 21 0 23 24 0 0 0 0 0 15 10 0 0 13 0 14 66 0 67 69 0 70 63 0 0 
0 22 0 0 0 24 0 26 25 0 0 0 78 0 0 0 0 0 0 0 0 0 50 51 0 47 0 0 9 0 0 16 0 17 14 0 0 59 0 55 60 0 61 0 0 0 65 0 66 0 0 70 68 0 37 0 39 36 0 0 0 0 40 35 34 0 28 0 0 0 0 0 3 5 0 6 2 0 81 1 0 
0 0 0 65 0 0 64 71 0 36 0 0 42 40 37 38 0 0 0 0 0 0 0 15 12 0 0 0 0 0 60 61 57 62 0 0 0 0 0 19 0 0 0 0 0 28 29 0 30 0 27 34 0 0 1 8 0 0 5 0 0 0 4 80 0 0 73 74 75 0 72 0 0 0 49 0 0 0 45 46 0 
0 76 0 0 0 0 0 80 0 0 53 48 51 0 46 0 0 52 0 19 0 0 0 24 0 0 0 0 0 0 0 0 66 71 0 0 0 0 0 28 33 0 34 0 27 0 0 0 0 44 36 0 0 42 10 0 12 9 14 15 16 0 13 0 0 6 0 2 0 0 0 0 57 59 58 60 0 0 0 0 0 
14 13 0 0 0 0 0 0 0 0 0 66 0 67 0 0 68 70 0 37 36 0 41 0 0 0 0 0 0 1 0 0 3 0 5 0 47 0 0 0 0 0 0 0 45 55 56 0 0 0 0 61 59 60 0 35 0 27 0 33 0 0 31 0 25 0 19 20 0 0 0 23 0 0 0 0 0 0 0 0 80 
56 0 0 0 51 0 0 0 0 0 0 0 30 0 0 0 0 31 4 0 0 5 2 3 0 0 0 0 0 0 0 0 45 0 0 46 8 0 0 0 12 0 0 0 6 0 0 0 0 23 0 0 0 0 70 0 0 0 0 0 76 71 0 0 0 0 0 62 0 64 0 0 0 38 0 39 0 0 0 0 41 
38 0 0 35 33 0 0 0 40 6 14 0 12 0 0 0 0 0 67 61 0 0 65 66 63 62 64 0 24 0 0 31 0 32 0 28 0 0 0 0 75 0 0 0 69 0 0 1 81 5 0 0 0 3 0 59 0 0 56 0 0 0 0 0 0 0 0 44 45 0 42 47 0 0 0 0 17 0 0 16 0 
20 19 0 0 15 0 0 0 0 0 77 0 0 0 0 71 74 0 49 43 0 50 0 0 0 44 0 8 6 0 0 0 9 0 11 0 0 56 0 52 57 59 0 54 51 0 62 0 0 68 0 67 0 0 0 0 0 0 38 39 0 0 37 0 0 0 0 0 0 0 0 0 0 2 1 3 80 0 78 79 0 
0 0 63 0 60 66 0 0 67 0 0 0 0 0 0 0 38 0 0 0 0 0 11 12 0 8 0 0 51 0 0 0 0 59 0 0 17 20 0 16 0 0 0 18 0 25 0 28 27 32 24 0 29 0 0 5 0 78 2 3 0 80 0 77 76 0 70 71 72 73 0 74 0 47 0 48 44 49 42 0 50 
0 73 0 71 0 75 0 0 76 0 0 45 0 46 43 44 47 49 22 0 15 23 0 0 0 17 0 0 0 61 66 67 0 68 65 0 26 29 28 0 0 0 31 0 0 0 35 0 36 0 0 40 0 0 7 0 0 6 11 12 13 8 10 0 0 0 0 80 0 1 78 0 0 0 0 0 53 58 51 52 59 
11 0 9 0 0 0 0 0 0 60 68 0 0 0 0 0 0 67 0 0 0 41 0 0 36 0 37 80 78 79 0 0 0 5 0 0 0 0 0 43 0 0 49 45 0 0 0 55 0 0 0 58 0 0 0 32 27 0 29 30 31 0 0 0 22 21 16 17 0 0 0 0 0 74 0 75 0 0 0 0 77 
0 1 81 80 0 3 79 0 0 51 0 0 57 0 52 53 56 0 0 25 0 0 0 0 0 26 28 71 0 70 0 0 72 0 74 73 0 38 37 0 39 0 40 0 0 0 44 46 45 0 42 0 0 0 16 0 0 0 0 0 22 0 19 0 13 12 0 0 9 10 0 11 0 0 0 66 0 0 60 0 0 
29 28 27 0 0 0 0 0 0 78 0 0 3 0 0 80 0 0 58 52 0 0 56 0 54 53 0 0 0 0 0 0 18 23 0 0 0 0 0 0 0 0 0 0 0 70 71 73 72 77 0 0 0 0 0 50 0 0 0 0 0 0 0 0 0 0 34 0 0 37 0 0 0 11 10 0 0 13 0 7 0 
47 0 45 0 42 48 43 0 0 15 0 0 0 0 0 17 0 0 0 70 0 0 0 0 72 71 0 35 0 34 39 0 0 41 0 0 80 2 1 0 0 0 4 81 78 7 8 10 9 14 6 0 0 12 61 0 63 0 0 0 0 0 0 0 58 0 52 53 54 0 0 0 0 29 0 0 26 31 0 0 0 
52 0 50 0 47 53 48 0 54 0 0 23 0 0 0 0 0 27 81 0 74 0 0 80 77 0 78 40 38 39 0 0 0 0 43 0 4 0 0 3 8 0 0 0 2 0 0 0 0 0 11 0 0 0 66 0 68 0 0 71 0 67 0 0 0 0 0 0 0 0 0 61 0 0 33 35 31 0 29 0 0 
7 0 0 4 2 8 0 0 9 0 64 0 62 60 0 0 0 0 0 0 0 0 0 0 32 31 0 76 0 0 80 0 77 0 0 0 40 43 42 0 0 0 0 0 38 0 0 0 50 0 0 54 0 53 21 28 0 20 25 26 0 0 24 0 18 0 0 13 14 0 11 0 68 70 0 71 0 0 0 0 73 
0 15 0 0 11 0 0 0 0 0 0 0 71 69 66 0 0 0 0 0 38 0 43 0 0 0 0 4 0 0 0 9 5 10 0 6 0 0 51 0 0 0 54 0 47 57 0 0 0 0 0 0 0 0 0 37 32 0 0 0 0 0 33 0 27 0 21 22 23 0 0 0 77 0 78 80 76 0 0 75 1 
0 0 0 0 38 0 0 46 0 0 0 0 0 15 0 13 16 18 0 0 0 0 70 71 68 67 69 0 0 0 0 36 32 0 34 0 0 0 0 75 0 1 0 0 0 3 0 6 0 0 0 9 7 0 57 64 59 0 0 0 0 0 0 0 0 0 0 49 0 0 47 0 23 25 0 0 0 0 20 0 0 
25 0 0 0 20 0 21 0 0 0 0 0 0 0 75 76 0 0 0 48 0 0 0 0 50 0 0 0 0 0 0 0 0 19 16 0 0 61 60 0 0 64 63 0 0 66 0 0 0 0 65 0 0 0 0 0 41 0 43 44 0 40 42 0 36 0 30 31 0 33 0 0 0 0 6 8 4 0 2 0 10 
70 69 0 0 0 0 0 73 72 0 46 0 44 0 39 40 0 0 0 0 0 0 16 17 0 0 0 0 0 57 0 0 0 0 0 60 22 25 24 0 26 0 0 0 0 0 31 33 0 37 0 0 0 35 0 0 5 0 7 0 0 0 0 0 81 0 0 76 77 0 74 0 0 0 0 53 0 0 47 48 0 
61 60 0 0 0 62 0 0 0 0 37 0 0 33 0 0 34 0 0 3 2 10 0 8 0 0 6 0 0 0 0 54 0 0 52 51 13 0 0 0 0 0 18 0 0 0 0 0 0 28 20 27 0 0 0 0 77 0 79 0 0 0 0 0 72 0 0 0 0 0 65 0 41 0 0 0 0 0 38 0 46 
0 0 0 0 0 0 0 0 0 0 0 0 53 0 0 0 52 54 27 21 20 28 0 0 23 0 0 67 0 66 0 0 0 0 70 0 0 0 0 30 0 0 0 32 0 39 0 42 0 46 38 0 0 44 12 0 14 11 0 17 0 0 15 0 9 8 0 0 0 6 0 7 0 61 0 0 0 0 0 0 0 
34 0 32 31 0 0 0 0 36 2 0 0 0 0 0 0 0 0 0 57 0 0 61 0 0 0 60 22 0 21 26 27 23 0 0 0 67 70 0 66 71 73 0 0 0 0 76 78 77 0 0 81 0 80 48 0 50 0 52 0 0 0 51 0 0 44 0 40 0 42 0 43 0 0 0 17 0 0 0 0 0 
0 66 65 64 0 0 0 0 69 35 43 38 41 0 0 0 0 0 15 0 0 16 0 14 0 10 12 55 53 54 0 0 0 0 58 0 0 0 0 18 0 0 0 20 17 0 0 0 29 0 0 33 0 0 81 0 0 0 0 5 6 0 3 0 78 0 0 73 0 75 0 0 0 0 0 0 0 0 0 0 0 
13 12 0 10 0 14 0 16 0 0 70 65 68 0 63 64 67 69 0 0 35 43 0 0 0 37 39 0 80 81 0 6 0 7 0 0 0 0 48 0 50 52 0 47 0 0 0 0 56 0 0 60 58 0 27 0 29 26 0 32 33 28 30 0 0 23 0 0 0 0 0 0 0 0 75 77 0 0 0 0 79 
0 0 0 0 0 59 0 0 0 0 0 0 0 30 27 0 31 0 0 0 0 0 0 5 0 1 0 46 44 0 0 51 0 0 49 0 0 13 0 0 14 16 15 0 0 18 19 21 20 0 0 0 0 23 0 0 74 0 0 77 0 0 0 0 0 0 0 0 0 0 62 67 0 0 0 0 0 0 0 0 43 
0 48 47 46 44 50 0 0 51 0 25 20 0 21 0 0 0 0 78 0 71 0 0 0 0 73 75 0 35 0 41 0 0 0 0 0 0 4 3 0 0 7 0 0 0 0 10 12 0 0 0 0 0 14 0 70 0 0 0 68 0 64 0 61 60 0 0 0 0 57 0 0 29 31 0 0 0 33 26 0 0 
40 0 38 0 35 0 36 43 42 0 16 0 14 0 0 10 0 0 0 0 0 0 67 68 65 64 0 0 26 27 0 0 0 34 0 0 0 76 0 0 0 79 0 0 71 0 1 3 0 0 0 6 4 0 54 61 0 0 0 59 0 55 0 0 0 0 45 0 0 0 0 49 0 0 0 23 0 0 0 18 0 
22 0 0 0 0 0 18 0 0 0 0 0 77 75 72 0 0 78 51 0 44 0 49 50 0 0 48 10 0 9 0 0 0 0 0 0 0 58 0 0 0 0 0 0 0 0 64 66 0 0 0 69 67 0 0 0 0 35 0 0 0 0 0 0 0 32 0 28 0 30 0 0 2 4 0 0 0 0 80 0 0 
4 0 0 1 80 5 0 0 0 0 0 0 0 57 0 0 0 60 0 0 26 34 31 32 0 28 30 0 71 0 0 78 0 0 76 75 37 0 0 36 0 0 0 0 0 0 0 48 0 0 0 51 49 50 0 0 20 0 0 0 24 0 0 0 0 0 0 0 11 12 8 0 0 67 66 68 0 69 0 0 0 
31 30 29 28 26 0 0 0 33 0 0 2 0 0 0 0 4 6 60 54 53 0 58 59 0 55 57 0 17 0 23 24 0 0 22 0 0 67 66 0 0 70 69 65 0 72 73 0 74 79 0 78 0 77 0 0 0 0 0 50 0 0 48 43 0 0 0 0 0 0 0 0 0 0 0 0 0 0 0 9 0 
76 0 0 73 0 77 0 0 0 0 0 47 50 48 0 0 0 51 24 0 17 0 0 0 0 0 0 64 62 63 68 69 65 0 67 0 28 0 30 0 0 34 0 29 0 0 0 0 0 0 35 0 0 0 9 16 0 0 0 14 0 10 0 0 0 0 0 0 0 3 80 0 0 0 0 0 0 60 0 0 0 
48 47 46 0 0 49 44 0 0 0 0 0 22 0 0 18 21 23 0 0 0 0 0 0 0 72 74 0 34 0 40 0 0 42 0 0 0 0 2 0 0 0 0 1 79 8 0 11 0 0 0 0 0 0 0 69 64 61 66 0 0 0 0 0 0 0 0 0 55 0 0 0 28 30 29 31 27 0 0 0 0 
0 0 1 0 0 0 80 6 0 52 0 55 0 0 53 0 0 59 0 26 0 0 30 31 0 0 0 0 0 0 76 77 0 78 0 74 0 0 0 0 0 42 0 0 0 44 45 0 46 0 43 0 48 49 0 24 0 0 0 0 0 0 0 15 0 13 0 9 0 0 7 0 0 0 0 0 0 0 61 62 0 
39 0 0 0 0 0 35 0 0 7 0 0 0 11 8 0 0 0 0 62 0 0 66 67 0 0 65 27 25 0 0 32 0 0 0 29 72 75 0 71 0 78 77 0 0 0 81 0 0 0 79 5 0 0 53 60 0 0 0 0 0 54 56 0 0 0 44 0 0 47 0 0 0 0 0 0 18 23 0 0 24 
12 11 0 0 0 13 8 0 0 0 0 0 67 65 62 0 0 68 41 35 0 42 39 0 0 36 0 81 79 0 0 0 0 6 3 2 0 0 47 0 0 0 0 0 43 53 54 56 0 60 52 0 0 0 26 0 0 0 30 31 0 27 0 24 0 0 0 18 19 20 0 0 73 0 0 76 72 0 0 71 0 
21 20 0 0 16 0 0 0 23 0 0 0 76 0 0 0 0 0 0 44 0 0 48 0 0 0 47 0 7 8 13 14 10 15 12 0 54 0 56 0 0 60 0 0 0 0 0 65 0 69 61 0 0 67 0 42 37 0 39 0 41 36 0 0 32 0 0 0 28 0 25 0 0 3 0 0 0 5 79 0 6 
0 0 0 0 0 0 62 0 68 34 0 0 40 38 0 36 0 0 14 8 7 0 12 0 10 9 0 0 0 53 0 0 55 0 0 56 0 0 0 0 0 0 0 19 16 0 0 0 0 33 0 0 0 31 80 0 0 0 3 0 0 0 0 0 0 76 0 0 73 0 0 0 46 0 47 0 0 0 0 0 0 
0 56 55 54 52 0 53 60 0 0 0 0 31 29 26 0 0 0 0 0 0 6 3 0 0 0 2 0 43 0 0 0 0 51 0 0 9 0 0 0 0 15 0 10 0 0 18 0 0 24 16 0 0 0 71 0 73 0 0 76 77 0 0 0 68 0 62 63 0 65 61 0 0 39 38 0 0 41 0 0 42 
0 0 73 72 0 0 0 78 77 43 0 0 0 47 0 45 0 50 0 17 0 24 21 22 0 0 20 63 0 0 67 68 0 0 66 65 0 30 0 26 31 33 0 28 0 35 0 0 0 0 0 0 0 0 8 0 10 7 12 13 0 9 11 0 0 0 0 0 0 2 0 0 0 57 0 0 54 0 52 0 0 
0 0 28 0 0 0 0 33 32 0 0 0 0 2 0 0 3 5 59 53 52 60 57 58 0 0 0 0 0 17 0 0 0 0 21 0 0 0 65 62 0 69 0 0 0 71 0 0 0 0 0 0 0 76 0 0 0 43 48 49 0 45 47 42 41 0 0 36 0 0 0 0 0 12 11 0 9 14 0 0 0 
0 59 0 57 0 61 0 63 0 0 0 0 0 0 0 30 33 0 0 0 1 0 6 7 0 0 0 0 0 47 52 53 49 0 51 0 12 0 0 0 16 18 17 13 0 0 0 0 0 27 0 0 24 25 74 81 0 0 0 0 80 75 0 0 0 0 0 66 0 0 64 0 0 42 0 43 0 44 37 0 45 
0 0 67 66 0 0 0 0 0 0 0 0 43 0 38 39 0 0 0 11 0 18 0 0 0 0 14 0 0 56 61 0 0 0 60 0 0 24 0 20 0 0 26 0 19 0 0 0 31 0 0 0 0 34 0 0 4 1 6 7 8 0 5 81 0 0 0 0 0 0 0 78 49 0 0 0 48 53 46 47 0 
0 0 40 39 37 0 38 45 0 0 18 13 16 0 0 0 0 0 0 0 64 72 69 70 0 66 0 0 0 0 34 0 31 0 0 32 75 0 0 74 0 0 0 76 73 0 0 5 0 9 0 0 6 0 0 63 58 0 0 0 62 0 0 0 53 0 0 0 0 50 0 0 0 0 23 25 21 26 0 0 0 
15 0 13 0 10 0 11 0 0 0 0 0 70 68 65 0 0 71 0 0 37 0 0 43 0 39 41 0 0 2 7 0 4 0 0 5 0 0 50 47 0 54 0 49 0 56 57 0 0 63 55 0 60 61 29 36 31 0 33 34 35 30 0 0 0 0 0 0 0 0 0 24 0 0 0 0 0 0 0 0 0 
33 0 0 30 28 34 29 36 0 1 0 4 0 5 0 3 6 0 62 56 0 63 60 0 58 57 0 0 0 0 0 26 22 27 24 0 66 0 0 65 70 0 0 0 0 74 75 77 76 0 0 0 0 0 0 54 0 0 51 0 0 0 0 0 0 0 38 0 0 41 0 0 0 0 14 0 0 17 10 0 0 
0 50 0 48 0 52 0 0 53 0 27 0 0 23 20 21 0 0 0 0 0 0 78 0 76 0 0 0 0 0 0 0 0 0 0 41 0 0 0 2 0 0 8 4 1 0 12 0 0 0 10 17 0 0 0 72 67 0 0 0 0 0 68 63 0 0 56 57 0 0 0 0 31 33 0 34 0 35 0 0 0 
24 0 22 0 19 25 0 0 26 73 81 0 79 0 0 0 0 0 0 0 46 54 0 52 0 48 50 12 10 0 0 0 13 0 0 0 57 0 0 56 0 63 0 58 55 0 0 68 0 0 0 0 69 0 38 0 40 0 0 43 0 0 41 0 35 0 29 0 31 32 0 33 4 6 0 0 3 0 0 0 0 
78 0 0 75 0 79 0 0 0 46 54 0 0 0 0 0 0 0 0 0 0 0 24 25 22 0 0 66 0 0 0 0 0 72 69 0 0 33 32 29 0 0 0 0 0 0 0 0 0 0 37 0 42 43 0 0 0 10 15 16 0 0 14 9 0 0 0 0 4 5 1 0 0 60 0 0 0 0 0 56 0 
0 5 4 0 1 0 0 0 8 55 0 0 61 0 0 0 0 0 0 29 28 36 33 34 0 0 0 0 0 74 0 80 0 0 0 77 39 0 41 38 0 0 44 40 0 0 48 0 0 54 46 53 0 0 20 27 0 0 0 25 26 21 23 18 0 0 0 0 0 0 0 0 0 0 68 70 0 0 0 0 72 
44 43 0 41 39 0 0 0 0 12 0 15 0 16 0 0 17 0 73 0 0 0 71 0 0 68 70 0 30 31 36 37 0 38 0 34 77 80 79 76 81 0 0 78 0 0 5 7 0 11 0 0 8 9 0 65 0 0 0 63 0 59 61 56 55 0 49 50 0 52 0 53 0 26 25 27 0 28 0 22 29 
0 52 0 0 0 54 49 0 0 0 0 0 0 0 0 0 0 28 0 76 75 0 80 81 0 77 79 41 39 0 0 0 42 0 0 0 0 8 0 0 9 11 10 0 0 0 0 0 15 0 12 0 0 0 67 74 0 0 0 72 73 0 0 65 64 0 0 0 0 0 0 0 0 35 0 0 32 37 0 0 0 
0 0 0 5 3 0 0 11 0 0 65 60 0 61 58 59 0 0 0 0 30 38 0 0 0 32 34 0 75 76 0 1 0 0 80 0 0 44 0 0 45 47 46 0 0 0 0 0 0 0 0 0 0 54 0 0 0 0 26 27 28 0 25 20 19 18 13 0 0 16 0 0 0 71 0 72 68 0 0 0 74 
0 79 0 0 75 81 76 0 0 0 0 0 0 0 0 50 0 0 28 0 0 0 0 0 0 0 0 0 66 0 72 0 0 74 0 0 0 0 0 0 0 0 0 0 30 40 41 0 0 0 39 0 0 45 0 20 0 0 0 18 19 14 16 11 0 9 4 5 6 0 3 8 0 0 0 63 59 0 0 0 0 
0 0 60 59 0 0 0 0 0 0 0 0 0 0 31 32 0 0 0 0 0 0 8 0 0 0 0 0 0 0 54 55 0 56 0 0 0 0 0 13 0 0 0 0 0 22 0 0 0 29 21 0 0 27 0 2 0 0 0 0 0 0 79 0 73 0 0 0 69 70 0 0 0 0 0 0 41 46 0 0 47 
71 70 69 0 0 0 67 0 0 39 47 42 0 0 40 0 0 0 0 0 0 0 0 0 0 0 0 0 57 0 0 64 0 65 0 61 0 0 0 22 0 0 0 0 0 0 32 0 0 0 0 0 0 0 0 0 0 3 0 0 0 0 0 2 1 81 0 0 0 0 0 80 0 0 0 54 0 55 0 0 56 
0 25 0 23 21 27 0 0 28 0 0 0 0 0 76 0 80 0 0 0 48 56 0 0 0 0 0 14 12 13 18 0 15 0 17 16 0 0 0 0 63 0 0 0 57 0 68 0 69 0 0 0 0 72 0 47 0 0 0 45 46 0 43 0 37 0 31 0 0 0 0 0 0 8 0 0 0 0 0 0 0 
0 0 33 32 30 0 0 0 0 3 0 0 9 0 4 0 0 10 0 58 57 65 0 63 0 0 61 0 0 22 0 28 0 29 26 0 0 0 0 67 0 0 73 0 66 76 0 79 78 2 0 0 0 81 49 56 0 0 0 0 0 0 0 47 0 0 40 0 0 43 0 44 0 0 16 0 0 0 12 13 0 
0 0 0 14 12 0 13 20 0 66 0 0 72 70 67 0 0 73 0 40 39 0 0 0 42 41 43 0 0 0 9 10 0 0 8 7 50 53 52 0 0 56 55 51 48 0 59 0 0 0 0 0 0 0 0 38 33 30 35 36 0 32 0 29 0 27 0 23 24 0 21 0 0 0 0 0 77 1 0 76 0 
