9
46 0 0 0 40 0 0 0 0 0 50 0 0 0 0 0 0 49 0 0 24 0 0 23 0 26 0 0 0 0 0 0 32 0 0 0 71 75 0 0 72 0 0 67 0 81 0 1 0 0 0 2 80 77 0 0 0 0 0 0 0 5 0 0 0 0 58 61 0 0 0 0 18 0 20 0 16 14 19 0 17 
0 71 69 0 67 0 0 75 70 0 0 78 0 1 0 79 3 0 0 54 0 0 57 0 52 53 0 0 66 0 0 0 0 0 0 63 0 0 0 0 0 0 0 0 0 27 0 0 0 0 24 0 26 0 0 39 0 33 0 31 0 0 38 6 0 0 0 0 12 0 11 0 45 0 47 0 0 41 46 42 0 
1 80 78 0 76 2 0 0 0 9 0 6 11 10 8 0 0 0 0 0 60 0 0 0 0 0 0 0 0 71 0 70 68 73 0 0 26 0 24 29 27 25 23 22 0 0 34 0 31 39 0 0 0 0 45 0 0 0 0 0 43 0 0 0 17 0 0 0 0 0 20 18 0 49 0 0 0 0 55 51 0 
37 0 0 0 0 0 0 0 0 0 41 0 0 0 0 0 0 40 13 0 15 0 0 0 0 17 0 0 0 26 22 25 0 28 0 0 0 0 60 0 63 61 0 0 64 72 0 0 67 0 0 0 0 68 0 0 1 78 0 0 79 77 2 51 0 0 49 0 0 50 0 0 0 0 0 12 0 5 10 0 0 
0 0 24 0 0 29 27 0 25 0 32 33 0 0 0 0 0 0 0 0 6 10 12 0 7 8 11 0 21 17 0 16 14 19 0 18 0 57 51 56 54 0 50 0 0 63 0 64 58 0 0 65 62 59 0 0 0 0 0 0 70 68 0 0 0 0 0 0 0 0 0 0 81 76 0 3 0 0 1 78 80 
0 8 6 0 0 0 0 0 7 18 0 15 0 0 17 0 21 0 67 0 69 73 0 68 0 0 0 0 3 0 0 0 0 1 2 0 0 39 0 0 36 0 0 0 37 0 0 0 0 48 0 47 0 0 54 0 0 0 53 49 52 0 0 24 26 28 22 25 0 0 0 0 63 58 0 66 0 0 0 0 0 
0 62 0 0 0 65 0 0 61 72 0 69 0 0 0 0 75 0 40 45 42 46 0 41 0 0 0 51 0 0 0 0 50 0 56 0 0 0 0 0 0 7 0 0 10 18 16 0 13 21 0 20 17 0 0 30 0 24 0 0 25 0 0 0 0 1 0 0 0 77 0 0 36 0 0 0 0 0 0 0 35 
55 53 0 0 0 0 0 0 52 63 0 60 65 0 0 61 0 58 0 36 33 0 0 32 0 0 0 0 0 44 40 0 0 46 0 0 0 0 0 2 81 0 77 76 0 0 0 0 0 12 6 0 0 0 18 0 19 0 0 13 0 14 20 69 0 73 0 0 0 0 0 0 27 22 29 30 0 0 28 0 0 
19 17 0 0 0 0 0 0 16 0 0 24 0 28 0 0 30 22 76 0 0 0 0 77 0 0 0 0 0 8 4 0 5 0 0 0 0 48 42 0 0 0 0 40 0 0 52 0 49 0 0 0 0 50 63 66 64 60 0 0 0 0 0 0 35 0 0 0 39 32 38 0 72 67 0 75 0 0 0 69 0 
0 0 0 0 0 0 51 0 0 0 0 57 0 61 0 0 0 55 0 0 0 34 36 29 0 32 35 0 0 0 37 0 0 0 44 42 77 0 75 0 78 76 74 0 79 0 0 0 1 0 0 8 0 2 0 0 0 0 14 10 13 0 0 0 68 0 0 67 72 0 71 0 0 19 0 0 0 0 25 0 23 
0 41 39 0 37 0 0 45 0 0 0 48 0 0 0 49 54 0 19 24 0 25 27 0 22 0 0 30 0 32 28 0 0 0 0 33 0 72 66 0 0 67 0 0 70 78 76 0 73 81 0 0 77 74 6 0 7 0 5 0 0 0 8 0 59 0 55 0 63 0 62 60 0 0 0 18 0 11 0 12 0 
61 59 0 0 55 62 0 63 0 69 0 0 71 0 68 0 72 0 0 0 39 0 0 38 0 41 44 0 54 50 0 0 0 0 0 51 5 0 3 0 0 4 2 0 7 15 0 16 0 18 12 17 14 11 0 0 0 21 0 19 22 0 26 0 77 0 0 76 0 0 80 78 0 28 0 0 31 29 0 30 32 
0 77 0 74 0 0 0 0 0 6 0 3 0 0 0 4 9 1 0 60 0 0 0 0 0 0 0 0 0 0 0 0 65 0 71 0 0 0 21 0 24 22 0 19 0 33 0 34 0 36 0 35 32 0 42 0 0 0 41 0 40 0 44 12 14 0 10 13 0 11 0 15 0 46 53 0 0 0 0 0 0 
0 0 0 65 0 71 0 72 0 78 0 75 80 0 77 76 81 73 0 0 0 52 54 0 0 0 0 0 0 59 55 0 56 61 62 0 14 18 12 0 15 0 0 10 0 24 22 0 19 0 0 0 23 0 33 0 0 30 32 0 31 0 0 3 0 7 0 0 0 2 0 0 0 37 0 0 40 38 43 0 0 
7 5 0 2 0 8 0 9 0 0 11 0 17 16 0 13 0 0 0 0 0 70 0 65 0 68 71 75 0 0 0 0 0 0 0 0 32 0 0 0 33 0 0 28 0 0 40 0 0 0 0 44 41 0 0 0 0 48 0 46 49 0 0 0 23 25 0 0 0 0 0 0 0 0 0 0 58 0 61 57 59 
0 0 0 11 10 0 0 0 0 24 0 21 0 0 0 22 0 19 0 0 0 0 81 74 0 0 80 0 9 5 0 0 0 0 0 6 41 0 0 44 0 40 0 0 0 51 49 0 0 0 0 0 0 47 0 63 0 57 59 0 58 0 0 30 0 0 0 0 36 29 35 0 0 64 0 0 67 65 0 66 68 
34 32 0 29 0 0 0 0 0 42 38 0 44 0 0 40 45 37 0 15 0 16 18 11 0 0 17 0 0 23 0 22 0 25 0 0 0 63 0 0 60 58 0 0 0 0 0 0 64 0 66 71 0 0 78 0 0 0 0 0 76 74 0 48 50 52 46 49 0 47 53 0 6 0 0 0 0 2 0 3 0 
25 23 0 0 19 0 0 0 22 0 0 0 35 0 0 0 0 28 1 6 3 0 9 2 4 5 8 12 18 0 10 13 0 0 17 0 0 0 0 0 51 49 47 0 0 0 0 0 0 0 57 62 59 56 0 0 0 0 68 0 0 0 0 0 41 0 37 40 45 0 44 0 0 73 0 81 0 0 0 75 77 
14 12 0 0 8 0 13 0 11 22 0 19 0 0 0 20 25 17 71 0 0 0 79 0 74 75 0 0 0 0 80 0 81 0 6 4 39 0 37 42 0 0 0 0 0 49 47 50 0 52 0 51 48 45 58 61 0 0 0 0 0 54 0 0 30 0 26 29 34 27 0 0 0 0 69 0 0 0 0 64 0 
0 0 37 0 0 0 0 43 0 0 45 0 0 50 0 0 0 44 0 22 19 0 25 0 20 0 24 28 0 0 0 0 27 32 33 31 0 70 0 69 0 65 63 0 0 76 74 77 0 79 73 0 75 72 0 0 5 1 0 0 2 0 0 55 57 59 53 0 61 54 60 58 13 8 0 16 0 9 14 0 0 
23 21 0 0 0 0 0 25 20 0 27 28 0 0 30 0 0 26 80 0 1 0 0 81 0 3 0 0 16 12 8 11 9 0 0 13 48 0 0 0 0 0 45 44 50 58 0 59 53 0 55 0 57 0 67 0 0 64 0 0 65 0 0 37 39 0 35 0 0 0 0 0 76 0 78 79 0 72 0 0 75 
0 75 73 72 0 0 76 0 0 0 0 1 0 0 0 0 0 0 0 0 55 0 61 54 0 0 60 64 0 66 0 65 0 0 69 0 0 25 19 24 0 0 18 0 0 31 0 32 0 0 28 33 0 0 40 0 0 0 0 0 0 36 0 0 0 14 8 0 0 0 0 0 49 0 0 0 0 0 0 0 0 
0 0 0 0 26 0 31 0 0 40 0 0 42 41 39 38 0 0 0 0 10 0 16 9 0 12 15 0 25 0 0 0 18 0 0 22 57 61 55 0 58 0 54 53 0 67 65 68 0 70 0 69 66 0 0 79 77 0 75 0 74 72 78 0 48 0 0 47 0 45 0 0 0 80 0 0 0 81 0 1 0 
5 3 1 0 0 0 0 0 0 0 9 10 15 14 12 0 0 8 0 0 64 0 70 0 65 66 0 0 0 75 0 74 72 77 0 76 0 34 0 0 0 0 0 0 0 40 0 41 35 0 0 0 0 36 0 52 0 46 0 0 0 0 0 0 0 0 0 0 0 0 0 0 0 0 0 0 0 54 0 0 0 
0 66 0 63 0 0 0 70 0 0 0 0 0 0 0 0 79 0 44 49 0 0 0 45 0 48 0 55 0 0 0 56 0 0 60 58 12 0 0 15 0 11 0 0 14 0 0 0 0 0 0 0 0 18 0 0 0 0 30 0 29 0 33 1 3 0 0 2 7 0 0 0 0 0 0 43 38 36 41 0 0 
0 57 0 0 53 0 0 61 56 0 0 64 69 68 0 0 0 0 35 0 0 41 0 0 0 0 0 0 0 48 44 0 0 0 0 49 3 0 0 6 4 2 0 80 5 0 0 0 0 16 0 0 0 0 0 25 23 0 0 17 0 0 24 0 0 0 71 0 0 0 0 76 31 0 0 0 29 0 0 0 30 
0 48 46 0 44 51 0 0 47 58 0 0 0 59 0 56 61 53 26 0 0 32 0 27 29 0 33 37 43 39 0 38 0 0 42 40 0 0 73 0 76 74 72 71 0 4 0 0 0 7 0 0 3 0 0 0 0 10 12 8 0 0 15 0 66 68 62 65 70 63 0 0 22 0 24 0 20 0 0 19 21 
0 72 70 0 0 75 0 76 0 1 78 79 0 2 0 0 4 77 0 55 52 56 58 0 53 0 0 61 0 0 0 62 0 0 66 64 18 22 0 0 0 17 15 0 0 28 26 0 0 0 0 0 0 0 0 0 0 0 0 0 0 33 39 7 0 0 0 0 13 6 12 0 0 0 0 0 0 0 0 0 0 
65 0 61 60 59 66 64 67 62 73 69 70 0 74 0 0 0 0 41 46 0 0 49 0 44 45 48 52 0 54 0 0 0 0 57 55 0 13 0 0 0 8 0 0 0 0 17 20 0 0 0 0 18 0 0 0 0 25 0 23 0 0 0 0 81 0 0 0 4 78 0 0 37 32 0 40 0 33 0 34 36 
0 18 0 15 0 0 0 22 17 28 0 0 30 0 0 26 31 23 0 0 79 2 0 0 80 0 0 7 13 0 0 0 0 0 12 0 0 0 0 0 46 44 0 0 47 55 53 0 0 58 0 57 54 0 0 0 0 61 0 59 62 0 0 34 36 38 32 0 0 0 0 0 0 68 0 0 71 0 74 0 0 
0 0 0 0 50 0 55 0 0 0 0 61 0 0 63 0 0 0 0 37 34 38 0 33 0 0 0 0 49 0 0 0 42 47 48 0 81 0 79 0 0 0 78 0 2 10 0 0 0 0 0 0 0 0 0 0 0 16 0 14 0 0 0 70 0 74 68 0 0 0 75 0 0 0 0 0 0 0 0 25 27 
0 36 0 33 0 39 0 0 0 0 42 43 48 0 0 0 0 0 14 0 16 0 0 0 17 18 0 0 31 27 0 0 24 0 0 0 0 0 61 0 0 62 0 0 65 73 0 74 0 0 70 75 0 69 0 0 0 79 0 0 0 0 3 0 0 0 0 53 58 0 0 0 10 5 12 0 0 0 11 0 9 
0 81 0 78 0 0 0 0 80 10 0 0 0 11 9 8 0 5 0 0 0 65 67 0 0 63 66 70 0 72 0 0 0 0 0 73 0 31 0 30 0 0 0 23 0 0 0 0 0 40 0 0 36 33 0 0 0 43 0 0 0 0 0 16 18 0 0 0 22 15 0 19 0 0 0 0 0 51 56 0 54 
29 0 0 0 0 0 28 31 0 37 0 0 39 38 0 0 0 32 0 0 0 0 0 0 0 0 0 0 0 0 14 0 0 20 0 0 54 0 52 0 55 0 0 0 0 0 0 0 59 0 61 0 0 0 73 0 0 70 0 0 71 69 0 43 0 0 41 44 49 0 48 0 0 0 0 4 80 78 0 79 81 
0 0 7 0 0 0 0 0 0 0 0 16 0 20 0 17 0 14 68 73 70 74 76 0 0 72 0 79 4 0 0 80 0 0 0 1 0 0 34 0 37 0 33 32 38 46 0 47 41 0 43 48 0 0 55 0 56 0 0 0 53 51 57 0 0 0 0 0 0 0 0 28 0 59 0 0 62 0 0 0 0 
0 0 0 0 0 48 46 0 44 55 0 0 0 56 0 0 0 0 0 0 25 0 0 0 0 0 30 34 0 0 0 0 0 0 39 0 72 0 70 0 0 0 69 68 74 1 80 0 0 4 0 3 0 78 10 13 0 0 9 0 0 6 12 0 63 0 0 0 0 0 66 64 0 14 21 0 17 0 0 0 0 
9 0 0 0 0 10 8 11 0 0 0 0 19 0 0 0 0 0 66 0 68 0 0 67 69 70 73 0 0 79 0 0 0 0 1 0 0 0 0 37 35 33 0 0 36 0 42 45 0 0 0 46 43 0 0 56 54 0 0 48 51 0 0 23 25 0 0 0 0 0 28 0 0 0 64 65 0 58 63 0 0 
0 0 41 40 0 46 0 0 0 0 0 0 0 0 0 51 0 0 0 26 23 27 29 22 24 0 0 32 0 0 30 33 0 36 37 35 70 74 0 73 71 0 67 0 0 80 0 0 75 2 0 0 79 76 0 0 9 0 0 0 0 4 0 59 0 0 0 60 0 0 64 62 17 12 0 20 0 13 0 0 0 
0 0 0 31 30 37 35 38 33 0 0 0 0 0 0 42 0 0 0 17 0 18 20 13 0 0 19 0 29 0 0 0 22 0 0 0 0 0 59 64 0 0 0 0 63 71 0 0 66 0 0 0 70 0 80 0 0 77 79 0 0 76 0 0 0 54 0 51 0 0 0 0 8 0 0 0 0 0 9 0 0 
18 0 14 13 0 0 0 20 15 26 0 0 0 27 25 0 29 0 75 80 0 0 0 0 78 0 0 0 11 7 3 6 0 0 0 8 0 47 41 46 0 0 40 39 0 53 51 54 0 0 0 0 52 49 0 65 0 59 61 57 60 0 0 0 34 0 30 0 0 31 37 35 0 0 0 0 69 67 0 68 70 
81 79 0 76 75 1 0 2 0 0 4 0 0 0 7 0 11 0 0 0 0 0 0 58 60 0 0 0 0 0 0 69 0 0 73 0 25 0 23 28 0 0 0 0 0 0 0 0 0 0 32 37 0 0 0 47 0 41 43 0 0 0 46 14 0 0 12 15 0 0 19 0 53 48 55 56 0 0 0 0 0 
0 0 0 0 48 0 0 0 51 0 0 0 64 0 0 0 0 57 30 0 0 0 0 0 0 0 37 41 47 0 0 0 0 45 46 0 0 0 0 1 80 0 0 75 0 8 0 0 0 11 5 0 7 0 0 20 0 14 16 12 15 0 19 0 0 0 66 0 0 67 73 71 0 0 28 29 0 0 27 0 0 
0 61 0 0 0 0 62 65 60 0 67 68 73 0 0 69 74 0 0 0 0 0 0 40 0 43 46 0 0 0 0 51 49 0 0 53 0 11 5 10 8 0 0 0 0 17 0 18 12 0 0 0 16 13 0 29 0 0 25 21 24 0 28 0 79 0 0 78 0 0 0 80 35 30 0 0 0 0 0 0 0 
27 25 0 0 21 28 26 0 24 0 31 0 0 0 0 0 0 30 0 0 5 9 0 0 0 7 10 14 20 16 0 15 13 0 0 17 0 56 50 55 53 0 49 0 0 0 0 0 0 65 59 0 61 58 0 0 0 68 0 0 0 0 0 0 0 0 0 42 0 40 0 44 80 0 1 0 0 0 0 0 79 
0 70 68 67 0 0 0 0 0 0 76 0 1 81 79 78 0 0 0 0 50 54 0 49 0 52 55 0 65 0 0 0 0 0 64 0 0 0 14 19 17 15 0 0 0 0 0 0 21 0 0 0 0 0 35 38 36 32 34 0 33 31 37 0 0 9 3 0 11 0 10 0 44 0 0 47 0 0 45 0 43 
0 0 0 7 0 13 0 14 0 20 0 17 22 21 0 18 23 0 69 0 0 75 0 70 72 0 0 0 0 1 0 0 79 0 4 2 37 0 0 0 0 36 0 0 39 47 45 48 0 50 44 0 46 0 0 59 57 53 55 0 54 52 0 26 0 30 0 0 0 25 0 0 0 0 67 0 63 0 66 0 0 
0 55 0 52 51 58 0 59 0 65 0 62 0 0 64 63 68 0 33 0 0 39 0 34 0 0 0 44 50 0 0 0 43 0 0 0 1 0 0 0 0 0 0 0 0 11 9 0 0 0 8 0 0 0 0 23 0 0 19 15 0 16 22 71 0 0 69 0 77 70 76 74 0 24 0 32 27 0 30 26 0 
3 0 0 79 78 0 2 5 81 11 7 0 13 0 0 0 14 0 0 0 0 66 68 0 63 64 67 0 0 0 0 0 0 75 0 74 28 0 26 31 0 0 25 0 0 0 36 39 33 41 35 0 0 0 0 0 0 0 46 42 0 43 49 17 19 21 0 18 0 0 0 20 0 0 58 59 0 52 0 53 0 
0 0 0 34 33 0 38 0 0 0 43 0 49 48 0 0 50 0 0 20 17 0 0 0 0 19 22 0 0 0 0 27 0 0 0 0 0 0 0 67 0 0 0 0 0 74 0 0 0 0 0 76 73 0 0 0 0 80 0 78 81 0 0 0 0 57 0 0 59 0 0 0 11 0 0 14 0 7 0 0 10 
0 28 26 25 0 31 29 32 0 0 34 0 40 39 37 0 41 0 6 0 8 12 14 0 9 0 13 0 23 19 0 18 0 0 22 20 55 0 53 0 0 54 52 0 0 0 0 0 60 0 0 67 64 61 0 0 75 0 0 0 72 0 0 0 46 0 0 0 0 43 0 0 0 78 4 0 81 79 3 80 1 
66 0 62 61 0 0 65 0 63 74 70 0 0 75 0 72 0 0 0 47 0 0 0 43 0 0 0 0 0 0 51 54 0 0 0 0 0 14 0 0 0 9 0 6 0 0 18 21 15 0 17 0 0 0 0 0 0 0 0 0 0 0 0 0 1 3 0 81 5 79 0 2 0 33 40 0 36 34 0 0 0 
0 0 0 70 69 76 74 77 72 2 0 80 0 3 0 0 0 78 0 56 53 0 0 52 54 0 0 0 0 64 0 63 0 0 0 0 0 23 17 0 0 18 0 0 21 29 27 0 0 32 0 31 0 25 0 0 0 35 0 0 0 0 0 8 0 0 0 0 0 0 13 11 0 0 0 0 45 0 48 0 46 
0 0 0 0 0 0 0 0 0 0 0 0 0 0 0 27 0 0 0 2 80 3 0 79 0 0 0 8 0 0 6 0 7 0 13 11 46 50 44 49 0 0 0 0 48 56 0 0 51 0 53 0 0 52 65 68 66 0 64 0 63 61 67 0 0 0 33 0 41 0 0 38 74 0 76 0 0 0 0 71 0 
0 0 44 43 42 0 47 50 0 0 52 0 58 0 55 0 0 0 0 0 0 0 32 25 0 0 31 35 41 37 0 36 0 0 40 38 73 0 71 0 74 0 70 69 0 0 81 3 0 5 80 0 1 0 0 0 12 0 10 0 9 7 0 0 0 0 60 0 0 61 0 0 20 0 0 0 18 0 0 0 0 
0 0 49 0 0 54 0 0 0 0 0 58 63 62 0 0 64 0 0 34 0 0 0 0 0 0 0 40 0 42 0 0 0 44 0 0 0 1 76 0 79 77 0 0 0 7 5 8 0 10 0 9 6 3 16 0 17 13 15 11 14 0 18 0 69 0 0 68 0 0 0 0 0 20 0 28 0 21 0 0 24 
0 0 31 30 29 36 34 0 32 43 0 0 45 44 0 0 0 0 11 0 13 0 0 12 0 0 0 0 0 0 20 23 0 0 0 0 60 0 58 0 0 0 0 0 0 70 0 0 65 0 0 0 69 0 79 1 0 0 78 0 0 0 0 49 51 0 0 0 55 0 0 52 0 2 0 0 0 0 0 4 0 
62 0 58 0 0 63 61 0 0 70 0 0 72 71 0 0 0 0 0 43 0 0 0 0 0 0 45 0 55 51 0 0 0 0 54 0 0 0 4 9 0 0 3 0 8 0 14 0 0 0 13 0 0 0 0 28 0 0 0 0 23 0 27 76 0 0 74 77 0 75 0 0 34 0 36 0 32 30 0 0 33 
0 0 67 0 65 0 0 0 0 79 0 76 81 0 0 77 0 74 0 0 0 53 0 48 0 0 0 0 64 0 0 0 0 62 63 0 0 0 13 0 0 0 12 11 17 0 0 0 0 28 0 0 0 0 34 37 0 31 0 0 0 0 0 0 0 0 0 0 0 0 9 7 43 38 0 0 0 39 44 40 42 
26 24 0 0 20 27 0 0 0 0 0 0 0 0 33 0 37 0 0 7 0 0 10 3 0 6 9 13 0 15 0 14 0 17 0 16 51 55 0 0 0 50 0 0 53 61 0 62 56 64 0 63 60 0 70 0 71 0 69 0 68 66 72 0 0 44 0 0 46 0 0 43 0 0 0 0 0 0 80 76 0 
80 78 0 0 0 81 0 1 77 0 0 0 0 0 0 5 0 0 0 61 0 62 64 0 0 60 0 0 73 69 65 68 0 0 0 70 0 28 0 0 25 0 21 20 26 0 0 0 29 37 0 36 33 30 43 46 44 40 42 0 41 0 45 13 15 0 11 14 19 0 0 16 0 47 54 0 0 48 0 0 0 
44 42 40 0 0 0 0 0 0 52 48 0 0 0 51 0 0 0 20 0 22 0 28 21 23 24 27 0 0 0 0 0 30 0 0 34 0 0 0 0 0 68 66 65 0 79 77 80 0 0 0 0 0 0 7 0 0 0 6 0 5 0 0 0 0 0 0 0 0 0 0 61 0 11 18 19 0 0 0 0 0 
0 0 0 0 0 0 16 19 14 0 0 0 0 26 24 0 0 0 0 79 0 0 1 0 77 0 0 0 10 0 0 5 0 0 0 0 0 0 40 0 0 0 0 0 44 0 50 53 0 0 0 0 51 0 61 0 0 0 60 56 59 57 63 0 0 0 0 0 0 30 0 34 0 65 72 73 0 66 0 0 0 
0 6 4 0 2 9 0 0 5 16 12 0 0 17 15 0 0 0 0 0 0 71 0 66 0 0 0 0 1 0 74 0 75 0 0 79 0 37 0 36 0 0 30 0 35 0 41 44 38 0 0 0 0 0 0 55 0 49 0 0 0 0 54 0 24 0 0 0 28 0 0 0 0 0 0 64 0 0 62 58 0 
0 31 0 0 27 34 0 35 30 0 0 0 0 0 40 0 0 36 9 0 11 0 0 10 12 0 0 0 26 0 18 21 19 24 25 23 0 0 0 61 0 0 0 0 60 0 0 0 63 0 0 0 0 64 0 0 0 0 0 0 0 73 79 47 0 0 45 0 0 46 0 50 0 81 0 0 3 0 0 0 4 
0 0 0 0 63 70 0 0 0 0 0 74 0 78 0 0 0 0 45 50 0 0 53 46 0 0 52 0 0 0 54 57 55 0 0 59 0 17 0 0 0 12 0 0 0 0 21 24 18 0 20 25 0 0 0 0 33 0 31 27 30 28 0 0 0 0 81 3 0 1 7 5 0 36 0 0 39 37 0 0 0 
42 40 0 0 36 0 41 0 0 0 0 47 0 0 0 48 53 45 0 23 0 0 26 0 21 22 25 29 35 0 0 0 28 0 0 32 0 71 65 70 68 0 64 63 69 77 0 0 0 0 0 79 0 73 0 8 0 0 0 0 0 0 7 0 0 60 0 0 0 55 61 0 0 9 16 0 0 0 15 0 0 
24 0 0 0 0 0 0 26 21 0 28 0 0 0 0 0 35 27 81 0 0 0 0 0 3 0 0 11 0 0 0 12 10 15 0 14 0 53 0 0 0 0 46 45 0 0 0 60 0 62 0 0 0 55 0 71 69 65 0 0 0 64 70 0 0 0 36 39 0 0 0 0 0 0 0 0 0 0 0 74 76 
6 0 0 1 0 0 0 8 0 14 0 11 16 15 0 12 0 9 63 0 0 69 0 64 0 0 0 0 0 0 0 75 0 78 0 0 0 35 29 0 32 30 0 27 33 0 0 0 0 44 0 43 40 0 0 53 0 47 49 45 0 46 52 20 22 0 0 0 0 19 0 0 59 0 61 0 0 55 0 0 0 
51 0 0 0 0 52 50 0 0 59 0 0 0 0 0 57 0 0 0 0 0 33 0 0 0 0 0 0 0 0 0 39 37 0 0 41 76 80 0 79 0 0 73 0 0 0 3 6 0 0 2 0 4 1 0 17 15 11 13 9 12 10 0 65 0 0 0 0 71 0 70 0 0 0 0 0 21 19 24 0 22 
15 13 0 10 0 16 0 0 0 0 19 0 0 24 0 0 0 0 72 0 74 0 0 73 75 0 0 2 0 0 0 3 0 0 0 5 0 0 0 43 0 39 0 0 42 0 0 0 45 0 0 0 0 46 59 0 0 0 0 54 0 0 0 0 0 33 0 30 35 28 34 32 68 0 70 0 66 64 0 65 67 
78 76 74 0 0 79 0 0 0 0 0 0 7 0 0 0 8 0 0 59 0 60 0 0 0 58 0 65 71 0 63 66 0 69 70 0 0 0 0 25 0 21 0 18 0 0 0 33 27 35 29 0 31 28 0 0 42 0 0 36 39 0 43 0 13 15 0 0 17 0 0 0 50 45 0 0 0 0 0 47 49 
0 0 56 55 54 61 59 62 0 0 0 65 0 0 67 0 71 63 0 0 38 0 0 0 0 0 0 0 53 0 0 48 46 0 52 0 0 8 2 7 0 3 1 81 0 0 12 15 0 17 0 0 0 0 23 26 24 20 22 18 21 0 0 74 76 0 0 0 80 73 0 0 0 27 34 0 0 0 0 0 31 
49 0 45 0 43 0 0 51 0 57 53 54 0 58 0 0 0 52 25 0 0 31 0 0 0 29 0 36 0 0 0 37 0 40 0 0 0 78 72 77 0 0 0 0 0 3 1 4 0 0 0 0 0 0 12 15 0 0 0 7 10 0 0 63 65 0 61 0 0 0 0 0 0 0 0 0 19 0 22 0 20 
58 0 54 53 52 59 0 0 55 0 0 63 68 67 0 64 0 61 0 0 0 0 0 35 37 0 0 0 0 0 0 0 0 0 50 48 2 6 0 5 0 1 0 79 0 0 10 13 0 0 9 0 0 8 0 0 22 0 20 16 19 0 0 0 74 0 0 73 0 0 0 75 30 25 32 0 0 0 0 27 29 
0 74 0 0 70 77 0 0 0 3 0 0 5 0 2 0 0 0 52 0 0 58 0 0 0 0 59 63 0 0 61 64 62 0 0 0 0 24 18 0 21 19 0 16 0 0 28 0 0 0 0 32 0 26 0 0 0 0 38 0 37 35 0 9 0 13 7 10 15 0 0 12 0 0 50 51 46 44 0 0 0 
13 0 0 8 0 0 12 15 0 0 0 18 0 0 20 0 24 0 70 0 0 0 78 0 0 0 77 0 6 0 79 0 0 0 5 3 0 0 0 0 0 0 0 34 40 48 46 0 43 51 0 50 47 0 57 0 0 0 0 0 0 0 0 27 29 31 0 28 0 0 32 30 0 61 0 0 0 62 0 0 0 
0 65 0 0 0 0 0 0 64 75 0 0 0 76 74 73 0 70 43 0 45 0 0 44 46 47 0 0 60 0 0 0 53 0 0 57 0 0 9 0 0 10 0 7 0 21 0 22 16 0 0 23 0 0 30 33 31 0 0 0 28 26 0 0 2 0 79 1 0 80 0 0 39 34 41 0 37 0 0 0 38 
0 20 18 17 0 0 21 0 0 0 0 0 32 0 29 0 33 25 79 3 0 4 0 0 0 0 5 9 0 11 7 10 8 0 14 12 47 51 0 50 0 0 44 0 49 57 55 58 0 60 0 0 56 0 66 0 67 63 0 61 64 62 68 36 0 40 0 37 0 35 41 0 0 0 77 78 0 71 0 0 74 
0 29 0 0 25 32 30 33 28 39 35 0 0 40 38 0 42 0 7 0 9 0 0 0 0 0 0 18 24 0 0 0 17 22 0 0 0 0 54 59 57 55 0 52 58 66 0 0 0 69 0 68 0 0 0 78 0 0 74 70 0 71 0 0 0 0 0 0 0 44 0 48 0 0 5 0 0 0 4 81 0 
40 0 36 0 0 0 39 0 37 48 0 45 50 0 0 0 0 43 16 0 18 0 24 17 0 0 23 0 0 0 25 0 0 31 0 0 0 0 0 0 0 0 62 61 67 75 0 0 70 0 0 77 0 71 3 6 0 0 0 79 1 80 0 54 0 0 52 0 0 53 59 57 12 0 0 0 0 8 13 9 11 
0 0 0 0 0 0 3 6 0 12 0 9 14 13 11 10 0 0 61 0 0 0 0 0 0 65 0 0 78 0 0 0 0 0 77 75 0 33 0 0 30 0 26 0 0 0 0 0 34 0 0 41 0 0 0 0 0 0 47 43 46 0 0 18 20 0 16 19 0 17 0 0 0 52 59 0 55 53 0 54 0 
