9
36 0 0 0 33 0 34 32 0 0 68 74 0 0 71 0 0 75 0 25 0 0 0 28 30 29 0 0 0 0 2 80 1 0 0 0 0 21 16 0 0 0 22 0 18 0 5 0 0 0 12 11 0 9 0 54 0 58 0 0 0 50 0 49 0 46 0 44 42 0 0 47 61 64 0 0 0 0 0 0 62 
0 47 0 0 42 0 43 41 0 0 77 0 4 78 0 1 79 0 0 0 0 0 0 37 39 0 35 7 0 0 11 0 0 0 0 0 23 0 0 24 0 0 31 28 0 22 0 16 0 19 21 20 0 0 0 0 0 67 0 66 0 59 64 0 50 0 52 53 51 0 0 56 0 0 0 76 75 68 0 0 0 
27 0 31 26 24 28 0 0 30 63 0 0 0 60 0 0 61 0 14 0 0 0 22 19 21 0 17 70 0 0 74 71 0 0 0 0 5 12 0 0 0 0 13 0 0 4 77 0 0 1 3 0 80 0 47 45 0 0 43 0 0 0 46 0 0 0 34 0 0 39 36 38 0 0 0 58 57 0 54 56 0 
9 0 13 0 0 10 7 5 0 0 0 47 49 0 44 0 0 0 0 0 0 78 0 1 0 2 80 0 0 0 0 53 55 0 0 50 0 0 0 69 0 74 76 0 0 0 59 0 0 64 0 65 0 0 0 27 26 0 25 0 24 23 28 0 14 19 0 17 15 21 0 0 0 0 0 40 0 0 36 38 0 
0 0 76 71 0 0 0 0 75 0 23 0 0 0 26 0 0 30 59 0 63 0 67 64 66 65 62 0 33 0 38 0 0 0 0 32 0 57 52 0 0 0 0 55 54 49 0 43 42 46 0 47 0 0 0 0 0 13 0 12 6 0 10 4 0 0 79 80 78 3 81 0 0 19 15 0 21 0 18 20 17 
0 0 67 0 0 0 0 59 66 0 14 20 22 0 17 19 0 0 50 52 54 51 58 55 57 0 0 25 24 0 29 0 28 31 0 0 0 0 43 0 0 0 0 0 0 0 0 34 33 37 39 0 0 0 0 0 0 4 0 0 0 0 0 76 0 73 70 0 0 0 0 0 0 10 6 13 0 5 0 11 0 
0 0 58 0 51 0 0 0 0 0 5 11 0 0 0 0 7 12 41 0 0 42 0 0 0 0 44 16 0 0 0 0 0 22 0 14 0 0 0 0 35 0 0 0 36 0 23 25 0 0 0 0 0 27 0 72 0 76 0 75 69 68 0 67 59 0 61 0 0 0 0 0 79 0 78 4 0 0 0 0 0 
0 20 22 0 0 0 16 14 0 54 50 0 0 51 0 55 0 57 0 0 9 6 0 0 12 0 0 61 60 66 0 62 64 0 0 0 0 3 0 0 0 0 0 0 81 0 0 0 0 0 0 74 0 72 0 0 35 0 0 0 0 0 37 31 0 0 25 0 0 0 0 0 43 0 42 0 48 0 0 0 0 
81 0 0 0 78 0 79 0 3 0 0 0 0 0 35 37 0 39 0 0 0 0 0 73 0 0 0 0 0 48 0 44 0 49 45 0 0 0 61 60 62 0 67 0 0 0 50 0 51 55 0 0 0 0 0 18 17 0 16 21 0 0 0 13 5 0 0 8 0 0 0 0 0 28 24 0 30 23 27 29 26 
0 0 0 0 0 0 0 0 0 0 0 0 65 0 0 62 0 0 12 0 0 0 0 17 0 0 0 0 0 0 0 69 0 74 0 0 3 0 0 4 0 0 0 0 0 0 75 77 0 0 1 0 0 79 45 43 0 0 41 46 40 39 0 0 30 35 32 33 0 0 0 0 50 53 49 0 55 0 52 54 0 
61 63 0 60 0 62 59 0 0 0 12 18 20 0 15 0 0 0 0 0 0 0 56 0 55 0 0 0 22 28 27 0 0 0 25 21 0 0 41 0 0 0 0 44 43 0 30 32 0 35 0 0 0 0 0 0 78 2 0 0 0 75 0 74 0 71 0 0 0 0 0 0 5 8 0 0 0 3 0 9 0 
0 81 0 78 0 80 77 75 1 34 30 0 0 31 33 0 0 37 0 68 70 0 0 0 0 0 0 0 0 0 45 0 44 0 0 0 0 0 59 0 0 0 0 0 61 56 0 0 49 0 0 0 0 52 18 0 15 0 0 0 13 0 0 0 3 0 5 0 4 10 7 9 23 0 0 0 0 0 25 0 24 
34 36 0 0 0 35 0 0 0 0 0 72 0 0 0 0 0 0 21 23 25 0 0 26 0 27 24 77 0 1 81 0 80 0 0 0 12 0 0 13 0 0 0 17 16 0 3 0 0 0 0 9 0 7 54 52 51 56 0 0 0 0 0 0 0 0 0 0 0 0 0 0 59 62 0 0 64 0 61 0 60 
52 54 0 0 0 0 50 0 55 0 3 0 11 0 0 0 0 0 39 0 43 0 47 44 0 0 0 14 0 0 18 0 17 0 0 0 30 0 0 0 0 0 0 0 0 0 21 0 0 0 0 0 0 25 0 70 0 0 0 73 0 0 71 65 57 0 0 60 0 0 0 0 0 80 0 2 0 75 79 0 0 
70 0 0 0 0 0 68 0 0 0 21 27 29 0 0 26 23 28 0 0 0 58 0 0 0 63 0 32 31 0 0 0 35 0 34 0 0 0 0 49 51 0 0 0 0 0 0 0 0 0 0 45 42 0 9 7 0 0 5 0 4 3 0 0 0 80 77 0 0 1 79 81 0 0 0 0 19 0 0 0 15 
7 0 0 0 0 0 5 3 0 0 0 0 0 0 0 0 0 0 0 77 0 0 0 0 1 0 78 50 0 55 54 0 53 56 52 48 66 0 0 67 0 72 74 0 70 0 0 0 0 62 64 0 0 0 0 0 0 0 0 0 22 0 0 20 0 0 0 0 0 19 16 18 0 35 31 0 0 0 0 36 0 
43 0 0 0 0 0 41 0 0 0 75 0 2 0 0 0 0 0 30 0 0 0 0 35 37 0 0 5 4 10 0 6 8 0 7 0 0 0 23 22 24 27 0 0 0 20 12 0 0 17 19 0 0 16 0 61 0 65 59 64 58 0 62 0 0 0 0 51 0 55 52 54 0 0 0 0 0 66 70 0 0 
0 0 0 0 0 0 0 12 0 0 48 0 0 49 0 53 0 0 0 0 0 0 0 0 0 0 0 0 0 64 0 0 0 0 0 57 0 0 77 0 0 0 0 80 79 0 0 0 0 71 73 72 69 0 0 0 33 0 0 37 0 0 0 0 21 0 0 0 22 0 0 27 0 0 40 47 0 39 0 0 42 
74 76 0 0 0 75 0 0 0 0 0 31 0 26 0 30 0 0 61 63 0 0 69 0 0 67 64 0 35 41 0 37 0 0 38 34 0 0 54 53 55 0 0 0 0 0 0 0 0 0 50 0 0 47 0 11 0 0 9 0 0 0 12 0 0 0 0 1 80 5 0 0 0 21 17 24 0 0 0 0 19 
0 40 0 0 35 0 0 34 0 0 70 0 0 0 0 0 0 77 0 0 0 26 33 0 0 31 0 81 80 5 0 0 0 6 2 79 0 23 18 17 19 0 24 0 0 15 7 0 0 0 0 0 0 0 58 0 0 0 54 0 0 52 0 0 43 0 0 0 0 0 0 0 0 0 0 0 0 61 65 0 0 
0 0 6 0 0 0 0 79 5 0 0 40 0 0 0 0 0 0 0 0 0 71 0 0 0 0 0 0 0 0 0 0 48 51 47 43 61 68 0 0 0 0 0 0 65 60 0 54 0 0 59 0 0 56 22 20 0 0 18 0 17 16 21 0 7 0 9 10 0 0 0 13 27 30 0 0 0 0 0 31 28 
0 31 33 0 26 30 27 25 0 65 0 0 0 0 64 0 0 68 16 18 0 0 24 21 0 0 0 72 71 0 76 0 75 78 0 0 0 14 9 8 0 13 15 0 0 6 0 0 0 3 5 0 0 0 0 47 46 0 45 50 0 0 0 0 0 0 0 0 35 0 38 0 54 0 53 0 0 52 0 0 0 
0 0 24 0 0 0 18 0 0 0 0 58 60 53 55 57 0 0 0 0 0 8 15 12 0 13 10 0 0 68 0 0 66 69 65 0 79 0 0 0 1 4 0 0 0 78 0 0 71 75 77 0 0 0 0 0 0 42 0 41 0 0 39 0 0 0 0 28 0 0 0 0 0 48 0 51 50 0 0 0 0 
11 0 0 10 8 12 0 7 14 47 43 0 0 0 0 0 0 0 0 0 2 0 0 3 5 0 0 54 0 0 0 0 0 60 0 0 0 77 0 0 0 76 0 75 0 0 0 0 0 66 68 0 0 0 31 0 28 33 27 0 0 0 0 24 0 21 18 19 17 23 20 22 36 0 0 0 0 0 0 0 37 
56 0 0 0 0 57 0 0 0 0 0 0 0 8 0 0 9 0 43 45 0 44 0 0 0 49 0 0 0 0 0 0 21 0 20 0 0 41 0 0 0 0 0 0 0 33 0 27 26 30 0 0 0 0 0 74 0 0 0 77 0 0 0 0 0 0 63 0 0 0 0 0 81 0 0 0 5 0 2 4 0 
47 49 51 0 44 48 45 0 0 0 0 0 0 0 0 3 81 0 0 36 38 0 0 0 41 0 0 9 0 0 13 10 12 0 0 0 0 32 0 0 28 0 33 0 29 0 0 18 17 21 0 0 19 0 0 0 64 0 63 0 0 0 0 0 0 0 0 0 0 0 0 0 0 0 0 0 0 0 74 0 0 
0 0 0 64 0 66 0 61 0 0 16 22 0 0 0 21 18 0 0 54 0 0 0 0 0 58 55 0 0 32 0 0 0 0 29 25 0 50 0 44 0 0 0 0 0 42 0 0 0 39 41 40 0 0 0 2 0 6 0 5 80 79 0 0 0 0 72 0 0 77 0 0 9 0 0 0 0 7 0 13 10 
0 73 0 0 68 0 0 0 0 0 22 0 30 0 0 27 0 0 58 0 0 0 0 0 65 0 61 0 0 38 0 0 0 39 0 31 49 0 0 0 0 55 57 0 53 0 40 42 41 0 47 46 0 0 0 8 0 12 0 0 5 0 9 0 0 0 0 0 0 0 0 0 0 0 0 0 0 0 0 19 16 
62 0 0 0 0 0 60 0 0 17 13 0 21 14 16 0 0 0 0 0 53 50 0 0 0 55 52 0 23 0 28 0 0 30 0 22 40 47 0 0 0 0 48 0 44 39 0 33 32 0 0 37 0 0 1 0 79 3 78 0 0 0 0 0 0 72 0 0 0 0 0 0 6 0 5 0 11 0 0 0 7 
26 0 30 25 23 0 24 0 0 62 0 0 0 59 0 63 60 0 13 0 0 14 21 0 0 0 0 69 0 0 0 0 72 0 71 0 0 0 0 5 0 0 0 9 8 3 76 0 77 0 0 1 0 0 0 44 0 0 0 0 0 40 0 0 31 36 0 34 0 38 0 0 0 0 0 57 0 49 53 0 0 
53 0 0 0 0 54 51 0 0 0 0 10 0 0 7 0 0 11 0 0 44 0 48 45 47 46 0 0 14 0 0 16 0 0 0 0 31 38 0 32 34 0 39 0 0 0 0 0 0 0 29 0 0 0 73 0 70 0 0 0 68 0 0 0 0 0 0 0 0 0 62 0 0 0 0 0 0 0 80 0 0 
0 46 0 0 41 45 42 0 0 80 0 0 0 0 79 81 0 2 31 0 35 32 39 36 0 0 0 6 0 0 0 0 0 12 8 0 22 29 0 0 0 0 0 0 0 21 0 0 0 18 0 0 0 0 64 62 61 0 0 0 0 58 63 57 0 0 0 52 50 0 53 55 69 0 0 75 0 67 71 0 0 
80 1 0 0 0 0 0 0 2 0 31 0 0 32 0 0 0 38 0 69 0 0 75 72 0 73 70 42 0 0 46 0 0 0 0 40 58 0 60 0 0 0 0 0 62 0 0 0 50 0 56 55 0 0 19 17 0 21 15 0 0 0 18 0 4 0 0 0 5 11 0 10 24 27 0 30 0 0 0 0 25 
8 0 12 0 0 0 0 0 11 0 40 0 48 0 0 45 0 47 76 78 80 77 3 0 0 0 0 0 0 0 0 52 0 57 53 49 67 0 0 0 0 0 0 72 0 66 58 0 59 0 65 64 61 0 0 26 25 0 0 0 23 22 0 0 0 0 0 0 0 0 0 19 33 0 32 39 38 0 35 0 34 
0 0 0 0 0 0 0 0 20 0 0 0 0 0 0 54 0 56 0 0 8 0 12 0 11 10 0 60 0 0 64 61 0 0 0 58 0 0 0 0 0 1 3 0 0 75 0 0 0 72 0 0 0 71 0 0 34 0 33 38 32 0 36 0 22 27 0 0 23 29 0 0 0 45 0 48 0 0 44 0 0 
35 0 0 34 0 36 0 31 0 0 0 73 0 0 0 0 0 0 0 0 26 0 0 27 0 0 0 78 0 2 0 0 0 3 0 76 0 0 15 14 0 19 21 0 0 12 0 0 0 9 0 0 0 0 0 53 52 0 51 0 0 0 54 0 40 0 42 43 41 0 0 0 60 63 0 0 65 0 62 0 61 
0 0 0 56 54 0 0 0 0 12 8 14 0 9 0 0 0 0 44 0 0 0 0 49 0 0 0 0 18 24 0 0 22 0 21 0 0 0 0 36 38 41 0 40 0 0 0 28 0 0 0 32 29 0 77 0 74 79 0 78 72 0 0 0 0 0 0 0 0 69 0 0 1 4 0 7 0 80 3 0 2 
0 0 0 20 0 0 0 0 0 0 53 0 61 0 0 0 0 0 0 0 0 0 16 0 0 14 11 0 63 69 68 0 0 70 0 0 80 6 0 0 2 0 0 0 0 79 0 0 72 0 0 0 74 0 41 0 38 0 0 42 0 0 40 0 0 0 0 0 27 33 30 0 46 49 45 52 0 0 0 0 0 
0 32 0 0 27 0 0 0 0 66 0 0 70 63 0 0 0 0 17 0 21 18 25 0 0 23 0 0 72 78 77 0 0 0 0 71 8 15 0 0 11 0 16 13 12 0 0 0 0 4 6 0 2 0 0 48 47 0 46 51 0 44 0 0 0 40 37 0 0 42 0 0 55 58 54 61 60 0 0 59 56 
0 0 7 0 81 4 1 0 6 0 0 0 0 36 38 0 0 0 71 0 75 72 79 0 78 0 74 46 45 51 50 0 0 0 0 44 62 69 0 0 65 0 0 0 0 61 0 55 0 58 0 59 0 57 23 21 0 0 0 0 0 17 0 16 0 0 0 0 0 0 0 0 28 0 0 0 0 0 0 0 29 
39 41 43 38 0 40 0 35 42 0 0 77 0 72 74 76 0 78 26 28 30 27 34 0 33 0 29 0 0 0 0 0 4 0 0 0 0 0 19 0 20 0 0 0 0 0 8 10 0 0 15 14 11 0 0 0 56 0 0 0 0 0 0 0 0 0 0 0 0 0 0 50 0 0 63 0 69 0 0 0 0 
0 68 0 65 0 0 64 0 69 0 0 23 0 18 0 0 0 24 53 55 0 0 0 58 60 0 56 28 27 33 0 0 0 34 30 26 44 51 0 0 0 0 52 0 0 0 35 37 0 0 42 0 38 0 5 3 0 0 1 0 81 0 4 79 71 76 73 0 0 78 75 77 0 13 9 16 0 8 0 0 0 
12 0 16 11 0 13 10 0 0 0 44 0 52 45 0 49 0 51 0 1 0 81 7 0 6 5 0 0 54 0 59 0 0 0 0 0 0 78 73 0 74 77 0 76 75 0 62 0 0 0 69 0 0 0 0 0 0 0 0 33 27 0 31 0 0 0 19 0 0 0 21 23 0 40 36 0 0 0 0 0 0 
75 0 79 0 72 76 0 0 78 0 0 0 34 27 0 0 0 0 62 0 0 63 0 67 0 0 0 0 0 42 0 38 40 0 39 35 0 60 55 0 56 59 0 58 0 0 44 0 0 0 0 0 0 48 14 12 0 0 0 15 9 8 0 0 0 4 1 2 0 0 0 5 19 22 18 0 24 0 21 0 0 
0 0 52 47 0 0 0 44 0 0 80 5 7 0 2 0 0 0 0 0 0 0 0 40 42 41 0 10 0 0 0 0 13 16 0 0 26 33 0 27 0 32 0 0 30 0 0 0 18 0 24 23 20 21 0 66 65 0 0 0 63 0 0 61 53 0 0 0 0 0 57 59 0 76 72 0 0 0 75 77 74 
0 80 0 0 75 0 0 0 0 0 0 0 37 0 32 0 31 0 0 67 0 66 73 0 0 0 0 40 39 0 0 0 0 46 42 38 0 0 0 0 59 62 0 0 0 0 47 0 48 0 0 0 50 51 0 0 0 19 0 18 0 11 0 10 0 0 0 5 0 0 0 0 0 0 0 28 27 20 0 0 23 
60 62 0 0 57 0 0 56 0 15 0 17 0 12 0 16 0 0 47 49 0 0 55 52 54 0 50 22 0 0 26 0 25 28 0 0 0 0 40 0 41 0 0 43 42 0 0 31 0 0 36 35 0 0 0 78 77 1 76 81 75 0 79 73 0 0 0 0 0 0 0 0 4 0 0 10 9 0 0 0 5 
24 26 28 0 0 0 22 20 0 0 0 0 0 0 0 0 0 0 0 0 15 0 19 16 0 17 14 67 0 72 0 0 0 0 69 0 0 0 0 3 0 0 0 0 0 1 74 0 0 0 0 0 0 78 0 0 41 46 40 0 0 38 0 37 0 34 31 32 0 36 33 0 0 52 48 0 0 47 0 53 0 
42 44 0 0 0 0 0 0 45 0 74 80 0 0 77 79 76 0 29 0 33 0 0 34 36 0 0 4 3 0 8 0 7 0 0 2 0 27 0 21 23 0 0 25 0 0 0 13 0 0 18 17 14 0 0 60 59 64 58 0 0 56 61 0 0 0 0 0 0 54 51 0 67 70 0 73 72 0 0 71 0 
0 17 0 0 0 0 0 0 18 0 0 0 55 0 50 0 49 54 0 4 0 3 10 7 0 0 5 0 0 63 0 0 61 0 60 0 0 0 0 75 0 0 1 0 0 73 0 67 0 70 72 71 0 0 35 33 32 0 0 0 0 0 0 28 0 0 0 23 0 0 0 26 0 0 0 0 0 0 0 44 41 
0 0 55 0 48 52 0 47 54 0 2 0 0 0 5 0 4 0 0 0 0 0 0 43 0 44 0 13 12 0 0 14 16 0 0 0 29 0 31 0 32 0 37 34 0 0 20 22 21 0 27 26 23 0 0 0 68 73 0 0 66 0 0 0 56 0 0 0 0 63 0 0 0 0 0 0 0 0 78 0 0 
0 0 0 5 3 7 0 2 9 42 0 44 46 39 0 0 40 0 0 0 78 0 1 0 81 0 77 0 0 54 0 0 0 55 51 0 65 0 0 0 68 71 73 0 0 64 0 58 0 61 0 0 0 0 0 0 23 0 22 0 0 20 0 0 0 0 13 14 0 18 15 17 31 0 0 0 36 29 33 35 0 
0 35 37 0 30 34 0 0 36 0 65 71 0 0 68 70 0 72 0 0 0 0 0 0 0 0 23 76 0 0 0 0 0 1 78 0 0 0 0 0 0 0 19 16 15 10 2 0 0 0 9 0 0 0 0 0 50 55 0 54 48 47 0 0 38 0 0 0 0 45 42 0 58 0 0 0 0 56 0 62 59 
69 0 0 0 0 70 67 65 72 24 0 26 0 21 0 25 22 27 56 58 0 57 0 0 63 0 59 0 30 0 0 0 0 0 0 0 47 54 49 0 0 0 0 52 51 0 0 0 39 0 45 0 0 42 8 0 5 0 0 9 0 0 0 1 74 79 0 77 0 0 0 0 0 16 12 19 0 11 15 0 0 
1 0 0 81 79 2 0 0 4 0 0 39 0 34 0 0 35 0 0 71 0 0 77 74 0 0 0 44 0 49 0 0 0 50 46 0 60 0 0 0 63 0 68 0 0 0 51 0 0 56 0 0 0 0 21 0 0 23 0 0 0 15 0 0 0 0 0 0 7 0 10 0 0 0 0 0 0 0 28 30 0 
10 0 14 0 7 0 8 0 0 0 42 0 0 43 0 47 44 49 78 0 0 0 0 0 4 0 0 0 52 58 57 54 56 0 0 0 0 0 0 70 0 75 77 74 73 0 60 0 0 65 67 66 0 64 0 0 27 0 0 0 25 24 0 0 0 20 17 0 16 22 19 0 0 0 0 0 40 0 37 0 36 
19 0 0 0 16 20 0 15 0 0 0 0 0 52 0 56 53 0 0 0 10 0 0 0 0 0 0 0 0 67 66 63 65 0 0 0 78 0 80 0 0 3 0 2 0 77 0 0 0 74 76 0 0 0 0 0 36 41 35 40 34 0 38 0 0 29 26 0 0 31 28 0 44 0 0 0 0 42 46 0 45 
0 39 41 0 0 0 35 0 0 73 69 0 77 0 0 0 71 76 24 0 28 25 32 0 31 0 27 80 0 0 0 0 2 5 1 0 0 22 0 0 0 0 23 20 0 14 0 0 7 0 0 12 9 10 57 55 54 59 0 0 0 0 56 50 0 0 44 0 0 0 46 0 62 0 61 0 67 0 64 66 63 
0 0 59 0 0 0 53 0 58 10 0 12 14 7 9 11 8 13 42 0 46 43 50 0 49 0 0 17 0 0 21 0 0 0 19 0 0 40 35 0 0 39 0 0 0 32 0 26 0 29 31 0 0 0 0 73 72 77 0 0 0 69 0 0 60 65 62 0 61 67 0 0 0 0 79 5 4 0 0 0 81 
64 66 0 0 0 0 0 0 0 0 0 21 23 0 0 0 0 0 51 0 0 0 59 0 0 0 54 0 0 0 0 27 0 0 0 0 0 49 44 0 45 0 0 0 46 41 33 0 34 0 40 0 0 0 0 0 0 0 0 4 0 78 0 0 69 0 71 0 70 0 0 75 8 0 7 0 0 0 10 0 0 
28 0 0 0 25 29 0 0 31 0 0 66 68 0 63 0 62 0 0 0 0 16 23 0 22 0 0 71 70 76 75 72 74 0 73 0 0 13 0 0 0 12 0 11 10 5 78 0 79 2 0 0 0 1 0 0 45 0 44 49 0 0 47 0 0 38 0 0 0 40 37 39 53 0 0 0 58 0 0 57 0 
73 0 0 0 0 0 0 0 0 28 24 30 0 0 27 0 0 31 0 62 0 0 0 65 0 66 63 35 34 40 0 0 0 41 0 0 0 0 0 0 0 0 0 0 55 50 42 44 0 0 49 48 0 46 0 0 9 0 8 0 0 0 0 0 78 0 0 0 0 0 0 0 0 20 0 23 22 0 0 21 0 
0 0 50 45 0 0 0 0 49 1 0 0 0 0 0 2 0 4 33 35 37 0 0 0 0 39 36 8 0 13 0 0 0 0 10 6 0 0 26 0 0 30 0 29 28 0 0 0 0 0 22 0 18 19 0 64 0 68 62 0 0 0 65 59 0 0 0 0 0 0 55 0 0 0 0 0 0 0 0 75 72 
0 52 0 0 47 0 0 46 0 0 0 0 0 0 0 0 3 0 37 39 0 0 45 42 0 43 40 12 0 17 0 0 15 18 14 10 0 35 30 0 0 0 36 0 0 27 19 0 20 0 0 25 22 0 70 68 0 0 0 0 65 64 69 0 0 0 57 0 56 62 59 0 75 0 0 0 0 73 0 0 0 
0 70 0 0 65 0 0 64 71 0 0 0 0 0 22 0 0 0 0 0 0 56 63 60 62 0 58 30 29 0 34 0 0 0 0 0 46 0 48 0 0 0 0 0 0 0 0 39 0 42 44 43 40 41 0 5 4 9 3 0 2 1 0 81 0 0 0 0 0 80 77 0 0 0 11 18 0 10 0 0 0 
0 0 0 0 11 0 12 10 0 0 0 0 0 0 49 0 48 0 1 0 0 0 9 0 0 0 4 0 0 0 61 0 60 0 0 0 73 0 0 74 0 0 0 0 77 0 0 66 0 0 71 0 0 68 0 0 0 36 0 0 0 28 0 27 19 0 21 0 0 26 0 25 39 0 0 0 0 37 0 0 40 
0 0 0 4 2 6 3 0 8 0 0 0 45 0 0 0 39 0 73 75 0 74 0 78 80 0 76 48 47 0 52 0 0 0 0 0 64 0 0 65 0 0 72 0 68 63 55 0 56 0 62 61 58 0 0 0 22 0 21 26 20 0 24 18 10 15 0 0 0 17 14 16 0 33 0 36 35 28 32 34 31 
41 0 45 0 38 0 39 0 0 77 0 0 0 0 76 78 0 0 28 30 32 29 0 0 0 0 0 3 2 0 0 0 0 0 0 1 19 0 0 20 0 25 0 0 23 18 10 0 0 15 17 16 0 14 61 0 0 0 0 62 56 0 60 0 0 51 0 49 0 53 0 0 66 0 65 72 0 0 0 0 0 
0 25 27 0 0 24 0 19 0 0 0 0 63 56 0 0 0 0 10 12 0 11 0 0 17 16 0 0 65 0 0 0 0 0 0 0 0 0 3 0 0 0 0 0 0 81 0 0 0 78 80 0 0 0 0 0 40 0 39 0 0 0 42 36 0 0 0 31 29 0 0 34 48 0 47 54 0 0 0 52 0 
32 34 0 31 0 0 0 0 0 0 0 0 72 65 0 0 66 0 0 0 0 0 0 0 0 0 0 75 74 0 0 0 0 0 0 73 0 0 0 11 13 0 0 0 0 0 1 0 0 0 0 7 4 0 0 0 0 0 48 53 0 0 51 0 37 0 0 40 38 0 41 0 57 60 56 0 62 55 0 61 0 
0 0 0 58 56 0 57 55 62 14 10 16 18 0 0 15 12 0 0 48 50 47 54 0 0 0 49 0 0 0 0 0 24 27 23 0 37 0 39 38 0 43 0 42 41 0 0 30 29 0 0 34 0 32 79 0 76 81 75 80 0 0 0 0 0 0 0 0 0 71 68 70 0 0 0 9 8 1 0 0 4 
0 0 81 0 0 0 75 73 80 0 0 0 0 0 0 0 30 0 64 0 0 0 0 69 0 70 67 39 38 0 43 0 42 0 41 0 0 62 0 56 0 0 63 60 59 54 46 48 0 51 0 52 49 50 16 0 0 0 0 0 11 10 0 9 1 6 0 0 2 0 0 0 21 0 20 27 26 0 23 25 22 
0 69 0 0 0 0 0 0 70 0 0 0 26 19 0 0 0 25 0 0 0 0 0 59 61 0 0 0 28 0 0 0 32 0 0 0 45 52 47 0 0 51 0 50 0 0 0 0 37 41 0 0 0 0 0 4 0 0 0 0 0 0 0 0 0 77 74 75 0 0 76 78 11 14 0 0 0 0 0 0 0 
58 60 0 0 0 0 0 54 0 0 9 15 0 10 12 14 11 16 45 0 0 0 0 50 52 51 0 20 0 0 0 0 0 0 22 18 36 0 38 0 39 0 44 0 0 0 0 0 28 0 34 33 0 0 78 76 75 80 74 79 73 72 0 0 0 0 0 0 0 70 0 0 0 5 0 0 0 0 4 6 3 
0 0 35 30 0 32 29 0 34 67 0 69 71 0 0 0 0 0 0 0 0 19 0 0 25 24 0 74 73 79 0 0 0 0 76 0 0 0 11 10 0 0 0 0 0 8 81 0 1 0 7 6 0 4 0 0 0 53 0 0 46 45 0 0 36 41 38 0 0 0 0 0 0 0 0 62 0 54 0 0 0 
0 0 0 0 10 0 11 0 16 0 0 0 0 0 48 50 0 52 0 0 0 1 8 0 7 0 0 0 0 0 60 0 0 0 58 0 0 79 74 0 0 0 0 0 76 71 63 0 0 0 0 0 0 0 0 31 0 0 0 0 28 0 32 26 0 0 0 0 19 0 22 24 0 0 0 44 0 0 0 42 0 
4 0 0 0 1 0 0 0 7 0 36 0 0 37 0 0 38 0 0 0 0 0 0 0 0 78 75 0 46 0 0 0 0 53 0 0 63 0 0 0 0 69 0 68 0 62 0 56 0 59 0 60 0 58 24 22 0 26 0 0 19 0 0 0 0 0 0 12 0 0 0 15 0 32 0 0 0 0 31 33 30 
76 0 80 0 73 0 0 72 79 0 27 33 35 0 0 0 0 34 63 0 0 0 71 0 0 69 0 38 0 43 0 39 41 0 0 36 54 61 0 55 57 0 62 0 58 53 0 0 46 0 52 0 48 0 0 13 12 17 0 16 0 0 0 0 0 5 2 0 1 0 0 0 20 0 19 0 0 0 22 0 0 
0 0 0 39 37 0 0 0 0 76 0 78 80 0 75 0 0 0 0 29 31 0 0 32 0 0 0 0 0 7 0 0 5 0 0 0 18 0 20 19 21 24 0 23 0 0 0 0 0 0 16 15 0 13 0 0 0 62 56 61 0 0 0 53 0 50 0 48 46 52 0 51 65 0 0 0 70 0 67 0 66 
22 24 26 0 0 23 0 0 0 58 54 60 62 55 57 0 0 0 0 0 0 10 17 0 0 0 12 0 0 0 0 0 68 0 67 0 81 0 0 0 3 6 0 5 4 80 0 74 0 77 0 0 75 76 42 0 0 0 0 43 37 0 0 0 0 32 0 0 28 34 31 0 0 0 46 53 52 45 49 0 0 
0 0 53 0 46 50 47 0 52 0 81 6 8 0 3 0 0 0 0 38 40 37 0 41 0 0 39 0 0 0 15 12 14 0 13 9 27 0 0 28 30 0 0 32 31 0 0 0 0 0 25 24 21 0 0 0 0 0 0 0 64 63 68 0 0 59 56 0 0 0 0 60 0 0 73 0 79 72 76 78 0 
