9
47 0 0 45 0 0 52 51 0 0 0 70 0 0 63 0 0 0 0 0 55 59 60 0 61 0 0 0 0 0 10 0 15 16 0 0 0 20 23 0 0 0 22 0 0 0 5 0 0 0 0 0 0 0 72 74 0 0 73 79 0 0 80 0 0 0 39 0 0 41 0 0 0 0 32 0 0 0 0 0 0 
0 14 0 0 17 0 0 0 12 28 30 0 0 0 0 0 0 0 0 20 0 0 24 0 25 26 22 0 62 54 55 56 0 0 59 57 0 0 0 0 66 0 0 69 0 0 0 0 0 47 0 0 53 0 0 0 39 0 0 0 0 0 44 7 2 8 0 0 0 5 6 0 78 0 0 0 74 0 0 0 0 
0 77 0 72 0 0 0 0 0 10 0 0 0 0 0 0 0 0 0 2 1 5 6 3 0 8 0 0 0 0 37 38 42 43 0 0 45 47 50 0 0 46 49 0 0 0 32 33 30 0 0 0 35 0 0 20 0 0 19 25 0 0 0 70 65 71 0 63 64 68 0 0 0 0 0 0 0 0 0 0 0 
0 0 55 0 0 58 61 60 0 0 0 79 0 0 0 76 0 0 0 65 64 68 69 66 70 0 67 0 0 0 19 20 0 25 23 21 0 29 32 0 0 0 0 33 35 13 14 0 0 0 0 9 0 0 81 0 0 0 1 7 4 6 0 52 0 0 0 45 0 0 51 0 0 0 0 40 0 0 36 0 0 
0 0 0 27 0 0 34 0 0 46 0 0 0 0 0 0 51 0 0 38 0 41 42 0 0 0 0 0 80 72 0 0 0 79 0 0 0 0 0 7 0 1 0 0 0 67 68 69 0 0 0 63 71 64 0 56 57 59 55 0 58 0 0 0 0 0 21 18 0 23 0 0 0 12 14 0 0 17 9 16 10 
0 0 0 0 71 67 0 69 66 1 0 7 8 0 0 4 0 0 0 0 73 0 0 0 0 80 76 31 35 0 0 0 0 34 32 0 0 38 0 0 39 0 0 0 0 22 0 24 0 0 25 18 0 0 0 11 12 0 10 16 0 0 0 0 0 0 57 54 0 0 0 58 51 0 0 0 0 0 45 0 0 
38 41 0 36 0 0 0 0 0 55 57 61 0 0 54 0 0 0 45 0 46 0 0 0 0 0 0 4 8 0 0 2 0 0 5 0 9 0 0 0 0 10 0 0 17 0 0 0 75 0 0 0 80 73 63 0 0 0 0 0 0 0 71 34 29 0 0 0 0 32 0 0 0 0 0 0 0 0 18 25 0 
2 5 0 81 0 0 7 6 3 0 0 25 0 20 0 0 0 23 0 0 0 0 15 0 16 0 13 49 0 0 46 0 0 52 0 0 54 0 0 61 0 0 0 60 62 0 41 42 0 38 43 0 0 0 27 0 0 0 0 34 31 0 35 79 0 0 75 72 73 0 78 0 69 66 0 67 0 0 0 0 0 
0 23 0 0 0 22 25 24 21 37 39 43 0 0 0 0 42 41 0 29 0 0 33 0 0 35 0 0 0 0 64 0 69 70 68 66 0 74 0 79 0 0 76 0 80 0 0 0 0 56 61 54 0 0 45 47 0 50 46 52 0 0 0 16 11 0 0 9 0 14 0 0 0 3 0 4 2 8 0 7 0 
0 0 0 19 0 23 0 0 22 0 0 44 45 39 37 0 43 42 28 0 0 0 0 0 35 0 32 0 0 0 0 66 0 0 69 0 73 75 78 0 76 74 77 0 81 59 60 61 0 57 0 55 0 0 0 0 0 51 0 0 50 52 54 17 0 18 13 0 0 0 16 0 0 0 6 0 3 0 0 0 0 
0 0 11 0 18 0 0 0 13 29 31 35 0 0 0 0 0 33 0 0 0 0 25 0 26 27 0 0 63 0 56 0 0 0 60 0 0 66 69 0 67 0 0 0 0 0 0 0 49 48 0 0 0 0 37 39 0 0 0 44 0 0 0 0 3 0 0 0 0 0 0 0 79 0 0 0 0 0 0 0 74 
0 42 0 0 0 41 0 43 40 0 58 0 0 0 0 59 61 0 0 0 47 51 52 49 0 54 50 5 0 0 2 0 0 0 6 0 0 0 0 0 0 11 14 0 0 77 0 0 0 75 80 0 0 74 64 0 67 0 65 0 68 0 72 0 30 0 31 0 0 0 0 0 0 22 0 23 21 0 0 26 0 
0 60 0 0 0 59 62 0 58 74 76 80 0 0 73 77 79 0 0 0 65 69 0 67 71 0 68 0 0 0 20 21 25 26 0 0 0 0 0 35 0 0 0 34 0 0 15 0 0 0 17 0 0 0 0 3 4 0 2 8 0 7 9 0 0 0 49 0 47 51 0 0 0 40 0 41 0 0 37 44 0 
0 0 0 0 0 0 0 34 0 47 0 0 0 0 46 0 0 0 0 0 0 42 0 0 0 0 0 0 81 0 0 0 79 0 0 0 0 0 6 0 4 2 0 0 0 0 69 0 67 66 71 64 0 0 0 0 0 0 0 0 59 0 0 0 0 27 22 0 0 0 0 23 0 13 0 0 0 18 0 0 0 
0 0 2 1 0 0 0 0 0 20 22 0 27 0 19 23 25 0 0 12 0 15 0 0 0 18 0 0 0 0 0 48 0 53 0 0 0 0 0 0 58 56 0 61 63 41 42 43 40 0 44 37 0 38 0 0 31 0 29 35 32 0 36 0 0 81 76 0 0 78 79 0 0 67 0 68 0 72 0 0 0 
0 0 0 0 81 0 0 0 0 11 13 17 0 12 0 0 16 0 0 0 0 6 0 0 0 0 0 41 0 0 0 0 43 44 0 0 0 0 0 0 0 0 50 0 0 0 0 0 0 30 0 0 0 0 0 21 0 0 20 0 0 25 0 0 0 0 0 64 65 69 70 0 61 0 60 59 57 63 0 0 56 
66 0 0 0 0 0 0 70 0 0 0 0 0 3 0 0 0 6 0 0 74 0 0 76 0 81 0 0 36 0 29 0 34 0 0 31 0 0 42 0 0 0 41 0 45 0 0 0 22 0 0 19 0 0 0 0 13 0 11 17 14 0 0 0 57 0 58 55 56 0 61 59 52 0 51 0 0 0 0 0 0 
0 51 47 46 0 50 53 0 0 0 67 71 0 0 0 0 0 0 55 0 56 60 0 58 0 0 59 14 0 0 0 0 16 0 15 0 0 21 0 0 0 20 23 0 0 0 0 7 4 0 0 0 0 0 0 75 0 0 0 0 77 0 81 0 0 45 40 37 0 0 0 41 0 0 33 32 0 36 0 35 29 
0 0 0 57 65 0 0 0 60 0 78 0 2 77 0 0 81 80 66 0 0 71 0 0 0 74 70 0 0 0 0 23 0 0 0 0 0 0 0 0 33 31 34 0 0 16 0 18 15 0 0 12 0 13 0 5 0 8 4 10 7 9 0 0 0 0 0 0 0 0 54 52 0 0 0 43 0 47 0 0 0 
32 35 0 0 0 0 0 36 0 0 51 0 0 0 48 0 0 0 0 41 40 0 0 0 0 0 43 79 0 75 0 0 81 0 0 78 0 0 8 10 6 0 0 0 11 70 71 0 69 0 0 0 0 0 57 59 0 0 58 64 0 0 0 28 0 29 24 21 22 0 0 25 0 0 0 16 14 0 0 19 0 
0 71 0 66 0 0 73 72 0 0 6 0 11 0 0 7 0 0 0 0 76 0 0 78 1 2 0 0 0 30 31 0 0 0 0 33 39 0 44 0 0 0 0 0 47 0 26 0 0 0 0 21 29 0 0 0 15 0 0 0 0 0 20 0 0 65 60 57 58 62 63 61 0 0 0 52 0 56 48 55 49 
23 0 0 0 0 25 28 0 0 0 42 0 0 0 0 43 45 44 30 0 31 35 0 0 0 0 0 70 0 0 67 68 72 0 0 69 75 0 80 1 0 0 0 0 2 61 0 63 0 0 64 0 0 58 0 50 0 0 0 55 0 0 0 19 0 20 0 0 0 0 0 0 0 0 0 0 0 11 3 10 0 
41 0 0 39 47 0 0 45 0 0 60 0 65 0 0 0 0 0 0 50 0 0 54 0 0 0 0 0 11 0 0 0 0 10 0 6 0 14 17 0 0 13 16 0 0 0 0 0 0 0 0 0 0 0 0 0 69 0 0 0 70 0 0 37 32 0 33 0 0 0 0 0 27 0 26 0 23 0 21 0 22 
50 0 0 0 0 0 0 54 51 67 69 0 74 68 0 70 0 0 0 0 58 0 63 60 0 0 61 0 20 0 0 14 0 19 17 15 21 0 0 0 0 0 0 27 0 7 0 0 0 0 10 0 0 0 0 77 78 0 0 0 0 0 0 46 0 0 42 0 40 44 0 0 0 0 0 34 32 0 0 0 31 
0 0 4 3 0 0 0 0 0 0 24 28 0 0 21 25 0 26 0 14 0 17 18 0 19 20 16 0 0 0 49 50 0 0 0 51 57 0 62 64 0 0 0 63 65 0 0 0 42 41 46 0 47 0 0 0 33 35 0 0 34 36 0 0 0 2 0 0 0 0 0 0 72 69 0 70 68 74 66 73 67 
14 0 0 0 0 16 0 0 0 31 0 37 0 32 0 34 36 0 0 23 0 0 27 0 28 0 25 0 0 0 0 0 0 64 62 0 0 0 0 73 0 0 0 0 0 0 0 0 0 50 55 48 56 0 0 41 0 0 40 0 43 0 0 10 0 11 6 0 0 8 9 7 81 78 0 0 77 0 75 0 0 
77 80 0 75 0 0 1 0 0 13 0 0 0 0 0 16 18 0 0 0 4 8 0 0 0 11 0 43 0 0 40 0 0 46 0 0 48 0 0 55 0 0 0 54 0 0 35 36 33 0 37 0 0 31 0 23 0 26 22 0 25 0 29 0 0 0 0 0 0 0 0 0 0 0 0 61 0 65 0 0 0 
0 22 18 0 0 0 24 0 20 0 0 0 0 0 35 0 0 40 26 28 27 0 32 29 0 34 0 0 70 62 0 0 0 69 0 0 0 73 0 0 74 0 0 0 79 0 58 0 56 0 60 53 0 54 44 0 47 49 0 0 0 0 52 0 10 0 11 0 0 13 0 0 0 2 4 3 1 0 0 0 81 
0 58 0 53 61 0 0 59 0 0 0 0 0 0 0 0 77 76 62 0 63 0 0 0 0 0 0 0 0 0 18 0 0 24 0 0 0 28 0 33 0 27 0 0 0 0 13 14 0 0 15 0 0 0 0 1 2 0 0 0 0 5 0 0 0 52 0 44 0 49 0 0 41 38 40 0 0 0 35 42 36 
46 0 0 44 52 0 51 50 0 63 0 69 0 64 62 0 68 0 0 0 54 58 0 0 0 0 0 0 0 8 0 0 0 15 0 11 0 0 0 0 0 0 21 23 0 3 0 0 0 1 6 0 7 0 71 73 0 0 0 78 0 0 0 0 37 0 0 0 0 0 41 0 0 0 31 0 28 0 26 0 0 
0 76 0 0 79 75 0 0 0 0 11 0 0 0 0 0 0 13 80 0 81 4 5 0 0 7 3 0 43 35 0 37 0 42 40 38 44 0 0 51 47 0 0 0 52 0 0 32 0 0 33 0 0 27 17 19 0 22 0 0 0 0 25 69 64 70 0 62 63 0 0 0 0 56 0 57 0 0 0 60 0 
1 0 0 80 0 0 0 5 0 0 0 24 0 0 0 0 0 0 8 10 0 0 0 0 0 16 12 0 0 44 0 0 0 0 0 0 0 55 0 60 0 0 0 59 61 0 40 41 0 37 42 0 0 0 0 0 0 0 0 33 0 32 0 0 0 79 74 71 0 0 0 0 0 0 0 66 64 0 0 69 0 
0 13 0 0 16 12 0 0 11 0 0 0 0 0 0 0 0 0 0 0 0 22 23 0 24 0 0 0 61 0 0 0 59 0 0 0 62 64 67 0 65 0 66 0 0 48 49 0 0 0 0 0 52 0 35 0 38 0 0 42 0 0 0 0 1 7 2 0 0 4 0 0 0 0 0 75 0 0 71 0 0 
0 0 63 0 70 0 0 68 65 81 0 0 0 0 80 0 5 4 71 0 72 76 77 74 78 79 0 0 0 26 0 0 0 33 31 29 0 0 40 42 0 36 0 41 43 0 22 23 0 0 0 17 25 0 8 10 11 0 9 15 0 0 0 0 0 0 56 0 0 0 59 57 0 0 0 0 46 0 0 51 45 
28 0 27 0 0 0 0 0 29 45 47 51 52 0 44 48 0 49 0 0 0 40 41 38 0 0 39 0 79 0 0 0 77 0 76 74 0 1 0 0 0 81 0 0 0 0 67 0 65 0 0 62 0 0 0 0 56 0 54 0 0 59 61 0 19 0 20 0 18 22 0 21 0 0 0 0 0 0 0 0 0 
37 0 0 35 0 0 0 0 38 0 56 0 61 0 53 0 0 0 0 46 0 49 0 0 0 0 48 3 7 0 0 1 5 6 4 0 0 0 13 15 0 0 0 0 16 75 76 0 0 73 0 0 79 72 62 0 65 67 0 69 66 0 0 0 0 34 0 26 0 31 0 30 23 0 0 0 19 0 17 0 0 
6 0 5 4 12 8 0 10 7 0 0 0 0 0 0 0 0 0 0 15 0 18 0 0 0 21 0 0 57 49 50 0 0 56 54 0 0 0 0 0 0 0 0 0 0 44 0 0 43 0 0 0 48 41 0 0 34 0 32 0 0 0 39 0 0 3 0 0 77 81 1 80 73 70 0 0 0 0 0 0 0 
0 0 41 0 48 0 0 46 0 59 0 0 0 60 0 0 0 0 0 0 0 0 55 0 56 0 0 0 0 4 0 6 0 11 9 7 0 0 18 0 0 0 0 19 0 0 0 0 0 0 0 0 3 0 67 0 70 72 0 74 0 0 75 0 33 0 34 0 0 36 37 0 0 0 0 0 0 0 0 0 0 
24 0 0 0 0 26 0 28 0 41 0 0 48 42 40 44 0 45 0 0 32 36 37 0 0 39 0 71 75 0 68 0 73 74 0 0 0 78 0 2 0 0 0 0 3 0 63 0 0 60 65 58 66 0 0 0 0 54 50 0 53 55 57 20 0 0 16 13 14 18 19 17 10 7 0 0 6 12 0 0 0 
0 0 59 58 66 0 65 64 61 0 0 2 3 0 76 0 0 81 67 69 68 72 73 0 0 0 71 0 30 22 23 24 28 0 0 0 31 0 0 0 0 32 0 0 0 0 0 0 0 15 0 0 0 14 0 6 7 0 5 0 0 0 12 56 0 0 52 0 0 0 55 0 46 43 0 44 0 48 40 47 41 
0 18 14 0 0 0 20 0 0 0 34 38 39 0 31 0 37 36 0 24 0 0 28 0 0 0 0 62 0 0 59 0 64 0 63 61 67 0 72 0 70 0 0 0 0 53 54 55 52 0 0 0 0 50 0 0 0 45 0 0 44 46 0 11 6 0 0 4 0 0 10 8 1 0 0 0 0 3 0 0 0 
0 54 50 0 57 0 0 55 52 68 0 0 0 69 0 0 73 0 0 60 0 63 0 61 0 0 62 0 21 0 14 0 0 20 0 0 22 0 27 29 0 0 26 28 0 0 0 0 0 0 0 4 12 5 0 78 0 81 0 0 80 0 0 0 42 0 43 40 41 45 46 0 0 34 0 0 33 0 31 0 32 
69 0 68 67 0 71 74 0 70 5 0 11 0 0 0 0 10 0 0 0 77 0 0 0 0 0 80 0 0 0 0 0 37 0 0 0 40 0 0 0 43 0 0 0 0 0 27 0 0 24 0 22 0 23 13 15 0 18 14 0 17 0 0 65 0 66 61 0 0 63 0 62 55 0 0 0 0 57 0 0 0 
0 81 0 0 3 80 2 0 79 14 0 20 0 0 0 0 0 18 4 0 0 9 10 0 0 0 8 0 48 0 0 0 0 47 0 0 0 51 54 56 0 50 53 0 0 0 36 0 0 0 0 0 0 32 0 24 25 0 23 0 26 0 0 0 0 0 0 0 68 72 0 71 0 0 63 62 0 0 0 0 59 
0 36 0 0 0 35 38 37 34 0 0 0 57 0 0 0 55 54 40 42 0 45 0 0 0 48 0 80 0 76 77 78 1 0 0 0 4 0 0 0 0 5 0 0 0 0 0 0 70 0 74 0 75 68 0 0 61 63 0 0 0 0 66 0 24 30 25 22 0 27 0 0 19 0 0 17 0 0 0 0 14 
54 0 0 52 0 0 0 0 55 71 0 0 0 0 0 74 0 0 0 0 62 0 0 0 68 0 0 0 0 16 17 18 0 23 0 0 25 0 30 32 0 0 29 0 0 0 0 0 10 9 14 7 0 8 79 81 1 0 0 0 0 0 0 50 0 51 0 0 0 0 0 47 40 37 39 0 0 42 0 41 0 
0 0 0 43 0 0 0 0 46 0 0 68 0 0 0 0 0 0 0 54 53 57 0 0 59 0 0 0 0 7 0 0 13 14 0 0 0 0 21 23 0 17 20 22 0 2 0 4 0 0 5 0 0 80 70 0 0 0 0 0 74 0 78 41 36 42 0 0 0 0 0 0 0 0 30 29 0 0 0 32 26 
0 3 80 0 0 2 0 4 0 0 19 0 0 18 0 0 0 0 0 0 8 0 0 0 0 0 0 47 51 43 0 0 49 0 48 0 0 0 0 59 55 0 0 0 60 0 39 40 37 0 0 0 0 0 25 0 0 0 26 32 0 31 33 0 72 0 73 0 71 0 0 0 67 64 66 65 0 0 0 0 62 
0 0 0 25 33 29 0 0 0 44 0 50 0 0 0 0 0 48 0 36 0 39 0 0 0 0 38 74 0 70 0 0 76 77 0 0 79 0 0 0 1 80 2 0 6 0 66 67 64 63 68 0 69 62 0 54 0 0 0 59 0 0 60 23 0 0 0 0 0 0 0 0 0 10 12 0 0 15 0 14 8 
0 0 0 0 0 20 0 0 19 35 0 41 0 36 34 0 40 0 25 27 0 30 31 0 0 33 0 65 0 61 62 63 0 68 66 0 0 0 0 0 73 0 0 0 0 0 57 0 55 0 0 0 60 0 0 0 46 48 44 0 0 0 0 0 0 0 0 7 8 12 13 0 4 1 0 0 0 6 79 5 80 
0 66 0 0 69 65 0 0 64 80 1 5 6 81 79 0 4 0 0 72 71 75 0 73 77 0 74 0 33 0 26 27 0 32 30 0 0 36 39 0 0 35 0 0 0 0 21 22 0 0 23 0 0 17 0 0 10 0 0 14 0 0 0 59 54 60 0 0 53 0 0 56 49 0 48 0 45 0 43 50 44 
36 39 35 34 42 0 41 0 0 53 55 59 60 54 52 0 0 57 0 0 44 0 0 46 0 0 47 2 0 0 80 81 0 5 0 0 0 9 0 14 0 8 11 13 0 0 0 76 73 0 77 70 0 0 0 63 0 66 0 68 65 67 0 0 27 33 28 0 0 0 31 0 0 0 0 20 0 0 0 0 0 
0 12 0 7 0 0 14 0 0 0 28 32 33 0 25 0 31 30 16 0 0 0 22 19 23 0 0 0 60 0 53 54 0 59 0 0 0 0 0 0 0 0 0 0 0 0 48 49 46 45 50 0 0 44 0 0 0 0 35 41 0 0 0 5 0 0 1 79 0 0 0 0 0 0 0 74 72 0 0 77 0 
0 0 0 70 78 74 77 0 0 8 10 14 15 0 0 0 13 12 79 0 80 0 4 1 5 0 0 0 42 0 0 36 40 0 0 37 43 0 0 50 0 0 47 0 51 29 0 0 0 27 0 0 0 26 0 0 19 0 0 0 20 0 24 0 63 0 0 0 62 0 67 65 58 0 0 56 0 0 0 59 0 
67 70 0 0 0 69 72 71 0 0 0 0 10 0 2 0 8 0 74 76 75 79 0 77 0 1 0 33 0 0 0 31 35 0 34 32 38 0 0 45 41 0 0 0 46 0 25 26 23 22 0 0 28 21 0 0 0 0 0 18 0 17 0 63 58 64 0 56 0 61 0 0 0 0 52 0 49 55 0 54 0 
0 0 48 47 55 51 0 53 0 66 68 72 0 0 65 0 71 70 0 0 57 61 0 0 0 64 60 0 0 11 0 0 17 0 0 14 0 22 0 27 0 21 0 26 0 6 0 0 5 0 0 0 10 3 0 0 0 0 0 81 0 80 0 0 0 0 0 0 0 43 44 42 0 32 0 0 31 0 29 36 30 
13 0 12 11 0 0 18 17 0 0 0 36 0 0 29 0 35 0 0 0 21 0 26 0 0 28 24 0 0 56 0 58 62 63 61 0 0 67 0 72 0 66 0 0 73 0 52 0 0 49 0 0 0 48 0 0 41 0 0 0 0 0 46 0 0 0 5 0 3 0 0 0 80 77 0 0 0 0 0 81 0 
0 25 0 20 0 0 27 0 23 0 0 0 0 40 0 0 0 43 29 0 30 0 0 0 0 37 33 69 0 0 66 67 71 0 0 0 0 76 0 0 0 75 0 0 1 0 61 62 59 0 0 0 0 0 47 49 0 0 48 0 0 53 0 18 0 0 0 11 12 0 0 0 8 0 0 6 4 0 0 9 0 
31 0 30 29 0 0 36 35 0 48 0 54 0 49 0 51 53 0 38 0 0 43 0 41 0 0 0 0 0 0 0 0 0 0 0 0 0 0 0 0 0 3 6 0 0 0 0 0 68 0 72 0 73 66 56 0 0 0 57 0 0 0 0 0 0 0 0 0 0 25 26 0 0 14 16 0 13 0 11 0 0 
0 0 0 38 46 0 0 44 0 0 59 0 0 0 56 0 0 0 0 49 48 52 0 50 0 0 0 0 0 0 0 0 0 9 7 0 0 0 16 18 14 0 15 17 0 0 79 0 0 0 81 0 0 0 0 0 68 70 0 72 0 71 0 36 0 37 0 0 0 0 0 0 26 0 0 24 0 28 0 0 21 
0 79 0 74 0 0 0 80 0 0 0 0 19 13 0 0 0 16 0 0 0 0 0 0 0 10 0 42 0 38 0 0 0 0 0 0 0 0 0 54 50 0 51 53 0 0 0 0 0 0 0 29 0 30 20 22 0 25 0 0 0 0 0 0 67 73 0 0 0 0 71 69 0 0 0 0 0 0 56 0 0 
0 0 0 0 64 60 0 0 0 0 77 0 1 76 0 0 0 0 65 67 0 0 71 0 0 0 0 0 0 0 0 22 26 0 25 0 29 0 0 0 32 30 33 35 0 15 0 0 14 13 18 11 0 0 0 4 5 7 3 0 0 0 0 54 0 0 0 0 0 0 53 51 44 41 0 42 40 0 0 0 39 
4 0 0 0 0 6 9 8 0 0 23 27 0 0 20 0 0 25 0 13 0 0 17 14 0 0 15 51 0 47 0 0 53 0 0 0 0 0 0 0 59 57 0 0 64 0 43 44 0 40 0 38 0 0 0 31 0 0 30 0 33 0 37 81 76 1 77 0 0 79 0 0 0 0 0 0 67 0 0 0 0 
0 10 6 5 13 9 0 0 8 24 0 30 31 0 0 0 0 28 14 0 15 0 0 17 21 22 0 0 0 50 0 52 0 0 55 0 59 0 64 0 0 0 0 0 67 0 0 47 44 0 0 41 0 0 32 0 0 0 0 0 0 38 0 0 0 4 80 0 78 1 0 0 0 0 0 72 0 0 0 75 69 
0 0 0 68 76 0 75 0 71 0 8 0 0 0 0 0 11 10 0 0 0 0 0 0 0 0 81 0 40 32 33 0 0 39 0 35 41 0 0 48 0 0 0 47 0 0 0 0 26 25 30 23 31 24 0 16 0 0 15 21 0 0 0 66 0 0 0 59 0 64 0 0 56 53 0 0 0 0 50 57 51 
0 0 0 41 0 0 0 0 44 0 0 0 0 0 59 63 65 0 0 0 51 0 0 53 57 58 54 0 13 5 0 0 0 0 0 0 14 0 19 0 0 0 18 20 0 0 1 2 0 0 0 0 4 0 0 70 71 0 0 75 0 0 76 39 34 40 35 0 0 37 0 0 0 26 28 27 25 0 23 0 24 
0 0 0 0 0 0 39 38 0 0 0 0 0 52 0 0 56 55 0 0 0 46 0 0 0 0 0 0 4 0 78 79 0 0 0 0 5 0 0 0 8 0 9 11 13 0 73 0 0 0 0 68 76 0 0 0 62 0 60 0 0 0 0 30 25 31 0 0 0 0 0 0 0 0 19 18 16 0 14 0 0 
61 0 60 0 67 0 0 0 0 78 80 0 4 0 77 0 0 0 0 0 0 0 74 0 0 0 0 27 0 0 0 0 29 0 28 26 0 0 0 0 0 0 36 0 0 18 0 20 0 0 0 0 0 0 0 0 0 0 6 0 9 0 0 0 0 58 53 50 0 0 0 54 47 0 0 45 43 0 41 0 42 
25 0 24 0 31 0 0 29 0 42 44 48 49 43 41 0 47 0 0 34 0 0 38 0 39 40 36 0 76 68 69 0 0 75 0 71 77 79 0 3 80 0 81 0 4 0 64 0 62 0 66 0 0 60 0 52 53 0 0 57 0 56 58 21 0 0 17 14 15 19 0 18 0 0 10 0 7 0 0 12 0 
16 0 15 14 22 0 21 20 17 33 0 0 40 34 0 0 38 37 0 0 0 0 0 26 0 31 27 63 67 59 0 0 65 66 0 0 68 70 0 0 0 69 0 74 76 0 0 0 53 52 0 50 58 0 41 0 0 46 0 0 0 0 49 12 7 0 8 5 6 10 0 0 2 0 0 0 79 0 0 0 0 
0 0 0 0 4 81 0 0 80 0 17 0 22 16 14 0 20 19 0 0 0 0 11 8 0 0 0 45 49 0 42 0 0 0 0 44 0 0 0 0 53 0 0 56 58 36 0 38 0 0 0 0 0 0 23 0 0 0 24 0 0 0 0 75 0 76 0 0 0 0 74 72 0 62 0 0 61 0 59 66 0 
0 55 0 50 0 54 0 0 0 0 0 0 0 0 0 0 0 73 0 61 60 0 65 62 66 0 0 0 22 14 0 16 20 21 19 0 0 0 0 0 26 0 0 29 0 0 0 0 8 7 12 0 0 0 0 0 80 0 78 0 0 0 4 48 43 0 0 41 42 46 0 45 0 35 0 0 0 0 32 39 0 
0 11 7 6 0 0 13 0 9 0 0 0 0 26 0 28 30 29 0 17 16 0 0 0 0 0 0 55 59 51 0 0 0 0 0 54 60 0 65 0 0 0 0 66 68 0 0 48 45 0 49 42 50 0 33 35 0 0 0 0 0 0 0 4 0 0 0 78 79 2 0 0 0 72 74 0 71 0 69 0 0 
0 0 34 0 0 0 0 0 0 0 0 58 0 53 0 0 57 0 42 44 0 0 0 45 0 0 0 0 5 0 79 0 0 0 0 81 6 8 0 0 9 0 0 0 14 0 74 75 72 71 76 0 77 0 0 62 0 65 61 67 0 66 68 0 0 0 0 0 0 29 0 28 0 18 0 0 17 23 0 0 0 
71 0 0 0 0 0 76 75 0 0 0 0 14 8 6 0 0 0 0 0 79 0 3 0 4 5 0 0 41 0 0 0 39 0 0 0 0 44 47 0 0 43 46 0 0 28 29 0 0 26 0 0 32 0 0 0 0 0 0 0 19 0 0 0 0 0 0 60 0 65 0 0 0 0 0 0 53 0 0 58 0 
0 0 0 15 23 0 22 21 0 0 36 0 0 0 0 37 0 38 24 26 25 29 0 27 0 0 0 0 0 0 0 62 0 0 0 0 0 0 74 76 72 0 73 0 0 0 0 0 54 0 0 0 0 52 42 44 45 0 0 49 0 0 50 13 0 14 0 6 7 0 12 0 3 0 2 0 80 5 0 0 0 
80 2 79 0 0 0 0 0 0 0 0 22 23 0 0 0 0 20 6 0 0 0 0 0 13 14 10 0 0 0 43 44 48 49 47 0 51 53 0 58 0 0 0 57 0 37 38 39 0 35 40 0 41 34 24 0 27 29 25 31 28 0 0 0 0 0 0 0 70 0 75 0 66 63 0 64 0 0 0 0 0 
0 0 0 42 0 46 0 0 45 61 63 67 0 0 0 0 0 65 0 53 52 0 0 54 0 0 55 0 14 0 7 8 12 0 0 9 0 17 20 0 18 16 0 21 23 0 2 0 81 80 0 78 5 79 0 0 0 74 70 76 0 0 77 40 0 41 0 33 0 38 0 0 0 27 29 0 26 0 24 0 25 
0 65 61 60 0 0 0 66 0 79 0 0 5 80 0 1 3 0 0 0 0 74 0 72 0 0 73 0 32 0 25 26 30 31 29 0 0 35 0 40 0 0 37 39 41 0 0 21 0 0 0 0 0 16 6 8 9 11 0 0 0 0 14 58 53 0 0 51 52 56 57 55 0 45 47 46 0 0 0 0 0 
0 0 0 0 0 0 0 30 27 43 0 49 50 0 0 0 0 0 0 35 34 38 0 36 0 0 0 73 77 0 0 0 0 0 74 72 0 0 0 4 81 79 0 3 0 64 0 66 0 62 67 0 0 61 51 53 0 0 0 0 0 0 0 0 0 0 18 0 16 0 0 19 12 0 0 0 8 0 0 13 7 
0 0 0 0 0 0 58 57 0 70 0 0 0 71 69 73 0 0 0 0 0 65 66 0 0 0 0 19 0 15 0 17 0 22 20 18 0 26 0 31 0 0 0 0 0 0 0 12 0 0 13 6 14 0 0 0 81 2 79 0 0 0 0 0 44 50 45 0 0 47 0 46 0 0 38 37 35 0 0 40 0 
