9
0 0 66 0 0 69 67 70 68 29 0 34 0 0 27 35 0 0 0 62 0 0 0 0 54 0 57 0 0 0 0 0 0 0 47 49 0 6 0 3 8 0 5 81 0 19 0 0 0 23 21 0 20 24 0 0 9 0 0 12 0 0 14 0 74 0 0 77 80 78 73 76 0 0 0 0 44 0 37 0 0 
0 20 21 0 0 24 0 25 0 0 69 0 64 0 63 0 0 67 0 0 0 0 0 0 0 0 12 0 0 1 6 0 0 7 0 0 38 42 37 0 44 40 0 0 0 55 54 0 0 0 57 58 0 0 0 0 45 51 0 0 53 0 50 0 0 27 0 0 35 0 28 0 76 0 0 0 0 77 0 0 78 
0 2 3 81 0 0 4 7 0 47 0 52 0 0 0 53 0 49 73 80 78 0 0 74 0 77 0 66 0 0 69 0 0 70 65 67 0 24 0 0 26 0 23 0 25 37 36 44 0 0 0 0 38 0 0 0 0 33 0 0 35 0 32 0 11 9 12 14 0 15 10 13 0 0 0 0 0 0 55 0 60 
0 0 57 0 55 0 0 0 59 0 24 25 19 0 18 0 21 22 0 53 0 52 0 47 45 0 0 0 36 37 0 41 44 0 38 0 74 78 73 0 80 0 0 0 0 0 0 17 16 0 12 13 11 0 2 7 81 0 4 0 8 1 5 70 0 63 0 68 0 0 64 0 0 0 30 27 35 32 28 0 0 
0 0 0 36 0 0 0 0 0 2 6 0 0 0 0 0 0 0 0 0 33 34 31 0 27 0 0 21 18 0 24 23 0 0 0 0 0 60 55 57 62 0 0 0 61 0 0 80 0 0 75 0 0 78 0 0 63 69 67 66 71 64 68 52 0 0 0 0 0 0 0 49 0 16 0 9 0 0 10 0 15 
0 0 0 0 0 0 49 52 0 0 15 16 10 0 0 0 0 0 0 44 42 43 40 0 36 0 0 0 27 28 0 0 0 0 0 0 65 0 0 66 71 0 68 63 70 0 0 0 0 0 0 0 0 0 0 0 0 0 0 0 80 0 0 0 0 54 0 59 62 0 55 58 22 25 21 0 26 23 19 0 0 
0 11 0 0 0 0 0 0 14 56 60 61 55 59 0 62 57 0 0 0 6 0 4 2 0 5 3 75 72 0 0 0 80 0 0 0 29 33 0 0 35 31 0 0 0 0 0 0 0 50 0 0 0 0 38 43 0 42 0 0 0 0 0 0 0 18 21 0 26 24 19 22 0 70 0 63 71 68 64 65 69 
35 0 0 0 0 0 0 34 0 0 78 0 0 77 0 0 0 76 0 26 0 25 0 0 18 0 0 12 0 0 15 0 0 16 0 13 0 51 0 0 53 49 50 45 0 0 0 0 70 68 66 67 0 0 56 0 0 0 0 0 0 55 0 0 0 36 0 0 0 42 37 0 0 0 3 0 0 5 0 2 0 
0 0 0 72 0 78 0 79 77 0 42 0 37 0 0 44 0 0 0 0 0 0 0 0 0 68 0 0 0 55 60 0 62 61 0 58 0 0 10 12 0 0 14 0 16 0 0 0 0 32 0 31 0 0 0 0 0 24 0 21 0 19 23 7 0 0 3 0 0 6 1 4 0 52 48 0 53 50 0 0 51 
0 9 10 7 8 13 11 0 0 54 58 59 53 0 0 0 55 0 0 0 4 0 0 81 0 0 0 73 0 0 0 0 0 0 0 0 27 0 0 28 33 29 30 0 0 0 43 51 50 0 46 0 0 0 36 41 34 0 0 0 0 35 0 0 0 0 0 0 0 0 0 20 0 68 0 0 0 66 62 0 67 
60 54 0 0 0 58 56 0 57 18 22 23 0 0 16 24 19 0 0 0 0 0 0 0 0 48 0 37 0 0 0 39 42 0 0 0 72 76 71 0 78 0 0 70 77 8 0 0 14 0 10 11 0 13 0 0 79 4 0 1 6 0 3 0 0 0 0 0 0 0 62 65 0 0 0 0 33 30 26 0 31 
0 0 1 0 0 0 0 0 0 0 49 50 0 0 43 0 0 47 71 0 76 0 0 72 0 0 0 64 0 0 0 66 69 0 0 0 0 0 0 19 0 0 0 0 0 35 0 42 41 0 0 38 36 0 0 0 0 31 0 0 0 0 0 14 9 7 0 0 0 13 8 11 56 59 0 52 0 0 53 54 58 
0 0 0 0 0 0 0 50 0 9 0 14 0 12 0 15 10 0 0 0 0 41 38 0 34 0 0 0 0 0 0 0 0 0 27 0 0 67 62 0 0 0 0 61 68 80 0 0 0 0 0 0 81 0 72 0 0 76 0 73 78 71 0 59 54 52 55 0 60 58 0 56 0 23 0 0 24 21 0 18 22 
0 0 0 0 0 0 65 0 66 27 0 32 0 0 0 0 0 0 53 0 58 0 56 54 0 0 0 0 43 0 0 0 51 50 45 0 0 0 0 0 0 0 3 79 0 17 0 24 23 0 0 20 18 0 9 14 0 0 0 0 15 0 0 0 72 0 0 75 78 0 0 0 0 41 0 0 0 39 35 0 40 
0 18 19 0 17 0 20 23 0 63 67 0 0 0 0 0 64 0 8 0 13 0 11 0 0 0 10 0 79 0 0 0 0 0 81 2 0 0 0 0 0 38 39 34 0 53 0 0 0 57 0 56 0 0 45 0 0 0 0 46 51 0 0 32 27 25 0 30 33 0 0 29 0 0 73 0 78 75 71 0 76 
0 36 0 34 35 0 0 0 39 81 0 5 80 3 0 6 1 0 0 0 31 0 0 27 25 30 0 0 0 17 22 0 0 0 18 0 54 58 53 0 0 56 0 52 0 0 70 0 0 0 73 0 72 76 63 0 61 0 65 0 69 0 66 0 0 43 46 0 51 0 0 47 11 14 0 7 0 0 0 9 13 
78 72 0 70 0 0 0 77 75 36 0 41 35 0 0 0 37 0 62 0 0 0 65 63 61 66 64 0 52 0 58 57 0 0 0 0 9 0 0 10 0 11 0 0 0 26 0 0 32 0 0 0 0 31 0 0 16 0 0 19 24 0 21 0 81 0 0 3 0 4 80 0 0 50 46 43 0 0 0 0 0 
33 27 0 25 26 31 29 0 30 0 76 0 71 0 70 78 0 0 17 24 22 0 20 18 0 0 0 0 7 0 0 12 0 0 9 0 45 0 44 0 51 0 0 43 0 62 0 69 0 0 64 65 63 0 54 59 0 58 56 0 0 53 0 41 0 0 37 0 42 0 35 0 2 5 0 0 6 0 0 0 4 
66 60 61 0 59 0 62 65 0 0 0 29 0 0 0 30 0 0 0 57 0 56 53 51 49 54 0 0 0 0 46 0 0 0 0 0 78 1 0 0 0 0 81 76 2 14 13 0 0 0 16 0 15 0 0 0 0 0 0 7 0 5 0 0 0 67 70 72 0 0 0 71 35 0 0 0 39 0 32 0 37 
0 0 70 0 0 0 0 0 0 33 0 0 32 36 0 39 0 0 0 0 0 0 0 0 0 63 0 0 0 0 55 54 57 0 0 0 0 10 5 0 0 0 0 0 11 0 0 30 0 0 0 0 0 0 0 0 0 19 17 0 0 0 18 0 0 0 0 0 3 1 0 80 0 0 0 40 48 0 41 42 0 
0 0 0 76 0 0 80 2 0 0 46 47 0 0 40 0 0 44 0 0 73 0 71 69 67 0 0 0 58 59 64 0 66 0 60 0 0 19 0 16 0 0 18 13 0 32 0 0 38 0 34 0 0 0 24 0 0 0 26 0 0 0 0 0 6 4 0 9 12 10 0 0 0 0 0 49 0 0 50 0 0 
0 42 43 40 0 0 0 0 0 0 0 0 0 0 0 0 0 0 0 39 37 38 0 0 31 36 0 0 22 23 28 27 0 29 24 0 60 0 0 0 0 0 0 58 0 77 0 0 0 0 79 0 78 0 0 0 0 73 0 0 75 0 0 56 0 49 52 0 57 0 0 53 0 0 16 13 21 0 0 0 19 
0 0 52 0 0 55 0 56 54 15 0 0 0 0 0 21 0 17 41 48 0 0 44 42 40 0 0 34 0 0 0 36 39 38 0 0 0 0 68 70 0 0 0 67 0 0 0 12 11 0 7 0 6 0 0 0 0 0 80 0 3 77 0 0 0 0 61 0 0 0 0 62 0 0 25 0 0 27 0 0 28 
0 0 0 0 0 0 0 0 0 0 0 65 59 0 0 0 61 62 0 12 0 0 8 0 0 0 7 79 0 0 0 81 0 2 0 80 0 0 0 34 0 0 0 31 0 0 0 0 0 54 0 0 51 0 42 0 0 46 44 0 48 41 0 0 0 0 0 0 30 28 23 26 0 0 0 0 0 72 68 69 0 
0 0 25 0 0 28 26 29 0 69 73 0 0 0 0 0 0 0 0 21 0 20 17 15 0 18 16 7 0 0 0 9 0 0 6 8 0 46 0 0 48 44 45 0 47 0 58 0 0 0 0 62 0 0 0 56 0 0 53 0 57 0 54 0 33 0 0 0 39 0 32 0 0 0 79 76 0 0 0 78 1 
0 0 34 0 32 0 35 0 36 0 0 0 77 0 76 0 0 80 0 0 28 0 0 24 0 27 25 16 13 14 0 18 0 20 0 0 0 55 0 0 0 0 0 0 56 0 67 0 0 72 70 0 0 0 0 65 58 0 62 0 0 59 63 0 42 0 0 45 48 0 0 0 0 11 0 4 12 9 0 0 0 
0 6 7 0 0 0 0 0 0 51 55 56 0 0 0 57 0 0 77 0 0 0 0 78 0 0 0 0 0 68 73 0 0 0 0 0 24 28 23 0 0 26 0 22 29 41 40 48 0 45 0 0 42 0 0 0 0 0 0 34 39 0 0 20 15 0 16 18 0 0 0 0 62 0 0 58 0 0 0 0 0 
0 0 68 65 0 0 0 0 0 31 0 0 30 34 0 0 0 33 0 0 62 0 0 0 56 61 0 0 0 48 0 52 55 0 49 0 4 8 0 0 0 6 7 0 0 21 0 0 27 0 23 0 22 0 0 0 11 0 15 14 0 12 16 81 0 0 0 0 0 0 0 0 42 0 0 0 46 0 0 0 0 
0 4 0 0 3 8 0 0 7 49 53 0 48 52 47 0 0 0 75 0 0 0 0 0 74 79 77 68 0 0 71 70 0 72 67 69 22 26 21 23 0 0 0 20 27 0 0 46 0 0 41 42 40 0 0 36 0 0 0 32 0 0 0 0 0 11 14 0 19 0 0 0 60 63 0 56 0 61 0 0 0 
0 0 0 0 0 0 0 0 0 0 0 72 0 0 65 0 68 0 12 0 0 0 15 13 11 0 0 5 0 3 8 7 0 0 0 0 40 0 0 41 0 42 43 38 45 0 56 64 63 61 59 60 58 62 0 0 47 53 51 0 55 48 52 0 31 29 32 0 37 0 30 33 78 0 77 74 0 79 0 0 80 
1 0 0 74 0 0 78 81 0 40 0 45 39 43 0 46 0 42 0 0 0 0 0 0 65 0 68 59 0 57 0 0 0 63 58 0 13 0 0 0 19 0 16 0 0 0 0 0 0 0 0 0 31 35 0 27 20 26 24 0 0 21 0 9 4 2 0 7 0 8 0 6 0 54 0 47 0 52 0 0 0 
0 0 0 11 12 17 15 0 0 0 62 0 0 0 0 0 0 0 3 0 8 9 6 4 0 0 5 0 0 0 80 0 0 0 0 78 31 0 0 32 37 0 34 0 36 0 0 55 54 52 50 0 0 0 0 0 38 0 0 0 46 39 43 27 0 20 0 0 0 26 0 0 0 72 0 65 0 0 66 0 0 
37 31 0 29 0 0 0 0 0 0 80 0 0 0 74 0 77 0 0 0 0 0 0 0 20 0 23 14 11 0 17 16 0 18 0 15 49 53 0 0 0 0 52 0 0 66 65 0 0 70 68 0 67 0 58 63 0 0 0 0 64 0 61 0 40 0 0 43 46 0 0 0 0 0 5 2 0 0 3 4 0 
0 0 50 0 0 0 51 0 52 13 0 0 12 0 11 0 14 15 0 46 0 45 0 0 0 0 41 32 0 30 0 34 37 36 0 0 67 71 0 68 73 69 0 0 72 3 0 10 9 0 5 6 0 8 76 0 0 0 78 0 0 75 0 0 58 56 59 61 64 62 0 0 0 27 0 0 28 0 0 0 0 
0 0 0 56 0 62 0 63 0 0 26 0 21 0 0 0 0 0 48 0 53 54 51 49 47 0 50 0 38 0 44 0 46 45 0 0 0 80 0 77 0 0 0 74 0 12 11 0 0 0 0 0 13 0 4 0 2 8 0 5 0 3 7 0 0 0 68 70 0 0 0 0 33 36 0 29 37 0 30 0 0 
0 40 0 38 0 0 42 0 43 0 0 0 0 0 0 10 5 0 0 37 0 0 0 31 0 0 0 0 20 21 26 0 28 27 0 24 0 62 57 0 0 60 0 0 0 0 74 0 0 79 77 0 0 80 0 0 0 0 0 0 0 0 0 54 0 0 50 0 0 53 0 0 15 0 0 0 0 16 12 13 0 
0 0 0 0 18 23 21 24 0 64 0 0 0 0 62 0 0 66 0 16 0 15 12 10 0 0 0 0 0 81 0 0 7 0 0 0 0 41 0 0 43 39 0 0 0 0 0 61 0 0 0 57 0 0 46 51 44 50 0 0 52 0 49 0 28 0 0 31 34 32 27 30 0 0 0 0 0 0 72 73 0 
0 0 0 0 36 0 0 0 0 1 5 0 0 0 80 7 0 3 0 34 0 0 30 28 26 0 0 0 0 18 0 22 0 0 19 21 55 0 54 0 0 57 58 0 0 0 0 0 78 76 74 0 73 77 64 0 0 68 0 65 70 0 0 51 0 0 0 0 0 0 45 0 12 0 11 8 0 0 0 10 0 
0 73 74 0 72 77 0 0 0 0 0 42 0 40 0 0 0 0 0 0 68 69 66 0 62 0 0 0 0 0 0 58 61 60 55 0 10 14 9 11 0 12 0 8 0 27 26 0 33 0 0 0 28 32 0 0 17 23 0 20 0 18 0 0 0 80 2 4 0 0 81 3 0 51 0 0 52 49 0 0 50 
61 55 0 53 0 59 0 60 58 19 23 24 0 22 0 25 20 0 0 0 0 0 0 0 0 0 0 38 0 36 0 0 0 0 0 39 0 77 72 0 79 0 0 0 0 9 0 16 15 0 0 12 10 14 0 6 80 0 0 0 7 0 0 69 0 0 0 0 70 0 63 0 0 33 29 0 34 0 0 28 0 
0 0 2 0 81 0 3 0 4 0 0 0 0 0 44 0 0 48 72 0 77 0 0 0 71 0 0 0 0 0 0 67 0 0 64 66 19 23 18 0 25 21 0 17 0 36 0 43 0 0 38 0 0 0 28 0 26 32 0 0 0 0 31 15 0 8 0 13 16 0 9 0 0 0 56 53 0 0 54 0 0 
0 10 0 0 9 0 0 0 13 0 59 60 54 0 53 61 0 57 0 7 0 6 3 0 0 0 2 74 0 0 0 0 0 0 0 0 28 0 0 0 34 0 31 26 33 0 0 0 0 49 0 0 46 0 37 0 0 0 0 38 0 36 40 24 0 0 20 0 0 0 18 0 66 0 0 0 0 0 0 0 68 
0 0 0 44 45 0 0 51 49 10 0 0 0 13 8 0 11 12 0 0 0 42 39 0 35 0 0 29 0 27 0 31 0 0 28 30 0 0 0 0 0 0 67 62 0 81 80 7 0 0 2 3 1 5 73 78 71 0 0 0 0 0 0 0 55 53 0 0 0 59 54 0 0 0 0 0 25 22 0 0 0 
0 64 65 62 0 0 0 69 0 28 32 0 27 0 26 34 0 30 54 61 0 0 0 0 0 0 0 0 44 0 0 0 0 51 0 0 1 0 81 0 0 0 4 0 6 0 0 0 0 0 0 0 0 23 0 0 0 0 0 0 16 0 13 78 73 71 74 0 0 77 0 0 39 0 0 0 0 0 0 0 41 
34 28 0 0 0 32 0 0 31 73 77 0 0 0 0 79 74 0 0 0 0 0 21 0 0 22 0 0 0 9 0 13 0 0 0 12 46 0 0 0 0 0 0 0 51 63 62 70 69 0 65 0 0 68 55 0 0 0 57 56 0 54 0 0 37 0 38 40 0 41 0 39 3 6 0 0 0 0 0 0 0 
50 0 45 0 43 0 0 49 47 0 0 0 0 11 0 0 0 10 34 0 0 0 0 35 0 0 0 0 0 25 0 29 0 0 26 28 62 66 0 0 0 64 0 60 0 79 78 5 4 0 81 0 0 3 71 0 69 0 73 72 77 0 0 58 0 0 0 0 0 0 52 0 0 0 18 0 23 0 16 17 21 
0 0 18 0 16 0 0 22 0 0 66 0 61 65 0 68 0 64 0 0 0 0 10 0 6 11 0 0 78 0 0 0 0 4 80 0 35 39 0 0 0 37 0 33 40 0 0 0 58 56 54 55 53 57 0 0 42 0 46 0 0 0 47 0 0 24 0 0 32 30 25 0 73 0 0 0 77 74 0 71 0 
0 8 9 6 7 0 0 13 0 0 57 58 0 56 51 0 0 0 79 0 0 4 1 80 0 0 0 72 0 70 0 74 0 0 71 73 26 0 25 27 0 28 29 0 0 0 42 0 0 0 0 0 0 48 0 40 0 0 0 0 0 34 0 0 17 15 0 20 0 0 0 19 0 67 63 60 0 0 0 0 66 
0 0 36 0 0 0 37 0 0 80 0 4 0 2 78 0 81 1 25 32 0 0 28 0 0 29 0 18 15 16 0 20 23 22 17 0 0 0 0 0 0 55 0 0 58 0 0 0 0 0 0 73 0 75 62 67 60 0 64 0 68 0 65 49 0 42 0 47 50 0 0 46 0 0 9 0 0 11 7 8 0 
32 0 0 24 0 0 28 0 29 0 0 76 0 0 69 77 0 73 0 23 21 0 0 17 15 20 0 9 0 7 0 0 0 0 0 10 44 0 43 0 50 46 0 42 0 61 0 0 0 0 63 0 0 0 0 0 0 0 55 0 0 52 0 40 35 0 36 38 0 39 0 37 0 4 0 78 0 0 0 80 3 
77 0 72 69 0 75 73 76 0 35 39 0 0 0 0 0 0 0 61 0 0 0 0 62 0 65 0 0 0 52 0 56 0 58 53 55 8 0 0 9 0 10 0 6 13 0 24 0 0 29 0 0 26 30 0 22 15 0 0 0 23 16 0 4 80 78 81 2 0 3 79 0 46 0 45 42 50 0 0 0 0 
5 0 81 0 0 0 0 4 0 44 48 0 0 0 0 50 0 0 70 77 0 76 0 71 0 0 0 0 60 0 0 0 0 0 62 0 0 21 16 18 23 19 0 0 0 0 0 0 0 38 36 37 0 0 26 0 0 30 28 0 0 0 29 13 0 6 9 0 14 12 0 0 55 0 0 51 59 0 0 53 57 
0 0 0 0 61 0 64 67 0 26 0 0 25 0 0 0 27 28 0 0 0 58 0 0 0 0 0 0 0 0 48 0 50 49 44 0 80 3 79 81 0 0 0 0 0 16 15 23 0 0 0 0 0 21 0 0 6 0 0 0 0 0 0 0 71 0 0 74 77 75 70 73 37 40 0 33 41 0 34 35 39 
59 53 54 51 52 0 55 0 0 17 21 0 16 20 15 0 18 19 43 50 0 0 46 0 0 47 45 0 33 0 39 0 0 0 35 0 71 0 0 72 0 73 74 0 0 0 6 14 0 0 9 0 0 0 0 0 0 0 0 0 5 0 2 0 0 60 0 65 0 66 0 0 28 31 27 24 0 29 25 0 0 
40 34 35 32 0 0 36 39 0 0 0 0 78 0 0 4 0 0 24 0 0 0 0 0 0 0 26 17 0 15 20 0 22 0 16 0 0 56 0 0 58 54 0 0 0 69 68 76 0 0 0 0 0 0 61 0 0 0 63 0 0 60 64 48 0 0 44 46 0 0 0 45 0 0 0 5 0 0 0 0 0 
76 0 71 0 0 0 0 75 0 0 38 39 0 0 32 40 0 0 0 67 0 66 0 0 0 0 62 0 50 0 56 55 58 0 52 54 7 0 0 0 0 0 0 5 12 0 0 0 0 0 26 0 25 29 16 21 14 0 18 0 0 0 0 3 0 0 0 1 0 0 0 0 45 48 0 0 49 0 0 0 0 
0 0 0 0 0 11 0 12 10 0 0 57 0 0 0 58 0 0 0 0 0 3 0 79 77 1 0 0 0 0 0 0 0 0 0 0 25 0 0 0 31 0 28 23 0 0 0 0 0 46 0 0 0 47 0 39 0 0 0 0 40 0 37 0 0 14 0 19 22 0 15 18 63 0 62 0 67 64 0 0 0 
0 0 62 59 60 65 0 66 64 0 0 30 0 0 23 31 0 27 51 58 0 0 0 52 0 0 53 0 41 42 47 0 49 0 0 0 79 0 0 80 0 81 0 0 0 15 0 22 0 19 17 18 16 20 0 0 0 0 0 0 0 6 10 75 0 0 0 73 0 0 69 0 36 39 35 32 0 0 33 0 0 
0 0 0 41 0 47 45 0 0 0 11 12 6 0 5 0 8 0 33 0 38 0 0 0 0 0 0 0 0 24 0 28 0 30 0 27 61 65 0 62 0 0 0 0 66 78 77 4 0 0 0 0 79 0 0 75 68 74 0 0 0 0 0 0 52 0 0 0 0 56 0 0 0 0 17 0 0 0 0 0 0 
0 52 0 0 0 0 0 0 55 16 0 0 15 0 0 0 0 18 0 49 0 0 0 0 41 0 0 35 0 0 0 37 40 39 0 0 0 74 0 0 0 72 0 68 0 0 5 0 12 0 8 0 7 11 0 3 0 0 0 0 4 78 0 0 61 59 0 64 67 0 60 63 27 0 0 0 31 28 0 25 0 
0 0 0 0 78 0 81 0 1 43 0 48 42 46 0 0 44 45 0 0 0 0 0 0 68 0 0 62 59 60 65 0 0 0 0 0 0 20 15 17 22 18 0 14 0 0 0 0 0 37 0 0 0 38 25 0 0 0 0 0 31 0 0 0 0 5 0 10 0 0 0 9 54 0 0 0 0 0 0 52 56 
0 25 0 0 0 0 0 0 28 0 0 0 69 0 0 0 0 0 0 22 0 0 18 0 14 0 17 8 0 6 11 0 13 0 7 9 43 0 0 0 49 45 0 41 48 0 0 67 0 64 62 0 61 0 52 0 0 56 54 0 58 51 0 0 0 32 35 0 0 0 33 0 0 3 80 0 0 0 78 79 2 
0 0 17 14 15 0 0 0 0 0 0 66 0 0 0 67 62 0 6 0 11 0 0 0 0 0 0 80 0 78 2 0 0 0 0 0 0 0 0 0 40 0 37 32 39 0 50 0 57 0 53 0 52 0 0 0 0 0 0 44 0 42 46 0 25 0 26 0 0 29 0 27 72 0 71 0 0 0 0 0 0 
0 66 67 0 0 0 68 71 0 0 34 0 29 0 28 0 0 0 0 0 0 62 0 0 0 0 0 49 0 0 52 0 0 0 0 0 0 7 0 0 0 5 0 1 8 20 0 0 26 24 0 23 0 0 0 17 0 16 0 13 0 0 15 0 75 73 0 78 0 79 0 0 0 44 0 0 45 0 0 0 43 
0 0 0 55 56 0 0 0 0 0 0 0 20 0 0 0 22 0 47 54 0 0 0 48 0 51 0 40 37 0 0 0 45 44 0 41 0 0 0 76 0 0 0 73 80 11 0 0 0 0 13 14 12 16 0 0 0 0 0 0 0 0 0 0 66 0 67 0 0 70 65 68 0 35 0 0 0 33 0 0 0 
0 12 0 0 0 0 14 17 0 0 61 62 0 60 0 0 0 0 2 9 7 0 5 0 1 0 4 0 0 0 0 78 0 0 0 0 30 0 29 31 36 0 0 0 0 0 0 54 0 51 49 0 48 52 0 44 0 0 0 0 45 0 42 0 0 0 0 24 0 25 0 23 68 0 67 0 72 69 65 0 0 
81 75 76 0 74 0 77 80 0 0 0 0 0 42 0 45 0 41 0 72 0 71 68 66 64 0 67 0 55 56 61 60 63 62 0 0 12 16 11 0 18 0 15 0 0 0 0 36 35 33 0 32 30 0 21 26 0 0 23 0 0 0 24 8 0 0 0 6 9 0 0 0 0 0 49 46 54 0 0 48 0 
0 0 0 0 0 52 0 0 0 0 16 17 0 15 10 0 0 0 0 0 43 0 41 0 0 42 40 31 28 0 0 0 36 35 30 32 0 70 0 0 72 68 0 0 71 0 1 9 0 6 4 0 0 7 75 0 0 0 0 0 0 74 78 0 0 0 58 0 0 0 56 0 0 0 22 19 0 24 20 21 0 
0 0 0 0 29 34 0 0 0 0 79 80 74 0 0 0 0 77 0 27 0 26 23 0 0 0 0 0 0 11 0 0 0 0 12 14 48 0 0 49 0 0 0 0 53 65 0 0 71 0 0 68 0 70 0 62 0 0 0 58 0 0 0 44 0 0 40 0 45 0 0 0 0 8 4 0 0 0 0 3 0 
0 0 0 19 20 0 23 26 0 66 70 71 0 69 0 0 0 0 0 0 16 17 0 12 10 0 0 0 1 0 0 0 9 0 0 0 0 0 38 40 45 41 0 0 0 0 0 63 0 60 0 0 0 0 0 53 0 52 0 0 0 0 0 0 0 0 0 0 36 0 0 0 0 0 0 0 0 78 0 75 0 
0 39 40 37 0 0 41 44 0 0 0 8 0 6 1 9 4 5 29 0 34 0 32 30 28 0 0 0 0 20 25 24 0 0 0 23 57 0 56 0 63 59 0 0 0 74 0 0 0 78 76 0 0 79 66 0 64 0 0 67 0 65 0 0 0 46 49 51 54 0 0 0 0 0 0 0 18 15 11 0 0 
0 0 4 0 0 7 0 0 6 0 52 0 0 51 0 0 49 0 0 0 0 80 0 75 73 78 76 0 0 0 70 0 72 0 66 0 0 25 0 0 0 23 24 0 0 0 0 0 0 42 0 0 39 43 30 35 0 0 32 31 0 0 0 0 12 0 13 15 0 0 0 14 59 0 0 55 0 0 0 0 0 
0 50 0 0 49 0 0 0 53 0 18 0 13 17 0 20 0 0 0 0 45 0 0 0 39 44 0 33 0 0 0 0 0 0 0 0 68 0 0 69 0 70 0 66 0 0 3 0 10 0 6 0 0 0 0 1 75 81 0 78 2 0 0 64 0 0 60 62 65 63 0 0 0 0 24 0 29 26 0 23 27 
0 32 0 30 0 0 34 37 0 0 81 0 76 0 0 0 78 79 0 29 0 0 25 0 0 0 24 0 0 0 0 0 20 19 14 0 0 54 0 0 0 0 0 0 0 0 66 0 0 0 69 70 0 72 59 0 0 0 61 60 65 0 0 46 0 0 0 0 0 45 0 43 0 0 6 3 0 0 0 5 0 
0 0 0 39 40 45 43 0 44 5 0 0 4 0 3 11 6 0 0 0 0 37 0 32 0 0 0 0 0 22 27 0 29 28 0 0 59 0 58 60 65 0 0 0 0 76 0 2 1 0 78 79 77 81 0 73 66 0 70 0 74 0 0 0 0 48 0 0 0 0 0 0 0 0 15 12 0 17 13 14 18 
0 0 0 0 0 0 0 0 17 0 0 64 0 0 0 65 0 0 0 0 9 0 0 0 0 8 6 78 75 0 81 0 2 1 0 79 32 36 0 33 38 0 0 30 0 0 0 0 55 0 0 0 0 0 0 0 39 0 0 0 0 0 44 0 0 0 0 26 0 27 22 25 70 0 0 0 0 71 67 68 0 
0 0 0 0 0 81 79 0 0 0 0 46 40 44 39 47 0 0 0 0 0 0 0 0 0 0 0 60 0 58 63 0 65 0 0 61 0 0 13 0 0 16 0 0 0 31 0 0 0 0 0 34 32 0 0 28 0 0 0 0 0 0 26 0 5 0 6 0 0 0 4 0 0 55 0 0 0 0 0 0 0 
65 0 60 57 0 0 0 64 0 23 0 0 0 0 21 0 0 0 49 0 0 0 52 0 0 0 0 0 39 40 0 44 47 46 0 43 77 0 0 0 0 0 80 75 1 0 0 0 0 17 0 0 0 18 0 0 3 0 0 0 11 4 0 73 0 0 69 71 74 72 0 0 34 0 0 0 38 35 0 0 36 
11 0 0 3 4 0 0 0 8 50 54 0 0 0 48 56 0 52 0 0 0 0 0 0 75 80 0 0 66 0 0 0 0 0 0 70 23 0 0 0 29 25 26 0 0 0 39 0 46 44 0 0 0 45 32 0 0 36 0 0 38 0 0 19 0 12 0 17 0 0 13 0 61 0 60 0 65 0 0 0 0 
29 0 24 0 0 0 25 0 0 0 72 0 0 0 0 0 0 70 13 0 0 19 0 0 12 17 0 0 3 4 0 0 11 10 0 0 0 45 0 0 47 43 44 0 46 0 0 0 64 0 0 0 0 0 50 0 0 0 52 0 0 0 0 0 0 30 0 35 0 36 0 34 79 1 78 75 2 0 0 0 0 
74 0 0 66 67 72 0 73 71 32 0 0 0 35 0 38 33 34 58 65 0 64 0 0 0 62 0 0 48 49 0 53 56 55 0 0 0 0 4 0 0 7 0 0 0 0 0 29 0 0 0 25 0 27 14 0 12 18 0 0 20 13 0 0 0 0 0 0 0 0 0 79 43 0 0 39 0 44 40 41 0 
