9
0 79 78 0 0 0 0 0 0 0 0 0 0 0 0 0 0 0 32 0 0 0 0 34 29 0 33 40 0 46 0 0 45 0 41 39 0 0 5 9 0 8 3 0 0 0 0 0 68 0 0 73 0 0 47 0 0 0 0 50 0 0 51 0 0 0 60 59 0 57 0 0 0 0 14 11 0 19 0 18 0 
68 0 69 0 67 73 0 66 0 13 11 17 12 0 0 0 15 18 0 26 0 0 0 25 0 0 0 0 29 0 0 0 0 0 0 0 0 79 77 0 76 0 0 78 1 0 0 0 0 0 58 0 0 0 38 39 45 0 0 0 0 0 0 52 55 47 0 50 0 0 54 53 4 3 5 2 0 0 0 0 0 
0 0 0 0 0 0 62 57 0 4 2 0 0 0 7 5 0 0 14 17 13 0 0 0 0 0 0 22 20 0 0 0 27 26 0 0 0 0 0 72 0 0 0 0 0 0 0 0 0 0 0 55 0 0 0 30 36 0 35 0 0 34 0 0 46 0 0 0 0 0 45 0 76 0 77 0 80 0 0 0 79 
0 16 0 0 0 19 17 0 18 40 0 0 0 0 43 41 42 0 50 53 0 55 0 52 0 48 0 58 56 64 61 60 63 0 0 57 20 0 0 0 0 0 0 0 0 8 0 0 0 9 0 0 0 0 65 0 0 67 0 0 0 0 0 0 0 0 78 0 0 0 0 80 31 30 0 29 35 37 0 0 0 
0 25 0 20 22 28 26 21 27 0 0 53 0 0 0 50 51 54 59 62 58 64 0 61 0 57 60 67 0 73 0 0 0 0 0 0 29 0 0 36 0 35 30 0 37 0 16 0 0 0 0 19 15 0 0 75 0 0 80 0 0 0 0 0 10 2 6 5 0 0 9 8 40 39 0 0 44 46 0 0 0 
0 43 0 38 40 0 44 0 45 0 0 71 0 73 70 0 0 72 77 80 0 0 0 79 74 0 78 0 2 0 0 6 9 8 5 3 0 0 0 0 49 0 0 51 0 0 0 0 0 0 0 0 33 0 0 0 0 0 0 14 19 16 15 0 28 20 0 0 22 0 27 0 58 0 59 56 0 0 60 63 0 
0 0 0 0 0 37 0 0 0 0 0 0 0 0 0 59 0 0 0 71 0 73 72 0 0 66 69 0 74 0 0 78 81 0 77 0 0 0 0 45 0 44 0 0 46 26 0 0 0 27 22 0 0 21 2 0 0 0 8 0 10 7 0 0 19 0 0 0 0 0 0 17 0 0 0 0 0 55 51 54 0 
0 0 0 0 0 0 0 0 0 0 74 80 0 0 0 0 78 81 5 8 4 10 9 0 2 0 0 0 0 19 16 0 18 0 0 0 0 61 59 0 0 62 0 0 0 0 43 0 0 0 0 46 0 0 0 21 27 0 26 23 0 25 0 0 37 0 0 0 31 0 36 0 0 0 0 0 71 73 0 0 0 
0 0 6 0 4 10 8 3 0 0 0 0 30 0 34 32 0 0 41 0 0 0 45 43 0 39 0 0 0 0 52 0 54 53 50 48 0 16 14 18 13 0 12 0 0 80 0 0 0 81 0 1 0 0 0 0 63 0 62 59 0 61 0 0 0 65 0 0 0 0 72 0 22 21 0 0 0 0 0 0 0 
11 0 0 8 0 16 0 9 15 0 0 41 36 43 40 0 0 42 47 0 46 0 51 0 0 45 0 0 0 0 0 57 0 0 0 0 0 22 0 24 0 0 0 21 0 0 4 0 0 0 0 7 0 0 62 0 0 0 68 65 70 0 0 76 79 0 0 74 73 0 0 77 0 27 0 26 0 34 0 0 0 
47 0 0 0 46 52 0 45 51 73 71 77 0 0 0 74 0 0 0 0 1 7 0 0 80 81 0 0 0 0 0 0 0 0 0 0 53 0 56 0 0 59 0 57 0 0 0 0 38 0 0 43 39 0 0 18 0 0 0 20 25 0 21 0 34 0 30 0 0 0 33 32 64 0 0 0 0 0 66 0 0 
0 0 66 62 0 70 68 0 0 0 8 0 0 16 0 0 0 0 0 0 0 0 0 0 0 0 21 28 26 34 0 30 33 32 29 0 71 0 74 0 0 77 0 0 79 59 58 53 0 60 0 0 0 54 0 0 42 0 0 0 0 0 39 49 0 0 48 47 0 45 51 50 0 0 0 0 0 0 0 0 0 
29 31 30 0 0 34 0 0 0 0 0 0 0 0 0 0 0 0 0 0 0 70 0 67 0 63 0 73 71 79 76 0 0 0 0 72 35 40 0 42 0 0 0 39 0 0 22 0 0 0 0 0 21 0 0 81 0 0 5 0 7 0 3 0 0 8 12 0 0 0 0 0 0 0 0 0 50 52 48 0 0 
2 0 3 80 0 0 5 0 6 28 0 0 0 34 0 0 0 0 0 41 0 0 0 40 35 0 0 0 44 0 0 48 0 0 0 45 0 0 11 15 10 0 9 12 16 77 76 71 74 78 73 79 0 72 0 54 60 0 59 56 0 58 57 0 70 62 66 65 0 0 0 68 19 18 0 17 23 0 0 0 22 
0 22 21 0 0 25 0 0 0 0 0 0 45 52 0 0 0 51 56 0 0 0 60 0 53 0 0 64 62 0 0 66 0 0 65 63 26 31 0 33 28 0 0 0 34 14 13 8 11 0 10 0 0 9 71 0 0 73 77 74 0 76 0 0 0 0 0 0 1 0 6 0 37 0 0 35 0 43 39 0 40 
56 0 57 53 55 0 59 0 0 0 80 0 81 7 0 0 0 0 11 0 0 0 0 0 0 9 0 0 17 25 0 0 0 23 0 0 62 0 65 0 64 0 63 66 70 0 0 44 0 51 0 0 48 0 26 0 0 0 32 29 0 0 30 0 0 35 39 0 37 0 42 0 73 0 74 0 77 79 0 78 0 
74 0 0 71 73 0 77 72 0 0 0 23 0 0 0 0 0 24 0 0 0 34 33 0 26 0 0 37 35 43 40 0 42 41 0 36 0 4 0 6 1 0 0 0 7 68 0 0 0 0 0 0 66 63 0 0 0 46 0 0 52 49 48 0 0 53 57 0 0 54 0 0 0 0 0 0 0 16 0 0 13 
0 0 0 0 37 0 0 0 0 0 0 68 63 0 67 0 0 0 0 0 0 0 0 0 71 72 0 1 0 7 0 0 6 5 0 0 44 49 47 0 46 0 45 48 0 0 31 26 0 0 28 0 0 0 8 0 15 10 14 0 16 0 0 0 0 0 0 0 0 0 0 0 0 0 0 53 0 0 0 0 58 
66 0 0 0 0 0 0 64 0 0 9 15 10 17 0 12 0 0 21 0 0 26 0 0 18 19 0 0 0 0 0 31 34 33 0 0 72 0 75 0 0 0 0 76 80 0 0 54 0 0 0 0 0 0 0 0 43 38 42 0 44 0 0 50 0 0 49 0 47 0 52 0 0 1 3 0 6 8 0 7 5 
48 0 0 0 0 0 51 0 0 0 0 78 0 80 0 75 0 0 0 0 0 0 0 0 81 0 0 0 0 0 14 0 16 0 0 10 0 59 57 0 56 0 55 58 0 0 0 36 0 0 0 0 40 37 18 19 0 0 24 21 26 23 22 0 0 0 0 0 0 0 0 33 65 0 0 63 0 0 67 0 0 
57 0 0 54 56 62 0 55 61 2 81 0 1 8 0 0 4 0 12 0 0 17 16 0 0 0 0 20 18 0 23 22 0 24 0 0 0 0 66 0 65 0 0 67 71 0 0 45 0 52 47 53 49 0 27 0 34 0 0 30 0 0 31 41 44 0 40 0 0 37 0 0 0 73 75 0 0 0 0 79 0 
0 23 22 0 0 26 24 0 25 0 0 51 0 0 0 0 0 52 0 0 56 62 0 59 54 0 0 0 63 71 0 0 0 69 66 0 27 0 30 34 29 0 0 31 0 0 14 9 12 16 0 17 13 0 0 0 0 0 0 75 0 0 0 5 8 81 0 3 0 0 0 0 0 37 0 0 42 0 0 0 41 
30 0 31 0 29 0 0 0 34 0 0 0 0 0 0 57 0 61 0 69 65 71 0 0 0 0 0 74 0 0 0 76 79 78 0 73 0 41 0 43 0 0 37 0 0 0 0 0 21 25 0 0 22 19 0 1 0 0 6 3 8 0 0 0 0 0 0 0 0 0 16 0 47 46 48 45 0 53 0 52 0 
0 0 0 0 0 8 0 0 0 29 0 0 0 0 0 0 31 0 0 0 0 0 43 0 36 37 0 0 0 53 50 0 52 51 0 46 0 0 0 16 0 0 0 0 17 0 0 72 0 0 0 80 76 0 0 0 61 0 0 0 0 0 58 0 71 0 67 66 65 0 0 69 20 0 21 0 0 26 22 0 23 
0 77 76 0 0 0 78 0 79 20 0 0 0 0 23 0 0 25 0 0 29 35 0 0 0 0 0 0 36 0 0 40 43 0 0 0 0 5 3 0 0 6 0 4 8 0 0 0 66 0 65 0 0 0 45 46 52 0 0 48 0 0 0 59 0 0 0 57 56 55 61 0 11 10 0 0 15 0 0 16 14 
0 0 13 0 0 0 0 10 0 38 36 0 37 0 41 0 0 0 0 0 0 0 0 50 0 0 49 0 0 0 59 58 61 0 57 0 18 23 21 0 0 0 19 0 26 0 0 81 3 0 0 8 0 1 0 0 70 0 0 0 0 0 0 0 80 0 0 0 0 73 0 78 29 0 0 0 0 35 31 0 0 
0 0 40 0 0 0 42 0 43 65 0 0 64 0 0 0 0 0 0 0 0 80 0 0 72 0 0 2 0 8 0 4 0 0 0 1 45 0 0 0 47 51 0 49 0 0 0 0 30 0 0 0 31 0 9 0 0 11 0 0 0 0 13 0 26 0 0 21 0 19 25 24 0 0 57 0 0 62 0 0 0 
0 0 0 24 26 0 30 25 0 53 0 0 0 0 0 0 55 0 0 66 0 0 0 65 60 61 64 71 0 77 74 0 0 0 72 0 0 0 0 0 0 0 34 37 0 0 0 0 0 0 17 23 19 0 0 0 0 80 0 81 0 0 0 11 0 6 10 9 0 7 13 0 0 43 0 0 0 0 0 0 47 
54 0 0 0 53 59 0 0 58 0 0 0 79 5 0 0 0 0 9 0 0 0 0 11 0 0 10 17 0 23 0 19 0 0 0 0 60 65 63 0 0 0 0 0 0 48 0 42 0 49 0 0 0 43 24 0 0 0 30 0 32 0 28 0 0 0 37 0 0 34 0 0 0 0 72 0 75 0 0 0 0 
0 0 10 0 8 0 0 0 0 0 33 39 34 0 0 0 0 0 45 48 44 50 49 0 0 0 46 53 0 0 0 0 0 0 0 0 15 20 18 22 17 0 0 19 23 3 0 0 81 0 0 0 0 79 0 0 0 0 0 0 68 0 64 0 0 69 0 72 71 0 0 0 26 0 0 24 0 32 0 0 29 
0 0 0 33 35 0 39 34 0 0 0 66 0 68 0 0 64 67 0 0 71 0 0 74 0 70 73 80 0 0 0 0 4 0 81 0 42 47 45 49 0 48 0 0 0 0 29 24 27 0 26 32 0 25 6 0 13 8 0 9 0 0 0 0 0 0 19 0 0 16 22 0 0 0 0 51 0 59 0 0 56 
0 74 0 0 0 77 75 0 76 0 15 0 0 0 20 0 19 0 0 30 26 0 31 29 0 25 0 35 0 0 0 37 40 0 36 0 0 0 81 0 0 0 79 0 5 0 0 60 0 67 0 68 0 61 0 0 0 44 0 0 50 0 0 0 0 0 0 54 53 0 58 0 8 0 0 0 0 14 0 0 0 
0 0 19 15 0 0 21 0 22 44 0 0 0 0 0 0 0 49 0 0 53 0 58 0 51 0 0 0 60 0 65 0 67 66 0 0 24 29 0 31 0 0 0 28 32 12 0 0 0 13 8 0 0 0 0 0 0 71 0 72 0 74 0 0 0 78 0 0 80 0 0 3 0 0 0 0 0 41 37 0 0 
0 47 0 42 0 50 48 0 49 71 69 75 70 77 74 0 0 0 81 0 0 0 0 0 0 79 0 8 6 0 0 0 0 0 0 0 51 0 0 0 0 57 52 0 59 0 0 0 0 0 0 41 37 0 15 0 0 17 0 0 0 20 0 29 0 0 28 0 0 25 0 0 0 0 0 0 0 68 64 0 0 
81 0 0 78 0 5 0 0 4 26 24 0 0 0 29 0 0 31 0 0 35 0 0 38 0 0 0 0 0 0 47 0 0 48 45 0 0 11 0 13 0 12 0 10 0 0 74 0 72 76 0 0 0 0 0 0 58 0 0 54 0 56 55 0 0 0 64 63 0 61 0 0 17 0 18 15 0 23 0 0 0 
63 0 64 0 0 0 0 0 67 0 6 0 7 0 0 0 10 0 0 0 17 0 0 0 0 16 0 0 0 32 0 28 0 0 27 0 0 0 0 0 0 0 0 0 0 0 0 0 54 0 53 59 55 0 33 0 0 0 39 36 0 38 0 47 50 0 0 45 0 0 0 0 0 0 0 78 0 0 0 0 0 
0 53 0 48 50 0 0 49 55 77 75 0 76 0 0 0 79 1 6 0 5 11 0 8 0 0 0 0 0 0 17 16 19 18 0 13 0 0 60 0 0 0 0 0 0 0 44 0 0 46 41 0 0 0 0 22 0 0 27 0 29 26 25 0 38 0 0 33 0 31 37 0 68 0 69 0 0 0 0 0 0 
0 0 0 57 59 0 0 58 0 5 0 0 4 0 8 0 7 0 0 18 14 20 0 0 0 13 0 0 21 29 26 0 0 0 24 0 66 71 69 73 0 0 67 0 74 54 53 0 51 55 0 56 0 49 30 31 37 32 0 0 0 35 34 0 0 39 0 0 41 40 46 0 0 0 0 0 81 0 0 1 0 
0 35 0 0 32 0 0 31 0 59 0 63 0 65 62 0 0 0 0 0 0 74 0 0 0 0 0 77 0 0 0 0 0 0 78 0 0 44 42 0 41 0 40 43 0 0 0 0 0 0 23 0 25 0 3 0 10 0 0 0 11 8 0 0 0 0 16 15 0 13 19 0 0 49 0 0 54 56 0 0 0 
0 0 79 75 77 2 0 0 0 0 0 0 22 0 26 0 25 0 0 36 32 0 0 35 0 0 0 0 39 0 0 43 0 45 0 0 3 0 0 10 0 9 0 0 0 0 0 0 0 73 0 74 0 0 48 0 0 0 0 0 0 0 0 0 0 0 0 0 0 0 0 63 0 0 15 12 0 0 16 0 0 
15 0 0 0 0 0 0 0 19 41 39 0 40 47 44 42 43 0 51 0 0 0 0 53 0 0 52 59 0 0 0 0 64 0 0 0 0 0 0 28 0 0 0 0 0 9 0 0 0 0 0 0 0 4 0 67 73 0 0 0 0 71 0 80 2 0 79 0 0 76 1 0 32 0 0 0 0 38 34 0 0 
0 0 25 21 0 0 27 22 28 0 48 54 49 0 53 51 52 0 0 0 59 0 64 62 0 58 0 0 66 0 71 70 0 72 0 0 0 35 0 0 0 0 31 0 38 0 0 12 15 19 14 0 0 13 75 0 1 77 0 78 0 0 79 0 0 3 0 0 5 0 0 0 41 40 0 0 45 0 43 46 0 
0 0 0 39 0 47 45 0 46 0 66 0 0 74 0 0 0 73 78 81 77 0 0 0 0 76 0 5 3 0 0 0 0 9 0 0 0 0 0 0 50 0 0 52 0 0 0 0 0 0 0 38 34 0 0 0 19 14 18 0 0 17 16 0 0 0 0 0 23 0 0 27 0 58 60 57 0 0 0 0 62 
69 71 70 0 68 0 0 67 0 0 0 18 13 20 0 15 16 19 24 0 0 0 0 26 21 0 0 0 30 38 35 0 37 36 0 31 0 0 0 0 0 0 0 0 0 0 62 57 0 64 59 0 61 0 39 0 0 41 0 0 0 0 0 0 0 0 0 0 0 0 0 0 5 0 0 0 0 0 0 10 0 
0 0 0 3 5 11 0 0 0 0 0 0 0 0 0 33 0 0 42 0 41 0 46 0 0 40 0 0 0 0 53 52 0 0 51 0 0 17 15 19 14 0 0 16 20 81 0 0 0 0 77 2 0 0 57 58 0 0 0 60 65 0 0 71 74 0 70 0 68 0 0 0 0 22 0 0 0 29 0 0 0 
52 0 0 49 0 57 0 0 0 78 76 1 77 0 81 79 80 2 7 0 0 0 0 0 4 0 8 0 0 21 0 0 0 19 16 14 0 63 0 0 0 0 59 0 0 0 0 40 0 0 42 0 0 0 0 23 29 24 28 0 30 27 0 36 0 0 35 34 0 0 0 37 0 0 0 0 0 0 71 0 0 
0 0 0 4 0 12 0 5 11 33 31 37 0 0 36 0 0 38 0 0 0 0 47 0 0 0 0 51 0 0 0 53 0 0 52 50 0 18 0 0 15 0 0 17 0 0 0 76 0 2 0 0 0 77 0 0 0 0 64 0 0 63 62 0 0 0 71 70 0 0 0 73 0 23 25 0 0 0 26 0 0 
0 0 0 13 0 0 19 14 0 0 40 0 0 48 0 43 0 47 52 0 0 57 0 0 0 50 0 0 58 0 0 62 0 0 61 0 22 27 25 29 24 28 23 0 0 10 0 0 0 0 0 0 8 5 67 0 0 0 0 0 75 0 0 0 3 76 80 79 0 0 2 0 33 32 34 31 0 0 0 0 0 
0 81 0 0 0 0 0 77 2 0 22 28 23 30 0 0 0 0 0 0 33 0 0 0 0 0 0 0 40 48 45 44 0 0 0 41 0 0 7 0 6 0 0 0 0 73 0 0 0 0 0 0 0 0 49 50 56 51 55 0 0 54 0 63 0 0 62 0 0 0 0 0 15 14 0 0 19 0 0 20 18 
0 0 26 0 24 30 28 23 0 0 49 0 0 0 0 0 0 56 61 64 0 66 0 0 58 59 0 69 67 75 0 71 0 0 0 0 0 36 0 0 33 37 0 0 39 0 0 0 0 0 15 0 0 0 0 0 2 0 0 0 0 0 0 0 0 4 8 0 6 0 0 10 42 0 0 40 46 0 0 47 0 
0 0 71 0 0 0 0 68 0 15 0 0 14 21 18 0 0 20 0 0 0 0 0 27 0 0 0 0 0 0 0 0 38 0 0 0 76 0 79 2 0 0 77 80 0 0 0 0 0 0 0 66 62 0 40 0 0 42 0 43 48 0 44 54 57 0 53 52 51 50 0 0 6 0 7 0 0 12 0 11 0 
43 0 0 0 42 0 0 41 47 0 0 0 0 75 72 0 0 74 0 1 78 0 2 81 0 0 80 6 0 12 0 8 0 0 7 5 0 54 0 0 0 55 0 0 57 37 0 31 0 0 0 0 0 0 0 14 20 0 19 16 21 18 0 27 0 22 26 0 0 23 0 28 60 59 61 0 0 0 62 0 0 
34 0 35 0 33 39 0 0 0 0 0 0 0 0 0 0 0 65 0 73 69 75 0 0 67 0 71 78 76 3 81 80 0 1 79 0 40 0 43 0 42 46 0 44 48 28 27 0 0 0 24 0 0 23 0 0 11 6 10 0 0 0 8 18 21 0 0 0 15 14 0 0 0 0 0 49 55 57 53 0 0 
0 0 62 58 60 66 64 59 0 6 4 10 5 12 9 0 8 0 16 0 15 21 20 18 0 0 0 0 0 0 27 0 0 0 0 0 0 0 70 0 69 0 68 71 0 55 0 49 0 56 0 0 0 0 31 32 0 0 37 34 0 0 35 0 0 0 44 0 0 41 47 0 0 77 79 0 0 3 80 2 0 
0 0 0 14 0 22 20 0 21 0 41 0 0 49 46 44 0 48 0 0 0 0 57 55 0 0 54 0 59 67 64 0 0 0 0 0 0 0 26 0 0 0 24 0 0 11 10 5 0 12 0 13 0 0 68 69 0 70 74 0 0 0 72 0 0 0 81 0 0 0 0 0 34 0 35 0 0 40 0 0 37 
0 0 72 68 0 0 0 69 0 16 14 20 0 22 19 0 0 0 0 0 25 0 0 0 0 24 27 34 32 40 37 36 0 38 0 0 0 1 80 0 0 0 78 81 0 0 0 0 62 66 61 67 63 0 0 0 48 0 0 0 0 46 0 55 0 50 0 53 52 0 0 56 0 6 0 5 0 0 9 0 0 
0 46 0 0 43 0 47 0 0 0 68 74 0 76 73 71 72 0 80 2 79 0 3 1 77 0 0 7 0 13 10 9 0 0 8 0 50 0 0 0 0 0 0 0 0 38 37 0 0 0 0 0 36 0 0 0 0 0 20 0 0 0 0 0 0 0 0 0 0 24 0 0 0 60 0 0 65 0 0 66 64 
0 0 36 0 0 40 0 33 0 0 59 0 60 0 64 62 0 66 0 0 70 76 0 0 68 69 0 79 0 4 1 0 0 0 0 78 41 0 0 0 43 0 42 0 0 29 0 0 26 0 0 0 27 0 0 0 0 0 0 8 13 10 9 19 22 14 18 0 16 15 0 0 0 0 0 0 56 0 54 57 0 
0 1 81 77 79 4 2 78 3 0 0 0 24 0 0 26 0 0 0 0 34 40 0 37 32 0 0 43 0 0 0 45 48 47 0 0 0 0 0 12 7 0 0 0 13 0 0 68 0 0 70 76 0 0 0 51 57 0 0 53 58 0 0 0 0 0 0 0 61 60 0 65 16 15 0 0 20 22 0 21 0 
26 28 27 0 0 31 29 24 0 0 0 0 51 0 0 53 54 0 62 65 0 0 0 0 59 60 63 0 68 76 0 0 0 0 71 69 32 0 0 39 34 0 0 0 40 0 19 0 0 0 0 0 18 15 0 0 0 79 0 0 0 1 0 10 13 0 0 8 7 0 12 11 0 42 0 0 0 0 45 0 0 
0 0 0 5 0 0 0 0 0 0 0 0 33 0 0 0 0 0 44 47 0 0 48 46 0 42 0 0 0 0 0 0 0 0 53 0 14 19 17 0 16 0 15 0 0 0 1 77 80 0 0 0 0 78 0 60 66 61 65 62 67 0 0 73 76 0 0 71 0 0 0 74 25 24 0 23 29 0 0 0 28 
0 0 54 50 0 0 0 0 0 79 77 0 78 4 0 0 0 3 0 0 7 0 0 0 5 0 0 16 0 22 0 0 21 0 17 0 0 64 62 66 0 0 60 0 0 0 46 0 0 48 43 49 0 42 23 0 0 25 29 0 0 0 27 37 40 0 0 0 0 0 39 38 0 0 71 0 0 76 72 75 0 
62 64 0 0 61 0 65 60 66 7 5 11 0 13 0 0 9 12 0 0 0 0 0 0 0 0 0 25 23 31 0 0 30 29 26 0 68 73 0 0 0 74 0 72 76 56 55 0 53 0 0 0 54 0 0 33 0 0 0 0 0 0 0 0 49 41 45 44 43 0 48 47 0 0 80 0 0 0 0 0 0 
0 30 0 25 0 33 0 0 0 54 52 58 53 0 0 55 0 0 64 0 0 69 0 66 0 62 65 0 70 78 75 0 77 0 0 71 34 0 37 0 36 40 0 0 42 22 0 0 19 23 0 24 0 0 79 80 0 0 0 1 0 0 0 0 0 7 11 10 0 0 14 0 45 44 0 0 0 51 47 0 0 
0 0 0 0 0 0 0 8 14 0 34 0 35 42 39 0 0 0 46 0 45 0 0 0 0 0 0 0 52 0 0 56 0 0 55 53 16 0 0 23 0 0 17 20 0 0 0 0 0 5 0 0 2 80 0 62 0 63 67 64 69 66 0 0 78 0 0 0 72 71 0 0 0 26 0 25 31 33 0 32 0 
37 39 0 34 0 0 0 0 0 63 61 67 0 0 66 0 65 68 0 0 72 78 0 75 70 0 0 81 0 6 0 0 0 0 0 0 43 48 46 0 45 49 44 0 51 0 30 25 0 32 27 0 29 0 0 0 0 9 13 0 0 0 11 21 24 16 0 19 18 0 0 0 54 53 0 0 0 0 0 59 0 
0 0 65 0 0 69 0 0 68 9 7 13 8 0 0 0 0 0 19 22 0 0 23 0 0 17 0 0 0 0 0 29 32 0 0 0 0 0 0 0 72 0 71 0 0 0 0 0 0 0 0 0 56 0 34 35 0 0 40 0 0 39 0 48 51 43 0 0 45 0 0 0 81 0 0 79 4 0 0 0 3 
0 0 0 43 0 0 0 0 50 0 0 76 0 0 75 0 74 0 0 4 81 6 0 3 0 80 2 0 0 0 0 11 14 0 0 8 0 0 55 59 0 0 0 0 0 0 0 0 37 41 36 0 0 0 0 0 23 0 22 0 0 0 20 0 33 25 0 0 0 0 32 0 0 62 0 0 0 0 0 0 66 
0 0 2 79 0 6 4 80 5 0 0 0 26 0 30 28 0 32 0 40 36 0 0 0 0 0 0 0 43 0 0 0 50 49 46 0 0 0 10 0 9 13 0 0 0 0 0 0 73 0 72 0 74 71 0 53 0 0 0 0 60 0 56 66 0 0 65 64 0 62 0 0 0 17 0 0 0 0 0 23 21 
55 57 56 0 0 0 58 0 0 81 0 0 0 0 3 1 2 5 0 13 9 15 0 0 0 8 0 0 0 0 0 20 23 0 0 17 0 66 0 0 0 0 0 0 69 0 48 43 0 50 45 51 0 44 25 0 0 0 0 0 33 0 0 0 42 0 0 0 0 35 0 0 72 0 73 70 76 78 74 0 75 
0 75 74 0 0 78 0 71 0 0 0 22 0 0 0 0 0 0 0 0 27 0 32 30 25 26 0 36 0 0 0 0 0 40 0 0 79 3 1 5 0 0 0 0 0 0 66 0 0 0 0 0 0 62 0 0 0 0 0 46 0 0 47 57 60 0 0 55 54 53 0 58 0 0 0 0 0 0 0 14 0 
0 21 0 16 0 0 0 17 0 0 0 0 0 0 0 46 0 0 0 0 54 60 0 0 0 0 56 0 0 0 0 0 0 0 0 62 0 0 0 0 27 0 26 0 33 0 0 7 0 0 9 15 11 0 0 0 77 72 0 73 78 75 0 0 0 79 0 1 81 0 0 0 36 0 37 0 40 42 0 0 0 
0 15 0 0 12 0 0 0 17 0 0 0 38 0 0 40 0 0 49 0 0 0 53 51 0 47 0 0 0 0 0 0 62 0 58 0 0 0 22 26 21 0 0 0 27 0 6 0 0 0 0 9 0 2 0 65 0 0 70 0 0 69 68 0 81 73 0 0 0 0 0 0 0 0 31 0 34 0 0 0 0 
0 0 0 37 39 45 0 38 44 66 0 0 0 0 69 0 68 0 0 79 0 81 0 0 0 74 0 0 1 0 6 5 0 0 4 2 46 0 0 53 0 0 0 50 54 34 0 0 31 0 30 0 32 29 10 0 17 0 0 13 0 15 0 24 27 0 23 0 0 0 0 0 0 0 58 55 61 0 0 62 60 
0 0 23 0 21 27 0 0 26 48 46 0 0 0 0 0 50 0 0 61 0 63 0 0 55 56 0 0 64 72 69 68 0 70 0 65 0 33 0 0 0 34 29 0 0 0 0 0 0 17 12 18 14 11 73 74 80 0 0 76 81 78 0 0 0 0 5 0 3 0 0 0 39 0 0 0 0 0 0 44 0 
31 33 0 0 30 0 34 0 0 57 55 0 0 63 0 0 59 62 0 70 0 72 0 0 64 0 0 0 73 0 0 0 0 0 0 0 0 42 0 0 0 43 0 41 0 25 24 19 0 0 0 0 0 20 0 0 0 0 7 0 0 6 0 0 0 0 0 0 0 0 17 0 0 0 0 46 0 54 0 0 51 
67 69 0 0 0 72 70 65 0 0 0 0 0 0 15 13 0 0 0 25 0 0 0 24 0 20 0 30 0 36 0 0 0 34 0 29 73 0 76 80 0 0 0 77 0 61 60 0 0 0 0 63 59 56 37 38 0 0 0 0 45 0 0 0 54 46 50 0 0 47 0 0 0 2 4 0 7 0 5 0 0 
0 51 50 46 48 0 0 47 0 0 73 0 0 0 78 0 77 0 4 0 0 9 0 0 0 2 0 12 10 18 0 0 0 0 13 0 0 0 0 62 57 0 56 59 63 0 42 0 0 44 0 0 41 0 0 20 0 21 0 22 27 0 23 0 0 0 0 31 30 29 35 0 66 65 0 0 0 72 68 0 69 
0 78 77 73 75 0 79 0 0 0 0 25 0 0 0 0 0 0 31 34 30 36 35 33 0 0 0 0 0 0 0 0 0 43 40 38 1 6 0 0 0 0 2 0 0 0 0 0 0 0 66 72 68 65 46 0 0 48 52 0 54 0 0 60 0 0 0 0 0 0 0 0 0 11 0 0 0 18 0 17 15 
4 0 5 0 3 0 0 2 8 0 28 0 0 0 0 0 0 0 0 43 39 45 0 42 37 38 0 0 46 0 0 0 0 0 49 0 0 15 13 17 0 16 0 0 0 0 0 0 76 80 0 0 0 0 0 0 0 57 0 58 0 0 0 0 72 0 0 67 0 0 0 0 0 0 0 0 25 0 0 0 0 
0 0 59 0 0 63 0 0 0 0 0 0 0 0 6 4 0 0 0 0 0 0 0 15 10 0 0 21 19 0 24 0 0 25 0 0 0 69 67 0 0 0 0 0 72 0 0 46 49 0 0 54 0 0 0 0 0 0 0 31 36 33 0 42 0 37 41 0 39 0 0 0 0 74 0 73 79 0 77 0 78 
