9
68 0 66 69 67 72 0 0 0 0 0 0 0 39 46 45 0 44 0 51 48 0 52 0 0 0 0 18 17 14 11 0 12 15 0 0 0 0 63 0 0 56 0 0 0 2 0 5 0 0 8 0 6 3 0 78 0 0 0 76 80 1 75 0 0 20 0 0 0 0 0 0 35 34 0 0 29 0 0 33 0 
0 0 75 0 0 0 0 80 0 0 51 0 0 0 55 54 0 53 0 0 0 0 61 0 62 0 0 0 0 23 0 0 0 0 0 0 68 0 0 0 0 65 0 66 73 0 16 0 13 0 17 0 0 0 7 6 0 9 0 0 0 0 0 0 0 0 0 0 30 37 33 34 44 0 46 41 0 45 0 42 40 
0 0 0 33 0 36 29 0 0 0 0 0 0 0 0 0 0 0 11 0 0 13 16 19 17 0 0 0 0 0 56 0 0 60 0 64 23 24 27 25 0 0 0 0 0 47 52 0 0 54 53 0 51 0 43 0 0 45 0 40 0 0 39 67 71 65 72 0 66 0 69 0 0 79 1 0 0 81 75 0 0 
0 0 48 51 0 0 47 53 55 0 24 0 0 0 28 27 25 0 0 0 30 31 0 0 0 36 0 81 0 77 74 0 75 78 0 1 0 0 0 0 40 0 0 39 0 0 70 0 0 72 0 0 69 0 61 0 56 0 59 58 0 0 57 0 8 0 9 0 0 0 6 0 0 0 19 14 11 0 0 0 13 
0 0 21 24 22 27 20 26 0 74 0 77 76 0 0 0 79 0 0 0 0 0 7 0 0 0 5 0 0 0 0 52 0 0 49 55 14 15 0 0 0 0 0 12 19 38 43 0 0 0 0 0 42 39 0 0 29 0 32 0 0 37 0 0 62 56 63 59 0 64 60 0 71 0 73 0 0 72 66 0 0 
59 0 0 60 0 63 0 0 64 29 0 0 31 0 37 0 34 0 0 42 39 40 0 0 0 0 0 9 0 0 2 7 3 6 4 0 0 0 0 0 49 0 53 0 0 74 0 77 0 0 80 1 0 75 70 0 0 0 0 0 71 73 0 0 0 0 18 0 0 19 0 0 0 0 0 0 20 27 0 0 22 
5 0 3 0 4 9 0 8 10 56 0 0 58 0 64 0 61 0 65 0 66 67 0 0 71 0 0 0 0 32 29 0 0 0 31 37 77 0 0 0 76 0 0 75 0 20 25 0 0 27 0 0 0 0 0 0 0 0 14 13 17 0 12 0 44 0 45 0 0 46 42 43 0 52 0 0 0 0 0 0 0 
0 16 0 0 13 18 0 0 19 65 69 68 0 0 73 0 0 0 0 78 75 76 79 0 0 0 0 0 0 0 0 0 0 0 40 0 0 6 9 0 0 2 8 0 10 0 0 32 0 0 35 37 33 30 0 0 0 0 0 22 0 0 0 0 0 47 54 0 0 55 0 52 0 0 64 0 0 63 0 0 0 
41 43 0 0 0 0 38 0 0 11 15 0 13 12 19 0 0 17 0 0 0 22 0 28 0 27 23 0 0 0 65 0 0 69 67 0 0 33 0 0 0 0 35 30 37 0 0 59 58 63 62 0 0 57 52 51 47 54 0 49 53 0 0 0 80 74 0 0 0 0 0 79 0 7 0 5 0 9 3 0 0 
16 18 0 0 0 0 13 19 0 0 71 70 69 0 0 0 0 0 0 0 77 0 81 3 0 0 0 0 46 0 0 45 0 0 42 0 0 8 11 0 6 4 10 5 12 31 0 0 0 0 37 39 0 0 0 0 0 0 0 0 0 0 0 0 55 0 0 0 50 0 53 54 64 0 0 0 0 0 0 62 0 
25 0 0 0 0 0 22 0 0 0 80 0 78 0 0 2 81 0 0 0 0 0 9 12 0 0 0 56 55 0 0 54 0 0 51 0 16 17 20 18 15 13 19 0 21 0 0 0 0 0 46 0 0 0 36 0 0 0 34 0 0 0 32 60 64 0 65 0 0 0 0 63 0 0 0 0 0 0 0 71 0 
0 45 0 0 0 0 0 46 0 0 0 0 0 14 0 20 0 0 0 0 0 24 0 30 28 0 0 74 0 70 67 0 0 0 0 0 34 0 38 36 33 0 37 0 0 0 63 0 0 0 0 0 62 0 0 0 0 0 52 0 55 57 0 0 1 0 0 0 77 3 80 0 0 9 0 0 0 0 0 0 0 
52 0 0 53 0 56 49 55 0 22 26 0 0 23 30 0 27 28 31 35 32 33 36 0 0 0 0 0 0 0 76 81 77 0 0 0 0 44 0 0 0 40 46 0 48 0 0 70 0 0 73 0 0 68 0 62 0 0 0 60 0 0 0 6 0 0 0 0 5 12 8 0 19 0 0 16 0 20 14 17 15 
0 0 32 0 33 0 0 37 0 0 0 0 0 0 12 0 0 0 0 0 0 15 0 0 0 0 0 65 64 61 0 0 0 0 60 66 25 0 29 27 0 0 0 0 0 49 0 52 0 56 55 57 53 0 0 0 0 47 43 42 0 0 41 69 0 0 74 0 68 75 0 0 0 81 3 79 0 0 0 80 0 
0 72 0 0 69 0 0 0 75 0 44 0 0 41 48 47 0 0 49 0 50 0 0 0 0 56 52 0 0 0 13 18 14 17 0 0 61 0 0 63 60 0 64 59 66 0 0 7 0 11 0 0 0 0 81 0 0 2 0 0 1 3 0 24 0 0 0 25 0 30 26 0 0 0 39 0 0 0 32 35 0 
0 81 0 0 78 0 76 1 3 0 0 52 0 0 57 56 54 0 58 0 0 0 0 66 0 0 0 0 0 0 0 0 0 26 0 0 0 71 0 72 0 67 0 0 0 13 0 16 0 20 0 21 0 14 9 0 0 0 0 0 10 12 0 33 0 0 0 34 0 0 35 0 0 0 0 43 0 0 0 0 42 
0 63 0 0 0 65 0 0 0 0 35 34 33 32 39 38 0 0 0 44 0 0 45 0 0 0 0 0 10 0 4 9 0 0 0 0 52 53 0 0 51 0 0 0 57 0 0 0 78 0 1 0 0 0 72 71 67 74 70 69 73 0 68 0 0 0 0 16 14 0 0 18 28 27 0 25 0 0 23 26 24 
0 9 0 0 6 0 4 0 0 0 62 0 0 59 0 65 63 0 0 0 0 69 0 75 0 0 0 0 37 0 0 0 0 0 0 0 79 0 2 81 0 76 0 77 0 22 0 0 24 0 28 30 26 23 0 17 0 0 0 15 19 21 0 42 0 0 47 43 0 0 44 0 55 0 57 0 0 0 0 53 51 
0 65 61 64 62 0 60 66 0 33 0 0 0 0 41 0 0 39 42 46 0 44 47 50 0 0 0 13 12 0 0 0 0 0 0 14 0 0 0 56 0 0 57 52 59 0 0 0 0 4 3 0 0 79 0 73 69 76 0 0 0 77 70 17 0 15 0 0 16 0 19 0 30 29 0 0 0 0 0 28 0 
0 0 7 0 0 0 0 12 0 0 0 0 0 61 68 67 0 0 69 73 0 0 74 0 75 0 0 0 0 0 0 38 0 0 35 0 0 0 4 2 0 78 0 0 5 0 0 27 26 31 30 0 0 0 0 0 0 22 0 0 0 23 0 44 48 0 49 0 0 50 0 0 0 0 59 0 0 0 0 55 0 
0 2 0 0 0 4 0 3 5 0 0 0 53 52 0 0 0 0 60 64 0 0 0 68 0 0 0 0 0 0 0 29 25 28 0 32 72 73 0 0 0 0 0 0 0 0 20 18 17 0 0 23 0 0 0 0 6 13 9 0 0 0 7 35 0 33 0 36 34 0 0 0 0 47 50 0 0 0 0 0 44 
0 0 0 0 71 0 0 75 0 0 46 45 44 0 50 49 47 0 51 55 0 53 0 59 0 58 0 0 0 0 0 0 16 19 0 0 0 0 0 0 0 0 0 0 68 0 0 0 8 13 12 14 0 7 2 1 0 4 81 0 3 5 79 26 30 0 0 0 0 0 28 29 0 38 0 0 0 40 34 37 0 
0 0 0 19 17 0 0 0 0 0 0 0 71 70 0 0 0 0 0 1 0 0 2 0 0 4 0 49 0 0 42 0 43 46 44 50 0 0 0 0 8 0 0 7 14 33 38 0 0 40 39 0 37 34 0 0 0 0 0 0 30 0 0 0 0 51 58 54 0 59 0 56 66 65 68 0 60 0 0 64 0 
0 47 43 0 0 0 42 48 50 15 0 0 0 0 0 0 20 0 0 28 0 0 0 0 0 0 0 76 75 0 69 0 70 0 0 77 0 37 0 0 0 0 0 0 0 0 0 0 62 0 0 68 64 61 0 55 0 0 0 53 0 59 0 0 0 0 4 0 79 0 1 0 12 0 0 0 0 0 7 10 8 
0 0 34 37 0 40 0 39 0 0 0 0 0 7 14 0 0 0 0 19 0 0 20 23 0 0 0 0 0 0 0 0 61 0 0 68 27 0 31 29 0 0 0 25 0 51 0 54 53 0 57 0 0 0 47 0 0 0 45 0 0 0 43 0 75 69 0 72 0 77 0 0 3 0 0 81 78 4 79 0 0 
54 0 0 0 0 0 0 0 59 0 0 0 0 0 0 0 0 0 33 0 0 0 38 0 0 40 0 4 0 0 78 0 0 0 0 0 45 46 0 0 0 0 0 0 0 0 0 0 0 0 75 77 0 70 65 0 60 0 63 0 66 68 61 8 12 6 0 0 7 14 10 0 0 0 0 0 15 0 16 0 0 
0 0 25 0 0 31 24 30 0 78 0 0 80 79 0 4 0 3 6 0 7 8 11 14 0 13 9 58 0 54 51 56 52 55 0 59 0 0 0 20 0 0 21 0 0 42 0 0 0 49 0 0 46 0 38 37 0 0 36 0 0 0 0 0 0 60 67 0 0 0 0 0 0 74 77 0 69 0 70 73 0 
21 23 0 0 20 25 0 24 0 72 0 0 74 73 80 79 0 0 0 0 1 0 5 8 6 0 3 0 0 48 45 0 0 0 47 0 12 0 16 0 11 9 0 10 0 36 41 0 0 0 42 44 40 0 32 31 27 0 30 0 0 0 28 56 0 0 0 0 55 0 58 0 0 68 71 66 63 0 0 67 65 
0 0 73 0 0 0 0 78 0 0 49 0 0 46 0 52 0 51 0 58 55 56 59 0 0 61 0 0 0 0 0 23 0 22 0 0 0 0 70 68 65 63 69 64 71 9 14 12 11 0 15 0 13 10 5 4 0 0 0 2 0 0 0 0 33 27 34 0 0 0 31 32 0 41 0 0 36 0 37 0 0 
66 0 64 67 0 0 0 69 0 0 0 39 38 0 0 0 41 42 0 0 0 0 0 53 51 0 0 0 15 0 0 0 0 0 11 17 0 0 0 0 56 0 60 0 62 81 0 3 0 0 0 8 4 1 77 76 0 0 75 74 0 0 0 0 24 0 25 21 19 26 22 0 33 0 35 0 0 34 0 0 29 
0 5 0 0 0 7 81 6 0 54 0 0 0 0 62 0 0 60 63 0 0 65 68 71 0 0 0 34 33 30 0 0 0 0 0 0 75 0 79 0 74 0 0 0 0 0 0 21 0 25 0 0 0 0 14 0 0 16 0 0 0 0 10 38 42 0 0 0 0 0 40 0 0 0 0 48 45 52 0 49 0 
48 0 0 49 0 0 0 0 53 0 0 0 0 19 26 0 23 24 27 31 0 29 0 0 0 0 0 79 0 75 72 0 73 76 74 0 39 40 0 0 0 0 42 0 44 0 0 0 65 0 0 0 67 0 59 0 0 0 57 56 60 0 55 2 6 81 7 0 1 0 4 0 15 0 0 0 0 0 10 0 0 
0 0 55 58 0 0 54 0 62 27 0 0 0 0 0 34 0 0 0 0 0 38 41 0 42 0 0 7 0 3 0 0 1 4 0 0 0 0 0 50 0 0 0 0 0 0 77 0 74 79 78 80 0 73 0 67 63 0 66 0 69 0 0 0 0 0 16 12 0 17 0 0 24 23 0 0 0 0 19 0 20 
0 0 37 40 0 43 36 42 0 0 0 0 0 10 0 16 0 15 0 22 19 0 0 0 24 25 0 0 69 0 0 68 0 0 0 0 30 0 0 0 29 0 0 28 0 0 0 0 56 0 60 0 58 55 0 49 0 0 0 47 0 53 0 74 0 0 0 75 0 80 0 77 0 0 0 0 0 0 0 4 0 
0 0 0 13 0 0 9 0 17 0 67 66 65 64 0 70 0 69 72 0 73 74 77 80 78 79 0 43 42 39 36 0 37 0 0 0 0 4 0 5 0 0 0 0 0 0 0 0 0 0 0 0 0 0 0 22 18 0 0 0 24 0 19 47 51 0 0 0 0 0 0 0 0 59 62 57 0 61 0 58 56 
30 32 0 31 0 34 27 0 35 0 4 3 0 1 8 0 0 6 0 0 0 11 14 17 0 0 0 61 0 57 54 59 0 58 0 0 21 0 25 0 0 18 0 19 0 0 50 48 0 52 0 0 0 46 41 0 0 43 0 38 42 0 37 65 0 0 0 0 0 0 67 0 0 77 0 75 72 79 0 0 0 
0 30 0 0 0 0 0 0 0 0 0 1 0 0 0 0 3 0 0 0 8 9 0 15 0 0 0 59 0 0 0 57 53 0 0 0 0 0 0 0 18 0 0 0 24 43 0 0 0 50 49 0 0 0 39 0 34 0 0 36 0 0 35 0 67 0 68 64 0 0 0 0 76 0 78 0 70 77 0 74 0 
0 48 44 0 45 0 0 49 0 16 0 19 0 17 0 0 0 22 25 0 0 0 30 0 0 32 28 77 0 73 70 75 0 0 72 0 37 0 0 0 36 0 40 35 42 0 0 64 0 0 0 0 65 0 57 56 0 0 0 0 0 60 53 0 0 79 0 0 80 0 0 0 0 0 0 0 0 14 0 0 0 
0 0 0 0 36 41 34 40 42 7 11 10 0 0 0 0 12 13 0 20 17 0 21 24 0 0 0 0 0 64 0 0 0 0 0 0 0 29 0 0 27 0 31 26 0 0 57 55 0 0 0 60 56 0 0 0 0 50 0 45 49 0 0 0 0 0 77 0 71 0 0 75 0 0 6 1 79 5 0 0 81 
10 0 0 11 0 0 0 13 0 61 65 64 63 0 69 0 66 67 70 0 71 0 0 78 76 0 0 41 40 37 0 0 35 38 0 0 1 0 5 3 81 0 0 0 0 0 0 28 27 0 0 0 29 26 21 0 16 0 19 0 0 0 0 45 49 0 50 0 0 0 47 0 0 57 0 0 0 0 0 0 0 
0 0 0 20 18 23 0 0 0 70 74 73 72 71 78 77 0 76 0 0 80 81 0 0 0 0 0 50 49 0 0 48 0 0 45 0 0 0 0 0 9 0 0 0 15 0 0 0 36 0 40 0 38 35 30 0 25 0 0 0 0 0 0 0 58 0 59 55 0 60 56 0 0 0 0 0 0 68 0 65 0 
0 3 0 0 81 0 0 4 6 52 56 55 0 0 0 59 0 58 0 65 62 0 0 0 67 0 0 0 0 0 0 0 26 0 0 33 0 74 77 0 72 0 76 71 0 16 21 0 18 23 22 0 0 17 12 11 0 0 10 9 0 0 0 0 40 0 41 37 0 0 38 0 49 48 0 46 0 0 0 0 0 
64 66 0 65 63 0 0 0 69 0 0 37 0 0 0 41 0 40 43 0 44 45 0 0 0 50 0 14 13 10 7 0 8 0 9 15 55 56 0 57 0 0 0 0 0 0 3 1 0 0 4 0 2 0 0 0 70 0 0 0 76 0 0 0 0 16 23 0 0 0 0 0 0 0 0 0 0 0 26 29 0 
55 0 53 0 54 0 52 58 0 0 29 28 0 26 0 0 0 31 34 38 0 36 39 0 40 0 37 0 4 0 79 0 80 0 81 0 0 47 50 0 0 0 0 0 51 0 75 0 72 0 0 78 0 0 66 0 0 68 0 0 67 0 0 0 13 7 0 0 0 15 11 12 0 21 0 19 0 0 0 20 0 
73 75 71 74 72 77 70 76 0 43 0 46 0 44 0 50 0 0 52 0 53 0 0 60 58 0 0 23 0 0 0 21 0 20 0 0 0 0 68 0 0 61 67 62 0 0 0 0 9 14 0 0 0 0 0 2 0 5 0 0 0 0 80 27 31 25 32 28 0 0 0 30 40 0 0 0 34 41 35 0 36 
0 0 0 0 3 8 0 7 9 55 0 0 0 56 0 62 60 61 0 68 0 0 0 0 0 0 0 35 0 0 28 33 29 32 0 0 76 77 0 0 0 0 0 0 81 0 0 0 0 0 25 0 0 0 15 0 0 0 0 0 0 18 0 0 0 0 0 40 0 45 0 42 0 0 0 0 0 0 47 0 0 
40 42 38 0 39 0 37 0 45 0 0 0 0 0 0 0 0 0 0 0 20 0 24 27 0 0 22 0 0 0 64 0 0 0 0 0 31 0 35 0 30 0 34 0 36 55 60 0 0 0 61 0 0 56 0 0 46 53 0 48 0 54 47 0 0 0 80 0 0 81 77 0 0 0 9 0 0 0 0 0 0 
0 78 0 0 0 0 0 0 0 46 50 0 0 47 0 0 0 0 0 0 0 57 60 63 61 62 0 26 25 0 0 0 20 0 21 0 0 0 0 0 66 64 0 65 0 0 15 13 0 0 16 18 14 0 6 0 0 8 0 0 0 9 0 30 34 28 35 0 29 0 32 33 43 0 45 40 37 0 38 0 39 
0 0 0 0 0 0 0 0 0 64 68 67 66 0 72 71 0 70 73 77 0 0 0 81 0 0 0 44 0 0 37 42 38 41 39 0 0 0 0 0 0 1 7 0 9 28 0 31 30 35 34 0 32 0 0 23 0 26 22 0 25 0 0 48 0 46 53 0 0 54 50 51 0 0 0 58 0 0 56 59 57 
0 33 0 32 30 0 0 34 0 1 0 0 0 0 0 0 6 7 10 0 0 0 15 0 0 0 0 0 61 0 55 60 56 0 0 0 0 0 26 0 21 0 25 0 0 46 0 49 48 0 0 0 50 47 42 41 37 44 0 39 0 45 0 0 0 64 71 0 65 72 0 0 79 78 0 0 0 0 0 77 0 
0 51 47 0 0 0 46 52 0 0 0 0 21 0 0 26 24 25 28 32 0 0 0 0 0 0 0 0 79 0 73 78 74 0 0 81 0 0 0 0 39 37 0 38 45 0 0 67 0 0 70 0 68 65 0 0 55 0 0 57 0 63 0 0 7 0 8 0 0 0 0 0 0 0 0 13 0 0 0 14 12 
67 0 65 0 66 0 0 0 0 0 41 0 39 0 0 44 42 43 0 50 0 0 0 0 0 53 49 17 16 0 0 15 0 0 0 0 58 0 0 60 0 55 0 0 63 0 0 4 0 0 0 0 0 0 0 0 0 80 76 75 0 0 74 0 0 19 0 0 20 0 23 0 34 33 0 31 0 0 0 0 0 
58 60 0 0 0 62 55 61 0 28 0 31 30 0 36 0 0 0 37 0 0 39 0 0 43 44 40 0 0 0 0 0 2 0 0 0 49 50 53 51 0 0 0 0 0 73 0 0 75 0 79 0 0 74 0 68 0 0 0 0 0 72 65 12 0 0 0 0 0 18 0 0 0 0 27 22 19 0 0 0 0 
0 0 20 23 0 0 19 0 27 0 77 76 75 0 0 0 78 0 0 0 0 0 0 0 0 0 0 0 0 49 46 0 47 0 0 0 0 0 0 15 0 10 16 0 18 0 0 40 39 44 0 45 0 38 0 0 0 0 0 0 34 0 29 0 0 0 0 58 0 63 59 0 0 69 72 0 64 0 65 68 66 
47 49 0 48 0 51 0 0 0 0 0 0 0 0 0 0 0 0 0 30 27 0 0 34 32 0 0 0 77 74 0 0 0 75 0 0 0 0 42 0 0 35 0 36 43 0 67 0 0 0 68 0 0 0 58 0 53 0 0 0 0 0 54 0 5 0 0 2 0 7 3 4 0 0 0 11 0 0 9 12 10 
0 58 54 0 0 60 0 0 0 26 0 0 28 27 0 33 0 0 0 0 0 37 0 43 41 42 38 0 0 0 0 0 0 3 0 0 0 0 51 0 0 0 50 0 0 71 0 74 73 0 0 0 0 72 0 0 0 0 65 0 68 0 63 0 14 8 0 0 0 0 0 13 23 22 0 20 0 0 18 21 0 
0 31 27 30 0 0 0 0 34 80 0 0 1 81 0 0 4 0 8 12 9 0 0 0 14 0 0 60 59 56 53 58 0 0 0 61 0 0 0 0 0 17 23 0 0 44 0 47 0 0 0 52 48 0 40 39 35 0 38 37 0 0 0 0 68 62 0 0 0 0 66 0 0 0 79 74 0 0 72 75 73 
0 0 36 39 0 0 0 41 0 0 12 11 10 0 16 15 0 0 17 0 0 0 0 0 23 0 20 69 0 0 62 67 0 0 0 0 0 30 33 31 0 26 0 0 0 0 58 0 0 60 0 0 0 54 0 48 0 51 47 0 50 52 0 0 77 71 0 0 0 0 0 0 5 4 0 2 0 0 0 0 0 
11 13 0 12 10 15 8 0 0 62 66 65 64 0 70 0 67 68 0 0 72 73 76 79 0 0 0 0 0 38 0 0 0 0 0 0 0 3 0 4 0 80 0 81 7 26 0 29 0 0 0 0 0 0 22 21 0 0 20 0 23 0 0 46 0 44 0 47 0 0 48 0 0 0 0 56 0 0 0 0 0 
74 0 0 75 0 0 0 77 79 44 0 0 0 45 0 0 0 50 0 0 0 55 58 0 0 60 0 0 0 20 0 22 0 0 19 25 0 0 69 0 0 0 0 63 70 0 0 0 10 15 0 0 12 0 0 3 80 0 0 0 5 0 81 0 32 0 0 0 27 0 0 0 0 0 0 0 35 0 0 0 0 
0 0 0 66 0 69 0 68 0 35 0 38 37 0 0 42 0 0 0 48 0 0 49 0 0 0 0 15 0 0 8 0 0 0 10 0 0 0 60 0 0 0 59 54 61 0 4 0 0 0 0 7 0 0 0 0 0 78 74 0 77 0 72 0 0 17 0 0 0 0 0 0 0 0 0 0 0 0 27 0 0 
0 0 0 0 0 0 0 0 7 0 57 0 0 0 0 0 0 0 0 0 63 0 0 0 0 0 65 33 32 0 0 0 0 0 0 0 0 75 0 76 73 71 77 0 0 17 0 20 19 0 0 0 0 0 0 12 0 15 0 0 14 0 9 0 0 0 0 0 0 43 0 0 0 49 0 0 0 0 0 48 0 
20 0 0 0 0 24 0 0 0 0 75 0 73 72 0 0 0 0 0 0 0 0 4 0 5 0 2 51 0 0 0 49 45 0 0 52 0 0 0 13 0 8 0 0 0 35 0 38 37 42 41 0 0 36 0 0 26 33 0 0 32 0 0 55 59 0 60 0 54 0 0 58 0 0 0 65 62 0 0 66 0 
0 1 78 0 0 0 77 2 0 50 0 0 0 0 0 0 55 0 59 0 0 0 64 0 0 66 62 0 29 26 23 0 24 0 25 31 71 0 75 0 70 0 74 0 0 14 0 0 16 21 0 0 18 0 10 9 0 0 0 0 0 0 0 34 38 32 39 0 0 0 36 37 47 0 49 44 0 0 42 0 0 
35 0 0 0 34 0 0 38 40 0 0 0 7 0 13 12 10 0 14 0 15 0 0 22 0 21 0 66 65 0 59 64 60 63 0 0 0 0 0 0 25 23 29 0 0 0 0 53 52 0 0 58 0 51 0 0 41 0 0 43 47 49 0 0 0 68 75 71 69 0 72 73 0 0 0 0 77 0 78 81 79 
44 0 0 0 0 48 0 47 0 14 0 0 0 0 0 21 19 20 0 0 0 25 0 31 0 30 26 75 74 0 68 73 0 72 0 0 0 36 39 0 0 0 38 33 0 59 64 0 0 0 65 67 63 60 0 0 0 0 0 52 0 0 51 79 0 0 0 0 78 4 0 0 0 10 0 0 5 0 6 9 7 
26 28 0 0 25 0 0 29 0 77 81 0 0 0 0 0 0 0 0 0 0 7 10 0 11 12 0 0 0 0 0 55 0 54 0 58 0 0 0 0 0 14 0 0 0 0 0 0 0 0 47 0 45 0 0 0 0 39 0 0 0 40 0 61 65 59 66 62 60 0 63 0 0 0 0 0 0 75 69 0 0 
0 0 15 0 16 0 14 20 22 68 0 71 0 0 0 75 73 0 0 0 78 0 1 0 0 0 0 0 0 0 41 46 0 0 0 49 0 0 0 0 0 0 0 0 0 32 0 0 0 0 38 0 36 0 28 0 0 30 0 25 0 31 0 0 0 50 57 0 51 58 0 0 0 0 0 0 59 66 60 63 0 
8 0 0 9 0 0 0 0 0 0 0 62 0 0 0 0 0 0 68 0 0 70 73 0 0 75 71 0 38 0 32 37 0 0 0 0 0 81 3 1 0 0 0 78 4 23 28 26 0 0 0 0 0 0 19 18 14 0 17 0 0 22 0 0 0 0 0 0 0 49 0 46 0 55 0 53 0 57 0 54 52 
53 0 0 0 0 57 0 56 0 0 27 0 0 24 0 30 28 0 0 0 0 34 0 0 0 0 0 0 2 80 0 0 78 0 79 0 0 0 48 0 0 41 0 0 0 0 0 71 0 75 74 0 72 69 0 0 59 66 0 61 65 0 60 0 11 5 0 0 6 13 0 0 0 0 22 17 0 21 15 0 0 
71 0 0 72 0 75 0 0 76 0 0 0 0 0 49 0 0 47 0 0 51 0 0 58 56 57 0 0 0 0 0 0 0 0 0 0 0 0 0 64 0 0 0 60 0 5 10 0 7 12 11 13 0 6 1 0 77 0 0 0 0 0 0 0 0 0 0 0 0 31 0 0 0 0 0 35 32 0 0 36 0 
0 64 0 63 0 0 59 0 0 32 0 0 34 33 0 39 0 0 41 0 0 0 0 0 47 48 44 12 0 8 0 0 6 9 0 13 53 54 0 55 0 0 0 0 0 77 1 0 79 3 2 0 0 0 73 72 0 0 71 70 74 76 69 0 0 14 0 17 15 0 18 0 0 0 0 0 23 0 0 0 25 
6 0 0 7 5 0 0 0 11 0 0 0 59 0 65 64 0 63 0 70 67 0 71 0 0 73 0 0 0 0 0 0 0 0 32 0 78 0 0 0 77 0 0 76 2 0 0 0 0 28 0 29 25 0 17 16 0 19 0 0 18 20 0 0 0 39 0 42 0 0 0 44 54 0 0 51 48 0 0 0 0 
78 80 0 0 0 0 75 0 0 0 52 51 0 0 0 55 0 54 57 0 0 0 0 0 0 0 60 28 27 0 21 0 0 0 23 0 69 0 0 71 0 0 72 0 74 12 0 15 0 19 0 0 0 0 8 0 0 0 6 5 9 0 4 32 0 0 0 0 0 0 0 35 0 0 0 0 0 0 0 0 0 
15 0 0 16 0 0 12 18 0 66 0 0 68 0 74 0 71 0 0 0 76 0 80 2 0 1 78 0 0 42 39 44 40 0 0 47 0 7 10 0 5 3 0 0 0 30 0 0 32 0 36 38 0 0 0 0 21 0 0 23 0 29 0 0 0 48 55 0 0 56 52 0 0 0 0 0 57 0 0 0 59 
51 0 0 52 50 55 48 0 0 0 0 0 23 22 29 28 26 27 0 0 31 32 0 0 36 37 0 1 81 78 75 0 76 0 0 2 42 0 46 0 41 39 0 40 0 66 0 69 68 73 0 0 70 0 62 61 0 0 0 59 0 0 0 5 0 0 10 0 0 0 0 0 0 17 20 0 0 0 13 0 0 
24 0 0 0 23 28 0 27 29 75 0 78 0 76 2 0 0 81 3 0 4 5 8 0 9 0 0 0 0 0 0 0 0 0 0 56 15 16 0 17 14 0 18 0 0 0 0 42 41 0 0 0 0 40 35 0 0 0 0 0 0 0 0 0 63 57 64 60 0 0 61 62 0 0 0 69 0 0 0 0 0 
0 0 0 61 0 0 57 0 65 30 34 33 0 0 38 0 35 0 0 0 40 0 44 47 0 46 42 10 0 0 0 8 0 0 0 11 0 52 0 0 50 0 0 49 0 0 0 0 0 1 81 2 0 76 0 0 66 73 0 68 0 0 67 14 0 0 0 0 0 0 16 17 27 0 0 0 0 0 0 0 23 
42 0 40 43 41 0 39 0 0 0 16 0 0 0 0 19 0 18 21 0 22 0 0 29 27 28 0 73 72 69 0 71 0 0 68 74 0 0 0 35 0 30 36 0 38 0 0 60 0 64 0 0 61 58 0 52 48 55 51 50 54 0 49 0 81 0 1 0 0 2 79 80 9 0 0 6 0 0 4 0 5 
0 35 0 0 32 0 0 0 38 0 7 0 5 4 0 0 0 0 0 0 13 14 17 0 18 0 15 0 63 0 0 62 0 0 0 65 24 0 0 0 0 0 27 0 29 48 0 0 50 0 54 0 0 0 0 0 0 0 0 0 0 0 0 0 72 0 0 0 0 74 0 71 81 0 0 78 0 1 76 0 0 
0 71 0 0 0 73 0 0 0 39 0 0 41 0 47 46 44 0 0 52 0 50 0 0 0 0 0 0 0 15 0 17 13 0 14 20 0 0 0 62 0 57 63 0 0 0 0 0 0 10 0 11 0 0 80 0 0 0 0 0 81 2 0 0 0 21 28 24 0 0 25 26 36 35 38 0 0 0 31 0 0 
