9
30 26 0 0 0 0 0 0 31 0 0 0 51 57 0 0 0 0 0 0 0 39 36 38 0 35 40 72 74 71 0 0 0 73 70 0 6 12 0 0 0 0 0 8 14 45 0 43 0 46 0 0 0 47 0 0 0 0 0 3 0 0 2 63 0 0 0 67 64 62 0 0 0 23 0 16 0 20 0 0 15 
0 0 0 0 73 0 0 0 76 0 0 18 15 0 0 0 23 0 0 0 1 3 0 2 5 0 4 36 38 0 0 0 39 0 34 0 51 0 0 58 0 0 54 0 59 9 12 0 8 0 0 0 6 0 0 42 0 49 43 0 0 0 47 27 24 29 25 31 28 0 32 0 64 0 62 0 0 0 67 63 0 
0 0 78 0 1 79 0 0 4 26 28 27 0 0 31 0 0 0 6 7 10 0 0 0 0 0 0 0 47 44 42 0 0 46 0 0 60 0 0 67 65 0 63 62 0 0 0 16 0 0 0 0 0 20 0 51 54 0 0 57 53 0 0 36 33 38 0 40 37 35 41 0 0 77 0 0 0 0 0 72 0 
57 53 51 0 55 52 0 0 0 80 0 0 78 3 0 0 5 79 0 61 0 0 63 65 68 62 67 18 20 0 15 22 0 19 16 23 33 0 0 0 38 0 0 0 0 0 0 0 0 73 0 76 69 0 0 0 27 31 25 30 26 0 29 9 6 11 7 0 0 0 14 0 0 50 44 43 0 47 0 0 0 
0 0 33 41 0 0 36 0 40 0 0 63 0 66 0 0 0 0 42 43 0 0 0 47 50 44 49 0 0 80 0 0 0 0 0 5 0 21 16 22 0 19 18 0 23 0 57 52 0 55 59 0 0 0 0 6 0 13 0 12 0 0 0 0 0 74 0 0 0 0 0 75 0 0 0 25 0 29 31 27 0 
0 0 42 50 46 0 45 0 0 71 0 0 0 0 0 74 77 0 0 52 55 0 54 0 0 0 0 9 0 8 6 13 12 10 7 0 24 0 25 0 0 0 0 26 32 0 66 0 0 64 0 67 0 65 0 15 18 0 0 0 17 19 0 81 0 0 0 0 1 80 0 3 37 0 0 34 39 38 40 0 33 
0 0 0 14 10 7 9 11 0 0 37 0 0 0 0 0 41 34 15 16 0 0 0 0 23 0 22 54 56 53 51 58 0 0 0 59 69 75 0 0 0 0 72 0 0 27 0 0 26 0 0 0 24 0 68 0 0 0 61 0 62 0 0 45 0 47 0 0 0 44 0 0 1 5 80 79 0 0 0 81 78 
66 0 60 68 0 61 0 65 67 0 0 9 0 12 0 0 14 7 0 0 73 75 0 0 0 0 76 0 0 26 24 0 0 0 25 0 0 48 43 0 47 0 45 0 50 0 3 79 0 0 0 0 78 2 41 0 36 40 34 0 35 37 38 18 0 0 16 22 19 0 0 21 55 0 0 52 0 0 0 54 51 
0 17 0 23 19 0 0 20 0 44 46 0 42 48 49 0 0 43 24 25 0 0 0 0 0 0 31 0 0 0 60 0 66 0 0 68 0 0 0 4 2 0 81 0 5 0 39 0 0 37 0 0 0 0 0 69 0 0 0 0 0 0 0 54 0 56 0 58 55 0 59 0 0 14 0 7 12 0 0 0 6 
5 0 80 7 0 81 2 4 0 0 0 29 0 0 0 0 0 27 0 0 12 0 0 0 0 10 0 0 49 0 0 0 0 0 0 0 0 0 0 0 0 66 0 0 0 0 0 18 0 0 0 0 0 22 0 0 56 0 0 0 0 57 58 38 35 0 36 42 0 0 43 0 0 0 73 0 77 0 78 74 0 
59 55 0 0 0 0 56 58 0 0 0 2 80 0 0 0 0 0 0 0 66 0 0 0 0 0 69 0 0 0 0 0 0 21 18 0 0 41 0 42 0 39 38 0 0 74 77 72 0 0 0 78 0 0 34 0 0 33 0 0 0 0 0 11 0 0 9 0 0 0 0 0 48 52 46 45 0 49 0 0 0 
32 0 26 34 0 0 0 0 33 0 57 0 53 59 0 58 0 0 0 0 0 41 0 40 43 37 42 0 0 73 71 78 77 0 0 79 8 0 0 0 0 12 11 10 16 47 0 0 0 0 0 0 0 0 7 0 2 6 81 0 0 3 0 0 0 0 0 0 66 0 70 68 21 0 19 0 0 22 24 0 0 
14 0 8 0 12 0 0 13 15 0 0 38 35 0 42 0 0 0 0 18 21 23 0 22 0 0 24 0 0 0 0 60 0 57 0 0 0 77 0 78 0 0 0 73 79 29 32 27 0 30 0 0 0 31 0 0 0 0 63 0 64 66 0 47 0 0 45 51 0 0 52 50 0 0 0 81 5 0 6 0 0 
0 46 0 52 48 45 0 0 0 73 0 0 0 0 0 0 0 0 0 0 0 59 0 0 0 55 0 11 13 0 8 15 14 0 9 0 26 32 27 33 0 30 0 28 0 65 0 0 0 66 70 0 0 67 0 0 0 0 18 0 19 0 0 0 0 4 81 6 0 1 0 5 0 43 0 36 41 0 0 38 35 
41 0 35 0 0 0 38 40 42 0 0 65 0 68 69 0 0 63 44 45 48 50 47 0 0 46 51 0 0 1 0 0 0 0 0 0 17 23 18 0 0 0 0 19 25 0 0 54 55 0 0 0 53 0 0 8 0 0 9 0 0 0 13 74 0 0 0 0 0 0 0 0 0 0 0 27 0 0 0 0 26 
77 0 0 0 0 72 74 76 78 0 0 20 17 23 24 22 0 18 0 0 0 0 2 4 0 0 0 0 40 0 0 42 41 0 0 0 0 0 0 0 58 57 0 0 0 0 14 9 0 12 0 15 0 0 0 44 0 0 0 0 0 48 49 0 26 0 0 33 0 28 0 0 0 70 0 63 0 0 0 0 62 
68 0 62 0 0 63 65 67 0 10 0 11 0 14 15 13 16 0 0 0 0 0 74 76 0 73 0 29 0 28 26 0 0 0 27 0 44 0 0 51 49 0 0 0 0 2 0 81 1 0 0 6 0 4 43 0 38 0 0 0 0 0 0 0 0 0 0 0 0 19 0 0 0 0 0 54 59 58 0 56 0 
0 19 17 0 0 0 20 0 0 0 48 47 44 0 0 0 0 45 0 0 0 0 0 0 34 0 0 65 0 64 62 69 68 0 63 0 80 5 81 6 0 0 2 0 7 0 0 0 0 39 43 0 35 0 79 0 0 78 72 0 0 0 76 56 0 0 54 60 0 55 0 0 12 0 0 9 0 13 0 11 8 
0 0 0 0 71 0 0 0 0 0 17 16 13 19 20 0 0 0 76 77 0 0 0 0 0 0 2 34 36 0 0 38 0 0 0 0 49 0 0 56 0 53 52 0 0 0 10 0 0 0 0 0 0 0 48 40 0 0 41 0 0 0 0 0 0 27 0 0 26 24 30 28 62 66 60 59 0 0 0 61 58 
0 24 0 0 0 23 25 0 0 0 0 52 49 55 0 54 57 50 0 0 0 0 0 36 0 0 0 70 72 69 0 74 0 0 0 75 0 0 0 11 0 0 0 0 0 0 0 0 0 44 48 0 40 45 3 76 0 2 77 1 78 0 0 61 58 0 59 0 0 60 66 0 0 21 0 0 0 18 0 0 0 
10 6 0 0 0 0 0 9 11 33 0 0 0 37 38 0 0 0 13 14 0 0 16 0 21 0 0 0 0 51 0 56 0 0 0 57 67 0 68 0 72 0 0 0 75 25 0 23 0 26 0 0 22 0 66 58 0 65 0 64 60 0 63 43 0 45 41 0 44 0 0 0 0 0 0 77 1 0 0 0 76 
0 51 0 0 53 0 0 54 0 0 0 0 76 1 0 0 3 77 0 0 0 64 0 63 0 60 65 16 18 0 13 0 0 17 0 0 0 37 0 38 36 35 0 33 0 0 73 68 0 0 75 0 0 0 30 22 0 29 0 0 0 26 0 0 0 0 5 0 8 0 12 0 0 48 0 0 0 45 47 0 0 
0 42 0 0 44 41 0 0 0 69 0 70 0 0 0 0 75 0 0 0 53 0 0 0 0 51 56 7 0 0 0 11 0 0 0 0 0 28 23 0 0 0 0 0 0 61 64 59 0 0 0 0 58 0 0 0 16 20 0 0 0 17 0 0 76 0 77 0 0 0 0 1 0 39 0 0 37 36 0 0 0 
37 0 31 0 0 0 0 0 0 60 0 0 0 0 0 0 66 59 0 0 44 0 0 45 0 42 0 0 0 0 0 2 1 80 0 0 0 19 0 0 0 0 0 0 0 52 55 0 51 0 57 0 49 0 0 0 7 0 0 0 0 8 0 70 67 72 0 74 0 69 0 0 0 0 0 0 28 27 29 0 0 
0 0 76 3 0 77 79 81 0 0 26 25 0 0 0 27 30 23 4 5 0 0 7 0 0 0 11 43 45 42 0 0 0 44 41 48 0 0 0 65 0 0 61 0 66 0 0 14 0 0 0 20 0 18 57 0 52 56 0 55 51 0 0 0 31 0 0 0 0 0 0 0 0 75 0 0 0 0 74 0 67 
64 0 0 0 62 0 61 0 65 0 0 7 4 10 0 0 0 5 67 0 0 0 70 0 0 0 0 25 27 24 0 29 0 26 23 30 0 0 41 0 0 0 0 0 0 0 0 77 78 0 0 0 76 0 39 31 34 38 0 37 0 0 36 0 0 0 0 20 0 0 0 0 53 57 51 0 0 54 56 52 0 
19 0 0 21 0 0 0 0 0 42 0 43 40 46 47 45 0 41 22 23 0 28 0 27 0 24 29 0 63 0 58 0 0 62 0 0 76 1 77 0 0 0 0 0 3 0 37 0 33 0 0 38 0 0 0 67 0 74 0 73 69 71 72 0 0 54 0 56 0 0 57 55 8 12 6 0 10 0 0 7 0 
27 0 21 29 25 0 0 0 28 0 0 0 48 0 0 0 56 49 0 31 34 36 0 35 0 0 37 0 71 0 66 0 72 70 0 74 0 0 0 10 8 0 6 5 0 0 0 40 0 43 0 46 39 0 0 75 0 0 0 81 77 79 0 60 0 62 0 0 61 0 0 0 0 20 0 0 18 0 19 15 12 
0 59 57 0 61 58 0 0 0 0 0 6 0 0 10 0 11 4 0 67 0 0 0 0 74 68 73 0 26 23 21 0 0 25 22 0 39 0 40 0 44 43 0 41 0 0 0 76 0 0 2 1 75 0 38 0 0 37 0 36 32 0 0 0 12 17 13 19 0 14 20 18 52 0 0 0 0 53 55 0 48 
0 0 0 38 34 0 0 0 0 59 0 60 57 63 0 62 65 0 0 40 43 0 42 0 0 0 46 78 0 0 0 1 0 0 0 0 12 0 0 0 17 0 15 0 0 0 0 49 0 52 0 0 0 53 11 3 6 0 0 0 0 0 0 69 0 0 67 73 0 0 0 0 0 0 23 0 0 26 28 24 0 
0 68 0 74 70 67 69 71 73 0 0 15 12 0 19 17 20 13 75 76 0 0 78 80 2 77 1 0 35 0 0 0 0 34 0 0 0 0 0 55 0 0 51 50 0 6 0 0 0 7 11 10 0 0 47 39 0 0 0 45 0 43 44 24 0 26 22 0 25 23 0 0 61 0 59 0 63 0 0 60 57 
54 50 48 56 52 0 51 53 55 0 79 0 0 0 0 0 2 76 57 58 61 63 0 0 65 0 0 15 0 0 12 0 18 0 13 20 30 0 0 0 35 0 33 0 38 0 0 67 0 0 74 73 0 0 0 21 24 28 22 0 23 25 0 0 0 8 4 10 0 0 11 0 0 47 41 40 45 0 46 42 0 
0 14 12 0 0 0 15 17 0 0 43 42 39 45 46 0 0 40 0 0 25 27 0 26 29 23 0 0 0 0 0 0 63 61 58 0 0 81 0 1 80 0 0 77 0 33 0 0 0 34 38 0 0 0 0 66 0 73 67 0 68 0 0 51 48 53 0 55 0 0 0 54 0 0 5 0 9 8 10 0 0 
0 0 39 0 0 40 0 44 46 0 0 0 0 0 0 71 0 0 0 0 0 0 0 0 0 0 0 6 8 5 0 10 0 0 0 0 0 27 0 0 0 0 24 23 29 0 63 0 59 0 0 0 57 0 0 12 15 0 13 18 14 0 0 0 0 0 0 0 0 0 0 81 34 0 0 31 0 0 37 0 0 
9 5 0 0 7 4 6 0 10 0 34 33 30 0 37 0 0 0 0 13 16 0 0 0 0 0 0 0 0 0 48 0 54 0 0 56 0 0 67 0 0 70 0 0 0 24 0 22 0 0 0 0 21 26 0 57 0 64 58 63 0 0 0 42 39 44 0 0 43 41 47 45 79 0 0 76 81 0 1 78 0 
0 0 75 0 79 0 78 80 0 23 0 0 0 0 0 0 0 0 0 0 7 0 0 8 11 0 10 42 44 0 39 0 0 43 40 47 0 63 58 64 62 0 0 0 65 15 18 0 14 0 20 0 12 0 0 48 0 0 0 0 0 0 0 0 0 35 0 37 0 0 38 0 70 0 0 0 0 0 0 0 0 
0 0 0 78 0 0 73 75 77 0 0 19 0 0 23 0 0 0 0 0 0 4 0 3 6 0 0 0 39 36 0 0 0 0 0 0 0 58 53 0 0 56 55 0 0 0 0 8 0 0 0 0 0 0 0 43 46 50 0 0 0 0 0 28 0 30 0 0 0 0 33 0 0 0 63 62 0 0 0 0 61 
0 0 0 0 0 0 0 39 41 0 0 64 0 0 0 66 69 0 43 44 47 0 0 0 51 45 0 1 3 0 0 0 4 0 80 0 0 0 0 23 0 0 19 0 24 55 0 53 0 0 0 0 52 0 15 0 0 14 0 0 0 0 0 73 0 0 0 0 74 72 78 0 29 0 0 0 31 0 32 0 25 
0 63 0 69 0 62 0 0 0 0 0 10 7 0 0 12 15 8 0 71 0 0 0 75 0 0 77 0 0 0 25 0 0 29 26 0 0 49 44 50 48 47 0 45 51 1 0 0 81 0 0 0 79 0 0 0 37 0 35 40 0 0 0 19 0 0 0 0 0 18 0 0 0 60 0 0 0 0 0 55 0 
0 27 0 33 0 0 28 0 0 0 0 0 0 0 59 57 0 53 0 35 0 0 37 39 0 0 0 73 0 72 70 77 76 0 0 0 7 0 8 14 12 0 10 9 0 46 49 44 0 0 0 0 0 0 0 0 0 0 0 0 81 0 0 0 61 66 62 0 0 0 69 0 0 0 0 0 22 0 0 19 0 
22 18 0 0 20 0 0 21 0 0 47 0 0 0 50 0 0 0 0 0 0 0 0 30 33 0 32 64 66 0 61 0 0 65 0 69 0 0 80 0 3 0 1 0 6 0 0 35 0 0 42 41 0 39 0 70 0 0 71 0 72 74 0 55 52 0 53 59 0 0 0 0 0 15 0 8 0 12 0 0 0 
0 0 0 0 0 0 0 0 14 36 0 37 0 0 0 0 0 0 0 0 20 22 19 0 0 0 23 55 0 54 0 0 0 0 53 0 0 0 71 0 0 0 0 72 0 28 0 0 0 0 33 32 25 0 0 61 0 0 0 0 0 0 0 46 0 48 0 0 47 0 51 49 2 0 81 0 0 0 5 1 0 
4 0 0 6 0 80 0 3 0 27 0 28 25 0 0 0 0 0 0 0 0 0 0 12 0 0 0 46 48 0 0 0 49 0 0 51 61 67 0 0 0 0 0 0 0 19 22 0 0 20 0 0 0 21 60 0 0 0 53 0 0 0 0 0 0 0 0 0 0 0 42 0 74 0 0 71 76 0 0 0 70 
0 0 43 51 47 0 0 0 50 72 74 0 70 0 77 0 78 0 0 0 56 58 55 57 0 0 0 10 0 9 0 14 0 0 0 15 0 31 0 32 0 29 0 27 33 0 67 62 0 0 69 68 0 0 0 0 0 0 17 0 18 20 21 0 0 0 80 0 0 0 0 0 0 0 36 0 40 39 41 37 34 
0 54 52 0 0 0 0 0 0 0 0 1 0 0 0 3 0 80 61 62 0 67 64 66 0 63 68 19 21 0 16 23 0 0 0 24 0 0 0 41 39 0 0 36 42 0 0 0 0 0 78 77 0 0 0 0 28 0 0 0 0 29 30 0 7 0 0 0 11 0 0 13 0 0 0 44 49 48 0 46 43 
0 0 20 28 0 0 23 25 27 0 0 50 0 0 0 0 55 48 29 0 33 0 0 0 37 31 0 68 0 0 0 0 71 0 66 0 0 0 0 0 0 6 5 4 10 0 0 0 40 0 0 0 0 0 1 74 0 0 0 80 0 0 0 59 0 0 0 0 0 58 64 62 15 0 0 12 0 0 0 14 0 
0 31 29 0 0 0 0 0 0 0 60 0 0 0 63 0 0 57 38 0 42 44 0 43 46 0 0 0 0 0 0 0 80 0 75 0 0 0 0 0 0 0 14 0 19 0 53 0 0 51 0 54 0 0 0 0 0 9 3 0 4 6 0 0 65 70 66 0 0 0 0 0 0 28 0 0 0 0 0 0 0 
71 67 0 0 0 0 0 0 0 13 15 14 11 17 0 0 0 0 0 75 0 0 0 0 1 0 81 32 0 31 29 36 0 0 0 37 0 0 48 0 52 0 0 0 0 0 8 0 0 0 10 0 0 7 46 0 41 0 0 0 0 42 43 0 0 25 21 0 0 22 28 0 0 0 0 0 0 61 0 0 0 
80 76 74 0 0 0 0 0 0 0 24 0 0 0 0 25 0 21 0 3 6 8 0 0 0 0 9 0 43 40 38 45 0 0 39 46 56 0 0 0 61 0 0 58 0 14 0 12 13 15 0 0 0 0 55 0 0 0 0 0 0 0 52 0 0 0 0 0 0 0 0 35 69 0 0 0 71 0 72 68 0 
44 40 0 0 0 0 41 0 0 0 0 68 0 0 72 0 73 66 0 0 0 0 50 0 0 0 54 5 7 0 2 0 0 0 0 0 20 0 21 0 0 0 23 22 28 0 0 57 58 60 64 0 56 0 0 0 0 0 0 0 13 15 0 77 0 0 0 81 0 76 1 80 33 0 31 30 0 0 36 32 0 
8 4 2 0 0 0 5 0 9 0 0 32 0 0 36 34 0 0 0 12 0 0 14 16 19 0 0 0 52 49 0 0 53 0 0 0 0 0 0 0 0 0 68 0 0 0 0 0 22 0 0 27 0 25 0 56 0 63 0 62 58 60 61 41 38 0 0 0 0 0 0 0 0 1 0 0 0 0 0 77 0 
0 0 0 55 0 0 0 0 0 76 0 0 0 80 0 0 0 75 0 0 60 62 0 0 64 58 0 14 0 0 11 0 0 0 0 0 0 0 0 0 0 33 0 31 0 68 0 0 0 0 0 0 0 70 28 0 23 27 0 0 0 24 0 0 0 7 0 9 6 4 10 0 0 0 0 0 0 0 0 0 0 
17 0 0 0 15 0 0 16 0 0 0 41 0 44 45 0 0 39 20 0 24 26 23 25 28 22 27 59 0 0 0 0 0 0 57 0 0 0 0 0 0 0 0 76 1 32 35 0 31 33 37 36 0 34 0 65 68 0 0 71 0 69 0 0 0 0 0 0 0 0 0 53 6 10 4 3 8 7 0 0 0 
62 0 0 0 0 57 0 61 63 0 6 5 2 0 0 0 0 0 0 0 69 71 0 70 0 67 0 0 25 0 20 27 26 24 21 28 38 0 0 0 43 42 0 0 0 77 0 0 76 0 0 81 0 0 0 29 32 0 0 0 0 0 0 0 11 16 0 18 0 13 19 17 0 0 49 0 0 0 54 0 0 
0 0 0 0 0 0 0 0 66 7 0 0 5 11 0 0 0 0 68 69 72 0 71 73 76 0 0 0 0 0 0 30 0 0 0 0 0 0 42 0 46 0 0 43 0 0 0 0 79 81 4 0 0 1 0 0 35 0 0 0 34 0 0 0 0 0 15 0 0 16 22 20 54 58 52 0 56 55 0 0 50 
0 0 23 0 27 0 0 28 30 0 54 0 50 0 57 0 0 0 0 33 36 0 0 37 0 34 0 0 73 70 0 0 0 0 0 76 0 11 0 12 10 9 8 0 13 44 47 0 0 45 49 48 0 0 0 77 0 0 0 0 0 81 0 62 59 64 0 0 63 61 0 0 18 0 0 0 20 0 0 0 14 
0 0 0 0 0 69 0 0 0 0 18 17 0 0 21 19 22 15 77 78 81 2 80 0 0 0 0 0 0 0 0 0 38 0 33 0 0 0 51 57 55 54 0 0 58 0 11 0 0 9 13 0 0 10 0 0 0 0 42 47 43 0 0 0 23 0 0 30 0 0 0 0 63 0 0 0 0 0 0 0 59 
47 0 0 0 45 42 44 0 48 0 0 0 68 0 75 0 76 69 0 0 54 56 53 55 0 0 0 8 0 7 5 12 0 0 0 0 23 0 0 30 0 0 26 0 31 62 65 60 61 63 67 0 59 0 0 0 17 21 0 20 16 18 19 0 77 0 78 3 81 0 0 2 0 0 0 0 0 0 0 35 0 
0 0 0 0 18 0 0 19 0 0 0 0 0 0 0 46 49 0 23 0 0 0 0 0 0 0 0 62 0 0 0 0 65 0 0 0 77 0 78 0 0 81 80 0 0 0 0 0 34 0 0 0 32 0 0 68 0 75 69 0 0 0 73 0 50 55 51 0 0 0 0 56 9 0 0 6 0 0 0 8 0 
56 52 50 58 0 51 0 0 57 79 81 0 0 0 0 0 0 0 59 0 0 0 0 64 0 61 0 17 19 0 14 21 0 18 15 0 0 0 33 0 0 0 0 34 0 0 0 0 70 0 0 0 0 73 31 23 0 0 24 29 0 27 0 8 0 0 6 0 9 7 13 0 45 49 43 0 0 0 0 0 41 
0 7 0 0 0 0 0 0 0 0 0 0 0 38 0 37 40 0 0 0 18 0 17 0 0 16 0 53 0 52 0 0 56 0 51 0 0 0 0 0 0 0 0 70 76 0 0 0 0 27 0 0 23 28 0 59 62 0 0 65 0 63 64 0 41 0 42 48 0 43 0 0 81 0 0 78 0 1 0 0 77 
0 34 32 0 0 33 0 0 0 61 63 0 0 0 66 64 0 60 0 42 0 47 44 0 0 0 48 80 1 0 77 3 2 0 78 4 0 0 15 0 0 18 17 0 22 0 56 51 52 0 0 57 50 0 0 0 0 0 0 0 7 0 10 0 68 73 0 0 0 0 0 74 0 0 0 0 29 28 0 26 0 
0 0 0 4 0 78 0 0 3 25 0 0 23 29 0 0 0 0 0 0 0 11 8 0 0 0 0 0 46 43 41 0 0 0 0 49 59 65 0 0 0 63 62 61 67 0 0 0 0 18 22 0 0 19 0 0 0 0 0 0 0 0 55 35 32 0 0 0 0 0 0 0 0 76 70 69 0 0 0 71 0 
0 47 0 53 0 46 0 50 0 0 76 0 0 0 0 0 0 0 54 0 0 0 0 0 0 56 61 12 0 0 0 0 15 13 0 17 0 0 0 0 32 0 30 0 0 66 0 0 0 67 0 70 63 0 0 0 0 0 0 0 0 0 23 0 81 0 0 7 0 0 0 0 0 0 38 0 42 41 43 39 0 
33 29 0 35 31 0 0 0 0 56 0 0 0 60 61 0 62 0 0 37 40 42 0 0 44 38 0 75 77 74 0 79 0 0 0 80 0 0 0 0 14 0 12 0 17 48 51 46 47 0 53 0 0 50 0 0 3 0 1 6 0 0 0 0 0 0 64 0 67 65 0 0 0 0 0 0 0 0 25 0 18 
0 0 18 0 0 0 0 23 0 47 0 0 45 0 0 0 0 0 0 28 0 33 0 32 0 0 34 0 68 65 63 70 69 0 0 71 0 0 0 0 0 0 0 0 0 39 0 37 0 40 0 0 0 41 80 72 0 79 73 78 0 0 77 0 0 0 55 0 0 0 62 0 0 0 0 10 0 0 0 12 0 
69 65 63 0 0 0 0 68 70 0 0 12 0 0 0 14 17 0 0 73 0 0 0 0 80 0 0 0 0 0 0 0 0 31 0 35 45 0 0 52 0 0 48 0 0 0 0 1 0 4 0 0 81 5 44 0 0 0 37 42 0 0 41 0 18 0 19 0 22 0 0 24 58 0 56 0 0 0 61 0 0 
6 0 0 8 0 0 3 5 7 0 31 0 0 0 34 32 0 0 0 0 13 0 0 0 0 11 0 48 50 0 45 52 51 0 46 0 0 69 0 0 0 0 0 65 71 0 0 0 20 0 26 25 0 0 62 54 0 0 0 60 0 0 0 0 0 0 37 0 0 38 44 0 76 80 0 0 78 0 0 0 0 
0 56 54 62 0 55 0 59 61 2 4 0 0 0 0 0 0 1 0 0 0 69 0 68 71 0 0 0 23 0 0 25 0 22 0 26 0 42 0 43 41 0 0 38 44 0 78 0 74 0 0 0 0 0 0 0 30 34 28 33 29 0 32 0 0 14 0 16 13 0 17 15 0 53 0 46 0 0 0 0 0 
0 0 9 0 0 10 12 14 0 0 0 0 36 42 43 0 44 0 18 19 22 0 21 23 26 0 0 0 59 0 54 0 60 58 55 62 0 78 0 0 0 0 75 74 0 30 0 0 0 31 35 0 0 0 71 0 0 0 64 0 65 0 68 0 0 0 46 52 0 0 0 51 0 0 2 0 0 0 0 3 0 
0 74 0 0 0 0 75 0 0 0 0 0 18 24 25 0 0 19 0 0 4 6 0 0 0 0 0 39 0 0 0 43 0 0 0 0 54 0 0 0 59 0 0 0 0 12 0 0 0 13 17 0 0 0 0 45 48 52 0 51 47 49 0 30 0 32 0 0 0 0 0 33 67 0 65 0 69 68 0 0 63 
0 38 36 0 0 0 39 0 43 0 67 0 0 69 0 68 0 0 45 46 49 51 0 50 53 0 52 0 5 0 0 7 6 4 1 0 0 0 19 0 0 22 21 20 0 57 0 0 56 58 0 0 54 0 0 9 0 0 10 0 0 0 0 75 0 0 73 79 0 0 0 0 0 35 0 28 0 32 34 0 0 
61 0 0 63 0 0 58 60 62 0 5 4 0 0 0 6 0 0 64 0 68 0 0 0 72 66 71 22 0 0 19 0 25 23 0 27 0 0 38 0 42 41 0 0 45 76 79 0 0 0 0 0 0 0 36 28 0 0 29 34 30 0 0 13 10 0 0 17 0 12 0 0 50 0 0 0 0 0 0 0 46 
70 66 64 0 0 65 0 69 71 12 14 0 0 0 17 0 0 0 0 0 0 0 0 0 0 0 0 31 0 0 0 0 34 0 0 36 46 0 0 53 51 0 0 0 0 4 7 0 0 0 9 8 0 0 0 0 40 0 38 0 0 41 0 22 19 0 20 0 0 21 0 25 0 0 57 0 0 60 62 58 0 
0 0 0 0 0 0 0 42 44 0 0 67 0 70 0 69 0 0 0 0 0 0 49 0 0 48 53 0 0 3 0 0 7 5 2 9 0 25 20 26 0 0 0 21 0 58 0 56 0 59 0 0 0 0 18 10 0 0 11 0 0 0 0 76 73 0 0 80 0 0 0 0 0 0 0 0 0 33 35 0 0 
0 3 0 0 0 0 0 0 0 30 32 31 0 0 0 0 36 0 0 0 14 16 0 0 0 12 0 0 51 0 0 53 52 0 0 0 0 70 0 71 69 68 67 0 0 22 0 0 0 0 0 0 0 0 0 0 58 0 0 0 0 0 0 0 0 42 38 0 41 0 0 0 0 81 0 0 0 78 0 76 0 
0 0 0 27 23 0 0 24 26 0 50 49 0 52 0 0 0 0 0 29 0 34 0 0 0 30 0 0 0 0 0 71 70 0 65 0 0 7 2 0 6 5 0 0 0 0 0 38 39 41 45 0 37 0 0 73 0 0 0 79 75 0 0 0 55 60 56 62 59 0 0 61 14 0 0 11 16 0 17 0 10 
0 0 0 18 14 0 13 15 17 39 41 0 0 43 44 42 0 0 19 20 0 0 0 0 27 0 0 0 0 0 55 0 0 0 0 63 0 79 0 0 0 77 76 0 81 31 0 0 0 0 0 0 0 0 0 64 0 0 0 70 0 68 0 49 0 0 0 0 0 48 54 52 0 9 3 0 0 0 8 4 1 
79 0 0 0 0 74 0 0 0 0 23 0 19 0 0 24 0 20 0 0 0 7 0 0 9 0 0 40 0 39 37 0 43 0 0 45 0 0 0 0 60 0 0 57 0 0 16 0 0 0 0 0 10 0 0 0 0 53 0 52 0 0 51 31 28 33 0 35 0 30 36 34 0 72 0 0 0 0 0 67 64 
52 48 0 54 50 47 0 0 0 0 0 76 0 79 0 78 0 74 55 0 59 0 0 0 63 57 0 13 0 12 10 0 0 14 0 18 28 34 29 0 33 0 0 0 0 67 0 65 0 0 0 71 0 0 0 19 0 26 20 0 0 0 24 0 0 6 0 8 5 3 0 0 0 0 39 0 0 0 44 40 0 
0 30 0 0 0 0 0 0 0 0 59 58 55 61 62 0 0 0 0 38 41 0 40 42 0 0 44 76 0 0 73 80 0 77 0 0 10 16 0 0 0 0 0 0 0 49 0 0 0 0 0 53 0 0 0 1 0 0 2 7 0 0 0 0 0 0 0 0 0 66 0 0 0 0 0 0 0 0 26 0 0 
