9
0 0 66 0 0 69 0 71 67 0 0 0 0 0 0 4 0 0 0 0 0 0 61 0 0 60 59 0 0 37 0 38 39 42 43 40 23 0 0 0 0 0 0 0 26 48 47 0 0 0 0 0 46 51 0 73 0 80 0 0 0 77 0 34 0 0 0 0 0 0 0 32 0 0 0 0 10 0 0 12 0 
0 23 0 0 0 0 0 26 0 0 0 0 41 0 38 0 42 45 18 0 13 0 0 10 0 0 0 0 0 0 0 0 0 0 0 0 0 55 60 0 61 0 0 58 0 0 0 0 0 0 9 0 0 0 34 0 31 35 0 0 36 32 0 0 0 0 0 0 0 0 66 0 0 0 0 0 0 50 47 0 53 
38 0 0 0 0 0 43 44 0 0 61 62 59 57 0 0 60 0 0 0 31 35 0 0 29 0 0 18 17 0 0 0 12 0 16 0 0 73 0 0 0 75 0 0 0 0 0 0 0 0 27 23 0 0 52 0 0 53 51 0 0 50 0 7 6 4 0 2 0 0 0 0 0 0 67 0 64 0 0 0 0 
0 0 0 0 46 51 52 0 49 64 0 0 68 0 0 0 0 72 0 0 40 44 43 37 38 0 41 0 0 0 23 20 0 0 25 0 0 0 6 0 7 3 0 0 0 30 29 31 0 0 0 0 28 33 61 55 0 62 0 56 63 59 57 16 0 13 0 11 18 0 12 0 0 81 76 0 0 0 74 75 0 
0 0 0 0 0 0 34 35 0 46 0 0 0 48 0 49 0 0 0 0 0 0 0 0 20 24 23 9 0 1 0 2 0 0 7 4 0 64 0 0 70 0 72 67 0 12 0 13 17 16 0 14 0 15 0 0 0 0 42 38 0 0 0 0 0 76 0 0 81 0 0 77 60 63 0 61 0 59 56 57 0 
0 5 0 0 0 6 7 0 4 0 25 26 0 0 20 0 0 0 0 75 0 80 0 73 0 78 0 63 0 0 59 56 0 0 0 0 0 37 0 0 0 39 45 0 44 66 0 0 0 0 0 68 0 69 16 0 0 0 0 11 0 14 0 0 51 0 46 0 0 53 0 0 0 36 0 0 28 0 0 0 0 
74 0 0 0 0 0 0 80 0 0 0 0 0 12 0 0 0 18 0 0 0 0 70 0 0 0 68 54 0 46 0 0 48 0 52 0 0 0 0 29 0 0 0 0 35 57 56 58 62 0 63 59 0 0 7 0 0 0 6 2 9 0 0 0 0 0 0 0 0 44 0 0 24 27 0 0 19 23 0 0 26 
0 14 12 0 0 0 16 17 0 28 0 35 32 0 0 0 0 0 0 0 4 0 0 1 0 0 5 0 71 64 0 0 66 69 70 67 50 46 0 0 0 0 0 49 0 75 74 0 80 0 81 0 0 78 25 0 22 0 24 0 0 23 0 0 0 0 55 0 0 0 0 0 0 0 0 43 0 0 38 39 0 
56 59 0 63 55 60 61 62 0 73 79 80 0 0 0 0 0 81 54 0 0 0 0 46 47 51 0 0 0 0 0 0 0 0 0 31 14 10 15 11 0 12 18 13 0 0 0 0 0 0 0 0 0 0 0 0 67 0 0 0 0 68 0 25 24 0 0 0 27 26 0 0 6 0 0 0 0 5 0 0 8 
50 53 51 0 49 0 55 0 0 67 0 0 71 0 68 0 0 0 0 0 43 47 0 40 0 45 0 0 0 0 0 23 24 0 0 0 0 4 0 0 10 6 12 7 11 33 0 0 0 37 39 35 0 0 0 0 0 0 0 0 0 0 0 0 18 0 13 14 0 20 0 17 81 0 0 1 0 80 77 78 0 
0 0 0 0 0 9 10 11 0 0 0 0 0 0 23 25 27 0 0 0 79 0 1 76 0 81 80 66 0 58 0 0 60 0 64 0 44 0 45 0 46 0 48 43 0 0 0 0 74 0 75 71 0 0 0 0 16 0 0 14 0 0 0 0 0 52 49 0 0 56 0 53 36 0 34 0 31 0 0 0 38 
0 0 0 0 0 0 0 20 0 31 0 38 0 0 0 0 36 39 0 0 0 0 0 4 0 0 8 75 74 0 71 68 69 0 73 0 0 0 54 0 0 0 57 0 0 0 77 0 0 0 0 0 76 0 0 0 0 0 0 23 0 0 0 0 63 61 58 0 66 65 0 0 0 48 0 46 0 0 0 0 0 
0 0 0 0 58 63 0 0 61 0 0 0 0 0 0 0 0 3 57 0 0 0 0 49 0 54 53 0 38 0 0 0 33 0 37 0 0 0 0 0 19 15 0 0 20 0 41 0 0 0 0 44 40 45 73 0 70 74 0 0 75 0 69 28 0 0 0 23 30 0 0 0 0 12 7 0 0 0 5 0 0 
0 0 69 0 0 0 0 0 70 0 0 0 8 6 0 0 9 0 0 0 61 65 0 0 59 0 62 48 0 0 0 41 0 45 0 0 0 22 0 23 28 0 0 0 29 0 0 0 0 0 0 53 0 54 0 0 0 0 81 77 0 80 0 37 0 0 31 32 0 0 33 35 0 21 0 0 0 17 0 0 20 
32 0 0 39 0 36 0 0 34 0 55 0 53 0 50 0 0 0 0 24 0 0 0 0 23 0 0 12 0 4 0 0 0 0 0 0 71 0 0 0 73 69 0 0 74 0 14 0 20 0 0 17 0 18 0 0 0 47 45 0 48 0 0 0 81 79 76 0 3 2 78 0 0 0 0 64 58 0 59 0 65 
41 0 0 48 0 45 0 0 0 0 64 0 0 60 59 0 63 0 0 0 34 38 0 0 0 36 0 0 20 13 0 0 0 0 0 16 80 76 0 77 1 0 0 0 0 24 0 0 29 28 0 0 0 27 55 0 52 0 0 0 0 0 51 0 9 7 0 0 0 11 6 8 0 0 70 73 67 0 0 0 74 
0 0 0 0 0 0 0 0 0 0 0 0 0 15 0 0 0 0 75 69 0 0 73 0 68 72 71 0 0 0 0 0 51 54 55 52 35 31 36 0 37 0 0 34 38 60 59 0 0 0 0 62 0 0 10 4 7 0 0 0 12 0 0 46 0 0 40 0 0 0 42 0 0 0 25 0 0 26 23 0 0 
0 0 0 0 22 27 0 29 25 40 0 0 0 0 41 0 0 0 21 15 0 0 19 13 14 0 17 3 0 0 0 77 0 0 1 0 62 0 63 0 0 0 0 61 0 0 0 0 0 10 12 8 4 0 0 31 34 38 0 0 0 0 0 0 0 0 67 0 75 74 0 71 54 57 0 0 49 53 0 0 56 
0 0 17 23 15 20 0 0 0 0 0 0 0 35 0 36 0 0 0 8 0 13 0 0 0 0 10 0 0 69 73 70 0 74 0 0 55 51 0 0 57 53 0 0 0 0 0 0 4 3 0 1 0 0 30 0 0 0 29 0 0 0 0 0 65 63 0 0 0 67 62 0 0 0 0 48 0 46 0 0 49 
0 0 0 0 78 2 3 0 0 0 0 22 19 0 16 0 20 0 0 0 0 76 0 69 70 0 0 0 0 0 55 0 0 0 57 0 0 0 0 34 39 35 41 0 0 62 61 0 67 66 68 0 60 0 12 0 0 13 0 0 14 0 8 48 0 0 0 0 0 0 0 0 0 0 27 0 24 28 0 0 0 
0 0 0 41 33 38 39 0 0 0 57 0 0 0 52 54 56 0 0 26 0 0 0 0 0 0 0 14 13 6 0 7 0 11 0 0 0 69 0 0 0 0 0 0 0 0 16 18 0 0 0 0 15 0 0 0 0 0 47 0 0 46 44 0 0 81 78 0 5 0 0 0 65 0 63 66 0 0 0 62 0 
0 0 53 59 0 56 0 58 54 69 0 76 0 0 0 72 0 0 50 44 0 0 0 0 43 0 46 32 0 0 0 0 0 0 30 27 10 0 11 7 12 0 0 0 0 35 0 0 0 0 0 0 0 0 0 0 63 0 65 0 0 64 0 0 0 18 15 0 0 0 0 0 2 5 0 0 78 1 0 0 0 
0 0 8 0 6 0 0 0 0 0 30 31 28 0 0 0 0 0 0 80 81 0 0 0 0 0 1 0 67 0 0 61 0 0 0 0 0 42 0 43 0 44 50 0 0 71 70 0 76 75 0 0 0 74 0 0 0 0 0 0 23 0 0 57 56 0 0 0 59 0 0 0 38 0 0 0 33 0 0 0 0 
43 0 44 0 0 0 48 0 0 0 0 67 0 0 61 63 65 0 0 35 36 40 0 0 0 38 0 23 22 15 0 0 0 0 21 0 1 0 0 0 0 0 5 81 0 0 0 0 31 30 0 0 0 29 0 51 0 58 0 52 59 0 0 12 0 0 6 7 14 13 8 10 74 77 0 0 0 0 0 0 0 
0 28 26 32 24 0 30 31 0 0 0 49 0 0 0 0 0 50 0 17 18 0 0 0 16 0 0 0 4 0 0 79 80 2 0 0 0 0 0 61 0 0 68 0 67 8 7 0 0 12 14 10 6 0 0 0 0 40 0 0 0 0 0 0 0 72 0 0 0 76 71 0 56 0 54 0 0 0 0 0 0 
0 0 71 0 0 0 75 76 72 0 0 13 0 8 7 0 11 14 0 0 63 67 66 60 0 65 0 0 49 0 0 0 0 0 0 45 0 0 29 0 0 0 0 27 0 0 0 0 0 0 59 0 51 0 0 0 0 0 2 79 5 1 0 0 0 0 0 34 0 0 35 37 0 23 18 21 15 19 0 0 22 
0 64 0 68 60 0 0 0 63 78 0 0 0 0 0 0 0 0 59 53 54 0 0 51 0 56 55 0 0 33 37 0 35 0 39 36 0 15 0 16 21 0 23 18 22 44 43 45 0 0 0 46 42 47 0 0 72 76 0 70 77 73 0 0 0 0 0 0 0 31 0 0 0 0 9 0 0 0 0 8 13 
54 0 55 0 0 58 0 60 0 0 0 0 0 73 0 74 76 0 52 0 0 0 0 0 0 49 0 0 0 0 0 27 0 0 32 29 0 0 0 0 14 10 0 0 15 37 36 0 42 41 0 0 0 40 68 0 0 0 0 63 0 0 64 0 22 0 0 18 25 0 19 0 0 7 0 5 80 0 0 0 6 
0 0 73 0 0 76 77 0 0 8 0 0 0 0 9 0 13 16 70 0 65 0 0 62 0 67 66 0 0 0 0 45 46 0 0 0 30 0 0 0 0 0 0 0 33 0 0 0 0 59 0 0 0 0 0 0 0 0 0 0 0 3 1 0 0 0 35 0 0 0 37 39 0 25 20 23 17 0 0 0 0 
27 0 0 0 26 31 0 0 0 0 0 51 0 0 0 0 49 0 0 19 20 0 23 17 0 0 21 0 6 80 0 0 1 4 0 2 0 0 67 0 0 0 0 65 0 0 0 11 15 0 0 12 0 0 0 0 38 0 0 0 43 39 37 0 76 0 0 0 0 0 73 75 58 61 0 0 53 0 54 0 60 
0 48 46 0 44 0 50 51 0 0 68 0 0 0 0 65 0 70 0 0 38 0 41 0 0 0 0 25 24 0 21 18 0 0 0 0 0 80 0 0 0 1 7 0 6 28 27 0 33 0 0 0 26 31 0 53 56 60 58 0 61 0 0 14 0 0 0 9 16 0 10 0 0 0 0 0 71 0 72 0 0 
18 0 0 25 0 22 0 0 20 0 0 42 0 0 0 38 0 43 16 0 11 15 0 8 0 0 12 0 78 0 0 0 73 76 0 74 0 53 58 0 59 55 61 0 0 0 81 0 0 0 0 3 0 4 32 26 0 0 0 0 0 0 0 0 0 65 0 63 0 0 64 0 49 0 0 50 0 48 0 0 0 
0 12 0 0 0 13 0 15 0 0 0 0 30 0 0 0 0 0 0 1 0 6 5 0 81 0 3 0 69 62 66 0 0 0 0 65 48 0 0 0 50 46 52 0 51 0 0 74 78 77 79 75 71 76 23 0 0 24 22 18 25 21 19 0 0 0 53 0 0 0 55 0 40 0 38 41 0 0 0 0 42 
36 0 0 0 0 40 41 42 0 53 0 0 0 55 0 56 0 0 0 0 0 0 0 0 27 31 0 16 0 8 12 0 0 0 14 11 75 71 76 0 77 73 0 0 78 0 0 0 24 23 0 0 0 22 50 0 0 51 0 45 0 0 0 0 0 0 0 81 7 6 1 0 67 0 65 0 62 66 0 64 0 
0 66 64 70 0 67 0 69 0 0 5 6 0 0 0 2 4 7 0 55 56 0 0 0 0 0 0 0 0 0 0 36 37 0 41 0 21 0 22 0 0 19 0 0 0 0 0 47 0 50 0 0 0 0 77 71 0 0 76 72 79 75 0 32 31 0 26 27 0 0 0 30 0 0 0 0 8 0 9 0 15 
0 0 0 7 80 4 0 6 2 17 0 0 0 19 0 20 0 0 79 0 0 0 0 71 72 0 0 61 60 0 0 54 0 0 59 0 0 0 40 0 0 0 0 38 0 64 0 65 0 68 0 66 0 67 14 0 11 0 0 0 0 0 0 0 0 0 44 45 0 51 46 48 31 0 0 32 0 0 0 0 0 
0 0 0 8 0 5 0 0 3 0 24 0 0 0 0 21 23 0 0 0 75 0 0 0 73 0 0 0 0 54 0 0 56 59 0 0 0 0 41 0 0 38 0 0 0 0 64 0 70 0 0 0 0 68 15 0 12 16 0 0 17 0 11 0 50 48 45 0 53 0 47 0 0 35 0 0 0 0 28 29 34 
10 0 11 0 0 0 0 0 12 0 0 34 31 29 28 0 0 0 0 2 3 0 0 0 0 0 0 71 70 63 67 0 0 0 0 0 0 45 0 0 51 47 0 0 0 74 0 0 0 78 0 0 0 0 0 0 21 0 0 0 0 0 20 0 0 0 0 0 0 0 56 58 41 44 39 42 0 0 0 38 0 
0 58 0 0 54 59 60 0 57 0 78 79 76 0 73 0 77 0 0 0 48 0 51 45 46 0 49 0 34 0 31 0 0 0 0 0 0 0 14 10 0 11 0 0 16 0 0 0 0 0 0 40 36 41 0 0 0 70 68 0 0 0 65 24 23 0 0 19 26 25 20 0 5 0 0 6 0 0 1 0 0 
0 0 0 0 18 0 0 0 0 0 0 0 40 0 0 39 0 0 0 0 0 16 0 9 10 14 13 80 0 0 76 73 74 77 0 75 58 54 0 55 0 0 62 0 0 0 1 0 0 0 0 4 81 5 0 27 0 34 32 0 0 0 0 0 0 66 63 64 71 0 0 0 0 0 0 0 45 49 0 0 0 
0 0 0 0 45 50 0 52 0 0 0 0 67 0 0 0 68 0 0 0 0 0 42 36 37 41 0 0 25 18 0 0 20 0 0 21 0 81 0 0 0 2 0 0 7 29 28 0 0 0 0 31 0 0 60 0 57 0 59 55 0 0 0 15 0 0 9 0 17 16 11 13 0 80 75 78 0 76 73 0 79 
0 67 0 0 63 0 0 70 0 0 0 0 4 2 1 0 0 0 62 0 0 61 60 0 55 59 58 44 43 36 40 37 0 0 0 39 22 0 0 0 24 20 0 21 0 0 0 48 52 0 0 0 45 0 0 72 0 0 77 0 0 0 74 0 32 30 0 0 0 0 0 0 0 17 12 15 9 13 0 11 16 
28 31 29 35 0 32 0 0 30 45 0 0 49 0 0 48 50 53 26 0 0 0 0 18 19 23 22 0 7 0 4 1 2 5 6 3 67 0 0 64 0 0 0 0 0 11 0 12 16 0 0 0 9 0 0 36 0 0 41 37 44 40 0 78 77 0 72 0 0 0 0 76 59 0 57 60 54 0 0 0 61 
73 76 74 0 0 0 0 0 75 0 0 0 0 11 10 12 0 17 0 0 66 0 0 0 0 0 67 0 0 45 0 0 0 0 0 0 31 0 0 28 33 29 35 0 0 0 0 57 0 0 0 0 0 0 0 81 0 7 5 0 0 0 2 0 0 0 0 37 0 0 38 40 0 0 0 0 0 0 0 20 0 
37 40 0 0 0 0 42 0 39 0 0 0 0 56 0 57 0 0 0 0 30 0 33 27 0 0 0 0 0 9 0 0 0 0 15 12 0 0 0 0 0 74 0 0 79 20 19 0 25 0 26 0 18 0 0 0 48 0 0 46 0 0 47 0 0 0 81 1 0 7 0 0 68 0 0 0 63 0 0 65 70 
0 43 0 0 39 0 0 0 0 57 0 64 0 0 0 0 0 65 0 32 0 0 36 0 0 35 0 20 19 12 16 0 14 0 18 0 0 75 80 0 0 77 2 0 0 0 0 24 0 0 0 0 21 26 0 0 0 0 0 49 56 0 0 9 0 6 0 0 11 10 0 0 0 74 0 0 0 70 67 0 73 
0 0 0 11 0 0 0 10 0 0 0 0 0 23 22 24 26 0 0 0 78 1 0 75 0 0 0 0 0 0 61 58 59 62 63 0 43 0 0 40 0 0 47 0 0 0 0 0 0 0 74 70 0 71 0 0 15 19 17 0 20 0 0 0 0 51 0 0 0 55 50 0 0 38 0 36 0 34 0 32 0 
0 0 14 0 0 0 18 0 0 30 36 0 34 0 0 0 35 38 0 0 0 0 0 3 4 0 0 74 0 0 0 0 0 71 72 69 52 0 53 0 0 0 56 0 55 0 0 0 1 0 0 0 0 80 27 0 0 0 26 22 29 0 23 0 62 0 0 58 0 0 0 61 0 0 42 45 0 43 0 41 0 
0 0 0 38 0 0 0 0 0 48 54 0 0 0 0 0 0 0 29 0 0 28 27 21 22 0 0 11 0 0 7 0 0 8 9 0 70 66 71 67 72 0 0 0 0 14 0 15 19 0 20 0 0 0 0 0 0 46 0 40 47 0 41 81 0 0 75 76 0 0 0 79 0 65 0 63 57 0 58 0 64 
67 0 0 0 66 0 72 0 69 3 0 0 7 5 0 0 0 11 0 0 60 64 0 57 0 0 0 0 46 39 43 0 41 44 0 0 25 0 26 0 27 0 29 0 0 50 0 0 0 54 56 0 48 53 0 75 0 0 80 76 2 79 0 36 35 0 0 0 0 37 0 34 0 20 0 0 0 16 0 14 0 
0 52 0 0 48 53 0 55 51 0 72 73 0 68 0 69 71 0 47 0 42 46 0 0 40 44 0 29 28 21 25 0 23 0 27 0 7 0 0 4 0 5 0 6 10 0 0 33 0 0 38 0 0 0 0 0 0 0 0 0 0 0 0 0 17 15 12 13 20 0 0 0 0 0 0 81 0 0 0 0 1 
0 0 0 65 0 0 63 0 0 75 0 1 79 0 0 0 80 2 0 0 0 0 54 0 0 0 0 0 37 0 0 0 32 35 0 0 0 0 0 0 18 0 0 15 0 41 0 0 46 0 0 0 39 0 0 0 0 73 71 67 0 0 0 0 0 24 21 22 0 28 23 0 8 0 0 9 0 0 0 0 10 
0 0 77 2 0 0 81 1 0 0 0 19 16 0 0 15 17 20 0 68 69 73 0 0 0 0 0 0 0 0 0 0 0 53 54 0 0 0 0 0 36 0 0 33 0 0 0 60 0 63 0 0 0 0 0 0 6 0 8 4 11 7 0 0 0 42 0 0 47 0 0 43 0 0 0 0 0 25 0 23 0 
0 25 23 29 21 26 0 0 0 0 45 0 43 0 0 0 0 47 20 14 0 19 0 0 0 17 0 2 0 0 0 0 77 80 81 78 61 0 0 58 0 0 0 0 0 5 4 0 0 0 0 0 3 8 0 0 33 0 0 31 38 34 32 72 71 0 0 0 0 0 0 70 0 0 0 0 0 52 0 50 0 
0 0 0 0 0 0 0 41 0 52 0 0 0 54 53 55 0 0 0 27 28 0 0 25 26 0 29 0 0 0 0 8 9 12 0 0 0 0 75 0 0 0 0 0 77 18 0 0 0 22 0 0 16 21 49 0 46 0 48 0 0 0 45 0 0 0 79 0 6 0 0 2 66 0 0 0 0 65 0 0 0 
0 65 63 0 61 66 67 68 0 0 0 5 2 0 0 0 0 6 0 0 55 0 0 0 53 0 56 0 41 34 38 35 36 39 0 0 20 0 0 0 22 0 24 19 0 45 0 0 50 0 0 47 0 0 76 0 73 77 0 0 0 0 72 0 30 0 25 0 33 32 27 29 0 0 0 13 7 0 0 9 0 
0 47 0 0 0 48 0 0 0 61 0 0 65 0 0 64 0 0 0 36 0 0 0 0 0 39 0 0 0 16 0 0 0 21 22 0 0 0 3 0 0 0 0 0 0 0 0 28 0 0 0 0 25 30 58 0 0 0 0 53 60 0 54 13 12 10 7 0 0 0 0 0 0 78 0 0 0 0 0 72 0 
0 0 27 0 0 0 31 32 0 0 49 0 47 45 44 0 48 51 0 0 0 0 0 0 17 21 0 0 0 79 2 80 0 3 0 1 0 0 0 62 67 63 0 0 68 0 0 10 14 0 0 0 0 12 0 0 0 41 39 35 0 0 0 0 75 73 70 0 0 0 0 0 57 60 55 0 0 56 53 0 0 
0 0 18 24 16 0 0 0 0 0 40 41 38 36 0 37 0 0 15 0 10 0 0 7 8 0 0 0 0 70 0 71 72 0 0 0 0 0 0 0 0 0 0 0 59 0 0 0 5 4 0 2 79 0 0 25 0 0 30 0 0 0 27 0 0 0 61 0 0 0 0 65 48 0 46 0 0 0 0 0 0 
0 74 0 0 0 75 0 0 0 0 0 0 0 9 0 0 12 15 69 0 0 0 67 0 62 0 65 0 0 43 47 44 45 0 49 46 29 0 0 0 0 0 0 0 0 0 0 55 0 0 60 0 0 0 4 79 0 5 0 0 6 0 81 0 0 37 0 0 0 41 0 0 21 24 0 22 0 20 17 0 0 
80 0 81 0 79 0 0 5 0 16 0 23 0 0 17 0 21 24 78 0 73 77 76 0 0 0 74 0 59 52 0 53 54 57 0 0 38 0 0 35 0 0 42 37 41 0 0 0 0 0 69 65 0 0 13 7 0 0 0 8 0 0 9 0 0 46 0 44 0 50 45 0 30 33 28 0 25 0 26 0 0 
0 0 0 15 0 0 13 14 0 0 0 0 0 0 0 28 30 0 0 0 0 0 4 79 0 0 0 0 0 0 0 0 0 66 0 64 0 0 0 0 0 0 0 0 0 72 0 73 0 0 0 0 70 75 0 0 19 0 0 0 0 0 0 58 57 0 0 53 0 0 0 56 39 0 37 0 0 38 0 0 41 
0 0 0 0 52 57 58 0 0 70 76 0 0 0 0 0 0 78 0 0 0 50 0 43 0 48 0 0 32 0 29 0 0 0 0 0 0 0 0 0 13 9 0 10 14 0 35 37 0 40 42 0 34 0 67 0 64 0 66 62 69 0 63 0 0 0 0 0 0 0 0 20 0 6 0 4 0 0 0 0 0 
24 0 0 0 0 28 0 0 26 41 0 0 0 43 42 44 46 0 0 16 0 0 0 0 0 0 0 4 0 0 81 0 79 0 0 80 0 59 0 0 65 61 0 62 66 0 0 8 0 0 13 9 0 0 0 0 0 39 0 0 0 36 0 0 0 71 0 69 76 0 0 0 0 58 53 0 0 54 0 0 57 
6 0 0 13 5 10 0 0 8 0 0 0 27 0 24 0 0 31 0 0 80 0 0 0 0 0 81 67 66 0 63 0 61 0 65 0 0 41 0 42 0 0 0 0 0 0 0 71 0 0 0 72 0 0 0 14 0 21 0 0 0 18 0 0 0 0 50 51 58 0 0 54 0 40 0 0 32 0 0 34 0 
0 0 0 0 0 19 0 0 17 32 38 0 0 0 0 0 37 0 13 0 8 12 0 0 6 0 9 0 75 0 0 0 0 73 74 71 54 50 55 0 0 52 0 0 0 0 0 80 3 0 4 81 77 1 0 23 26 0 0 0 31 0 0 0 64 0 0 0 67 0 0 0 0 49 44 0 0 0 0 0 0 
42 45 0 49 0 0 47 0 44 59 65 66 0 0 0 0 64 67 40 0 35 39 38 0 33 37 0 0 0 14 0 0 0 0 20 17 81 77 1 0 0 0 4 80 3 25 0 26 0 0 31 0 23 28 56 0 0 57 0 0 0 54 52 0 0 8 0 0 0 12 0 0 0 0 0 0 0 0 69 0 75 
51 54 0 0 0 0 56 57 0 0 0 0 72 70 69 71 73 76 49 0 0 0 0 0 0 46 45 31 30 23 27 0 0 28 0 0 0 0 0 6 11 0 0 0 0 0 0 0 39 38 0 36 0 0 0 0 62 66 0 0 67 0 61 20 0 0 14 0 0 0 0 0 1 4 0 0 77 0 0 0 0 
78 0 0 0 77 0 0 3 80 14 20 0 0 0 15 0 19 0 0 70 0 0 74 0 0 0 72 0 0 0 0 51 52 55 0 53 36 0 0 0 0 0 40 0 39 61 0 0 0 0 0 63 0 0 11 5 0 0 0 0 0 9 7 47 0 0 0 0 49 48 0 0 0 0 26 0 23 27 0 25 0 
60 0 61 0 0 0 65 0 62 77 2 0 0 79 0 0 1 0 58 0 53 57 56 0 51 0 0 0 39 0 0 33 0 0 0 0 0 0 0 15 0 0 0 0 0 0 0 0 48 47 0 0 41 0 0 0 71 75 73 0 76 0 0 29 0 0 23 0 0 0 25 0 10 13 0 0 5 9 0 0 0 
0 36 0 40 32 37 38 0 35 0 0 57 0 0 51 53 55 0 31 0 26 0 0 0 0 28 0 0 12 0 9 0 0 0 0 0 0 0 73 0 0 0 0 0 0 0 0 17 21 20 22 0 14 0 0 41 0 48 46 0 0 45 43 0 1 80 0 78 0 0 0 0 0 0 0 0 0 63 60 61 0 
69 0 0 0 0 0 0 75 71 0 11 0 9 7 6 8 10 0 0 0 62 66 0 0 0 0 63 49 0 0 0 42 43 0 0 0 27 23 0 0 0 25 0 26 0 52 51 53 0 56 58 54 0 55 0 0 0 3 0 0 0 0 0 0 37 35 32 0 0 0 34 0 0 0 0 20 14 0 15 16 0 
0 0 0 0 29 34 35 36 32 0 53 54 51 0 0 50 0 0 0 22 23 0 26 0 0 0 0 0 9 0 0 3 4 0 0 5 0 65 0 0 71 0 0 0 0 13 12 0 0 17 0 0 0 0 0 0 0 0 0 39 0 0 0 0 0 0 74 0 0 81 0 0 61 64 0 0 0 60 0 0 0 
48 0 0 0 0 52 53 54 50 0 0 72 0 0 66 68 70 0 0 0 41 0 0 38 39 0 0 0 27 0 24 21 22 25 26 0 0 2 7 0 0 0 0 0 9 0 0 32 36 0 0 0 29 34 0 56 0 63 61 0 0 60 0 17 0 14 0 12 19 18 0 0 0 0 0 0 0 0 75 0 81 
75 0 0 0 74 79 0 81 77 11 0 0 0 0 12 14 16 0 73 67 0 72 0 0 0 0 0 55 54 47 0 0 49 0 53 50 33 29 34 0 35 0 37 0 0 58 0 0 63 62 0 0 0 0 0 0 5 9 0 3 0 0 0 44 43 0 38 0 46 45 0 0 0 0 0 0 0 24 0 0 0 
0 0 0 73 0 0 71 0 0 2 8 0 6 4 0 0 7 10 64 0 59 0 62 56 0 61 0 46 0 38 0 39 0 43 44 41 24 0 0 0 26 0 0 23 0 49 0 50 0 53 55 0 47 0 80 0 0 81 0 0 0 0 0 35 34 0 0 30 37 36 0 0 16 0 0 0 11 0 12 0 0 
0 0 0 64 0 0 0 0 0 0 0 81 0 0 0 0 79 1 0 0 0 0 53 47 48 0 0 0 36 29 0 0 31 34 0 32 0 0 0 0 17 13 0 14 18 0 0 41 45 44 46 42 0 0 0 65 0 0 0 0 73 0 67 26 0 0 0 0 28 27 0 24 7 0 0 0 0 6 0 0 0 
0 6 0 0 2 7 0 0 5 20 26 27 0 22 0 0 0 0 0 0 77 0 0 0 75 79 0 64 63 56 0 0 0 0 0 59 42 38 0 0 0 0 0 0 0 0 66 0 72 71 0 69 0 70 0 0 0 0 0 12 19 15 0 0 0 0 47 0 55 0 0 0 34 37 0 0 29 0 0 31 0 
0 0 22 28 0 25 26 27 23 0 44 0 0 0 39 0 43 0 19 13 0 18 17 0 12 16 0 0 0 74 0 0 76 79 0 0 0 56 0 0 62 0 0 0 63 4 0 0 9 0 10 0 0 7 0 29 0 0 34 30 0 33 0 0 0 0 0 66 73 72 67 0 0 55 0 0 0 0 0 0 0 
0 0 40 0 0 0 0 45 41 0 62 0 0 58 0 59 0 64 37 0 0 36 0 0 0 0 33 19 0 0 15 12 13 0 17 0 78 0 0 75 0 0 0 77 0 22 0 23 0 0 0 24 0 0 0 0 50 0 0 0 55 0 0 0 0 5 0 3 0 9 0 0 0 0 68 71 0 69 0 0 72 
0 0 13 19 11 16 17 0 14 29 0 0 33 0 0 0 34 0 0 4 5 9 0 0 0 0 6 0 0 0 69 0 0 70 71 68 0 0 52 0 0 49 55 50 0 0 75 77 81 0 1 78 74 79 0 0 23 0 25 21 0 0 0 0 61 0 0 0 0 0 0 0 0 46 0 0 0 0 0 40 45 
