9
0 0 61 0 67 0 68 0 0 0 41 0 0 0 0 0 39 0 0 20 0 0 0 0 0 21 23 0 0 1 0 0 0 0 0 3 9 13 7 6 0 11 8 10 14 73 0 70 0 0 76 0 72 0 32 29 0 0 0 0 0 28 0 0 0 57 0 55 51 0 53 58 48 0 0 0 50 43 0 0 49 
37 36 34 39 40 35 0 0 0 7 0 0 13 0 0 8 0 0 0 74 73 72 0 70 0 75 77 0 0 0 0 0 52 58 0 0 63 0 61 60 0 65 0 0 68 0 0 0 0 0 0 0 45 50 0 0 80 81 3 79 0 0 0 27 32 30 29 28 24 25 26 0 0 0 0 0 23 16 0 0 0 
55 54 52 0 58 53 59 0 0 25 0 28 31 27 0 26 30 0 0 0 0 0 0 0 0 0 0 72 0 0 71 0 0 76 77 75 81 0 79 0 0 2 0 1 5 64 66 61 0 62 67 0 63 0 0 20 0 0 0 16 0 0 0 0 50 0 0 0 42 0 0 49 0 38 0 0 41 0 0 0 40 
0 0 0 30 31 26 32 29 24 0 0 0 4 0 0 80 0 0 67 0 64 63 0 61 62 0 68 0 0 0 0 42 43 0 50 0 54 58 0 0 57 56 53 55 59 0 0 0 38 0 40 0 0 0 0 74 0 72 0 0 0 73 0 0 0 21 0 0 0 16 0 0 0 0 0 0 0 0 0 0 13 
1 0 0 3 0 0 0 2 0 0 59 55 0 0 56 53 0 0 40 0 0 0 0 0 0 0 0 0 0 0 0 0 0 22 0 0 0 0 25 24 0 0 26 0 0 0 12 0 11 0 0 6 0 14 0 47 0 45 0 0 0 0 0 72 0 75 74 73 0 70 71 0 0 65 0 0 68 0 0 62 67 
0 0 7 0 13 0 0 0 0 61 68 0 0 63 65 62 0 0 49 47 46 0 42 43 0 0 0 27 0 0 26 0 0 31 0 30 36 0 0 0 0 38 0 37 41 0 0 0 20 0 0 0 0 23 59 0 53 54 0 52 0 55 0 81 0 0 2 1 0 79 0 0 75 74 0 0 0 0 69 0 0 
19 0 16 0 0 17 0 0 0 0 0 73 0 72 0 0 75 0 58 0 55 0 51 52 53 0 59 36 0 37 0 33 34 0 0 39 0 0 0 0 0 0 0 46 0 28 0 0 29 26 31 24 0 32 68 0 62 63 0 0 0 0 0 0 14 0 0 0 6 0 0 0 3 0 81 1 0 79 78 0 4 
0 0 43 48 49 0 50 0 42 0 23 19 22 0 0 0 0 0 0 2 0 0 0 79 0 3 5 0 65 0 62 60 0 0 0 0 0 0 0 0 0 74 71 0 77 55 0 0 0 0 0 51 0 0 14 11 0 0 12 7 0 10 0 0 41 39 0 0 0 34 0 0 0 29 0 0 0 25 24 26 0 
0 0 0 75 76 0 0 74 0 0 0 46 0 0 0 0 0 42 0 0 0 0 24 0 0 0 0 9 0 0 0 6 0 0 14 0 0 22 0 0 21 20 0 0 0 1 3 0 2 0 4 0 81 0 0 38 35 0 0 0 0 0 33 63 0 0 0 64 60 0 62 0 0 0 54 0 0 0 51 0 0 
54 0 0 0 0 52 0 55 50 24 0 0 30 26 0 0 0 0 0 0 0 8 0 6 7 0 0 0 0 0 0 0 69 0 0 74 0 0 78 0 2 1 0 0 0 0 0 0 0 61 66 0 0 0 22 19 0 17 20 0 0 0 14 0 49 47 0 45 0 42 0 0 0 0 0 36 0 33 0 0 0 
0 0 0 0 0 0 0 0 0 51 58 0 0 0 55 0 56 50 0 37 36 0 0 0 34 38 0 0 0 0 16 0 15 0 22 20 0 30 0 0 29 0 0 27 0 0 0 6 10 0 0 0 0 0 0 46 0 44 0 42 0 0 0 71 0 0 73 0 0 69 0 0 0 64 62 0 0 60 0 61 66 
0 0 69 74 0 0 0 0 0 0 0 45 48 44 46 0 0 0 0 0 0 0 0 0 25 0 31 0 0 0 0 0 0 0 0 11 17 21 0 0 20 19 16 0 0 81 0 0 1 79 0 77 80 0 40 37 0 35 38 33 0 0 32 0 0 0 64 0 0 0 0 0 0 55 0 0 58 51 50 0 0 
0 0 0 38 39 0 40 0 0 0 0 0 12 0 10 0 0 0 75 0 0 0 0 69 0 0 76 53 55 0 52 50 0 0 58 0 62 66 0 59 0 64 61 0 0 0 47 0 0 43 0 0 44 0 0 1 79 0 0 0 3 81 0 26 31 0 28 0 0 24 0 0 0 0 17 0 0 0 14 16 21 
0 0 0 65 0 61 0 0 0 0 40 0 0 35 0 34 0 0 21 19 0 0 14 0 16 0 0 0 1 0 0 77 0 3 0 0 8 0 0 0 0 0 7 0 13 0 74 0 73 70 0 68 71 0 31 0 0 0 0 24 0 0 0 53 0 0 55 0 0 51 0 57 47 0 0 0 49 0 0 0 0 
9 0 0 0 0 0 0 0 5 0 0 63 0 0 0 61 0 59 0 0 0 0 0 0 43 47 49 0 0 0 0 0 0 0 0 0 0 0 33 0 38 37 0 0 40 18 0 0 0 0 21 0 17 0 0 55 0 53 56 0 57 0 0 0 4 2 1 81 0 78 79 0 0 73 71 72 0 0 0 0 0 
0 0 0 0 30 25 0 0 0 78 0 0 0 80 0 79 0 77 0 0 0 62 0 0 61 65 67 0 46 0 0 41 42 0 49 47 53 57 0 0 0 0 0 54 0 36 0 0 37 0 39 0 35 0 0 0 0 0 74 69 75 72 68 0 22 20 19 18 0 15 0 21 11 0 8 9 0 6 5 7 0 
45 0 0 0 48 0 0 0 0 15 0 0 0 0 0 0 20 14 0 0 0 0 0 0 0 0 4 0 64 63 0 59 0 66 0 65 0 0 0 0 74 0 70 0 0 54 56 51 55 52 57 50 53 58 13 0 0 8 0 0 0 0 0 35 0 38 0 0 32 0 34 0 0 0 0 0 31 24 0 0 0 
0 17 0 0 0 16 0 19 0 0 76 72 75 0 0 0 0 68 0 0 0 53 50 0 0 0 58 35 37 0 34 0 33 0 40 0 44 0 0 0 47 0 0 0 0 27 29 0 28 0 30 23 0 0 67 0 61 0 0 60 0 63 0 0 0 0 0 0 0 0 0 12 0 1 80 81 0 0 77 0 0 
0 19 0 0 0 0 0 0 16 0 0 0 77 73 0 72 76 0 59 0 0 55 52 0 0 58 60 37 39 0 0 34 0 41 42 40 0 50 0 0 49 48 45 47 0 0 31 0 30 0 32 0 28 0 0 66 0 0 67 0 0 0 61 0 0 13 0 11 7 0 9 14 4 3 1 2 0 0 79 81 5 
29 0 0 0 0 0 0 0 0 80 6 2 0 1 3 0 4 0 0 66 0 0 0 0 0 0 0 0 48 47 0 43 0 0 0 0 55 0 53 0 0 57 54 0 60 0 0 0 0 0 41 0 0 0 0 0 0 0 76 0 77 0 70 0 0 0 21 20 0 0 0 23 0 12 0 0 0 0 7 0 14 
11 10 0 13 0 0 15 0 7 0 0 0 68 0 66 0 0 61 50 48 47 46 43 44 0 49 51 0 30 0 27 0 26 32 33 0 37 0 0 0 40 0 36 38 42 0 22 0 0 0 0 16 0 0 0 0 0 55 58 0 59 56 0 1 0 4 0 2 0 80 0 5 0 0 0 74 78 71 0 72 77 
65 0 0 0 0 0 0 66 61 35 0 38 41 37 39 36 0 0 0 21 0 0 0 0 0 0 0 1 3 2 0 0 0 5 0 0 0 14 0 0 13 12 9 11 0 74 0 71 0 0 77 0 0 78 0 0 27 28 31 0 32 29 0 55 60 58 0 56 52 53 54 59 0 0 46 47 0 0 0 0 50 
47 0 44 49 50 0 51 0 0 0 24 0 0 0 0 0 22 0 5 0 2 1 0 0 0 0 0 0 0 65 63 0 62 0 69 0 73 0 71 70 76 75 72 74 78 56 58 53 57 54 0 52 55 0 0 0 0 0 13 8 0 0 7 0 42 40 39 0 0 35 0 41 31 30 0 29 33 0 0 27 0 
38 37 0 40 41 0 0 0 0 0 15 0 14 0 0 9 0 7 77 0 74 73 0 71 72 0 78 55 57 56 0 0 53 0 0 0 0 0 62 0 0 0 0 0 69 47 49 44 0 0 50 0 0 0 6 3 0 1 0 0 5 0 0 28 33 0 30 0 0 0 0 0 0 21 19 0 0 0 16 0 0 
0 0 80 0 0 81 0 0 0 0 60 0 0 55 0 54 0 52 41 0 0 37 0 0 0 0 0 19 0 0 0 16 17 0 24 0 0 0 26 0 0 30 0 29 33 11 0 8 12 0 0 7 10 0 51 0 45 0 49 0 0 47 0 0 0 0 75 74 70 71 72 0 67 0 64 0 69 0 0 63 68 
74 0 71 0 0 72 0 0 0 0 51 0 50 0 0 45 49 0 0 0 0 0 0 0 0 0 33 0 0 11 0 0 0 0 0 0 0 0 17 0 22 0 18 0 24 0 0 0 0 0 5 0 1 0 0 0 36 0 0 0 41 38 34 0 0 0 0 65 61 0 0 68 0 57 0 56 60 53 0 54 0 
56 0 0 58 0 0 60 57 0 26 33 29 0 28 30 0 31 0 0 0 11 0 7 8 9 0 0 73 0 0 0 0 0 77 78 76 0 0 80 79 0 0 81 0 6 0 0 62 66 0 68 0 0 69 24 21 0 0 0 0 23 0 0 46 51 0 0 0 0 44 45 50 0 0 0 0 0 35 0 0 0 
0 0 0 8 0 0 0 7 2 0 0 0 0 0 61 58 0 56 0 0 42 0 38 39 0 0 0 23 25 0 22 20 0 0 0 26 0 36 30 29 0 0 31 0 0 0 17 0 0 0 0 0 0 19 55 52 49 50 0 48 54 0 0 0 0 80 0 0 0 75 0 81 0 70 68 69 0 0 0 67 0 
15 14 0 0 0 0 0 0 0 0 0 0 72 68 0 67 71 0 54 0 0 0 47 48 0 53 0 32 34 0 0 0 0 0 0 35 0 0 0 0 0 43 0 42 46 24 0 0 0 22 27 0 0 0 0 61 58 0 0 0 0 0 0 5 0 0 7 6 0 0 0 9 80 0 77 0 0 0 74 76 0 
0 0 0 0 0 0 0 0 0 0 19 0 18 0 0 0 0 11 0 79 78 0 0 75 0 0 1 0 61 60 58 56 0 63 64 62 68 0 66 0 0 0 67 69 0 0 0 0 0 0 54 0 50 0 0 0 4 0 0 3 0 6 0 0 0 0 0 0 0 0 31 36 0 0 0 24 28 0 20 0 0 
0 0 0 0 0 0 0 61 0 0 0 33 36 0 0 0 0 29 18 0 0 0 0 0 0 0 0 77 79 0 0 0 75 0 0 0 0 0 3 2 8 0 0 0 0 69 0 0 0 0 72 0 68 0 0 0 0 0 26 21 27 0 20 0 0 53 52 51 0 48 49 0 0 43 0 0 0 0 0 0 0 
0 32 30 0 0 0 0 0 0 0 10 6 9 0 0 0 0 0 0 70 0 0 0 0 0 0 73 0 0 51 0 0 48 0 0 0 59 63 57 0 62 61 0 0 64 0 0 0 0 40 0 0 0 0 1 79 0 77 80 75 0 78 74 23 28 0 25 0 0 0 0 0 0 0 14 0 19 12 0 13 0 
51 50 0 0 54 0 0 0 47 0 28 0 0 0 25 0 0 0 9 0 6 0 2 0 4 0 10 0 0 0 0 0 0 72 73 71 0 0 75 74 0 0 0 0 0 0 0 57 0 0 63 56 0 0 0 0 13 14 17 12 0 0 11 0 0 0 43 42 0 39 40 45 0 0 0 33 37 0 0 0 36 
24 23 21 26 0 0 28 0 20 0 0 0 81 0 0 76 80 74 63 61 0 0 56 57 0 0 64 0 43 0 0 0 0 0 46 0 50 0 0 0 0 52 49 51 0 0 35 30 0 31 0 29 32 37 0 70 0 0 71 0 0 0 65 0 19 0 16 15 11 0 0 18 0 0 5 0 10 3 0 0 0 
78 77 0 80 81 0 1 0 0 0 0 51 0 0 0 49 0 47 36 0 33 0 0 0 0 0 0 0 0 0 13 11 12 0 19 17 23 0 0 20 26 25 22 0 0 6 8 3 0 4 0 0 5 0 0 43 0 41 44 0 0 42 38 68 73 71 0 0 0 0 0 0 0 0 0 0 64 0 56 0 0 
0 0 66 0 72 0 73 70 0 39 0 0 0 0 43 0 0 38 27 0 0 0 0 0 22 0 0 0 0 6 4 0 3 9 0 8 0 0 0 0 0 0 13 15 0 0 0 75 0 0 0 0 0 0 0 0 0 0 35 30 0 33 29 0 64 62 0 60 56 57 0 0 0 52 0 51 0 0 0 0 0 
67 0 0 69 70 0 71 68 0 37 44 0 0 39 0 38 0 36 0 0 0 0 0 19 0 24 26 3 0 0 0 0 0 0 8 6 0 0 0 9 15 0 11 13 0 0 0 0 77 74 79 72 0 0 35 0 29 30 33 28 34 31 0 57 0 0 0 0 0 0 0 0 0 50 0 0 53 46 45 47 0 
0 0 0 0 34 0 0 0 0 0 8 0 0 0 5 0 0 81 0 68 67 0 63 64 0 0 0 0 0 49 47 0 0 52 0 0 0 61 55 0 0 0 56 58 0 0 42 37 41 0 0 0 39 0 0 77 0 0 0 73 79 76 72 21 0 0 0 0 0 0 20 0 0 0 12 13 17 0 9 11 16 
4 0 0 0 7 0 8 0 81 0 0 0 0 0 0 0 0 0 0 0 40 39 36 0 38 42 0 21 0 22 0 18 19 0 0 24 30 0 0 0 0 0 29 31 0 0 15 0 14 11 16 9 0 17 53 0 47 48 51 46 0 0 0 75 80 78 77 76 0 73 0 0 69 0 66 0 71 64 0 65 0 
0 0 0 0 0 47 0 0 45 0 26 0 25 0 23 0 24 0 0 0 0 3 0 1 2 6 0 66 68 67 0 63 0 0 0 0 0 79 0 72 0 0 74 76 80 0 0 0 0 0 0 54 0 62 0 14 0 0 15 0 16 13 0 0 0 42 41 40 0 37 38 0 0 32 30 0 0 0 27 29 34 
58 57 55 0 0 0 0 59 54 0 0 0 34 30 32 0 0 27 16 14 0 12 9 10 11 0 0 75 77 76 74 0 0 0 80 78 0 0 1 81 6 0 2 0 0 67 69 0 0 0 0 63 0 71 0 0 20 0 0 19 25 22 18 48 0 0 0 0 0 0 47 0 0 0 0 40 44 37 0 0 43 
0 0 0 42 43 38 0 41 0 10 0 13 16 12 0 0 0 9 79 0 0 75 0 73 0 0 0 57 59 0 0 0 55 0 0 0 0 0 0 63 69 68 65 0 0 49 51 46 0 0 0 45 0 0 8 5 2 3 6 0 0 0 81 30 0 33 0 31 0 28 0 34 0 23 21 0 26 0 0 0 0 
0 75 73 0 79 0 80 0 0 46 0 0 0 0 50 0 51 0 34 0 0 0 0 28 29 0 35 0 0 0 0 0 0 0 0 0 21 0 19 0 0 23 20 22 26 4 0 1 0 0 0 81 0 8 44 41 0 0 0 37 43 0 0 66 71 69 0 0 0 0 0 0 0 0 0 0 62 55 54 0 0 
0 0 19 0 25 0 26 23 0 73 0 76 79 75 0 0 78 72 0 0 58 0 0 0 0 60 62 0 41 40 38 0 37 0 0 0 0 0 46 0 0 50 0 0 0 0 0 0 32 29 0 27 0 0 0 68 0 66 0 0 70 0 0 0 17 0 14 0 9 0 0 0 6 0 0 0 0 0 0 2 0 
13 0 10 0 16 0 17 14 0 0 0 0 0 0 0 0 0 0 0 50 0 0 45 46 47 51 53 30 0 0 29 0 28 34 0 33 0 0 37 0 0 0 0 0 0 0 0 19 23 20 25 0 21 0 0 59 56 0 60 55 0 0 0 3 0 0 0 4 0 0 0 7 0 0 75 0 80 0 72 74 79 
0 0 22 27 28 23 0 26 0 76 2 79 0 78 80 77 0 75 0 62 61 0 57 0 59 0 0 0 44 43 0 0 40 46 0 0 51 55 49 48 54 0 50 0 56 0 0 0 35 0 37 30 33 38 74 71 0 0 0 0 0 70 66 0 0 18 0 16 0 0 0 0 9 8 6 0 0 4 0 5 10 
0 0 40 45 46 0 47 44 0 0 0 0 19 0 0 0 0 12 0 80 79 78 75 0 0 0 2 0 62 61 59 0 0 0 65 0 0 0 67 0 0 71 0 0 0 0 0 0 53 0 0 0 51 56 11 0 0 6 0 0 10 0 3 0 0 0 35 0 0 0 32 37 0 26 0 25 0 22 0 0 0 
0 0 67 72 73 0 0 71 0 40 47 43 0 0 44 41 0 0 0 26 25 0 0 0 0 0 29 0 8 7 0 3 0 0 0 0 0 19 0 0 18 0 0 0 0 0 81 76 0 0 1 75 0 0 38 35 0 33 0 31 0 34 0 0 65 0 62 0 0 0 0 64 0 53 0 0 56 0 0 50 0 
0 0 0 0 10 5 0 0 0 0 65 0 0 0 62 0 63 57 0 0 0 0 0 40 0 0 0 24 0 25 0 0 0 28 29 27 33 37 0 30 0 35 0 0 0 16 0 13 0 0 19 12 0 0 0 53 0 51 0 49 55 0 48 0 0 81 0 0 75 0 0 1 0 71 0 70 0 67 66 68 73 
52 0 49 54 55 50 56 0 48 0 29 25 28 0 26 23 0 0 10 0 0 0 3 4 5 0 0 0 0 70 68 0 67 0 74 0 0 0 0 0 0 0 0 79 2 0 0 0 0 59 0 57 0 0 0 0 14 0 0 0 19 16 0 42 47 45 0 43 39 0 0 0 0 0 33 34 38 0 0 0 0 
0 0 0 0 37 32 38 35 30 4 11 7 0 0 0 0 9 0 0 0 0 0 66 67 0 0 0 0 53 52 50 0 49 55 0 54 0 0 0 57 0 0 59 61 65 0 45 40 44 0 0 39 0 0 0 80 0 0 81 0 1 0 0 0 29 27 26 0 0 0 0 0 18 0 0 16 20 13 12 0 0 
0 0 0 18 0 0 0 17 12 0 0 0 73 0 71 0 72 66 0 0 52 0 0 49 0 54 56 0 35 0 0 0 0 37 38 36 0 46 40 0 45 44 41 0 47 0 0 22 0 23 0 0 0 0 65 0 59 60 0 0 64 0 0 6 0 0 8 7 3 4 0 10 81 80 0 0 2 76 75 0 1 
0 0 0 0 64 0 0 0 0 0 38 34 0 0 0 0 36 0 0 0 16 0 0 0 0 18 20 0 80 79 77 0 76 0 2 81 0 10 0 3 0 8 0 0 0 70 72 67 71 0 73 66 0 0 0 0 0 0 27 0 0 0 21 0 56 54 53 52 0 0 0 0 0 44 42 43 47 0 0 41 0 
79 0 0 0 0 0 0 80 0 49 56 0 55 51 53 50 0 48 37 35 0 0 0 0 0 36 0 15 17 0 0 12 13 19 20 0 0 28 0 0 0 0 23 0 29 7 0 0 8 5 0 0 0 11 47 0 41 0 0 0 0 43 0 0 0 72 71 0 66 0 68 73 0 0 0 61 0 0 0 59 0 
0 13 0 16 0 0 0 15 0 0 0 68 0 67 69 0 0 0 0 51 0 49 0 0 48 52 0 0 0 0 30 0 29 0 36 34 40 44 0 37 0 42 0 0 0 23 0 20 0 21 26 0 22 27 0 0 0 0 61 0 0 0 0 0 0 0 0 0 0 2 3 0 79 78 0 0 81 0 0 0 0 
59 0 0 61 0 57 0 60 0 0 0 32 0 31 33 0 34 0 17 0 0 13 0 11 12 0 0 76 78 77 0 73 0 0 81 0 0 0 0 0 7 0 0 0 0 0 0 0 0 0 0 0 0 0 27 24 0 22 0 0 26 0 0 0 0 0 0 50 46 0 0 53 0 0 40 0 0 0 37 0 44 
23 0 20 25 0 21 0 0 0 0 0 0 80 76 0 0 79 73 62 60 59 0 55 0 0 61 0 40 42 0 39 37 38 44 0 43 49 0 0 0 0 0 0 50 54 32 0 0 0 30 0 0 31 36 72 0 0 0 0 65 0 0 0 13 0 16 0 0 0 0 0 17 7 0 0 5 0 0 1 3 0 
0 0 74 0 80 75 81 0 0 0 54 0 0 0 0 48 52 0 35 33 32 0 28 29 0 0 0 0 0 14 12 0 11 0 18 0 0 26 20 19 0 24 0 0 27 0 7 2 6 0 8 1 4 0 45 0 0 0 43 0 44 41 0 0 0 0 69 0 64 0 0 0 61 0 58 0 0 56 0 57 0 
32 0 0 0 0 30 36 33 0 2 0 5 0 4 0 3 0 1 0 0 68 67 0 65 0 0 0 49 51 50 0 46 47 53 54 52 0 0 0 0 0 0 57 0 0 0 0 0 0 0 0 0 0 0 0 0 75 76 79 0 0 0 0 22 27 0 0 0 19 0 21 0 16 0 0 0 18 0 0 0 0 
0 40 38 0 0 39 0 0 0 11 18 14 0 0 15 0 0 10 0 0 0 0 0 0 0 79 81 0 0 59 57 0 56 0 63 61 67 71 0 0 0 0 0 0 0 50 0 0 51 0 53 46 0 0 0 0 3 0 7 0 0 0 1 31 0 0 33 32 0 0 30 0 0 0 22 23 27 20 19 0 26 
0 0 0 7 0 0 0 0 0 0 63 59 62 0 60 0 0 55 0 42 0 0 0 38 0 0 0 22 0 23 0 0 0 0 0 0 0 0 0 0 34 0 30 32 0 14 16 0 0 0 17 0 0 0 0 0 0 0 0 0 53 50 0 0 81 79 78 77 0 74 0 0 70 69 67 68 0 0 0 66 0 
0 49 0 0 53 0 0 0 0 0 0 0 26 22 0 0 25 19 0 6 0 0 0 2 3 7 9 0 0 0 66 64 65 71 0 0 76 80 0 0 0 0 0 0 0 59 0 56 0 57 0 0 0 0 18 0 0 0 0 0 0 0 10 0 0 43 0 41 0 0 39 0 0 0 0 32 0 29 28 0 0 
68 0 65 0 71 0 72 69 64 0 0 0 44 0 0 0 0 0 26 24 23 0 0 20 21 25 27 4 0 0 3 0 0 0 9 7 0 0 0 0 0 0 0 14 18 77 0 0 78 75 80 73 0 81 36 0 0 31 34 0 0 32 0 58 63 0 0 0 55 0 0 0 52 51 49 0 0 0 0 0 0 
75 0 0 0 0 0 0 0 0 0 52 48 51 47 0 0 50 44 33 31 30 0 0 27 0 32 34 0 13 12 0 0 0 0 16 0 20 24 18 0 23 0 19 0 0 0 0 0 4 0 0 0 0 7 0 0 37 38 0 0 42 39 35 0 70 0 67 66 0 0 0 69 59 0 0 0 0 0 0 0 0 
0 0 9 14 15 0 0 0 0 63 0 66 0 65 67 0 68 62 0 0 0 0 0 0 0 0 0 0 0 0 28 0 27 0 34 0 0 42 0 35 41 0 37 39 0 21 0 0 0 0 0 17 20 0 0 0 55 0 0 54 0 0 53 2 7 5 4 0 80 0 0 0 0 76 0 0 79 0 0 73 78 
48 0 45 50 0 0 52 49 0 0 0 21 24 20 22 0 0 17 0 0 3 0 0 0 0 0 0 65 67 66 0 0 63 0 0 68 0 0 72 71 0 0 73 0 79 0 0 0 58 55 0 0 0 0 0 0 10 11 0 0 0 0 8 0 0 41 40 0 35 0 37 0 0 31 29 0 0 0 26 0 0 
57 0 54 0 60 55 0 0 0 0 0 30 0 0 31 0 32 0 15 13 12 11 0 0 0 0 0 0 76 75 0 0 72 78 0 0 0 0 81 0 5 0 0 0 0 0 0 0 0 0 0 62 0 70 0 0 0 20 0 0 0 21 0 0 0 0 0 0 0 45 0 51 41 0 38 39 0 36 35 0 0 
0 38 36 41 0 0 0 0 0 0 0 12 0 11 13 0 0 0 0 0 75 0 0 0 0 77 79 0 0 0 0 0 0 60 0 0 65 0 63 62 68 0 64 0 0 0 50 45 49 0 0 0 47 0 0 4 0 0 0 81 6 3 80 0 0 0 31 0 26 0 0 33 0 0 0 0 0 18 17 19 0 
0 0 63 0 0 64 0 0 0 36 43 0 42 0 0 0 41 35 24 0 0 0 17 0 19 0 0 0 0 0 1 0 0 0 7 0 11 0 0 0 0 0 0 12 16 0 0 72 0 73 78 0 0 0 0 0 0 0 0 27 0 0 26 0 61 59 0 0 0 0 55 60 0 0 47 0 0 45 44 46 0 
0 20 0 23 24 0 0 0 17 72 79 75 0 74 0 73 77 0 0 0 0 0 0 0 0 0 0 0 40 0 37 0 36 0 43 0 0 51 45 0 0 0 46 48 0 0 32 27 0 0 0 0 29 34 0 67 64 0 68 0 69 0 0 0 16 14 0 0 8 0 10 15 5 4 0 3 0 0 80 1 6 
30 29 27 0 33 0 34 0 26 0 0 0 0 0 0 0 0 80 0 0 0 0 62 0 0 68 0 0 49 48 46 44 0 0 52 0 0 0 54 53 0 0 0 0 0 39 0 0 0 0 0 0 0 43 79 76 0 74 0 72 78 0 0 0 25 23 22 0 17 0 0 24 0 0 0 0 0 0 0 0 0 
0 0 81 0 0 1 0 4 0 54 61 57 0 0 0 55 0 0 0 0 0 38 35 36 37 41 0 0 0 21 0 17 0 0 0 0 29 33 0 26 32 0 28 0 34 12 0 0 13 0 0 0 11 16 52 0 46 47 0 45 51 0 44 74 0 0 0 0 0 72 0 0 0 0 0 0 0 0 0 0 69 
80 0 0 0 0 0 0 81 0 0 0 53 0 0 0 51 0 0 0 36 0 0 0 32 0 37 0 0 0 0 0 0 0 20 21 0 25 0 23 0 28 0 0 0 0 8 0 0 0 0 11 4 0 12 0 0 0 0 46 41 47 44 0 0 0 0 0 0 67 0 69 0 0 63 0 0 0 0 58 0 65 
0 43 0 0 0 0 48 0 0 14 0 0 20 0 0 15 19 0 2 0 0 0 0 0 78 1 3 0 0 0 0 58 0 65 0 0 0 74 0 67 0 72 0 71 75 0 0 0 54 0 56 0 0 0 0 9 6 0 10 5 0 8 0 34 39 37 36 35 31 32 33 0 0 27 0 0 0 23 22 0 0 
0 16 0 19 0 0 0 0 13 0 75 0 74 0 0 0 73 67 0 0 0 0 0 50 0 55 57 34 36 0 33 0 32 0 0 37 0 0 0 0 0 45 0 44 0 0 0 0 0 0 0 22 0 0 66 0 60 61 64 0 65 0 58 0 12 0 9 0 4 0 6 0 0 81 79 0 3 77 0 78 2 
0 0 0 64 0 60 66 63 58 0 39 0 38 0 0 33 0 31 20 18 0 16 0 14 15 0 0 79 0 0 0 0 77 0 3 0 0 0 5 0 10 0 6 8 0 0 0 68 72 0 74 0 70 0 30 0 24 0 28 23 29 26 22 0 0 0 0 0 0 0 0 0 0 0 43 0 0 41 40 42 0 
0 0 50 0 56 51 57 54 49 23 0 0 0 25 0 0 0 0 11 0 0 0 0 0 0 0 0 70 0 0 69 0 0 0 0 73 79 0 0 76 0 0 78 0 0 62 0 0 0 60 0 58 0 66 0 0 0 0 0 0 20 17 13 43 0 46 0 44 40 0 0 47 0 0 0 35 0 0 0 0 38 
0 0 0 0 74 69 0 0 0 0 0 0 47 0 0 0 0 0 29 0 26 25 0 0 0 28 0 7 0 0 0 4 5 11 0 0 0 0 14 13 0 0 15 17 0 0 1 77 81 0 0 0 0 0 39 36 0 0 0 0 0 0 0 0 0 64 0 62 58 0 60 65 0 0 52 53 0 50 49 51 56 
35 0 0 0 0 0 0 36 0 5 0 0 11 7 0 6 10 0 0 0 0 0 0 0 0 0 75 0 54 53 0 49 0 56 57 0 0 0 59 0 64 0 60 0 0 44 0 0 0 0 47 40 0 0 3 0 0 0 0 0 2 0 76 0 0 0 0 26 22 0 24 29 0 18 0 0 0 0 0 15 20 
0 0 0 28 29 0 30 0 22 0 3 80 0 0 81 78 0 0 65 0 0 0 0 0 60 64 66 43 0 44 0 0 0 0 0 0 52 0 0 49 55 54 0 53 0 0 0 0 36 0 38 0 34 39 75 72 69 0 0 68 74 0 0 0 21 19 0 0 13 0 15 20 0 9 0 0 0 0 4 6 0 
0 0 0 0 11 0 0 0 4 0 66 62 0 0 0 60 64 0 47 0 44 43 40 0 0 46 0 0 27 0 24 22 23 0 0 0 0 38 0 0 0 0 0 0 0 0 0 0 18 15 0 13 0 21 57 0 0 0 55 50 0 0 0 79 0 1 0 0 76 77 0 0 73 0 0 0 75 68 67 0 0 
