9
0 0 0 63 0 67 0 62 0 36 0 39 33 0 35 0 38 37 0 0 42 48 49 45 47 0 0 76 70 0 0 72 0 0 73 0 0 0 14 0 0 16 0 0 0 58 57 0 0 53 56 52 0 0 0 0 0 0 0 0 0 0 12 27 0 28 26 0 0 31 30 29 0 78 2 0 0 0 0 0 0 
0 0 0 0 46 49 0 0 0 0 0 21 0 16 0 22 0 0 0 0 0 0 0 27 0 0 0 0 0 0 0 0 0 0 0 53 0 0 0 0 0 0 81 0 0 40 39 0 0 35 38 34 0 0 70 0 0 0 74 73 72 71 0 9 0 0 8 5 0 13 12 0 0 60 65 67 66 0 59 63 0 
0 29 23 27 28 31 0 26 30 0 77 3 78 0 0 0 2 0 0 0 0 12 13 9 11 0 0 0 0 38 33 36 0 0 0 35 0 0 0 0 0 0 0 65 0 0 0 18 0 0 20 0 0 14 0 50 58 0 0 55 0 0 0 0 0 0 0 68 0 76 0 0 44 0 0 49 48 43 0 0 0 
0 56 50 0 55 58 0 0 0 0 0 0 0 0 0 31 29 0 34 0 0 39 0 0 0 37 0 0 0 65 0 0 66 0 0 0 0 0 5 0 0 7 0 11 8 0 0 0 0 0 47 0 0 0 79 0 0 0 0 0 81 0 0 0 0 0 0 14 15 0 21 20 71 69 0 76 75 70 68 0 73 
69 0 68 72 0 0 70 0 0 45 41 48 0 0 0 49 47 0 0 0 51 0 0 0 56 0 0 0 79 2 0 0 0 77 0 80 28 31 23 24 30 0 0 0 0 67 0 0 0 0 65 0 0 59 0 14 22 0 20 19 18 17 0 0 0 0 0 0 0 0 0 38 0 6 0 0 12 0 0 9 10 
0 0 0 0 1 4 0 80 3 0 50 0 51 0 0 58 56 0 0 59 0 0 0 63 0 64 0 0 7 11 0 0 12 0 0 0 37 0 32 33 39 34 36 38 35 76 0 72 69 71 0 0 0 0 0 23 0 0 29 0 27 0 0 0 43 46 44 41 0 49 0 0 0 15 0 0 21 0 0 18 0 
33 38 0 0 0 40 34 35 0 0 0 0 6 7 0 0 0 0 0 0 15 0 22 18 0 19 17 49 0 47 0 0 48 0 0 44 73 0 0 69 0 0 72 74 0 0 30 0 24 0 0 0 0 23 61 0 0 0 65 64 63 0 0 81 0 0 80 0 78 0 3 0 53 51 0 58 0 0 0 54 55 
0 0 0 0 0 0 0 0 12 63 0 0 60 0 0 0 0 0 70 68 69 75 0 0 74 0 0 22 16 0 15 0 0 14 0 0 46 0 0 42 48 43 0 0 0 4 3 0 0 0 0 0 1 77 0 0 0 0 0 0 0 0 0 54 0 55 0 50 0 0 0 0 0 24 0 0 0 25 23 0 28 
0 0 14 0 0 0 0 0 21 0 0 75 0 70 71 76 0 0 79 77 78 3 0 81 0 0 80 31 25 0 24 0 0 0 28 26 55 0 0 0 0 0 0 56 0 0 0 9 0 8 11 0 10 0 43 0 0 0 47 0 45 44 0 63 61 64 0 0 0 0 0 0 35 0 38 40 0 0 0 36 37 
0 0 0 0 0 52 46 0 51 0 17 0 0 19 0 25 23 0 0 26 0 0 0 0 32 0 0 0 0 59 0 57 60 0 0 0 4 7 0 81 0 0 0 0 2 43 0 0 0 0 0 0 0 35 73 0 79 0 77 0 75 0 78 12 0 13 0 8 9 0 0 14 0 0 0 70 0 0 62 0 0 
36 41 0 39 0 0 0 38 0 12 0 0 9 10 0 16 0 0 19 0 18 0 0 0 23 0 20 0 0 50 45 0 51 0 49 0 76 0 0 0 0 0 0 77 74 34 33 30 0 29 32 28 31 0 64 0 0 63 0 67 66 0 69 3 1 4 0 80 81 7 0 0 0 0 0 0 0 0 53 57 58 
54 0 0 0 0 0 55 0 0 0 0 0 27 0 0 34 0 0 0 0 0 42 0 0 0 0 38 70 64 68 0 0 69 0 67 0 0 0 8 9 15 10 0 14 11 52 0 48 0 0 50 46 0 44 1 0 0 0 0 4 0 2 0 0 0 0 0 0 0 0 24 0 0 0 0 0 0 0 71 75 76 
27 0 26 0 0 0 28 0 0 3 80 0 0 0 2 7 0 0 0 0 9 15 16 0 0 13 0 0 37 41 36 0 0 0 40 0 0 70 62 63 69 64 66 68 0 0 24 21 0 0 0 0 22 0 0 0 61 0 0 58 0 56 0 0 0 0 0 71 72 0 0 77 47 45 0 0 51 46 0 0 0 
72 0 0 0 0 79 73 0 0 0 0 0 0 46 47 0 0 49 55 53 0 0 0 0 59 0 0 7 1 0 0 0 6 80 4 0 0 0 0 27 33 0 30 0 29 0 69 66 0 65 0 64 0 0 19 17 0 0 0 22 21 0 24 0 0 40 0 0 0 43 42 0 0 0 0 16 0 0 8 0 0 
0 0 8 0 0 0 10 0 15 66 0 0 63 64 0 0 0 67 73 0 0 0 0 75 0 76 74 0 0 0 0 0 0 0 0 20 49 52 44 0 51 0 48 50 0 0 0 0 0 0 0 1 4 0 37 35 43 36 41 40 0 38 0 57 0 0 0 53 0 0 0 0 29 27 32 0 0 28 0 0 0 
0 5 0 0 0 0 1 2 6 0 53 0 54 0 56 61 59 0 64 0 0 69 0 66 0 67 65 16 10 0 9 0 15 0 13 0 40 43 0 36 0 0 0 41 38 0 0 75 0 0 77 73 76 71 0 26 34 0 0 31 0 29 33 0 46 0 0 44 0 52 51 0 0 0 23 0 24 0 0 0 0 
0 0 0 21 0 0 19 0 24 0 0 0 72 73 0 79 0 0 0 0 0 0 0 3 0 0 0 34 28 0 0 30 0 0 0 0 0 0 53 0 60 0 0 59 56 0 0 0 0 0 14 10 0 0 46 0 0 45 50 0 48 0 51 66 64 67 0 0 0 70 69 68 0 36 41 0 0 0 0 0 40 
0 0 0 0 67 0 64 65 0 0 35 0 0 37 38 0 0 0 46 0 0 51 52 0 50 49 47 0 0 0 0 0 0 71 0 0 22 25 17 18 0 0 21 23 20 0 0 0 0 0 59 55 0 0 0 0 0 0 14 0 0 0 15 0 28 0 29 26 0 34 33 0 0 81 0 0 0 1 80 3 0 
48 53 47 0 52 55 49 0 0 0 0 27 21 0 23 0 0 25 0 29 0 0 0 0 0 0 32 64 58 62 0 0 0 0 0 0 7 0 0 0 9 0 0 8 0 0 0 0 39 0 0 40 0 0 0 0 1 75 80 79 0 0 0 0 13 0 0 0 0 19 0 17 0 0 0 0 72 0 65 69 0 
3 0 0 0 7 0 0 0 0 0 56 63 57 0 0 0 0 0 0 0 0 0 0 0 0 0 68 0 0 0 0 15 18 0 16 14 0 46 0 0 0 0 0 0 41 0 81 0 0 77 0 0 0 0 0 0 37 30 0 0 0 32 0 51 0 52 0 0 48 0 0 53 0 0 0 0 27 22 0 0 25 
0 0 65 69 0 73 67 0 0 0 0 45 39 40 41 0 0 43 49 0 48 54 55 0 0 52 0 1 0 80 0 0 81 0 0 77 25 0 20 0 27 0 0 0 0 0 63 60 57 0 0 58 0 0 0 11 0 0 0 0 0 0 18 0 31 0 32 0 0 0 0 35 0 0 8 10 9 0 0 0 0 
0 0 0 0 0 0 0 23 0 0 0 0 75 76 77 0 0 0 0 0 0 0 0 6 0 0 0 37 0 35 0 0 36 0 0 0 61 64 0 57 63 0 0 0 59 0 0 15 0 14 0 0 16 11 0 47 55 0 53 52 51 50 54 0 0 0 0 0 0 73 72 71 0 0 44 0 0 0 38 42 0 
0 17 0 0 0 19 13 0 0 0 65 0 0 0 0 0 0 0 76 0 75 81 1 78 0 0 0 28 0 26 21 0 0 0 0 0 52 0 0 0 54 49 0 0 0 10 0 0 0 0 0 0 0 2 40 38 0 39 44 0 42 41 0 0 0 0 0 0 0 64 0 62 0 30 0 37 36 31 0 0 34 
39 0 0 42 43 46 40 0 45 0 0 0 0 0 0 0 17 0 22 0 21 0 0 24 26 25 0 55 0 53 0 0 0 47 52 0 0 1 0 0 81 76 78 0 0 0 0 0 0 0 0 31 0 0 0 0 73 0 71 0 0 0 0 0 4 7 0 2 3 0 9 0 0 0 62 64 0 58 0 60 61 
57 0 0 60 61 64 0 0 0 0 0 0 30 0 0 0 0 0 0 0 39 45 0 42 44 0 41 73 0 0 0 0 0 0 0 68 16 0 0 0 18 0 15 0 14 55 0 0 0 50 0 0 0 0 0 0 0 3 8 0 6 0 9 24 0 25 23 0 0 0 27 26 0 0 0 0 0 76 74 0 79 
0 0 29 0 0 37 31 0 36 0 0 0 3 4 5 10 8 0 13 0 0 18 19 15 0 16 0 0 0 0 39 0 0 38 0 41 0 73 0 0 0 0 0 0 0 28 0 0 0 0 26 0 0 0 0 0 64 0 0 0 0 0 63 0 0 79 0 0 0 1 0 80 50 48 0 0 54 0 47 0 52 
0 0 74 0 79 1 0 77 0 0 47 0 0 49 0 55 0 52 0 0 0 0 64 0 0 0 59 0 4 0 3 0 9 0 0 0 34 0 0 30 36 31 33 0 0 73 0 0 0 0 71 0 70 65 0 0 28 0 26 0 24 0 0 0 40 43 41 0 39 0 45 0 14 12 17 0 18 0 11 0 16 
11 0 10 14 15 18 0 0 0 0 64 71 65 0 67 0 0 69 0 73 0 0 81 0 0 0 0 27 0 25 0 0 0 19 0 22 0 54 0 47 0 0 0 52 0 0 8 5 0 4 0 0 0 1 0 37 0 38 0 0 0 0 0 59 57 0 0 55 0 63 62 0 31 0 0 0 35 30 0 32 33 
0 43 0 0 0 0 0 0 0 14 0 17 11 0 0 0 16 15 21 0 0 26 0 0 0 0 0 0 0 0 0 50 0 0 51 0 0 0 0 0 0 0 77 79 0 0 35 32 29 0 34 30 33 28 66 0 72 0 0 0 0 0 0 0 0 0 4 0 0 0 0 7 0 0 0 0 62 57 55 59 0 
0 25 0 0 0 0 0 0 0 0 73 80 74 0 76 81 79 0 3 1 0 8 9 5 7 0 4 0 30 0 0 0 35 28 0 0 60 63 55 0 0 0 0 0 0 18 0 14 0 0 0 12 15 10 48 0 54 47 0 0 50 49 53 0 0 69 67 0 0 0 71 0 40 0 0 45 0 0 0 0 42 
2 0 1 0 0 0 0 0 8 0 55 62 0 0 0 0 0 0 66 0 65 0 72 0 0 69 0 18 12 16 11 14 17 0 15 0 0 0 37 38 0 0 0 43 40 0 0 0 0 76 79 0 78 0 30 0 36 29 0 0 0 0 0 50 0 51 0 0 47 0 0 0 0 0 0 0 0 0 19 0 24 
29 0 0 0 33 0 0 31 0 0 0 8 0 3 0 9 0 6 0 0 11 17 0 0 0 15 0 0 0 43 0 41 0 37 0 40 69 0 0 0 0 0 68 70 0 27 0 0 20 22 0 0 0 19 57 55 0 56 0 0 59 58 62 77 0 0 76 73 74 81 0 0 49 47 52 54 0 0 0 0 0 
0 0 73 77 0 81 0 0 80 0 0 0 47 0 0 0 0 0 0 0 0 0 0 59 0 0 58 0 0 0 0 5 8 0 6 0 0 0 0 0 35 0 0 0 31 72 71 68 65 0 0 0 0 0 21 0 0 0 0 24 23 0 0 0 0 0 40 37 38 0 0 43 0 11 16 18 0 0 0 0 0 
47 52 46 0 0 0 0 49 53 0 19 0 0 21 0 0 0 0 0 28 29 35 0 32 34 33 0 0 0 61 0 0 62 0 0 58 0 0 0 0 0 0 0 0 0 45 44 0 38 0 43 39 0 0 0 0 0 0 79 0 0 76 80 0 0 0 13 10 0 0 17 16 67 0 0 72 0 66 64 0 69 
0 70 0 68 0 0 0 67 71 0 37 0 0 39 40 45 43 42 48 0 0 53 54 0 0 0 0 0 0 79 74 77 0 0 78 76 0 0 19 0 26 21 0 0 0 63 0 0 0 0 61 0 0 55 0 0 0 11 16 0 0 13 0 0 0 0 0 28 0 0 0 34 0 0 0 0 0 0 1 0 0 
0 61 0 0 0 0 0 0 0 32 0 0 29 30 31 36 34 0 39 37 0 44 45 0 0 42 40 72 0 70 65 68 71 0 69 67 15 0 0 11 0 12 0 16 13 0 53 50 0 49 0 0 51 0 3 0 0 2 0 0 0 4 8 0 0 0 0 19 20 27 0 0 0 0 79 0 0 0 0 0 78 
8 0 0 11 12 15 9 10 0 0 61 0 0 63 0 0 67 66 72 0 0 0 0 74 0 75 73 0 0 0 0 0 0 0 21 19 0 0 43 0 0 0 47 49 0 0 0 0 0 0 0 0 0 0 0 34 0 0 0 0 0 0 0 0 0 57 0 52 53 0 0 58 28 0 0 33 32 0 25 0 0 
0 67 61 65 66 0 63 0 0 0 0 0 0 0 0 42 0 0 45 0 0 0 0 0 0 48 0 78 72 76 0 74 0 0 75 0 21 24 0 0 0 0 0 22 19 0 0 56 0 0 0 54 0 0 0 0 0 0 0 12 0 10 0 0 0 0 0 0 0 33 32 31 0 80 0 0 5 81 0 0 0 
0 58 0 56 0 0 54 0 0 0 0 32 0 0 0 33 31 0 36 0 0 41 0 0 0 39 37 0 0 0 0 65 0 61 66 64 0 15 7 0 14 0 11 13 0 0 0 0 44 46 0 45 48 0 81 0 6 0 0 0 0 1 5 0 18 21 0 0 0 0 23 0 0 0 0 0 0 72 0 0 75 
0 49 43 0 48 0 45 0 0 20 0 0 0 0 0 0 22 21 27 0 26 0 0 0 31 30 28 60 54 0 0 0 0 52 0 0 0 0 0 80 5 81 2 0 0 0 0 0 35 37 0 36 39 0 0 0 0 71 0 75 0 0 0 11 9 0 10 0 8 15 14 13 64 0 67 69 0 63 0 65 0 
80 4 0 0 0 0 81 0 5 0 52 0 53 54 0 0 0 0 63 0 0 0 69 0 0 66 0 0 9 13 8 0 14 7 0 10 0 42 0 0 41 36 38 0 37 0 0 74 71 0 0 0 75 0 27 0 33 0 0 0 0 0 0 0 0 0 46 0 0 51 50 0 0 0 22 24 23 18 16 0 0 
71 0 0 0 0 0 0 0 0 0 43 0 0 0 0 0 0 48 0 52 0 59 60 0 58 0 0 0 81 4 0 0 0 0 0 1 30 33 0 26 0 0 0 31 0 69 0 65 0 0 0 63 66 0 0 16 0 0 0 21 0 0 23 0 0 0 37 0 35 0 0 0 0 8 13 15 14 0 7 0 12 
0 0 34 0 39 42 0 37 41 0 7 0 0 0 0 15 13 0 18 16 17 0 0 0 0 0 19 0 45 0 44 47 50 43 48 46 75 78 0 0 0 0 0 0 0 33 32 0 26 0 0 27 0 0 0 0 0 0 0 0 0 0 68 2 81 3 0 79 0 6 5 0 0 0 58 60 59 0 52 56 0 
26 0 0 29 0 0 0 28 0 0 0 0 80 0 0 0 4 3 9 7 0 14 15 0 0 0 10 42 0 0 0 38 0 0 39 0 66 0 0 0 68 0 0 67 64 24 0 0 0 19 22 18 0 0 0 0 0 0 0 57 0 55 0 0 0 75 0 0 0 0 0 0 0 0 0 0 0 0 43 0 0 
17 22 0 0 21 24 0 0 23 0 0 0 71 0 73 0 76 0 0 79 80 0 6 0 0 0 0 33 0 0 0 29 0 25 0 0 0 0 0 53 59 54 0 58 55 15 14 11 0 10 0 9 12 7 0 0 0 0 0 0 0 0 0 0 0 0 0 61 62 69 68 67 37 0 0 42 0 36 0 38 0 
28 0 0 0 0 0 29 30 0 0 0 7 1 0 3 0 0 0 0 9 0 0 17 0 0 0 0 44 0 0 37 0 0 0 0 0 0 0 63 64 0 65 0 0 0 26 0 0 0 0 0 0 23 18 0 54 0 0 60 0 58 57 61 76 0 0 0 72 0 80 0 78 48 0 0 53 52 0 0 0 0 
19 24 0 0 0 26 0 0 0 0 72 79 0 74 75 0 0 0 0 0 0 0 0 0 6 0 3 0 0 0 28 0 34 0 0 0 0 0 54 0 0 56 58 0 0 17 16 0 10 0 0 0 14 9 0 45 53 0 0 50 0 0 0 0 0 68 0 63 0 0 70 0 0 0 42 0 43 38 0 40 41 
0 69 63 67 0 0 65 0 70 0 0 0 0 0 39 44 42 0 47 45 0 0 0 0 51 0 48 0 0 78 0 76 0 0 77 0 23 0 0 19 25 20 0 0 21 62 61 0 0 0 0 0 59 0 11 0 17 10 0 0 0 0 0 0 0 0 30 0 28 35 34 33 3 1 0 8 0 0 0 0 5 
0 0 0 0 0 53 47 0 52 0 0 0 0 0 0 26 24 0 29 0 28 0 35 31 33 0 30 0 0 60 0 58 0 0 59 57 0 0 81 1 7 0 4 0 3 44 43 0 37 0 42 0 0 0 74 0 80 73 78 77 76 75 0 0 0 14 12 9 0 17 0 15 0 0 69 71 0 65 63 0 68 
37 0 0 40 0 44 38 39 0 0 0 16 0 11 0 0 0 0 20 0 0 0 0 0 24 23 0 0 0 51 46 49 0 0 0 48 0 80 0 0 0 74 0 0 0 0 34 0 28 30 33 0 32 27 65 0 0 0 69 68 0 66 70 4 0 0 0 0 0 0 0 6 0 0 0 0 0 0 0 58 59 
0 0 81 4 0 0 0 3 7 0 54 0 0 0 0 0 60 0 65 0 64 0 71 67 69 68 66 17 11 15 10 13 16 0 0 12 0 44 36 0 0 0 0 0 39 80 79 76 0 0 78 0 0 0 29 0 35 0 0 0 31 0 0 0 0 50 48 45 46 0 52 0 0 0 0 0 0 0 0 0 0 
0 15 0 13 0 17 0 0 0 0 63 0 64 65 66 71 0 0 0 72 0 0 0 0 0 0 0 26 0 0 0 0 25 0 23 0 0 53 45 46 52 0 0 51 0 8 0 4 0 0 0 2 5 0 0 36 44 37 0 0 0 0 43 0 0 59 57 0 0 62 0 0 0 0 0 0 0 0 0 0 32 
73 0 72 0 0 0 74 75 0 0 0 0 0 0 48 53 0 0 0 0 55 61 0 0 0 59 0 8 0 0 0 4 0 0 0 0 32 0 0 0 34 29 31 0 0 0 70 67 0 0 0 0 68 63 20 18 0 0 0 23 0 21 0 0 38 41 0 0 37 0 0 0 12 0 0 17 16 11 9 0 14 
0 0 0 58 59 62 56 57 0 0 27 0 28 29 30 0 0 32 0 36 0 0 44 40 42 41 0 0 0 69 64 0 0 0 0 0 0 17 0 0 16 0 13 0 0 0 0 0 0 0 0 47 0 0 0 0 0 1 6 5 0 3 0 22 0 0 21 0 0 0 0 24 0 0 78 80 79 0 72 76 0 
0 55 0 0 54 0 51 52 0 0 22 0 0 24 0 0 28 0 0 0 0 38 0 0 0 36 0 66 60 64 0 0 0 0 0 61 0 0 4 0 0 0 0 0 0 0 47 44 0 0 0 0 0 0 0 0 0 77 0 81 0 0 0 0 15 0 0 0 0 0 20 19 0 68 0 0 0 69 67 0 0 
0 64 58 62 63 0 60 0 65 35 31 0 32 33 34 39 37 0 0 40 41 0 0 0 46 0 43 0 0 0 0 0 74 0 0 70 0 0 0 14 0 15 0 0 0 57 0 0 0 0 55 51 0 0 0 4 12 0 0 0 0 7 0 26 0 0 25 22 0 30 29 28 0 77 1 0 0 78 0 0 81 
0 0 0 0 0 75 0 70 0 0 0 0 0 0 43 48 0 45 51 49 50 0 57 53 55 54 0 0 78 0 77 80 2 0 0 0 27 30 22 0 0 24 0 0 0 0 65 0 0 61 64 0 0 0 15 0 21 0 19 0 0 0 0 0 0 0 34 0 32 39 0 0 7 5 10 12 11 0 0 8 9 
32 0 31 0 0 0 0 0 0 0 4 0 0 0 0 12 0 9 15 0 0 20 0 0 19 0 16 0 0 0 0 44 47 0 0 0 0 75 0 0 74 0 0 0 70 30 29 0 0 25 0 0 27 0 60 0 66 59 0 63 0 0 65 80 0 0 79 76 0 3 2 0 0 0 55 57 0 51 0 0 0 
0 28 0 26 0 0 0 25 29 0 76 0 0 78 0 0 0 0 0 0 5 0 12 0 10 9 7 39 0 37 32 35 0 0 0 0 0 0 0 0 65 0 0 64 0 0 20 0 14 0 0 15 0 13 51 49 0 0 0 54 0 52 56 71 0 72 0 0 68 75 0 73 43 0 0 48 0 0 40 0 45 
0 10 4 0 9 0 0 0 11 62 58 65 59 60 61 0 0 0 0 0 0 74 75 0 0 0 0 0 15 0 0 0 0 0 0 0 45 48 40 41 0 0 0 46 0 0 2 80 0 0 0 0 0 76 0 31 0 0 0 36 35 0 0 0 0 0 52 0 50 0 0 55 25 23 28 30 29 24 0 0 0 
14 19 13 0 18 0 0 0 0 0 0 0 68 69 0 0 0 0 0 76 0 2 0 80 1 81 0 0 0 0 0 0 29 22 0 25 54 57 49 50 0 0 53 0 0 12 0 0 0 7 0 0 0 4 0 0 48 41 46 45 0 0 0 0 60 0 61 0 59 66 0 0 0 0 37 0 38 0 0 35 36 
0 46 0 0 0 48 0 43 47 0 0 20 0 0 0 0 19 0 0 0 0 29 30 0 28 0 25 57 0 0 50 53 0 0 0 0 0 3 0 77 0 0 0 1 0 0 0 0 32 0 37 0 36 0 0 0 0 68 0 0 0 70 74 8 6 0 7 0 0 0 0 0 0 0 0 0 0 0 58 0 63 
77 1 0 0 0 3 78 79 2 0 0 56 0 51 0 57 0 54 0 0 0 0 0 62 64 0 0 0 6 0 5 0 0 0 0 7 0 39 31 0 0 33 35 37 34 75 74 0 0 0 0 0 0 0 24 0 30 0 0 0 26 0 0 0 0 45 43 0 41 0 0 0 0 0 19 21 20 15 0 17 0 
0 72 66 70 0 74 68 0 0 0 0 0 0 0 0 47 0 44 0 0 0 0 56 52 54 53 0 0 0 81 76 79 1 0 0 78 0 29 0 22 28 0 25 0 24 0 64 61 58 60 63 59 0 0 14 12 0 13 18 0 16 15 0 34 0 0 33 0 0 38 37 0 0 4 0 11 10 0 3 0 0 
0 0 30 0 0 0 0 0 37 7 3 10 0 0 0 0 0 0 14 0 13 0 20 0 0 17 15 0 41 0 0 43 0 0 0 42 71 0 0 67 0 0 0 0 0 29 0 25 22 0 27 23 26 0 0 0 0 0 63 0 0 0 64 0 77 80 0 75 76 0 0 81 51 0 0 0 55 0 0 0 53 
0 0 0 52 0 0 0 0 0 25 0 0 0 23 24 29 27 0 0 0 0 37 0 0 36 35 0 65 0 63 0 61 0 0 62 0 0 11 0 0 0 5 7 9 0 0 0 0 0 0 45 0 44 39 77 0 0 76 81 80 79 0 1 16 0 0 0 0 0 0 0 0 0 67 72 74 0 0 0 0 71 
0 0 0 0 17 0 0 15 0 0 0 0 67 0 0 74 0 0 0 0 0 1 0 0 0 0 78 0 0 27 0 25 28 0 26 24 53 56 48 0 0 0 0 0 0 11 0 0 4 0 9 0 8 0 0 39 0 40 45 0 43 0 46 61 59 0 0 57 58 0 64 0 33 0 0 38 37 0 0 34 0 
0 9 3 7 8 11 0 6 10 61 57 64 0 59 0 0 63 0 68 66 0 0 0 70 0 0 69 20 14 18 0 0 0 0 17 15 0 0 39 0 0 0 0 0 0 2 1 79 0 0 0 77 0 75 32 0 38 0 0 0 0 0 37 52 50 0 51 0 0 0 0 0 24 22 27 29 0 23 0 25 0 
76 81 0 79 80 0 0 78 0 0 0 0 0 0 0 0 0 53 0 57 0 0 0 0 63 62 60 11 0 9 0 0 10 0 0 0 0 0 0 31 37 0 34 0 0 0 73 0 67 0 72 68 0 0 23 0 0 22 0 26 25 0 28 0 0 0 42 0 0 0 0 0 15 0 0 0 0 14 12 0 17 
0 0 0 61 62 65 0 0 0 34 0 0 0 0 0 0 0 35 41 39 40 0 0 43 45 0 0 0 68 72 0 70 0 66 0 0 0 0 12 13 0 0 0 0 0 0 0 52 49 51 54 0 53 0 5 0 11 0 9 0 7 0 0 0 0 26 0 0 0 29 28 0 0 0 0 0 0 0 0 79 0 
0 0 0 0 26 0 23 24 0 79 75 0 0 77 78 2 0 0 5 0 4 0 0 0 0 0 6 38 32 0 0 0 0 30 35 0 62 0 57 0 0 59 0 0 0 0 0 0 0 0 18 0 0 0 50 0 0 0 54 53 52 0 0 0 0 0 0 66 0 0 0 0 0 40 0 0 46 41 39 43 0 
0 0 0 0 44 0 41 0 46 0 12 19 13 14 0 20 0 0 0 21 22 0 0 0 0 0 0 0 0 54 0 52 0 48 53 51 0 2 0 76 0 0 0 0 0 0 0 34 0 0 0 0 35 0 0 66 74 67 0 0 0 0 0 0 0 0 0 3 0 11 0 9 60 0 63 0 64 0 0 0 0 
0 3 78 1 2 5 80 0 4 0 0 58 0 0 54 0 0 56 62 60 0 67 0 64 0 0 0 0 8 0 7 10 0 0 11 0 38 0 33 0 40 0 0 0 36 77 0 0 0 0 0 0 74 69 0 0 0 0 30 0 0 0 0 46 44 47 45 42 0 0 49 0 0 0 0 23 22 17 0 19 0 
0 0 0 0 0 0 0 0 0 0 0 0 43 44 0 0 0 0 53 51 0 58 59 55 0 56 0 5 0 3 0 0 0 78 2 0 0 0 24 0 0 26 0 0 0 68 0 0 0 0 66 0 0 0 0 0 0 16 0 0 19 18 22 0 0 0 0 33 0 0 40 39 9 7 0 14 13 8 0 10 0 
0 0 51 55 56 0 0 54 0 0 24 0 25 0 0 0 0 0 0 0 0 0 0 0 0 38 0 0 62 0 0 0 0 0 0 0 11 0 6 0 0 8 0 0 0 0 0 46 43 0 0 0 0 0 0 78 0 0 0 2 1 0 4 0 0 0 0 15 16 23 0 21 0 70 0 0 76 0 0 73 0 
0 0 15 19 0 0 0 18 22 73 69 0 0 0 0 77 0 0 80 0 0 0 0 0 0 0 0 32 26 0 0 0 0 24 29 0 56 59 0 52 0 53 0 57 54 14 0 0 0 0 0 0 11 6 44 0 0 0 0 0 46 45 0 64 0 0 0 60 0 0 0 0 36 34 39 41 0 35 0 0 38 
0 0 33 37 38 0 0 36 0 10 0 0 0 0 9 14 0 0 17 15 0 0 0 0 21 20 0 50 0 0 43 0 49 0 47 0 74 0 69 70 0 0 0 0 72 0 0 0 25 0 30 0 0 24 62 0 68 0 0 0 0 0 67 1 80 0 0 0 79 0 0 0 0 0 0 0 58 0 0 0 56 
0 30 0 28 0 32 26 0 31 1 78 0 79 80 0 5 0 0 0 0 7 13 14 0 12 11 0 0 35 0 34 37 0 33 0 36 0 68 0 0 0 0 0 0 63 0 0 0 0 0 21 17 20 15 0 51 59 0 57 0 55 54 58 0 0 0 0 0 70 0 0 75 0 43 0 50 49 0 0 0 47 
0 66 0 64 0 68 62 63 0 0 0 0 0 35 36 0 0 38 0 42 0 49 0 0 0 0 0 0 71 75 0 0 76 69 74 0 0 23 0 0 22 0 0 0 0 59 58 55 0 0 0 0 56 51 0 0 14 0 12 11 10 9 0 28 26 29 27 0 25 0 31 30 81 0 0 0 4 0 0 0 0 
0 12 0 0 11 0 8 0 0 64 0 67 61 62 63 68 0 65 71 69 0 76 77 0 0 74 72 0 17 21 0 0 22 15 20 18 47 0 42 0 49 0 46 48 45 5 0 0 79 81 3 0 2 0 0 0 0 34 39 38 0 36 40 55 0 56 54 51 0 59 0 0 27 25 30 0 31 26 24 28 0 
0 48 42 0 47 50 0 0 49 0 0 0 16 0 0 23 21 0 0 24 25 0 0 28 0 0 0 59 53 0 52 55 58 0 0 0 2 0 78 0 0 80 0 3 0 41 40 0 34 0 0 0 38 0 71 0 77 70 75 0 73 72 76 0 0 11 0 0 7 14 0 0 0 0 66 0 0 0 0 0 65 
