9
0 68 0 0 65 0 69 0 0 0 76 0 75 81 1 0 0 0 0 0 0 0 0 25 0 23 0 0 16 0 12 11 13 0 0 15 0 41 0 45 43 39 46 38 0 62 61 0 0 0 0 64 56 59 0 0 0 0 52 0 0 49 55 37 31 35 0 0 0 0 34 0 0 0 0 0 0 8 0 0 0 
0 41 44 0 0 43 42 0 0 47 49 52 48 0 0 0 53 51 0 0 76 0 80 79 0 77 0 72 70 0 66 0 0 0 0 0 13 0 0 0 16 0 0 11 0 0 34 0 0 0 0 37 0 32 0 0 0 0 0 23 27 22 28 10 0 0 2 0 0 6 7 0 59 58 56 0 0 62 57 0 63 
0 32 0 31 0 34 33 30 37 0 0 0 0 0 0 0 0 0 72 0 67 0 0 70 65 0 0 0 0 0 57 0 0 0 59 0 0 0 8 0 0 3 10 2 6 0 0 27 0 24 22 28 0 0 12 0 0 0 0 0 0 13 19 0 0 80 74 0 81 0 79 0 0 0 47 51 0 0 0 0 0 
81 0 80 0 0 0 0 0 1 2 0 7 3 9 0 0 0 0 0 0 0 0 0 0 29 32 30 0 0 28 0 20 0 0 0 0 49 0 0 0 52 48 55 0 51 0 70 0 0 0 67 73 65 0 0 62 60 0 0 0 0 0 0 46 0 0 38 39 0 42 43 0 0 0 11 0 19 0 0 16 18 
9 0 8 0 0 7 6 3 0 11 0 16 0 0 0 0 0 0 0 0 40 46 0 43 38 0 39 36 0 0 30 29 31 0 0 33 58 59 62 0 61 0 64 0 0 0 0 81 75 0 0 0 74 77 0 71 0 65 0 0 0 67 0 0 0 0 0 0 54 0 52 0 0 22 20 24 0 0 0 0 0 
0 0 0 0 56 61 60 0 64 65 0 0 0 0 73 0 0 0 0 15 0 19 0 0 0 0 12 0 7 10 0 0 4 0 0 6 31 0 0 36 0 30 0 29 0 0 52 54 0 51 0 0 0 0 39 44 0 0 0 41 0 40 46 0 22 0 20 21 27 24 0 0 0 76 74 78 0 0 75 79 81 
0 0 17 13 11 0 15 12 19 20 22 25 21 0 0 23 0 0 0 51 0 55 0 52 0 50 48 0 43 0 0 38 40 44 0 0 0 0 0 0 0 66 0 0 0 0 7 9 3 6 4 0 0 0 0 80 78 74 79 0 81 0 1 0 0 62 0 0 63 60 0 59 32 0 29 33 0 35 30 0 36 
0 23 26 0 0 0 0 21 28 29 31 34 0 0 0 0 0 0 0 0 0 0 0 61 0 0 0 54 0 0 0 0 49 0 50 0 76 77 0 0 0 0 0 0 0 0 0 0 0 15 0 0 0 0 0 0 6 2 0 5 9 4 10 73 0 71 0 66 0 0 70 68 0 40 0 0 0 0 0 0 0 
0 0 0 0 0 52 0 0 0 0 0 0 0 63 0 59 0 0 0 0 0 0 0 0 2 0 0 81 0 0 0 0 0 0 0 0 22 23 26 0 0 0 28 0 24 0 43 0 0 0 0 0 38 0 0 35 0 0 0 0 0 0 37 0 0 0 11 0 0 0 16 0 68 0 65 69 73 0 0 70 0 
61 0 0 56 54 0 0 0 0 0 0 68 0 70 0 66 0 0 0 13 11 0 0 0 9 12 0 7 0 0 1 81 2 0 3 0 0 0 0 0 0 28 35 0 0 51 0 0 0 0 47 0 0 0 37 0 40 0 0 0 43 38 0 0 0 24 0 19 0 0 0 0 0 74 0 76 80 78 73 0 0 
25 0 24 0 0 23 22 0 0 0 29 0 0 34 0 0 0 0 61 0 56 0 0 0 0 57 0 52 0 0 46 45 47 51 0 49 74 75 0 0 0 73 80 72 0 15 0 0 0 13 11 0 9 12 0 0 4 81 0 0 0 0 8 0 0 0 63 0 70 67 0 0 0 0 36 0 44 42 0 0 0 
43 0 42 38 0 0 0 0 0 0 0 0 0 0 0 48 0 0 0 0 0 0 0 77 0 75 0 70 68 0 0 63 65 0 0 0 0 12 0 16 0 10 0 9 0 33 32 0 28 31 29 0 0 0 0 24 0 0 0 21 0 0 26 8 0 6 0 0 7 4 5 3 0 56 54 58 0 60 0 0 0 
52 0 51 0 0 50 49 46 0 0 56 0 0 61 0 0 60 0 7 4 0 8 6 5 81 0 0 79 0 0 0 0 0 78 0 0 0 0 24 25 23 0 0 0 0 42 0 0 0 0 0 0 0 0 0 33 0 0 0 0 0 0 0 17 11 0 0 0 0 13 0 12 66 65 0 67 0 69 64 0 0 
0 30 0 0 0 0 0 0 0 0 38 0 37 0 0 39 42 0 0 0 65 71 69 68 0 0 0 0 0 62 0 0 0 60 0 0 0 0 0 0 0 0 8 81 0 24 23 0 19 0 20 26 18 21 0 0 13 9 0 12 0 0 0 0 74 0 72 73 0 0 77 0 0 47 45 49 53 0 0 50 0 
0 0 0 0 0 5 0 1 0 9 0 14 0 16 0 0 0 0 43 40 0 44 0 0 0 0 0 34 0 0 28 0 0 0 0 0 0 0 60 0 59 0 0 54 0 0 0 0 0 76 0 80 0 0 64 0 0 0 68 0 0 65 0 53 47 0 0 46 52 49 50 0 21 0 18 0 26 0 0 0 25 
0 0 0 65 0 68 67 64 71 72 0 77 0 0 80 75 0 0 25 0 20 0 24 23 0 0 19 0 14 0 10 0 0 15 0 13 0 39 42 0 41 0 0 0 0 0 0 61 55 58 0 0 0 57 0 0 0 45 0 0 0 0 0 0 29 0 27 0 0 0 32 0 0 0 0 0 8 0 0 5 0 
0 0 15 11 0 0 0 0 17 18 20 0 0 25 0 0 0 22 52 0 47 53 0 50 45 0 0 43 0 44 37 36 0 0 0 0 0 0 0 70 0 0 0 0 67 6 0 0 0 0 0 8 0 3 73 0 76 72 0 0 79 74 80 0 0 0 0 0 0 0 0 0 0 0 0 0 0 0 0 0 0 
0 75 78 74 0 0 0 0 0 0 0 5 0 0 0 3 6 0 34 0 0 35 0 0 27 30 28 25 0 26 19 0 20 24 0 0 0 0 51 0 50 0 0 45 0 0 0 70 0 0 65 71 0 66 0 0 0 0 0 57 61 56 62 44 0 42 0 0 0 40 0 0 12 0 9 0 0 15 0 0 16 
0 6 0 5 3 0 0 0 0 12 0 17 0 0 20 15 0 0 0 0 0 47 0 0 0 42 40 0 0 0 0 0 0 0 0 34 0 60 0 0 0 0 0 0 0 0 0 0 0 0 77 2 75 0 67 72 0 0 0 69 0 68 74 0 50 0 48 49 55 0 0 0 24 23 0 25 0 27 0 0 0 
0 15 0 0 0 17 16 13 20 0 0 0 22 28 29 24 0 25 0 0 0 0 0 0 0 51 49 0 0 0 0 39 0 0 0 43 68 0 0 0 0 67 74 0 70 0 0 0 0 0 5 11 0 0 76 81 0 75 0 0 0 0 0 0 59 0 0 0 64 0 0 0 33 0 0 34 38 0 0 0 37 
0 0 81 0 0 0 0 76 2 0 0 8 4 0 0 0 0 7 0 0 32 38 0 0 0 0 31 0 0 0 0 21 23 27 0 25 0 51 0 0 53 49 0 0 0 0 71 0 0 0 68 74 0 69 0 0 0 57 0 0 0 0 65 47 41 0 0 0 46 43 0 42 15 0 0 0 0 0 13 0 19 
28 0 27 23 0 0 25 0 29 0 32 0 31 0 0 33 36 0 64 61 0 0 63 0 0 0 0 0 0 0 0 48 50 0 0 0 0 0 0 1 80 76 2 0 79 0 0 19 0 0 0 20 12 15 4 9 7 0 0 0 0 5 11 74 68 72 66 0 73 70 0 69 42 0 0 0 0 0 0 0 46 
0 0 54 50 48 53 52 0 56 57 0 0 0 0 0 60 0 0 10 0 5 0 0 0 3 0 4 0 80 2 76 0 77 0 0 79 23 24 27 0 26 0 0 0 25 45 44 46 40 0 41 0 0 0 0 0 0 30 0 0 37 0 0 0 0 0 12 13 0 16 0 0 69 0 0 0 0 72 0 0 73 
0 0 0 59 57 62 0 58 0 0 0 71 0 0 74 0 0 0 0 0 0 20 18 0 0 15 0 0 0 11 4 3 0 0 6 7 0 0 0 37 0 0 38 0 34 54 53 0 0 0 50 0 0 51 40 0 0 0 0 0 46 41 47 29 0 0 21 0 28 25 26 24 0 0 75 79 2 0 0 80 0 
0 0 45 41 39 44 43 40 47 48 0 53 0 55 0 0 0 0 0 0 0 0 0 0 75 0 0 73 0 74 0 66 0 0 69 70 14 0 0 0 0 0 20 0 16 0 0 0 31 0 0 0 30 33 0 0 25 0 0 0 28 23 29 0 5 0 3 0 10 0 0 0 60 59 57 0 0 63 58 0 64 
0 33 0 0 30 35 0 0 0 0 41 0 0 0 47 0 45 0 0 0 0 74 72 0 0 0 67 64 62 0 0 57 0 63 60 0 0 6 9 10 0 4 11 0 7 0 0 28 22 25 0 0 21 24 13 18 0 0 0 0 19 14 20 0 0 81 75 0 0 0 0 0 0 0 0 52 0 54 0 0 0 
0 0 72 0 0 0 0 0 74 75 77 0 0 0 0 0 0 79 28 0 0 29 0 0 0 0 0 19 17 0 13 0 14 0 0 0 0 0 45 46 0 0 0 39 0 63 62 0 0 61 0 0 0 0 0 0 0 0 53 0 0 0 0 0 0 36 0 31 0 0 0 0 0 0 3 7 11 9 0 0 0 
44 0 0 0 0 0 0 38 0 46 0 51 0 0 0 0 0 0 0 0 0 81 0 0 73 0 0 0 0 0 65 0 0 70 0 68 0 0 16 0 15 11 0 0 0 34 33 0 0 0 30 0 0 0 20 0 23 0 0 0 26 0 0 9 3 0 0 0 0 0 0 0 0 0 0 0 63 61 0 0 62 
26 0 25 0 19 24 0 20 27 28 30 33 29 0 36 0 0 0 62 59 0 0 61 0 55 58 0 53 51 54 0 0 48 0 0 0 0 0 79 0 0 0 81 73 0 0 0 17 0 0 0 18 0 13 2 0 0 0 0 4 8 3 0 0 66 0 0 65 0 0 0 0 40 39 37 0 0 0 38 0 0 
0 4 7 3 1 0 5 0 0 0 0 15 0 0 18 13 16 0 44 0 0 0 0 0 0 40 0 35 33 0 0 28 0 34 31 0 0 0 0 0 60 56 0 55 59 0 0 0 0 77 0 81 0 76 65 70 0 0 0 0 71 0 0 54 48 0 0 47 0 0 51 0 22 0 0 0 0 0 20 0 26 
53 49 52 48 0 51 0 47 0 0 0 60 0 0 0 58 61 0 8 5 0 0 7 0 0 0 0 80 0 81 0 73 0 0 76 0 21 22 0 26 0 20 0 0 0 0 42 44 0 0 0 45 0 40 29 34 0 28 33 0 0 0 36 18 0 0 0 0 17 14 0 13 0 66 64 0 72 0 0 0 0 
0 67 70 0 64 0 0 0 0 73 75 0 0 0 0 0 79 0 0 23 0 0 0 0 0 22 20 0 15 0 11 0 12 0 0 0 0 0 0 0 0 0 45 0 0 61 60 0 56 0 57 63 55 0 0 0 50 46 0 0 53 0 0 36 0 34 0 29 35 32 33 0 0 3 0 0 9 0 2 0 0 
0 0 34 0 0 0 0 29 0 0 0 42 38 44 45 40 0 0 0 0 66 72 0 69 0 0 0 62 0 63 56 55 57 0 0 59 0 0 0 0 0 0 0 0 5 25 0 0 0 0 21 0 19 22 11 16 0 10 15 0 17 0 0 0 0 79 0 74 0 77 0 0 0 0 46 50 0 0 0 0 0 
0 0 0 0 10 0 0 0 18 0 0 24 0 26 0 22 25 0 53 50 0 0 0 0 0 0 0 0 0 0 38 0 39 43 0 0 66 67 0 0 0 65 0 64 68 7 0 0 0 0 0 9 0 0 0 79 0 0 0 0 0 0 0 0 57 0 0 56 0 59 60 58 0 30 0 0 0 0 0 0 35 
0 0 0 75 73 78 0 74 0 0 0 0 2 0 0 0 0 5 0 0 30 36 34 0 0 0 29 0 24 0 20 19 0 25 0 23 0 0 0 53 0 47 0 46 0 0 0 0 0 0 0 72 0 67 56 0 0 0 0 58 62 57 63 0 39 43 37 0 0 41 42 0 13 12 10 0 18 0 0 0 17 
0 58 0 0 55 0 0 56 0 0 66 0 0 0 0 0 0 0 17 14 0 18 0 15 10 13 11 0 6 0 2 0 3 0 4 0 0 0 0 35 0 0 0 0 0 0 0 0 0 50 0 0 0 0 0 43 41 37 0 40 0 0 0 0 0 0 0 0 26 23 0 0 0 75 0 0 0 0 0 0 0 
0 0 64 0 0 0 62 0 66 67 69 0 68 0 75 0 0 0 0 17 15 21 0 18 0 0 14 11 9 0 0 0 0 0 0 8 33 0 37 0 36 32 0 0 35 0 54 0 50 0 51 57 49 0 0 46 0 40 45 0 0 0 0 0 24 28 0 0 0 26 27 25 0 0 76 80 0 0 77 0 0 
74 0 73 69 67 72 71 0 0 76 0 0 77 0 3 79 1 80 0 0 24 0 0 0 0 25 0 0 18 21 0 13 15 0 0 0 0 0 0 47 0 0 48 0 0 0 63 65 0 0 0 66 0 0 0 55 53 49 54 0 0 0 0 0 0 37 0 0 0 0 0 0 0 0 4 8 0 0 0 0 0 
0 7 10 0 4 0 0 0 0 13 0 0 0 20 0 0 0 0 0 0 0 0 0 0 0 0 0 0 0 0 0 0 0 0 34 35 0 61 0 65 63 0 0 0 62 1 0 2 0 0 0 0 0 79 0 73 71 67 72 0 0 0 75 57 0 55 49 0 0 0 0 52 0 24 0 26 30 0 0 0 29 
0 0 37 0 0 0 0 32 0 0 0 0 0 0 0 43 0 44 0 71 69 75 0 0 0 0 0 0 63 66 0 0 0 64 0 0 0 7 10 0 9 0 0 0 0 28 0 0 0 0 0 30 22 25 0 0 0 0 18 0 0 0 0 3 78 1 76 0 0 80 0 79 52 51 49 0 57 55 0 54 0 
0 0 0 24 0 0 0 0 0 0 0 36 0 0 0 34 0 35 0 0 0 0 0 0 58 61 0 56 54 57 50 49 0 0 52 53 78 0 0 2 0 0 0 0 0 19 18 0 0 17 15 21 13 0 5 10 0 0 0 0 0 0 12 75 0 0 67 0 0 0 72 0 0 42 40 44 48 46 0 0 47 
2 0 0 0 76 81 0 0 0 4 0 0 0 11 0 0 0 0 0 35 33 0 37 0 31 0 32 0 27 0 0 0 0 0 25 0 0 52 0 0 0 50 57 49 53 73 72 0 68 0 0 0 0 70 0 64 62 0 0 0 65 0 0 0 0 46 0 0 47 44 45 43 0 15 13 0 0 0 0 18 0 
0 43 0 42 40 0 0 41 48 0 0 0 50 56 57 0 55 53 0 0 0 3 0 0 76 0 0 74 0 0 68 0 0 73 0 71 0 0 19 20 0 0 21 13 0 0 0 0 0 35 0 0 0 34 23 28 26 0 0 0 29 0 0 12 0 0 0 0 0 0 0 0 61 0 58 62 66 0 59 63 65 
0 0 0 0 13 0 17 14 21 0 0 27 0 0 0 0 0 26 56 53 51 57 0 0 0 0 50 0 45 0 0 0 0 46 0 0 69 0 0 0 0 0 0 67 0 10 0 0 0 0 0 0 0 7 77 0 0 76 81 79 0 0 0 66 60 0 0 0 65 62 0 61 0 33 31 0 0 37 0 0 0 
0 52 0 0 0 54 53 0 0 58 0 0 0 0 0 0 0 0 0 0 0 0 0 0 4 0 5 2 81 3 77 0 78 0 79 80 0 25 28 0 0 0 0 0 0 0 0 47 0 44 0 0 0 0 32 0 0 0 0 34 38 0 0 0 0 19 0 0 0 0 18 0 70 69 0 0 0 0 0 0 0 
0 35 38 0 0 37 0 0 0 41 43 0 0 0 0 0 47 0 0 72 0 76 74 0 0 0 69 66 0 67 60 59 0 65 62 63 0 0 0 12 10 0 0 5 0 0 0 0 0 0 25 0 23 0 0 20 18 0 0 0 0 0 22 4 0 2 0 0 3 0 0 80 53 0 0 54 0 56 0 0 57 
0 53 56 0 0 55 54 0 0 59 61 64 60 0 67 62 0 0 0 9 0 13 0 0 0 0 6 3 0 4 0 77 0 0 80 0 25 0 29 0 0 0 31 23 27 0 46 0 42 45 43 0 0 44 0 0 0 32 0 0 0 0 0 0 0 0 14 15 0 0 19 17 0 0 0 72 0 74 0 73 75 
0 17 0 0 0 19 18 15 0 0 0 28 0 0 0 0 0 27 0 0 52 0 56 0 50 0 51 0 46 0 0 0 0 0 0 0 70 71 0 0 0 69 76 0 0 0 10 0 0 9 7 13 5 0 78 2 0 77 1 0 0 79 4 67 0 65 0 60 66 0 0 62 35 0 32 0 0 38 0 0 0 
0 0 2 0 77 0 0 78 0 0 0 0 0 0 0 8 11 9 39 0 0 0 0 0 32 35 33 0 28 0 0 0 0 29 26 0 0 53 0 57 55 0 58 50 0 74 0 75 69 72 0 76 68 0 60 65 63 0 0 62 0 61 67 0 43 0 0 0 0 45 0 44 0 16 14 18 0 0 15 0 0 
30 0 0 25 0 0 0 24 0 0 0 37 33 0 0 35 0 36 66 0 0 67 65 64 0 62 0 57 55 0 51 0 52 0 53 54 0 80 2 0 0 0 0 0 81 20 0 21 0 0 16 22 14 0 6 0 0 0 10 0 12 0 0 0 70 0 0 69 0 0 73 0 0 43 0 0 0 0 0 0 48 
66 0 0 61 59 64 63 0 67 0 70 73 0 0 76 0 74 0 0 0 16 0 20 0 14 17 15 0 0 0 0 5 7 11 0 9 34 0 0 39 0 33 40 0 36 0 0 57 0 54 0 58 0 53 42 0 0 41 0 0 48 0 0 31 25 0 0 24 30 27 0 0 0 79 0 0 4 0 0 0 0 
0 0 11 0 0 10 0 0 0 0 16 0 0 0 0 0 0 0 0 0 0 49 47 46 0 0 0 39 0 40 33 32 0 0 0 36 61 62 65 66 0 60 67 59 0 0 0 0 78 0 0 4 0 0 0 0 0 68 73 71 0 70 76 0 0 0 0 0 0 0 0 0 0 0 0 0 0 0 0 28 30 
0 0 0 0 0 0 0 0 0 50 52 55 0 57 0 53 0 0 0 0 79 0 2 1 0 80 0 0 0 76 0 68 0 0 0 0 16 0 0 0 0 15 0 0 0 0 0 0 33 0 34 0 0 35 0 29 27 0 0 0 30 25 31 13 0 0 0 6 12 0 10 0 62 0 59 0 67 65 0 0 0 
75 71 0 0 68 73 0 69 76 0 79 0 78 3 0 0 2 0 0 0 0 31 0 28 23 26 0 0 19 22 0 0 0 20 0 18 43 0 47 0 46 0 0 0 0 0 0 0 0 63 0 67 59 62 51 0 54 0 0 0 57 0 0 0 34 0 0 0 0 36 0 0 8 0 5 9 13 11 0 10 0 
15 11 14 10 0 13 0 9 0 17 19 0 18 24 0 0 0 21 0 0 0 0 0 49 0 0 0 0 0 0 0 35 37 41 0 0 0 65 68 69 0 63 70 0 66 5 0 6 0 0 0 0 0 0 0 0 75 0 0 0 78 0 0 0 55 0 53 54 0 0 58 0 0 28 0 0 0 32 0 31 0 
6 0 5 1 0 0 3 0 7 8 10 0 9 0 0 0 0 0 0 0 0 0 0 0 35 38 0 33 0 34 0 0 0 0 29 30 0 0 59 60 0 54 61 0 0 0 0 0 0 0 0 0 0 0 0 0 66 0 0 0 69 64 0 0 46 0 44 45 0 0 0 0 0 0 0 0 0 23 18 0 24 
24 0 23 19 17 0 0 18 0 0 0 0 0 0 0 29 0 0 60 57 0 61 59 0 0 56 54 0 0 0 0 0 0 0 47 0 73 74 77 78 0 0 0 0 75 0 13 0 9 0 0 0 0 0 0 0 0 80 0 2 0 1 7 0 64 68 0 0 0 0 0 65 0 37 35 0 0 0 0 0 42 
33 29 0 28 0 0 30 27 34 35 0 0 0 0 43 0 41 39 0 66 0 0 0 0 0 65 0 0 58 61 0 0 0 59 0 0 0 2 0 6 0 81 0 0 0 0 22 0 0 0 19 0 17 0 0 0 0 8 0 0 0 10 16 79 0 0 0 0 0 0 76 0 47 0 44 48 52 50 0 49 0 
0 0 68 0 0 0 66 0 70 71 0 76 0 78 0 74 0 0 0 21 0 25 23 0 0 20 0 0 13 16 0 0 0 0 0 0 0 38 41 0 0 0 43 0 39 0 0 60 54 57 0 61 0 0 0 50 0 0 0 47 0 46 52 34 0 0 0 0 0 0 31 0 0 1 0 3 0 5 0 4 0 
51 0 0 46 0 0 48 0 0 53 0 0 0 0 0 56 0 0 0 0 0 0 0 0 80 0 81 0 0 0 0 0 0 0 0 0 0 0 0 24 22 0 0 0 0 0 40 42 36 0 37 0 0 0 0 32 30 26 0 0 33 0 0 0 0 14 0 9 15 0 13 0 65 64 62 66 0 0 0 0 0 
0 56 59 0 53 0 57 0 0 62 0 67 63 0 0 65 68 66 0 12 0 16 0 13 0 11 0 0 0 0 0 80 0 5 2 0 0 29 0 33 31 27 0 0 30 50 0 51 45 0 0 52 0 0 0 41 39 0 0 38 42 0 0 0 0 0 0 0 24 21 22 20 0 0 0 0 0 77 72 76 78 
78 0 0 0 0 0 0 0 0 0 0 0 81 0 0 2 0 0 0 0 0 0 0 0 0 29 0 24 22 0 0 0 0 0 20 21 0 0 0 0 49 0 0 0 48 68 0 0 0 66 0 0 0 0 54 0 57 0 58 56 0 55 0 0 37 0 35 0 0 39 0 38 0 0 8 12 16 14 9 13 0 
0 38 41 37 35 40 0 0 43 0 46 0 45 0 0 0 0 0 78 0 0 0 77 0 71 74 0 0 67 70 63 0 0 0 0 66 10 0 0 0 0 0 0 0 12 32 0 0 27 0 28 34 26 29 18 23 21 0 0 0 24 19 0 0 1 5 0 81 0 0 0 2 0 55 0 57 0 59 0 0 0 
0 0 0 17 0 0 0 16 0 24 0 0 0 0 32 0 0 28 0 55 0 59 57 0 0 54 52 49 47 0 43 42 0 48 45 0 71 72 0 0 74 0 0 0 73 0 11 13 7 10 8 0 0 9 79 0 1 0 0 81 0 0 5 0 62 0 60 0 0 64 0 0 36 0 0 0 41 39 0 38 0 
0 45 48 44 0 0 0 0 0 0 0 0 52 0 59 0 0 55 0 0 0 0 0 0 0 0 0 0 74 0 70 0 0 0 72 0 0 18 21 0 0 0 23 15 0 39 0 0 34 0 0 41 0 0 0 0 0 0 29 27 0 0 0 0 0 0 0 0 0 10 11 9 0 0 60 64 0 0 0 0 0 
0 72 0 0 0 74 0 70 77 78 80 0 0 0 0 0 3 1 0 28 0 32 30 29 0 0 0 0 20 0 16 0 17 21 0 19 44 0 0 0 47 0 50 0 46 0 0 67 0 64 0 68 0 0 0 0 55 0 0 0 0 0 0 41 0 0 33 34 40 37 38 0 0 0 6 0 14 0 0 0 0 
0 0 0 62 60 65 0 0 0 69 0 74 70 76 0 0 0 73 0 19 0 23 21 0 0 0 16 0 11 0 0 6 8 0 9 10 35 0 39 0 0 34 0 0 0 57 56 0 0 0 0 0 0 54 0 48 0 0 0 45 49 0 50 32 0 30 0 25 31 28 29 0 81 0 0 1 0 0 0 2 4 
0 9 0 8 0 0 10 0 14 0 17 0 0 0 23 0 21 0 0 46 44 50 48 47 0 0 0 40 0 0 0 33 0 0 0 0 0 63 0 0 65 61 0 0 0 0 2 0 0 1 0 5 0 0 0 0 73 0 0 72 0 0 77 59 0 57 0 52 58 0 0 54 0 26 24 28 32 30 25 0 0 
0 54 0 53 0 56 0 52 0 0 0 65 0 67 68 63 66 0 0 0 0 14 0 11 0 0 7 0 2 0 0 78 80 3 0 1 0 0 0 31 0 0 32 0 0 0 47 49 0 0 44 0 42 45 0 39 0 0 38 0 0 35 41 0 17 0 0 0 0 0 0 0 0 0 69 0 77 0 0 74 0 
31 27 0 26 0 29 28 25 32 0 0 0 0 40 0 36 0 0 0 64 0 68 0 65 0 63 61 58 56 59 52 51 0 0 54 0 0 81 3 0 2 0 0 0 0 0 0 0 16 0 17 0 0 0 0 0 0 0 0 9 0 0 0 0 71 0 69 0 76 0 0 0 45 0 0 0 0 48 43 0 49 
4 0 3 80 78 0 0 79 0 0 8 0 0 0 0 0 0 0 0 0 0 0 39 0 33 36 0 31 0 0 25 24 0 30 27 0 0 54 0 0 56 52 0 51 0 0 0 0 0 73 71 0 0 0 61 66 64 0 0 63 0 0 0 50 0 0 42 43 0 46 0 45 18 0 15 0 0 21 16 20 0 
40 0 39 0 0 0 0 34 41 0 44 47 43 0 50 0 48 0 76 0 0 0 75 74 69 0 70 67 65 0 61 0 0 66 0 0 8 0 0 0 11 7 0 6 0 0 29 0 0 28 0 0 24 27 16 21 0 15 0 0 0 0 23 0 0 0 78 79 0 1 2 81 0 53 51 0 0 57 52 56 0 
0 37 0 0 0 39 0 0 0 0 45 0 0 0 0 46 0 0 0 0 72 78 76 75 70 73 71 68 0 69 0 0 63 0 0 0 0 0 0 0 0 8 0 7 0 0 0 0 26 0 0 33 25 0 0 0 0 16 0 0 23 0 0 0 81 0 0 80 5 0 0 0 0 0 0 0 0 58 0 0 59 
77 73 0 0 70 0 74 0 0 0 81 3 0 5 6 1 0 0 0 0 0 33 31 0 25 28 26 0 0 0 0 16 18 0 0 20 0 46 49 50 0 0 51 0 0 67 0 68 0 0 0 0 0 0 53 58 56 52 57 0 0 54 60 0 0 0 0 35 0 38 39 0 0 9 0 0 0 0 0 0 0 
5 1 0 0 0 0 0 0 6 0 0 0 8 0 0 10 13 0 0 38 36 0 40 39 34 37 35 32 30 0 0 25 27 0 0 29 54 0 0 0 57 53 0 0 0 0 0 0 0 74 72 78 0 73 0 0 65 0 66 0 0 63 69 0 45 0 43 0 0 47 0 0 19 0 0 0 0 22 0 0 0 
0 19 0 18 0 0 0 17 0 0 27 0 0 32 0 0 31 0 59 56 54 0 58 57 0 55 0 0 0 0 0 0 45 0 46 0 72 73 0 77 0 71 78 0 74 13 12 14 0 0 9 0 0 10 80 0 0 0 3 0 5 0 6 69 63 0 0 62 68 65 66 0 0 0 34 38 42 0 35 0 0 
59 0 0 0 0 0 0 0 0 61 0 0 62 68 0 64 67 65 0 0 9 0 0 0 7 10 0 0 0 0 0 79 0 0 0 2 27 0 0 0 0 0 0 0 29 0 48 50 0 47 0 0 0 46 0 0 38 0 0 37 41 0 0 0 0 0 0 17 0 0 21 19 0 72 0 74 78 76 0 75 0 
0 64 0 0 61 66 0 0 69 0 0 75 0 0 78 73 0 0 0 0 18 0 22 21 16 19 17 0 12 0 0 7 0 0 10 0 0 0 40 0 0 35 0 0 0 58 0 0 0 56 54 0 52 55 0 0 0 0 0 46 0 45 0 33 27 0 0 26 0 29 0 0 0 81 79 2 0 4 0 0 5 
14 10 13 9 7 0 0 0 0 0 18 21 0 0 24 0 0 0 0 0 45 0 0 0 0 0 0 0 0 0 0 0 0 0 37 0 0 0 0 68 66 0 69 0 0 0 0 5 0 0 81 6 79 1 0 0 0 70 75 0 77 0 78 60 0 0 52 53 59 56 57 0 0 0 0 0 33 0 0 30 32 
32 28 31 0 0 0 29 0 0 0 36 39 35 0 0 0 0 0 68 65 63 0 0 66 0 64 62 0 0 60 0 0 0 0 0 56 81 0 0 0 3 0 0 0 0 0 0 23 0 20 0 24 0 0 0 13 11 0 0 10 0 9 0 0 0 0 0 71 0 74 75 73 46 0 43 47 0 0 44 0 0 
0 0 49 0 43 0 0 44 51 52 0 0 53 0 60 0 58 56 0 0 0 6 0 0 0 1 0 77 75 0 0 0 0 0 73 0 0 0 0 23 0 0 24 16 20 0 39 41 0 38 0 0 0 0 0 0 29 0 0 0 0 0 33 15 9 0 0 8 0 0 0 0 0 0 0 0 69 0 0 0 68 
