9
0 0 0 0 0 75 0 72 76 0 0 48 0 50 0 0 42 47 80 0 0 3 78 0 0 0 0 0 0 28 31 0 24 25 0 32 13 0 0 11 0 0 0 7 9 22 0 20 0 0 18 21 0 23 66 61 63 67 0 0 0 0 0 58 54 0 0 56 0 55 52 0 39 0 0 0 38 0 0 0 34 
0 0 0 68 65 66 0 63 0 34 0 39 0 41 0 0 0 38 0 74 0 75 69 72 0 77 0 0 21 0 22 0 0 0 18 0 0 0 1 2 0 5 0 79 0 0 0 11 0 0 9 0 10 0 0 52 0 0 0 53 0 0 0 0 0 0 0 47 0 46 0 44 0 28 27 32 0 31 0 0 0 
0 0 0 23 20 0 19 0 0 70 0 75 72 77 0 71 0 0 26 0 0 30 24 0 0 32 28 0 0 0 58 53 0 0 0 0 40 0 0 0 35 41 0 0 0 49 0 47 0 44 45 48 0 50 12 7 0 0 11 0 0 0 6 0 0 0 0 0 3 0 0 0 66 0 0 0 0 0 62 0 0 
34 35 0 0 0 0 37 36 40 0 10 0 9 14 13 0 0 11 44 47 43 48 0 0 49 50 0 74 0 73 0 0 0 0 0 77 58 0 55 0 0 0 57 0 0 0 0 65 0 62 63 0 64 0 30 0 0 0 29 26 32 0 24 0 0 15 23 0 21 0 0 0 3 0 0 0 2 0 80 0 79 
0 80 78 0 0 3 1 0 4 0 0 57 0 0 58 0 0 0 8 0 7 12 0 9 0 0 0 0 0 37 0 0 0 0 0 41 0 0 19 0 0 23 0 16 0 0 0 0 0 0 0 0 0 32 75 70 72 76 74 0 0 0 0 67 0 0 0 65 66 0 0 0 0 46 45 50 0 0 0 0 0 
25 0 24 32 0 0 0 27 0 0 0 0 0 0 0 0 0 2 35 38 34 39 0 36 0 0 37 0 0 64 0 0 0 0 0 0 49 42 0 0 0 50 48 0 0 0 0 0 0 0 0 57 0 59 21 0 0 22 0 17 0 0 0 0 9 0 0 11 12 0 0 0 75 0 0 0 0 0 0 0 0 
0 53 0 59 56 0 0 0 0 25 0 0 0 32 0 0 24 29 62 0 61 0 0 0 0 68 0 0 0 10 0 0 0 7 0 0 0 69 0 0 0 0 0 0 0 0 0 2 0 0 0 0 0 0 0 0 45 0 0 0 0 46 42 0 36 0 41 0 39 0 0 0 0 0 18 0 0 22 0 0 16 
7 0 0 0 0 12 10 0 0 0 0 0 0 68 0 0 0 0 0 0 0 0 0 0 22 23 0 47 0 46 0 0 0 0 45 0 0 24 0 0 0 0 30 0 0 40 34 0 0 35 36 0 0 0 3 0 81 0 2 80 5 0 78 0 0 69 77 74 0 0 70 0 0 55 0 0 56 0 53 0 52 
0 0 42 0 0 0 46 0 0 16 19 21 18 0 0 0 0 0 0 0 0 0 51 0 58 59 0 2 0 0 4 0 78 79 0 0 67 0 64 65 62 68 66 0 0 76 0 0 0 0 0 0 0 77 0 0 36 40 0 0 0 37 33 0 0 0 0 0 0 0 0 0 0 10 0 0 0 0 8 0 7 
11 0 0 0 15 0 0 0 0 0 0 0 67 0 71 0 0 0 21 0 20 0 19 22 0 0 23 0 0 50 53 0 0 0 0 54 35 0 32 0 30 36 0 0 0 0 0 42 0 0 40 43 0 45 0 0 0 0 0 0 0 0 1 80 76 0 81 0 0 0 0 0 0 59 0 63 0 62 0 55 0 
0 0 55 0 0 0 0 0 62 0 0 34 0 36 0 0 28 33 66 69 0 0 64 67 0 0 0 15 0 14 0 0 10 11 0 0 0 0 0 78 75 81 0 0 76 0 0 0 1 0 0 0 5 0 0 0 0 0 51 48 54 50 46 0 0 37 0 0 0 0 38 0 25 0 22 27 24 0 0 19 20 
0 0 28 0 33 0 0 31 0 2 5 0 0 0 8 3 1 6 39 42 38 0 0 40 44 0 0 0 0 0 71 0 0 0 0 0 53 46 0 51 0 54 0 47 0 0 0 0 55 0 0 61 0 0 25 0 22 0 0 0 27 0 0 0 0 0 18 0 16 14 0 0 0 77 0 0 0 0 0 0 74 
0 0 0 0 0 0 23 22 26 0 0 0 76 81 0 75 0 78 0 0 29 0 0 0 0 0 0 60 0 59 62 0 55 56 0 0 0 37 0 0 39 0 0 0 0 0 0 0 0 0 0 0 50 54 0 0 0 17 0 0 0 0 0 0 0 0 0 0 7 0 0 0 0 0 0 0 0 71 0 0 0 
0 3 1 9 0 7 0 4 0 0 59 0 0 63 0 0 0 60 0 15 0 0 0 13 17 0 0 0 0 41 0 0 37 38 0 0 0 0 23 24 0 27 0 20 22 0 0 33 0 0 0 34 32 0 0 74 76 0 78 0 0 0 0 71 0 0 0 0 0 68 0 66 52 50 0 0 51 53 0 46 47 
0 48 0 0 0 0 50 49 0 0 23 0 0 27 0 21 0 24 0 60 0 0 0 0 62 0 59 0 0 0 8 3 0 2 4 9 71 0 0 0 0 0 0 65 67 0 74 0 73 0 76 0 0 0 43 0 0 44 42 39 45 41 37 0 0 0 0 0 0 0 0 30 16 0 13 0 15 17 12 10 0 
0 0 0 72 69 0 0 67 0 0 0 43 0 45 44 0 0 42 0 78 0 0 73 76 0 0 77 0 25 0 0 21 0 0 22 0 8 0 0 0 3 9 0 0 4 17 11 0 10 0 0 16 14 18 0 56 0 62 60 57 0 59 0 0 0 0 54 0 0 0 0 48 0 0 0 36 0 0 30 28 0 
0 39 37 0 42 0 0 0 0 11 14 0 0 0 17 12 10 15 48 0 47 0 0 0 0 0 0 78 79 0 80 0 0 0 0 81 62 55 0 60 57 0 0 0 58 71 0 69 0 0 0 70 0 0 0 29 0 0 0 30 0 0 28 0 0 0 27 0 0 23 20 0 0 0 0 0 6 0 3 0 0 
74 75 73 81 0 0 0 0 0 0 0 0 49 54 53 0 46 0 3 0 0 0 0 0 0 0 5 33 34 0 35 0 0 0 0 36 0 10 0 0 0 0 16 0 13 26 0 24 19 21 22 25 0 0 70 0 0 71 0 66 72 0 0 0 0 0 0 60 0 59 0 57 0 41 0 45 42 44 0 0 0 
0 72 70 78 0 0 0 73 0 0 0 0 0 51 50 0 43 0 81 3 80 0 0 0 0 0 0 0 31 29 32 0 0 0 28 0 14 0 11 0 0 0 0 0 10 0 0 0 0 0 19 0 0 24 0 62 64 68 0 0 69 0 61 59 55 0 60 57 0 56 53 54 0 0 0 42 39 0 36 0 0 
44 0 0 0 0 49 47 0 50 17 0 22 19 0 0 0 0 0 0 57 53 0 52 55 59 0 56 3 0 0 0 0 0 80 0 6 0 0 0 66 63 69 0 0 0 0 0 0 0 0 73 0 0 0 0 35 0 0 0 0 42 38 0 0 0 25 0 30 0 0 0 0 0 0 10 15 0 0 9 7 0 
0 0 0 33 0 0 0 0 32 0 0 0 1 6 0 81 0 3 36 0 35 40 34 0 41 0 0 0 0 65 68 63 0 0 0 0 0 43 47 0 0 0 0 44 46 0 53 0 0 54 0 58 0 60 22 0 19 0 0 0 0 20 0 0 0 7 15 0 0 0 0 0 76 74 73 78 75 77 72 0 0 
0 0 52 0 0 0 56 0 59 0 0 31 0 0 0 0 0 30 0 0 0 0 61 0 68 0 0 0 13 11 14 9 7 0 10 0 0 0 0 0 0 78 76 0 0 5 80 0 79 81 0 0 0 0 0 0 0 50 0 0 0 0 0 0 0 0 0 39 40 38 0 0 0 20 0 0 0 23 18 16 17 
0 0 0 0 0 0 0 0 5 53 56 58 55 0 0 54 0 0 0 0 0 0 7 0 0 0 11 0 40 38 41 36 34 35 37 0 0 16 0 21 18 0 22 0 0 32 0 0 25 0 0 0 0 0 0 0 0 0 75 0 78 0 0 68 0 61 69 66 67 65 0 63 49 47 0 0 0 0 45 43 0 
35 36 0 42 39 0 0 0 41 0 0 0 10 0 0 0 0 12 45 0 0 0 0 46 0 0 47 75 76 0 0 0 0 71 0 0 0 52 0 0 54 60 0 0 55 0 0 66 0 0 64 0 65 0 0 0 0 0 30 27 33 0 25 0 19 0 24 21 22 20 0 18 0 0 0 0 0 5 81 0 0 
62 63 0 0 66 67 0 64 0 35 0 0 0 0 0 36 0 39 0 0 71 0 70 73 0 78 0 0 22 0 0 18 0 0 19 0 0 0 2 0 0 6 0 80 0 0 0 12 0 0 0 0 0 15 58 0 0 0 57 54 60 0 0 50 0 0 0 0 0 47 0 45 0 0 28 0 0 0 0 0 0 
0 0 0 15 12 13 11 0 0 0 0 67 0 69 0 63 0 0 0 0 0 0 16 0 23 0 0 0 49 47 0 0 43 0 0 0 32 0 0 0 27 33 0 26 0 0 0 0 0 0 37 40 0 0 4 0 0 0 0 0 0 2 79 0 73 70 78 0 76 0 71 72 0 56 55 0 0 0 54 52 0 
0 0 0 0 21 22 0 0 0 0 0 0 0 78 0 0 0 75 0 0 0 31 0 28 32 0 0 57 58 56 59 0 0 53 55 0 0 0 38 0 0 0 40 0 0 0 44 0 0 0 0 49 0 0 13 0 10 0 0 9 0 11 0 5 0 0 0 3 4 2 0 81 0 65 0 0 66 68 0 61 0 
19 0 0 26 0 0 22 21 25 73 76 78 0 80 79 74 72 77 0 0 0 33 0 30 34 0 31 0 60 58 61 0 0 55 0 62 43 0 0 0 38 44 0 37 39 52 46 50 0 0 0 0 0 53 15 0 12 0 0 11 17 13 9 0 3 0 0 5 6 0 1 0 69 0 0 71 68 70 0 63 64 
37 0 36 0 0 0 0 0 0 10 0 15 12 0 0 11 0 0 47 50 0 51 0 0 52 53 49 0 78 0 0 74 72 73 0 80 0 54 0 59 56 0 0 55 0 0 0 0 63 65 0 0 67 0 0 28 30 0 0 0 35 31 0 25 0 0 26 0 0 22 19 0 0 0 3 8 0 7 2 0 0 
28 0 27 0 0 0 31 30 0 1 4 0 3 0 0 0 0 5 0 0 0 42 0 39 43 44 0 0 69 67 0 65 0 64 0 0 0 0 49 50 47 0 0 46 0 61 55 0 54 0 0 0 58 0 0 0 0 25 0 0 26 0 18 0 0 9 0 0 15 13 0 11 0 0 0 0 0 79 0 0 73 
0 47 45 53 0 0 49 0 0 0 22 0 21 0 25 20 0 23 0 59 55 0 0 0 61 62 0 0 0 4 7 2 0 1 0 8 0 63 0 68 0 71 69 64 0 79 73 0 0 74 75 0 76 0 42 37 0 0 0 0 0 0 0 34 0 0 35 0 33 0 28 0 15 0 12 0 14 16 11 0 10 
55 0 54 62 0 60 58 0 61 0 0 33 0 0 0 0 27 32 65 0 64 0 63 0 70 0 0 14 15 0 0 0 9 10 0 0 79 0 76 0 0 80 0 0 0 0 0 0 81 2 0 6 0 0 51 46 48 52 0 47 53 0 0 0 0 0 44 41 42 40 37 38 0 0 21 0 23 0 0 18 0 
0 2 81 8 0 0 4 3 0 0 58 0 0 62 61 0 54 0 11 14 10 15 0 0 16 0 13 41 42 40 43 38 36 0 39 44 0 0 0 23 20 0 0 19 21 34 0 0 27 0 30 0 31 0 78 73 75 79 0 74 0 0 0 0 0 63 0 0 0 67 0 0 51 0 0 53 0 0 0 0 0 
10 0 0 0 14 15 0 0 16 0 67 69 0 0 0 65 0 0 0 23 0 24 18 21 0 0 22 0 51 0 0 47 0 0 48 0 34 0 0 0 0 0 0 0 30 43 37 0 0 0 39 42 0 0 6 0 3 0 5 2 0 0 81 0 75 72 0 77 78 0 73 0 0 58 57 0 59 61 0 0 0 
0 0 63 0 0 0 67 0 70 0 0 0 39 0 0 38 0 0 74 0 0 0 72 0 0 0 0 0 24 0 0 0 18 19 0 0 0 0 4 0 2 8 6 0 3 0 10 14 9 11 12 0 0 0 0 0 0 0 59 56 0 0 54 0 48 0 53 0 0 0 0 0 33 0 0 0 0 0 0 0 28 
73 0 0 0 0 0 76 0 0 0 49 0 48 0 52 0 0 50 0 0 0 0 0 3 0 0 0 0 0 0 34 29 27 0 30 0 0 0 13 0 0 0 0 0 0 25 19 23 18 0 21 24 0 0 69 64 66 0 68 0 71 0 0 61 0 0 62 59 0 0 0 0 0 0 0 0 0 43 0 36 0 
32 0 31 0 36 0 35 0 38 0 0 10 0 0 0 6 0 0 0 0 0 46 0 0 47 0 0 0 0 0 74 0 0 68 0 75 0 49 0 0 51 57 0 0 0 0 0 0 0 0 61 64 62 0 0 23 0 29 27 0 0 26 0 0 0 0 0 18 19 0 0 0 1 0 79 3 0 0 0 76 77 
0 0 40 0 45 0 44 43 0 0 17 0 16 21 20 0 0 18 0 54 50 55 0 0 0 57 0 0 0 0 2 0 0 0 79 3 65 0 0 63 60 0 64 59 0 74 68 0 67 0 0 0 71 0 37 0 34 0 0 0 0 0 0 0 25 0 0 0 28 0 0 0 0 0 0 12 0 0 6 0 0 
0 0 0 0 0 0 53 0 56 0 0 0 0 0 0 0 0 0 0 63 59 64 58 61 65 66 0 9 0 8 11 6 4 0 0 12 74 0 0 0 69 0 73 0 70 0 0 0 76 78 79 1 80 0 46 41 43 0 45 0 0 0 0 38 0 31 0 36 0 35 32 0 0 0 16 0 0 0 0 0 0 
14 0 0 21 0 0 0 0 0 68 0 0 0 75 0 0 67 0 0 0 0 0 22 0 29 30 26 0 0 0 0 0 0 0 0 57 38 0 35 36 33 0 0 32 34 47 41 45 0 42 43 0 0 48 10 5 7 0 0 6 0 8 4 2 79 76 3 0 0 80 77 78 64 62 61 0 0 65 0 58 0 
0 60 58 0 63 64 0 61 65 32 35 37 0 0 0 0 0 0 0 0 68 0 67 70 74 75 71 18 0 0 20 0 13 0 0 0 2 0 0 0 78 0 1 0 0 0 5 0 4 6 7 0 8 12 0 50 0 56 0 0 57 53 0 0 0 0 48 0 46 0 41 42 28 0 25 30 0 29 0 0 0 
0 0 0 0 81 0 0 0 0 50 0 0 52 57 56 51 0 54 0 0 0 0 0 0 0 0 8 0 37 35 38 33 0 32 34 0 0 13 0 0 15 21 19 14 0 0 23 0 22 24 25 28 0 0 0 68 0 74 0 0 0 0 0 0 61 0 0 63 0 0 59 60 0 44 43 0 0 0 0 0 41 
0 0 0 0 0 28 0 0 0 77 80 0 0 0 0 0 0 81 0 36 32 0 31 34 0 39 0 0 64 62 0 0 58 59 61 66 47 0 0 0 42 0 0 41 43 56 0 0 0 0 0 0 0 0 19 14 0 20 0 0 0 0 0 11 7 4 12 9 0 0 0 0 0 0 70 0 72 0 0 67 0 
0 0 4 0 0 0 0 7 0 0 62 0 0 0 65 0 58 0 0 18 14 0 0 16 0 0 17 0 0 0 0 42 0 41 0 48 29 0 0 0 0 30 0 23 0 38 32 0 0 0 0 37 0 0 0 0 0 0 81 0 0 0 76 0 70 0 0 0 0 0 0 69 0 53 52 0 54 0 0 0 0 
0 0 67 0 72 73 0 70 74 0 0 0 0 0 0 42 0 0 78 0 0 0 0 0 0 0 80 0 0 26 0 24 0 0 25 0 11 0 8 0 0 12 10 0 7 0 14 0 0 0 0 0 0 0 0 0 61 65 0 0 0 0 0 0 0 0 57 54 0 0 0 0 0 0 34 0 0 0 0 0 0 
69 70 0 0 0 0 0 0 0 0 0 0 0 0 0 0 0 46 0 0 78 0 0 80 0 0 0 28 29 0 0 0 0 0 0 31 0 0 0 0 0 0 11 6 8 0 0 0 0 16 17 0 18 22 0 60 0 0 64 0 67 0 0 57 0 0 58 0 0 54 51 52 0 0 0 0 0 0 0 32 0 
33 0 32 40 0 0 36 35 0 0 9 0 0 13 12 0 0 10 0 46 42 47 41 44 0 49 0 0 74 0 75 70 0 0 0 0 0 0 0 0 0 0 0 51 0 0 0 64 0 0 0 65 0 0 0 0 0 30 0 25 0 0 23 0 0 14 0 0 0 0 0 0 0 0 0 0 1 0 79 77 78 
0 25 23 31 28 29 0 0 30 78 0 2 80 4 3 0 77 1 34 0 0 38 0 0 0 40 0 64 0 63 66 61 0 60 0 0 48 41 0 0 0 0 0 42 0 0 0 0 0 0 53 0 54 0 20 15 17 21 0 0 22 18 14 0 8 5 0 10 11 0 6 7 0 0 71 0 0 75 0 68 69 
0 0 5 0 0 0 0 0 12 60 0 65 62 0 0 0 0 0 0 19 0 20 0 17 0 0 0 0 0 0 0 43 0 0 0 0 30 0 0 0 25 0 29 24 26 0 0 37 32 34 35 38 0 0 2 78 80 3 0 0 0 81 0 0 0 0 0 0 74 0 0 0 56 0 53 0 0 57 0 0 51 
0 43 0 0 0 0 0 44 0 0 0 0 17 0 0 0 14 0 52 0 0 0 50 0 57 58 0 0 2 0 0 0 0 0 0 4 0 59 0 0 61 0 65 0 0 0 0 0 68 0 71 0 72 0 38 0 0 39 0 34 0 0 0 0 0 0 31 0 29 0 24 0 11 9 8 0 10 0 0 5 6 
0 0 0 0 0 65 0 0 66 0 36 38 0 0 39 0 32 0 70 0 0 0 68 71 0 0 0 0 0 18 0 0 0 0 17 0 3 0 0 1 0 0 0 0 80 0 0 0 5 0 0 0 9 0 56 51 0 57 55 52 58 0 0 48 44 0 0 0 47 0 0 0 29 0 26 0 0 0 0 23 24 
78 79 0 4 0 2 0 80 3 0 0 56 0 0 0 0 0 0 0 0 6 11 5 0 0 0 9 37 38 0 0 0 0 0 0 0 0 0 0 0 0 0 20 15 0 0 24 0 23 25 0 0 27 31 0 69 0 0 0 70 0 72 0 66 0 0 0 64 65 63 0 0 0 0 44 49 0 0 0 0 0 
0 0 0 0 0 20 0 0 21 0 72 74 71 76 75 0 68 0 0 0 24 0 0 0 30 0 27 55 0 54 57 0 0 0 53 0 0 0 36 0 34 0 0 33 35 48 0 0 0 0 0 47 45 49 0 0 0 0 0 0 13 9 0 3 80 0 4 0 0 81 0 79 65 0 62 0 0 0 61 0 0 
0 52 50 58 55 0 54 53 0 0 27 0 26 31 30 0 0 0 61 0 0 0 0 62 0 0 63 0 0 0 0 7 5 0 8 0 0 0 72 73 0 0 0 0 0 0 0 0 0 79 0 0 0 0 0 42 44 48 46 0 49 45 41 0 0 0 0 0 0 0 0 0 20 0 17 22 19 0 16 0 0 
31 32 0 38 0 36 0 33 37 0 7 0 0 0 0 5 3 0 0 0 0 45 0 0 46 0 0 0 0 0 73 68 0 0 69 0 0 0 0 53 50 56 54 0 0 64 58 0 0 59 60 63 0 0 0 0 0 0 26 23 29 25 0 19 0 0 0 0 18 0 0 0 81 0 0 2 80 1 0 0 76 
0 0 0 0 0 0 0 6 10 58 61 0 60 0 64 0 0 0 0 0 0 18 0 15 0 20 16 44 0 0 0 41 39 40 42 47 0 0 0 0 0 0 0 0 24 0 0 0 30 0 0 36 34 38 0 76 78 1 80 0 0 0 0 73 0 66 0 0 72 0 67 68 0 0 0 56 53 0 50 0 49 
76 0 75 0 80 0 0 0 0 49 52 0 51 0 0 50 48 53 5 8 0 0 0 6 0 0 7 35 36 0 0 0 0 31 0 0 0 0 16 0 14 0 0 0 15 28 22 26 0 0 0 0 0 0 0 0 69 73 71 68 74 0 66 0 60 57 65 62 63 61 58 59 0 0 0 0 44 0 41 0 0 
13 0 12 20 17 18 16 15 0 67 70 72 69 74 0 0 66 0 0 0 0 0 0 0 28 29 25 53 0 0 55 50 48 0 51 0 0 0 34 0 0 0 36 31 33 0 40 44 0 0 42 0 43 0 0 0 0 0 0 0 11 0 0 1 0 0 0 80 0 0 0 0 0 0 0 0 0 64 59 0 58 
0 0 0 65 0 0 0 0 64 0 34 36 0 0 37 32 30 0 68 0 67 0 66 0 0 0 70 17 0 16 0 0 12 0 0 0 0 75 0 0 77 2 81 0 78 0 4 0 0 5 0 9 0 0 54 49 0 0 53 0 0 52 0 46 0 0 47 0 0 43 0 0 27 0 0 0 0 0 0 0 0 
0 41 0 0 0 0 43 42 46 0 16 0 0 20 19 0 12 17 0 0 0 0 48 51 55 0 0 80 0 79 0 0 75 0 0 0 0 0 61 62 59 0 0 58 60 0 67 71 0 68 0 72 0 74 36 0 33 37 0 0 0 34 30 0 24 0 29 26 0 0 0 0 0 0 0 0 8 10 0 3 4 
0 50 0 0 53 54 52 0 0 0 0 0 0 0 0 0 21 0 0 62 0 63 57 0 0 65 61 8 0 0 0 0 0 0 0 11 0 0 0 0 0 74 0 0 0 1 0 0 0 77 0 81 0 0 0 0 42 0 0 0 0 43 0 0 0 0 38 0 36 34 0 0 18 0 15 0 0 19 14 12 13 
0 0 21 0 0 0 0 24 0 0 0 81 0 0 1 0 0 0 0 0 31 0 0 33 37 0 34 62 0 0 0 59 57 0 0 0 0 0 43 0 0 47 45 0 42 0 49 53 0 0 51 0 52 0 0 13 15 19 17 14 0 0 0 0 0 0 11 0 0 0 4 0 0 70 69 0 0 0 68 0 0 
0 0 66 74 0 0 0 69 0 0 0 45 0 0 46 0 0 44 0 0 76 0 75 0 0 0 79 0 0 25 28 0 0 22 0 29 10 0 0 0 0 0 9 0 0 0 0 0 0 0 15 18 0 0 63 58 60 0 62 59 0 61 0 55 0 0 56 0 0 0 0 0 36 0 33 0 35 37 32 0 31 
66 0 0 73 70 0 0 0 0 39 0 0 41 46 45 0 38 43 76 79 75 0 0 77 0 0 0 0 0 0 0 0 0 21 23 28 0 0 0 0 4 0 0 3 0 0 0 16 0 0 0 0 15 19 0 57 0 0 61 58 64 0 0 54 50 47 55 52 53 0 48 49 0 33 0 37 0 0 31 0 30 
0 0 29 0 0 0 0 0 0 0 0 0 5 0 0 4 0 0 40 43 0 0 0 0 45 46 0 70 71 69 0 67 0 66 68 73 0 47 0 0 0 55 53 0 50 63 0 61 56 0 0 0 0 0 26 0 0 0 25 0 28 0 0 0 0 0 0 16 17 15 12 0 0 78 0 1 0 0 0 74 75 
0 0 0 19 16 17 0 0 0 0 69 71 68 0 0 0 65 0 22 25 21 0 20 0 27 0 0 52 0 51 0 49 47 48 0 55 0 0 0 0 31 0 35 0 32 0 0 0 0 40 0 0 0 46 0 3 5 9 7 0 0 6 0 0 0 74 1 0 80 78 0 0 0 0 0 0 0 0 0 56 0 
3 0 0 0 0 8 0 0 0 57 0 62 59 0 0 0 56 0 13 16 0 0 0 0 0 19 0 43 44 42 0 0 0 0 41 46 0 0 24 0 22 0 26 0 0 0 30 34 0 31 0 35 0 0 0 0 77 81 79 76 1 78 74 0 0 0 0 0 0 0 0 0 0 51 50 0 0 0 0 0 48 
0 0 56 64 61 0 60 0 63 30 0 35 32 37 36 0 29 34 0 70 0 0 65 68 0 73 0 16 0 15 0 0 0 0 14 19 0 0 78 79 76 0 80 75 0 0 3 7 2 0 5 8 6 10 53 0 0 0 0 49 0 0 0 0 41 38 0 43 44 42 0 0 0 0 23 28 25 0 22 20 21 
21 0 0 28 0 0 24 0 0 0 0 80 0 1 0 0 0 0 0 34 30 0 0 32 36 0 33 0 0 60 0 58 56 0 0 0 0 0 42 0 40 0 0 39 41 0 0 0 0 0 0 53 0 55 17 0 14 0 0 0 19 15 0 0 0 2 10 0 8 0 0 0 0 0 68 73 0 0 67 0 0 
0 49 0 55 0 0 51 50 0 21 0 0 0 0 27 0 20 0 0 61 0 0 56 59 0 0 60 7 8 6 0 0 0 0 0 10 0 65 0 70 0 0 71 66 0 0 0 0 0 0 77 0 0 1 0 0 0 45 0 0 0 0 38 0 0 0 0 0 0 0 30 31 17 15 14 0 0 0 0 11 0 
0 0 0 0 0 44 0 41 45 12 0 0 14 0 18 0 0 16 0 52 0 53 47 0 0 0 0 79 0 78 81 76 0 0 0 1 0 0 0 0 0 64 0 0 59 72 0 0 0 0 0 0 0 0 0 0 0 0 0 0 0 0 0 27 23 20 28 0 0 24 0 0 8 6 0 0 0 9 4 0 0 
0 76 74 0 79 0 78 77 81 0 51 53 50 0 0 0 47 0 0 7 3 8 0 5 0 0 0 0 35 33 36 0 0 0 0 37 18 11 0 16 0 19 17 12 0 0 0 25 20 0 23 0 24 0 0 0 0 0 70 0 0 69 0 0 59 0 0 0 0 60 0 0 44 42 0 46 43 0 40 0 0 
0 0 44 0 0 50 0 47 0 18 0 0 0 0 24 19 17 0 0 0 54 59 53 56 60 0 57 4 0 0 0 0 0 81 2 7 0 0 0 67 0 0 0 0 65 78 72 76 0 0 0 0 0 79 41 0 38 0 40 37 0 39 35 33 29 0 0 0 0 0 0 0 0 12 0 0 0 0 10 0 9 
72 73 0 79 0 77 0 74 0 0 0 50 0 0 51 46 0 0 1 4 81 0 0 2 6 0 3 0 0 0 0 0 0 0 0 34 0 0 0 0 10 0 0 0 0 0 0 0 17 0 20 23 0 25 0 0 65 0 0 0 0 66 62 0 0 0 0 58 59 0 0 55 0 0 38 0 0 0 0 35 0 
0 0 0 43 40 0 0 38 0 0 0 0 11 0 0 0 0 0 0 49 45 50 44 47 0 0 48 76 77 0 78 0 71 72 74 79 0 53 0 58 0 61 0 0 0 0 0 67 0 64 65 68 0 0 0 0 0 33 0 0 0 0 0 24 0 0 25 22 23 21 0 0 0 0 0 7 4 0 0 0 81 
0 0 0 0 13 0 0 0 0 63 0 68 0 70 0 64 0 67 0 0 18 0 17 20 24 25 0 0 50 0 0 46 0 0 0 0 0 26 0 0 0 34 0 0 0 0 0 0 0 0 0 0 0 0 0 81 0 0 0 0 7 0 0 0 0 0 0 0 77 0 72 0 0 0 56 61 58 0 0 0 54 
81 0 0 7 4 0 3 0 0 0 57 0 0 61 0 0 53 58 0 0 0 0 0 0 0 16 12 40 0 0 0 0 35 0 0 43 0 0 21 0 0 0 0 0 0 0 0 0 26 0 0 0 30 34 77 0 0 0 76 0 0 75 0 69 65 62 70 67 68 66 0 64 0 48 0 0 49 0 0 0 45 
0 0 17 0 22 23 0 0 0 0 75 77 74 0 0 73 0 0 28 0 0 0 0 29 0 34 0 0 59 0 60 0 53 0 0 0 42 35 0 40 37 43 0 0 0 0 45 0 0 0 0 0 48 52 0 0 0 0 0 0 0 0 0 0 2 80 0 0 5 3 81 0 68 0 65 70 0 69 64 62 63 
0 0 0 0 0 32 30 29 0 81 3 0 2 7 0 0 0 4 37 0 36 0 35 38 42 0 39 67 0 0 0 64 0 0 65 0 0 44 0 49 0 0 0 45 0 0 0 58 53 0 0 0 57 0 0 0 0 0 0 19 0 21 0 15 11 0 0 13 14 0 0 0 77 0 74 0 0 0 73 0 72 
0 64 0 70 0 68 66 0 0 0 39 0 38 0 0 0 35 40 0 0 72 77 0 74 78 0 0 0 0 0 24 0 0 18 0 25 0 0 0 0 1 0 0 81 0 0 9 0 0 0 11 0 0 0 59 54 56 0 58 55 0 0 0 51 0 0 52 49 0 0 45 0 32 0 0 0 0 0 28 0 0 
54 0 0 61 0 0 57 0 60 0 0 0 29 0 0 0 26 0 0 67 0 0 62 0 69 70 66 13 14 0 0 10 0 9 0 0 78 0 75 76 73 0 77 0 0 6 81 4 80 0 2 0 3 0 0 0 47 0 0 0 0 0 0 0 0 0 43 40 41 0 0 37 0 0 20 0 0 0 19 0 0 
