9
0 0 0 59 0 60 0 63 65 0 0 0 0 56 49 53 0 0 0 15 13 0 0 20 0 14 19 0 23 0 0 26 0 29 0 28 0 35 0 0 0 37 32 0 38 10 0 0 0 0 0 0 0 0 0 48 0 0 43 0 47 0 0 68 0 0 0 69 0 0 0 0 3 80 0 0 77 1 0 0 0 
67 75 0 0 0 0 70 72 0 0 0 61 60 0 0 0 66 0 27 24 0 0 30 0 0 0 28 0 0 34 39 0 33 38 0 0 0 0 48 0 40 0 0 0 0 0 0 0 21 0 0 0 14 0 55 0 54 49 52 0 56 0 0 0 0 1 3 78 0 80 76 0 0 8 0 7 5 10 0 11 6 
0 0 0 0 0 33 34 36 0 0 23 0 0 0 0 0 30 0 72 0 67 0 0 0 71 0 0 0 77 0 0 0 0 2 76 1 0 8 0 0 4 10 0 0 0 64 58 0 0 62 63 61 59 0 0 0 18 13 0 0 20 0 14 0 0 46 48 0 43 0 0 47 57 53 49 0 50 55 54 0 0 
4 12 0 5 0 0 0 0 0 0 77 0 0 0 76 80 0 0 0 0 40 0 0 0 0 41 0 0 0 0 0 0 0 56 0 0 0 0 66 0 58 0 59 0 65 37 0 38 39 35 36 0 0 0 73 0 0 0 70 71 0 0 68 0 0 0 0 15 16 17 13 0 30 26 22 0 0 0 0 0 0 
0 0 0 0 0 0 16 18 20 0 5 0 0 11 4 0 0 10 0 51 49 0 57 0 0 0 55 0 0 0 0 0 0 0 0 64 0 71 75 0 0 0 0 69 74 46 0 47 48 0 0 43 41 42 0 3 0 0 0 0 0 78 0 23 0 28 0 0 25 0 0 0 0 35 31 34 0 0 36 38 33 
0 30 0 0 26 0 0 0 0 18 0 16 15 0 0 0 21 19 63 60 0 0 0 0 62 59 0 0 68 70 0 0 0 0 0 0 0 80 3 0 0 0 77 78 2 55 0 56 0 0 54 52 50 0 0 0 0 0 0 0 0 0 0 32 0 37 0 0 0 35 0 38 0 44 40 43 41 0 45 0 0 
0 48 0 41 0 42 0 45 47 36 0 0 0 0 0 0 0 0 0 0 0 79 0 0 0 0 1 9 0 0 12 0 6 0 4 0 16 17 21 0 13 0 0 0 0 73 67 0 75 71 0 70 68 69 0 30 27 0 0 0 0 0 0 0 0 0 57 51 0 0 49 0 0 62 58 0 0 0 0 0 0 
49 57 0 0 0 0 0 54 56 0 0 0 0 0 0 0 48 46 9 0 0 0 12 11 0 5 0 0 0 0 0 0 15 0 0 19 0 0 0 27 22 0 0 24 0 0 0 2 0 0 81 0 77 0 0 0 0 0 34 35 0 0 32 0 63 64 0 60 0 0 0 65 75 71 67 0 0 73 0 0 0 
76 0 1 0 0 0 0 0 0 72 0 70 0 0 0 0 0 73 36 33 0 34 39 38 0 0 37 0 0 43 0 0 42 0 40 0 0 53 57 0 0 55 50 51 0 0 0 0 0 0 0 25 0 0 64 66 63 0 0 0 65 0 0 5 0 0 12 6 0 0 0 0 21 0 0 0 0 19 0 20 15 
0 28 0 21 24 0 0 0 27 0 12 14 0 18 0 15 0 17 61 0 0 59 0 63 0 0 0 0 66 0 73 0 0 0 0 0 0 0 0 0 74 80 0 0 0 53 0 0 0 51 0 0 0 49 8 10 0 0 0 6 0 4 0 0 0 35 0 0 32 0 0 36 0 42 38 0 0 44 43 0 0 
65 0 0 0 69 0 68 0 72 61 57 0 58 0 0 60 0 0 0 0 20 0 28 27 24 0 0 34 0 0 0 0 0 0 29 0 41 0 0 43 0 0 0 40 45 17 11 0 19 15 16 14 0 13 53 0 0 47 0 0 0 0 0 75 79 0 0 76 0 0 0 0 0 0 2 0 0 8 0 0 0 
0 0 0 0 60 0 0 0 63 52 0 0 0 0 0 0 0 0 0 0 11 0 0 18 0 0 0 25 21 0 0 0 22 27 20 26 0 33 0 34 0 0 0 0 36 8 0 0 10 0 0 5 0 4 0 0 43 0 0 0 45 40 39 66 70 71 0 0 68 69 0 72 0 0 74 0 0 80 0 0 0 
0 1 80 0 78 0 77 79 81 0 66 0 67 72 0 0 0 71 0 0 0 0 0 36 33 0 0 43 0 41 46 0 40 0 0 0 0 0 55 0 47 53 0 0 0 26 20 27 28 0 0 23 21 22 0 0 0 0 0 60 0 58 0 0 7 8 0 4 0 0 0 0 19 0 0 14 0 0 0 0 0 
0 0 0 12 15 0 14 16 0 7 0 0 0 9 0 0 0 0 52 0 47 0 0 0 0 0 53 61 57 0 0 0 0 63 56 0 0 0 73 0 0 71 0 0 0 44 0 0 46 0 0 0 0 40 80 1 0 74 77 78 81 76 75 0 0 26 0 22 0 24 0 0 0 0 29 32 0 0 0 0 31 
0 0 0 0 42 0 0 43 0 34 0 32 31 0 0 0 37 35 0 0 74 0 1 0 0 0 80 0 0 0 0 6 0 0 0 8 0 0 0 16 0 17 0 0 0 0 0 0 0 0 70 68 66 0 0 0 25 20 0 0 0 0 21 48 52 0 0 49 0 0 47 54 0 60 0 59 57 62 61 0 58 
0 55 53 48 0 49 0 0 0 43 0 0 0 45 0 0 0 0 7 4 0 0 0 9 6 3 8 0 0 14 0 15 0 18 11 0 0 24 0 25 20 26 0 0 0 0 0 0 0 0 0 77 75 0 35 0 34 0 0 0 0 0 0 57 61 0 0 0 0 60 0 0 73 0 65 0 0 71 70 72 67 
29 0 35 30 33 31 0 0 0 25 0 23 0 27 0 0 28 26 0 0 0 68 0 72 69 0 0 79 0 77 1 78 76 0 0 0 5 6 10 0 0 0 0 0 0 0 56 0 64 60 0 59 0 58 17 0 0 0 0 0 0 13 12 39 0 44 0 40 0 0 38 45 0 51 0 0 0 0 0 0 49 
2 10 0 0 6 0 0 7 0 79 0 0 0 0 0 78 1 80 0 40 0 41 0 45 42 0 44 0 0 0 0 0 0 0 0 0 59 0 0 61 56 0 0 0 0 35 0 0 0 33 34 32 0 31 0 73 70 0 0 69 72 67 66 0 16 0 0 13 14 0 0 0 0 0 20 23 21 0 0 27 0 
14 0 20 0 0 0 0 0 21 0 0 8 0 0 0 9 0 0 55 52 0 0 0 0 0 0 0 64 0 62 67 63 0 0 59 0 71 72 0 73 0 0 0 0 75 47 0 48 0 0 0 0 42 0 0 0 0 0 80 0 3 79 0 0 0 0 0 0 26 0 0 0 40 0 0 0 0 38 37 0 0 
32 40 38 0 0 0 35 37 0 0 24 0 25 30 0 27 31 0 0 70 0 71 0 0 72 0 0 0 78 0 0 0 0 0 77 2 0 0 13 10 0 11 0 0 0 0 0 66 67 63 64 62 0 0 0 0 0 0 17 18 0 0 15 42 46 0 0 0 0 0 41 0 58 0 50 53 0 0 55 57 52 
0 0 0 0 0 25 0 28 0 0 15 17 0 21 0 18 0 20 0 0 59 62 0 0 0 60 0 0 69 71 76 0 0 75 68 74 0 81 0 0 0 2 78 0 0 0 50 57 58 0 55 0 0 0 0 13 10 0 0 9 12 7 6 33 37 0 40 0 35 0 0 0 0 0 0 0 0 0 46 0 0 
0 0 74 69 0 70 71 0 0 0 0 0 0 66 59 0 0 65 28 0 23 26 0 0 27 0 0 37 33 0 0 0 0 0 0 38 0 45 0 0 41 0 42 0 0 0 0 21 22 18 0 0 0 16 0 0 0 50 53 0 57 0 51 0 0 0 0 0 0 0 77 3 0 0 5 8 0 11 0 12 0 
41 0 47 0 45 43 44 0 0 0 33 35 34 0 32 36 0 38 1 79 77 0 4 3 81 78 2 0 6 8 0 0 0 12 0 0 0 0 0 19 0 0 15 16 21 0 0 75 0 72 0 0 0 0 29 0 0 23 26 27 30 25 0 51 55 0 0 52 53 0 0 0 0 63 59 62 0 0 64 0 61 
59 0 0 0 63 0 0 64 66 55 0 0 0 57 0 54 58 56 19 16 0 17 22 21 0 15 20 0 0 26 0 0 0 30 23 0 0 36 0 37 0 38 0 0 0 0 0 12 0 0 10 8 0 0 47 0 0 41 0 0 0 0 0 0 73 0 76 70 71 0 68 0 4 0 77 80 0 2 1 0 0 
77 4 0 0 0 0 0 0 3 73 0 0 0 0 68 0 0 0 37 34 0 0 0 0 0 0 38 46 42 44 49 0 0 0 41 0 0 0 0 55 0 56 51 0 0 29 23 30 0 0 28 0 0 0 0 67 0 0 0 0 0 61 0 0 0 11 0 7 0 9 0 12 0 0 14 17 0 0 0 21 0 
5 0 11 6 0 0 0 0 12 0 0 80 79 3 0 81 0 2 0 43 0 0 0 0 0 0 0 55 51 0 0 0 52 57 0 0 62 63 0 64 0 65 0 0 0 0 32 0 40 0 37 35 0 34 0 0 73 0 0 0 0 70 0 15 19 0 0 16 0 0 0 21 0 0 0 0 0 0 28 0 0 
0 0 56 51 54 52 0 55 0 0 0 0 0 0 41 45 0 47 0 0 5 8 13 12 0 0 0 0 15 17 0 0 0 0 0 0 0 27 0 0 23 29 0 0 0 2 77 3 0 0 1 0 78 0 38 0 37 0 0 0 39 34 0 0 64 0 67 0 62 63 0 66 0 72 0 0 69 0 73 0 0 
28 36 0 29 0 0 0 0 0 0 20 0 21 26 0 23 0 0 0 0 0 0 0 71 68 65 0 78 0 0 81 0 75 80 0 79 0 5 0 0 0 0 2 3 0 0 0 0 0 0 0 0 0 0 16 18 0 0 13 14 0 0 11 0 42 0 0 39 40 41 0 0 54 50 46 49 0 0 51 53 48 
0 0 0 65 68 0 67 0 0 60 0 58 0 0 0 59 0 61 0 0 19 22 27 0 23 20 0 0 29 31 0 0 0 0 28 34 0 0 45 0 0 43 38 0 44 0 0 17 18 14 15 0 0 0 0 54 0 46 49 50 53 0 0 0 0 0 81 75 76 0 73 80 9 0 1 0 0 0 0 0 0 
37 0 0 38 41 39 40 42 0 33 29 0 30 35 28 0 36 0 0 75 73 76 0 80 0 0 0 0 0 0 0 5 3 0 0 0 13 0 0 0 0 16 11 12 0 0 64 0 0 0 0 67 65 66 0 0 24 0 22 0 26 21 0 0 51 0 54 0 49 50 46 53 0 0 55 58 56 61 0 62 0 
55 0 0 0 0 57 0 0 62 0 0 0 0 0 0 50 0 0 0 0 0 13 0 0 0 0 0 24 0 22 27 23 21 0 19 25 31 0 36 33 0 0 0 30 35 0 0 8 0 0 6 4 2 0 43 0 0 37 0 0 0 0 0 0 0 70 0 0 0 68 0 0 81 0 0 76 0 0 0 0 0 
46 0 0 47 50 0 49 0 53 0 0 0 0 44 0 0 0 0 6 3 0 0 0 8 0 2 7 0 0 0 18 0 12 17 0 16 0 23 27 24 0 0 20 0 0 79 0 0 0 0 0 0 74 0 34 0 0 0 0 32 35 30 0 56 0 0 0 0 0 59 0 0 72 0 0 67 65 70 69 0 66 
10 18 0 11 14 12 0 0 17 0 0 4 0 8 0 0 0 0 0 48 46 49 54 0 0 0 52 0 0 58 0 59 0 62 55 61 0 68 0 0 0 0 0 0 0 0 0 44 0 0 0 0 38 0 79 81 0 0 0 0 0 75 74 0 0 25 0 21 22 23 0 26 36 32 0 0 29 0 33 0 30 
0 0 0 0 5 3 0 0 0 0 0 76 0 80 0 0 81 0 0 39 0 40 45 0 41 0 43 51 47 49 0 50 48 0 0 52 58 59 0 60 0 61 56 0 0 0 0 35 0 0 0 0 0 30 0 72 0 64 67 0 71 0 0 0 0 16 0 0 0 14 0 17 0 23 19 22 0 0 0 0 0 
19 0 0 0 0 21 0 0 26 0 11 0 0 0 10 0 18 16 0 57 0 0 0 0 0 0 61 0 65 0 0 0 66 71 0 0 0 0 81 0 0 0 0 75 0 0 0 0 54 0 51 49 0 0 0 0 6 1 0 0 0 0 0 29 0 0 0 30 0 0 0 0 45 0 0 0 0 43 42 0 0 
0 81 0 0 77 0 0 0 0 0 0 67 66 0 64 68 0 70 0 30 0 31 0 35 0 0 0 0 0 0 45 41 0 44 0 0 0 50 0 51 0 0 0 0 53 0 19 0 27 23 0 0 0 0 0 63 0 0 58 0 0 57 0 0 0 7 9 3 4 0 0 0 0 14 10 0 0 0 0 0 0 
70 78 0 71 74 0 0 0 0 66 0 0 0 0 61 65 0 67 0 27 25 0 0 32 29 26 0 39 35 37 0 0 36 0 0 40 46 0 0 0 43 0 44 0 0 0 0 0 0 20 0 19 0 18 0 0 0 0 0 0 0 0 53 0 3 0 0 81 0 2 0 0 0 0 0 0 8 0 0 0 0 
0 6 4 0 0 0 0 3 0 75 0 73 72 0 0 74 78 76 39 0 0 37 42 0 0 35 0 0 0 0 0 47 45 50 0 49 0 56 0 0 0 0 53 54 0 0 25 0 33 29 0 0 0 27 0 0 66 61 0 0 68 0 0 0 12 13 0 0 10 0 0 14 24 0 0 19 17 0 0 23 0 
0 0 40 0 0 0 0 39 41 0 26 28 27 0 0 29 33 31 0 0 0 73 78 0 0 0 76 0 80 0 6 2 81 5 0 0 10 0 0 0 0 0 0 0 0 67 0 0 0 65 66 0 0 63 0 0 21 0 19 0 0 0 0 0 48 0 51 45 0 0 0 0 60 56 0 55 0 58 0 0 54 
7 0 0 0 0 9 10 0 0 3 0 0 0 0 79 2 0 0 0 0 0 46 51 50 0 0 0 57 0 0 60 0 0 59 0 0 0 0 0 0 0 0 0 63 0 40 0 41 0 38 0 37 0 0 0 0 0 0 0 74 77 0 0 17 0 22 24 0 19 0 16 23 33 0 25 0 0 0 0 32 0 
25 33 0 0 29 27 0 0 0 0 17 19 18 0 0 20 0 22 0 63 61 0 0 0 0 62 0 0 0 73 0 74 72 0 70 0 0 2 6 3 79 4 80 0 0 58 0 59 60 0 0 55 0 54 0 0 0 0 0 0 0 0 0 35 39 40 42 0 0 0 0 41 0 0 0 0 0 49 0 50 0 
0 24 22 17 0 18 0 0 23 12 8 0 9 0 0 11 0 13 0 54 0 0 60 0 0 53 58 0 62 0 0 65 0 0 61 67 73 74 0 75 0 76 71 72 77 49 0 0 51 0 0 0 0 0 0 0 0 0 1 2 0 0 0 0 30 31 33 0 0 29 0 32 0 0 34 0 35 0 0 41 0 
52 0 0 53 0 0 0 0 0 48 44 0 45 50 0 0 51 49 0 0 7 0 0 14 0 8 13 21 17 19 0 20 18 23 0 0 28 0 33 30 25 0 26 0 32 0 79 0 0 0 0 0 0 81 0 0 39 0 37 0 0 0 0 62 0 0 69 0 64 0 0 68 0 0 70 0 0 0 75 77 72 
61 69 0 0 0 63 0 66 0 57 0 0 0 59 52 0 0 0 21 0 16 0 24 0 0 0 22 30 0 28 0 0 27 32 25 31 0 0 42 0 0 40 35 36 41 0 0 0 15 11 0 0 0 9 49 0 48 0 46 47 0 0 44 0 75 0 78 72 0 0 70 77 0 0 79 0 0 0 3 0 81 
43 0 49 0 0 0 0 0 0 0 0 37 36 41 34 38 0 0 3 0 0 1 6 0 2 80 4 12 0 0 0 11 9 0 0 13 0 20 0 0 0 22 0 0 0 0 0 77 0 74 0 73 0 72 0 0 0 25 0 29 0 27 26 0 57 58 0 0 0 56 0 0 0 0 61 0 62 0 0 0 63 
0 43 41 0 39 37 38 0 0 31 0 0 28 0 26 30 0 32 0 0 71 74 79 0 0 0 0 0 0 0 0 3 0 6 80 0 0 0 0 0 0 14 0 0 0 0 0 0 0 0 0 0 0 0 0 0 0 17 20 0 0 19 0 45 0 0 52 0 0 48 0 0 0 57 53 0 0 0 0 60 0 
0 0 0 18 0 0 20 0 24 0 0 0 0 0 0 12 0 0 58 0 0 0 61 0 0 0 59 67 0 0 0 0 0 0 62 68 0 0 79 0 0 0 0 73 0 0 44 51 0 0 49 0 0 46 0 0 4 0 0 0 0 0 0 0 31 0 0 28 0 0 0 0 0 0 35 0 0 41 0 0 37 
44 52 0 45 0 46 47 49 0 40 36 0 37 0 0 0 43 0 0 1 0 0 0 6 3 0 0 0 0 11 0 12 10 0 0 14 0 0 0 0 17 23 0 0 0 0 0 78 79 75 76 0 72 0 0 0 0 26 0 0 0 0 27 0 0 59 0 0 56 57 0 0 0 0 62 0 63 68 67 69 0 
0 61 59 54 0 0 0 58 0 0 45 0 0 0 0 0 0 0 0 10 0 0 0 15 12 9 0 0 18 0 25 0 0 24 0 23 0 30 0 0 0 32 0 28 0 0 0 0 0 0 4 0 81 0 0 0 40 35 0 0 42 0 36 63 0 68 70 64 0 0 0 0 0 0 0 0 0 77 76 78 0 
0 79 0 0 75 73 74 0 78 0 63 0 64 69 62 0 0 0 0 0 26 0 34 0 0 0 32 0 0 0 0 0 0 0 0 41 0 48 52 0 0 50 45 0 51 0 0 0 25 0 0 0 0 0 59 0 0 0 0 57 0 55 54 81 0 0 0 0 2 0 80 0 0 0 0 0 9 14 13 15 10 
62 0 0 0 66 64 0 0 0 0 0 0 0 0 0 0 0 59 22 19 0 20 0 24 0 0 23 31 0 29 34 30 28 33 0 32 38 0 0 0 35 0 36 0 0 0 0 0 0 0 0 0 0 0 50 52 49 44 47 0 0 46 45 0 76 0 0 73 74 75 71 78 7 3 0 2 0 5 4 6 1 
8 16 0 0 12 0 11 0 15 0 81 0 0 0 80 3 0 0 49 0 0 0 0 51 0 45 50 0 54 56 61 0 0 0 53 59 0 66 0 67 0 0 0 64 69 41 35 42 0 39 0 38 0 37 0 0 0 71 74 0 0 0 0 0 0 0 0 0 0 0 0 0 0 0 26 0 27 32 0 0 0 
0 0 0 0 0 0 0 0 6 76 0 0 73 0 0 0 0 0 0 0 0 0 43 42 39 0 41 0 45 0 52 48 0 0 0 50 0 0 0 0 0 59 54 0 0 0 26 33 34 30 0 0 0 28 68 0 0 0 0 0 0 64 63 0 13 14 16 0 0 0 8 15 0 21 0 20 18 0 0 0 19 
26 0 32 0 30 0 0 0 0 0 0 20 19 0 0 0 0 23 67 0 0 65 0 69 0 0 0 0 0 0 79 0 0 0 0 0 2 0 7 0 0 5 81 1 0 0 0 0 0 57 58 56 54 0 0 16 0 0 0 0 15 0 9 0 0 0 0 0 0 0 0 42 52 0 0 47 45 50 0 0 0 
0 29 0 0 0 23 0 0 0 17 13 15 0 19 0 16 20 0 0 59 0 60 0 0 0 0 0 71 0 69 0 70 0 73 0 0 78 79 2 0 0 0 0 0 0 0 0 0 56 0 53 0 0 50 9 11 8 0 6 7 0 5 0 31 35 0 38 0 0 0 0 37 0 43 0 0 40 45 0 0 41 
30 0 36 0 34 0 33 35 0 0 0 0 0 28 21 0 0 0 71 0 0 69 74 73 0 0 72 0 0 0 0 0 77 1 0 0 0 0 0 0 3 9 4 0 0 0 0 0 65 0 62 0 58 0 0 20 0 0 15 16 19 0 0 40 0 0 0 0 0 0 39 0 56 52 48 0 0 0 0 0 0 
0 0 0 13 0 14 15 0 19 8 4 0 5 0 3 7 0 9 53 50 48 51 0 0 0 0 0 0 0 0 65 0 59 0 57 63 0 0 74 0 66 0 0 0 0 45 39 46 47 0 0 42 0 0 0 2 0 75 0 79 0 0 0 0 0 27 0 23 24 0 0 0 0 0 30 0 0 0 0 37 32 
75 2 0 0 0 0 78 0 0 71 0 69 0 0 0 70 0 72 0 32 30 0 0 0 0 0 0 0 0 0 47 0 41 0 39 45 0 0 0 0 0 0 49 0 0 0 21 0 29 25 0 0 0 23 63 0 62 0 60 0 64 0 0 0 0 0 0 0 0 7 3 0 0 16 12 0 13 18 0 0 14 
0 0 0 0 0 0 0 53 55 0 40 0 41 0 0 43 0 0 8 5 3 0 11 0 0 0 0 0 13 15 0 16 0 19 12 18 0 0 0 0 21 0 0 23 0 0 0 1 0 79 80 78 76 77 0 0 35 30 33 0 0 0 0 0 0 0 0 0 0 0 0 0 0 0 0 0 67 0 0 0 68 
0 11 0 0 7 0 0 0 0 0 0 78 77 1 75 0 0 81 44 0 39 0 0 46 43 0 0 0 49 0 0 0 50 55 0 54 60 0 65 62 57 0 58 0 0 0 30 0 0 34 35 0 0 0 0 0 0 0 0 0 73 68 67 0 17 0 20 14 0 0 0 0 0 0 21 24 0 27 0 28 0 
0 0 0 67 0 68 69 0 0 62 58 60 0 0 57 0 0 63 26 0 0 0 29 0 25 0 27 0 31 33 38 0 32 0 0 0 0 0 47 44 0 0 40 0 46 18 0 0 0 0 17 0 13 0 54 0 53 48 51 0 55 50 49 0 80 81 0 0 0 79 75 1 11 7 0 6 4 9 0 0 0 
39 47 0 0 43 0 0 0 0 0 0 0 0 37 0 34 38 36 0 0 0 0 2 0 79 76 0 0 4 6 0 0 5 0 0 9 0 0 0 0 0 0 0 0 0 0 0 0 74 70 0 69 67 68 0 0 26 21 0 25 0 23 22 0 0 54 0 0 51 52 0 55 0 0 0 60 58 0 0 64 0 
0 0 0 0 0 0 0 62 64 0 49 0 0 55 0 52 56 0 0 14 0 0 0 19 0 0 0 0 0 0 29 25 0 0 0 0 33 0 38 0 0 0 0 0 0 0 3 0 11 0 0 6 4 5 45 47 0 0 0 0 0 41 40 67 0 0 0 68 69 70 66 0 2 0 0 78 0 0 0 0 0 
0 0 0 0 0 0 0 74 0 65 0 0 0 67 0 0 68 66 0 26 24 27 32 0 0 0 30 0 0 36 0 0 35 0 0 39 0 0 50 0 0 48 0 44 0 0 15 0 0 0 0 18 16 0 57 0 0 51 0 0 0 0 52 0 2 0 0 80 0 0 78 4 14 0 0 0 0 0 0 13 0 
0 59 0 52 0 53 0 56 0 0 43 0 44 0 42 0 0 0 11 0 0 9 14 0 10 0 0 20 0 0 0 0 17 0 0 0 27 28 0 0 0 0 0 26 31 0 0 0 0 0 2 81 0 0 0 41 0 0 0 0 0 35 34 0 65 0 68 0 63 0 60 67 0 0 69 72 0 0 74 0 71 
0 0 0 7 10 0 9 11 13 2 79 0 0 0 78 0 0 0 47 0 0 0 50 0 46 43 48 0 52 0 0 55 0 58 0 0 0 64 68 65 0 0 61 62 0 0 33 0 0 37 38 36 0 35 0 77 74 0 0 0 0 0 70 0 0 0 23 17 18 0 0 0 0 0 24 27 25 30 0 31 0 
0 23 21 0 0 17 0 0 0 0 0 9 8 0 0 10 0 0 56 0 0 0 0 0 55 0 0 65 0 0 68 64 0 67 0 0 72 73 77 0 0 75 0 71 76 0 42 0 50 0 0 0 0 44 0 5 0 78 81 0 0 80 0 25 29 30 32 26 0 0 0 0 0 0 33 36 34 0 38 0 0 
60 0 66 0 64 62 0 65 0 56 52 0 53 58 0 55 59 57 0 0 0 18 0 0 0 16 0 0 25 0 0 0 0 0 24 30 0 37 0 38 33 0 34 0 0 12 0 13 0 0 0 9 7 8 48 50 0 0 45 46 49 0 43 0 74 75 0 0 0 73 0 0 0 1 0 81 0 0 2 0 80 
0 0 0 25 28 0 27 29 0 0 0 0 0 0 0 19 23 21 0 62 60 0 68 0 0 0 66 74 70 0 0 0 0 76 69 75 81 0 0 0 78 0 0 0 0 57 0 58 0 0 0 0 0 53 0 0 0 6 9 10 13 0 0 0 38 39 0 35 0 0 0 0 0 0 0 0 0 48 47 49 0 
0 0 0 0 0 35 0 38 0 0 25 0 0 0 24 0 32 0 0 71 0 0 0 0 0 0 0 0 79 0 5 0 0 4 0 0 9 0 14 11 6 0 0 8 13 0 0 0 68 0 65 0 0 0 21 23 20 15 0 0 0 17 16 43 0 0 0 0 45 0 0 0 0 55 51 54 52 57 0 0 53 
0 5 3 0 0 0 0 0 0 0 0 0 71 0 69 0 77 0 0 35 0 36 0 0 37 0 0 0 43 0 0 0 0 0 42 48 0 55 0 56 51 0 52 53 58 0 0 31 0 0 29 27 25 26 66 0 65 60 0 64 67 0 0 0 0 12 0 0 9 0 0 13 0 19 15 18 0 0 20 0 17 
42 0 0 0 46 0 0 47 0 0 0 0 35 0 0 0 0 0 0 0 0 0 0 4 0 79 0 0 7 9 0 10 0 0 0 0 18 0 23 20 0 0 16 0 0 0 0 76 0 0 0 0 0 71 0 0 0 0 0 28 31 0 25 0 0 0 0 0 0 0 0 0 0 0 0 0 0 66 0 0 62 
0 0 0 1 4 2 0 5 7 0 0 75 0 0 0 76 0 78 0 38 0 0 0 43 0 0 42 50 0 48 53 49 0 0 45 51 0 0 62 0 0 0 0 56 0 0 27 34 0 31 0 30 0 29 0 71 68 63 66 0 0 65 64 0 0 0 0 0 0 13 0 16 26 0 0 0 0 24 0 25 20 
18 26 24 0 0 0 21 0 25 14 10 0 0 0 9 0 17 15 59 0 0 57 62 0 58 55 60 68 64 0 0 67 65 0 0 0 0 0 0 77 72 78 73 74 0 51 0 52 53 0 0 48 46 0 0 8 0 0 3 0 7 0 0 0 0 33 35 29 30 31 0 0 0 0 0 0 0 0 41 0 0 
72 0 78 73 76 0 75 0 79 0 64 0 0 0 63 67 0 69 0 0 27 0 0 0 31 0 0 41 0 0 44 0 38 0 0 0 0 49 0 0 45 0 46 0 52 24 0 0 0 0 0 0 19 0 60 0 0 0 0 0 0 56 0 0 5 6 0 2 3 0 0 7 0 13 0 0 0 0 0 16 11 
0 71 0 0 0 0 66 68 0 59 0 0 0 0 54 58 62 60 0 0 0 0 26 0 0 0 24 0 0 0 0 0 0 0 27 0 0 40 0 41 36 0 37 0 43 0 9 16 0 13 0 12 0 0 51 0 0 0 48 0 0 0 46 73 0 78 80 0 0 0 72 0 0 4 81 3 0 0 0 0 2 
0 0 33 0 0 29 30 0 0 23 0 21 20 0 18 0 26 24 0 0 63 66 0 0 67 0 69 77 73 0 0 0 0 0 0 78 3 4 0 0 81 6 0 0 0 0 54 61 0 0 0 0 0 0 0 17 14 0 0 0 16 0 10 0 41 0 0 0 39 40 0 43 0 0 0 0 0 0 50 0 47 
0 17 15 10 13 11 0 0 0 0 0 3 0 7 0 4 0 0 0 47 0 0 0 52 0 0 51 0 0 0 0 0 56 0 54 0 66 0 71 68 63 0 0 0 0 0 36 43 44 40 0 0 37 38 0 80 77 0 0 76 79 0 73 0 23 24 26 20 0 22 18 0 35 31 27 0 0 0 0 0 0 
36 0 0 0 0 38 39 0 0 0 0 30 29 0 27 31 0 0 0 0 72 75 0 0 76 0 0 5 0 3 8 4 0 7 81 6 0 0 0 14 9 0 0 0 16 0 0 70 71 0 0 66 0 0 0 0 0 0 21 0 0 0 19 0 0 0 0 0 0 0 45 0 0 58 0 0 0 60 59 61 0 
54 62 0 0 0 0 0 0 61 0 0 0 47 52 0 49 0 0 14 11 0 12 17 0 0 0 0 23 19 0 0 0 20 0 18 0 30 0 35 0 0 33 0 0 0 6 0 7 8 4 5 0 0 2 0 0 0 36 0 40 0 38 0 0 68 0 0 0 0 0 0 70 0 0 72 75 0 0 77 79 0 
0 0 0 46 49 0 0 50 0 41 0 0 0 0 36 0 0 0 0 2 0 0 0 0 4 0 0 14 10 0 17 0 11 0 0 0 21 0 26 0 0 24 19 0 0 78 0 0 0 76 0 75 73 74 33 0 0 0 30 31 0 0 28 0 0 0 62 0 57 58 54 0 71 0 63 0 64 0 0 0 65 
