9
0 10 0 0 0 0 0 0 12 71 0 0 0 0 0 72 0 73 24 25 26 31 0 0 30 0 0 34 0 0 41 0 36 38 0 0 43 0 0 0 0 0 0 0 0 58 0 0 0 53 0 0 0 0 0 0 0 0 67 66 62 63 0 0 15 0 0 16 21 0 0 23 78 80 0 81 2 3 0 0 0 
18 0 17 16 0 15 23 20 0 80 0 0 0 2 0 81 5 0 0 34 0 0 0 38 0 41 36 0 0 49 50 0 0 0 0 0 0 0 51 0 0 53 0 0 0 67 60 0 68 62 66 61 0 0 0 70 0 0 0 0 0 0 0 0 0 27 31 25 0 28 0 32 6 8 0 0 0 12 0 0 10 
0 1 0 0 4 0 0 0 0 0 67 60 0 0 0 0 0 64 15 0 0 0 0 0 0 0 0 25 26 31 32 0 27 29 24 0 0 41 0 0 0 0 36 40 39 0 0 0 0 44 0 43 47 0 56 0 0 59 58 0 53 54 55 0 6 9 0 7 12 10 0 0 0 71 0 0 0 0 0 77 73 
54 0 53 0 58 51 0 56 0 0 0 0 0 0 34 36 41 0 0 70 0 76 0 0 0 77 0 0 0 0 0 0 81 0 0 0 7 0 6 0 11 0 9 0 0 0 15 19 0 0 0 0 0 18 0 0 0 32 31 0 0 0 28 65 60 0 67 61 66 0 62 0 0 0 43 0 0 48 49 0 0 
0 0 0 0 49 42 0 47 48 0 0 0 0 0 25 0 0 0 0 61 0 0 0 65 0 68 0 0 71 0 77 0 0 0 69 75 79 5 0 0 0 80 81 4 3 0 0 0 0 8 0 7 11 9 0 16 0 0 22 21 0 0 19 56 0 0 0 0 57 0 0 0 0 0 34 0 38 39 0 0 37 
36 37 0 0 0 0 0 38 39 0 0 0 0 0 16 18 0 0 0 52 0 58 55 0 0 0 54 0 0 0 68 64 0 0 0 66 0 0 0 0 0 71 0 76 0 0 0 0 0 80 3 0 2 81 0 7 0 0 0 12 8 0 0 0 42 45 0 0 0 0 0 50 0 0 0 27 0 0 31 0 28 
0 28 0 0 0 24 32 29 0 8 0 0 12 11 0 0 0 10 42 43 0 49 46 47 0 0 45 0 53 0 59 0 0 0 0 0 0 0 0 64 0 0 0 67 0 0 69 0 77 0 0 0 0 0 0 0 78 5 0 0 0 0 1 0 33 0 0 0 39 0 0 41 0 0 0 0 0 21 0 23 0 
0 0 71 0 76 0 0 74 0 53 0 51 0 0 0 0 0 55 0 0 0 0 10 0 0 0 0 16 0 22 0 0 0 0 15 21 0 0 24 0 29 26 27 0 0 40 33 37 0 35 0 0 0 36 0 43 0 0 0 48 0 0 46 0 78 0 0 0 0 1 0 0 0 62 61 63 0 0 67 68 0 
0 64 62 61 67 60 68 65 0 44 0 0 0 0 0 0 0 0 0 0 80 0 0 2 3 0 0 0 0 13 14 0 0 11 0 0 16 0 15 19 20 0 0 22 0 0 0 0 0 0 0 0 0 27 38 34 0 41 40 0 35 0 0 74 0 0 0 0 75 0 0 0 0 53 0 54 0 57 0 59 0 
0 71 69 68 0 0 75 0 73 0 0 49 0 0 50 0 0 53 4 5 0 0 0 9 0 0 7 14 15 0 0 0 16 0 13 0 23 0 22 26 0 0 25 29 28 38 0 0 39 0 0 32 0 34 0 0 0 0 0 46 42 43 0 81 0 79 2 0 0 80 0 3 0 60 59 0 0 0 0 0 0 
61 62 60 0 0 0 0 0 64 42 47 0 0 0 41 0 0 0 0 77 78 0 0 81 1 0 0 0 6 11 12 0 7 0 4 0 14 21 0 0 18 0 0 0 0 29 22 26 0 0 0 23 0 25 0 0 0 39 38 0 0 34 35 72 0 70 0 0 0 0 0 75 0 0 0 0 0 0 0 0 0 
0 0 42 0 47 0 0 0 0 24 0 0 28 27 0 0 0 26 58 0 0 65 0 0 64 0 0 68 0 0 75 71 70 72 0 0 0 0 76 80 0 78 79 0 0 0 0 0 0 6 0 5 0 0 0 14 0 21 0 0 0 0 0 0 49 0 56 0 55 53 0 0 0 0 0 0 36 0 0 39 0 
0 0 0 50 56 49 0 0 0 0 38 31 0 0 32 34 0 0 0 68 69 0 71 0 0 0 0 77 78 0 3 80 79 81 0 0 5 0 0 8 0 0 0 0 0 0 0 0 21 0 19 0 18 16 0 0 0 30 0 28 0 0 0 0 0 0 65 59 0 62 60 0 0 0 0 0 0 0 47 0 44 
7 8 0 5 0 0 0 0 0 0 74 67 73 0 68 70 0 0 22 0 0 0 0 27 0 0 0 32 0 38 39 35 0 36 31 0 41 0 0 0 0 0 0 0 46 0 49 53 0 0 0 0 0 0 0 59 58 66 0 64 0 0 62 18 13 16 20 14 0 0 0 0 76 0 77 0 0 0 0 3 0 
0 0 0 0 29 22 0 27 28 6 0 4 0 0 0 7 12 0 40 0 0 0 44 0 46 0 43 0 51 0 57 0 52 0 0 0 0 0 0 0 0 60 61 0 0 0 0 71 0 69 0 68 72 70 0 0 0 0 2 0 78 0 0 0 0 34 38 0 37 35 0 0 13 0 14 0 0 19 0 21 0 
0 0 0 14 0 13 0 0 19 78 0 76 1 81 0 79 0 0 31 32 0 38 0 0 0 39 0 0 0 47 48 0 0 0 40 0 50 0 0 53 0 51 0 56 0 0 0 0 0 0 0 0 0 61 0 0 67 0 74 0 0 70 0 0 0 0 29 23 0 0 24 0 0 6 0 7 9 10 11 12 0 
0 0 33 0 38 31 0 0 0 15 0 0 19 18 14 0 0 0 0 50 51 0 0 0 55 0 0 0 0 65 66 62 61 0 0 0 68 75 0 0 0 0 0 0 73 0 0 0 0 0 0 77 0 0 0 5 4 12 0 0 0 0 8 0 40 0 0 0 0 0 0 0 22 0 23 0 27 0 0 0 0 
0 0 78 77 0 0 0 0 1 60 0 0 0 0 0 0 0 0 0 14 0 0 17 0 0 0 0 23 0 0 0 0 25 27 0 0 0 39 0 35 0 33 0 0 37 47 40 44 48 0 46 0 0 0 0 0 0 0 56 55 51 0 0 9 4 7 11 5 0 8 0 12 67 0 68 0 72 0 0 0 0 
65 66 0 63 0 62 70 0 0 46 0 0 0 49 0 0 52 0 0 0 0 0 3 0 5 0 2 0 0 15 16 0 0 13 8 0 0 0 0 21 0 0 20 0 0 0 26 0 34 28 0 0 31 29 0 36 35 43 42 41 37 0 0 0 71 74 78 0 77 0 0 79 0 55 0 0 58 59 60 61 0 
20 21 0 0 0 17 0 0 0 1 6 0 5 4 0 0 7 3 0 0 37 0 0 40 41 0 38 45 0 0 0 0 47 49 0 0 54 61 53 0 0 55 0 60 0 69 0 0 70 64 0 63 67 0 0 0 0 0 78 77 73 0 0 0 26 29 0 0 0 30 0 34 0 0 0 0 13 0 0 0 12 
0 0 0 0 0 53 0 0 59 0 42 35 0 40 0 0 43 0 0 0 0 78 0 0 0 79 0 0 1 0 7 0 0 0 0 5 9 16 0 0 0 10 0 0 14 0 0 21 0 19 23 18 0 20 0 27 0 34 0 0 0 0 0 67 62 0 0 0 0 66 64 0 0 46 0 0 49 50 51 0 0 
0 0 0 36 42 0 0 0 0 0 0 0 0 0 18 0 0 21 0 54 0 0 0 0 0 61 0 0 64 69 0 0 65 0 62 0 0 79 0 0 0 0 74 78 0 0 0 0 0 1 0 0 0 0 13 9 8 0 0 14 10 0 0 0 44 0 0 45 0 48 0 0 26 28 0 0 0 0 0 34 30 
29 30 0 27 33 26 0 0 32 10 0 0 0 0 0 0 0 0 44 0 46 0 48 0 0 0 47 0 55 0 0 57 0 58 53 59 63 0 0 66 0 0 0 0 0 0 71 75 79 0 77 72 0 74 0 0 0 7 6 0 0 0 3 40 35 38 42 36 0 39 0 43 17 0 0 0 0 0 0 25 21 
2 0 0 0 0 80 7 0 0 0 69 62 0 0 0 0 70 0 17 18 0 0 0 22 0 0 0 0 28 0 34 0 29 31 0 32 0 43 35 0 0 0 38 0 0 0 0 48 0 0 0 0 49 0 58 54 0 61 0 59 0 56 0 0 8 11 0 0 14 0 10 0 71 0 0 0 0 0 0 0 0 
0 48 46 0 0 44 0 0 50 0 0 26 0 31 0 0 34 0 62 63 0 0 0 0 0 70 0 0 73 78 79 75 0 0 71 0 81 0 80 3 4 1 0 6 0 15 8 0 16 0 14 9 13 0 22 0 0 0 0 23 0 20 21 0 0 0 0 0 59 0 55 0 0 37 0 38 0 0 0 43 0 
11 0 10 0 15 0 0 13 0 0 0 0 0 0 72 74 79 0 0 27 28 0 30 0 32 34 29 0 37 0 43 39 38 0 0 0 45 0 44 0 49 46 0 0 50 0 53 57 0 55 0 0 58 56 0 0 62 0 69 68 0 65 0 22 17 0 0 18 0 21 0 0 0 0 81 0 4 5 0 0 0 
0 0 0 72 0 71 0 0 77 55 0 0 0 58 54 56 61 0 0 9 10 15 0 0 14 16 11 0 0 0 25 21 20 22 17 23 0 34 0 30 31 0 29 0 32 0 0 39 0 0 0 0 40 0 0 45 0 0 51 0 46 0 0 4 80 0 6 81 0 0 0 7 62 64 63 0 0 68 0 0 0 
22 0 0 20 0 0 0 0 0 3 8 1 0 6 2 4 0 0 0 0 39 0 0 42 0 0 0 47 48 0 0 50 49 0 0 0 0 0 0 0 60 57 58 0 0 0 0 0 0 0 0 0 69 67 0 0 73 81 80 79 75 0 77 33 28 0 0 29 34 32 30 36 10 12 0 0 15 0 0 0 0 
13 0 0 11 0 0 0 0 16 75 0 73 79 78 0 0 0 77 0 29 0 35 32 0 0 36 31 0 0 44 45 0 0 0 0 43 0 0 46 50 0 48 49 0 0 0 55 0 63 0 0 0 60 0 69 0 0 0 71 0 0 0 0 0 19 0 0 20 25 0 21 0 0 3 2 4 6 0 8 0 0 
40 0 39 0 0 0 45 0 0 0 0 19 25 24 0 0 27 0 55 0 57 0 59 60 61 0 0 65 0 0 0 68 0 0 64 70 74 81 0 0 0 0 76 0 79 8 0 0 0 3 7 0 0 0 0 0 10 0 0 0 12 0 0 0 46 49 53 47 0 50 48 0 28 30 29 31 0 0 35 0 0 
0 0 0 0 53 46 54 0 0 0 35 28 0 0 0 0 0 0 0 65 0 0 68 0 0 0 0 74 0 0 81 0 76 0 73 0 0 9 0 0 0 0 4 0 0 17 0 0 0 12 16 0 0 13 24 0 0 27 0 0 21 22 23 60 0 0 0 56 0 0 57 63 0 0 0 0 0 0 44 0 0 
0 0 0 0 0 0 0 0 7 66 0 0 0 69 65 67 0 0 0 0 0 0 0 0 25 0 0 0 0 0 0 0 0 33 0 0 0 0 0 0 42 39 0 44 43 0 0 50 0 48 0 0 0 49 60 56 0 63 62 0 57 58 0 15 0 13 0 11 0 14 0 0 73 0 0 76 78 0 80 0 0 
67 68 0 0 0 0 72 69 0 48 53 0 52 0 0 0 0 50 0 2 3 8 0 6 0 9 0 0 12 0 18 0 0 15 0 0 0 0 19 0 0 21 22 26 0 35 28 32 0 30 0 29 0 31 0 38 37 0 0 43 0 40 41 78 73 0 0 0 79 77 75 0 55 57 0 58 60 0 0 63 0 
0 0 0 0 35 28 0 0 0 0 0 0 0 0 11 0 18 14 0 0 0 0 0 0 0 0 0 0 57 62 63 59 0 60 0 0 65 72 64 0 0 66 0 71 70 80 0 77 81 75 0 0 78 76 0 2 1 9 8 7 3 4 0 0 0 0 0 38 0 0 39 0 0 21 0 0 0 0 0 0 23 
0 0 75 0 80 0 0 78 79 0 0 0 0 0 0 0 63 0 10 11 12 0 0 15 16 18 0 20 0 26 0 0 0 0 0 0 29 36 28 0 0 0 0 35 34 0 0 41 0 0 43 0 0 0 0 47 0 54 53 52 0 49 50 0 0 0 0 0 0 0 0 0 0 0 65 0 69 0 71 72 68 
0 59 0 0 62 55 0 0 0 39 0 0 0 0 0 0 45 41 73 0 0 0 0 78 79 0 76 0 0 8 0 5 0 6 0 7 0 0 10 0 0 12 0 0 0 26 0 23 0 21 0 0 24 0 0 29 28 0 0 34 0 0 32 0 0 67 71 0 0 68 0 72 46 0 0 0 0 0 0 0 50 
0 0 32 31 0 0 0 0 0 0 19 12 0 0 0 15 0 0 48 49 0 55 0 0 0 56 0 0 59 64 0 0 0 62 57 0 0 0 66 70 0 0 69 0 0 1 75 79 0 77 81 0 0 0 0 0 3 0 10 9 5 6 0 44 0 42 46 0 0 0 0 0 0 0 0 24 26 27 0 0 0 
0 7 5 4 0 0 11 8 9 68 73 66 0 0 0 0 0 70 21 0 0 0 0 0 0 29 24 0 0 0 0 34 33 0 0 36 0 0 39 43 0 0 42 0 0 0 48 52 56 0 54 0 53 0 62 0 0 0 0 0 59 0 0 17 0 0 0 0 0 16 14 20 0 77 0 78 0 0 1 0 0 
51 0 0 0 55 48 0 53 54 32 37 30 36 0 0 0 0 0 66 0 0 73 0 0 72 74 0 76 0 1 0 0 0 0 0 0 0 11 0 0 8 0 6 10 0 19 12 0 0 14 0 0 17 0 26 22 21 29 0 27 23 24 25 0 57 60 64 58 0 61 59 65 39 41 40 42 44 0 0 0 0 
78 0 0 0 0 0 0 80 0 0 64 0 0 0 58 0 0 61 12 0 0 19 16 0 18 0 15 22 23 28 29 0 0 0 0 27 31 38 0 0 35 0 0 37 0 0 39 0 47 0 0 40 44 42 53 49 0 56 55 0 0 51 52 0 3 6 10 4 0 7 0 0 0 0 0 0 71 0 73 74 0 
24 0 0 22 0 0 0 0 0 5 0 3 0 8 4 6 11 0 0 0 41 0 0 0 0 0 0 49 0 55 0 0 51 0 0 0 58 0 57 0 62 0 0 0 63 73 66 70 74 0 0 0 0 0 80 0 75 2 0 0 77 78 79 35 0 0 0 31 0 0 0 38 12 14 0 0 0 0 19 20 0 
0 16 14 13 0 0 0 0 0 77 0 0 0 0 76 0 2 0 0 31 32 0 0 0 36 0 33 40 0 46 0 43 0 44 39 0 49 0 0 52 53 0 0 0 54 0 0 61 0 59 63 0 0 0 0 0 0 74 73 72 0 0 70 0 0 0 0 22 0 25 0 0 3 5 4 0 0 9 0 0 0 
0 0 68 0 0 0 0 71 0 50 55 48 0 53 0 51 0 0 3 0 5 0 7 0 0 11 6 13 0 19 20 16 15 0 0 18 0 29 21 0 0 0 0 0 0 0 30 0 0 32 36 31 35 0 0 0 0 0 0 45 41 42 0 0 75 0 0 76 0 79 77 2 57 59 0 0 0 63 64 65 0 
42 0 41 40 46 0 0 0 45 23 0 21 0 26 22 0 0 0 57 0 0 64 0 0 63 0 60 0 0 73 0 0 0 0 0 0 76 2 75 79 0 0 0 0 81 0 0 0 11 0 0 4 0 0 17 0 12 0 19 0 0 0 0 53 0 51 0 0 0 0 50 0 30 0 31 0 0 0 37 0 34 
0 61 59 0 64 0 65 62 0 41 46 39 0 0 40 42 47 43 0 0 0 1 0 0 0 2 78 4 5 10 11 0 0 0 0 0 13 20 12 0 17 0 0 0 0 0 0 0 0 0 27 22 0 0 0 0 0 0 37 36 0 33 0 0 0 0 0 67 72 0 0 0 0 0 0 51 0 0 0 56 0 
0 0 76 0 81 0 1 0 80 0 0 0 62 61 57 59 64 0 0 0 13 0 0 0 17 19 0 21 0 27 0 0 23 0 0 0 0 0 29 33 0 31 0 0 0 0 0 0 0 40 44 0 0 0 52 0 0 0 0 0 0 0 0 0 2 0 0 3 8 0 0 10 65 67 0 0 70 71 0 0 0 
0 51 0 0 0 0 0 0 0 0 0 29 0 0 0 0 0 0 65 66 0 0 0 0 71 73 68 0 76 0 1 78 77 0 0 0 0 10 0 0 7 4 5 9 0 18 0 0 0 0 0 0 0 0 0 0 20 28 0 0 0 0 0 0 56 0 0 57 0 0 0 0 0 0 39 0 43 0 0 46 0 
5 0 4 3 0 2 0 0 0 67 72 0 0 0 0 68 73 0 0 21 22 0 24 25 0 0 0 0 31 36 0 33 32 34 0 0 0 0 38 0 0 0 0 45 44 0 0 0 0 0 0 0 0 0 0 57 0 0 0 62 0 0 0 0 11 14 0 12 17 0 0 0 0 0 75 0 0 0 81 1 0 
0 0 0 0 0 0 46 0 44 22 0 20 0 25 0 0 0 0 0 0 0 63 60 61 62 0 59 0 67 0 0 69 68 0 0 71 75 0 74 0 79 76 0 81 0 0 0 0 10 0 8 0 0 0 16 12 11 19 0 17 13 14 15 0 47 0 54 48 0 0 0 0 29 0 0 0 0 0 0 0 0 
23 0 0 0 0 20 0 25 26 0 0 0 0 0 0 5 0 0 0 39 0 0 0 0 0 0 41 0 0 54 0 51 50 0 47 0 0 64 0 60 61 0 59 0 0 0 0 69 73 67 71 0 70 68 79 75 74 0 0 0 0 0 0 0 29 0 0 30 35 33 31 37 11 0 12 14 16 0 0 0 0 
0 0 0 12 18 0 19 16 17 76 0 74 80 79 0 77 1 0 0 30 0 36 0 0 0 0 32 39 40 0 0 42 0 0 0 44 0 0 0 51 0 49 0 0 53 0 0 0 0 58 0 57 0 0 70 66 65 73 72 71 0 0 0 0 0 0 0 0 0 0 0 28 0 0 0 5 0 8 0 0 6 
0 0 31 0 36 0 37 0 0 0 0 0 0 16 0 14 0 15 0 0 0 0 51 52 53 0 50 0 0 63 64 0 0 61 0 62 0 0 65 69 0 67 0 0 71 81 74 0 1 0 0 0 0 77 0 0 0 10 0 0 0 0 6 0 0 0 45 0 0 0 0 0 0 0 0 0 0 0 27 28 0 
68 69 67 66 0 0 0 70 71 49 54 0 0 0 0 0 0 51 0 0 0 9 0 0 0 0 5 0 0 0 0 0 0 0 11 0 21 28 0 0 0 22 0 0 26 0 0 33 37 0 35 30 34 32 0 0 38 46 45 0 0 41 42 0 74 0 0 75 0 0 76 1 0 0 57 59 61 62 0 0 0 
59 60 0 0 0 56 0 61 62 0 45 0 44 0 0 41 0 0 0 75 0 81 0 0 0 0 0 0 4 0 0 0 5 0 2 0 12 19 0 0 0 0 14 18 0 0 0 0 0 0 0 21 0 0 34 0 0 0 0 0 31 0 33 0 0 68 0 66 0 69 0 0 0 49 48 0 0 0 0 0 0 
0 0 0 0 70 0 71 0 0 0 52 45 51 0 46 48 0 49 0 1 2 7 4 0 0 0 0 0 11 0 17 0 0 0 0 0 19 0 0 22 23 0 0 25 24 0 0 31 35 29 0 0 32 0 0 37 0 44 43 0 38 0 0 0 0 0 0 73 0 0 0 0 54 56 0 0 0 60 0 0 58 
0 22 20 0 25 18 0 0 0 0 0 0 6 5 0 0 0 0 0 0 0 0 40 0 42 44 0 0 0 0 0 49 48 0 0 0 0 0 0 58 0 0 57 61 0 70 0 0 71 65 0 0 0 66 0 73 0 0 0 0 0 0 0 32 0 0 0 0 0 0 0 0 9 0 0 12 14 15 0 17 0 
12 0 0 10 0 0 0 0 15 74 79 0 0 77 0 0 0 0 0 0 0 0 0 0 33 0 0 37 0 0 44 0 0 41 36 0 46 0 45 0 0 0 0 0 0 0 54 0 0 56 0 0 0 57 0 64 0 0 70 0 0 0 0 0 0 21 25 0 24 0 0 0 81 2 0 3 5 6 7 8 0 
39 40 38 37 0 0 44 0 0 20 25 18 0 23 19 0 0 0 0 0 56 0 58 0 60 62 0 0 65 0 0 0 0 0 0 69 0 0 0 76 77 0 75 0 78 7 81 4 8 0 0 1 0 3 0 0 9 17 0 0 11 0 0 50 0 48 0 46 0 49 47 0 0 29 0 0 0 0 0 0 31 
0 0 0 0 0 0 0 77 0 56 61 54 60 0 0 0 62 58 9 0 0 0 13 0 0 17 12 19 0 0 0 0 21 0 0 24 0 35 0 0 0 29 30 34 0 0 36 0 44 0 42 0 41 39 50 46 0 53 0 0 47 0 0 0 0 0 7 1 0 0 0 8 63 0 0 0 0 0 0 0 0 
0 49 0 0 52 0 0 0 0 0 34 0 0 32 0 30 0 31 63 0 65 0 0 68 0 71 0 0 74 79 0 76 75 0 0 0 1 0 0 4 5 0 3 7 0 16 0 0 0 11 15 0 0 0 0 0 18 0 25 24 20 0 0 59 0 0 61 0 0 0 0 62 0 38 37 0 0 0 0 0 0 
3 0 0 0 0 81 8 5 6 65 0 0 69 0 64 66 0 0 0 19 0 0 0 23 0 26 0 0 0 34 35 0 0 32 27 0 0 0 36 0 0 0 0 0 0 0 45 49 53 0 51 46 0 48 0 55 0 0 0 0 0 57 58 14 0 0 0 10 15 0 0 0 0 74 0 0 77 78 0 0 0 
0 31 0 28 0 0 35 0 33 11 16 0 0 0 10 12 0 0 45 0 47 52 0 0 51 0 0 0 0 61 0 0 0 0 0 60 64 0 0 0 68 65 66 70 0 0 72 76 80 74 0 0 0 0 0 0 81 0 7 0 0 3 4 0 36 0 0 37 0 40 0 44 0 0 19 21 0 24 0 0 0 
0 0 0 55 0 0 0 59 0 0 43 0 42 41 37 39 44 0 72 0 0 0 76 77 0 0 0 0 0 7 8 4 0 5 81 0 0 0 0 0 14 0 12 0 15 0 18 0 26 0 24 19 0 0 0 0 0 35 0 33 0 0 0 68 0 66 0 0 69 67 0 71 0 47 46 48 50 0 0 0 49 
0 0 0 0 0 77 0 1 0 61 66 59 0 64 60 62 67 63 14 15 16 0 0 0 20 0 0 0 0 30 31 0 0 28 0 0 33 40 32 0 37 0 0 0 38 0 0 45 0 43 0 0 46 0 0 0 50 0 0 0 0 53 54 0 0 0 12 6 0 0 0 0 0 70 69 71 73 0 0 0 72 
0 72 70 0 75 0 76 0 74 0 0 50 56 55 51 0 0 0 0 6 7 12 0 0 0 0 8 0 0 21 22 0 17 0 0 20 0 31 0 27 28 25 0 0 29 0 32 0 0 34 0 33 37 0 0 0 0 0 0 47 0 44 0 1 0 0 3 78 2 81 0 4 59 0 60 0 64 65 0 0 0 
0 18 0 15 0 0 0 0 0 79 0 77 0 1 78 0 0 0 0 33 0 0 0 0 0 0 35 0 0 0 0 0 44 0 0 47 51 0 50 54 0 52 0 0 56 0 0 0 67 61 65 0 0 0 73 0 68 76 0 74 0 71 72 28 0 26 30 0 29 27 0 31 0 0 6 8 0 0 0 13 0 
0 0 61 60 66 59 0 64 0 43 48 0 47 0 42 0 0 0 0 78 0 3 0 0 0 0 80 6 0 0 0 0 0 0 0 0 0 22 14 18 19 0 17 0 0 0 23 0 0 25 29 24 0 26 0 0 0 0 0 0 34 0 36 0 0 0 75 0 74 72 0 0 0 52 51 0 0 0 57 0 54 
53 0 52 0 0 50 0 0 0 0 39 0 38 0 0 0 0 0 0 69 0 0 0 0 0 0 71 78 79 0 4 0 0 0 0 0 0 0 5 9 10 7 8 0 11 0 14 0 0 16 20 0 0 17 0 24 0 31 0 0 25 0 0 0 59 62 0 0 0 0 0 0 41 43 0 44 0 47 0 0 45 
26 0 0 0 0 0 31 0 0 0 0 0 11 0 6 0 0 0 41 0 0 0 45 0 0 49 44 51 0 57 0 54 53 0 50 56 60 67 59 0 0 61 0 0 0 0 68 0 0 70 74 0 0 0 1 0 77 4 0 0 0 80 0 0 0 35 0 0 0 36 0 0 14 0 15 17 19 0 0 22 0 
0 0 0 0 0 0 40 0 0 0 0 14 20 0 0 0 22 18 50 0 0 0 0 55 0 58 0 60 0 66 0 63 62 0 59 65 0 0 0 0 73 0 71 0 0 3 77 0 4 0 0 0 1 0 10 0 5 0 12 0 7 8 9 46 0 44 0 0 0 45 43 0 23 25 24 0 0 0 0 0 27 
0 0 0 42 0 41 49 0 0 25 30 0 0 28 0 26 0 27 59 0 61 0 63 64 0 67 0 69 70 75 76 0 71 73 68 74 0 0 0 0 1 0 80 0 2 12 0 0 0 0 0 6 10 8 19 15 0 0 21 0 16 17 0 0 50 53 0 51 56 0 52 0 0 0 0 0 37 0 0 0 0 
8 0 0 0 12 0 0 0 0 0 0 68 0 0 0 0 0 0 0 0 25 0 27 0 29 31 26 0 34 0 40 0 35 0 0 0 0 0 41 45 46 43 0 0 0 0 50 0 0 0 0 51 0 53 64 60 59 0 0 0 0 0 63 0 0 17 0 15 0 0 0 0 0 0 78 80 1 0 3 0 0 
0 0 0 0 14 0 15 12 13 72 77 0 0 0 71 73 0 74 0 0 27 0 0 0 0 33 28 0 36 0 42 38 0 0 0 0 44 51 0 47 0 45 46 50 0 59 0 0 0 0 0 0 57 55 66 0 0 69 68 0 0 0 65 21 0 0 0 0 0 0 18 0 0 81 0 1 3 0 0 6 0 
0 0 0 44 0 0 0 48 0 0 0 25 0 30 0 0 33 0 61 62 63 68 0 0 0 69 64 0 0 0 0 0 0 0 70 76 80 6 0 2 0 0 1 0 0 0 0 0 15 0 0 8 12 0 0 0 16 0 0 22 0 19 0 0 0 0 59 0 0 56 0 60 0 36 35 0 39 0 0 42 0 
0 0 18 0 23 16 0 21 0 0 0 79 4 0 80 1 0 2 0 0 36 0 0 39 40 0 37 0 45 0 0 0 0 0 0 0 0 0 52 0 0 0 55 0 0 68 0 0 0 0 0 62 0 0 75 0 0 0 77 76 72 73 74 0 25 0 0 26 31 0 27 0 0 0 0 0 0 13 14 15 11 
0 0 0 62 0 61 0 0 67 0 50 43 0 0 44 0 51 47 79 0 0 5 2 3 0 0 1 8 9 0 15 0 0 12 0 13 0 0 16 0 0 0 0 23 22 0 25 0 0 27 0 0 0 28 0 0 0 42 41 40 0 0 0 0 0 73 77 71 0 74 0 0 0 54 53 55 57 0 0 0 0 
37 0 0 0 0 0 0 0 0 18 0 16 22 0 17 0 0 20 52 53 0 0 0 57 0 60 0 0 63 0 0 0 0 0 0 0 0 0 0 0 0 72 0 77 0 0 0 0 6 81 0 80 0 0 0 8 0 0 0 13 9 0 0 0 0 0 0 0 49 0 0 0 0 0 26 28 0 0 0 0 29 
55 0 54 53 59 0 0 0 58 0 0 34 0 0 35 0 42 0 0 71 0 0 0 75 76 0 0 0 81 5 0 2 1 3 0 0 0 0 0 0 0 0 10 0 13 0 0 0 0 0 22 17 21 0 0 0 25 33 32 0 27 0 0 0 0 0 0 0 0 0 63 0 0 0 44 0 0 49 50 0 47 
0 0 81 80 5 79 0 0 4 63 68 61 0 66 0 0 0 65 0 0 0 23 0 0 0 0 0 0 0 32 0 0 0 30 25 31 0 42 0 38 39 36 0 41 0 0 43 0 0 45 0 0 48 0 0 53 0 60 0 58 0 55 0 12 7 0 14 8 13 0 9 0 70 72 0 0 0 0 77 0 0 
0 74 72 0 77 0 0 75 76 0 0 0 0 0 0 55 60 56 7 8 9 14 0 12 13 0 10 17 18 0 24 20 19 0 0 0 0 0 0 0 30 0 0 32 31 0 34 0 42 36 0 0 0 37 0 0 0 51 0 0 0 0 0 3 0 0 0 0 4 2 81 6 0 0 0 64 66 0 0 69 0 
0 29 27 26 0 0 33 0 0 0 14 0 0 0 0 10 0 11 43 0 0 0 0 0 49 0 46 0 54 0 0 0 0 57 0 0 0 69 0 65 66 63 0 68 67 0 70 74 0 0 0 71 75 0 0 0 79 6 5 0 0 0 2 39 34 37 0 0 0 38 0 42 0 18 0 19 21 0 23 0 0 
