9
0 42 40 39 0 0 0 0 0 0 0 0 0 0 0 0 0 52 0 74 0 0 76 0 72 0 77 0 0 0 0 81 0 0 0 79 0 0 43 0 48 0 50 45 0 0 0 20 0 0 0 0 17 0 0 12 0 0 0 0 0 0 0 32 27 0 0 33 30 29 0 0 0 64 67 0 66 0 0 0 0 
0 0 0 0 70 0 71 0 72 0 0 0 10 0 0 15 0 7 0 0 25 0 31 0 0 0 0 0 0 42 41 0 35 38 37 34 4 0 79 0 3 0 0 81 0 52 0 56 0 0 0 55 53 0 0 48 46 0 44 0 0 49 51 0 0 0 0 0 66 65 0 0 24 0 22 0 0 20 0 0 0 
0 0 58 57 52 55 53 0 54 77 0 75 73 0 0 78 0 0 0 11 7 0 13 12 9 8 0 21 22 0 23 0 0 0 19 16 0 0 0 0 0 0 0 0 0 0 0 38 41 0 0 37 35 0 0 0 28 0 26 0 0 31 0 0 0 49 0 0 0 0 0 0 0 0 0 0 0 0 81 0 0 
0 0 31 0 0 0 26 0 0 50 49 0 0 0 0 51 0 0 69 65 61 0 0 0 0 0 0 75 0 0 77 0 71 74 0 0 40 0 34 0 39 0 0 0 0 7 0 11 14 9 0 0 0 15 0 0 0 81 0 5 0 4 6 23 18 22 19 0 21 20 0 0 60 0 0 59 0 0 54 0 53 
0 24 22 0 16 19 0 20 0 41 0 39 37 0 0 0 38 0 0 0 0 55 0 57 54 0 0 0 0 69 68 63 0 0 64 0 0 0 0 29 0 0 32 27 0 79 0 0 0 0 0 0 80 6 0 75 0 0 0 0 0 76 0 0 0 0 0 0 12 0 8 0 51 0 49 50 0 0 0 0 0 
50 0 0 0 0 46 0 47 0 0 67 0 64 0 63 69 65 0 0 0 79 0 0 0 81 0 0 0 0 0 0 0 8 0 0 0 58 0 52 0 57 0 0 54 0 0 0 0 0 27 0 28 26 0 16 21 0 18 0 0 0 22 24 0 0 0 0 42 39 38 35 34 0 73 0 77 0 0 0 0 0 
14 0 0 12 0 0 0 0 0 0 0 0 28 0 0 33 0 0 0 47 0 0 0 48 45 0 0 0 58 0 0 54 53 56 0 52 22 24 0 20 0 19 0 0 17 70 0 0 77 0 0 73 71 78 0 0 0 0 0 68 0 0 0 0 81 4 0 0 0 0 0 79 0 0 0 0 0 38 0 0 0 
0 69 0 66 0 0 0 0 0 5 4 0 1 80 0 6 2 79 24 20 16 0 0 0 18 0 0 0 31 0 0 0 0 0 0 25 0 78 70 0 75 0 77 0 0 43 0 0 50 0 0 0 0 51 0 0 37 0 0 0 0 40 0 59 0 58 55 60 0 0 0 0 0 10 0 14 12 11 0 7 0 
5 6 0 0 0 0 0 0 81 0 0 0 0 17 18 0 0 0 42 0 0 0 0 0 0 35 41 0 49 51 0 45 44 47 0 0 0 0 0 11 12 0 0 0 8 0 66 0 0 63 0 0 0 69 0 0 0 54 0 59 0 0 60 0 0 0 73 0 0 0 0 70 0 0 31 32 0 29 27 25 0 
37 0 0 0 30 33 0 0 32 55 54 0 51 49 0 56 0 0 0 0 0 0 0 0 0 67 0 0 81 0 0 77 0 0 0 0 0 47 39 0 44 42 46 0 0 12 17 0 0 0 0 15 0 20 3 0 6 5 0 10 7 0 0 0 0 0 24 29 26 0 22 0 65 60 63 64 0 0 0 57 58 
55 56 0 0 0 0 0 52 0 73 0 0 69 0 68 0 0 0 11 7 0 6 9 0 0 4 0 0 0 0 0 14 0 0 0 0 63 65 57 61 62 60 0 59 58 0 35 34 37 0 0 0 0 38 21 0 24 0 0 0 0 27 29 46 0 45 0 0 44 0 0 0 2 0 81 0 0 0 77 75 0 
0 0 0 71 66 0 67 0 0 0 9 8 0 0 0 0 0 0 29 25 0 24 0 26 23 22 0 0 36 0 37 0 0 0 0 30 0 2 0 0 0 0 0 77 0 48 0 52 55 50 0 0 49 0 0 0 0 41 40 0 0 45 0 0 0 0 60 0 0 0 0 0 0 0 18 0 0 0 14 12 0 
0 0 9 8 3 6 0 7 5 0 0 0 0 22 23 29 25 0 47 0 39 42 45 0 41 0 46 0 0 56 55 0 49 0 0 0 0 20 0 0 17 0 0 14 13 0 0 0 73 0 0 69 0 74 57 62 60 59 0 0 61 0 0 1 0 81 78 0 0 79 76 0 38 33 36 0 0 0 32 0 31 
0 0 0 17 0 0 0 0 14 0 0 35 0 31 32 0 0 0 0 0 0 0 0 53 50 49 55 0 63 65 0 59 0 61 60 0 0 0 0 25 0 24 28 23 0 0 80 0 1 77 81 0 0 0 0 71 0 0 0 73 0 0 74 0 0 0 0 0 8 0 0 0 0 0 0 0 44 0 41 0 0 
0 0 27 26 21 0 0 0 0 0 45 0 0 0 41 0 43 0 65 0 0 0 63 0 0 0 64 0 0 74 0 0 67 0 0 0 0 38 30 34 0 33 37 0 0 0 8 7 0 5 0 6 4 0 75 0 0 77 76 1 0 0 2 0 14 18 15 20 0 16 13 12 56 51 0 0 0 52 0 0 0 
1 0 0 0 0 0 0 0 0 19 18 0 15 13 0 20 0 0 0 34 30 33 36 0 0 31 37 0 0 0 0 0 0 43 42 39 0 0 3 0 0 0 0 5 0 57 0 0 64 0 0 60 0 0 0 53 51 0 0 0 0 54 56 0 68 72 69 0 0 0 0 0 29 0 0 0 0 0 0 0 0 
46 0 45 0 0 0 0 0 0 64 63 62 0 0 59 0 0 57 0 0 75 78 0 80 0 0 0 0 9 0 10 5 0 7 6 3 0 56 0 52 0 0 0 0 0 0 26 25 28 0 0 0 22 0 0 17 0 14 13 19 0 0 0 37 0 0 0 38 35 0 0 0 0 69 72 0 0 0 0 66 0 
0 0 63 62 0 0 0 0 59 0 81 0 78 76 0 0 79 75 20 16 0 0 18 0 0 13 0 0 0 29 28 23 22 25 24 0 72 0 66 0 71 0 73 68 0 0 44 43 46 0 45 0 40 47 0 0 0 32 0 37 0 36 0 0 0 0 0 56 53 0 49 0 0 6 0 0 8 0 0 0 0 
11 12 10 9 0 0 0 8 6 29 0 0 0 0 0 0 26 0 48 44 40 0 46 45 42 0 0 54 55 57 56 0 0 0 0 0 0 21 0 17 0 16 0 0 14 67 72 0 74 0 73 0 0 75 58 63 0 60 0 65 0 64 0 2 78 1 0 3 81 80 0 0 39 34 0 0 0 35 0 0 32 
0 0 46 45 40 0 0 0 0 65 0 0 0 59 0 66 62 0 0 0 0 0 0 81 0 0 2 0 10 12 0 6 0 0 0 4 0 57 0 0 0 52 0 51 0 22 27 26 29 24 0 0 23 0 0 0 16 0 0 0 0 0 0 0 33 0 0 39 0 0 32 0 0 70 73 0 72 71 0 0 68 
74 75 73 0 67 0 0 71 0 11 0 0 0 5 0 0 0 0 30 0 22 0 0 0 24 0 0 0 37 0 0 0 32 35 0 0 1 3 0 0 0 0 0 78 77 49 0 0 56 0 55 0 50 57 40 0 0 0 0 47 0 0 0 0 0 0 0 66 0 0 0 0 21 16 0 20 18 0 15 0 14 
0 0 0 0 49 0 50 0 51 74 73 72 0 0 0 0 0 67 0 0 0 7 0 9 6 0 0 0 0 0 20 0 14 0 16 0 0 0 58 0 0 0 65 0 0 0 36 0 0 0 37 0 32 0 22 27 25 0 23 29 0 28 0 47 0 46 0 0 0 0 0 0 0 0 1 0 81 80 0 0 77 
0 3 0 0 76 79 0 0 0 20 19 0 0 14 0 21 17 0 0 0 0 34 0 0 0 32 0 0 0 0 47 0 0 0 0 0 0 12 0 0 0 7 0 6 5 58 63 0 65 0 0 0 0 66 0 0 0 0 0 0 0 0 0 74 0 0 0 0 72 0 0 67 0 25 0 0 0 0 0 0 23 
20 0 19 0 0 16 14 17 0 38 0 0 0 0 0 39 0 0 0 53 0 0 55 0 0 0 0 0 0 66 0 0 0 0 61 0 0 0 0 26 27 0 29 0 23 0 0 80 0 0 1 0 0 0 0 72 70 0 0 74 0 73 0 0 0 0 0 0 0 8 5 4 0 43 0 47 45 0 42 40 41 
0 0 28 27 0 25 0 26 0 47 0 0 0 0 42 48 44 40 66 0 58 0 64 63 60 0 65 72 73 0 0 0 0 71 0 67 37 39 31 0 36 34 0 33 0 0 9 8 11 0 10 0 5 0 0 0 0 0 0 0 80 0 0 0 15 19 0 0 18 0 0 13 0 52 55 56 54 0 0 49 0 
38 0 0 0 0 0 0 0 33 0 55 0 52 0 0 57 0 0 0 0 0 70 0 72 69 0 0 0 0 3 0 0 77 0 0 0 46 0 0 0 0 43 0 42 41 0 18 17 20 0 0 16 0 21 4 9 7 6 0 0 0 0 12 29 0 0 0 0 0 26 23 22 66 0 0 65 0 0 0 58 59 
0 0 64 63 0 0 59 0 60 0 0 0 0 0 78 3 80 76 0 17 0 0 0 0 0 0 20 27 28 0 0 24 0 0 0 22 73 0 0 71 72 0 0 0 0 40 0 44 47 42 46 43 41 0 0 0 0 0 32 0 35 0 0 0 0 0 0 57 0 0 0 49 12 0 10 11 0 8 6 0 0 
57 0 56 55 0 0 0 0 52 0 74 0 0 69 0 0 0 0 13 0 0 8 0 0 0 0 0 19 20 0 0 16 0 0 0 14 0 0 0 0 64 0 66 61 60 0 37 36 0 34 38 0 0 40 0 0 0 0 0 0 0 0 31 0 0 0 0 0 46 0 0 41 0 0 0 3 1 81 0 77 78 
3 0 0 0 0 0 78 81 0 0 0 19 0 15 0 22 0 0 40 0 32 0 38 0 34 33 0 0 47 0 48 0 0 0 44 41 0 13 0 9 10 0 0 0 0 0 0 63 66 0 0 62 0 0 0 0 53 52 51 0 54 56 58 0 0 0 0 0 73 0 69 68 31 0 0 0 28 0 25 23 0 
66 67 65 64 0 0 0 0 0 0 0 1 80 78 79 0 0 0 22 0 0 17 20 0 0 15 21 28 29 0 0 0 0 0 26 23 0 76 68 72 0 0 0 0 0 41 46 0 48 43 0 44 0 49 0 0 35 34 0 0 0 0 40 0 0 56 53 58 55 54 0 50 0 0 0 12 0 9 0 0 0 
0 49 0 46 0 44 0 45 43 66 65 64 62 0 61 0 0 0 0 81 0 80 2 0 79 0 3 0 11 13 12 0 6 0 0 0 0 0 50 0 0 53 0 52 0 23 0 27 30 25 0 26 0 0 0 19 0 16 15 0 0 20 22 0 34 0 35 40 0 0 0 32 0 71 74 0 0 72 0 0 69 
0 0 0 28 23 0 0 27 25 0 0 0 0 0 0 49 0 0 0 0 0 62 0 64 0 0 0 73 74 76 0 0 69 72 0 0 0 0 32 0 0 0 0 0 0 5 0 9 0 7 0 8 0 0 0 0 0 79 0 0 81 2 4 0 16 20 0 0 0 0 0 0 0 53 0 0 0 54 0 0 51 
21 22 0 0 14 17 15 0 16 39 38 37 0 0 0 0 0 32 58 54 50 53 56 0 0 0 0 64 65 0 0 0 60 63 0 59 29 0 0 0 0 0 0 0 0 0 0 81 0 0 2 0 78 4 0 73 0 70 0 75 0 0 0 12 7 11 0 0 0 9 0 0 0 0 0 0 0 0 43 41 42 
0 0 0 0 0 8 0 9 7 30 0 0 0 0 0 31 27 0 49 45 41 0 47 46 0 0 0 0 56 58 57 52 51 0 53 0 0 22 0 18 0 0 0 0 0 0 0 0 0 0 0 0 0 76 0 64 62 61 60 0 63 65 0 0 0 0 80 4 1 0 0 0 0 0 0 39 0 36 0 32 0 
39 0 38 0 0 0 33 0 34 57 0 0 0 51 52 58 0 50 0 72 68 71 74 0 0 0 0 1 2 4 0 79 78 81 0 0 0 0 41 0 0 44 48 43 42 14 0 0 0 0 20 0 0 0 0 10 0 0 6 0 0 0 13 30 0 0 0 31 0 0 24 0 67 62 0 66 0 63 61 0 0 
0 76 74 0 68 0 0 0 0 0 0 10 8 6 0 13 0 5 31 27 23 0 29 28 0 24 30 0 0 0 0 34 33 0 0 32 0 0 0 0 0 80 0 0 0 50 0 0 0 0 0 0 0 0 0 0 0 43 0 0 0 0 0 66 0 0 62 67 0 63 0 0 22 17 0 21 0 0 0 0 15 
0 0 16 15 0 13 0 0 0 35 0 0 0 29 0 0 0 0 54 50 0 0 0 0 0 0 53 60 0 63 62 57 56 0 0 0 0 27 0 0 24 0 0 0 0 0 0 77 0 75 0 76 0 0 64 0 0 0 0 71 68 0 72 0 3 0 4 0 6 0 0 0 45 40 43 0 0 41 39 0 0 
35 36 0 33 0 31 0 32 0 53 0 0 0 0 0 0 0 0 0 0 64 67 70 0 66 65 0 0 0 0 0 0 0 0 0 73 0 0 0 41 0 0 0 0 38 10 15 0 0 0 0 0 0 0 0 0 0 0 2 0 0 0 9 0 0 0 22 0 24 23 20 19 0 58 0 0 0 0 57 55 0 
0 0 43 0 0 0 0 0 39 0 0 0 58 0 57 0 59 55 0 0 73 76 79 0 75 0 0 6 0 9 0 0 0 5 0 1 52 0 0 50 0 49 0 0 0 19 0 0 0 21 0 0 0 0 0 15 0 12 0 0 14 16 0 0 30 34 0 0 33 32 0 0 0 67 0 71 0 68 66 64 0 
0 0 0 0 46 49 0 0 0 71 0 0 67 0 0 72 0 64 0 5 0 0 0 6 3 0 8 15 0 18 17 0 0 0 13 0 0 0 0 0 0 0 0 57 0 0 33 0 35 30 0 31 29 36 0 24 22 0 0 0 23 0 27 44 39 0 40 0 0 41 38 0 0 0 0 0 78 0 0 73 74 
0 0 0 0 0 67 0 68 0 0 0 0 4 0 0 0 0 0 27 0 0 0 25 0 21 0 0 0 0 0 35 30 29 32 31 0 79 0 73 77 0 0 0 0 0 0 0 50 0 0 0 0 47 0 0 42 0 0 38 44 0 0 45 0 0 61 58 0 60 59 0 0 0 0 16 17 15 0 0 10 11 
8 0 0 6 0 4 2 5 0 0 0 24 22 0 0 0 23 0 0 41 37 0 0 0 39 38 0 0 52 54 0 0 47 0 49 0 16 0 0 0 15 0 17 0 0 64 0 0 0 0 70 0 0 0 55 60 0 0 0 0 59 0 0 0 0 0 76 0 0 0 0 0 36 0 34 0 33 32 30 28 29 
26 0 0 24 0 22 0 0 21 0 0 0 0 38 39 0 0 37 63 0 55 0 0 60 57 0 0 0 70 0 71 0 0 68 67 64 34 36 28 32 33 0 0 0 0 1 6 0 8 0 7 0 2 9 0 0 0 75 0 0 0 0 0 0 0 16 0 18 15 14 11 10 54 0 0 0 51 50 48 0 0 
0 0 61 60 0 0 56 59 0 0 0 78 0 0 0 0 77 73 0 14 0 0 0 0 12 11 0 0 0 0 0 21 20 0 0 0 0 0 0 0 69 67 0 0 0 0 0 0 44 39 0 0 0 0 0 0 0 0 0 0 0 34 0 0 48 0 0 0 0 50 0 46 0 0 0 0 0 5 0 0 2 
80 81 0 78 0 0 74 0 0 0 16 0 0 0 0 0 0 0 0 0 0 0 0 0 30 29 0 42 0 45 0 0 0 0 40 0 0 9 1 0 0 4 8 3 2 0 60 59 0 57 61 0 56 63 0 0 0 48 47 0 50 0 0 0 66 0 0 72 69 68 0 0 0 0 0 0 0 23 0 0 0 
72 0 71 0 0 0 0 0 0 0 0 7 5 0 4 0 6 0 0 0 0 23 26 25 22 21 27 34 0 37 36 0 30 0 0 0 0 1 74 0 0 77 0 0 0 0 52 51 0 49 0 0 0 55 0 43 0 0 39 0 0 44 0 0 0 62 59 0 0 0 0 56 19 14 17 18 16 15 0 11 0 
9 10 0 0 0 5 0 0 0 27 26 25 23 0 0 0 0 20 46 0 38 41 44 43 0 39 0 0 0 55 0 49 0 0 0 0 17 19 0 0 0 0 0 0 12 0 70 69 72 0 71 68 66 73 56 0 0 0 0 0 0 0 0 0 76 0 0 0 0 78 0 0 37 32 0 36 0 33 31 0 30 
0 0 0 0 0 0 12 0 0 36 35 34 0 30 0 37 33 29 0 0 0 0 0 0 49 0 54 0 62 64 63 0 0 0 0 0 0 28 0 0 25 23 27 0 21 0 0 0 0 0 80 77 0 0 0 70 0 0 0 0 69 0 0 0 0 0 0 0 0 0 3 0 0 0 0 45 0 0 40 38 39 
45 46 44 43 0 0 0 0 0 0 0 61 0 0 58 0 0 0 0 78 0 77 0 79 76 75 81 0 8 0 0 0 0 6 0 0 53 0 0 0 0 50 0 0 48 20 25 0 0 0 26 0 0 28 11 0 0 0 0 18 15 17 0 36 31 0 0 0 0 33 0 29 73 0 71 72 70 0 0 0 66 
0 28 0 0 0 23 21 0 0 0 0 0 0 0 0 0 0 0 64 0 0 0 0 0 58 0 0 0 0 73 72 0 0 0 68 65 0 0 0 0 34 0 0 0 0 0 0 0 9 0 0 0 0 10 74 0 0 76 75 0 78 0 1 0 0 17 0 0 0 15 12 0 0 50 53 54 52 0 0 0 0 
0 0 0 0 29 0 30 0 31 0 0 0 0 48 0 0 51 0 73 69 0 0 0 70 67 0 0 79 80 1 0 0 0 0 0 74 0 0 0 42 43 0 0 0 0 0 16 0 18 0 0 14 12 0 0 7 5 0 3 0 0 0 10 0 22 26 0 0 0 24 21 0 0 59 62 63 0 0 58 0 0 
63 0 0 61 0 59 57 60 58 81 0 79 77 0 76 1 0 74 0 15 0 0 0 0 0 0 18 0 0 28 0 0 0 0 0 0 71 0 65 0 0 68 0 0 66 0 0 0 0 0 0 41 0 0 29 0 32 0 30 36 0 0 37 0 0 0 0 55 0 0 0 0 0 5 0 9 7 6 0 2 3 
0 1 0 0 0 77 75 0 76 0 17 16 0 0 0 0 0 0 0 0 0 0 0 34 0 0 36 0 44 0 0 0 39 0 0 38 0 10 0 6 0 5 0 0 0 0 0 0 63 58 62 0 0 0 47 52 0 0 48 0 51 0 0 72 0 0 0 0 70 69 0 0 0 0 0 0 25 0 0 0 21 
54 55 0 0 47 0 0 0 49 0 71 0 0 66 67 73 0 0 0 0 2 0 0 0 0 3 0 16 0 0 0 13 0 0 0 0 0 0 0 0 0 0 0 58 57 0 0 0 0 31 0 0 30 37 0 0 23 0 0 27 0 26 0 0 0 44 0 46 0 42 0 38 0 0 80 81 0 78 0 74 0 
0 0 0 0 0 0 0 58 0 79 78 0 0 0 74 80 76 72 17 0 9 12 0 0 11 10 0 0 0 26 0 0 0 0 0 0 69 71 0 67 0 0 0 0 64 36 0 40 43 0 42 39 37 0 0 0 0 29 28 0 31 33 35 52 0 51 0 0 0 49 46 0 0 0 6 7 0 0 0 0 0 
0 0 15 0 0 0 0 0 0 0 0 32 0 28 0 0 0 27 0 0 0 0 0 0 0 46 0 59 0 62 61 56 0 0 0 0 0 0 18 22 0 0 0 20 19 72 0 0 0 74 78 75 0 0 0 0 0 0 0 70 0 0 0 0 0 0 0 8 0 0 1 0 0 39 0 0 41 0 0 36 0 
0 0 0 5 81 0 0 4 2 0 24 23 0 19 20 0 22 0 0 0 0 39 0 0 38 37 43 50 51 0 0 47 46 49 0 45 0 17 9 13 0 12 0 11 10 0 0 0 70 0 69 0 64 0 0 59 0 0 0 0 0 60 62 79 74 0 0 0 77 0 0 0 35 0 0 0 0 0 29 0 0 
25 0 0 0 0 0 0 22 20 43 0 0 39 37 38 0 0 36 62 0 0 0 0 0 0 0 61 68 0 0 70 0 64 67 66 0 33 35 27 0 0 0 0 0 0 0 0 0 0 0 6 0 0 0 0 0 0 0 73 79 76 0 0 0 0 0 0 17 0 0 0 0 53 48 0 0 50 49 0 45 46 
0 0 42 41 36 0 37 40 0 61 0 59 57 55 56 0 58 0 0 0 0 75 78 0 0 0 0 0 6 0 0 0 1 4 3 81 0 0 0 49 0 0 0 47 46 18 23 0 0 20 24 0 19 0 0 0 12 0 0 0 13 0 0 0 29 33 0 0 0 0 28 0 71 0 0 0 0 67 65 0 0 
0 0 0 0 0 0 0 76 0 16 0 0 0 0 11 17 0 0 0 0 0 0 33 0 0 0 34 0 42 44 0 38 0 0 39 0 0 0 0 0 0 3 0 0 0 54 0 58 61 56 0 57 0 62 45 50 48 0 0 0 49 0 0 70 65 0 0 71 68 67 0 0 0 21 0 0 0 0 20 0 0 
0 0 0 0 45 48 0 0 0 0 0 68 0 0 0 0 0 0 8 4 0 0 0 0 2 0 0 0 15 0 0 11 10 0 12 9 60 0 54 0 0 57 61 0 0 0 32 0 0 0 33 0 0 0 0 0 21 20 19 0 0 0 0 43 0 0 0 0 0 0 0 36 80 75 0 79 77 76 0 0 0 
70 0 69 0 0 0 0 67 0 0 0 0 3 0 0 0 0 81 26 0 0 0 0 23 0 0 25 0 0 0 34 29 0 0 0 0 78 80 72 0 77 0 0 74 0 0 0 0 52 47 51 48 46 0 0 0 39 0 37 0 0 0 44 0 0 0 57 0 59 0 0 0 0 12 0 16 14 13 11 9 10 
34 0 0 0 27 0 0 31 29 52 0 50 48 46 0 0 49 0 0 67 0 0 69 0 65 64 70 77 78 0 0 0 0 76 0 72 0 0 36 0 41 0 0 0 37 9 0 0 16 11 0 0 10 17 0 0 0 2 1 0 4 6 8 0 0 0 0 26 0 0 0 18 0 0 0 0 0 0 56 54 55 
60 61 0 0 0 56 0 57 55 0 0 0 74 0 0 79 0 0 0 0 0 11 0 0 10 0 15 0 23 25 0 0 0 21 0 0 68 70 0 66 0 0 0 0 63 0 40 39 0 37 0 38 36 0 26 0 29 0 0 33 0 0 0 51 46 50 47 0 0 0 0 0 0 2 0 6 4 3 1 0 81 
51 52 0 49 0 0 0 0 46 0 0 0 0 63 64 0 66 0 0 0 0 2 0 4 0 0 0 0 0 0 0 10 0 0 0 0 0 61 53 57 58 56 0 0 0 0 31 0 33 28 0 0 0 34 17 22 20 19 0 24 21 0 25 0 37 0 38 0 40 0 36 0 0 74 77 78 0 75 73 0 72 
0 0 0 0 0 0 0 0 0 0 0 0 56 0 55 61 0 0 79 0 0 74 0 0 73 72 0 0 0 0 0 1 0 3 0 0 0 52 44 48 49 0 51 46 0 17 0 0 0 0 23 0 18 0 8 0 0 0 9 0 0 0 16 0 28 32 0 34 31 0 0 26 0 0 0 69 0 0 64 62 0 
0 79 0 0 0 0 72 0 73 0 0 0 0 0 0 0 0 8 0 0 26 0 32 31 28 0 0 40 0 0 42 37 0 0 0 0 5 7 0 3 4 0 0 1 0 53 0 57 0 55 0 56 0 0 0 49 0 0 0 51 48 0 0 0 0 68 65 0 0 66 0 0 0 20 0 24 22 0 0 0 0 
0 16 0 0 0 0 9 12 10 0 32 31 29 27 0 0 0 0 52 0 44 47 0 0 46 45 51 0 0 61 0 55 0 0 0 0 23 25 17 0 0 0 24 0 0 0 76 0 0 0 0 0 0 0 0 0 0 0 0 69 0 68 0 6 0 5 2 0 4 3 81 0 0 0 0 42 0 0 37 0 36 
6 0 0 0 0 0 81 3 0 24 23 0 0 0 0 0 21 0 43 39 35 38 0 40 37 36 0 0 0 52 51 0 0 0 0 44 0 0 8 0 13 11 15 0 0 62 67 0 69 0 0 65 0 70 0 58 0 0 54 0 0 59 0 0 0 77 0 79 76 0 72 71 0 0 0 33 0 0 0 0 0 
33 34 0 0 0 0 27 0 0 51 50 49 0 45 46 0 48 0 0 0 62 0 0 0 0 0 0 76 77 79 78 0 72 0 0 0 41 0 0 0 40 38 0 37 36 8 13 0 15 10 0 11 0 0 0 0 2 1 0 0 0 0 0 0 0 23 0 0 22 0 0 17 0 0 59 0 0 57 0 53 0 
0 0 0 0 62 0 0 0 0 0 0 4 0 0 0 0 3 0 0 0 17 0 23 0 0 18 24 0 0 34 0 28 0 0 0 0 77 0 0 0 76 0 0 73 0 0 0 0 0 46 0 0 45 52 35 0 0 0 36 42 0 0 0 0 0 59 0 61 0 0 0 53 0 0 14 0 0 12 0 0 0 
0 25 0 0 0 0 18 0 0 42 0 0 0 0 37 0 39 35 61 0 0 0 59 0 55 0 60 67 0 0 69 0 63 0 0 62 0 0 0 30 31 0 0 28 27 0 0 3 6 0 0 2 81 7 71 76 0 73 72 78 0 77 0 0 0 0 0 0 0 0 0 8 52 0 0 51 0 0 46 0 0 
0 0 0 0 0 9 0 10 0 0 0 29 0 25 26 0 0 24 0 0 0 45 0 0 44 43 0 56 57 59 0 0 52 0 54 0 0 0 15 0 0 0 22 0 0 0 0 0 0 71 0 72 0 0 60 0 63 62 0 67 0 66 68 0 0 0 0 0 0 1 0 0 0 36 0 0 0 37 35 33 0 
0 59 0 56 51 0 52 0 0 0 75 0 0 0 0 0 73 69 14 0 6 9 12 11 0 0 0 0 21 0 22 17 0 19 0 15 0 0 60 0 0 0 67 0 0 0 38 37 40 0 0 36 34 0 24 0 0 26 25 0 28 0 0 0 44 0 0 50 47 46 0 0 5 0 3 0 2 0 0 78 0 
49 50 48 47 0 0 43 46 0 67 0 65 63 61 0 68 0 0 0 0 78 81 0 2 0 0 0 0 0 14 0 8 7 0 0 0 0 59 0 0 0 0 0 0 0 24 29 28 31 26 0 27 25 0 0 0 18 0 16 0 0 21 0 40 35 0 36 0 0 0 34 0 0 0 75 0 0 73 0 0 0 
0 0 30 0 24 0 0 28 26 49 0 0 45 0 0 0 0 0 0 0 0 63 0 65 0 0 67 0 0 77 0 71 0 73 0 0 0 41 33 0 38 0 40 0 34 0 0 0 0 0 0 0 0 14 78 0 81 0 79 4 1 0 5 22 17 0 18 23 20 0 0 0 0 0 57 58 0 0 0 0 0 
0 41 0 38 33 36 0 0 0 0 0 0 0 0 0 0 0 0 77 73 0 72 0 0 71 0 0 0 3 5 4 0 0 0 0 0 0 0 0 0 47 45 49 44 0 0 0 19 22 17 21 18 0 23 6 11 9 0 0 0 10 12 0 31 26 0 0 0 0 0 25 0 68 63 0 67 0 64 0 0 0 
0 0 21 0 0 18 0 19 0 40 0 0 0 34 0 0 37 0 59 55 0 0 0 56 0 0 0 65 66 0 67 62 0 0 63 0 30 32 0 28 0 0 0 26 25 78 0 0 0 80 0 0 0 0 0 0 0 0 0 0 73 0 0 13 8 12 0 0 11 10 7 6 0 0 0 0 47 46 0 0 0 
0 77 0 74 0 72 70 0 71 13 0 0 0 0 8 0 10 6 32 0 0 27 0 0 26 25 0 0 39 41 40 0 0 0 0 33 0 0 0 1 2 0 0 0 0 0 0 0 58 0 0 54 52 59 0 0 45 0 0 0 46 48 0 67 0 0 0 68 0 0 0 0 23 18 0 0 0 0 0 0 0 
67 0 0 0 60 0 0 0 62 0 0 0 81 0 80 0 0 0 0 0 15 0 0 0 0 0 22 0 0 0 31 26 0 28 0 0 75 0 0 0 0 0 76 0 0 0 47 46 49 0 48 45 0 0 0 38 36 0 34 40 37 0 0 58 0 0 0 0 0 0 52 51 0 9 12 13 11 10 8 6 0 
0 0 0 0 78 81 79 1 0 0 0 0 0 0 0 0 19 0 0 37 33 36 0 0 0 0 0 47 0 0 0 0 43 46 45 42 12 14 6 0 0 0 13 8 0 60 0 64 0 62 0 63 0 68 0 0 54 0 0 0 55 57 59 0 0 75 72 0 0 0 0 69 32 0 30 0 0 28 0 24 0 
