9
37 33 0 29 0 0 36 0 0 0 56 0 0 63 0 61 64 0 0 9 0 6 0 0 0 0 5 68 0 0 0 0 72 0 67 73 54 55 48 51 0 47 0 0 52 0 0 76 0 75 78 0 0 0 0 0 0 0 38 0 0 44 0 11 0 0 0 0 0 13 0 0 27 0 0 0 24 0 26 0 22 
0 60 0 0 58 62 0 0 0 0 2 6 5 0 3 0 0 0 30 36 0 0 31 0 0 29 32 0 0 0 0 0 0 0 13 19 0 0 75 78 0 0 0 0 0 27 0 0 0 21 0 0 0 25 0 67 0 0 0 0 0 0 0 0 0 0 0 44 42 40 0 0 54 55 0 0 51 52 0 0 0 
0 0 0 0 0 8 0 5 7 0 29 0 32 0 0 0 0 0 0 0 0 0 0 0 0 56 0 0 43 0 0 0 45 0 0 46 27 0 0 0 0 0 22 0 0 54 0 0 0 0 51 0 0 0 0 0 0 0 11 14 16 0 0 65 0 0 0 71 0 0 66 0 81 1 0 0 78 0 0 0 0 
0 51 0 0 49 0 54 0 52 0 74 0 0 0 0 0 0 76 21 0 0 24 22 0 26 0 0 0 0 0 6 0 0 0 0 10 0 0 0 0 0 0 0 0 0 0 0 0 0 0 0 14 0 0 60 58 0 0 0 0 61 62 64 0 0 0 0 35 33 0 30 34 45 0 41 0 0 43 0 0 0 
0 0 0 65 0 0 0 0 0 17 11 0 14 0 12 16 0 0 0 0 46 42 0 0 44 38 0 0 0 21 0 0 0 0 0 0 9 0 3 0 0 0 0 0 0 36 0 31 37 0 0 0 0 0 0 76 0 0 74 0 0 0 0 0 0 0 0 0 51 0 0 52 63 0 59 0 60 61 0 0 0 
0 15 0 11 0 0 18 0 0 0 38 0 0 0 0 0 0 0 0 0 0 0 0 70 0 65 0 50 52 48 0 0 0 0 0 0 36 0 30 0 35 29 0 32 0 0 0 58 64 0 0 0 62 0 24 22 27 0 0 0 0 0 0 0 0 77 0 0 0 0 0 0 0 10 0 2 0 0 0 0 4 
0 24 21 0 0 26 0 0 0 0 0 0 50 0 0 52 0 49 0 81 0 0 76 0 0 0 0 0 0 0 0 0 0 0 58 0 45 0 39 0 0 38 0 41 0 0 0 0 0 0 0 0 0 0 0 31 0 30 0 0 0 35 37 0 0 0 10 0 0 0 3 0 0 0 0 0 15 0 0 0 0 
1 0 75 0 0 0 81 0 0 0 20 0 23 27 21 0 0 22 0 0 0 0 49 0 0 0 0 32 34 0 0 0 0 0 31 0 0 0 0 0 0 0 0 0 0 45 38 0 46 39 0 0 0 0 6 4 0 3 2 5 0 0 0 0 63 0 0 0 0 0 0 61 72 0 0 0 0 0 0 0 0 
0 42 39 0 0 0 0 41 0 0 65 69 68 0 0 70 0 67 0 18 0 0 0 0 0 0 0 77 0 0 78 0 0 0 0 0 63 0 0 0 0 0 58 0 61 0 0 4 0 0 0 0 0 7 0 0 54 48 0 0 0 53 55 20 27 0 28 26 0 0 21 25 0 0 32 0 0 34 0 0 31 
0 0 0 0 42 0 47 0 0 0 0 0 70 0 0 0 0 0 0 0 0 0 0 0 19 13 0 79 81 77 0 76 2 0 78 0 0 0 59 0 0 0 0 0 0 0 4 0 12 0 0 0 0 9 53 0 0 0 0 0 54 55 0 22 29 25 30 28 0 0 0 0 38 0 34 0 0 0 0 32 33 
0 0 23 22 24 0 0 0 0 55 0 53 52 0 0 0 0 51 77 0 0 0 0 0 1 0 79 0 63 0 62 0 0 0 0 0 47 0 41 0 46 0 0 0 0 0 0 0 75 0 0 0 73 0 0 33 0 32 0 0 36 37 39 4 0 0 0 0 0 0 0 0 20 21 16 0 0 0 19 14 15 
0 17 14 0 0 0 20 0 0 0 0 44 43 0 41 0 0 0 0 0 75 0 69 0 0 67 0 0 0 50 0 0 0 0 0 0 0 39 0 0 0 31 33 0 0 0 0 0 0 59 62 61 0 0 26 24 29 0 0 0 0 0 0 76 0 0 3 1 0 0 77 0 0 0 0 0 0 9 0 0 6 
0 0 50 0 51 55 56 0 54 0 0 0 79 0 0 0 3 0 23 0 30 0 24 27 0 0 0 7 9 5 0 0 0 0 0 0 0 75 0 71 0 67 0 0 0 0 0 0 0 0 17 0 0 18 62 0 65 0 0 61 63 0 66 31 38 0 0 37 35 33 0 0 0 48 0 0 0 45 0 0 42 
0 0 0 0 0 73 0 0 72 19 0 17 0 0 0 18 0 0 0 0 0 0 0 0 0 0 0 25 0 0 0 22 29 28 24 0 11 0 5 0 0 4 0 7 9 0 0 0 39 0 35 34 0 36 0 0 0 0 76 0 0 0 0 0 56 52 0 55 0 0 0 0 0 0 61 0 0 0 0 0 0 
39 0 0 0 0 0 0 0 36 0 0 0 61 0 59 63 66 0 0 11 0 8 0 0 0 0 0 0 0 0 71 0 0 0 0 0 0 0 50 0 0 49 0 0 0 0 0 78 3 0 0 0 0 81 44 42 0 0 0 0 0 0 0 0 0 0 21 19 17 0 0 0 0 0 0 0 0 27 0 0 0 
0 0 0 0 0 0 0 0 0 0 4 0 0 0 0 0 0 0 0 0 0 35 0 0 0 0 0 16 0 0 0 0 20 0 0 0 0 3 0 0 0 0 0 79 81 0 0 0 0 0 26 0 28 27 71 0 0 0 0 0 0 73 0 40 0 0 0 46 0 0 0 0 56 0 0 0 0 54 55 0 51 
3 0 77 0 0 0 2 0 81 0 0 0 25 29 0 27 30 0 50 56 0 0 0 54 0 49 0 0 36 0 0 31 0 0 0 39 20 21 0 0 19 0 0 0 0 0 0 0 0 41 0 0 46 0 8 6 0 5 4 0 0 10 0 0 0 0 66 0 0 0 0 0 0 75 70 0 71 0 0 0 69 
12 0 5 0 0 0 11 0 0 37 0 35 0 38 0 0 0 0 0 0 66 0 0 0 0 0 0 43 45 0 44 40 0 0 42 0 0 0 0 26 28 0 0 0 27 0 0 0 0 50 0 52 0 0 0 0 0 14 13 0 0 0 0 0 0 70 0 0 0 0 68 0 2 0 0 76 80 0 1 0 0 
47 0 0 0 0 0 46 0 44 72 0 70 0 0 0 0 0 0 0 0 0 0 0 0 0 0 15 0 0 76 79 75 0 0 0 2 0 0 58 61 0 57 0 0 0 0 0 0 0 4 7 0 9 0 0 50 55 49 0 0 0 54 0 21 28 24 0 0 25 0 0 0 37 0 0 0 0 0 0 0 0 
0 0 4 0 5 9 0 0 0 36 0 0 0 0 31 0 0 0 0 0 0 0 0 0 63 0 60 42 44 0 0 39 46 45 0 47 0 0 0 0 0 0 0 0 26 0 0 0 56 0 0 0 54 0 0 0 0 13 0 0 0 0 20 0 73 69 0 0 0 68 0 71 0 0 0 75 0 80 0 0 77 
0 0 0 48 0 0 0 0 0 81 0 0 0 0 0 0 0 0 0 0 29 0 0 26 0 0 24 0 8 0 7 0 0 9 5 0 0 0 0 70 72 0 0 0 0 19 0 0 0 13 16 0 0 17 0 59 0 0 0 0 0 0 65 0 0 0 38 0 0 0 0 0 0 0 0 0 0 44 45 40 0 
0 0 0 0 0 0 0 0 0 0 0 7 0 0 0 8 0 0 0 0 0 34 0 0 36 30 0 0 0 13 0 12 0 0 14 20 0 0 76 79 81 0 0 0 80 0 0 23 0 0 0 24 0 26 70 0 73 67 0 0 0 0 0 0 0 42 47 0 0 0 40 0 0 0 0 0 0 0 0 49 50 
0 0 0 0 0 18 0 15 0 0 0 43 0 46 0 0 0 0 67 0 0 0 68 0 0 0 0 0 53 0 52 0 55 0 0 56 37 0 0 0 0 0 0 0 0 0 0 59 0 58 61 0 0 0 0 0 0 22 21 0 26 0 0 0 0 78 2 0 0 0 76 80 0 0 0 0 0 0 9 0 5 
0 0 31 0 0 0 37 0 35 63 0 0 0 64 58 62 65 0 4 0 11 0 0 0 0 3 0 0 71 0 70 0 73 0 0 0 0 0 49 52 0 0 0 51 0 0 75 77 0 76 0 78 81 0 0 0 46 0 39 0 0 0 0 0 0 0 0 0 0 0 13 0 0 29 0 0 0 26 0 22 0 
2 79 0 75 0 0 1 0 0 0 21 0 0 0 22 26 0 0 49 0 0 0 0 0 0 0 51 33 0 0 0 0 0 0 0 0 0 20 0 0 0 0 0 0 17 0 0 0 47 40 0 42 45 0 7 0 10 0 0 0 0 0 0 0 64 0 0 0 0 0 58 0 0 0 0 66 0 71 0 0 0 
0 25 0 21 0 27 0 24 0 0 0 0 51 0 49 0 0 0 0 1 0 79 0 80 0 0 78 0 62 58 0 57 0 0 59 0 46 0 0 0 0 0 41 42 0 0 0 68 0 0 70 0 72 0 0 0 0 0 0 0 0 36 0 0 0 0 0 9 0 0 0 0 0 0 0 0 0 17 18 13 0 
0 0 0 0 0 0 0 69 71 0 0 16 0 0 13 17 0 14 0 46 0 43 0 0 0 0 0 0 26 0 0 0 28 0 0 0 10 0 4 0 9 3 0 0 0 37 30 0 0 0 0 0 0 35 0 0 1 0 0 0 0 81 0 0 0 51 0 54 0 0 0 0 64 0 0 0 0 0 0 0 0 
0 0 28 0 29 0 0 0 32 0 54 0 0 0 0 0 62 0 0 0 0 0 2 0 6 81 0 0 0 64 0 0 0 69 65 0 52 53 0 0 0 0 47 0 0 0 72 74 0 0 0 75 0 0 0 0 0 37 36 39 0 0 44 0 16 12 17 0 0 0 0 0 25 0 0 0 0 0 24 0 0 
0 0 0 0 11 15 0 12 0 0 0 0 0 43 0 0 44 0 0 70 71 0 65 68 0 63 0 48 0 0 49 0 0 0 0 53 0 0 0 0 0 0 0 0 32 0 54 56 62 0 0 57 0 0 0 0 0 19 0 0 0 24 0 0 79 0 0 0 0 0 0 0 0 0 0 0 0 0 0 0 2 
26 0 19 18 0 0 0 21 0 0 0 0 0 52 46 0 0 47 73 0 0 76 74 77 78 0 0 0 0 0 0 0 61 60 0 0 43 44 0 0 42 36 0 0 0 0 0 0 71 0 0 0 0 68 0 0 0 0 27 30 32 33 0 0 0 0 0 0 0 2 1 0 0 0 0 0 0 0 15 0 11 
8 0 0 0 2 0 7 0 0 0 27 31 0 34 28 0 0 0 0 0 0 0 56 59 60 0 0 39 0 37 40 0 0 42 0 0 0 0 0 0 24 0 0 21 23 52 45 0 0 46 0 0 0 50 13 0 0 10 0 12 0 0 17 0 0 0 0 69 0 0 0 0 0 0 0 0 76 0 0 73 74 
80 76 73 0 0 0 0 0 77 24 0 22 0 25 0 23 26 0 0 0 53 0 0 0 51 0 0 0 0 0 31 27 0 0 0 0 0 0 0 13 0 0 0 0 14 0 0 38 0 37 0 0 0 0 4 0 7 1 0 3 0 6 0 0 0 0 0 0 58 56 0 0 70 71 66 0 67 0 69 0 0 
0 0 0 0 0 0 0 0 59 6 0 4 0 0 1 5 0 2 28 0 35 0 0 0 33 0 0 0 14 0 13 9 16 0 0 0 0 0 0 0 78 0 0 75 77 0 0 20 0 0 0 21 0 0 67 65 70 0 63 0 0 0 0 36 0 0 0 42 40 38 37 0 52 0 0 0 0 0 51 46 0 
0 0 37 36 0 0 0 39 0 0 63 67 66 0 0 0 0 65 0 0 0 13 0 0 0 9 0 0 0 0 0 0 0 0 74 0 61 0 55 0 0 54 56 57 0 0 0 0 0 1 0 3 0 5 49 47 0 0 0 0 0 51 0 0 0 0 0 24 0 20 0 0 0 0 0 0 0 32 0 0 0 
0 0 0 0 65 69 70 66 0 0 9 0 0 16 10 0 17 0 0 0 0 0 0 0 42 36 0 0 0 19 0 0 0 0 20 0 0 0 0 0 0 0 0 0 0 0 0 0 0 0 31 30 0 32 76 74 79 0 0 0 0 0 0 0 0 48 0 0 0 0 0 0 0 0 0 0 0 0 0 0 0 
0 0 46 0 0 0 0 0 0 78 0 0 0 79 73 0 80 74 0 0 0 0 0 0 0 18 0 3 0 0 0 0 0 0 0 8 70 0 0 0 0 0 65 0 0 16 0 11 0 0 0 0 0 0 0 56 0 55 54 0 59 60 0 0 34 0 0 0 31 0 0 32 0 44 39 0 40 0 42 0 0 
0 0 0 55 57 0 0 58 0 7 0 0 4 8 2 0 9 0 29 35 0 0 0 33 0 28 31 0 15 0 14 0 0 0 0 0 0 0 0 0 0 73 0 76 0 0 0 0 0 0 0 0 0 0 68 66 71 0 64 0 0 0 0 37 44 40 0 43 0 0 0 0 0 0 49 0 0 0 52 47 0 
0 0 74 0 75 0 0 76 78 0 0 0 0 26 20 0 0 0 0 0 0 0 0 0 52 46 0 0 0 29 0 28 0 0 0 0 0 0 0 0 0 0 0 0 0 44 0 0 0 38 41 0 0 0 0 3 0 0 0 0 6 7 9 0 0 0 0 0 0 57 0 60 0 0 0 0 0 0 0 65 66 
54 0 0 0 0 0 53 49 0 0 0 77 76 0 74 0 0 0 20 0 0 0 0 0 0 19 0 0 0 0 0 0 0 0 0 9 0 0 65 68 0 64 66 67 0 17 0 0 0 11 14 13 0 0 59 0 0 56 0 0 60 61 0 0 0 31 36 34 0 0 0 33 0 0 40 0 41 42 0 38 0 
0 32 0 0 0 0 0 31 0 0 0 59 58 62 0 0 0 0 0 0 9 0 3 0 0 0 0 0 69 0 68 0 0 0 0 0 0 0 0 0 52 0 0 49 0 80 73 0 0 0 77 0 0 0 0 0 44 38 37 0 42 0 0 0 0 13 0 16 0 0 11 0 0 0 22 0 0 0 0 20 21 
45 0 0 37 39 0 0 0 0 70 64 0 0 0 0 0 72 0 0 17 0 0 0 15 16 0 0 0 78 0 0 0 0 0 75 81 0 63 56 0 0 55 0 58 0 8 0 3 9 0 0 4 0 0 50 0 53 0 0 0 51 0 54 0 26 0 0 0 0 0 0 0 0 0 0 28 0 0 34 0 0 
18 0 0 0 0 0 17 13 0 43 0 41 0 44 0 0 0 0 0 0 0 0 0 0 70 64 0 49 51 0 50 46 53 0 0 0 0 0 0 0 0 0 30 0 33 62 0 0 63 0 0 0 0 0 0 0 26 20 0 22 24 0 0 0 80 0 81 0 0 0 0 78 0 9 0 1 0 0 0 0 3 
27 23 20 19 21 25 0 0 24 0 46 50 0 53 0 0 0 0 0 0 0 0 75 0 0 73 0 0 0 0 0 0 0 0 0 63 0 45 0 0 0 0 39 0 0 0 0 66 0 65 0 67 0 0 32 0 0 0 0 31 0 34 0 0 8 4 9 7 0 3 0 0 0 0 0 0 14 0 0 0 0 
0 0 0 64 66 0 71 0 69 0 0 14 0 0 0 15 0 0 0 0 0 41 0 0 0 37 0 0 0 20 0 0 0 25 0 27 8 0 0 0 0 0 3 0 0 0 0 0 0 0 32 0 0 0 0 75 80 74 0 0 78 0 0 46 53 0 0 0 50 0 0 0 0 0 0 0 59 60 0 0 0 
9 0 0 0 0 7 0 0 0 34 0 0 31 0 0 33 36 0 0 0 0 59 0 0 0 0 58 40 42 0 0 0 0 0 0 0 0 27 0 0 25 0 0 0 24 0 0 0 0 0 50 0 0 0 14 12 0 0 0 0 15 16 0 64 0 0 0 0 0 66 0 69 0 81 0 0 0 78 0 74 0 
0 64 0 0 62 66 0 0 0 0 0 0 9 0 0 11 14 8 34 0 0 0 35 0 39 33 0 18 0 0 0 0 22 0 0 23 0 5 0 0 3 0 0 0 0 0 0 0 32 0 28 0 30 29 0 0 0 0 0 72 74 0 0 0 0 45 50 0 0 0 43 47 0 0 0 0 0 0 0 52 0 
0 10 0 0 8 0 13 9 11 0 33 0 0 40 0 38 0 0 0 0 0 0 0 0 66 60 63 0 47 0 0 0 0 48 0 0 0 0 0 28 0 0 0 0 0 0 51 0 0 0 55 0 57 0 0 17 0 16 15 0 0 0 0 69 0 0 77 0 73 0 0 0 4 5 0 78 0 0 3 79 80 
0 0 0 15 0 21 0 0 0 0 42 0 0 49 43 47 50 0 0 0 0 73 0 74 0 69 72 0 0 0 0 0 0 0 0 0 40 0 34 0 0 0 35 0 0 0 0 62 68 61 0 0 0 0 28 0 0 0 24 0 0 30 32 0 0 0 0 0 1 80 79 2 13 0 0 0 0 0 12 7 8 
59 0 0 0 0 0 0 54 0 0 0 0 0 0 0 0 0 0 0 0 32 0 0 29 30 24 0 0 11 0 0 0 0 0 0 0 0 0 0 0 0 0 71 72 74 0 15 0 0 0 0 18 0 20 64 0 0 0 0 0 65 66 0 33 0 0 0 0 0 35 34 38 0 0 0 42 0 0 0 0 0 
0 0 0 0 0 48 49 0 0 0 0 0 0 0 0 0 0 71 16 22 23 19 0 0 21 0 0 0 0 0 0 0 0 0 0 0 0 68 0 0 0 0 0 63 65 13 0 0 0 7 10 0 0 0 0 53 0 0 0 0 56 0 0 0 0 0 32 30 0 0 0 29 40 41 36 0 0 38 0 0 35 
41 37 0 33 0 0 0 36 0 0 0 64 0 67 61 65 0 62 7 0 0 10 0 0 0 6 0 0 0 0 73 0 0 0 0 77 0 0 0 55 57 51 0 0 0 0 0 0 0 0 0 0 0 0 0 0 0 0 42 0 0 0 50 0 0 0 0 0 0 17 16 20 0 0 0 24 28 0 0 25 26 
0 0 0 0 0 0 0 72 0 0 15 19 18 0 16 0 0 17 0 49 0 0 0 0 0 0 0 27 0 25 28 0 31 0 0 0 0 0 7 0 0 0 0 9 11 0 0 0 41 34 0 36 0 38 0 0 4 79 78 0 0 0 0 0 0 0 0 0 55 0 52 56 67 0 63 0 64 0 66 0 0 
0 1 0 0 0 0 0 0 2 30 0 0 0 0 0 0 0 0 0 0 0 55 0 56 57 51 54 36 38 0 0 0 0 39 35 0 0 0 0 19 0 0 0 0 0 49 42 0 0 0 46 0 0 47 10 0 13 0 0 0 0 12 14 0 0 0 0 66 64 62 61 0 76 0 0 0 73 0 0 70 0 
0 0 0 0 26 30 31 0 0 0 0 0 0 58 0 0 59 0 0 0 5 0 0 0 3 0 0 0 65 0 0 0 0 0 0 0 0 0 0 0 48 0 0 0 0 0 0 0 77 70 73 0 75 74 0 0 40 0 0 0 0 0 0 6 13 0 0 0 0 8 7 11 0 23 18 15 0 0 0 0 0 
0 0 0 0 0 41 0 0 0 0 0 0 0 0 63 0 0 0 9 0 16 0 0 0 0 8 11 0 0 0 75 0 0 0 0 0 0 61 54 0 0 53 0 0 58 6 80 0 0 0 0 2 5 0 48 0 0 0 44 47 0 0 0 17 0 0 0 0 0 0 18 22 0 0 0 0 0 31 32 27 0 
25 0 0 17 0 0 0 0 22 50 0 0 47 0 0 0 52 46 72 0 79 75 73 76 0 0 0 56 0 0 57 0 60 59 0 0 0 43 36 0 0 0 0 38 0 0 0 0 0 63 0 0 68 0 30 0 33 27 26 0 0 0 0 0 0 2 7 5 3 1 81 0 15 0 0 0 0 13 0 9 0 
0 0 0 0 46 0 0 0 0 0 0 0 74 0 72 0 79 0 0 0 25 0 0 22 0 0 0 2 0 0 0 0 0 5 1 0 0 0 0 0 0 62 0 0 0 0 0 0 0 0 0 11 0 13 0 0 0 0 53 0 0 0 61 0 0 29 34 0 0 28 0 31 0 43 0 0 0 40 0 0 0 
0 0 0 53 55 0 0 0 0 0 0 3 2 0 0 4 0 1 0 0 34 0 0 0 0 0 0 0 0 0 0 0 0 0 0 0 0 79 0 0 0 0 0 74 0 24 0 19 0 0 21 0 0 22 0 0 0 63 62 0 0 0 70 0 0 0 0 0 0 37 0 0 0 0 0 0 0 0 0 0 46 
0 0 0 0 0 0 15 0 0 0 0 0 0 0 0 40 0 0 63 0 0 0 0 0 0 0 0 47 0 45 0 0 0 50 0 0 0 0 0 30 0 0 28 0 0 0 0 0 61 54 0 0 0 0 0 0 0 0 0 20 0 0 25 0 0 0 79 77 0 0 0 0 0 7 0 0 0 0 0 81 0 
0 0 0 0 0 0 0 0 0 0 0 57 0 0 0 0 0 0 0 0 0 3 0 0 0 0 0 65 0 0 0 0 0 68 64 0 0 52 45 48 0 0 0 0 49 0 0 0 0 0 75 74 77 0 39 37 42 0 0 0 0 0 0 0 0 0 0 14 0 0 9 0 0 0 0 0 0 0 0 0 0 
0 0 0 62 0 0 69 65 67 14 0 12 0 0 9 0 0 10 36 0 0 0 0 0 41 35 0 0 0 0 21 0 0 23 0 0 0 0 81 3 0 0 1 0 0 0 26 28 34 0 30 0 0 0 0 0 0 0 0 0 0 0 0 0 0 47 52 0 0 0 0 49 0 0 0 53 57 0 0 54 55 
7 3 0 0 0 5 0 2 0 0 26 0 0 33 27 0 0 28 0 0 61 57 0 0 0 0 0 0 0 0 0 35 0 0 0 43 0 0 0 0 0 0 0 0 0 51 0 0 0 45 0 47 0 0 0 10 15 0 8 11 0 0 0 0 0 65 70 0 0 0 0 0 0 0 0 71 0 0 77 72 0 
0 0 72 71 73 77 0 74 0 0 0 0 0 0 18 0 25 19 0 0 0 0 0 0 0 0 47 0 0 0 30 0 33 32 0 0 15 16 0 12 0 8 0 0 0 0 0 37 0 36 0 38 41 40 0 1 6 0 0 0 4 0 7 53 0 0 0 0 57 0 0 58 69 0 65 62 0 0 68 63 0 
0 27 0 0 25 29 0 26 28 0 0 0 0 0 51 0 58 0 0 0 0 0 0 1 2 0 80 0 64 60 0 0 0 65 0 0 0 49 0 0 0 0 43 0 0 0 0 0 76 0 72 0 0 0 36 34 39 0 32 0 37 0 0 5 0 8 0 0 0 7 6 10 0 22 0 0 18 0 20 0 0 
0 0 0 32 34 0 0 0 0 0 0 63 0 0 0 0 0 61 0 12 0 0 7 0 0 0 0 71 73 0 72 0 75 74 70 0 57 0 51 0 0 0 0 0 0 0 0 0 0 78 0 80 2 1 0 0 48 0 0 44 0 47 0 0 0 0 0 0 0 16 0 0 0 0 0 0 0 28 29 24 0 
0 0 0 0 0 65 0 62 0 0 0 9 8 0 0 10 0 0 33 39 0 0 0 37 0 0 0 0 19 0 0 0 21 0 0 22 0 0 0 0 0 0 0 0 1 30 23 0 0 0 27 26 29 28 0 0 0 0 0 0 73 0 0 0 0 0 0 0 0 43 42 46 0 0 53 0 0 0 0 0 0 
4 0 0 77 0 0 0 0 0 0 0 0 0 0 0 28 0 0 0 0 58 0 0 0 0 50 0 0 0 0 0 0 39 38 34 0 0 22 15 0 0 14 16 17 19 0 0 0 0 0 0 44 0 0 9 0 0 0 0 0 10 0 13 59 0 62 67 65 0 0 0 0 0 0 0 0 0 0 74 0 0 
0 0 0 14 16 0 21 0 0 47 0 0 0 0 0 46 49 43 0 0 0 72 0 0 74 0 0 53 0 0 0 0 0 56 0 0 0 0 33 0 0 0 0 0 0 0 0 0 67 60 63 0 65 0 0 0 0 0 23 0 28 0 0 0 3 0 0 0 0 0 0 0 12 0 8 0 0 0 11 0 0 
0 0 0 41 0 0 0 0 0 0 0 0 71 0 0 0 76 0 0 21 22 0 16 0 0 0 17 80 1 0 0 77 0 2 0 0 0 0 0 0 0 59 0 0 0 12 0 0 0 6 9 0 0 0 0 0 0 0 0 0 55 56 58 23 30 26 31 29 0 0 0 0 0 0 35 0 0 0 38 0 34 
0 0 0 0 52 56 0 0 0 0 0 81 0 0 78 0 0 0 0 0 31 27 0 28 0 0 26 0 0 6 0 5 0 0 0 0 0 0 0 0 0 0 0 71 0 0 0 0 22 15 0 0 20 0 0 61 66 60 0 0 0 0 0 32 0 0 0 38 0 34 0 0 0 49 0 41 0 0 47 42 0 
0 0 69 0 0 74 0 0 0 0 0 0 17 0 0 0 0 0 0 0 0 0 43 0 0 41 0 26 28 24 0 0 30 0 0 31 0 13 0 9 0 5 0 8 10 0 0 0 0 33 0 0 38 0 0 79 0 78 0 0 0 0 0 0 0 0 58 0 54 0 51 0 0 0 0 0 0 0 65 60 61 
0 0 0 0 0 0 0 0 0 0 32 0 0 39 33 37 40 0 60 0 67 63 61 0 65 0 0 0 0 42 0 0 0 47 43 0 0 0 0 0 0 23 25 0 0 0 0 0 58 0 54 0 0 55 0 0 0 15 0 0 19 0 0 0 0 0 76 74 0 0 0 0 3 0 0 77 0 0 0 78 0 
0 29 26 0 0 0 32 0 0 0 0 0 55 0 0 0 0 54 80 0 0 0 0 3 4 79 1 0 0 0 65 0 0 0 63 0 0 51 0 0 0 0 0 46 0 77 0 0 78 0 74 73 76 0 38 0 0 0 34 37 0 40 0 0 0 10 0 0 11 0 8 0 0 0 0 0 0 0 0 17 0 
0 20 17 0 0 22 23 19 0 0 0 0 0 0 0 0 51 0 71 0 0 0 0 0 0 0 0 55 0 53 0 52 0 58 54 60 0 42 0 0 40 0 0 37 0 68 0 0 69 62 0 0 0 0 0 0 32 26 25 0 0 0 0 0 0 0 0 4 2 0 0 0 14 0 0 0 11 0 0 0 9 
0 0 0 0 0 0 59 0 0 0 0 2 1 0 80 0 0 81 0 0 0 29 27 0 31 0 0 0 0 0 0 0 14 0 9 0 77 78 0 0 0 0 0 0 0 0 0 18 0 17 0 0 0 0 0 0 0 62 61 0 0 0 0 0 41 0 42 0 0 0 0 39 0 51 0 0 47 0 0 44 0 
0 0 0 70 72 0 0 0 0 0 16 0 0 0 0 0 0 0 0 50 51 47 0 0 0 0 0 0 0 0 29 25 0 0 0 33 0 0 0 0 0 0 0 0 12 41 34 0 0 0 0 0 0 39 0 0 0 0 79 1 0 4 0 52 0 0 0 0 0 0 0 57 68 69 0 61 0 0 0 62 0 
0 2 0 79 0 4 0 0 0 31 0 0 0 32 0 0 33 0 0 0 0 0 54 0 0 0 0 37 0 0 0 0 0 0 0 0 23 0 0 0 22 0 0 0 0 50 0 0 0 44 0 46 49 0 0 0 0 0 0 0 0 0 0 61 0 0 0 0 0 0 0 0 0 0 0 0 0 75 0 0 0 
0 0 0 0 0 0 68 64 0 0 0 11 10 0 0 0 0 9 35 41 42 0 0 0 0 34 0 0 0 0 0 0 0 0 0 24 5 0 0 0 0 79 0 0 0 32 0 0 0 0 29 28 0 0 0 0 0 0 70 73 0 0 78 0 50 0 0 0 0 0 0 0 0 0 0 0 56 0 0 0 54 
0 0 44 0 0 0 0 46 48 0 0 0 0 0 0 0 0 0 0 0 24 20 0 0 0 0 0 1 0 0 0 79 0 4 0 0 68 0 62 0 0 0 63 0 66 14 0 0 15 8 11 0 0 0 0 54 0 0 0 0 0 0 0 0 32 0 0 31 0 0 0 0 0 42 0 34 0 39 0 0 0 
0 0 0 0 0 0 0 0 0 40 0 0 0 0 0 0 0 0 0 68 69 0 0 66 67 0 0 46 0 44 0 0 50 0 45 0 0 33 26 0 31 0 0 0 0 59 0 0 60 53 56 0 0 0 20 0 0 0 0 19 0 22 0 0 77 0 0 76 74 0 0 75 5 6 0 79 0 0 4 80 0 
42 0 0 0 36 0 41 0 39 67 61 0 0 0 0 0 69 0 8 0 15 11 0 0 0 0 0 73 0 0 0 0 0 0 72 0 0 60 53 0 58 52 0 0 0 0 0 81 6 0 0 0 0 0 0 0 0 0 0 0 0 49 0 16 23 0 24 0 0 18 0 21 0 0 0 25 0 30 0 0 27 
