9
47 0 0 45 49 0 0 52 0 0 0 0 65 0 0 63 0 0 0 7 0 0 6 3 0 0 4 0 0 0 33 0 0 0 0 0 59 0 0 53 0 0 0 0 57 72 0 0 0 77 0 0 0 74 40 0 0 0 0 0 0 0 0 0 0 16 0 0 0 0 0 0 0 22 23 0 0 0 0 0 18 
0 0 5 0 4 0 1 0 6 22 0 0 20 0 24 0 0 0 0 0 0 36 0 0 0 0 0 0 70 0 0 0 66 64 0 62 0 0 0 0 0 0 0 0 0 0 26 0 0 0 0 0 0 29 76 0 0 0 0 0 0 0 0 0 0 0 44 45 0 0 0 51 0 0 0 0 0 57 0 56 54 
0 57 0 54 0 0 0 0 0 76 0 71 0 79 78 0 0 0 0 16 0 0 0 0 0 10 13 0 0 0 0 0 0 37 38 0 68 0 0 0 0 0 0 0 0 81 80 1 0 0 4 0 0 0 49 0 0 0 50 0 0 0 0 0 0 0 0 18 19 0 0 24 0 31 0 0 0 0 0 0 0 
0 30 0 27 0 0 0 0 0 0 0 0 0 0 51 0 0 0 0 0 0 0 0 66 68 64 0 0 0 0 0 0 0 0 0 8 0 0 0 35 0 0 40 0 39 54 0 0 61 0 58 60 0 56 0 0 0 0 0 0 0 21 0 0 0 0 71 0 0 0 0 0 0 0 5 7 0 0 0 0 0 
0 0 0 0 76 0 0 0 78 13 10 0 0 16 0 0 0 12 26 0 0 27 0 0 0 28 0 59 61 0 60 58 0 55 0 53 0 0 0 0 0 0 0 0 3 0 0 0 25 23 0 0 0 0 67 64 0 0 0 0 65 0 0 38 39 43 0 36 0 40 41 0 0 0 0 52 51 0 0 0 0 
65 66 0 0 67 0 64 0 69 0 0 80 0 7 0 0 0 3 17 0 0 0 0 0 0 19 0 0 0 45 0 0 0 46 47 0 0 0 0 0 0 0 76 79 0 9 0 10 16 0 0 0 12 0 0 55 0 0 0 0 0 0 0 0 30 34 0 27 28 0 32 0 0 0 41 0 42 39 0 0 0 
20 21 0 0 22 17 19 0 0 0 37 35 38 0 42 36 0 0 0 61 0 0 0 0 59 0 0 0 0 0 0 0 3 0 2 0 0 33 0 26 0 27 0 34 0 0 44 0 52 0 0 0 0 47 0 10 0 16 14 0 11 0 8 0 66 70 62 63 0 67 68 69 0 0 0 0 0 0 0 74 72 
0 39 0 36 40 0 0 43 0 58 55 53 56 0 60 0 0 0 0 0 74 0 0 75 0 73 0 0 0 0 0 0 0 0 0 0 0 0 0 0 0 45 0 0 48 63 0 0 70 68 0 69 66 65 0 0 27 0 32 0 29 0 0 0 0 0 0 0 0 4 0 0 0 0 14 0 0 0 0 11 0 
0 0 14 0 0 0 0 0 15 0 0 0 0 0 0 0 0 30 44 52 0 0 0 0 0 0 49 77 0 0 0 76 0 73 0 71 23 24 20 17 0 0 22 0 21 0 0 0 0 0 0 0 39 38 0 0 0 0 0 0 0 0 0 0 0 61 0 54 55 0 0 0 0 0 0 0 0 66 0 0 0 
0 62 0 0 63 58 0 0 65 81 78 76 0 0 2 0 0 0 0 0 0 0 0 0 0 0 0 0 0 0 0 0 44 42 0 0 0 0 0 0 0 68 0 0 71 5 0 6 0 0 9 11 0 0 54 51 0 0 0 0 52 0 49 25 0 0 22 0 0 0 0 0 33 0 0 0 0 0 0 0 0 
0 0 0 0 0 13 0 0 0 36 33 0 34 0 0 0 0 35 0 0 52 0 56 0 55 51 0 0 0 0 2 0 80 78 0 0 0 0 0 0 0 23 27 30 0 41 0 42 0 0 0 0 0 0 0 0 0 12 0 11 7 8 4 0 0 66 58 0 0 0 0 0 0 0 0 75 0 0 67 0 0 
0 0 0 32 0 31 33 39 0 54 0 49 0 57 0 0 55 0 0 0 0 0 0 71 73 0 0 0 0 0 0 0 0 15 16 0 0 0 0 0 42 0 45 0 44 0 0 60 0 64 0 0 62 0 0 0 23 30 0 0 0 0 22 79 0 0 0 0 78 0 1 0 0 0 0 0 11 0 0 7 0 
0 26 0 23 27 0 24 0 0 45 42 0 0 0 0 0 0 44 58 0 0 0 65 0 0 0 0 0 0 5 11 9 0 0 0 0 0 0 34 0 0 0 0 0 0 0 49 51 0 0 0 0 53 0 0 0 0 0 0 0 16 17 0 0 0 0 0 0 69 0 0 74 0 0 1 0 2 0 76 0 77 
0 71 73 0 0 0 0 0 0 0 6 4 0 0 11 5 0 0 0 0 25 0 0 0 0 24 0 0 0 0 0 0 0 0 0 0 0 0 0 0 0 0 81 3 0 0 13 0 0 19 18 0 0 16 0 0 0 0 0 0 0 0 0 0 35 0 0 32 0 0 0 0 0 0 0 0 47 0 0 0 0 
0 0 0 0 0 0 0 0 0 63 0 0 0 66 0 59 64 0 76 0 79 0 0 80 0 78 0 0 0 23 0 27 0 24 0 22 0 56 0 49 0 0 0 0 53 68 67 0 0 73 72 74 0 0 0 0 0 0 0 38 0 35 0 7 0 0 4 5 6 0 0 0 15 0 0 0 0 0 13 0 0 
0 8 10 0 0 0 0 0 0 0 24 0 0 0 29 0 0 26 0 0 0 41 0 0 0 0 45 0 0 0 0 0 0 0 0 0 0 0 16 0 0 14 18 0 17 0 0 0 39 0 0 0 0 34 81 0 0 0 0 0 0 0 0 52 53 57 0 0 51 0 0 0 0 0 0 0 0 0 58 61 0 
0 0 0 77 0 0 78 3 0 0 15 0 16 21 20 0 0 17 0 0 0 32 0 0 37 0 0 0 0 0 0 63 62 0 0 0 10 0 0 0 0 0 0 12 0 23 0 24 30 0 0 0 0 0 72 0 68 0 0 0 0 0 0 0 44 0 0 41 0 0 0 0 0 54 0 0 56 53 0 0 50 
0 0 55 0 0 49 0 0 0 0 0 67 0 0 0 0 73 71 0 0 7 0 0 0 0 0 0 37 39 0 0 0 0 33 0 0 0 65 0 0 0 0 0 0 62 0 76 0 0 0 0 0 80 0 0 42 0 0 0 0 0 44 0 0 17 0 0 0 0 18 0 0 0 0 0 0 0 0 0 0 0 
0 79 0 0 80 0 77 0 0 0 14 12 0 20 0 0 0 0 0 0 33 31 0 34 36 32 0 63 0 0 0 62 0 0 0 0 0 10 0 0 0 0 0 0 0 0 0 0 29 0 0 28 0 0 71 0 0 0 0 0 0 0 66 0 0 0 0 0 0 0 45 0 0 0 54 0 0 0 48 0 0 
60 61 0 0 0 57 0 65 0 80 77 75 78 0 0 0 0 0 0 0 0 0 0 0 0 0 0 0 0 0 0 0 43 0 0 39 72 0 0 66 0 0 0 0 0 0 3 5 0 0 8 10 0 0 0 0 0 0 54 55 0 52 0 0 25 29 0 0 23 0 27 28 32 0 0 38 0 0 30 0 0 
24 0 0 22 0 21 0 0 0 0 41 39 42 47 0 40 0 43 57 0 60 58 64 61 0 0 0 0 11 0 0 0 7 5 6 0 36 0 33 0 0 0 35 0 34 49 0 50 56 54 0 0 0 51 17 0 0 20 0 0 15 16 0 0 70 0 0 67 0 0 0 73 77 0 0 0 0 0 0 0 0 
0 16 0 0 0 12 0 0 19 0 0 0 0 38 0 0 0 0 0 0 0 0 55 0 0 50 53 81 2 0 0 0 0 0 0 0 27 28 0 0 23 0 0 29 0 0 39 0 0 0 0 46 0 0 0 0 0 11 0 0 0 0 0 60 0 0 0 58 0 0 0 0 0 0 0 0 0 70 66 69 0 
0 0 45 0 44 0 0 0 0 0 0 57 0 0 64 0 0 0 0 2 78 76 0 0 0 0 0 27 0 0 0 0 0 0 24 0 0 0 0 0 0 0 0 0 52 0 66 0 0 0 0 73 0 69 35 0 0 38 36 37 0 0 0 0 0 0 3 0 0 0 0 10 0 0 18 0 19 0 12 15 13 
0 0 0 0 0 0 0 0 0 0 0 0 0 29 28 0 0 0 39 47 0 0 46 0 0 0 0 0 0 0 0 71 0 68 0 0 18 0 15 0 0 13 17 0 16 0 0 32 0 0 0 0 0 0 80 77 0 0 0 1 0 0 0 0 0 0 48 0 0 0 0 0 0 0 0 0 64 0 0 0 0 
0 52 0 49 0 48 0 0 55 71 0 0 0 0 73 0 72 70 0 0 6 4 0 0 9 0 8 0 0 0 0 35 34 0 0 0 0 0 0 0 59 0 0 0 0 0 75 0 2 81 0 0 0 0 44 0 0 0 0 0 0 0 0 0 0 20 0 0 0 0 18 0 0 26 27 0 0 25 21 0 0 
69 0 72 0 0 66 68 0 0 0 5 0 0 0 0 0 0 0 21 0 0 22 28 0 0 0 26 0 0 49 0 0 0 0 0 48 81 0 0 75 0 0 0 2 0 0 0 0 20 18 0 0 16 0 62 0 0 65 0 0 0 0 0 0 0 0 0 0 32 35 0 0 0 0 0 0 0 0 0 0 0 
0 34 36 0 0 0 0 0 0 53 50 0 0 0 55 49 54 0 66 74 0 67 73 0 0 68 0 0 0 0 0 0 0 14 0 0 0 0 42 39 41 0 0 0 43 0 57 0 65 0 0 64 0 0 26 0 22 0 0 0 24 0 0 0 79 0 0 0 77 0 0 0 0 0 0 0 0 7 3 0 0 
0 11 0 8 0 0 0 0 14 0 0 25 0 0 0 0 0 0 0 0 46 0 0 0 49 0 48 76 0 0 77 0 0 0 0 0 0 0 0 0 18 0 0 24 0 0 34 0 42 0 0 0 0 0 0 81 0 0 0 5 0 0 0 0 0 60 0 0 0 0 58 0 0 0 67 69 68 0 0 0 0 
0 47 0 0 0 43 0 0 50 66 63 61 64 0 68 62 0 0 0 0 0 0 0 0 4 81 0 0 0 0 0 0 0 0 28 0 0 0 55 0 0 0 57 0 56 0 0 0 78 0 0 0 0 0 39 0 35 0 0 0 37 0 34 0 0 15 0 8 0 12 0 14 0 0 0 0 23 0 0 0 0 
37 0 0 0 39 0 0 0 41 0 0 52 55 0 59 0 0 56 70 0 0 0 0 0 0 0 0 0 0 17 0 0 0 0 0 0 49 0 0 43 0 0 0 0 47 62 0 63 69 0 0 0 0 0 0 0 0 33 0 0 28 0 0 1 0 0 0 0 0 0 4 0 9 12 0 0 0 0 7 0 0 
0 0 4 0 0 0 0 0 0 21 18 0 0 0 0 0 22 0 0 0 37 35 41 38 40 0 0 67 0 0 0 0 0 0 0 61 0 0 0 0 0 0 12 15 0 26 0 0 33 0 30 0 0 0 0 0 0 0 0 0 0 74 0 0 47 0 0 44 0 0 0 50 0 0 0 0 59 0 0 0 0 
0 0 0 71 0 0 0 78 77 0 0 7 0 15 0 0 0 0 0 0 28 0 0 29 0 0 30 0 60 0 0 0 0 0 0 0 4 0 1 79 0 0 0 0 2 0 0 18 24 22 0 23 0 0 66 0 0 0 0 0 0 0 61 0 0 0 0 35 36 0 0 41 0 0 0 0 0 0 43 0 0 
28 29 0 0 0 0 0 0 0 48 0 0 0 0 50 0 0 47 0 0 64 0 68 65 67 0 66 0 15 8 14 0 0 0 0 0 0 41 0 0 0 0 39 0 38 0 52 0 60 58 57 0 0 0 0 0 0 0 0 0 19 0 0 73 74 0 0 0 72 0 0 0 81 0 4 0 0 0 0 0 0 
0 0 0 0 66 61 0 69 0 0 81 0 1 0 0 80 0 0 0 0 0 17 0 0 0 0 0 49 0 44 0 48 0 0 0 0 0 0 0 0 0 71 75 78 0 0 0 9 0 0 0 14 11 0 0 0 0 0 0 0 0 0 0 0 29 33 0 0 27 0 0 0 36 39 0 42 0 38 0 0 0 
0 20 22 0 0 16 0 0 23 0 0 0 37 0 41 0 40 0 52 60 0 53 59 56 58 54 0 0 0 0 5 0 0 0 0 0 0 0 28 0 0 0 0 0 0 44 43 0 0 0 0 0 0 46 0 0 0 0 13 0 0 0 0 0 0 0 0 62 0 0 0 0 72 75 0 0 77 0 70 73 71 
0 0 0 0 0 0 54 0 59 0 0 0 0 78 0 0 0 74 0 0 0 0 0 11 13 0 12 0 42 0 0 0 0 0 0 0 0 0 0 61 0 0 0 0 0 0 0 0 0 4 0 0 0 0 48 0 0 0 49 0 46 0 0 0 20 0 0 0 0 0 0 0 0 0 0 33 32 0 25 0 0 
0 0 0 0 0 0 0 0 0 37 34 0 0 40 0 0 0 36 50 0 0 0 0 54 56 52 0 0 0 0 3 1 0 0 0 0 0 30 0 23 25 24 0 0 0 0 0 43 49 0 0 0 0 0 0 7 6 0 11 0 0 0 0 62 0 0 0 60 0 0 0 66 70 73 74 76 0 0 0 0 0 
53 0 0 0 55 0 0 0 0 0 0 0 71 76 0 0 0 0 5 0 0 0 0 0 0 0 10 0 40 33 0 0 36 0 0 0 0 0 0 59 0 0 64 0 63 0 0 0 0 0 0 3 81 0 0 0 0 0 0 48 0 45 0 17 0 0 0 0 16 0 20 0 0 28 0 0 0 0 23 0 0 
80 0 0 0 0 77 0 0 0 0 16 0 17 22 0 0 0 0 32 40 35 0 0 0 38 0 0 0 0 0 66 64 0 61 0 0 0 0 8 5 0 0 0 13 0 0 0 0 0 0 0 0 0 0 0 70 69 76 0 0 0 0 0 0 0 0 41 0 43 0 0 0 52 0 0 0 0 54 0 0 51 
71 0 74 69 0 0 70 0 75 0 7 0 8 13 12 0 11 9 23 0 0 0 30 0 0 0 28 56 58 0 0 0 54 0 0 50 0 3 0 0 0 0 1 0 81 15 0 16 22 0 0 21 0 0 0 0 0 0 0 66 62 0 0 0 36 40 0 33 0 37 38 0 0 46 0 0 48 0 41 0 42 
62 63 0 0 0 0 0 0 0 1 0 0 80 0 0 0 0 0 0 22 0 15 0 0 0 16 0 0 0 0 0 0 0 0 0 0 74 75 71 0 0 0 73 0 0 0 5 0 13 11 10 0 9 0 0 52 0 58 0 57 53 54 0 26 0 0 23 0 25 0 0 0 0 37 0 0 0 36 0 0 0 
0 0 0 0 0 0 0 31 0 0 0 0 0 0 0 42 0 45 0 0 0 0 66 63 65 0 0 0 0 6 0 0 0 0 0 0 0 0 0 0 0 0 0 40 36 51 0 0 58 0 0 0 0 53 19 16 15 0 20 0 0 0 14 0 72 0 68 0 0 73 0 0 79 0 2 0 0 0 0 0 78 
0 36 38 33 0 32 0 0 39 0 0 0 0 58 0 0 0 54 0 76 0 0 0 72 0 70 0 0 0 0 0 19 0 16 0 0 0 0 0 0 0 0 0 0 45 0 59 0 0 0 0 66 0 62 28 0 0 0 0 30 26 0 23 0 0 4 0 78 0 1 0 3 0 0 0 13 0 0 5 8 0 
8 0 11 0 0 0 0 0 12 0 0 0 0 0 30 0 0 0 0 49 0 42 0 0 0 0 0 74 76 0 0 0 0 0 0 0 20 0 0 14 0 0 19 0 18 0 32 0 0 0 37 0 0 0 0 0 0 0 0 0 0 81 0 0 0 58 50 51 0 0 0 57 0 0 0 0 0 63 0 0 60 
44 0 0 0 0 0 0 0 0 0 0 0 0 0 0 0 0 0 0 0 0 78 0 0 2 0 0 0 31 24 0 28 0 25 0 0 0 0 0 0 0 51 55 58 0 0 0 70 0 0 73 0 0 0 0 0 0 40 38 0 0 0 32 8 9 0 5 6 0 0 11 0 0 0 20 0 21 0 0 0 15 
5 6 0 0 7 0 0 0 0 0 0 20 0 0 0 0 0 0 0 0 0 39 45 0 0 40 0 71 0 0 0 0 0 0 0 0 17 0 0 0 0 12 0 0 0 0 0 0 0 0 34 0 0 0 79 0 0 1 0 0 0 0 74 50 0 0 0 48 0 52 0 0 0 0 0 64 0 60 56 0 0 
0 24 26 21 0 0 0 0 27 43 40 38 0 46 45 0 0 42 0 64 0 57 63 0 0 58 0 8 10 0 9 7 0 4 5 0 0 36 0 0 0 30 0 0 0 48 0 0 55 0 52 54 0 50 0 0 0 0 0 0 0 0 0 0 0 73 0 0 0 0 0 0 0 0 0 0 0 78 0 77 0 
0 69 0 0 0 0 67 73 0 0 0 0 0 0 0 0 0 6 0 0 23 21 27 0 26 22 25 0 0 48 54 0 0 0 0 0 0 0 0 74 0 75 79 1 78 12 11 0 0 0 16 0 0 14 0 58 0 0 0 0 0 0 0 0 0 0 0 0 31 0 0 0 0 43 44 46 45 0 0 0 0 
0 0 0 0 0 0 0 0 18 0 31 29 0 0 0 0 0 0 0 55 0 0 0 51 0 0 0 80 0 0 81 0 78 76 77 74 0 0 0 20 0 0 0 0 24 39 38 0 0 0 0 0 42 0 0 0 0 0 8 0 0 0 0 59 60 0 0 0 0 61 0 0 67 70 0 0 72 69 0 68 0 
0 0 53 0 52 47 49 0 54 0 0 0 0 0 0 66 0 0 0 10 0 0 0 0 0 0 0 0 0 30 36 0 0 0 0 0 0 63 59 0 58 0 0 0 0 0 0 0 1 0 0 0 0 77 0 40 0 0 0 0 0 42 0 0 0 19 0 12 0 0 0 0 22 0 26 0 0 24 20 0 21 
77 78 0 75 79 0 0 0 0 16 13 11 0 0 0 0 17 0 0 0 0 0 0 0 0 31 0 0 0 0 0 0 0 0 59 0 0 0 5 2 0 0 7 0 0 0 0 0 28 0 25 27 0 0 0 0 0 0 0 0 0 0 0 41 0 0 0 0 0 0 44 0 49 52 0 55 54 0 0 0 0 
32 0 0 0 0 0 0 0 0 0 0 0 50 55 0 48 0 0 65 0 0 0 0 0 0 0 0 17 0 0 0 0 0 0 0 11 0 0 41 0 0 39 0 0 0 57 0 0 0 62 0 0 0 0 0 0 0 0 26 0 23 0 0 0 0 0 0 75 0 0 0 0 4 0 0 0 0 6 0 5 0 
0 0 0 0 0 0 58 0 0 0 0 0 0 0 0 75 0 0 11 0 14 0 0 0 0 0 0 0 46 39 0 0 42 0 0 38 0 72 0 65 0 0 0 0 0 0 0 4 10 0 0 9 0 0 0 0 0 0 0 0 50 51 47 23 0 0 20 21 22 0 0 0 0 0 35 37 0 0 0 0 0 
0 0 0 39 43 0 0 0 0 0 0 0 59 0 0 0 0 0 0 0 0 75 0 78 0 0 79 0 28 21 0 25 0 22 23 0 0 0 0 0 0 48 0 55 51 0 65 0 0 71 0 0 0 0 34 0 30 0 0 0 0 0 0 0 6 0 2 0 0 7 0 0 0 16 0 0 0 0 0 0 0 
0 0 0 73 0 72 0 0 0 14 11 0 12 17 0 0 0 13 0 35 0 0 0 0 0 0 0 0 0 55 0 0 0 56 0 0 0 0 0 0 0 0 5 8 0 0 0 0 0 0 23 0 0 0 0 0 0 0 69 0 66 0 63 39 0 0 0 0 38 41 0 0 0 0 0 0 52 49 0 0 0 
0 4 0 1 0 81 0 0 0 0 20 0 0 0 0 0 0 22 0 44 39 37 0 0 0 0 41 0 0 0 0 0 0 65 0 0 0 0 12 0 0 0 14 0 0 0 27 0 0 0 0 0 31 0 0 0 73 0 78 0 0 0 0 0 49 0 0 0 47 0 51 0 56 59 0 62 0 0 0 57 55 
0 67 0 0 68 0 0 0 70 5 0 81 0 8 0 0 6 0 0 0 21 0 25 0 0 20 0 0 0 0 0 0 0 47 0 45 0 0 0 0 0 0 0 80 76 0 9 0 0 0 14 16 0 12 0 0 0 0 60 61 0 0 0 0 0 35 27 0 0 32 0 0 0 0 0 0 0 40 0 0 0 
0 0 15 0 0 0 0 0 0 0 0 0 0 0 0 28 0 0 0 0 48 0 0 0 51 47 0 0 80 73 0 0 0 0 0 0 24 0 21 0 0 19 0 26 22 37 0 0 0 0 0 0 0 0 0 2 0 0 0 0 0 0 81 0 0 0 0 0 0 0 0 0 0 68 0 0 0 0 63 66 64 
48 0 0 0 0 0 0 53 52 68 65 0 66 0 70 64 0 0 0 0 3 0 0 0 0 0 0 33 35 28 34 0 0 0 30 0 0 0 0 54 0 55 0 0 0 0 0 0 0 0 77 79 0 0 0 0 0 0 42 0 0 0 0 12 0 17 0 0 0 14 0 0 0 0 0 26 0 0 0 0 0 
0 58 0 0 59 0 56 62 0 0 0 0 0 0 0 0 0 76 9 17 0 0 0 0 0 0 14 0 0 0 0 41 0 0 0 36 69 0 66 0 65 0 0 0 0 0 0 0 0 0 5 7 0 3 0 0 0 0 51 0 0 49 0 21 22 0 0 0 0 0 0 0 0 0 0 0 0 0 0 0 0 
0 0 42 37 41 0 0 0 0 59 0 54 0 0 0 0 60 0 0 0 0 73 0 0 0 0 0 24 0 0 0 0 0 0 0 0 0 52 0 0 0 0 0 0 0 0 63 0 0 0 0 70 0 0 0 29 0 0 0 0 30 0 0 3 4 8 0 0 0 0 0 0 0 0 15 17 0 0 9 0 0 
0 0 0 19 0 18 0 0 0 0 0 0 39 0 0 0 0 0 54 62 0 0 61 0 0 56 0 6 0 0 0 0 4 0 3 0 0 0 0 0 0 28 0 0 0 0 0 0 0 51 0 0 0 0 0 0 0 17 15 16 0 13 0 0 0 0 0 0 0 0 0 70 0 0 0 0 0 0 72 0 73 
0 0 0 0 32 0 29 35 34 50 0 45 48 0 0 0 0 0 0 71 0 0 0 0 0 0 68 15 0 0 0 0 0 0 12 9 42 0 0 0 0 0 0 0 40 0 0 56 0 0 0 0 0 57 23 20 19 0 0 0 0 0 0 75 76 80 0 0 74 77 0 0 2 0 0 0 0 0 81 0 0 
0 0 43 38 42 0 0 0 44 0 0 0 0 63 0 0 0 0 73 0 0 74 80 0 0 0 0 0 0 20 26 24 23 0 0 0 0 53 49 46 0 0 51 0 0 0 64 0 0 70 0 71 0 0 33 30 0 0 34 35 0 0 28 0 0 0 1 2 0 6 0 0 0 0 16 0 0 0 10 0 0 
0 0 0 20 0 0 21 27 0 0 0 0 0 0 0 0 0 0 0 0 58 0 0 0 0 0 0 0 9 2 0 6 0 0 0 1 0 35 0 28 0 29 0 0 0 0 46 0 0 0 0 0 0 0 15 0 0 0 16 0 0 14 0 0 68 72 0 0 66 0 0 0 0 0 79 0 0 0 0 76 0 
49 0 0 47 51 0 48 0 53 0 0 0 0 0 0 0 0 0 0 0 4 0 0 0 0 0 0 0 0 0 35 0 32 30 0 0 61 0 0 0 0 0 0 63 59 0 0 0 81 0 0 80 77 0 0 0 0 45 0 44 40 41 0 0 0 0 10 0 0 0 16 17 21 24 0 0 0 0 0 22 20 
0 0 0 0 0 73 0 0 0 0 0 0 0 0 0 0 0 0 0 36 0 0 0 0 34 30 0 61 0 0 0 0 59 0 0 0 7 0 0 1 0 0 6 0 0 20 0 21 27 0 0 0 23 0 69 0 65 72 0 0 67 68 0 0 0 45 37 0 39 0 43 44 48 0 52 0 0 0 0 0 47 
0 0 61 0 60 0 57 0 62 0 0 0 0 0 80 0 79 0 0 0 13 0 0 14 16 0 0 0 0 0 0 42 0 0 0 0 0 0 0 0 0 0 0 72 68 2 0 0 0 7 6 8 0 0 0 0 0 54 0 0 0 0 0 0 0 27 19 0 21 0 0 26 30 33 34 0 35 32 0 0 0 
13 0 0 0 0 0 0 0 17 0 0 0 0 36 0 29 34 32 0 0 0 0 0 0 0 0 0 0 0 0 0 0 77 0 0 0 0 0 0 0 0 0 0 27 0 38 0 0 0 0 0 44 41 40 0 0 2 9 0 8 0 5 0 0 0 0 0 0 0 0 0 0 0 0 0 72 0 68 0 0 0 
0 0 0 2 0 0 0 0 8 24 0 0 0 0 0 0 0 0 0 0 40 38 44 0 43 0 0 0 72 65 0 0 68 0 67 64 0 17 0 0 12 11 0 0 0 29 0 30 0 34 0 0 32 0 78 0 0 0 0 80 0 0 0 0 0 54 0 47 0 0 0 53 0 0 0 0 0 0 55 0 0 
0 32 34 29 0 28 0 0 0 0 0 0 0 0 53 0 52 50 0 0 0 0 0 0 0 66 69 16 0 0 0 0 0 0 13 0 43 44 40 0 39 0 0 45 0 56 0 0 0 0 0 0 59 0 0 0 0 27 25 26 22 0 0 0 0 0 73 0 75 78 0 0 3 0 0 9 0 5 1 0 0 
67 68 0 0 0 0 66 0 0 0 0 0 0 0 8 2 0 0 0 0 0 0 0 0 0 0 24 0 0 0 53 0 0 0 0 0 79 80 0 73 0 0 0 0 0 0 0 0 18 16 0 17 0 13 0 57 0 63 0 62 58 0 0 31 0 36 28 0 0 33 0 0 0 42 0 0 0 0 0 0 0 
0 19 21 0 0 15 0 0 0 0 0 0 36 41 0 0 0 37 0 0 0 52 0 0 57 0 56 0 5 0 4 0 1 0 81 0 0 31 0 0 0 0 29 0 0 0 0 44 0 0 0 49 0 0 0 0 7 0 0 0 0 0 6 0 0 68 0 61 62 65 66 0 0 0 0 77 76 0 0 72 0 
0 0 39 34 38 0 0 0 0 0 0 0 0 0 0 52 57 0 69 0 0 0 0 0 75 71 0 0 23 0 22 0 0 0 0 0 0 0 0 0 44 0 0 0 0 0 0 0 0 0 0 0 64 63 29 0 0 32 0 0 0 0 0 0 0 0 0 0 0 0 3 0 8 0 12 0 0 10 6 0 0 
0 0 0 0 0 0 53 0 0 0 0 0 72 0 0 0 75 0 0 0 0 0 13 10 0 0 0 0 0 0 0 0 0 0 36 0 66 67 0 0 62 0 65 0 64 0 0 0 0 0 0 4 1 0 0 44 0 50 0 49 45 0 0 0 0 0 0 0 0 0 0 0 26 0 0 0 31 0 24 0 25 
0 1 0 0 2 78 80 0 0 0 17 0 0 0 0 16 0 19 33 0 36 34 0 0 0 35 0 0 0 0 0 65 0 0 0 60 0 13 0 0 0 7 11 0 0 0 0 0 0 0 0 0 0 0 0 71 70 0 75 0 0 73 69 0 46 50 0 0 0 47 0 0 0 56 0 0 0 55 0 54 0 
0 10 12 0 0 0 8 0 0 0 0 24 0 0 31 0 0 0 0 0 0 0 49 0 0 44 0 0 0 0 0 0 0 0 0 0 21 22 0 0 17 0 0 23 0 0 33 0 0 0 38 40 37 0 0 80 0 0 3 0 81 1 0 0 0 0 0 52 0 0 0 58 0 0 0 0 0 0 0 0 0 
0 0 0 43 0 0 0 50 49 0 62 0 0 68 67 0 0 64 0 0 0 79 0 0 0 0 0 0 32 0 0 0 0 0 0 24 0 58 0 0 0 0 56 0 0 70 0 0 0 0 0 0 0 0 38 0 0 0 0 0 0 0 0 0 10 0 0 0 8 0 0 0 17 20 0 23 22 19 0 0 16 
0 64 66 0 0 0 0 0 0 0 0 78 0 0 0 0 0 0 0 23 0 0 0 19 0 0 0 0 0 0 0 0 0 44 0 42 0 0 0 0 0 70 0 0 0 0 6 8 0 0 0 0 0 9 0 0 0 59 0 0 0 0 0 0 28 32 0 0 26 0 0 0 0 0 0 41 0 0 33 0 34 
27 0 30 0 0 0 26 0 0 0 0 0 45 0 0 0 0 0 0 68 0 0 0 64 0 0 0 0 0 0 0 0 0 8 9 0 0 0 0 0 0 0 0 0 0 0 0 0 0 0 0 0 55 0 0 17 0 0 0 22 0 0 15 0 0 77 69 0 0 74 75 0 0 0 0 0 4 0 0 81 0 
72 73 0 0 0 69 71 0 0 11 8 0 0 0 0 0 12 0 0 32 27 0 0 0 0 0 0 57 0 0 0 0 0 53 0 0 3 0 0 0 0 79 0 0 0 16 0 0 23 0 0 0 0 0 0 62 61 0 0 0 0 0 0 36 0 41 0 0 35 0 0 40 44 47 48 0 0 46 0 0 0 
