9
0 0 0 57 56 0 59 0 0 0 0 0 0 0 0 15 0 0 0 22 0 0 0 0 24 0 0 0 0 35 0 0 0 0 33 34 0 42 0 38 0 0 0 37 0 0 0 0 0 47 0 48 0 0 0 0 0 0 0 0 0 0 0 0 0 0 0 2 0 8 0 0 0 0 0 72 0 0 74 78 73 
73 0 78 0 0 0 0 72 0 0 0 0 30 0 0 33 0 0 0 40 44 0 0 0 42 0 0 49 0 53 0 0 0 0 0 0 54 60 0 56 0 58 0 0 0 0 0 71 0 65 0 0 0 0 0 0 7 6 0 0 0 0 0 25 0 0 23 0 21 26 19 24 0 0 0 0 0 0 0 0 10 
64 0 69 0 0 67 68 0 0 0 26 0 0 0 0 24 23 0 0 0 0 0 0 0 0 0 28 0 0 0 0 0 0 0 0 0 0 0 48 0 0 49 0 0 0 54 0 0 60 0 0 0 0 0 0 75 79 78 0 0 0 0 0 16 0 0 14 0 12 17 0 0 0 0 0 0 5 0 2 6 0 
46 0 0 0 0 49 0 0 0 0 0 0 0 1 4 6 0 0 12 0 0 0 11 0 0 0 10 22 0 0 0 18 0 0 0 0 27 0 0 0 0 0 34 0 0 0 43 0 0 38 0 39 41 0 0 0 0 60 0 0 0 0 0 79 0 0 0 0 0 0 0 78 0 0 0 63 0 66 65 69 0 
37 0 0 0 0 0 0 36 0 0 0 0 75 0 0 0 0 0 0 0 8 7 0 81 6 5 0 13 14 0 0 0 0 0 0 0 0 0 0 0 26 0 0 0 0 0 0 0 0 0 0 0 0 31 0 48 0 0 0 0 0 0 0 0 0 63 0 0 66 0 0 69 0 0 62 54 0 57 56 60 55 
0 0 0 0 20 0 23 0 0 0 0 54 0 0 58 60 0 0 66 0 71 70 0 63 0 0 0 0 0 0 0 72 74 75 0 0 81 0 0 0 0 4 0 0 0 0 0 0 0 0 10 0 14 0 0 30 0 33 0 28 31 35 0 52 0 0 50 47 0 0 0 0 0 0 0 0 0 39 0 0 0 
0 0 15 12 11 13 0 0 0 52 0 0 0 0 0 51 50 0 0 0 0 0 0 0 0 59 55 67 0 0 0 63 0 0 0 70 0 78 75 0 0 0 0 73 77 81 0 0 6 0 0 0 0 0 23 0 0 0 20 0 0 0 0 43 0 0 0 38 39 0 0 0 0 0 0 0 0 0 0 0 0 
0 0 0 3 2 0 0 0 0 0 0 0 39 0 40 42 0 0 0 0 0 0 0 0 0 0 0 0 0 62 55 54 0 57 0 0 0 0 0 65 0 0 70 0 68 0 0 80 0 74 0 0 77 0 0 12 0 0 11 0 0 0 0 0 31 27 32 0 0 35 0 0 0 0 26 0 0 0 0 24 19 
0 34 0 0 29 0 32 0 0 0 0 0 66 0 67 0 0 0 75 76 80 0 74 0 78 0 0 0 5 0 1 0 0 3 0 0 0 0 0 11 0 0 0 10 0 18 0 0 0 0 0 0 23 22 0 0 0 42 38 37 0 0 0 0 58 0 59 0 57 0 0 0 0 0 0 45 50 48 0 51 0 
22 0 27 0 0 0 26 0 0 64 0 0 0 0 0 0 62 0 0 70 74 0 0 0 72 0 0 79 0 0 0 0 0 0 0 0 3 0 0 0 11 0 0 0 8 0 0 20 0 0 0 15 17 0 35 0 37 0 0 31 0 0 0 0 0 0 0 0 0 0 49 0 0 43 47 39 0 0 0 45 0 
0 37 0 0 32 0 0 0 38 0 0 0 0 0 70 72 71 0 78 79 0 0 0 75 0 80 0 0 0 0 4 3 0 0 0 0 12 18 0 14 20 0 19 13 0 0 28 29 0 0 0 0 26 25 44 0 0 0 0 0 0 0 39 0 0 0 62 0 60 0 0 0 0 0 0 0 53 0 50 0 49 
0 0 0 0 0 7 8 3 11 46 0 0 42 0 43 45 44 0 0 0 56 55 0 48 0 53 49 61 0 65 58 57 0 0 0 64 66 0 69 0 0 0 0 67 0 75 1 0 0 0 0 0 80 0 17 0 0 0 0 0 0 0 0 0 34 0 0 32 0 38 0 36 28 25 0 0 26 0 0 0 0 
0 0 18 0 0 16 0 0 0 0 0 48 0 0 0 0 0 0 0 0 0 0 0 0 0 0 0 0 0 0 67 66 68 69 0 0 0 0 0 0 0 0 0 0 0 0 0 0 0 5 0 0 8 0 26 0 28 0 23 0 0 29 0 0 43 39 0 41 0 47 0 45 0 0 0 0 35 0 0 0 0 
76 0 0 78 0 0 0 0 0 0 38 0 0 0 0 0 0 0 42 0 47 0 0 0 0 0 40 0 0 0 0 0 50 51 54 0 0 63 0 0 65 0 64 58 0 0 0 0 72 0 67 0 71 0 8 0 0 0 5 4 7 11 0 0 25 0 0 0 0 0 0 27 0 0 0 0 17 0 0 0 0 
49 55 0 51 0 0 0 0 0 0 11 0 0 4 0 0 0 0 0 0 0 0 14 12 0 17 0 25 0 0 0 0 0 24 27 28 0 0 33 0 0 34 0 31 35 0 46 0 45 41 0 42 0 0 0 0 0 63 59 0 0 0 0 0 0 0 80 77 0 0 0 81 0 70 74 66 0 0 0 0 0 
0 0 0 0 41 43 44 39 0 0 0 0 0 76 0 0 0 77 6 0 0 0 0 0 0 0 0 0 17 0 13 0 0 15 0 0 0 0 0 23 0 0 0 0 0 30 0 0 0 0 0 0 35 0 0 51 0 0 0 49 0 56 0 0 70 0 0 0 0 0 0 72 64 0 0 0 0 60 59 0 58 
0 0 0 69 0 0 0 66 0 0 29 0 0 22 25 27 0 23 0 34 38 0 0 0 0 0 0 0 0 0 40 39 41 0 0 0 0 0 51 50 0 52 0 0 0 0 0 0 0 59 0 60 62 0 0 0 0 0 0 76 0 0 75 19 0 0 0 0 15 0 0 0 0 0 0 0 0 0 0 0 4 
0 64 0 60 0 0 62 57 65 0 0 0 0 0 16 0 0 0 0 0 0 0 23 21 27 0 0 34 0 0 31 0 0 0 0 0 0 0 0 0 0 0 46 40 0 0 55 0 54 0 49 51 53 0 0 69 0 0 0 67 0 0 66 10 7 3 0 5 0 0 4 0 0 79 0 75 0 0 77 0 76 
0 35 0 0 0 32 0 0 0 71 0 0 67 65 0 0 0 66 76 0 0 80 75 0 0 78 0 5 6 0 2 0 0 0 0 0 0 0 0 0 18 0 0 0 0 0 0 0 0 21 20 22 24 0 42 40 0 0 0 0 0 0 37 0 0 55 60 0 58 0 0 61 0 0 0 0 51 0 48 0 0 
20 26 0 22 0 23 24 19 0 62 63 0 0 56 59 0 0 57 0 0 0 0 0 64 0 0 65 0 78 81 0 0 0 76 79 0 1 0 0 3 9 0 0 2 0 0 0 0 0 12 11 13 0 14 0 0 0 0 0 29 0 36 0 0 0 46 51 0 49 0 0 52 44 0 0 37 0 40 0 43 0 
0 53 0 49 0 50 0 0 0 8 9 0 4 0 5 0 6 0 13 14 18 0 0 0 0 0 11 0 0 0 0 19 0 22 25 0 0 0 31 0 36 0 0 0 0 37 0 0 0 0 0 0 0 41 0 0 0 0 0 56 0 0 0 0 0 0 78 0 76 81 74 79 0 0 0 0 0 0 0 0 0 
0 0 0 0 0 0 0 0 0 0 0 0 0 29 0 34 0 0 0 0 0 0 39 0 43 42 38 0 51 0 0 46 0 0 52 0 55 61 0 0 0 59 62 0 60 0 0 0 70 0 0 0 69 68 0 4 0 0 0 0 0 9 0 0 0 19 0 0 0 27 0 0 0 0 18 0 0 0 0 0 0 
0 8 0 0 3 0 0 0 9 0 0 0 0 38 0 0 42 0 0 0 54 53 0 0 0 0 0 0 0 0 0 0 57 58 0 0 0 0 0 0 72 68 0 65 0 0 0 0 0 0 0 0 0 77 0 0 0 16 12 0 0 0 0 0 0 0 0 0 0 0 0 0 0 23 0 19 0 0 0 0 0 
0 0 0 0 0 0 0 0 18 0 0 0 0 47 50 0 0 0 0 0 0 62 0 55 61 60 0 0 69 0 0 0 0 0 0 0 0 0 76 75 0 0 0 0 0 0 8 0 0 0 0 0 6 0 0 22 0 0 21 20 0 27 0 0 41 37 42 0 0 0 0 0 35 0 0 0 33 0 0 34 0 
0 0 0 0 57 59 0 0 63 0 0 0 0 11 14 16 0 0 22 23 27 0 0 0 25 24 0 32 33 36 0 0 0 0 0 0 0 0 40 0 0 0 0 0 0 0 0 0 52 0 0 0 51 0 0 67 0 0 66 0 68 72 0 8 0 0 0 0 0 9 2 7 80 0 0 0 0 76 75 79 0 
0 71 0 0 0 68 0 0 0 26 0 0 22 0 0 0 0 21 0 32 0 35 30 0 0 0 0 0 0 45 0 0 0 40 0 0 0 0 49 0 0 50 0 47 51 0 0 0 0 0 0 0 0 59 0 0 0 0 75 0 0 0 0 0 0 0 0 12 0 0 0 16 8 0 0 0 6 0 0 0 0 
0 0 43 0 0 41 42 37 0 0 0 0 0 0 77 79 0 0 0 0 0 0 0 1 0 6 0 0 0 0 0 0 0 0 0 0 0 0 0 0 27 0 0 0 0 0 0 0 34 0 0 0 0 0 0 0 0 0 0 0 0 0 46 0 0 64 0 0 0 72 0 0 0 59 0 55 0 0 57 0 56 
0 31 0 0 0 28 0 24 0 67 0 0 63 61 64 0 0 0 0 0 77 76 0 0 0 74 0 0 2 0 79 78 0 0 3 0 0 0 0 8 0 10 13 7 0 0 0 0 0 0 16 18 0 19 0 0 40 0 0 0 0 0 0 0 0 0 0 0 54 0 0 0 0 46 0 0 0 0 0 0 0 
0 0 0 0 0 1 0 0 0 0 0 0 36 34 0 0 0 0 0 0 50 0 0 0 48 0 0 0 56 0 0 51 0 0 0 0 0 0 0 0 0 64 0 0 65 0 0 0 0 0 0 72 74 0 0 0 0 0 0 0 10 14 0 0 0 0 0 0 0 0 0 0 0 0 0 15 0 0 0 0 0 
7 0 0 0 0 0 0 0 0 49 0 0 0 0 0 48 0 0 54 0 59 0 0 0 0 0 0 0 0 0 61 0 0 63 0 0 69 75 0 0 0 0 76 0 74 78 0 0 0 80 0 0 2 0 0 0 22 21 0 0 0 0 0 40 0 0 38 0 36 0 0 0 0 0 32 24 0 0 26 0 0 
0 76 75 0 0 73 74 0 77 0 32 0 0 0 0 0 0 0 0 0 0 0 0 0 0 0 34 46 47 50 0 0 0 0 48 49 51 0 0 0 59 55 0 0 0 60 0 0 0 0 0 0 0 64 2 0 0 0 80 79 0 0 0 0 19 0 0 17 0 0 16 0 0 10 0 0 0 0 0 0 0 
0 0 0 0 17 0 0 0 0 0 0 0 54 0 55 0 0 0 0 0 0 0 0 0 0 0 0 0 74 0 70 0 0 0 0 0 78 0 0 80 0 1 0 0 0 0 0 0 0 0 0 9 11 0 0 0 0 30 0 25 28 0 0 0 0 0 47 44 0 0 43 0 40 0 0 0 0 0 0 39 0 
52 0 0 54 0 0 56 0 0 0 0 0 0 7 10 12 0 0 18 19 0 22 0 0 21 20 0 28 29 0 0 0 0 0 0 0 0 0 0 0 0 37 40 0 38 42 0 0 0 44 43 0 47 46 0 63 0 0 0 0 0 0 60 0 0 78 2 0 0 0 0 3 0 0 0 0 0 72 0 75 0 
0 67 0 0 0 0 65 0 68 0 0 0 0 0 19 0 20 0 0 0 0 31 0 0 0 0 25 37 0 0 34 33 0 0 39 40 0 0 0 0 50 0 0 0 0 51 0 0 57 53 52 54 56 0 74 72 0 0 71 70 73 0 0 0 0 0 11 0 0 0 0 0 0 0 0 0 0 0 0 0 0 
0 40 0 0 0 37 0 0 0 76 0 0 72 70 73 0 0 0 0 0 0 0 0 0 0 2 79 0 11 0 0 0 0 9 0 0 15 21 0 0 0 0 22 0 0 24 31 32 0 0 0 0 29 28 0 0 0 48 0 43 46 50 42 0 64 60 0 62 0 0 0 66 58 0 0 0 0 0 53 0 0 
0 0 0 0 44 0 0 0 0 0 5 0 0 0 0 0 0 0 0 0 0 13 0 6 0 11 0 0 20 23 0 15 0 0 0 22 24 0 0 0 0 0 0 0 0 0 40 0 39 35 0 36 0 0 0 0 0 0 53 0 0 59 51 0 73 0 0 71 0 0 70 75 67 0 0 60 65 0 62 0 0 
0 0 0 0 0 0 0 0 0 0 78 0 0 71 0 0 0 0 1 0 0 0 81 0 0 0 0 11 0 0 0 0 0 10 13 14 16 0 0 18 24 20 23 0 21 0 0 0 0 0 0 0 30 0 48 0 0 0 0 0 0 0 43 0 0 0 0 0 0 69 62 0 0 0 0 52 57 0 54 58 53 
80 0 0 0 0 0 3 0 0 0 0 0 0 0 0 0 39 0 0 0 0 0 0 0 0 0 0 0 57 0 53 0 0 55 58 59 61 0 0 0 0 0 0 0 66 70 0 0 76 0 0 0 75 0 12 0 14 0 9 0 0 0 0 0 0 25 30 27 28 33 0 0 23 0 24 16 0 0 18 0 0 
0 0 0 46 0 47 0 0 0 5 0 0 1 0 0 0 0 0 0 11 15 0 0 7 13 12 8 0 0 24 0 16 18 0 0 0 25 0 0 0 0 0 0 26 30 0 0 0 40 0 0 0 0 0 0 0 0 0 0 0 0 0 0 0 0 0 0 0 0 0 71 0 0 0 0 0 0 0 0 67 0 
0 77 0 73 72 0 75 70 78 0 33 25 0 26 0 31 30 0 0 0 0 41 0 34 0 39 0 47 48 51 0 0 0 46 0 0 0 0 0 0 60 0 0 0 0 0 0 0 0 63 62 0 0 65 0 1 0 0 0 0 2 0 0 0 0 0 0 0 0 0 0 0 14 11 0 0 0 0 9 0 0 
0 0 0 10 9 0 0 0 15 0 51 0 0 0 0 49 0 0 0 0 0 0 0 0 0 0 0 0 0 0 0 61 0 64 0 0 0 0 0 0 0 74 0 0 0 0 5 0 0 0 80 0 0 0 0 0 0 22 0 0 0 0 16 41 38 34 0 0 0 0 35 40 0 0 33 0 0 28 0 0 26 
0 23 22 0 0 20 0 0 0 59 60 52 55 53 0 0 0 54 64 0 0 0 63 0 0 0 0 0 0 0 0 0 0 73 0 0 79 4 0 0 0 0 0 0 0 7 0 0 13 0 0 10 12 0 0 0 32 0 0 26 29 33 25 0 0 0 0 45 0 0 44 49 41 0 0 0 39 0 0 40 0 
0 0 0 0 0 0 0 0 0 68 0 0 0 0 0 67 0 63 73 0 0 0 0 0 76 0 71 2 0 6 0 0 81 1 4 0 0 0 0 0 0 0 0 0 0 0 0 0 22 0 17 19 21 20 0 37 0 0 0 0 38 0 0 0 0 0 0 54 55 0 0 0 0 0 51 0 0 46 0 49 0 
53 0 0 0 54 0 0 0 60 0 0 0 0 8 0 0 0 9 0 20 24 0 18 0 0 0 0 29 0 0 26 0 0 0 0 0 0 40 37 0 0 0 0 35 39 0 0 0 0 45 0 0 0 0 66 0 68 67 0 0 65 0 0 0 0 0 0 0 0 6 0 0 0 0 0 0 0 0 0 76 71 
0 0 0 0 0 0 66 0 0 0 0 0 0 0 0 0 21 0 0 0 33 0 27 25 31 0 0 38 39 0 0 0 36 37 40 0 0 49 0 0 0 0 0 0 0 0 59 0 0 54 53 0 0 56 75 0 77 0 72 71 0 78 70 0 11 0 0 0 0 0 0 0 5 0 0 0 0 0 0 4 0 
0 0 0 32 0 0 0 0 37 0 73 0 0 0 0 71 70 67 0 0 1 0 76 0 0 0 0 0 7 0 3 2 4 0 0 9 0 0 0 0 0 15 18 12 16 0 27 28 0 22 21 0 0 0 0 41 45 0 40 0 0 0 38 63 0 56 0 58 0 64 57 0 0 0 55 47 0 0 0 0 48 
0 0 71 0 0 69 0 0 0 0 0 20 0 0 0 0 25 22 0 0 0 0 0 0 0 0 0 0 43 0 0 0 0 0 44 0 47 0 50 0 0 0 0 48 52 56 0 64 62 0 57 0 61 0 79 0 81 0 0 75 0 0 0 18 0 11 16 13 14 0 0 0 0 6 0 0 0 5 4 8 0 
0 0 53 0 0 51 0 0 55 0 0 0 0 3 0 8 0 4 14 0 19 0 13 0 0 0 12 0 25 0 21 20 0 0 0 27 0 0 0 0 0 0 0 0 0 0 45 0 0 40 39 41 0 42 0 0 0 0 58 0 0 0 56 0 78 0 0 0 0 0 75 0 0 0 73 65 70 0 0 0 0 
57 0 0 0 0 60 0 0 0 18 0 0 0 0 0 17 16 0 0 0 0 27 0 0 26 0 0 33 0 0 30 29 0 0 0 0 0 0 0 40 0 0 0 0 43 47 0 55 53 0 0 50 0 0 0 0 72 0 67 66 0 0 65 0 0 2 7 4 0 0 0 0 0 0 0 0 79 77 0 0 75 
0 0 0 0 0 0 0 20 0 0 64 0 0 57 0 0 0 0 0 0 0 0 0 0 0 0 66 78 79 1 75 0 0 77 0 0 0 8 5 4 0 0 0 0 0 0 0 19 0 13 0 14 0 0 0 0 36 0 0 0 0 0 29 54 0 47 52 0 0 0 0 0 0 0 46 38 0 41 0 0 0 
39 45 0 0 0 0 0 0 46 0 0 74 0 0 0 0 79 0 0 0 0 0 4 0 0 7 3 15 0 0 0 0 0 14 17 0 0 0 0 0 0 24 0 0 25 0 0 0 35 0 0 32 34 33 0 0 54 0 0 0 0 55 0 0 0 0 70 0 68 73 0 0 0 0 0 0 0 59 0 62 0 
0 0 0 0 0 0 0 74 0 36 0 0 32 0 0 0 34 31 0 0 0 0 0 38 0 0 0 0 0 0 0 47 0 50 0 54 56 0 59 0 0 0 0 0 0 0 0 0 71 67 0 0 70 69 7 0 9 8 4 0 6 10 0 27 0 0 25 0 0 0 21 0 0 0 0 11 16 14 13 0 0 
0 0 0 14 0 15 0 0 0 54 55 47 50 0 51 0 0 49 59 0 0 0 58 0 0 0 0 69 0 0 0 0 0 0 0 0 0 0 0 0 1 0 0 0 79 0 9 10 0 0 0 0 0 0 0 0 0 0 22 0 0 28 20 45 42 0 43 0 0 46 39 0 36 0 37 0 0 0 31 35 0 
0 0 0 0 0 6 0 0 10 0 0 0 0 39 0 0 0 0 0 0 55 0 49 0 53 0 0 60 61 0 0 56 0 0 0 0 65 0 0 67 0 0 0 66 70 74 81 0 0 76 0 0 0 78 16 0 0 0 0 12 0 19 11 0 0 0 0 31 0 0 0 35 27 0 28 0 0 23 22 0 21 
0 0 0 0 0 0 0 80 0 0 0 35 38 0 39 0 0 0 47 0 0 0 0 0 0 49 0 0 0 61 0 0 55 56 0 60 0 68 0 0 0 0 69 63 0 0 78 79 0 73 0 74 0 0 13 0 0 0 0 0 12 16 0 0 30 26 0 0 29 0 0 0 0 0 25 0 0 20 19 0 0 
0 78 0 74 73 75 0 0 0 0 34 0 0 0 0 32 0 0 0 0 43 0 37 35 0 0 0 0 49 0 0 0 46 0 0 0 0 0 56 0 0 57 60 54 0 0 0 0 0 0 0 0 0 0 0 0 0 0 0 0 0 0 0 24 21 0 22 0 0 25 18 0 0 0 16 0 0 0 0 0 0 
0 0 0 0 55 0 0 0 0 0 0 0 0 0 12 0 0 0 20 0 0 0 0 17 0 0 0 30 0 0 27 0 0 0 32 0 0 0 38 37 0 0 42 0 0 44 0 0 50 0 0 0 0 0 0 65 0 0 0 63 0 0 0 0 0 0 0 0 2 0 81 0 78 0 0 71 0 0 0 0 72 
0 0 0 0 10 12 0 0 0 0 0 44 0 0 0 50 49 46 0 0 0 60 0 0 0 58 54 0 67 70 63 62 0 0 0 69 0 77 0 0 0 0 0 72 0 0 6 0 5 0 0 0 0 0 0 20 0 0 0 0 21 0 0 42 0 0 0 0 0 43 0 0 33 0 0 26 31 0 0 32 0 
0 0 0 29 0 0 31 26 0 69 0 0 0 0 0 0 67 0 0 75 0 0 0 0 0 0 0 3 0 0 0 0 1 0 0 6 0 14 0 0 0 0 0 9 13 0 0 0 23 0 0 0 0 0 0 0 42 0 0 36 0 0 0 60 0 53 58 0 0 0 0 0 0 0 52 44 0 0 0 0 0 
0 0 0 0 46 0 0 44 0 0 0 80 0 0 0 0 0 0 11 0 0 15 0 0 0 0 0 21 22 0 0 0 0 0 0 0 0 0 0 28 0 0 33 0 31 0 42 43 0 0 0 0 40 39 0 0 60 0 0 0 57 0 0 78 0 0 0 0 0 0 0 0 69 0 70 0 0 65 64 0 0 
18 0 0 0 0 0 22 17 0 60 0 53 0 54 0 59 0 0 0 0 70 69 0 0 0 67 0 0 76 0 0 0 0 0 0 0 0 0 0 0 0 3 0 0 0 0 0 0 14 0 0 11 0 12 0 0 0 0 28 0 30 0 0 0 0 44 0 0 0 0 0 0 0 0 0 0 0 0 37 0 0 
36 42 41 0 0 39 0 0 0 0 0 71 0 72 0 77 0 73 0 0 0 0 1 80 5 4 81 0 0 16 9 8 0 0 0 0 0 0 0 0 0 0 0 18 22 0 0 0 0 0 0 0 0 0 0 0 51 0 0 0 48 52 0 0 66 0 0 64 0 0 0 0 0 0 0 0 58 0 0 0 0 
63 69 68 65 64 66 0 0 0 24 0 0 0 0 0 0 22 0 0 0 34 0 28 0 0 0 0 39 0 43 0 35 0 0 41 0 0 50 47 46 52 0 0 0 0 0 60 61 0 0 0 0 0 0 76 74 0 0 0 72 75 0 0 0 12 8 13 10 0 0 0 0 0 3 7 0 0 2 0 0 81 
0 21 0 0 16 18 19 0 22 57 58 0 0 51 54 0 0 52 0 0 67 66 0 59 65 0 0 72 0 76 0 0 0 0 74 0 0 0 80 79 0 0 0 0 0 0 0 0 0 7 0 8 10 0 0 26 30 29 0 24 0 0 23 0 0 0 0 43 0 49 0 0 0 0 0 0 37 0 0 0 33 
60 66 0 0 0 63 0 59 0 0 0 0 0 0 0 0 0 0 0 27 31 30 25 0 29 0 0 0 37 0 0 32 34 35 0 0 0 0 0 0 0 0 0 0 46 50 0 0 0 0 51 0 55 0 73 0 0 0 0 0 0 76 68 0 0 5 10 7 0 0 0 11 0 0 4 77 0 0 0 0 0 
69 0 0 0 0 72 73 0 0 0 0 0 26 0 27 0 0 0 0 36 0 39 0 32 0 0 0 45 46 49 42 41 0 0 0 0 0 56 0 0 0 54 0 0 0 59 0 0 65 0 0 62 64 0 1 80 0 0 79 0 0 4 77 0 18 14 0 0 17 22 0 0 0 0 0 0 0 8 0 0 6 
0 0 0 26 0 27 0 0 0 0 0 59 0 0 0 65 64 0 71 0 76 75 70 0 0 0 0 81 1 0 78 0 0 80 0 0 5 11 8 0 0 0 12 0 0 0 0 0 0 0 15 0 0 18 0 0 0 0 0 0 36 40 0 0 0 50 0 0 0 58 0 0 0 0 0 0 0 44 43 0 42 
0 0 2 0 0 81 0 0 0 0 40 32 0 0 0 38 37 0 0 0 0 48 0 0 0 46 42 0 55 0 51 50 0 0 56 0 0 65 0 0 0 0 66 0 0 0 0 0 0 70 0 71 73 0 10 0 0 11 0 0 0 13 0 0 0 0 28 0 0 0 0 0 21 0 0 14 0 0 16 20 0 
0 0 0 0 0 36 0 0 40 0 76 0 71 0 0 74 0 70 80 81 0 0 79 0 0 1 0 0 0 0 0 0 0 0 11 0 0 0 0 0 0 0 21 0 0 0 30 0 29 0 0 26 0 27 0 0 0 0 0 42 0 0 0 0 0 0 0 61 62 0 0 0 57 0 58 0 0 0 0 0 0 
0 0 0 53 0 0 55 0 58 0 0 0 8 0 9 0 0 0 0 0 0 21 16 14 0 0 15 0 0 0 0 0 0 0 0 0 0 0 35 0 0 0 0 0 37 0 0 0 0 0 0 0 46 0 0 62 66 0 0 0 63 0 0 0 0 0 0 0 0 0 0 0 0 0 0 68 0 0 0 0 0 
0 12 11 8 0 9 10 0 13 0 0 0 44 42 0 0 0 0 0 0 0 0 0 50 56 0 0 0 0 0 0 0 61 62 65 0 68 0 71 0 76 0 0 0 0 77 0 4 2 0 78 0 0 0 0 0 0 0 0 0 18 0 0 0 0 0 0 0 35 40 0 0 0 0 0 23 0 0 25 0 0 
0 48 0 0 0 0 0 0 0 0 0 0 0 78 0 0 0 79 8 9 0 0 7 0 0 0 6 18 0 0 0 0 16 0 0 0 0 0 0 0 0 0 0 0 0 0 0 40 0 34 33 0 37 0 0 53 0 56 0 51 54 0 50 0 0 68 0 0 0 0 69 0 0 0 0 59 0 0 0 0 60 
0 0 46 43 0 0 45 0 0 2 0 76 0 77 0 0 0 0 0 0 12 11 0 0 0 9 0 0 0 0 0 0 0 0 0 0 0 0 0 0 0 0 29 0 0 31 0 0 0 33 32 0 0 0 0 0 0 0 51 0 0 0 49 0 0 67 0 0 0 0 68 73 65 0 66 0 0 0 0 0 0 
0 0 0 0 0 80 81 76 0 38 0 31 0 32 0 0 0 33 0 0 0 0 0 0 0 0 0 0 0 0 0 0 51 0 0 0 0 0 0 0 0 0 0 0 0 67 0 0 73 69 68 0 72 0 0 7 11 10 6 0 0 12 0 0 0 0 0 0 0 0 0 0 0 0 0 13 0 0 0 0 0 
59 0 0 0 0 0 0 0 0 0 0 13 0 0 0 19 0 15 0 0 0 29 0 0 28 0 0 0 0 0 0 0 0 0 0 0 0 46 43 0 48 0 0 41 0 0 0 57 55 51 0 0 0 0 0 0 0 73 69 68 0 0 0 0 0 4 9 0 0 0 0 0 2 0 0 0 0 79 0 0 0 
0 0 0 34 0 35 0 0 0 0 75 0 0 0 0 73 0 0 0 80 3 0 0 76 0 0 0 8 0 12 0 0 0 0 0 11 13 0 0 15 0 17 0 0 0 0 0 0 0 0 0 25 27 0 0 0 0 0 0 0 0 0 40 0 0 0 0 0 0 0 0 64 0 53 0 0 0 0 51 0 50 
0 0 73 70 0 0 0 0 0 29 0 0 0 23 0 0 0 0 0 35 39 0 33 0 0 36 0 44 0 48 41 0 0 0 0 0 0 0 0 0 57 0 0 0 0 58 65 0 0 0 0 0 63 0 81 0 0 0 78 0 0 0 76 20 0 0 0 15 0 0 0 0 11 0 12 4 0 0 6 0 0 
0 0 0 7 0 0 0 0 0 0 0 0 0 0 44 46 0 42 0 0 0 0 0 0 0 0 0 0 0 66 0 58 60 0 0 65 0 0 70 69 0 0 0 0 72 0 0 0 1 0 0 79 81 80 0 16 20 0 0 14 0 21 0 0 0 0 0 0 0 0 0 37 0 0 30 22 0 0 0 28 23 
14 0 0 0 0 17 0 0 0 0 0 49 52 0 53 0 0 51 0 62 0 0 0 58 64 0 0 71 0 0 0 0 0 70 0 0 76 0 79 78 0 0 2 0 0 0 11 12 0 0 0 7 0 8 0 25 29 0 0 0 0 0 22 47 44 0 0 0 43 48 41 46 0 0 0 0 36 0 33 0 0 
0 0 0 0 0 26 0 22 0 65 0 0 61 59 0 0 63 0 70 0 75 74 0 0 0 72 68 0 0 3 0 76 0 79 0 0 0 10 0 6 0 0 11 5 0 13 0 0 0 0 14 16 0 0 0 0 0 0 33 0 0 39 0 0 53 0 0 0 0 57 0 55 0 0 0 0 0 0 0 0 41 
0 0 55 52 0 0 0 49 57 11 0 4 0 0 0 0 0 0 0 17 0 0 0 13 19 18 0 26 0 0 0 0 0 0 0 29 31 0 0 0 0 0 0 0 0 0 47 0 0 0 0 0 45 0 63 0 0 0 60 0 0 66 0 2 0 0 0 78 0 0 77 1 0 71 0 0 0 70 0 0 68 
