9
0 55 0 0 0 0 0 0 0 0 0 0 0 0 0 0 0 74 0 0 0 0 0 0 22 0 0 0 0 0 0 0 34 0 32 0 0 0 0 0 0 0 0 0 0 11 0 0 0 4 0 0 0 0 21 0 14 0 0 17 0 20 0 0 1 81 76 78 2 0 0 80 0 0 0 63 64 0 58 0 62 
0 37 0 0 0 32 0 0 0 0 0 0 53 0 0 0 55 0 0 0 0 0 0 0 4 0 10 0 0 0 19 15 0 17 0 0 25 0 0 0 26 27 0 0 0 0 0 0 0 0 0 0 0 71 0 76 77 0 1 0 0 0 0 59 0 63 0 0 0 66 0 0 43 0 0 45 46 41 0 0 0 
0 19 21 20 0 0 0 0 15 31 34 0 35 0 0 0 0 0 75 70 0 0 0 71 0 0 73 0 0 81 0 0 0 0 0 0 7 0 0 5 0 0 0 0 0 56 0 51 0 0 54 50 0 53 0 0 59 0 0 0 0 0 61 0 46 45 0 42 0 0 0 44 0 0 0 27 0 0 22 30 0 
0 0 0 74 72 68 71 0 69 4 0 0 0 0 0 0 10 11 0 43 0 41 0 0 0 0 0 0 0 0 0 0 52 0 0 0 61 0 64 0 0 0 0 58 0 0 28 24 0 22 27 0 25 26 0 0 0 0 0 0 0 0 34 0 19 0 13 0 0 0 0 17 79 0 0 81 1 0 0 0 80 
0 46 48 0 0 41 0 0 0 58 0 0 62 0 0 63 64 0 0 0 20 14 15 17 0 0 0 22 0 0 0 0 0 0 0 30 0 33 37 0 35 0 0 31 0 2 0 0 0 0 0 77 0 0 0 0 0 0 0 0 0 0 0 68 73 0 0 69 0 75 0 0 0 0 0 0 0 0 0 57 0 
0 0 0 11 9 5 0 0 0 22 0 24 26 0 30 27 28 0 66 0 0 0 0 62 0 0 0 0 0 0 0 0 0 71 0 0 0 0 1 0 0 0 0 0 0 47 0 0 48 40 0 0 0 0 57 0 0 0 0 0 54 0 0 0 0 0 31 0 0 0 0 35 0 0 0 18 0 0 0 0 17 
0 0 3 0 81 77 80 76 78 13 0 15 0 0 0 18 19 20 0 0 56 0 0 0 0 0 0 0 0 63 64 0 0 0 0 0 0 69 73 0 0 72 0 0 0 0 0 33 0 31 0 32 0 0 0 0 0 0 0 0 0 0 0 0 0 27 0 0 0 0 0 26 7 0 0 9 0 0 4 0 0 
0 0 66 0 63 0 62 58 0 0 79 78 0 0 0 0 1 0 39 0 0 0 0 0 0 0 0 0 47 45 0 0 0 0 0 48 52 0 55 50 0 0 0 0 0 0 0 0 0 0 0 0 0 17 0 0 0 0 0 0 0 29 0 0 0 0 4 6 0 0 0 0 0 69 74 72 73 0 0 0 0 
0 0 30 0 27 23 26 22 24 0 0 0 44 0 0 0 46 0 3 0 2 0 0 0 76 0 1 0 0 0 0 6 7 0 0 12 16 0 0 14 17 18 0 0 0 0 0 0 0 0 0 0 0 0 75 0 68 69 0 0 0 0 0 0 0 0 0 51 56 0 0 53 0 33 0 0 0 0 0 0 0 
0 0 0 0 0 0 15 11 13 29 32 0 0 0 37 0 35 0 0 68 0 0 0 0 0 70 0 0 0 0 0 76 0 0 75 1 5 0 0 0 0 7 9 0 0 54 0 0 55 47 0 0 0 51 64 56 0 58 0 0 61 0 0 39 44 0 38 40 0 0 0 0 0 22 27 25 26 21 20 0 24 
23 26 0 0 25 0 0 20 0 38 41 0 0 39 0 43 0 0 0 0 0 0 0 0 0 0 0 0 9 0 8 0 0 0 0 0 14 0 0 0 0 0 0 11 0 63 62 58 64 56 61 0 0 0 0 65 66 0 71 0 70 72 68 0 0 0 47 49 0 55 0 0 0 31 0 0 0 0 0 0 0 
0 80 0 0 79 75 78 74 0 11 0 13 0 0 19 0 0 18 0 0 0 0 0 0 47 52 53 0 0 0 62 58 0 0 0 0 0 0 71 0 0 70 72 65 73 0 35 31 0 0 0 0 32 0 0 0 0 40 0 0 0 0 0 0 0 25 0 22 0 0 0 0 5 0 0 0 0 0 2 0 0 
68 0 0 0 0 66 69 0 0 0 0 4 0 0 10 0 8 9 46 41 0 0 0 0 38 0 0 47 54 0 0 0 0 51 48 0 0 0 0 57 0 61 63 56 0 27 26 0 0 0 0 0 0 24 0 29 0 31 35 0 0 36 0 12 0 0 0 0 0 0 14 0 0 0 81 0 0 0 0 0 0 
0 0 0 0 0 3 6 2 0 20 0 0 0 0 28 0 26 0 0 0 0 0 58 0 0 0 62 0 0 70 0 0 0 0 66 0 77 76 0 75 78 0 0 0 0 0 0 40 0 0 43 0 41 42 0 0 48 49 0 0 52 0 50 0 35 0 29 0 0 0 0 33 0 13 0 0 17 0 11 0 15 
0 35 37 0 0 0 0 0 0 47 0 0 51 0 0 0 0 54 0 5 9 3 0 6 2 0 8 11 18 0 17 0 0 0 0 0 0 22 0 21 24 0 27 20 0 0 0 0 73 0 70 66 0 0 0 0 75 0 0 0 0 0 0 0 0 0 0 0 0 0 0 60 41 0 45 0 0 0 38 46 0 
0 0 0 45 43 39 0 0 0 0 0 0 0 57 0 0 0 63 0 14 0 0 13 0 0 0 0 20 0 25 0 22 0 0 0 28 32 0 0 30 0 0 36 0 37 0 80 0 0 0 79 0 0 78 0 2 0 0 0 0 0 0 0 0 0 0 0 0 72 0 0 0 0 0 0 0 0 0 0 55 0 
59 0 0 0 0 0 0 56 0 0 0 0 78 0 0 0 0 0 0 0 0 0 0 0 0 34 35 0 0 43 0 0 0 42 0 0 0 0 53 0 51 0 54 0 0 18 17 13 0 11 0 0 14 0 28 0 0 22 0 0 25 27 23 0 8 7 0 4 9 10 0 0 68 0 0 70 71 0 65 0 69 
0 53 0 0 52 0 0 47 0 65 0 0 0 0 0 0 0 0 0 0 27 0 0 0 20 0 0 29 0 0 0 0 0 33 0 0 0 0 0 0 0 0 0 38 46 0 0 0 0 0 7 0 0 0 0 0 0 0 17 0 0 0 0 0 0 0 0 0 0 0 0 0 0 0 0 61 0 0 0 64 0 
0 48 0 49 0 43 0 0 0 0 0 0 64 0 0 65 0 0 0 0 0 0 0 0 15 20 0 0 0 29 30 0 27 28 0 0 36 0 39 34 0 38 0 33 0 4 0 0 5 0 0 0 81 0 0 0 7 8 0 0 11 0 0 0 0 0 0 0 0 0 0 0 0 53 58 0 0 0 0 0 0 
9 12 0 13 0 0 10 0 0 24 0 26 28 0 0 29 0 0 68 0 0 0 0 64 0 0 0 0 0 74 0 71 0 0 0 0 81 0 0 0 0 0 4 0 0 0 48 0 50 0 0 0 0 0 0 51 0 53 0 0 0 0 0 0 39 0 0 0 0 41 36 0 0 0 22 20 21 0 0 0 19 
63 66 68 67 0 61 64 0 0 0 0 0 0 79 0 0 3 4 0 0 0 0 0 0 0 0 0 0 49 0 0 0 0 0 0 0 0 0 0 0 0 0 0 51 0 0 0 0 0 15 0 16 18 0 0 24 25 26 0 28 0 0 27 7 0 11 0 8 0 14 0 0 72 71 0 0 75 70 0 77 0 
0 0 0 0 20 0 0 15 17 0 0 0 0 0 41 38 39 0 0 0 0 0 0 0 69 0 0 78 4 0 0 0 0 0 0 0 0 0 0 0 0 11 0 0 0 0 0 0 0 0 0 0 0 55 68 60 0 62 0 0 65 0 63 0 0 0 0 44 49 50 45 0 0 0 31 0 0 0 0 32 28 
54 57 59 58 0 0 55 0 0 0 0 0 0 0 77 0 0 0 0 0 0 25 26 28 0 0 0 33 40 0 39 35 0 0 0 0 0 44 0 43 0 0 49 42 0 0 12 8 0 0 0 0 0 0 23 0 0 0 21 0 0 0 18 79 0 2 0 80 4 0 0 0 0 0 0 0 0 0 0 0 0 
0 0 0 0 0 25 0 0 0 0 0 0 0 0 0 0 0 0 5 0 0 0 0 0 78 2 0 6 0 0 12 8 9 0 0 0 18 0 21 0 0 20 0 15 0 0 0 0 68 0 65 0 0 0 0 0 0 0 0 0 74 0 0 0 0 0 51 0 58 0 0 0 0 0 0 0 0 0 0 0 37 
0 0 0 0 0 0 0 69 71 0 9 0 0 7 14 11 12 13 50 0 0 0 0 0 0 47 0 0 0 0 0 0 54 0 0 0 63 0 0 0 0 0 67 60 0 0 0 26 0 24 0 25 0 28 41 0 0 0 39 0 0 0 0 0 21 0 15 17 22 0 0 0 0 0 0 2 0 0 0 0 0 
36 39 0 0 0 34 0 0 0 51 54 53 0 0 0 0 0 58 0 0 0 7 8 0 0 0 12 0 0 0 21 0 18 19 0 0 27 0 30 25 28 0 0 0 0 0 0 71 0 0 74 70 0 73 5 0 0 80 0 1 2 0 81 0 66 0 0 0 0 68 63 0 0 44 49 47 0 0 0 0 0 
81 0 0 0 0 0 0 0 0 15 0 17 0 0 0 0 21 0 0 0 0 0 0 0 0 0 57 0 67 0 0 0 0 0 0 68 0 0 0 0 0 0 0 0 0 40 39 35 0 0 0 0 0 0 50 0 0 0 0 0 0 49 45 25 0 29 24 26 0 0 27 0 0 0 13 0 0 0 0 0 0 
46 0 0 0 48 0 0 0 45 0 0 63 65 0 0 66 67 0 0 0 23 17 0 0 16 0 0 0 32 0 0 0 0 0 0 0 0 0 0 0 38 39 0 0 0 0 0 81 0 79 0 0 0 0 0 0 0 0 0 0 0 14 0 0 0 0 0 0 77 0 73 0 0 54 0 57 0 0 0 0 56 
0 0 0 0 0 17 0 0 18 34 37 0 0 0 42 0 0 0 78 0 0 0 0 74 0 0 0 0 0 0 0 0 0 2 80 6 0 0 0 0 11 0 0 0 15 0 0 54 0 52 0 53 0 0 69 0 0 0 0 65 0 68 64 44 49 0 0 0 0 0 0 0 0 0 0 30 31 26 0 0 0 
0 40 42 0 0 35 38 0 0 52 0 0 0 0 60 0 58 0 0 10 0 0 9 0 0 0 0 16 0 0 22 0 19 20 0 0 0 0 0 0 0 0 0 0 0 77 0 0 0 0 75 0 0 74 0 0 0 0 0 0 0 0 1 0 0 0 0 63 0 69 0 0 0 45 0 0 49 0 0 0 0 
0 76 0 0 0 0 74 70 72 0 0 9 0 8 15 0 13 14 0 0 0 0 0 47 0 48 0 0 0 0 0 0 55 0 0 0 0 63 67 0 0 0 0 0 0 32 0 0 33 25 0 0 0 29 42 0 0 0 40 0 39 41 0 0 0 0 0 0 0 24 0 0 0 0 5 0 4 80 79 0 0 
0 0 0 0 0 80 0 0 0 0 0 0 0 0 0 0 0 23 0 0 0 53 0 0 0 57 0 0 0 0 0 0 64 65 62 0 0 0 0 0 74 75 0 0 0 0 0 0 0 0 0 35 0 38 0 0 0 45 49 0 48 0 0 0 0 0 0 27 0 0 28 29 0 9 0 0 0 8 0 15 11 
0 0 0 68 0 62 0 0 0 0 0 0 0 0 0 0 0 5 0 0 0 0 36 0 0 0 40 0 0 0 49 0 0 0 0 0 0 54 0 0 56 0 0 0 60 0 0 0 0 0 0 0 0 0 0 0 0 27 0 0 30 0 0 8 0 0 0 0 0 0 0 11 73 0 77 0 76 0 70 0 0 
0 0 15 0 0 0 0 0 0 0 0 0 0 0 0 0 0 0 0 0 0 62 0 65 0 0 0 70 0 0 0 72 0 0 71 0 1 0 0 0 0 0 0 0 0 50 49 0 0 0 0 0 0 47 0 0 0 0 0 0 0 0 0 35 40 39 0 0 41 0 0 0 0 0 0 0 22 17 16 0 0 
0 0 0 59 0 0 56 0 54 0 0 0 74 0 78 0 0 0 0 0 0 26 0 29 25 0 0 0 0 0 0 36 37 0 0 0 46 0 49 0 0 48 50 43 0 0 0 0 0 7 0 8 0 0 0 0 0 0 22 20 0 0 0 0 0 0 79 0 0 0 1 0 0 0 0 0 0 0 61 0 0 
28 0 33 0 0 26 0 0 27 43 0 45 0 0 0 0 49 0 0 1 0 0 0 2 79 0 4 0 0 0 0 9 0 0 0 15 0 0 22 17 0 0 0 16 24 68 67 63 0 61 0 0 0 65 78 0 0 0 76 0 0 0 0 53 0 0 0 54 59 60 55 0 0 0 0 39 40 35 34 42 38 
0 59 0 0 0 0 0 0 55 0 74 0 0 0 79 0 0 0 0 0 0 0 28 30 0 0 32 0 42 40 0 37 0 0 0 0 47 0 0 45 0 0 0 0 0 0 14 0 16 0 13 9 0 0 0 0 0 0 0 0 0 0 0 81 0 0 80 0 0 0 0 0 0 0 0 67 0 63 0 0 0 
0 0 0 0 0 0 0 0 0 0 0 0 3 81 0 0 5 0 0 0 0 0 0 0 35 0 0 44 51 0 0 46 0 0 0 0 56 0 59 54 0 0 0 0 61 0 23 0 0 0 22 0 20 0 0 26 0 0 32 0 31 0 0 9 14 0 0 0 0 0 0 12 74 73 0 76 0 72 71 0 75 
29 32 0 0 0 0 0 0 0 44 47 0 0 0 0 49 50 0 0 2 0 81 0 0 80 0 5 0 15 0 0 0 0 0 0 0 0 0 23 0 0 0 0 0 0 69 0 0 0 0 0 63 0 66 0 0 72 0 0 0 76 0 0 54 0 0 53 0 0 61 0 0 0 0 0 40 0 0 0 43 0 
0 77 79 0 0 72 0 71 0 0 0 0 0 0 0 0 0 15 0 0 0 0 0 0 0 49 0 53 0 0 59 0 0 57 0 0 0 0 0 0 0 67 0 0 0 0 0 0 0 0 31 0 0 30 43 35 0 0 0 39 0 0 0 0 0 22 0 0 0 0 0 0 0 1 0 0 0 0 0 7 3 
2 0 0 6 4 0 0 0 0 17 0 0 0 18 0 0 0 0 0 0 60 0 0 0 53 0 0 62 0 67 0 0 65 0 63 70 0 73 77 0 0 0 78 0 0 0 0 37 43 0 0 0 38 0 0 44 0 0 50 48 0 0 47 27 32 0 0 28 0 0 0 0 11 0 0 13 14 0 8 16 0 
0 0 0 0 0 0 0 0 46 0 0 64 0 63 0 0 0 69 25 0 0 0 0 0 0 0 0 26 0 31 0 28 0 0 0 34 0 0 0 36 0 0 0 0 0 0 0 0 0 0 0 0 2 3 0 0 9 0 0 0 0 0 0 0 77 0 0 73 0 0 74 0 0 0 60 0 0 54 0 0 0 
0 0 0 0 0 0 39 0 37 0 0 0 0 54 0 58 59 60 0 0 0 0 0 12 8 0 0 0 0 0 0 0 0 0 0 0 0 0 32 0 0 0 0 26 0 78 77 0 79 71 76 0 0 0 7 0 81 0 5 0 4 0 0 0 68 67 0 64 0 70 0 0 0 46 51 0 0 0 0 52 0 
0 23 0 24 0 18 0 17 19 35 38 0 39 0 0 0 0 42 0 0 78 0 0 75 0 0 77 80 0 0 5 0 0 0 0 0 0 0 0 9 0 13 0 8 0 0 0 0 61 0 58 0 56 0 0 0 0 0 68 66 67 69 65 0 0 49 0 46 0 0 0 48 0 0 0 0 0 0 0 0 30 
0 14 0 15 13 9 0 0 0 0 0 28 30 0 0 0 32 0 0 0 69 0 0 0 0 67 0 71 0 0 0 73 0 75 0 0 0 0 0 0 0 0 6 0 0 51 50 0 0 0 0 45 0 48 0 0 54 0 0 0 0 60 0 36 0 0 0 0 0 0 0 0 0 19 0 0 23 0 0 0 0 
0 0 0 46 0 40 0 0 0 57 0 0 0 58 65 62 0 64 20 0 0 13 14 16 0 0 0 0 28 26 0 0 0 25 0 0 33 32 0 0 0 35 0 0 0 0 0 0 0 0 0 76 0 0 11 0 4 0 0 0 0 10 0 0 0 71 0 68 0 0 0 0 51 0 0 53 0 0 0 0 52 
0 0 0 64 0 58 0 0 0 0 0 77 79 0 0 0 81 0 0 0 37 31 0 0 0 0 0 39 0 44 0 0 0 43 40 47 0 50 0 49 0 53 0 0 0 0 0 0 20 12 0 0 0 0 0 21 0 23 0 25 26 0 0 0 0 0 3 5 0 0 0 0 69 0 73 71 72 67 0 0 0 
24 0 0 28 0 0 0 21 0 39 0 41 0 40 0 0 45 46 0 0 0 0 77 0 75 0 0 0 10 8 0 0 0 7 0 0 15 14 0 0 0 17 19 0 20 0 63 0 0 57 0 0 0 61 0 0 0 0 0 0 71 0 0 0 54 0 0 0 0 0 0 0 0 0 0 0 36 0 0 0 0 
51 54 0 55 53 0 0 0 0 0 0 0 70 0 0 71 0 0 29 0 0 0 23 25 0 26 0 0 0 0 0 0 0 34 0 0 0 0 0 0 0 0 0 39 0 0 0 5 0 3 0 0 0 0 20 0 13 0 0 0 0 19 0 76 0 0 75 0 1 0 0 0 0 0 64 0 0 0 0 0 0 
0 0 0 0 0 31 0 30 0 0 0 50 0 49 0 0 0 55 0 6 0 0 0 0 0 0 0 0 0 0 18 0 15 0 0 20 0 0 0 0 0 0 0 0 0 0 72 68 0 0 0 0 69 0 0 0 76 0 81 0 0 0 78 0 63 0 0 0 0 65 0 0 42 41 0 0 0 0 0 47 0 
0 0 0 19 0 0 16 0 14 0 0 0 0 0 0 0 0 0 74 0 0 0 0 70 0 71 0 75 0 0 81 0 78 0 0 2 6 0 9 0 7 0 0 0 0 0 54 0 56 0 0 0 51 0 65 0 0 0 63 0 0 64 0 0 0 44 0 41 46 47 0 0 0 23 0 0 0 0 21 29 0 
0 0 0 73 0 0 0 66 0 0 0 0 7 0 11 0 0 0 47 42 46 0 0 0 39 0 45 48 0 53 0 0 0 0 0 56 0 0 0 0 0 0 0 0 0 28 27 0 29 0 0 0 0 0 0 0 0 0 0 0 0 0 0 13 0 17 0 0 19 20 0 0 78 77 1 80 0 0 0 0 0 
0 0 2 0 0 0 0 75 0 0 0 0 0 0 0 0 0 19 56 0 0 0 0 0 0 53 54 57 0 62 0 0 0 61 0 0 0 68 0 0 0 0 73 66 0 37 36 0 38 0 0 0 33 34 0 0 0 0 0 0 0 0 42 0 0 0 0 0 0 0 0 0 0 0 0 0 0 0 0 0 7 
0 0 0 0 8 0 7 0 0 0 0 0 0 0 29 0 0 28 0 0 0 0 0 0 57 0 0 0 73 0 0 0 0 70 0 74 78 77 0 76 0 0 0 0 2 0 0 41 0 39 0 40 42 43 56 0 0 0 0 0 53 55 0 0 0 35 0 0 0 0 0 34 15 14 19 17 0 0 0 0 0 
26 0 0 0 0 0 0 0 0 0 0 0 0 42 0 0 0 0 0 0 0 0 79 0 0 0 2 5 0 0 11 0 8 0 6 0 17 0 0 0 0 0 21 0 22 66 65 0 0 0 0 60 0 63 76 0 69 70 74 0 0 0 71 51 56 55 0 0 0 0 0 0 35 0 39 0 0 0 32 0 36 
0 56 58 57 0 0 0 0 52 0 0 0 0 0 0 0 0 75 31 0 0 0 25 0 23 28 0 0 39 37 0 0 35 36 0 0 0 0 47 0 0 46 0 41 0 0 0 0 13 0 0 6 0 9 0 0 15 0 0 0 0 0 0 0 0 1 0 0 0 0 0 0 0 61 0 64 0 0 0 0 0 
0 0 0 0 0 33 0 0 0 0 0 0 0 0 58 0 0 0 0 0 0 0 7 0 5 0 0 0 0 0 0 16 0 0 0 22 26 0 0 0 0 28 0 0 0 0 0 0 76 68 0 69 0 0 4 0 78 0 0 0 1 3 0 0 65 0 0 0 0 0 0 0 0 0 0 46 0 0 0 0 0 
0 47 0 0 0 0 45 41 0 59 62 0 0 60 0 0 65 66 0 0 0 0 0 0 14 19 20 23 30 0 29 25 0 0 0 31 0 0 0 0 0 0 0 32 40 0 0 0 0 77 0 0 0 0 0 5 0 7 11 0 0 12 0 0 0 0 0 70 75 76 0 72 0 52 0 55 0 0 0 0 0 
0 0 0 0 0 15 0 0 0 0 0 0 36 0 0 0 0 39 0 0 75 69 70 72 0 73 0 0 3 0 0 0 0 0 0 0 8 7 0 6 0 10 12 0 0 0 0 0 0 0 0 0 0 0 0 59 60 0 0 0 0 66 0 42 0 0 0 0 0 0 0 0 0 0 30 0 0 24 23 31 27 
80 0 4 0 0 0 0 77 0 0 0 0 18 0 0 0 20 21 0 0 0 51 0 54 50 55 0 0 66 64 0 61 62 63 60 0 71 0 74 0 0 0 75 68 0 39 0 34 40 0 0 0 35 36 0 0 0 43 0 45 0 0 0 0 0 28 0 0 30 0 0 0 0 7 12 0 11 0 5 0 0 
0 0 0 0 10 0 0 0 7 0 0 0 0 0 0 0 0 0 0 62 0 60 0 63 59 0 0 68 0 0 0 0 0 72 69 0 0 79 0 78 0 1 3 0 0 0 0 0 0 0 0 0 44 45 0 0 0 0 0 0 55 57 0 33 0 37 0 34 39 0 0 0 0 0 21 0 0 0 0 0 0 
0 0 0 66 0 0 0 0 0 77 0 0 0 0 4 0 0 0 0 0 39 33 34 0 32 37 0 41 48 0 0 0 44 0 0 0 53 52 0 0 0 55 0 0 58 0 0 0 0 0 0 15 17 0 0 23 0 25 29 0 0 0 0 0 11 0 0 0 0 0 8 0 71 70 75 0 74 0 68 76 0 
0 0 0 0 73 0 0 0 0 0 8 7 0 6 0 0 11 0 0 44 0 0 0 0 0 46 0 0 0 55 56 0 0 0 0 0 62 61 0 60 0 64 0 0 0 0 0 0 31 23 0 0 0 0 0 32 0 0 0 36 0 0 0 15 0 0 0 0 0 0 17 18 80 0 0 1 2 0 0 0 0 
0 0 0 0 60 56 0 55 0 0 76 0 0 0 0 0 0 0 0 0 35 29 0 0 0 33 34 0 0 42 43 39 0 0 38 45 0 0 0 0 0 0 53 0 0 0 0 0 0 0 0 11 0 0 27 0 0 21 25 0 24 0 22 0 7 0 1 0 0 9 4 0 0 0 0 0 0 65 0 0 0 
0 0 0 0 0 0 0 0 0 0 31 30 32 29 0 0 0 0 72 0 71 65 0 0 0 0 0 0 0 0 79 0 76 0 0 81 0 0 7 2 0 0 8 1 0 53 0 0 0 46 0 47 0 0 0 0 0 0 0 0 0 62 0 38 0 0 0 39 0 0 0 0 0 0 0 0 25 20 0 27 0 
0 0 0 53 0 0 0 0 48 64 67 0 0 65 72 0 0 0 0 0 0 0 21 0 0 24 25 28 0 0 0 0 31 32 29 0 0 39 0 38 0 0 44 0 45 0 0 0 9 0 0 0 0 5 0 0 11 0 16 0 0 0 13 74 0 0 0 0 80 81 76 0 0 0 0 0 61 0 0 0 59 
76 79 0 0 0 0 0 73 75 0 0 0 0 0 0 0 0 0 0 49 0 47 0 0 0 51 52 55 62 0 0 0 58 0 56 0 0 0 0 65 68 0 0 0 0 0 0 30 0 0 33 0 0 0 0 37 38 0 0 0 42 0 0 0 0 0 19 0 0 0 0 0 4 3 0 0 7 2 0 0 0 
0 25 0 26 0 0 0 0 0 0 0 0 0 0 0 42 0 0 0 0 0 0 0 77 0 78 79 0 8 0 0 3 0 0 0 0 0 0 0 0 14 0 17 0 18 0 0 0 0 0 0 56 58 0 0 0 0 0 70 0 0 0 0 47 52 0 46 0 53 0 49 50 31 0 35 33 0 0 28 0 32 
0 7 0 0 0 0 0 1 3 0 22 0 0 0 27 0 25 26 0 0 0 56 57 59 0 0 0 0 0 0 0 0 0 68 65 72 76 0 0 0 0 0 0 0 81 44 0 39 0 0 0 0 0 0 0 0 47 48 0 0 0 0 49 0 0 0 0 0 0 0 0 0 13 0 0 0 0 0 10 0 14 
0 34 36 0 0 29 0 0 0 46 0 0 50 0 54 0 0 0 0 0 0 2 0 0 0 6 7 0 0 15 0 0 0 0 11 0 0 0 0 0 0 0 0 0 0 71 0 0 0 0 0 0 0 68 0 73 0 0 79 0 0 0 0 56 61 0 55 57 62 0 0 0 0 0 0 42 0 0 0 0 0 
0 0 45 44 42 38 0 0 0 55 0 0 0 0 0 60 0 0 0 0 0 0 0 14 10 0 0 0 0 0 25 21 22 23 20 0 0 0 34 0 0 0 0 0 0 0 0 0 0 0 0 74 0 0 0 0 0 3 0 0 6 0 0 0 70 0 0 66 0 0 0 0 0 0 53 51 52 0 0 0 0 
0 0 0 71 0 0 0 0 0 0 4 0 0 0 9 0 0 0 45 40 44 38 0 41 0 0 0 46 0 51 0 0 0 0 47 0 58 0 0 56 0 0 0 0 0 0 25 0 27 0 0 0 0 23 36 0 0 0 34 0 33 35 0 0 0 0 0 12 0 0 13 0 0 75 0 78 0 74 73 0 0 
0 42 44 43 41 37 40 0 38 54 0 0 58 0 62 0 0 0 17 0 0 0 0 13 0 0 0 0 0 0 0 20 21 22 0 0 0 0 0 28 0 0 0 0 0 0 0 74 80 0 0 0 0 0 0 0 0 2 6 0 0 0 0 0 69 0 0 0 70 0 66 67 0 0 0 0 0 0 0 0 0 
66 0 0 0 68 0 67 63 65 0 0 0 0 0 0 0 0 7 0 0 0 0 0 40 0 0 0 0 0 0 0 0 0 0 46 0 0 0 0 0 0 59 61 0 0 0 0 20 0 0 0 0 21 22 0 0 0 29 0 31 32 34 0 0 0 0 9 0 0 0 0 0 0 0 0 0 0 0 0 80 0 
0 0 0 7 0 1 0 0 0 0 0 0 0 19 0 0 0 0 0 0 0 0 56 0 54 0 60 0 0 0 69 0 66 0 0 0 0 0 78 73 76 77 0 72 80 0 0 0 0 36 0 37 0 40 53 0 0 0 0 0 50 52 48 0 33 0 27 0 0 35 0 0 0 11 0 14 15 0 9 0 0 
12 0 0 16 0 0 0 0 0 27 30 0 31 0 0 32 0 34 0 0 0 64 0 0 63 68 69 72 0 0 0 74 75 76 0 80 0 2 0 0 0 5 0 81 0 0 51 0 53 0 50 0 0 0 0 0 55 0 0 0 59 0 0 0 0 0 0 0 0 0 0 40 21 20 0 0 0 19 18 0 0 
0 51 0 52 0 0 0 0 0 0 0 65 0 0 71 68 0 0 26 0 0 0 20 0 0 0 24 0 0 0 0 0 30 0 0 0 0 38 0 0 0 0 0 0 0 7 6 0 0 0 5 0 0 0 17 0 0 0 0 0 14 0 0 0 0 0 0 74 0 0 0 0 0 0 0 59 0 0 0 0 0 
21 24 0 0 0 19 0 0 20 36 0 0 0 0 44 0 0 0 0 0 79 0 0 0 0 0 78 0 0 0 0 2 0 4 1 0 0 0 0 0 0 14 0 0 0 0 0 56 62 0 0 55 0 0 0 0 0 0 0 0 0 70 0 0 0 0 45 0 0 0 0 0 0 0 0 0 0 0 0 0 0 
75 78 0 0 0 0 0 0 74 0 12 0 13 0 0 14 15 16 0 0 0 0 0 0 0 0 0 0 0 59 0 56 0 58 0 62 66 0 0 0 0 68 70 0 0 0 0 0 0 0 0 0 0 0 0 0 37 38 0 0 41 0 39 0 24 23 0 0 0 0 0 22 3 2 0 5 0 0 0 0 0 
30 0 0 0 0 0 31 0 29 0 0 0 0 0 53 50 51 0 0 3 7 0 0 4 0 0 0 0 0 14 0 11 0 0 10 17 0 0 0 0 0 0 0 18 0 0 0 0 71 0 0 64 0 0 80 0 73 0 0 0 0 79 0 0 0 0 0 0 0 0 0 58 0 0 43 0 42 0 0 0 0 
0 0 0 0 0 0 0 0 56 0 75 0 76 0 80 0 0 79 0 0 34 0 0 0 27 0 0 0 43 0 0 38 0 40 37 0 0 47 0 46 0 0 0 0 53 0 15 0 0 0 14 0 0 0 0 0 19 20 0 0 0 0 0 1 0 0 0 0 0 8 0 0 0 65 0 68 0 64 0 71 0 
