9
0 0 0 0 0 0 53 0 0 16 0 0 0 0 18 0 0 0 0 0 0 0 35 0 0 0 33 81 0 0 2 0 0 76 77 0 0 0 0 0 0 0 28 0 0 59 0 0 65 58 0 0 64 0 0 48 0 40 41 43 0 0 44 0 5 11 10 6 0 0 0 0 69 0 0 0 72 0 74 0 0 
0 29 0 0 0 22 0 0 0 70 74 0 0 0 0 0 69 0 0 4 0 11 0 0 0 0 6 0 55 0 56 0 0 0 0 0 0 0 0 0 80 0 0 0 78 0 0 0 38 31 0 0 37 36 20 21 0 13 14 0 18 0 0 0 0 0 0 0 66 0 0 0 0 0 0 0 0 0 0 0 0 
14 0 0 21 0 0 0 0 0 0 0 0 0 0 0 0 60 0 0 76 77 0 0 0 0 0 0 0 0 0 0 48 0 0 0 0 0 0 0 0 0 70 0 68 0 0 24 0 0 0 0 0 0 0 0 0 0 0 0 0 0 10 0 0 0 0 0 0 0 0 0 0 33 0 0 0 36 0 38 0 0 
0 0 43 0 0 0 0 0 46 7 0 0 0 5 9 10 6 0 0 0 0 0 26 0 28 0 0 0 0 0 0 75 71 0 68 0 0 21 0 0 0 16 0 0 15 0 0 0 0 0 0 53 0 0 0 39 33 31 0 0 0 0 0 80 77 2 0 0 0 0 79 76 0 0 0 0 63 0 0 64 0 
0 74 0 0 0 67 0 69 0 0 0 0 35 0 0 0 33 0 0 0 50 0 0 0 0 0 51 0 0 0 0 0 0 0 0 16 0 0 45 0 0 0 0 41 0 0 0 0 0 0 0 0 0 0 0 0 0 58 0 0 63 0 62 0 0 0 0 0 0 0 0 0 0 0 0 4 9 5 0 0 7 
0 2 0 0 81 76 0 0 1 0 0 0 0 0 0 0 42 0 61 58 59 0 0 0 0 0 60 0 0 0 0 30 26 22 23 0 0 0 54 0 53 52 55 0 0 0 0 0 0 0 0 8 0 0 74 0 0 0 0 0 0 73 0 0 32 0 37 0 0 0 34 0 0 0 21 0 0 0 20 0 0 
0 65 61 0 0 0 0 0 0 25 0 0 0 0 0 0 0 0 43 0 41 0 0 0 0 48 0 9 10 6 11 0 0 0 0 0 0 0 0 38 0 0 37 0 0 0 69 0 0 0 0 0 0 0 0 0 0 0 0 0 54 55 0 0 0 0 0 15 0 0 0 13 0 0 0 0 0 0 2 0 0 
0 38 0 39 0 31 35 0 0 0 0 0 0 0 0 0 0 0 0 0 14 0 17 0 19 21 0 0 64 60 0 0 0 0 0 61 0 0 9 11 0 0 0 0 0 41 0 0 47 40 48 44 46 0 0 0 0 0 0 25 0 28 0 0 0 0 0 69 0 72 70 0 0 53 57 0 0 50 0 0 0 
0 0 0 12 0 0 0 0 0 52 56 0 0 0 0 55 51 49 0 67 0 0 71 0 0 0 0 0 0 0 38 0 0 31 0 34 0 0 63 0 62 0 64 0 60 0 15 0 0 13 0 0 0 0 0 0 0 0 77 0 81 1 0 0 0 47 0 42 48 45 43 0 24 0 0 0 0 0 0 0 0 
0 0 28 33 0 0 0 0 31 0 0 78 0 0 0 0 0 0 10 7 0 0 0 0 0 0 0 0 0 0 0 60 0 52 53 0 79 0 0 0 0 0 0 0 81 0 0 37 0 34 0 38 0 0 23 24 18 0 0 19 21 22 0 0 62 0 0 63 0 0 0 0 0 0 0 0 0 44 0 0 0 
0 59 0 60 0 52 0 54 58 0 0 24 0 0 21 0 18 0 0 0 0 0 0 39 40 0 0 0 4 0 0 0 0 79 0 0 0 0 30 0 29 28 31 0 0 0 63 0 0 0 0 0 0 0 0 0 0 43 0 0 0 0 47 0 0 0 13 9 0 0 0 0 72 74 78 70 0 0 0 0 73 
0 0 64 0 0 61 0 0 0 0 0 0 0 0 30 31 27 25 0 0 44 0 0 0 0 51 45 0 0 9 0 0 11 7 0 0 0 0 0 0 38 0 0 0 0 71 0 0 0 70 0 0 0 0 0 0 0 0 53 0 57 0 0 0 17 0 0 0 0 0 0 0 0 0 0 0 0 80 0 0 0 
8 0 0 0 0 0 11 9 0 0 59 60 56 53 57 0 0 52 0 0 0 0 74 0 0 0 72 0 40 0 0 0 38 0 0 0 0 0 0 0 0 64 67 0 63 0 18 19 0 16 0 0 0 0 0 0 0 79 0 0 0 0 0 47 44 0 0 0 51 0 46 0 27 29 33 25 30 26 32 31 0 
0 0 0 24 0 0 0 18 22 0 68 69 0 0 0 0 63 0 0 79 80 5 2 0 0 6 0 0 0 45 0 0 47 0 44 46 70 78 0 0 0 73 0 0 0 26 27 28 0 0 33 0 0 0 0 0 0 7 0 0 0 0 0 56 0 0 58 0 60 0 0 0 36 0 0 0 0 35 0 0 0 
0 0 0 42 0 0 0 36 0 0 5 0 0 0 3 0 0 79 0 16 17 23 0 0 0 0 18 0 67 63 68 0 65 0 0 0 0 15 12 14 0 10 0 0 0 0 0 0 0 0 0 0 0 0 0 33 0 25 0 0 0 0 0 74 0 77 0 72 0 0 0 70 0 0 0 0 57 53 0 58 0 
44 0 0 0 0 0 47 45 0 10 0 0 11 0 0 0 0 0 0 0 26 0 0 0 31 33 0 0 0 72 77 0 74 0 0 0 16 0 0 0 0 0 0 0 18 0 0 0 59 52 0 0 0 57 41 0 36 34 0 37 39 0 0 2 0 0 0 81 0 3 1 0 0 0 0 0 66 0 0 0 64 
0 0 0 0 0 0 0 0 4 0 0 0 0 0 48 0 0 0 64 0 0 0 65 0 0 0 0 0 0 0 32 0 0 0 0 0 0 0 0 59 56 0 0 0 0 0 0 0 0 7 0 0 0 0 0 0 0 0 0 73 0 0 74 0 0 41 0 36 0 0 0 0 0 20 24 0 0 17 23 22 0 
0 0 0 78 0 0 0 72 76 0 41 42 38 0 0 0 0 0 0 0 0 0 0 57 0 0 0 0 22 18 23 0 0 0 0 0 43 0 48 0 0 0 49 0 45 0 0 0 5 0 6 2 0 0 0 0 63 0 62 0 0 0 0 29 0 0 31 0 0 30 0 25 0 0 15 7 0 8 0 13 10 
9 0 0 0 0 8 0 10 14 56 0 0 57 0 58 59 0 0 0 0 0 0 0 0 77 79 0 40 0 0 0 0 0 0 36 38 0 70 0 69 0 0 0 0 0 18 19 0 0 17 0 0 0 0 0 7 1 0 0 0 0 0 0 0 0 51 0 0 0 0 47 0 28 0 0 0 0 0 0 0 29 
0 42 0 0 0 35 0 37 0 0 0 7 0 81 0 0 0 80 0 0 0 24 0 0 0 25 0 0 0 0 0 0 0 0 0 0 8 0 13 0 12 0 0 0 0 0 46 0 0 0 0 0 0 0 0 0 28 0 0 0 0 0 0 75 0 0 77 0 0 0 0 0 0 0 0 53 0 0 60 59 56 
72 78 0 79 76 0 75 0 77 0 42 0 39 0 0 0 0 0 0 0 0 0 0 0 0 61 0 0 0 0 0 25 0 0 0 0 0 0 0 0 0 47 50 0 46 0 0 2 6 80 7 0 0 0 0 0 0 0 0 0 0 0 0 0 0 0 32 0 34 0 0 0 0 12 0 0 0 9 15 0 11 
0 0 0 0 0 80 3 1 0 0 0 52 48 45 0 0 0 0 0 0 0 69 0 67 0 0 64 0 0 0 0 34 30 26 0 0 53 0 58 0 0 0 0 0 0 9 0 0 15 0 0 0 0 0 78 79 0 0 0 0 0 0 75 0 0 0 41 0 43 0 0 35 0 21 25 0 22 18 0 23 0 
0 0 0 0 0 0 0 28 32 0 0 0 0 0 0 0 0 0 0 0 0 0 0 0 14 0 0 0 0 55 0 0 57 53 54 0 80 0 0 6 0 0 0 0 1 36 0 38 0 0 43 0 0 0 24 0 0 0 18 0 0 23 0 0 63 0 0 64 0 67 0 0 0 48 0 0 49 45 0 0 47 
0 0 0 0 0 0 0 0 0 0 0 0 0 0 13 0 10 8 0 0 27 33 0 31 0 0 0 0 77 0 78 79 75 71 72 0 17 0 0 0 0 20 0 0 19 0 0 56 0 53 0 57 0 58 0 0 0 0 0 0 0 41 0 0 0 6 0 0 0 4 0 0 64 0 70 0 0 63 69 0 0 
0 69 65 0 0 62 0 0 0 29 0 0 30 0 0 32 0 0 47 0 45 51 0 49 0 0 0 13 0 0 0 0 0 0 9 0 35 0 0 0 39 0 0 0 0 0 0 0 78 0 79 0 0 76 0 0 55 0 54 0 0 59 57 0 0 24 0 0 0 0 0 0 1 3 0 0 0 0 6 0 0 
54 0 0 61 58 0 0 0 0 0 0 25 0 0 0 0 0 0 0 0 0 0 0 40 0 43 0 0 5 0 0 7 0 0 81 0 0 0 31 33 30 0 0 27 0 0 0 0 69 62 0 0 0 0 0 0 0 44 45 47 0 0 0 0 0 0 0 0 0 0 0 8 0 0 0 0 0 0 0 0 74 
0 0 20 25 0 17 0 19 23 0 69 0 0 0 0 0 64 62 0 0 81 0 0 0 0 0 0 0 50 0 51 52 0 0 45 47 71 79 0 0 75 0 0 0 0 27 28 0 0 0 0 30 0 31 0 16 10 0 0 11 0 0 0 57 54 0 0 0 61 0 0 0 0 0 43 0 40 36 0 0 38 
0 0 0 0 0 0 0 43 0 0 0 13 9 0 0 0 7 0 0 0 24 0 27 0 0 0 0 0 74 0 0 0 0 0 0 71 0 0 0 0 0 17 20 0 0 0 52 53 0 50 0 54 56 0 0 40 0 0 0 0 0 0 0 81 0 3 0 0 0 0 0 0 0 0 0 59 64 0 0 0 0 
0 0 0 0 0 0 36 0 0 0 3 0 0 78 0 0 0 0 17 14 15 0 18 0 0 0 0 0 65 61 66 0 0 0 0 62 0 0 10 0 0 0 0 0 0 42 43 0 0 0 0 0 47 0 0 0 0 0 24 0 0 29 0 0 69 0 74 0 0 73 0 0 52 54 0 0 0 51 0 0 53 
51 0 0 58 0 50 0 0 0 0 0 0 0 0 0 0 0 0 0 0 33 0 0 0 0 0 0 1 0 0 0 0 81 77 78 0 0 0 0 30 27 0 0 0 25 60 0 62 0 59 0 0 0 64 0 0 43 0 0 44 46 0 45 0 6 0 0 0 0 0 0 0 70 0 0 0 73 0 75 0 71 
0 30 0 31 0 23 27 0 29 0 0 0 0 69 0 0 70 68 0 0 0 0 9 0 11 0 0 0 56 0 57 0 54 0 51 0 0 0 0 0 0 0 0 0 0 0 0 35 0 0 0 36 0 0 21 0 16 0 15 0 0 0 0 63 0 0 0 0 67 64 62 0 43 0 0 0 0 0 0 0 0 
0 66 62 0 64 0 0 0 65 26 30 0 0 24 0 29 25 0 0 0 42 48 45 46 0 0 0 0 0 0 0 13 0 5 0 8 32 0 37 39 0 35 0 0 34 0 70 0 75 0 0 0 0 0 57 58 0 0 51 0 0 0 0 0 0 0 0 0 0 19 0 0 79 0 4 0 0 0 0 2 0 
0 0 0 0 1 0 0 0 0 0 0 49 0 0 46 0 0 0 0 59 0 66 0 64 0 0 0 0 0 25 0 0 0 23 0 0 0 0 55 0 0 53 56 51 0 6 0 8 0 0 0 9 0 0 0 0 0 0 0 0 0 0 0 0 0 39 38 0 0 0 35 32 16 18 0 0 19 0 0 20 0 
6 12 0 0 10 0 0 7 0 53 0 0 54 0 55 0 52 0 0 0 69 75 0 0 0 0 70 0 0 34 0 0 0 0 0 0 0 67 0 0 0 0 0 0 0 0 0 0 21 0 0 0 20 0 3 0 0 0 78 0 1 2 0 45 0 0 0 43 0 0 0 0 0 27 0 23 28 0 0 0 0 
0 0 17 0 0 0 18 0 0 0 66 67 63 0 0 0 61 0 80 0 0 0 0 0 0 4 0 0 0 0 0 0 0 41 0 0 0 0 0 0 72 0 74 0 0 0 25 0 0 0 0 27 29 0 0 0 0 0 0 0 0 0 0 0 51 57 0 52 0 0 53 0 0 36 0 32 37 0 0 0 0 
0 75 71 76 0 0 0 0 74 0 0 40 0 0 37 0 34 0 53 0 51 57 0 0 56 0 0 0 0 0 0 0 0 14 0 17 0 0 46 0 45 44 47 0 0 0 0 0 0 0 0 0 0 0 0 67 0 0 0 0 0 65 0 0 24 0 29 0 0 28 0 0 0 9 13 0 0 0 0 0 0 
0 0 0 0 0 0 0 5 9 0 0 0 52 49 0 0 0 48 69 0 0 0 0 0 0 74 68 0 36 32 0 0 34 30 0 33 0 65 0 64 0 0 0 0 59 0 14 0 0 0 0 0 0 17 0 2 0 0 0 0 0 81 79 43 40 46 0 41 0 44 42 39 0 0 29 21 0 0 0 0 24 
40 0 0 0 0 39 0 0 45 0 0 11 0 0 0 0 5 3 24 0 0 0 0 0 0 29 23 0 0 0 73 0 0 0 67 69 0 20 0 0 0 0 18 0 0 0 0 51 55 0 0 52 0 53 0 38 0 0 31 0 35 36 0 0 76 0 0 0 0 80 0 75 59 0 65 0 0 58 0 63 60 
0 55 51 0 53 0 0 50 0 0 0 0 0 13 17 18 0 0 0 0 0 0 34 0 0 0 0 0 0 0 0 2 0 0 0 0 0 0 0 0 0 0 0 0 23 0 0 0 0 0 0 0 63 0 0 0 41 0 0 0 44 45 0 7 0 10 0 5 11 0 0 0 68 70 0 0 0 0 0 0 0 
0 0 69 0 71 0 0 0 0 0 0 0 0 31 35 36 0 0 0 48 49 55 52 0 54 0 0 0 0 14 0 0 16 0 13 15 0 0 0 0 0 0 45 0 0 0 0 0 0 0 2 79 81 80 0 0 0 0 58 0 0 63 61 0 0 0 0 0 29 0 24 0 0 0 0 0 8 0 10 0 0 
0 0 24 29 26 21 25 0 27 0 73 74 0 0 0 0 68 0 6 3 4 10 0 0 9 0 5 0 54 0 55 56 52 48 0 51 0 0 0 1 0 0 0 76 0 0 0 0 0 0 0 34 0 0 19 0 14 0 0 0 0 0 0 0 0 0 63 59 0 0 0 57 0 0 0 39 44 0 46 45 0 
0 0 0 38 0 30 34 0 0 0 1 2 0 0 0 81 0 75 0 12 0 0 0 0 18 20 0 0 63 0 64 0 0 57 0 0 0 0 0 0 0 6 9 0 0 0 41 0 0 39 0 0 0 0 28 29 0 21 0 0 26 0 0 70 0 0 0 68 0 71 0 0 50 0 0 0 0 0 0 0 0 
58 0 60 0 0 0 61 0 63 24 0 0 25 0 0 0 0 0 42 0 40 0 43 44 0 0 0 0 0 0 0 0 0 3 4 0 0 0 35 0 34 0 0 0 0 0 68 0 0 0 74 70 0 0 55 0 0 0 0 0 53 0 0 0 13 19 18 14 0 0 0 0 0 0 0 75 80 0 1 0 0 
0 0 0 0 0 0 0 0 0 60 64 0 61 0 0 0 59 0 78 0 76 0 0 80 0 0 77 0 0 0 0 0 0 39 0 0 0 0 0 0 70 0 0 0 0 0 0 24 0 21 29 25 27 0 0 0 5 3 0 6 8 0 0 0 0 0 0 0 56 0 0 0 0 34 38 0 0 31 37 36 0 
0 0 0 2 0 75 79 0 81 0 46 47 0 0 0 45 0 0 0 0 0 0 61 0 0 0 0 26 27 0 28 29 25 0 22 24 0 0 0 0 0 0 54 0 0 4 0 0 10 0 0 0 9 0 0 0 0 0 67 69 71 0 0 0 0 0 36 0 0 0 0 30 0 0 20 0 0 13 0 0 15 
0 0 0 0 0 0 0 21 0 0 71 0 0 0 69 0 0 0 4 0 0 8 0 0 0 0 0 0 52 48 0 0 0 0 0 0 0 0 0 0 0 0 0 0 0 29 0 0 0 28 0 0 0 0 0 0 0 0 11 0 0 16 0 0 0 62 0 57 0 0 58 0 39 41 0 0 0 0 0 43 0 
47 53 49 0 0 0 0 0 0 13 0 18 0 0 0 0 12 10 31 0 0 35 32 0 0 0 0 0 0 0 0 0 0 73 0 76 0 0 0 0 23 0 0 0 0 56 0 58 62 0 0 0 0 0 0 0 39 37 38 40 0 0 0 0 0 0 0 0 9 0 0 0 66 0 0 0 69 0 0 0 0 
29 0 0 36 33 28 0 0 34 0 0 0 0 74 0 79 0 0 0 10 11 0 0 0 16 18 0 0 0 0 0 0 0 0 0 0 0 0 0 0 0 4 7 0 0 38 0 40 0 0 0 41 0 0 0 0 0 0 0 22 24 0 23 68 0 0 0 66 0 0 0 64 0 0 0 46 51 0 0 52 0 
74 0 0 0 78 0 0 0 0 0 0 0 41 0 0 0 39 0 0 55 0 0 0 60 0 63 0 0 0 0 26 0 23 0 0 0 0 0 0 0 0 0 52 47 0 0 3 4 0 0 9 0 0 0 71 72 0 64 0 0 0 0 68 0 0 0 0 0 0 33 0 28 0 14 18 0 15 0 0 0 0 
0 0 0 0 0 0 0 0 61 0 0 27 0 20 0 0 0 0 0 37 0 0 0 0 0 45 0 0 7 0 8 0 0 0 0 4 0 0 0 0 0 0 0 0 30 0 66 0 0 64 72 0 0 69 0 0 48 0 47 0 0 0 0 0 0 0 16 0 18 0 0 0 75 0 0 0 78 0 80 0 76 
0 44 40 0 0 0 0 39 0 0 0 9 0 0 0 0 3 1 22 0 0 0 0 24 25 0 21 69 70 0 0 0 0 0 0 67 0 0 0 0 14 0 0 11 0 47 0 0 0 0 54 0 0 0 0 0 0 0 29 0 0 34 0 0 0 0 79 0 0 0 76 73 0 59 0 0 0 56 62 0 0 
0 0 0 0 0 10 0 12 16 0 0 0 0 0 0 0 0 55 0 0 0 0 0 0 0 0 75 42 43 0 0 0 41 0 38 40 0 0 0 0 0 0 0 65 0 0 0 22 0 0 27 0 25 24 0 0 0 0 2 0 0 7 0 0 47 0 0 0 0 0 0 46 0 0 0 0 0 29 0 34 31 
0 0 67 0 69 64 68 0 0 0 0 0 0 0 0 0 0 28 0 46 0 0 0 0 52 0 0 0 0 12 0 0 0 0 0 13 37 0 42 0 0 0 0 0 0 74 0 0 80 0 0 77 79 0 62 63 0 0 0 58 0 0 59 23 0 0 0 21 0 0 0 0 0 5 9 0 0 2 0 0 0 
2 0 0 9 0 1 5 0 7 49 0 0 50 0 0 0 0 46 67 64 0 0 0 0 0 0 0 0 34 30 35 36 0 28 0 0 55 0 0 62 59 0 61 56 0 11 0 0 0 10 18 0 0 0 0 0 0 73 0 0 0 0 0 0 0 44 0 0 0 42 0 37 0 0 27 0 0 0 0 0 22 
75 0 0 1 0 74 0 0 0 0 45 0 42 0 0 0 0 0 0 56 57 0 60 61 62 64 0 0 26 0 27 0 0 0 0 0 47 0 52 0 0 0 0 0 0 0 0 0 0 2 0 0 8 0 0 73 0 65 0 0 0 0 0 33 0 0 35 0 37 0 0 0 13 15 0 0 0 0 0 0 14 
0 0 0 0 0 0 0 0 0 0 0 0 0 0 0 8 0 2 23 0 0 0 24 0 26 0 0 0 0 0 72 0 0 0 0 0 11 0 0 0 0 0 0 0 0 48 0 0 0 0 0 0 53 52 36 37 0 0 0 0 0 35 0 0 0 81 80 0 0 0 77 0 58 0 64 0 0 57 0 62 0 
3 0 0 0 0 0 6 0 0 50 0 0 0 0 0 0 49 47 0 0 66 0 0 0 0 0 0 34 0 0 36 0 33 0 0 0 0 0 61 0 0 0 62 57 0 0 0 14 0 0 0 0 0 0 0 0 0 74 0 0 0 0 0 42 39 0 0 0 0 0 0 0 22 24 0 20 0 0 27 0 23 
0 0 59 0 61 0 0 0 62 0 0 0 24 21 0 0 22 0 41 38 39 0 0 0 44 46 0 0 8 4 0 0 6 0 3 5 0 0 0 0 33 0 0 0 0 66 67 0 0 0 0 69 0 70 0 0 49 47 0 0 0 53 0 0 0 0 0 13 0 0 0 11 0 0 1 0 79 0 0 0 0 
0 0 68 0 0 0 0 0 71 0 0 0 33 30 34 0 0 29 0 47 0 0 0 52 0 0 49 0 17 0 0 0 0 11 0 14 0 0 0 0 42 0 44 39 40 0 76 0 0 0 0 0 80 0 0 0 0 0 0 0 0 0 0 24 0 27 0 0 28 25 0 20 0 6 10 0 0 3 0 0 0 
0 0 0 0 0 0 0 0 26 0 0 0 0 0 70 0 0 0 0 0 0 0 0 7 0 0 0 0 0 49 0 0 0 47 0 50 74 0 0 81 0 0 80 0 0 0 0 0 0 0 37 0 35 0 0 19 0 0 0 0 16 0 0 60 57 63 62 0 0 61 0 56 40 0 0 0 43 0 45 0 41 
0 18 0 0 0 11 0 13 0 59 0 0 60 0 0 0 58 0 0 0 75 0 0 79 0 0 0 43 0 0 45 46 0 0 0 0 0 0 0 0 0 0 0 0 0 0 22 23 27 0 28 0 0 0 9 0 0 2 0 0 0 8 0 0 0 54 53 0 0 0 0 0 0 0 0 0 34 0 0 0 0 
0 0 0 0 0 0 0 0 35 77 0 0 78 75 79 80 0 0 14 0 0 0 0 0 17 0 0 0 62 0 63 0 0 0 0 59 0 0 0 9 0 0 0 0 0 39 0 0 0 0 46 0 0 0 27 0 22 0 0 0 0 0 0 0 0 72 0 0 0 0 0 0 49 51 55 47 0 0 0 0 0 
48 54 0 0 52 0 0 49 0 0 18 0 0 12 0 0 0 0 32 29 30 36 0 34 35 0 0 0 0 76 0 0 0 74 0 0 0 0 0 0 0 0 0 0 0 0 0 0 63 56 0 0 0 0 45 46 0 0 39 0 43 44 0 0 3 0 8 0 0 7 0 0 0 0 0 65 0 0 0 0 0 
0 61 0 62 0 0 0 0 0 21 0 0 0 0 0 0 0 0 39 36 0 0 0 0 0 0 0 0 6 0 0 8 0 0 0 0 0 0 0 0 0 30 33 28 29 0 0 66 0 0 71 67 0 68 0 53 0 45 46 0 50 0 49 0 0 16 0 11 17 14 0 9 74 76 0 72 77 0 0 78 0 
46 0 0 53 0 0 49 0 0 0 16 17 0 0 0 0 0 0 0 27 0 0 0 0 33 0 0 0 0 74 0 80 76 72 0 0 0 0 0 0 22 0 24 0 0 55 56 0 61 0 0 58 60 0 0 44 38 36 0 0 0 42 0 4 0 0 0 0 0 0 0 81 65 67 0 0 0 64 70 69 0 
0 34 0 0 0 0 31 0 0 75 0 0 76 0 77 0 74 72 12 0 10 0 0 0 15 0 0 0 0 0 0 0 58 0 55 0 0 0 5 0 0 0 0 1 0 0 0 39 43 0 0 40 0 41 0 26 0 0 19 21 23 24 0 67 0 0 69 0 71 0 0 63 47 0 0 0 0 0 0 0 0 
10 0 12 17 14 0 0 11 0 0 61 0 0 0 0 60 0 54 0 0 73 0 76 77 78 0 0 0 0 38 0 0 0 0 0 39 63 0 0 70 0 66 0 64 0 0 20 0 25 18 0 22 0 23 0 8 0 0 0 0 0 6 4 0 0 0 0 0 0 0 0 0 29 0 0 27 0 0 34 33 30 
37 0 0 0 0 0 0 0 0 3 7 0 0 0 5 0 0 0 0 0 0 0 0 23 0 0 0 68 0 0 70 0 0 0 0 0 9 0 14 0 13 12 0 10 0 46 0 0 0 0 0 0 0 50 34 35 29 0 0 0 0 0 31 0 73 0 0 0 0 0 75 0 0 0 0 0 0 0 0 60 0 
0 79 0 0 0 72 76 0 0 0 0 44 0 0 41 0 0 0 0 0 0 0 0 0 60 62 0 0 24 0 0 0 22 0 0 0 0 53 50 52 49 0 0 0 0 0 0 0 7 0 0 0 6 0 70 0 65 63 0 0 0 0 0 31 0 0 0 29 35 32 0 27 0 0 17 0 0 0 0 15 0 
0 0 66 0 68 0 0 0 0 30 34 35 0 0 0 0 0 27 0 45 0 52 0 0 0 0 0 14 15 0 0 0 0 0 0 0 36 0 0 0 0 0 0 37 0 0 0 0 0 72 80 0 0 77 61 0 0 54 55 0 0 60 0 0 0 0 0 20 26 0 0 0 2 0 8 0 5 0 0 0 3 
19 0 0 0 0 0 0 0 0 66 70 0 67 64 68 69 0 0 0 81 0 0 0 0 0 0 0 50 0 0 52 53 0 0 46 0 0 0 0 0 0 0 0 0 0 28 0 0 0 0 0 0 0 32 16 0 11 9 0 0 14 0 13 58 55 0 0 0 0 0 0 0 0 0 0 0 0 0 0 42 0 
1 0 3 8 0 0 0 0 6 0 0 0 49 0 50 0 47 0 0 63 0 70 0 68 0 0 0 32 0 0 0 0 0 0 28 0 54 0 0 61 0 0 60 0 0 10 0 0 0 0 0 0 0 0 0 0 0 72 0 0 77 78 76 0 0 43 0 0 0 0 0 0 20 22 0 0 0 19 0 24 0 
0 0 0 0 2 78 0 80 0 0 0 0 0 0 47 0 0 0 0 0 0 67 0 65 0 68 0 29 0 26 31 32 28 0 25 0 51 0 0 58 0 0 57 0 0 7 0 0 0 0 14 0 12 0 0 77 0 0 70 0 74 0 0 0 34 0 0 35 0 0 36 33 0 19 23 15 20 0 0 0 18 
0 40 0 0 0 0 0 0 39 0 0 0 0 0 0 0 0 78 0 0 0 0 0 0 0 23 0 0 0 0 0 68 64 0 0 0 6 0 0 0 0 9 0 7 0 43 44 45 0 42 50 0 48 0 31 32 0 24 0 0 29 0 28 0 70 0 75 0 0 0 0 69 53 0 59 51 0 0 58 0 0 
70 0 0 0 0 0 0 0 0 0 40 0 0 0 0 0 0 0 0 0 52 0 0 0 57 59 0 0 0 0 0 0 0 15 0 0 42 0 0 0 0 45 0 0 0 0 0 0 0 0 0 0 3 2 0 68 0 0 0 0 65 0 64 0 0 0 0 0 0 0 0 0 8 0 0 0 0 0 0 12 0 
0 0 0 0 47 42 46 44 0 0 13 0 10 0 0 12 0 0 0 24 0 0 0 29 0 0 0 74 0 0 0 0 73 69 0 0 15 23 0 0 0 18 0 16 17 0 0 0 0 0 0 0 0 0 0 0 35 33 34 0 0 39 0 0 79 4 0 80 0 0 0 0 62 0 0 0 65 0 0 0 0 
25 31 27 0 0 24 0 26 30 0 0 77 0 0 0 0 71 0 0 0 0 0 0 0 0 14 0 0 0 0 58 0 55 0 0 54 0 5 0 4 0 0 0 0 0 34 0 0 0 33 0 0 39 38 0 0 17 15 0 0 0 21 0 0 61 67 0 62 0 0 0 0 0 0 50 0 47 0 49 0 45 
0 0 0 0 56 0 0 0 0 0 0 23 0 0 20 0 0 0 0 33 0 40 37 0 0 0 35 2 0 0 0 5 1 0 79 81 24 0 29 0 28 0 30 0 26 0 0 0 0 0 68 64 66 0 0 50 0 42 43 0 0 0 0 0 0 0 0 0 0 11 9 0 0 73 0 0 0 0 0 0 0 
0 0 9 0 0 0 0 0 0 0 0 59 55 0 56 0 53 0 0 0 0 76 73 74 0 0 0 0 0 35 0 0 0 0 0 36 0 68 0 0 0 0 0 61 0 16 0 0 0 0 0 0 0 0 0 5 0 78 79 0 0 3 1 0 0 0 0 44 50 0 0 0 0 0 0 0 0 0 31 0 0 
0 0 0 0 0 60 0 0 66 27 31 32 28 0 0 0 0 0 0 0 43 0 0 47 0 50 0 0 12 0 13 0 10 0 0 0 0 41 38 0 37 0 39 0 0 0 0 0 0 0 0 0 0 0 0 59 0 51 0 0 0 0 0 19 0 0 21 0 0 20 0 0 0 0 5 0 0 0 0 0 0 
0 0 0 23 0 0 0 17 0 0 0 0 64 61 65 0 62 0 0 0 0 0 0 2 3 0 80 0 0 44 49 0 0 42 43 0 0 0 0 76 0 0 0 70 0 0 0 0 31 0 0 0 0 0 0 0 0 0 7 0 0 0 0 0 0 0 57 0 0 0 0 0 0 0 0 0 0 0 0 39 0 
