9
0 0 0 0 74 0 0 72 0 0 0 0 67 0 65 0 0 0 0 0 0 7 8 0 0 0 0 0 0 0 0 0 0 0 0 35 5 81 0 4 0 0 0 0 0 0 0 0 0 0 58 0 0 0 23 0 0 22 0 0 0 0 0 0 30 0 0 0 24 0 0 0 48 47 44 43 0 0 45 0 0 
0 0 40 0 0 0 0 36 0 0 0 0 0 26 29 0 0 0 0 59 51 0 0 0 0 0 0 0 0 0 0 0 0 5 78 0 0 45 44 49 0 0 0 46 0 0 0 15 0 23 22 0 0 0 0 60 0 0 0 0 0 0 62 0 75 0 72 77 69 0 0 0 0 0 0 0 0 0 0 10 0 
0 0 0 0 29 0 0 0 0 0 19 0 0 17 20 0 0 18 0 0 0 0 0 0 0 0 49 0 0 0 0 76 74 77 0 71 41 0 0 0 0 0 39 37 33 7 0 0 8 14 0 0 0 9 59 0 52 0 57 55 56 0 53 62 0 0 0 68 0 64 67 61 3 0 80 0 78 4 0 0 5 
19 0 0 0 0 21 16 18 0 0 10 0 0 8 0 0 12 0 0 0 0 0 0 0 0 0 0 0 0 64 0 0 0 0 60 0 32 27 0 31 25 0 0 0 24 0 0 78 0 0 4 3 0 81 0 0 0 0 48 46 47 45 44 53 0 56 0 0 0 0 0 52 75 0 71 70 0 0 0 73 0 
0 0 13 6 0 0 0 0 0 0 0 0 0 80 2 0 0 0 27 0 0 0 26 0 28 0 0 0 0 0 0 58 0 0 51 53 23 18 17 0 16 20 0 0 0 0 0 0 0 0 0 0 73 72 0 0 0 0 0 0 0 0 0 0 0 47 45 0 0 46 0 0 66 65 0 0 0 0 0 0 0 
1 5 4 0 0 3 0 0 80 69 0 70 0 0 74 0 0 0 18 23 0 0 0 0 0 0 0 45 0 0 0 0 47 0 0 0 0 0 0 0 0 11 0 0 0 61 65 60 62 0 0 0 64 63 0 0 0 31 30 28 29 27 26 0 0 0 36 0 33 0 0 0 57 0 0 52 51 0 0 0 59 
46 0 0 0 0 0 0 0 44 0 0 0 40 0 0 41 0 0 63 0 60 0 0 66 0 0 67 0 0 0 0 0 0 14 6 0 0 0 0 58 0 0 0 55 0 25 29 0 0 32 0 30 0 27 0 0 0 76 0 0 0 0 0 0 0 0 0 0 0 0 0 79 21 0 0 0 0 0 0 0 23 
55 0 0 51 0 0 0 0 0 0 46 43 0 0 0 0 0 0 0 0 0 0 0 0 73 74 0 18 0 0 0 0 0 0 0 17 0 63 62 0 61 0 0 0 0 34 38 0 0 0 0 0 37 0 0 0 0 0 0 1 2 81 0 0 0 0 0 14 0 0 0 7 0 29 0 25 24 31 0 28 0 
0 0 0 0 65 0 0 0 0 0 0 0 0 53 0 0 57 0 0 0 0 79 80 0 0 2 0 0 0 0 0 0 29 32 24 0 0 0 0 76 0 74 0 73 69 0 47 0 0 0 0 48 46 0 14 0 0 13 0 0 0 9 0 17 0 0 18 23 0 19 0 0 0 0 35 0 0 40 36 0 41 
0 47 0 39 0 45 40 0 0 0 0 0 0 0 35 38 0 0 0 0 57 0 0 0 0 0 0 0 0 7 0 0 0 11 3 0 0 0 0 0 0 0 54 0 0 0 0 0 0 0 0 0 0 0 74 66 0 0 72 70 0 69 0 0 0 0 0 0 0 0 0 0 18 0 14 0 0 19 0 0 20 
70 0 0 0 0 72 67 0 0 0 0 0 0 0 0 0 0 0 6 0 0 0 0 0 0 0 0 0 0 34 31 0 0 0 30 0 0 0 0 1 0 0 81 0 0 0 53 48 0 0 55 0 52 0 0 12 0 0 18 0 0 0 14 0 0 0 0 29 0 25 28 22 0 0 0 0 0 0 0 0 0 
16 20 0 0 0 18 0 0 0 0 0 0 0 0 0 11 9 6 0 38 0 31 0 0 34 0 0 0 63 0 0 64 0 0 57 0 0 0 0 28 0 0 0 0 21 0 80 0 0 2 0 0 0 0 0 0 0 0 0 43 44 42 0 0 54 0 0 56 0 0 0 0 0 0 68 0 0 73 69 0 74 
0 0 0 0 0 0 0 0 5 0 0 0 0 77 80 2 0 0 0 0 0 0 0 0 0 0 0 0 54 0 0 0 0 0 0 0 0 0 0 0 0 0 0 0 0 0 71 66 0 74 0 0 0 0 0 30 31 37 36 34 0 33 0 41 0 44 42 47 0 43 0 0 0 0 0 0 0 0 0 0 65 
25 29 0 0 26 27 22 0 0 12 16 0 0 14 17 20 18 0 42 47 39 0 41 0 0 0 46 0 0 0 0 0 0 0 0 0 38 33 32 0 31 0 0 0 0 4 0 3 0 0 0 9 0 0 56 48 49 0 0 0 53 0 50 0 0 0 0 65 57 61 0 0 0 0 0 76 0 1 0 0 0 
0 65 0 0 62 0 0 0 0 0 0 0 0 50 0 0 0 0 0 0 0 76 0 81 0 0 0 0 0 25 0 0 26 29 0 0 0 0 68 73 0 71 0 0 0 40 0 0 0 47 0 0 0 0 0 3 0 0 0 0 0 0 0 14 18 0 0 20 0 0 0 13 36 0 0 31 30 37 0 0 0 
0 0 55 0 53 0 0 0 0 0 43 0 0 0 44 0 0 42 0 0 66 0 0 0 0 0 73 0 18 0 0 19 0 0 0 0 0 0 0 64 0 0 0 0 0 0 0 30 0 38 0 0 34 0 2 0 0 0 0 79 0 78 0 0 0 0 0 0 3 0 0 4 0 0 23 0 21 0 24 0 0 
34 0 37 0 0 36 0 0 32 21 0 0 0 0 0 0 27 24 0 0 0 0 50 0 0 53 0 78 0 0 0 0 0 2 0 0 47 0 41 46 40 44 45 0 0 0 17 12 0 0 0 0 0 0 0 57 58 0 0 0 0 0 0 68 0 71 69 0 0 70 73 67 9 8 0 0 0 10 6 7 0 
0 2 0 75 0 0 0 0 0 0 70 0 0 0 0 0 0 69 15 20 0 0 14 0 0 0 19 42 45 0 40 46 0 47 39 0 11 0 0 0 0 0 0 0 0 0 0 0 0 0 64 0 0 60 29 0 0 0 0 25 0 0 23 0 0 0 0 0 30 34 0 0 0 53 0 0 0 0 51 0 56 
12 16 15 8 0 0 9 0 10 0 0 81 0 0 4 7 5 2 29 0 26 0 28 0 0 31 33 0 0 0 0 60 0 0 0 0 25 0 0 0 0 0 0 0 17 0 0 0 0 0 78 77 0 0 43 0 0 0 41 0 0 0 0 0 50 0 0 0 0 48 0 0 0 0 0 0 62 0 0 66 70 
0 0 0 0 40 0 0 0 0 26 0 0 33 0 0 0 32 0 56 61 53 54 55 0 57 0 0 0 0 0 0 0 0 7 0 0 0 0 0 0 0 0 0 48 0 0 0 0 0 0 0 0 21 0 0 0 0 0 0 66 0 0 64 0 0 0 74 0 71 75 0 0 0 0 0 9 0 0 0 12 16 
30 0 0 0 0 0 0 0 0 0 21 18 0 0 0 25 0 0 0 0 0 0 46 50 0 0 0 74 0 75 0 0 0 0 71 0 0 0 0 42 0 0 0 0 0 0 0 8 0 0 15 0 0 11 0 0 0 60 0 0 58 0 0 0 0 67 0 70 0 0 69 0 5 0 1 81 0 6 2 0 0 
0 0 0 44 0 0 0 47 0 35 39 0 0 37 40 0 41 38 0 0 62 63 0 0 0 67 69 0 0 0 0 0 0 0 0 0 0 56 55 0 0 0 59 0 0 27 31 0 0 0 33 0 0 0 0 0 0 78 77 0 76 74 0 0 5 0 0 7 0 3 0 81 0 22 0 18 0 0 0 0 0 
57 0 0 0 0 0 54 0 0 44 48 45 0 46 0 52 0 0 0 0 0 0 0 0 0 76 0 0 0 0 0 24 0 0 0 0 0 0 64 69 63 0 68 0 0 0 0 0 0 0 0 0 0 0 7 80 0 0 5 0 0 0 1 0 0 13 11 0 8 0 0 0 32 0 28 27 0 0 29 0 0 
0 70 0 0 67 0 0 0 0 0 0 0 60 55 58 0 0 0 0 7 0 0 0 5 0 0 0 0 32 0 0 0 0 0 0 0 0 74 0 78 0 0 0 0 71 0 0 44 46 52 0 50 48 47 16 0 0 15 14 0 13 0 0 19 0 0 0 0 0 21 0 18 0 0 0 0 35 42 0 0 0 
0 0 6 80 0 0 0 0 0 0 0 72 0 0 0 0 0 74 0 0 0 18 0 23 0 0 0 0 0 48 45 0 0 52 0 0 16 0 0 0 9 0 0 0 0 0 0 0 0 0 69 0 0 0 0 0 0 0 32 0 0 0 0 0 41 0 0 0 35 0 0 0 0 0 55 54 53 0 56 0 0 
0 0 78 0 0 0 0 0 0 62 0 0 69 64 0 70 0 0 0 0 0 9 0 0 0 0 0 0 0 0 0 0 0 0 35 0 7 0 0 0 0 0 0 0 80 0 0 0 0 61 0 0 0 0 25 0 0 24 0 21 0 0 19 0 32 31 0 0 0 0 0 0 0 0 46 0 0 51 47 0 0 
0 0 0 0 0 0 18 0 19 0 12 9 0 0 0 16 0 0 38 0 35 36 0 0 0 0 0 0 0 0 0 0 0 0 0 0 34 0 28 33 0 0 0 0 0 0 0 80 0 0 6 0 0 2 52 0 0 0 0 0 49 47 0 0 0 0 0 0 0 57 0 0 77 0 0 72 71 78 0 0 79 
45 0 0 0 0 0 0 0 0 32 0 0 0 0 0 40 0 0 0 0 59 60 0 0 0 64 66 0 0 0 0 0 0 13 5 0 58 53 52 0 0 55 0 0 0 0 0 23 0 0 30 0 27 0 76 0 0 0 0 0 0 0 0 79 0 0 0 4 0 0 0 0 0 0 0 0 0 21 0 18 0 
0 13 12 0 0 11 0 8 0 0 81 0 0 0 0 4 0 0 26 31 0 24 25 0 27 0 30 0 0 0 0 0 0 0 0 0 0 17 0 21 0 19 20 18 0 0 73 0 0 76 0 0 0 71 40 0 0 39 0 36 0 0 0 0 0 46 0 0 0 0 48 0 65 64 61 60 0 0 62 0 0 
0 0 0 0 37 0 0 35 0 23 0 24 0 0 28 31 0 0 0 0 0 0 0 56 0 0 0 0 2 81 0 0 0 0 0 0 0 0 0 48 0 0 0 0 0 0 19 0 0 0 0 0 0 0 0 0 0 66 0 63 0 0 0 0 0 0 0 0 0 72 75 0 11 0 0 0 0 0 0 9 0 
0 0 0 14 0 0 0 0 0 0 9 0 12 0 0 0 0 8 0 0 0 33 0 38 0 0 39 0 0 63 0 0 0 0 0 0 31 26 0 0 0 0 0 0 0 78 0 77 0 0 0 2 81 80 0 41 42 0 0 0 46 0 43 52 0 55 0 0 0 0 0 51 0 0 70 0 0 0 0 72 76 
54 0 57 50 0 0 0 0 0 0 0 42 48 0 0 0 47 0 71 0 68 0 0 0 0 0 75 0 0 0 0 0 19 22 0 16 0 62 0 0 0 0 0 0 59 0 37 0 0 0 39 0 0 0 0 0 0 0 0 0 1 0 0 0 0 0 0 13 0 0 0 0 0 0 25 0 0 0 0 27 0 
0 0 75 0 73 0 69 71 70 59 0 0 0 0 0 0 0 0 0 0 5 6 0 0 9 0 0 0 0 0 0 39 0 40 32 34 0 0 79 0 78 1 2 0 0 0 0 50 52 0 57 0 54 0 22 0 0 0 0 0 0 0 0 0 0 0 0 0 23 27 0 0 47 0 0 0 41 0 0 0 0 
0 0 0 0 1 2 0 0 0 0 72 0 0 0 0 0 0 0 0 0 0 15 0 0 0 19 0 0 0 45 0 0 46 49 41 0 0 0 0 0 6 0 11 0 5 60 64 0 0 0 0 0 0 0 0 0 0 0 29 27 0 0 25 34 0 37 35 0 0 0 39 0 0 0 0 0 50 57 0 0 58 
27 0 0 0 0 29 0 26 25 0 0 0 0 0 0 0 0 17 0 0 41 0 43 47 0 0 0 0 74 72 0 75 0 76 68 0 0 0 0 39 0 37 0 0 0 6 0 0 0 13 12 0 0 0 0 0 0 57 56 0 0 0 52 0 0 64 0 0 0 0 0 0 0 0 0 0 0 0 0 0 4 
63 0 0 0 64 0 0 0 0 0 0 51 0 0 0 58 56 53 0 0 77 0 79 0 0 0 3 0 29 0 0 0 0 31 0 0 76 0 0 0 0 0 0 0 0 42 46 0 0 0 0 0 45 0 0 0 6 0 0 0 10 0 0 0 0 0 0 0 0 18 0 0 0 37 34 0 32 0 0 36 0 
60 0 63 0 61 0 0 0 58 47 51 48 54 49 52 0 0 0 0 1 0 0 0 80 78 79 0 23 26 24 0 0 25 0 20 0 0 0 0 72 66 0 0 0 0 0 43 38 0 0 0 0 0 0 0 0 0 0 0 6 0 0 0 13 0 16 0 0 0 0 0 0 0 0 31 0 0 0 32 0 0 
69 0 0 0 0 71 0 0 0 0 60 57 0 0 0 0 0 59 5 0 0 3 0 0 0 0 0 32 35 33 30 0 0 37 0 0 0 0 0 0 0 0 0 0 0 48 0 47 49 55 54 0 0 50 0 0 12 18 0 15 0 0 0 0 0 0 0 0 20 0 0 0 0 43 0 0 0 0 0 0 0 
0 0 54 0 0 0 0 0 0 38 0 39 45 0 0 0 0 41 68 0 0 0 0 0 69 70 72 0 0 15 0 0 16 0 11 13 0 0 0 0 57 0 62 0 0 30 0 0 0 37 36 0 0 0 0 74 0 0 0 0 0 0 0 0 8 7 0 0 0 0 9 3 0 25 0 0 20 27 23 0 0 
0 0 36 29 0 0 30 0 0 20 0 0 0 0 0 28 0 0 0 55 0 0 0 0 51 0 0 0 0 0 75 0 0 0 0 76 46 0 40 0 0 0 44 42 0 12 0 0 0 19 18 0 0 0 64 0 0 0 0 0 0 0 0 67 0 70 0 73 0 69 0 0 0 0 0 0 0 0 5 6 10 
24 0 0 0 0 26 0 0 22 0 0 0 18 0 16 0 0 14 0 46 0 0 40 0 0 43 45 0 0 0 0 0 70 73 0 0 0 0 31 0 30 34 0 33 0 0 0 0 0 0 0 0 6 0 0 47 48 0 0 51 0 0 0 0 0 0 0 0 0 0 0 0 80 79 76 75 0 81 0 0 0 
0 0 0 38 0 0 0 0 0 0 0 0 36 31 0 37 0 0 59 0 0 0 0 0 0 0 0 5 0 0 0 0 0 0 2 0 0 50 0 0 0 0 0 0 47 21 0 20 0 0 27 0 0 0 0 0 0 72 0 69 0 68 67 0 0 0 0 0 0 78 0 0 0 0 0 0 0 0 0 0 0 
0 0 9 0 7 0 3 0 0 0 78 0 0 0 79 0 80 0 23 0 0 21 0 26 24 0 0 0 53 0 0 54 52 0 0 49 0 0 13 0 0 16 0 0 0 0 0 0 0 0 0 0 0 68 0 0 0 36 0 0 0 0 0 0 0 0 0 0 0 0 45 0 0 0 0 0 0 0 0 0 64 
78 1 0 0 0 0 0 77 0 65 0 0 0 67 70 0 71 0 14 0 0 0 0 17 0 16 0 0 0 0 0 0 0 46 0 0 10 5 0 9 0 0 0 6 0 0 0 0 58 0 0 0 0 0 0 0 21 0 26 0 25 0 0 0 0 0 0 37 0 0 0 0 0 52 0 48 0 0 0 0 55 
15 19 18 0 0 0 12 0 13 0 0 0 0 0 0 0 0 0 0 0 0 0 31 0 33 34 0 0 0 60 0 63 0 0 0 58 28 0 0 0 21 25 0 0 0 0 0 0 0 0 81 80 0 0 46 0 0 0 0 0 0 0 0 49 53 52 0 55 47 0 54 0 71 70 0 66 0 0 0 0 0 
0 0 0 0 0 0 37 0 0 0 0 0 34 0 0 0 33 0 57 62 0 0 0 60 0 0 0 0 0 0 1 0 0 0 0 0 0 48 0 52 0 50 0 0 0 0 0 0 20 26 25 24 0 0 71 63 0 0 0 67 68 0 0 74 78 77 0 0 72 76 79 0 0 0 0 0 9 0 12 0 0 
0 17 16 9 0 15 0 0 0 0 4 0 7 2 0 0 6 0 0 35 0 28 0 33 0 32 0 0 0 0 55 0 59 62 0 56 0 0 20 0 0 0 24 0 0 0 0 72 0 0 0 0 76 0 0 0 0 0 0 0 0 0 38 0 0 0 0 53 45 49 0 0 0 0 0 0 0 70 0 67 71 
0 0 0 0 68 0 64 0 0 0 0 0 61 0 59 0 60 57 0 0 0 0 2 0 0 5 0 30 33 31 28 0 0 0 27 29 80 0 0 0 0 0 0 0 0 0 0 0 0 0 52 0 0 48 0 0 0 0 0 13 14 0 0 20 0 0 21 0 0 0 0 0 42 0 0 0 0 43 0 0 0 
0 0 79 72 0 78 0 0 0 0 0 64 0 65 68 0 69 66 0 17 9 0 11 15 0 0 0 0 0 0 0 43 0 0 0 38 0 3 0 0 0 5 0 0 81 0 0 0 0 0 0 60 58 0 0 0 19 0 0 22 0 0 0 0 33 0 0 35 0 31 0 28 51 0 47 0 0 0 0 0 0 
0 62 0 0 59 0 0 57 0 0 0 0 0 0 50 53 0 0 75 0 0 0 74 0 0 0 79 21 0 22 0 25 0 26 0 0 0 0 0 70 0 0 69 0 0 0 0 0 0 0 43 42 0 0 8 81 0 0 6 0 0 0 0 0 0 0 0 0 9 0 0 10 0 0 0 0 0 0 0 31 0 
0 0 0 81 5 0 1 3 0 0 0 0 79 0 0 0 0 0 21 26 18 0 0 0 0 0 0 0 0 0 46 0 0 0 0 0 17 0 11 0 0 0 0 13 0 0 68 63 0 0 70 69 0 66 0 0 0 0 0 0 0 0 29 38 42 0 0 44 0 0 0 0 0 0 0 0 54 0 0 0 62 
0 53 0 0 0 0 46 0 0 36 40 0 0 0 0 0 0 0 0 71 0 0 0 0 0 68 0 0 0 13 0 0 0 0 0 0 0 0 0 0 55 0 0 0 0 0 32 0 0 0 0 0 31 0 80 72 73 0 78 76 0 0 74 2 0 0 0 0 0 4 0 0 0 23 0 0 0 25 0 22 0 
22 0 0 18 23 24 0 21 20 0 0 0 0 11 14 0 0 0 0 0 0 0 0 0 40 0 43 0 0 0 0 0 0 0 0 65 0 0 0 0 0 0 0 0 0 0 0 0 2 8 0 0 0 0 0 0 0 0 0 0 50 0 47 56 0 0 0 0 54 0 0 55 0 0 74 0 0 79 75 0 0 
0 35 34 0 0 0 0 30 29 0 22 0 25 0 0 0 24 21 48 0 0 0 0 0 49 50 0 75 0 0 0 79 0 0 0 0 44 39 0 0 0 0 0 0 0 0 14 9 11 17 16 0 0 12 0 0 55 61 0 0 59 0 0 65 0 68 0 0 63 0 0 0 0 0 2 0 81 0 0 0 0 
74 0 77 0 75 0 0 0 0 0 0 0 68 0 0 0 0 64 0 0 0 0 0 13 0 12 0 0 40 38 35 0 0 0 0 0 0 1 0 0 80 0 4 0 79 53 57 0 0 0 0 0 56 55 0 16 17 0 0 0 0 0 0 27 0 30 28 33 25 0 0 0 49 48 0 0 0 0 0 0 0 
0 0 0 0 0 0 53 0 0 0 0 44 50 45 48 51 0 0 0 0 0 71 0 0 74 0 0 19 22 0 17 0 21 0 0 0 0 64 63 0 62 0 0 0 61 0 0 0 0 0 0 0 0 0 0 0 0 0 0 0 0 0 0 9 0 12 0 0 0 0 0 0 0 30 27 0 25 0 28 0 33 
0 0 0 7 0 0 0 0 0 0 2 80 0 81 0 6 0 0 0 0 0 0 0 0 0 0 32 0 0 0 0 59 0 0 0 0 0 0 18 0 0 21 0 0 16 0 75 70 0 78 77 0 0 0 0 0 0 0 0 38 0 37 36 0 0 0 0 51 0 0 0 44 0 0 0 62 61 0 0 0 69 
0 0 0 34 0 0 0 0 36 0 29 0 0 0 0 0 0 28 0 0 0 0 0 0 56 57 0 0 0 2 80 5 0 0 79 81 0 46 0 0 0 0 0 0 0 0 0 0 0 0 0 22 0 0 69 0 0 0 67 0 66 64 0 0 76 0 73 0 0 0 0 0 0 0 0 0 7 0 0 0 0 
0 0 0 0 3 4 80 0 0 0 0 0 77 72 0 0 0 0 0 0 0 0 0 0 20 21 0 0 49 0 0 50 0 0 43 0 15 10 0 0 0 0 0 0 7 0 0 0 0 0 0 0 0 0 0 0 26 0 0 0 0 0 27 36 0 39 0 0 34 0 0 0 0 0 0 0 0 59 0 56 60 
0 51 50 0 0 49 0 0 0 0 0 35 0 36 0 42 40 0 64 0 0 0 63 67 0 0 68 0 0 0 8 0 12 0 0 0 60 0 54 0 0 0 58 56 0 26 0 0 0 0 32 0 0 0 0 0 0 77 0 0 0 0 72 0 0 0 1 0 0 2 0 80 0 0 0 17 0 23 19 20 0 
0 0 0 0 0 31 26 28 0 0 0 0 23 0 21 24 22 0 0 0 0 0 0 49 0 48 0 0 0 0 71 0 0 0 70 72 42 0 0 0 0 0 0 0 34 8 12 0 0 15 0 13 0 10 0 0 0 0 0 56 57 0 0 63 0 0 64 0 0 0 0 0 0 3 0 0 0 5 0 0 6 
65 69 0 0 0 0 62 0 0 0 0 0 0 0 57 0 58 0 1 6 0 0 0 4 0 0 0 28 0 0 26 0 0 0 0 27 0 73 0 0 71 75 76 0 0 0 0 0 0 51 50 0 0 0 15 0 0 0 0 0 12 0 0 0 22 0 19 24 0 0 0 0 0 39 0 0 0 41 37 38 42 
0 0 0 0 0 0 0 0 0 0 11 0 0 9 12 0 0 0 0 0 34 0 0 40 0 0 0 0 0 0 0 0 0 69 0 0 0 0 0 32 26 0 0 0 25 80 0 79 0 6 0 4 0 1 0 0 44 0 0 0 0 0 45 0 0 0 0 60 0 0 0 0 0 75 72 0 0 0 0 0 0 
0 0 56 0 0 0 0 52 0 40 44 0 0 0 45 0 0 43 0 75 0 0 0 73 0 0 74 0 19 0 0 0 0 21 13 15 0 0 0 65 0 0 0 62 58 0 36 0 33 0 38 0 0 0 0 0 77 0 0 0 81 79 78 6 0 9 0 0 0 0 0 0 0 0 24 0 0 0 0 0 30 
0 0 0 0 0 73 68 70 0 0 0 59 0 60 0 0 0 0 0 0 0 5 0 0 8 0 0 0 37 35 32 0 0 0 0 0 0 79 0 2 77 0 0 0 0 50 0 49 51 0 0 0 0 0 0 0 0 0 0 0 0 0 0 0 28 0 0 30 22 0 0 23 0 0 0 0 40 0 0 0 0 
0 66 65 58 0 64 0 61 60 0 53 50 56 0 0 0 0 52 0 0 0 77 78 0 80 0 0 0 0 26 0 0 27 30 22 0 75 0 0 74 68 72 73 0 0 41 0 40 42 0 0 46 0 43 0 0 0 0 0 0 0 0 0 0 0 0 16 0 0 17 0 0 37 0 0 0 0 38 34 35 0 
0 0 11 4 0 0 0 0 6 0 80 77 2 0 81 3 0 0 25 0 0 23 0 28 26 27 0 52 0 53 0 56 0 57 0 51 0 16 0 0 0 0 0 0 13 0 72 67 69 75 0 0 0 0 39 0 32 0 37 0 36 34 33 0 46 0 0 48 0 0 47 0 0 0 0 0 58 0 0 62 0 
0 30 0 0 0 28 0 25 24 13 17 0 0 0 18 21 0 0 0 48 40 0 0 0 0 0 0 0 0 71 0 0 0 0 0 0 39 0 0 0 0 0 0 0 31 0 0 0 0 0 11 10 8 7 0 49 50 56 0 0 54 0 0 0 64 0 61 66 0 0 0 59 0 81 0 0 76 2 0 80 0 
35 39 0 0 0 0 32 34 33 22 0 0 0 24 0 0 28 25 0 0 0 0 0 0 0 0 0 79 0 0 0 2 0 0 0 78 48 43 0 0 41 45 0 0 40 0 18 13 0 0 20 0 0 0 0 0 0 0 64 0 0 61 60 0 0 0 0 0 0 0 0 0 10 0 0 0 4 0 0 0 0 
0 0 0 0 18 19 0 0 0 0 0 5 11 0 0 12 0 0 0 39 0 0 33 0 35 36 0 0 0 0 0 65 63 66 0 60 0 0 24 0 0 0 0 26 0 77 81 76 0 0 2 0 0 0 48 40 0 0 0 0 45 0 0 51 0 54 52 0 0 53 0 0 73 0 0 0 0 74 0 0 0 
0 3 0 0 0 0 77 79 0 0 0 0 0 69 0 0 0 0 0 0 13 14 0 19 0 0 0 43 0 0 41 0 45 0 0 42 0 0 0 0 5 0 10 8 0 59 63 58 60 0 0 0 62 0 0 0 0 0 0 0 27 0 0 0 37 0 34 0 31 0 0 32 55 54 0 0 0 0 0 0 0 
0 0 0 0 0 46 0 43 42 0 35 0 0 0 0 0 0 0 61 0 58 59 60 0 0 0 0 0 0 0 0 0 9 0 4 0 0 52 51 0 50 0 0 53 0 0 0 0 0 0 0 0 0 0 75 0 0 0 73 0 72 0 0 0 0 0 0 3 0 0 2 0 0 0 0 0 0 0 0 17 21 
0 0 0 28 0 0 0 0 0 0 0 0 26 0 0 0 25 22 0 0 0 47 0 52 0 51 0 76 0 77 0 0 0 81 0 0 45 0 0 0 0 0 43 0 0 11 15 0 12 18 0 0 0 0 0 55 56 0 0 0 0 58 57 66 0 69 0 0 0 0 71 0 0 0 0 2 0 0 4 0 0 
59 0 62 55 0 61 0 0 0 0 0 47 53 0 51 54 0 0 76 81 0 0 75 79 77 0 0 0 0 0 0 26 0 0 19 0 0 0 66 71 0 0 0 0 0 0 42 0 0 0 0 0 41 40 0 0 0 0 0 5 0 4 0 0 0 0 0 0 10 14 0 11 0 0 30 0 0 0 31 32 36 
0 0 0 0 0 16 11 13 0 1 0 2 0 0 0 0 0 4 0 36 0 0 0 34 0 0 0 58 0 0 0 0 0 0 0 57 0 0 21 0 20 0 25 0 0 0 0 73 0 0 80 0 0 0 0 37 0 0 0 0 0 0 0 48 0 51 49 0 0 0 0 0 0 0 0 0 0 0 0 0 0 
0 0 0 0 0 7 0 0 3 73 0 74 80 75 78 0 79 0 0 0 0 20 0 0 0 0 26 0 0 0 47 0 0 0 46 0 18 0 0 0 0 0 0 14 10 0 0 0 0 0 71 0 0 67 0 28 0 0 0 32 0 0 30 0 0 42 0 0 0 0 0 0 0 0 0 0 0 0 0 59 0 
0 45 0 0 42 0 38 40 0 0 0 0 0 0 33 0 34 0 0 0 0 56 0 0 59 0 62 4 0 0 0 0 6 9 1 0 0 0 0 0 47 0 0 0 0 0 0 0 0 0 0 0 23 0 0 0 0 71 0 68 0 0 0 75 0 78 0 0 73 0 0 74 16 15 0 0 0 0 0 0 0 
0 0 26 0 0 0 20 22 0 0 14 0 0 0 15 0 0 0 0 0 37 0 0 0 41 0 0 0 70 0 0 0 69 0 0 66 0 0 30 0 0 33 0 32 0 2 0 1 3 0 8 0 0 0 0 0 0 0 0 0 0 49 48 0 61 0 58 0 55 59 62 0 0 0 0 74 0 80 0 77 0 
77 0 80 73 0 79 0 0 0 64 0 0 0 66 69 0 70 0 0 18 10 0 0 0 0 15 0 0 43 41 0 44 0 0 0 0 0 4 0 0 0 6 0 0 1 56 0 55 0 0 0 0 59 58 0 19 20 0 0 0 0 0 21 0 0 0 0 0 28 0 0 0 52 51 0 0 46 53 0 0 54 
0 54 53 46 51 0 0 49 0 37 0 38 44 0 42 45 43 0 0 0 0 0 0 0 0 0 0 13 0 0 0 0 0 0 0 0 63 0 0 0 56 0 0 59 55 0 0 28 0 36 35 0 0 0 81 73 74 0 79 0 78 0 0 0 0 0 0 0 0 0 8 0 0 0 21 0 0 0 0 0 0 
0 0 71 64 69 0 0 0 66 0 0 56 62 0 0 0 61 0 0 0 0 0 0 0 0 6 0 31 0 0 0 0 33 36 28 0 0 0 0 80 74 0 0 0 73 0 0 46 48 0 0 0 0 0 18 10 0 17 16 0 0 0 12 21 25 24 0 27 0 0 26 20 43 0 0 38 0 0 0 41 0 
