9
0 0 75 0 76 73 0 0 0 0 0 48 0 0 0 0 0 0 0 66 0 64 65 68 0 0 71 0 0 0 0 0 0 8 3 6 0 0 0 0 0 26 0 0 0 54 0 0 0 55 60 0 0 56 0 0 0 0 0 0 0 0 0 11 13 0 0 0 15 0 12 9 0 42 0 0 0 0 0 41 0 
0 0 0 0 31 0 0 0 0 8 2 0 0 0 0 7 5 0 0 21 0 19 0 0 0 0 0 0 43 0 0 0 40 44 0 0 0 0 54 57 0 0 0 0 0 9 0 0 16 0 0 0 13 0 69 0 0 70 0 0 0 65 68 0 0 46 0 0 0 0 48 0 0 0 72 0 0 0 74 77 73 
0 0 3 8 0 0 7 0 0 0 0 0 0 0 0 61 0 0 0 0 0 0 74 77 0 0 0 0 0 0 0 0 0 0 0 15 0 0 27 0 0 0 0 28 0 0 0 0 70 0 0 71 67 0 42 0 0 43 0 0 39 0 41 0 0 0 0 0 0 26 0 18 0 0 0 0 0 48 0 0 0 
0 0 0 0 0 0 0 0 0 0 0 0 0 0 0 0 0 0 0 0 0 37 0 0 0 0 0 0 0 54 0 0 0 0 0 0 76 0 0 0 0 0 0 73 0 0 0 30 34 28 0 35 31 0 0 0 81 0 0 0 3 2 5 0 0 64 70 68 0 71 0 0 0 0 0 0 0 0 11 0 0 
20 0 0 0 0 0 0 23 0 0 0 0 0 0 72 0 0 0 0 0 0 0 0 0 0 16 0 0 0 0 0 0 0 0 0 0 0 0 45 0 0 0 51 46 47 0 0 0 0 0 0 0 0 0 60 0 0 0 0 0 0 0 59 38 0 37 0 41 0 0 0 0 0 0 0 70 71 66 65 0 0 
56 0 57 0 58 0 61 0 0 0 29 0 31 28 0 0 0 33 0 0 45 0 0 0 0 52 0 0 0 0 0 0 0 0 0 69 0 5 0 0 0 0 0 1 0 0 0 39 0 37 42 0 0 0 15 0 0 16 0 0 0 0 14 0 0 73 0 0 78 0 0 72 22 0 18 0 0 0 0 0 0 
0 63 0 0 0 0 0 0 0 0 38 0 0 37 36 0 41 0 0 0 0 0 0 0 58 0 0 0 79 0 0 0 0 0 75 0 0 0 0 0 16 0 0 10 0 0 0 0 0 0 0 0 0 47 0 0 18 0 0 0 0 0 23 0 0 1 0 5 0 0 3 0 31 33 27 34 0 0 29 0 0 
38 0 39 44 0 0 0 41 0 0 0 12 13 0 0 0 0 15 0 30 27 0 0 0 31 0 0 0 52 0 0 0 0 0 48 0 0 0 0 66 0 0 0 0 0 0 0 21 0 19 0 26 0 0 78 0 0 0 80 0 75 74 0 0 0 0 0 59 0 0 0 0 0 0 0 7 8 3 2 0 0 
0 0 0 0 13 10 0 14 0 0 65 0 0 64 63 0 0 0 0 0 0 0 2 5 0 7 0 0 25 0 0 0 0 0 0 0 0 0 0 39 0 0 0 0 0 0 77 75 0 0 0 0 0 0 51 49 45 52 0 0 0 0 0 0 0 0 0 0 33 0 0 0 0 60 0 0 0 57 0 0 55 
0 0 0 0 0 0 0 0 63 38 0 0 0 31 0 0 35 0 0 0 48 0 0 0 0 55 0 68 0 66 0 0 70 0 69 72 7 0 0 6 0 0 0 0 0 39 0 0 0 40 0 47 0 0 0 0 0 19 0 0 0 14 0 0 79 0 0 0 81 2 0 0 0 0 21 0 0 24 23 0 0 
0 0 0 56 0 0 55 0 0 0 0 24 25 22 0 0 0 27 45 0 39 0 41 44 43 46 0 0 0 57 0 58 0 0 0 0 0 0 0 0 0 2 0 76 0 30 35 33 37 0 36 0 34 0 0 0 0 0 0 0 6 0 0 68 0 67 73 0 0 0 0 0 16 0 0 19 0 0 14 17 13 
23 21 24 0 0 0 28 0 0 0 0 78 0 76 0 0 0 0 18 15 0 0 0 17 0 0 0 0 0 0 0 0 0 0 0 36 0 0 0 51 55 0 0 0 0 3 0 0 10 0 0 0 0 5 0 0 57 0 0 0 0 59 62 41 0 0 0 0 0 0 0 0 0 0 66 0 0 69 68 71 0 
41 0 42 0 0 0 0 0 0 0 0 0 16 0 0 0 0 0 0 0 0 0 0 35 0 0 38 0 0 0 53 0 52 56 51 0 70 0 0 69 73 0 0 0 68 0 26 0 28 0 0 0 0 23 81 0 0 0 2 0 78 0 0 59 61 0 0 62 63 0 0 0 7 0 0 0 0 6 0 0 4 
68 66 69 0 0 67 0 0 0 0 0 0 43 0 0 0 0 0 0 60 0 0 0 0 61 64 0 0 0 0 0 0 79 0 0 81 16 17 0 0 0 20 0 0 0 0 0 0 0 0 0 0 0 0 0 25 21 0 0 22 24 0 26 5 7 0 0 8 0 0 0 0 0 36 30 0 0 33 0 35 0 
32 0 0 0 34 0 0 0 0 0 0 0 0 4 0 10 0 0 0 0 0 0 23 0 0 0 29 0 46 0 0 40 0 0 0 0 0 62 57 60 0 0 0 0 0 0 0 0 0 13 18 0 0 0 72 0 66 0 0 0 69 68 0 0 52 0 55 53 0 0 0 48 0 81 0 1 0 0 0 0 0 
77 0 0 0 0 0 0 0 0 0 0 0 0 0 0 55 0 0 0 0 0 0 0 0 0 0 0 0 10 3 0 0 7 0 0 0 0 0 21 0 28 29 0 0 0 0 0 0 0 0 0 0 61 0 0 0 0 0 0 0 33 32 35 0 0 0 0 0 0 0 15 0 0 0 0 0 0 0 41 44 0 
0 0 0 11 0 0 10 8 9 0 0 60 0 58 0 0 0 0 0 0 75 0 0 80 0 0 0 0 0 12 0 13 16 0 0 0 0 0 30 0 0 0 0 31 0 0 0 0 0 0 72 0 0 0 0 0 0 46 0 40 0 0 0 0 0 0 0 26 0 0 24 0 0 0 0 55 0 0 50 53 49 
0 12 0 0 0 0 0 17 0 0 0 69 70 0 0 0 71 0 0 6 0 0 0 0 7 0 0 23 0 21 26 0 25 0 0 0 0 44 0 42 0 0 45 0 41 0 0 0 0 0 81 2 0 77 54 0 0 55 0 0 0 0 0 32 34 31 0 0 0 0 33 0 0 0 57 64 65 0 59 0 0 
0 0 0 0 0 24 0 28 0 0 79 80 0 78 0 0 0 0 0 0 14 0 0 19 0 0 0 0 0 32 0 0 0 0 0 0 0 55 0 0 57 0 0 0 0 0 0 0 12 6 0 0 0 7 65 0 0 0 0 60 0 61 64 0 45 0 48 46 0 0 0 0 0 0 0 0 0 71 70 0 0 
0 0 0 0 0 0 48 0 0 0 16 0 0 0 0 0 0 0 38 0 0 0 34 0 0 0 0 52 0 50 0 0 0 0 0 56 0 0 68 0 0 0 0 0 70 0 28 26 0 0 29 0 0 0 0 0 0 0 4 0 0 0 1 0 0 0 0 0 0 0 0 0 0 0 0 12 0 8 7 0 6 
0 0 0 0 81 78 0 0 2 0 0 53 54 51 0 57 0 0 0 0 68 69 70 73 0 0 0 0 0 0 0 6 9 0 8 11 27 28 23 0 0 0 0 0 25 0 0 0 0 0 65 0 0 0 0 0 0 39 0 33 0 34 37 16 18 0 0 0 0 0 0 0 0 0 0 0 0 44 0 0 0 
61 0 0 0 0 0 0 0 65 0 0 0 0 0 0 0 0 38 56 0 0 51 0 0 0 57 0 0 0 0 0 0 72 0 0 0 0 0 0 0 0 0 0 6 0 0 0 0 0 0 47 0 0 0 0 0 0 0 0 0 0 0 0 79 0 0 3 0 2 0 80 77 0 0 0 0 0 0 25 0 24 
0 0 0 0 18 15 0 0 20 0 0 71 0 0 68 0 0 0 0 8 5 6 7 0 0 0 0 0 30 0 28 24 27 31 0 29 45 0 0 44 48 49 0 0 0 77 0 0 0 0 0 0 0 0 0 0 0 0 0 51 0 0 55 0 0 0 39 0 38 40 35 32 0 0 0 0 0 0 0 64 60 
0 0 0 58 0 0 57 55 0 31 0 0 0 24 0 0 0 0 0 0 0 0 0 46 0 48 0 0 66 0 0 60 0 0 0 65 81 1 77 80 0 4 0 0 0 0 37 0 0 0 0 40 0 0 11 0 0 0 0 0 8 0 0 0 72 0 0 0 0 76 0 0 0 0 14 0 22 0 16 0 0 
0 0 0 13 0 0 0 10 0 67 0 0 0 0 0 0 0 0 0 0 0 78 0 1 0 0 4 16 0 0 0 0 0 0 17 0 36 0 32 0 0 0 0 0 0 68 73 0 0 69 74 76 0 0 0 0 0 0 0 0 44 0 0 25 0 0 30 28 29 31 26 0 0 0 0 57 58 0 0 0 0 
34 32 0 40 0 0 39 0 38 13 7 0 9 0 5 12 0 0 0 26 0 24 0 0 27 0 31 43 0 0 0 42 0 0 0 47 0 0 0 0 0 0 0 0 61 0 0 0 21 15 0 0 18 0 0 0 68 75 0 0 71 0 0 52 0 51 0 0 0 0 0 0 0 0 0 3 4 0 0 1 78 
0 68 71 76 0 0 75 73 74 49 0 0 0 42 0 0 46 0 0 0 0 0 0 64 0 0 67 0 3 0 0 0 0 0 80 0 18 0 0 17 0 0 20 0 0 0 0 0 0 0 0 0 0 0 0 0 0 30 0 0 0 0 0 7 0 0 0 0 0 0 0 0 0 0 0 0 0 0 0 0 0 
0 40 0 0 0 0 0 45 46 0 15 0 0 0 0 20 18 0 0 0 0 0 0 0 35 0 0 51 0 0 0 0 53 57 52 55 0 0 0 0 0 75 0 0 69 0 27 0 0 0 0 0 26 24 0 0 76 0 0 0 0 78 0 60 62 0 0 0 64 0 0 58 8 0 4 11 0 0 6 9 0 
0 0 0 0 62 59 0 63 64 0 0 0 0 0 0 0 0 0 0 0 0 50 51 0 0 0 57 69 0 0 72 0 0 0 70 0 0 0 0 0 0 0 10 0 6 40 0 0 0 0 0 48 44 0 19 17 0 0 21 0 0 0 18 0 80 0 0 0 0 0 79 76 0 0 0 0 30 0 0 0 0 
6 0 0 0 8 5 11 0 0 0 0 0 0 59 0 0 63 0 1 79 76 77 0 0 0 0 0 0 20 13 0 14 0 21 16 0 0 0 0 34 0 39 37 0 33 0 0 0 0 0 0 0 0 69 46 0 40 47 48 0 0 42 0 24 0 0 0 0 0 0 0 0 0 55 49 56 57 0 0 0 0 
15 0 16 0 17 0 0 18 19 0 0 0 71 68 0 74 72 73 0 0 4 0 6 9 0 11 12 0 0 0 0 0 26 0 0 28 44 0 0 0 0 0 0 0 0 76 0 0 0 0 0 0 0 0 55 0 49 56 57 0 0 0 54 0 35 32 0 36 0 0 0 31 0 0 0 65 66 61 0 0 0 
0 49 0 57 53 50 0 0 55 0 0 0 26 0 0 29 0 28 46 0 40 0 0 45 0 0 0 0 65 58 0 0 0 0 61 64 0 0 0 79 2 0 0 0 0 0 36 0 38 32 0 0 0 0 10 0 4 0 0 0 0 0 0 0 71 68 0 0 0 0 0 67 17 0 13 0 0 16 0 18 0 
0 0 70 0 0 0 0 0 0 0 0 43 44 0 0 0 0 46 0 0 58 0 0 63 62 65 66 0 2 0 0 77 0 0 0 1 0 18 0 0 0 0 0 0 0 0 0 0 0 0 0 0 0 0 0 0 0 0 0 23 0 0 0 0 0 0 0 0 0 0 0 0 35 0 0 0 0 0 0 0 0 
0 76 0 0 0 77 0 0 1 0 0 0 0 50 0 0 0 0 0 0 67 0 69 72 0 0 0 0 0 0 0 5 0 0 0 10 0 0 0 0 0 30 28 0 0 0 0 61 0 0 64 66 0 0 37 0 0 38 0 32 34 0 36 0 0 14 0 0 0 0 0 13 0 0 0 0 0 0 0 45 0 
33 31 0 39 35 32 38 0 0 0 0 7 0 0 4 0 9 0 0 25 0 0 24 0 26 0 30 0 47 40 45 41 44 0 0 0 0 0 0 0 0 0 64 59 60 13 0 16 0 14 0 0 0 15 0 0 0 74 0 0 70 69 72 0 0 50 56 0 0 57 0 0 0 0 0 2 0 0 78 0 77 
24 0 25 30 26 0 0 0 0 0 78 0 0 0 0 0 0 0 0 16 0 0 0 0 0 0 0 0 0 0 0 32 35 39 0 0 0 0 0 52 0 57 0 50 0 4 0 0 0 5 10 0 0 6 64 0 0 0 66 0 0 60 63 0 0 41 0 0 0 0 0 40 0 73 0 0 0 70 0 72 0 
13 0 14 0 15 0 18 0 17 0 0 0 0 0 0 72 70 0 0 0 0 0 4 0 0 9 0 0 0 0 0 0 0 28 0 26 0 0 0 0 0 0 44 0 40 0 79 0 0 75 0 0 78 0 53 0 0 0 55 0 0 0 0 31 0 0 36 34 0 0 0 0 60 0 0 63 0 0 58 0 0 
0 2 5 0 0 0 0 0 0 0 0 0 0 0 0 63 0 0 0 0 0 75 0 0 0 81 0 13 0 0 16 0 0 0 14 0 0 0 0 0 36 0 35 0 0 0 70 0 72 66 0 0 0 0 44 42 0 0 0 0 0 40 0 0 0 21 0 0 26 0 0 0 51 0 47 54 55 0 49 52 0 
0 0 0 0 0 0 0 0 0 28 0 23 0 0 0 27 25 0 0 41 0 0 0 0 42 45 0 0 63 0 0 57 0 0 59 62 0 79 0 0 81 0 80 0 0 0 0 0 36 0 0 0 0 31 0 0 0 0 10 0 0 0 0 0 0 0 0 0 0 0 0 65 0 17 0 0 19 0 13 16 0 
0 29 32 0 0 0 0 0 0 10 0 0 6 0 0 0 0 8 0 0 0 0 22 0 0 0 0 0 0 38 0 0 0 0 41 0 0 0 0 0 0 0 0 0 0 0 0 14 0 12 0 0 15 0 0 0 0 72 0 0 68 67 70 49 0 0 0 0 0 55 0 47 0 0 0 0 0 77 0 79 0 
76 74 0 0 0 75 0 0 0 0 0 50 0 48 0 0 0 0 0 0 0 66 67 0 0 0 0 0 0 0 0 0 6 10 5 8 24 0 0 23 0 0 0 0 0 0 0 0 0 0 0 64 0 0 0 0 0 36 0 0 32 31 34 0 0 0 18 16 17 0 0 0 0 0 0 45 0 41 40 0 0 
67 0 68 73 69 0 72 0 0 0 0 41 0 0 0 0 0 0 0 59 0 0 0 61 0 0 64 0 0 0 79 0 78 0 0 0 0 16 0 0 0 0 17 0 0 0 0 50 0 0 53 55 0 0 0 0 0 0 28 21 0 22 25 0 6 0 0 0 0 10 0 0 0 35 0 0 0 0 31 34 0 
40 38 0 0 0 0 0 43 44 0 0 0 15 0 11 0 0 0 0 0 0 30 31 34 0 0 37 0 0 0 0 0 0 0 0 0 69 0 65 68 0 0 71 66 67 20 0 0 0 0 0 28 24 0 80 78 0 0 0 0 0 0 0 0 60 57 0 0 0 64 0 56 6 8 0 0 0 0 0 0 0 
58 0 0 0 0 0 63 0 0 0 0 32 0 0 0 0 34 0 0 0 0 0 49 0 51 0 0 0 0 65 0 0 0 73 68 0 0 0 2 0 0 10 0 0 0 0 0 0 0 39 44 0 0 0 17 0 0 0 0 0 0 0 16 76 0 0 0 0 0 1 0 0 0 0 0 0 28 0 0 25 0 
22 0 0 0 0 0 27 25 0 0 0 77 78 0 0 81 0 0 0 14 11 0 13 0 0 0 0 0 0 0 0 0 0 37 0 0 0 0 47 0 54 0 0 0 49 2 0 0 0 0 8 10 0 0 62 0 0 0 0 0 0 0 61 0 42 39 45 0 0 0 41 0 0 0 0 0 0 0 67 0 66 
44 42 0 50 0 43 0 47 48 0 0 0 0 16 0 0 0 0 39 0 33 0 0 38 37 0 0 0 58 0 0 0 0 59 0 0 0 0 69 0 0 77 0 0 0 0 0 0 31 25 30 32 0 26 0 1 0 0 0 79 0 80 0 0 0 61 0 0 0 68 63 60 0 0 0 13 0 0 0 0 0 
80 0 0 0 1 79 0 0 0 0 0 0 0 0 51 0 0 57 0 72 0 0 71 0 0 0 77 0 0 0 0 0 10 14 0 12 0 0 24 27 0 32 0 0 26 0 65 0 0 0 0 68 0 0 0 0 0 0 0 0 0 35 38 0 19 0 0 0 21 0 0 0 0 0 42 0 0 45 0 0 43 
0 33 36 0 0 0 0 0 39 0 0 0 10 0 0 0 11 0 0 0 0 25 0 29 0 0 0 0 49 0 47 0 0 50 0 0 64 65 0 0 0 0 0 0 62 15 20 18 0 0 0 0 0 17 75 73 0 0 0 70 0 71 74 0 0 0 0 0 57 0 54 0 0 0 0 4 0 0 80 0 0 
62 0 0 0 0 0 0 0 0 0 0 36 0 0 0 0 0 0 0 0 0 0 53 0 0 0 0 71 76 69 0 70 0 0 0 0 0 0 6 0 13 14 12 0 8 0 0 45 49 0 0 0 46 0 21 0 0 22 0 16 0 0 0 80 1 0 0 0 0 5 0 0 0 30 0 31 0 0 0 0 25 
0 6 9 14 0 7 13 11 12 68 0 63 0 0 0 0 0 0 0 81 0 0 0 0 0 0 0 0 0 15 0 0 0 0 0 0 0 0 0 0 40 41 0 0 0 0 0 72 76 70 75 77 73 0 0 46 42 0 0 0 0 0 47 0 28 0 31 29 0 0 27 0 0 57 0 0 0 0 0 0 0 
71 0 0 77 0 70 0 0 0 0 0 45 0 0 0 49 0 48 0 0 0 61 0 0 0 0 0 0 0 78 0 0 1 0 0 0 0 20 0 0 0 0 0 16 17 51 0 0 0 0 57 0 0 0 0 0 0 31 0 0 0 0 0 0 0 7 0 0 0 0 0 0 0 0 33 0 0 0 0 0 0 
53 0 0 0 55 0 0 0 0 0 0 27 0 0 0 0 0 30 0 0 0 0 0 47 0 49 50 0 67 0 65 61 0 0 0 66 0 2 0 0 0 0 0 0 80 0 0 0 0 0 39 0 0 35 0 10 0 13 0 0 9 0 11 0 0 0 76 0 75 0 72 69 0 21 0 0 0 0 17 0 0 
0 15 18 0 19 0 0 20 0 0 71 72 0 70 0 0 74 0 12 9 0 7 0 0 0 13 0 26 31 0 0 0 0 32 27 0 0 0 42 0 0 0 0 0 44 0 2 81 0 79 0 0 0 0 57 0 0 58 0 0 0 0 0 0 0 0 0 0 0 0 0 33 0 0 60 67 68 0 0 0 0 
26 0 0 0 0 0 0 0 30 0 0 81 0 0 78 0 0 0 0 0 0 0 0 20 0 0 0 0 40 0 38 0 0 0 36 0 0 56 51 0 0 0 0 0 53 0 0 0 0 7 0 0 10 0 0 0 0 0 0 0 0 62 0 0 0 0 0 0 0 0 45 0 0 0 0 76 0 0 0 0 70 
28 0 0 34 30 0 33 0 32 7 0 0 3 0 0 0 0 5 23 20 17 0 0 22 21 0 0 37 0 0 40 0 0 43 0 41 0 0 0 0 0 0 0 0 0 0 13 0 0 0 0 16 12 0 0 66 0 0 0 0 65 0 0 0 48 0 0 0 0 0 47 44 0 0 0 0 0 74 0 76 0 
55 0 0 0 0 54 0 0 59 34 0 0 0 0 26 0 0 0 50 0 0 45 0 49 0 0 0 64 0 62 0 0 0 0 0 0 0 0 80 2 6 0 0 0 0 0 0 0 42 36 41 0 0 37 14 0 0 0 0 0 11 10 0 73 75 0 0 0 77 0 0 71 21 0 0 0 0 20 0 22 0 
0 0 0 0 0 0 0 67 0 0 0 0 39 0 35 42 40 0 0 56 0 0 0 58 0 60 61 73 0 71 0 72 0 0 0 0 0 0 8 11 0 0 0 0 0 44 0 0 0 0 0 0 48 0 0 0 0 0 25 0 0 0 22 0 0 0 0 0 0 7 2 0 30 0 0 0 0 29 28 0 0 
0 0 11 0 0 0 15 0 0 0 0 0 0 63 0 69 0 0 0 0 0 0 1 0 0 0 0 19 0 0 22 0 0 0 20 0 0 0 35 0 0 0 41 0 0 71 76 74 0 0 0 0 0 0 0 48 0 0 0 0 0 46 49 0 0 27 0 0 32 0 29 0 0 0 0 60 61 0 0 0 54 
0 0 2 0 0 0 0 0 5 0 0 0 0 54 0 0 0 0 0 0 0 72 0 76 75 0 79 0 0 0 0 0 0 0 0 0 0 0 0 0 0 0 32 0 0 62 0 0 69 0 0 0 0 0 0 0 35 0 0 0 38 0 0 0 21 0 24 0 0 25 0 17 0 50 0 0 52 47 46 0 0 
73 71 74 0 75 0 78 0 0 0 0 47 0 0 44 51 0 0 0 0 62 0 64 0 0 69 70 1 0 0 0 81 3 0 0 0 21 0 0 0 0 0 0 0 0 0 58 0 0 0 0 0 0 55 0 0 26 0 0 0 0 0 31 10 12 0 0 0 0 0 0 0 0 41 0 42 43 0 37 40 0 
37 35 0 43 39 0 42 0 0 0 10 0 0 0 0 0 0 0 0 29 0 27 0 0 0 0 34 0 51 0 49 45 48 0 0 50 66 0 0 0 69 70 0 0 0 0 0 0 0 18 23 25 0 0 0 0 71 0 0 0 74 0 76 0 0 0 0 58 0 0 0 0 3 5 0 6 7 2 1 0 0 
19 0 0 0 0 18 0 0 0 0 73 0 0 72 71 78 0 0 0 11 0 0 10 0 0 0 16 0 0 0 0 27 0 34 0 0 48 0 0 0 0 0 50 45 46 80 0 2 0 0 0 7 0 0 59 0 0 0 61 54 0 0 0 0 0 0 0 0 41 0 38 35 0 0 62 0 0 65 0 0 0 
46 0 0 52 0 0 51 49 50 25 0 20 0 18 17 0 22 0 0 0 0 0 37 40 0 0 0 0 0 0 58 0 57 0 0 0 0 0 0 0 0 0 0 0 0 26 0 0 33 0 0 0 30 0 5 3 80 6 7 0 0 0 0 0 0 0 69 67 0 0 0 0 0 0 0 15 0 0 0 13 0 
0 0 0 0 29 0 32 0 0 0 0 1 0 0 0 0 0 0 22 0 0 17 0 0 20 0 0 0 0 0 0 35 0 42 37 0 0 0 0 0 0 60 0 0 0 0 12 0 0 8 13 0 11 0 67 0 0 68 0 0 0 0 0 0 0 0 0 48 0 51 0 0 0 76 70 0 0 73 72 0 71 
81 0 0 0 0 80 0 0 4 60 0 0 0 0 0 0 0 0 0 0 70 0 72 0 0 0 78 0 14 7 0 8 11 15 0 0 0 0 0 28 32 0 0 26 27 0 0 0 0 62 0 0 0 0 0 0 34 0 0 0 0 0 0 0 0 17 0 0 0 24 19 0 47 49 43 0 51 0 0 0 0 
0 16 0 24 0 17 0 21 0 78 0 0 0 0 0 77 75 0 0 10 0 0 0 0 0 14 0 0 0 0 0 26 29 33 0 0 0 0 0 0 0 0 0 0 0 79 3 0 0 0 0 0 0 0 58 0 52 59 0 0 0 54 0 0 38 0 0 0 0 42 37 0 0 67 0 0 69 0 0 0 0 
9 0 10 0 11 0 0 0 13 69 0 0 0 62 61 0 66 0 4 0 0 0 0 3 0 5 0 0 0 0 0 17 0 0 0 0 0 0 0 0 0 42 0 0 0 0 0 0 0 0 0 0 0 0 0 0 0 50 0 0 0 45 48 0 29 0 32 0 0 0 0 0 56 58 0 0 60 0 0 0 0 
0 0 37 0 0 0 41 0 0 0 0 10 0 0 0 14 0 13 0 0 0 26 27 0 0 32 0 0 0 0 0 0 47 51 0 49 65 0 0 0 68 0 0 0 63 0 21 19 0 17 22 0 0 0 76 0 70 77 0 0 0 0 75 54 56 53 0 0 58 0 0 0 0 4 0 5 0 1 81 0 0 
63 61 0 0 0 0 0 0 0 42 0 0 38 0 0 0 0 0 0 55 52 0 54 57 0 59 0 0 77 70 0 0 0 0 0 0 0 12 7 10 14 0 13 0 0 43 0 0 0 0 0 51 0 0 0 0 0 0 0 0 19 0 0 0 2 0 0 3 0 0 1 0 0 0 25 32 0 0 0 0 26 
0 0 0 0 47 0 50 0 49 0 0 0 20 17 0 0 21 22 0 0 0 0 0 0 38 0 42 54 0 0 0 0 0 0 55 58 0 0 0 0 77 78 76 71 72 0 0 0 32 0 0 0 29 0 0 0 79 0 0 80 0 0 0 63 0 0 0 0 67 69 64 0 0 0 0 0 15 0 9 0 0 
0 0 0 0 0 53 0 57 0 0 0 0 29 26 25 32 30 0 0 46 43 0 0 0 0 0 51 0 0 61 66 0 65 0 0 0 2 0 0 1 0 6 4 0 0 34 0 0 0 0 0 42 0 36 0 0 0 14 15 0 0 0 0 0 0 0 0 0 76 0 0 0 0 0 16 0 0 19 0 21 17 
72 0 0 0 0 0 77 0 76 0 0 0 47 0 0 0 0 0 0 0 0 62 0 0 0 68 0 0 0 79 3 0 0 6 0 0 0 0 16 19 0 0 22 17 18 0 0 55 0 53 0 0 56 54 0 29 0 0 0 0 0 0 30 0 0 8 0 0 13 0 10 0 0 0 0 0 0 0 0 0 35 
0 0 0 0 0 0 0 0 52 27 21 0 0 0 19 0 0 0 43 0 37 38 0 0 0 0 0 0 0 0 60 0 0 63 0 61 0 0 73 0 80 0 0 74 0 0 0 31 35 29 34 36 0 0 0 5 0 0 0 0 4 3 6 66 0 0 71 69 0 72 0 64 0 0 0 17 0 0 12 0 11 
0 0 0 45 0 0 0 42 0 18 0 13 14 0 10 0 0 0 34 31 28 0 0 0 0 0 0 0 0 0 51 0 0 54 0 52 68 0 64 67 0 0 0 0 0 19 0 0 0 0 25 0 0 0 79 0 73 80 0 74 0 0 0 0 59 0 0 0 0 0 0 55 0 0 0 8 0 4 3 0 0 
0 0 58 63 0 0 0 0 61 0 0 31 0 0 28 0 0 34 52 0 0 0 0 51 0 53 54 66 71 64 69 65 68 0 0 0 5 6 0 0 8 0 0 0 0 0 0 0 0 0 43 0 41 0 16 0 10 0 0 0 13 0 0 0 0 0 0 0 0 0 0 0 0 0 0 0 0 0 0 0 0 
21 0 22 0 0 0 0 0 0 81 75 0 0 0 0 80 0 0 16 0 10 11 12 15 0 0 0 0 0 0 0 0 32 0 0 0 50 51 0 0 0 54 0 0 48 0 0 0 0 0 7 9 0 3 0 0 0 0 0 0 0 57 0 0 0 0 0 42 43 45 0 0 0 0 0 0 0 0 0 69 0 
0 0 0 36 0 0 35 0 0 0 0 0 0 0 0 0 6 0 0 0 19 20 0 24 0 26 0 39 0 0 42 0 0 0 0 43 59 60 55 0 0 63 0 56 0 0 0 13 17 0 0 0 0 12 0 68 0 71 0 0 0 0 0 48 0 0 0 0 0 0 0 0 77 79 0 0 0 0 0 0 74 
0 0 0 0 0 0 0 0 0 0 0 58 0 0 55 0 0 61 79 0 0 0 75 78 0 80 81 0 17 10 15 0 14 0 0 0 0 0 0 31 0 0 0 0 30 64 69 0 0 0 0 0 0 66 0 0 37 0 45 0 0 0 0 21 0 0 26 0 0 0 0 0 50 0 0 53 54 49 0 51 47 
0 0 0 0 0 0 0 0 79 54 0 0 0 0 0 0 0 0 0 0 0 0 0 0 0 0 0 0 8 0 6 0 0 0 4 7 23 0 0 22 0 0 0 0 0 55 60 0 0 56 0 0 59 0 0 0 0 0 36 0 31 0 0 12 0 0 0 0 16 0 13 0 41 0 37 0 0 40 39 42 0 
0 0 0 0 0 0 71 69 0 0 0 0 41 0 0 44 42 43 0 0 0 0 0 0 59 0 0 0 0 0 0 74 77 0 0 79 14 0 10 13 17 0 0 0 0 0 51 49 53 0 0 0 0 48 25 0 0 0 0 20 0 0 0 0 0 2 0 6 0 0 0 0 0 0 0 0 36 31 0 33 29 
12 0 0 18 0 0 0 0 0 0 66 67 0 0 0 0 69 0 0 4 1 2 0 6 5 0 9 0 0 0 0 0 0 0 0 0 41 0 0 40 0 0 0 0 39 0 0 0 80 0 79 81 0 0 0 50 0 0 0 0 0 48 0 0 0 0 35 33 0 0 0 0 0 0 0 0 0 0 0 0 0 
