9
8 0 0 0 0 0 0 0 0 30 0 0 29 0 0 0 0 0 0 18 0 13 0 11 0 0 17 80 0 77 81 76 78 0 79 0 24 26 0 0 21 0 0 0 0 37 0 45 0 0 39 0 38 0 52 0 53 0 0 0 0 51 0 0 63 0 0 59 0 0 61 0 0 0 0 0 0 0 66 0 0 
0 0 0 0 0 0 46 0 0 0 0 0 74 0 0 81 77 0 0 63 55 0 0 0 59 0 0 0 0 0 0 0 42 0 43 0 0 0 0 0 0 0 0 0 64 0 0 0 0 5 3 0 2 0 0 0 17 0 0 18 0 0 10 0 0 0 0 0 0 0 25 26 0 0 0 0 0 36 30 0 35 
0 0 29 0 0 0 0 0 0 0 55 61 0 60 0 0 0 0 0 0 0 0 0 0 41 0 0 0 20 0 0 0 0 0 0 0 0 53 0 0 0 49 0 52 0 0 67 0 0 68 0 69 0 0 0 0 80 0 0 0 0 0 73 0 0 0 0 5 0 0 0 8 0 0 0 10 16 18 0 0 0 
0 0 0 0 0 0 0 0 0 0 0 0 0 0 0 0 68 0 0 0 0 49 0 47 50 0 0 35 29 0 0 0 0 0 0 0 60 0 0 59 0 58 0 0 55 73 0 0 0 0 0 0 0 80 0 0 8 0 0 0 0 0 1 11 18 12 0 0 0 15 0 0 0 0 20 0 25 27 0 0 0 
0 0 65 0 0 0 64 0 0 0 0 16 11 0 0 18 14 0 0 81 0 0 0 74 0 0 0 0 56 59 0 0 60 55 61 0 0 8 0 0 0 0 0 7 1 0 0 27 25 0 0 24 0 0 0 0 35 0 0 0 30 0 0 0 0 0 40 0 37 0 43 0 0 0 47 0 0 54 48 51 0 
0 0 0 59 0 0 55 0 0 3 0 0 2 0 0 0 5 0 0 0 0 67 0 0 68 0 0 0 0 0 0 0 0 46 0 0 78 0 0 77 75 0 0 0 73 10 0 0 0 14 0 0 0 0 0 0 0 0 23 0 0 0 0 0 36 0 0 0 0 0 0 0 40 41 0 0 0 45 0 0 0 
0 12 0 0 0 18 0 0 0 0 0 43 0 42 40 0 0 0 0 0 0 0 0 0 0 0 0 0 2 0 0 4 6 0 0 0 0 0 0 0 30 0 0 0 28 0 0 54 0 0 0 51 0 53 0 0 0 0 0 0 57 60 0 0 0 66 67 0 0 0 0 71 0 0 0 73 0 0 0 0 80 
26 21 0 23 24 0 19 0 22 0 0 52 0 0 0 54 50 53 0 0 0 0 0 0 0 33 0 0 0 0 0 0 15 10 0 12 42 0 0 0 0 40 0 43 0 55 0 63 61 59 0 60 0 0 0 0 71 65 68 72 66 0 64 74 0 0 76 0 0 0 0 0 0 0 0 1 0 0 3 0 0 
0 75 0 0 0 0 73 79 0 0 0 25 20 0 0 0 23 0 0 0 0 0 3 0 0 6 0 0 65 68 0 0 69 0 70 0 15 17 11 0 0 0 0 0 0 0 31 36 0 0 0 0 0 0 43 40 0 38 41 0 0 0 0 47 54 48 0 0 0 0 52 53 58 59 0 0 0 0 0 60 62 
0 70 69 72 0 0 0 74 0 0 0 20 0 0 17 22 18 0 0 0 0 0 79 0 0 1 3 0 0 0 67 62 0 0 0 0 0 12 0 9 0 8 0 0 0 0 26 0 0 0 0 28 0 0 0 0 39 0 0 0 0 0 0 42 49 43 44 45 0 0 0 0 0 0 0 0 0 0 52 0 0 
3 0 0 0 1 4 0 0 80 25 0 0 24 28 26 0 0 30 11 13 0 0 0 0 0 0 0 0 0 0 0 0 73 0 0 0 19 0 0 0 0 17 0 0 0 0 0 0 0 0 0 0 0 0 0 0 0 0 0 0 0 46 0 51 0 0 0 0 0 0 0 57 62 0 60 0 0 67 61 0 66 
0 0 0 0 0 0 0 0 62 7 0 11 0 0 8 0 0 0 74 0 0 0 0 69 0 73 75 57 0 0 0 0 0 50 56 52 0 0 0 0 0 0 0 2 77 14 0 0 0 0 16 19 0 0 0 26 0 24 0 0 25 28 0 0 0 34 0 0 32 37 38 0 0 0 0 41 0 0 43 0 48 
0 0 0 0 0 0 41 0 0 0 68 74 0 0 71 0 0 0 0 0 0 0 0 0 0 0 57 0 0 0 0 0 0 0 0 0 64 66 60 0 61 0 0 0 0 0 0 0 0 81 79 1 78 0 0 0 0 6 0 0 7 10 5 0 0 0 0 18 0 0 20 0 26 0 24 0 29 0 0 28 30 
0 52 51 54 55 58 0 0 53 0 0 2 78 0 0 0 0 3 0 0 0 62 0 0 0 0 0 48 42 0 0 0 46 0 0 43 0 0 0 0 0 0 0 0 68 0 0 0 11 0 0 10 0 0 0 0 0 0 18 0 0 0 14 24 0 25 0 0 0 28 29 0 0 36 0 32 0 0 34 0 0 
0 0 6 0 10 13 5 0 0 0 0 0 33 0 0 0 0 0 20 22 0 17 16 0 0 19 0 0 0 0 4 0 0 0 0 79 28 0 0 0 0 0 0 0 0 41 0 0 0 45 0 0 0 0 56 0 0 0 0 0 0 55 50 0 0 61 0 63 0 64 0 0 0 72 69 68 74 0 0 73 0 
39 0 0 36 0 0 0 38 0 61 0 65 0 0 0 0 63 0 0 0 41 0 0 0 0 0 48 0 0 0 0 0 0 23 0 0 55 0 51 0 0 0 58 0 50 0 71 0 0 0 0 0 0 0 2 80 0 0 81 0 0 0 0 0 13 0 0 0 0 10 11 0 0 18 0 0 0 0 0 0 21 
0 0 0 0 0 0 0 0 26 0 50 0 0 0 53 58 0 57 0 40 32 35 0 33 36 0 39 0 0 0 0 0 0 0 20 0 0 0 42 45 0 0 0 47 0 59 62 0 0 0 0 0 0 0 0 0 0 0 72 76 70 0 0 78 4 79 80 0 0 1 0 3 8 0 0 0 0 0 7 0 0 
0 0 0 0 19 22 0 0 0 0 0 0 0 46 44 49 0 0 0 0 0 0 25 24 0 0 0 0 6 0 0 0 0 0 0 7 37 0 33 0 0 35 0 0 0 50 53 0 0 54 52 0 51 0 0 0 66 0 0 0 61 64 0 69 0 0 71 0 0 0 0 75 80 0 0 0 2 0 0 0 0 
0 0 1 4 5 0 0 0 0 29 0 0 0 0 0 0 0 0 0 0 0 0 0 10 0 14 0 79 73 76 80 0 0 0 78 74 23 0 0 0 0 0 0 0 0 0 0 0 0 40 0 41 37 0 0 0 0 46 0 0 0 0 0 0 62 56 57 0 0 59 60 0 0 67 64 0 69 71 0 0 0 
16 0 0 0 14 17 0 15 12 38 36 0 0 41 0 0 40 43 24 0 0 0 0 0 0 0 0 7 0 0 0 0 5 81 0 0 0 0 28 0 0 30 35 0 0 0 0 53 0 0 0 0 0 52 60 0 0 0 0 0 56 0 54 0 71 0 0 0 0 0 0 70 0 76 0 0 0 0 0 77 0 
0 65 0 0 0 71 0 0 0 0 9 0 0 0 12 0 0 0 0 0 72 0 0 0 76 0 0 61 55 0 0 0 0 0 0 0 0 0 1 0 0 3 0 6 81 0 0 0 0 0 0 0 0 0 0 0 0 0 0 0 29 32 27 0 0 0 0 0 0 41 0 43 0 0 46 0 0 0 47 50 52 
0 0 55 0 0 62 0 60 0 2 81 0 0 5 3 0 0 7 0 0 63 0 65 0 0 68 0 52 46 0 0 0 0 0 0 0 0 0 0 76 74 75 80 0 72 0 0 0 15 0 0 14 0 16 0 0 0 0 0 0 20 0 0 0 0 29 0 31 27 32 0 0 39 0 37 0 0 0 38 0 0 
52 0 0 0 0 0 0 51 0 74 0 0 0 0 0 0 0 0 60 62 0 0 0 55 0 59 0 43 37 0 0 0 0 0 0 0 0 0 0 0 65 66 71 69 63 0 0 8 0 0 0 5 0 7 0 12 16 0 13 17 11 0 0 0 0 0 0 22 0 0 0 25 0 31 0 0 0 0 0 0 34 
0 0 0 0 41 0 0 42 39 0 63 0 0 0 66 0 0 0 0 0 0 48 0 0 0 0 52 34 0 0 0 30 0 27 0 0 59 0 0 58 0 57 0 0 0 0 0 0 0 0 0 0 0 79 0 0 0 0 0 0 2 0 0 0 0 0 0 0 9 14 0 16 21 22 0 18 0 0 20 23 0 
0 74 0 76 0 80 72 0 75 0 18 0 19 0 0 0 0 0 0 8 0 3 0 0 0 0 0 70 64 67 71 66 0 63 0 0 0 0 0 0 11 0 0 15 0 0 0 0 33 31 0 0 0 0 0 39 0 0 0 44 0 41 0 46 0 0 0 49 0 0 51 0 0 0 55 0 0 62 56 0 0 
0 0 0 31 0 35 0 0 0 0 0 0 0 0 0 0 58 0 0 44 36 39 38 0 0 0 0 0 0 0 0 0 0 0 0 0 0 0 0 0 47 0 0 51 45 63 0 0 0 67 0 68 0 70 78 0 0 73 0 80 74 0 0 1 0 0 0 0 0 0 0 0 0 0 10 0 0 0 0 0 0 
0 0 0 0 0 0 0 24 0 47 0 0 0 0 0 0 49 0 0 0 27 30 29 28 31 0 0 0 0 0 0 0 0 9 15 0 0 0 37 0 0 0 44 0 0 0 57 62 0 0 56 59 55 61 0 0 0 64 67 0 0 68 0 73 0 0 0 0 0 0 78 0 3 4 1 0 0 0 0 5 7 
0 0 0 0 26 0 0 27 0 0 48 54 0 53 51 0 0 0 0 0 0 33 32 0 34 0 0 0 13 0 0 15 0 12 0 0 44 0 0 0 41 0 47 0 0 0 0 65 0 0 0 0 58 0 0 69 73 0 70 74 0 0 0 0 0 0 0 0 0 80 0 1 0 0 4 0 9 0 0 0 0 
0 0 58 0 0 0 0 63 0 0 0 0 4 0 0 0 0 0 72 0 0 0 0 0 0 0 73 0 49 0 0 51 53 0 54 0 0 0 0 0 0 0 0 0 75 12 15 0 18 0 0 0 0 0 27 0 0 0 0 0 0 0 0 0 0 0 33 34 0 0 36 0 0 0 40 39 0 0 0 0 0 
0 0 76 0 0 0 0 0 0 0 0 27 0 0 0 0 0 28 9 0 0 0 0 0 0 8 0 0 0 70 74 0 0 0 0 0 0 0 13 0 0 0 0 18 12 0 0 0 0 0 0 0 31 0 45 0 0 0 43 0 0 0 39 0 0 50 51 52 0 0 0 0 60 61 0 57 63 0 0 0 0 
0 0 0 0 0 0 0 0 0 32 0 0 31 0 33 0 0 37 0 20 12 15 0 0 16 0 0 0 0 0 0 0 0 0 0 0 0 0 0 0 0 24 0 0 21 0 0 0 45 0 0 0 40 0 0 51 0 0 52 0 50 0 48 0 0 59 0 61 0 0 0 0 0 0 0 0 72 74 68 0 0 
73 68 0 0 71 74 66 0 0 14 12 18 0 0 0 0 0 0 0 0 0 0 77 0 79 80 0 64 58 61 0 0 0 0 0 59 0 0 0 0 5 0 0 0 0 0 0 0 27 25 0 0 0 28 0 0 0 0 0 0 0 0 0 0 0 0 42 0 0 0 45 0 0 0 0 0 0 0 0 0 0 
46 0 0 0 0 0 0 0 42 0 0 0 67 71 69 0 70 0 0 56 48 51 0 0 52 0 0 0 31 0 0 0 35 0 36 32 0 0 58 61 59 0 0 63 0 75 0 0 0 0 0 80 0 1 0 0 10 0 0 0 0 0 0 0 0 0 15 0 12 0 0 0 0 25 22 0 27 0 23 0 0 
0 0 31 34 0 0 30 36 33 59 0 63 58 0 0 65 61 64 0 0 39 0 0 0 0 0 46 0 22 0 0 24 0 0 0 0 53 0 0 0 0 51 56 54 0 0 0 0 0 0 0 0 0 73 0 0 0 0 79 2 0 80 75 0 11 5 0 0 0 0 9 0 15 16 0 0 0 0 14 17 0 
0 0 49 0 0 0 0 0 0 0 75 0 76 0 0 2 79 0 0 65 0 60 59 58 61 62 0 0 0 0 0 0 0 39 0 41 71 0 67 0 68 0 0 0 0 0 0 0 0 0 0 0 4 0 18 0 19 0 0 20 0 0 12 22 0 0 0 25 0 0 27 0 0 0 0 0 0 0 32 0 0 
0 0 13 0 0 20 0 18 0 41 0 0 0 0 0 0 0 0 0 0 0 24 0 0 25 0 28 0 0 0 0 0 8 3 0 5 0 0 31 0 0 0 38 0 0 48 0 56 0 0 0 0 0 0 0 60 0 0 61 0 0 62 0 67 74 0 0 70 66 0 0 0 0 0 76 75 0 0 0 0 1 
5 0 0 0 3 6 0 4 1 0 25 0 26 0 0 33 0 0 0 15 0 0 0 0 0 0 0 77 71 0 0 0 0 0 76 0 0 23 0 0 0 0 0 0 0 34 0 0 0 0 0 0 0 0 0 46 0 44 0 51 0 0 43 0 60 0 0 0 0 0 0 59 0 0 62 61 67 0 63 66 0 
0 72 71 74 75 78 0 0 0 0 16 0 0 21 0 24 20 23 4 6 0 0 0 0 0 0 5 0 62 65 69 0 66 0 0 63 0 0 8 11 0 0 0 13 0 0 0 0 0 0 27 0 26 0 0 37 0 35 0 42 0 0 0 0 0 0 0 0 43 0 0 0 0 0 0 0 58 0 54 57 59 
0 0 0 0 0 60 0 0 55 81 79 0 0 3 0 0 0 0 0 0 0 0 0 0 0 0 0 0 0 0 0 0 0 0 0 0 75 77 71 0 0 0 0 0 70 0 0 0 0 11 0 0 8 14 0 0 23 0 0 24 18 21 0 0 33 0 0 0 0 0 0 0 0 38 0 0 0 0 0 0 0 
0 63 0 65 0 0 0 67 0 0 0 0 0 12 10 0 0 0 76 0 0 0 0 0 0 0 0 0 0 0 0 0 57 0 58 0 3 0 80 0 0 0 0 4 0 0 0 0 0 0 18 21 0 0 0 28 32 26 0 33 0 0 0 0 42 36 0 0 0 0 0 0 46 47 44 43 49 0 0 48 50 
0 0 0 29 0 33 0 0 0 0 0 0 0 0 0 60 0 0 0 0 0 37 0 0 38 39 41 0 17 20 0 0 0 16 0 18 0 0 0 0 0 0 0 0 43 0 0 69 67 65 0 0 0 0 0 0 0 0 74 78 0 0 0 0 0 0 1 2 79 0 0 0 0 0 0 7 13 0 0 12 0 
0 0 0 20 0 24 16 22 0 45 0 0 0 0 0 0 47 0 0 33 25 0 0 26 0 0 0 0 8 0 0 0 12 7 0 0 39 41 35 0 0 0 0 40 34 0 0 0 0 56 54 57 0 59 0 0 68 0 0 0 0 66 0 71 0 0 0 0 70 0 0 0 1 2 0 0 0 6 81 0 0 
0 36 35 0 39 0 34 0 37 0 61 0 62 0 0 0 0 68 49 51 43 0 0 0 0 0 50 0 0 29 33 0 0 0 0 0 57 59 0 56 54 0 60 0 0 0 0 0 0 74 0 75 71 77 0 0 5 0 0 0 0 0 0 0 0 9 0 0 0 0 13 0 19 20 0 16 0 24 0 0 0 
0 0 0 0 0 15 0 13 0 0 0 0 0 0 37 0 0 0 0 0 0 0 18 0 20 0 0 0 80 0 0 1 0 0 0 81 0 32 0 0 0 0 33 0 0 0 0 0 0 0 0 0 44 50 0 55 0 0 0 60 0 0 0 0 0 63 0 0 61 66 0 0 0 0 0 0 76 0 0 0 77 
0 0 0 0 48 51 0 0 0 0 0 0 0 0 0 0 0 77 0 0 0 55 0 0 0 57 0 0 0 0 42 0 0 0 0 0 66 68 0 65 0 0 0 0 61 0 0 0 0 2 0 0 0 0 13 0 0 0 11 15 0 12 0 0 24 0 0 0 0 0 0 0 0 29 26 0 0 33 0 30 32 
0 0 0 37 0 0 0 0 0 62 60 0 0 0 63 68 0 0 0 0 0 0 0 0 0 0 49 0 0 28 0 27 29 24 0 0 0 58 0 0 0 0 59 0 51 0 72 0 75 0 0 0 0 76 0 0 0 0 0 5 0 0 0 0 0 8 9 0 0 0 0 0 18 19 16 15 0 0 17 20 0 
0 80 0 0 0 5 0 0 81 0 24 0 0 0 27 0 28 0 12 0 6 0 0 0 0 11 0 0 0 0 0 0 0 0 0 71 20 0 16 0 17 0 0 0 0 0 0 0 39 37 0 0 0 0 48 0 0 0 46 0 0 0 0 0 0 0 0 0 0 56 0 0 63 0 61 60 66 0 62 0 0 
0 8 0 0 11 0 0 0 0 0 0 0 0 0 0 41 0 40 0 23 0 0 17 0 0 0 0 0 0 0 0 81 2 0 0 0 29 31 0 28 0 27 32 0 0 0 0 50 0 46 0 0 0 49 0 54 58 0 0 59 53 56 0 0 68 0 0 64 0 0 0 0 0 0 0 0 75 0 71 74 0 
0 0 43 0 0 50 0 0 0 0 69 0 0 0 72 0 0 0 0 0 0 0 0 0 55 0 0 0 0 0 0 36 0 33 39 35 0 0 61 0 0 63 0 66 60 0 0 0 0 1 0 2 0 4 0 9 0 7 0 14 8 11 0 0 23 0 0 0 0 0 0 0 0 28 0 24 30 32 0 0 0 
0 0 16 19 0 0 0 0 0 0 0 0 43 0 45 0 0 0 0 32 24 27 0 25 0 29 0 0 0 10 0 0 11 0 0 0 0 0 0 37 0 0 0 39 33 0 0 0 57 55 0 0 0 0 0 0 67 61 0 0 62 0 0 70 0 71 0 0 69 0 0 0 0 0 0 0 0 0 0 2 0 
0 0 0 0 0 77 0 0 72 0 0 0 16 0 0 0 0 0 0 0 0 0 0 0 0 0 4 0 0 0 0 0 0 60 0 0 11 0 0 0 8 0 0 0 6 24 27 32 0 28 0 0 25 0 39 0 40 0 0 41 0 38 0 0 0 0 0 0 0 47 0 0 0 0 0 0 0 0 0 0 58 
0 0 0 0 65 0 0 0 0 0 6 0 7 0 0 0 0 0 75 0 0 0 0 70 0 0 76 0 0 55 59 0 0 51 57 0 0 0 0 1 0 81 0 0 0 15 0 0 21 0 17 0 0 22 30 27 0 0 0 0 26 0 0 0 0 0 0 37 0 0 0 40 0 0 0 0 48 0 0 0 0 
58 53 52 0 0 59 0 57 54 0 78 0 79 2 0 0 0 0 0 0 60 0 62 61 0 0 67 0 0 46 0 0 0 0 0 44 0 76 0 73 0 0 77 0 0 0 0 14 12 0 8 0 0 0 21 0 0 0 0 0 0 0 15 0 32 0 0 0 24 0 30 0 0 0 0 33 0 0 0 0 0 
31 0 0 28 0 0 0 0 0 0 0 0 0 56 0 59 55 58 0 41 33 0 35 0 0 0 0 0 0 0 0 0 20 0 21 0 0 0 43 0 0 45 0 0 0 0 0 68 66 0 62 0 0 0 75 0 0 70 73 0 0 74 0 79 0 0 0 0 78 2 0 0 0 0 0 0 0 0 0 0 13 
0 0 9 0 0 0 0 0 0 37 35 0 36 0 0 0 0 42 23 0 0 0 19 0 21 0 0 0 0 0 0 0 0 0 0 0 0 33 27 0 28 0 0 0 26 0 0 52 0 48 0 49 0 51 0 0 0 0 0 0 0 0 0 0 0 0 0 0 0 0 68 0 0 0 0 0 0 79 0 76 0 
0 0 0 0 67 0 62 0 65 10 0 0 0 0 0 0 0 0 77 0 0 0 73 0 0 0 0 0 0 0 0 0 0 0 0 55 0 0 0 0 0 0 7 5 0 0 20 25 23 0 0 0 18 0 32 0 0 0 30 34 0 31 26 36 0 0 0 0 35 40 0 42 47 0 45 0 0 52 0 49 51 
78 0 0 0 0 79 71 0 0 0 0 0 0 0 0 0 0 0 0 0 0 0 0 81 0 4 6 69 0 66 70 0 0 62 0 64 13 15 0 0 0 0 16 0 0 26 0 0 0 0 0 31 27 0 0 38 42 36 0 0 0 0 0 0 0 46 47 48 0 0 0 0 0 57 54 53 0 0 0 58 0 
0 28 0 30 31 34 26 0 0 0 53 0 0 0 0 61 0 0 0 0 0 0 0 0 0 0 0 0 18 0 0 0 0 0 23 0 0 0 0 0 0 0 0 0 0 62 65 0 0 0 64 0 0 0 0 74 0 0 75 0 0 76 71 0 0 1 2 3 0 0 0 0 0 0 9 0 0 0 10 0 0 
42 37 36 39 0 0 35 0 0 0 0 0 0 67 0 70 0 0 0 52 0 0 46 0 0 0 0 0 0 30 0 0 0 0 0 28 0 60 0 0 0 56 0 0 53 0 0 0 77 0 0 0 0 0 0 0 0 0 3 0 0 0 0 9 0 0 11 0 0 0 0 0 0 21 0 0 0 0 19 0 0 
0 0 0 0 49 0 44 0 0 0 71 77 0 0 0 79 0 0 59 61 0 0 0 0 0 58 0 0 36 0 0 38 0 35 0 37 0 0 0 0 0 0 0 0 62 0 0 7 0 0 0 0 81 6 0 11 15 9 0 0 0 0 0 0 25 0 0 0 0 0 23 0 29 0 27 0 32 0 28 0 33 
0 0 0 3 4 0 0 0 0 0 26 32 0 31 0 0 30 33 0 0 8 0 0 0 0 13 0 0 0 0 0 74 0 0 0 0 0 0 0 0 19 0 0 23 17 0 38 0 0 0 37 40 0 42 0 0 0 0 0 0 0 0 0 0 0 0 56 57 0 0 59 0 0 0 0 0 0 0 64 67 0 
24 19 18 0 22 0 0 23 0 0 44 50 0 49 47 0 48 0 32 0 0 0 0 0 0 31 0 0 0 12 0 0 0 0 0 0 0 42 0 0 0 0 43 0 35 53 0 0 0 0 0 58 0 0 0 0 69 0 0 0 0 0 0 0 79 0 0 0 0 76 77 0 0 0 0 80 0 0 1 0 6 
60 0 0 0 58 61 0 0 56 1 0 5 81 0 2 0 0 6 0 0 0 65 64 0 0 0 0 51 0 0 52 0 49 0 0 0 76 0 0 0 0 0 79 0 71 8 0 16 0 0 0 0 0 15 23 20 0 0 0 0 0 0 17 0 0 28 0 0 0 0 0 33 38 0 36 0 0 0 0 40 42 
0 0 0 35 36 0 31 37 0 60 58 0 0 0 0 0 0 0 0 0 0 43 0 41 44 0 0 29 0 0 0 0 0 22 0 0 0 56 50 53 0 0 0 0 49 67 0 75 73 0 0 72 0 0 1 0 2 0 80 3 0 0 0 0 12 0 0 0 4 0 10 11 0 17 0 0 0 0 15 18 0 
0 0 0 44 0 0 40 0 43 0 0 73 0 0 70 0 0 74 55 57 0 0 0 50 0 54 0 0 0 0 0 34 0 0 0 0 0 65 0 62 0 61 0 0 0 0 0 3 0 0 0 81 0 0 10 7 0 0 0 0 0 0 0 14 0 0 0 0 0 18 0 0 0 0 0 22 0 0 0 27 0 
0 0 0 0 0 21 13 0 0 42 0 0 0 0 43 0 0 47 0 30 22 0 0 0 26 0 0 11 5 0 0 0 0 4 0 6 36 0 0 35 33 0 39 37 0 49 52 0 0 53 51 0 0 0 0 0 0 0 62 0 60 0 58 0 75 0 0 71 0 0 0 74 79 80 0 0 0 0 78 81 0 
0 24 0 0 0 30 22 0 0 51 0 0 0 0 0 57 0 0 37 0 0 0 0 32 35 36 0 20 14 0 0 0 18 13 0 0 45 0 41 0 0 0 0 46 40 0 61 0 64 62 0 0 0 0 0 0 0 68 0 75 0 0 0 0 0 0 0 0 76 0 0 0 0 0 5 0 0 0 6 0 11 
11 6 0 0 0 0 4 10 0 0 31 0 0 36 0 0 0 0 19 0 13 16 0 0 17 0 0 0 0 0 3 79 0 0 1 78 0 0 0 0 0 0 30 28 0 40 0 0 0 0 42 0 41 0 0 52 56 0 0 0 0 0 49 0 0 0 0 0 0 0 0 0 0 0 0 67 73 0 69 0 0 
0 51 50 0 54 0 0 0 0 78 76 1 0 81 79 0 80 0 0 0 0 61 60 0 0 0 0 0 41 44 0 0 0 0 0 0 0 0 68 0 69 0 0 0 0 4 0 0 0 0 0 0 5 0 19 0 0 0 0 0 15 0 0 0 30 0 0 0 0 0 0 0 0 0 0 0 0 0 0 0 38 
0 0 0 71 0 0 67 0 70 0 0 0 0 0 0 0 17 20 1 0 76 0 0 0 0 81 0 0 0 0 0 0 0 0 0 0 9 0 0 0 6 0 0 0 4 0 25 30 28 26 0 27 0 0 0 0 0 0 0 39 0 36 0 0 0 0 0 44 0 0 46 47 0 0 0 0 55 0 0 0 0 
2 78 0 80 81 3 0 0 0 0 0 0 0 27 0 0 26 0 10 0 0 7 0 5 8 0 11 0 0 71 0 0 0 0 73 0 18 0 0 0 15 0 0 0 13 0 0 0 0 35 0 0 0 38 0 43 0 0 44 0 0 0 40 0 0 51 52 0 0 54 55 56 0 0 59 58 0 0 0 0 0 
0 60 0 0 0 66 0 0 61 0 0 0 0 0 0 12 8 11 73 0 67 70 0 0 0 0 74 0 0 53 0 0 0 49 55 0 0 2 0 0 0 0 0 0 0 0 0 21 0 0 0 18 14 0 0 25 0 0 0 30 24 0 0 0 0 0 0 0 0 0 0 0 0 0 0 40 46 0 42 0 0 
0 0 0 0 34 0 0 0 0 0 0 62 0 0 0 64 0 0 44 46 38 0 0 0 0 0 0 27 21 0 28 0 0 20 0 0 0 54 48 0 0 0 0 0 0 0 0 0 0 0 0 0 0 0 80 0 81 0 78 0 76 0 0 0 0 4 0 6 0 0 0 0 14 0 0 11 0 19 13 16 0 
0 0 75 0 0 1 0 80 0 22 20 0 0 25 0 28 0 27 8 0 0 0 4 0 0 0 0 0 0 0 73 0 0 0 0 0 0 18 0 0 13 0 19 0 11 29 0 0 35 33 0 0 0 36 0 41 0 0 42 0 0 0 0 0 55 0 0 0 0 0 0 54 0 0 0 0 62 0 58 0 63 
0 22 0 0 0 0 0 0 0 0 0 53 48 52 0 55 0 0 0 37 0 32 0 0 0 0 36 18 12 0 19 0 0 11 0 0 0 0 0 0 0 0 0 0 38 0 0 0 0 0 0 0 0 0 0 68 72 66 69 73 0 0 65 0 0 76 0 0 0 0 0 81 0 0 3 0 8 0 4 0 0 
0 67 0 69 0 73 0 0 68 13 0 17 0 0 14 19 0 0 80 0 0 0 0 0 0 0 81 0 57 0 0 0 61 0 0 0 0 0 0 0 0 5 0 8 2 20 0 0 0 0 0 25 0 0 0 0 0 30 33 0 31 0 0 39 0 0 0 0 38 43 0 45 0 51 48 0 0 0 0 0 54 
0 58 57 0 0 64 0 0 0 0 0 0 3 0 0 0 0 0 0 0 0 68 0 66 69 0 0 54 0 51 0 50 0 0 0 49 0 81 0 0 0 77 0 0 74 11 0 0 0 0 0 0 0 18 0 23 27 0 0 0 22 0 0 0 0 31 0 0 0 0 0 0 41 42 0 38 0 0 0 0 0 
0 13 12 0 0 19 11 0 0 0 0 0 0 0 41 0 42 45 26 0 0 0 0 21 24 0 0 0 0 0 10 0 0 0 0 4 34 0 0 0 31 32 37 0 0 0 50 0 0 0 49 0 0 0 0 0 0 0 0 0 0 0 0 0 0 67 68 0 65 0 0 0 0 0 0 0 0 1 76 0 0 
0 0 0 42 43 46 0 44 0 0 65 71 0 70 0 0 0 0 53 55 0 50 49 48 0 0 0 0 0 0 37 0 0 0 0 0 61 63 0 60 0 0 0 0 0 74 77 1 80 0 0 0 0 0 0 0 9 0 0 10 0 0 0 12 0 0 0 0 11 0 0 18 0 24 0 0 0 28 0 0 0 
0 0 0 6 0 10 0 8 5 0 0 0 30 0 32 0 0 0 0 19 11 0 0 12 15 0 0 0 0 0 1 0 79 0 80 0 25 27 0 0 0 0 0 0 0 0 0 0 0 0 0 43 0 45 0 0 0 0 0 0 0 52 0 57 0 58 59 0 0 0 0 0 0 69 66 0 71 0 67 70 0 
54 49 0 51 0 0 0 0 50 0 0 0 0 0 77 0 78 0 0 64 0 0 58 0 0 61 63 45 0 0 46 41 0 38 0 0 70 0 0 69 0 0 0 71 65 0 5 0 0 0 4 0 0 0 17 0 0 0 15 0 0 0 11 0 0 0 0 24 20 25 0 0 32 0 0 0 0 37 0 0 0 
