9
0 0 0 48 0 0 0 0 0 57 55 0 0 50 0 53 0 52 38 37 0 0 36 35 0 0 0 0 0 63 67 0 64 59 66 60 0 69 75 0 0 0 0 76 0 24 0 0 0 0 0 25 0 0 14 18 0 21 0 19 0 0 0 0 12 0 8 10 0 0 0 0 0 0 0 0 0 0 0 0 0 
80 0 0 0 81 0 79 77 0 0 0 0 0 5 0 0 0 0 74 73 0 70 72 71 69 75 68 17 0 18 0 0 0 0 21 0 0 0 30 0 0 0 0 0 26 0 0 0 0 62 0 0 59 0 0 0 0 0 0 0 51 0 0 47 48 49 44 0 0 42 0 0 39 0 0 34 0 32 0 0 38 
0 0 6 0 9 0 7 5 0 21 19 20 0 0 0 0 0 0 2 1 4 0 0 0 78 0 77 0 0 0 0 0 0 0 0 0 38 33 0 37 36 0 34 40 0 0 0 76 74 0 0 0 0 72 0 0 0 66 0 64 60 0 61 0 0 58 0 0 0 0 0 50 48 0 0 0 0 0 0 0 0 
0 0 0 0 0 0 52 0 0 66 0 0 67 0 0 62 60 0 0 0 0 0 0 0 42 0 0 0 74 72 76 0 73 0 0 69 0 0 3 0 0 77 79 0 0 0 0 40 0 0 0 0 0 0 0 0 0 0 29 28 24 26 25 20 0 0 17 0 0 15 16 0 0 13 0 7 0 5 8 0 11 
35 0 0 0 36 0 0 32 0 0 0 0 0 41 45 44 0 0 29 28 0 0 0 0 0 0 0 0 56 0 0 0 0 0 0 0 0 0 0 0 0 0 61 0 0 0 0 0 20 0 0 0 0 0 0 0 0 12 0 10 0 8 0 0 0 4 0 0 0 0 79 0 75 0 69 0 0 68 71 0 0 
0 64 0 0 0 67 0 0 0 0 0 0 76 0 72 0 0 0 56 55 0 0 54 0 0 57 0 0 0 0 0 79 0 0 3 78 0 6 12 0 9 5 7 0 0 42 46 0 0 0 0 0 41 0 0 0 0 0 0 0 33 0 34 0 30 0 0 0 27 0 25 0 0 0 0 0 0 0 17 0 0 
71 73 69 0 0 0 0 0 0 0 0 0 0 0 0 0 78 0 0 64 0 0 0 62 60 0 0 8 0 0 13 0 0 0 0 0 0 15 21 0 0 0 0 0 0 51 55 58 0 53 0 0 0 0 41 0 0 0 0 0 0 0 43 0 0 0 0 0 0 0 34 32 30 0 24 0 0 0 0 0 29 
0 0 15 0 0 0 0 14 0 0 0 29 31 0 0 0 0 0 11 10 0 0 9 8 6 0 0 0 0 36 40 0 0 0 39 0 47 0 0 0 0 0 0 0 0 78 0 0 0 0 0 0 0 81 0 0 0 0 0 0 0 0 70 0 0 0 62 0 63 0 61 59 0 0 0 0 0 50 0 54 0 
0 0 0 30 0 31 0 23 0 0 0 38 0 0 0 35 33 34 20 19 22 0 0 0 0 0 0 0 0 0 0 0 46 0 0 0 0 0 0 55 0 0 0 0 53 6 0 0 11 0 0 0 0 0 0 0 0 0 0 0 0 0 0 0 0 0 71 0 0 0 0 68 0 0 60 0 0 59 62 0 0 
64 66 0 68 65 0 0 0 0 0 0 76 78 0 0 0 0 0 0 0 60 54 56 55 0 0 52 0 0 2 0 0 0 0 0 0 0 8 0 0 0 0 0 0 10 0 0 0 0 0 0 0 43 0 0 0 0 0 40 0 35 0 36 0 0 0 0 30 29 0 0 0 23 24 0 0 0 16 19 0 0 
37 0 0 0 38 42 36 34 0 0 0 0 51 0 0 46 0 0 0 30 0 0 29 0 26 0 25 0 0 0 0 0 57 0 0 0 0 0 68 0 65 0 0 69 0 0 0 0 22 19 23 18 16 20 0 11 15 0 0 0 8 0 0 0 0 6 0 0 2 0 0 0 0 0 0 0 0 0 0 0 0 
0 30 26 32 0 0 0 25 0 0 39 0 0 0 38 0 35 0 0 21 0 0 0 0 0 0 0 0 0 0 0 45 0 43 0 0 0 0 59 0 0 0 0 0 0 8 12 0 0 10 0 9 0 0 0 2 0 0 0 0 0 1 81 0 0 0 0 0 0 0 0 70 68 0 62 0 0 0 0 65 67 
19 0 0 0 0 0 0 16 0 0 30 0 0 0 29 0 0 0 13 0 0 9 11 10 8 0 0 0 0 38 0 0 0 0 0 35 0 0 50 0 0 0 0 0 46 0 3 6 4 0 0 0 79 2 0 0 0 0 0 0 71 73 0 0 0 0 0 0 65 0 0 0 0 0 0 0 57 0 55 0 58 
0 75 0 77 0 78 0 0 0 5 3 4 0 0 0 0 0 81 67 0 0 0 65 0 0 0 0 0 13 0 0 0 12 0 0 0 0 0 0 0 0 0 0 0 0 0 0 60 0 0 59 54 0 0 0 0 0 50 0 48 44 0 0 0 41 42 0 0 0 0 0 0 0 0 0 0 30 25 28 29 0 
0 57 0 59 56 60 54 0 58 68 66 0 0 0 0 64 0 63 49 0 0 0 47 46 0 0 0 0 0 74 78 0 0 70 0 0 4 80 5 3 2 0 0 0 0 0 0 0 0 0 41 0 34 0 25 29 0 0 31 0 0 28 0 0 0 0 0 21 20 0 0 0 0 0 8 0 12 0 0 0 0 
10 12 0 0 0 0 0 0 0 0 0 0 0 0 0 0 0 18 0 0 6 0 0 0 0 0 0 0 0 0 33 27 0 0 0 0 0 0 41 0 0 34 0 42 0 0 0 0 76 0 0 0 0 0 0 0 69 0 67 0 0 0 0 58 0 0 0 57 56 53 0 52 0 51 0 0 0 0 46 47 49 
0 0 0 5 0 0 81 79 0 0 0 13 0 0 0 0 0 9 0 0 78 72 74 0 0 0 0 0 22 20 24 0 21 0 0 0 0 26 0 30 0 0 27 0 28 62 0 0 0 0 0 0 0 0 0 0 60 0 0 57 53 55 0 0 0 0 0 0 47 44 45 43 0 0 0 0 39 0 37 0 0 
0 48 0 0 0 51 0 0 0 0 0 0 0 0 56 55 0 54 0 0 0 0 38 0 0 0 0 64 67 65 0 0 0 0 0 62 0 0 0 75 0 0 0 0 0 0 30 0 31 0 32 0 25 29 0 0 0 23 0 0 0 0 0 13 0 0 0 0 0 0 0 7 0 0 0 0 0 79 1 2 4 
18 0 0 0 19 0 17 15 0 0 0 0 0 0 28 0 0 0 12 0 14 8 0 0 7 0 0 36 0 0 41 35 0 0 0 0 48 0 49 0 46 0 44 0 0 79 0 0 3 0 4 0 78 0 0 73 0 0 0 0 0 0 0 0 0 68 63 0 64 0 0 0 0 59 0 53 0 0 54 0 57 
0 0 0 40 37 0 35 0 0 0 0 0 0 0 0 0 43 0 0 29 32 26 0 27 25 0 0 0 0 0 0 53 56 51 58 0 66 0 0 65 0 0 0 0 63 0 0 0 21 18 0 0 0 19 0 0 0 13 12 11 0 0 0 0 0 0 0 0 0 0 0 0 0 0 0 0 74 0 0 73 0 
0 47 0 49 46 0 0 0 0 0 0 0 0 0 0 54 0 0 0 0 0 0 0 0 34 0 0 0 0 64 0 0 65 0 67 0 75 70 76 0 0 69 0 77 0 0 29 0 0 27 0 0 24 0 0 19 23 0 0 0 16 18 17 0 0 0 0 0 0 7 8 0 0 0 0 80 0 78 81 1 0 
72 0 0 0 73 0 0 0 0 0 0 3 0 0 0 0 0 0 0 65 0 0 0 0 0 67 0 0 0 0 0 0 0 6 13 0 21 16 0 0 0 0 0 0 0 0 0 59 0 0 0 0 0 0 0 0 0 0 0 0 0 45 44 0 0 0 36 0 0 34 0 0 31 0 0 0 0 0 0 28 0 
0 0 0 0 0 0 62 0 0 0 0 0 0 69 0 0 70 71 0 0 0 0 0 54 52 0 51 81 3 0 0 0 0 0 0 79 0 0 13 0 10 0 0 0 0 43 47 0 0 0 49 0 42 0 33 0 41 0 0 0 0 0 0 30 31 32 0 0 0 25 0 24 0 0 0 0 0 15 18 19 0 
27 29 0 31 0 0 0 0 0 40 0 0 0 0 0 36 0 0 0 0 0 0 19 0 0 0 15 0 0 46 0 0 0 0 49 0 0 0 0 0 0 51 0 0 0 0 11 0 0 9 13 0 6 0 78 0 0 0 0 0 79 0 0 0 0 0 0 74 0 0 71 0 67 0 61 0 0 0 63 0 0 
81 0 79 4 0 0 0 0 3 0 11 12 14 0 0 9 0 8 0 74 0 71 0 72 0 0 69 0 0 0 0 0 20 0 0 0 0 0 0 0 0 0 26 0 27 61 0 68 0 63 0 0 0 64 0 0 0 0 0 0 52 54 53 0 49 0 0 47 0 0 0 42 40 0 0 0 38 33 0 0 0 
0 0 0 0 55 59 0 51 0 0 0 0 0 0 64 0 0 0 0 0 0 0 0 45 43 0 42 0 0 0 0 0 0 0 0 0 3 0 0 0 1 78 80 5 0 34 0 0 39 36 0 0 0 0 0 0 0 31 0 29 25 0 0 21 22 0 0 0 0 0 0 0 0 0 0 8 0 0 0 0 12 
0 0 0 0 0 14 8 0 0 0 0 0 0 0 0 0 0 0 0 0 0 0 0 0 0 4 78 27 30 28 0 0 0 24 0 0 0 0 0 0 0 33 35 0 36 0 74 0 75 0 76 0 0 0 60 0 0 0 0 0 61 0 0 0 58 59 54 0 55 52 0 0 49 50 0 0 0 0 0 0 0 
0 0 29 0 0 0 0 0 0 44 0 0 45 37 0 0 0 0 0 24 27 0 0 22 0 0 19 49 0 0 54 0 51 0 53 0 61 0 0 0 59 55 0 0 0 0 0 0 16 0 0 12 0 0 0 5 0 8 0 6 2 0 0 0 0 81 0 78 0 0 0 0 0 0 0 0 69 0 0 0 0 
0 0 0 71 0 0 66 0 0 80 0 0 0 0 0 0 0 0 61 60 0 0 0 58 0 0 0 0 7 0 0 0 0 1 8 0 16 0 17 15 14 0 0 0 13 0 0 54 0 49 53 0 0 0 0 0 0 0 43 42 0 0 39 0 0 36 31 0 32 0 0 0 26 0 0 0 0 19 0 0 0 
0 78 74 80 0 0 75 73 79 0 0 7 0 1 0 0 0 0 0 69 0 0 0 0 0 0 0 13 0 14 18 0 15 0 0 11 25 0 0 24 0 0 0 27 0 0 0 63 0 58 0 0 0 0 0 0 0 53 52 0 0 49 0 0 0 0 0 0 41 38 0 0 0 36 29 0 0 0 0 0 34 
13 15 11 0 0 18 0 10 0 26 0 25 27 0 23 22 0 21 7 6 0 0 0 0 0 8 0 0 34 32 0 0 0 0 0 0 0 0 0 42 0 0 0 0 0 74 0 0 0 0 80 0 0 0 0 68 72 0 0 0 0 0 66 61 0 0 0 0 0 56 57 55 53 54 0 0 0 46 49 0 0 
0 24 20 0 0 27 0 0 0 0 33 0 0 0 0 0 0 0 0 0 0 0 14 13 11 17 10 0 0 41 0 0 0 37 0 0 0 0 0 0 0 46 0 0 0 2 0 9 7 4 0 0 0 0 0 0 0 0 0 0 0 0 75 0 0 0 0 0 0 65 0 64 0 63 0 0 0 0 0 59 0 
0 51 0 53 0 0 48 0 52 0 0 0 0 55 59 58 0 0 0 0 0 0 0 0 0 0 0 0 0 68 72 0 0 0 0 0 0 74 0 78 0 0 0 0 0 0 0 0 34 0 35 30 0 0 0 0 27 0 0 0 20 0 0 0 0 0 0 0 14 0 12 0 0 9 0 0 0 0 0 0 0 
0 60 0 0 59 0 57 0 0 0 69 0 0 0 68 0 65 0 0 0 0 0 50 0 0 0 0 0 0 0 81 75 78 73 0 0 0 2 8 0 5 0 3 9 0 0 42 45 0 40 0 39 0 0 0 32 0 35 0 33 29 31 30 25 26 0 0 0 0 0 21 0 0 18 0 0 0 0 0 0 0 
0 0 0 0 0 0 0 0 43 53 0 0 0 0 0 0 0 0 0 0 0 0 0 0 0 0 28 0 61 59 63 0 0 55 0 56 0 0 71 69 0 0 0 0 67 0 0 0 0 0 0 21 19 0 0 0 0 0 0 0 0 0 0 0 0 9 0 6 5 2 0 0 0 0 0 0 0 0 0 0 0 
4 6 2 0 0 0 0 1 0 0 15 0 18 10 0 0 0 0 0 0 0 0 0 0 0 0 0 0 25 0 27 0 0 0 0 0 34 0 0 33 0 0 0 0 31 65 0 72 0 0 71 0 64 0 0 59 63 0 0 0 56 0 57 52 53 54 0 0 50 0 48 46 0 0 0 0 0 0 0 0 0 
24 0 22 28 0 0 23 21 0 0 35 0 0 0 34 0 0 32 0 17 0 14 0 15 13 0 12 0 45 43 0 0 0 0 0 0 54 0 0 0 0 0 50 0 0 4 0 11 9 0 10 5 3 7 0 0 0 0 0 0 0 0 0 72 0 0 0 0 70 67 0 66 64 0 0 0 62 0 0 0 63 
6 8 0 0 7 0 0 0 0 0 0 0 0 0 0 0 13 0 0 0 0 0 0 78 0 0 0 0 27 25 0 0 0 0 0 0 36 31 37 0 34 0 0 0 0 0 0 0 0 0 0 0 0 70 0 61 0 0 63 0 0 0 0 0 0 0 0 0 0 0 0 0 0 0 0 0 44 0 42 0 0 
60 0 0 64 0 0 0 0 63 0 0 0 74 0 0 0 67 0 54 0 56 0 0 51 49 0 0 0 0 0 0 0 0 0 1 0 0 4 0 0 7 3 0 0 6 0 0 47 45 0 46 0 0 0 0 0 0 0 0 0 0 33 32 0 0 0 0 26 0 0 0 0 0 0 13 14 0 0 0 0 18 
0 0 0 0 16 0 0 12 0 0 26 27 0 0 0 24 0 0 0 0 0 5 0 0 4 0 0 0 0 34 38 0 0 0 37 0 0 0 46 44 43 39 0 47 0 76 80 0 0 78 0 0 0 0 0 0 0 0 0 0 0 0 0 0 64 0 0 0 0 0 0 57 0 56 0 0 0 0 0 0 0 
0 0 0 0 0 0 77 0 0 0 0 9 0 0 0 0 4 5 0 0 0 0 70 69 0 0 66 0 0 16 20 14 0 12 0 0 0 22 0 0 0 0 0 29 24 0 0 0 0 0 64 59 0 61 0 0 0 55 0 0 49 0 0 45 46 0 0 0 0 40 0 0 0 0 0 0 0 0 0 0 0 
0 0 49 0 52 0 0 0 0 64 0 63 65 57 0 60 0 0 45 0 0 41 0 0 0 46 0 0 72 70 74 0 0 0 0 0 0 0 0 0 0 0 77 0 0 31 35 0 36 0 37 32 0 0 0 25 29 0 0 0 0 24 23 0 0 0 0 0 16 13 0 0 10 0 4 5 0 0 0 7 0 
0 0 0 37 0 38 0 0 0 0 0 45 0 0 0 0 40 0 0 26 0 0 0 0 0 0 0 0 0 0 0 0 0 0 0 0 63 0 64 0 0 57 59 65 0 0 0 20 0 0 0 0 0 0 0 0 0 0 0 0 0 0 0 0 0 2 0 80 0 0 0 0 0 0 0 0 71 0 0 0 0 
0 0 0 0 0 47 0 0 0 55 0 0 0 48 0 0 0 0 0 0 0 32 34 33 31 0 0 0 63 0 0 59 62 0 64 0 72 0 0 71 70 0 68 0 0 0 26 29 0 0 0 0 0 25 0 0 0 19 0 0 13 15 14 0 10 11 6 0 0 4 0 3 1 0 0 77 0 0 0 79 0 
0 0 0 73 0 0 0 0 72 0 0 81 0 0 0 78 76 77 0 62 0 0 0 0 0 0 0 0 9 0 0 0 0 0 10 0 0 0 0 0 16 0 14 20 15 0 0 56 54 51 0 50 48 0 0 0 0 0 45 44 0 42 0 36 0 0 33 0 0 31 32 0 0 0 22 0 0 0 24 25 0 
0 67 0 69 0 0 0 0 0 0 0 0 0 0 75 0 0 0 0 0 0 55 57 56 0 0 0 0 0 0 0 1 4 80 0 0 0 0 0 0 0 0 0 16 0 0 0 0 0 0 51 46 0 0 0 39 0 0 0 40 36 0 37 0 0 0 0 0 0 0 28 0 0 0 0 0 0 0 0 0 0 
0 0 0 6 3 0 0 0 0 0 0 0 0 0 0 0 0 0 0 0 79 0 75 0 72 78 71 0 0 0 25 0 22 17 24 0 32 27 0 0 30 26 28 0 0 0 0 0 0 0 69 64 0 66 53 0 0 0 0 58 54 0 0 0 0 0 0 49 48 0 0 44 0 0 0 0 0 0 0 0 0 
0 0 45 0 48 0 0 44 50 60 0 0 0 0 57 0 0 0 0 40 0 0 39 38 0 0 0 65 0 0 0 0 0 0 69 0 0 0 78 76 0 0 0 0 0 0 0 0 0 0 33 28 26 30 0 0 0 0 0 0 0 0 19 0 0 16 0 13 0 9 0 8 0 0 0 0 0 0 0 3 5 
0 40 0 0 39 43 0 35 41 0 49 0 52 0 0 0 0 0 0 0 34 0 30 29 0 33 26 0 0 0 61 0 58 53 0 0 0 63 0 0 0 0 64 70 0 0 22 0 0 0 0 0 0 0 0 12 0 0 0 0 0 11 10 0 0 0 0 0 3 0 0 0 78 0 0 73 0 0 0 0 0 
0 0 0 0 30 0 0 0 0 0 0 41 0 0 0 0 0 0 0 0 0 19 0 0 18 0 17 47 0 0 0 46 49 44 51 0 59 0 60 0 57 0 0 61 56 0 0 0 0 0 0 0 0 0 0 0 0 0 5 0 0 0 0 0 0 0 0 0 0 0 73 0 0 0 0 0 67 0 0 66 0 
0 0 0 15 12 16 10 0 0 24 0 0 25 0 21 0 18 19 5 4 0 0 3 0 0 0 0 0 0 0 0 0 0 0 33 27 0 0 42 40 0 35 0 0 0 0 0 0 0 74 78 0 0 0 0 66 70 0 0 0 0 0 0 0 0 0 0 0 0 0 55 0 51 0 0 0 0 44 0 0 50 
0 0 0 60 0 61 0 0 59 0 0 68 0 62 0 65 0 64 0 0 0 0 0 47 45 0 44 74 0 0 0 73 0 0 0 0 0 0 0 0 3 0 0 0 2 0 0 0 41 38 42 37 35 0 0 0 34 0 0 31 0 0 28 0 24 0 20 0 0 0 19 0 0 0 9 0 0 0 0 12 0 
0 0 0 0 0 0 0 0 0 6 0 0 7 80 0 2 81 1 0 0 0 64 66 65 63 0 62 0 0 0 0 10 0 0 15 0 0 0 0 0 21 0 0 25 0 0 0 0 59 0 0 55 0 0 0 0 0 0 50 0 45 47 46 41 0 43 38 40 0 0 37 0 0 0 0 28 0 0 29 30 32 
0 22 0 0 0 0 0 0 0 33 0 0 34 0 0 0 0 28 0 0 16 10 0 0 0 0 0 0 0 0 0 0 0 35 0 0 50 0 0 49 48 44 0 52 0 0 4 0 5 0 0 0 80 3 71 0 0 0 77 0 72 0 0 0 69 70 65 0 66 0 64 0 0 61 54 0 0 0 0 0 59 
0 0 0 74 0 0 0 0 0 2 0 1 0 0 0 79 77 0 0 0 0 60 0 0 0 65 0 0 0 8 0 0 0 0 0 5 19 0 0 0 17 13 15 21 0 50 54 0 55 0 0 0 49 53 0 0 0 47 46 0 41 43 0 0 0 0 0 0 35 32 0 0 0 30 0 24 27 0 0 0 28 
0 63 0 65 0 0 0 58 0 0 0 0 0 0 71 0 0 0 0 54 57 0 0 0 0 0 0 0 1 80 0 0 81 76 0 0 0 5 11 0 8 4 0 12 7 0 0 0 0 0 47 0 0 0 0 0 0 0 37 0 0 0 33 0 29 0 0 27 0 0 0 0 0 0 0 0 18 13 0 0 0 
0 54 0 0 53 0 51 0 0 0 0 0 0 0 0 0 59 0 0 0 48 0 44 0 41 0 0 0 0 0 75 69 72 0 0 68 0 77 0 0 80 0 0 3 79 32 36 39 0 34 0 0 0 35 22 0 30 29 0 0 0 25 0 19 0 0 0 18 0 0 0 0 11 12 5 0 0 0 7 0 0 
0 0 0 0 0 21 0 0 0 0 0 0 0 22 0 0 0 0 0 0 0 0 0 0 0 0 4 0 37 0 39 0 36 31 0 0 46 0 0 0 0 40 42 48 43 0 0 0 1 0 0 0 0 80 0 0 0 0 0 0 0 70 0 0 0 0 0 0 0 0 0 0 0 0 0 0 0 49 0 0 0 
79 0 0 0 80 0 0 0 1 0 0 10 0 4 8 0 0 0 0 0 0 0 0 70 0 0 0 0 0 0 0 0 0 13 0 0 0 0 0 0 0 22 24 0 0 0 63 0 0 0 0 60 0 0 0 53 0 0 55 54 0 0 0 0 0 0 43 0 44 0 0 0 0 0 32 0 0 31 0 0 0 
0 9 0 0 8 0 0 0 10 20 0 0 0 13 0 0 0 0 0 81 0 0 0 0 0 0 76 0 0 0 0 0 0 0 0 0 0 0 0 36 0 0 33 0 0 68 0 0 0 70 0 69 0 0 0 0 66 0 0 0 59 0 0 0 56 57 0 0 0 0 51 0 0 48 41 0 45 0 0 0 46 
34 0 0 38 0 39 0 31 37 0 0 0 0 0 0 0 0 0 0 0 0 24 0 0 0 0 0 0 0 0 0 0 0 0 56 0 0 59 65 63 62 0 0 0 0 0 0 0 0 16 0 0 0 17 0 8 12 0 0 9 0 0 0 0 0 3 0 0 0 0 0 0 74 75 0 0 0 0 70 0 0 
0 0 0 0 0 0 0 22 28 0 0 37 0 31 35 0 0 0 0 0 0 0 0 16 14 0 0 0 46 0 48 0 0 40 47 41 0 50 56 0 0 49 0 57 0 5 0 0 0 0 11 0 0 0 76 0 3 0 1 0 77 79 0 73 74 75 70 72 0 68 0 0 0 66 59 60 0 0 0 0 0 
43 0 0 0 44 48 42 0 46 0 0 0 57 49 0 52 50 0 0 0 0 0 35 0 32 0 31 0 0 62 0 0 0 0 65 0 0 0 0 0 0 0 0 0 70 0 0 0 0 0 0 24 0 26 13 0 0 0 0 18 14 0 0 0 11 0 0 0 0 0 6 4 2 0 77 0 0 0 0 0 0 
0 0 10 0 0 17 11 9 15 0 0 24 0 0 0 21 0 0 0 5 0 0 0 3 1 0 0 30 0 0 0 0 32 0 0 0 0 0 0 0 40 0 0 0 39 0 0 0 0 0 0 0 72 0 0 67 0 0 69 0 0 0 0 0 61 0 0 0 0 0 0 54 52 0 0 47 0 0 0 49 0 
0 0 73 0 76 0 0 72 0 0 0 6 0 0 4 0 0 0 0 0 0 0 67 66 64 70 0 0 0 0 0 11 14 0 16 10 0 19 0 0 22 0 0 0 0 0 59 0 0 0 61 0 0 0 0 0 53 0 51 0 0 0 0 42 43 44 0 0 0 0 0 36 34 0 28 0 0 27 0 0 0 
0 41 0 0 0 0 0 36 0 0 0 0 0 0 0 0 46 0 0 0 0 0 31 0 0 0 27 0 0 0 0 56 0 0 61 0 0 64 70 0 0 0 0 71 0 0 23 26 0 0 0 20 0 0 9 13 17 16 0 0 0 0 0 0 0 0 0 0 4 0 0 0 0 0 0 74 77 0 75 0 78 
30 0 0 0 0 0 0 0 0 43 0 0 0 36 0 39 37 0 24 0 0 0 0 21 0 0 18 48 0 0 0 0 50 0 0 0 0 55 61 0 0 54 0 0 0 10 0 0 0 0 0 0 0 0 0 0 0 0 0 5 0 3 0 0 0 0 75 0 76 0 0 0 0 71 0 0 0 0 66 0 0 
66 0 0 0 0 0 0 0 0 0 0 0 0 0 0 0 0 0 0 59 62 0 0 57 55 0 54 0 0 0 0 2 0 0 7 0 0 10 16 14 0 0 11 0 0 0 0 0 51 0 0 0 45 49 0 40 44 0 0 0 0 39 38 0 34 35 0 0 0 28 0 27 25 26 19 20 23 0 0 0 0 
0 23 0 0 22 0 0 0 0 0 0 0 35 27 0 30 0 0 0 0 0 0 0 0 0 0 9 0 42 40 0 0 41 0 0 0 0 0 0 0 0 45 47 53 48 0 0 8 6 3 7 0 81 0 72 0 0 0 0 0 73 75 0 69 70 0 66 0 0 64 0 0 0 0 0 0 59 0 0 0 60 
0 0 0 0 0 62 0 0 0 70 68 0 0 0 0 0 0 0 0 0 53 0 0 0 0 52 0 0 0 0 80 0 0 0 0 0 6 0 0 5 0 81 0 0 0 0 41 0 42 0 0 0 0 0 0 31 35 0 0 0 28 30 0 24 25 26 0 0 0 0 0 0 16 0 0 11 0 0 0 0 15 
0 0 46 52 0 0 0 0 0 61 0 60 0 54 0 57 0 0 42 0 0 0 0 0 0 0 0 0 0 67 0 0 0 63 0 64 0 0 79 77 0 0 74 0 75 0 0 0 0 0 34 29 0 0 0 22 0 0 0 0 0 0 20 0 0 17 0 14 0 10 0 0 0 0 0 0 0 0 0 0 0 
0 0 0 0 0 0 0 0 0 16 0 0 0 0 0 0 0 11 0 77 0 0 0 0 0 0 72 0 0 0 26 0 0 18 0 0 0 0 0 0 31 0 29 0 30 0 0 0 69 0 0 0 63 0 54 0 62 0 60 0 55 0 56 0 0 0 48 0 0 0 47 45 0 0 0 0 0 36 0 0 0 
23 0 0 0 0 28 22 20 0 0 34 0 37 0 0 0 30 31 17 0 0 13 15 0 0 0 11 0 0 0 46 40 0 0 0 0 0 0 54 0 0 0 49 0 50 0 7 10 0 0 9 0 0 0 74 0 0 0 0 0 75 77 0 0 0 0 0 70 69 0 0 0 0 64 57 58 0 0 0 0 0 
5 0 0 0 0 10 4 0 8 0 0 0 0 11 0 0 0 13 0 0 1 0 78 0 0 81 0 0 0 0 0 0 0 20 27 0 0 0 0 0 0 0 0 0 0 0 0 0 71 68 0 0 0 69 0 0 64 0 0 0 0 59 0 53 0 0 0 0 0 0 0 0 0 46 0 0 0 0 0 42 44 
32 0 30 0 0 0 31 0 0 0 0 0 0 0 0 0 39 40 26 0 28 22 24 23 21 0 0 0 0 0 0 49 0 47 0 48 0 0 0 61 0 0 0 0 0 12 0 0 0 14 0 0 0 15 0 6 10 0 8 0 3 0 4 0 0 0 0 79 78 75 0 0 0 0 0 67 0 65 0 69 0 
0 43 0 0 0 0 0 0 44 0 0 0 0 47 0 0 48 0 0 34 37 31 0 32 0 0 0 0 0 60 64 58 0 56 0 0 71 0 72 70 0 0 0 0 68 21 0 0 0 0 0 22 0 0 0 15 0 0 17 0 0 0 13 0 0 10 5 7 0 0 0 0 0 1 0 76 79 0 0 0 0 
50 0 0 0 0 55 0 47 0 63 0 0 0 0 0 0 0 0 44 0 0 0 0 0 0 0 0 68 0 69 0 0 0 0 0 0 0 0 0 0 0 0 0 1 77 30 0 0 0 0 0 31 0 0 0 0 28 0 0 0 21 23 0 17 0 0 0 0 0 0 0 0 0 0 3 0 7 0 0 0 0 
0 0 0 0 0 0 0 11 0 27 25 0 28 20 24 0 21 22 0 7 0 0 0 0 0 0 2 0 0 33 0 0 0 29 0 0 0 0 0 43 42 0 0 0 0 0 0 0 0 0 81 0 0 0 65 0 73 0 71 0 0 68 0 0 0 0 0 61 60 0 0 0 0 55 48 0 0 0 0 0 53 
68 0 0 0 0 73 67 0 0 0 0 0 0 74 0 0 0 0 62 61 64 58 0 0 0 0 56 0 8 0 0 0 0 0 0 0 17 12 0 0 0 0 0 19 0 0 0 55 0 0 0 0 47 51 0 42 46 45 0 0 0 0 0 0 0 0 32 0 33 0 31 0 0 0 0 0 0 0 0 0 0 
0 0 57 63 0 0 0 0 62 0 70 0 0 0 0 0 66 0 0 52 0 49 0 0 0 0 0 0 80 0 0 0 0 0 0 75 0 0 9 0 0 2 0 10 5 0 0 0 0 0 0 0 38 42 0 0 0 36 35 34 30 0 31 0 27 28 23 0 0 21 0 20 0 0 12 0 16 0 0 15 0 
0 0 0 0 0 0 0 74 80 0 7 0 0 0 0 0 3 4 71 0 73 0 0 0 66 72 0 0 0 0 0 0 0 0 0 0 0 0 27 0 24 0 0 0 23 0 0 0 0 0 63 58 0 60 0 51 0 54 0 0 48 0 0 0 0 0 0 0 0 0 40 0 36 0 0 0 0 0 0 0 35 
