9
0 68 0 64 0 0 0 0 0 0 0 0 0 0 81 0 7 4 0 0 0 0 0 27 0 0 0 0 0 0 0 0 0 0 52 48 15 0 12 16 0 10 0 0 0 0 0 0 0 0 0 0 0 0 0 0 38 0 0 0 41 37 0 0 25 0 0 23 24 0 22 0 0 0 0 0 0 0 61 0 0 
0 14 0 10 8 12 0 0 0 0 0 26 32 28 0 30 34 0 59 0 56 0 58 0 0 0 0 0 72 73 0 0 0 0 79 0 0 0 0 43 0 0 41 0 0 0 0 0 0 25 0 0 17 0 0 0 65 0 69 0 0 0 70 0 0 46 48 0 51 0 0 0 0 81 4 0 0 0 7 6 2 
0 0 0 0 0 0 0 33 29 0 47 0 0 0 0 0 52 0 0 73 0 0 0 0 0 78 75 0 9 0 0 0 0 0 16 0 0 0 57 0 56 0 0 0 0 0 0 0 38 0 41 40 0 36 0 80 0 0 0 0 5 1 0 0 0 0 0 0 0 0 67 65 19 18 22 0 0 17 0 24 0 
0 0 0 0 0 0 7 0 2 24 0 0 0 0 0 21 0 0 0 0 47 0 0 0 0 0 48 0 0 64 0 0 0 69 0 0 33 0 30 0 0 0 32 0 0 0 0 0 0 0 0 0 0 0 0 0 0 0 0 0 59 0 0 0 0 0 0 41 42 0 0 0 0 0 0 0 0 0 79 0 0 
49 50 0 0 0 48 0 0 0 0 0 62 0 64 0 0 70 67 0 0 0 0 13 9 8 0 0 0 27 0 31 32 26 0 0 0 78 0 0 0 0 0 0 0 0 0 0 57 0 0 0 58 53 0 0 17 0 0 0 0 23 19 0 80 7 0 3 5 0 81 0 0 0 36 0 0 39 35 0 42 0 
58 0 54 0 0 0 61 0 56 0 0 0 0 73 0 0 0 0 23 0 20 0 22 0 0 24 21 38 0 37 0 0 35 0 43 39 0 0 0 0 0 0 0 0 0 0 0 0 65 70 68 0 0 0 31 0 0 0 0 0 0 28 0 0 0 0 0 14 0 0 13 0 0 0 49 50 48 44 0 51 47 
0 0 0 0 35 39 0 0 38 60 0 0 0 55 0 0 0 0 5 1 0 7 4 81 80 0 3 0 0 0 0 0 0 0 25 0 69 63 0 70 0 0 0 0 0 0 51 0 0 0 50 0 0 45 0 8 0 0 0 0 0 10 0 0 0 73 0 0 0 0 0 0 0 0 0 0 0 26 0 0 0 
22 0 0 19 0 0 0 0 0 42 0 0 0 0 0 0 43 0 0 64 65 0 0 63 0 0 0 2 0 0 0 0 0 0 0 0 51 0 0 0 47 0 50 0 0 0 0 0 0 0 32 0 0 27 0 0 74 0 0 0 0 0 0 0 61 0 0 0 0 54 58 56 0 9 0 14 0 0 0 0 0 
0 0 72 73 0 75 0 0 0 0 11 0 0 0 0 0 0 0 0 0 0 0 0 0 0 42 39 0 54 0 0 0 53 0 61 57 0 0 0 0 0 0 0 0 17 0 0 3 0 0 0 4 80 0 49 0 0 0 0 0 0 0 0 0 34 0 0 0 33 0 0 29 64 63 0 0 0 0 0 69 0 
0 0 29 30 0 0 0 0 0 0 49 0 0 0 0 0 54 0 0 0 0 81 0 0 0 0 0 13 11 12 0 0 0 0 18 0 0 56 0 0 0 57 0 0 55 0 0 41 0 0 43 42 37 38 0 0 0 0 0 0 0 0 9 0 0 0 0 0 0 65 0 67 21 0 0 0 0 19 27 26 0 
0 0 0 12 10 14 0 0 0 35 0 0 0 0 29 0 0 0 61 0 0 63 0 0 55 0 0 0 0 0 0 0 0 80 0 77 0 0 0 0 40 0 43 0 0 0 0 0 0 0 0 0 0 0 0 0 0 0 0 0 0 66 0 0 0 48 0 0 0 0 0 49 0 0 0 0 5 0 9 8 0 
0 0 74 0 0 0 0 80 0 0 0 0 16 0 11 0 0 0 0 0 0 0 42 38 0 0 0 58 56 0 0 0 55 0 0 59 0 0 0 0 0 0 0 0 19 0 0 5 0 0 0 0 0 2 0 46 0 0 0 0 52 0 0 0 0 0 32 0 0 29 0 31 0 0 69 0 0 0 0 71 67 
0 25 0 21 0 0 0 0 0 0 0 0 43 0 38 41 0 42 70 0 0 0 0 65 64 0 0 0 2 0 0 0 0 8 0 0 53 0 50 54 49 0 0 0 46 0 0 0 31 36 0 0 0 29 0 0 0 0 0 74 0 0 0 0 0 0 0 0 0 0 60 0 0 11 0 16 0 0 0 0 13 
0 0 0 0 0 0 9 0 4 0 0 19 25 0 0 0 27 0 0 48 0 0 0 0 46 0 0 0 0 66 0 0 0 71 0 68 0 0 0 0 0 0 0 0 0 0 0 0 13 0 16 0 10 11 0 0 0 0 62 0 0 0 0 37 0 0 41 0 0 0 42 0 0 74 0 0 0 0 0 80 0 
0 52 0 0 0 0 54 53 0 0 67 0 0 0 0 68 72 0 0 12 0 0 15 11 0 17 14 0 29 0 0 34 0 35 0 0 0 74 0 0 76 0 0 78 73 0 0 59 58 63 0 60 55 0 24 0 0 0 0 20 0 0 0 0 0 0 0 0 0 0 0 0 0 0 42 43 0 0 45 44 0 
69 0 0 0 0 0 0 0 0 0 0 0 7 0 2 5 9 0 0 0 0 0 33 0 0 35 0 0 0 0 0 0 0 0 54 0 0 0 14 18 13 0 16 15 0 75 80 0 0 81 79 0 0 0 0 37 0 0 44 0 43 0 0 0 0 21 0 0 0 0 0 22 0 0 0 0 59 55 63 0 58 
60 0 0 0 55 0 0 0 58 0 0 73 0 0 0 0 0 0 0 21 0 0 0 0 0 26 0 40 0 0 0 43 0 0 0 0 0 0 5 9 0 3 0 0 0 66 0 0 0 0 0 0 0 0 0 0 0 0 35 0 0 0 0 0 18 0 0 0 17 11 0 13 0 0 0 52 50 0 0 0 0 
0 43 38 0 0 0 0 0 0 0 0 55 0 0 0 59 63 0 0 0 0 0 0 0 0 8 5 0 0 0 24 0 0 0 0 0 71 0 0 0 0 0 0 0 0 0 0 0 0 54 52 51 0 47 0 0 0 0 17 0 0 0 0 0 81 0 0 0 80 74 0 0 30 0 0 34 0 0 0 0 31 
0 51 46 0 0 0 0 0 48 70 0 0 0 65 0 0 0 68 15 0 0 0 0 0 0 0 0 30 0 0 0 0 0 0 0 0 0 0 0 0 0 0 78 0 0 0 0 0 0 0 60 59 0 0 23 0 0 0 0 0 0 0 0 0 0 0 0 0 0 1 5 3 38 37 41 42 40 0 0 43 39 
0 0 0 0 0 0 44 43 0 0 57 0 0 0 55 0 0 0 0 0 0 8 5 0 81 0 4 0 0 0 0 0 0 0 0 0 0 64 0 71 0 0 69 68 0 0 0 0 48 0 51 0 0 0 0 0 0 0 0 0 0 0 0 0 0 74 76 0 0 0 0 75 0 0 32 0 0 0 35 0 30 
0 0 0 0 18 22 26 25 21 0 39 0 42 0 37 0 0 41 69 65 0 0 0 0 63 70 0 3 0 0 5 6 0 0 8 4 0 46 0 0 48 0 51 50 0 29 0 0 0 0 0 0 0 0 77 0 0 76 0 0 78 74 0 0 0 0 58 60 61 0 59 57 0 0 0 15 13 9 0 16 12 
0 33 28 0 0 0 0 0 0 0 0 0 0 47 0 0 0 50 0 0 0 0 0 0 0 0 0 12 0 11 0 0 9 0 0 0 61 55 0 0 57 56 0 0 54 38 0 40 0 0 0 0 0 0 5 0 0 0 0 0 6 0 0 63 71 0 0 0 0 0 0 66 0 0 0 24 0 0 26 0 0 
5 0 0 0 0 0 8 7 0 0 21 0 24 0 0 0 26 0 0 0 48 0 0 0 45 0 0 66 64 0 0 69 0 0 0 0 0 0 0 0 30 0 0 32 27 11 0 0 12 0 0 14 0 0 59 54 0 0 0 55 0 0 0 0 0 38 40 42 43 0 0 39 74 0 0 78 0 0 0 79 0 
14 0 10 0 9 13 0 0 0 0 0 27 0 29 28 0 35 0 0 0 0 0 0 0 0 61 0 0 0 74 77 78 72 0 0 0 43 37 0 0 0 0 0 0 0 0 0 22 0 26 0 0 18 0 0 63 0 67 0 0 0 0 0 45 0 0 0 0 0 0 0 0 2 0 0 0 0 81 0 0 3 
0 0 0 0 72 0 0 0 0 0 0 0 0 0 0 13 0 0 0 0 39 0 0 0 0 0 0 57 0 0 59 0 0 61 0 0 25 0 0 0 0 0 0 0 0 0 0 0 0 8 6 0 0 0 0 0 0 0 52 0 0 0 53 0 35 0 0 33 34 0 0 0 0 0 68 0 0 0 0 0 0 
68 0 64 0 0 0 0 0 66 0 0 0 6 2 1 0 0 5 0 0 0 0 0 0 0 34 0 0 0 0 50 0 0 52 0 49 0 0 0 0 12 0 0 0 0 0 79 0 75 0 78 0 72 73 41 0 0 0 0 0 0 0 44 0 0 0 0 0 25 0 23 21 0 0 0 60 58 0 0 61 0 
59 60 0 56 0 0 0 61 0 0 75 0 78 0 73 0 0 0 0 0 0 26 0 0 0 0 0 0 0 0 0 0 36 0 0 0 0 0 0 8 0 0 6 0 0 0 0 0 0 71 0 0 0 0 0 0 0 0 0 28 0 0 0 0 0 0 0 15 0 10 14 12 47 0 0 0 0 0 0 52 48 
0 0 51 0 0 0 0 0 0 0 0 0 0 0 69 0 0 73 0 0 0 22 19 15 0 0 0 0 0 34 0 0 32 0 0 0 0 0 0 0 0 0 0 0 0 61 0 63 62 0 0 0 59 0 28 0 0 27 0 0 0 25 0 0 0 0 0 11 0 0 0 0 0 0 0 0 0 0 49 0 44 
0 0 0 0 5 0 0 12 8 0 0 0 29 0 0 0 0 0 56 52 53 0 0 0 0 57 0 0 0 70 73 74 0 75 76 0 0 0 0 0 0 34 0 0 0 0 0 0 17 22 0 0 0 0 64 0 0 0 0 0 0 0 67 41 49 0 0 47 0 0 0 44 79 0 0 2 0 77 0 0 80 
0 0 0 43 0 0 0 0 0 66 0 59 0 0 0 63 0 0 0 7 8 13 0 0 0 12 9 26 24 0 28 0 0 0 0 27 75 69 72 0 0 70 74 0 0 0 57 0 53 58 0 0 0 0 0 0 0 0 0 0 20 0 0 0 0 0 81 0 0 0 0 0 0 0 37 38 36 0 0 0 0 
0 0 69 0 0 0 76 0 0 0 0 0 11 0 6 9 0 0 0 0 35 0 37 0 0 0 0 0 0 0 0 56 0 57 0 0 0 0 0 0 0 0 20 0 0 0 0 81 0 4 0 1 0 0 46 0 44 0 48 42 0 43 49 0 31 0 0 29 0 24 0 0 0 0 0 0 0 0 0 0 62 
0 0 60 0 0 63 67 66 0 0 0 77 0 0 78 81 0 0 0 0 0 0 0 0 0 0 0 0 0 43 0 0 0 0 0 45 0 0 9 13 8 7 11 0 0 70 0 72 0 0 0 0 0 69 0 0 0 0 39 0 0 0 40 0 0 16 0 0 0 15 0 0 52 0 55 56 0 50 0 0 0 
0 0 0 0 0 0 4 0 80 0 0 0 0 0 0 18 0 0 47 43 0 0 0 0 41 48 45 0 0 0 64 0 59 0 0 0 0 24 27 0 0 0 29 0 0 0 0 9 8 13 11 0 5 0 55 50 0 0 57 0 0 52 0 32 0 34 0 0 39 0 37 35 0 0 0 0 0 0 0 0 71 
0 0 0 0 14 0 0 0 0 0 0 0 0 0 0 0 0 0 0 0 0 67 64 0 0 66 63 80 78 0 0 0 0 3 0 0 48 0 0 0 44 0 0 0 41 0 30 0 0 0 0 0 23 0 0 68 0 0 0 0 0 70 0 0 0 0 0 56 57 0 0 0 7 6 0 11 9 5 13 0 8 
0 38 33 0 0 36 40 39 35 57 53 50 0 52 0 0 0 0 2 0 80 4 0 78 77 3 81 0 0 0 0 20 0 0 0 0 66 0 0 0 0 61 0 0 0 0 0 0 0 49 47 0 0 42 0 0 8 9 0 0 0 0 13 0 76 0 72 74 0 0 0 71 0 24 0 0 0 0 0 30 0 
0 0 24 0 23 0 0 0 26 0 44 41 47 0 0 0 49 0 74 0 71 0 73 0 0 0 72 0 0 0 10 11 0 0 13 9 0 0 54 0 53 0 0 55 50 0 0 0 35 40 0 0 0 0 0 77 80 0 0 0 0 0 0 59 0 0 0 65 66 0 0 0 0 15 19 0 18 0 22 0 0 
0 0 0 53 51 0 59 0 54 0 0 0 0 0 0 0 0 0 0 17 0 0 0 0 0 22 0 0 34 0 38 0 0 0 41 0 0 0 0 5 0 0 0 2 0 0 0 0 0 0 66 0 0 61 0 24 0 0 31 0 0 26 32 0 0 0 0 0 0 0 11 0 0 0 0 0 0 42 50 0 45 
0 0 0 17 0 0 23 0 0 0 0 0 39 0 0 37 41 0 0 0 0 0 0 61 0 0 0 81 0 80 0 3 0 4 0 1 0 0 0 0 0 0 0 47 42 0 31 0 0 0 0 29 0 25 0 0 0 0 0 70 0 71 77 0 0 53 0 57 0 52 0 0 0 7 11 0 0 0 0 0 0 
0 0 0 0 0 0 0 0 0 0 0 0 0 80 79 1 5 0 0 0 0 32 29 0 24 31 0 0 0 44 0 0 42 49 0 0 0 7 0 0 9 0 0 0 6 0 76 73 72 0 0 74 69 0 0 33 36 0 0 0 0 0 0 0 0 0 0 0 22 16 0 18 0 0 0 0 0 0 59 0 54 
0 0 79 80 0 0 0 0 0 0 18 0 0 0 0 0 23 0 0 44 0 50 0 0 42 49 0 0 0 62 65 0 0 67 0 0 0 25 0 0 0 0 30 0 0 0 0 0 9 0 0 0 0 7 0 0 0 55 58 0 57 0 0 33 41 0 37 0 0 34 0 36 0 70 0 0 0 0 0 0 0 
47 0 0 0 42 46 50 0 45 0 63 60 0 0 0 0 0 0 0 0 0 0 0 7 0 13 10 27 0 26 0 0 0 0 32 0 76 0 0 0 0 0 0 0 0 0 0 0 0 59 0 0 0 52 0 0 0 0 22 16 0 0 0 0 0 80 0 0 0 79 2 0 35 0 0 0 37 0 41 0 0 
0 0 0 0 0 0 0 40 36 58 0 0 0 0 0 0 0 0 0 80 0 0 0 79 78 0 1 0 0 0 0 0 0 22 23 0 0 61 64 0 0 0 0 0 0 0 49 0 0 0 48 0 42 0 0 0 0 0 0 7 0 8 14 69 0 0 0 0 76 0 0 0 0 25 0 0 28 0 0 0 27 
0 0 0 0 24 0 32 0 27 0 0 42 0 0 0 0 0 0 0 71 0 77 0 70 0 76 0 0 0 0 11 0 0 13 0 0 0 0 55 0 54 53 0 0 0 0 0 37 0 0 39 0 0 34 2 0 0 0 4 0 0 0 0 60 68 0 64 66 67 0 65 0 17 0 0 21 0 0 23 0 18 
74 0 0 71 69 0 77 0 0 13 0 0 12 8 0 0 0 0 0 0 0 0 0 34 33 0 0 0 0 0 0 0 0 0 0 55 22 0 0 0 0 0 0 0 0 0 0 0 0 5 0 0 0 0 0 0 0 0 0 0 0 0 0 0 32 0 28 0 31 0 0 0 0 0 0 0 64 0 0 0 0 
0 0 7 0 0 0 0 0 9 0 0 0 30 26 0 28 0 0 57 53 0 0 0 52 0 58 0 0 0 71 0 0 0 76 77 0 0 34 0 0 0 0 0 0 0 0 22 0 0 23 0 0 15 0 0 0 63 0 67 0 0 62 0 0 0 44 0 0 0 0 47 45 80 0 0 3 0 78 0 4 81 
25 26 0 22 0 0 28 0 23 45 0 0 0 40 39 42 0 0 0 67 0 0 0 66 0 0 69 0 0 0 0 0 0 9 0 6 0 0 0 0 0 49 53 52 47 31 36 33 0 0 35 34 0 0 79 0 77 78 81 0 80 76 1 0 0 0 0 62 0 0 0 0 0 0 16 0 0 11 0 0 0 
0 8 0 4 2 0 0 0 0 0 0 0 0 0 0 0 0 25 0 0 0 55 0 48 47 0 51 0 0 0 0 0 0 0 0 69 0 0 0 0 32 0 35 0 29 0 0 0 0 0 17 16 0 0 61 56 0 60 0 0 0 0 64 0 0 0 0 0 0 39 0 0 0 0 79 80 0 0 1 81 0 
34 0 0 0 0 0 37 0 32 0 0 47 0 49 0 0 0 0 80 76 0 1 0 0 0 0 0 14 0 0 0 0 0 0 0 0 0 0 0 64 0 58 0 61 0 0 0 0 0 46 0 0 0 0 0 0 0 0 0 0 0 0 0 0 0 67 69 0 72 66 70 68 0 0 25 26 0 20 28 0 0 
0 0 0 0 0 69 0 0 0 9 0 0 0 0 0 0 0 0 0 31 0 0 34 0 0 36 33 0 48 0 0 0 47 0 0 0 18 0 0 0 0 13 0 0 0 0 0 78 0 0 0 0 74 0 0 0 0 0 45 39 0 0 0 0 0 0 0 0 0 0 0 23 0 0 0 0 60 0 0 0 59 
52 0 0 49 0 0 0 0 0 72 68 65 71 67 0 0 73 70 17 13 0 0 0 12 0 0 0 32 0 0 0 0 0 0 37 0 0 0 78 0 0 76 80 79 0 58 0 0 0 0 62 61 0 0 0 0 0 24 27 21 0 0 0 0 0 4 6 0 0 0 7 0 40 0 0 0 0 38 0 45 41 
43 0 39 0 0 0 0 45 0 63 0 0 62 0 57 0 0 0 0 0 0 0 0 3 0 0 0 0 0 0 25 0 20 0 28 0 0 0 0 0 0 0 0 0 0 0 0 51 0 55 0 0 47 0 0 11 0 0 18 0 0 0 0 74 0 0 0 80 0 75 0 0 31 30 0 0 0 29 0 0 0 
0 0 75 76 0 0 1 0 77 0 0 0 17 0 0 0 0 16 0 0 0 46 43 0 0 0 0 59 57 0 61 0 0 63 64 0 0 21 0 28 23 0 0 0 0 0 9 0 0 0 8 7 0 3 52 0 0 0 0 48 0 0 55 0 0 0 33 0 36 0 0 0 67 0 0 71 0 0 0 0 0 
0 62 57 0 0 0 0 0 0 0 0 0 0 0 0 0 0 0 0 22 0 28 25 0 0 0 0 0 39 0 0 0 0 0 0 42 0 3 0 10 5 4 0 7 0 0 0 0 68 0 71 0 0 0 0 0 32 33 0 30 35 0 0 0 0 0 15 0 18 12 16 0 0 0 0 0 0 0 0 54 50 
16 0 12 13 0 0 19 18 0 0 0 0 35 0 30 0 0 0 62 58 59 0 0 0 0 63 0 77 0 0 0 0 74 0 0 78 45 0 0 0 0 0 0 43 38 0 0 24 0 0 0 0 0 0 0 65 0 0 0 0 0 0 0 0 0 0 51 0 0 0 0 0 4 3 0 8 0 0 0 9 0 
27 0 0 24 0 26 0 0 25 47 0 0 0 0 41 0 0 0 0 0 0 75 0 0 67 0 0 7 0 0 0 0 0 0 12 0 0 0 0 0 0 0 0 0 0 0 38 0 0 39 37 0 0 0 81 0 0 0 0 0 0 0 3 0 0 0 0 64 0 0 0 0 0 14 18 19 0 0 0 0 0 
63 64 0 60 0 62 66 65 61 0 0 0 0 78 77 0 0 0 28 0 0 0 0 0 0 0 0 0 41 0 0 0 0 0 0 44 0 5 0 12 0 0 0 9 0 0 0 0 0 0 0 72 0 0 0 0 0 0 38 32 0 0 0 0 21 15 0 0 0 0 0 0 0 0 0 55 0 0 0 0 0 
0 46 0 0 40 44 0 0 43 0 0 0 0 0 0 0 0 0 0 0 7 12 0 0 0 11 0 0 0 0 27 28 0 0 0 26 74 0 71 75 0 69 0 72 0 0 0 0 0 0 0 0 49 0 18 0 0 0 0 0 0 0 21 0 0 0 0 0 0 0 0 0 0 0 0 37 0 0 39 38 0 
0 0 0 0 0 53 57 0 52 0 0 0 0 0 0 71 0 0 0 0 0 0 0 0 0 0 0 0 0 33 36 0 31 38 0 35 2 0 0 0 79 0 0 81 0 0 0 62 61 0 0 63 58 59 0 0 0 0 0 0 0 0 0 0 0 6 8 0 0 5 0 0 42 41 45 0 0 40 0 0 43 
0 10 0 0 0 0 0 0 0 29 0 0 28 0 23 0 0 0 0 0 0 0 0 0 0 0 53 70 0 0 0 0 0 0 0 0 0 32 35 39 0 0 37 36 31 0 0 0 16 0 19 0 0 0 0 0 61 0 65 0 64 0 0 0 0 0 0 0 0 41 45 0 0 77 0 0 80 0 0 0 0 
18 19 0 0 0 17 0 0 0 0 0 0 37 0 0 0 39 0 0 0 0 0 0 59 58 0 0 0 0 78 0 1 0 2 3 0 47 0 0 0 0 42 0 45 0 0 0 0 0 30 28 0 22 0 0 0 0 0 0 68 0 69 0 49 0 0 0 55 0 0 0 0 0 0 0 0 8 0 12 0 0 
81 0 0 0 0 0 0 2 79 0 0 0 0 15 0 0 0 0 0 42 0 48 0 0 0 47 0 0 0 0 63 0 0 65 0 62 29 0 0 0 0 0 0 0 22 0 0 0 0 0 0 0 4 0 54 49 0 0 0 0 0 0 57 0 39 33 35 0 0 0 0 34 0 0 0 73 0 67 75 0 0 
0 37 0 33 0 0 39 0 0 0 0 0 0 51 0 53 0 0 0 0 0 3 0 77 0 2 80 0 0 0 0 19 13 20 21 0 65 59 62 0 0 0 0 0 58 0 0 0 43 48 46 45 0 0 0 0 0 8 11 5 10 0 0 0 0 0 71 73 74 0 72 0 24 23 0 28 0 0 30 0 0 
0 73 68 0 0 0 0 74 70 0 0 0 0 0 0 8 0 0 0 0 0 0 0 0 31 0 35 0 50 0 0 55 0 56 57 0 0 14 17 0 0 15 19 0 0 0 0 0 79 3 0 0 0 0 0 0 0 0 47 41 0 0 48 0 0 0 0 0 0 0 0 0 0 59 0 64 62 58 0 65 61 
0 0 0 9 7 0 0 14 10 32 0 0 0 0 0 0 33 0 0 0 0 0 0 0 52 0 56 0 71 0 0 76 70 0 0 74 0 0 0 0 0 0 40 39 0 0 0 0 0 24 0 21 0 0 0 0 64 0 0 0 0 0 0 0 0 0 47 0 50 44 0 46 0 0 0 4 2 0 6 0 0 
0 0 0 0 0 0 78 0 73 14 10 0 13 0 0 0 15 12 0 36 0 0 0 0 0 0 0 0 53 54 0 0 0 0 0 0 0 0 0 0 0 0 0 0 0 81 0 0 1 0 0 3 0 0 0 43 0 47 0 0 0 0 51 0 0 0 0 31 0 26 30 0 0 0 0 0 0 0 69 68 64 
0 0 62 0 61 0 0 0 0 5 1 0 0 81 80 0 6 0 31 0 0 0 0 0 25 0 0 0 0 0 48 0 0 50 51 0 0 8 11 15 0 0 0 0 0 0 0 0 73 0 0 0 0 0 0 0 37 0 0 0 0 0 0 0 24 0 0 0 0 0 21 0 0 0 0 0 0 52 0 0 0 
0 0 35 0 0 0 0 0 0 59 55 0 0 0 0 0 0 0 0 0 1 0 0 0 0 5 0 0 0 18 0 22 0 0 24 0 0 0 65 69 0 63 0 0 61 0 0 0 0 51 0 48 0 0 0 0 10 0 0 8 0 0 0 0 78 72 0 0 77 0 0 0 27 0 0 31 0 0 0 32 28 
0 58 0 0 0 0 0 59 0 0 0 0 0 0 0 0 0 0 0 18 0 24 21 0 0 0 0 0 0 0 0 0 34 41 0 0 5 0 0 0 0 0 4 0 79 0 68 0 0 0 0 0 61 0 0 0 0 29 0 0 31 0 0 0 0 0 0 0 0 0 0 10 45 0 0 49 0 0 0 0 0 
0 22 17 0 0 0 24 0 0 41 0 34 0 0 0 38 0 0 0 0 0 0 0 0 0 0 0 1 0 0 0 0 0 0 6 2 0 44 0 0 0 0 0 48 0 0 32 0 0 0 0 30 0 0 75 0 73 0 77 71 0 0 0 0 60 54 56 0 0 0 0 55 0 8 12 0 0 7 15 0 10 
0 0 0 45 0 47 0 0 46 68 64 0 0 0 62 0 0 66 0 0 10 15 12 0 0 0 0 28 0 27 0 0 25 0 0 29 0 0 74 0 0 0 0 0 0 0 0 56 0 0 58 0 0 53 0 0 0 0 23 0 0 18 24 0 0 81 2 4 0 0 0 0 0 35 39 0 0 0 0 0 0 
3 0 0 81 0 0 6 5 0 23 19 0 0 18 17 0 0 0 0 0 0 51 0 44 43 0 0 0 0 0 66 67 0 0 0 65 0 0 0 33 28 27 0 0 25 9 0 0 10 0 13 0 7 8 0 52 0 0 0 53 58 0 0 34 0 0 0 0 41 35 0 0 0 0 0 76 74 0 0 77 0 
30 0 26 0 0 29 0 32 0 0 0 43 0 45 44 0 0 0 0 0 0 0 0 0 0 0 0 0 0 0 0 13 0 0 15 11 0 0 0 0 0 0 0 0 52 0 0 0 0 0 0 39 34 0 0 79 0 0 5 0 4 0 6 0 69 63 0 0 0 0 0 64 0 0 21 22 20 0 0 0 0 
53 0 0 0 0 52 0 55 0 0 69 0 0 0 0 0 0 0 0 0 0 0 17 13 12 0 0 0 0 32 0 36 0 37 38 0 0 0 0 0 0 0 0 0 0 0 0 0 0 0 0 0 0 58 26 0 0 0 28 0 0 23 0 0 11 0 0 0 0 0 0 6 0 0 0 0 0 0 0 0 42 
0 18 0 0 0 16 0 19 0 37 0 0 0 32 31 0 38 0 0 0 0 0 0 58 0 64 61 0 0 0 0 81 0 0 0 79 0 0 43 0 42 0 0 44 39 0 0 25 0 0 0 26 0 22 0 0 0 0 0 67 72 0 0 48 0 0 0 0 55 0 53 0 5 4 0 0 0 3 11 0 0 
0 0 40 0 0 43 0 46 0 0 0 0 63 0 0 0 65 0 9 0 0 0 0 0 3 0 0 24 0 0 0 27 0 0 29 25 0 67 0 0 0 68 72 71 66 50 0 52 51 0 0 0 0 0 0 0 15 0 0 0 0 0 0 75 0 77 0 0 1 0 0 78 0 0 35 0 0 0 0 37 0 
0 0 0 0 0 7 11 0 6 28 0 0 0 0 0 0 0 0 54 0 51 0 0 0 0 0 52 0 67 68 71 72 0 0 74 70 0 0 0 38 33 0 0 35 30 0 0 0 0 20 0 0 0 0 0 57 60 0 0 0 63 0 0 0 47 0 43 45 0 0 44 42 77 0 0 0 0 0 0 0 78 
0 0 0 0 0 25 0 0 0 46 42 39 0 0 40 0 47 0 72 0 0 0 0 67 0 73 0 6 0 0 0 0 0 0 11 0 0 0 0 0 51 50 54 0 48 0 0 0 33 0 0 35 0 31 80 0 0 0 0 0 81 0 0 0 0 0 0 63 0 58 0 60 0 0 0 18 16 0 20 19 15 
0 81 0 77 0 0 2 1 78 19 0 0 18 14 0 0 20 17 0 0 42 0 0 0 0 0 0 0 0 0 62 0 0 0 0 0 28 22 0 0 0 0 0 0 21 5 0 0 0 11 0 0 0 0 0 0 0 0 55 49 0 0 0 0 38 32 0 0 37 0 0 33 0 0 71 0 70 0 74 0 69 
0 0 0 0 0 0 0 64 60 0 0 75 81 0 0 0 0 0 0 0 0 0 26 0 0 0 0 0 40 0 44 45 0 0 0 0 10 0 0 0 0 0 0 0 0 0 0 0 0 0 0 0 0 0 0 0 33 0 37 0 0 32 0 0 20 0 0 0 0 0 0 15 0 49 0 54 0 48 56 0 0 
71 0 67 68 0 0 0 73 69 0 0 0 0 0 0 0 0 8 0 32 0 0 35 31 0 0 34 0 49 0 0 0 48 0 56 52 19 0 16 20 0 0 0 17 12 0 0 0 78 2 81 0 75 0 0 0 0 0 46 0 0 0 47 0 29 23 0 27 0 0 0 0 59 0 62 0 0 0 0 0 0 
0 0 0 0 0 0 0 0 33 0 51 0 0 50 0 0 56 0 0 0 78 0 0 0 75 0 79 0 13 0 0 0 0 19 0 0 0 58 0 0 60 59 0 0 57 0 46 43 0 0 45 44 0 0 8 3 6 0 0 0 0 0 0 0 74 0 70 72 0 0 0 0 0 0 0 27 0 0 0 0 0 
