9
0 0 0 0 0 0 0 0 0 0 0 0 0 43 0 40 0 0 67 66 0 0 73 0 74 0 0 20 0 0 0 0 0 0 0 0 0 0 4 0 5 11 7 3 10 0 49 0 0 0 0 0 56 0 0 0 0 76 2 0 0 0 0 58 0 0 0 0 0 0 59 63 35 0 0 0 36 30 0 38 0 
62 64 0 0 65 0 57 0 0 0 81 75 0 0 0 0 0 0 0 0 0 0 0 0 0 24 0 0 0 0 0 50 0 0 0 0 45 42 0 0 41 47 43 0 0 0 0 0 5 0 0 0 0 0 33 36 0 31 0 35 37 0 0 0 12 0 19 0 20 16 0 18 0 0 69 67 0 66 0 0 0 
0 19 0 0 0 0 12 15 0 0 0 0 0 0 0 31 0 0 58 57 0 0 0 0 0 0 61 0 0 0 0 5 0 0 0 0 0 78 0 0 0 0 0 0 0 46 0 0 0 0 0 0 0 0 0 0 0 0 0 0 73 68 70 0 0 0 55 53 0 0 50 0 0 0 0 0 0 0 28 0 0 
53 0 49 0 0 0 0 0 54 69 0 66 74 0 68 67 0 0 13 0 0 0 0 17 0 0 16 0 0 0 42 41 0 0 0 0 36 33 0 0 0 0 34 0 0 1 76 0 77 0 80 0 2 0 0 0 0 0 0 0 0 0 0 0 3 0 0 0 0 0 0 0 0 61 60 0 0 0 64 0 0 
0 0 0 0 0 0 0 0 36 0 0 0 0 0 0 49 0 0 0 0 0 0 1 0 0 0 79 0 0 0 0 0 26 28 22 0 0 15 0 17 0 0 0 0 19 0 0 0 0 61 0 0 0 0 6 0 0 4 0 0 0 0 0 0 66 0 0 0 0 0 0 0 0 43 0 40 0 39 0 0 0 
0 0 0 0 0 0 39 0 0 0 63 57 0 0 0 0 0 62 0 3 5 0 0 0 11 0 0 0 34 36 0 0 0 0 0 0 0 0 22 0 0 0 0 0 0 0 0 0 0 70 0 0 0 0 0 0 0 0 20 0 0 0 0 76 0 78 0 0 2 79 0 0 0 52 0 49 0 48 0 0 0 
0 1 76 79 0 0 75 78 81 15 0 0 20 0 0 0 0 0 0 0 0 0 0 0 0 42 43 0 0 0 69 68 0 0 0 0 63 0 0 0 59 0 0 0 0 0 0 0 0 25 26 0 0 0 0 0 48 49 56 0 0 50 52 31 30 0 37 35 0 34 0 36 0 0 0 0 0 0 0 0 0 
0 73 0 0 0 0 0 0 0 0 9 3 0 0 0 0 10 0 0 0 0 0 0 0 0 0 34 0 61 0 0 59 62 64 0 57 0 0 0 53 0 56 52 0 55 19 0 12 0 16 0 0 0 0 0 0 0 40 47 0 0 0 0 0 21 24 0 0 0 0 0 27 0 0 0 76 81 0 0 0 77 
0 0 0 0 0 0 0 0 0 0 0 0 0 25 23 22 0 26 0 0 0 0 0 0 0 0 0 0 79 0 78 0 0 0 0 0 72 69 0 0 0 0 70 0 0 0 31 30 0 34 0 36 38 0 0 0 0 0 0 62 0 0 61 40 0 0 0 0 0 0 0 45 0 0 15 0 18 0 0 20 0 
29 0 0 0 0 0 0 0 0 0 0 0 0 0 44 0 0 47 0 69 0 75 0 0 77 0 0 23 0 21 0 0 0 22 0 0 0 9 0 0 0 14 0 0 13 0 52 0 0 55 0 0 59 0 81 3 0 0 0 0 4 0 0 0 0 0 0 0 0 0 0 0 0 0 0 0 0 0 0 0 0 
0 76 0 0 0 0 0 0 75 0 0 0 14 0 0 0 0 0 0 0 0 0 0 0 0 0 0 68 0 66 63 0 0 67 0 0 0 54 52 0 0 0 0 0 58 22 0 0 0 0 0 0 23 0 45 48 42 43 50 0 0 0 0 25 0 0 0 29 0 0 26 30 2 1 0 0 0 78 0 0 0 
0 0 52 0 59 53 51 54 57 0 0 69 0 0 0 0 0 0 0 0 0 0 22 20 0 0 19 50 0 0 0 0 47 0 0 42 0 0 0 0 0 0 0 0 40 4 0 0 80 0 0 0 0 81 0 30 0 0 0 0 0 0 0 7 6 9 13 0 14 0 0 0 0 64 0 0 0 60 0 0 0 
0 0 0 0 0 8 6 0 12 0 0 24 0 0 26 25 0 0 0 0 0 57 58 0 59 0 55 0 0 0 81 80 0 0 79 0 0 0 70 0 71 0 0 0 0 0 0 0 35 0 0 0 41 0 0 0 0 0 68 0 0 62 0 0 0 45 49 0 0 0 44 0 0 0 0 0 0 15 22 0 17 
47 49 0 46 50 0 0 0 48 63 0 0 0 0 0 0 0 0 0 6 0 0 13 0 14 9 10 0 0 0 0 0 0 0 0 33 0 0 0 29 26 32 0 0 31 0 70 0 0 0 0 75 0 0 18 0 0 16 0 0 0 0 0 0 78 0 0 2 0 0 0 3 0 55 54 0 0 0 0 0 0 
2 4 0 0 0 80 0 0 3 0 0 15 0 0 0 16 22 20 0 0 0 0 0 47 50 0 0 0 73 0 72 71 0 76 70 69 0 63 0 0 0 0 0 60 0 31 25 24 0 0 0 0 0 0 0 57 0 0 0 0 0 0 0 34 0 36 40 0 0 0 0 39 0 0 9 7 12 6 13 0 0 
65 0 0 0 0 62 60 0 0 81 0 78 5 0 0 0 0 0 25 0 0 0 0 0 32 0 0 0 55 0 0 0 0 0 0 0 0 45 0 0 44 0 46 0 0 0 0 6 8 0 0 12 0 9 0 39 0 0 0 0 0 0 0 0 15 18 0 0 0 0 0 0 0 0 0 0 75 0 76 0 71 
0 22 16 0 23 17 0 18 0 0 0 33 0 0 0 34 0 0 0 0 0 0 67 0 0 63 0 0 0 0 0 0 0 0 7 0 3 0 0 2 0 0 1 0 4 49 0 0 44 46 0 0 50 0 0 75 69 70 0 74 76 0 0 0 0 54 58 56 0 55 53 57 29 0 0 0 0 0 31 32 0 
38 0 0 37 0 0 0 36 0 54 57 0 0 0 53 0 58 0 0 0 80 0 0 2 5 0 0 0 0 30 0 0 0 0 0 24 21 18 0 0 0 23 0 0 0 0 61 0 0 0 0 0 68 0 0 0 0 0 0 0 0 8 10 70 69 0 0 74 77 73 0 75 0 46 0 0 48 42 49 0 0 
0 27 0 0 0 22 20 0 26 0 0 38 46 0 0 0 45 43 66 0 0 0 0 0 73 68 69 19 0 0 0 0 0 0 0 0 8 0 0 0 0 0 0 0 0 54 0 0 0 0 0 53 0 0 0 0 0 75 0 0 0 76 0 0 0 59 63 0 0 0 0 62 0 33 0 0 0 29 36 0 0 
0 0 0 0 0 0 0 41 0 0 0 0 0 60 0 0 0 0 3 0 4 8 0 0 10 0 0 0 0 0 0 0 0 0 0 0 0 0 0 0 0 0 0 0 0 72 0 65 67 69 0 0 73 68 0 0 0 0 0 16 0 0 0 0 0 0 0 0 1 78 0 0 0 0 50 0 53 0 54 0 0 
0 63 0 60 64 58 56 0 0 77 0 74 1 0 0 0 0 0 21 0 0 26 0 0 0 0 24 0 0 53 0 0 52 0 48 0 44 0 39 0 0 0 0 0 45 0 0 2 0 6 0 8 0 0 32 35 0 0 0 0 0 31 33 0 11 0 0 0 0 15 0 17 0 69 0 0 0 0 72 0 0 
0 0 0 0 0 67 65 68 71 0 0 0 10 6 4 0 9 0 0 0 0 0 0 34 0 32 0 0 0 0 59 0 0 63 57 0 0 50 0 52 0 55 0 47 54 0 0 0 0 0 0 0 0 14 0 0 38 0 46 0 45 0 42 0 0 0 0 25 0 0 0 26 0 78 0 0 0 0 0 1 76 
0 0 0 78 1 0 0 0 0 0 17 0 0 15 13 0 18 0 0 38 0 0 0 0 0 0 0 0 69 0 0 0 0 0 0 65 0 0 57 61 0 64 0 0 0 0 21 0 0 0 25 0 0 0 0 0 0 48 0 52 0 49 0 0 0 32 0 0 0 0 0 0 7 0 0 0 0 2 0 0 0 
7 0 0 0 0 0 0 0 0 0 26 0 0 24 22 0 27 0 0 0 0 0 0 0 55 0 0 1 0 0 0 0 0 0 0 0 0 0 0 70 0 0 0 0 0 0 0 0 0 33 0 35 37 0 59 62 56 0 0 0 0 58 0 39 0 0 0 43 46 0 0 44 0 15 14 0 0 0 18 0 13 
34 0 0 0 0 0 29 32 0 0 0 0 55 0 0 0 0 0 0 74 0 0 0 0 0 0 0 0 0 0 0 0 25 0 21 0 0 0 0 16 13 0 15 0 0 0 0 0 58 0 0 62 0 0 0 0 2 0 0 7 0 0 6 0 65 0 0 0 73 69 0 0 0 0 41 39 0 38 0 0 0 
0 0 0 51 0 0 0 0 0 0 0 65 0 0 67 0 0 0 0 0 13 0 0 16 0 14 0 0 0 0 0 40 0 0 0 0 35 0 0 0 0 0 0 0 0 81 0 0 0 78 0 0 0 0 23 0 20 21 0 0 0 0 0 0 2 0 9 0 10 0 0 8 0 0 0 0 0 56 63 64 0 
16 0 0 0 0 0 0 14 0 32 0 0 0 0 31 0 0 0 57 0 0 62 0 0 0 0 0 0 0 0 0 4 7 0 3 0 80 77 0 0 0 1 0 0 0 0 0 0 0 42 0 0 46 0 68 0 0 0 0 0 72 0 0 48 0 0 0 0 0 0 0 53 25 0 0 0 0 0 0 0 0 
0 0 80 2 6 0 0 1 0 0 0 0 0 20 0 17 0 21 0 0 45 0 0 0 0 0 0 0 0 76 0 72 0 77 0 0 0 0 0 0 63 69 0 0 0 32 0 25 0 0 0 0 33 0 0 58 0 0 60 57 59 0 56 0 0 37 41 0 0 0 36 0 0 0 0 8 0 0 0 0 0 
0 23 0 0 0 0 0 0 0 37 40 34 42 38 36 0 0 0 0 0 0 0 0 0 0 0 65 0 0 13 10 0 0 14 8 7 0 1 0 3 0 0 0 0 5 50 0 0 0 0 0 0 51 0 0 0 70 0 0 0 0 72 0 0 0 0 0 0 60 0 0 0 0 0 28 26 0 0 0 0 0 
0 0 0 38 0 0 0 0 0 0 58 0 60 56 54 0 0 0 0 0 0 0 0 0 0 0 0 0 0 31 0 0 0 0 26 0 0 0 0 0 18 24 0 0 23 0 0 0 0 65 66 0 0 64 0 0 0 8 0 0 0 9 0 0 70 73 77 0 0 74 0 0 0 0 46 44 0 0 50 0 0 
0 0 8 0 0 0 0 0 13 0 0 0 0 0 0 0 0 30 0 0 0 58 59 0 0 0 0 0 0 0 0 0 0 0 0 0 76 0 0 0 0 0 0 0 0 0 35 0 0 0 39 0 42 0 0 67 0 0 0 0 68 63 65 0 0 0 0 0 51 47 0 0 0 0 19 0 22 0 23 0 18 
66 0 62 65 69 0 0 0 0 0 0 79 0 2 0 0 0 0 26 0 0 0 0 0 33 0 0 60 0 0 0 54 0 0 53 0 0 0 0 0 45 0 47 43 0 0 0 0 0 0 12 0 0 10 0 0 34 0 0 0 0 0 38 17 16 0 0 0 0 0 0 0 75 0 0 0 76 0 77 0 72 
0 0 71 0 0 0 70 0 0 0 13 7 15 0 9 8 14 0 0 0 0 0 0 0 42 0 38 69 0 67 0 0 0 0 62 0 0 0 0 57 0 0 0 0 0 23 0 0 0 0 0 22 0 19 46 0 0 0 0 0 50 45 0 0 0 28 0 30 0 29 27 0 0 2 0 0 0 0 5 0 81 
0 0 44 0 51 45 0 46 0 64 0 61 0 0 63 0 0 0 0 0 0 0 14 0 0 0 0 0 0 0 0 36 39 0 35 34 0 28 26 0 27 33 29 0 0 0 0 70 0 74 0 0 0 73 0 22 0 0 0 0 0 0 0 0 0 0 0 0 0 0 0 0 0 0 0 0 0 52 0 0 0 
0 0 53 56 0 0 0 55 0 73 0 0 0 0 72 0 77 75 17 16 0 0 23 21 0 0 20 0 0 0 0 0 48 0 0 0 40 0 35 39 0 42 0 0 41 0 0 79 0 0 0 0 0 0 0 0 25 0 0 30 0 0 0 0 0 0 0 12 15 0 0 13 0 65 0 62 0 61 0 0 0 
0 32 0 0 0 0 25 28 31 0 0 43 0 47 45 0 0 0 0 0 0 76 77 75 0 0 0 0 0 0 0 18 0 0 0 0 0 0 0 12 0 15 0 0 14 0 0 0 0 0 0 0 60 0 0 0 0 0 0 0 0 81 0 0 61 0 68 0 0 65 0 0 39 0 0 0 0 34 41 0 0 
0 0 0 0 0 16 0 0 0 35 0 32 0 0 0 0 39 0 0 0 0 65 0 64 0 0 0 0 0 0 0 0 0 0 0 5 0 0 0 0 79 0 0 0 0 0 0 41 0 0 46 0 49 0 0 74 0 0 0 0 75 0 72 51 0 0 57 55 0 54 0 0 0 0 0 0 29 0 30 0 0 
0 0 51 0 58 0 50 53 0 71 74 68 76 0 0 0 75 73 15 0 0 0 21 19 22 0 0 0 0 0 0 0 0 0 0 41 38 0 0 37 34 40 0 32 0 0 78 0 0 0 0 0 0 80 0 29 23 0 31 0 0 25 27 0 0 0 0 0 0 0 0 11 64 63 0 60 0 0 0 0 0 
0 0 0 0 0 0 59 62 0 0 2 77 4 0 0 0 0 0 0 0 0 29 30 0 31 0 0 0 54 0 53 0 0 0 0 0 47 0 0 0 0 0 0 0 0 0 6 0 0 0 0 0 0 8 35 0 0 0 0 0 0 0 0 0 0 17 21 0 0 18 16 0 0 0 0 0 0 68 75 0 0 
73 0 69 0 0 70 0 0 0 0 11 5 0 0 7 0 0 0 0 32 0 0 0 0 0 0 0 0 0 65 0 61 64 0 0 0 0 0 0 0 52 0 0 0 0 0 15 14 16 0 0 0 0 0 0 0 0 42 0 0 48 0 0 24 23 0 0 0 0 27 0 0 1 81 80 78 0 0 0 0 79 
10 0 0 0 0 0 0 0 11 0 0 0 0 0 0 24 0 0 0 50 52 56 0 0 0 53 0 0 0 0 0 0 0 0 0 0 0 71 0 0 70 0 0 0 0 39 0 32 0 0 0 38 0 0 62 65 59 0 0 64 0 0 63 0 0 0 48 0 0 0 0 0 0 0 0 0 0 14 0 0 0 
1 0 0 0 4 0 0 80 0 17 0 14 0 0 0 15 21 19 0 41 0 0 0 0 49 0 0 0 72 0 0 0 0 0 0 68 0 62 0 0 0 0 0 0 0 30 0 0 0 0 28 0 0 0 0 0 0 51 0 0 0 0 0 0 32 0 39 37 0 0 0 38 10 0 0 6 0 0 0 0 0 
0 0 0 0 0 0 23 0 29 44 0 0 0 0 0 0 0 0 69 68 70 74 0 0 0 71 72 0 0 0 0 0 0 21 0 0 0 0 0 10 0 0 9 0 0 0 0 50 0 54 0 0 0 53 0 0 0 0 0 1 0 0 0 0 0 62 0 0 67 63 61 0 37 0 35 0 0 0 0 0 34 
0 48 42 0 49 0 0 0 0 62 0 59 0 0 61 0 0 0 6 5 0 11 12 0 0 0 9 0 36 0 35 0 0 0 0 32 0 0 24 28 0 0 27 0 0 75 0 0 70 72 0 74 0 0 0 0 0 0 0 0 0 0 18 78 77 0 3 0 0 0 0 0 0 54 0 51 0 50 0 58 0 
0 39 33 0 40 0 0 0 0 0 56 0 0 54 0 0 0 0 0 77 0 0 0 0 0 0 0 0 0 0 0 0 0 30 24 23 0 0 15 0 16 22 0 0 0 0 0 59 61 63 0 65 67 0 0 0 0 0 0 0 12 0 0 0 0 71 0 0 76 0 70 0 0 45 0 0 0 0 48 0 43 
33 0 29 32 0 0 0 0 0 0 52 46 54 0 0 0 0 51 74 0 0 0 0 0 81 0 0 0 23 25 0 0 0 0 0 0 0 0 0 0 0 18 14 0 17 0 56 55 0 59 0 0 0 0 0 0 0 0 0 0 0 3 0 65 64 0 0 69 72 0 0 70 0 0 40 0 0 0 44 0 0 
0 0 0 0 0 12 0 0 16 0 0 28 0 0 0 0 35 0 56 55 57 0 0 0 63 0 0 0 0 0 0 0 6 0 0 0 0 0 74 0 75 0 77 0 0 0 0 0 0 41 0 43 45 40 0 70 64 65 0 0 0 0 0 0 46 49 0 51 0 0 48 0 0 0 0 0 0 0 26 0 0 
6 0 2 0 0 3 0 0 7 22 0 0 27 23 0 20 26 0 0 46 0 52 53 0 54 0 50 0 0 79 0 0 0 0 74 73 0 67 0 69 66 72 68 0 0 0 0 0 0 0 33 0 36 0 0 0 0 0 63 60 0 0 59 0 0 40 0 0 0 0 39 0 0 0 0 0 0 0 17 0 12 
0 0 0 68 72 0 0 0 70 0 0 0 0 5 0 2 0 0 0 0 30 34 0 0 0 0 0 0 0 61 0 57 0 0 0 55 0 0 47 51 48 0 0 0 53 17 11 0 0 14 15 0 0 13 40 0 37 0 0 42 0 39 0 0 19 22 26 0 0 0 0 0 78 77 0 0 0 0 0 81 75 
60 0 0 59 63 0 55 0 0 76 0 73 81 0 0 0 0 78 0 0 0 0 0 0 0 0 0 0 0 0 0 0 51 0 0 46 0 40 0 0 0 45 41 0 44 0 2 0 0 0 0 7 0 0 31 0 0 0 0 0 35 0 32 0 0 0 0 15 0 0 12 0 0 0 0 65 0 0 0 0 66 
78 80 0 0 0 0 0 0 0 0 16 0 18 0 0 11 0 15 0 37 39 0 44 0 0 0 41 0 0 0 0 0 69 71 0 0 0 0 0 60 0 0 0 55 62 0 0 0 0 0 0 0 27 22 0 52 0 0 0 51 53 0 0 0 0 31 35 0 0 0 30 34 6 5 0 0 0 0 8 0 0 
42 0 0 0 0 0 0 0 0 0 0 0 0 0 0 0 0 0 2 0 0 0 0 0 9 4 0 0 0 0 0 0 0 35 29 28 25 22 0 0 0 0 0 19 0 0 65 0 0 0 0 0 0 0 0 16 0 11 0 15 0 0 14 0 0 0 0 78 0 0 0 0 0 0 0 0 0 0 0 0 48 
51 53 0 0 54 0 0 0 0 0 0 0 0 0 0 65 71 0 0 10 0 0 0 15 0 0 0 45 0 0 0 0 0 0 0 37 34 31 29 0 30 36 0 0 0 0 0 0 0 0 78 0 0 76 22 25 0 0 0 0 0 0 0 0 0 0 0 0 0 5 0 0 60 59 0 56 0 0 62 0 57 
0 0 0 23 0 0 0 0 0 0 0 0 0 0 0 0 44 0 0 0 0 70 71 0 72 0 68 0 0 0 0 0 0 0 11 10 7 4 0 0 3 9 0 0 0 53 47 0 0 50 0 0 0 0 76 79 73 0 0 0 0 75 0 0 55 0 0 60 0 0 0 0 0 0 31 0 0 0 0 36 30 
0 11 0 8 0 0 0 0 0 0 28 0 0 0 0 0 0 0 0 49 0 55 56 0 0 0 0 0 0 1 0 0 81 0 77 76 73 0 68 0 0 0 0 0 0 0 0 0 33 35 36 0 0 0 0 64 0 0 66 0 0 0 0 0 0 0 0 0 0 44 0 0 0 17 0 0 0 0 0 0 0 
0 0 0 44 48 0 0 0 0 0 0 0 66 0 0 59 65 0 0 4 0 0 0 9 0 0 0 0 35 0 0 0 0 0 32 0 28 0 0 0 24 30 0 22 0 0 68 0 0 71 0 0 75 0 0 0 0 0 21 0 0 0 0 77 0 79 0 81 3 0 78 1 54 0 0 0 0 0 0 57 0 
0 0 0 0 21 15 0 16 0 0 0 0 0 0 0 0 0 36 0 58 0 0 0 0 0 0 0 0 0 0 0 0 0 0 0 4 0 79 0 0 0 3 80 0 2 0 0 0 42 0 0 0 0 0 0 73 67 0 0 0 0 0 0 0 0 0 0 0 57 53 0 55 27 0 25 0 0 0 29 0 0 
36 0 0 0 39 33 0 0 37 0 0 0 57 0 0 0 0 0 77 0 0 1 0 0 3 0 80 30 26 28 0 24 27 0 0 0 0 16 0 0 0 0 0 0 0 0 0 0 60 0 0 0 66 0 0 10 0 0 0 0 11 0 0 0 0 0 74 0 75 0 69 73 45 0 43 0 0 0 0 48 42 
27 0 0 26 0 0 0 0 0 0 0 0 0 0 42 0 0 45 0 0 69 0 74 72 0 0 0 0 0 0 0 15 18 0 0 13 0 0 5 9 6 12 0 0 0 0 0 0 0 0 0 0 0 52 79 1 0 0 0 0 0 78 80 0 0 0 65 63 0 0 0 64 0 0 34 0 0 0 38 0 33 
0 0 0 0 0 0 0 0 0 0 0 76 0 80 78 77 0 0 0 0 0 0 0 0 0 25 0 0 53 0 52 0 0 56 0 0 0 0 0 45 0 48 0 0 47 0 0 0 6 0 0 0 12 0 0 0 31 0 39 0 0 33 0 0 13 16 0 0 0 0 15 0 0 71 0 0 0 0 0 75 0 
0 74 0 0 0 0 67 70 0 7 0 0 0 0 0 0 0 9 0 0 33 37 38 0 0 34 0 0 0 0 61 60 63 0 0 58 55 0 50 54 51 0 0 0 56 0 0 0 0 0 18 0 0 0 0 0 0 41 0 0 47 42 44 0 0 25 29 0 0 0 0 0 0 80 0 0 1 0 2 0 78 
81 2 0 0 0 0 76 0 0 0 19 0 0 0 0 14 0 0 0 40 0 0 0 0 0 43 0 75 0 0 0 69 0 0 0 0 0 61 0 0 60 0 62 0 0 29 0 22 24 26 27 0 0 0 0 0 0 0 0 0 0 51 0 0 0 34 38 0 0 0 33 0 9 0 0 0 10 0 0 0 0 
0 0 0 53 0 0 0 52 55 0 0 0 0 0 69 0 0 0 14 13 0 0 0 18 0 0 0 0 0 0 43 42 0 0 0 0 37 0 0 0 0 39 0 31 0 0 77 0 0 0 81 1 0 0 0 0 0 0 0 27 0 0 0 0 0 0 0 0 0 0 0 0 0 62 61 59 64 0 65 0 60 
31 33 0 0 0 0 0 0 0 0 0 44 0 0 0 0 0 0 0 0 0 77 78 0 79 0 0 0 0 0 20 0 0 0 0 0 0 11 0 13 0 16 12 8 0 60 0 0 55 0 0 0 61 56 0 0 0 0 0 4 6 0 0 0 0 0 0 0 0 66 0 68 0 0 0 0 0 0 0 0 0 
0 6 0 3 0 0 0 0 5 0 23 17 0 0 19 0 0 22 0 44 46 0 0 0 0 0 0 0 0 77 74 73 0 0 0 0 68 0 0 0 0 0 66 62 0 0 0 0 28 30 0 32 0 29 0 59 0 0 0 58 0 0 0 0 0 0 0 0 43 0 37 0 0 0 11 9 14 0 15 0 0 
0 15 0 12 0 0 8 0 0 0 0 0 0 0 0 0 0 31 0 0 0 0 0 0 0 0 0 0 0 0 2 0 0 0 0 0 77 0 72 0 0 0 0 0 0 0 36 0 0 0 40 0 0 0 0 0 62 0 0 0 0 0 0 45 44 0 0 0 0 0 0 0 0 0 0 0 23 17 24 0 19 
0 78 0 0 0 0 0 74 77 0 0 0 16 0 0 9 15 0 0 35 0 0 42 0 0 38 39 70 0 68 0 0 0 0 0 0 0 0 54 0 55 0 57 0 0 0 0 0 19 21 0 0 25 0 0 0 0 45 0 0 0 46 48 0 0 29 33 0 0 30 28 0 0 3 0 0 0 0 0 0 0 
0 42 0 0 0 0 35 0 0 0 0 0 61 0 55 0 0 0 0 0 0 0 6 0 7 0 0 0 0 0 0 28 0 0 0 0 23 0 0 22 0 25 0 0 0 0 63 0 0 66 0 0 0 0 0 0 0 0 16 0 0 0 0 72 0 0 0 0 0 0 73 0 0 0 0 0 0 0 51 0 0 
0 0 0 0 0 19 0 20 0 0 0 35 0 0 0 0 42 0 0 0 0 0 0 67 0 0 0 0 0 0 0 0 0 0 0 8 0 2 0 0 0 0 0 80 0 0 0 44 0 0 49 50 0 0 0 0 0 0 0 0 0 0 0 0 0 0 60 0 0 0 55 59 0 0 29 0 0 0 0 0 28 
0 0 0 0 70 64 0 0 0 0 0 0 0 3 1 0 0 4 27 0 0 0 0 31 0 29 30 0 0 59 0 55 0 0 54 0 50 47 0 0 46 0 48 44 0 0 0 0 10 0 0 0 0 0 0 0 0 36 0 0 0 0 39 0 0 20 24 22 25 21 19 0 0 0 0 0 0 0 0 0 0 
58 0 0 57 0 0 0 56 0 0 0 71 0 0 0 72 78 76 0 0 19 23 24 0 25 20 21 0 0 50 47 0 49 51 0 44 0 0 0 0 37 43 0 0 0 0 0 0 0 0 4 0 0 0 0 0 26 0 0 0 0 28 0 0 0 0 0 0 0 0 0 0 0 0 65 0 68 62 0 0 0 
0 51 0 48 52 46 0 0 0 65 0 0 0 0 0 0 0 0 9 0 10 0 0 13 0 0 12 0 0 0 0 0 40 42 0 0 0 0 0 0 28 0 30 26 0 78 72 0 73 0 76 0 0 0 20 0 17 0 0 0 0 0 0 0 0 2 0 4 0 0 1 0 0 57 0 0 0 53 0 0 55 
0 0 0 40 0 0 36 0 0 57 0 0 0 0 0 55 0 59 0 0 0 0 7 0 8 0 4 35 0 0 0 0 32 0 0 0 0 21 0 0 0 0 0 0 0 0 64 0 0 0 68 69 0 0 0 0 0 0 17 0 0 0 0 0 0 75 0 0 80 0 74 78 50 49 0 46 0 45 52 0 47 
50 0 0 0 0 0 0 48 51 66 0 63 71 0 65 64 0 68 10 0 11 15 0 14 0 12 0 0 0 0 0 0 0 43 37 0 33 0 0 32 29 0 0 27 34 0 0 0 0 0 0 0 80 75 21 24 0 19 0 23 0 20 0 0 0 0 0 0 0 4 0 6 0 0 0 0 60 0 0 62 0 
0 0 1 0 0 0 0 0 6 0 24 18 26 0 20 19 25 0 0 0 0 0 0 0 53 0 0 80 76 78 75 0 0 0 73 0 0 66 0 0 0 0 0 63 0 0 0 0 0 0 0 0 35 0 0 0 0 0 62 0 61 56 0 0 0 39 0 0 0 40 0 0 0 0 0 0 0 0 0 0 11 
77 0 0 0 80 0 72 75 0 12 0 0 0 13 0 0 0 0 37 36 0 42 0 0 0 39 0 0 0 0 0 0 68 70 0 63 0 0 0 0 56 62 0 0 0 25 0 18 0 0 0 0 0 21 0 0 45 46 0 0 0 0 0 28 27 0 0 0 0 0 0 0 0 0 0 0 0 0 0 0 2 
14 0 0 0 0 11 0 12 0 30 33 0 35 0 0 0 0 0 0 0 0 60 0 59 0 0 0 0 0 0 3 2 0 7 0 81 0 75 0 0 74 80 76 0 79 0 0 0 38 0 0 0 0 0 0 0 63 64 0 0 0 0 67 0 45 0 0 0 0 0 0 0 23 0 0 0 0 0 25 26 0 
0 0 0 67 0 0 0 0 69 0 0 0 0 0 0 0 7 0 0 0 0 0 0 32 0 0 31 62 0 0 0 0 59 61 55 54 0 0 46 50 0 0 49 0 0 16 10 0 0 0 0 0 0 12 39 0 0 0 44 41 0 0 40 19 0 0 0 0 0 0 0 0 77 0 75 0 0 0 0 0 74 
0 61 55 0 0 0 0 0 0 0 78 0 0 76 74 0 79 0 19 0 0 0 25 0 0 21 0 53 0 0 0 0 50 0 0 0 0 0 37 0 0 0 40 0 0 0 0 81 0 0 5 6 0 3 0 0 0 28 0 0 34 0 0 0 0 0 16 14 17 13 0 15 0 67 66 0 0 63 0 71 0 
32 34 0 0 0 29 27 0 0 48 0 0 0 49 0 0 0 50 0 72 0 0 79 77 0 0 0 0 22 0 0 20 0 0 19 0 0 12 0 14 0 0 0 0 0 0 0 54 0 58 0 0 0 0 0 0 81 0 8 5 7 0 0 0 0 0 0 0 0 0 0 0 0 0 0 0 0 0 0 0 0 
0 0 0 0 26 0 18 21 0 39 0 36 0 0 0 0 43 0 64 0 0 0 0 0 71 0 0 0 0 0 0 0 0 0 10 9 0 3 0 5 0 8 4 0 0 0 46 0 47 0 0 51 0 0 75 78 72 0 80 77 79 74 0 55 0 57 0 0 0 0 0 0 32 0 0 0 33 0 0 0 0 
