9
58 0 56 0 0 0 0 59 0 0 0 0 0 0 0 0 80 0 0 0 0 0 13 0 0 16 0 46 0 39 0 0 0 41 0 0 0 0 0 0 10 0 4 0 0 0 69 0 0 0 70 65 0 0 24 0 22 25 0 0 27 0 0 0 0 54 0 0 50 0 0 0 0 0 0 0 0 0 0 0 36 
0 0 2 8 0 0 0 5 0 0 23 24 0 0 0 0 26 25 44 42 0 0 0 0 45 43 0 0 0 0 0 0 71 68 0 0 0 0 33 0 0 0 0 0 0 0 0 0 0 0 0 0 0 0 0 53 0 52 0 0 0 0 0 0 0 0 0 0 77 0 78 0 0 0 0 60 0 0 0 0 0 
0 78 0 0 79 75 81 0 1 11 0 0 0 13 0 0 17 0 35 0 0 0 0 29 36 34 0 0 60 57 0 0 0 59 56 61 0 0 24 25 0 27 0 0 0 3 0 4 0 0 0 0 0 0 0 44 0 0 0 0 0 0 0 0 0 72 0 71 68 0 0 0 0 0 0 51 52 0 0 0 54 
13 0 11 17 0 0 0 14 0 0 32 0 0 0 0 0 0 0 53 0 0 50 0 0 0 0 55 0 0 0 0 0 0 0 0 0 38 0 0 43 0 0 0 44 39 0 0 0 0 0 0 0 0 0 60 0 58 0 64 0 0 0 59 0 0 9 0 0 5 0 0 0 0 0 66 0 70 0 0 67 0 
0 0 0 0 25 0 0 0 28 0 41 0 0 0 0 0 0 0 0 60 0 59 0 0 63 0 64 10 0 0 0 0 0 0 0 0 0 0 0 0 55 0 0 53 0 30 0 0 0 0 0 0 0 0 0 71 0 70 0 0 0 0 0 12 19 0 0 0 14 0 15 13 0 0 75 78 0 0 0 76 0 
0 0 0 0 0 0 54 0 0 0 68 0 73 67 0 0 71 0 0 6 3 0 0 0 0 7 10 37 0 0 36 0 35 0 0 0 0 0 78 79 0 81 0 0 75 0 60 0 0 0 61 56 64 0 15 0 0 0 19 0 0 0 0 0 46 0 0 44 0 0 0 40 0 26 0 0 0 0 28 0 27 
40 0 0 0 43 0 0 0 0 56 0 60 0 0 0 0 0 0 0 0 75 77 0 0 0 79 1 28 24 0 0 0 0 0 20 25 0 0 0 70 0 0 0 0 0 0 0 0 0 0 0 0 0 0 0 0 4 0 0 0 9 0 0 30 0 0 34 35 0 0 0 0 0 0 0 15 0 14 0 0 18 
0 0 0 0 0 0 0 0 0 0 5 6 0 0 0 3 0 0 26 0 0 0 0 0 0 25 0 0 51 0 54 0 0 0 0 0 0 0 0 0 0 18 0 17 0 75 78 0 77 0 0 74 0 0 0 0 0 0 37 0 0 0 0 0 0 0 0 62 59 0 60 0 0 44 0 0 0 0 46 0 0 
0 33 29 0 0 0 36 0 37 0 50 0 0 0 0 0 0 52 71 69 0 0 0 0 0 0 0 0 0 0 0 0 0 0 11 0 0 0 0 0 0 63 0 62 0 39 0 0 0 0 43 0 0 0 78 80 0 0 1 74 81 0 0 0 28 0 0 0 0 0 24 22 0 0 0 0 0 5 0 0 0 
0 0 0 42 41 0 0 0 0 0 57 0 62 0 0 0 60 0 0 76 0 0 74 72 0 0 0 0 22 19 0 0 24 0 18 0 0 0 0 0 0 0 0 0 64 46 0 0 0 0 50 0 0 0 4 0 0 0 0 81 0 0 3 0 0 0 0 0 0 0 0 29 0 15 10 0 0 0 0 0 0 
0 0 0 0 0 55 0 0 0 72 0 0 80 74 0 0 78 0 0 0 0 0 0 0 16 0 17 44 0 37 43 0 42 0 0 0 0 0 4 5 8 7 2 0 0 64 0 0 66 70 68 0 71 0 0 24 20 0 26 0 25 0 21 0 53 0 50 0 48 45 49 0 27 0 0 0 0 0 0 0 0 
0 0 18 0 23 19 0 21 0 0 0 0 0 38 43 37 0 0 0 0 0 0 0 54 0 59 0 0 4 0 0 2 0 0 81 5 45 0 0 0 53 0 47 0 0 28 0 0 0 34 32 0 0 0 67 0 65 0 71 0 0 64 66 10 0 0 0 0 0 9 0 0 0 0 0 0 0 0 80 74 79 
47 0 0 51 0 0 0 0 0 0 0 67 71 0 0 64 0 0 0 0 0 0 0 81 0 5 0 0 31 0 34 29 33 30 27 0 0 75 76 0 80 79 0 0 73 55 0 0 0 0 59 0 0 0 13 0 0 0 0 0 0 0 0 0 0 43 41 0 0 0 0 0 0 0 0 0 0 21 0 20 0 
0 4 0 0 5 0 7 0 0 18 0 0 0 20 0 0 0 23 0 40 37 0 38 0 0 0 0 0 67 0 70 0 0 0 0 0 0 30 0 0 35 34 0 0 28 0 0 11 12 0 14 0 0 0 0 0 47 0 53 0 0 46 0 0 0 0 77 0 0 72 76 0 0 0 0 0 0 0 0 0 61 
0 31 0 0 0 28 0 0 0 0 48 49 0 47 0 0 0 0 0 0 64 0 0 0 0 0 71 17 0 0 0 0 0 0 9 14 0 0 0 0 0 0 0 0 0 0 40 0 0 0 0 36 44 42 0 78 0 0 0 0 0 0 75 0 0 0 0 0 0 0 0 0 0 0 0 0 0 0 8 0 7 
0 67 0 0 68 0 0 66 71 81 0 4 0 2 7 0 6 0 0 0 0 0 20 18 0 0 26 0 0 0 0 0 0 0 45 0 0 0 13 0 0 16 0 0 0 0 76 0 0 79 0 0 0 0 31 33 29 32 35 0 0 0 30 55 0 0 0 0 57 0 0 0 0 0 0 0 0 39 0 0 0 
0 13 0 0 14 10 16 12 0 0 0 31 0 0 0 28 33 32 51 49 46 48 0 0 0 0 53 0 0 0 0 74 0 75 0 0 36 39 0 0 0 0 0 0 37 0 22 20 0 0 23 0 0 0 58 0 0 59 62 0 0 0 0 1 8 0 0 6 3 0 0 2 0 0 0 0 68 0 0 0 70 
74 76 0 0 77 0 0 0 0 0 0 13 17 0 0 0 15 14 0 0 0 30 0 0 34 32 0 0 0 0 0 0 0 0 0 59 0 0 0 0 0 25 0 0 0 1 0 2 0 0 5 0 0 0 40 42 0 0 44 36 0 0 0 64 0 0 0 0 0 0 67 0 0 0 46 0 0 0 53 0 0 
0 0 0 5 0 0 0 0 0 0 0 21 25 0 0 0 0 0 0 0 0 0 37 0 0 0 0 0 0 0 0 64 0 65 62 0 26 29 0 31 0 0 28 32 0 0 0 0 0 0 0 0 0 0 48 0 46 0 0 44 0 0 0 0 0 0 0 77 0 71 0 0 53 0 0 57 0 0 61 0 60 
0 0 26 0 0 0 0 0 0 0 0 0 52 0 0 0 0 0 0 0 0 65 0 0 0 67 70 0 0 0 0 0 14 0 8 0 0 0 0 58 0 0 0 59 0 0 0 0 0 42 0 0 43 41 0 0 0 76 0 0 78 0 0 0 0 24 22 0 0 0 0 0 0 0 0 3 0 0 0 0 0 
0 0 0 0 49 0 0 0 0 62 0 0 70 0 69 0 0 0 5 0 0 2 0 0 0 4 0 0 30 27 0 0 0 0 0 31 71 0 75 0 79 0 0 0 0 0 0 55 0 0 58 53 0 0 12 14 0 13 16 0 0 0 0 0 43 42 40 0 38 35 39 0 17 0 0 21 22 0 25 0 0 
64 66 0 0 0 0 0 0 0 0 0 0 7 0 6 0 0 0 0 0 0 0 0 0 0 0 25 52 0 45 0 46 50 47 0 0 0 0 0 13 16 0 0 0 9 72 0 0 74 0 0 0 0 0 0 0 28 0 34 26 33 0 0 0 61 0 0 0 56 53 0 55 0 41 0 39 0 38 0 0 0 
0 0 71 0 0 0 78 0 0 0 11 0 16 10 0 9 0 13 32 30 27 0 0 0 33 0 34 0 0 0 0 0 0 56 0 0 0 0 21 22 0 0 0 0 0 0 0 0 0 6 4 0 7 0 0 0 0 0 43 35 0 36 0 0 70 0 0 68 65 62 66 0 0 0 45 48 49 0 0 46 51 
0 0 0 59 58 0 0 0 0 0 0 0 0 73 0 0 0 0 0 12 0 0 0 8 0 0 0 43 0 36 42 37 41 0 35 40 0 2 3 4 0 6 1 5 0 0 0 0 0 0 67 0 0 0 21 0 0 0 0 17 0 0 0 45 0 0 0 50 0 0 0 46 26 32 27 30 0 0 34 0 0 
37 0 35 0 0 0 0 0 0 53 0 0 0 0 0 0 0 0 0 75 0 0 73 0 0 0 0 0 21 18 0 19 23 0 0 0 0 65 66 67 0 0 64 0 0 0 0 0 0 0 49 0 0 0 3 5 0 0 7 0 6 0 2 0 0 0 31 0 0 0 0 28 0 14 0 12 13 0 0 0 0 
0 12 0 14 13 9 0 0 0 26 0 30 0 28 33 0 32 0 0 0 0 0 0 0 0 49 0 0 0 72 0 0 0 0 71 76 0 0 0 0 43 0 37 0 0 0 0 0 0 0 0 0 0 0 0 0 55 58 0 0 0 54 0 81 7 0 0 5 0 80 0 0 0 68 0 0 0 0 70 64 0 
0 21 0 0 22 0 0 0 0 0 0 0 0 0 42 36 0 40 0 57 54 0 0 53 0 58 0 0 0 0 0 1 5 0 0 4 44 0 0 0 0 0 0 0 0 27 0 0 0 33 0 0 0 32 66 0 64 0 0 62 69 0 65 9 16 0 0 14 0 8 12 0 0 0 72 0 0 0 0 73 78 
34 0 0 0 0 0 0 0 0 0 53 0 0 52 0 0 0 0 0 0 0 0 70 0 0 73 0 0 0 0 21 16 0 0 0 0 59 62 0 0 0 0 61 0 60 0 0 0 0 0 0 41 0 0 0 0 0 0 4 77 0 0 0 0 0 0 28 0 0 23 27 0 0 0 0 9 0 0 0 7 0 
43 45 0 0 0 0 0 44 0 0 0 0 67 61 0 0 65 64 0 0 78 0 0 0 3 0 0 0 0 0 0 0 0 0 0 0 68 0 0 73 0 75 0 0 0 0 54 0 53 0 0 50 0 56 0 0 7 0 0 5 0 0 0 0 40 0 0 0 0 32 0 0 0 20 0 18 0 0 22 16 0 
0 0 77 0 0 0 0 80 0 0 0 0 22 0 21 0 20 0 0 36 0 0 0 0 0 37 40 0 0 0 0 61 65 0 0 0 0 0 0 28 0 30 0 0 0 0 9 0 0 12 0 5 0 0 0 0 0 0 49 41 48 0 0 0 0 0 73 74 0 0 72 0 0 0 51 0 55 0 0 0 0 
25 0 0 0 28 0 0 26 0 41 0 45 0 0 0 0 0 0 0 63 0 62 0 0 0 0 67 13 0 0 0 0 0 0 5 0 0 0 54 55 0 0 52 0 0 33 0 0 0 0 0 0 40 0 0 0 0 0 0 0 0 69 71 0 0 21 0 20 0 14 0 0 0 0 0 0 1 0 0 0 0 
0 0 68 0 0 0 75 71 0 0 0 0 0 0 12 0 11 0 0 27 0 0 0 0 0 0 0 0 54 0 0 0 56 0 0 0 14 0 18 19 0 0 0 0 0 0 0 0 80 3 0 77 0 2 36 38 34 0 40 0 0 33 0 0 67 0 0 0 0 0 63 61 0 0 0 45 46 0 0 0 0 
0 0 0 0 0 0 0 0 58 0 71 72 0 0 75 0 74 73 11 0 0 0 7 5 12 0 0 0 0 0 39 34 38 0 0 37 77 0 0 0 0 0 0 2 78 0 63 0 0 0 0 0 0 0 0 0 16 19 0 0 21 15 17 42 0 0 46 0 0 0 45 0 0 29 0 27 0 0 0 0 0 
7 0 0 11 10 0 0 0 13 0 26 27 31 0 0 24 29 28 0 0 0 0 0 0 0 0 49 0 0 0 0 0 0 0 0 73 0 0 0 37 40 0 0 38 0 0 0 16 0 0 0 14 22 0 0 56 0 0 0 0 0 0 53 78 4 0 0 2 0 77 81 0 0 0 0 63 64 0 0 0 66 
16 0 0 0 19 0 21 17 22 0 35 0 0 34 39 33 0 0 0 54 0 0 0 50 57 0 0 0 0 0 0 0 2 0 0 0 41 0 0 46 0 0 0 0 42 24 0 0 0 0 28 23 0 0 63 65 0 0 0 0 0 0 0 0 13 0 10 11 0 5 9 0 0 0 0 0 0 0 0 0 75 
0 0 0 0 0 0 0 0 0 0 0 0 0 0 0 0 0 1 20 0 0 0 0 14 21 19 22 0 0 0 0 0 47 44 0 0 0 0 0 0 0 0 0 0 0 0 0 0 71 0 0 0 76 74 0 0 25 28 0 23 0 0 26 0 58 0 0 0 53 50 54 0 32 38 33 0 0 0 40 0 0 
0 0 0 0 18 14 0 0 0 0 0 0 0 0 38 0 0 0 0 0 0 0 0 0 0 54 57 0 0 0 0 0 0 0 76 0 0 0 0 0 0 0 0 0 41 0 0 0 0 0 27 0 0 0 62 64 0 63 0 0 65 0 0 5 12 0 0 0 7 0 0 6 0 0 0 0 0 0 0 0 0 
0 35 0 0 36 0 0 0 39 0 0 0 57 0 0 50 55 54 0 0 0 70 69 67 0 0 0 0 17 0 0 0 0 16 0 0 0 0 0 0 66 0 60 64 0 0 0 0 0 47 45 0 0 0 0 0 78 81 0 0 0 0 0 0 0 0 27 0 0 22 26 0 4 10 5 0 0 7 12 0 0 
0 0 40 0 45 41 0 0 48 0 0 0 0 0 0 59 0 0 0 0 77 0 0 76 2 81 0 0 26 0 29 0 28 0 0 0 0 0 71 0 75 0 69 0 0 50 0 0 0 0 0 49 57 0 0 10 0 9 0 4 11 0 0 32 0 0 36 0 0 0 0 0 0 0 14 0 18 0 0 0 0 
0 0 49 0 0 0 56 52 0 0 0 71 75 0 0 0 0 72 0 0 5 7 6 0 0 0 0 0 0 0 0 0 0 0 0 36 0 79 0 0 3 2 0 0 0 0 0 0 0 0 0 58 0 64 0 0 15 0 21 0 0 14 16 41 0 0 0 46 0 0 0 42 0 0 0 26 27 0 30 24 29 
0 0 22 28 0 0 0 25 0 0 0 0 48 0 47 0 0 0 0 0 0 0 0 0 0 0 0 0 0 5 0 6 10 7 4 0 0 52 0 0 57 0 51 0 0 0 0 0 34 0 0 0 39 0 71 0 0 0 0 0 74 0 0 0 21 0 0 19 0 0 17 0 0 0 0 0 81 0 0 0 2 
6 0 4 0 0 5 0 0 0 0 25 26 0 24 29 23 28 0 46 44 0 0 42 40 0 45 0 0 71 68 0 0 0 70 67 72 31 0 35 36 0 38 0 37 0 14 0 15 0 0 0 0 21 0 0 0 0 0 0 0 56 0 52 0 0 0 0 0 0 76 0 0 0 0 0 62 0 61 66 0 65 
0 62 0 0 0 0 65 0 0 0 0 80 0 0 2 0 0 0 0 17 0 0 0 0 0 0 0 48 44 0 0 42 0 0 0 0 0 7 8 0 0 0 6 10 0 0 0 0 0 74 72 0 75 0 0 0 0 0 30 0 0 0 0 0 0 0 54 0 0 49 0 0 0 0 0 0 0 0 0 0 38 
0 0 0 0 0 68 0 70 0 0 0 0 0 0 0 0 0 0 28 0 0 25 0 0 29 0 0 57 53 0 56 51 0 52 49 0 0 16 0 0 0 0 0 19 14 0 80 0 0 0 0 0 0 0 0 37 33 0 0 0 0 0 0 0 0 65 0 0 0 58 0 0 40 0 41 0 45 0 0 0 0 
0 80 0 0 0 0 0 79 3 0 0 0 0 0 0 0 0 0 0 0 32 0 0 0 38 0 0 0 0 59 65 0 0 61 0 0 0 0 0 27 0 0 24 28 0 0 0 6 7 0 0 0 0 10 0 46 0 0 0 0 0 0 0 0 0 0 72 0 0 67 71 0 0 55 50 53 0 0 0 0 0 
8 10 0 0 0 0 13 0 14 0 0 0 0 0 31 25 0 0 0 0 43 0 0 42 49 0 0 0 0 70 0 0 0 0 0 0 0 0 0 0 0 0 0 39 34 16 19 0 0 0 0 0 0 0 0 0 0 56 0 51 58 0 0 79 0 4 0 0 0 0 0 0 0 0 0 0 0 0 0 0 0 
0 0 78 0 2 79 0 81 5 15 0 19 23 17 22 0 0 0 0 37 0 36 35 0 0 0 0 68 0 0 0 0 0 0 0 0 0 0 0 0 32 31 26 0 0 0 10 8 9 0 11 0 14 0 46 0 0 0 0 0 49 0 0 0 77 0 0 75 72 0 0 0 51 0 52 55 0 0 59 0 58 
0 0 51 0 0 0 0 0 0 69 0 0 77 0 76 70 0 0 0 10 0 9 0 6 13 0 0 0 0 34 0 0 0 36 33 0 78 0 1 0 0 4 0 0 0 61 0 62 0 0 0 0 0 0 0 0 0 0 0 15 0 16 0 0 50 0 0 0 0 0 46 44 0 0 0 28 29 27 0 0 0 
0 64 60 0 0 0 0 0 0 78 0 1 0 0 0 0 3 0 21 0 0 0 0 15 0 0 0 0 0 0 0 0 0 0 0 0 0 0 0 0 0 13 8 0 7 0 0 0 72 0 0 69 0 75 0 30 0 0 0 24 0 0 0 52 59 58 0 57 0 0 0 53 0 39 0 37 0 0 41 0 0 
71 73 0 0 0 0 76 0 0 6 0 0 0 0 0 0 12 11 30 0 0 0 26 0 31 0 32 0 0 0 58 0 57 54 0 56 15 18 0 0 0 0 0 0 0 0 0 0 0 4 0 0 0 0 0 0 0 0 0 0 40 0 0 61 0 0 0 0 0 0 0 62 0 0 43 46 0 0 50 0 0 
0 0 0 0 0 0 0 27 0 0 0 46 0 0 49 0 0 0 0 0 0 0 0 0 0 65 68 0 0 0 13 0 0 9 0 0 0 54 0 56 0 0 53 0 52 34 0 0 36 0 0 33 0 0 0 0 0 74 0 0 0 70 0 0 0 0 0 0 18 0 0 0 0 3 0 1 2 81 0 80 0 
0 0 0 0 38 0 0 0 0 0 0 55 0 0 0 52 0 0 0 0 0 0 0 69 76 0 0 0 0 0 22 17 0 18 15 20 0 0 0 0 0 0 0 0 0 43 46 0 0 0 0 0 50 48 1 0 0 0 0 78 0 0 0 0 0 0 0 30 0 24 0 26 0 12 0 10 0 9 0 0 0 
0 46 42 0 0 0 0 0 50 60 0 64 0 0 67 0 0 65 3 0 0 0 0 0 0 0 5 0 28 0 0 26 30 0 24 29 0 0 73 74 0 0 0 0 0 52 55 0 0 58 0 0 59 0 0 0 8 0 0 6 0 7 0 34 0 0 0 0 0 0 37 0 0 0 16 0 0 18 0 0 22 
0 19 0 0 20 16 0 18 0 33 36 0 0 35 0 0 39 0 0 55 0 54 53 0 0 0 0 0 0 0 4 0 0 81 0 0 0 0 46 47 0 49 0 0 0 0 0 26 0 0 29 0 0 0 0 0 0 0 0 0 67 61 63 0 14 0 0 0 0 0 0 0 0 0 0 73 74 0 0 0 0 
0 0 57 0 0 0 0 0 65 0 0 0 2 0 1 0 0 0 0 16 13 15 0 0 0 0 20 47 0 0 0 0 0 42 39 0 0 6 0 0 11 0 5 9 0 0 0 0 69 0 71 0 74 0 0 27 0 0 0 0 0 22 0 0 56 0 0 54 0 48 0 50 30 36 31 0 0 0 0 0 37 
0 79 75 0 0 0 1 0 0 0 0 0 0 0 19 0 0 0 0 34 0 0 0 0 0 0 0 65 61 58 0 0 63 60 57 62 0 24 0 0 29 28 0 0 0 0 0 0 0 10 0 0 0 0 0 0 41 0 0 0 0 40 0 0 0 0 0 0 0 0 0 0 0 0 0 0 53 0 56 0 0 
14 0 0 0 0 0 0 0 0 0 33 0 38 0 0 0 0 0 54 0 49 0 50 48 0 0 0 0 0 0 1 0 0 0 0 0 0 0 0 0 0 46 41 0 0 0 0 0 24 0 0 0 29 0 61 0 59 0 0 0 0 0 0 0 0 10 0 9 0 0 0 0 0 0 67 0 0 0 0 0 0 
0 70 66 72 0 0 0 0 74 0 0 0 0 0 0 4 9 8 0 0 0 0 0 0 0 0 0 0 0 49 0 0 0 0 0 0 12 15 16 0 0 19 0 18 0 76 79 0 0 0 80 0 0 0 0 36 32 0 38 30 0 0 0 0 0 0 62 0 0 0 61 0 39 0 40 0 0 0 47 41 0 
0 0 0 9 0 0 10 6 0 0 0 25 0 0 28 0 0 0 0 43 0 0 0 39 0 0 0 74 70 0 73 0 0 69 66 0 0 0 0 35 0 0 0 0 0 0 0 0 0 19 0 12 0 0 52 54 0 0 56 0 0 0 0 0 2 0 0 0 0 0 0 77 0 0 0 61 0 0 0 0 0 
50 0 0 54 0 0 55 0 56 0 69 0 74 68 0 0 0 71 0 0 0 0 0 0 0 8 0 0 0 0 0 0 0 0 0 0 0 0 0 0 2 0 0 81 76 0 61 0 60 0 0 0 0 0 0 0 0 17 0 12 0 0 15 40 47 46 0 0 0 39 0 0 0 27 22 0 26 24 29 0 0 
23 0 0 0 26 0 28 24 29 39 0 0 47 41 0 0 0 44 0 0 0 0 0 0 0 0 0 0 0 0 0 5 9 0 0 0 0 0 0 0 0 0 50 54 0 0 34 0 33 0 35 0 0 0 70 72 68 0 74 0 73 0 69 13 0 0 0 0 0 12 0 0 75 0 0 0 0 0 0 0 0 
32 0 30 0 35 0 0 0 0 0 51 0 0 50 0 0 54 53 0 0 67 0 0 0 0 71 0 0 16 0 0 14 0 0 0 0 57 0 0 62 0 0 59 0 0 40 43 0 0 0 0 0 0 0 0 0 0 0 2 0 0 0 0 0 0 28 0 0 0 21 25 0 0 9 0 0 8 6 11 0 10 
0 43 0 0 0 0 0 0 0 0 0 0 0 0 0 0 63 0 0 0 0 78 0 0 0 0 2 0 0 0 28 0 0 0 0 0 0 69 0 0 0 73 0 0 0 0 0 0 0 0 0 0 0 0 0 0 5 8 0 0 0 0 6 31 38 37 35 36 0 0 34 0 0 18 0 16 0 15 20 0 0 
0 0 0 22 0 0 0 0 24 0 37 38 0 36 0 0 0 0 0 56 53 55 54 0 59 57 0 0 0 80 0 0 0 0 0 0 43 46 0 0 0 50 0 49 0 0 29 27 0 0 0 0 0 0 65 0 0 0 0 0 0 0 0 0 0 14 0 13 0 0 0 9 0 0 0 0 0 0 0 0 77 
0 0 0 0 48 0 0 46 0 0 0 0 0 0 0 0 0 0 4 2 80 1 0 79 5 3 6 33 0 0 32 0 0 28 25 0 0 73 0 0 0 0 0 76 0 0 56 0 0 59 0 0 0 58 0 13 0 0 15 0 14 0 0 0 42 0 0 0 0 34 0 0 16 0 17 0 0 19 24 0 23 
27 0 0 31 0 26 0 0 0 43 0 0 51 0 50 0 0 0 0 0 62 64 0 0 0 66 69 0 0 0 0 9 13 0 0 0 0 0 0 57 0 0 0 58 0 0 0 0 37 0 39 34 0 40 74 76 0 75 0 0 0 0 0 0 24 0 0 0 19 0 0 0 0 0 0 0 0 1 0 0 5 
0 2 0 0 0 0 5 0 0 0 0 20 24 18 0 0 0 0 40 0 0 0 36 34 41 0 42 0 0 0 68 0 67 0 61 0 25 0 0 0 33 0 0 0 0 0 0 0 0 0 12 0 15 0 0 49 0 0 51 0 0 0 46 0 0 77 0 0 0 0 0 0 0 0 0 0 0 0 0 0 0 
0 74 70 0 0 0 0 0 78 0 10 0 0 9 0 8 0 0 31 0 0 0 27 0 32 0 33 0 0 0 59 0 58 0 0 57 0 0 0 0 0 23 0 22 0 0 0 81 0 5 0 0 0 4 0 0 0 0 0 0 0 0 0 62 69 0 0 67 0 61 65 0 0 49 0 47 0 0 51 45 0 
0 56 0 58 57 0 59 0 0 0 0 74 0 0 0 71 0 0 13 11 8 10 0 7 0 12 0 0 0 0 0 36 0 0 0 39 0 0 0 0 0 0 81 0 0 62 0 63 64 0 0 61 0 67 20 0 18 21 24 0 0 0 0 44 0 0 0 49 0 0 47 0 25 31 0 29 0 28 0 0 32 
0 0 0 13 0 0 0 0 0 25 0 29 0 27 0 0 0 30 0 0 0 46 0 43 0 0 0 0 74 0 0 72 76 0 0 0 34 0 38 0 42 0 36 0 35 0 20 0 0 0 21 16 24 22 0 0 0 0 60 0 0 0 55 0 0 5 0 4 1 0 2 81 61 0 0 65 0 0 0 0 68 
63 0 61 67 66 0 0 0 0 0 0 2 6 81 0 80 0 3 22 0 0 19 0 16 0 0 24 0 0 0 0 45 0 0 0 0 7 0 0 0 15 14 0 0 0 0 74 0 0 0 0 0 0 0 0 31 0 0 33 25 32 0 0 0 0 0 57 0 0 52 0 0 0 40 0 0 0 0 0 0 0 
0 0 34 0 0 35 0 37 42 0 0 0 0 0 0 0 58 57 0 74 0 0 72 0 0 75 0 0 0 0 0 0 0 0 16 0 0 0 0 0 0 0 63 0 0 0 0 45 0 0 0 0 0 0 0 0 0 0 0 0 0 80 1 0 0 0 0 0 0 0 0 0 0 0 8 0 0 0 0 9 14 
39 0 37 0 0 38 0 0 0 55 0 0 0 57 62 0 0 0 0 0 0 0 0 0 80 0 0 0 23 20 0 0 25 22 19 24 64 0 0 69 0 0 0 70 0 47 50 0 0 53 51 0 0 0 0 0 0 0 0 0 0 0 0 29 36 35 33 0 0 0 0 30 10 0 0 0 0 13 0 12 0 
0 0 1 0 0 0 0 0 9 0 0 0 0 21 0 0 25 0 43 0 0 0 0 0 44 42 0 0 0 0 71 0 70 0 0 0 0 0 32 0 0 0 0 34 0 0 0 12 13 17 0 0 0 0 0 0 0 0 0 0 0 0 0 0 81 80 78 79 0 0 0 0 0 0 0 0 60 58 63 57 62 
0 0 0 0 0 20 26 0 0 0 0 0 45 39 0 38 43 42 0 59 56 58 0 0 0 60 0 0 0 0 8 0 0 0 1 6 0 0 0 0 54 0 0 0 47 0 0 0 31 0 0 28 36 34 0 0 66 69 0 0 0 65 0 11 0 17 0 0 0 0 0 0 0 79 0 77 0 76 0 0 80 
66 0 0 0 0 65 0 0 0 0 0 0 0 0 0 2 7 0 0 23 0 0 0 0 26 24 0 54 50 0 0 0 0 0 0 0 0 0 0 0 18 0 12 0 0 0 77 0 0 0 78 0 81 0 0 34 0 0 0 0 0 29 31 0 63 0 60 0 0 55 59 0 0 0 38 0 0 0 0 0 0 
0 0 0 16 15 0 0 0 0 0 0 32 36 0 0 29 0 0 0 0 0 0 48 0 0 51 0 0 77 0 0 0 79 0 0 0 0 0 41 0 45 0 0 43 0 0 0 21 22 0 0 19 27 25 59 0 0 60 0 0 0 0 0 2 9 0 0 0 0 0 0 0 0 0 65 0 0 0 72 0 0 
0 77 0 0 78 0 0 76 81 0 0 0 0 0 0 11 16 0 0 0 29 0 0 0 0 0 0 63 0 0 62 0 0 58 0 60 0 0 0 0 0 0 0 0 0 0 5 0 4 0 6 1 9 0 41 0 0 0 0 37 0 0 0 0 0 0 0 70 0 0 68 0 0 0 0 0 0 0 54 48 0 
57 0 0 61 60 0 0 0 0 0 76 77 0 0 0 74 0 0 0 0 0 0 0 0 0 0 0 0 0 38 0 0 43 40 0 0 0 0 0 0 0 0 0 0 0 65 68 66 0 71 69 0 0 0 0 0 0 24 0 0 0 0 0 47 54 53 51 0 0 0 0 0 0 34 0 0 0 0 0 30 0 
0 32 0 34 33 0 35 0 0 0 0 0 0 0 0 47 52 0 0 68 65 0 66 0 0 0 72 0 14 0 0 0 16 0 0 15 55 0 0 60 0 0 57 0 0 0 0 0 0 44 42 37 45 0 0 0 0 78 81 0 0 0 76 0 27 26 0 25 22 0 0 0 0 0 2 0 6 0 9 3 0 
0 50 0 52 0 0 53 0 0 64 67 0 0 0 0 0 0 0 0 0 2 0 0 1 0 0 0 0 0 0 0 0 34 0 0 0 73 76 0 0 0 80 0 79 0 0 59 0 58 0 0 0 0 61 14 16 12 15 0 10 17 11 13 0 45 0 0 0 40 0 0 0 0 0 0 23 0 0 27 0 0 
