9
0 37 35 0 0 36 0 43 0 0 0 0 0 0 0 28 33 0 0 0 0 0 0 0 59 60 57 0 0 0 13 12 0 0 0 0 0 70 0 0 63 0 0 65 68 0 7 0 5 0 0 81 0 6 47 50 48 0 0 0 0 52 0 0 79 72 75 0 0 0 71 0 0 0 0 0 19 0 0 0 0 
0 0 0 0 0 54 0 0 0 0 0 0 0 0 0 46 51 48 0 76 0 79 0 0 0 0 75 0 0 0 0 0 0 0 0 0 0 0 0 6 81 3 0 0 0 0 0 0 0 20 0 0 22 24 0 0 0 69 0 0 0 70 0 10 16 0 0 0 0 0 8 14 0 0 0 42 0 0 35 39 0 
3 0 80 6 0 0 0 0 2 0 0 0 0 71 0 0 0 0 0 0 0 0 18 17 0 0 0 56 60 59 58 0 0 55 61 0 0 0 0 0 0 0 26 29 32 0 0 0 50 47 0 0 0 51 0 0 0 15 0 0 0 0 0 37 0 0 0 0 0 38 0 0 67 0 0 0 64 70 62 66 63 
0 28 0 0 0 0 31 0 0 23 0 0 0 0 0 19 24 0 0 0 47 0 45 0 0 0 48 0 6 5 0 0 80 0 0 0 55 0 58 60 0 0 53 0 59 0 0 0 0 0 0 0 0 0 0 41 0 0 0 40 36 43 37 0 0 63 0 67 0 0 62 0 13 0 0 15 0 0 8 0 0 
0 0 44 0 50 0 0 0 0 0 0 0 0 0 0 0 42 0 0 0 0 0 0 62 0 0 0 20 0 0 22 0 0 0 0 18 73 0 0 78 0 0 0 0 0 0 0 12 14 11 0 9 13 15 56 0 57 0 0 0 0 0 0 1 7 0 0 0 6 0 80 0 0 0 0 0 0 0 0 30 27 
0 0 0 0 0 0 0 0 0 0 65 67 0 0 70 64 0 66 10 0 0 16 9 0 14 0 0 47 0 50 0 0 0 0 0 45 0 0 22 0 0 0 0 0 0 0 0 0 41 0 0 0 0 0 0 0 0 0 0 0 0 7 0 0 34 0 0 0 33 0 0 0 58 56 0 0 0 0 0 57 0 
0 0 62 69 0 0 67 0 65 59 0 58 0 0 61 0 0 0 1 0 0 0 0 0 0 0 0 38 42 0 40 0 35 0 0 0 0 0 13 0 9 12 8 0 0 28 0 0 0 0 0 27 31 0 0 77 0 78 0 0 0 0 73 0 0 18 0 0 24 0 0 23 0 0 50 0 0 52 0 48 0 
0 0 0 0 0 9 0 0 11 5 2 0 0 80 0 1 0 0 28 0 29 0 0 0 0 0 0 0 0 0 67 0 0 64 0 0 0 0 0 0 36 0 0 0 0 0 0 0 0 0 53 0 0 0 0 0 21 0 0 22 0 0 0 0 0 45 0 49 0 0 0 0 0 74 0 78 0 0 71 0 0 
0 0 0 0 0 0 0 0 0 0 11 13 0 0 0 0 0 0 0 0 0 0 0 0 0 42 39 0 0 0 0 75 0 0 0 0 0 0 0 0 0 0 0 0 0 64 0 0 68 0 62 63 0 0 0 0 30 0 0 0 0 0 0 0 0 0 57 58 0 0 53 0 0 2 0 0 1 7 0 0 0 
0 0 58 0 0 0 0 66 61 0 52 0 0 49 0 0 0 0 0 0 0 3 0 0 0 0 0 34 0 0 36 0 31 0 0 0 0 12 0 11 0 8 0 7 0 24 0 0 0 0 0 0 27 29 70 0 71 0 67 0 68 75 0 0 0 14 17 18 20 0 0 19 0 43 46 47 0 48 40 0 41 
0 15 0 20 0 0 0 0 16 10 0 0 5 0 12 6 0 8 0 36 0 0 0 0 0 0 0 0 0 0 72 0 0 69 0 68 42 0 0 0 0 44 0 0 46 60 0 0 0 0 58 0 0 0 0 0 26 0 0 0 23 30 0 51 0 50 53 0 0 0 0 0 81 0 1 2 78 3 0 80 0 
53 0 0 0 0 50 0 57 0 0 0 0 0 0 0 0 47 44 69 0 0 0 0 0 73 0 0 0 0 0 27 26 22 0 0 0 0 0 81 0 77 0 0 79 0 15 0 17 19 0 13 0 0 0 0 0 0 0 0 0 59 66 60 0 12 5 0 0 0 7 0 0 36 34 37 0 0 39 0 35 0 
0 0 0 0 1 0 0 0 0 0 70 0 0 67 75 0 74 71 0 0 0 0 0 0 19 20 0 0 0 0 0 0 49 0 0 0 24 30 27 0 23 26 0 25 0 0 0 0 0 0 0 41 0 0 0 10 0 11 0 9 5 12 6 33 0 0 0 0 0 0 0 0 0 0 0 0 60 0 58 0 0 
0 42 40 47 46 41 0 0 43 37 34 0 0 0 39 0 38 0 0 0 0 0 59 58 0 0 0 16 20 19 18 0 0 0 21 0 0 0 72 74 68 71 67 0 0 0 0 0 10 0 4 0 0 0 0 0 0 56 49 54 0 0 0 78 0 0 80 0 0 79 0 1 0 0 28 0 24 0 0 26 0 
0 6 4 0 0 0 0 0 7 0 0 81 0 76 0 0 0 0 0 0 25 30 0 22 0 0 0 61 65 64 0 62 58 0 0 0 33 0 0 0 0 0 31 0 37 0 57 0 55 52 0 50 0 0 0 19 17 20 0 0 0 0 0 0 0 0 0 45 47 43 40 0 0 0 0 0 0 0 0 0 68 
0 0 31 0 0 0 0 0 0 0 0 27 0 22 0 0 0 0 51 0 0 0 0 0 0 0 0 0 11 0 0 8 0 0 0 0 60 0 0 65 0 0 0 0 0 0 3 0 0 0 0 0 0 0 0 0 0 0 0 0 0 48 0 0 0 0 0 0 0 0 0 0 0 0 19 0 15 21 13 0 0 
26 0 0 0 0 0 0 0 0 19 0 0 0 0 0 15 20 0 0 45 0 48 0 40 46 0 44 0 0 0 81 80 0 78 0 77 0 0 0 0 0 0 49 0 0 0 0 0 0 70 0 0 0 74 0 0 0 38 0 0 32 0 0 0 0 59 62 63 65 61 0 64 0 0 0 0 0 0 0 8 0 
71 0 67 0 0 68 0 0 0 64 0 63 0 0 0 60 0 0 0 0 0 12 0 0 10 0 8 0 47 0 45 0 0 0 0 0 15 0 0 0 0 17 0 16 0 0 39 35 0 0 0 32 36 0 0 0 0 0 0 0 0 3 0 0 0 0 26 0 0 0 0 0 0 52 55 56 0 0 0 0 50 
19 17 0 0 21 0 0 0 0 0 9 11 7 6 0 8 0 0 0 38 0 0 0 0 0 40 0 0 0 0 0 0 0 0 77 0 0 0 0 49 43 0 0 0 0 0 0 0 0 63 0 0 65 0 0 0 0 0 24 0 0 32 0 53 0 52 0 0 58 54 0 0 2 0 0 0 0 5 78 1 0 
0 0 51 0 0 0 56 0 0 0 0 0 43 42 50 0 0 46 0 0 72 0 70 0 0 0 0 0 31 30 29 28 24 26 0 0 0 5 0 0 0 0 0 81 0 0 0 0 21 0 15 0 20 0 63 66 0 0 60 0 61 0 0 0 0 0 0 0 0 9 0 0 0 0 39 40 0 0 0 37 34 
0 35 0 40 0 34 38 0 0 0 27 29 0 0 0 0 31 28 0 0 0 0 52 0 57 0 0 0 13 0 0 10 0 0 0 7 0 0 0 0 0 0 0 0 66 0 0 0 0 81 0 0 0 4 0 0 46 0 0 0 0 50 44 0 0 0 0 0 0 72 0 0 0 0 0 0 0 23 0 0 0 
0 8 0 0 0 0 0 0 0 0 0 2 79 0 5 0 0 0 0 29 27 0 0 24 30 0 28 63 0 0 0 0 60 0 68 0 35 41 0 0 34 0 0 0 39 0 0 0 57 0 0 0 0 0 0 21 19 22 0 20 0 23 0 44 0 0 0 47 0 45 42 0 0 72 75 0 0 0 69 0 70 
0 0 0 0 0 70 0 77 72 66 63 65 61 60 0 0 0 64 8 0 9 0 0 0 12 13 10 45 0 0 47 0 42 0 0 43 0 0 20 22 16 19 0 0 0 0 0 0 39 0 0 0 38 0 0 3 0 0 0 2 79 5 80 26 0 0 0 0 31 0 0 30 0 0 0 0 53 0 51 0 0 
28 0 24 0 30 25 0 0 0 21 0 20 16 15 0 0 0 0 0 47 0 50 0 42 48 0 0 0 4 0 0 1 0 0 0 0 53 59 0 0 0 0 0 0 0 71 77 0 0 0 69 0 0 0 0 0 0 40 0 38 0 41 0 0 0 0 0 0 0 0 0 0 0 0 0 0 0 14 0 0 0 
0 0 0 0 48 0 0 50 45 0 0 0 0 0 0 0 0 0 62 65 0 68 0 60 0 67 0 0 0 0 20 0 15 0 0 0 0 0 0 0 0 0 0 0 0 8 0 0 0 9 0 7 0 0 0 0 0 0 0 0 0 0 53 0 0 0 0 2 0 81 0 3 0 0 0 0 26 32 0 0 25 
0 0 0 0 0 0 0 0 0 0 0 0 0 0 77 0 0 73 0 20 0 23 0 15 21 0 0 0 0 0 0 0 0 0 0 52 0 0 29 31 0 0 24 27 0 44 0 0 48 45 42 0 47 49 0 0 0 0 0 0 0 0 0 0 0 0 37 38 40 0 0 39 0 0 0 0 62 0 0 0 0 
64 0 0 0 0 0 0 0 0 0 54 0 52 0 0 0 0 0 80 0 0 0 0 0 3 0 0 0 40 0 0 0 0 0 41 34 0 0 0 0 0 0 0 0 0 0 32 0 0 0 0 0 29 0 0 0 0 0 0 0 0 0 71 0 23 16 19 0 22 0 0 21 0 0 48 0 0 0 0 46 0 
59 0 0 0 0 0 0 0 58 0 0 0 0 0 0 0 0 0 0 78 0 81 0 0 0 80 0 0 0 0 33 32 0 0 0 0 0 0 6 0 0 0 0 4 7 0 0 23 25 22 0 0 0 26 0 0 68 71 0 0 0 0 0 12 0 0 0 0 0 0 10 0 0 40 0 0 39 0 37 0 0 
0 0 10 0 0 11 0 0 0 7 0 6 2 1 0 3 0 5 0 0 0 0 0 28 0 35 32 0 0 0 0 68 64 0 0 65 39 0 0 0 0 0 0 0 0 57 0 59 0 0 0 0 0 0 0 0 23 0 19 0 20 27 0 0 0 0 0 0 0 49 46 52 0 76 0 0 75 0 0 0 74 
0 0 0 0 0 0 0 0 31 0 0 0 0 19 0 21 26 0 0 0 49 0 0 46 0 0 50 0 8 0 0 0 0 3 0 0 57 63 0 0 0 0 0 0 0 0 0 77 0 0 0 74 78 0 0 43 41 44 0 0 38 0 0 0 0 0 68 0 0 67 0 70 0 13 0 0 0 18 10 14 0 
41 0 37 0 43 0 0 0 0 0 0 0 0 0 36 0 0 0 0 60 58 0 0 0 0 0 59 0 17 0 15 0 0 0 0 0 0 72 69 0 0 0 64 67 70 0 0 0 0 4 0 0 0 0 49 0 50 0 0 0 0 0 48 0 0 0 0 78 0 0 0 79 0 22 25 0 0 0 0 0 0 
0 0 0 0 0 0 69 72 0 0 0 0 0 0 63 57 0 59 3 0 0 9 0 0 0 0 0 0 0 43 42 0 0 39 45 0 0 18 0 0 0 14 10 13 0 0 0 0 34 0 0 29 33 0 0 0 77 80 73 0 0 0 0 0 0 20 0 0 0 0 0 0 0 0 52 53 0 54 0 50 47 
23 21 19 0 0 0 0 0 0 0 13 0 0 10 18 0 17 0 0 42 0 45 38 0 0 0 0 0 0 0 78 0 73 0 0 74 48 0 0 53 0 0 0 0 0 0 0 68 70 0 64 0 0 0 0 34 32 35 0 0 0 0 0 57 0 56 0 0 0 0 0 61 0 0 0 0 0 0 0 0 2 
0 0 0 0 0 0 0 0 0 43 0 0 38 0 0 39 0 0 0 0 0 0 0 0 0 0 68 0 26 25 0 23 0 21 0 0 0 0 0 0 0 0 0 0 0 0 0 0 0 0 0 0 0 0 0 0 59 62 0 0 56 0 57 0 0 0 0 0 0 0 1 0 33 31 0 0 30 0 0 0 0 
0 0 0 0 0 2 0 0 4 0 0 78 74 73 0 75 0 0 0 24 0 0 20 19 0 0 23 0 0 61 60 59 55 0 63 0 0 36 0 0 29 0 0 0 0 48 54 0 52 0 0 0 0 0 0 0 0 17 10 0 11 0 12 0 45 0 0 0 44 0 0 0 0 0 0 0 0 0 0 0 65 
0 0 73 0 79 0 78 81 0 0 0 0 65 0 0 0 0 0 0 0 0 0 11 0 0 17 0 49 0 52 0 0 0 48 0 0 21 27 24 26 20 0 0 22 0 0 0 41 0 40 0 0 42 0 0 0 5 0 0 0 0 9 0 0 0 0 0 0 0 0 28 0 0 0 0 0 57 0 55 0 56 
0 0 3 0 0 0 0 0 0 0 0 0 0 0 2 77 0 0 0 0 0 0 22 0 0 0 0 0 0 63 0 0 0 0 65 58 32 38 0 0 0 0 0 0 36 0 0 0 0 0 0 49 53 0 0 0 0 0 0 17 0 0 0 0 0 40 43 0 0 0 0 45 0 0 0 0 0 0 66 0 67 
43 0 0 0 0 40 44 0 42 36 0 0 0 0 0 0 0 0 0 62 0 0 0 0 0 64 0 0 19 0 0 0 0 14 0 0 0 74 0 0 0 70 66 69 0 0 0 0 0 0 3 4 0 0 0 0 52 55 0 53 0 56 0 0 2 76 0 0 0 78 0 81 26 0 27 28 0 0 0 0 0 
0 0 75 1 0 76 0 2 78 0 0 0 67 0 0 0 0 70 0 0 0 0 0 0 0 0 16 0 0 54 0 52 0 0 0 0 0 29 0 28 22 0 0 0 27 41 0 0 0 42 0 0 0 46 0 0 7 0 3 0 0 0 0 0 38 0 0 35 0 0 0 0 62 0 0 64 0 0 0 0 0 
52 50 0 0 0 49 53 0 51 0 42 0 0 0 0 0 0 0 68 71 0 0 67 0 0 0 0 0 0 0 26 0 0 0 0 0 77 2 80 1 76 0 0 0 81 14 20 0 0 0 0 0 0 19 60 0 61 0 57 0 0 0 59 0 11 0 7 8 10 0 0 9 0 0 0 0 0 0 0 34 0 
0 0 0 0 0 58 0 65 60 54 51 0 0 0 0 50 0 0 77 0 0 2 0 0 0 0 0 0 0 36 0 34 30 0 0 0 0 11 0 0 4 0 0 0 9 23 0 0 0 24 0 0 0 28 69 0 0 0 0 0 0 0 0 14 0 0 0 0 0 15 0 0 44 42 0 0 0 0 0 43 0 
0 0 0 0 72 67 0 0 69 63 60 0 0 57 0 0 0 0 0 0 6 0 4 0 0 0 0 42 0 0 44 0 39 0 0 40 0 0 0 19 13 0 0 0 0 0 0 0 36 0 0 0 0 0 78 81 0 1 0 0 0 0 0 0 0 0 25 26 28 0 0 0 0 51 0 0 0 56 0 52 0 
0 0 30 37 0 0 35 0 0 0 0 0 0 0 0 0 0 0 0 0 51 56 49 0 54 0 0 0 10 9 0 0 0 0 11 0 0 0 0 64 0 61 0 0 0 77 2 0 81 0 75 0 0 1 42 45 0 0 39 0 40 47 41 0 74 0 70 0 73 0 0 0 17 0 0 0 0 0 0 0 0 
25 0 21 0 27 0 0 29 24 0 0 0 0 0 20 0 0 16 0 44 42 0 0 39 0 0 0 0 0 0 0 0 0 0 2 76 50 0 0 55 0 0 0 0 0 0 0 0 0 0 0 0 0 73 33 0 0 37 0 0 0 0 32 0 65 0 61 62 0 60 0 0 0 0 0 0 0 0 0 7 0 
16 14 0 0 0 0 17 20 0 0 0 0 0 0 0 0 0 7 32 35 0 0 0 0 36 37 0 0 73 0 0 70 0 0 74 0 41 0 0 0 40 43 39 42 0 59 0 0 0 0 57 0 62 0 24 27 25 0 21 0 22 0 23 0 0 49 0 0 0 0 48 0 0 0 81 0 0 0 0 0 0 
51 0 0 54 53 48 0 0 0 0 41 43 0 0 0 0 0 0 0 70 0 73 66 0 0 0 69 0 0 0 0 0 0 0 0 0 76 0 0 0 0 0 74 0 0 0 19 0 0 0 0 0 0 0 59 0 0 0 0 0 0 0 58 0 0 0 6 7 0 0 0 8 0 0 35 0 0 0 29 0 0 
6 0 0 0 0 3 7 0 5 0 77 0 0 74 1 0 81 0 0 0 23 0 0 0 0 0 0 0 0 62 61 60 0 58 0 0 31 0 0 0 0 33 0 0 0 49 55 51 53 0 0 0 0 54 14 0 0 0 11 0 12 0 0 0 0 0 0 0 0 0 38 44 70 0 0 0 0 0 0 0 66 
78 0 0 0 0 75 79 1 0 0 0 0 0 65 0 0 0 0 13 16 14 0 12 0 0 0 15 50 54 0 0 0 0 49 0 0 22 0 0 27 0 0 0 23 0 0 0 0 0 41 0 39 43 0 0 0 0 0 0 7 0 0 0 0 0 0 0 0 0 0 0 0 0 0 62 0 0 0 0 0 0 
60 58 0 63 62 57 0 0 0 0 0 0 0 0 0 0 0 51 0 0 0 0 75 0 0 0 0 0 0 0 34 0 0 0 0 30 0 0 0 9 0 6 0 0 8 0 28 0 26 0 0 0 25 0 68 0 69 0 0 0 66 73 67 0 0 0 0 16 18 0 11 17 0 0 44 0 0 46 38 42 39 
42 0 0 0 44 0 0 0 0 0 0 34 0 0 37 0 36 0 58 61 0 0 0 0 0 63 0 0 0 17 0 0 0 0 0 0 0 73 0 0 0 0 0 0 71 4 0 6 8 5 0 0 0 0 50 0 0 0 47 0 0 0 49 0 0 0 0 79 0 0 74 0 25 0 26 0 0 28 0 0 0 
0 0 0 0 0 0 70 73 68 62 59 0 0 56 0 0 63 60 0 7 0 0 0 0 0 0 0 0 45 0 43 0 38 0 0 0 13 0 0 18 12 15 0 14 0 0 0 33 0 0 0 30 0 0 0 0 0 0 74 0 0 0 0 0 0 0 0 25 0 0 0 26 52 0 0 54 0 0 47 51 0 
15 13 0 18 0 0 0 0 0 0 0 0 0 2 10 0 9 0 0 0 32 0 0 29 0 0 33 0 0 71 0 0 65 67 0 66 0 0 0 45 39 42 0 0 0 0 64 0 0 59 0 0 0 63 0 0 0 27 0 25 21 0 22 0 55 0 0 0 54 50 0 53 79 77 0 0 76 1 74 78 0 
0 22 0 0 0 0 0 0 0 0 0 0 12 0 0 0 0 15 0 0 0 46 0 0 0 0 42 0 0 0 79 0 0 76 0 0 49 0 0 54 0 0 0 0 0 0 0 0 71 0 0 66 70 0 0 0 33 0 0 34 30 0 31 0 0 0 60 0 63 59 56 62 7 0 8 0 4 0 0 0 3 
0 0 0 0 0 0 34 0 0 0 0 0 21 0 0 0 27 0 0 52 0 0 48 0 53 54 0 0 9 0 0 0 0 4 0 3 58 0 61 63 0 0 0 59 62 0 0 78 80 0 74 75 0 0 0 44 0 45 38 43 0 0 0 67 73 0 0 0 72 0 0 71 0 0 0 0 13 0 0 0 0 
0 0 27 0 0 0 0 0 30 0 21 0 0 0 0 20 0 0 0 0 0 0 0 0 0 0 49 0 0 0 0 0 0 0 8 0 0 0 59 0 55 0 0 0 0 0 0 0 0 75 72 0 77 79 0 42 0 0 0 41 37 0 38 0 0 0 0 68 0 0 63 0 0 0 0 0 0 0 0 0 0 
0 0 0 0 15 10 14 0 0 0 3 0 0 81 0 2 7 4 29 32 0 0 0 27 33 0 31 0 0 69 0 0 0 0 71 0 0 0 0 0 37 0 0 0 42 0 62 0 0 0 0 0 59 61 0 0 22 0 0 0 19 0 0 47 0 46 0 0 0 48 0 0 0 75 0 0 0 0 0 76 0 
0 0 0 25 24 0 0 0 0 15 12 14 0 0 17 11 0 0 0 0 0 0 37 36 0 43 0 0 0 0 0 76 72 0 0 0 47 0 50 0 0 0 0 0 51 0 0 67 0 66 0 0 0 0 30 0 0 34 27 0 0 0 0 0 62 0 58 0 0 57 0 0 5 0 6 7 0 0 0 4 0 
0 0 45 0 0 46 0 0 48 0 39 0 37 36 44 0 0 0 0 68 66 0 0 0 69 0 0 21 0 24 0 0 18 0 26 0 0 80 0 79 73 76 0 0 78 11 17 13 15 0 0 10 0 0 0 60 58 61 0 59 0 0 0 0 0 1 0 0 7 0 81 0 0 0 33 0 29 0 0 31 28 
0 0 0 70 69 0 0 71 66 0 0 0 0 0 62 56 0 0 0 5 0 0 0 81 0 7 4 0 0 42 0 0 0 38 44 0 0 0 0 0 0 13 0 0 0 0 0 0 0 0 27 0 0 0 0 0 0 0 72 77 0 80 0 20 0 19 0 0 25 0 18 24 0 0 51 0 0 53 0 0 0 
76 74 72 0 0 0 0 0 0 0 0 68 0 0 0 0 0 0 11 0 0 0 10 0 0 16 0 48 52 51 0 0 0 0 53 46 0 0 0 0 0 0 0 0 0 0 0 0 0 39 0 0 0 0 0 0 0 0 81 5 1 8 2 29 0 28 31 0 0 0 0 0 0 0 60 0 0 0 0 0 0 
58 0 54 61 0 55 59 0 0 51 0 50 0 0 53 0 0 49 0 77 0 80 73 0 0 0 0 0 0 0 0 0 27 0 35 0 2 0 0 0 0 4 0 0 0 0 26 0 24 21 0 0 0 0 66 0 67 0 63 68 0 71 0 11 0 10 0 14 0 0 9 0 41 0 0 0 0 0 0 0 0 
0 0 0 0 6 0 0 0 3 0 0 0 0 0 80 0 0 0 20 0 0 0 0 0 0 25 22 0 0 0 59 0 0 0 0 0 0 35 32 0 28 0 0 0 0 0 0 49 0 0 0 0 0 0 0 15 0 0 9 0 10 0 0 0 44 37 40 41 43 39 36 0 0 0 0 0 0 71 0 0 0 
0 0 0 43 0 0 0 0 0 0 30 0 0 0 0 0 0 0 0 0 0 0 0 0 60 61 0 12 0 15 0 0 9 0 0 0 65 71 0 0 64 0 0 0 0 0 0 0 0 0 81 0 5 0 0 0 0 52 0 50 46 0 0 0 0 0 76 0 0 0 0 0 0 0 0 0 0 0 0 0 0 
45 43 0 0 0 42 0 0 0 38 35 0 0 0 0 0 39 0 61 64 62 0 60 0 0 66 0 0 0 20 0 0 14 0 0 0 0 0 0 0 69 72 0 71 0 7 13 0 0 0 0 0 0 0 0 56 0 0 0 0 0 0 52 0 0 78 0 1 0 0 0 2 0 0 0 0 25 0 23 27 0 
0 79 0 3 2 78 1 0 0 0 0 0 0 68 0 0 75 72 0 0 0 0 0 0 0 0 18 0 57 0 0 0 0 0 0 0 25 0 0 30 0 0 23 0 29 43 0 45 0 0 41 0 46 0 8 0 0 0 0 10 0 0 0 34 0 0 36 0 39 0 32 38 0 0 0 66 0 67 0 63 0 
27 0 0 0 29 0 0 0 0 0 17 0 15 0 0 0 0 0 0 0 0 0 0 0 0 0 0 80 0 0 0 0 0 0 0 0 0 58 0 57 0 0 0 53 56 0 76 0 0 0 0 0 73 0 0 0 36 0 0 0 0 0 0 0 0 0 0 0 0 62 59 0 0 0 0 12 0 13 0 0 0 
0 0 32 0 38 0 37 0 35 0 26 0 24 0 31 0 0 0 0 0 53 0 0 0 0 0 0 0 0 0 0 9 0 0 13 6 0 0 64 66 60 0 59 0 0 0 4 0 0 0 77 0 1 0 44 0 45 0 41 46 42 0 43 70 76 0 0 0 0 0 68 74 0 0 0 0 0 0 0 0 0 
0 0 0 75 0 0 0 0 71 0 0 0 0 0 0 0 0 0 0 10 8 0 6 0 0 0 9 0 48 47 46 0 0 0 49 42 16 0 0 0 0 18 0 0 0 0 0 36 0 0 0 0 37 0 0 0 0 0 77 0 0 0 0 25 0 24 27 28 30 0 0 0 55 0 0 0 0 0 0 0 51 
54 0 0 0 56 0 55 0 53 0 0 0 0 0 49 43 0 0 70 0 71 0 0 0 0 0 72 0 0 0 0 27 0 0 0 0 0 4 1 0 0 0 0 80 2 0 22 0 0 0 0 15 0 0 0 0 0 0 0 0 0 0 0 7 13 6 0 0 0 8 0 0 37 0 0 0 34 40 0 36 0 
0 0 0 0 0 60 0 0 0 0 0 0 51 0 58 0 57 0 0 0 0 4 0 0 0 3 0 0 0 38 0 0 0 0 0 0 0 0 0 0 0 0 5 8 0 0 31 0 0 26 0 24 28 0 71 0 0 0 0 0 69 0 0 0 0 0 0 19 0 0 0 0 0 0 47 0 0 0 0 0 0 
0 0 5 0 11 0 0 13 8 0 0 1 78 0 4 79 0 81 25 0 26 0 0 23 0 0 27 0 66 0 64 63 0 61 0 0 0 0 0 39 0 36 0 35 0 0 0 0 0 0 0 0 0 57 0 0 0 0 14 19 15 0 0 0 0 0 45 0 0 0 0 0 0 71 0 0 0 76 68 0 0 
0 0 0 0 0 15 19 0 0 0 0 0 0 5 13 0 0 0 34 0 0 0 0 32 0 39 36 0 75 0 0 0 0 70 76 69 0 0 0 0 0 0 0 0 47 61 0 0 65 62 59 60 64 0 26 0 0 0 23 0 24 31 0 0 0 0 0 0 57 53 0 0 0 80 2 3 79 4 0 81 0 
38 0 34 0 0 0 0 0 0 31 0 0 26 0 0 0 0 0 54 0 0 0 0 52 0 0 0 0 0 0 0 0 7 0 0 0 63 69 0 0 62 0 0 0 67 0 0 0 0 0 79 0 0 0 0 0 0 50 0 0 44 0 0 72 0 0 0 75 77 0 0 0 0 0 22 0 0 0 0 0 17 
0 0 0 0 13 8 0 0 0 0 0 0 80 0 0 0 0 0 27 0 28 0 0 0 31 0 0 0 0 67 66 0 0 0 0 0 0 42 0 0 35 0 0 0 40 0 60 0 0 55 0 0 0 0 0 22 20 0 0 0 0 0 0 0 51 0 0 0 50 46 0 0 0 0 0 0 0 0 70 0 0 
0 0 70 77 0 0 0 0 73 67 0 0 0 0 0 0 0 0 0 0 0 0 0 7 13 0 11 0 0 49 48 47 43 0 0 0 18 24 0 0 0 0 16 19 0 0 0 0 0 0 0 0 0 0 0 0 0 5 79 0 0 0 0 0 33 0 29 30 0 0 25 0 0 0 0 0 0 0 52 0 53 
0 0 0 0 0 0 48 0 0 0 0 39 0 0 0 0 0 38 0 0 0 0 0 0 67 0 0 0 0 22 21 20 0 0 0 0 0 0 0 77 71 0 0 0 76 0 0 11 0 10 0 8 0 0 55 0 0 0 0 0 0 0 54 0 0 80 0 0 0 0 0 4 0 0 31 0 0 33 0 0 0 
0 18 0 0 0 17 21 24 0 0 0 12 0 0 15 0 14 0 0 0 0 42 0 0 40 0 0 0 77 76 0 0 0 72 78 71 0 0 0 0 0 0 43 46 49 0 69 0 67 64 61 0 0 68 0 0 0 32 0 0 0 0 0 0 60 0 56 0 59 55 52 58 3 1 4 0 0 0 79 2 0 
65 0 0 0 0 0 66 0 0 0 55 0 0 0 0 0 0 0 0 0 1 6 0 0 0 0 2 0 0 40 39 0 0 0 0 0 0 0 0 14 0 11 0 0 0 0 0 0 31 0 25 26 30 0 0 76 0 0 0 0 0 0 0 0 24 0 0 21 0 0 16 0 0 0 49 0 0 51 43 0 0 
0 54 52 0 0 0 0 0 0 49 0 48 0 0 0 45 0 47 0 75 0 0 0 70 0 0 74 28 0 0 30 0 0 27 0 0 0 0 3 0 80 2 0 0 0 18 24 0 0 0 0 17 21 0 0 67 65 68 0 66 0 0 0 0 0 0 11 0 0 10 0 0 39 37 40 0 0 0 0 38 35 
0 0 0 0 0 0 3 0 0 76 73 0 0 0 0 72 0 0 18 21 19 0 0 0 0 0 0 55 0 0 0 0 0 0 0 53 0 33 0 0 0 0 25 0 31 45 0 0 49 0 0 0 0 50 0 0 11 0 7 0 0 0 0 0 42 0 38 0 41 37 0 0 66 0 67 0 0 69 61 0 62 
0 0 0 0 31 0 0 0 0 0 19 0 0 0 24 0 0 0 0 0 0 51 0 43 49 50 47 1 0 4 0 0 79 0 6 80 0 0 57 0 53 0 0 0 0 0 0 0 0 73 70 0 0 77 37 0 0 41 0 0 0 0 36 0 0 0 0 66 0 64 61 0 12 0 0 0 9 15 0 0 0 
