9
0 0 0 0 0 69 68 64 0 0 0 62 59 0 0 0 0 56 15 12 17 0 13 0 0 0 0 0 0 0 44 41 0 0 0 0 0 0 0 0 0 0 0 0 0 21 0 0 0 27 0 20 19 0 0 81 78 0 0 74 0 0 80 1 0 5 0 0 0 0 6 0 0 30 35 31 0 0 29 0 32 
0 0 0 0 0 0 5 1 0 75 0 80 0 0 0 0 0 74 0 30 35 0 0 32 0 0 34 0 0 0 0 0 55 57 0 0 64 66 68 0 0 0 0 0 0 39 0 0 0 0 0 0 37 0 0 0 15 0 12 11 0 0 0 19 0 0 0 20 0 0 24 0 0 0 53 49 0 0 0 0 0 
0 0 0 0 0 33 32 28 0 0 27 26 23 24 0 22 0 20 60 0 0 0 0 0 0 0 0 0 0 0 0 0 1 0 7 0 10 0 14 0 13 15 0 0 0 0 0 69 0 0 0 65 0 0 0 45 0 43 0 0 0 0 0 0 0 50 0 47 53 0 0 0 73 0 0 0 0 81 0 0 0 
44 43 0 0 0 0 0 0 0 0 36 0 0 33 0 0 0 0 0 0 0 0 0 68 0 0 70 0 0 18 0 0 0 12 0 0 19 21 0 0 22 0 0 0 25 0 79 0 80 0 77 74 73 76 50 0 0 0 48 47 0 49 0 0 63 59 58 0 62 61 60 0 0 3 8 0 0 9 2 0 5 
62 0 0 57 63 0 0 55 0 48 0 0 50 0 0 49 0 47 0 0 0 2 0 5 1 0 0 29 0 36 0 0 0 0 0 0 0 0 41 38 0 42 0 0 43 0 0 15 17 0 0 0 0 0 68 72 0 70 0 0 0 0 71 0 0 0 76 0 0 79 78 75 19 0 0 0 0 0 20 0 0 
0 0 0 0 0 0 0 0 0 0 0 0 0 0 0 0 0 2 0 0 0 0 0 41 0 0 0 0 69 0 0 0 0 0 0 0 0 0 0 0 0 78 81 0 79 0 0 0 0 0 50 0 0 49 23 0 0 0 0 20 19 0 0 0 0 32 31 0 0 0 0 30 0 57 62 58 60 0 0 61 0 
80 0 0 75 0 0 0 73 0 0 0 71 0 0 70 0 0 0 24 0 0 0 22 0 0 27 25 0 0 54 0 0 0 48 0 49 0 57 0 56 0 0 0 62 61 0 0 0 0 0 0 0 0 0 0 0 0 0 3 0 0 0 0 10 0 0 0 11 0 16 0 0 37 0 0 0 0 0 0 43 0 
0 0 0 21 27 0 0 0 0 0 0 0 0 0 0 0 0 0 51 0 0 0 0 0 0 0 0 0 0 0 0 77 0 0 79 0 0 0 0 0 0 0 9 0 0 0 0 0 0 0 0 0 55 0 32 0 0 34 30 0 0 0 0 37 0 0 0 0 44 0 42 39 64 0 0 67 0 72 0 0 68 
53 0 0 48 0 0 0 0 49 0 45 0 0 0 0 0 0 0 0 0 0 74 0 77 73 0 0 20 24 27 0 0 0 0 25 0 0 30 32 0 0 0 0 0 0 0 0 0 8 0 0 0 0 4 0 0 0 0 0 0 0 0 0 0 0 68 67 0 71 70 0 0 0 0 0 0 15 0 0 0 0 
0 71 0 0 0 0 69 65 0 0 0 0 60 0 0 0 0 0 0 0 0 0 0 0 11 0 0 0 0 0 0 0 0 40 0 0 0 49 0 0 50 52 0 54 0 22 26 25 0 28 0 0 0 0 78 1 0 80 76 75 74 0 0 0 10 0 0 0 0 0 7 4 29 0 0 32 0 0 0 35 0 
63 62 0 0 0 0 0 56 0 0 0 0 0 0 0 0 0 0 0 0 0 3 0 0 0 0 0 30 34 0 36 33 29 31 0 0 0 0 0 0 41 0 0 45 0 0 0 0 0 19 0 12 0 14 69 73 0 0 0 0 0 68 0 0 0 78 77 0 81 80 79 0 0 22 27 0 0 0 0 0 24 
0 0 0 0 0 25 0 20 0 0 0 18 0 0 0 14 0 0 0 0 0 0 0 51 0 55 0 75 0 0 0 0 74 0 0 77 2 0 6 0 0 0 0 0 8 0 0 61 63 0 60 0 0 0 0 0 34 0 0 30 0 32 0 0 0 0 41 0 0 0 0 0 65 0 72 0 0 73 0 0 0 
81 0 0 0 1 0 0 0 0 67 0 72 0 70 0 0 0 0 0 0 0 21 0 0 0 0 0 48 0 0 54 51 0 0 0 50 0 0 0 0 0 0 0 0 62 0 35 0 0 0 0 0 0 0 0 10 0 8 4 3 0 0 0 0 19 0 0 0 0 0 0 13 0 40 0 41 43 46 39 0 0 
18 0 0 0 19 0 0 11 0 0 0 0 0 0 0 0 0 0 0 0 0 0 0 0 0 0 0 0 0 73 72 0 65 67 71 68 74 0 0 75 0 0 1 0 0 0 53 0 0 55 0 0 0 50 0 0 0 0 22 21 20 0 0 0 0 0 32 0 0 0 0 0 0 0 0 59 61 0 57 0 60 
9 0 0 0 0 0 0 0 0 76 0 0 0 0 0 0 0 0 0 31 0 0 0 0 29 0 0 0 0 64 63 0 56 0 0 0 0 0 0 66 68 0 0 0 0 40 44 0 45 46 42 39 38 0 0 0 0 0 0 0 0 0 18 0 0 0 23 0 0 26 25 0 47 0 0 50 52 0 0 0 0 
0 0 0 0 0 0 33 0 32 0 0 27 0 25 26 0 20 21 0 58 0 0 0 0 0 64 0 3 0 0 0 6 0 4 0 5 0 0 15 0 14 0 0 0 0 67 0 70 0 0 0 66 0 0 0 0 0 0 40 0 0 41 45 0 0 0 0 0 54 0 52 0 74 76 0 0 79 1 0 80 0 
0 0 39 0 46 0 42 0 0 0 0 0 0 0 35 32 0 30 70 67 0 0 0 0 65 0 0 0 0 0 0 15 0 0 0 0 20 0 24 0 0 25 0 0 0 0 0 79 81 0 0 75 0 0 0 0 0 0 49 0 0 0 0 56 0 0 0 0 63 0 0 0 0 4 9 0 0 10 0 0 0 
0 0 0 49 55 0 0 47 0 0 0 0 0 0 44 41 0 39 79 0 0 0 0 0 74 0 0 0 0 28 27 24 0 0 0 0 0 0 0 30 32 0 37 36 0 0 0 0 0 0 0 0 0 5 0 0 0 62 0 0 0 0 0 0 0 0 0 0 0 0 0 0 0 13 0 0 0 0 0 17 15 
0 50 0 46 0 0 48 0 0 0 0 0 39 0 41 0 35 0 0 0 0 0 0 0 71 0 77 0 22 25 0 0 17 19 23 0 0 28 30 0 0 0 34 33 0 1 0 4 0 7 0 0 0 0 0 61 0 0 55 0 0 0 0 0 0 0 0 63 0 68 0 0 0 0 0 11 13 0 0 0 0 
24 0 0 0 25 0 0 0 0 0 0 0 0 13 14 0 0 0 0 0 51 0 0 48 44 52 0 0 0 0 0 0 71 0 0 0 0 0 0 81 2 0 7 6 5 55 59 0 60 0 57 0 0 0 30 0 31 0 28 27 0 29 0 0 43 0 0 36 0 0 0 0 0 0 0 65 0 0 0 0 0 
78 0 0 0 79 0 75 0 0 0 0 0 0 0 0 0 0 0 0 0 0 0 0 0 0 0 23 0 0 0 51 0 0 0 0 0 0 0 57 0 0 0 0 60 0 28 32 0 0 34 0 0 0 0 0 0 4 5 1 81 0 0 0 0 0 0 0 0 0 14 0 10 0 0 0 38 40 0 0 41 0 
6 5 81 1 7 4 3 0 2 0 0 78 75 0 77 74 71 0 0 28 0 0 0 30 0 0 0 0 0 0 0 0 0 0 0 56 0 0 0 63 0 67 0 69 0 0 41 40 0 0 39 0 0 0 12 0 0 14 10 9 8 11 0 17 0 0 0 0 0 23 22 0 44 46 51 0 49 0 0 0 0 
0 68 63 64 70 0 66 62 65 0 61 0 57 0 0 0 53 0 0 0 15 0 0 0 8 0 14 36 0 43 0 39 0 37 0 0 0 46 0 0 0 0 0 0 50 0 0 0 24 0 0 0 0 0 0 0 76 77 73 0 0 0 0 80 0 0 0 81 0 0 0 1 0 0 0 0 0 0 27 0 0 
0 41 0 0 43 0 0 0 38 0 0 0 30 0 0 29 0 27 0 0 0 63 0 66 62 0 68 0 13 0 0 0 0 0 0 0 0 0 0 18 0 0 0 24 23 73 0 0 0 0 0 0 71 74 0 0 0 0 0 0 44 0 0 0 61 0 0 0 0 0 58 55 0 0 0 2 0 0 81 0 0 
0 0 0 10 0 0 12 0 11 0 7 0 0 0 0 2 0 0 0 0 0 0 0 0 0 43 0 63 67 0 0 0 62 64 68 0 71 0 0 0 0 76 0 78 0 0 0 49 0 52 48 0 44 0 0 25 0 0 19 0 17 0 0 26 0 0 0 0 0 0 31 0 0 0 60 0 58 0 0 0 57 
0 59 0 0 61 0 0 0 0 46 52 0 48 0 0 47 0 0 0 1 0 81 0 0 80 0 0 0 0 0 0 30 26 0 32 0 35 0 39 36 0 0 0 42 0 0 0 13 15 0 12 0 0 0 0 0 0 0 0 0 0 0 69 0 0 75 0 72 0 0 0 0 0 19 0 0 0 25 0 0 0 
0 0 0 0 0 0 0 0 29 19 25 0 21 0 23 20 0 0 58 0 0 0 56 57 0 61 59 81 0 7 0 3 0 0 0 2 0 0 0 9 0 0 0 0 0 0 0 0 0 0 0 0 62 0 0 0 0 0 0 36 35 0 0 44 0 48 0 0 0 50 0 46 0 73 0 74 76 0 0 0 0 
0 12 0 0 14 0 0 0 0 0 0 4 1 2 0 81 0 79 0 35 0 0 0 0 0 41 0 61 0 0 67 0 0 0 0 0 0 0 0 70 0 0 0 0 75 44 48 47 49 0 46 0 42 45 0 23 0 0 0 16 0 0 0 24 0 0 0 0 31 30 29 0 51 0 0 54 0 0 0 0 0 
0 3 79 0 5 0 0 0 0 0 0 76 0 0 75 0 0 70 0 0 0 0 0 0 0 0 0 0 0 0 58 0 51 53 0 0 60 62 0 0 0 0 0 0 0 0 0 0 40 41 0 0 0 36 10 0 11 0 0 7 0 0 0 0 0 0 18 16 0 21 20 0 42 44 0 0 47 50 0 0 0 
0 0 0 0 23 0 0 15 0 0 0 0 0 11 12 9 0 7 0 0 0 43 0 0 0 0 0 0 74 0 0 73 0 71 75 0 0 0 1 0 0 0 5 0 0 53 0 0 0 0 0 0 0 54 0 0 0 0 26 0 0 0 0 33 0 0 0 0 0 39 38 0 0 0 0 63 0 0 0 0 64 
31 0 25 0 0 0 28 0 0 0 23 0 19 0 21 0 15 16 0 53 58 0 0 0 0 0 57 0 0 0 4 0 78 0 3 81 0 0 0 0 9 11 14 0 0 62 66 0 67 0 0 0 0 0 0 0 0 39 35 0 0 0 0 0 0 0 0 0 0 0 47 0 69 71 0 0 0 77 70 0 0 
0 0 0 0 0 0 0 33 0 0 32 0 28 0 0 27 0 25 0 0 0 0 63 0 0 68 0 0 0 0 0 0 0 0 0 9 0 0 0 0 18 20 0 22 21 0 0 0 76 77 0 0 69 72 0 0 0 48 0 43 42 45 0 51 0 0 0 52 0 57 0 0 0 0 0 0 2 0 0 0 0 
0 66 0 62 0 0 0 0 0 0 0 0 55 0 57 0 51 0 0 0 0 7 0 0 0 0 0 34 38 0 0 37 33 0 39 0 42 0 0 43 0 0 50 49 0 0 0 20 0 0 0 16 0 0 0 0 0 0 0 0 0 0 76 0 0 1 0 0 4 0 0 80 0 0 31 27 0 32 0 0 0 
76 75 70 0 0 74 0 69 72 0 0 0 0 65 0 0 60 0 0 0 0 0 0 19 0 0 21 43 0 50 0 46 42 44 0 0 0 0 0 52 0 0 0 58 0 26 30 0 0 32 0 0 0 0 0 5 0 0 0 0 78 0 0 0 0 10 9 0 0 0 11 0 0 0 40 0 0 41 34 0 0 
0 48 0 0 0 47 0 42 45 0 0 0 37 0 39 0 0 0 74 0 76 70 0 0 69 77 0 0 20 0 0 0 0 0 0 0 24 0 0 25 0 29 32 0 0 0 3 0 0 0 0 0 78 0 0 0 0 0 53 0 0 54 0 0 68 0 0 61 67 0 65 62 0 0 0 0 11 0 0 0 0 
58 0 52 0 0 0 0 0 54 0 0 0 46 0 0 0 42 0 0 0 0 0 0 0 0 5 0 0 0 0 31 28 0 0 0 0 33 0 0 0 0 0 0 0 0 0 0 11 0 0 0 7 0 0 0 0 65 66 0 0 0 0 0 69 0 0 72 70 0 75 0 0 0 0 0 0 20 0 16 0 19 
0 0 0 0 0 32 31 0 0 0 26 0 22 0 24 0 0 0 59 0 0 0 57 0 0 62 0 1 0 0 0 0 0 2 0 0 0 11 0 0 0 14 17 0 0 0 0 0 70 0 0 0 0 0 0 0 0 0 0 37 0 39 43 0 53 0 48 46 0 0 0 0 0 0 0 0 0 0 0 78 0 
16 0 0 0 0 14 0 9 12 2 0 0 0 5 0 0 81 1 41 0 0 0 0 0 0 0 0 64 0 71 0 0 0 65 0 0 0 74 0 0 0 77 0 0 78 0 0 0 0 0 0 0 45 48 22 26 0 0 20 0 0 0 0 27 0 31 0 28 0 33 0 29 0 56 0 0 59 62 0 0 0 
0 0 64 0 71 0 67 0 0 56 0 0 0 0 0 0 54 0 14 0 16 0 0 0 0 0 0 0 0 0 43 0 0 0 0 0 0 0 0 0 0 0 0 0 0 20 0 23 25 26 0 19 18 0 76 0 0 0 0 0 0 75 0 81 0 0 0 0 0 0 0 0 0 0 0 0 0 0 0 33 0 
0 0 0 0 8 5 0 0 3 0 80 0 0 0 78 0 0 73 0 0 34 0 0 31 0 35 33 0 0 0 0 0 0 0 0 57 0 65 0 0 0 0 0 70 0 0 0 0 0 0 40 0 0 0 0 0 0 0 0 0 0 12 0 18 0 0 0 0 0 0 0 20 0 0 52 0 50 0 0 0 0 
0 60 0 0 0 0 0 0 57 0 0 52 0 0 0 48 0 0 0 2 0 1 0 4 0 0 6 0 0 35 0 31 0 0 33 0 36 38 0 0 39 0 0 0 0 0 15 14 16 0 0 0 9 0 0 0 68 0 0 0 63 66 0 0 0 0 0 0 0 78 0 0 18 0 25 0 0 26 0 0 0 
0 24 0 0 0 0 0 0 21 0 17 16 0 0 0 12 0 10 0 0 52 0 48 0 0 0 0 0 0 80 0 0 0 0 78 0 0 0 0 1 0 0 0 7 0 0 0 0 0 0 0 55 0 57 0 0 0 0 0 0 0 30 34 0 0 0 0 0 0 42 0 38 0 0 0 66 0 0 0 69 67 
79 0 0 0 80 77 0 0 0 0 0 0 0 0 0 66 0 64 0 20 0 0 0 22 0 26 24 0 0 0 52 49 45 47 0 0 0 0 0 55 0 59 0 61 0 29 33 0 34 35 0 28 0 0 0 0 0 0 0 0 81 0 7 0 17 0 12 0 16 0 14 0 36 38 0 0 41 0 0 42 0 
0 0 0 0 0 0 0 0 39 0 35 0 0 0 0 0 0 0 0 0 0 0 0 0 0 0 69 10 0 0 16 0 0 11 15 12 0 0 0 0 0 23 0 25 0 0 0 77 0 80 0 0 0 0 0 0 0 0 0 0 0 0 0 0 0 0 0 0 0 0 59 0 0 0 0 0 0 8 0 0 4 
0 0 0 0 53 0 0 0 0 0 0 43 0 0 0 0 36 0 0 74 0 0 0 0 72 0 0 0 0 26 0 0 0 20 0 0 0 0 0 0 0 0 0 0 0 2 0 0 0 8 0 0 81 0 58 62 0 60 0 0 0 0 61 0 0 67 0 0 0 0 0 0 0 0 0 12 0 0 0 15 0 
0 58 0 0 0 0 0 0 0 0 0 0 47 0 0 46 0 0 0 0 0 0 1 0 0 6 0 26 0 0 0 0 0 27 0 0 0 0 38 0 37 0 0 0 40 0 0 0 0 0 11 0 7 0 0 0 66 0 0 0 0 64 0 0 0 74 0 0 77 0 0 0 0 18 0 19 21 0 0 22 0 
5 0 80 0 0 0 0 0 0 72 78 77 0 0 0 73 0 0 0 0 0 0 0 0 0 0 0 53 57 0 59 0 52 0 58 0 0 0 0 0 0 0 69 68 0 0 0 0 0 0 0 0 34 0 0 15 0 0 0 0 7 10 0 0 24 0 19 0 0 0 0 0 43 0 0 0 0 51 0 0 47 
0 0 0 0 24 21 20 0 0 0 0 0 0 12 13 10 0 8 0 45 0 0 46 0 0 0 49 0 0 78 0 0 0 0 76 0 0 0 0 0 0 3 0 5 4 54 0 57 0 0 0 0 52 0 29 33 0 0 0 0 0 0 0 0 0 0 0 0 0 0 0 36 0 0 0 64 0 0 0 67 0 
0 0 0 45 0 48 0 0 46 0 0 0 0 0 0 0 34 35 0 0 77 0 0 0 0 78 0 0 0 24 23 20 16 0 0 0 25 27 29 26 0 0 0 0 31 81 0 3 0 0 0 0 0 0 56 60 0 0 0 53 52 0 59 0 0 0 0 0 0 0 0 63 0 9 0 0 0 0 0 0 0 
0 0 71 72 0 0 0 0 0 63 0 68 0 0 67 64 0 0 0 0 0 17 0 0 0 0 0 0 0 51 0 47 43 0 49 46 52 0 0 53 0 0 60 0 58 0 0 0 0 0 0 26 0 28 0 6 0 0 0 0 0 1 0 7 0 0 10 8 14 0 0 0 0 0 0 37 39 0 35 0 38 
0 67 0 63 69 66 0 0 0 0 0 59 0 0 0 55 52 53 12 0 0 0 10 0 0 15 0 0 0 0 0 0 0 0 40 0 43 45 0 44 0 0 51 0 0 18 22 0 0 0 20 0 0 19 0 0 75 0 0 0 0 0 0 79 0 0 0 80 0 0 3 0 0 0 0 28 30 0 0 0 0 
41 40 0 0 42 0 0 34 37 27 0 0 0 0 31 0 25 0 0 0 0 0 0 65 0 0 0 0 0 0 14 0 0 9 0 0 0 18 0 17 0 21 0 0 0 0 0 75 0 0 0 71 0 0 47 0 48 0 0 0 43 0 0 0 0 0 0 0 59 0 0 0 0 0 0 0 3 0 0 0 2 
0 0 8 0 0 12 11 0 0 0 0 0 0 0 0 1 79 80 39 0 0 0 0 0 0 0 0 0 0 0 0 0 0 0 0 0 0 0 74 71 0 0 0 0 0 0 49 48 0 0 47 0 0 0 20 24 0 22 18 0 0 0 0 25 0 29 0 26 32 0 0 0 0 0 0 0 57 60 0 0 0 
0 31 26 0 0 0 29 0 28 0 24 0 20 0 22 19 0 17 0 0 59 0 0 56 0 60 58 80 0 6 5 0 0 0 4 0 7 0 0 0 0 0 15 0 0 0 0 0 0 0 0 0 0 0 0 0 0 0 36 0 0 0 41 0 0 0 46 0 0 0 48 0 0 72 0 0 0 0 71 76 0 
75 0 0 0 0 0 0 68 0 0 0 0 63 64 0 62 0 0 0 0 0 0 0 0 0 0 0 0 46 49 0 0 41 0 0 0 0 0 54 0 53 0 0 57 56 0 29 0 0 0 27 24 0 26 81 0 0 0 0 0 0 0 0 0 0 0 0 0 0 0 0 0 32 0 39 0 37 40 0 0 0 
57 0 0 0 0 55 54 0 0 0 0 0 0 0 0 0 41 0 0 0 3 0 0 0 0 0 0 0 0 0 0 27 0 25 29 0 0 0 0 0 35 37 40 0 0 7 0 0 0 13 9 0 5 8 0 67 0 65 61 0 0 0 0 0 0 0 0 0 0 74 0 0 14 16 21 0 0 0 15 20 0 
0 0 0 0 13 0 0 0 8 0 0 0 0 0 0 80 77 0 37 0 0 0 0 0 0 0 0 0 0 67 66 0 0 0 0 0 0 70 72 0 0 0 0 0 0 0 0 0 0 0 0 42 0 44 0 22 0 0 0 0 0 0 0 0 0 0 0 0 30 29 0 0 50 52 0 0 0 0 51 56 0 
0 0 60 61 0 0 0 0 0 0 58 0 54 55 56 0 0 0 0 0 0 0 0 0 5 0 0 33 0 0 0 36 0 0 0 0 41 0 0 0 0 46 0 0 0 0 0 0 0 0 0 0 0 17 0 0 0 0 0 0 0 0 75 0 0 81 80 78 3 0 0 79 0 25 0 0 0 0 0 0 0 
0 0 24 25 0 28 27 0 26 0 0 0 0 0 20 0 14 15 55 52 57 51 0 54 50 0 56 78 0 0 0 0 0 0 0 0 0 7 0 0 0 0 0 0 11 61 0 64 0 67 63 0 0 0 36 0 0 0 0 0 0 0 39 0 0 45 44 0 0 0 0 0 68 0 75 71 0 0 0 0 0 
39 0 0 0 0 0 0 0 0 0 31 0 27 0 0 0 23 0 0 0 0 0 0 63 0 0 0 0 0 13 0 0 0 0 0 0 0 16 0 0 0 19 0 0 20 70 0 73 75 76 0 69 68 0 0 0 0 0 0 0 41 44 0 0 58 0 53 0 57 0 55 0 0 79 3 80 0 0 78 0 81 
0 0 0 0 4 0 81 0 0 0 76 75 72 0 0 0 0 0 0 25 0 0 26 0 0 31 0 0 0 0 57 0 0 52 0 0 0 61 0 0 0 0 0 0 0 0 0 0 0 40 0 0 32 0 0 13 10 0 0 0 5 8 12 0 22 0 0 0 0 0 19 16 0 43 0 0 46 0 0 0 0 
0 0 42 0 49 46 0 0 0 34 0 39 0 0 38 35 0 33 0 0 0 0 0 0 68 76 0 15 19 0 21 0 0 0 20 0 23 0 0 0 0 28 31 30 0 79 0 0 0 4 0 78 0 0 0 0 55 0 0 0 50 0 57 59 0 0 62 0 0 0 0 61 5 0 0 0 10 0 0 11 0 
0 20 0 0 0 0 0 0 17 0 0 0 9 0 0 0 5 0 0 0 0 42 0 0 0 0 47 0 0 76 0 0 0 0 74 0 77 0 0 0 0 0 0 0 0 0 56 0 0 58 0 0 0 0 0 31 0 0 25 24 23 0 0 0 0 0 0 33 0 38 0 34 59 0 66 62 0 67 60 0 63 
46 45 40 41 47 0 43 0 42 32 0 37 0 0 36 0 30 0 0 68 0 0 0 0 0 0 0 0 0 0 0 16 12 0 18 0 0 23 25 0 24 26 0 28 0 77 0 0 0 0 0 0 75 0 0 0 53 0 0 49 0 0 0 57 0 61 0 0 0 0 0 0 0 5 0 0 0 0 0 9 0 
0 0 0 68 0 71 0 0 69 59 0 0 0 0 0 0 0 0 17 0 0 0 15 16 0 0 0 40 0 0 0 43 39 41 45 42 0 50 0 0 51 0 56 0 0 0 0 0 0 0 0 0 0 24 0 2 80 0 77 0 0 0 1 0 11 0 6 4 0 0 0 5 0 0 37 0 0 0 0 36 0 
37 0 0 32 0 0 0 30 0 0 29 28 25 0 0 24 0 0 0 0 0 0 0 0 0 0 0 4 8 11 10 7 3 0 0 6 0 14 0 13 0 0 20 19 18 68 0 0 0 0 0 67 0 0 0 0 0 45 0 0 39 0 0 0 56 0 0 49 55 54 0 0 0 0 0 0 0 0 0 81 0 
0 0 0 0 0 0 0 0 60 0 0 0 0 0 0 0 48 0 0 0 0 4 0 7 0 0 0 0 0 0 37 0 0 32 0 0 0 0 0 0 0 44 0 46 45 14 0 0 0 0 16 0 0 0 0 74 71 0 68 0 0 0 0 75 2 79 78 0 1 0 0 0 0 23 28 0 0 0 22 0 0 
0 0 0 0 0 26 0 0 0 14 20 0 0 0 0 15 12 0 0 0 55 0 0 0 48 56 0 0 0 0 0 0 75 0 81 0 0 0 0 0 0 0 0 0 0 59 63 0 0 0 0 0 0 0 0 38 0 0 0 31 0 0 0 0 47 0 42 40 46 0 44 0 0 0 0 0 0 0 0 0 0 
0 0 0 0 0 0 79 0 0 0 0 0 70 0 0 69 0 0 0 0 28 0 24 0 0 0 27 49 53 56 0 0 48 50 0 0 57 59 0 0 0 62 0 0 0 0 0 35 0 0 0 31 0 0 0 0 0 9 5 4 0 0 0 12 0 16 0 13 0 0 17 14 0 0 0 0 44 47 40 0 43 
0 0 0 0 20 0 16 0 0 0 0 0 0 8 0 0 0 0 0 0 46 0 42 43 0 0 0 67 71 0 0 70 66 68 0 0 75 0 0 0 0 80 2 0 81 0 0 0 0 0 52 49 0 51 25 0 0 0 0 0 0 0 28 0 0 0 0 0 0 36 0 0 57 0 64 60 0 0 58 0 0 
0 0 0 0 56 0 0 48 0 0 0 46 0 0 45 42 0 0 0 0 1 0 78 0 75 2 0 0 0 0 0 0 0 0 0 0 0 32 0 0 0 35 0 37 36 0 9 8 0 0 0 4 3 6 0 65 0 63 0 0 57 60 0 66 0 70 0 67 0 72 0 0 12 14 0 15 0 0 0 0 0 
10 9 4 0 11 0 0 0 0 77 0 0 79 0 0 0 0 76 35 32 0 0 33 0 0 0 0 58 62 65 0 61 0 0 63 0 0 68 0 0 69 71 74 0 0 0 0 0 46 47 43 0 39 0 16 20 17 0 0 13 0 0 0 0 0 0 0 22 0 0 0 23 0 50 0 0 53 0 0 54 0 
38 37 0 0 39 0 0 0 0 24 30 0 0 0 0 25 0 23 63 0 65 0 0 0 58 0 0 0 0 12 0 0 0 0 0 0 0 0 17 0 16 18 0 20 19 69 0 0 0 0 71 0 0 0 0 48 0 46 0 0 0 43 0 49 0 0 0 50 0 0 0 0 0 0 0 0 81 3 0 0 80 
0 0 41 0 0 0 0 0 0 33 0 0 35 0 0 34 0 0 72 0 0 0 0 0 0 0 0 0 0 0 20 0 0 0 0 0 0 0 0 0 0 0 30 0 0 78 0 0 0 0 0 0 0 79 53 57 0 55 0 0 0 0 56 0 0 62 0 0 0 0 0 0 4 0 0 0 0 0 0 0 8 
0 0 0 0 0 0 17 0 0 0 0 0 0 0 0 0 0 5 45 42 47 41 43 0 0 0 46 68 0 0 74 0 67 0 0 0 0 0 80 0 0 81 0 0 0 51 55 54 56 0 0 0 0 0 26 0 0 0 0 23 0 25 0 0 0 0 0 0 0 0 0 33 0 60 65 0 0 0 0 0 62 
0 0 0 0 0 0 62 0 0 0 0 56 53 0 0 0 49 0 0 6 0 0 0 0 0 0 10 0 36 0 0 35 31 0 37 0 40 42 0 0 43 0 0 0 0 0 0 0 0 0 0 0 0 0 0 75 72 0 69 0 0 0 0 76 0 0 0 77 0 0 81 0 0 0 29 0 0 0 0 0 26 
74 73 0 0 75 0 0 0 0 0 0 65 0 0 0 0 58 59 0 0 20 0 0 0 0 0 0 0 45 0 0 0 0 0 0 0 0 0 0 0 0 0 0 0 0 0 28 0 0 0 0 0 22 0 0 0 0 1 0 77 76 0 0 0 0 0 0 0 11 10 0 0 0 33 0 0 36 0 0 0 0 
0 55 0 0 0 0 0 0 0 0 0 47 0 45 46 0 0 41 0 0 2 77 0 0 0 3 0 0 0 30 29 0 22 24 28 25 0 0 0 32 34 36 39 0 37 0 0 0 0 0 0 0 4 0 0 0 0 64 0 59 0 0 0 0 75 0 0 68 0 0 72 0 0 0 0 0 18 21 0 0 0 
29 0 0 0 0 27 0 0 0 15 0 20 0 0 19 0 0 0 0 0 0 50 52 0 49 0 0 0 81 3 0 0 0 78 0 79 0 6 0 0 7 0 0 0 0 0 0 0 0 0 0 0 0 0 0 0 36 0 33 0 31 34 0 40 48 44 0 0 0 46 45 42 0 0 74 0 0 0 68 0 0 
0 0 0 0 3 0 80 0 79 0 75 0 71 0 0 70 0 68 0 0 29 0 0 0 22 0 28 50 54 0 0 0 0 0 0 0 0 60 0 0 0 0 0 0 0 0 0 0 38 0 35 0 0 0 0 12 0 10 0 0 0 0 11 0 0 0 0 0 0 0 0 15 0 0 0 43 0 48 0 0 44 
0 0 0 6 12 9 0 0 0 0 0 0 0 0 0 79 0 77 0 0 0 32 0 35 0 0 0 59 0 0 65 62 0 0 0 61 0 0 0 0 70 0 0 0 0 0 0 0 0 0 0 0 0 0 0 0 0 0 15 14 0 0 0 22 0 26 0 0 0 0 0 0 0 0 0 0 0 0 50 0 0 
