9
0 0 1 81 0 76 0 0 0 19 0 0 0 0 0 0 18 0 35 32 0 0 0 33 0 0 0 0 0 0 0 0 6 10 0 0 0 21 0 28 23 0 24 0 29 45 0 42 41 0 0 0 0 39 64 0 0 0 0 0 0 0 59 55 0 0 0 54 0 53 0 0 73 0 0 0 0 0 68 70 69 
0 0 64 63 0 0 60 0 0 1 0 0 0 0 0 0 0 0 17 0 0 0 0 15 0 0 12 0 0 0 72 0 0 0 0 0 0 0 8 0 0 0 6 4 0 0 0 0 23 28 22 0 0 21 0 0 0 43 0 42 0 39 41 0 0 0 34 36 0 0 0 0 0 49 0 0 0 48 50 0 0 
0 0 19 0 16 0 0 0 0 0 34 0 0 31 0 0 0 0 0 50 54 0 0 0 0 0 0 22 0 0 0 29 0 0 0 0 0 39 44 46 0 0 42 0 0 0 61 0 0 0 0 62 0 0 0 0 0 0 0 78 80 0 0 73 0 0 70 0 0 71 67 68 10 0 0 0 0 0 5 7 0 
0 11 0 0 0 0 6 8 0 28 25 23 0 0 0 24 27 21 0 0 0 0 0 0 0 43 0 0 14 0 0 20 0 0 0 17 0 0 35 0 0 0 0 0 0 0 0 51 0 0 0 53 0 0 0 0 0 70 0 69 0 0 0 64 0 0 0 0 0 0 0 59 0 0 0 81 0 75 0 0 0 
0 0 46 0 0 0 0 0 0 0 0 0 65 58 0 0 0 0 0 0 0 0 2 78 0 0 0 0 50 0 0 56 0 55 0 0 0 0 0 73 0 72 69 67 0 0 0 6 5 0 0 8 0 0 0 27 22 0 0 0 26 21 0 0 20 0 0 0 15 0 0 0 0 0 0 36 0 0 0 0 0 
0 0 0 36 0 0 0 0 0 0 0 0 56 49 53 0 0 0 71 68 72 0 0 69 0 0 0 0 0 0 0 0 0 0 0 0 0 57 62 0 0 0 0 0 0 0 0 78 0 0 76 0 2 0 0 0 13 0 0 15 0 0 0 10 0 3 0 0 0 0 0 0 0 0 0 27 0 21 23 25 24 
0 74 0 0 0 0 0 0 66 0 7 0 0 0 0 0 0 0 26 0 27 22 29 0 0 0 21 0 0 0 0 2 78 0 75 0 16 0 17 19 14 18 0 0 20 0 0 0 0 37 31 0 0 0 0 0 49 0 0 51 0 0 0 0 47 39 43 0 0 0 40 0 64 0 0 0 0 0 59 0 0 
23 29 0 0 25 0 0 0 21 46 0 0 0 0 44 42 0 0 62 59 0 0 0 60 64 61 0 31 32 0 36 0 33 37 0 0 0 48 0 0 0 0 0 0 0 0 0 69 0 0 0 0 74 0 0 9 0 0 0 6 0 0 0 1 0 0 79 81 0 0 76 77 0 0 17 0 0 0 0 0 0 
0 0 55 0 0 0 0 0 0 0 0 0 0 0 0 0 72 0 0 5 0 0 0 6 0 7 0 0 0 0 0 0 0 64 0 62 79 0 80 1 0 0 0 76 0 0 0 0 0 0 0 0 20 12 37 0 0 34 0 33 0 0 0 0 0 0 25 0 0 0 0 0 0 0 0 0 0 0 0 0 0 
0 69 0 0 0 62 0 0 0 0 0 0 0 0 0 0 0 0 0 0 0 0 0 0 0 0 16 71 72 0 76 78 0 77 0 0 11 0 0 0 0 0 0 0 0 0 0 0 27 32 26 30 0 0 0 0 0 0 0 0 0 0 0 0 0 0 0 0 37 0 35 0 59 0 57 0 60 0 54 56 55 
0 0 0 4 0 80 0 0 79 0 0 0 0 17 0 0 0 16 39 0 0 0 0 37 0 0 0 8 0 0 0 0 0 14 7 0 0 25 30 32 0 0 0 0 33 0 0 0 45 0 44 0 51 0 0 0 0 65 0 64 0 0 0 59 0 0 0 0 55 0 53 0 0 0 0 76 0 0 0 74 0 
36 42 0 0 38 35 37 39 0 59 0 54 60 0 57 0 0 0 75 0 0 0 0 0 77 0 0 0 0 47 0 51 0 0 0 0 0 0 0 68 0 0 0 0 69 4 2 0 0 0 80 0 0 79 23 22 0 20 0 19 21 0 0 0 15 7 0 0 10 0 0 0 0 0 0 0 33 0 0 0 0 
0 0 0 0 0 0 0 12 0 0 0 0 33 0 0 0 0 0 48 0 0 44 51 46 0 0 0 17 18 20 22 0 0 23 0 0 0 0 0 0 36 0 0 0 42 58 0 0 54 0 53 0 0 0 77 76 0 0 0 0 0 0 72 0 0 0 0 67 0 0 0 0 5 80 0 0 0 0 81 2 0 
54 0 0 0 0 0 0 0 0 0 74 0 0 0 0 0 0 70 0 0 0 0 0 10 0 0 0 62 63 0 0 0 0 0 61 0 2 0 0 0 0 4 0 80 0 0 20 0 0 0 0 0 24 0 0 0 0 0 42 0 0 34 36 32 0 0 0 0 28 30 0 0 50 44 0 0 0 0 0 0 0 
18 0 23 0 0 0 19 0 0 0 0 0 0 0 39 37 40 0 0 0 0 53 0 0 0 56 0 0 0 0 31 33 0 0 0 0 47 0 0 0 0 0 46 0 0 0 0 0 0 0 0 0 0 0 0 0 80 0 0 1 3 0 0 77 0 70 0 76 0 0 71 0 0 0 0 13 0 7 0 11 10 
0 0 0 49 0 44 0 0 43 0 0 0 69 0 0 0 0 61 0 0 4 0 0 0 0 0 0 53 54 0 0 0 0 0 52 0 74 0 0 0 0 0 0 0 0 0 0 0 9 0 0 0 15 0 0 0 0 0 0 0 0 25 0 0 24 0 20 0 19 21 0 0 0 0 0 0 0 0 36 38 0 
0 0 0 0 29 26 28 0 0 0 0 0 0 0 0 0 0 43 0 63 67 0 0 0 68 0 0 0 0 38 0 0 0 41 0 0 0 52 0 0 0 0 0 0 0 0 0 73 0 0 0 0 78 0 14 0 0 0 0 0 0 0 0 5 0 0 0 0 0 0 80 0 0 0 0 22 0 0 0 0 0 
0 0 0 76 74 0 0 0 0 0 0 0 0 0 12 0 0 0 30 0 0 26 0 0 0 0 25 0 0 2 0 0 0 0 79 0 0 0 0 0 0 0 0 0 0 0 0 0 36 0 0 0 42 34 59 0 53 56 0 0 0 52 54 0 51 0 0 0 46 0 0 45 0 0 0 67 0 61 63 65 0 
70 0 0 0 0 69 71 0 0 0 9 0 13 0 0 0 0 0 28 0 29 0 0 0 30 0 0 78 79 0 2 4 0 0 0 0 18 0 0 0 0 0 17 0 0 0 36 0 0 39 0 0 0 0 0 0 0 0 0 0 0 0 0 0 49 0 0 0 0 0 42 43 66 0 64 65 0 0 0 0 0 
0 0 30 0 0 0 26 0 0 0 0 0 49 42 46 0 0 0 0 0 0 0 0 0 0 0 59 0 0 0 38 40 0 39 0 0 0 50 55 0 0 0 0 0 0 0 0 0 70 75 69 0 0 0 12 0 0 0 0 0 0 0 0 0 4 0 0 0 0 1 78 0 0 15 19 0 22 0 16 18 0 
0 0 3 2 0 0 80 1 0 21 0 0 0 15 19 0 20 14 0 0 0 33 40 0 39 0 0 0 7 0 0 0 0 0 0 0 27 0 28 0 0 0 0 0 31 0 0 44 0 0 0 46 0 0 66 65 0 0 0 62 0 59 61 57 0 0 54 0 53 0 51 0 0 69 0 0 0 0 0 0 71 
16 0 0 0 18 15 0 0 0 39 0 0 0 0 0 0 38 32 0 52 56 0 0 53 57 0 0 24 0 27 29 0 0 0 0 0 45 0 0 48 0 0 44 0 0 65 0 0 61 0 0 0 0 0 3 0 0 0 4 0 1 77 0 75 76 68 0 0 0 0 69 0 0 6 0 0 0 0 0 0 8 
0 13 0 11 0 0 0 10 5 0 0 0 0 0 0 26 0 0 0 0 0 0 0 0 0 0 41 0 16 0 0 0 0 0 0 0 0 0 0 0 0 0 35 33 0 0 54 53 52 0 0 0 0 0 0 0 0 72 0 0 0 0 0 0 0 0 63 65 0 0 0 0 0 0 0 0 0 0 0 81 0 
61 0 66 65 0 0 0 0 0 0 0 0 4 0 1 0 0 0 0 0 0 0 0 0 0 18 0 0 0 0 0 76 0 0 0 73 0 5 0 0 0 0 0 6 0 0 27 0 25 0 0 0 0 0 0 0 0 0 0 0 46 0 0 39 40 0 0 38 0 0 33 0 57 0 0 0 0 50 0 54 0 
52 0 57 56 0 0 53 0 0 0 0 0 0 0 73 0 0 0 10 7 0 0 0 0 0 0 5 0 61 63 0 0 0 0 0 0 0 0 0 3 79 2 80 0 4 0 0 0 0 21 0 19 0 0 0 38 0 0 0 0 0 32 0 0 0 0 0 0 26 0 24 0 0 0 0 0 0 41 0 0 0 
43 49 48 0 45 0 0 0 0 66 63 0 67 60 0 0 65 0 1 0 0 0 0 0 0 0 0 0 0 54 0 0 53 0 0 0 72 0 73 0 70 0 0 0 0 0 0 0 0 0 0 10 0 0 0 0 0 27 0 26 28 23 25 0 0 0 0 20 0 0 15 16 39 0 37 38 40 0 0 0 35 
0 40 0 38 36 33 35 37 0 0 0 52 58 0 0 0 56 50 0 0 0 69 0 0 0 0 68 0 0 0 0 0 0 48 41 0 63 0 64 0 0 65 62 0 0 0 81 80 0 0 0 1 0 77 0 0 0 0 0 17 0 0 16 0 13 0 0 0 0 10 6 7 0 0 0 29 0 23 25 0 26 
60 0 0 0 62 0 0 63 0 0 0 0 0 0 0 0 0 76 18 15 0 0 0 16 20 0 0 0 69 0 0 0 70 74 0 0 8 0 0 0 6 10 7 5 0 28 26 0 0 0 0 27 0 0 0 46 41 0 48 43 0 40 0 0 0 0 0 0 0 36 0 0 0 50 0 0 0 49 0 0 0 
0 0 0 0 17 0 0 18 0 0 35 33 0 32 0 0 37 0 54 51 55 0 57 0 56 53 0 0 0 26 28 0 0 0 22 0 0 0 0 0 0 0 43 0 0 64 0 61 60 65 59 0 0 0 0 1 0 80 3 0 0 76 78 0 0 0 0 0 70 0 0 0 0 0 0 0 0 0 6 8 0 
0 0 0 0 0 41 43 45 0 0 62 60 66 0 0 0 0 0 0 0 0 0 3 79 2 80 0 0 0 0 0 57 0 56 49 54 71 0 0 0 0 73 0 68 0 0 0 7 6 0 0 0 12 0 0 0 23 0 0 25 0 0 0 20 21 0 0 0 0 0 0 0 0 0 0 0 0 31 33 0 34 
69 0 0 0 0 68 0 72 67 0 0 0 12 0 0 0 0 0 0 0 0 0 0 0 0 26 22 0 78 0 0 0 0 0 76 0 0 0 0 0 0 0 0 0 21 0 35 0 0 0 32 0 39 31 0 0 50 0 57 0 0 0 51 0 0 0 0 0 43 0 0 0 0 59 0 0 0 58 0 0 0 
0 0 2 0 0 0 0 0 0 0 0 0 0 14 0 0 0 0 36 0 37 0 39 0 0 0 0 0 0 0 0 0 0 11 0 0 0 0 0 0 24 0 0 0 30 0 0 0 0 47 41 45 0 0 0 0 0 62 0 0 0 0 0 0 0 0 0 0 52 0 0 0 0 68 0 0 75 0 69 71 0 
33 0 0 0 0 0 0 0 0 56 53 0 0 50 54 0 0 0 0 0 0 68 0 70 0 71 0 0 0 44 0 0 0 0 0 0 62 0 0 0 60 0 61 0 0 0 0 79 0 0 0 0 0 76 0 0 0 17 0 16 18 0 15 11 12 0 0 0 7 0 0 0 0 23 0 28 0 0 0 0 0 
0 0 0 0 0 0 0 0 0 0 0 0 0 0 0 0 46 0 0 0 64 0 0 61 0 62 0 0 0 0 37 0 0 38 0 0 0 0 0 56 0 0 0 0 0 73 0 0 69 0 68 0 0 67 0 0 5 0 0 7 9 4 6 2 0 76 0 1 79 81 0 78 20 0 0 19 0 13 0 0 0 
0 57 0 0 53 50 0 0 0 0 71 0 0 68 0 70 0 0 9 6 0 0 12 0 11 0 4 0 0 0 0 66 0 0 58 0 0 0 0 0 0 0 0 0 0 0 0 0 0 0 14 18 0 0 0 0 0 0 0 0 36 0 0 0 0 0 0 0 0 0 0 0 0 0 0 0 0 0 0 0 0 
0 0 11 10 0 5 7 9 0 29 0 24 0 0 0 0 28 0 0 42 0 41 0 43 0 44 0 0 0 0 0 0 16 20 0 0 0 0 0 0 0 0 0 0 0 0 0 52 51 0 0 0 57 49 0 0 0 0 75 0 0 0 0 0 66 0 0 0 0 0 0 0 2 0 0 1 0 0 0 0 0 
0 55 0 0 0 48 0 52 0 0 0 0 0 0 0 0 0 0 0 0 0 0 0 0 9 0 0 0 58 0 0 64 59 0 56 0 0 0 0 0 76 0 0 0 0 0 0 0 0 0 12 0 0 0 0 35 0 0 0 0 34 0 31 0 0 0 0 0 0 0 21 22 0 39 43 0 0 0 0 0 41 
0 0 36 0 0 0 0 0 0 0 0 0 55 48 0 0 53 0 0 67 71 0 0 68 72 0 0 39 0 42 44 46 41 0 0 43 60 0 0 0 0 0 59 57 0 0 0 77 0 0 0 79 0 0 0 17 0 0 19 0 0 0 0 9 0 0 0 0 0 7 0 0 0 0 0 0 0 0 0 24 0 
0 0 81 0 0 75 0 0 0 0 15 13 19 0 16 0 0 11 34 31 0 30 0 0 0 0 0 0 0 6 0 0 5 0 2 0 0 20 25 0 0 26 23 21 28 0 0 0 0 0 0 0 0 0 63 0 57 0 64 0 61 0 58 54 0 0 0 0 0 0 0 49 0 66 0 0 0 0 0 0 0 
0 0 18 0 0 0 0 0 11 0 33 0 0 0 34 0 0 0 0 0 0 48 55 0 54 0 47 0 0 24 0 0 23 0 20 0 42 0 0 0 40 44 0 0 46 62 0 59 0 0 57 0 0 56 81 0 75 0 1 0 79 0 0 0 0 0 0 71 0 0 0 0 9 0 7 0 0 0 0 0 0 
0 28 0 26 24 0 23 0 20 0 42 0 0 0 0 0 0 0 0 0 0 0 0 59 0 0 56 0 0 0 35 37 0 0 0 0 51 0 0 0 49 0 0 0 55 0 0 0 67 0 0 0 0 0 9 0 3 0 0 5 0 0 0 0 0 0 78 80 77 79 0 0 0 0 0 17 0 0 0 0 0 
0 64 63 0 0 0 0 0 56 0 0 0 0 0 0 77 80 74 0 0 0 0 0 14 0 0 0 0 0 69 0 0 0 0 65 0 0 0 0 9 0 8 0 0 0 26 0 0 22 27 0 0 0 0 45 0 0 0 0 41 43 0 40 0 37 0 33 0 0 0 30 0 54 0 0 0 0 0 49 0 0 
4 10 0 0 6 0 0 0 2 0 0 22 0 21 25 0 26 20 0 0 0 39 0 0 0 42 0 0 0 15 0 0 0 18 11 16 0 0 0 0 31 0 0 30 0 53 0 0 0 0 48 52 0 0 72 71 66 69 0 0 0 0 0 0 64 56 60 62 0 0 0 58 0 75 0 0 0 0 76 0 0 
0 0 0 71 0 0 0 0 0 9 6 0 0 0 7 0 0 0 0 22 0 0 0 0 0 0 0 0 76 78 0 0 77 0 74 0 0 0 0 0 0 0 0 0 0 0 33 0 0 0 30 0 0 0 0 53 48 0 0 0 0 0 0 0 46 0 0 0 41 0 0 0 0 0 0 62 64 56 58 60 0 
0 0 0 0 0 0 0 43 38 0 60 58 0 0 61 0 0 0 79 76 0 0 0 0 0 78 0 0 0 51 53 55 0 0 0 52 0 0 0 0 0 0 0 0 0 0 0 5 0 0 3 7 10 2 0 26 0 0 0 23 0 20 0 0 0 11 0 17 14 0 0 13 0 0 0 0 37 0 0 0 0 
0 17 0 0 0 0 12 0 9 0 0 0 0 0 0 0 0 0 0 0 0 0 0 0 0 49 45 0 0 0 0 0 0 0 0 0 0 0 41 0 0 0 0 0 0 60 58 0 56 0 0 59 0 0 79 0 0 0 0 0 0 0 74 70 0 63 67 0 0 0 0 65 0 0 0 0 8 81 0 0 0 
0 80 0 78 0 73 75 0 0 16 0 0 17 0 0 0 0 0 0 29 33 28 0 0 0 0 0 0 0 0 0 0 0 0 0 0 0 0 23 0 20 0 21 0 0 0 0 0 38 0 0 0 44 0 61 0 0 58 62 0 0 0 56 0 53 0 0 0 0 50 0 0 0 64 0 0 0 0 65 0 66 
2 8 7 6 0 1 3 0 0 25 0 0 0 19 0 0 24 0 0 0 0 0 0 0 0 0 0 10 11 13 0 0 12 0 0 0 0 27 0 0 29 0 0 28 0 51 49 0 47 0 46 50 53 45 0 69 0 67 0 66 68 0 0 0 0 54 0 0 0 0 0 0 0 73 77 0 0 72 0 0 75 
0 0 0 33 31 28 0 0 0 52 0 0 0 46 0 48 0 0 68 65 0 0 71 0 0 0 0 0 0 0 42 0 0 0 0 41 0 0 59 0 56 0 0 0 0 78 0 0 0 0 0 77 0 0 0 0 10 0 17 0 14 0 0 7 8 81 0 0 0 0 1 0 25 0 0 0 0 0 20 0 0 
20 0 25 24 22 19 0 0 0 0 0 38 0 0 0 0 0 0 0 0 60 0 0 0 61 58 0 0 29 0 0 0 0 0 27 0 49 0 0 0 47 51 0 0 0 69 67 0 0 0 64 0 71 0 0 0 0 0 0 0 0 0 2 0 0 0 0 0 0 0 73 0 0 0 0 0 17 0 0 0 0 
38 44 43 42 0 0 0 41 36 61 0 56 0 0 0 57 60 0 0 0 0 73 0 0 79 0 72 46 0 0 0 0 0 52 0 0 67 63 68 0 0 69 66 0 0 6 0 0 0 7 0 5 8 0 25 24 0 22 26 0 0 0 0 16 0 0 0 0 0 0 0 0 0 0 0 0 0 0 0 0 0 
0 53 0 51 0 0 0 0 0 0 67 0 0 0 0 0 0 0 0 2 0 0 0 0 7 4 81 0 0 0 60 0 0 0 0 59 0 0 0 0 0 0 0 73 80 15 0 12 0 0 10 14 17 0 0 0 0 0 0 0 0 0 0 25 26 0 0 0 0 0 0 0 43 0 0 0 44 0 0 0 39 
0 0 70 0 67 64 0 68 63 0 4 0 0 0 0 3 0 0 0 20 0 0 0 21 0 0 0 0 74 0 78 0 0 0 0 0 0 0 14 16 0 15 12 0 17 33 0 0 0 0 0 0 0 27 0 51 0 0 0 0 50 0 47 0 44 36 0 42 0 0 0 38 0 55 0 0 0 0 0 0 0 
56 0 0 0 0 0 0 0 0 0 76 74 80 73 77 0 0 0 0 0 0 0 0 0 0 13 0 0 0 67 69 0 0 0 63 0 0 81 5 0 0 6 3 0 0 24 0 0 20 0 0 23 26 18 43 0 37 0 0 0 41 0 38 0 0 27 0 0 0 0 0 0 0 0 0 0 53 45 47 0 0 
19 25 0 23 0 0 20 0 0 0 0 0 0 0 0 38 41 0 0 0 0 0 61 0 0 0 0 27 28 30 0 0 0 0 0 31 48 0 0 0 0 0 0 0 0 0 0 0 0 69 63 0 0 0 0 0 81 0 0 2 0 80 0 0 79 0 0 77 74 76 0 73 0 9 0 0 0 8 10 0 0 
0 0 51 0 0 0 0 0 0 0 0 0 0 0 0 0 0 0 0 1 0 0 7 0 0 0 0 54 55 0 0 0 0 60 53 58 0 0 0 78 0 0 74 0 79 0 12 0 10 0 0 0 16 0 0 0 0 0 0 0 0 0 0 0 0 0 21 0 0 0 0 19 0 0 0 0 0 35 0 0 0 
0 34 0 32 0 0 0 0 0 51 48 0 0 0 0 47 50 0 0 0 0 0 70 0 0 66 0 36 0 0 0 0 0 42 0 40 57 0 0 0 55 0 0 0 61 77 0 74 73 78 0 0 0 71 0 0 0 12 0 11 13 8 10 6 0 0 0 5 2 4 81 0 0 0 22 0 0 0 19 0 0 
0 0 60 59 0 0 0 58 0 0 0 0 0 0 0 74 0 0 13 10 14 9 0 11 15 0 0 0 0 66 0 0 0 0 0 0 0 0 4 6 0 0 2 0 7 0 0 0 0 0 0 22 0 17 0 41 0 0 43 0 40 0 37 0 34 26 30 32 0 0 27 0 51 0 0 0 52 0 0 48 47 
0 43 0 0 39 0 0 0 0 0 0 0 0 54 58 0 0 0 0 0 0 0 79 74 0 0 0 0 0 48 50 0 0 0 0 0 0 0 67 0 64 0 0 0 70 0 3 0 0 0 0 0 7 0 0 23 0 0 0 20 22 0 0 0 0 8 0 0 0 0 9 0 0 0 0 0 0 0 28 0 0 
0 7 0 5 3 0 0 0 0 0 21 0 0 0 22 0 23 17 0 0 0 0 0 38 0 0 35 0 0 0 14 16 11 15 0 13 30 0 0 0 28 0 0 27 0 50 0 0 0 0 0 49 0 0 0 0 63 0 0 0 67 0 0 0 0 53 0 0 0 0 54 55 78 0 76 0 0 0 0 75 0 
0 79 78 77 0 0 74 0 71 0 0 0 16 0 13 0 0 0 0 0 32 0 0 0 0 0 0 81 0 0 0 0 0 6 0 0 0 0 22 24 0 0 20 0 0 0 0 38 37 0 0 0 43 0 60 0 0 57 0 0 0 0 55 51 0 0 0 0 47 49 45 0 69 0 0 0 70 0 0 66 65 
0 16 0 14 12 0 11 0 0 0 0 28 0 0 31 0 0 26 0 0 50 0 0 47 0 48 0 0 0 21 0 0 0 24 0 0 0 35 0 0 0 0 0 36 0 0 0 0 0 60 0 0 0 53 0 0 0 75 0 0 0 71 73 0 0 0 0 0 0 0 63 0 0 0 0 0 0 80 0 0 2 
0 0 69 0 0 63 0 0 0 6 0 0 0 0 0 0 0 80 0 0 0 18 0 0 0 0 0 0 73 0 0 0 0 0 71 76 0 0 0 15 10 14 0 0 0 32 0 29 0 0 0 0 34 0 0 0 0 0 52 47 0 0 46 42 0 0 0 41 38 0 36 0 60 54 0 0 0 0 0 0 0 
0 0 0 61 0 56 0 0 0 80 77 75 0 0 0 0 0 73 0 0 0 0 0 0 0 14 0 0 0 0 70 0 0 0 0 0 5 0 6 0 0 0 0 0 0 0 0 0 0 0 0 24 0 0 0 43 38 41 0 0 42 0 39 0 0 28 0 0 0 33 0 30 0 47 0 0 54 0 0 0 0 
0 0 26 25 0 20 0 0 19 0 0 39 0 0 0 0 0 0 0 57 0 0 0 0 0 0 55 29 30 0 0 0 31 0 0 0 0 0 0 0 0 52 0 0 0 0 68 67 0 0 0 69 72 0 8 7 0 0 0 0 0 0 3 0 81 0 77 0 0 78 74 0 17 0 15 0 18 10 0 0 0 
0 0 0 0 5 0 0 0 0 26 0 21 27 20 24 0 0 19 0 0 0 38 0 0 0 0 0 0 0 0 0 18 0 0 0 0 0 0 0 35 0 34 0 0 0 0 50 0 0 53 47 0 0 0 0 0 0 0 72 0 69 0 66 0 0 0 0 61 58 60 56 0 0 0 0 79 81 73 75 0 76 
30 0 0 0 0 0 0 33 0 0 0 0 0 47 0 49 0 0 0 0 0 0 0 0 0 0 64 38 0 0 43 0 0 0 0 0 0 0 0 0 0 61 58 0 0 0 0 76 0 0 0 0 0 73 0 16 0 0 0 0 0 0 12 0 0 0 0 7 0 6 0 0 26 0 0 0 27 0 21 0 22 
0 0 17 0 0 0 0 0 0 35 0 0 0 0 33 0 34 0 51 0 0 0 54 0 0 0 0 0 0 0 0 0 0 0 19 0 0 37 0 0 0 0 0 0 0 0 0 0 57 0 56 0 63 0 0 0 0 0 0 0 0 0 0 0 0 0 0 0 0 0 65 66 0 0 0 0 9 0 0 0 0 
48 0 0 52 50 0 0 0 46 0 0 0 0 0 0 0 0 0 0 3 7 0 9 0 8 0 0 0 0 0 0 0 0 0 0 0 0 0 0 80 0 0 0 0 81 0 14 13 0 17 0 0 18 0 0 0 0 0 36 0 33 0 0 0 0 0 0 25 0 0 0 0 0 0 0 43 0 0 39 0 0 
0 0 71 70 0 65 0 69 0 0 0 3 0 0 0 4 7 1 0 0 25 0 0 0 0 0 19 0 0 77 0 0 0 0 0 0 0 0 15 17 0 16 0 0 0 0 32 31 0 35 0 0 0 0 53 0 0 0 0 0 0 0 0 0 0 37 0 0 0 0 0 39 0 56 0 0 0 0 0 0 0 
0 81 0 0 0 0 0 0 73 0 0 12 0 11 0 0 16 0 0 0 34 0 36 0 35 0 28 2 0 5 7 9 0 0 1 6 0 0 0 0 21 0 0 0 0 43 41 40 39 44 0 0 0 0 0 61 0 59 0 0 0 0 57 0 54 46 0 52 0 0 47 0 0 0 0 0 0 64 0 0 67 
0 45 44 43 0 0 0 0 0 0 0 0 0 56 0 0 0 55 0 0 0 0 0 76 80 77 73 0 0 0 52 0 0 0 0 0 68 0 0 0 0 0 67 0 0 0 5 0 0 8 0 0 9 1 26 0 20 0 0 22 0 0 21 0 0 0 0 0 13 0 0 0 35 0 0 0 0 0 0 0 31 
62 0 0 0 0 61 63 65 60 4 0 0 0 79 2 0 3 0 0 0 21 0 0 0 0 0 0 70 0 0 0 77 72 0 0 0 10 6 11 13 0 12 0 0 0 30 0 0 0 0 0 0 32 24 0 48 0 0 50 45 0 0 0 0 0 33 0 39 0 0 0 0 58 0 56 0 0 0 0 0 0 
0 0 0 0 55 0 0 56 0 0 0 71 0 0 74 0 75 0 11 0 12 0 14 9 0 0 6 0 62 64 0 68 0 0 0 0 0 0 0 0 0 0 0 0 0 21 19 0 0 0 16 20 23 0 40 39 0 0 41 0 0 0 0 0 0 24 0 0 27 0 0 0 49 0 47 0 0 0 0 0 45 
80 5 0 0 0 0 0 0 0 0 0 17 0 0 0 18 21 0 0 35 0 0 41 0 0 0 0 0 0 0 0 0 9 13 6 0 0 24 0 0 0 0 0 25 32 0 46 0 44 0 43 47 0 0 0 0 0 0 0 0 0 0 0 0 59 0 0 0 0 0 0 0 76 0 0 0 0 0 71 0 0 
0 0 31 30 0 0 0 0 0 0 0 0 0 0 0 45 48 0 0 0 66 0 0 0 0 0 60 34 0 0 0 0 36 40 0 0 55 0 0 0 0 0 0 0 59 75 0 72 0 0 0 0 0 0 0 0 0 0 0 9 0 0 0 4 0 78 1 0 0 2 0 80 0 0 20 0 0 0 0 19 0 
0 50 0 0 0 43 0 0 0 0 0 0 68 0 65 0 0 0 2 0 0 79 0 0 0 0 78 0 53 0 0 0 0 0 51 0 0 0 0 0 71 0 0 70 0 0 0 0 0 0 0 0 0 0 31 0 0 0 0 0 0 0 0 0 23 0 0 0 0 0 16 17 0 34 38 39 41 0 0 37 0 
0 0 0 21 0 0 18 20 0 0 0 0 41 0 38 0 0 0 56 53 57 52 59 54 0 0 51 25 0 0 30 0 0 0 0 0 0 42 0 0 0 0 45 0 0 0 0 0 0 0 0 0 0 0 0 0 79 0 0 81 2 0 80 0 0 0 0 75 72 74 0 0 0 7 0 0 0 6 0 0 9 
71 0 0 0 73 0 0 74 0 0 0 0 14 0 0 0 0 0 0 26 0 0 0 27 0 0 0 0 0 0 0 0 0 0 78 2 0 0 20 0 0 0 0 0 0 0 0 36 0 0 0 38 0 33 0 57 0 0 59 54 0 0 0 0 0 0 0 48 0 0 0 0 0 0 0 0 0 60 0 0 0 
0 41 0 0 0 0 36 0 33 0 0 53 0 0 0 0 0 0 0 71 0 0 77 72 76 0 0 43 44 46 0 0 45 0 42 47 0 0 0 0 0 66 63 0 0 0 0 0 0 4 0 2 0 0 0 0 0 19 0 18 0 0 0 13 0 6 0 0 0 0 0 8 0 0 29 0 0 0 0 0 0 
0 14 13 0 10 0 0 0 6 0 0 0 0 0 0 27 30 24 47 44 0 43 0 0 0 46 0 16 17 19 0 0 0 0 15 0 37 0 0 40 0 0 0 0 0 0 0 54 53 0 0 56 0 51 76 0 0 0 0 0 0 69 71 67 0 0 0 0 0 65 0 62 4 0 2 3 0 0 0 0 81 
