9
6 0 0 0 0 0 0 0 0 0 0 0 56 0 0 0 0 58 0 0 11 0 0 0 0 0 15 0 0 0 0 23 0 0 0 28 0 0 0 0 0 0 65 69 0 54 0 55 0 0 0 0 0 0 0 33 0 30 0 0 0 0 0 0 76 0 0 75 0 0 0 0 0 0 46 0 44 0 0 40 0 
0 66 0 0 68 0 0 0 0 41 0 0 38 42 0 46 39 0 0 0 0 0 79 0 0 1 0 0 0 0 3 0 0 0 0 10 0 0 53 48 0 0 0 0 0 36 0 0 0 0 0 0 0 34 0 0 17 12 11 14 0 0 13 0 0 0 0 0 0 63 60 59 21 0 0 27 0 0 0 0 0 
0 0 11 0 0 0 0 0 0 68 0 0 0 69 0 0 0 0 0 0 0 21 0 0 0 28 0 0 0 0 0 0 29 0 34 0 76 0 0 0 0 81 0 0 79 63 57 0 0 56 59 0 0 0 0 0 0 39 38 0 43 0 0 0 0 0 0 0 0 0 0 5 48 51 0 0 53 0 52 0 0 
0 0 0 80 0 0 0 0 76 0 0 54 0 51 0 55 0 0 0 0 0 3 7 0 0 10 0 0 0 17 0 14 0 15 16 0 58 0 62 57 0 63 0 0 0 45 39 0 0 0 0 0 0 0 0 0 0 0 0 0 25 0 0 0 67 0 0 66 0 72 0 68 30 0 0 0 35 0 0 0 0 
0 48 0 0 50 0 0 52 49 0 0 0 0 0 0 0 0 0 0 0 0 57 61 63 0 0 0 0 0 0 66 0 0 69 70 0 31 0 0 30 0 36 29 0 0 18 0 0 0 0 14 0 0 0 0 0 0 0 0 0 0 0 76 0 40 0 38 0 0 0 0 0 0 0 0 0 0 0 0 0 0 
60 0 0 62 59 63 0 61 0 32 0 0 0 0 0 0 0 0 71 0 0 0 70 0 0 0 0 0 0 0 0 0 0 0 0 1 40 0 0 0 46 0 0 42 0 0 0 28 0 20 0 24 0 25 0 0 8 0 0 0 0 9 0 52 0 0 0 0 53 54 51 0 0 15 0 18 0 0 16 13 0 
0 0 0 0 0 0 0 0 0 0 0 0 0 0 0 0 12 0 53 0 0 48 52 0 49 0 0 0 0 0 0 0 0 0 61 0 0 0 26 0 0 0 0 0 0 9 0 0 0 2 0 0 0 0 0 69 0 0 65 0 0 72 0 34 31 37 0 30 35 36 33 0 0 78 0 81 80 0 0 0 74 
0 21 0 0 23 27 0 25 0 0 0 0 74 0 0 0 0 0 0 0 0 0 0 36 0 37 33 45 0 0 39 0 38 42 0 0 0 0 0 0 10 0 2 0 0 0 0 0 67 0 68 0 0 0 0 51 53 0 0 0 0 0 0 0 0 19 11 0 0 18 0 0 0 0 0 0 0 59 61 0 0 
33 0 0 0 32 36 0 0 31 0 0 0 2 0 0 0 0 4 0 41 0 39 0 45 0 0 0 0 49 53 0 0 0 51 0 0 13 0 17 0 0 0 0 15 0 0 75 1 0 0 0 0 80 0 0 0 62 0 0 0 0 0 0 0 22 0 0 0 26 0 0 0 66 0 0 0 0 0 0 0 65 
3 81 0 0 0 0 0 0 1 56 58 0 0 57 0 61 0 55 0 0 0 9 0 0 0 0 0 0 0 23 18 0 17 0 0 0 64 0 0 0 0 0 0 0 0 51 0 0 0 0 0 0 0 0 0 0 0 27 0 29 0 0 28 0 0 0 0 72 0 0 75 74 36 0 43 0 41 0 0 0 35 
39 0 35 41 0 42 43 0 0 0 13 0 8 0 0 0 0 10 0 0 0 45 0 0 46 52 0 0 0 0 54 0 0 0 58 0 0 0 23 0 0 0 0 21 22 0 0 0 0 0 0 3 0 4 70 0 0 0 0 0 67 0 0 0 28 0 26 0 0 33 0 0 0 0 0 78 0 74 76 73 0 
0 54 0 59 0 60 61 0 55 0 31 0 0 0 32 34 0 0 0 0 0 0 67 0 0 70 0 0 0 77 0 74 0 0 0 0 37 0 41 0 0 0 0 0 0 0 18 25 0 0 0 21 0 22 7 0 0 0 0 2 0 6 0 49 46 52 0 45 0 0 48 0 0 0 16 0 0 11 0 10 0 
0 0 0 0 0 0 0 0 0 0 0 42 35 0 0 0 36 0 0 0 0 0 0 78 0 0 0 0 1 5 0 0 0 3 0 0 46 47 0 45 52 0 0 0 0 33 0 34 0 26 0 0 32 31 0 0 0 0 0 0 0 0 0 58 55 0 53 0 0 0 57 0 0 0 0 0 23 0 0 0 0 
75 0 71 77 74 78 0 76 0 47 0 0 44 0 0 52 45 46 0 0 0 0 4 0 1 0 0 0 0 14 0 11 8 0 0 16 0 0 59 0 0 0 53 0 0 0 0 0 0 0 38 39 0 40 0 21 0 0 0 0 22 24 0 0 0 0 0 0 68 0 66 65 27 0 0 0 0 0 31 0 0 
30 0 0 0 0 0 0 0 0 0 4 0 80 3 5 0 0 0 0 0 0 36 40 0 0 0 39 51 46 50 0 0 44 0 0 0 10 0 14 9 0 0 8 0 13 0 72 0 0 0 0 75 0 0 0 57 59 0 0 0 0 0 0 22 19 0 0 0 23 0 21 0 0 66 0 69 0 0 67 64 0 
0 0 0 0 0 0 0 0 10 65 0 0 0 0 0 70 63 0 23 0 17 0 0 0 0 25 21 0 0 32 27 0 0 30 31 0 73 74 77 0 79 0 0 75 0 0 54 0 0 0 56 57 0 58 0 0 0 0 0 38 40 42 0 0 1 0 0 0 5 0 0 2 0 48 52 51 0 47 0 0 0 
0 45 0 50 0 0 0 49 0 0 22 0 17 0 0 0 0 19 0 56 0 0 0 0 0 61 0 69 0 68 0 0 0 0 0 0 0 0 0 0 0 33 26 0 0 0 0 0 10 0 11 0 0 0 0 0 0 0 0 0 0 0 0 40 0 43 0 0 41 0 0 0 0 0 0 6 0 0 0 0 0 
21 0 0 0 0 0 0 22 19 0 0 0 0 0 77 0 0 0 0 0 0 0 0 33 28 34 0 42 0 0 0 0 0 39 40 43 1 0 0 0 0 6 0 0 0 69 0 70 0 0 0 0 0 0 52 0 50 0 0 0 0 0 46 0 0 16 0 0 14 0 0 0 0 57 0 60 59 0 0 0 0 
7 0 0 9 6 0 11 0 0 0 0 0 0 0 63 0 0 59 18 0 12 0 17 0 14 20 0 0 0 0 0 0 21 25 26 0 68 69 72 67 0 0 0 70 0 0 0 0 0 48 0 0 54 53 38 0 36 0 30 0 35 37 32 0 0 2 75 76 0 0 79 78 0 43 47 0 45 0 0 41 39 
25 0 0 0 0 28 0 0 0 0 0 0 0 79 0 0 0 77 36 0 30 0 0 0 0 0 0 0 0 0 0 0 0 0 0 47 5 0 9 4 0 0 0 0 8 0 0 0 0 0 0 0 0 0 56 52 0 0 48 0 0 0 0 17 14 0 12 13 0 19 0 0 0 0 65 64 0 0 62 0 57 
43 0 0 45 0 46 0 44 41 0 17 0 0 0 0 0 0 0 54 0 0 0 0 0 0 0 52 0 0 0 58 0 0 61 0 65 23 0 0 0 29 0 0 25 0 10 0 0 0 3 0 7 0 0 74 0 72 0 0 0 0 0 0 0 0 38 0 31 0 37 34 0 0 79 2 0 0 0 0 77 75 
61 0 0 0 0 0 0 0 0 0 0 0 30 0 36 0 0 32 72 0 66 0 71 73 0 74 0 0 77 81 0 0 0 0 0 2 0 42 0 0 0 0 0 43 0 0 0 0 0 0 0 25 0 26 0 0 0 0 3 6 0 0 0 0 0 0 0 0 0 55 0 0 13 0 0 0 0 0 0 0 0 
0 0 0 0 0 37 0 0 0 0 0 10 0 7 0 0 0 5 0 0 0 0 0 0 41 47 0 0 0 0 0 51 0 52 0 0 0 15 0 0 0 19 0 16 0 0 0 0 77 75 78 0 0 80 0 0 0 0 57 0 62 0 0 0 23 0 0 22 27 0 25 0 67 0 0 73 0 69 0 68 66 
0 0 0 0 69 0 74 0 0 0 44 0 0 0 0 47 0 0 0 0 0 0 0 0 0 0 79 0 0 0 0 6 0 7 0 0 50 0 54 0 56 0 0 0 53 0 0 0 32 0 0 0 0 0 0 0 18 13 0 15 17 0 14 62 0 0 57 58 0 64 0 0 22 0 29 28 0 0 0 0 0 
0 0 48 0 0 0 0 53 0 24 0 0 0 0 0 0 0 0 0 60 0 0 0 0 0 65 0 0 0 0 0 0 0 0 0 0 0 0 0 0 0 0 0 0 35 0 0 20 0 12 0 16 18 0 0 79 0 76 0 0 80 0 77 44 0 47 0 0 0 0 43 0 4 0 11 0 9 6 0 5 0 
16 13 0 18 0 19 0 17 14 69 0 73 0 0 0 0 0 68 27 0 0 0 26 28 0 29 25 37 32 36 0 0 0 34 0 0 0 78 0 0 0 0 0 0 0 0 0 65 59 0 0 61 63 0 0 0 0 40 0 0 0 0 41 0 0 11 3 0 0 0 0 0 0 0 0 55 54 0 0 0 48 
79 0 0 0 0 0 0 80 0 51 0 0 48 52 54 56 0 0 0 0 0 0 0 0 5 11 0 0 0 18 13 0 0 16 0 0 59 0 0 0 65 0 57 61 62 0 0 0 0 0 0 0 0 0 0 25 0 0 0 0 26 28 0 0 0 0 0 0 0 0 70 69 31 0 0 0 0 33 35 0 0 
0 0 24 0 27 31 0 0 26 81 2 0 78 1 0 0 0 80 0 36 33 0 38 0 0 0 0 49 0 0 0 45 0 46 0 0 0 0 0 0 0 13 6 10 0 0 0 77 71 69 0 0 75 0 0 55 0 0 0 0 0 0 53 20 0 0 0 0 0 0 0 0 0 0 0 0 0 63 65 0 60 
37 0 33 0 0 0 0 0 0 9 0 0 0 0 0 0 0 0 0 0 0 43 0 0 44 0 0 0 0 57 0 0 51 0 0 0 17 0 21 16 0 0 0 19 20 0 0 0 0 0 0 0 0 0 68 0 66 61 0 0 65 0 62 29 0 0 0 25 0 0 0 0 0 0 0 76 75 0 0 71 69 
0 0 0 57 54 58 0 0 0 0 0 0 24 28 0 0 25 0 0 0 0 61 0 0 62 68 0 0 0 0 0 72 0 0 0 0 0 0 0 0 0 0 33 0 0 22 16 0 17 0 0 19 21 20 5 1 3 79 78 0 0 0 0 0 0 50 0 0 0 0 0 0 0 0 14 0 0 9 0 0 0 
0 0 0 0 0 0 0 0 0 36 0 0 0 0 0 0 0 0 0 72 0 0 74 0 0 0 73 0 80 0 0 0 78 0 0 5 44 0 48 0 0 49 0 0 47 31 0 0 0 24 0 0 30 0 0 0 0 0 0 0 0 0 0 0 0 0 0 0 57 58 0 0 0 19 0 0 0 0 20 0 0 
46 0 0 0 0 0 0 0 0 0 0 0 15 0 21 0 0 0 0 0 0 0 0 58 0 59 0 0 0 0 0 63 60 64 0 0 26 27 0 0 32 31 24 0 0 13 0 14 0 0 0 0 0 0 0 73 0 0 0 0 74 0 71 0 0 0 0 0 0 40 0 0 0 0 5 0 0 81 0 0 0 
0 0 0 0 0 4 0 0 0 54 56 58 51 55 0 59 0 53 0 9 6 7 0 0 8 0 0 0 0 0 0 18 0 19 0 0 0 63 0 0 0 0 60 0 0 0 0 50 44 0 0 46 0 47 0 0 0 0 0 27 0 31 0 74 0 0 0 0 0 76 0 72 0 0 0 0 0 0 38 0 0 
0 0 15 21 18 0 0 0 0 0 74 0 0 0 75 0 0 71 30 0 0 25 0 0 0 32 28 0 0 39 0 36 0 0 0 0 0 81 3 0 5 4 78 0 0 67 61 0 0 60 0 64 0 65 0 0 0 0 42 45 47 49 0 0 0 14 6 0 0 13 0 0 0 0 0 58 0 0 0 0 51 
0 0 0 0 0 0 0 0 8 0 65 0 0 0 66 68 0 0 0 0 0 0 20 22 0 0 19 0 0 0 0 0 0 0 29 0 0 0 0 0 0 0 0 0 0 58 0 0 0 0 54 55 0 0 41 0 0 34 0 36 38 40 35 0 0 0 0 0 3 0 0 0 0 0 0 49 0 0 47 44 0 
0 0 0 0 72 76 0 0 0 0 47 0 0 0 0 0 0 0 0 0 0 0 2 0 0 5 0 13 8 0 0 0 0 10 0 0 0 0 57 0 0 0 0 0 0 0 0 0 0 0 36 0 0 38 23 0 0 0 15 18 20 0 17 65 0 0 60 61 0 0 64 0 0 0 0 0 0 27 0 0 24 
0 15 0 0 17 0 22 0 16 0 0 75 0 72 74 0 0 0 0 0 0 0 0 0 0 0 0 0 0 0 0 0 32 0 0 0 0 0 0 78 0 3 0 0 0 0 0 0 61 0 0 0 65 0 0 0 0 0 0 0 46 0 0 0 0 13 0 6 11 12 9 0 0 0 0 0 0 0 0 0 0 
0 60 0 0 0 0 0 64 0 0 0 0 0 0 38 0 0 0 0 71 68 0 0 75 0 76 72 0 0 0 0 0 0 0 1 0 0 44 0 0 0 48 0 0 0 0 0 0 0 23 0 0 29 0 0 0 11 0 0 8 0 12 0 55 0 58 0 0 0 0 0 53 15 0 0 0 0 17 19 16 0 
45 0 41 0 0 48 0 0 0 0 0 0 14 0 0 0 15 0 0 0 0 51 0 0 52 58 0 0 0 65 60 0 0 63 0 67 25 0 29 0 0 0 0 0 0 12 0 0 0 0 0 0 0 0 76 0 74 69 0 0 0 0 70 0 0 0 0 0 38 0 36 35 0 0 0 0 0 0 1 0 0 
0 0 0 0 35 39 40 0 0 0 10 0 5 0 11 0 0 0 0 0 41 0 0 48 0 49 45 57 0 0 0 0 0 0 0 58 0 17 20 0 0 21 0 0 0 3 78 0 0 0 0 0 2 0 67 0 0 0 59 0 64 66 0 0 0 31 0 0 0 0 0 0 0 0 0 0 0 0 0 0 0 
0 0 77 2 0 0 0 0 0 0 55 57 0 0 0 0 0 0 0 8 0 6 0 0 0 0 9 0 0 20 15 17 14 0 0 0 0 0 0 60 0 0 0 0 0 48 42 49 43 0 0 0 0 46 31 0 0 0 0 26 0 0 25 73 70 0 68 69 0 0 0 0 0 36 0 0 0 0 37 0 32 
0 24 0 0 0 30 0 0 0 0 0 0 77 81 0 0 0 0 0 0 0 0 37 0 34 0 36 0 0 47 0 0 0 45 0 0 0 0 0 0 0 0 0 9 0 0 0 0 0 0 0 0 0 73 58 0 56 0 0 0 0 0 0 0 0 0 0 15 0 0 0 0 0 63 0 0 65 0 0 0 0 
0 0 0 0 71 75 0 0 70 0 0 48 41 0 0 49 42 0 0 0 0 0 1 3 0 0 0 0 0 0 0 8 5 0 0 0 52 0 0 0 58 57 50 54 0 0 0 0 0 32 0 0 0 0 22 0 20 0 0 0 19 0 16 0 0 67 0 0 65 0 63 0 0 0 0 0 0 26 28 0 0 
54 0 0 0 0 0 58 0 0 0 28 0 0 27 0 0 24 0 0 0 0 0 64 0 0 67 0 75 0 74 0 0 0 0 0 0 34 0 0 0 0 0 0 0 0 21 0 22 0 0 17 0 20 0 4 81 2 0 77 80 0 3 0 0 43 0 0 0 0 0 0 44 6 0 13 0 11 0 0 0 0 
0 0 0 0 0 0 0 10 7 0 0 0 0 0 65 0 0 61 20 17 0 0 0 21 0 22 0 30 0 0 0 0 0 0 28 0 0 71 0 0 0 0 68 0 73 0 51 58 0 50 0 54 56 0 0 36 0 0 0 35 0 39 0 1 0 0 0 0 2 0 0 0 0 45 0 48 0 0 46 43 0 
0 0 0 4 1 0 6 0 81 0 57 0 0 0 58 60 0 0 0 0 0 0 0 0 0 0 0 0 0 0 0 19 16 0 0 24 0 0 67 0 69 0 0 65 0 0 44 51 0 0 46 0 49 48 0 0 0 26 25 0 30 0 0 0 0 0 0 0 76 0 74 73 35 0 0 41 0 0 39 0 34 
0 0 0 58 55 0 0 0 0 28 0 32 0 0 0 0 0 27 67 0 0 0 0 0 0 0 65 0 0 0 71 73 0 0 0 0 0 37 40 0 0 0 34 0 0 23 0 0 18 16 0 0 0 21 6 0 0 0 0 1 3 0 81 0 0 0 0 0 49 0 47 0 0 11 15 0 0 0 0 0 0 
11 0 0 0 0 0 0 0 9 0 0 0 0 65 0 0 0 0 0 0 0 0 0 0 18 24 20 0 0 0 26 0 0 29 0 0 72 0 76 0 78 0 0 0 0 0 0 0 0 0 0 56 0 0 0 0 40 0 0 0 0 0 0 3 0 6 0 80 0 0 0 1 0 47 0 50 0 46 0 0 0 
47 0 0 0 0 0 0 0 0 0 21 0 0 0 0 0 0 0 0 0 0 0 57 0 0 60 56 0 0 0 0 64 61 65 0 0 0 28 0 0 33 0 0 0 0 0 0 0 0 0 0 11 0 0 0 0 76 71 0 0 0 0 0 0 0 0 0 35 0 0 0 0 0 0 0 0 4 0 0 0 0 
0 0 34 0 0 41 0 0 36 0 0 0 0 0 0 0 0 0 0 0 0 0 0 0 45 51 0 0 0 0 0 0 52 0 57 60 18 19 0 0 24 23 0 20 0 5 80 6 0 0 0 0 0 0 0 0 67 62 0 64 66 68 0 30 0 0 0 0 0 0 0 28 71 0 0 0 0 73 0 0 0 
0 26 0 31 28 0 33 30 0 0 3 0 79 0 0 0 0 0 40 37 0 0 0 0 0 42 38 0 0 0 0 0 43 0 48 0 0 0 0 0 0 14 0 11 0 0 0 0 0 0 73 74 76 0 0 0 58 0 52 55 0 0 0 21 18 0 0 0 22 0 0 0 0 65 0 68 0 0 66 63 0 
0 71 0 76 0 0 0 75 72 46 0 50 43 0 49 0 0 0 0 0 79 80 3 0 0 0 2 0 9 13 8 10 7 0 0 0 0 55 0 0 0 0 0 0 0 0 35 42 0 0 37 0 0 0 0 0 22 0 0 0 0 0 0 66 63 0 0 0 0 0 65 0 26 0 0 0 0 28 30 0 0 
20 0 0 0 19 0 0 0 0 73 75 77 0 0 76 0 0 72 31 0 25 0 30 0 0 33 0 0 0 40 0 37 0 0 0 0 0 0 0 0 0 5 79 0 3 0 62 0 0 0 0 65 67 0 0 0 49 0 0 0 0 0 0 0 0 15 0 8 13 14 0 0 0 56 0 0 58 0 0 0 52 
0 62 0 0 0 0 0 0 0 37 39 0 0 38 40 42 35 0 0 73 0 71 75 77 72 0 0 5 0 0 0 0 0 2 0 6 0 46 0 0 51 0 0 47 0 0 0 33 0 0 0 29 0 30 0 0 0 0 0 0 0 0 9 0 0 0 52 0 58 59 56 55 0 0 24 23 0 0 0 18 0 
0 0 0 0 0 0 0 77 0 0 50 0 45 49 0 0 46 0 0 0 0 0 0 0 0 0 0 0 0 0 10 0 0 0 0 0 0 0 0 0 0 0 0 0 0 0 37 44 38 0 0 0 0 0 26 0 0 0 18 0 23 0 0 68 0 71 0 0 69 70 67 0 28 0 0 0 33 0 0 0 0 
0 37 36 42 0 43 0 41 38 12 0 0 0 0 0 0 0 0 0 48 0 0 0 0 0 0 0 0 0 0 55 0 0 0 59 62 20 21 0 19 0 0 0 22 0 0 0 8 2 81 3 0 0 5 0 67 0 64 0 0 0 70 0 32 0 0 27 0 0 34 0 0 0 0 80 0 0 0 0 0 0 
0 19 0 24 0 0 0 0 0 0 77 79 72 76 0 0 0 74 33 0 0 28 32 0 29 0 0 0 0 0 37 0 0 0 41 44 0 3 0 0 0 0 81 0 5 70 0 0 0 0 0 67 69 0 0 0 0 0 0 48 50 0 0 14 11 0 9 0 0 16 0 0 0 0 0 0 60 57 59 0 54 
0 0 63 0 0 0 0 0 65 0 0 0 0 0 0 0 37 0 0 75 72 0 77 79 0 80 0 0 0 0 0 0 0 0 0 0 0 0 0 0 0 0 0 0 0 0 0 35 0 0 30 31 33 32 0 0 0 0 0 12 14 0 11 0 0 0 0 0 0 61 0 57 0 0 0 25 24 21 0 0 0 
0 0 0 0 0 0 0 14 11 0 68 0 0 0 69 71 0 0 0 21 18 0 23 0 0 26 0 34 0 0 0 0 27 0 32 0 0 75 0 0 0 79 0 0 0 0 0 62 0 54 57 0 0 0 0 0 0 0 0 39 0 0 0 5 2 0 0 0 6 0 0 0 0 0 0 0 0 0 0 47 0 
0 0 54 0 0 61 0 0 56 30 0 0 0 0 0 0 0 0 69 66 0 0 0 0 0 0 67 0 0 78 0 0 72 0 77 0 0 0 0 37 0 0 36 0 0 0 0 0 20 0 21 0 0 23 0 0 0 0 0 0 5 0 2 50 0 0 45 0 51 0 0 48 0 0 0 16 15 0 0 11 9 
0 46 0 0 48 52 0 50 0 0 0 0 0 22 0 0 19 0 0 0 0 55 59 61 0 62 0 0 0 0 0 0 0 0 68 0 29 30 0 28 35 34 0 31 32 0 0 17 0 0 0 0 0 14 0 76 0 0 72 75 0 79 74 0 0 0 0 0 42 43 40 0 0 0 0 7 0 0 5 0 0 
0 0 81 6 0 7 8 5 2 0 59 61 0 0 60 0 55 56 15 0 9 0 0 0 0 17 0 25 20 24 19 21 18 22 0 26 0 66 0 64 71 70 0 67 0 52 0 53 0 0 0 0 0 0 35 0 33 28 27 30 32 0 0 0 0 80 0 73 0 0 0 0 0 0 0 43 0 39 0 0 0 
31 0 0 0 0 0 35 0 29 0 0 0 0 0 0 8 0 0 42 39 0 0 0 0 0 44 0 0 0 51 0 0 0 0 0 0 11 0 0 0 17 0 0 13 14 0 0 0 0 0 0 76 0 77 0 0 0 0 0 0 0 61 0 0 0 0 0 0 24 0 0 21 0 0 0 70 0 66 0 0 0 
0 0 0 0 0 0 21 0 15 0 0 74 67 0 0 75 68 0 0 25 0 23 0 0 0 30 0 0 0 0 32 0 0 35 36 0 0 79 0 0 0 2 0 0 81 0 0 0 0 58 0 62 0 0 0 0 46 0 40 0 0 0 42 0 0 12 4 5 0 0 0 0 0 53 57 0 55 52 0 0 0 
80 77 76 0 79 0 0 0 0 0 0 0 49 0 0 0 50 0 10 0 4 0 0 11 6 0 0 0 0 0 0 0 0 0 0 0 0 0 0 0 0 65 58 0 63 0 41 0 42 40 0 44 46 0 0 0 0 23 0 0 27 0 0 0 0 0 0 0 0 74 0 0 32 35 39 0 37 0 36 33 31 
0 0 0 55 0 56 57 54 0 25 27 29 0 26 0 0 0 0 0 61 58 0 0 65 0 0 0 74 69 0 0 70 0 71 0 0 0 34 0 0 39 0 0 0 0 0 0 0 15 0 16 0 0 0 0 0 0 0 0 79 0 0 0 0 0 48 0 41 0 47 0 43 0 0 12 0 0 0 0 0 0 
0 0 0 0 0 0 0 0 0 43 0 0 0 0 0 0 0 0 1 0 76 0 81 0 0 0 0 11 6 10 0 7 0 8 0 0 0 0 55 0 0 0 49 0 0 38 32 39 33 0 34 0 0 0 0 0 0 14 0 0 0 20 15 0 60 0 58 0 0 0 62 61 0 0 0 29 28 0 0 0 22 
0 0 0 0 0 0 0 0 0 0 81 2 76 0 0 0 77 0 37 0 31 32 0 0 0 0 0 47 0 46 0 0 0 0 45 0 6 7 10 0 0 0 0 0 0 0 0 0 69 0 0 0 0 0 0 0 0 50 49 52 54 0 0 18 15 0 13 0 0 20 0 16 0 0 66 65 0 0 0 60 0 
0 0 0 0 34 38 0 0 0 0 0 0 0 0 0 0 5 6 0 0 0 0 45 0 0 48 0 0 0 55 0 0 49 53 0 0 0 16 0 0 0 0 13 0 0 2 0 3 0 0 79 0 0 0 66 0 64 59 0 0 0 0 0 0 24 0 0 0 0 0 0 0 68 71 0 74 0 0 0 0 0 
0 5 0 0 0 0 12 9 0 0 0 0 58 0 64 0 0 0 19 16 0 14 0 0 0 0 0 0 24 28 0 0 0 0 0 0 0 70 73 0 0 0 0 0 72 0 0 0 0 0 52 0 0 0 39 0 0 0 31 0 0 0 0 0 0 3 0 0 0 0 0 0 0 0 48 0 0 0 45 0 40 
0 0 0 0 43 0 0 0 0 0 0 0 0 0 0 21 0 15 55 0 49 0 0 0 51 57 0 0 0 0 59 61 0 0 63 0 0 25 0 0 30 0 22 26 0 0 5 0 0 0 0 8 0 0 0 0 0 0 67 0 0 74 0 0 0 0 0 0 37 0 0 0 0 0 0 0 0 0 0 78 0 
0 0 0 0 0 0 66 63 0 0 36 38 0 0 0 0 32 0 73 0 0 0 0 74 0 75 0 0 0 0 0 79 76 0 0 0 0 0 0 0 0 0 0 0 45 0 23 0 24 22 0 0 0 0 12 0 0 5 0 7 0 0 0 0 0 0 0 0 0 0 0 52 0 0 0 0 19 16 18 0 13 
0 0 0 0 0 44 0 42 0 0 0 0 0 0 0 18 11 12 0 0 0 47 0 53 48 54 50 62 0 0 56 0 0 0 0 0 0 0 0 20 0 0 0 23 0 8 0 0 3 0 0 0 0 0 72 0 0 65 0 0 0 71 66 33 30 0 0 29 0 0 0 0 0 77 81 80 0 76 0 0 73 
59 0 0 0 0 0 0 0 0 0 0 0 28 0 0 36 0 30 70 67 0 65 0 0 0 72 0 0 0 0 0 76 0 0 78 0 39 40 0 0 0 0 0 0 42 0 0 0 21 0 0 0 25 0 0 0 0 2 0 0 6 0 0 0 48 0 0 0 0 0 0 49 0 14 0 17 0 0 15 0 0 
0 47 0 52 49 0 0 0 48 0 24 26 19 0 25 0 0 0 0 58 0 0 0 62 0 0 59 71 66 0 0 0 0 68 0 0 0 0 0 29 36 0 28 0 0 0 0 18 12 0 0 0 0 0 0 0 0 0 0 0 78 80 0 0 39 45 0 0 0 0 0 0 2 0 0 8 7 0 6 0 0 
32 0 28 0 31 0 0 0 0 0 0 0 1 5 0 9 0 0 0 0 0 0 0 0 0 0 0 0 0 0 0 0 0 50 0 0 0 0 0 0 18 0 0 0 0 0 0 0 0 0 0 0 79 78 0 0 61 0 0 58 60 0 0 0 0 0 19 0 25 0 23 22 0 0 0 0 0 0 0 0 64 
0 0 1 0 0 0 9 0 0 0 0 0 55 59 0 0 0 0 0 0 10 11 15 0 0 0 14 0 0 0 20 22 0 0 0 0 0 67 70 0 0 0 0 68 0 0 47 0 0 0 49 50 52 0 0 0 0 0 0 0 0 0 0 78 0 81 0 0 79 0 77 0 0 0 0 0 43 0 0 0 0 
0 0 0 70 0 0 72 0 0 40 0 0 0 0 43 45 38 39 0 76 0 0 78 80 0 0 77 0 0 0 0 0 1 0 6 0 0 0 0 47 0 0 0 0 0 0 0 36 30 0 0 32 34 0 0 0 0 0 0 13 15 17 12 60 0 0 0 0 61 62 0 0 0 0 27 26 0 0 24 21 0 
0 0 0 0 0 0 81 0 0 49 0 53 0 0 52 0 0 48 7 4 1 0 6 0 0 0 0 0 0 0 11 13 10 0 0 0 57 0 0 56 63 0 55 59 0 44 38 0 0 37 0 0 0 0 27 0 0 20 0 0 0 26 21 69 66 72 0 0 0 0 0 0 0 0 0 0 0 0 0 0 0 
0 0 0 0 0 17 18 0 0 0 0 71 0 0 70 0 0 66 0 0 19 20 0 0 0 27 23 0 0 34 29 31 28 0 0 0 0 0 0 0 81 0 0 0 78 0 0 0 57 0 0 0 0 60 0 41 0 0 0 0 42 0 39 0 0 0 0 2 0 8 0 4 47 0 54 0 0 0 0 48 0 
0 20 0 25 22 0 0 0 21 0 0 0 73 77 0 0 0 75 34 0 0 0 33 0 30 0 0 0 0 0 0 40 0 0 0 0 3 0 7 0 9 8 0 0 6 0 65 0 0 0 0 0 0 0 0 0 52 0 46 49 51 0 48 0 0 0 0 0 0 17 0 13 56 59 0 0 61 58 0 0 55 
