9
0 10 0 9 0 0 0 0 0 32 0 27 0 0 0 26 0 30 23 0 0 0 0 19 0 0 0 50 0 0 0 0 0 0 51 0 0 0 41 38 37 0 0 0 43 77 0 76 0 0 0 0 71 0 0 0 0 0 0 0 81 0 0 0 65 70 0 0 0 0 0 0 0 53 0 0 56 0 0 57 0 
0 0 0 0 0 29 0 0 34 50 0 45 0 0 0 0 0 0 41 0 0 0 35 0 0 0 0 0 0 0 0 0 67 0 0 70 0 0 0 0 0 0 0 0 0 0 9 13 0 0 15 0 0 0 23 0 0 0 0 22 18 0 0 5 0 0 0 0 0 6 0 4 73 0 0 0 0 79 0 0 0 
0 0 0 0 0 20 21 0 0 0 43 36 0 0 0 0 42 0 0 0 0 0 26 0 31 0 0 0 0 0 55 0 58 0 60 0 0 0 0 0 0 0 0 0 0 0 81 0 0 0 0 0 80 3 0 0 0 0 12 13 0 0 0 0 74 0 71 0 72 0 0 0 0 0 69 0 0 0 0 66 68 
0 55 0 0 0 56 0 0 61 0 79 0 0 73 0 71 78 75 0 66 0 0 0 0 0 0 0 0 0 9 0 0 13 0 0 0 0 0 0 0 1 0 80 3 7 0 0 0 0 0 0 38 0 39 0 44 0 0 48 0 0 51 0 0 0 0 0 30 0 0 0 31 0 0 24 18 20 0 0 21 0 
0 0 0 0 0 0 0 0 0 0 0 54 0 55 56 0 0 0 50 0 0 51 44 46 49 0 47 0 0 0 0 75 76 0 0 0 0 0 0 0 0 0 0 0 0 0 18 0 0 25 0 20 0 0 0 0 0 28 30 0 0 0 0 14 0 0 0 12 0 0 0 0 1 0 0 81 2 0 0 0 5 
0 64 0 63 0 0 0 0 0 0 0 0 0 0 0 0 0 0 0 0 0 0 0 0 0 0 0 0 0 0 0 0 0 0 0 0 0 0 14 0 0 0 8 12 0 0 0 0 46 0 51 0 0 0 59 0 0 55 0 0 0 0 56 0 0 43 0 39 0 0 0 0 0 0 0 0 0 34 31 0 0 
0 0 0 0 0 2 0 6 0 0 25 0 0 0 20 17 0 0 0 0 0 15 8 0 0 0 0 0 35 0 37 39 0 0 0 0 0 31 32 0 0 33 0 0 0 0 0 0 64 0 69 0 0 66 0 0 79 0 0 76 72 78 0 0 56 0 53 57 0 60 0 0 46 0 51 45 47 52 0 0 0 
0 0 0 0 0 0 0 0 0 0 0 0 67 0 65 0 0 66 0 0 0 60 53 0 0 0 0 0 0 81 0 0 0 0 0 0 0 0 77 0 0 0 0 0 79 0 0 0 0 34 0 29 0 30 0 0 0 37 0 0 0 0 38 0 20 25 0 0 18 0 19 0 0 0 0 0 0 0 0 12 0 
0 73 0 72 71 74 0 0 0 14 16 0 0 0 0 0 15 12 0 0 0 6 0 0 0 0 0 0 26 0 0 0 0 29 0 0 18 0 0 0 19 0 17 0 25 0 0 58 55 0 60 56 0 57 68 62 70 64 66 0 0 0 65 0 0 0 0 0 0 51 0 49 0 0 42 36 0 0 40 0 0 
0 0 15 10 0 12 0 0 0 0 0 28 32 29 0 0 0 0 0 0 19 25 0 20 23 26 0 0 0 0 0 49 0 0 0 0 0 0 42 0 0 0 0 40 0 0 73 0 74 0 0 0 0 76 0 81 0 0 0 0 0 0 0 69 0 0 0 67 64 0 65 0 0 0 0 55 57 62 0 0 60 
0 0 0 19 18 0 0 0 0 0 0 37 0 38 39 36 0 0 0 31 0 0 0 0 32 0 30 60 54 55 0 0 0 0 61 0 46 50 0 0 47 0 0 0 53 0 0 0 0 8 0 0 81 0 15 0 0 0 13 14 0 0 12 0 0 80 0 0 73 79 74 0 65 0 0 64 66 0 68 0 0 
59 56 0 0 54 0 58 0 0 0 0 0 77 74 0 72 79 0 0 0 0 70 0 0 0 0 66 0 9 0 11 13 14 12 0 0 1 0 0 0 0 0 0 0 0 42 0 41 38 44 43 39 36 40 0 0 0 0 0 50 0 0 0 0 0 35 27 0 0 0 0 0 0 18 25 0 21 0 0 22 0 
0 0 0 0 81 0 4 0 8 0 26 0 23 0 0 0 25 22 0 0 0 16 9 0 0 17 0 0 0 0 38 0 0 0 0 0 28 32 0 0 0 0 27 0 35 69 0 0 0 0 70 0 63 0 0 0 80 0 0 0 73 79 0 0 0 0 0 58 55 0 0 0 47 0 0 46 48 53 50 49 51 
0 0 0 28 0 30 0 0 0 51 53 0 50 0 48 0 0 0 0 0 0 0 0 38 0 44 0 0 63 0 0 67 0 0 0 0 0 0 0 57 56 0 0 0 0 0 10 0 0 17 0 0 9 0 0 0 0 20 22 23 0 0 0 0 3 0 0 4 0 0 0 0 74 0 79 0 0 80 0 76 78 
0 0 0 0 0 0 67 0 71 6 0 1 0 0 3 0 0 4 0 76 0 79 0 74 0 80 75 0 18 19 20 0 0 0 25 26 0 0 0 0 0 16 9 0 0 0 0 0 0 0 0 0 0 0 60 0 62 0 0 59 0 0 0 0 0 0 0 0 0 0 0 0 0 0 0 28 0 0 0 0 0 
0 0 51 0 0 48 0 0 0 0 0 64 0 0 0 0 0 0 0 0 55 0 0 0 0 0 0 0 0 0 2 0 0 0 0 0 0 0 78 75 74 0 0 0 80 0 0 32 29 35 0 30 0 31 42 0 0 0 40 41 0 0 39 0 0 26 0 22 0 0 0 0 0 9 0 0 0 0 0 0 0 
41 0 0 37 0 39 0 43 0 0 62 0 0 0 0 0 61 0 0 49 0 52 45 0 0 53 0 0 0 73 0 0 77 75 0 0 64 0 69 0 65 0 63 67 71 0 0 0 0 0 0 0 18 0 33 0 35 0 0 0 28 34 0 0 12 0 0 13 0 0 0 0 0 0 0 1 3 0 0 4 6 
77 0 0 0 0 0 76 79 80 0 17 0 14 0 12 0 16 0 0 4 1 0 0 0 5 0 0 33 0 0 29 31 32 0 34 35 0 23 24 21 0 0 18 22 26 0 0 0 0 0 61 0 54 0 0 63 0 0 0 0 64 0 0 0 0 0 0 49 46 52 0 50 0 0 0 0 0 0 0 0 0 
73 70 0 0 0 0 0 75 0 0 13 0 0 0 0 5 0 0 0 0 0 0 0 0 0 0 0 29 0 0 0 0 0 0 30 31 15 0 0 0 16 21 0 18 0 56 0 0 52 0 0 0 0 0 0 0 0 61 0 0 60 0 0 47 44 49 41 0 42 48 0 0 0 0 0 0 0 0 0 0 0 
0 0 11 0 0 0 0 0 0 0 0 0 28 25 0 0 30 27 0 18 15 0 0 16 0 22 17 0 41 42 0 0 46 44 0 49 0 0 38 0 34 39 32 0 40 0 0 73 0 76 0 0 0 0 0 0 0 0 0 0 0 0 0 0 62 67 0 63 0 0 0 0 52 0 0 0 0 0 0 0 0 
0 0 29 24 23 0 0 0 0 0 0 0 0 0 0 0 0 0 0 0 33 0 0 0 0 40 0 65 0 60 61 0 0 0 0 0 0 0 56 0 0 0 0 54 0 11 0 10 0 0 0 8 0 9 0 0 0 16 0 0 0 0 0 2 0 4 0 81 0 0 0 1 0 0 0 69 0 0 0 0 0 
1 0 2 78 0 0 0 3 0 0 0 0 0 0 17 0 0 0 11 0 0 0 0 7 0 0 0 0 0 0 34 0 0 35 0 40 0 0 0 0 0 0 23 27 31 0 60 0 0 0 0 0 0 63 0 0 76 0 0 0 0 0 0 0 0 58 0 0 51 57 52 0 0 41 0 0 44 49 46 0 47 
0 34 0 0 32 35 0 0 0 0 0 51 0 52 0 0 57 54 47 0 0 0 0 43 46 0 0 0 0 69 70 0 0 0 0 0 0 0 65 0 0 0 0 63 0 0 15 0 0 0 21 0 14 0 0 23 0 25 0 28 24 30 0 11 0 0 0 9 0 0 0 10 79 0 0 78 0 4 0 0 0 
0 61 0 0 0 0 0 0 0 2 4 0 0 79 80 0 0 0 0 72 0 0 0 0 73 0 0 20 0 0 0 0 19 0 21 22 0 0 0 8 7 12 0 0 0 0 0 0 0 0 48 0 0 0 56 0 58 0 54 0 0 0 0 0 0 0 32 0 0 0 0 0 25 0 0 0 26 0 0 0 0 
0 0 0 15 0 0 0 0 0 0 40 0 0 0 0 0 0 0 0 0 24 0 23 25 0 0 0 0 0 51 0 54 0 0 0 0 0 0 0 0 0 0 0 45 0 0 0 0 0 0 0 0 0 81 11 0 0 0 0 0 0 0 0 0 0 76 0 0 69 0 0 0 0 0 0 0 0 0 0 63 0 
0 43 0 42 41 44 0 0 0 0 0 0 64 0 0 0 66 0 56 0 0 0 0 0 0 58 0 0 77 0 79 81 1 0 0 0 0 0 0 0 0 75 0 72 0 0 24 0 25 0 30 26 0 0 0 0 0 34 0 37 0 39 0 20 0 0 0 0 0 0 0 0 7 0 0 0 0 0 0 0 0 
55 0 56 0 0 0 0 57 0 74 76 69 0 70 0 68 75 0 65 63 60 66 0 0 0 0 0 0 0 6 0 0 10 0 12 0 0 0 0 0 0 0 77 0 0 0 0 0 0 0 39 0 0 0 0 0 0 0 0 46 42 0 0 29 0 31 23 0 0 30 25 0 0 0 0 0 0 0 19 0 20 
0 22 0 21 0 0 24 27 28 44 0 39 0 40 0 38 0 42 35 0 0 0 0 0 0 0 0 0 56 0 0 0 61 0 63 0 0 0 0 0 0 0 47 0 0 8 0 7 4 0 0 0 0 6 17 0 0 0 0 0 0 0 0 80 0 0 74 0 0 0 0 0 0 0 0 66 0 0 0 0 0 
0 76 0 0 0 77 78 0 0 0 0 0 16 13 0 11 0 0 0 0 0 9 2 0 7 0 5 0 0 0 0 33 34 0 0 0 0 25 26 0 0 27 0 24 0 0 0 0 0 64 0 0 56 0 71 0 73 0 0 0 0 0 0 53 50 55 47 0 0 54 0 52 0 0 45 39 41 0 0 0 0 
0 0 0 0 0 0 0 18 0 35 0 0 0 31 0 0 0 0 26 0 0 27 20 22 0 0 0 0 0 0 49 0 0 0 54 0 0 0 0 0 0 0 0 42 0 0 75 0 0 1 0 0 0 0 0 0 0 4 0 0 0 0 0 71 68 0 0 69 0 72 67 70 0 56 63 57 0 0 61 0 0 
70 0 0 0 0 68 0 0 73 0 0 0 7 0 5 0 9 0 0 0 75 81 0 0 0 0 0 0 20 0 0 0 0 0 27 0 0 0 0 14 13 18 0 0 19 0 0 52 0 0 0 0 47 51 0 56 64 0 0 0 0 0 0 0 41 0 0 0 0 0 0 0 0 0 0 0 0 0 0 0 35 
43 0 0 0 0 0 42 0 46 0 0 0 0 58 59 56 0 0 53 0 0 54 0 0 0 55 0 0 74 75 0 0 0 0 0 0 66 0 0 0 0 0 0 0 0 0 0 0 0 0 27 0 0 0 35 0 0 0 0 0 0 0 0 0 0 19 0 0 0 0 0 16 4 0 0 0 0 0 7 6 0 
7 0 0 0 0 0 0 9 0 0 28 21 0 0 0 0 0 24 17 0 0 0 11 0 0 0 0 0 0 0 0 0 0 0 0 0 0 0 0 0 0 36 0 0 37 0 0 0 0 0 0 0 0 0 0 0 0 0 78 0 75 0 77 62 0 0 56 0 0 0 0 0 49 0 54 0 0 0 0 51 0 
0 49 0 48 47 0 51 0 0 71 0 66 0 0 0 0 72 69 0 60 0 63 0 0 0 0 59 0 0 0 4 0 7 0 0 0 0 79 0 0 76 0 74 0 0 0 0 0 31 0 36 32 29 0 0 0 46 0 0 43 39 0 0 0 23 0 0 0 0 0 0 25 0 0 0 12 0 0 16 0 17 
0 31 0 30 0 0 0 0 0 0 0 48 0 0 0 0 0 0 0 42 39 45 0 0 0 0 0 0 65 66 67 0 70 0 72 0 0 0 0 0 0 0 0 60 0 17 0 0 13 19 0 14 0 0 0 0 0 0 0 0 0 0 23 0 0 0 0 6 0 0 0 0 76 0 0 0 0 0 79 78 0 
0 0 62 0 0 0 0 0 0 80 0 0 0 76 0 0 0 0 71 0 0 72 0 67 0 73 68 17 0 0 0 0 16 0 0 0 3 7 0 0 0 9 0 0 0 0 0 0 0 0 0 0 38 42 53 0 0 0 0 0 0 54 0 0 0 0 0 33 0 0 0 0 0 0 0 0 0 28 0 0 26 
0 0 0 0 67 0 0 0 75 0 12 5 0 0 7 4 0 0 0 0 77 2 76 78 0 0 0 0 0 0 0 0 0 25 0 30 0 0 0 16 15 0 13 0 0 0 0 54 0 57 0 0 0 0 0 0 0 0 62 0 59 0 0 0 0 0 0 0 41 0 0 0 33 0 0 32 34 0 36 0 0 
45 42 46 0 40 0 44 47 0 0 0 59 0 60 0 58 0 0 0 0 0 0 0 0 54 0 0 0 0 0 0 0 0 79 0 0 68 0 73 70 0 74 0 71 0 0 0 27 0 0 0 0 22 0 37 0 0 0 0 0 0 38 0 19 0 21 0 0 0 20 0 18 6 4 0 5 0 12 0 0 10 
0 0 0 32 0 34 0 38 39 55 0 0 0 0 52 0 0 53 0 44 0 0 40 0 0 48 0 0 67 0 0 0 0 70 74 0 59 0 64 0 0 65 58 62 66 0 0 0 0 0 0 16 0 0 0 0 0 0 0 27 0 0 0 10 7 12 0 0 0 11 0 0 0 0 0 77 0 3 0 0 0 
18 0 0 14 13 16 0 0 21 37 0 0 36 33 0 0 38 35 0 0 0 29 0 0 0 30 0 0 49 50 51 0 54 0 0 57 0 45 0 0 0 0 40 0 0 0 0 81 0 3 0 0 0 80 0 0 0 0 0 0 0 0 7 0 0 0 67 0 0 74 0 72 60 0 65 59 61 0 63 0 64 
27 0 0 23 22 0 0 29 0 0 0 0 0 42 0 0 0 0 0 35 32 0 0 0 0 0 0 0 0 59 0 0 0 0 65 66 0 54 0 0 0 0 49 53 0 0 0 0 6 12 0 0 0 0 0 0 0 0 17 0 14 0 0 0 0 0 0 0 0 0 78 0 0 67 74 0 70 75 0 0 0 
0 0 0 0 0 0 0 0 0 0 0 0 0 0 0 0 0 0 0 71 0 0 67 0 72 75 0 0 0 0 15 0 18 16 0 0 5 0 0 0 0 0 0 8 0 0 41 0 0 0 47 43 0 0 0 0 0 0 53 0 0 0 0 0 34 0 0 0 0 38 0 0 24 22 0 0 25 0 27 26 0 
0 0 0 0 0 0 0 56 57 0 0 0 72 0 0 67 0 0 0 0 0 65 58 0 0 66 61 0 4 0 0 0 0 0 0 0 0 81 0 79 0 0 0 80 0 0 0 0 0 0 0 0 31 0 46 0 0 0 44 0 0 0 43 28 0 0 0 26 0 0 0 0 15 0 0 0 0 0 0 0 0 
9 6 0 0 0 0 0 0 0 0 0 0 27 0 0 0 29 0 0 0 0 0 0 0 18 21 0 46 40 0 0 0 0 0 0 0 0 36 0 34 0 0 0 0 0 0 0 0 0 75 0 0 0 0 0 76 0 78 80 0 77 0 0 64 0 66 58 62 59 0 60 0 0 49 56 0 0 57 54 0 0 
0 78 1 0 76 0 80 2 3 0 21 0 18 0 0 0 0 0 0 8 0 11 4 0 0 0 7 0 0 0 0 0 0 0 38 0 0 0 0 25 0 29 22 26 30 0 0 0 60 66 0 0 0 62 0 0 0 0 71 0 0 74 70 55 0 0 49 0 0 0 0 0 0 40 47 0 43 0 45 44 0 
66 0 67 0 61 0 65 0 0 4 0 80 0 0 0 79 0 0 0 0 0 77 0 0 75 0 0 0 0 0 18 0 0 0 23 0 0 0 0 0 0 0 0 11 0 49 0 48 0 0 50 46 43 47 0 0 0 54 0 57 0 0 0 0 0 0 0 0 0 41 0 0 0 0 0 0 0 0 0 0 0 
0 27 0 0 25 0 0 32 0 49 0 44 0 45 0 0 0 0 0 38 0 0 0 0 0 0 37 67 0 0 0 0 66 0 68 69 0 57 0 55 0 0 0 0 0 0 0 12 9 0 0 0 7 0 0 16 0 0 0 0 0 23 0 0 1 6 0 0 0 0 0 0 0 0 0 0 0 0 0 0 0 
0 0 22 0 0 0 0 0 0 40 0 0 0 0 0 34 41 38 0 0 0 32 25 0 30 0 28 0 0 53 0 0 57 0 0 0 0 0 0 0 0 0 0 47 0 0 0 0 0 6 0 0 0 0 0 7 0 0 0 0 8 0 0 76 0 78 0 74 71 0 72 0 0 0 0 0 0 69 0 0 67 
12 9 0 8 0 0 11 14 15 0 0 26 0 0 0 25 0 0 0 0 0 0 0 0 0 24 0 0 43 0 0 0 0 0 50 0 35 0 0 37 36 41 0 0 0 0 0 0 0 78 0 0 0 0 0 0 0 0 0 3 0 0 0 0 0 69 61 65 62 68 0 66 0 0 0 53 0 0 0 0 58 
0 0 76 71 0 0 74 77 0 0 0 0 0 0 0 0 0 0 0 0 0 0 79 0 0 0 1 31 0 26 0 0 30 0 0 0 17 21 0 0 0 23 0 0 0 0 0 0 0 60 0 0 0 56 67 0 0 0 65 0 0 68 0 0 46 0 0 47 0 0 0 0 36 0 0 0 0 42 0 0 0 
0 0 40 0 0 0 0 0 42 0 60 53 57 0 55 0 59 56 49 0 0 0 0 0 48 0 0 0 0 0 72 0 0 0 77 0 0 66 0 64 0 68 0 0 0 0 17 0 0 0 23 0 0 0 31 0 33 27 0 0 0 0 0 0 0 0 7 11 8 14 0 0 0 0 0 0 0 6 0 0 4 
0 0 58 53 0 0 0 0 0 0 0 0 0 0 0 0 0 0 0 0 0 68 61 0 0 0 64 13 0 0 9 0 0 0 0 0 0 0 0 0 0 5 79 0 0 0 0 0 36 42 41 37 0 0 0 0 0 0 0 0 44 0 0 0 0 0 25 0 0 0 0 30 0 16 0 17 19 0 21 0 0 
0 0 49 0 0 0 0 0 0 0 0 0 0 63 0 0 0 65 0 56 0 0 0 0 0 0 0 0 0 80 0 0 0 1 0 0 71 0 76 0 0 0 70 0 0 0 26 0 0 0 0 0 0 0 0 34 0 0 38 39 0 41 37 0 19 0 0 0 0 0 18 0 9 0 0 0 10 0 0 0 0 
0 81 4 0 0 1 0 0 0 0 0 0 0 0 0 0 0 0 0 0 8 0 0 0 0 0 0 40 0 0 0 0 39 37 0 42 26 0 0 28 0 32 0 0 0 0 0 0 0 69 0 0 0 0 0 0 78 0 74 0 0 0 0 0 0 60 0 0 0 0 0 0 45 0 0 0 0 51 0 0 0 
0 0 0 0 0 0 0 0 0 0 0 0 0 0 0 33 0 37 30 0 0 0 0 0 0 0 0 57 51 52 0 0 56 0 58 0 0 0 0 0 0 49 42 0 50 0 0 0 0 0 0 0 0 0 0 0 14 0 10 0 7 0 9 0 0 77 0 0 70 0 71 0 0 60 0 61 0 0 65 0 0 
0 80 0 79 0 0 0 0 5 0 0 16 0 0 0 0 22 0 12 0 7 0 0 0 0 14 9 0 0 0 35 0 0 0 0 41 0 0 0 27 0 31 0 28 0 66 0 0 0 0 0 0 0 0 0 69 77 0 73 0 0 76 0 0 54 0 0 0 52 0 0 0 0 0 0 0 0 0 47 0 0 
74 0 0 0 0 0 73 76 77 12 0 0 11 8 0 0 0 0 3 1 0 0 78 0 0 0 0 0 0 25 0 0 0 0 31 0 16 0 21 18 0 0 0 0 0 0 0 56 0 0 0 0 0 0 0 0 0 0 0 0 61 0 0 0 0 0 42 0 0 49 0 0 0 0 0 0 36 0 0 37 0 
0 0 0 25 24 0 0 31 32 0 0 43 47 0 0 42 0 46 0 0 0 0 33 35 0 0 0 0 0 0 0 64 0 0 67 0 0 56 57 0 53 0 0 0 59 0 7 0 0 0 0 9 0 0 21 0 0 0 0 20 0 22 18 0 0 0 0 0 0 0 0 2 0 0 76 0 0 0 0 0 0 
56 0 57 52 0 0 0 0 59 0 0 0 74 0 0 69 0 0 0 0 0 0 0 0 65 68 0 12 0 0 8 0 0 0 0 0 0 2 0 81 80 0 0 0 5 39 0 0 0 41 40 0 0 0 0 0 50 0 0 47 0 49 45 0 0 32 0 0 0 31 26 0 0 0 0 0 18 23 0 19 0 
0 0 0 0 0 9 10 0 14 30 0 25 29 26 27 24 0 28 21 0 0 22 15 17 0 0 0 0 0 43 0 0 0 0 0 50 0 0 0 36 35 0 33 0 41 0 0 74 71 0 76 0 0 0 3 78 5 80 1 0 0 0 81 66 0 68 0 64 0 0 0 0 53 0 0 0 0 0 56 0 0 
0 0 0 43 0 0 0 0 50 0 0 61 0 62 0 0 0 0 57 0 0 58 0 53 0 0 0 3 78 0 0 0 0 0 0 5 70 0 0 72 0 0 0 0 0 30 25 0 0 0 31 27 24 0 0 0 0 35 0 38 0 0 0 0 18 23 0 0 0 22 0 20 0 6 0 0 0 0 0 10 0 
38 0 39 34 33 0 0 0 0 57 0 52 0 0 0 51 58 0 0 0 43 0 0 0 47 0 0 0 69 0 0 73 0 0 0 0 0 0 0 63 62 67 0 64 68 0 0 0 0 0 0 0 15 0 0 24 0 0 0 29 25 0 0 0 0 0 6 10 0 0 0 0 0 78 0 0 0 0 0 0 3 
0 0 66 0 0 0 0 0 68 0 5 79 2 0 81 0 0 0 0 73 0 0 69 0 0 77 0 0 0 0 0 0 20 18 0 0 0 0 0 9 8 13 6 0 0 0 43 0 0 0 0 0 0 0 0 51 0 0 55 56 0 0 0 0 36 0 33 0 0 40 0 0 26 24 31 0 0 0 0 28 0 
0 59 63 58 0 60 0 64 0 0 0 0 0 0 0 0 1 0 0 70 67 73 0 0 0 0 0 0 0 0 14 16 0 0 0 20 0 8 0 0 0 0 0 7 0 0 0 44 41 0 46 0 0 43 54 0 56 0 0 53 49 0 0 0 33 0 0 34 31 37 0 0 0 0 0 0 0 0 0 0 27 
0 0 0 49 0 0 52 0 56 0 74 0 0 0 69 0 73 70 0 0 58 0 0 0 0 65 0 9 0 0 0 0 0 0 0 0 0 0 81 78 0 1 0 0 2 36 0 0 32 0 0 0 30 34 0 39 0 0 43 0 0 0 0 0 0 0 0 0 22 0 23 26 14 0 0 13 0 20 17 16 0 
0 0 0 0 0 42 43 46 0 0 0 0 0 0 0 0 0 0 0 0 49 55 0 0 53 0 0 0 75 0 0 0 0 0 0 2 67 0 0 0 0 0 0 0 0 0 0 0 0 29 28 0 0 25 0 0 38 0 0 35 0 0 33 0 0 20 12 0 0 19 0 17 0 0 0 4 6 11 0 0 9 
0 32 0 0 30 0 0 0 38 54 56 0 0 0 0 0 0 0 0 0 0 0 0 41 0 0 42 0 0 67 0 0 0 0 73 0 0 0 0 60 59 0 0 0 0 0 13 0 14 0 0 0 0 0 0 0 0 23 0 0 22 0 0 0 6 0 3 0 4 0 0 8 0 0 0 0 78 2 80 0 81 
0 14 0 0 0 15 0 0 20 36 0 0 0 0 0 0 0 0 0 25 22 0 0 23 0 29 0 0 0 49 0 52 0 0 0 0 0 0 0 42 0 46 0 0 0 81 0 0 0 2 0 0 75 0 0 0 0 0 7 0 0 0 0 0 69 74 66 0 67 73 68 0 0 0 0 0 0 0 0 61 63 
26 0 27 0 0 24 25 0 29 0 0 40 0 41 42 39 0 43 0 34 0 37 0 0 0 38 0 0 57 58 59 61 62 60 0 0 0 0 54 51 50 0 0 0 56 0 0 8 0 0 0 6 0 7 0 0 20 0 0 0 0 0 15 0 0 0 0 79 0 0 0 0 0 0 73 67 0 0 0 70 0 
0 77 0 0 0 78 0 0 0 18 0 13 0 14 0 0 0 0 0 0 4 10 0 5 0 11 0 0 0 0 32 0 35 0 0 0 0 0 0 0 0 0 0 0 0 0 58 0 0 0 64 60 0 0 0 0 74 68 0 71 0 0 0 0 51 0 48 52 0 55 0 0 41 0 46 40 0 0 0 43 0 
0 0 9 0 0 0 0 10 0 0 29 0 0 0 0 21 0 0 18 16 13 0 12 0 0 0 0 45 39 0 0 43 44 42 0 0 0 0 36 0 0 0 0 0 0 0 67 0 68 74 0 0 0 0 0 75 0 0 79 80 0 0 0 0 0 65 0 0 0 0 59 0 50 0 55 49 51 0 0 52 54 
0 68 72 0 66 0 0 73 74 0 11 4 0 0 6 3 10 7 0 0 0 0 0 0 80 0 0 0 21 0 23 25 0 0 0 0 0 0 18 0 0 0 0 0 20 0 49 0 50 0 0 51 0 52 63 0 0 0 61 0 58 0 0 0 0 0 0 0 40 46 0 0 0 0 0 0 33 0 35 0 0 
0 0 34 0 0 31 0 35 0 0 0 47 51 48 0 0 53 50 0 0 0 0 0 0 0 0 0 0 0 0 0 0 0 67 0 72 56 0 0 58 57 0 55 0 63 0 11 0 0 0 0 0 0 0 25 19 0 0 0 24 20 0 0 0 4 9 1 0 0 0 0 0 0 0 0 0 76 0 0 0 0 
0 0 0 11 10 13 14 0 0 34 0 29 33 30 0 0 0 32 0 23 20 26 0 0 24 0 0 0 0 0 0 50 0 0 53 0 38 0 0 40 0 0 0 41 45 0 0 78 0 81 0 76 0 0 0 0 0 3 5 6 2 8 0 0 0 0 0 0 0 0 0 0 0 55 62 0 0 0 0 59 0 
69 0 0 0 0 67 0 0 0 7 0 0 0 0 0 0 0 0 0 77 0 0 73 75 0 0 76 0 19 0 21 23 0 0 0 0 0 15 0 13 0 0 10 0 0 52 0 0 0 0 0 49 0 50 0 0 63 57 59 60 0 0 0 0 0 45 0 0 0 0 0 0 0 0 35 29 0 0 0 0 0 
60 0 61 0 0 58 0 0 63 0 81 0 0 75 0 0 0 0 70 0 0 0 64 0 69 0 0 16 0 11 0 0 15 0 17 18 0 0 7 4 0 8 1 0 0 0 0 42 0 45 0 0 37 0 0 0 0 0 0 51 0 53 0 0 0 0 28 0 0 0 0 0 0 0 0 0 0 27 0 0 25 
42 39 0 0 0 0 41 44 0 0 0 56 60 0 58 0 0 0 0 0 0 0 46 48 0 0 0 79 0 0 75 77 0 0 0 0 0 0 0 67 0 0 0 0 0 0 0 0 21 0 0 22 0 0 0 0 0 0 0 33 29 35 0 16 13 0 0 0 11 0 0 0 0 0 0 2 0 9 6 0 7 
0 0 0 20 19 22 0 0 27 0 0 0 42 39 40 37 44 0 0 0 0 0 0 0 0 36 31 61 0 0 0 0 0 0 0 0 47 0 0 49 0 0 0 0 0 0 2 0 0 0 0 0 0 0 0 0 0 0 0 0 11 17 0 0 0 0 0 0 74 0 75 78 0 64 0 0 67 0 0 0 0 
0 0 0 0 0 4 5 0 0 25 0 0 24 0 0 0 0 0 0 0 0 0 0 0 15 0 0 43 0 0 0 0 0 0 0 0 0 0 0 31 0 35 28 32 0 0 0 69 0 0 0 0 0 0 79 0 0 0 0 0 0 0 76 0 58 0 55 0 56 62 57 0 48 0 0 0 0 0 0 50 52 
51 0 0 47 0 0 50 53 0 0 0 0 0 66 67 64 71 0 61 0 0 0 0 0 0 63 58 0 1 2 0 5 6 4 0 9 0 0 0 76 0 0 0 0 0 0 0 0 0 0 0 0 0 0 43 0 0 0 41 0 0 0 0 0 0 0 0 23 0 26 0 24 0 0 0 0 0 18 15 0 0 
0 0 79 0 0 0 0 80 81 0 0 11 15 12 0 0 17 0 7 0 2 0 0 0 0 0 0 0 0 29 0 32 0 0 35 36 20 0 0 22 21 26 0 0 27 0 0 60 0 0 0 58 55 0 0 0 0 0 0 0 0 0 0 0 0 0 0 50 0 53 0 51 0 0 0 38 40 45 0 0 0 
