9
0 0 0 0 0 0 14 0 0 0 0 0 46 0 0 47 0 0 0 55 0 0 59 0 0 0 0 33 39 41 0 0 0 0 0 0 0 72 0 71 73 0 69 0 0 0 27 0 0 32 0 0 0 29 15 0 20 0 17 0 0 16 22 3 0 0 78 0 0 0 0 0 0 0 0 0 0 0 0 61 63 
69 0 76 0 71 0 0 0 0 0 0 0 28 0 0 0 0 0 38 37 0 33 41 35 0 0 39 0 0 0 0 0 0 0 0 0 0 54 0 0 55 52 0 0 0 0 9 0 0 0 0 10 7 11 0 81 0 0 0 0 0 0 0 0 0 0 0 0 0 0 0 67 0 0 0 0 0 48 0 0 0 
0 0 0 27 0 28 32 0 0 0 0 0 64 0 66 0 68 0 0 73 70 0 77 0 0 76 0 0 0 59 0 53 0 54 58 0 13 0 0 8 0 0 0 12 0 44 0 0 0 0 49 0 0 0 0 0 0 0 0 0 41 34 0 0 16 19 15 0 0 0 20 22 5 4 0 0 2 0 0 0 0 
78 79 0 0 0 0 0 3 0 0 36 34 0 0 39 0 0 0 0 0 0 0 0 0 0 0 48 24 0 0 0 0 0 0 0 0 0 0 65 0 0 0 60 0 0 0 18 0 21 0 22 0 0 0 0 9 11 0 0 0 14 0 0 0 0 0 0 72 0 0 0 76 59 58 51 0 56 57 55 52 0 
0 0 0 0 0 0 0 57 0 0 9 0 10 0 0 0 0 0 0 0 0 0 23 0 0 0 21 0 3 5 79 0 0 0 4 0 40 36 0 0 0 0 33 39 0 71 72 0 0 77 0 73 70 74 0 0 0 0 62 0 0 0 67 0 0 46 0 0 44 0 0 0 32 0 24 26 0 0 0 0 27 
33 0 40 36 35 0 41 0 38 0 72 0 73 76 0 74 0 0 0 0 0 0 5 0 81 4 0 0 66 68 61 0 0 63 0 0 22 0 20 0 0 0 0 0 0 53 0 0 57 0 0 0 0 0 0 45 0 0 0 0 0 0 0 30 0 28 0 27 0 0 0 31 0 0 6 0 11 12 0 0 0 
15 16 0 0 0 0 0 0 0 0 54 0 0 58 0 0 0 0 0 0 61 0 0 0 0 0 66 42 0 0 0 44 0 0 0 0 0 81 0 0 1 0 78 0 0 0 0 0 39 41 0 37 34 38 24 27 0 0 0 0 0 0 0 0 7 0 0 9 0 0 0 13 77 0 0 0 74 0 0 70 0 
42 43 0 45 0 0 0 48 0 0 81 79 0 0 0 0 5 0 0 0 7 6 0 0 9 13 12 0 0 0 70 71 0 0 0 74 0 0 0 0 28 0 24 0 0 62 63 60 66 68 67 0 0 0 0 0 56 0 53 55 0 0 0 39 0 37 0 0 0 0 0 40 0 0 0 0 20 21 0 16 0 
0 0 0 0 0 64 0 0 65 15 0 0 0 0 21 20 0 0 29 28 25 0 0 0 0 0 0 6 12 14 7 0 0 0 13 0 0 0 0 0 46 0 0 48 50 0 0 0 0 0 0 0 0 0 69 0 0 75 0 0 0 0 76 0 0 55 0 54 0 0 0 0 41 0 33 0 0 39 0 34 0 
12 13 0 0 0 0 0 18 0 0 0 0 0 0 54 53 56 50 0 61 0 0 65 0 0 0 0 0 0 47 40 41 0 42 0 44 0 78 80 77 0 0 75 0 0 0 0 0 0 0 0 0 31 0 0 0 0 27 0 0 0 0 0 0 0 0 3 0 0 0 8 0 0 0 0 68 0 0 0 0 0 
0 22 0 0 23 25 0 27 26 0 0 58 0 0 0 62 0 59 0 70 0 66 0 0 69 0 0 48 54 0 0 50 0 0 0 53 10 0 0 0 0 0 3 0 0 41 0 39 0 47 0 0 0 44 0 0 0 36 32 0 0 0 0 0 0 0 0 0 0 20 0 0 0 0 0 0 80 81 0 0 0 
0 0 0 0 0 0 0 0 0 0 0 0 0 0 0 0 0 0 0 0 0 0 0 0 0 10 9 0 72 0 0 68 0 0 0 0 0 0 0 23 0 0 0 0 0 59 0 0 0 0 0 0 0 0 0 51 0 54 50 52 56 0 0 36 31 0 0 0 0 0 35 0 20 0 0 0 0 0 16 13 15 
0 0 55 51 50 52 0 54 53 3 0 0 0 10 9 8 0 0 0 0 0 0 20 14 0 0 18 75 0 0 76 77 79 0 0 0 0 33 0 0 34 0 0 0 0 0 0 0 0 0 0 0 0 0 0 60 62 0 0 0 65 0 0 0 0 43 39 0 0 47 0 0 0 28 0 0 0 0 0 0 24 
0 67 0 0 68 0 74 0 0 0 0 22 0 28 27 0 29 23 35 0 31 30 38 0 33 37 36 0 18 20 13 14 16 0 0 0 0 0 53 0 0 0 0 0 56 0 0 0 9 0 10 0 0 0 0 0 0 81 77 0 0 76 0 0 0 0 0 60 0 0 0 64 47 46 0 0 0 45 0 40 0 
0 0 64 0 59 0 0 0 62 12 15 0 16 0 0 0 0 0 0 0 22 0 0 0 0 28 27 3 0 0 0 0 0 6 0 0 0 0 0 0 43 0 0 0 0 0 78 0 0 0 1 79 76 80 0 0 71 72 0 0 0 0 0 0 0 52 0 0 0 0 53 0 0 0 30 0 0 0 34 0 0 
0 4 0 6 0 0 11 0 0 0 42 0 0 0 0 0 0 0 0 0 49 0 0 50 0 0 54 30 36 0 31 0 0 0 37 0 0 0 71 0 0 0 0 0 74 0 24 0 27 0 0 0 0 26 12 0 0 18 14 0 0 0 0 81 0 0 0 0 0 0 0 0 0 64 57 0 0 0 0 58 0 
0 76 0 0 0 0 0 81 0 0 0 0 0 0 0 0 0 32 0 43 0 39 47 41 0 0 45 0 0 0 22 23 25 0 28 0 64 0 0 0 61 0 0 63 65 0 0 0 18 0 19 0 0 0 0 6 8 0 5 0 11 0 0 72 67 70 0 0 0 0 71 0 0 0 0 0 0 0 0 49 0 
0 0 37 0 0 0 38 0 0 0 0 0 0 73 0 71 0 68 0 79 76 75 0 0 0 0 0 0 0 0 0 59 0 60 0 0 0 15 0 0 0 0 0 18 20 50 51 0 0 0 55 0 49 0 0 0 0 0 0 0 0 0 46 27 0 0 0 0 0 0 0 0 11 0 0 5 0 0 7 0 0 
0 0 0 29 28 0 0 0 0 0 65 0 0 0 0 0 70 0 0 0 0 71 0 73 74 0 77 0 59 0 54 0 0 0 0 0 0 11 0 10 0 0 8 0 0 46 0 0 50 52 0 0 0 49 0 0 0 0 0 39 43 0 0 23 0 21 0 20 0 0 0 0 0 0 0 1 4 0 3 0 2 
0 0 0 0 0 0 0 0 13 0 0 0 0 0 0 0 0 46 0 57 0 0 61 55 0 0 0 0 41 0 0 37 0 0 0 0 0 0 0 73 0 0 0 77 79 0 0 0 0 0 0 0 27 0 0 0 22 0 0 0 0 0 0 0 0 0 80 0 0 0 0 0 0 0 62 0 0 68 66 0 0 
53 54 0 0 0 0 61 59 58 8 0 0 0 0 0 13 0 0 0 21 18 17 0 0 0 0 0 0 5 0 81 0 0 2 0 0 0 0 40 0 0 0 0 41 0 0 0 0 77 79 0 0 0 0 0 65 0 0 0 0 70 63 0 50 45 0 0 0 0 52 49 0 34 0 26 0 0 0 30 0 29 
0 0 24 0 19 0 25 0 22 0 0 54 0 0 0 0 61 0 0 0 0 0 70 64 0 69 68 0 50 0 45 0 0 47 0 49 6 0 0 0 3 0 0 0 0 0 0 0 0 43 0 39 0 0 26 0 0 32 0 0 34 0 0 0 0 0 0 0 0 0 0 0 0 0 71 73 0 0 0 0 0 
0 45 51 0 0 48 0 50 0 0 0 0 0 6 5 4 0 0 0 0 0 8 16 0 0 0 0 0 77 79 0 0 75 74 0 76 0 0 0 0 0 0 0 0 0 64 0 0 0 0 0 0 0 67 0 0 0 0 0 57 0 0 0 0 0 0 0 0 0 0 40 0 25 0 0 19 22 23 0 18 0 
0 0 0 0 1 0 0 0 0 0 0 0 0 0 0 0 0 0 49 0 45 44 52 0 0 51 0 0 0 34 0 28 0 29 0 0 0 0 0 0 0 0 0 0 0 19 0 0 0 0 0 0 0 0 8 0 0 0 0 0 16 9 0 0 72 0 71 0 73 0 0 0 0 60 53 55 58 59 0 0 0 
0 63 0 0 0 0 0 68 67 17 0 0 21 24 0 0 0 0 0 0 0 26 0 28 0 33 0 0 0 0 9 0 12 11 0 0 0 47 0 0 0 0 0 0 0 0 0 0 0 7 0 0 0 0 71 74 76 77 73 75 0 0 0 0 0 0 53 0 0 0 58 60 0 0 0 0 40 0 39 0 38 
35 0 42 0 0 0 0 41 0 0 74 72 75 0 77 0 0 73 4 0 0 0 0 0 0 0 0 0 0 0 0 0 66 65 69 67 0 0 22 0 21 18 0 0 0 0 0 0 0 0 0 0 54 58 44 0 0 50 0 48 0 0 0 0 0 30 26 0 0 34 31 33 0 0 0 0 0 0 12 9 11 
71 0 78 0 73 75 0 0 76 0 0 0 0 33 0 31 0 0 40 0 0 35 0 0 0 0 41 0 0 25 0 0 0 0 0 0 0 0 0 0 57 0 0 0 0 10 11 0 14 0 15 0 9 0 0 0 4 0 1 0 0 0 0 68 0 0 0 65 0 70 0 0 0 51 44 46 0 0 0 0 0 
5 0 12 8 0 0 0 0 10 0 0 0 45 48 0 46 0 0 0 0 51 0 58 0 0 57 0 0 0 0 0 0 0 0 0 0 0 0 73 0 72 0 0 0 0 25 0 0 0 0 0 0 24 0 14 0 19 0 0 0 0 15 0 0 0 81 0 80 0 0 0 0 67 66 0 0 0 0 0 0 0 
14 0 0 17 0 0 22 0 0 0 0 0 54 57 56 0 0 0 0 0 0 0 0 61 0 0 0 0 0 0 42 43 45 0 0 46 0 0 0 0 0 0 77 2 4 0 0 0 0 40 0 0 0 37 23 0 0 0 25 0 0 0 30 0 0 0 5 8 0 13 10 12 0 0 0 0 0 0 0 0 71 
0 0 0 0 0 0 0 0 0 68 71 69 72 75 0 0 0 70 0 0 0 0 4 0 0 0 2 59 0 67 0 61 63 0 0 0 0 0 0 0 0 15 0 20 22 52 0 0 0 58 0 0 0 0 0 0 46 0 43 0 0 42 48 0 0 0 0 0 0 0 0 30 0 0 0 7 0 0 0 6 8 
50 0 0 0 0 54 58 0 55 0 0 0 0 12 11 10 13 0 0 18 0 14 0 16 17 0 20 0 2 4 78 79 0 80 0 0 0 0 0 0 36 0 32 0 0 0 0 0 0 0 75 0 0 73 0 62 0 65 0 0 67 60 0 47 0 45 41 0 0 0 46 0 31 0 0 0 0 0 0 24 0 
0 69 0 71 70 72 0 0 0 0 0 0 0 0 0 28 31 0 0 0 33 0 0 0 35 0 38 14 0 0 15 0 0 0 0 0 57 0 0 0 54 51 0 0 0 0 0 0 0 0 0 0 0 0 0 0 0 0 79 0 0 78 0 0 60 0 0 0 0 0 0 0 0 48 0 0 0 47 45 0 0 
0 0 0 0 0 0 0 29 0 59 0 0 0 66 65 64 0 0 0 0 0 68 0 0 71 0 74 0 0 0 0 0 54 0 0 0 0 0 0 0 0 6 0 11 0 43 0 41 0 0 0 0 0 0 32 35 37 0 0 0 0 0 39 0 15 0 14 0 0 22 0 0 0 3 77 0 1 0 0 0 80 
77 0 0 0 0 81 0 0 0 32 0 0 0 0 0 37 40 34 0 45 0 0 0 43 44 0 0 0 0 31 0 0 27 0 0 0 0 0 0 0 0 0 59 0 0 16 0 0 0 0 0 18 0 0 5 8 0 0 0 0 13 6 12 74 0 0 68 71 0 0 0 0 58 0 0 0 0 0 0 0 0 
41 42 0 44 0 0 0 47 46 0 0 78 81 3 0 0 0 0 10 9 6 0 0 7 0 0 0 0 0 0 0 0 72 0 0 73 0 0 0 0 0 0 0 0 0 61 0 0 65 0 0 63 60 0 0 0 0 56 0 0 58 0 57 0 0 0 0 35 0 0 0 39 0 0 14 16 19 0 18 0 0 
0 0 0 0 0 0 0 0 64 0 17 0 0 0 0 0 22 0 0 0 0 0 0 0 0 0 0 5 0 13 0 0 9 8 12 0 0 44 0 0 0 0 0 0 0 0 80 77 2 4 0 0 0 0 68 71 0 0 0 0 0 69 75 0 0 54 50 53 52 58 0 0 40 0 0 34 0 0 0 33 0 
0 5 0 7 0 0 0 0 0 0 0 41 44 0 0 0 0 0 0 0 0 0 0 0 52 0 0 0 0 0 32 0 35 0 38 0 74 0 72 0 0 68 67 0 0 0 0 0 0 30 0 26 0 27 0 0 0 0 15 0 0 0 0 1 77 80 0 79 0 0 81 2 66 0 0 60 63 0 0 59 0 
0 0 0 25 0 0 0 0 0 58 0 0 0 0 64 0 0 60 72 0 0 0 0 0 0 0 0 0 0 0 50 51 53 52 0 0 0 7 0 0 8 0 0 0 0 42 0 0 46 48 0 0 0 0 0 34 0 0 33 35 0 32 38 0 0 0 0 0 0 0 0 0 3 0 76 0 81 0 80 77 0 
76 77 0 0 0 80 3 0 0 31 34 0 0 0 0 0 0 33 0 0 41 0 0 0 0 0 0 0 28 0 23 0 26 0 29 0 65 61 63 0 0 59 58 0 66 15 16 0 19 0 20 17 0 18 4 0 0 10 6 0 0 5 11 73 0 0 67 70 0 0 72 0 0 0 49 0 0 55 0 50 0 
13 14 20 0 0 17 0 19 0 49 0 0 53 0 0 54 57 51 0 0 59 0 66 60 0 0 0 0 0 0 0 0 0 0 47 0 0 0 0 78 0 77 76 1 0 0 34 31 0 39 0 0 0 0 22 0 0 28 0 0 0 0 29 0 0 0 0 0 6 12 9 0 0 0 0 0 0 0 71 0 0 
0 0 0 61 0 0 0 0 63 13 16 14 0 20 0 0 21 15 27 0 23 22 0 0 0 29 0 4 10 0 0 0 0 0 0 9 0 43 0 42 44 41 40 0 0 0 79 76 0 3 0 0 0 0 0 70 0 0 69 0 0 68 0 55 50 0 49 0 0 57 54 0 0 38 0 0 0 37 35 0 34 
40 0 0 43 0 0 0 46 0 76 0 77 80 0 0 0 0 0 0 0 0 0 12 6 0 0 0 67 73 75 68 0 0 0 74 0 0 0 0 0 0 0 22 0 0 60 61 0 0 66 0 0 0 63 0 0 0 0 51 0 0 0 0 0 32 35 0 0 33 0 0 0 0 20 0 0 18 0 17 14 0 
0 50 56 52 0 0 57 0 0 0 7 0 8 11 0 9 12 0 0 0 14 13 21 0 0 20 0 0 0 0 0 0 0 79 0 81 0 0 36 33 35 0 0 37 0 0 70 0 0 0 74 0 0 0 0 61 0 0 0 0 0 59 0 46 0 44 0 43 0 0 0 0 30 29 0 0 0 28 0 0 0 
0 0 0 70 0 71 0 0 72 0 25 0 26 0 0 27 30 0 36 0 32 0 39 0 0 0 37 0 0 21 0 0 0 0 0 0 0 0 0 51 0 50 0 0 57 6 0 0 0 0 0 0 0 0 0 79 0 0 0 80 0 0 0 0 59 62 0 0 0 0 0 65 0 47 40 42 0 46 44 0 0 
31 0 0 0 0 0 39 37 36 67 0 0 71 0 0 72 0 69 81 0 0 0 0 0 79 2 0 0 64 0 0 60 0 61 0 0 20 0 0 0 0 0 0 19 0 0 0 0 55 0 56 53 50 0 40 0 0 0 0 0 0 41 0 0 0 26 22 0 0 0 27 0 12 0 4 6 9 0 0 5 0 
0 0 0 0 0 0 0 35 0 65 0 0 0 0 0 0 73 67 79 0 0 0 1 0 0 0 80 56 0 0 0 0 60 59 0 61 0 0 16 0 0 0 0 0 19 0 0 0 53 0 0 51 0 0 0 0 0 0 40 0 0 0 0 0 0 24 0 23 0 0 0 27 10 0 2 0 0 0 0 0 5 
0 0 0 0 0 51 0 0 0 2 5 0 6 9 8 7 10 0 16 0 0 0 0 0 0 0 17 74 0 0 75 76 0 0 0 79 0 0 0 0 0 0 0 0 37 0 0 0 0 73 0 0 66 0 0 0 61 0 0 0 0 0 0 0 0 42 0 0 0 0 43 45 0 0 20 0 25 0 0 0 0 
0 0 0 0 0 24 28 26 0 0 0 0 60 0 0 0 0 0 70 0 0 65 0 0 0 72 0 47 0 0 0 49 0 50 0 0 9 5 7 4 6 0 2 0 0 0 41 0 0 0 0 0 0 0 0 0 34 0 0 33 0 0 0 0 0 0 0 0 0 0 16 0 0 81 0 0 0 0 0 0 0 
0 0 0 0 0 0 0 0 79 0 0 0 33 0 35 0 0 0 43 42 39 38 46 0 41 0 0 0 0 28 21 22 24 0 0 0 0 59 0 58 0 0 0 0 0 0 0 11 0 0 0 0 0 0 2 0 7 0 0 6 10 0 0 0 0 69 65 0 67 0 0 72 55 0 0 0 52 0 0 0 50 
65 0 72 0 0 0 0 0 0 20 23 21 24 0 26 0 28 0 0 0 0 0 0 31 0 0 0 11 0 0 0 0 0 0 0 0 54 0 0 49 51 0 0 53 0 4 0 0 8 0 0 6 0 7 0 77 79 0 0 78 0 75 0 0 57 0 0 59 58 64 0 0 0 0 0 40 43 44 0 0 41 
0 0 45 0 40 0 46 44 0 0 77 0 0 0 80 0 1 0 0 0 3 0 0 0 0 0 0 65 71 0 0 0 0 0 0 0 0 0 0 0 24 21 0 26 0 0 0 56 0 64 0 60 57 0 0 0 52 0 49 51 0 0 0 0 30 0 29 0 0 0 0 0 19 0 11 0 0 17 15 12 0 
56 0 0 0 0 0 64 0 0 0 14 12 0 18 0 0 0 0 0 24 0 20 28 0 23 0 0 2 0 0 0 0 0 0 9 0 45 0 0 0 0 0 38 0 0 0 0 74 80 1 0 78 0 0 65 68 70 0 0 69 73 0 72 53 48 0 0 0 0 0 0 0 0 0 0 0 0 35 0 30 0 
0 0 0 0 0 0 0 8 0 0 41 0 0 0 0 0 0 40 0 0 0 0 0 0 0 0 53 0 0 37 0 0 33 32 0 0 0 0 0 0 0 66 0 0 0 0 23 0 0 28 27 0 0 25 0 0 0 0 13 0 0 0 0 0 0 0 0 0 0 1 0 81 0 63 56 58 61 0 0 0 0 
0 0 0 14 0 15 0 17 0 0 50 0 0 0 53 0 0 49 61 0 0 0 0 0 0 0 0 0 0 46 0 40 42 0 45 43 0 0 0 76 0 0 0 0 0 0 0 0 0 0 0 0 0 34 20 0 25 0 0 0 28 0 0 8 0 6 2 0 0 10 0 0 0 0 0 0 0 0 0 0 0 
25 0 32 0 27 0 0 0 30 0 64 62 0 0 0 0 69 63 75 0 71 0 0 0 73 77 0 0 0 0 0 54 0 0 0 0 0 10 0 0 0 8 0 0 0 45 46 0 0 51 50 0 0 0 0 0 0 40 0 38 0 0 0 22 17 20 0 0 0 0 0 0 6 0 0 0 0 0 0 80 0 
0 62 68 0 0 0 0 67 0 16 0 0 0 0 22 21 24 0 0 0 0 0 0 0 28 32 0 0 0 15 0 9 0 10 0 0 0 0 0 0 0 0 0 0 0 81 1 0 0 0 5 2 0 0 0 73 0 0 0 74 78 0 0 0 0 0 0 0 0 0 0 59 0 0 0 0 0 0 38 0 0 
0 0 59 0 0 0 0 0 0 0 0 0 0 0 0 0 0 0 0 0 0 0 0 18 0 23 0 0 0 0 0 81 0 0 5 0 41 0 0 36 38 0 0 40 0 72 0 0 0 0 0 0 0 75 0 0 66 0 0 65 69 62 0 0 0 0 43 0 45 51 48 0 0 0 0 27 0 31 0 0 0 
0 35 41 0 36 38 0 0 39 0 73 0 0 77 0 0 0 0 0 0 0 0 0 81 0 0 4 61 0 0 0 0 0 0 0 0 0 19 0 0 0 0 0 0 0 0 0 0 0 60 0 0 53 57 0 0 0 0 45 0 51 0 0 0 26 29 0 28 27 33 0 32 15 14 0 0 0 0 0 0 0 
0 80 0 1 0 2 0 0 0 0 0 0 0 41 0 39 0 0 0 0 44 0 0 0 46 0 0 0 31 33 0 0 29 0 32 0 0 0 0 0 0 0 0 0 0 0 19 0 0 0 0 20 0 21 0 0 12 0 9 11 0 0 0 0 0 0 0 0 0 78 75 77 0 0 52 0 57 0 0 53 55 
0 0 14 0 9 0 0 0 0 0 0 0 0 0 0 0 51 0 0 56 53 0 0 0 0 59 0 34 0 0 35 0 38 0 0 0 0 0 0 0 0 0 0 0 0 0 0 0 31 33 0 0 0 0 0 0 0 0 0 0 24 0 0 4 0 0 0 0 0 0 0 0 0 0 0 63 0 67 0 0 0 
0 0 0 73 72 0 78 0 0 0 0 26 0 0 0 0 0 0 0 0 35 0 0 0 0 41 40 0 0 0 0 0 0 0 0 21 0 0 57 0 0 0 0 58 0 0 0 0 0 15 0 0 8 0 79 0 0 4 0 0 0 0 0 0 0 0 0 0 0 0 66 0 51 50 0 45 0 0 0 44 46 
16 0 23 0 18 0 0 0 21 0 0 0 0 59 58 57 0 0 0 0 0 0 69 0 0 68 0 0 49 0 44 0 47 0 0 0 5 0 0 81 0 0 79 4 0 0 0 34 0 0 0 0 0 0 0 0 0 0 0 0 0 26 0 0 0 0 0 0 9 15 0 0 0 0 0 0 75 76 74 0 73 
43 0 0 0 0 47 51 49 0 79 1 0 0 5 0 3 0 0 0 11 8 7 0 0 0 14 13 70 0 0 0 72 74 0 77 75 32 0 0 0 29 0 0 0 0 63 64 0 0 0 0 0 0 0 0 0 0 0 0 0 0 0 0 40 35 0 0 37 36 0 39 0 0 0 16 18 0 0 0 17 0 
72 0 79 0 0 76 0 0 77 0 30 0 31 34 33 0 0 0 41 0 0 0 0 38 0 43 42 18 0 0 0 0 0 0 0 23 61 0 59 0 58 0 0 60 62 0 12 0 0 0 16 0 10 0 0 0 5 0 0 4 0 1 7 0 64 0 63 66 0 0 68 0 53 52 0 0 0 0 49 46 48 
0 19 0 21 20 0 0 0 23 0 0 55 58 61 0 0 62 56 0 0 64 0 0 0 66 70 0 0 0 0 0 0 49 0 52 50 7 0 0 2 0 0 0 6 0 0 0 36 42 44 0 0 0 0 27 0 0 0 29 0 0 0 34 15 0 0 0 0 0 17 14 16 0 0 0 0 0 0 0 0 75 
0 1 0 0 0 0 8 0 5 0 0 0 0 0 0 41 44 0 50 0 0 45 53 0 0 0 0 0 33 0 0 0 0 0 0 0 70 66 0 65 0 0 0 0 0 0 0 0 0 0 25 0 0 0 0 0 0 0 11 13 17 0 0 0 0 76 0 0 0 0 0 79 62 61 0 0 59 60 0 0 0 
0 0 70 0 0 67 71 0 0 18 0 0 22 0 24 0 26 0 0 31 0 27 0 29 0 34 33 0 0 0 10 0 0 0 0 14 52 0 0 0 0 0 45 0 0 2 3 0 0 8 7 0 1 5 0 75 77 0 0 76 0 0 79 0 0 0 0 0 56 0 0 61 0 43 36 0 0 42 0 0 0 
0 0 0 0 38 0 44 0 0 0 0 73 0 0 0 77 80 74 0 4 0 0 0 0 3 7 0 0 0 0 0 0 0 0 70 68 0 0 0 20 0 0 0 24 0 0 0 0 0 0 0 0 55 0 0 0 0 0 0 0 53 0 52 0 0 0 0 0 0 0 32 0 17 0 9 0 0 0 0 0 12 
0 46 52 0 0 0 0 51 0 0 0 0 0 0 0 0 0 0 0 0 0 9 0 0 0 0 0 72 78 0 0 74 0 0 79 0 0 0 0 0 31 0 0 0 0 0 0 0 0 0 0 0 0 68 0 0 0 0 0 0 0 0 0 0 0 0 36 0 0 0 0 43 0 0 18 0 23 0 22 0 0 
0 0 34 0 0 0 0 33 0 63 0 64 67 70 0 68 0 0 0 0 73 0 0 74 0 0 0 0 0 62 0 0 0 0 0 0 0 0 0 0 0 0 0 15 17 0 0 0 0 0 52 0 0 0 0 0 41 0 38 40 0 0 43 0 0 0 0 0 0 26 0 0 8 7 81 0 0 0 4 1 3 
0 0 0 12 11 0 0 15 0 0 0 0 0 52 0 50 0 0 0 0 0 0 0 0 57 0 0 0 0 44 0 0 0 0 43 0 0 0 0 0 0 73 72 0 0 0 0 0 0 35 34 31 0 0 0 0 0 0 0 0 26 19 0 6 1 0 81 0 0 0 0 7 0 70 0 0 68 0 67 0 0 
0 0 0 0 56 58 62 0 0 9 0 0 0 0 15 0 0 0 0 0 19 0 26 20 0 0 0 0 0 0 0 2 0 0 0 5 43 39 0 0 0 0 0 0 0 0 0 0 0 0 0 0 0 0 0 0 68 0 65 0 0 0 70 51 0 0 45 48 0 53 0 0 0 34 27 0 0 0 31 0 30 
0 38 44 0 0 41 45 43 42 0 0 0 0 0 79 78 0 0 0 5 0 0 0 3 4 8 0 0 70 0 0 66 68 67 0 0 0 0 0 0 23 0 0 0 27 57 58 0 61 63 0 0 0 0 0 0 51 52 48 0 0 0 53 0 0 0 0 0 30 36 0 0 18 0 0 0 0 0 14 0 13 
0 0 0 0 0 0 0 0 33 0 0 65 0 71 0 0 0 0 0 0 0 73 0 0 76 0 0 0 61 0 0 57 59 0 0 0 0 0 0 0 0 11 0 16 0 0 0 46 0 54 0 0 47 51 37 0 42 0 0 0 0 0 44 0 0 23 19 0 21 27 24 0 9 0 1 3 0 0 5 2 0 
0 20 26 22 21 0 27 0 0 0 58 0 0 0 61 0 63 57 0 0 0 0 72 66 0 71 0 0 52 0 0 0 0 0 0 51 8 0 0 0 0 0 0 0 0 0 40 0 0 0 0 0 0 0 0 31 33 0 30 32 0 0 0 0 11 0 10 13 12 0 15 0 0 0 73 75 0 0 0 0 76 
10 0 0 0 0 0 0 0 0 0 49 0 0 0 0 51 0 0 0 0 0 55 0 0 0 0 0 0 0 0 0 0 0 40 0 0 0 76 0 75 0 0 0 79 0 0 0 28 34 0 0 0 0 0 19 22 0 0 0 0 0 0 0 7 0 0 0 0 0 9 6 8 72 0 0 66 0 0 68 65 0 
0 0 0 0 3 0 9 0 6 37 0 38 0 0 0 42 0 39 51 0 0 0 0 0 0 53 0 0 0 0 0 0 32 31 35 33 71 0 0 66 0 0 64 0 72 0 0 0 25 0 0 0 0 0 0 13 15 16 0 14 0 0 0 79 0 0 73 76 0 0 78 0 63 0 0 0 0 0 0 0 58 
0 0 0 0 0 77 0 0 0 0 31 0 32 0 0 33 36 0 42 0 0 0 45 39 0 0 0 19 25 27 0 21 23 0 0 0 0 0 0 0 0 0 55 0 0 0 0 10 16 18 0 14 11 15 0 0 0 7 0 0 0 0 0 0 0 0 0 0 66 0 0 0 0 0 0 0 51 0 0 0 0 
0 0 53 0 0 50 54 0 0 0 0 0 0 8 0 6 9 3 15 14 0 0 0 12 0 0 16 73 0 0 74 0 0 0 0 0 0 0 0 0 0 0 0 0 36 0 0 64 0 0 0 68 65 69 55 58 0 0 0 0 63 0 0 43 0 0 0 0 0 0 0 0 0 0 19 21 0 25 0 20 22 
0 0 71 0 0 0 0 70 0 0 0 20 23 26 0 0 0 0 33 0 0 28 0 30 0 0 0 10 16 18 11 12 0 0 0 0 53 0 0 0 50 0 46 52 54 0 0 1 0 0 0 5 0 0 73 76 78 79 0 0 0 0 0 61 56 0 55 58 0 0 60 0 45 44 0 0 0 0 41 38 0 
0 56 0 58 57 0 0 0 60 0 0 0 0 0 0 15 18 0 24 0 20 0 0 0 0 26 25 1 7 0 2 0 0 0 8 0 0 40 0 0 0 38 37 0 0 0 0 73 0 81 0 0 74 0 64 0 0 0 0 68 0 65 0 52 0 0 0 0 48 0 0 0 0 0 0 0 0 34 32 0 0 
