9
0 0 0 0 33 0 30 0 0 0 42 0 41 0 0 0 0 0 66 71 0 68 64 0 70 0 0 0 0 16 0 0 0 0 11 9 0 0 0 0 76 0 0 0 0 0 0 0 0 0 0 0 0 0 49 0 51 0 45 0 0 53 0 1 0 0 0 4 0 0 0 0 0 59 0 0 58 0 62 0 0 
0 0 0 0 0 0 0 0 0 0 0 58 0 57 0 0 55 0 3 0 0 5 0 6 0 0 2 33 31 34 30 0 0 0 0 27 0 0 10 0 13 16 0 12 0 42 0 0 43 0 0 44 0 0 0 70 0 0 0 0 0 71 68 0 0 0 0 0 0 0 0 25 0 0 0 72 76 0 80 0 78 
0 0 0 0 42 43 0 0 0 52 0 49 0 0 0 0 46 0 0 0 0 0 73 78 0 0 74 0 0 25 21 23 0 0 0 18 2 81 0 6 4 7 0 0 0 0 0 0 34 30 0 0 0 0 0 0 0 0 0 0 0 0 0 0 0 0 0 13 0 0 9 16 0 68 0 0 67 0 71 0 0 
0 0 68 67 0 70 0 0 0 0 0 0 77 75 0 0 0 80 0 26 0 0 0 0 0 0 0 0 49 0 0 0 0 0 0 0 0 27 0 0 0 34 32 30 0 0 55 0 0 57 59 0 0 0 0 7 0 0 0 0 0 0 0 0 0 41 0 0 0 0 0 43 11 0 0 0 0 0 0 0 0 
10 0 0 0 0 16 0 17 0 0 0 0 23 0 0 0 0 26 0 0 0 0 0 0 0 45 0 78 76 0 0 0 0 0 0 0 56 0 0 0 0 0 0 0 0 0 0 0 0 0 0 0 2 4 0 0 0 28 27 30 0 35 0 0 71 68 65 0 66 0 63 70 0 0 0 36 40 0 0 0 0 
0 54 59 0 0 0 0 62 0 0 0 67 68 0 0 65 64 71 0 0 13 14 10 0 0 9 0 42 0 0 39 0 0 0 0 0 20 0 0 24 22 0 0 0 0 0 0 0 0 0 0 0 0 49 0 0 0 0 0 0 74 80 0 0 0 0 0 0 0 0 27 34 0 0 0 0 0 0 0 0 6 
0 72 0 0 0 0 75 0 0 7 6 0 5 0 0 2 0 8 0 0 0 0 0 0 34 0 0 0 0 61 0 0 0 0 0 0 0 0 0 42 0 43 0 0 44 0 0 0 0 0 0 0 0 67 0 0 0 0 0 0 11 0 0 0 0 0 0 0 48 0 0 52 0 0 0 0 22 0 26 0 24 
0 0 0 0 24 25 0 0 0 0 0 0 32 0 0 0 0 35 0 0 0 0 55 0 0 0 0 0 0 0 0 0 0 1 0 0 0 0 0 0 0 0 0 66 0 0 0 9 0 0 0 0 0 13 0 0 0 0 36 0 38 44 0 0 0 0 74 76 0 0 0 0 47 50 0 45 49 0 53 0 51 
1 0 5 0 0 0 3 0 0 0 15 0 0 12 9 0 10 17 0 0 40 41 0 42 43 0 0 0 67 0 0 0 0 64 0 0 0 0 0 0 0 0 0 0 53 78 0 72 0 0 0 80 0 0 0 0 0 0 18 0 0 26 0 0 0 0 0 0 0 0 0 0 0 0 34 0 31 0 0 0 0 
13 0 0 0 0 0 15 0 0 0 0 0 0 0 0 23 22 29 51 0 0 0 49 54 0 48 50 0 0 0 78 0 0 0 0 75 0 0 0 0 0 0 0 0 0 9 0 0 10 0 8 0 0 0 0 37 0 0 0 0 0 0 35 0 0 0 0 0 69 0 0 73 0 0 46 0 0 0 0 0 0 
4 3 0 7 0 0 6 11 0 19 0 16 0 15 12 0 0 0 0 0 43 44 0 0 0 39 0 0 70 73 0 0 0 67 0 66 0 48 0 0 0 55 0 0 0 0 0 0 0 0 80 0 0 0 0 0 0 0 0 24 23 0 0 58 0 0 0 0 60 0 57 64 0 0 37 0 34 0 38 0 0 
49 0 53 0 0 55 0 0 0 64 0 0 0 60 0 59 58 0 0 0 0 0 4 0 10 0 5 0 0 0 33 0 38 0 0 30 0 0 13 0 0 0 17 0 0 45 0 39 0 42 0 0 0 0 0 0 0 0 0 0 0 0 71 22 0 0 0 0 0 27 21 0 0 0 1 0 0 0 2 76 0 
0 0 0 0 72 0 0 0 0 0 0 0 0 78 0 0 0 0 0 0 0 0 0 0 0 0 0 0 0 55 51 0 56 49 50 48 32 0 0 0 34 0 0 33 0 63 58 57 0 0 0 0 59 0 0 0 9 0 0 6 5 0 8 0 47 0 0 0 42 45 0 0 0 0 0 0 16 15 0 0 18 
76 0 0 79 0 0 0 0 0 10 0 7 0 6 0 5 0 11 0 0 0 35 31 0 37 30 0 0 0 0 0 0 0 0 59 0 41 0 40 0 0 0 44 0 0 0 0 66 0 0 0 0 0 70 16 19 0 0 0 0 14 0 0 0 0 53 50 0 0 0 0 0 0 0 28 0 25 0 0 0 27 
0 0 44 0 45 0 0 47 0 55 54 0 53 0 48 0 49 0 78 0 0 0 0 81 0 0 0 0 0 28 0 0 0 22 0 21 0 0 0 0 7 0 0 0 0 0 0 30 0 0 35 0 0 34 0 64 0 58 57 0 59 0 62 0 0 0 0 0 0 0 12 0 0 71 73 66 0 69 0 67 72 
0 0 0 0 27 28 24 0 0 37 36 34 0 0 0 0 0 38 0 65 61 0 58 0 64 0 0 0 7 0 0 8 0 0 5 3 0 0 67 0 0 73 0 0 0 0 0 0 0 0 0 0 0 0 0 0 45 0 0 42 0 0 0 76 0 0 0 0 0 81 0 0 0 0 0 0 52 51 0 0 54 
0 30 0 0 0 0 33 38 32 0 0 0 0 42 0 41 0 0 0 0 70 0 0 0 0 66 0 0 0 19 0 0 0 0 14 0 0 0 0 0 79 0 0 0 0 0 0 0 0 0 26 29 23 0 0 0 54 0 0 51 0 56 53 0 0 0 5 0 0 0 0 0 0 0 0 0 0 60 65 0 63 
58 0 62 0 0 0 0 0 0 0 0 0 0 69 66 68 0 0 15 0 0 0 13 18 0 0 0 0 0 0 0 0 0 0 41 39 23 0 0 0 0 0 0 0 0 0 0 0 0 0 53 0 0 0 0 0 81 0 0 0 0 2 80 0 0 0 32 34 0 36 0 0 5 8 0 0 0 6 0 4 0 
0 0 29 0 0 0 0 0 26 0 0 0 38 0 0 0 34 0 63 0 0 65 0 0 67 0 62 0 0 13 0 11 0 0 0 0 0 69 0 0 0 0 74 0 0 0 0 0 0 18 0 0 0 0 0 49 48 0 0 45 0 50 0 0 5 0 0 1 0 0 0 0 0 0 0 0 0 54 0 52 0 
0 0 0 0 0 58 54 0 0 0 0 0 0 0 60 0 0 0 0 0 10 0 0 0 0 6 0 0 0 0 0 0 0 0 0 33 0 0 0 0 19 0 0 0 0 0 0 42 0 0 0 0 44 0 0 0 0 70 69 72 71 0 0 0 0 0 26 28 0 30 0 0 0 0 0 78 0 81 0 0 0 
0 42 0 0 0 49 45 0 0 0 0 0 0 0 0 53 0 59 81 0 0 2 0 0 0 0 0 0 0 0 0 0 0 0 0 24 8 0 0 0 0 0 11 0 14 0 0 0 0 0 38 41 35 0 0 0 0 0 0 0 0 0 0 0 23 0 0 19 0 21 0 0 0 0 0 69 73 0 0 0 75 
0 0 0 0 0 76 72 0 0 4 0 0 2 0 0 80 0 5 0 0 0 0 0 0 31 0 26 57 0 0 0 0 0 52 53 0 0 33 34 0 0 0 0 0 0 66 0 0 67 0 0 0 0 64 10 0 0 7 0 9 8 14 11 0 50 47 0 0 0 0 0 0 0 0 22 0 0 18 0 16 0 
61 0 0 0 0 0 63 0 62 0 0 0 74 0 69 0 0 0 18 23 0 0 0 0 0 0 17 0 46 0 0 47 0 0 0 0 0 0 0 0 28 0 29 27 0 57 52 0 58 0 0 0 53 0 1 0 0 0 0 0 0 0 2 0 0 0 0 0 0 0 0 0 8 0 13 6 10 9 14 0 0 
0 0 0 0 0 22 0 23 0 0 30 28 0 0 24 26 0 0 0 0 0 0 52 0 0 51 0 3 0 4 0 0 0 0 0 78 0 60 61 0 64 0 0 0 0 0 7 0 0 0 11 0 8 0 0 0 0 0 0 0 0 0 0 0 0 74 0 73 0 75 0 0 44 0 49 0 46 0 50 43 0 
0 78 0 1 0 0 0 0 80 0 0 10 11 0 0 0 7 0 36 0 0 0 34 0 40 33 0 0 0 0 63 65 0 0 62 0 0 0 0 0 0 0 0 45 0 75 70 0 0 72 0 0 0 0 0 0 0 0 15 0 0 0 20 0 0 56 0 0 0 0 0 0 0 0 0 24 0 0 0 0 0 
0 0 0 0 0 0 36 0 0 0 0 0 0 0 0 0 0 50 0 0 0 0 0 75 0 0 71 0 0 0 18 0 23 16 0 0 0 0 0 3 0 0 0 81 0 0 25 0 0 0 0 0 0 0 0 0 0 0 0 54 0 0 0 0 0 11 0 0 0 0 0 13 62 65 0 0 64 63 68 0 0 
0 6 11 10 0 0 0 0 8 0 0 0 0 0 15 0 0 0 0 50 0 0 0 0 0 0 0 0 73 0 72 74 0 0 0 69 53 0 0 0 0 0 56 0 0 0 0 78 0 0 0 0 80 1 28 0 30 0 24 0 0 0 0 61 68 0 0 0 63 0 60 67 35 38 40 0 37 0 0 0 39 
0 0 0 0 50 0 0 52 0 0 0 57 0 56 0 55 54 61 2 0 0 0 0 5 0 0 0 0 30 33 29 31 34 27 28 26 0 0 9 14 12 15 0 11 0 0 0 0 0 0 0 43 0 39 0 69 68 0 62 65 0 0 67 0 0 0 0 21 0 23 17 0 73 0 0 0 75 74 0 0 0 
0 0 0 30 0 0 0 0 0 0 41 0 40 38 0 0 0 0 0 70 0 0 63 0 69 0 0 0 12 15 0 13 16 0 0 0 73 0 0 0 0 0 0 0 79 23 0 0 0 0 0 0 0 21 0 0 0 0 0 0 0 0 49 81 0 0 0 3 2 5 0 0 0 58 0 0 0 0 0 0 0 
0 0 40 0 0 0 38 43 0 0 0 0 49 47 0 46 45 0 0 79 0 0 0 0 78 0 0 0 0 0 0 0 0 18 0 0 0 0 81 0 3 0 0 0 7 32 27 0 0 0 0 0 0 0 0 0 59 54 0 0 0 0 0 0 0 0 0 0 11 14 0 0 0 67 69 0 0 65 0 63 68 
0 71 0 0 0 0 0 0 0 0 0 3 0 0 0 0 0 0 0 34 30 0 27 0 0 0 0 0 0 60 56 58 0 0 55 53 0 0 0 0 0 0 40 38 0 0 63 0 0 0 0 0 64 0 0 15 0 0 0 0 10 0 0 0 0 0 46 0 0 50 44 0 0 22 0 17 21 0 25 18 23 
0 0 0 12 14 15 0 16 10 0 23 0 22 0 0 19 0 0 0 0 0 0 45 50 0 0 0 77 0 78 74 0 0 0 0 0 55 0 0 0 57 0 58 0 61 0 0 0 6 0 0 0 0 3 30 0 0 0 0 0 0 34 31 0 0 67 0 0 65 0 0 0 0 0 0 0 39 0 0 0 0 
0 0 0 0 0 60 56 0 0 0 0 0 67 0 0 0 0 70 0 16 0 0 0 0 0 0 0 0 39 0 0 0 0 36 0 0 0 17 18 0 21 0 0 20 0 0 0 44 51 0 0 0 0 0 75 0 0 0 0 0 0 0 0 0 34 0 28 30 0 0 26 33 1 0 0 0 0 0 0 0 0 
0 0 67 66 0 69 0 0 64 78 0 75 0 74 0 0 72 0 20 0 21 0 0 23 0 0 0 50 48 0 0 49 0 45 0 0 28 26 27 0 0 0 0 0 0 59 0 0 0 0 0 0 0 0 0 6 0 0 0 2 0 0 4 0 43 40 37 39 0 0 0 42 0 0 0 0 0 0 0 0 0 
0 17 0 0 0 0 0 0 0 0 0 30 0 0 0 0 0 34 0 61 0 0 0 0 0 53 0 5 3 6 0 0 0 81 1 80 0 62 0 0 66 69 0 0 0 14 0 8 15 0 0 16 0 0 0 0 0 0 0 0 37 0 0 0 79 76 73 0 0 0 0 78 46 0 0 0 48 47 0 45 0 
81 0 0 0 0 6 0 0 1 0 0 0 0 0 8 0 9 0 38 0 0 40 0 41 0 35 0 0 66 0 0 0 70 0 64 0 0 44 45 0 0 0 0 0 0 0 0 71 0 0 0 0 73 75 21 24 23 18 0 20 0 0 22 54 0 0 0 0 0 0 53 0 0 0 0 26 0 0 0 27 32 
0 0 0 0 44 0 0 0 0 54 53 51 0 0 0 49 48 0 77 0 0 0 0 80 81 0 76 0 0 27 0 25 0 0 0 20 0 0 3 0 6 9 0 0 0 0 0 0 0 0 0 0 0 0 60 0 0 57 56 0 58 0 0 0 0 0 0 0 0 17 0 18 67 0 0 0 0 0 73 0 0 
0 0 0 0 0 0 23 28 22 0 0 0 0 0 0 0 30 0 59 0 0 0 0 0 63 0 58 8 0 9 5 0 10 0 0 2 0 65 0 71 0 72 0 68 0 0 0 0 0 0 16 0 13 0 0 45 44 39 0 0 0 46 0 75 0 0 0 78 0 0 0 0 49 0 0 0 0 0 0 0 0 
0 0 79 78 80 81 0 0 76 0 0 0 7 0 0 0 0 0 0 0 0 34 0 0 0 0 0 62 0 63 0 0 0 0 0 56 0 0 39 0 0 0 0 41 0 71 0 0 0 0 0 0 0 0 0 0 17 0 0 0 0 0 0 0 0 0 49 51 0 53 0 0 0 25 0 20 24 23 0 21 26 
57 56 61 0 62 63 0 0 58 0 0 0 0 0 0 67 0 0 0 0 0 0 0 0 0 11 13 0 0 45 41 0 0 39 0 0 22 0 21 0 0 27 0 0 0 0 0 47 54 0 52 0 0 0 0 0 0 0 0 77 76 1 79 0 0 34 0 0 0 0 29 0 0 0 9 0 0 5 10 0 0 
0 65 0 0 0 0 0 0 0 0 0 0 0 0 0 76 0 0 0 0 24 0 0 0 0 20 22 53 0 0 50 52 0 0 0 0 31 29 0 0 0 0 0 0 0 62 0 56 0 0 0 0 0 0 6 0 0 0 2 0 0 0 0 39 46 0 0 0 41 0 0 0 13 0 0 11 15 0 0 12 0 
0 0 16 0 0 0 14 19 13 0 26 0 25 23 0 0 0 0 0 0 0 0 48 0 0 0 49 80 0 0 0 79 0 75 76 0 58 56 0 62 0 63 61 0 0 0 0 2 0 5 7 0 0 0 0 36 0 0 0 0 31 0 34 66 73 0 0 0 0 71 0 72 0 0 45 0 42 0 46 0 0 
0 0 0 0 0 0 0 0 0 45 0 0 43 0 0 0 0 46 0 73 0 70 0 0 0 0 0 0 15 0 0 0 0 0 0 11 0 0 0 0 0 0 0 77 0 0 0 0 27 0 25 28 0 24 0 54 0 48 47 50 49 0 0 0 0 7 0 0 0 0 0 0 0 61 0 56 0 0 0 0 0 
0 0 52 51 0 0 50 55 0 0 0 0 61 59 56 0 0 64 0 0 0 0 3 0 0 0 0 0 0 0 0 0 37 30 0 29 0 11 0 0 15 18 0 0 19 44 0 38 0 41 43 46 0 0 0 0 0 66 0 0 0 73 0 0 0 25 0 24 0 0 0 0 0 0 0 0 78 77 1 0 0 
0 0 7 0 8 9 0 10 0 0 0 0 0 0 0 0 0 19 0 0 42 0 39 0 0 38 0 0 0 0 68 0 0 0 0 0 49 47 0 0 51 54 0 50 0 0 0 0 0 0 79 0 0 0 0 0 26 0 0 0 0 28 0 57 64 0 0 0 0 0 0 0 31 0 0 0 33 0 0 0 0 
0 0 46 45 0 48 0 0 0 0 0 0 0 53 0 0 0 0 0 4 0 0 0 2 3 0 0 29 0 0 0 0 31 24 0 23 0 5 6 0 9 12 0 0 0 38 0 0 39 35 37 40 0 0 0 66 0 0 59 0 0 0 0 0 22 0 16 18 17 0 0 0 0 73 0 0 0 0 76 69 0 
0 0 0 0 11 0 8 0 7 0 20 0 0 0 0 0 0 0 0 0 45 0 0 47 0 0 0 74 0 0 71 0 0 0 70 0 0 50 0 0 0 0 55 0 0 0 0 77 0 0 1 4 0 0 0 0 0 0 0 26 0 31 28 0 0 0 0 0 0 0 0 0 34 0 0 0 0 0 0 33 38 
78 0 0 0 2 3 0 4 0 12 0 9 0 0 0 0 0 0 0 0 36 0 0 0 0 0 34 0 63 66 0 0 67 0 0 59 43 0 42 0 0 48 46 0 0 0 69 0 75 71 0 0 0 72 0 0 0 0 14 17 0 0 19 0 0 55 52 54 0 0 0 57 25 28 0 23 0 0 0 0 0 
0 0 0 0 29 0 0 31 25 0 0 0 0 0 0 34 0 0 62 67 0 64 0 65 0 59 0 11 0 12 8 0 13 0 0 0 0 0 69 0 0 0 0 0 0 0 15 0 0 17 0 0 0 0 0 48 0 42 0 0 0 0 46 0 0 1 0 81 0 2 77 0 0 0 0 50 0 0 0 0 0 
0 0 0 0 65 0 0 67 61 0 0 0 73 0 0 0 0 0 0 0 0 0 0 20 0 14 16 0 45 0 0 46 0 0 0 41 25 0 0 29 27 0 28 0 0 0 0 0 57 0 0 0 0 54 81 3 2 0 0 80 0 4 0 0 0 0 0 36 0 38 0 39 7 0 0 0 0 0 13 0 0 
0 0 0 0 0 0 0 0 0 3 2 81 1 0 0 0 0 0 0 31 0 0 0 0 30 23 0 0 0 0 0 55 0 51 0 0 0 32 0 0 0 0 0 0 40 0 0 59 0 0 64 67 0 0 9 0 0 0 5 8 0 0 0 0 0 0 0 0 0 0 0 48 0 0 0 0 0 0 22 0 0 
15 14 19 18 0 21 17 0 0 0 29 27 0 0 0 0 0 0 53 58 0 55 51 56 0 0 0 0 81 3 0 1 4 0 0 77 0 59 0 0 63 0 64 0 0 0 0 0 0 8 0 13 0 0 36 39 38 0 0 0 34 40 0 0 0 0 0 0 0 0 68 0 0 0 0 0 0 44 0 0 0 
0 0 55 0 0 57 0 0 0 0 65 0 0 62 0 0 60 0 0 13 0 0 0 11 12 0 0 38 0 0 0 0 0 0 0 0 0 0 0 20 0 0 19 0 0 47 0 41 48 0 46 49 0 45 0 0 0 0 0 0 70 0 73 0 31 0 0 0 0 0 0 0 0 1 0 77 81 0 4 0 2 
0 32 37 0 0 0 0 40 0 0 47 0 46 0 0 0 0 49 71 0 72 0 0 0 0 0 0 20 0 0 0 19 0 0 0 0 0 77 0 2 81 0 0 80 0 0 0 0 30 26 0 31 0 27 0 0 0 51 0 0 52 0 0 6 13 10 0 0 0 11 0 12 0 64 0 59 0 0 0 0 0 
0 25 0 0 0 0 28 0 27 41 40 0 0 37 0 0 0 0 0 0 0 0 62 0 0 61 0 13 0 0 0 12 15 0 0 0 0 0 0 0 0 0 0 0 0 22 17 0 0 0 0 24 0 20 47 0 49 0 0 46 45 0 0 80 0 0 0 0 0 4 0 5 0 57 0 0 56 55 60 0 0 
71 0 0 0 76 0 73 0 0 0 0 0 3 1 0 81 0 0 28 0 0 0 0 0 0 25 27 0 0 59 55 0 0 53 54 0 36 0 35 0 0 0 0 37 42 0 0 0 0 0 66 0 63 0 0 0 0 0 0 10 0 0 0 0 51 0 0 0 46 0 43 0 0 0 0 0 0 0 24 17 0 
0 0 0 65 0 68 0 0 63 0 0 0 0 0 0 72 0 0 0 24 0 0 17 22 0 0 0 0 0 0 0 48 51 0 0 0 27 0 0 0 29 32 0 0 0 58 0 52 0 0 57 60 0 0 0 5 4 0 0 0 81 0 0 0 0 0 36 0 0 0 0 0 9 0 0 0 0 0 0 0 0 
17 0 21 0 22 0 0 0 0 0 31 0 30 28 25 0 0 0 0 0 56 57 0 0 59 0 0 4 0 0 0 0 0 0 81 0 63 61 62 0 0 68 0 0 69 0 0 7 0 0 12 0 0 0 0 0 0 0 0 0 0 0 0 0 78 0 0 0 73 0 0 77 45 48 0 0 0 0 0 0 0 
53 0 0 56 58 0 0 60 0 0 67 0 0 64 61 63 62 0 0 15 11 12 0 0 14 0 0 0 38 0 37 0 42 35 0 0 18 16 0 0 0 0 0 0 0 0 0 0 50 0 48 51 45 0 74 0 0 0 70 73 0 78 0 26 0 30 0 29 28 0 25 32 81 0 0 0 0 0 6 0 4 
0 43 0 0 0 0 0 0 45 0 58 0 0 0 0 0 0 0 0 6 0 0 80 4 5 0 0 0 0 0 28 30 0 0 0 0 0 0 0 0 0 0 0 10 15 40 0 0 0 37 39 0 0 0 65 68 0 0 61 0 0 0 0 0 0 0 18 0 19 22 0 0 0 0 0 0 0 0 0 0 76 
35 34 0 0 40 0 37 42 36 0 49 47 0 46 0 45 0 0 73 0 74 0 71 0 0 0 72 0 0 23 0 21 24 0 0 16 0 0 80 0 2 5 0 0 0 0 0 25 0 28 30 0 0 29 56 0 0 0 52 0 54 0 57 0 0 12 0 0 0 0 0 0 0 0 0 0 0 0 0 0 0 
0 79 0 0 4 0 1 0 0 0 0 0 0 10 0 9 0 0 37 0 0 0 0 0 0 0 0 0 0 68 64 0 0 62 0 61 0 0 0 0 0 0 48 0 51 76 0 0 0 0 0 0 0 0 20 0 22 0 16 0 0 0 21 0 0 0 0 56 0 58 0 0 0 30 0 0 0 0 0 0 0 
0 7 0 11 0 0 0 15 9 0 22 0 0 0 0 0 0 0 46 0 0 0 44 0 0 0 0 0 74 0 0 0 78 71 72 0 54 0 53 0 56 59 0 55 0 0 80 79 0 0 0 0 0 0 0 0 31 0 0 28 0 0 30 0 0 0 0 65 0 0 0 0 36 39 0 34 38 37 0 35 0 
0 13 0 0 19 0 16 0 0 29 0 0 0 25 22 24 0 0 0 57 0 0 50 55 56 0 0 0 0 0 0 81 3 0 0 76 0 0 59 0 62 0 0 0 0 10 0 4 11 0 0 0 0 0 0 0 0 32 31 34 33 0 0 0 0 72 0 71 0 0 0 74 0 45 0 0 44 0 48 0 0 
0 0 9 0 0 11 0 0 0 0 0 0 18 16 0 0 14 0 0 48 44 0 0 0 0 0 0 0 0 0 0 0 0 0 69 67 0 49 50 55 0 0 0 0 0 1 77 76 2 0 81 0 0 80 0 29 0 23 22 0 0 0 27 0 66 0 60 0 0 0 58 0 0 36 38 31 0 0 0 0 37 
0 0 36 0 37 0 34 39 33 0 46 0 45 0 0 0 0 0 0 0 0 0 0 0 74 0 69 0 0 0 0 0 21 14 15 0 0 0 77 0 80 2 0 0 0 0 0 0 0 0 0 0 24 0 0 0 0 0 0 0 0 0 0 5 0 0 0 0 7 0 0 0 60 0 65 0 0 61 0 0 0 
0 0 0 0 0 0 0 3 0 0 10 0 0 0 4 0 0 12 34 0 0 0 0 0 0 0 0 64 0 0 61 0 0 0 0 0 0 0 0 0 0 47 0 43 48 0 0 0 0 0 0 0 69 0 0 20 0 14 0 0 0 21 0 50 0 0 51 0 0 55 49 0 0 27 29 0 0 0 30 0 0 
0 58 0 0 0 0 61 0 0 0 0 0 0 0 0 0 0 0 0 0 0 0 0 0 0 0 0 0 0 0 0 0 0 0 42 0 0 0 23 28 0 0 0 0 0 0 0 0 56 0 0 57 51 0 0 2 0 0 76 79 0 0 0 32 39 0 33 0 0 37 0 0 0 9 0 4 0 0 12 0 0 
0 67 0 0 73 0 70 0 69 2 1 0 0 0 0 0 0 3 0 30 0 0 0 0 0 22 0 0 0 0 0 0 57 0 0 49 33 0 32 0 0 38 36 0 39 64 0 58 0 0 63 0 60 0 0 0 0 0 0 0 0 0 9 0 0 45 0 44 43 0 0 0 15 0 0 13 0 16 0 0 19 
0 0 0 0 0 56 0 0 0 65 0 0 0 61 0 0 0 0 0 0 0 0 0 0 0 0 6 0 0 0 0 36 0 0 33 0 0 0 0 0 17 0 0 0 0 0 0 40 0 43 45 0 0 44 0 0 0 68 0 0 0 0 0 23 0 0 0 0 25 0 0 29 0 0 0 0 0 0 0 0 1 
0 0 0 0 46 0 43 0 42 0 0 0 0 0 0 0 50 0 0 0 0 0 0 0 2 76 0 0 0 0 0 27 30 23 0 0 0 4 0 10 8 11 0 0 12 0 32 31 0 0 0 39 0 0 0 0 0 0 0 0 0 66 0 0 21 0 15 17 0 0 0 20 0 0 0 0 71 0 0 68 0 
0 0 0 0 28 29 0 0 0 0 0 0 0 0 0 0 0 39 61 0 62 0 0 64 0 0 60 0 8 0 0 0 0 5 0 0 69 67 0 0 0 0 72 0 0 0 0 0 0 16 0 0 0 0 0 0 46 41 0 43 42 0 45 77 0 0 0 0 0 1 0 2 51 0 0 49 53 0 57 0 0 
0 73 0 0 79 0 0 81 0 8 0 0 0 4 0 0 0 0 0 0 0 0 0 0 0 0 0 0 0 0 0 60 63 56 57 55 0 0 0 43 0 44 0 0 45 0 0 64 71 0 0 0 0 0 0 17 16 0 10 0 0 18 15 0 0 0 0 0 49 0 0 0 0 0 0 19 0 0 0 20 0 
29 0 0 0 34 35 31 0 30 0 0 0 42 0 0 0 38 45 0 0 0 0 0 70 71 0 66 0 0 17 13 0 0 0 0 0 0 0 0 0 0 80 0 0 0 0 0 19 0 0 0 0 21 0 0 0 0 0 0 0 0 0 51 2 9 0 0 0 0 0 1 8 57 0 0 55 59 58 0 0 61 
0 0 0 0 16 0 0 0 0 0 0 0 0 0 0 0 0 0 0 0 0 0 0 52 0 0 48 79 0 0 0 78 0 0 0 73 0 55 0 0 59 62 0 58 63 0 0 1 0 0 0 0 0 0 32 0 0 0 28 0 0 0 0 65 72 0 0 0 0 0 0 71 39 0 0 0 0 0 0 0 0 
0 0 0 5 0 0 0 9 0 17 0 0 15 0 0 0 11 0 40 0 0 42 0 0 0 0 0 0 0 0 0 0 0 0 0 0 0 0 47 0 50 0 0 0 0 0 0 0 0 0 0 0 75 0 0 26 0 0 0 0 0 0 0 0 0 0 0 0 0 0 0 62 0 33 0 0 32 0 0 29 0 
0 0 0 0 25 26 0 27 21 35 0 0 0 0 0 0 29 0 58 0 0 0 56 0 62 55 0 7 5 0 0 0 0 2 0 1 66 0 0 0 0 0 69 0 0 0 0 0 0 0 0 0 0 14 41 44 0 0 37 0 39 0 0 0 0 0 0 0 76 79 0 80 0 0 0 0 0 49 0 47 0 
0 37 0 41 0 0 40 0 0 0 0 0 0 0 0 48 47 0 76 0 0 0 74 0 80 0 75 0 23 0 22 24 0 0 0 19 0 0 0 0 0 8 0 0 0 0 29 0 0 0 0 36 0 0 59 0 0 56 0 0 0 0 0 0 0 15 12 0 13 0 0 0 0 69 0 0 0 67 72 0 0 
65 0 0 0 70 71 0 0 66 0 0 77 78 0 0 75 0 81 0 0 23 0 20 25 0 19 0 0 0 0 0 0 0 0 48 46 0 0 29 0 0 0 0 0 36 61 0 55 62 0 0 0 0 59 0 0 0 2 0 0 3 0 0 0 0 0 0 41 0 0 37 0 0 0 17 10 14 0 0 11 16 
0 0 60 59 0 0 58 0 0 71 0 0 69 0 0 0 65 72 13 18 0 15 11 16 17 0 0 43 0 0 0 0 45 38 39 37 0 0 0 25 0 0 0 22 27 0 0 0 0 0 51 0 0 0 77 0 0 74 0 0 0 81 0 0 36 0 0 0 0 0 0 0 0 0 0 1 0 0 0 0 7 
0 0 0 0 0 0 0 54 0 0 0 0 0 0 55 57 0 0 0 0 0 0 0 0 8 0 0 34 32 0 0 33 0 29 0 0 0 0 11 16 0 0 0 0 0 43 0 37 0 40 0 0 39 41 68 0 0 65 64 67 66 0 0 0 0 0 0 23 0 25 0 0 0 78 80 0 0 0 81 0 79 
