9
76 0 0 0 0 75 78 0 0 0 61 55 0 59 56 0 0 0 0 38 0 0 0 35 40 39 0 50 48 0 0 0 46 0 0 49 0 0 0 0 0 0 0 0 0 0 3 2 6 0 80 0 0 0 0 22 0 0 17 0 0 20 0 27 31 30 0 28 0 0 32 0 0 0 0 0 0 0 0 8 0 
0 0 0 0 0 39 0 0 0 0 0 0 0 0 20 24 18 21 0 2 0 7 5 80 4 0 0 0 12 0 0 0 0 16 0 0 0 0 0 0 0 0 32 0 31 0 0 0 0 0 44 0 0 0 0 0 70 0 0 0 0 0 0 0 76 75 0 73 78 79 0 71 0 0 0 0 0 0 0 53 0 
13 0 8 0 9 12 15 0 14 0 0 73 0 0 0 78 0 0 0 56 0 0 59 0 58 0 54 68 0 0 0 0 64 0 65 0 1 0 0 0 81 0 0 0 4 25 21 0 24 0 0 18 0 23 42 0 0 0 0 0 0 38 37 0 49 0 0 0 51 0 0 0 0 0 31 0 34 0 27 26 33 
4 0 0 0 0 0 0 0 0 62 70 0 0 68 0 0 63 0 0 0 0 0 0 0 0 0 0 59 0 0 0 0 0 0 0 0 0 0 0 0 72 0 77 71 0 0 12 0 0 10 0 0 0 0 0 0 34 32 0 27 0 0 0 0 40 0 0 0 0 43 41 0 0 0 22 20 0 0 0 0 24 
0 20 17 25 0 21 0 0 0 0 7 0 0 5 0 6 81 0 0 0 0 70 68 0 0 66 0 77 0 0 71 78 0 79 0 76 10 0 0 0 9 0 0 8 0 34 0 0 0 0 0 0 0 0 0 49 52 0 44 0 0 0 46 0 58 0 56 0 0 0 0 53 0 0 0 0 0 0 0 0 0 
0 0 0 52 0 48 0 0 50 0 34 28 31 32 29 33 27 0 0 0 0 0 14 0 13 0 9 0 0 0 0 0 0 0 0 0 37 0 39 0 0 0 0 0 40 0 57 0 0 0 53 54 0 0 0 76 0 0 0 72 0 0 0 0 4 3 2 0 6 0 0 0 0 0 67 0 70 66 0 0 0 
67 0 0 0 0 66 69 64 68 44 0 46 0 0 0 51 0 0 0 29 0 34 32 0 0 30 0 0 0 36 0 42 0 0 0 0 0 0 0 61 0 0 0 0 0 0 75 0 0 73 0 0 0 0 0 0 0 14 0 0 0 11 0 0 0 0 20 19 0 0 0 0 0 0 4 0 0 3 0 80 0 
0 29 26 0 0 0 0 0 32 0 0 0 13 0 0 15 0 12 0 0 0 0 0 0 0 75 0 0 3 0 0 6 1 7 0 0 0 0 21 0 18 20 0 0 0 0 0 0 0 0 35 0 0 0 60 0 61 59 0 0 0 0 55 0 67 0 65 0 0 0 0 62 46 0 0 47 0 0 0 0 0 
0 0 0 0 54 57 0 0 59 35 0 0 0 0 0 0 0 39 19 0 0 25 0 17 0 0 0 32 0 0 0 0 28 0 0 0 0 51 0 52 45 47 0 0 0 0 0 0 0 64 0 0 67 0 0 0 0 5 0 0 3 0 0 0 0 12 0 0 15 0 14 0 0 77 0 0 79 0 0 0 0 
0 0 0 48 0 0 0 42 46 22 0 0 0 28 0 29 0 0 0 0 11 0 10 0 9 8 0 19 17 0 0 0 15 0 16 18 0 0 0 0 32 0 37 0 0 0 0 0 0 0 0 0 0 0 0 0 75 73 67 0 0 0 0 0 0 0 79 0 2 3 0 0 60 0 63 61 0 0 59 58 0 
81 0 76 0 0 80 0 0 0 0 0 60 0 0 0 0 0 62 0 0 0 0 0 0 0 0 0 0 0 50 49 0 51 0 0 54 69 0 71 0 0 0 0 0 0 0 8 7 0 6 4 5 0 0 0 0 30 0 0 23 0 0 24 0 0 0 0 0 0 0 37 31 15 0 0 16 0 17 0 0 20 
0 0 0 75 68 0 74 0 0 0 0 51 0 0 0 56 0 53 0 34 0 0 0 0 0 0 0 46 0 0 0 0 0 48 0 0 0 0 0 0 0 61 64 0 0 0 0 79 0 78 0 77 81 0 0 0 0 0 0 14 0 16 0 23 0 0 0 0 29 0 28 22 0 10 0 0 0 0 0 4 0 
0 0 0 0 23 26 29 24 0 0 0 0 0 10 0 0 0 8 0 0 0 0 73 0 0 71 68 0 0 77 76 0 0 0 0 0 0 0 0 0 14 0 0 0 0 39 0 34 0 0 31 0 0 0 0 0 57 0 0 50 0 0 0 59 0 62 0 0 0 0 0 0 42 0 0 0 48 0 0 0 0 
36 0 31 0 0 0 0 0 37 0 0 0 0 0 0 0 0 0 78 0 0 0 0 0 81 80 77 0 0 0 4 0 6 0 7 9 0 0 0 0 0 0 0 22 27 0 0 43 0 0 0 41 0 0 0 0 0 0 0 0 62 0 0 0 0 0 70 0 74 0 0 0 51 55 0 0 57 53 50 0 0 
18 16 0 0 0 17 0 15 0 76 0 0 0 0 79 0 0 0 0 0 0 0 64 58 0 0 0 0 0 68 67 0 0 0 0 72 0 0 8 12 0 7 10 0 0 30 26 0 29 24 0 0 0 28 0 45 48 46 0 41 44 0 0 0 0 0 0 0 56 0 55 0 0 0 0 34 0 0 32 0 0 
0 0 0 0 5 8 0 6 0 0 0 0 0 0 0 74 68 0 51 52 0 57 0 0 0 0 0 0 0 0 0 0 60 0 61 0 0 0 0 3 0 79 1 0 0 0 17 0 0 15 0 0 0 0 0 0 0 0 31 0 0 0 0 0 0 0 0 42 0 0 0 0 24 28 27 25 0 0 0 0 0 
0 0 0 57 0 0 56 0 55 31 0 0 36 0 0 0 0 0 15 0 20 0 19 0 0 0 0 0 0 0 0 29 24 30 25 0 0 47 0 0 0 0 0 0 0 0 0 61 65 60 58 0 0 0 2 0 3 0 0 0 80 0 0 0 9 8 0 0 0 12 0 0 0 0 72 70 0 0 0 0 0 
63 0 58 66 0 0 65 60 0 0 48 0 45 0 43 0 0 0 0 25 29 0 0 0 0 0 0 0 0 0 0 0 0 0 0 0 0 56 0 0 0 52 0 0 54 0 0 0 0 69 0 0 0 73 0 0 0 0 0 0 0 0 0 0 0 0 16 15 0 21 19 0 0 1 81 0 0 0 0 0 0 
78 0 73 0 74 77 80 75 0 55 63 0 0 0 58 62 0 0 0 40 44 0 0 37 42 0 38 0 50 0 0 0 48 0 0 51 0 71 0 0 65 0 0 0 0 0 5 0 0 3 1 0 0 0 0 24 0 0 0 20 23 0 0 29 0 32 0 30 0 0 0 0 0 0 0 0 18 0 0 0 0 
0 0 0 0 0 0 0 0 0 19 27 21 24 0 0 0 20 0 0 0 8 0 0 0 0 0 0 0 0 0 10 0 12 0 0 15 0 35 0 36 0 0 0 0 0 54 0 0 0 0 46 0 0 52 71 0 0 0 0 65 68 67 66 74 0 0 0 75 0 0 0 0 0 0 60 58 0 0 0 0 0 
60 0 55 0 0 59 0 0 0 0 45 0 0 0 40 0 38 41 0 0 0 0 0 0 0 23 0 34 0 29 0 0 0 0 0 0 0 0 50 0 47 49 0 46 0 0 68 67 71 0 64 0 0 0 0 0 9 0 1 0 0 0 0 0 15 0 13 12 0 18 0 0 75 79 0 0 0 77 0 73 80 
51 0 0 0 0 0 0 0 0 0 0 0 0 0 31 0 29 0 0 0 0 0 16 0 0 0 0 0 23 0 0 0 21 0 0 0 39 44 41 45 0 40 0 0 42 0 59 0 0 57 55 0 0 0 0 0 0 0 0 0 77 76 0 2 0 0 0 3 0 0 0 0 0 70 0 0 0 68 0 0 0 
0 0 0 0 0 0 0 0 70 0 0 48 51 0 0 0 0 0 0 0 0 0 34 0 33 0 29 0 0 38 0 0 0 0 0 42 57 62 59 63 0 58 0 0 0 81 77 76 0 0 0 0 78 0 17 0 0 16 0 0 14 13 0 0 0 0 0 0 0 0 0 0 0 0 0 4 0 0 0 0 0 
0 0 1 0 0 0 8 3 7 0 72 0 0 0 67 0 0 0 48 49 0 0 52 0 0 0 0 61 0 56 0 0 0 0 0 0 0 0 0 81 0 0 79 0 0 18 0 13 17 0 10 0 0 0 35 33 0 34 0 0 0 31 0 0 0 41 0 0 0 0 43 37 21 25 24 0 27 0 0 0 0 
0 0 0 27 20 0 0 0 0 0 9 0 0 0 0 0 0 0 0 0 71 0 0 64 0 0 65 79 0 0 0 0 75 0 0 0 0 17 0 0 0 13 16 0 0 0 0 0 0 0 0 29 0 0 0 0 0 0 0 0 0 0 48 56 60 0 0 0 0 63 61 0 0 43 0 0 0 0 38 37 0 
15 0 0 0 0 0 17 0 0 73 0 0 0 0 76 0 74 77 0 58 0 0 0 55 0 59 56 0 0 0 64 0 0 0 0 0 3 8 5 0 0 0 7 0 6 27 0 0 0 0 0 0 0 0 0 0 0 0 37 0 0 40 0 47 0 0 0 0 53 0 0 0 30 0 0 0 36 0 29 28 35 
0 31 28 36 29 0 0 0 34 0 18 0 0 0 13 0 0 0 0 0 80 0 0 0 0 0 0 0 5 0 0 0 0 0 0 6 21 0 0 27 0 22 0 0 0 0 0 0 44 39 0 0 0 0 0 0 63 61 0 56 0 0 57 0 69 0 0 0 0 0 0 0 0 0 0 0 0 0 0 0 0 
0 0 34 0 35 38 41 0 40 0 0 0 0 22 0 23 0 0 0 0 0 0 0 79 0 0 80 13 0 0 7 14 9 0 10 12 0 0 0 33 0 0 0 0 0 51 0 46 0 45 0 0 0 0 0 66 69 0 0 0 65 64 0 71 75 74 0 0 0 78 76 0 54 58 57 55 0 56 0 52 0 
0 28 0 0 0 29 0 0 31 0 0 9 0 0 0 0 0 0 0 0 77 0 76 0 0 0 0 0 2 0 0 5 81 0 0 0 0 0 0 0 0 19 0 0 0 0 38 0 41 0 0 35 0 0 0 0 0 0 0 0 0 55 0 0 66 0 0 63 68 0 0 61 0 0 0 0 0 0 44 0 0 
0 0 0 0 0 0 0 0 0 0 0 0 0 49 0 0 0 47 0 28 0 33 31 0 0 0 0 0 38 0 0 0 36 0 0 39 0 0 0 60 0 55 58 0 0 0 0 0 0 72 0 0 0 0 0 0 0 13 0 8 0 0 0 0 0 0 19 18 0 0 0 16 81 4 3 0 6 0 0 0 0 
21 0 0 24 17 0 23 0 0 0 0 81 3 0 0 5 0 0 0 64 0 69 0 0 0 0 0 0 0 0 0 0 72 78 0 75 0 0 0 0 8 0 0 7 0 0 0 28 0 0 25 0 0 0 0 48 0 0 43 0 0 0 0 53 57 56 0 0 0 60 0 0 0 0 39 0 0 0 0 0 41 
0 0 52 60 0 0 59 54 0 0 0 0 0 0 0 41 0 0 18 0 0 24 0 0 0 20 0 31 0 26 0 0 27 0 0 0 0 50 0 0 0 0 49 0 0 0 0 0 68 63 61 62 0 67 5 0 0 0 0 80 0 1 81 8 0 0 10 0 14 0 0 7 72 0 0 73 0 74 71 70 0 
0 0 43 0 44 47 0 0 49 0 33 0 0 0 28 0 0 29 9 10 0 0 0 0 0 11 0 0 0 17 0 23 0 0 19 0 36 0 0 42 0 0 40 0 0 60 0 0 0 0 0 53 0 0 0 0 0 0 0 71 74 0 0 80 0 0 0 0 0 0 4 0 0 67 66 0 0 65 0 61 0 
0 73 0 78 0 0 0 72 76 0 60 0 0 0 0 0 0 56 0 0 0 0 0 34 0 0 0 0 0 0 0 0 0 51 0 48 63 0 65 0 0 64 67 0 66 0 2 1 0 0 0 80 3 4 0 0 0 0 0 0 0 0 0 0 0 29 0 27 0 0 0 0 0 13 12 0 15 11 0 0 0 
0 0 7 15 0 0 0 0 0 0 78 0 0 0 73 0 71 0 54 0 0 0 0 52 0 0 0 0 0 0 61 0 63 0 64 0 0 5 0 0 0 1 0 0 0 24 0 0 0 18 0 17 0 0 0 0 42 0 0 0 0 0 36 0 48 0 0 0 50 0 0 43 0 0 30 0 0 0 0 25 0 
0 0 0 6 0 2 0 81 4 0 0 0 0 0 64 68 62 0 45 0 50 0 0 0 48 0 0 0 0 0 52 0 0 0 0 0 0 0 0 0 0 73 0 0 75 0 11 0 14 0 0 0 12 0 32 0 0 31 0 26 0 28 0 0 0 38 0 0 0 0 0 34 18 0 0 0 24 20 0 0 23 
0 45 0 50 43 0 0 0 0 24 32 26 0 0 0 0 0 0 0 9 0 0 0 6 0 0 7 0 19 16 15 22 0 0 0 0 0 0 0 41 34 36 0 0 38 0 0 54 0 53 0 52 56 0 0 0 0 0 0 70 73 0 0 79 0 0 81 0 4 0 0 0 0 0 0 63 0 0 61 0 0 
0 0 0 0 0 0 4 0 0 0 0 62 0 0 63 67 0 64 0 0 0 0 48 0 0 0 43 0 0 52 0 0 0 0 54 56 71 76 0 0 0 0 0 69 0 14 0 0 0 8 0 0 11 0 0 29 0 0 0 0 0 0 0 0 0 0 36 0 0 41 39 0 0 0 0 0 0 0 16 15 22 
0 0 0 0 0 19 22 0 21 0 0 80 2 0 0 0 0 0 0 0 0 68 0 0 0 64 0 75 0 0 0 0 0 0 0 0 8 0 0 14 0 0 12 0 0 32 0 0 0 0 24 25 0 0 0 47 0 0 0 0 0 0 44 52 0 0 0 0 58 0 0 0 0 0 0 36 0 0 0 0 0 
0 0 0 0 0 0 67 62 0 42 50 0 47 48 0 0 0 46 26 0 31 0 0 0 0 0 0 0 0 0 0 0 35 0 0 38 0 0 0 59 0 54 0 0 0 0 73 0 0 0 0 0 0 0 0 0 14 0 0 7 10 9 8 0 0 0 0 17 0 0 0 0 0 3 0 0 0 0 79 0 0 
0 36 0 0 34 0 0 0 0 0 0 0 0 21 18 0 16 0 0 81 0 0 3 0 0 1 0 0 0 0 0 0 0 0 0 0 0 0 0 32 0 0 30 0 0 0 0 0 0 0 0 43 0 0 0 0 0 0 60 0 0 63 62 70 0 0 0 71 76 0 75 0 53 57 56 0 0 0 52 0 0 
0 0 6 0 7 10 0 0 12 69 77 71 0 75 0 0 0 73 0 0 0 0 0 51 56 0 0 0 0 0 0 0 62 0 0 0 80 0 0 0 79 0 0 0 2 23 19 18 22 0 15 0 0 0 0 38 0 0 0 0 0 0 35 43 0 0 0 0 0 50 48 42 26 0 0 0 0 0 0 24 31 
0 0 51 0 0 0 58 0 0 0 0 0 38 0 0 40 0 37 0 18 0 0 0 15 0 0 0 30 0 25 0 0 26 32 27 0 0 0 46 50 0 0 0 42 0 0 64 0 67 0 0 61 0 0 4 2 0 0 0 79 0 81 0 0 0 0 0 8 0 14 12 6 71 0 0 72 0 0 0 0 0 
0 0 0 0 0 28 0 0 30 6 0 0 0 0 0 0 0 0 0 0 76 77 0 69 0 0 0 0 0 79 78 0 0 0 0 0 0 0 0 23 0 18 0 15 0 0 0 36 0 35 0 0 0 0 0 0 0 0 0 0 0 0 53 0 65 0 0 0 0 68 0 0 0 0 0 45 50 46 0 42 0 
0 0 0 77 0 73 76 0 75 0 0 53 0 0 54 58 0 0 35 0 0 0 0 33 0 0 34 0 0 0 0 0 0 50 0 0 0 0 64 68 61 63 0 0 65 0 0 81 0 0 0 79 0 0 0 20 0 21 15 0 0 0 0 25 0 0 27 0 0 0 0 24 8 0 0 0 14 10 0 0 0 
0 0 0 8 0 0 0 2 0 0 71 0 0 69 0 70 0 0 0 48 0 0 0 45 0 0 0 0 0 0 0 0 56 0 0 0 74 0 0 0 0 0 0 72 0 0 0 0 0 0 9 10 0 0 0 0 0 33 0 0 0 0 0 37 0 40 0 0 43 0 0 0 0 0 0 21 26 0 19 0 25 
0 0 18 0 19 0 0 0 0 0 0 2 5 6 3 0 0 0 65 0 0 0 69 63 0 0 0 0 76 0 0 79 0 0 0 0 11 0 0 0 0 12 15 0 0 0 0 30 34 0 0 0 32 0 52 0 0 0 45 46 0 0 0 55 59 58 57 56 61 62 0 0 0 42 41 39 0 40 37 0 43 
14 0 0 0 10 0 0 0 0 0 80 0 0 0 75 79 73 0 56 0 0 0 0 0 59 0 55 69 0 0 63 70 65 0 66 0 0 0 0 8 0 3 6 0 0 0 0 0 25 0 0 0 0 0 0 41 44 0 0 0 40 0 0 0 0 0 0 0 0 53 0 0 0 0 0 0 35 0 28 0 0 
0 48 45 0 0 0 0 47 51 0 0 29 32 0 0 0 0 0 11 0 16 17 15 0 0 0 0 24 0 19 0 25 20 0 21 0 38 0 0 0 0 0 0 0 0 62 0 0 0 0 54 55 0 0 0 0 0 0 0 0 0 75 74 1 0 0 0 0 7 0 0 81 65 0 0 0 0 0 0 0 0 
0 0 63 0 0 0 0 0 0 0 0 0 50 0 0 52 0 0 0 0 0 35 33 0 0 0 28 0 0 0 0 0 0 0 39 0 0 0 0 0 0 57 60 0 59 80 0 75 0 0 72 73 0 0 0 0 0 0 0 0 0 0 0 0 0 0 21 0 0 0 0 18 0 6 5 3 8 0 1 81 0 
0 0 36 0 0 40 0 0 42 0 26 0 0 0 21 0 0 22 2 0 7 0 0 0 0 4 1 0 13 10 0 0 0 0 0 14 0 34 0 0 0 0 33 0 0 0 0 48 0 47 0 46 0 0 0 0 0 0 63 64 67 66 0 0 0 76 0 0 79 0 78 72 0 60 0 0 0 58 0 54 0 
32 30 0 0 0 0 0 29 0 0 0 0 0 0 0 0 0 0 0 0 0 0 0 72 77 0 0 6 0 0 81 7 0 0 0 5 20 25 22 0 19 0 0 18 0 0 40 0 0 0 0 0 41 0 0 59 0 0 54 0 0 57 0 0 68 0 66 65 0 0 0 0 47 51 50 0 0 0 0 45 0 
0 0 72 80 0 0 0 0 0 0 62 56 0 0 57 0 0 0 0 39 0 0 0 0 41 0 0 0 0 46 0 0 0 0 0 0 0 0 0 0 0 66 0 0 0 0 4 3 0 0 81 1 0 0 0 23 0 0 18 0 0 0 20 28 0 0 30 0 34 0 0 27 0 0 14 0 0 13 0 0 0 
0 0 0 0 55 58 0 0 0 0 44 0 0 42 0 43 37 40 0 0 0 0 0 0 0 0 0 33 0 28 0 34 0 35 30 32 0 0 0 0 0 0 0 0 50 0 0 66 0 0 0 64 68 69 0 0 8 0 0 1 0 0 0 0 14 0 0 0 0 0 0 0 0 78 0 0 80 76 73 0 0 
0 0 0 46 39 42 0 0 44 20 0 0 0 0 23 0 21 24 0 0 0 0 0 0 7 0 0 0 0 0 0 0 0 19 0 16 0 36 33 0 30 32 0 0 34 0 0 0 54 0 0 48 52 0 72 0 73 71 0 0 0 0 0 0 0 0 0 0 0 0 0 0 0 0 0 0 64 0 57 56 0 
34 0 29 0 30 0 0 0 0 0 0 13 0 0 0 0 12 0 0 0 0 0 0 0 79 0 0 8 0 3 2 0 0 10 5 0 0 27 0 28 0 0 26 20 0 46 42 41 0 0 0 0 0 0 63 0 0 0 0 0 0 59 0 0 0 0 0 0 0 0 0 65 0 53 0 0 0 51 0 0 54 
0 50 0 0 0 0 0 0 53 0 37 31 0 0 32 0 0 0 0 0 0 0 0 0 0 0 12 0 24 0 20 27 0 0 0 25 0 0 42 0 39 0 0 0 0 0 60 0 0 0 0 0 0 0 0 0 0 0 0 75 0 0 76 0 7 0 0 4 0 0 0 0 0 0 0 0 73 69 0 0 0 
0 5 0 0 0 0 0 4 0 65 73 67 0 71 68 72 0 69 49 50 0 0 0 0 52 0 0 62 0 0 0 0 0 64 0 0 0 0 78 0 0 0 0 0 79 0 0 0 0 13 0 0 16 0 36 0 0 35 0 0 33 32 31 0 43 0 0 0 45 0 0 0 22 0 0 23 28 0 0 0 0 
0 0 56 0 0 60 0 58 62 0 0 0 0 0 41 0 0 0 0 0 0 0 0 0 25 0 21 0 33 0 0 0 0 0 0 0 0 0 0 0 48 50 53 0 52 0 69 0 72 67 0 0 0 0 0 0 0 0 0 3 0 0 0 0 0 15 0 13 0 0 17 0 76 0 79 77 0 78 0 0 0 
0 23 0 28 21 0 27 0 26 0 0 4 7 0 5 9 3 0 0 0 0 0 0 65 0 0 0 0 0 0 0 0 0 0 77 0 0 0 0 0 0 0 0 0 0 0 0 32 36 0 29 0 34 0 0 52 0 0 0 0 0 0 49 0 0 0 0 0 0 64 0 0 0 44 0 41 0 0 0 38 0 
0 0 0 0 12 15 0 0 17 0 0 0 0 0 0 0 75 0 0 0 0 0 0 0 0 60 57 71 0 66 0 0 0 0 0 0 0 0 0 0 0 0 0 0 0 0 24 23 0 0 20 0 0 26 0 0 46 44 38 39 0 41 40 0 0 0 0 0 0 0 0 47 0 35 0 0 0 33 30 0 36 
79 0 0 0 75 0 0 0 0 56 64 0 0 0 0 0 57 60 0 0 0 0 44 0 0 0 39 0 51 0 0 0 0 0 0 0 0 0 0 0 66 0 0 65 70 10 0 0 9 0 0 0 0 0 0 25 28 26 20 0 24 23 0 30 0 0 0 0 0 0 0 29 0 0 0 14 0 0 0 0 0 
0 0 0 73 0 0 0 67 71 0 0 0 0 0 0 54 0 0 0 0 0 0 0 0 0 0 0 0 42 0 0 0 0 0 41 0 0 0 60 0 0 59 62 0 61 0 0 0 0 0 74 0 0 80 18 0 19 17 11 0 0 0 13 21 0 24 0 0 0 0 26 0 4 0 0 5 0 0 0 2 9 
0 26 23 0 0 0 0 0 0 0 0 0 0 0 0 12 0 0 0 0 0 0 0 68 0 0 0 2 0 0 77 0 0 4 0 0 0 21 0 0 15 0 0 14 0 40 36 0 0 0 32 0 37 0 0 55 58 0 0 0 0 0 0 0 0 0 0 61 66 0 0 59 0 0 46 0 0 0 0 0 0 
0 0 0 0 0 0 0 0 0 0 0 25 0 29 26 0 0 0 7 0 0 0 0 0 0 0 0 20 18 15 14 21 0 0 17 0 34 39 0 0 33 0 38 0 37 58 54 0 0 52 0 51 0 0 0 0 0 0 0 0 0 71 70 0 0 81 0 0 0 0 0 77 0 65 0 0 0 63 0 59 66 
73 71 0 0 69 0 75 0 74 0 0 0 55 56 53 0 0 54 34 0 39 40 38 32 0 0 0 0 0 0 41 0 0 0 0 0 0 0 0 0 60 62 0 59 0 0 0 80 0 0 0 0 0 0 0 0 22 0 0 0 18 0 0 0 0 27 26 0 0 0 29 0 0 0 0 8 0 9 6 5 0 
0 0 0 0 6 0 12 0 0 0 76 0 0 0 0 75 0 72 52 0 57 0 0 50 0 0 0 0 0 0 59 0 0 67 62 0 0 0 81 0 0 80 0 0 0 22 0 0 0 0 0 0 0 0 0 0 40 0 32 0 36 0 34 42 46 0 44 43 0 0 47 0 25 0 0 0 0 0 0 0 0 
0 17 0 22 0 0 0 16 0 0 0 79 0 0 0 0 78 0 0 62 66 0 65 59 0 63 60 0 72 69 0 0 70 0 0 0 0 12 0 13 0 0 11 5 0 0 0 0 30 0 0 24 0 0 0 0 0 0 41 42 0 0 0 0 0 0 0 0 0 0 0 0 34 0 0 0 40 0 0 0 0 
55 0 0 0 0 0 0 52 0 0 0 0 0 0 0 39 0 0 0 0 0 22 0 14 19 0 0 29 0 24 0 0 0 0 0 0 43 0 0 0 0 0 0 41 0 0 0 0 0 0 0 60 0 0 0 0 0 0 0 78 0 0 79 0 0 0 8 0 0 0 0 0 0 0 0 71 0 0 0 68 0 
0 0 0 0 33 0 39 0 0 0 0 0 19 0 0 0 15 0 0 0 3 0 0 0 0 0 0 0 9 0 5 12 7 13 0 0 0 30 0 0 24 26 29 23 0 0 0 0 48 0 0 0 0 0 0 64 0 65 59 0 0 0 0 0 0 72 71 0 75 0 74 0 0 0 0 53 0 54 0 0 0 
0 0 0 67 0 0 0 61 0 41 0 0 0 47 0 48 0 0 25 0 30 0 0 0 0 0 0 0 0 0 0 0 0 0 0 0 0 57 0 0 0 0 0 0 0 76 0 0 0 0 68 0 0 0 12 0 13 0 5 0 9 0 0 0 19 0 17 16 0 22 0 0 0 0 1 80 4 0 0 77 0 
0 0 0 0 0 0 0 0 0 0 0 61 0 0 0 0 0 0 0 0 0 0 47 41 46 0 0 0 0 0 0 57 52 58 0 0 0 0 72 0 0 0 74 0 0 0 9 0 0 7 0 6 0 0 0 28 31 0 0 0 0 26 0 0 0 0 0 34 39 0 38 32 16 0 0 0 0 18 0 0 21 
53 0 0 0 0 0 0 0 0 0 0 0 0 0 0 37 31 0 0 0 0 0 0 12 0 0 0 27 0 22 0 0 0 0 24 0 0 46 0 0 0 42 45 0 0 0 0 0 0 0 57 0 62 0 0 0 0 81 0 0 0 78 0 0 0 0 0 0 10 0 0 3 0 0 71 0 0 0 67 0 73 
0 0 0 0 0 79 1 0 81 57 0 0 0 0 0 0 0 0 0 42 0 0 45 39 44 43 40 0 0 0 0 0 0 0 0 53 68 0 70 74 0 69 0 66 71 0 7 6 0 5 0 0 0 0 0 26 29 0 0 0 25 0 0 0 0 0 33 0 37 0 0 30 0 18 0 0 20 0 0 0 0 
0 69 0 0 0 0 73 0 0 0 0 0 53 0 51 0 49 0 0 33 0 0 36 30 0 34 0 45 0 40 0 46 0 0 0 0 59 64 0 0 0 0 0 57 62 0 0 0 1 0 0 0 80 81 0 0 0 0 12 0 0 0 0 0 0 0 24 0 0 29 0 0 0 0 0 0 0 7 0 3 0 
0 24 0 0 0 0 28 23 0 0 0 0 8 0 6 0 0 7 0 69 0 74 0 66 0 70 0 0 79 76 0 0 77 2 0 0 14 0 0 0 13 15 0 0 0 0 34 33 37 32 0 31 0 0 0 0 0 0 0 0 52 51 0 0 62 61 60 0 0 0 0 0 41 0 0 42 0 0 0 39 0 
44 42 0 0 40 0 0 0 0 0 0 23 26 0 0 0 0 0 0 6 0 0 0 3 0 7 0 0 0 13 0 19 0 0 0 0 0 37 0 0 0 0 0 0 0 0 0 0 0 0 0 0 0 0 0 71 0 0 0 0 0 69 0 76 0 79 0 77 0 0 0 75 59 0 62 0 0 61 0 57 0 
0 0 0 0 58 61 0 59 63 0 0 0 0 0 0 0 40 0 23 0 0 29 0 21 26 25 0 36 0 31 0 0 32 38 0 0 0 55 0 56 0 0 0 0 0 0 0 0 0 68 0 0 0 0 0 0 0 9 3 4 7 0 5 0 0 0 0 0 19 0 0 0 77 0 0 78 0 0 0 0 0 
0 33 30 38 31 0 0 0 0 0 0 0 0 18 0 0 0 16 0 78 1 0 0 0 0 79 76 0 0 0 0 0 0 0 6 0 0 0 25 0 22 0 0 21 0 0 43 0 0 41 0 0 0 0 0 62 0 0 0 58 61 60 59 0 0 0 0 0 0 74 0 66 0 0 0 0 0 0 0 0 0 
0 6 0 0 0 0 0 0 0 66 0 68 0 72 0 0 67 0 0 51 0 56 54 0 0 0 49 0 61 0 0 0 59 0 60 0 0 0 0 2 76 0 81 0 0 20 0 0 0 0 0 0 17 18 0 0 38 0 0 31 0 0 32 0 0 43 0 41 46 0 45 39 23 0 0 0 29 0 0 21 0 
0 0 0 20 0 16 0 0 0 0 0 0 80 81 0 0 0 79 59 0 0 65 63 0 0 0 0 0 0 0 0 0 0 0 0 0 5 0 0 0 0 0 9 0 0 0 0 0 0 0 0 22 0 0 0 0 0 0 0 40 43 42 0 0 53 52 0 0 0 0 54 0 0 0 0 33 0 0 31 0 0 
