9
0 0 0 38 33 0 0 0 0 0 0 0 0 55 0 0 0 0 0 0 0 0 0 0 10 0 11 76 0 1 0 2 0 0 78 79 0 0 0 43 0 39 44 0 40 0 71 70 68 66 72 0 69 0 0 0 0 0 0 0 0 0 62 24 0 0 0 0 0 0 0 0 0 0 0 0 0 0 0 0 0 
46 0 0 0 0 0 40 0 0 0 65 0 59 0 0 0 63 61 0 0 12 17 15 0 0 0 0 4 0 0 0 0 0 0 6 0 0 0 50 0 55 48 53 0 0 0 0 0 0 0 81 0 78 0 0 73 0 0 69 0 68 0 0 33 0 30 0 0 0 0 0 0 0 0 23 22 0 0 26 0 0 
0 0 21 29 0 0 0 0 0 0 0 0 0 0 0 44 0 43 0 0 0 0 0 0 0 0 2 0 0 0 71 74 0 0 0 0 0 0 32 0 0 0 0 38 0 0 0 0 0 57 63 64 0 0 0 0 0 48 51 0 0 0 0 0 17 12 0 19 0 14 0 0 0 0 0 0 0 0 0 0 0 
0 70 0 0 69 0 0 0 71 6 0 4 0 10 3 0 0 7 0 0 0 0 42 0 0 0 47 0 0 0 0 38 0 0 33 0 0 81 77 0 0 0 0 0 76 0 0 25 0 0 27 28 0 0 13 19 18 0 15 20 0 16 0 0 0 0 65 64 0 0 0 61 52 0 0 0 0 55 0 0 0 
0 16 0 0 0 0 0 0 0 33 0 0 0 0 30 0 36 0 0 72 0 0 69 70 73 0 0 0 0 64 0 65 0 63 0 0 24 0 23 0 0 0 26 29 0 49 0 0 50 0 54 0 0 0 0 0 45 0 42 0 0 0 0 6 0 0 0 0 4 0 0 0 0 0 77 0 0 0 0 75 78 
0 0 0 65 0 0 0 0 62 0 2 0 0 0 0 0 81 0 0 36 0 0 0 0 37 31 0 0 0 0 0 0 0 0 0 0 0 72 0 0 0 66 0 74 67 0 17 0 0 0 0 0 0 0 0 0 0 0 0 0 0 0 0 0 0 48 56 0 49 0 54 52 0 0 0 0 0 0 0 0 42 
0 0 0 11 0 0 0 0 0 0 0 0 0 0 21 26 27 0 0 0 57 0 0 0 0 58 0 0 50 0 53 0 0 0 0 0 15 18 0 0 19 0 17 0 0 0 0 43 41 0 0 0 0 0 0 0 36 0 33 0 32 34 0 0 80 0 0 0 0 0 81 0 70 0 0 0 0 73 0 0 0 
0 0 75 0 0 77 0 0 80 0 0 13 14 0 0 17 0 0 50 0 0 0 0 52 0 49 56 0 41 0 0 0 0 0 0 0 6 0 0 0 0 0 0 0 0 0 35 34 0 0 0 0 0 38 0 0 0 0 24 29 0 0 0 0 71 0 0 73 0 68 0 0 0 0 59 58 65 0 0 57 60 
55 0 0 0 51 0 49 54 53 0 0 0 0 0 66 0 0 70 0 0 21 0 24 0 0 0 29 13 0 19 0 0 12 0 0 0 0 0 0 61 0 0 0 65 0 0 0 0 0 0 0 0 6 0 76 0 0 0 0 0 0 0 0 0 44 0 0 0 0 0 0 0 34 0 0 31 38 0 35 0 33 
79 0 0 0 0 74 0 0 0 0 17 0 11 0 0 14 15 0 0 51 0 0 0 49 0 0 0 0 38 0 0 0 0 42 0 40 3 6 0 4 7 0 0 0 1 28 32 0 29 0 0 0 0 0 0 0 0 0 0 0 20 0 0 0 0 63 0 70 0 0 0 0 0 60 0 0 62 0 0 0 0 
0 0 0 8 3 0 0 0 0 0 26 0 0 0 0 0 24 22 0 0 54 0 0 0 0 55 0 46 47 52 50 0 0 51 48 49 0 0 0 0 0 0 14 0 0 0 0 0 0 0 0 0 0 0 0 34 0 27 0 35 0 0 32 0 0 72 0 79 0 0 0 0 0 0 0 64 0 70 0 63 66 
61 58 54 0 0 0 0 0 0 0 0 0 74 0 0 0 78 0 0 0 27 0 0 0 34 0 0 0 20 0 0 0 0 0 0 0 0 0 65 0 0 0 68 0 0 10 14 0 0 0 0 16 12 0 0 0 0 0 0 0 0 0 5 0 50 0 0 52 0 0 0 49 0 0 38 0 44 0 41 0 39 
0 0 0 0 0 0 0 33 0 0 0 46 0 52 0 0 0 0 0 0 0 0 0 0 7 0 0 0 0 0 0 0 0 0 0 0 0 0 0 0 0 0 41 0 37 0 0 67 0 0 69 70 0 0 0 0 60 0 57 0 0 58 59 0 0 0 0 0 0 0 0 22 0 15 0 0 0 16 0 0 12 
43 0 0 0 0 0 0 42 0 0 0 0 0 0 0 0 0 0 0 0 0 14 0 0 0 0 17 0 2 7 5 8 0 0 0 0 0 0 0 0 52 45 0 53 0 0 0 0 0 0 78 0 0 0 0 0 69 0 66 71 0 67 68 0 32 0 35 0 0 0 33 31 0 0 20 0 0 0 0 0 0 
52 0 45 53 0 47 46 0 0 0 71 0 65 0 0 0 0 0 20 0 18 23 0 0 25 19 26 10 11 16 0 0 0 15 12 0 0 0 0 0 0 0 0 0 0 0 0 4 0 81 0 0 0 0 0 0 0 0 75 0 0 76 77 0 41 0 44 0 0 38 0 0 0 0 0 28 0 0 0 0 0 
0 0 0 0 0 0 64 0 0 0 0 0 0 7 0 0 0 4 0 42 0 0 0 40 0 0 0 0 0 0 0 35 0 0 0 0 75 0 0 0 0 0 77 80 0 0 23 0 20 18 0 0 0 0 0 0 15 0 12 17 0 0 0 0 0 0 0 0 55 0 60 0 0 0 0 46 0 52 0 0 0 
0 0 0 0 0 0 0 0 23 0 0 0 38 0 0 41 0 0 74 0 72 77 0 76 79 0 0 0 65 70 0 0 0 0 0 0 0 33 0 31 34 27 0 35 0 55 0 58 0 0 0 0 0 62 0 0 0 45 48 53 0 0 0 0 0 0 0 0 0 11 0 0 4 0 0 0 0 7 0 0 3 
0 0 0 0 0 0 0 15 0 0 0 28 0 0 0 0 0 0 0 0 63 0 66 67 0 0 71 0 0 0 0 0 0 60 0 0 0 0 0 0 25 0 0 26 0 0 0 0 0 0 0 52 0 0 37 43 0 36 0 0 0 0 41 0 0 0 8 0 1 2 0 0 0 78 74 73 80 79 0 0 0 
0 5 0 0 0 0 0 0 6 22 27 0 21 26 0 0 0 0 0 0 55 60 0 0 0 0 0 47 0 0 51 0 0 52 0 0 0 0 0 0 0 0 0 18 0 0 42 0 0 0 43 44 0 0 0 35 0 28 0 0 30 0 33 0 78 0 0 0 74 0 0 0 0 0 0 65 72 71 69 0 67 
71 0 0 0 0 0 65 0 0 0 9 0 0 0 0 6 0 0 0 43 0 42 40 41 44 0 0 0 0 0 33 0 28 0 31 0 76 0 0 0 80 0 78 0 74 0 24 0 0 0 25 0 0 27 0 0 0 10 0 18 0 14 0 58 0 0 0 0 0 0 0 59 0 0 48 0 0 0 0 46 49 
0 0 19 27 0 21 20 0 24 0 45 0 39 44 0 42 0 0 75 0 0 0 76 0 80 0 0 0 66 0 69 0 0 0 0 68 0 34 0 0 35 28 33 0 0 56 0 59 0 55 0 0 0 63 0 0 52 0 0 0 48 0 0 0 0 0 0 0 11 0 0 0 0 0 0 2 9 0 0 0 4 
0 0 0 0 31 0 0 0 0 0 54 0 0 0 46 0 52 0 0 0 0 6 4 5 0 2 9 0 0 80 0 81 0 79 0 77 40 0 0 0 0 0 0 45 38 0 0 0 0 0 0 0 0 0 56 0 0 0 58 0 57 0 60 22 24 0 0 26 20 0 0 0 0 0 12 11 0 0 15 0 13 
0 14 0 0 0 0 11 16 0 31 0 29 0 0 28 0 34 32 0 0 0 0 0 68 0 0 0 56 57 0 0 0 55 0 0 0 0 0 0 23 0 19 24 27 20 47 0 0 0 0 0 0 49 54 0 0 0 37 40 0 0 0 0 4 0 0 0 0 0 0 0 0 0 0 0 74 0 80 0 73 0 
0 0 0 0 0 39 38 0 42 58 0 0 57 0 0 60 61 0 0 16 0 15 0 0 0 0 0 0 0 8 6 0 0 0 0 5 49 0 0 0 0 46 0 0 0 0 0 77 0 0 0 0 0 0 65 71 70 0 0 0 66 0 0 31 0 0 0 0 29 0 0 0 0 0 0 20 27 0 0 0 22 
53 0 0 0 0 48 0 0 0 67 72 0 0 71 0 0 0 0 0 0 0 0 0 0 0 20 27 0 12 17 15 0 0 0 0 14 58 61 0 0 0 0 0 0 56 0 0 5 0 0 0 8 4 0 0 80 0 73 76 81 0 0 0 0 0 0 0 44 0 39 43 0 0 0 0 0 0 35 0 0 0 
62 59 0 0 0 0 0 61 60 76 0 74 0 0 73 0 79 0 0 34 28 0 0 0 0 29 0 0 21 0 0 0 19 0 22 0 0 0 0 0 0 0 0 0 0 0 0 0 0 10 0 17 0 0 0 0 0 0 4 0 3 5 0 49 51 0 0 53 47 0 52 0 0 43 0 0 45 0 0 0 40 
0 0 0 81 0 75 0 0 78 0 18 0 12 0 10 0 16 0 0 52 0 51 0 50 0 0 0 0 0 0 0 0 37 43 0 0 0 0 3 0 0 0 6 0 0 0 33 0 0 0 0 0 0 0 0 0 0 0 22 0 0 23 24 67 0 0 0 71 0 0 70 68 0 0 0 0 0 0 0 0 0 
0 0 22 30 25 0 0 28 0 0 48 0 0 47 0 0 0 0 0 0 0 0 0 80 2 0 0 68 69 0 0 0 67 0 70 71 0 0 0 0 38 31 36 0 32 59 0 0 0 58 0 0 61 0 50 56 0 0 0 0 0 53 0 0 0 0 21 20 14 0 19 17 8 0 0 0 0 0 9 0 0 
0 0 0 0 0 0 0 64 63 79 0 0 78 2 0 0 1 0 0 0 0 36 34 0 0 0 0 0 24 0 0 0 22 0 0 0 0 0 0 0 74 0 0 75 0 0 0 17 15 0 0 0 0 21 0 11 10 0 0 12 0 0 0 52 54 49 57 56 0 0 0 53 0 46 0 0 0 0 0 40 0 
0 44 0 0 0 0 41 0 45 61 0 0 0 65 0 0 0 0 15 0 0 0 0 17 0 0 0 0 0 0 0 0 0 0 7 8 0 0 0 0 0 0 54 0 50 0 81 80 78 0 0 2 0 3 0 0 0 0 70 0 0 0 0 34 0 0 0 0 0 0 37 0 0 28 24 23 0 0 27 22 25 
0 0 0 75 0 0 0 0 0 7 0 0 6 0 0 0 0 0 0 46 0 0 0 44 0 41 48 0 0 38 36 0 31 0 34 0 0 1 0 80 0 76 0 3 77 0 27 0 0 22 0 0 0 0 0 0 0 13 0 0 0 0 18 0 0 58 66 0 59 0 0 0 0 0 0 50 57 56 0 0 52 
2 0 76 3 79 0 0 1 81 0 21 14 0 0 0 18 0 0 0 55 0 0 0 0 0 0 0 0 0 0 45 48 0 46 0 0 0 0 0 0 11 0 9 0 0 32 0 0 0 0 0 38 0 0 0 29 0 0 0 30 24 0 27 0 0 67 0 0 0 0 0 71 0 64 0 0 0 0 0 0 0 
0 35 0 0 0 0 0 37 0 0 0 0 51 0 49 0 0 0 0 0 0 9 0 8 0 0 12 0 0 0 81 3 0 0 0 0 43 0 42 0 0 0 0 48 0 0 0 71 69 0 73 74 0 0 59 0 0 58 0 0 0 0 0 0 27 22 0 0 0 0 0 26 0 19 0 14 21 20 0 13 0 
0 0 0 57 52 0 0 0 0 70 75 68 69 0 67 0 73 0 0 28 0 27 0 0 0 0 0 0 0 0 18 21 0 19 16 0 0 0 0 0 0 0 0 0 0 0 9 8 0 4 0 11 0 12 0 2 1 0 79 0 0 0 0 0 0 0 48 47 0 42 0 44 0 37 0 32 0 0 36 0 34 
20 17 0 0 0 15 14 0 0 34 0 0 0 38 0 0 37 35 69 0 0 0 70 71 0 68 75 0 0 0 63 0 58 0 0 0 0 0 0 0 0 22 0 0 0 50 0 0 0 49 0 56 0 0 0 47 46 40 43 0 0 44 0 7 0 4 0 0 0 0 0 8 0 1 0 77 3 0 0 76 0 
11 8 0 12 0 0 5 10 0 25 30 23 0 0 0 27 0 0 0 0 0 0 0 62 65 0 0 50 0 0 54 0 0 0 0 0 0 19 0 0 0 0 0 21 14 0 45 0 42 0 46 0 0 0 0 0 0 31 0 39 0 0 0 79 0 76 0 2 77 0 0 80 71 73 0 0 75 0 0 0 0 
0 0 0 16 0 10 0 0 13 0 0 0 28 33 0 31 0 30 0 0 0 0 0 0 0 63 0 0 0 0 0 0 0 59 0 0 20 23 0 0 24 0 0 0 0 0 0 0 46 0 0 0 0 0 36 42 0 0 0 0 37 39 0 0 0 80 7 0 81 0 0 0 0 0 0 72 79 78 0 0 74 
0 0 0 34 29 28 0 0 31 0 0 0 0 0 44 0 0 0 0 0 0 0 0 3 0 0 0 0 0 78 0 79 0 0 0 0 0 0 37 0 0 0 40 43 36 0 0 0 64 62 0 69 65 0 0 0 0 0 0 0 0 0 0 0 0 0 0 24 0 19 23 0 0 14 0 0 0 0 0 0 0 
24 0 17 0 20 19 0 23 0 0 0 36 37 0 35 40 41 0 73 77 0 0 0 75 0 72 0 0 0 0 0 0 62 0 0 0 0 0 0 30 0 0 0 0 0 0 58 0 55 0 0 0 0 0 0 51 0 0 0 0 46 0 0 11 0 8 0 0 9 10 14 0 3 5 0 0 7 6 4 0 0 
0 0 0 0 0 64 0 0 0 2 7 0 0 0 80 0 0 0 0 0 0 40 38 39 42 0 0 0 0 33 31 0 0 0 0 0 0 0 73 75 0 0 0 79 0 18 22 0 0 0 0 0 0 0 0 0 0 0 0 0 0 0 0 0 0 0 0 0 0 0 0 0 0 0 0 0 52 51 0 0 0 
78 75 0 79 74 0 0 77 0 11 0 0 10 0 0 13 14 0 0 50 0 0 0 48 0 0 0 0 0 0 0 0 35 0 0 0 2 0 0 0 0 80 0 0 0 0 0 0 28 26 0 0 29 0 0 24 0 17 0 25 0 0 22 0 0 0 0 0 0 0 68 66 0 59 0 54 61 0 0 0 0 
0 0 0 43 38 0 0 0 0 0 61 0 55 0 0 58 0 57 10 0 0 0 0 0 0 0 0 0 1 0 0 0 80 5 0 0 47 0 46 0 0 44 49 0 0 0 76 0 0 0 0 78 0 0 0 0 68 0 0 0 0 66 0 0 0 0 0 0 0 0 32 0 0 23 0 0 25 0 22 0 20 
51 0 0 52 0 46 0 0 0 65 0 0 64 69 0 0 0 66 19 0 0 0 0 0 0 0 0 0 0 0 0 0 0 14 0 0 0 0 0 0 0 0 0 0 0 0 4 0 0 0 0 0 0 0 0 78 0 71 0 0 0 0 0 0 40 0 43 0 0 0 41 0 0 32 0 0 0 0 31 26 0 
0 0 80 0 2 1 0 0 0 0 0 0 0 0 17 0 23 0 55 0 53 0 0 0 0 54 0 0 0 0 0 0 0 50 47 0 0 0 0 0 0 0 0 0 9 0 0 0 0 0 0 0 0 43 0 33 0 0 0 34 0 30 0 0 0 71 0 0 72 0 77 75 0 68 0 0 0 0 0 62 0 
0 0 0 0 0 55 0 0 0 74 79 72 0 78 0 76 0 0 0 32 26 0 0 30 0 27 34 0 0 24 0 0 0 0 20 21 65 0 0 66 69 62 0 0 63 0 13 12 0 0 0 0 0 0 81 6 5 80 2 0 0 0 4 0 49 44 0 51 0 0 50 48 39 41 0 0 0 0 40 0 38 
0 0 11 19 0 0 0 0 16 0 0 0 0 0 0 0 35 0 0 0 0 0 0 69 0 0 0 0 0 0 0 0 0 0 0 60 0 0 22 0 0 20 0 0 21 0 0 0 0 0 0 0 0 0 39 0 44 0 41 0 40 42 0 0 0 0 0 0 3 0 0 6 78 80 76 0 1 0 0 0 0 
45 0 0 46 0 0 0 0 0 0 0 57 58 63 0 0 62 0 0 0 0 16 0 15 18 0 0 3 0 9 7 0 0 0 5 0 50 0 49 0 54 0 0 0 0 0 0 78 0 0 0 81 77 0 0 0 0 0 0 0 0 0 0 32 0 0 0 0 0 0 0 0 0 26 22 21 0 0 25 20 23 
54 51 0 55 0 0 0 53 52 68 0 66 67 0 65 0 0 0 0 0 20 0 0 0 27 0 0 12 13 0 0 0 11 0 14 0 0 0 0 60 0 0 0 0 0 0 0 0 0 0 8 9 0 10 0 81 0 0 0 1 0 78 0 0 0 38 0 0 0 40 44 0 0 0 31 30 37 0 0 0 0 
0 0 65 73 0 0 0 0 0 5 10 0 0 0 0 7 0 0 40 44 0 0 41 0 45 0 0 30 31 36 0 37 0 35 0 0 0 0 0 0 0 0 0 0 0 0 25 0 22 0 26 0 0 28 12 0 17 11 0 19 0 0 0 0 61 56 0 0 0 58 0 60 51 0 0 0 0 54 0 47 0 
0 60 0 0 0 0 57 0 0 0 1 0 0 0 0 0 0 0 0 0 29 34 0 0 36 0 0 0 22 27 0 0 20 0 0 0 0 71 0 0 0 65 0 73 0 0 0 0 13 0 0 0 0 0 3 0 8 0 0 0 0 6 0 50 0 0 0 54 48 0 53 51 0 0 0 0 0 0 0 38 0 
0 33 0 0 0 0 30 0 0 50 0 0 49 0 0 0 0 0 0 8 0 0 0 6 9 0 0 0 0 0 0 1 0 0 0 78 41 0 0 42 0 0 0 0 0 0 70 0 0 0 0 72 0 0 57 0 0 56 0 0 58 0 61 0 0 0 0 0 0 0 0 0 15 0 0 0 19 18 0 0 14 
0 0 20 0 23 0 21 0 0 0 0 0 40 0 0 0 0 42 0 80 0 0 0 78 81 0 0 0 67 0 0 73 0 0 0 0 0 0 0 0 0 0 34 0 0 57 0 60 0 56 62 0 0 0 0 0 53 0 0 55 49 0 0 0 16 0 0 18 0 13 0 0 0 8 0 0 0 0 7 0 5 
9 0 0 10 5 4 0 0 0 0 28 0 22 0 0 0 0 0 0 0 0 61 0 60 0 0 0 0 0 0 52 0 47 0 0 0 14 0 0 0 18 0 0 0 0 39 0 42 40 38 44 45 0 46 0 0 0 0 32 0 31 0 0 77 0 74 0 0 75 0 0 0 0 71 0 66 0 0 70 0 68 
81 78 0 0 77 76 0 0 0 0 19 0 0 0 0 0 0 0 49 0 0 0 50 51 0 0 55 0 0 0 43 46 0 44 41 42 5 0 4 0 0 2 0 10 0 0 34 33 0 0 0 0 32 0 0 27 0 0 0 0 0 0 0 0 70 0 0 72 0 0 0 0 60 0 58 0 64 0 0 56 0 
0 27 0 31 0 0 0 0 28 0 49 0 0 0 41 0 0 45 79 0 0 0 0 81 3 78 0 69 0 0 73 0 0 0 0 0 0 0 0 0 39 0 37 40 0 0 64 63 0 0 0 0 0 0 0 0 0 0 0 0 0 0 55 0 0 0 0 0 0 16 0 0 0 0 0 0 0 0 10 0 8 
0 0 0 0 0 7 0 0 10 0 0 24 0 0 23 0 29 27 0 65 59 64 0 0 0 60 0 0 0 0 0 0 0 56 0 54 17 0 0 0 21 14 19 0 15 0 0 45 43 41 0 48 44 0 0 39 38 0 0 0 0 0 0 0 0 77 0 0 0 0 0 0 0 0 70 0 0 0 0 0 71 
75 0 0 76 71 0 69 0 0 0 0 0 0 12 0 0 11 0 43 0 41 0 0 45 0 0 0 0 0 0 0 0 32 0 0 36 0 0 79 0 0 0 0 0 78 0 0 0 0 23 29 0 26 0 0 0 0 0 0 0 16 18 19 62 0 0 67 0 60 0 0 0 54 0 0 51 0 0 0 50 0 
0 18 0 0 0 0 0 0 19 35 0 33 34 0 32 37 0 36 70 0 0 0 0 0 0 0 76 0 0 0 0 67 0 65 0 0 0 0 0 0 30 0 0 0 24 51 0 0 0 0 0 0 0 0 42 0 0 0 44 0 0 45 0 0 10 5 0 12 0 0 11 0 0 0 0 0 0 0 0 0 80 
0 0 77 4 0 0 0 2 1 0 0 0 0 21 14 0 20 0 0 0 0 0 0 54 0 0 0 0 43 0 0 49 0 0 0 0 0 0 0 0 12 0 10 13 0 0 0 0 0 0 0 39 0 0 24 0 29 23 0 31 0 0 0 71 0 0 0 0 0 0 0 0 0 65 61 0 0 66 64 0 62 
0 0 50 0 0 52 51 0 0 0 0 0 0 0 0 73 0 72 0 0 23 0 26 27 0 0 0 0 16 21 0 22 0 0 17 0 0 65 0 0 66 0 0 0 60 6 0 9 7 0 0 0 8 0 0 0 2 0 0 0 0 0 0 0 0 0 0 0 0 0 0 45 36 0 0 0 0 39 0 0 35 
0 0 0 0 0 34 0 38 37 0 0 51 0 0 0 0 0 0 7 0 0 0 0 0 0 6 0 0 0 3 0 4 0 0 80 81 0 0 0 0 48 41 46 0 0 0 0 0 0 0 0 0 0 76 0 0 65 0 0 0 0 0 64 26 0 0 0 0 0 0 0 0 18 0 16 0 22 0 0 0 0 
66 0 59 0 62 0 0 0 64 0 0 78 79 0 0 0 2 0 0 0 0 37 0 0 0 33 0 0 25 0 0 0 23 0 26 27 0 0 0 0 0 0 0 0 0 15 0 18 16 0 0 0 17 22 0 0 0 5 8 0 0 0 0 0 0 0 0 57 0 52 0 0 0 47 0 0 0 0 46 0 0 
0 0 0 0 0 0 0 0 0 0 0 0 0 0 0 64 0 0 16 0 0 19 17 0 0 0 0 0 0 0 0 0 0 0 0 0 0 56 0 54 57 0 0 0 51 0 1 81 0 0 0 0 80 0 0 0 0 0 71 0 0 0 0 0 0 32 0 39 0 0 0 0 0 0 0 24 0 0 0 0 26 
0 0 0 0 0 0 0 0 12 28 0 26 0 0 0 0 0 29 63 0 0 0 0 0 68 0 0 53 0 59 0 0 0 0 55 0 0 22 0 0 0 0 0 24 0 0 0 0 0 43 0 0 0 51 0 0 0 0 0 0 36 38 39 1 0 0 0 5 0 0 4 2 0 0 72 0 0 77 75 70 0 
0 0 0 0 37 36 0 0 0 0 0 0 0 0 52 0 0 0 9 0 7 12 0 0 14 0 0 0 0 0 3 0 0 0 0 2 46 0 45 0 0 0 0 0 0 0 0 74 0 0 76 0 73 78 0 0 0 61 0 0 63 0 0 28 0 0 33 0 0 0 0 0 20 0 18 17 24 0 0 0 0 
0 0 0 0 0 0 44 0 48 0 0 0 0 0 61 0 67 0 0 0 16 21 19 0 0 17 0 0 0 0 12 0 0 0 0 0 55 58 0 0 59 0 57 0 53 80 0 0 81 79 0 0 0 6 71 0 76 0 0 78 0 0 0 0 0 0 0 0 35 0 40 38 0 31 27 0 0 0 30 25 0 
0 0 0 0 0 0 0 0 0 0 0 17 0 0 16 0 0 20 54 58 0 0 55 56 0 0 60 0 45 0 48 0 43 0 0 0 0 13 9 11 0 0 12 0 0 35 0 0 36 0 0 0 0 42 0 32 0 25 0 0 27 29 0 73 0 0 78 0 71 0 0 0 65 0 0 62 0 0 0 0 0 
0 74 0 0 0 0 71 0 75 0 0 0 9 0 7 12 0 0 0 0 43 48 0 0 0 0 51 35 36 0 0 0 0 40 0 0 0 4 81 0 5 0 0 0 0 0 0 0 27 25 31 0 0 33 0 23 0 0 19 24 0 0 21 0 0 61 69 68 0 0 0 0 0 0 0 0 0 59 0 52 0 
0 0 0 0 0 18 0 0 0 37 0 35 0 41 0 0 0 0 72 76 0 0 0 0 0 0 0 0 0 0 66 0 0 0 0 0 0 0 27 0 0 25 30 0 0 0 0 56 0 0 0 0 55 0 0 0 0 0 0 0 45 0 0 10 12 7 0 14 0 9 0 0 0 4 0 80 0 0 0 0 0 
0 0 25 33 28 27 0 0 0 0 0 44 0 0 0 0 0 47 81 0 0 0 0 0 5 80 6 0 72 0 0 0 70 0 73 0 0 40 0 0 41 0 0 0 0 62 66 0 0 0 67 0 64 69 0 0 58 0 55 0 0 0 0 0 0 0 0 0 0 18 0 20 0 0 9 0 0 0 0 0 0 
0 0 0 69 0 0 0 0 0 0 6 0 0 0 79 0 4 2 36 40 0 39 0 0 0 0 0 26 0 0 0 0 25 0 0 0 73 0 0 74 77 0 75 0 71 0 21 0 0 16 0 23 0 0 8 0 0 7 0 15 0 0 0 0 0 52 0 0 53 0 0 0 0 0 0 44 0 0 48 0 0 
0 0 0 0 55 0 53 0 0 0 0 0 0 0 0 0 0 74 0 0 25 0 0 29 0 0 0 0 0 0 0 0 0 0 0 20 0 67 0 0 68 0 0 0 0 8 0 11 9 7 13 0 10 0 0 0 0 0 0 0 81 0 0 0 48 0 0 0 44 0 0 0 0 40 0 0 0 0 39 34 0 
76 0 69 77 0 71 0 0 0 0 0 7 8 13 0 0 12 0 44 0 0 47 45 0 49 0 50 0 0 40 38 0 0 39 36 0 81 3 80 0 0 0 2 0 0 0 0 0 0 0 0 0 0 0 16 22 0 0 0 0 17 0 0 0 65 0 0 67 0 0 0 0 55 57 53 0 59 0 0 0 0 
0 0 0 0 9 8 0 12 11 0 0 0 26 0 0 29 0 28 0 0 0 0 0 0 0 0 68 0 0 0 0 59 51 0 0 0 18 0 17 0 22 0 0 0 16 0 0 46 0 0 0 0 0 50 0 40 0 0 36 41 0 37 0 0 2 0 0 4 0 80 3 0 73 0 0 0 77 0 0 0 0 
0 0 0 0 18 17 0 0 0 0 0 0 0 0 33 0 0 0 0 0 0 0 0 73 0 0 0 0 0 0 0 68 60 0 0 0 27 0 26 28 0 24 0 32 0 0 56 0 0 0 0 0 0 59 43 0 48 42 0 0 0 0 0 0 0 0 0 0 0 0 0 0 0 0 0 0 5 0 2 0 0 
0 0 0 0 0 62 0 66 65 81 5 0 80 4 0 0 3 1 0 0 33 38 0 0 0 0 41 0 26 0 0 0 0 0 0 0 72 0 71 0 0 69 0 0 0 0 0 0 17 0 0 0 0 0 0 13 0 6 0 0 8 0 0 0 0 0 0 0 0 53 0 0 0 0 0 0 50 0 0 0 0 
0 0 78 0 0 0 0 3 0 18 0 0 0 0 0 0 0 0 53 0 0 56 0 0 58 0 0 0 44 0 47 0 0 0 0 0 0 0 0 10 0 0 11 14 0 34 0 0 0 0 0 0 0 41 0 0 0 24 0 0 26 28 0 72 0 69 0 0 0 71 0 0 64 0 62 0 0 0 0 0 63 
0 0 33 0 36 35 34 39 0 54 59 52 53 0 0 0 0 0 0 0 0 0 0 0 13 7 0 0 0 4 0 5 0 0 81 0 0 0 0 0 0 42 0 0 0 70 0 0 0 0 0 76 0 0 61 0 0 60 63 0 62 64 65 0 0 0 32 31 25 26 0 0 0 0 17 0 23 0 0 0 0 
0 55 0 0 54 0 0 0 0 72 77 0 0 0 0 0 0 0 0 0 24 0 0 0 0 0 0 0 17 0 0 0 0 0 18 0 0 0 0 0 0 0 65 68 0 0 0 0 8 6 12 13 9 0 0 4 0 0 0 5 0 0 2 0 0 0 0 0 43 44 48 0 0 0 35 0 0 0 0 33 0 
0 0 24 0 0 0 25 0 29 0 50 43 44 49 42 47 48 0 80 0 78 0 81 0 0 0 5 0 0 0 0 0 69 0 0 0 0 39 35 0 40 0 38 0 0 0 65 0 0 60 0 0 0 0 0 0 0 51 0 59 0 0 56 0 20 15 0 22 0 0 21 0 10 12 0 0 0 0 0 0 9 
0 0 42 0 0 0 0 0 47 0 0 0 0 67 0 0 66 0 17 0 15 20 0 0 0 16 0 0 0 0 11 0 6 0 0 0 0 0 0 0 0 0 0 0 0 79 0 0 80 0 3 0 81 0 70 0 0 0 0 0 0 0 0 0 0 0 0 0 34 0 0 37 0 30 0 25 0 0 0 0 0 
