9
0 0 0 0 0 0 0 0 0 0 0 0 0 0 0 0 0 0 0 0 0 0 74 0 79 0 0 0 0 0 0 20 0 0 0 0 0 0 0 13 0 0 0 0 0 0 31 35 0 0 0 0 32 0 0 0 0 0 0 0 0 0 0 0 0 0 0 0 0 0 0 45 0 68 0 67 72 70 0 0 64 
0 0 0 0 76 0 0 0 0 0 0 0 0 0 0 0 31 0 0 0 0 23 0 0 0 0 26 0 0 0 52 0 0 0 0 46 0 45 0 0 0 0 0 0 0 55 0 0 0 0 0 0 0 0 0 2 0 0 0 0 0 0 0 0 0 0 0 68 0 0 0 0 12 14 0 0 0 0 0 0 0 
0 0 0 0 0 65 64 0 0 0 0 0 0 0 21 0 0 0 0 0 0 0 11 0 0 0 0 0 0 44 0 0 0 0 0 0 0 0 0 31 0 0 0 0 0 0 0 0 47 0 0 0 0 0 0 0 0 0 0 76 0 0 73 0 55 0 0 0 0 0 0 0 0 0 0 0 0 0 0 0 0 
0 30 0 0 0 0 0 34 33 0 0 71 0 0 0 0 0 65 0 60 0 0 0 0 0 0 0 0 0 0 0 0 0 0 0 0 78 0 0 0 0 0 0 0 0 0 0 0 0 0 0 0 0 0 43 0 45 0 0 0 0 0 0 0 0 0 0 0 0 0 0 0 0 0 0 0 0 52 0 0 0 
0 0 0 0 0 0 1 0 6 0 0 0 0 37 0 0 0 0 0 33 0 0 0 0 34 0 0 60 0 0 0 0 0 59 63 0 0 0 0 0 0 0 0 0 0 64 67 71 0 0 0 0 0 66 0 0 0 0 0 0 0 17 10 0 0 0 79 0 0 0 80 0 0 0 0 0 0 0 0 0 19 
0 57 0 0 58 0 55 0 0 18 0 0 0 0 0 14 13 0 0 6 0 0 0 0 0 3 0 0 0 0 0 0 0 0 0 0 24 0 25 0 0 0 0 0 20 0 0 44 0 42 0 0 0 0 0 0 0 69 0 0 0 0 64 0 0 0 0 0 0 0 0 0 0 0 0 0 0 0 0 0 73 
0 0 45 0 0 0 37 0 42 0 0 80 0 0 0 77 0 0 0 0 0 68 65 0 0 66 0 0 0 0 0 0 0 0 0 0 6 0 0 0 0 0 1 0 0 0 0 26 20 0 0 0 0 0 0 47 0 51 0 49 50 0 0 0 0 0 0 0 0 0 0 0 57 0 0 0 0 61 0 0 55 
14 12 0 17 0 0 0 0 0 0 0 0 0 0 0 50 0 0 0 0 40 0 0 0 0 39 44 0 0 0 0 65 0 0 0 0 60 63 0 58 0 0 0 62 0 0 76 0 74 78 0 0 0 0 0 0 0 0 21 0 0 0 0 0 0 0 0 0 2 0 0 0 0 0 29 0 36 0 0 0 0 
0 0 0 0 22 0 0 25 24 0 0 0 0 0 0 0 0 0 0 0 0 0 0 0 0 48 0 0 75 0 0 0 0 0 0 0 0 0 0 0 0 66 0 0 65 1 0 8 2 0 0 0 0 0 0 0 0 0 0 0 0 0 0 0 0 0 0 0 0 0 0 18 0 0 0 0 0 0 0 0 0 
0 0 48 0 0 0 0 0 45 3 0 0 0 0 0 0 0 77 0 0 0 0 68 0 0 0 0 0 0 0 0 0 0 0 0 0 0 12 0 0 8 0 0 11 0 22 0 0 0 27 0 30 0 0 0 50 0 0 51 0 0 0 49 0 0 0 0 0 0 34 0 39 60 0 59 0 0 0 0 0 0 
26 0 0 29 0 23 22 28 0 0 0 65 0 0 0 0 61 0 0 0 52 0 0 57 0 0 0 0 0 0 0 0 0 0 0 76 0 0 0 70 0 69 0 0 0 4 0 11 5 0 0 0 0 0 37 0 39 36 0 0 0 38 0 18 0 0 0 0 14 16 0 0 0 0 0 43 0 46 0 0 40 
0 0 0 0 0 0 0 55 0 12 9 0 0 0 6 8 0 0 0 0 0 80 0 0 0 0 2 0 0 0 28 0 0 0 30 22 0 21 0 0 0 0 0 0 14 0 0 38 0 0 0 0 35 0 0 0 0 0 0 0 0 0 0 0 0 42 46 0 0 0 0 0 69 0 0 0 0 0 0 0 0 
0 0 0 0 79 0 0 0 0 0 36 38 0 31 0 0 0 0 22 0 25 26 0 0 0 0 0 0 0 0 0 0 0 53 0 0 0 0 0 0 0 0 0 0 0 0 0 0 59 0 0 0 0 0 0 5 0 0 0 7 0 0 4 0 0 69 0 71 0 70 74 0 0 0 0 0 0 19 0 0 0 
0 0 0 0 70 0 0 0 0 0 0 0 0 0 24 0 0 23 0 0 16 0 0 0 19 0 0 0 0 47 0 0 0 44 0 40 0 0 0 0 0 0 0 0 0 0 52 56 50 0 0 57 0 0 0 0 0 0 0 79 0 0 76 63 0 0 64 0 59 0 0 0 0 0 0 0 0 10 0 9 0 
0 6 0 0 0 0 0 0 0 0 45 0 0 40 42 0 0 0 0 0 0 0 32 0 0 33 38 0 0 65 0 0 0 0 0 0 54 57 0 0 0 0 0 0 50 0 0 0 68 0 0 0 0 0 0 0 0 0 0 0 0 20 0 0 0 78 0 0 0 0 0 0 0 0 0 25 30 0 0 0 0 
0 0 0 0 0 0 31 0 0 0 0 0 0 0 0 71 0 0 58 0 0 62 0 0 64 60 0 0 0 0 0 0 0 0 0 0 0 0 0 0 80 0 0 2 0 0 0 0 0 0 0 0 0 15 0 0 0 0 0 0 0 0 0 0 0 0 0 0 0 0 0 30 0 0 0 0 57 0 0 0 0 
17 0 21 0 0 0 0 0 0 0 0 0 55 0 0 0 0 0 0 0 0 0 0 0 0 0 0 0 0 0 0 0 0 0 75 0 0 0 0 0 0 0 0 65 0 0 79 0 0 0 0 0 80 78 0 23 0 0 0 0 0 29 0 0 4 0 0 0 0 0 0 0 0 0 32 0 39 0 0 0 0 
62 0 66 0 0 0 0 0 63 0 0 20 0 13 0 0 0 0 0 0 0 0 0 0 10 0 11 0 33 0 0 0 0 0 0 0 0 0 0 0 0 0 0 0 0 0 0 0 0 0 0 0 0 0 0 0 75 0 0 70 0 0 0 0 0 0 0 53 0 0 0 57 78 80 0 0 0 0 0 0 76 
0 71 0 0 72 0 0 75 0 0 0 0 0 0 0 0 27 0 0 0 18 0 0 0 0 0 0 0 0 0 0 0 0 46 0 0 0 41 0 0 0 35 33 0 0 0 0 0 0 0 0 0 0 53 0 0 0 0 0 0 1 0 0 0 0 0 66 0 0 0 0 0 0 0 0 9 0 12 0 0 0 
0 35 0 0 0 0 0 0 0 0 0 0 0 0 0 73 0 0 0 0 0 0 0 0 0 0 0 0 0 0 0 0 0 0 0 0 0 0 0 0 0 0 0 0 0 0 0 0 0 0 0 0 0 0 0 0 50 0 0 0 0 49 0 0 0 0 30 0 0 27 0 0 0 0 0 0 59 0 0 0 0 
0 0 0 0 18 0 0 21 0 0 0 0 0 0 53 0 0 0 0 47 0 0 0 50 48 0 0 74 0 0 75 0 0 0 0 0 0 68 0 63 0 0 0 0 0 78 0 0 0 2 0 0 0 0 0 0 0 29 0 0 0 0 24 0 0 0 12 0 7 9 13 0 0 0 0 0 0 0 0 0 0 
0 0 32 31 0 0 0 0 29 0 0 0 0 60 0 0 0 0 0 0 0 55 0 0 0 0 0 0 0 0 0 0 81 0 5 78 0 0 0 72 73 0 0 0 0 0 0 0 0 11 0 0 0 0 0 0 0 0 0 36 0 40 33 20 0 17 21 19 0 0 0 0 0 0 43 0 0 48 0 0 42 
46 44 0 0 0 0 0 0 0 0 0 0 0 0 0 0 0 0 0 0 0 0 0 77 0 0 0 0 0 22 21 0 0 0 0 0 11 14 0 0 0 0 0 0 0 0 27 0 0 0 0 0 0 0 0 0 0 56 0 0 0 58 0 0 33 0 0 0 0 0 0 0 62 0 0 0 0 0 0 65 0 
0 0 0 0 0 0 0 0 0 0 0 0 0 33 0 0 0 34 0 0 0 0 0 0 0 0 0 56 0 0 0 0 0 0 0 51 0 0 0 0 0 0 0 0 0 0 63 0 61 65 66 0 0 0 0 0 0 0 8 0 0 0 0 0 0 0 0 0 70 72 0 0 17 0 0 0 23 21 22 20 0 
0 0 0 0 63 61 0 0 0 0 0 0 21 0 0 0 0 16 0 0 0 0 0 0 0 0 0 0 0 0 0 0 0 0 0 0 0 0 30 27 0 0 0 31 25 0 45 49 0 0 0 0 0 0 0 0 0 74 0 0 0 0 0 0 0 0 0 0 0 54 0 0 0 0 0 81 0 0 0 2 0 
0 0 0 58 54 52 0 57 0 0 0 0 0 6 0 0 0 7 0 0 0 0 0 0 0 0 0 0 0 0 30 0 0 0 0 0 0 0 21 18 0 0 15 0 0 0 0 0 0 0 0 0 0 0 0 0 68 0 0 0 0 0 0 0 0 0 0 46 0 45 0 0 0 0 0 0 0 0 0 0 0 
0 0 0 13 0 0 0 0 0 0 0 49 48 0 0 0 0 0 0 0 36 0 0 0 0 0 0 0 0 0 0 0 0 64 0 0 56 59 0 0 0 0 0 0 0 0 0 0 0 74 0 0 0 0 0 0 0 20 0 0 0 0 0 0 0 0 0 0 0 0 0 0 0 28 0 0 0 0 31 0 24 
0 0 0 0 0 0 0 0 0 0 0 0 0 0 0 0 0 0 0 0 5 0 3 0 0 4 0 0 0 0 0 0 0 33 0 0 0 0 0 0 24 0 0 0 21 0 0 45 0 43 0 0 42 0 0 0 0 0 0 0 0 0 65 0 0 0 0 0 0 0 0 55 0 78 75 0 0 0 0 0 0 
0 0 0 0 0 0 0 0 25 64 0 0 0 56 0 0 0 0 0 0 0 0 48 0 0 0 0 0 0 0 0 0 0 0 0 0 0 0 0 68 69 0 65 0 0 2 0 0 0 0 0 10 0 0 0 0 0 0 0 0 0 0 29 0 0 13 0 0 0 0 18 0 0 0 39 41 0 0 0 0 0 
0 0 0 0 0 0 0 0 0 0 0 0 35 0 0 0 0 0 0 25 0 0 0 28 0 0 0 0 0 0 0 0 0 0 0 0 43 0 44 41 0 0 0 45 0 0 0 0 57 61 0 0 0 0 0 0 0 7 0 0 0 0 0 0 0 0 0 69 66 0 0 0 0 0 12 0 0 0 0 0 0 
15 0 0 0 0 12 0 0 0 0 0 0 53 0 0 0 0 0 0 43 0 0 0 0 0 0 0 0 67 0 71 66 68 0 0 0 0 0 62 0 0 0 0 0 0 0 0 0 0 79 0 1 0 0 0 0 0 0 0 0 24 0 20 7 0 0 0 0 3 0 0 10 0 33 30 0 0 0 0 0 0 
0 0 0 0 0 0 47 0 0 10 0 0 0 0 4 0 0 3 0 0 0 0 0 0 0 0 0 0 22 0 26 21 0 0 28 0 0 0 0 0 0 0 0 0 12 29 0 0 0 34 0 37 0 0 0 0 0 0 58 0 0 63 56 0 0 40 0 0 39 41 0 46 0 0 0 0 0 0 0 0 65 
0 0 0 0 41 0 38 0 0 0 0 0 0 0 0 0 0 75 0 0 0 69 0 0 0 0 0 16 0 0 0 0 0 0 19 0 0 0 0 0 0 0 0 0 3 0 0 0 0 25 0 28 0 0 0 0 55 0 0 0 0 0 47 0 0 0 0 0 0 0 0 0 0 0 0 0 64 0 0 0 0 
0 0 0 0 0 0 0 0 34 0 0 0 0 65 0 0 0 0 56 0 59 0 0 0 0 0 0 0 4 0 0 0 0 6 10 0 79 0 0 0 0 0 0 0 0 0 0 18 12 16 0 0 0 0 0 0 0 0 0 41 0 0 0 25 0 0 26 0 21 0 27 0 0 0 0 50 0 0 0 0 47 
0 0 0 0 0 0 2 0 7 0 0 0 0 0 0 0 0 0 29 0 0 0 0 0 0 0 36 0 58 0 0 57 0 0 0 0 0 0 0 50 0 0 0 0 0 65 0 0 0 0 0 0 0 67 0 0 0 0 13 0 0 0 0 79 0 0 0 0 0 0 0 1 22 0 0 0 0 0 0 0 20 
0 0 0 0 0 0 0 0 0 0 25 27 0 0 0 0 23 0 0 0 0 0 0 19 0 0 0 0 40 0 0 0 41 0 0 0 34 0 0 0 0 31 0 0 0 0 0 0 0 0 0 0 0 49 80 0 1 79 0 0 78 81 0 0 0 0 0 0 0 0 0 0 0 0 0 5 0 0 0 0 0 
0 0 0 28 24 0 0 0 0 65 0 0 0 0 0 0 0 0 0 53 51 52 0 0 0 0 0 0 77 0 0 0 0 0 0 75 0 0 0 0 70 0 0 0 0 0 6 0 0 0 0 0 0 0 0 0 0 0 32 0 0 0 30 0 0 0 0 0 0 15 0 20 0 0 0 0 0 0 0 0 0 
34 0 0 37 0 0 0 0 35 0 71 0 72 0 0 0 0 67 0 0 60 0 0 0 0 59 0 0 5 0 9 0 0 7 0 3 80 0 0 0 0 0 0 1 0 0 15 19 0 0 0 0 16 14 0 0 0 0 41 0 0 0 0 0 0 0 0 0 0 0 0 0 0 0 0 0 0 0 0 0 48 
0 0 0 0 0 0 0 0 0 0 0 0 54 0 0 0 0 49 0 0 0 0 0 0 0 0 0 0 0 73 0 0 0 0 0 0 0 65 0 60 0 0 0 64 0 0 0 0 0 80 0 0 0 0 0 22 0 0 0 0 25 28 0 0 3 5 0 7 0 6 0 0 0 0 0 0 0 0 0 0 0 
0 41 47 0 42 40 0 45 44 0 0 0 81 0 77 0 0 76 66 0 69 70 67 0 0 0 73 0 14 0 0 0 0 0 0 0 0 0 9 0 0 5 3 0 0 0 0 0 0 0 0 29 0 0 0 0 0 0 50 0 52 0 0 0 0 0 0 0 0 0 0 0 59 0 0 0 65 63 0 62 0 
0 0 0 0 69 0 0 0 71 29 0 0 0 0 0 0 0 0 0 0 0 0 0 20 0 14 0 0 0 0 0 0 0 0 0 39 35 0 0 0 0 0 0 0 31 0 0 55 49 0 0 56 52 0 81 0 0 0 0 0 0 1 0 0 0 59 0 0 0 0 64 0 5 0 0 0 0 0 0 0 0 
0 0 0 0 78 0 75 0 0 0 0 0 0 0 0 0 0 0 21 26 0 0 22 0 27 0 0 0 0 0 0 0 0 0 0 0 0 0 0 0 0 0 0 0 0 0 0 0 0 62 0 0 0 0 0 0 11 0 0 0 0 0 0 0 0 0 0 70 0 0 0 0 14 0 0 0 0 0 0 0 0 
0 0 0 0 0 0 0 0 0 47 44 0 0 39 0 0 0 0 0 0 33 0 31 0 0 0 0 0 0 0 0 0 0 61 65 0 0 0 0 0 52 0 0 0 0 0 0 0 0 0 0 0 0 0 0 0 0 0 0 0 0 0 0 0 0 77 0 0 0 0 0 0 0 0 0 0 0 0 0 0 0 
0 59 0 0 0 0 0 0 0 0 0 0 0 0 0 0 0 0 0 0 0 0 4 0 9 0 0 0 32 37 0 31 0 0 0 0 0 0 0 0 0 23 0 28 0 0 0 0 0 0 0 47 0 0 72 0 0 0 0 0 0 0 0 0 48 0 0 0 0 0 55 0 0 0 0 0 0 0 0 0 0 
0 0 0 0 0 0 0 0 0 0 0 0 0 0 5 7 6 0 75 0 0 0 76 2 0 0 0 26 0 28 0 22 0 25 0 0 0 0 18 0 16 0 0 0 0 0 0 0 0 0 0 0 34 32 0 0 0 0 59 0 0 64 0 44 0 0 0 43 0 0 46 0 68 0 0 0 0 0 73 71 0 
0 18 0 0 19 17 0 0 0 0 57 0 0 0 0 0 0 0 0 0 0 0 0 0 49 45 0 0 72 77 76 0 0 0 0 0 0 0 0 64 0 0 0 0 62 0 0 0 0 3 0 0 0 0 0 0 0 30 0 0 0 0 25 12 0 0 0 0 8 10 14 0 0 0 35 37 0 40 0 39 0 
0 0 60 0 55 0 0 0 0 0 0 0 0 0 0 0 0 0 0 0 0 0 0 0 0 0 0 0 0 0 0 0 0 0 0 0 0 0 0 0 20 18 16 0 0 0 0 0 0 0 0 42 38 0 0 62 0 0 0 0 0 68 0 0 0 45 0 47 0 0 0 0 0 0 71 0 78 0 0 0 0 
0 0 0 0 46 44 0 49 0 0 0 0 0 79 0 0 0 0 0 0 0 0 0 0 76 72 0 0 0 0 0 0 0 0 0 0 0 0 0 0 0 9 0 0 0 0 0 32 0 0 0 33 0 0 0 0 0 0 0 0 0 0 0 0 0 0 0 0 0 0 41 42 63 0 0 0 0 0 0 0 0 
65 63 69 0 0 0 0 0 0 24 0 0 0 0 0 0 0 0 0 0 0 0 0 15 0 0 0 39 0 0 0 0 0 0 0 0 0 33 31 28 0 27 25 0 0 0 0 0 0 0 0 0 0 0 76 0 78 0 0 0 0 0 0 0 0 0 0 0 0 0 0 0 81 0 0 0 0 0 0 0 79 
0 0 0 0 0 0 0 0 30 0 0 0 0 0 0 0 0 0 0 0 0 0 0 0 58 0 59 0 0 0 0 0 0 0 6 0 0 0 0 0 0 0 0 0 0 0 0 0 0 0 0 0 0 0 0 35 0 39 0 0 0 41 0 0 16 0 0 0 0 0 23 0 0 0 0 0 0 0 0 48 43 
74 72 0 0 73 0 0 0 0 33 0 0 0 0 0 0 0 26 0 0 0 20 0 0 0 18 0 0 0 50 0 0 0 0 0 0 0 0 0 37 0 0 0 0 0 0 55 0 0 0 0 0 56 0 0 0 0 0 0 0 2 0 0 66 0 0 0 0 0 64 0 0 9 0 0 0 0 0 14 12 0 
0 9 15 0 10 0 0 0 0 51 48 0 0 43 0 0 0 0 34 0 37 0 35 0 0 0 0 66 63 0 67 0 64 0 69 0 0 0 0 0 56 0 0 0 0 0 0 0 71 75 0 0 74 0 0 0 0 0 0 19 0 0 0 0 0 81 0 2 0 1 0 0 0 29 0 0 0 0 0 30 0 
38 0 0 0 0 0 0 40 0 0 0 0 0 0 72 0 0 0 0 0 0 0 0 0 67 0 68 12 0 0 13 8 0 0 0 0 0 0 0 1 0 0 0 0 80 16 0 0 0 0 0 0 0 0 0 0 0 0 0 0 0 0 0 30 0 0 0 0 0 0 0 33 0 0 0 0 0 0 59 0 0 
0 0 0 0 0 80 0 0 0 0 0 0 0 0 0 0 0 0 0 0 28 0 0 0 31 27 0 0 0 0 58 53 0 0 0 0 0 51 49 46 0 0 0 50 0 0 0 0 0 0 67 0 0 0 13 0 0 0 0 10 0 0 0 0 0 0 0 0 71 73 0 0 18 0 0 0 24 0 0 0 16 
0 0 52 0 0 45 0 0 0 0 4 0 5 0 0 0 0 0 0 0 74 0 0 0 0 0 0 0 0 24 23 0 20 0 25 0 0 0 0 0 12 0 0 0 0 0 0 0 27 0 32 0 0 0 0 0 61 0 0 0 0 0 53 0 0 0 41 0 36 38 0 43 0 0 0 0 0 0 0 0 0 
0 0 0 0 0 0 0 0 0 0 0 0 0 0 0 57 0 0 0 0 0 0 0 0 0 0 51 76 0 0 0 0 0 75 0 0 67 0 0 0 0 64 0 69 63 0 0 0 0 0 0 0 0 0 0 0 0 31 28 0 30 0 0 0 0 0 0 0 9 11 0 0 0 0 0 0 0 0 0 0 35 
0 0 0 6 0 81 0 0 4 0 40 42 41 0 0 0 0 0 0 0 0 0 0 0 0 0 0 0 0 60 59 0 56 0 0 53 0 0 0 0 0 0 0 51 0 62 0 0 0 0 0 0 0 0 0 9 0 0 0 0 0 0 0 76 0 0 77 75 72 0 0 79 19 0 0 0 0 0 24 0 0 
0 0 0 0 0 0 0 0 0 34 0 33 0 0 0 30 0 0 0 0 0 21 0 0 0 0 0 0 0 0 0 0 0 48 52 44 0 43 0 38 0 0 0 0 0 53 0 0 54 0 0 0 0 0 0 0 0 0 0 0 0 0 0 67 0 0 0 0 0 65 0 0 0 0 0 11 0 0 0 0 0 
0 0 0 0 0 36 0 0 40 79 0 0 0 71 0 0 0 72 0 0 65 0 0 0 0 0 0 13 0 0 0 0 0 0 0 8 4 0 5 0 0 1 0 0 81 17 0 0 0 0 0 0 0 0 50 0 52 0 0 47 48 51 0 0 0 0 0 0 27 0 33 0 55 0 0 0 61 59 0 0 0 
0 0 0 33 0 0 0 0 0 70 0 69 0 0 0 0 65 0 0 0 0 0 0 61 0 0 0 0 0 0 0 0 2 0 0 0 76 0 0 0 0 0 0 0 72 0 0 15 0 0 14 0 12 0 0 0 0 0 0 0 0 0 0 22 0 0 0 21 0 0 0 0 0 0 0 47 0 0 0 0 44 
0 0 0 0 0 0 0 14 13 0 0 51 50 0 0 48 0 0 0 0 38 0 0 0 41 0 0 0 0 0 0 63 0 0 70 0 0 61 0 0 0 0 0 0 0 71 0 0 0 0 0 0 0 0 0 0 0 0 0 0 0 0 0 4 0 0 0 0 81 0 0 0 0 0 0 0 34 32 0 31 0 
0 0 0 0 0 0 0 68 67 25 0 0 0 0 0 0 0 0 8 13 0 12 0 16 14 0 15 0 0 0 41 0 0 39 0 0 31 0 32 0 0 0 0 0 0 0 0 0 45 0 50 52 0 0 0 0 79 0 0 0 75 0 0 0 0 0 0 0 0 56 60 0 1 3 0 0 0 0 0 0 80 
57 0 0 0 0 0 0 0 58 0 0 0 0 0 10 0 11 9 0 0 2 0 0 0 0 0 0 0 0 0 32 0 29 30 0 26 0 25 0 0 0 0 0 0 18 0 0 42 36 0 0 0 0 0 68 0 0 0 0 65 0 0 0 0 0 0 0 0 45 47 0 0 0 0 0 0 0 0 0 0 71 
0 0 0 0 0 0 0 0 0 0 0 0 11 5 0 0 0 6 0 0 0 0 0 0 0 0 0 0 0 0 0 0 0 27 0 0 0 0 0 0 0 0 14 0 0 0 0 0 0 0 0 0 0 0 65 0 0 0 0 0 0 0 0 0 0 0 0 0 0 0 0 0 0 72 0 0 0 0 0 73 0 
0 0 0 0 0 0 0 0 0 0 0 0 0 0 0 63 0 0 0 55 0 0 0 58 56 52 0 1 79 0 0 0 0 0 0 0 0 0 0 0 0 0 0 0 0 0 0 12 0 0 0 0 0 0 0 0 0 0 0 0 0 0 0 19 0 0 0 18 0 0 0 0 0 0 42 0 0 0 0 0 41 
0 0 13 0 8 0 0 0 0 0 0 48 47 0 0 0 0 42 32 0 0 0 0 0 0 34 39 64 0 66 0 60 0 0 0 59 0 0 0 0 54 0 0 57 0 0 71 0 0 0 0 0 72 70 0 0 0 0 0 17 0 0 0 1 0 79 0 0 0 0 0 0 25 0 24 0 0 0 0 0 0 
18 16 0 0 0 0 14 0 0 0 0 0 0 0 52 0 53 0 0 0 0 0 42 0 47 0 48 0 0 0 0 0 0 72 76 0 0 0 0 0 63 0 0 66 0 0 0 3 0 0 0 0 0 0 0 0 0 0 0 0 0 0 0 0 0 0 0 0 0 8 0 0 0 0 33 35 0 0 0 37 0 
0 0 0 0 0 33 32 0 0 0 0 0 0 0 0 0 0 0 59 0 62 0 0 0 0 0 0 0 0 0 11 0 0 0 0 5 0 0 0 80 0 79 77 3 78 0 0 0 0 0 20 0 0 0 47 0 0 0 0 0 0 0 0 28 0 0 0 0 0 0 0 0 0 54 0 53 0 56 0 55 0 
0 0 0 0 80 0 0 0 0 0 0 0 0 0 34 0 0 0 23 0 0 0 0 31 0 0 0 55 0 0 0 0 0 0 0 0 46 0 0 0 0 0 0 48 0 0 0 66 0 0 0 0 0 0 0 0 0 0 0 0 0 0 0 0 0 0 0 0 0 0 0 0 0 0 0 0 0 0 21 0 0 
0 0 0 0 0 0 0 0 46 4 0 0 0 0 79 81 0 0 0 0 71 0 69 0 74 0 0 0 16 21 0 15 0 0 22 0 0 0 0 0 0 0 0 0 0 0 0 0 0 0 0 0 27 25 56 0 0 0 0 0 0 57 0 37 0 0 0 0 0 0 39 0 0 63 0 0 0 0 0 0 0 
0 0 0 0 0 0 0 0 0 0 0 0 20 0 16 18 0 0 0 0 0 9 0 0 0 7 12 0 0 0 0 0 0 36 40 0 28 0 0 0 0 0 23 0 0 0 0 0 0 0 0 0 0 0 0 0 0 0 0 0 0 0 0 55 0 0 56 0 0 53 57 0 79 0 0 80 0 2 0 0 0 
0 0 76 0 0 0 0 0 0 0 0 0 0 0 0 27 0 0 0 19 17 0 0 0 0 0 21 0 0 0 0 0 0 0 0 0 37 40 38 0 36 0 0 39 0 50 53 0 0 55 0 0 0 0 0 0 0 0 0 0 81 0 0 0 59 0 0 63 0 0 0 67 7 0 0 0 0 0 0 0 0 
67 65 71 0 0 64 0 0 68 0 0 0 0 0 0 0 21 0 9 0 12 13 0 0 0 0 0 0 0 43 42 0 0 40 44 36 0 0 33 0 31 0 0 34 0 0 0 0 0 0 0 0 49 0 0 0 0 0 0 0 0 0 72 0 0 56 0 0 0 0 61 0 0 0 0 0 0 0 0 0 0 
13 0 0 0 12 0 0 0 14 0 0 0 0 0 47 0 0 0 36 0 0 0 37 0 0 38 0 0 0 0 0 0 0 0 0 0 59 62 0 0 0 0 0 0 55 0 0 0 0 77 0 0 0 0 0 0 0 0 0 0 0 0 0 0 0 0 0 0 0 3 0 0 0 31 0 0 0 0 0 0 0 
0 0 0 0 0 0 54 0 59 0 0 0 15 9 0 0 0 10 0 0 0 4 0 0 6 0 0 0 0 0 0 28 0 0 0 0 0 26 0 0 0 0 0 0 0 0 0 0 0 0 42 0 0 0 0 0 0 0 0 0 0 0 63 0 45 0 0 0 0 48 0 0 0 0 0 0 80 0 0 0 0 
0 2 8 7 0 1 0 6 0 0 0 43 0 0 38 0 39 0 0 0 30 0 0 0 0 0 0 0 0 0 0 0 57 0 0 0 0 0 0 0 0 0 0 52 0 63 66 0 0 0 0 0 67 0 15 0 0 0 0 0 0 0 0 0 0 0 0 0 0 0 0 0 0 0 0 0 0 24 0 23 0 
0 0 0 0 0 0 27 0 32 0 0 70 0 0 0 0 0 64 0 0 0 0 0 0 0 0 0 5 2 0 6 0 0 0 8 0 0 0 0 0 0 0 0 0 0 0 12 0 0 14 0 0 0 0 0 0 0 0 0 39 0 0 0 0 18 0 24 0 0 0 0 0 0 0 0 0 53 51 52 0 0 
0 0 53 52 48 0 0 0 50 0 0 0 0 0 0 0 0 0 72 77 0 0 0 0 0 74 0 23 0 0 24 0 21 22 0 0 0 0 15 0 0 11 0 16 0 0 30 34 0 32 0 0 0 0 60 0 0 0 0 57 0 0 0 0 36 0 42 0 0 0 0 0 0 0 0 0 0 0 0 0 0 
0 0 44 0 0 0 0 0 0 0 0 79 78 0 0 0 0 0 63 0 0 0 0 0 69 0 0 0 0 0 0 0 0 13 0 0 0 0 0 3 0 0 0 7 0 0 0 0 19 0 0 0 0 20 0 0 0 0 47 0 0 52 0 0 0 0 33 0 0 0 0 0 56 0 0 0 0 0 61 0 54 
0 74 0 0 0 0 0 78 0 35 0 0 0 0 29 0 30 0 0 23 21 0 19 0 0 20 0 0 47 52 0 0 0 0 0 0 0 0 42 0 0 0 0 0 0 0 0 0 0 0 0 0 0 56 0 0 0 5 2 0 0 0 81 68 0 0 0 0 0 0 0 71 0 13 0 0 0 0 0 0 0 
22 0 0 0 0 0 0 0 0 0 0 0 0 0 0 0 57 0 0 0 0 49 0 0 51 0 0 0 0 79 0 0 75 0 80 0 0 71 0 0 0 0 0 0 0 0 0 0 0 0 0 0 0 0 0 0 0 0 0 0 0 0 27 0 0 11 0 0 0 0 0 0 0 0 0 0 0 0 43 0 36 
