9
0 0 0 0 0 0 0 80 0 6 0 0 0 4 0 0 0 0 0 0 0 0 0 0 0 0 0 0 0 0 51 0 52 0 55 0 0 0 0 0 14 20 0 18 0 0 0 0 0 0 0 47 0 0 0 0 0 0 0 0 0 26 24 0 0 0 0 35 0 0 0 38 0 0 0 0 0 0 59 0 0 
0 0 0 28 0 0 0 0 0 0 0 0 32 31 0 0 0 0 13 14 0 17 0 19 0 0 0 0 0 0 78 77 0 0 0 0 40 0 0 0 0 0 0 0 0 0 0 0 0 0 0 0 0 0 0 0 0 0 0 0 0 0 0 0 0 0 0 0 0 0 0 65 0 0 9 0 0 0 0 8 0 
52 0 0 0 0 0 0 53 0 0 0 0 0 58 65 0 0 61 0 0 45 0 0 0 0 43 39 0 0 26 0 23 0 0 0 0 67 0 0 71 0 0 0 0 0 0 13 0 0 0 0 20 0 0 0 0 0 0 0 76 0 0 78 0 10 0 0 0 0 7 0 11 0 34 36 33 37 0 0 0 0 
61 0 0 0 0 0 0 0 0 0 0 0 68 67 0 0 0 0 49 0 0 53 0 55 56 0 0 0 0 35 0 0 34 0 0 36 0 0 0 0 0 0 0 0 0 0 22 0 0 0 0 0 0 0 0 0 0 0 0 0 0 8 6 0 0 0 0 0 13 0 0 0 0 0 0 0 0 0 0 0 0 
70 0 67 0 0 0 0 0 66 0 80 0 0 0 0 1 0 0 0 0 0 0 60 64 0 0 0 40 0 0 0 0 43 0 46 0 0 0 0 8 0 0 0 9 0 0 0 30 36 0 0 0 0 0 0 0 0 0 0 0 20 0 0 0 0 0 0 0 0 0 0 0 0 52 0 0 0 48 0 53 0 
7 0 0 0 0 0 5 8 0 0 0 12 0 0 20 19 0 0 76 0 0 0 78 1 0 0 0 0 0 0 0 0 0 0 0 0 0 0 0 0 0 29 0 0 0 0 0 48 0 0 0 0 0 0 0 0 0 0 30 0 38 35 0 0 0 0 0 0 0 0 0 0 0 0 0 0 0 0 0 0 0 
0 38 0 0 36 0 0 0 0 0 0 0 0 0 0 0 0 0 0 0 0 26 0 0 0 0 0 4 0 0 0 0 0 0 0 9 0 0 0 0 50 0 52 0 51 0 0 0 0 0 0 2 0 0 0 0 0 0 0 58 0 0 0 0 0 68 69 0 0 0 0 0 13 0 0 0 0 0 0 17 0 
0 0 0 0 0 42 0 0 0 0 0 0 0 49 0 55 0 0 0 0 0 0 33 0 0 0 0 0 0 17 0 0 0 0 0 0 0 0 0 62 0 0 0 0 0 0 0 0 0 10 0 0 7 8 0 0 68 0 0 0 0 71 69 0 0 0 0 0 76 0 0 2 0 0 0 0 0 0 23 0 0 
16 0 0 0 0 0 0 0 12 24 0 0 0 0 0 0 0 25 0 0 0 8 0 0 0 0 0 0 0 0 0 0 0 0 0 0 0 0 0 0 0 0 0 0 0 0 58 0 0 0 60 0 0 0 0 46 0 0 0 40 0 0 0 0 0 50 51 0 0 0 0 0 76 79 0 78 0 0 0 0 0 
0 45 38 0 0 0 0 0 0 0 0 0 48 0 0 0 52 0 29 0 0 33 31 35 0 0 28 0 0 15 13 0 0 10 0 16 0 62 0 0 0 63 0 0 58 0 0 0 0 0 0 0 0 0 0 0 0 0 0 0 0 0 0 0 0 0 0 78 0 0 0 0 0 0 0 0 0 0 0 24 0 
14 0 0 0 16 13 0 0 0 22 0 0 21 20 0 0 0 0 0 3 0 0 0 8 0 5 0 0 0 0 0 0 0 64 0 0 29 0 0 0 0 0 0 0 0 0 0 0 0 0 0 63 0 0 0 0 0 0 0 0 0 0 0 52 0 0 0 0 0 0 0 54 0 0 0 0 0 0 0 0 81 
0 0 0 0 0 0 0 0 0 31 0 28 0 0 0 0 0 0 0 0 16 0 0 0 0 0 0 0 0 0 76 0 0 0 0 0 0 0 0 0 39 45 0 0 0 0 0 0 70 0 0 0 68 0 0 0 0 52 0 47 0 0 0 0 0 57 0 0 0 0 0 63 0 0 0 4 0 0 0 0 9 
0 0 0 0 7 0 0 0 0 0 0 0 0 0 18 0 16 14 0 0 0 0 0 0 0 0 0 0 0 0 0 57 59 0 62 0 0 0 0 24 0 0 0 0 22 48 0 46 0 0 0 0 50 0 0 0 0 0 0 29 0 0 31 0 44 0 0 0 0 0 0 0 0 0 0 0 0 64 66 0 0 
0 63 0 0 0 0 0 60 55 0 69 0 66 0 0 0 0 0 47 0 0 0 0 0 0 0 0 0 0 0 31 0 32 0 0 0 0 0 0 0 75 0 0 79 0 0 0 0 0 0 0 27 0 24 0 8 0 0 0 0 0 0 0 0 0 0 0 0 0 0 0 0 0 0 0 0 0 37 0 0 0 
0 81 0 0 79 0 75 0 73 0 6 0 3 2 0 0 0 0 65 0 0 0 0 0 0 0 0 0 0 0 0 48 50 0 0 0 11 17 10 0 0 0 14 0 0 0 0 37 0 44 0 0 0 0 0 0 21 0 0 0 0 0 0 0 0 0 0 0 0 32 0 36 0 0 0 0 0 0 0 0 0 
32 0 0 0 0 31 0 0 0 0 42 0 0 0 0 0 0 0 0 0 25 0 0 0 0 0 19 0 9 0 4 0 0 0 0 0 47 0 0 0 0 0 0 0 0 0 0 0 0 0 0 0 0 0 59 0 0 61 0 56 0 0 0 0 0 66 0 0 0 68 64 0 11 0 0 0 0 0 12 15 18 
0 0 0 0 0 0 0 51 0 0 0 0 0 0 0 0 0 0 38 0 0 0 0 44 45 0 37 0 0 0 0 0 0 0 0 0 0 0 0 0 0 0 0 0 0 0 0 0 0 0 0 0 0 0 0 0 0 0 0 0 0 0 0 7 0 0 0 0 0 5 1 0 0 0 0 0 0 0 30 0 0 
0 0 0 0 0 0 0 0 0 76 78 0 0 0 0 0 0 0 0 0 0 0 0 0 0 0 0 0 0 0 0 0 0 0 0 43 0 8 0 0 3 0 0 7 0 30 0 0 0 0 0 0 0 0 0 0 0 16 0 0 0 15 13 0 0 21 0 0 0 0 0 0 0 0 0 0 0 46 0 0 0 
0 0 0 57 0 0 0 0 0 62 0 59 0 0 67 0 0 0 0 0 0 0 0 48 0 0 0 0 31 0 0 0 0 0 30 29 0 0 0 0 0 76 0 74 71 0 0 0 20 0 0 22 0 0 81 3 0 0 0 78 0 0 0 0 0 7 0 10 6 0 5 13 0 0 38 35 0 0 34 37 0 
0 0 60 66 0 0 61 0 59 0 73 68 0 0 0 0 0 72 0 0 56 0 0 0 0 54 0 0 0 0 35 0 0 0 0 0 0 3 77 0 0 0 0 0 0 25 0 0 0 0 0 0 0 28 0 0 0 11 0 0 0 0 0 0 0 16 0 0 0 0 0 0 0 0 0 44 0 0 0 46 49 
0 13 6 0 0 0 0 0 0 17 0 0 0 0 0 0 20 0 78 0 0 0 0 0 0 81 0 60 0 0 0 0 0 59 0 65 0 0 0 0 25 0 0 0 0 0 51 0 0 57 0 0 54 0 0 0 0 0 0 0 0 0 35 0 0 0 0 0 0 0 0 0 0 72 74 71 0 0 0 0 0 
0 0 0 0 0 80 0 0 0 0 0 0 7 0 0 0 0 0 0 0 0 0 0 0 0 0 0 51 58 0 0 0 0 0 0 0 0 21 0 19 0 0 0 0 0 43 0 41 0 48 0 0 0 0 0 0 0 0 0 0 0 0 0 0 0 34 0 37 33 0 0 40 60 63 0 0 66 59 0 0 67 
0 0 0 0 0 0 0 0 0 0 0 0 0 0 0 0 0 0 0 0 0 0 0 12 0 0 0 0 0 0 71 0 0 0 0 0 0 0 0 0 0 0 36 0 0 0 0 0 0 0 0 67 0 64 0 48 0 0 0 0 49 0 0 0 0 0 0 0 0 0 0 0 0 81 0 0 0 0 79 0 4 
0 0 0 0 0 0 0 0 0 0 0 32 0 0 40 0 0 36 15 0 20 0 0 0 0 18 0 0 0 0 0 0 0 0 3 0 0 0 41 0 0 0 0 0 0 70 0 0 74 75 0 0 0 0 0 0 52 0 0 0 0 0 0 0 0 61 0 64 0 0 59 0 0 9 0 0 0 0 0 0 0 
0 0 0 75 0 0 0 0 0 80 0 0 79 0 0 3 0 81 60 0 0 0 0 66 0 0 0 0 0 46 44 0 0 0 0 0 0 0 0 0 0 0 0 0 0 34 33 0 0 0 0 40 0 0 0 0 0 0 0 0 0 0 0 0 0 0 0 0 24 0 0 0 0 0 0 53 0 50 0 55 58 
0 0 42 0 0 0 43 0 41 53 55 0 52 0 58 0 0 0 0 0 0 0 0 0 0 0 0 0 22 19 0 0 0 0 21 0 0 0 0 64 0 0 0 0 0 0 0 0 11 0 0 0 0 10 72 0 70 0 0 69 0 0 71 0 0 0 80 0 0 0 77 0 0 0 0 0 0 0 0 0 0 
0 0 0 0 38 0 0 37 32 0 0 0 0 0 0 0 0 0 0 0 0 0 0 0 0 27 0 0 0 0 0 0 0 5 0 0 0 0 0 0 52 0 0 0 0 0 0 0 0 3 0 4 0 0 0 0 0 0 0 0 67 0 62 0 0 70 0 0 0 0 0 0 0 0 20 17 21 0 16 0 22 
0 0 0 0 0 0 0 0 0 0 0 42 0 43 0 49 0 0 0 0 0 0 27 0 0 0 0 0 0 11 0 8 0 0 0 12 52 58 0 0 0 0 0 0 0 0 0 0 0 0 0 5 0 0 0 0 0 0 0 0 0 0 63 0 0 0 0 0 0 0 0 0 0 0 0 0 0 0 0 0 23 
0 59 0 0 0 0 0 0 0 0 0 0 0 61 0 0 0 0 0 0 0 0 0 0 50 46 0 0 32 0 0 26 0 0 0 0 0 76 0 74 0 0 0 0 72 17 0 0 0 0 0 23 19 20 0 0 0 3 0 0 5 0 0 0 0 0 0 0 0 0 0 0 0 37 0 0 0 33 0 0 0 
0 68 61 0 0 0 0 0 0 72 0 0 0 0 0 76 0 0 0 0 57 0 54 0 0 0 0 34 0 0 0 0 0 0 0 0 0 4 0 0 0 5 0 0 0 0 0 0 0 0 0 0 28 0 0 0 0 0 0 0 0 0 0 0 0 0 0 0 0 0 0 0 0 46 0 0 0 42 44 0 50 
0 0 0 0 21 18 0 20 0 0 29 0 0 0 0 0 0 28 7 8 0 0 0 0 0 0 0 0 0 0 0 0 0 0 0 0 34 0 0 38 35 0 37 0 36 0 0 0 0 0 0 0 0 0 0 0 0 0 0 0 0 0 45 0 0 0 54 56 0 0 0 0 0 0 0 0 4 0 0 0 0 
10 14 0 13 0 0 0 0 0 0 0 0 0 16 0 22 0 0 0 0 3 0 0 4 0 0 0 0 0 0 0 0 0 0 0 0 0 0 0 29 26 0 0 0 0 0 52 51 0 0 0 0 0 0 0 0 0 0 0 0 0 0 0 0 49 0 0 47 0 0 0 0 0 73 0 0 0 0 71 0 0 
1 0 79 0 0 0 80 0 0 9 0 0 0 0 14 13 0 10 70 71 0 0 0 0 0 73 0 0 0 0 0 53 55 0 0 0 0 22 0 0 0 0 0 21 18 0 0 42 0 0 0 0 46 47 0 0 0 0 24 0 0 0 0 0 0 0 36 38 34 0 0 0 0 64 0 0 0 0 0 0 0 
0 0 0 0 30 0 26 29 0 0 0 0 0 34 0 40 0 0 0 17 0 0 0 0 0 0 0 0 0 2 0 80 0 0 0 0 43 0 42 0 0 50 0 48 0 0 0 0 75 0 0 0 73 0 55 0 53 0 51 0 0 0 0 0 67 0 0 0 0 0 60 68 0 0 0 0 0 0 0 11 0 
0 0 70 0 0 72 71 0 0 81 2 0 0 79 0 0 0 0 0 0 0 65 0 0 68 0 60 0 0 0 0 44 46 0 0 0 0 0 0 0 0 0 0 0 0 35 0 0 39 0 0 0 0 0 19 0 0 0 0 16 0 0 18 30 0 0 0 0 0 0 0 32 0 0 57 0 0 51 0 56 0 
0 50 0 0 0 0 0 0 42 0 0 51 0 0 0 0 0 0 0 0 0 0 0 0 0 37 0 0 0 0 18 0 19 0 0 0 0 0 0 65 0 68 0 0 63 0 0 0 0 0 9 0 0 0 0 76 71 0 0 70 77 0 0 0 0 0 0 0 79 0 0 5 0 0 30 0 0 0 26 0 0 
0 0 0 33 0 0 0 0 0 0 0 0 0 0 43 42 0 39 0 0 0 0 20 0 0 0 0 0 0 4 0 0 0 0 6 0 0 0 44 0 0 52 48 0 0 73 0 0 0 78 0 79 75 0 0 0 0 0 0 0 0 0 0 0 0 0 0 67 0 0 62 0 0 0 0 0 15 8 10 0 0 
0 0 0 0 0 0 55 58 0 0 0 0 64 63 0 0 68 66 0 0 0 0 47 0 0 48 44 27 0 0 29 0 30 26 33 0 0 0 0 0 0 0 75 0 0 0 0 0 23 0 0 25 0 0 0 0 1 0 80 0 0 0 0 0 0 0 11 0 0 0 8 16 0 0 0 0 0 0 37 0 0 
39 0 0 0 0 0 37 40 0 47 0 0 0 0 0 0 0 0 27 0 0 0 0 0 34 0 0 0 0 0 0 0 0 8 15 0 0 0 0 0 0 61 0 0 0 0 81 0 0 0 2 0 0 4 0 0 0 0 0 0 0 0 65 0 0 73 74 0 72 0 0 0 0 0 0 20 0 0 0 0 0 
0 0 0 0 0 0 0 0 0 0 58 0 0 0 61 0 0 0 0 0 0 0 0 0 0 0 0 0 0 0 0 0 21 17 0 0 0 0 0 0 64 0 66 0 0 0 0 8 0 15 0 0 0 0 0 78 0 0 0 0 0 0 0 0 0 1 0 0 0 0 0 0 0 0 0 0 0 0 0 0 0 
0 0 0 0 0 0 0 0 0 0 0 0 0 0 0 0 0 0 0 0 0 0 0 0 61 0 0 36 0 0 0 37 0 0 0 0 0 0 0 0 0 7 3 0 2 0 27 0 32 33 0 0 0 31 0 0 0 0 0 0 0 0 0 23 24 0 0 0 0 21 0 0 0 48 0 0 0 0 0 49 0 
0 25 0 0 0 0 0 0 0 29 0 0 28 0 0 33 32 30 0 10 0 0 0 15 0 0 8 72 0 76 0 0 0 71 0 0 0 42 0 0 37 43 0 0 0 0 0 62 0 0 65 70 0 0 0 0 46 0 0 0 0 0 47 0 0 0 0 0 54 57 0 0 0 0 0 0 0 0 0 0 7 
75 0 0 0 0 0 0 0 0 0 0 0 0 0 0 0 5 3 0 0 0 0 0 0 0 0 0 0 0 0 0 0 0 0 0 0 0 0 8 13 0 0 0 0 0 0 0 0 0 0 0 0 0 0 0 0 0 0 0 0 0 0 0 0 0 28 0 0 0 0 0 0 0 0 59 0 0 0 0 0 0 
0 0 0 15 0 11 0 0 0 0 0 0 0 0 0 24 0 0 0 0 5 0 2 0 0 0 0 0 0 0 65 0 0 0 69 0 0 33 0 0 0 0 30 32 0 0 54 53 0 0 56 0 0 0 0 0 0 41 0 0 43 0 0 0 0 0 0 0 45 0 0 0 0 0 0 74 0 0 0 0 0 
3 7 0 0 0 0 0 0 0 11 0 0 0 0 0 15 0 0 0 0 0 0 74 78 0 0 0 54 0 0 0 0 0 0 0 0 18 0 0 0 0 0 21 0 0 46 0 0 0 0 47 0 0 0 30 0 0 0 0 0 34 0 0 0 0 0 0 0 0 39 0 0 0 0 0 0 0 0 0 0 70 
0 0 57 63 0 59 0 0 0 0 0 65 0 0 0 0 0 0 0 0 0 0 50 0 0 0 47 0 0 0 0 0 0 29 36 0 0 0 0 0 0 1 78 0 0 0 0 0 0 27 0 0 24 0 0 0 0 0 2 0 0 0 5 0 18 0 0 0 12 0 0 0 0 0 0 0 0 0 0 0 46 
33 37 0 0 0 0 31 34 0 0 43 0 0 0 46 0 0 42 0 0 0 0 0 0 0 0 20 0 0 0 0 0 0 0 0 0 0 0 0 0 0 0 0 53 0 0 75 0 0 0 0 0 0 0 0 0 0 62 0 0 0 0 0 0 0 0 0 0 66 69 0 0 0 15 0 0 0 0 0 0 0 
0 0 0 0 71 0 0 0 0 0 79 0 0 0 1 0 0 0 0 0 62 0 0 0 64 0 56 0 46 43 0 0 0 0 0 0 0 0 0 0 0 0 0 8 0 0 0 0 35 0 0 0 0 0 0 0 0 0 0 0 0 0 0 0 0 0 0 0 0 0 0 0 0 0 0 0 54 0 0 0 0 
42 0 0 0 44 41 0 0 0 0 0 0 0 0 0 0 53 0 0 31 0 0 32 0 0 0 0 0 19 0 0 13 0 11 0 17 0 0 0 0 0 0 60 0 0 0 0 0 0 0 5 0 0 7 0 0 0 0 0 0 0 70 0 0 0 0 0 0 75 0 74 1 21 24 0 0 27 0 22 0 0 
0 0 0 0 0 0 76 79 0 0 0 0 0 0 0 0 0 0 0 0 0 0 0 0 0 69 0 48 0 0 50 0 0 0 0 53 12 0 0 16 13 0 0 0 0 40 0 0 0 0 0 46 0 43 0 0 0 26 0 0 0 0 23 0 0 31 0 0 0 33 0 0 0 0 0 0 0 0 58 0 0 
0 0 0 0 0 0 0 0 0 59 61 0 0 0 0 0 0 0 0 0 44 43 0 0 0 0 38 0 28 25 23 0 0 0 0 0 66 0 0 0 0 0 69 0 0 0 0 0 0 18 0 0 0 0 0 0 76 0 0 0 0 0 0 0 0 4 0 0 3 0 2 0 0 0 0 0 0 0 0 0 0 
0 0 0 0 0 0 0 0 0 0 16 0 0 0 19 0 0 0 0 76 0 0 0 0 0 0 0 0 0 0 0 0 0 0 0 62 0 0 0 0 0 0 0 0 0 49 0 0 0 0 50 0 0 0 0 0 31 35 0 30 0 0 0 0 0 0 0 0 0 0 0 0 0 0 0 0 0 0 0 0 0 
0 0 0 0 26 0 0 0 0 0 0 0 0 0 0 0 0 33 0 0 0 16 0 18 0 0 0 75 1 0 0 0 78 0 0 0 0 0 0 0 0 0 0 44 41 0 0 0 0 0 0 0 69 0 51 0 0 0 0 0 0 0 50 0 63 0 0 0 57 0 0 0 0 0 0 0 0 0 0 0 10 
0 0 0 0 17 0 0 0 0 0 0 20 0 21 0 0 26 0 0 0 8 0 5 0 10 0 0 0 0 70 0 0 0 0 0 71 30 0 0 34 0 0 0 0 0 0 57 0 0 0 0 0 60 0 0 0 0 0 0 0 0 0 0 53 54 49 0 0 0 0 0 0 0 0 0 77 81 74 0 0 0 
71 0 0 0 0 0 0 0 0 0 0 0 0 0 0 0 0 0 0 60 0 0 61 0 0 62 0 0 0 0 43 0 0 0 47 0 0 11 0 0 0 0 0 0 0 0 0 0 0 0 0 0 0 0 0 0 0 0 0 0 0 0 0 0 0 24 0 0 0 0 0 0 0 0 0 0 0 49 0 0 0 
0 0 0 0 0 0 0 0 0 0 0 0 51 0 0 0 0 0 0 0 0 0 0 0 0 0 0 14 21 0 0 0 0 0 0 19 59 0 0 63 0 0 0 0 0 0 0 4 0 0 7 0 0 0 0 0 0 0 67 68 0 0 0 0 0 0 0 81 0 0 0 3 0 26 0 0 29 0 24 27 0 
0 0 0 0 19 0 15 0 0 0 0 0 0 23 0 0 28 0 0 0 0 0 0 0 0 0 0 0 0 0 0 0 0 0 0 0 0 38 0 0 33 0 0 0 0 60 0 0 0 0 0 0 0 0 44 0 0 0 40 41 0 0 0 0 0 0 0 0 0 0 0 0 0 0 0 79 0 0 0 81 0 
0 0 0 0 0 0 0 0 0 0 0 0 0 0 75 0 0 0 50 0 55 0 0 0 0 53 0 0 0 0 0 0 0 0 0 0 0 0 0 0 0 0 0 0 0 0 0 0 28 29 25 0 0 0 0 11 0 0 4 0 0 0 0 19 0 0 0 0 0 0 13 21 0 0 0 0 47 0 0 0 48 
35 0 0 0 0 0 0 0 0 43 0 0 0 0 0 0 0 44 0 24 0 0 0 29 0 0 22 0 12 0 0 0 0 4 0 0 0 0 0 54 0 0 0 0 52 0 77 76 0 0 0 0 0 0 0 0 60 0 0 0 0 0 0 0 0 0 0 0 0 0 67 0 0 0 19 16 0 0 0 0 21 
26 0 23 29 0 0 24 0 0 34 0 31 0 0 39 0 37 35 0 0 0 0 0 20 0 0 0 77 0 81 0 78 0 0 0 0 0 0 0 45 42 0 0 0 0 0 68 0 0 0 0 0 0 0 0 56 0 0 0 50 0 0 52 0 0 0 61 0 59 0 0 0 0 0 0 0 0 0 0 0 12 
0 0 0 11 0 7 0 0 0 0 0 0 0 0 0 0 0 0 77 0 0 0 0 2 0 0 0 59 0 0 61 0 0 0 0 64 0 0 0 0 0 0 0 0 25 0 0 49 0 0 0 0 0 0 0 38 0 37 0 32 39 0 0 0 47 0 0 0 0 0 0 0 0 0 73 0 0 0 0 0 0 
0 0 50 0 0 0 0 0 49 0 63 0 0 0 0 65 0 62 0 0 0 0 0 0 48 44 0 0 0 27 25 0 0 0 0 0 0 0 0 0 0 0 0 73 0 0 14 13 0 0 0 0 0 0 0 0 0 1 0 0 0 81 79 0 0 6 0 0 5 0 0 12 0 0 0 0 38 0 0 36 0 
80 3 77 0 0 0 0 0 0 0 0 0 6 0 0 0 0 0 0 0 0 0 0 0 0 0 0 0 0 0 52 0 0 0 0 0 0 0 13 0 0 21 0 0 16 42 0 0 0 0 43 0 0 0 0 0 0 28 22 0 0 0 0 0 0 0 34 36 32 0 0 0 0 0 0 0 0 0 0 0 0 
0 0 0 0 0 0 0 75 0 1 0 0 81 0 0 0 0 0 0 63 0 0 0 0 0 0 0 0 51 0 0 0 0 0 0 0 0 0 7 0 0 0 0 0 0 0 0 0 0 0 0 0 0 0 0 0 0 22 0 17 24 0 0 0 32 0 0 30 0 29 25 0 0 0 0 0 0 0 0 0 0 
0 0 0 0 0 19 0 0 0 0 0 0 0 0 0 0 0 0 0 0 13 0 0 14 15 11 0 0 0 0 0 0 0 0 0 76 35 0 0 0 0 42 38 0 0 0 0 0 0 0 0 69 0 0 0 0 0 0 43 0 0 0 0 0 0 0 0 57 0 0 0 60 80 0 4 1 5 79 0 3 0 
0 0 0 0 0 0 0 0 0 19 21 0 0 0 0 0 0 20 0 0 0 0 1 5 6 0 0 0 0 0 0 0 0 61 0 0 0 0 0 0 27 0 29 31 0 0 0 52 0 0 0 0 0 0 0 0 0 0 0 0 0 39 0 49 50 45 0 0 0 47 0 0 0 0 0 0 0 0 0 0 0 
0 0 0 0 4 1 0 0 0 0 0 7 9 0 0 0 0 0 71 0 0 75 0 77 0 0 70 0 0 0 0 0 0 0 0 0 0 0 0 21 0 0 0 0 19 0 0 0 49 0 46 0 0 48 0 0 27 0 25 0 0 0 0 0 41 0 37 0 0 0 0 0 62 0 0 0 68 0 0 0 0 
0 33 0 0 0 0 0 0 25 0 0 0 36 0 0 0 0 0 0 0 0 0 0 0 0 0 0 0 0 0 0 0 2 0 0 4 44 0 0 0 0 0 0 49 0 0 0 0 0 0 0 0 0 0 0 59 0 0 0 0 0 57 55 0 0 0 0 0 0 0 61 0 0 0 0 0 0 0 9 0 0 
0 0 0 0 0 0 0 57 0 0 0 0 63 0 0 0 0 0 0 0 0 0 0 0 0 0 0 0 33 0 0 27 0 0 32 0 0 77 0 75 0 0 74 0 0 18 0 0 0 0 0 0 0 0 0 5 0 0 0 0 0 0 0 13 0 0 0 0 8 0 7 0 0 0 0 0 0 0 36 0 0 
47 0 0 50 0 46 0 0 0 0 57 0 0 53 0 59 0 0 0 0 0 0 37 0 0 0 0 17 0 0 19 18 0 0 0 22 62 0 0 0 0 0 0 0 0 9 0 0 0 0 10 0 0 0 0 77 0 0 0 0 0 75 0 0 0 0 0 3 0 0 0 0 0 0 0 0 0 0 27 0 0 
0 0 0 0 0 0 0 0 0 46 0 0 0 44 51 0 0 0 0 0 31 0 0 0 0 0 0 0 0 0 10 0 11 0 14 0 53 0 0 0 54 60 0 58 0 0 0 0 0 0 0 6 0 0 0 0 0 0 61 0 0 0 0 0 77 0 73 75 71 74 70 0 17 20 0 0 23 0 0 0 24 
0 0 62 0 0 0 0 0 0 73 0 0 0 71 78 0 0 74 0 0 0 0 55 0 0 56 0 0 0 0 37 36 0 34 0 0 0 0 0 0 81 0 2 0 1 0 0 0 0 0 0 0 0 0 0 14 0 0 0 0 0 0 0 22 23 0 0 0 0 0 16 0 44 0 0 0 0 0 45 48 51 
0 0 0 0 6 0 0 0 81 12 14 0 0 0 17 0 0 0 0 0 0 0 0 0 0 76 0 55 0 0 0 0 0 0 0 60 19 0 18 0 0 0 22 0 0 0 0 0 0 0 0 0 0 50 31 0 0 33 0 0 0 0 0 0 43 0 0 0 0 0 0 0 64 0 0 66 0 0 0 0 0 
0 0 73 0 0 0 0 0 72 0 0 0 0 1 8 0 0 0 0 0 0 0 0 70 71 0 0 0 0 0 0 0 0 45 0 0 10 0 0 0 0 17 0 0 0 38 37 0 0 0 39 0 0 0 0 0 20 0 0 19 0 0 0 0 0 29 0 0 0 0 0 0 0 0 0 0 0 0 0 0 0 
0 0 0 0 0 0 65 0 0 75 0 0 0 0 0 79 0 0 0 56 0 59 0 0 62 0 0 37 0 41 0 0 40 0 0 0 0 0 0 0 0 8 4 0 0 0 0 0 0 0 0 0 0 0 0 0 0 0 0 0 0 0 0 0 0 20 0 0 0 0 0 26 0 0 0 0 0 0 47 50 0 
0 0 0 0 15 0 0 0 0 0 23 0 0 0 26 0 0 0 0 0 6 0 3 0 0 0 0 0 0 0 66 0 0 63 0 0 0 34 0 0 29 0 31 0 0 0 0 0 0 0 0 0 0 0 0 0 0 0 0 0 0 41 0 0 0 0 0 0 46 0 0 0 73 0 0 0 79 0 0 77 0 
0 0 0 0 0 0 0 0 0 0 68 63 65 0 0 0 0 0 0 0 0 0 0 0 0 0 45 0 0 0 30 0 31 0 34 33 0 79 0 77 0 0 0 0 0 0 0 18 0 0 0 26 0 0 0 7 0 0 0 1 0 5 0 0 0 11 0 14 10 13 0 0 0 0 0 0 0 0 38 0 0 
0 0 0 0 0 0 0 0 0 0 0 0 0 0 0 0 33 31 0 0 15 0 0 0 0 0 0 73 0 0 0 0 0 0 0 0 0 0 0 0 0 0 0 0 0 0 0 63 69 0 0 71 0 68 0 0 0 0 0 46 0 0 0 0 0 0 0 0 0 0 0 0 0 0 0 0 7 81 0 5 8 
0 53 0 0 0 0 0 50 0 0 0 0 0 0 0 61 0 0 37 0 0 41 0 0 0 0 36 0 0 0 0 0 0 18 0 0 0 0 0 0 0 0 0 0 0 11 0 9 0 0 0 17 0 0 0 0 0 0 0 0 0 77 75 0 0 0 0 0 1 4 0 8 0 31 0 0 0 0 0 32 0 
0 35 0 0 0 30 29 0 0 0 0 0 0 0 0 0 0 0 0 20 0 0 21 25 0 0 0 1 8 0 0 2 4 0 0 0 0 0 45 0 0 53 49 0 0 0 73 0 0 79 0 80 0 0 0 0 0 0 54 0 0 0 57 0 70 0 66 0 0 67 0 0 0 0 0 0 0 0 0 0 0 
0 0 0 0 42 0 0 0 0 0 0 0 0 0 0 0 0 0 28 29 0 0 0 0 0 0 0 0 0 0 0 11 0 9 0 15 0 0 0 0 0 0 0 0 0 2 0 0 0 0 3 8 4 5 0 0 0 0 0 64 0 68 0 0 0 0 0 0 0 0 72 0 0 0 0 21 0 18 20 0 26 
