9
0 0 0 0 0 0 0 0 0 0 0 35 0 0 0 0 0 0 0 0 0 0 0 0 0 0 0 0 0 0 0 0 0 0 0 0 0 0 0 20 0 0 0 0 0 0 0 0 0 0 0 0 0 0 0 0 0 0 0 0 0 0 0 49 0 0 47 0 0 0 0 42 0 0 0 0 0 0 0 81 0 
0 0 0 0 0 34 0 0 0 0 0 0 0 0 0 0 19 0 0 0 0 42 0 43 0 49 48 71 0 0 0 0 0 70 0 73 0 77 80 0 0 0 0 0 1 11 0 0 0 0 0 0 0 12 0 0 0 52 0 0 51 0 55 0 0 0 0 0 0 0 0 0 59 66 67 0 0 62 0 63 0 
30 0 0 0 0 25 0 0 0 0 0 0 0 0 0 0 0 11 32 0 0 0 0 34 35 0 0 0 67 60 0 66 0 0 0 0 0 0 0 0 69 0 0 0 0 0 0 0 0 0 0 0 0 0 0 0 41 43 0 49 0 0 0 0 0 0 0 0 0 0 0 0 0 0 0 0 0 0 56 54 0 
0 81 0 0 0 0 1 0 4 0 0 0 0 66 0 0 64 0 0 0 0 0 0 7 0 0 0 0 0 0 0 0 0 0 0 0 0 0 0 0 0 0 0 0 46 0 0 0 0 0 55 52 0 0 0 0 0 0 0 0 15 21 0 0 0 0 0 0 0 0 0 69 0 30 0 0 0 0 0 0 0 
0 0 0 0 0 0 0 0 0 0 0 0 0 0 0 0 1 0 0 29 0 0 0 0 0 0 0 0 0 0 0 0 0 0 0 0 67 0 0 65 0 0 0 63 64 0 76 69 0 0 0 70 0 0 0 35 32 34 0 0 0 0 0 13 0 0 0 0 0 0 9 0 0 0 0 43 0 0 0 0 0 
48 45 44 0 0 0 0 0 49 0 0 0 0 0 0 0 28 0 0 0 0 0 0 0 0 0 0 0 0 0 81 3 0 0 0 1 0 5 0 11 6 0 0 0 0 0 22 0 0 17 0 0 0 21 0 0 0 0 0 0 0 0 64 40 0 0 0 0 0 0 36 0 68 75 0 70 0 0 0 0 0 
0 0 0 0 11 0 0 0 0 0 0 71 0 75 72 0 0 0 0 20 19 0 0 0 17 0 0 0 0 0 0 0 0 0 0 0 0 0 0 56 0 0 0 0 0 0 0 0 0 62 0 0 0 0 29 0 0 0 0 0 24 30 0 0 0 0 0 77 0 0 0 0 0 0 40 0 0 35 0 0 0 
0 63 0 0 0 0 0 60 0 0 0 44 0 48 0 0 0 0 0 0 0 0 0 0 0 0 0 0 0 15 0 21 0 16 20 0 0 0 0 0 24 30 0 0 0 38 0 0 0 35 0 0 0 0 0 0 0 0 81 4 0 0 0 0 0 57 0 0 0 0 0 0 0 0 0 0 0 8 0 0 0 
0 72 0 0 0 0 73 0 76 0 50 0 52 0 0 0 0 0 0 0 1 0 0 0 0 0 0 0 31 24 0 30 0 0 0 0 0 0 0 0 0 0 0 0 0 0 0 42 45 0 0 0 0 0 11 0 0 0 9 0 0 0 0 67 62 0 0 0 0 0 0 0 0 0 0 0 0 17 0 18 0 
0 0 0 0 14 0 0 9 16 0 0 0 0 0 0 0 0 0 0 23 0 0 0 0 0 0 0 0 0 0 0 0 0 0 0 0 0 53 0 0 0 60 0 0 0 0 70 0 66 0 67 0 0 0 32 0 0 0 0 34 27 0 0 0 0 0 0 0 0 0 0 0 35 0 0 37 0 38 0 0 40 
0 0 47 0 0 0 0 45 0 0 0 0 0 33 0 0 0 0 0 0 0 0 57 0 0 0 0 0 7 0 0 0 0 0 0 0 0 0 0 0 0 0 10 0 13 0 0 0 0 0 22 19 0 0 0 0 0 0 0 0 0 0 67 0 0 42 0 0 0 40 0 0 0 0 79 73 0 0 0 75 0 
0 0 0 0 0 0 0 0 0 25 17 0 0 24 0 0 0 0 44 0 49 45 48 0 0 0 51 74 0 0 0 0 0 0 0 76 0 0 0 0 0 0 0 3 0 0 16 9 0 11 13 0 8 0 59 56 0 0 0 0 0 0 0 34 0 0 32 0 0 31 0 0 0 69 70 0 0 65 68 0 0 
0 0 0 0 0 0 31 0 0 0 8 0 0 0 0 0 0 0 35 0 0 0 0 0 0 0 0 0 70 0 0 0 0 0 0 67 0 0 0 0 72 0 0 0 76 0 0 81 0 0 0 0 0 6 0 0 0 0 0 0 0 0 49 0 20 0 0 0 0 0 0 0 0 60 61 0 0 0 0 57 0 
24 0 0 0 0 0 0 0 0 7 0 0 0 0 0 0 0 0 26 0 0 0 0 0 29 0 0 0 0 0 0 0 0 0 0 58 0 62 0 0 0 0 0 0 0 0 0 0 0 0 0 0 0 78 0 0 0 0 0 0 0 0 40 0 0 0 0 8 0 0 0 9 0 51 0 0 0 0 0 0 0 
0 0 2 0 0 0 0 0 0 0 0 0 64 0 0 0 67 0 0 0 0 0 12 0 0 0 0 0 43 0 0 42 0 0 0 0 0 44 0 50 0 51 0 0 0 0 0 0 0 56 0 55 0 0 0 0 0 19 21 0 0 0 0 0 0 0 77 0 73 0 0 0 0 0 34 0 0 0 32 0 0 
0 0 0 0 0 73 0 72 0 0 0 0 0 0 0 0 58 59 0 0 0 0 0 1 0 7 0 29 0 0 30 0 0 28 0 0 0 0 0 0 0 0 0 0 40 0 0 0 48 0 0 0 0 0 0 0 0 0 0 0 0 0 13 70 65 69 0 0 0 67 0 0 0 0 25 0 0 0 0 21 0 
0 0 0 0 0 0 0 0 0 0 44 0 0 0 48 0 0 0 0 0 76 0 75 73 0 0 0 0 0 0 0 0 0 0 0 0 0 0 29 32 0 0 0 0 0 0 0 0 0 0 0 0 0 42 5 2 0 0 0 0 0 0 0 0 0 0 0 0 0 58 0 0 8 0 0 0 0 0 0 0 0 
0 0 56 0 0 0 0 54 0 0 0 0 37 0 0 0 0 0 62 0 0 0 0 0 0 0 0 11 0 0 0 0 0 0 0 0 0 0 0 0 0 0 0 0 0 0 34 0 0 29 31 0 26 0 0 0 71 0 0 0 0 0 0 52 47 0 0 0 0 0 0 0 0 0 7 0 81 0 0 0 0 
0 0 0 42 0 0 47 0 0 0 0 0 0 0 0 0 0 30 0 0 56 0 0 0 0 0 0 81 5 0 1 0 0 0 0 0 0 0 9 12 0 0 0 0 11 0 0 0 0 0 0 0 15 0 0 0 0 0 0 0 0 67 0 0 36 0 0 0 35 0 0 0 0 0 77 0 0 0 0 0 74 
0 19 0 0 0 0 0 16 23 5 0 0 0 0 0 0 0 0 0 30 0 0 0 0 0 0 31 0 59 0 55 0 0 53 57 0 0 0 0 66 61 0 62 0 0 0 0 0 0 0 0 0 69 0 0 36 0 0 0 41 0 0 0 14 9 0 12 0 8 0 0 0 42 0 0 0 0 45 0 46 0 
0 37 0 0 0 0 0 0 0 23 0 0 17 0 0 0 20 0 0 0 0 0 0 0 0 0 0 0 0 70 0 0 0 0 0 0 0 0 0 0 79 0 0 0 0 0 0 0 10 9 11 0 0 0 0 0 0 53 0 59 0 0 56 0 0 0 0 0 0 29 0 0 0 0 0 0 0 0 0 64 0 
0 0 0 0 0 0 0 0 0 77 69 72 71 0 0 0 0 0 0 0 0 0 0 17 0 0 0 45 0 0 0 49 0 0 0 47 0 0 54 0 0 0 53 55 0 0 68 0 0 63 0 62 60 0 0 0 24 0 0 0 0 0 0 0 0 0 0 0 0 0 0 0 0 40 0 0 0 0 0 0 38 
0 0 0 0 0 62 0 0 0 0 0 0 0 0 0 0 0 0 0 0 0 0 73 0 0 77 0 18 23 0 19 0 0 0 0 0 0 0 0 0 25 0 0 0 0 0 41 34 0 36 0 0 0 0 3 0 78 0 0 0 0 4 0 0 0 0 0 0 0 0 0 52 0 0 14 8 0 0 0 0 0 
0 0 0 0 0 0 0 0 0 0 0 54 0 0 55 52 0 0 0 3 0 0 0 80 0 0 0 0 0 0 0 31 0 0 0 0 0 0 0 0 0 40 0 0 0 48 0 43 46 0 0 0 0 0 0 9 0 0 0 14 7 0 0 68 0 0 0 0 0 0 0 0 0 0 23 0 0 0 0 0 0 
0 0 27 0 30 26 0 25 0 0 0 9 0 0 0 0 0 0 0 0 0 0 0 0 0 41 40 0 0 0 0 0 0 0 0 0 77 0 0 0 0 0 0 73 0 0 0 0 0 0 0 0 0 0 0 0 0 0 0 0 0 0 0 0 0 0 0 15 0 0 0 0 51 0 59 0 0 0 0 0 0 
0 0 0 0 57 0 0 0 0 0 0 0 0 0 0 34 0 39 0 0 0 0 64 0 0 0 67 0 0 0 0 0 0 0 0 0 23 0 0 0 0 22 0 19 0 0 32 0 0 27 0 0 0 0 0 0 0 0 0 0 0 0 0 50 45 0 0 0 0 0 0 0 78 0 5 0 0 0 0 0 0 
0 0 0 78 3 0 0 0 0 0 0 63 0 67 0 0 0 0 0 0 0 0 0 0 0 0 0 0 41 0 37 0 0 0 39 0 50 0 0 0 0 0 0 0 0 0 0 0 55 0 0 0 0 0 0 0 0 17 0 0 0 22 20 77 0 0 75 0 0 0 0 0 0 0 0 0 25 0 0 0 0 
0 23 0 0 0 21 0 0 0 0 0 4 0 8 0 0 0 0 0 34 0 0 0 30 0 0 0 0 0 0 0 0 0 57 0 60 0 0 0 0 0 0 66 0 0 79 0 0 77 0 78 0 0 0 0 0 0 0 0 0 0 0 0 0 0 17 0 0 0 0 0 0 46 0 54 0 47 0 0 0 51 
0 0 0 0 0 0 0 29 0 0 0 0 0 0 14 0 15 16 0 0 0 0 41 0 0 0 0 0 0 0 68 0 0 0 0 0 81 0 0 79 74 0 0 77 78 0 0 0 0 4 0 0 0 0 0 0 46 0 0 0 0 0 0 27 0 0 0 0 0 24 0 0 55 0 0 0 0 58 0 0 60 
17 0 0 10 0 12 0 0 0 81 0 0 0 0 0 0 0 0 0 0 0 0 23 0 22 27 0 49 54 47 0 0 46 0 52 0 0 55 58 0 0 0 0 0 0 70 0 0 0 67 0 0 0 71 0 31 0 0 0 0 0 35 0 9 0 8 0 1 0 0 5 0 0 0 0 0 0 0 0 41 0 
0 77 0 0 0 0 0 0 0 0 0 0 0 0 0 0 0 0 0 0 0 0 0 3 0 0 0 0 0 29 0 0 0 0 0 0 0 0 0 0 0 0 0 0 0 0 0 0 0 49 0 0 0 0 0 13 0 0 0 0 0 0 0 0 0 0 0 0 0 0 0 65 0 0 0 0 0 0 25 0 24 
0 0 0 0 0 0 0 0 0 0 37 0 0 0 0 0 0 0 0 0 0 0 68 0 0 72 0 0 0 11 0 0 0 12 16 0 0 0 0 25 20 26 0 23 0 34 0 0 0 0 0 0 0 0 0 76 0 75 0 0 0 80 0 0 0 0 0 0 0 0 0 0 0 0 0 0 0 0 0 0 0 
0 0 40 0 0 0 42 0 0 0 0 0 0 0 0 0 24 0 0 0 51 0 0 0 0 0 0 0 0 0 0 0 0 0 79 0 0 0 0 0 0 0 3 5 0 0 0 0 0 0 0 0 0 0 61 0 0 0 0 0 0 0 0 0 0 0 0 0 30 33 0 0 0 0 0 0 0 0 0 0 0 
0 0 0 0 0 0 0 0 9 72 0 0 0 0 0 0 0 0 0 0 0 0 0 0 0 0 17 0 0 0 0 0 0 0 0 0 0 0 0 52 47 0 48 0 51 61 0 0 0 58 0 0 0 0 25 0 0 0 0 0 0 0 0 0 0 0 79 0 0 0 77 0 28 0 0 0 0 31 0 0 33 
53 0 0 46 0 0 0 0 0 36 0 0 30 0 32 29 0 0 55 61 60 0 0 0 0 0 62 0 0 0 0 0 0 0 7 0 18 0 0 0 0 0 12 14 0 0 27 0 0 22 0 0 0 0 0 0 0 0 0 0 0 0 69 0 0 0 0 37 0 0 0 0 0 0 0 0 74 0 79 0 0 
0 0 0 64 70 0 0 0 0 0 0 0 0 0 0 0 0 0 0 0 0 74 0 0 0 0 80 0 0 0 0 0 0 0 0 0 0 28 0 0 0 0 0 0 0 43 0 0 0 0 0 0 0 0 0 0 0 3 0 0 0 0 0 63 0 62 0 0 0 0 0 0 0 17 0 0 0 0 0 0 0 
0 25 0 0 0 0 0 0 0 0 0 0 0 0 7 4 0 0 0 0 35 0 0 32 0 0 37 0 0 58 0 0 0 0 0 0 0 0 0 0 0 0 0 0 0 0 0 0 79 78 0 0 75 0 0 0 39 41 0 47 0 0 0 0 0 0 0 0 0 17 0 0 0 0 0 0 0 0 0 0 0 
0 0 0 57 0 0 0 0 0 0 0 0 0 0 0 0 44 0 66 0 0 0 0 0 0 0 0 0 0 13 0 0 0 0 18 0 29 0 0 0 22 0 0 0 26 36 0 31 34 33 35 32 0 37 0 0 75 0 0 0 0 0 0 0 51 55 0 0 0 53 0 0 0 10 11 0 0 0 0 0 0 
0 0 42 39 0 0 0 0 47 0 0 0 23 0 0 0 0 0 0 0 53 0 0 0 51 0 55 0 0 0 0 0 75 77 0 80 11 0 0 0 0 0 0 0 0 0 0 0 16 0 17 14 0 0 0 60 0 0 0 0 58 0 0 0 0 0 0 0 0 0 0 0 0 73 0 0 67 0 0 0 0 
0 0 0 0 0 14 17 0 20 0 0 0 77 0 0 76 0 0 0 27 26 0 0 0 0 0 0 0 0 49 0 0 48 0 0 53 0 0 0 63 58 0 0 0 62 0 0 0 0 69 0 0 0 0 0 0 0 0 34 38 0 0 0 11 6 10 0 3 5 0 0 0 39 0 0 0 0 42 45 0 0 
55 0 0 0 0 0 0 49 0 0 0 0 0 0 34 0 35 0 0 0 0 0 61 0 0 65 0 0 11 0 0 0 0 0 0 8 0 0 0 0 0 19 14 0 0 0 0 0 0 0 0 0 0 28 0 69 66 0 0 0 0 0 0 0 0 0 0 0 41 44 0 40 0 0 0 77 0 0 0 79 0 
0 0 0 0 0 0 0 0 0 0 0 51 0 0 0 0 0 54 0 0 80 0 0 0 0 0 0 0 0 0 0 0 21 0 27 0 0 30 0 0 31 0 0 34 0 0 0 0 0 0 44 0 0 0 0 0 0 0 0 0 0 0 0 0 0 0 0 57 59 0 0 0 0 0 20 0 0 0 0 0 0 
0 0 0 30 0 32 0 0 38 0 0 15 14 0 0 0 0 18 0 0 0 0 0 0 0 0 0 69 0 0 0 0 0 0 0 0 0 0 78 81 0 1 77 0 0 0 0 0 0 0 8 0 0 0 0 51 0 0 0 0 49 0 53 0 24 0 0 0 0 0 0 0 0 0 0 59 0 0 0 0 0 
0 0 0 0 0 5 0 0 11 0 66 0 0 0 0 67 0 0 0 18 0 0 0 14 0 0 19 0 0 0 0 0 39 0 45 44 0 0 51 0 0 0 0 0 0 0 0 0 61 0 0 0 0 64 0 0 0 0 0 29 0 28 0 0 0 0 0 75 77 0 0 76 0 0 0 0 0 33 0 0 0 
0 0 0 0 81 77 0 0 2 0 0 0 0 64 0 0 62 0 0 0 0 0 0 0 0 0 0 33 38 0 34 0 0 0 36 0 0 0 0 45 0 46 0 43 0 0 0 0 0 0 0 0 0 55 0 0 0 0 0 0 0 19 0 0 0 0 0 0 68 0 70 67 0 28 0 0 0 0 0 0 26 
0 0 0 13 0 0 18 0 0 0 0 79 0 0 0 0 0 0 0 28 0 0 26 0 25 0 0 52 0 50 0 56 0 0 0 54 66 0 0 0 0 0 0 0 0 73 0 0 71 0 0 0 0 0 0 34 0 0 0 0 0 0 0 0 7 0 0 0 0 0 0 0 0 0 0 42 0 0 0 44 0 
0 0 7 0 0 0 9 0 0 0 0 0 69 0 0 0 0 0 0 0 0 0 0 0 0 0 0 0 0 41 0 0 0 0 0 0 0 0 0 0 0 56 0 53 0 0 66 0 0 0 0 0 0 65 28 25 22 0 0 0 23 0 0 0 79 0 0 0 0 81 80 0 0 0 39 0 0 0 37 35 0 
0 0 25 22 0 0 0 0 0 0 4 0 0 11 0 0 0 0 0 0 0 32 0 0 0 0 38 0 66 0 0 0 58 0 64 0 75 67 0 0 0 0 0 0 0 0 3 0 80 79 0 0 0 0 0 0 0 0 0 0 0 0 0 0 0 0 0 0 0 0 17 0 0 0 0 0 0 52 0 0 0 
0 35 0 0 37 0 0 0 0 0 0 0 0 20 0 0 0 0 0 0 0 41 0 0 0 48 0 0 0 0 0 0 0 0 0 0 3 0 79 0 0 0 0 0 81 0 0 0 0 0 0 0 4 0 0 0 0 0 53 0 50 0 0 0 0 29 28 0 0 0 0 23 0 0 0 0 59 0 0 0 63 
0 0 0 76 0 0 0 0 0 0 0 0 0 0 0 0 63 0 0 0 0 0 0 0 0 0 0 34 0 0 0 0 31 0 0 0 0 0 0 0 0 47 0 44 0 0 0 0 0 0 0 0 49 0 19 0 0 0 0 0 0 20 0 0 0 0 0 67 0 0 0 0 22 0 0 24 0 0 0 0 0 
0 62 0 58 0 0 0 0 66 0 0 0 0 0 44 0 0 46 67 0 0 68 0 0 0 0 0 0 0 0 0 0 0 0 0 0 0 22 0 0 23 0 0 0 0 0 0 0 0 0 0 0 0 0 1 0 76 0 0 0 0 2 0 0 0 56 0 0 51 0 0 0 0 0 0 0 0 7 0 0 0 
47 44 43 0 0 0 0 0 0 30 0 0 0 0 0 0 0 0 49 0 0 0 53 51 52 0 56 0 0 0 80 2 76 0 1 0 12 0 0 0 5 0 6 0 0 0 0 0 17 0 0 15 0 0 0 61 0 0 62 66 0 0 0 0 0 0 0 0 0 0 0 0 0 0 0 69 0 70 0 71 0 
0 0 0 49 0 0 54 0 0 0 0 0 0 0 0 32 0 0 0 0 0 0 0 60 0 0 0 0 0 0 0 0 0 0 10 9 21 0 16 0 0 0 0 0 0 0 0 0 0 0 27 24 0 0 0 0 0 69 0 75 0 0 0 48 0 0 0 0 0 45 0 0 0 2 0 0 0 0 0 80 81 
0 0 0 67 0 0 72 0 0 0 0 0 0 0 0 0 54 55 0 0 81 77 0 78 0 0 0 0 0 23 0 29 22 0 0 0 0 0 0 0 0 0 0 0 36 0 0 0 0 0 0 42 40 47 0 0 0 0 0 0 0 11 0 66 0 0 64 0 0 0 0 59 0 20 0 0 14 16 0 0 0 
0 0 0 0 8 0 7 0 0 0 0 0 67 72 0 0 0 71 0 0 0 12 0 13 0 0 18 0 46 0 42 0 0 0 0 0 0 47 0 0 0 0 49 0 0 0 0 0 0 59 0 0 0 63 26 0 0 0 24 0 0 27 25 0 0 0 0 0 0 0 0 0 0 0 0 31 30 32 0 33 0 
81 0 0 0 80 0 0 0 0 64 0 0 58 0 0 0 0 62 0 8 0 0 0 4 0 0 0 0 0 30 0 0 0 0 35 0 0 0 0 0 0 45 0 0 0 0 0 0 0 0 0 0 47 0 0 14 11 0 15 0 0 0 0 0 0 0 0 0 0 70 0 66 0 0 28 0 0 0 0 0 0 
0 0 0 0 0 0 0 0 0 0 0 23 0 0 0 0 0 26 0 0 0 48 0 0 0 0 0 77 0 0 0 81 74 0 0 0 0 0 0 0 0 9 0 0 0 0 0 12 0 0 0 0 0 0 0 59 56 0 0 0 0 0 0 37 0 0 0 0 0 0 0 0 65 0 0 67 66 0 0 0 70 
0 0 0 11 0 13 0 0 19 0 74 0 0 0 0 0 0 0 0 26 0 0 0 0 0 0 0 50 0 0 0 0 0 0 0 0 0 0 0 0 0 0 0 0 0 71 0 0 69 68 70 0 0 0 0 0 0 0 0 0 0 0 0 0 0 0 0 0 0 0 0 0 0 0 46 0 0 0 0 0 0 
0 0 0 0 0 31 0 30 0 0 0 0 13 18 0 0 0 0 0 0 0 0 0 0 0 0 45 0 73 0 0 72 0 0 0 0 1 74 0 0 0 0 0 78 0 0 0 0 0 0 0 4 2 0 53 0 0 0 0 0 48 54 0 0 0 0 0 0 22 0 24 21 0 63 0 0 57 0 0 60 0 
27 0 0 20 0 22 25 0 28 0 0 0 0 9 0 0 0 0 29 0 34 0 0 0 0 0 0 0 0 0 0 0 0 58 0 0 0 0 0 0 0 0 0 69 0 80 1 75 0 77 0 0 0 81 0 41 0 0 0 0 0 0 43 0 0 0 0 11 0 16 0 0 0 0 0 0 0 0 53 51 0 
0 0 0 0 0 49 52 0 0 37 0 32 0 0 33 0 34 35 0 62 61 0 0 0 0 0 63 0 10 0 0 0 0 4 0 0 19 0 14 0 12 0 0 15 0 0 0 0 0 0 0 0 0 27 0 0 0 0 69 0 66 72 0 0 0 0 0 38 0 0 0 0 0 0 0 0 75 77 0 0 0 
0 0 68 0 0 0 0 66 0 55 0 0 0 0 0 0 0 0 0 0 0 0 0 0 0 0 81 0 28 0 24 0 0 0 0 0 37 0 0 0 0 0 31 0 0 0 0 0 0 0 0 0 38 45 0 0 2 4 0 0 3 9 0 0 0 0 0 56 0 0 0 0 0 0 19 0 0 0 0 15 0 
0 0 0 0 0 0 0 0 0 0 0 0 40 0 42 39 43 0 0 0 0 0 0 0 0 0 0 0 0 0 0 0 11 0 0 16 0 0 0 0 0 0 0 24 0 35 0 0 0 0 0 0 0 0 0 0 0 0 78 0 0 81 79 0 0 54 0 0 0 52 0 0 0 9 0 4 3 0 8 6 0 
0 22 0 18 24 20 0 0 0 8 0 0 0 0 0 1 0 0 0 33 32 0 0 0 30 0 0 0 0 0 0 0 0 0 60 0 0 0 0 69 0 70 0 0 0 0 0 0 0 0 0 0 0 0 0 0 0 0 40 0 37 0 0 0 0 0 0 0 11 0 0 10 0 0 0 0 0 0 0 0 50 
0 0 0 0 0 0 0 0 0 0 0 0 0 43 0 0 41 0 0 69 0 0 0 0 0 0 0 12 0 0 0 0 0 0 15 0 26 0 21 0 19 0 0 0 0 0 0 0 0 0 0 0 0 0 0 0 72 0 0 80 73 0 0 0 0 0 0 45 47 0 49 0 0 0 0 0 0 0 0 0 0 
0 0 0 0 51 0 50 46 0 0 27 0 0 0 0 28 0 0 0 60 0 0 58 56 57 62 0 0 8 1 0 0 0 0 0 0 17 0 0 0 0 0 0 0 0 0 0 19 0 21 0 0 18 0 0 66 0 0 0 0 0 0 0 0 0 0 0 0 0 0 0 0 72 0 80 0 0 0 0 0 0 
0 76 0 0 0 0 0 0 0 0 0 0 0 0 0 55 0 0 0 0 0 0 4 0 0 8 0 0 0 0 0 0 0 0 33 0 0 0 0 0 37 0 38 0 0 51 53 0 0 0 0 0 0 0 0 0 9 0 0 0 0 0 0 0 0 0 0 0 0 68 0 0 18 0 0 0 19 0 24 0 23 
7 0 0 0 0 2 5 0 0 71 0 66 0 0 0 64 68 0 0 0 0 10 0 0 0 0 0 0 44 37 40 0 0 0 0 41 0 0 0 51 0 52 0 0 50 0 0 0 58 0 0 56 0 61 0 0 0 20 0 0 19 0 23 80 0 0 0 0 0 77 0 0 27 0 35 0 28 0 0 31 0 
16 0 12 9 0 0 0 10 17 80 0 0 0 0 0 0 0 0 0 0 0 0 22 0 0 0 25 48 0 0 49 0 45 0 0 0 0 0 0 0 0 0 0 0 0 0 71 64 0 0 0 0 0 0 0 30 27 0 0 0 0 34 32 0 0 0 0 0 0 0 0 1 0 43 0 38 37 0 0 0 0 
0 0 0 0 0 0 41 0 0 0 18 0 0 0 0 0 0 0 0 51 0 0 0 0 48 0 52 0 80 0 0 0 0 0 0 77 8 0 0 0 0 0 2 0 0 0 0 0 13 0 0 0 9 0 60 0 0 0 0 0 0 0 0 0 0 0 33 0 0 0 0 0 0 0 71 65 0 0 0 67 0 
0 0 0 0 69 0 0 0 0 53 0 0 0 0 49 46 50 0 0 0 77 0 0 0 75 0 79 0 0 0 22 0 0 0 0 23 0 0 0 0 28 0 0 31 0 0 0 0 0 0 0 38 0 43 6 0 0 2 0 0 0 7 0 0 57 0 0 0 0 0 0 0 0 16 0 0 0 0 0 0 14 
34 0 30 0 0 0 0 0 0 0 0 0 0 16 0 0 0 15 0 0 41 0 0 0 39 44 0 0 0 0 67 0 0 0 0 0 0 0 0 0 0 0 0 0 0 0 0 1 0 0 5 0 0 0 0 0 0 47 49 0 0 0 50 0 0 0 0 0 0 0 0 0 0 0 0 0 0 0 0 0 59 
0 0 0 0 0 0 0 0 0 51 0 0 0 0 0 0 0 49 0 76 75 0 0 0 0 0 0 0 0 0 20 23 0 0 0 0 0 0 28 0 0 0 0 29 0 0 0 0 38 0 0 0 0 0 4 1 0 0 0 0 0 0 3 0 0 0 58 0 0 0 56 0 0 0 15 0 8 0 0 0 0 
0 0 0 0 4 81 0 80 0 0 0 0 0 68 65 0 0 0 0 0 0 0 11 9 0 0 0 0 0 0 0 41 34 0 0 39 0 0 0 0 0 50 0 0 0 0 60 0 56 55 0 0 0 0 0 19 0 18 0 0 17 0 0 0 0 77 0 0 0 0 0 71 0 0 0 27 26 0 31 0 0 
0 0 0 0 0 0 0 0 51 33 25 0 0 0 29 0 0 0 0 0 0 0 0 54 0 0 59 0 0 0 0 0 0 81 0 0 0 0 0 13 0 0 0 11 0 22 0 0 0 0 0 18 16 23 0 0 0 0 65 0 0 0 0 0 0 0 0 0 0 0 0 0 0 77 78 0 0 0 0 0 0 
0 0 0 0 0 0 0 0 0 0 0 55 0 0 0 53 0 0 0 0 3 0 0 0 0 0 5 28 0 26 29 0 25 27 0 0 0 0 0 40 0 0 0 0 0 0 0 0 47 0 0 0 0 0 0 10 7 9 0 0 0 0 0 0 0 68 0 0 0 0 0 0 0 0 0 18 0 19 0 0 0 
0 11 0 7 0 0 12 0 0 0 0 73 72 0 0 0 0 76 0 0 0 0 0 0 19 0 0 0 0 0 0 0 0 0 0 0 0 0 0 0 0 0 0 0 0 67 0 0 0 0 66 0 61 0 31 28 0 27 29 0 0 0 0 0 1 0 4 0 0 0 0 80 0 0 0 0 0 0 40 0 39 
0 0 0 0 0 0 0 0 0 0 0 1 81 0 0 0 0 0 0 0 0 0 0 0 0 33 0 0 0 0 0 59 0 0 0 0 0 0 0 0 0 0 0 65 0 0 0 0 0 0 75 72 0 0 0 0 34 36 0 0 0 41 0 0 0 0 0 0 0 12 0 0 43 0 0 45 0 0 0 0 0 
0 0 0 52 0 0 0 0 0 0 0 0 0 0 38 0 0 0 0 0 0 0 0 0 64 0 0 0 0 8 0 0 0 0 13 0 0 0 0 0 0 23 0 0 21 0 0 0 0 0 30 0 0 0 0 0 70 0 0 0 0 0 0 0 0 50 0 0 0 0 0 44 79 0 0 0 80 0 0 0 0 
0 0 37 34 40 36 0 0 0 0 0 0 18 0 0 17 21 22 0 0 48 44 0 0 0 0 0 0 0 0 0 0 0 0 0 0 6 79 0 0 80 0 0 2 0 0 0 0 0 0 0 0 7 0 0 55 0 0 0 0 0 0 0 0 0 0 0 25 0 0 29 0 0 0 0 0 62 0 0 0 0 
0 0 0 25 31 27 30 0 0 0 0 0 0 14 0 8 0 0 0 0 0 0 0 0 0 42 0 0 0 62 0 0 0 0 0 0 78 0 0 0 0 0 0 74 0 4 0 0 2 1 3 0 0 5 0 46 0 0 0 0 0 0 0 24 19 0 22 0 18 21 0 0 0 0 0 0 0 0 0 0 0 
