9
0 0 0 0 0 0 0 49 0 0 79 0 0 76 0 0 0 0 65 69 67 72 0 0 0 0 0 0 0 0 0 30 0 0 0 0 0 0 0 0 0 0 0 8 5 0 0 42 0 0 0 45 0 38 60 0 0 0 0 0 0 0 0 0 0 0 17 0 0 0 0 0 0 0 0 0 20 0 0 0 0 
0 0 28 0 0 0 0 0 34 0 0 0 0 0 0 0 0 0 47 0 0 0 0 0 0 0 0 13 0 10 0 0 0 0 0 0 0 0 69 0 64 65 0 0 68 0 0 24 0 22 21 0 0 0 0 41 0 0 0 0 0 0 0 0 0 74 80 0 73 0 0 0 0 9 0 0 2 5 0 0 0 
0 0 0 0 0 0 0 0 0 0 0 0 0 40 0 0 0 0 0 33 0 0 0 32 35 0 0 0 0 0 0 0 0 0 0 0 0 49 51 48 0 0 54 0 50 0 1 0 8 0 3 0 0 0 24 0 0 0 0 0 20 25 22 60 0 0 0 59 0 0 0 0 71 0 0 69 0 0 0 0 64 
0 0 73 74 0 0 0 0 0 0 0 0 0 0 0 0 0 0 0 15 0 0 12 0 0 0 10 0 0 0 0 0 0 0 56 59 34 0 33 0 0 0 0 0 0 0 0 69 0 0 0 72 68 0 0 0 0 0 0 3 2 7 4 0 40 38 0 0 0 0 0 0 0 0 0 0 0 0 0 0 0 
44 42 0 0 0 45 41 0 43 0 70 71 0 0 0 0 0 0 0 60 0 0 0 0 0 0 55 0 0 0 0 0 26 0 0 23 0 0 78 0 0 0 0 0 0 0 0 0 0 0 30 0 0 0 51 0 0 0 53 0 0 0 0 0 0 0 0 0 0 9 0 0 17 0 0 0 0 0 16 0 0 
0 0 0 0 0 63 0 0 0 6 0 0 0 0 0 2 0 1 0 78 0 0 0 77 0 79 0 0 0 0 0 0 0 45 38 0 0 0 0 0 0 11 18 0 0 52 0 0 53 0 0 0 50 0 0 0 72 0 0 0 0 0 0 0 0 0 0 0 0 27 0 0 0 36 0 0 0 32 0 30 0 
0 0 0 0 21 27 0 0 0 0 0 0 0 0 54 0 0 0 38 0 0 0 0 0 0 43 37 0 0 0 0 0 0 9 0 5 61 0 60 0 0 0 0 0 0 0 0 0 0 0 12 0 0 0 0 0 0 0 0 0 0 34 0 69 0 65 0 0 0 0 0 0 0 81 0 78 74 0 79 75 0 
0 0 0 0 0 0 0 0 70 0 0 0 0 0 0 0 0 0 0 0 0 0 0 0 0 0 0 0 0 0 52 0 53 0 0 0 25 0 0 0 0 0 0 0 0 0 0 60 62 0 0 0 0 0 0 0 0 0 0 75 0 0 0 0 0 0 0 32 0 0 0 30 0 0 40 42 0 0 0 0 0 
0 0 0 0 0 0 0 0 0 0 0 0 0 0 0 29 0 28 0 24 0 0 0 23 0 25 0 0 0 0 0 0 71 0 0 0 0 0 42 0 37 0 0 0 0 0 73 78 0 0 0 0 0 74 0 14 18 0 0 0 0 0 0 51 49 0 0 0 0 0 0 0 0 0 0 60 0 59 0 0 55 
0 0 0 0 0 0 0 0 0 0 73 0 0 0 0 0 0 0 59 0 61 0 0 0 65 64 58 0 0 0 0 0 0 0 0 0 0 79 0 0 0 0 3 0 80 0 0 0 0 0 0 0 0 0 0 53 0 0 0 51 50 0 52 0 0 0 11 0 0 0 0 6 0 0 0 0 14 17 0 0 0 
0 54 0 0 51 0 53 0 0 0 1 0 0 0 0 77 0 0 0 0 0 0 0 71 74 0 0 0 0 0 0 0 0 0 0 0 10 0 9 6 4 0 12 0 0 0 0 0 47 0 0 0 0 0 0 0 66 0 0 0 0 0 0 0 0 0 0 0 13 0 0 0 0 0 25 0 0 26 0 0 0 
29 0 0 0 0 0 0 0 28 0 0 0 0 0 0 0 0 0 41 45 0 0 0 0 47 0 0 0 0 0 0 0 0 0 0 8 64 0 0 0 0 59 0 0 0 19 0 0 0 0 0 21 0 0 36 0 0 0 0 0 0 0 34 0 70 0 0 71 0 0 0 0 0 0 0 0 0 0 0 78 0 
0 0 0 0 0 0 0 0 0 0 0 0 0 0 0 0 0 0 0 0 0 0 0 8 0 10 4 0 0 49 0 0 56 57 50 0 0 0 0 0 0 23 0 0 0 0 0 0 0 0 0 66 0 0 0 0 0 0 0 78 0 1 0 0 0 0 0 0 0 0 0 33 47 0 0 0 41 0 46 0 0 
65 0 0 0 0 66 0 0 0 0 0 0 8 0 0 0 0 4 0 0 0 0 0 0 0 0 76 0 0 0 0 42 0 0 0 0 0 0 18 0 0 14 21 0 0 0 0 0 0 0 51 0 0 0 0 0 0 0 74 69 0 0 0 27 0 0 0 0 22 30 0 0 0 0 0 36 0 0 37 0 0 
0 0 0 0 0 3 0 0 0 0 0 0 0 25 0 0 24 0 0 18 0 0 0 17 0 0 0 0 0 0 0 0 0 66 0 0 0 0 0 0 0 0 0 0 0 0 0 0 0 70 0 0 0 0 0 8 12 0 0 0 0 0 0 45 0 41 47 0 0 48 0 0 0 0 0 0 0 53 55 0 0 
0 0 0 14 0 0 0 0 0 0 0 47 0 0 0 0 0 0 0 0 0 39 0 0 0 0 31 0 0 0 0 0 0 0 0 0 0 0 0 0 0 0 57 56 0 0 0 0 0 0 0 0 0 0 0 26 30 0 0 0 0 0 0 0 0 0 0 62 58 66 0 0 0 0 70 72 0 0 0 0 67 
0 0 0 5 0 0 0 0 0 36 37 38 0 0 0 0 0 31 0 0 0 30 0 0 0 0 0 0 0 0 0 69 0 0 0 0 46 0 0 42 0 0 48 0 44 0 0 0 0 0 0 0 0 0 0 17 0 0 0 15 0 0 0 54 0 0 0 0 0 0 0 0 0 66 0 63 59 0 0 0 0 
0 36 0 0 33 0 0 34 0 0 64 0 0 0 0 59 0 0 50 0 0 0 0 0 0 0 0 0 0 0 0 0 0 0 0 17 0 0 0 0 0 0 0 0 0 0 0 0 0 0 24 0 0 23 45 0 0 0 0 0 0 46 0 0 0 0 0 0 0 3 0 0 0 12 0 0 0 0 0 0 0 
66 0 59 0 61 0 0 0 65 0 11 0 0 0 0 0 0 0 0 0 80 0 0 0 0 0 0 44 0 0 0 0 48 0 0 0 0 0 0 0 0 0 0 0 0 0 0 0 0 0 0 0 0 0 0 0 0 68 0 0 0 0 0 28 0 24 30 0 23 0 0 0 0 0 0 0 0 0 38 0 0 
0 0 77 0 0 0 81 80 2 28 0 30 27 26 0 0 0 0 0 19 0 22 16 0 0 0 0 0 0 0 0 0 66 0 0 0 0 0 0 0 0 0 0 0 0 0 0 0 0 0 70 76 0 0 0 0 13 0 0 0 0 0 0 0 0 0 48 45 0 0 0 43 0 0 0 0 0 0 56 52 0 
0 0 0 0 0 0 0 0 0 0 74 0 0 0 0 0 0 0 0 0 0 0 0 0 0 65 0 0 0 0 0 0 0 0 0 27 2 80 0 0 0 0 0 0 81 0 0 0 0 35 0 0 0 0 0 0 0 0 0 0 0 56 0 10 0 0 12 0 0 0 0 0 0 22 0 0 0 0 0 0 0 
21 0 0 0 16 0 0 17 0 0 0 48 0 0 49 0 0 0 0 0 0 0 0 36 0 0 0 0 0 77 0 79 0 0 78 0 0 0 55 52 0 0 0 0 54 0 5 0 12 0 0 0 0 0 28 27 0 0 0 0 24 29 0 0 0 0 0 0 59 0 0 61 0 0 0 0 0 0 74 0 0 
12 0 5 0 0 0 0 0 11 0 0 0 0 35 0 0 0 0 0 0 0 0 0 0 0 0 0 0 73 68 0 70 75 76 69 0 0 0 0 0 41 0 49 0 0 2 0 1 0 80 0 0 0 0 19 0 0 0 21 16 15 20 0 55 0 51 57 0 0 0 0 0 66 67 0 0 0 0 0 0 0 
39 0 0 33 0 0 0 35 0 0 0 0 0 0 67 0 0 0 0 0 53 0 0 54 0 0 0 0 0 0 0 0 0 0 0 0 0 0 0 0 0 0 0 0 0 0 23 0 30 0 0 31 0 0 46 45 0 0 0 43 0 0 0 1 0 0 0 0 0 0 0 79 12 0 0 0 0 0 0 0 0 
0 73 0 69 0 0 0 0 0 19 0 0 18 0 22 0 0 0 0 0 0 0 0 0 0 0 0 0 0 0 56 0 0 0 0 0 0 26 0 0 23 24 0 0 0 0 0 0 66 0 0 0 0 0 1 0 0 0 0 79 78 0 80 0 35 0 0 0 32 0 38 0 0 49 0 0 42 45 0 0 0 
0 0 0 24 25 31 0 26 0 55 56 0 0 0 0 0 52 0 0 0 0 0 0 0 0 0 0 0 0 0 0 0 0 0 0 9 0 62 0 0 0 0 67 0 0 0 0 0 21 17 0 22 0 0 0 0 40 0 0 0 0 0 0 0 0 0 0 0 68 76 0 0 0 0 80 1 0 0 0 0 0 
0 0 50 0 0 0 54 0 0 1 0 0 0 0 0 0 0 0 0 0 0 0 0 0 0 0 0 0 0 0 0 34 0 0 0 0 0 8 0 0 0 0 0 0 0 47 41 0 48 0 43 49 0 0 0 0 67 0 0 0 0 0 0 0 0 0 0 18 0 0 0 0 0 31 0 0 0 0 0 0 0 
67 65 60 0 0 0 0 0 0 11 0 0 0 0 14 7 8 0 0 0 0 0 0 1 4 0 0 45 0 0 48 44 0 0 0 0 0 0 0 0 0 0 0 0 0 0 0 0 0 0 0 0 0 0 0 73 0 0 0 0 0 0 0 0 0 0 31 0 0 0 0 0 0 0 0 0 34 0 0 0 0 
0 0 0 0 0 0 0 9 0 38 0 0 0 0 0 0 35 0 25 29 0 0 26 0 0 30 0 0 0 0 75 0 0 0 0 0 0 45 0 0 0 0 0 0 0 0 0 0 0 81 0 0 0 0 20 0 0 0 0 0 0 21 0 0 0 0 0 0 0 59 0 0 0 0 63 0 0 64 0 0 0 
0 0 42 0 44 50 0 45 0 0 0 76 73 72 77 70 0 0 61 65 0 68 0 0 67 0 0 27 0 0 0 26 0 0 0 0 0 0 2 0 0 0 0 0 0 0 0 0 40 0 35 0 0 0 0 0 0 0 58 53 0 0 0 0 9 0 0 0 0 14 0 0 22 0 0 0 0 0 0 17 0 
0 56 0 0 0 59 55 0 0 0 3 0 0 81 0 0 0 0 70 74 0 0 0 0 76 0 0 36 0 0 0 0 40 0 0 0 0 0 0 8 0 0 0 0 10 0 0 0 0 45 0 0 0 43 65 0 68 0 0 0 0 0 63 0 0 0 0 0 0 0 0 0 0 32 0 0 0 0 0 0 0 
31 0 0 0 0 0 0 27 0 0 0 58 0 54 0 0 53 51 0 47 0 50 44 0 0 0 0 0 0 0 0 0 0 14 7 0 0 0 0 62 0 0 0 67 64 0 0 20 0 0 0 0 0 0 0 37 0 0 40 0 0 0 36 74 0 0 0 0 0 0 0 0 0 0 81 2 0 0 3 0 0 
0 0 0 0 0 0 0 0 75 20 0 0 0 0 0 0 0 15 0 0 9 0 0 0 13 0 0 0 0 51 0 0 0 59 0 0 30 27 0 0 0 0 0 0 28 0 0 0 0 0 0 68 0 0 2 0 5 0 4 0 79 0 0 38 0 0 40 0 0 0 0 35 0 50 0 47 0 0 0 0 0 
0 0 0 0 0 5 0 81 0 29 0 0 28 0 0 0 0 24 16 0 0 0 0 19 0 0 0 0 0 60 0 0 0 0 0 64 0 0 0 0 0 0 0 0 0 0 0 0 0 0 0 77 73 0 0 10 14 0 0 0 0 0 0 0 0 0 0 0 0 50 0 0 0 0 0 0 0 55 0 0 0 
22 0 0 0 0 0 0 0 0 0 0 0 0 0 0 0 44 0 0 0 0 0 0 37 0 39 0 0 0 0 0 0 0 0 0 0 0 0 56 53 0 0 59 0 0 0 6 0 13 0 0 0 0 7 29 0 0 0 0 0 0 0 0 0 0 0 0 0 0 0 0 0 0 0 0 0 0 73 0 71 0 
0 0 0 0 0 0 0 0 39 65 66 0 0 0 0 0 0 0 0 56 0 0 0 55 0 0 0 18 0 0 0 0 0 0 0 0 0 0 74 0 69 70 0 0 73 0 0 29 0 0 0 32 0 25 0 0 0 0 0 0 0 0 0 0 0 0 0 0 0 0 0 0 13 0 0 0 0 10 0 0 6 
0 0 0 39 0 0 0 0 0 70 0 72 0 0 73 66 0 0 0 0 59 0 0 0 0 0 56 23 0 0 0 0 0 0 0 0 80 77 0 0 0 0 0 0 0 0 29 0 36 32 0 0 33 0 0 0 0 0 0 0 0 0 0 0 0 0 0 0 0 0 0 0 0 0 0 16 0 0 0 0 11 
0 0 0 0 0 0 69 68 0 0 17 0 15 0 19 0 0 0 0 7 0 0 4 6 0 0 0 0 0 0 0 0 0 0 0 0 0 23 25 0 0 0 0 0 24 0 56 61 0 59 0 0 0 57 0 0 0 74 0 0 0 0 0 0 32 0 0 0 29 0 0 31 0 0 0 0 39 0 0 0 0 
9 0 0 0 0 10 0 5 0 0 0 36 0 0 0 0 0 29 21 0 0 0 0 0 0 0 0 68 0 0 0 0 0 0 0 0 0 0 0 0 0 0 0 45 0 0 74 0 0 0 0 1 78 0 0 0 19 0 0 0 0 17 0 52 0 48 54 0 47 0 0 0 0 0 0 0 0 0 0 0 0 
0 0 0 30 0 0 0 32 0 61 0 63 60 0 64 0 0 56 0 0 0 0 0 51 0 53 0 0 0 0 0 0 0 0 0 0 71 68 0 0 0 66 73 0 0 0 0 0 27 0 0 0 0 21 0 0 0 38 45 0 0 0 0 0 0 0 0 0 0 0 0 0 0 0 0 0 0 0 0 0 0 
0 0 0 0 0 0 0 0 0 0 0 0 0 5 10 0 0 0 0 0 0 1 76 0 0 0 0 0 0 38 44 0 45 46 0 0 0 14 16 0 0 0 0 0 0 53 0 0 0 0 49 0 51 0 0 0 0 0 0 0 0 0 0 25 23 0 0 0 0 0 0 0 0 0 0 34 0 33 35 0 0 
0 0 0 0 0 0 78 0 80 0 0 0 0 0 28 0 0 20 0 0 14 0 0 0 0 17 0 0 0 0 62 0 0 0 0 0 0 0 0 0 0 0 0 0 0 0 0 0 0 0 0 73 0 0 0 6 10 2 0 0 0 0 0 0 41 0 0 0 0 0 0 0 0 0 0 0 0 0 0 0 0 
0 0 0 21 0 0 0 0 0 0 53 0 0 0 0 48 0 0 0 0 0 0 0 0 0 44 38 0 0 0 8 0 0 10 3 6 62 59 0 0 0 0 64 0 0 0 0 0 0 14 0 0 0 0 34 0 0 0 0 0 0 0 0 70 0 0 0 0 65 0 0 0 0 0 0 0 0 78 80 0 0 
0 0 0 0 0 0 0 0 0 0 0 0 0 0 0 0 0 0 30 0 0 0 0 0 0 35 0 77 0 74 0 0 0 0 0 0 0 0 0 0 0 0 55 54 0 0 2 0 0 0 0 0 0 0 25 24 0 20 0 0 0 0 0 61 0 57 0 60 0 0 0 0 0 0 68 0 0 0 0 0 0 
54 52 0 48 0 0 0 0 0 0 0 0 0 77 0 0 0 0 66 0 68 73 67 0 72 0 0 0 0 0 0 0 0 0 0 0 0 0 7 0 0 3 0 0 6 0 0 0 45 0 0 0 0 0 0 0 0 0 0 0 0 0 0 0 0 0 18 0 0 0 0 0 27 28 0 0 0 24 0 0 0 
0 62 0 0 0 0 0 0 0 0 0 0 7 0 11 0 0 0 76 0 0 2 0 0 0 0 0 0 0 0 0 0 46 47 0 43 0 15 0 14 0 0 20 0 0 0 48 53 55 0 0 0 0 0 0 0 0 0 0 0 0 72 0 26 0 0 0 0 21 29 27 0 0 0 33 0 0 34 0 0 0 
37 0 0 0 0 0 0 33 0 0 0 0 0 0 65 0 59 0 0 0 51 0 0 0 0 0 0 0 0 0 0 0 0 0 13 0 0 0 0 0 0 0 0 73 0 0 0 26 28 0 0 0 0 0 44 0 47 0 0 0 0 0 0 80 0 76 0 79 0 0 0 0 0 0 0 0 0 7 0 0 0 
0 0 39 0 41 0 0 0 0 0 0 0 0 0 0 0 0 66 0 0 60 65 59 0 0 0 0 0 26 0 0 0 0 0 22 0 0 0 80 77 75 0 0 1 0 0 0 0 0 0 0 0 34 0 0 52 0 0 0 50 49 0 51 0 0 0 0 0 0 11 9 0 0 0 15 0 0 0 0 0 12 
0 80 75 76 0 0 0 0 0 0 0 0 0 0 0 0 0 21 0 0 0 20 0 0 19 18 0 0 0 0 0 0 0 0 58 0 0 0 0 32 0 31 0 0 0 0 0 0 0 69 0 74 70 0 0 0 0 0 0 0 0 0 6 0 0 0 0 43 0 0 0 0 0 0 0 0 0 52 0 0 0 
19 0 0 0 0 0 0 15 0 0 0 46 43 42 0 0 0 0 31 0 0 0 0 0 0 0 0 0 0 0 0 0 0 0 0 0 54 0 53 50 0 0 0 0 52 0 0 8 10 0 5 0 0 0 0 0 0 0 0 0 0 0 0 62 0 0 0 0 57 0 0 59 0 0 0 0 0 0 0 0 66 
0 0 0 0 50 0 52 0 0 0 0 1 0 78 0 76 77 0 0 0 69 0 68 70 0 0 0 0 0 0 0 0 37 0 0 0 0 0 0 0 0 4 11 0 0 0 0 0 0 0 0 0 0 0 0 0 0 57 0 0 0 0 0 0 15 0 0 0 12 0 18 0 0 29 0 0 0 25 0 23 0 
0 0 66 0 0 0 0 0 72 0 0 0 0 0 0 0 0 12 4 0 0 0 0 0 0 0 0 0 0 0 0 0 0 0 0 0 27 0 0 0 0 0 29 28 0 0 0 62 0 60 59 0 61 0 0 0 0 0 0 0 0 0 78 0 0 0 0 0 0 0 0 0 0 0 0 0 0 0 0 41 0 
0 26 0 22 0 0 25 0 0 0 0 55 0 51 0 49 0 0 0 0 0 0 41 43 0 0 0 0 0 0 9 0 10 0 4 0 63 0 0 59 0 0 65 0 61 0 0 0 0 15 14 0 0 0 0 0 38 30 0 0 0 0 33 0 0 0 0 70 0 0 72 0 0 0 0 0 0 0 0 0 0 
0 8 0 4 5 0 0 6 0 0 36 0 0 0 0 31 32 0 0 0 24 0 23 0 0 27 21 69 0 0 0 68 0 0 67 0 0 42 44 0 0 0 0 0 0 0 0 80 0 0 0 0 0 0 0 0 0 12 0 0 0 0 0 0 0 0 0 0 0 0 0 0 0 65 0 0 0 0 63 59 0 
0 0 0 0 0 0 0 55 58 0 0 5 0 1 6 0 0 0 0 75 0 0 0 74 77 0 0 0 0 0 0 0 41 0 35 0 13 0 0 0 0 0 0 14 0 0 43 48 50 46 0 0 0 0 0 0 69 0 0 63 62 0 64 0 19 0 0 0 0 0 0 0 0 33 0 0 0 0 0 0 0 
0 0 0 71 0 0 0 0 0 0 0 23 0 0 0 0 0 0 8 0 0 0 9 11 0 0 0 0 57 52 0 0 59 0 0 0 0 28 0 0 0 26 0 0 0 0 0 0 0 0 0 0 0 0 0 0 0 0 0 81 0 0 0 0 37 35 0 38 0 0 0 0 0 0 46 48 0 0 0 0 0 
0 0 0 0 0 0 0 0 0 0 0 32 0 0 0 0 0 0 0 0 19 0 18 0 0 0 0 64 0 61 0 63 68 0 0 0 0 0 0 0 0 0 42 0 0 0 0 0 0 73 72 0 0 0 0 0 0 0 0 0 0 13 0 0 0 0 0 0 0 0 0 0 0 0 55 57 0 0 0 0 0 
0 0 61 0 0 0 65 0 0 12 0 14 11 0 0 0 0 0 80 0 0 6 0 0 0 0 79 0 48 0 0 0 0 0 0 47 0 0 0 0 16 17 0 0 0 0 0 0 0 55 0 60 0 0 0 0 0 0 0 72 71 0 0 0 0 0 0 0 0 0 31 0 41 0 37 0 0 0 0 36 0 
0 0 43 0 0 51 0 0 0 0 0 77 0 0 0 0 72 0 62 0 0 69 63 0 0 0 0 28 0 0 0 0 0 0 0 0 0 0 0 0 0 80 0 0 0 0 0 0 41 37 36 42 0 0 0 0 0 0 59 54 0 0 55 0 0 0 0 11 0 0 0 0 0 0 0 21 0 20 22 0 0 
0 30 0 0 0 0 29 28 0 0 0 0 0 0 60 0 54 52 0 0 0 0 0 0 0 49 43 0 12 0 13 0 0 0 0 11 67 0 66 0 0 0 0 0 0 0 0 21 0 0 0 24 0 0 39 38 0 34 0 36 0 0 0 0 73 71 0 74 0 0 76 0 5 0 1 0 0 0 0 0 0 
14 0 0 0 9 0 0 0 0 0 0 41 0 0 0 0 0 34 0 0 0 33 0 0 0 0 0 0 0 0 0 0 0 78 0 0 49 0 48 0 43 0 51 0 0 0 0 0 0 1 0 0 0 0 21 0 0 0 0 0 0 22 0 0 55 0 59 0 52 60 0 0 0 0 0 0 62 0 0 0 61 
0 0 0 0 0 0 0 0 0 0 0 0 0 46 0 44 0 0 0 0 0 0 0 0 0 0 0 0 0 0 0 0 0 6 0 2 0 0 0 0 0 0 0 0 0 13 0 12 0 0 0 0 0 8 0 0 33 25 32 27 0 31 28 0 64 0 0 0 61 0 0 63 0 0 0 0 0 0 0 0 0 
41 39 0 0 0 0 0 0 0 0 0 0 0 64 0 0 0 0 0 0 0 60 0 56 0 0 0 0 0 16 22 0 0 0 0 20 76 0 0 0 0 0 0 0 0 0 0 0 0 0 0 0 0 26 48 0 0 0 0 45 0 0 0 0 0 0 0 0 0 0 0 0 0 0 0 12 0 0 13 0 0 
0 0 0 45 46 0 0 0 0 76 0 78 0 0 0 0 0 71 0 0 0 0 0 0 0 0 0 0 0 0 0 0 0 0 0 0 0 0 0 0 0 0 0 0 0 0 0 0 42 0 0 0 0 0 0 57 0 53 0 55 0 0 0 0 0 9 15 0 0 0 0 0 0 0 0 0 0 0 0 0 17 
0 0 0 0 0 0 0 2 5 31 0 0 0 0 34 0 0 0 0 0 0 0 0 21 0 0 0 0 0 0 0 0 0 0 0 0 0 0 0 0 0 0 43 0 0 77 0 0 78 0 0 0 0 0 0 0 0 8 15 0 9 0 0 0 0 0 0 48 0 52 0 46 60 0 0 0 0 57 59 55 0 
0 0 0 0 19 0 0 20 0 0 0 0 0 0 52 45 0 0 0 40 0 43 0 0 0 0 0 0 4 80 0 0 0 7 0 0 0 0 0 0 0 0 0 0 0 0 8 0 0 0 0 0 0 0 0 0 0 0 0 0 0 0 29 0 0 0 0 0 0 0 0 0 0 0 0 0 0 0 0 0 0 
0 0 0 0 0 0 57 0 0 0 0 0 0 0 0 0 0 0 0 76 0 79 0 0 0 0 0 38 0 0 0 0 0 0 0 0 0 0 0 0 0 0 0 0 0 0 0 49 0 0 0 0 0 0 67 0 0 0 0 64 0 0 65 22 20 0 0 0 17 0 0 19 0 0 0 0 0 0 0 28 0 
0 0 0 9 0 0 12 0 0 0 0 0 0 0 0 0 0 0 0 0 0 0 0 0 0 32 0 0 0 0 0 0 0 0 0 0 50 0 0 0 0 0 0 0 0 0 0 4 0 0 0 0 3 81 0 0 0 0 0 0 0 0 20 58 56 0 0 0 0 61 0 0 0 0 0 0 0 0 68 0 0 
42 0 0 0 37 43 0 0 0 0 0 0 0 0 0 0 0 0 54 0 0 0 0 0 0 0 53 0 0 0 0 0 24 0 0 0 0 0 76 0 0 0 0 0 0 0 0 0 0 0 0 0 30 0 0 0 0 0 0 0 0 0 0 0 2 81 0 0 0 0 0 0 0 0 0 0 0 12 0 10 0 
0 0 0 0 0 79 0 0 0 22 0 0 0 0 25 0 19 0 0 0 11 0 0 0 0 0 0 0 0 0 0 55 0 0 54 57 32 0 0 0 0 0 0 0 30 0 0 0 0 0 0 0 66 63 0 0 7 80 0 0 0 0 0 0 0 0 0 0 0 0 0 0 0 0 47 49 0 0 0 0 0 
0 0 0 0 0 0 0 0 0 0 0 0 0 0 61 54 0 53 45 49 0 0 46 0 0 50 0 0 0 0 0 0 0 16 9 12 0 0 0 0 62 0 0 69 0 0 17 0 0 0 0 0 0 0 0 39 0 0 0 0 0 0 0 76 0 72 78 0 71 0 77 0 6 0 0 0 81 3 0 0 0 
0 0 0 0 0 0 66 65 0 0 0 0 0 0 0 0 0 0 81 0 0 0 0 0 0 0 0 47 0 0 0 0 0 0 45 0 23 0 0 0 0 0 0 0 0 0 0 0 0 0 0 0 0 0 0 0 0 0 0 0 72 0 0 31 0 0 0 30 0 0 0 0 0 43 0 0 0 0 0 0 0 
0 0 0 0 29 35 31 0 33 0 0 0 58 0 0 0 56 0 0 50 0 0 0 49 0 51 0 0 0 9 0 0 0 0 0 0 0 0 0 0 0 0 0 0 0 0 0 0 25 21 0 0 0 0 0 0 0 0 0 0 0 0 0 0 0 0 79 0 0 0 0 74 0 0 0 0 0 0 0 2 0 
0 0 54 0 0 62 0 0 0 0 0 0 0 0 8 1 2 0 0 0 75 80 0 0 0 0 0 39 0 0 0 0 0 0 0 0 0 12 0 0 0 10 0 0 13 0 0 0 52 48 0 0 49 0 0 0 71 63 0 0 0 0 0 0 0 0 0 0 0 0 0 0 34 0 0 0 0 0 33 0 0 
0 0 9 0 0 17 0 12 15 0 0 0 0 0 0 0 0 0 28 0 0 0 0 0 0 0 0 0 77 0 0 0 0 0 73 0 0 0 0 47 0 0 0 0 49 0 81 0 0 0 0 8 4 0 0 0 0 0 25 0 0 0 0 0 57 55 0 0 54 0 0 0 0 0 0 0 0 0 0 0 0 
0 5 0 0 0 0 0 0 0 0 0 34 31 30 0 0 0 27 0 23 21 0 0 0 0 0 0 0 0 0 0 0 0 71 64 0 0 39 0 38 0 0 0 0 40 78 0 0 0 0 0 80 0 0 0 0 0 0 0 11 10 0 0 0 0 0 52 0 0 0 0 0 0 0 57 0 0 0 0 0 0 
0 68 0 0 0 0 0 66 0 0 0 0 0 0 0 0 0 9 0 0 0 0 2 0 0 0 0 48 0 0 0 0 0 53 0 0 0 0 23 0 0 0 0 0 0 0 0 0 0 0 0 0 58 0 0 0 0 0 79 0 0 78 0 32 30 0 0 31 27 0 0 29 43 0 0 0 0 0 0 0 0 
0 0 36 0 0 44 40 0 0 68 0 0 67 0 71 0 0 0 0 0 57 0 0 58 0 0 0 0 0 18 0 0 0 26 0 0 0 0 0 74 0 0 0 0 0 33 0 0 0 0 0 0 0 28 50 49 53 0 0 0 0 0 48 0 3 1 0 4 0 0 6 0 0 0 0 0 0 0 0 0 0 
0 0 0 0 0 53 0 0 0 0 78 0 0 75 80 0 74 0 0 68 0 0 65 0 0 0 0 0 0 27 0 0 0 0 0 0 0 3 5 0 0 1 0 0 0 0 0 0 0 0 0 0 0 0 0 0 0 0 0 56 0 0 0 0 0 10 0 0 0 0 0 0 25 26 0 23 19 0 0 0 0 
79 0 0 73 0 0 0 0 0 0 0 0 0 0 0 0 0 18 0 0 0 0 0 0 0 0 9 0 0 0 0 0 0 62 0 0 33 0 0 0 0 0 0 0 0 0 0 0 70 0 0 71 0 64 0 0 0 81 0 0 0 0 0 0 0 0 0 0 0 0 42 0 52 53 0 0 0 0 0 0 0 
0 0 18 0 0 26 0 0 0 50 0 0 0 0 0 46 0 0 0 0 0 0 0 0 0 0 0 0 0 0 0 0 0 0 0 0 0 0 0 0 0 0 0 0 0 0 0 0 0 0 0 17 0 0 0 0 0 27 0 29 0 0 0 0 0 0 0 0 0 0 0 0 0 0 0 77 0 0 0 0 0 
