9
0 0 0 0 0 0 0 0 68 0 0 0 0 61 0 0 0 56 0 0 0 0 0 0 49 0 47 0 0 0 0 12 0 9 0 0 0 38 0 0 43 0 0 39 0 0 0 0 0 71 79 0 73 77 34 32 0 0 0 0 0 0 0 0 4 0 0 6 0 0 0 0 0 0 0 25 18 0 0 23 0 
0 0 0 0 0 0 39 43 0 0 0 0 0 34 0 0 0 29 23 0 0 0 0 0 0 0 0 0 0 0 0 0 64 0 0 0 0 11 0 0 0 9 14 12 0 0 0 0 0 0 0 0 46 0 0 0 0 0 0 1 3 0 6 0 0 57 0 0 0 0 0 61 0 0 0 0 0 0 78 0 0 
27 0 0 0 0 0 0 0 0 0 23 0 0 25 0 0 22 0 14 0 0 0 0 0 0 0 0 0 0 0 0 0 0 0 58 0 0 0 80 0 0 0 0 0 0 0 0 0 0 0 0 0 0 41 0 77 76 0 0 0 0 0 0 0 0 0 44 0 0 0 0 0 0 67 0 0 0 0 69 68 0 
0 0 0 0 74 76 0 79 0 0 0 0 0 70 0 0 0 0 0 0 0 0 0 0 58 0 56 0 0 0 0 0 0 0 0 0 0 47 0 0 0 0 0 48 49 0 0 0 3 0 0 0 0 0 0 41 40 0 0 0 0 0 0 0 0 0 0 0 0 14 0 16 0 0 0 34 0 0 0 0 0 
0 6 1 0 0 0 3 0 0 0 0 75 0 0 0 0 0 0 68 0 0 0 0 70 0 0 0 0 33 34 0 0 28 0 0 0 0 0 0 0 0 0 59 0 0 0 15 11 0 0 0 13 0 0 0 0 0 47 0 0 0 0 0 0 0 0 0 0 19 0 0 25 0 0 0 0 0 0 0 0 37 
0 0 0 17 0 0 0 0 0 0 0 0 0 0 0 0 0 0 0 0 0 3 0 7 0 0 2 0 0 52 0 48 0 0 0 0 0 74 71 0 0 72 0 0 0 0 33 0 0 26 0 0 28 0 0 68 0 65 0 0 0 0 0 38 40 0 0 42 0 0 36 0 0 0 0 0 54 0 0 0 0 
0 0 0 0 47 0 48 0 0 0 41 0 0 0 0 36 0 0 0 0 26 0 28 34 0 0 29 0 0 0 0 0 0 0 0 0 0 0 0 0 0 0 23 0 0 0 0 0 0 0 0 0 0 0 16 0 0 0 0 0 0 0 15 65 0 0 0 0 64 0 0 0 0 4 0 0 0 0 0 0 0 
9 0 0 0 11 13 12 0 14 0 5 0 0 7 0 0 0 2 0 0 0 75 0 0 76 0 74 0 0 0 0 0 37 0 0 0 0 0 0 0 0 0 0 0 0 18 0 0 0 17 25 0 0 0 0 0 58 0 0 0 0 0 60 0 0 0 0 0 0 0 27 0 48 0 0 0 0 0 0 0 0 
0 0 0 53 56 0 0 0 59 0 0 0 0 0 0 45 0 0 0 0 35 39 0 0 0 0 0 80 6 7 0 3 0 0 4 0 0 0 0 0 0 0 0 30 0 63 69 0 0 0 0 0 0 0 0 0 22 0 0 0 0 0 0 0 0 75 0 0 0 0 0 0 0 0 0 16 0 0 0 0 0 
0 0 0 67 0 72 71 0 0 0 0 0 0 0 58 59 0 0 0 0 49 0 0 0 0 0 0 0 0 21 0 0 0 14 0 19 0 0 0 0 0 0 0 0 0 0 0 79 0 0 0 0 0 1 0 0 36 0 32 0 0 31 0 0 9 0 0 0 0 10 0 0 0 0 0 0 0 0 29 0 0 
0 0 0 40 0 0 0 0 46 0 0 0 0 0 31 0 0 0 0 0 0 0 0 0 0 0 0 67 0 75 0 0 0 0 0 0 15 0 0 0 0 0 0 0 0 0 56 52 0 0 57 0 51 55 0 0 0 0 0 0 0 0 0 0 0 0 0 0 0 0 0 0 80 0 79 0 0 0 0 0 78 
5 0 0 4 0 9 0 0 10 78 0 0 0 0 76 0 0 0 73 0 0 0 69 0 0 0 0 31 0 0 0 35 0 0 36 37 0 61 0 65 66 0 0 0 0 0 20 0 17 0 21 0 0 0 0 0 0 0 0 0 53 49 0 0 0 0 0 0 0 0 23 0 0 0 0 0 0 0 47 0 0 
32 0 0 31 0 0 35 0 0 24 0 0 0 0 0 0 0 0 0 14 0 0 0 0 0 0 0 0 0 0 0 0 0 59 0 0 6 0 0 0 0 0 10 8 0 0 0 0 0 0 0 0 0 0 0 0 0 0 0 78 80 76 2 0 0 0 0 0 0 0 50 0 71 0 0 0 0 0 0 73 69 
0 0 0 58 61 0 0 0 64 0 0 0 0 0 0 0 0 0 0 0 0 0 42 0 0 0 0 0 0 0 0 0 6 0 9 0 0 34 31 38 0 0 0 0 0 0 0 70 71 0 0 0 69 73 30 0 0 0 0 24 26 0 29 0 0 0 0 0 0 0 77 3 0 0 16 0 0 0 0 19 0 
0 0 51 49 0 0 53 0 0 0 0 0 0 0 0 0 45 0 0 0 31 0 0 0 0 0 0 0 0 3 0 80 0 0 0 0 0 0 0 0 0 0 0 0 0 59 0 0 62 0 0 0 0 0 0 0 0 0 0 0 0 13 0 0 0 0 0 0 0 0 0 0 8 0 0 12 0 0 0 0 0 
0 0 78 0 0 0 0 0 1 0 0 0 0 0 0 0 0 70 64 0 0 0 60 66 0 65 0 0 0 30 0 0 0 0 0 0 0 0 0 0 0 0 0 53 0 5 0 0 0 0 0 0 6 0 0 0 0 0 0 42 44 40 0 0 0 0 13 0 0 19 14 0 0 0 0 0 32 31 0 0 0 
0 0 0 0 16 18 0 0 0 6 0 8 0 0 0 0 0 0 0 0 0 80 0 0 0 0 79 40 47 0 0 0 42 0 0 0 0 0 67 74 75 0 0 0 0 0 0 0 0 0 0 0 0 0 66 0 0 0 0 0 0 0 65 0 0 35 0 0 0 0 0 0 0 54 0 0 0 0 56 0 0 
0 0 0 0 0 0 0 0 28 0 0 0 0 0 0 0 0 0 0 0 0 8 0 0 0 0 0 0 0 0 0 0 0 50 54 0 0 0 0 2 0 0 1 0 0 0 0 0 0 0 0 36 0 37 0 0 0 70 0 0 0 0 0 43 0 0 40 0 0 0 41 0 0 0 0 0 0 0 0 0 0 
12 0 13 0 0 0 0 0 0 0 0 0 0 0 0 3 0 0 80 0 0 78 0 1 0 0 0 0 0 0 0 0 0 0 0 0 0 0 0 0 0 0 0 0 0 0 27 0 0 0 0 0 0 0 0 0 0 59 0 0 60 0 0 0 0 0 0 36 31 0 0 0 0 0 0 0 0 47 54 0 49 
0 0 0 0 0 79 0 0 0 0 0 0 0 0 0 0 0 0 0 57 0 0 0 64 0 0 0 20 0 0 0 0 0 21 0 0 0 0 0 0 55 0 0 0 0 0 0 0 0 2 10 0 0 0 0 44 0 0 39 0 0 0 45 14 16 0 0 0 0 0 0 0 0 0 0 37 0 0 0 0 0 
0 0 0 0 0 0 0 55 0 40 0 0 0 0 0 0 0 0 35 30 0 0 31 0 0 0 0 74 0 1 0 78 0 0 0 0 0 23 0 0 28 21 0 0 25 0 0 0 0 0 0 0 0 62 19 17 0 0 0 13 0 0 0 0 0 0 0 0 0 71 66 73 0 0 5 10 0 0 0 8 0 
30 0 0 0 0 34 0 0 35 22 0 0 0 0 0 0 0 0 17 0 11 0 13 0 0 0 0 0 63 0 0 0 0 0 0 0 0 0 0 0 10 0 0 6 0 0 0 0 0 0 46 0 0 0 1 0 0 0 0 0 0 0 0 0 52 51 0 0 0 0 0 0 0 70 0 0 0 0 72 0 0 
0 0 0 0 41 0 0 0 44 31 35 0 0 0 0 0 0 0 26 0 20 0 0 0 25 0 0 0 72 0 0 0 0 0 0 0 13 0 0 0 0 0 0 0 0 0 54 0 0 0 0 0 49 0 0 0 7 5 0 0 0 2 9 0 0 0 0 63 0 0 0 64 0 0 77 0 0 0 0 0 76 
0 0 0 0 0 61 0 64 0 0 0 0 0 0 0 48 52 0 0 39 38 0 0 0 0 0 41 0 0 0 0 0 0 3 0 8 0 0 0 0 0 0 0 0 0 66 0 68 0 0 73 0 0 0 0 0 25 0 0 22 0 20 0 0 0 78 74 0 0 0 0 0 0 16 0 0 0 0 0 0 0 
66 0 0 0 68 0 0 73 0 0 0 60 0 0 0 0 0 0 0 48 0 51 0 0 0 0 0 11 0 0 14 15 13 0 0 0 0 0 0 45 0 39 0 0 0 0 0 0 0 0 0 0 0 80 37 35 0 0 0 0 33 0 0 0 0 6 0 0 4 0 0 10 0 0 0 0 0 0 0 0 0 
0 9 4 0 5 7 0 0 0 76 0 0 0 0 0 0 0 0 71 0 0 69 0 0 0 0 0 0 0 0 0 0 0 30 0 0 58 0 0 0 64 0 0 0 0 12 0 14 0 0 19 0 13 17 55 53 0 0 0 0 0 47 0 23 0 0 20 27 0 0 21 0 0 0 41 0 0 0 0 0 0 
0 0 0 20 0 0 0 0 0 0 17 15 0 0 0 12 0 0 0 0 0 0 4 0 0 0 0 0 0 0 50 51 0 0 52 53 0 0 0 0 0 0 0 0 0 0 0 0 33 29 0 0 0 0 0 71 0 0 0 67 0 0 72 0 0 42 0 45 0 0 39 46 0 0 0 0 0 0 0 0 0 
31 0 0 0 33 0 0 0 0 0 0 0 0 29 0 0 0 0 0 0 0 0 14 20 0 0 0 0 64 0 0 0 0 58 0 0 5 0 3 0 0 0 9 0 8 0 0 0 0 0 0 44 0 0 0 0 0 0 0 0 79 0 1 0 0 0 0 0 0 54 0 0 70 71 0 0 67 0 0 72 68 
0 0 0 0 0 0 0 0 0 0 0 0 55 56 0 0 0 0 45 0 0 43 41 0 0 0 0 0 10 0 6 7 0 0 0 0 32 0 0 0 0 0 36 0 0 0 0 0 0 0 74 0 0 0 0 0 26 0 0 0 0 0 28 0 0 0 75 0 0 0 0 0 0 0 0 0 0 0 0 0 0 
0 10 0 0 0 0 7 0 0 77 0 0 0 2 75 0 0 0 0 0 0 0 68 0 0 0 69 30 0 0 0 0 0 0 0 0 0 0 0 0 0 0 0 61 0 13 0 0 0 0 0 0 0 0 0 54 53 0 0 0 0 0 55 0 26 0 0 0 0 0 0 0 0 44 0 0 0 0 0 0 0 
76 0 77 0 0 0 0 2 0 0 0 0 0 0 66 0 0 0 0 0 0 0 0 0 0 64 60 0 0 0 0 25 0 0 0 0 0 0 0 0 0 0 0 0 0 0 0 0 0 0 0 0 5 0 0 0 0 0 40 0 0 39 46 15 0 0 0 19 0 0 0 0 0 0 0 38 0 0 0 0 0 
67 73 68 0 0 0 0 0 0 0 0 0 0 65 0 58 62 0 0 0 0 0 0 0 0 55 0 12 0 0 0 0 0 13 0 0 0 0 0 0 0 0 0 43 0 0 1 0 0 0 0 0 0 81 0 0 0 33 0 0 0 0 0 0 0 0 0 10 0 9 0 0 0 0 0 29 0 0 28 0 0 
0 28 0 0 0 0 0 0 0 0 18 0 0 0 0 0 0 0 0 0 0 0 0 0 0 0 0 0 0 0 0 0 0 49 0 0 0 0 0 0 2 0 0 79 80 0 0 33 34 0 0 0 0 0 0 0 0 69 0 68 0 0 0 42 0 43 39 0 41 0 0 47 0 0 0 0 0 0 64 0 0 
0 0 14 0 15 0 0 20 0 0 0 0 0 0 3 0 0 0 0 0 0 79 77 0 0 0 78 0 46 0 0 0 0 0 44 0 0 0 66 0 0 0 0 0 0 0 0 0 0 0 0 0 23 0 65 0 62 0 0 0 0 0 0 0 0 0 0 0 0 0 0 38 0 53 0 0 0 0 0 54 0 
0 0 0 0 51 0 0 56 0 0 0 0 0 0 0 0 0 0 0 0 0 0 0 0 0 0 0 0 0 2 0 79 77 0 80 0 0 0 0 0 0 0 27 0 0 0 0 0 0 57 65 0 59 63 0 0 0 15 0 0 0 0 19 0 71 0 66 0 0 0 0 0 7 0 0 0 0 0 0 0 0 
0 0 41 0 0 0 0 0 45 32 0 0 0 0 0 0 0 33 0 0 21 25 0 0 0 0 0 0 0 74 0 70 0 0 0 0 14 0 12 19 0 0 0 0 0 49 0 0 0 0 0 0 0 0 11 0 0 6 0 0 0 0 10 0 0 0 0 64 0 0 58 0 0 0 78 0 0 0 0 0 0 
0 21 0 0 0 0 0 0 0 7 0 0 12 0 0 0 10 0 0 0 0 0 79 0 1 0 0 0 48 0 0 0 0 0 0 0 0 0 0 0 0 0 0 0 0 0 0 0 0 0 0 0 0 29 0 0 0 0 0 61 0 0 0 35 0 36 0 0 0 38 33 0 0 55 0 58 51 50 0 0 0 
0 0 0 0 0 37 0 0 0 0 0 0 0 0 23 0 0 0 0 15 0 18 0 0 0 0 0 59 0 0 0 0 61 0 0 0 0 0 0 0 0 0 0 9 0 0 0 0 0 0 0 0 0 0 0 0 0 0 0 79 0 0 0 0 0 0 0 0 0 0 0 58 0 73 0 0 0 0 0 0 0 
0 66 0 0 0 0 0 67 65 0 0 0 0 0 0 0 0 0 47 42 0 0 43 0 0 0 0 0 0 0 8 0 0 0 10 0 0 0 0 0 0 0 0 0 0 0 0 0 0 0 76 0 0 0 0 0 28 0 0 0 27 0 0 0 0 0 0 0 0 0 0 0 0 0 0 22 0 14 0 0 0 
78 0 0 0 80 0 0 0 0 0 74 0 0 76 68 69 0 71 65 0 0 0 61 67 0 0 0 0 0 31 0 0 0 0 0 0 0 0 0 0 0 0 0 0 0 0 0 0 0 0 13 0 0 0 0 0 46 0 42 0 0 41 48 0 0 18 0 0 0 0 0 0 0 37 0 0 0 32 0 0 34 
0 0 0 0 0 10 0 0 0 0 0 81 0 4 0 0 0 0 0 0 0 0 70 0 73 0 0 0 39 0 0 0 0 0 0 0 0 0 0 0 0 0 0 63 0 0 21 17 0 0 22 19 0 0 0 0 0 0 0 0 0 50 0 0 0 27 0 0 0 0 24 0 0 46 44 0 0 0 0 0 0 
0 75 0 68 71 0 0 0 0 0 0 0 0 0 59 0 0 0 56 0 50 54 0 0 0 0 53 14 0 0 17 0 16 0 0 0 43 0 0 48 0 0 47 0 46 78 0 0 81 0 0 0 0 0 0 38 0 0 0 34 0 0 0 0 0 0 0 0 7 11 0 0 0 0 0 0 0 0 0 0 0 
0 0 25 0 26 0 0 0 0 0 0 0 0 22 0 15 0 0 11 0 0 0 0 0 0 12 0 0 57 58 53 0 0 0 55 0 0 80 77 0 4 0 0 0 0 0 0 0 0 32 0 0 0 0 0 0 0 0 69 0 72 0 0 0 0 0 0 0 0 0 0 0 0 0 0 0 0 0 0 0 0 
42 48 0 0 44 46 0 49 0 0 0 0 39 0 0 0 0 0 0 0 0 0 0 31 0 0 0 0 0 0 0 72 0 0 0 0 0 0 0 0 0 0 20 0 0 0 0 53 54 0 58 0 52 0 0 0 0 0 0 0 9 0 0 62 0 0 0 0 0 0 0 0 0 1 0 0 0 0 0 0 0 
0 0 0 0 0 0 0 0 0 0 0 45 0 0 0 0 0 0 38 0 32 0 0 0 0 0 35 0 0 0 0 81 0 0 0 0 0 0 0 0 31 0 0 0 0 60 0 0 0 0 67 0 0 0 22 0 0 0 0 0 0 0 0 0 0 0 68 0 70 0 0 76 9 0 8 0 0 0 0 11 0 
0 0 0 0 76 0 0 0 0 0 0 0 71 0 0 0 0 0 0 0 0 0 0 0 0 62 58 0 0 27 0 0 0 0 24 0 0 0 0 0 0 47 0 0 0 2 0 0 0 1 9 0 0 0 0 0 0 40 0 0 0 0 0 0 15 14 0 0 0 0 0 0 0 0 31 0 0 0 35 34 0 
0 0 0 0 13 0 0 0 0 0 0 0 0 9 1 0 6 4 0 74 0 0 0 0 0 0 0 0 0 0 0 0 0 0 0 0 0 0 64 0 0 0 70 0 0 0 0 0 0 0 0 0 0 0 0 0 60 58 0 57 0 0 0 0 0 0 0 0 0 34 0 0 0 0 0 0 47 0 0 52 0 
0 0 0 0 4 0 0 0 0 0 79 0 0 0 0 0 0 0 0 0 64 0 0 0 0 0 0 0 0 0 0 0 0 0 0 0 0 0 0 0 63 56 0 0 60 0 0 0 0 0 18 15 0 0 0 0 0 0 0 48 50 46 53 0 0 0 0 0 21 0 0 0 41 0 0 0 38 0 44 0 0 
20 0 0 0 22 0 0 0 0 12 0 14 0 18 0 0 0 13 0 0 1 0 3 0 6 0 0 0 0 0 0 0 0 0 0 52 75 76 0 0 0 0 0 0 0 0 35 0 0 28 0 0 0 0 72 70 0 0 0 0 0 64 0 40 0 0 0 0 0 0 0 0 59 60 0 0 0 55 0 61 57 
47 53 0 0 0 51 0 0 52 0 0 41 0 0 0 0 0 0 34 0 28 0 0 0 0 35 0 0 0 0 0 0 0 0 0 0 0 22 0 0 27 20 0 0 0 0 0 0 0 0 0 0 0 61 0 0 0 0 0 0 0 0 0 0 0 0 0 0 0 70 0 0 0 6 0 0 0 0 8 0 0 
0 0 39 0 0 42 0 0 0 0 0 0 0 0 0 0 0 0 0 20 0 0 0 0 0 26 0 0 71 0 0 0 0 65 0 0 0 0 0 0 0 0 0 0 0 47 0 0 0 0 0 0 0 52 0 0 6 0 0 3 0 0 0 58 0 59 0 0 0 0 0 0 0 0 0 0 0 73 0 0 0 
0 0 0 0 0 69 0 72 0 0 0 0 62 63 0 0 0 0 0 47 0 50 0 54 0 0 0 10 17 0 0 0 0 11 0 0 0 0 0 0 0 38 0 0 0 74 0 0 0 0 0 78 0 0 0 0 0 31 0 0 32 28 0 0 0 0 0 0 0 7 0 9 0 0 0 0 20 0 0 0 21 
0 0 0 28 0 0 0 0 0 0 0 23 26 0 19 0 0 22 0 0 0 0 12 0 0 0 0 55 0 0 0 0 0 0 0 0 0 4 0 0 0 0 0 0 6 0 44 0 0 0 0 0 39 0 81 0 0 0 0 0 0 0 0 0 0 50 0 0 0 0 0 0 68 69 67 72 0 64 0 0 66 
0 0 0 55 58 60 0 0 0 0 0 0 0 0 46 0 0 0 0 0 0 41 0 0 0 44 40 0 8 0 4 0 0 2 0 0 0 0 0 35 0 0 0 0 0 0 0 0 0 64 0 0 66 0 0 25 0 0 0 0 0 19 0 0 0 77 0 0 0 0 0 0 0 0 0 0 11 0 17 0 0 
0 0 0 0 0 11 10 14 0 80 3 0 0 0 0 0 0 0 0 70 0 0 0 0 0 0 0 0 0 41 0 0 0 0 0 0 0 0 0 67 0 0 0 64 65 16 0 0 0 0 0 0 0 0 0 0 56 0 0 0 0 0 58 0 0 0 0 0 0 30 0 0 0 0 0 50 43 0 0 0 0 
0 0 0 0 0 0 1 0 0 71 0 0 0 0 0 0 0 72 0 0 60 64 0 0 0 0 0 0 31 32 0 0 0 0 29 0 0 54 0 0 0 52 0 0 0 0 0 9 10 0 0 0 0 0 0 0 0 0 0 0 46 0 0 0 20 0 15 0 0 0 0 0 0 0 0 41 0 33 40 0 0 
0 0 0 0 0 0 0 77 0 0 66 0 0 68 0 0 0 0 0 0 51 0 0 0 0 0 0 0 0 0 0 0 0 0 20 0 0 45 0 0 0 0 0 0 0 0 0 0 0 0 0 0 0 0 41 0 0 0 0 35 37 0 40 0 0 0 6 0 8 0 0 0 28 0 0 0 0 0 0 0 0 
25 0 0 0 27 0 0 0 0 0 0 0 0 0 15 16 20 0 0 7 0 0 0 0 11 0 9 0 0 59 0 0 0 0 0 0 0 0 0 4 0 0 0 1 2 0 0 0 0 0 0 0 0 0 0 0 0 0 0 71 0 0 0 0 0 0 0 49 0 0 0 0 0 0 0 0 61 60 67 0 62 
0 0 0 0 36 0 0 0 0 0 30 0 0 0 0 0 0 27 0 16 0 0 0 23 20 0 0 60 67 0 0 64 0 0 0 0 8 0 0 0 0 0 0 0 0 43 0 0 0 0 0 0 0 0 0 0 2 0 0 0 0 0 4 0 0 0 0 0 0 0 0 0 0 0 0 77 0 0 0 0 0 
0 0 0 0 0 0 0 0 21 0 0 0 0 14 0 0 11 0 0 0 0 0 0 0 0 4 0 0 0 0 45 46 0 0 0 48 0 72 0 76 0 0 0 0 0 0 31 27 0 0 0 0 0 0 0 0 0 63 61 62 0 60 0 0 0 0 0 0 0 0 34 0 0 0 0 0 52 0 0 0 0 
61 0 62 0 63 0 0 0 0 0 57 0 0 0 51 0 0 0 0 0 42 46 0 0 47 49 0 6 0 0 0 10 8 0 0 0 0 36 0 0 41 34 0 0 0 70 0 0 0 0 0 74 0 0 0 0 0 0 25 0 0 0 0 0 2 0 78 0 0 0 0 0 19 0 18 23 0 0 0 21 0 
0 49 0 0 0 0 0 0 0 0 0 37 0 41 0 34 0 36 30 0 0 0 0 32 0 0 0 0 76 0 0 73 0 70 0 0 0 0 0 0 0 0 0 0 20 0 0 0 0 51 0 0 0 0 14 0 0 0 0 0 0 0 13 63 0 0 0 0 0 0 61 68 0 0 0 0 0 0 0 0 0 
0 0 53 0 0 56 55 0 57 0 0 0 0 0 0 0 0 0 0 0 0 0 0 0 38 0 36 0 4 0 0 0 0 0 2 0 0 27 24 0 0 0 30 0 0 0 0 63 0 0 68 0 0 0 0 0 20 0 16 0 0 0 0 0 0 73 0 0 0 75 0 0 0 0 0 0 0 0 13 0 0 
0 0 0 0 75 0 0 80 78 0 69 67 0 71 0 64 68 0 0 0 0 0 56 0 0 0 57 0 0 0 21 0 0 0 0 24 0 0 0 52 0 0 0 0 0 1 7 0 0 81 0 0 0 0 0 42 41 0 0 0 0 36 0 0 0 0 0 0 0 15 0 0 0 0 0 0 0 27 0 0 0 
55 0 0 0 0 59 0 0 60 0 51 0 0 0 45 46 0 0 0 0 0 0 0 44 0 0 0 0 0 0 3 4 0 0 0 0 0 0 27 34 35 0 0 0 0 64 70 0 67 0 0 0 0 0 0 0 0 0 0 0 0 0 0 0 77 76 0 0 74 0 0 0 0 0 0 0 0 0 16 0 0 
64 70 0 0 0 0 0 0 0 0 0 0 0 0 0 0 59 0 51 46 45 0 0 53 0 0 48 0 0 0 0 13 11 0 0 15 0 0 0 0 44 0 0 40 0 0 0 0 0 0 0 0 0 0 35 0 32 0 0 0 0 0 0 0 5 0 81 0 0 0 1 0 0 23 0 26 0 18 0 0 0 
0 25 20 0 0 23 0 26 0 0 0 0 0 0 9 10 0 12 0 0 0 0 0 0 5 0 3 0 0 0 0 0 0 46 0 0 0 75 0 79 0 0 0 0 0 28 0 0 31 27 0 0 0 0 0 0 0 0 0 0 0 0 70 0 0 0 0 0 38 0 0 0 0 0 0 0 0 0 61 0 0 
0 0 0 0 0 14 0 17 15 0 0 0 7 8 0 1 0 0 78 0 0 76 0 0 0 0 75 0 0 44 0 40 0 37 41 0 0 0 0 0 0 0 0 0 68 0 25 0 0 0 0 0 0 0 62 0 0 0 0 56 0 0 61 0 0 0 0 0 0 33 0 0 0 0 0 0 46 0 0 0 0 
0 0 0 36 0 0 0 0 0 0 0 0 0 35 0 0 0 0 0 0 0 0 0 0 0 0 0 63 0 0 66 0 0 0 0 0 0 0 0 0 17 10 15 0 0 0 52 48 0 0 53 0 0 51 0 6 5 0 0 0 0 0 0 0 0 0 0 0 0 0 0 0 0 0 0 0 0 0 0 0 0 
0 0 2 0 0 0 0 8 0 0 0 0 0 0 0 73 0 0 0 0 0 0 0 0 0 0 0 0 34 0 30 0 0 0 0 33 0 0 0 61 0 55 0 0 0 0 16 0 0 0 0 0 0 0 0 0 0 0 0 47 0 0 0 21 0 0 18 0 0 0 0 0 0 0 0 0 0 0 0 0 0 
0 0 47 0 0 0 0 53 0 0 0 0 0 44 0 0 0 0 0 0 0 0 0 35 0 0 0 72 0 0 0 0 0 73 0 0 0 21 0 0 0 0 24 0 0 0 0 57 58 0 0 59 0 0 0 15 0 0 0 0 0 9 0 66 68 0 0 0 0 69 0 71 0 0 0 8 0 0 0 0 2 
28 0 0 0 0 0 0 35 0 0 0 22 25 0 0 0 0 21 0 0 0 0 11 17 0 0 0 0 0 0 0 0 0 55 0 0 0 0 0 0 0 1 0 4 0 0 0 39 40 36 0 0 0 0 0 0 0 75 0 0 0 72 0 0 0 0 0 0 0 51 0 0 67 0 0 0 0 0 0 0 65 
17 0 0 0 0 0 0 0 0 0 0 0 14 0 0 0 12 0 0 0 0 0 0 0 0 0 0 0 0 0 0 0 0 0 0 0 0 0 0 77 0 71 76 0 0 0 0 0 0 25 0 0 0 0 0 0 66 0 62 0 0 61 68 0 0 38 0 0 0 0 0 0 0 0 55 0 0 0 0 0 54 
0 0 0 0 0 12 0 0 0 81 0 2 5 0 0 0 0 0 0 0 70 74 0 0 75 0 73 0 41 0 0 0 0 35 0 40 63 0 0 0 69 0 0 0 0 0 0 0 0 0 0 0 0 0 0 0 0 0 0 0 0 0 59 0 0 0 25 0 0 0 0 0 0 48 46 0 0 0 0 0 0 
0 0 0 0 0 0 38 42 0 0 0 0 32 33 0 0 0 0 0 0 0 0 0 0 0 0 19 0 0 0 0 0 0 0 0 0 0 0 7 0 0 0 0 0 0 0 50 0 0 0 0 48 0 0 0 4 3 0 0 0 0 0 0 0 0 0 0 0 0 58 0 0 0 0 0 78 0 0 0 0 0 
0 0 0 0 28 0 0 0 0 0 22 20 0 0 0 17 0 0 0 8 0 0 0 0 12 14 10 0 59 0 55 0 0 53 0 0 0 0 0 0 0 0 0 2 0 0 0 0 0 0 0 0 0 0 0 76 0 73 0 0 0 0 0 0 0 0 43 0 0 0 44 0 0 66 0 0 0 0 0 67 0 
53 59 0 0 0 0 56 0 58 0 0 0 0 0 0 0 0 0 0 0 0 0 0 0 0 41 0 0 5 0 1 2 0 0 0 0 0 0 0 0 0 0 0 0 30 62 0 0 0 0 69 0 0 0 24 0 0 0 0 0 0 0 23 0 0 0 0 0 0 0 0 0 0 0 0 15 0 0 0 13 9 
80 0 0 0 1 0 0 0 0 72 0 0 77 0 0 71 0 0 0 0 0 0 0 0 0 0 0 0 0 0 0 0 0 0 0 0 54 0 52 0 0 0 0 0 57 0 14 10 0 0 15 0 0 0 0 0 48 0 0 0 0 0 0 19 0 0 0 0 18 22 17 0 0 39 0 0 35 0 0 0 0 
62 0 0 0 0 0 65 0 0 0 0 0 0 0 0 0 0 0 0 0 0 47 0 0 0 0 0 0 0 0 0 11 0 0 0 0 0 0 34 0 0 0 0 0 0 0 0 0 0 0 0 0 0 76 33 0 0 0 0 0 0 25 0 0 0 0 0 0 81 0 0 0 0 0 0 0 0 0 0 22 0 
0 0 0 0 0 0 0 0 0 0 0 0 68 69 0 0 66 64 0 0 0 0 0 0 0 0 55 0 0 0 19 0 0 0 0 0 0 0 0 0 0 0 0 0 0 80 0 0 0 79 0 0 0 0 0 0 0 0 0 0 38 0 41 0 0 0 0 0 9 0 0 15 0 0 0 0 26 0 0 0 0 
0 0 0 0 0 0 47 0 49 0 0 0 41 0 34 0 0 0 31 0 0 0 0 33 0 0 28 0 0 0 73 0 0 0 0 76 0 0 0 0 0 17 0 20 0 53 0 55 0 0 60 57 0 0 0 0 12 0 8 0 0 0 0 64 0 0 61 0 0 0 0 0 0 0 0 0 0 79 0 0 0 
