9
0 0 0 0 0 0 39 0 0 0 0 57 0 0 0 0 0 0 29 0 0 24 0 28 25 0 27 0 0 0 0 0 0 0 0 0 0 0 0 0 0 0 0 67 0 0 0 0 0 0 0 0 0 0 0 42 0 0 44 0 0 0 0 0 0 0 0 0 15 0 0 0 10 0 14 0 0 0 0 0 0 
0 0 0 0 0 0 0 0 19 0 0 0 35 0 0 0 0 0 11 0 0 0 13 10 7 14 0 0 0 0 0 0 51 0 0 0 0 0 0 45 42 0 0 49 47 0 61 0 0 0 68 0 0 65 0 0 0 27 0 0 29 0 0 0 0 0 0 0 0 2 0 0 0 70 77 0 0 76 0 0 0 
0 0 0 0 0 0 0 0 10 24 0 30 0 0 0 0 0 0 2 0 0 0 0 0 0 0 0 0 0 0 0 50 0 0 0 0 37 41 0 36 0 0 0 40 0 0 0 0 0 0 0 0 0 0 22 0 0 0 17 0 0 23 0 0 0 0 71 0 0 74 0 0 64 0 0 0 0 67 0 0 0 
47 0 49 0 0 0 0 45 0 0 0 0 0 0 0 0 65 0 0 0 0 0 0 0 0 0 0 0 79 0 4 5 78 0 0 0 0 0 0 72 0 0 0 76 74 0 0 0 0 9 0 0 0 0 0 51 0 0 53 0 0 59 0 0 0 0 0 32 0 0 0 0 0 0 0 0 0 0 0 0 15 
0 69 0 0 0 0 0 0 0 0 10 0 8 0 0 0 0 0 0 0 66 0 67 0 0 0 0 0 0 0 0 32 0 0 0 0 0 0 0 0 15 0 0 0 0 0 0 0 0 0 0 0 0 38 0 0 0 0 0 0 0 0 3 0 0 0 0 0 0 0 0 0 0 0 50 0 0 0 0 0 0 
0 0 0 0 0 0 0 0 0 0 0 21 0 0 0 0 0 0 0 0 0 69 0 0 0 77 0 0 0 38 40 41 0 0 0 0 0 0 0 0 0 26 30 0 0 0 0 0 0 45 0 0 0 0 0 0 0 0 0 0 0 0 0 0 0 0 62 0 0 0 0 0 0 0 0 0 0 58 0 0 0 
0 0 0 0 0 0 0 0 0 0 0 0 0 0 0 0 0 0 0 0 48 0 0 0 0 0 0 0 0 0 0 0 0 8 0 0 0 0 0 81 0 80 0 4 0 0 0 0 0 18 0 0 0 20 0 60 64 0 0 0 65 0 66 39 0 0 0 0 0 0 0 40 0 0 32 26 0 0 0 0 24 
29 0 31 0 0 0 0 27 0 42 0 0 0 0 0 0 0 0 0 0 0 15 0 0 0 0 0 0 0 0 67 0 0 0 0 0 55 0 0 0 0 0 0 0 0 0 0 75 0 0 0 0 0 74 0 0 0 36 35 34 0 41 0 0 10 9 0 0 0 0 0 0 0 0 5 80 0 0 0 2 0 
0 60 0 0 0 0 66 0 0 0 0 0 0 0 4 0 0 0 0 0 0 0 0 0 0 59 0 0 0 0 0 0 0 0 0 0 0 0 0 9 0 0 0 0 0 0 0 0 0 27 0 0 0 0 0 0 0 0 0 0 0 0 75 48 0 0 0 50 0 0 0 49 0 0 0 0 36 0 0 38 0 
0 39 0 0 0 0 45 0 0 57 0 0 0 0 0 58 0 0 0 0 0 30 0 0 0 0 0 0 0 0 0 0 0 0 0 0 0 0 0 0 0 0 0 73 71 3 0 0 0 0 0 0 0 0 0 0 0 0 0 0 0 0 0 27 25 0 0 29 0 0 22 0 0 13 0 0 0 0 0 17 0 
0 66 0 0 74 0 72 0 0 0 0 9 5 0 0 0 0 0 0 59 0 0 0 0 0 0 60 24 22 0 0 0 0 0 0 0 0 0 0 0 0 0 0 0 17 0 0 36 0 0 0 0 0 0 0 0 0 0 0 76 80 0 0 54 52 51 0 0 0 0 49 0 0 40 0 41 0 0 0 0 0 
0 0 0 0 56 49 0 0 0 0 70 0 0 69 73 0 0 0 0 0 0 0 0 0 0 0 0 0 0 0 0 0 0 0 9 0 79 0 0 0 0 0 0 0 0 12 0 0 0 0 0 0 0 17 0 0 61 0 59 0 0 0 0 0 0 33 0 0 0 0 0 0 0 0 0 23 0 0 0 0 0 
0 30 0 0 0 0 0 0 0 0 52 54 0 51 0 0 0 0 0 0 0 0 28 0 0 0 24 0 0 0 0 74 66 0 72 0 0 0 0 0 57 59 0 0 0 75 0 0 1 0 0 0 0 0 46 0 0 42 41 0 0 0 45 18 0 15 0 0 0 0 0 0 0 0 0 0 0 0 0 0 0 
0 0 0 23 0 0 0 0 25 0 0 45 41 0 0 0 0 0 0 14 0 0 0 0 0 0 0 0 0 0 0 65 0 59 0 0 0 0 0 0 0 0 0 0 0 66 0 0 0 0 0 0 0 0 0 0 0 0 0 0 0 0 0 9 0 0 0 11 0 0 0 0 0 0 0 0 0 0 0 0 0 
62 0 0 0 65 58 0 60 0 0 0 0 0 0 0 0 0 0 0 0 0 0 0 0 0 0 0 0 13 17 0 0 0 0 0 0 7 0 0 0 0 5 0 10 0 0 0 0 0 0 29 23 0 26 0 0 0 0 68 67 0 0 0 45 0 0 41 0 0 0 0 0 0 0 0 0 0 0 36 0 0 
0 0 0 0 0 0 0 0 0 0 0 18 14 0 0 13 0 0 0 0 0 66 73 0 0 0 0 0 0 35 0 0 0 0 0 0 0 0 0 0 0 0 27 0 0 0 0 45 0 0 0 0 0 0 0 3 0 0 5 0 0 11 0 0 0 0 59 0 57 0 0 64 0 0 0 0 0 0 0 53 48 
0 0 0 0 0 13 18 0 0 0 0 0 0 0 0 31 0 0 0 0 0 3 0 0 0 0 0 0 0 53 55 0 0 0 54 0 0 47 40 0 39 0 0 0 44 0 0 0 0 0 0 0 0 0 0 0 25 0 0 0 0 0 27 0 0 0 0 0 75 0 0 1 0 0 0 0 0 0 0 0 66 
8 0 10 0 0 0 0 0 0 0 0 27 23 0 0 0 0 0 80 0 0 0 0 0 0 0 78 42 0 0 0 0 0 0 45 43 0 0 0 0 0 32 0 0 35 48 0 54 0 0 0 0 0 0 0 0 0 15 0 13 0 20 0 72 0 69 0 0 0 0 0 0 0 0 0 0 0 0 0 0 0 
0 0 0 0 46 0 0 0 0 0 0 0 0 0 0 0 0 0 0 0 0 0 36 33 0 37 0 0 75 0 81 0 0 0 0 0 0 0 0 0 0 0 0 0 0 2 0 0 0 0 0 0 0 0 0 0 0 0 0 0 52 55 0 0 0 0 0 28 20 0 0 0 0 0 0 0 0 0 0 16 0 
0 29 0 31 0 0 0 0 0 47 0 0 49 0 0 0 0 55 0 0 0 0 0 0 0 28 0 0 0 70 0 0 0 0 0 0 60 0 57 0 0 58 0 0 0 0 75 0 0 77 0 0 0 0 0 0 0 0 0 39 0 46 0 0 0 0 13 0 11 0 0 0 0 0 10 0 5 0 0 0 0 
0 0 27 0 0 0 26 0 0 0 0 0 0 0 0 39 0 0 0 0 0 0 0 0 12 19 0 0 0 0 0 0 56 0 0 0 51 0 0 0 47 0 0 54 0 0 0 0 0 68 0 0 0 0 0 0 0 0 0 0 0 0 0 0 6 0 0 10 0 0 0 0 0 0 0 0 0 0 0 0 74 
70 65 0 0 0 0 0 0 0 0 6 0 4 5 0 3 0 0 0 0 62 0 0 0 57 0 59 0 0 0 27 0 0 0 0 0 0 0 0 14 0 0 0 0 0 0 0 35 36 0 0 0 0 0 0 0 0 77 0 0 0 0 0 0 0 0 0 0 47 0 0 0 0 0 46 0 41 0 0 43 0 
0 0 0 49 0 0 0 0 51 0 0 0 0 0 0 0 70 0 0 0 0 0 0 0 0 46 0 0 0 7 0 0 0 0 0 0 0 0 75 77 0 0 0 81 0 11 0 0 0 0 0 13 0 16 0 56 0 0 0 0 0 0 0 0 0 0 0 0 0 0 0 0 0 0 0 0 0 0 0 0 0 
79 0 0 76 0 0 0 0 0 11 0 0 0 0 0 0 0 0 70 0 0 0 0 0 0 0 68 0 0 0 36 0 0 0 0 33 0 0 0 0 0 0 0 0 0 38 0 0 45 0 0 0 42 0 0 2 0 0 0 0 0 0 8 0 60 0 0 0 0 0 57 63 0 0 0 0 0 0 0 0 0 
16 0 0 13 0 12 17 0 0 0 33 0 0 0 36 0 0 0 0 0 0 0 0 6 0 0 5 0 0 0 0 0 0 49 0 0 0 0 0 0 0 0 0 0 0 0 57 0 0 0 0 58 0 0 0 0 0 0 0 21 0 0 0 0 78 0 76 0 0 0 75 0 0 0 0 0 68 0 0 0 65 
0 0 0 0 0 3 0 5 0 0 24 26 0 0 0 0 0 0 0 76 0 0 0 78 0 1 0 0 0 0 0 0 0 40 44 0 0 0 0 32 0 31 0 0 0 47 48 0 54 0 0 0 0 0 0 0 0 14 0 0 0 0 17 0 0 0 0 0 0 0 66 72 0 57 0 0 0 0 0 61 0 
0 56 63 0 64 0 0 0 0 74 0 0 76 77 0 0 0 0 0 0 0 0 0 0 48 0 0 0 12 0 0 0 0 0 0 15 6 0 3 0 2 0 0 0 0 0 0 0 0 0 0 0 0 0 0 0 0 0 0 0 0 0 71 0 0 0 0 46 0 0 39 45 0 30 0 31 0 0 0 0 0 
0 62 0 0 70 0 0 65 0 0 0 0 0 0 0 0 0 0 0 55 59 53 0 0 0 0 0 0 0 0 0 0 0 19 0 21 0 16 9 0 0 0 14 0 0 0 0 0 0 0 0 0 0 31 0 0 0 0 0 0 0 0 0 50 0 47 46 0 0 0 0 0 0 0 0 0 0 0 0 0 0 
0 0 0 0 61 0 0 0 57 0 0 0 0 0 78 72 0 79 0 0 0 0 51 48 0 0 0 11 0 13 0 0 0 0 14 0 3 0 0 0 0 0 0 6 0 0 0 0 0 0 0 19 21 22 0 62 0 0 64 0 67 0 0 0 0 0 0 0 0 0 0 0 0 0 0 0 0 0 0 0 26 
0 0 51 46 0 0 50 47 0 62 0 0 0 65 0 0 0 0 0 37 0 0 0 0 0 0 0 0 0 0 0 0 0 0 5 0 0 0 0 0 0 0 0 0 0 0 0 0 0 0 0 0 0 13 0 0 0 0 55 0 0 0 0 0 0 0 0 0 0 0 0 0 21 0 25 0 20 0 0 0 0 
0 0 0 0 0 0 0 0 0 0 0 0 0 0 0 0 0 0 0 0 0 17 0 0 0 0 0 0 0 0 0 70 62 64 68 0 0 0 0 0 0 0 0 0 58 0 0 0 78 0 0 0 0 0 42 0 0 0 0 0 0 0 0 0 0 0 0 0 0 0 0 0 3 81 7 1 0 6 0 0 0 
0 80 6 0 0 0 5 2 0 0 0 0 0 0 0 18 0 25 0 0 0 0 0 0 72 0 0 0 0 0 42 43 35 0 41 39 30 0 0 0 0 0 0 0 0 0 0 0 0 0 0 46 0 0 0 0 0 0 0 0 0 0 0 0 0 0 0 0 0 67 0 69 57 54 0 0 56 0 0 0 0 
0 8 15 0 0 0 0 0 0 26 0 0 0 0 0 0 0 0 0 0 0 0 0 0 81 0 0 0 0 0 0 0 0 0 0 0 0 0 0 0 0 0 0 42 0 0 0 0 0 0 0 0 0 0 0 0 0 0 0 0 22 0 0 0 0 0 0 0 0 0 0 0 0 0 0 0 0 69 68 0 62 
0 0 0 0 0 0 0 0 0 0 0 0 0 11 15 0 0 0 0 0 0 0 69 66 0 0 0 0 0 31 33 0 0 0 0 0 0 0 0 0 0 0 0 0 0 0 0 0 0 0 43 0 0 0 0 0 0 0 0 0 0 7 0 59 0 0 0 0 0 0 0 0 0 0 0 46 0 0 0 49 0 
0 17 0 19 0 0 0 20 0 0 0 0 37 0 0 0 0 0 0 10 0 8 0 0 0 0 0 0 0 58 0 61 0 0 0 0 0 52 45 0 0 0 0 0 49 0 0 0 0 0 70 64 66 0 0 0 30 0 0 0 31 0 0 5 0 0 0 0 0 4 0 0 0 0 79 0 0 78 0 0 71 
0 0 0 37 0 0 0 0 0 0 57 0 0 0 0 54 58 0 0 0 0 0 0 0 0 0 29 0 0 0 0 0 71 73 0 0 0 0 63 65 0 0 0 0 0 0 0 0 0 0 0 0 3 0 0 44 0 0 0 0 0 52 50 0 0 0 0 0 0 0 18 0 0 9 0 10 11 0 0 0 0 
0 45 0 47 0 46 0 0 49 0 0 69 0 0 0 0 0 0 0 0 42 36 0 0 0 0 0 3 0 0 0 8 0 0 0 0 0 0 0 0 0 0 0 0 0 0 10 0 0 12 17 11 0 0 0 54 0 0 56 0 0 0 0 0 0 30 0 35 0 0 0 34 0 0 0 20 0 0 0 0 0 
0 0 0 0 0 10 0 0 0 0 31 33 0 0 0 0 0 0 5 0 0 0 0 0 0 0 0 48 0 0 0 0 0 0 0 0 0 0 37 39 0 0 0 0 41 0 55 0 0 57 0 0 0 59 0 0 22 0 0 0 0 26 0 0 0 0 0 0 0 77 73 0 0 0 71 0 0 0 69 0 0 
0 0 0 0 0 0 0 0 0 0 0 0 0 21 25 19 0 0 77 74 0 72 79 76 0 0 0 39 0 0 43 0 0 38 0 0 31 0 0 0 0 0 33 0 32 0 0 0 52 0 0 47 0 0 16 9 0 0 0 10 0 0 0 69 0 66 0 0 63 0 64 0 0 0 0 0 0 0 0 0 54 
0 72 0 0 0 73 0 0 0 0 0 0 0 12 0 10 0 0 0 65 0 63 70 0 64 0 0 0 28 32 0 0 27 0 0 0 0 0 0 0 0 20 0 25 23 0 0 42 43 0 0 0 0 0 7 0 0 3 0 0 0 0 0 0 0 0 0 0 0 0 0 61 0 0 53 0 0 0 0 0 0 
0 0 0 0 0 0 0 0 0 0 0 60 0 0 0 0 59 0 32 0 0 27 0 31 0 0 0 0 73 0 0 80 0 0 0 76 0 71 0 0 63 0 0 0 0 0 0 6 0 0 0 0 0 0 0 0 0 0 0 0 50 0 0 0 0 0 0 0 0 0 0 0 0 0 0 0 0 0 0 0 9 
0 63 70 65 0 0 0 0 0 0 0 6 0 0 0 1 0 8 0 0 60 54 0 0 55 0 0 21 0 0 0 0 0 0 0 0 13 0 0 12 0 11 0 0 0 0 0 0 34 30 0 0 0 32 79 0 0 0 0 73 0 0 0 0 0 0 47 0 0 50 0 0 40 0 44 0 0 43 0 0 0 
0 0 61 0 0 0 0 0 0 0 76 78 0 0 79 0 0 0 0 47 0 0 0 0 0 0 0 0 0 0 0 0 0 0 0 0 4 0 0 0 0 0 6 7 0 18 19 0 25 0 0 0 0 0 0 0 0 0 0 0 68 0 0 0 40 0 38 0 36 0 0 43 31 28 35 0 0 0 0 0 0 
0 0 0 0 0 0 0 0 0 0 0 0 0 48 52 0 0 0 0 20 0 18 0 0 0 0 0 0 64 0 0 0 0 65 0 0 58 62 0 0 0 0 0 0 59 0 73 0 0 0 0 74 0 0 0 0 40 0 0 0 41 0 0 0 0 0 0 0 0 0 0 0 0 0 0 0 3 0 0 0 0 
0 18 0 0 26 0 0 0 22 0 0 0 0 39 0 0 0 0 14 0 0 0 0 0 0 0 0 0 0 0 0 0 54 0 0 0 0 0 46 0 0 0 0 0 0 63 0 0 0 0 71 0 0 68 34 27 0 0 0 0 0 0 0 6 0 3 0 0 0 0 0 0 0 0 0 74 0 0 0 0 0 
0 0 0 0 0 0 0 0 0 0 0 0 12 0 0 0 15 0 0 0 0 0 0 68 0 0 0 0 0 0 0 0 0 30 0 0 23 0 0 0 0 0 25 0 24 0 0 0 0 40 45 0 0 42 0 0 0 0 0 0 6 9 0 0 0 0 0 0 0 0 0 0 0 0 54 0 49 0 52 0 46 
69 0 71 0 0 0 70 67 0 1 5 0 3 0 8 0 0 0 0 0 61 0 0 0 0 63 0 0 0 0 0 0 19 21 0 23 14 0 0 0 0 0 0 0 0 0 0 0 0 0 0 0 32 0 0 73 77 0 0 0 0 0 0 52 0 49 48 0 0 0 0 0 41 0 45 0 0 0 0 0 37 
0 0 0 0 36 0 34 0 0 0 0 0 0 0 0 0 0 0 0 0 0 0 0 0 0 0 22 0 0 0 0 0 0 66 0 0 0 0 0 0 0 0 61 62 0 0 0 0 80 0 0 75 0 78 0 0 0 0 0 0 0 0 0 0 0 0 12 0 0 0 0 0 0 0 0 0 0 0 0 0 0 
0 0 0 0 0 0 0 0 0 0 0 0 21 0 0 20 0 0 0 0 79 0 0 0 74 0 0 0 0 42 44 0 0 0 43 41 0 0 0 0 28 0 34 0 0 0 0 52 0 0 0 0 0 0 0 0 0 0 0 11 0 0 16 0 0 0 0 72 0 0 65 71 59 0 63 0 0 62 0 0 0 
0 0 0 0 0 0 0 0 41 0 0 0 0 0 62 0 0 0 0 0 0 28 0 0 0 0 31 0 0 0 0 81 0 75 79 0 68 0 0 0 0 0 0 0 0 0 0 7 0 0 0 3 0 6 0 46 0 0 0 0 0 0 0 0 23 0 0 0 0 0 20 0 0 0 0 0 0 0 0 0 0 
51 0 0 0 0 0 0 0 0 0 0 0 0 0 0 0 0 0 0 39 0 0 44 0 0 0 0 4 0 0 0 0 0 0 0 0 77 0 0 0 0 75 0 0 0 0 0 16 0 0 18 0 14 15 62 0 59 0 0 0 0 0 0 0 0 0 0 0 0 0 0 0 0 20 27 0 0 0 0 0 0 
0 19 0 0 0 0 0 0 0 0 41 0 0 0 0 0 0 0 0 0 0 0 0 14 11 18 0 0 0 0 0 0 0 0 0 0 0 0 47 0 46 0 0 0 0 0 0 70 0 0 0 0 0 0 0 0 0 0 0 0 0 0 0 0 0 4 3 0 0 6 0 0 0 74 0 0 0 0 0 0 0 
0 0 17 0 18 0 0 0 0 0 32 34 0 0 35 29 0 0 6 0 7 0 0 0 0 0 0 0 0 0 53 54 0 48 0 50 0 0 0 40 0 0 0 0 0 55 0 0 0 0 0 57 0 60 0 0 0 0 0 20 24 0 0 79 77 0 75 0 0 0 0 0 68 0 0 0 0 0 70 69 0 
0 55 0 0 0 0 0 58 59 0 0 79 0 0 0 0 0 81 0 48 52 0 0 0 47 0 0 13 0 0 0 18 0 0 0 14 0 0 0 0 1 3 0 0 6 0 0 25 0 22 0 0 23 24 0 0 0 0 0 65 0 72 0 0 41 0 0 0 0 42 38 44 0 0 36 30 0 0 0 0 0 
0 16 0 18 24 0 0 0 0 0 0 0 0 0 0 35 0 0 0 0 0 0 0 11 0 15 10 0 0 57 0 0 52 0 0 56 0 0 0 0 0 0 0 0 0 0 0 0 0 0 0 0 0 0 32 0 0 0 0 26 0 0 0 0 0 0 0 0 0 0 0 0 0 0 0 0 0 0 0 75 70 
0 0 32 0 0 0 0 0 0 0 0 0 0 0 50 0 0 0 0 0 0 0 0 0 0 0 0 0 0 0 68 0 61 0 0 65 56 0 0 0 0 54 0 0 0 0 0 0 0 0 0 0 74 0 0 0 38 0 0 0 39 0 0 0 11 0 0 0 0 0 0 0 2 0 0 0 0 5 4 0 79 
0 0 0 81 0 80 0 1 0 0 0 0 0 0 0 0 0 0 0 0 76 0 0 74 71 0 0 0 0 0 41 0 0 0 40 0 0 0 0 0 0 0 0 0 0 0 44 0 0 0 0 45 0 0 0 7 0 0 0 8 0 0 0 0 0 0 0 69 0 0 0 0 0 0 0 0 55 0 0 0 0 
0 0 0 0 0 0 0 0 0 52 0 0 0 0 59 53 0 0 0 0 0 25 0 0 0 0 0 0 0 0 0 0 0 72 0 0 0 0 0 64 0 0 0 0 0 0 0 0 0 0 6 81 0 3 0 0 0 0 45 0 0 0 49 0 0 0 0 0 0 0 0 0 0 0 0 0 0 0 0 0 0 
0 0 0 0 69 0 0 0 0 0 0 0 0 1 0 0 3 0 0 0 58 52 59 0 53 0 0 0 0 0 0 0 16 18 22 0 0 0 0 0 7 0 0 0 12 0 26 0 0 0 33 0 0 0 0 0 0 0 0 0 75 0 0 49 0 0 0 51 0 0 44 0 0 35 0 0 0 0 0 0 0 
12 0 14 0 0 0 0 0 0 25 29 0 0 0 0 0 0 0 3 0 0 0 0 0 0 0 0 0 0 0 50 51 0 0 0 47 0 0 0 37 0 36 0 41 0 0 0 0 0 0 0 54 0 0 0 0 20 0 0 0 21 0 0 0 0 0 0 0 0 0 0 77 0 62 0 0 0 0 0 0 0 
0 0 0 54 0 0 0 55 0 0 0 0 0 0 77 0 0 78 0 0 0 0 0 0 44 0 0 0 8 0 0 15 0 0 0 0 2 0 0 0 79 0 0 0 0 0 0 0 23 19 24 0 20 21 0 0 65 0 0 0 66 69 0 0 0 0 0 42 0 0 0 0 0 26 0 27 0 0 31 0 0 
0 43 0 0 51 0 0 46 47 0 0 0 0 0 0 62 0 0 0 0 40 0 0 38 0 0 0 0 80 0 0 0 0 0 0 0 0 0 0 73 0 0 0 0 0 0 0 0 0 0 0 0 0 0 0 52 0 0 0 53 0 0 58 0 0 28 27 0 25 0 0 0 0 17 24 0 19 0 0 0 0 
0 0 0 0 0 0 0 0 0 0 0 0 0 0 0 0 0 15 66 0 0 0 68 65 62 69 0 0 0 0 0 0 25 27 0 29 0 24 0 0 0 0 22 0 0 0 0 0 0 0 0 0 0 0 5 0 0 0 0 0 0 0 0 0 0 0 0 0 0 0 0 0 0 44 0 0 0 0 0 48 43 
0 0 29 24 0 0 0 0 26 0 0 0 0 0 0 0 0 0 0 0 0 0 0 17 0 21 0 0 0 0 0 0 0 0 0 0 0 0 0 0 49 0 0 0 54 0 68 0 74 0 0 0 0 0 0 0 0 0 0 0 0 0 0 0 0 7 0 12 4 9 0 0 0 0 3 0 0 0 0 0 76 
0 0 0 0 0 0 0 43 0 0 0 0 0 0 0 0 0 0 0 0 0 0 0 35 0 0 0 0 0 0 0 0 0 0 0 0 0 0 0 0 67 0 0 0 0 0 5 0 0 0 0 0 0 0 0 0 0 0 0 50 0 0 0 0 0 25 24 0 0 0 23 0 17 0 0 0 16 20 0 0 13 
0 4 0 0 12 0 0 0 0 22 0 0 24 25 0 23 0 0 0 0 0 76 2 0 0 0 0 0 0 0 0 0 40 0 0 0 0 0 0 0 0 0 0 0 0 0 0 55 0 52 57 0 0 0 0 0 0 0 0 0 0 0 19 0 71 70 0 0 67 0 0 0 0 0 0 0 61 0 0 0 0 
0 76 0 0 3 0 0 0 0 0 17 0 0 0 0 0 0 0 72 0 0 67 0 71 0 0 0 0 0 0 0 0 0 0 0 0 0 0 0 0 0 24 28 0 0 0 0 0 0 0 0 0 0 0 0 0 0 0 0 5 0 0 0 0 0 0 0 0 0 0 0 0 0 0 57 0 0 0 55 0 0 
0 0 0 0 0 0 0 0 0 0 0 0 69 0 74 0 72 75 0 0 0 0 0 44 0 0 0 0 0 0 11 0 0 6 10 0 80 0 0 0 0 0 0 2 0 0 0 19 0 0 0 0 0 0 65 58 0 61 0 0 0 0 0 0 0 0 33 0 31 0 0 38 0 23 30 0 25 0 0 0 0 
0 0 0 0 0 0 0 0 0 0 0 10 0 0 0 5 9 0 0 0 64 0 0 0 0 0 0 0 23 0 29 30 0 24 0 26 0 0 0 16 0 0 0 20 0 31 0 0 0 0 0 0 0 0 0 0 0 0 0 0 0 3 0 0 0 0 51 0 0 0 0 56 44 0 0 0 0 0 0 0 40 
0 13 0 0 0 14 0 0 17 0 0 0 33 34 0 0 36 0 0 0 0 0 0 0 0 0 0 0 0 0 56 0 0 0 0 53 0 48 0 0 0 0 0 0 0 0 59 0 0 61 0 0 0 63 0 0 0 0 24 0 0 0 0 0 0 0 0 0 0 0 77 2 0 0 0 0 0 0 0 72 0 
0 0 0 0 0 0 37 0 0 0 0 0 51 0 0 0 54 0 0 0 0 0 0 0 23 0 0 0 68 0 0 0 0 0 0 71 62 0 0 0 0 0 0 0 0 76 0 0 0 79 0 0 0 0 0 0 0 0 42 0 0 0 0 0 0 0 0 0 0 0 0 0 8 0 0 0 7 0 0 0 0 
0 0 0 0 0 59 0 0 0 76 0 0 0 0 0 0 0 0 54 0 0 0 56 0 0 57 0 0 0 0 20 21 0 0 0 0 0 0 0 0 0 0 0 11 0 0 0 28 29 0 0 0 0 0 0 0 71 0 69 0 0 0 0 0 44 0 42 0 0 0 0 0 0 0 0 0 0 0 0 0 31 
0 0 0 25 0 0 0 0 0 0 0 0 0 44 48 42 0 0 0 0 0 0 21 0 0 0 0 0 60 0 0 67 0 0 0 0 0 0 0 0 0 0 0 57 0 0 0 0 0 0 0 70 0 0 0 32 0 0 0 0 37 0 0 0 0 0 0 0 0 0 0 0 0 0 0 0 0 0 0 0 0 
0 32 0 34 0 0 0 35 0 50 0 0 0 0 0 0 0 58 0 0 29 0 30 0 24 0 0 0 0 73 0 76 68 0 0 72 0 67 0 0 0 0 0 66 0 0 0 0 0 0 0 79 81 1 0 0 0 44 43 42 0 0 0 0 0 0 0 0 0 19 15 21 0 0 0 0 0 0 11 0 0 
0 0 0 0 0 0 0 0 54 68 0 0 70 0 0 0 73 0 0 0 0 0 0 0 0 0 0 0 0 0 0 0 0 0 0 9 0 0 78 0 0 79 0 0 1 0 0 0 0 0 0 0 18 0 0 59 0 0 0 0 0 0 65 0 36 35 0 0 0 37 0 0 0 0 31 0 26 0 0 0 0 
46 0 0 0 0 0 0 44 0 59 0 0 0 62 66 0 0 0 0 34 0 0 0 0 33 40 0 0 78 0 3 0 0 0 0 0 0 0 0 0 0 70 0 0 0 5 0 0 0 8 0 0 0 0 57 0 0 53 0 51 0 0 56 0 0 26 0 0 0 28 0 0 18 0 0 0 0 0 0 0 0 
0 0 0 0 0 0 0 0 0 32 36 0 0 0 0 0 0 0 0 0 11 0 12 0 0 0 0 0 0 0 0 0 0 0 0 0 0 0 0 0 0 0 0 48 46 59 60 0 0 62 0 0 0 0 0 23 0 0 0 0 0 0 0 0 0 0 79 0 0 0 0 0 0 0 0 0 0 0 0 73 0 
0 0 3 0 0 0 0 0 0 0 0 0 0 0 0 0 0 22 0 70 0 0 0 0 69 0 71 0 0 0 0 0 0 0 38 36 0 0 0 0 0 0 0 0 28 0 0 0 48 0 0 0 45 0 0 0 9 8 0 0 10 0 0 0 0 0 0 0 0 0 60 0 54 0 0 0 53 0 0 0 0 
0 0 0 0 0 0 0 0 0 0 0 0 0 0 0 0 0 13 64 61 0 0 0 0 60 0 0 0 0 0 30 31 0 25 0 27 0 0 0 0 0 16 0 0 19 0 0 0 0 0 0 0 36 37 0 0 81 80 0 0 0 0 2 0 0 0 0 0 50 0 0 0 45 0 0 0 0 0 0 0 0 
0 0 0 0 0 60 0 0 0 0 81 0 0 0 0 0 0 0 55 0 56 0 0 0 51 0 0 0 0 19 21 0 0 0 0 18 0 0 0 0 0 0 11 0 0 0 0 29 0 0 0 0 0 0 0 0 0 0 0 69 0 76 74 0 0 0 43 0 0 0 0 0 36 0 40 0 0 0 0 0 0 
10 0 0 0 0 0 0 0 9 0 0 0 0 0 0 24 0 0 0 79 0 0 0 81 0 0 0 44 0 0 48 49 0 0 0 0 0 0 0 0 32 34 0 0 0 0 0 0 57 0 0 0 54 0 0 0 18 0 0 0 0 0 20 74 0 0 0 0 0 0 0 0 0 0 0 0 0 0 0 0 0 
