9
0 0 0 0 0 0 0 0 0 0 0 0 0 0 0 0 0 0 59 0 54 58 51 0 0 0 0 0 0 0 0 24 0 32 0 28 0 0 0 10 0 0 0 0 0 0 0 0 0 80 0 0 0 0 0 0 73 0 0 0 0 0 0 16 0 0 0 0 23 0 0 0 0 0 0 67 0 64 0 0 0 
0 0 0 0 53 0 57 0 0 0 61 0 0 0 0 0 0 0 0 0 0 0 0 0 0 0 0 0 0 48 45 0 0 50 49 0 0 0 0 0 31 25 0 0 32 0 0 16 23 0 0 0 0 0 0 0 0 0 0 0 0 6 12 0 0 0 0 0 41 0 0 0 0 2 0 4 0 0 78 0 0 
0 0 0 0 0 45 0 47 0 54 0 0 0 0 0 53 0 0 0 65 0 0 60 64 0 0 61 0 34 0 0 0 0 0 0 0 0 0 0 0 0 0 0 0 23 0 9 0 0 8 0 0 0 13 0 4 0 79 0 0 0 0 0 0 0 0 30 0 0 0 0 0 0 0 0 0 0 0 0 0 0 
0 0 0 0 0 0 0 0 0 0 0 0 0 0 14 0 13 0 0 0 0 0 15 0 0 0 0 0 0 75 72 0 0 0 0 73 54 0 0 0 0 0 0 0 0 0 0 43 0 0 0 0 47 49 38 0 0 0 0 35 0 0 0 61 65 60 0 63 68 0 0 0 0 0 0 0 0 0 0 0 0 
0 0 0 0 0 0 0 0 0 0 0 0 33 38 0 0 0 0 0 0 0 0 0 0 0 0 0 0 16 0 18 0 17 0 0 0 0 0 0 0 0 0 0 2 0 0 0 0 0 71 0 75 0 0 0 67 0 0 0 0 0 0 66 0 0 0 0 0 0 0 0 10 0 0 0 0 0 0 0 0 0 
0 0 0 0 62 63 0 0 0 0 0 0 0 0 0 0 76 0 5 0 81 0 0 1 0 0 0 56 0 0 0 0 53 0 0 0 0 0 0 0 0 0 0 0 0 0 27 25 0 26 0 0 29 0 20 0 0 0 0 0 0 0 0 0 0 0 48 0 50 0 0 0 0 0 0 0 0 10 0 0 0 
0 0 0 14 0 9 12 0 0 0 0 0 15 0 0 0 0 21 32 0 0 0 24 0 0 0 0 2 79 0 0 0 80 0 0 0 0 66 60 0 0 0 0 0 0 55 54 0 59 0 0 0 0 0 0 0 0 0 0 44 0 0 48 0 0 69 0 0 0 0 0 0 35 38 0 40 0 0 33 39 0 
0 0 0 0 71 0 0 0 73 0 0 0 78 0 0 0 4 0 0 11 0 0 0 0 0 0 0 65 0 0 0 0 0 0 67 64 0 48 0 0 0 0 0 0 50 0 36 0 0 0 0 0 0 40 0 31 0 0 0 0 0 24 0 52 0 0 0 0 0 0 0 0 0 20 18 0 0 0 15 0 0 
15 0 0 0 0 0 0 0 0 0 25 0 0 29 0 0 0 30 0 0 0 0 0 0 0 0 0 0 0 0 0 0 0 0 0 10 0 0 0 0 0 0 0 0 0 0 0 61 0 0 0 0 0 0 0 0 0 0 59 0 0 0 57 0 0 0 0 0 5 4 80 0 0 0 45 0 0 46 42 0 0 
0 0 44 0 45 46 0 0 0 0 0 0 0 57 0 54 0 0 0 0 0 0 0 65 0 0 0 0 0 40 37 0 0 42 0 38 0 0 0 0 0 0 0 0 0 11 0 0 0 9 0 0 0 0 0 0 0 80 0 0 1 79 0 26 30 0 0 28 33 0 0 29 0 0 0 0 0 0 0 0 0 
70 77 0 78 0 73 0 0 0 0 0 0 0 3 0 0 0 0 15 0 0 0 0 0 0 0 0 0 0 67 0 61 0 0 0 0 0 0 0 0 0 44 0 0 0 0 0 0 0 0 0 40 39 0 30 0 0 0 33 0 0 0 0 0 0 0 0 0 0 0 0 0 0 0 0 0 24 0 0 0 0 
0 0 0 0 0 0 0 0 0 0 0 74 0 75 0 0 0 76 0 0 1 0 0 0 81 0 0 0 0 0 0 52 0 60 0 0 0 0 0 0 0 0 36 39 0 0 28 0 0 27 0 31 0 0 0 0 0 0 0 0 19 0 22 44 48 0 0 0 0 50 0 0 0 0 0 0 0 0 7 0 0 
34 0 0 0 0 37 0 0 0 0 0 0 0 48 0 45 0 0 0 0 0 59 0 0 0 58 0 30 0 0 28 0 0 0 32 0 0 13 7 0 0 0 9 0 0 2 0 0 0 81 0 0 0 0 0 77 0 71 0 0 0 70 0 0 0 0 22 0 24 0 18 0 0 0 0 68 0 65 0 0 0 
0 0 0 0 0 0 58 0 0 0 0 0 0 0 0 0 0 0 0 0 0 0 0 0 0 0 0 0 0 0 46 0 0 51 0 0 28 0 0 0 0 0 0 0 0 0 0 17 0 0 0 0 21 0 0 0 11 0 0 0 0 0 0 0 39 0 40 37 0 0 0 0 0 0 0 0 0 0 0 0 0 
79 5 0 0 0 0 0 3 0 0 0 11 0 0 0 0 0 13 0 0 0 0 16 0 0 0 0 0 0 0 0 70 0 0 0 0 0 58 0 0 0 0 0 57 0 0 0 0 51 0 0 0 0 0 39 0 0 0 0 36 0 0 0 62 0 0 0 0 0 0 0 65 0 0 0 0 33 0 0 0 26 
0 0 0 33 0 0 0 30 0 0 0 0 0 39 0 0 41 0 0 48 0 0 0 47 45 0 0 21 17 0 19 0 0 0 23 0 0 0 0 0 0 0 81 0 0 74 0 0 0 0 70 0 75 0 0 0 0 0 0 0 0 61 0 0 0 0 0 0 0 14 0 0 0 0 55 0 0 56 0 0 0 
0 0 0 0 0 0 0 0 0 0 0 0 0 21 24 0 0 0 0 0 0 0 0 0 0 0 0 3 80 4 0 0 0 6 0 0 64 67 0 0 0 0 0 0 0 0 0 53 0 0 52 0 0 0 0 0 0 0 0 45 0 0 49 0 0 70 0 0 0 0 0 74 0 0 0 41 42 0 0 0 0 
0 0 0 0 0 0 22 0 20 0 0 29 0 0 33 0 0 0 0 0 37 0 0 0 0 0 0 12 0 0 0 0 0 0 14 0 73 76 0 0 0 0 72 75 0 65 0 0 0 63 0 0 0 0 0 0 0 0 60 0 0 52 0 0 0 0 0 0 0 0 0 0 0 48 0 0 0 0 0 0 0 
1 0 0 0 0 0 0 6 0 0 0 0 10 0 0 0 17 0 0 0 22 0 0 0 0 0 0 78 74 0 0 0 0 0 0 77 0 0 0 0 0 0 57 0 0 0 0 0 0 0 0 0 0 0 42 0 0 0 0 0 0 0 0 0 0 0 0 0 72 0 0 0 0 0 0 0 36 0 0 0 0 
0 44 0 0 0 40 0 0 0 0 0 0 46 0 54 48 53 0 63 0 58 0 0 0 0 0 0 0 0 0 0 0 0 0 0 32 0 0 0 0 0 11 0 0 0 0 4 2 9 3 0 0 0 8 78 80 0 74 0 0 0 0 0 0 0 0 0 0 0 0 21 0 0 0 0 0 0 0 0 0 65 
0 0 56 0 0 0 0 0 0 0 0 0 64 0 72 0 0 0 0 0 76 0 0 0 0 0 0 0 0 0 0 0 0 0 53 0 0 0 0 32 0 29 0 0 0 0 0 0 27 0 0 0 0 0 0 0 0 11 0 0 0 0 0 0 42 0 0 0 0 0 0 0 0 0 0 0 0 0 0 7 0 
0 0 0 0 30 0 0 0 0 40 38 0 0 42 0 0 0 0 0 0 0 0 46 0 0 0 47 0 0 0 0 0 0 0 26 23 0 0 0 5 0 0 3 0 0 77 76 0 0 0 0 79 0 0 0 71 0 65 0 0 0 0 0 0 15 0 0 0 18 0 0 14 0 60 0 0 0 59 0 61 0 
0 71 0 0 0 67 70 69 68 76 74 0 0 0 81 0 0 0 0 0 4 0 0 0 0 0 0 0 0 0 0 0 0 0 0 0 0 0 0 0 44 0 0 0 45 0 0 0 0 0 0 0 0 0 0 0 0 0 27 0 0 0 0 0 0 0 0 0 54 0 48 0 12 15 13 0 0 0 0 0 11 
0 0 0 0 0 0 79 78 0 0 0 5 0 0 0 0 0 0 0 0 13 17 10 0 0 0 11 69 0 0 67 0 66 0 0 0 0 52 0 0 0 0 0 0 0 0 40 0 0 0 0 0 0 0 0 0 0 29 0 0 0 28 0 56 0 0 0 0 63 62 0 0 0 0 0 26 0 0 0 25 0 
0 0 0 0 0 0 0 0 0 0 0 0 0 0 0 0 26 0 36 0 0 0 0 0 0 0 29 0 0 0 0 0 0 9 0 0 67 0 0 0 0 0 0 0 0 0 0 0 0 0 0 61 0 0 51 0 0 47 0 48 0 0 0 0 0 0 0 0 0 80 0 0 0 0 0 44 0 0 37 0 0 
0 26 0 0 0 0 0 0 0 31 0 0 0 0 0 0 0 0 45 0 40 0 0 0 0 0 0 0 0 0 0 10 0 18 0 0 0 0 0 77 0 74 0 0 0 0 0 0 0 0 0 0 0 0 0 0 0 56 0 0 0 0 0 0 0 1 0 0 0 0 0 0 0 0 0 53 0 0 46 0 47 
0 0 0 0 48 0 0 0 0 0 56 0 0 0 0 57 0 0 0 0 0 0 0 0 0 0 0 0 38 0 40 0 0 0 44 0 0 0 0 0 0 0 21 0 0 0 0 0 0 0 0 0 0 0 0 0 0 0 0 3 4 0 0 29 0 0 0 31 0 35 30 0 0 0 76 0 0 0 0 0 0 
0 19 13 0 0 15 0 0 0 0 0 25 0 0 0 23 0 0 0 0 0 0 0 0 0 36 31 0 0 0 0 0 5 0 0 0 0 72 0 0 0 0 68 0 0 0 0 0 0 0 0 0 0 64 0 0 52 0 56 0 0 0 0 0 80 75 0 0 0 0 77 79 0 0 0 0 0 0 39 45 0 
0 0 0 0 0 0 0 0 25 0 0 0 0 0 38 0 0 0 0 0 0 0 0 0 0 0 40 17 13 0 0 0 14 0 0 0 0 0 0 0 0 0 77 0 0 0 69 0 0 68 66 0 0 0 0 64 0 0 0 0 60 0 0 4 8 0 0 0 0 0 0 0 0 0 0 0 0 0 0 54 0 
0 0 0 38 0 0 0 0 0 0 0 0 39 0 0 0 46 45 0 0 0 0 0 0 0 54 0 0 0 0 0 0 0 0 0 0 0 0 0 0 0 0 5 8 0 0 78 0 0 0 75 81 0 1 71 73 0 0 74 0 69 0 72 0 0 0 0 0 0 0 0 16 59 0 60 0 0 0 57 0 0 
0 0 0 0 0 0 45 0 0 0 49 0 0 0 0 0 0 0 65 0 60 0 57 0 0 0 0 0 0 0 0 30 0 38 0 0 0 18 0 16 0 0 14 0 0 0 6 0 11 0 0 0 0 0 0 0 0 0 0 77 0 75 0 0 0 0 0 0 0 0 0 0 0 0 0 0 74 0 0 72 0 
0 0 0 0 5 0 9 0 0 0 0 0 12 17 0 0 0 0 0 26 24 0 21 25 0 0 0 80 76 0 0 0 77 2 0 0 0 0 0 61 64 0 0 0 0 0 0 0 0 0 0 0 0 0 0 0 0 0 0 0 0 0 0 0 0 0 0 0 0 0 0 0 32 0 0 37 0 0 0 0 0 
0 0 0 56 0 0 54 53 0 0 0 0 57 0 0 0 0 0 0 0 69 0 0 0 0 72 67 44 40 0 0 0 0 0 0 0 24 27 0 0 0 0 0 0 0 0 0 13 0 0 0 0 0 0 8 10 0 0 0 0 6 0 0 0 0 0 0 0 0 0 0 0 0 80 0 0 0 0 0 0 76 
66 0 0 74 0 69 0 0 0 0 76 79 0 80 0 0 0 0 0 0 0 0 0 0 0 9 0 0 0 63 0 0 0 0 0 0 0 0 0 0 0 0 0 0 47 34 0 0 38 32 0 0 35 37 26 28 0 0 29 0 0 0 27 0 0 0 0 0 56 0 0 0 0 17 0 0 0 0 0 0 0 
0 1 0 0 0 0 81 80 0 0 4 7 0 0 0 0 0 0 0 17 15 0 12 0 0 0 0 0 0 0 69 0 0 0 0 0 0 0 0 0 0 0 0 0 56 0 0 0 0 0 0 0 0 0 0 0 0 0 0 0 0 0 0 0 62 0 0 0 0 0 59 0 23 0 24 0 0 25 0 0 0 
0 0 0 0 0 0 0 62 0 0 0 0 66 0 0 68 0 0 0 0 0 0 75 0 77 0 0 0 0 54 0 0 0 0 0 0 0 0 0 0 0 0 0 35 0 0 0 0 0 0 21 0 0 0 17 0 0 0 0 0 0 0 0 0 0 0 0 0 0 0 0 0 0 0 6 10 0 7 3 9 0 
0 0 0 0 0 0 0 0 0 0 27 0 0 0 0 28 0 0 0 0 0 0 0 0 37 0 0 13 0 0 11 8 0 0 15 12 0 0 0 0 0 72 0 0 0 0 65 0 0 0 0 0 0 0 0 0 0 0 0 0 0 0 0 0 0 0 5 0 0 6 0 0 46 0 0 0 0 48 0 0 0 
0 0 0 0 1 0 0 0 3 0 0 0 0 0 0 0 15 0 0 0 0 0 17 0 0 0 0 0 0 77 0 0 0 0 0 0 0 59 0 57 0 54 0 0 0 0 0 0 52 0 44 0 0 0 40 0 0 36 0 0 0 0 0 0 0 0 0 0 0 0 0 66 28 0 0 0 34 0 0 0 0 
0 0 0 0 0 0 0 40 39 0 0 48 0 0 0 0 0 50 61 0 0 0 0 57 0 0 0 0 0 0 0 0 0 0 0 30 0 14 0 0 0 0 0 0 0 0 0 0 0 0 80 0 0 0 0 0 0 0 0 0 0 0 0 0 0 0 23 0 0 24 19 0 0 0 65 0 0 66 0 0 0 
53 60 0 61 55 0 0 0 0 0 0 0 0 0 0 0 0 68 0 0 0 0 0 75 0 0 0 0 0 50 0 0 0 0 0 0 0 0 0 0 0 0 0 0 0 0 0 0 0 0 0 0 22 24 0 15 0 0 0 0 0 0 0 36 0 0 0 38 0 0 0 0 0 4 0 0 0 0 80 0 0 
0 0 0 0 0 29 0 0 30 0 0 0 0 0 0 0 0 0 0 0 0 0 0 0 0 0 0 22 0 23 0 0 0 25 0 0 0 0 0 0 0 0 0 0 7 75 0 0 0 0 0 0 0 0 0 0 66 0 0 0 0 0 0 0 0 0 0 0 0 0 0 12 0 0 0 0 0 0 0 59 0 
0 69 0 0 0 0 0 0 0 0 0 0 0 0 0 0 78 0 0 0 0 6 0 0 0 0 0 0 54 0 0 0 55 0 0 0 0 0 0 0 0 0 0 0 0 0 0 0 0 0 0 0 0 33 0 0 0 0 25 0 0 0 0 0 0 44 50 47 0 51 46 0 0 0 0 15 16 0 0 0 9 
0 0 0 16 0 11 14 0 0 0 0 0 0 0 25 19 24 0 0 0 0 0 0 0 28 32 27 0 0 0 0 0 0 0 0 0 0 0 0 0 0 0 0 0 0 57 56 0 0 0 0 0 0 0 49 0 0 0 52 0 47 0 0 72 0 71 0 0 0 0 73 0 0 0 0 0 0 0 35 0 0 
0 78 0 0 0 0 0 0 0 0 0 0 80 0 7 0 0 0 0 0 0 0 8 0 0 0 0 0 0 0 0 0 0 70 0 66 0 0 0 0 0 0 0 0 0 0 0 0 0 37 0 0 0 0 0 0 0 0 34 0 0 0 0 0 0 0 0 0 0 0 0 0 0 0 20 24 25 0 0 0 0 
0 0 0 0 0 0 0 0 0 0 0 0 53 0 0 0 0 0 0 0 0 0 0 0 0 0 0 0 0 0 0 0 0 0 0 0 20 0 0 0 24 0 0 0 0 0 0 0 16 0 0 0 0 15 4 0 0 0 0 0 2 0 0 0 0 0 0 29 34 33 0 0 73 0 0 0 0 0 0 0 0 
0 61 55 0 0 0 0 59 0 66 0 0 0 0 0 0 0 0 0 0 75 0 72 0 74 0 0 50 0 0 0 0 0 0 0 0 0 0 0 31 0 0 0 0 0 0 0 19 0 0 0 0 0 0 14 0 0 0 0 0 0 0 0 0 0 0 0 0 0 0 0 0 0 0 0 0 8 0 81 0 0 
0 0 0 0 0 0 6 0 0 0 0 13 0 0 0 0 16 15 0 23 0 0 0 0 0 24 0 0 0 0 0 72 0 0 0 0 57 0 54 0 0 0 0 0 62 0 0 0 0 47 0 0 50 0 0 43 0 0 0 0 0 0 42 0 0 0 0 0 71 0 0 0 0 32 30 0 35 31 0 0 0 
36 43 0 0 0 39 42 0 0 48 0 0 0 0 0 0 0 0 0 0 0 61 0 0 0 60 0 0 0 0 0 0 29 0 0 0 12 0 9 0 16 0 0 0 17 4 0 0 0 0 0 0 0 0 0 0 76 0 0 0 0 0 0 0 0 0 0 0 26 0 0 0 0 0 0 0 0 0 0 0 0 
9 0 10 0 0 0 0 0 0 0 19 0 18 0 0 0 0 0 0 32 0 0 27 0 0 0 0 0 0 0 0 0 2 0 7 0 0 0 0 0 70 0 0 68 0 0 57 0 0 0 0 60 0 0 50 0 49 0 0 0 0 45 0 73 77 0 0 0 0 0 0 0 0 0 0 0 0 40 0 0 0 
0 0 0 0 0 0 0 68 0 75 0 0 72 0 0 0 0 78 0 0 0 0 0 4 0 0 1 0 0 0 0 0 56 0 0 0 0 0 0 0 0 37 0 0 0 0 30 28 0 0 27 0 0 0 0 25 0 19 0 0 21 18 0 46 0 0 0 0 0 0 47 0 0 0 0 0 17 0 0 0 10 
0 0 0 0 20 21 0 0 0 0 28 31 27 0 0 0 0 33 0 0 39 0 36 0 38 0 0 0 0 0 0 0 0 0 0 13 0 0 0 0 0 0 0 0 80 0 0 0 71 0 0 0 0 0 0 0 58 0 0 0 57 0 0 0 5 0 0 0 0 0 0 0 0 50 0 52 0 0 0 0 0 
0 0 0 0 0 30 0 0 0 39 0 0 0 41 0 0 0 0 0 0 48 0 0 0 0 0 0 23 0 24 0 0 0 0 0 0 0 0 0 0 0 0 0 0 0 0 0 0 0 0 0 0 77 0 0 0 67 0 0 0 0 0 0 0 0 0 0 0 0 0 0 0 0 0 0 0 0 58 0 60 0 
0 0 0 0 47 0 0 0 0 0 0 58 0 0 0 56 61 60 0 0 0 0 0 67 0 0 0 0 0 0 0 0 0 0 0 40 0 0 18 0 0 19 0 0 0 0 0 0 0 0 0 0 0 16 0 7 0 1 0 0 0 0 0 0 0 0 0 0 0 34 0 0 74 0 0 79 80 0 0 0 0 
72 0 73 0 74 0 0 0 0 0 0 0 0 0 0 2 0 0 0 0 0 0 0 13 0 0 0 68 0 0 0 63 0 0 70 0 0 0 45 0 0 0 0 0 53 0 0 0 0 0 0 0 0 0 0 0 0 0 0 0 0 0 0 0 0 54 0 0 0 0 0 58 20 0 0 0 0 0 0 24 0 
0 21 0 22 0 0 0 0 0 0 24 0 0 0 0 0 0 0 0 0 0 0 0 0 0 38 0 0 0 11 0 0 7 13 0 0 71 74 0 72 0 69 0 0 0 0 62 60 0 0 0 0 0 0 0 0 0 0 0 0 0 0 0 0 0 0 0 0 0 0 0 0 0 0 0 48 0 0 0 0 42 
0 0 78 0 0 0 0 0 0 0 0 0 0 0 0 0 0 0 22 0 17 0 0 18 0 20 0 73 0 0 0 0 70 0 0 0 0 0 0 0 0 0 52 0 58 0 0 0 49 0 41 0 0 48 0 0 0 0 0 0 35 0 0 60 0 0 0 0 0 66 0 0 25 28 0 0 0 27 0 0 0 
50 57 0 0 0 0 56 0 0 62 0 0 0 0 67 0 66 0 0 0 0 0 0 0 0 74 0 0 0 0 0 0 0 49 0 0 26 0 0 27 0 0 0 0 0 0 0 0 22 0 14 0 0 0 0 0 0 0 0 0 0 0 11 0 37 0 0 0 0 0 0 0 0 0 80 0 0 0 0 2 78 
59 0 60 0 0 62 0 0 63 0 0 0 0 0 76 0 0 0 0 0 0 0 0 0 79 0 0 0 0 0 53 0 0 0 0 0 0 0 32 36 0 33 0 0 0 0 26 24 0 0 0 0 0 0 0 0 0 0 22 0 0 0 0 0 46 0 0 0 0 48 0 45 0 10 0 0 0 0 0 11 0 
41 0 0 0 0 0 0 0 0 0 0 0 0 0 58 52 0 0 0 0 62 0 59 63 0 0 60 0 0 0 0 0 0 0 0 0 17 0 0 0 0 0 16 0 22 0 0 6 0 0 0 11 10 0 0 0 0 0 4 0 0 0 2 0 0 0 0 26 0 30 0 27 0 0 0 0 0 0 0 0 0 
0 0 24 0 0 0 0 28 0 0 33 36 32 0 0 0 0 38 0 0 0 48 0 45 43 0 42 19 0 0 0 0 0 0 0 0 0 0 0 0 0 78 0 0 0 0 0 0 0 0 0 74 0 75 64 0 0 60 0 0 0 0 0 0 0 5 0 8 0 0 0 0 52 0 0 57 58 54 50 0 0 
0 0 33 0 0 0 0 0 36 0 0 0 0 0 0 0 0 0 0 55 0 0 50 0 0 0 0 0 0 0 26 0 25 31 0 27 0 0 0 9 0 0 7 0 0 0 80 0 0 79 0 0 0 0 0 0 0 0 76 0 0 0 0 0 0 0 20 0 0 0 0 18 0 0 0 0 0 63 0 0 0 
0 0 0 0 0 0 0 0 0 17 0 0 0 19 0 16 21 0 0 0 26 0 0 0 0 0 0 0 0 0 0 0 0 4 0 0 0 0 0 0 0 0 0 0 0 0 0 51 0 0 0 0 0 0 0 0 0 0 49 43 44 0 0 0 0 0 0 71 0 0 0 0 0 0 0 39 40 0 0 0 0 
68 0 69 0 0 0 74 0 0 80 0 0 77 0 0 0 0 0 0 10 0 0 0 0 0 11 0 64 0 65 0 0 0 67 66 63 0 0 0 0 48 42 0 0 0 36 0 0 0 34 0 0 0 0 0 0 0 24 0 0 26 23 0 0 0 0 0 0 58 57 0 0 0 0 0 21 22 18 0 0 0 
0 0 5 12 0 0 0 0 0 0 0 17 0 0 0 0 0 0 0 0 0 0 0 0 0 0 0 81 0 0 0 76 0 3 2 80 0 64 0 0 0 0 60 0 66 53 0 0 0 0 0 0 54 0 0 0 0 0 0 0 0 40 0 0 0 0 73 0 0 0 0 0 0 0 0 0 0 35 0 0 0 
0 0 0 0 0 0 1 0 0 0 0 0 0 0 0 0 0 0 0 0 0 0 0 0 15 0 0 0 0 0 0 0 0 0 74 71 52 0 0 0 0 0 0 54 0 0 43 0 0 0 0 0 0 0 36 0 35 0 0 0 0 31 0 59 63 0 0 0 0 65 0 0 0 27 0 0 0 26 0 0 0 
0 0 0 30 0 0 0 0 0 0 0 35 0 0 0 0 0 37 0 0 0 0 40 0 0 46 0 0 14 0 0 0 0 21 0 0 79 0 0 0 0 0 78 0 0 71 0 0 0 0 0 73 0 0 0 0 62 0 0 0 0 0 64 0 0 4 0 7 0 0 0 0 0 0 0 0 0 0 0 0 0 
0 56 0 57 0 0 0 0 0 61 0 0 0 0 0 0 0 0 0 72 0 74 0 0 69 0 0 0 0 0 43 0 0 0 47 0 0 0 0 0 0 0 0 0 0 0 0 0 0 0 0 0 0 0 0 0 0 5 12 6 7 4 0 0 0 0 0 0 0 0 0 35 0 0 0 0 0 0 76 0 0 
40 0 0 0 0 43 0 0 44 0 0 0 49 0 57 0 0 0 0 0 0 65 58 0 0 0 0 0 32 0 0 0 0 39 0 0 0 0 0 0 20 0 0 0 0 8 0 5 12 6 0 0 9 0 0 0 0 0 0 0 0 0 0 0 0 0 0 0 0 0 0 0 0 0 0 0 75 0 0 0 0 
0 0 0 0 0 70 0 72 0 0 77 0 0 0 0 0 2 1 0 0 0 0 0 0 0 0 5 0 0 64 0 0 0 66 0 0 0 0 0 0 0 41 0 0 0 35 0 0 0 0 31 0 0 0 27 0 26 0 0 24 25 0 0 0 0 0 0 0 0 0 0 0 0 0 0 20 0 0 0 0 0 
13 0 0 0 0 0 19 18 0 25 0 0 0 0 0 0 0 28 0 36 0 38 0 0 0 0 0 0 5 0 0 4 0 0 0 0 0 0 0 0 0 68 0 0 0 0 0 0 0 0 0 64 0 0 0 56 0 0 57 0 0 49 0 0 0 0 0 79 0 0 0 0 0 0 0 0 48 44 0 0 0 
0 0 0 39 0 0 37 0 35 0 41 0 40 45 0 0 0 0 0 54 0 0 0 0 51 0 0 0 0 0 0 22 0 30 29 0 0 10 0 0 0 0 0 0 12 80 0 77 0 78 0 1 81 0 0 74 0 0 0 0 0 0 73 0 0 0 0 0 0 0 15 0 0 63 0 0 0 0 0 0 0 
0 0 59 0 0 0 64 0 0 0 0 0 0 72 75 69 0 0 0 0 0 2 0 0 78 0 77 0 0 55 0 0 51 57 56 0 34 0 0 0 0 32 0 0 39 0 0 0 0 0 0 0 0 0 0 0 17 0 0 0 0 0 0 0 0 0 0 0 0 0 0 0 0 0 0 0 0 0 0 0 0 
20 0 0 0 0 0 0 0 0 32 0 0 29 0 37 0 0 35 0 0 0 45 0 0 40 0 39 0 0 0 14 0 0 0 0 0 0 0 0 0 81 0 0 0 0 0 0 0 0 0 0 71 0 0 61 63 60 0 0 0 59 0 0 0 7 0 8 5 0 0 0 0 0 0 0 0 0 51 0 0 0 
0 0 66 73 0 0 0 0 0 77 0 0 0 0 1 76 0 0 0 0 5 0 2 0 0 0 0 0 0 62 59 0 58 0 63 0 0 44 0 42 0 0 0 43 0 33 0 0 0 0 29 0 34 36 25 27 0 0 0 0 0 20 0 0 0 0 0 0 0 0 49 0 0 0 0 0 0 0 0 0 0 
47 0 48 0 49 0 0 0 0 0 0 0 0 0 0 0 0 0 0 0 0 0 0 0 67 71 0 0 0 0 0 0 0 0 0 42 0 0 0 0 0 0 0 0 0 15 0 12 0 0 0 0 16 0 7 0 6 3 0 0 0 0 0 0 0 0 0 0 0 0 0 0 0 0 0 0 0 0 0 0 0 
0 0 0 64 0 0 0 0 0 0 0 0 0 70 0 0 0 0 0 0 0 0 0 0 76 80 0 0 0 53 0 0 0 0 0 0 0 35 0 0 0 0 0 0 0 24 0 0 0 0 0 26 0 0 16 0 15 0 0 0 0 0 0 0 0 0 0 41 0 45 0 42 4 0 0 0 0 0 0 0 3 
0 45 0 46 40 41 0 43 42 0 0 0 0 52 0 0 0 0 0 0 59 63 0 0 0 0 57 34 30 35 0 0 0 0 36 0 0 0 0 0 0 0 0 0 19 0 5 0 0 0 0 0 0 0 79 81 0 0 0 0 0 0 0 0 0 0 0 0 0 0 22 0 0 0 0 0 73 0 0 0 0 
0 0 0 0 0 77 0 79 78 0 0 0 0 7 0 0 0 8 0 16 0 0 0 0 0 0 12 0 0 0 0 0 0 0 0 0 50 0 0 0 0 0 0 0 55 0 0 0 0 0 0 0 0 0 0 0 0 0 0 31 0 0 0 57 0 0 0 0 0 63 0 0 0 0 0 0 0 0 0 26 0 
11 0 0 0 0 0 0 0 0 0 21 0 0 0 0 0 27 26 0 0 0 0 0 0 0 0 0 0 0 8 0 2 4 0 0 6 0 71 0 0 0 0 0 70 0 0 0 57 0 0 0 62 0 0 0 0 0 0 0 0 0 0 0 0 79 0 0 77 0 0 76 0 40 0 0 0 0 0 0 0 0 
0 0 0 0 0 5 8 0 6 0 0 0 0 0 0 0 0 0 0 0 0 0 0 0 0 0 0 79 0 0 0 0 0 0 0 0 59 62 0 60 0 0 58 61 0 0 0 48 55 0 0 0 0 54 0 0 0 0 0 0 0 0 0 0 0 65 0 0 0 0 0 0 0 0 32 0 37 0 29 0 0 
0 0 0 0 0 0 0 34 0 0 0 0 0 0 0 0 0 0 0 52 50 0 0 0 0 0 0 25 0 0 0 20 0 0 0 0 0 0 0 6 0 0 0 0 0 0 0 75 0 0 0 0 0 81 0 0 0 0 0 0 68 0 71 12 16 0 0 0 19 0 0 15 58 0 0 0 64 0 0 0 0 
