9
0 24 0 0 0 0 0 0 0 0 14 0 18 0 12 0 0 0 62 0 0 0 0 0 59 0 58 0 0 0 0 0 40 0 0 0 0 0 0 0 0 0 79 75 81 0 0 0 0 0 0 0 0 0 70 69 0 0 0 0 0 0 0 0 0 0 0 0 0 0 38 0 0 0 0 0 0 56 0 0 0 
0 0 0 0 0 0 0 0 0 0 0 0 0 10 3 0 0 0 0 0 0 0 51 0 0 0 49 0 0 0 0 0 0 0 38 0 71 0 0 0 0 0 0 0 0 0 75 0 79 0 0 0 0 0 61 0 0 0 0 58 59 0 0 0 0 0 0 0 0 23 0 22 0 39 0 44 40 0 0 0 0 
0 0 0 5 11 7 0 0 0 0 0 0 0 0 75 0 0 0 0 0 0 0 0 45 0 0 40 0 0 0 0 0 0 0 0 0 0 58 0 0 0 60 0 57 0 72 0 0 70 67 0 0 0 0 0 0 0 0 0 0 0 0 0 0 0 0 0 0 0 14 0 0 0 0 0 35 0 0 33 0 0 
0 0 0 68 0 0 0 0 0 0 59 62 0 0 0 0 0 0 0 0 0 0 24 0 0 28 0 3 0 0 0 0 0 0 0 0 0 0 0 47 0 0 0 0 0 0 0 0 0 0 0 0 0 0 0 0 0 0 0 0 32 0 0 0 0 0 0 0 0 77 0 0 0 0 0 0 0 0 0 0 0 
0 0 0 0 0 79 0 0 0 0 0 0 0 0 0 0 67 0 35 0 0 0 0 0 0 0 0 0 0 0 0 0 13 0 0 0 0 0 0 0 0 0 52 0 0 0 0 0 0 0 0 59 62 0 43 0 0 0 44 0 0 47 46 0 0 6 7 0 0 0 0 4 0 21 28 0 0 0 0 0 27 
0 0 0 0 0 0 0 0 0 0 0 44 0 0 0 0 0 0 0 0 3 0 0 0 5 0 4 0 0 72 0 0 0 70 74 0 0 0 0 29 28 0 0 21 0 36 0 37 0 31 0 0 35 0 0 0 0 0 0 0 0 20 0 0 0 0 0 63 0 0 0 0 77 0 0 0 0 0 0 0 0 
0 60 63 0 0 61 0 0 0 0 0 0 0 0 0 0 49 0 17 0 0 0 0 0 14 0 0 0 0 0 0 0 76 0 0 80 0 0 0 0 37 0 0 0 0 0 0 0 0 0 0 0 44 0 0 24 0 0 0 0 0 0 0 0 71 0 0 0 73 0 0 0 0 0 0 8 0 0 0 0 0 
40 0 0 0 0 43 0 39 0 0 0 0 36 37 30 0 0 0 0 0 0 0 78 0 0 0 0 0 0 0 0 0 0 0 0 0 0 0 0 0 19 0 0 0 0 0 0 0 0 0 0 0 26 0 0 0 0 0 0 0 5 11 0 0 0 51 0 0 0 0 0 0 0 0 0 0 0 74 0 0 0 
31 33 0 0 0 0 37 0 0 0 0 0 0 0 0 0 22 25 0 0 0 0 69 0 0 0 0 48 0 54 0 55 0 0 56 0 0 0 5 0 10 0 0 0 0 0 12 0 0 13 0 0 0 0 0 0 0 81 0 76 0 0 0 0 44 42 0 0 46 0 47 40 0 57 64 62 0 65 0 0 63 
0 0 0 0 0 0 0 0 23 0 0 0 0 0 0 0 0 0 0 0 0 0 0 0 0 0 0 36 0 42 0 0 0 0 44 0 0 0 0 0 0 75 0 0 78 0 0 0 0 0 0 0 5 3 67 0 0 0 0 0 0 71 0 0 0 0 0 33 0 0 0 0 0 45 0 0 0 0 0 49 51 
0 75 78 0 0 0 0 0 0 0 0 0 0 0 0 0 0 67 0 31 0 0 30 33 0 0 0 0 0 0 0 16 0 0 0 14 50 0 0 53 0 0 0 0 0 0 0 0 0 0 62 0 59 0 0 0 0 0 0 37 0 0 43 0 5 0 0 0 0 0 8 0 0 0 0 0 0 0 0 0 0 
0 0 60 0 0 0 0 0 0 0 0 0 51 0 0 48 0 0 14 0 0 0 0 0 0 0 0 0 0 0 0 0 0 0 0 0 0 0 29 0 0 0 0 0 0 0 0 0 0 0 44 0 0 0 0 0 18 0 0 0 0 0 0 0 0 0 0 69 0 65 0 0 2 81 0 0 0 0 0 4 6 
0 0 0 0 0 0 0 0 0 0 0 0 0 43 0 0 0 0 0 0 0 0 0 0 0 0 0 0 0 0 0 0 0 0 0 68 23 0 0 0 0 21 0 0 24 0 0 0 0 0 0 29 0 0 0 0 9 0 0 0 0 0 0 0 0 0 0 0 0 56 0 0 0 0 0 77 0 0 0 0 78 
0 0 0 0 0 0 0 0 0 0 0 0 0 79 72 75 73 0 0 0 36 0 39 0 0 0 0 0 0 0 21 0 0 0 0 23 59 0 0 0 0 0 0 0 0 0 0 0 0 64 0 0 0 0 0 48 0 0 0 0 0 53 0 0 14 12 13 0 0 0 0 10 29 0 0 0 0 0 0 0 0 
0 0 0 0 35 31 34 27 0 0 0 23 0 0 0 0 0 0 0 0 0 0 0 0 0 70 0 45 0 0 0 0 46 0 0 0 5 1 0 0 0 0 0 0 0 0 0 0 0 0 17 0 0 12 76 0 0 0 0 73 74 0 79 0 0 0 0 0 0 0 0 0 0 0 0 0 0 0 0 0 0 
0 0 0 0 71 0 70 0 0 0 0 0 60 0 0 0 0 58 0 0 0 0 0 0 0 0 0 81 0 0 0 0 0 0 8 0 0 37 0 0 0 0 0 36 42 0 45 52 0 0 0 0 0 0 0 0 0 0 0 28 29 35 0 0 0 75 0 0 0 0 0 73 0 0 0 0 0 0 12 0 0 
10 0 0 0 17 13 0 9 0 0 0 0 0 0 0 0 0 0 0 0 0 0 0 51 0 0 46 0 29 0 0 0 0 0 0 0 0 0 0 0 0 66 0 0 0 0 0 0 0 0 80 0 0 0 0 57 0 0 0 0 56 0 0 18 0 0 0 0 25 0 26 19 38 0 0 0 0 0 0 0 0 
0 0 0 0 0 0 0 0 0 0 0 0 0 0 0 30 0 0 0 0 72 0 0 0 0 0 73 0 0 60 0 61 0 0 0 0 0 0 0 0 0 0 0 0 15 0 18 0 0 0 26 20 0 0 4 0 0 0 0 1 0 0 0 0 0 0 0 0 0 47 0 46 0 0 0 0 64 0 0 0 0 
0 22 0 0 27 23 26 0 0 0 0 0 16 17 0 0 0 14 0 0 0 0 0 0 57 62 0 0 0 0 0 0 0 0 0 0 0 0 0 0 0 76 0 73 0 0 0 0 0 0 0 0 0 0 0 67 64 0 0 0 0 72 0 0 0 0 0 0 0 30 36 0 0 0 0 0 0 54 0 0 0 
0 0 0 3 0 5 0 0 0 81 0 78 0 0 0 76 74 0 0 0 0 45 0 0 0 0 0 0 0 0 0 26 0 0 0 0 0 56 0 0 62 58 0 0 61 0 0 0 0 0 0 66 0 0 0 0 0 0 0 47 48 0 53 0 15 0 0 0 0 12 0 0 30 0 0 0 0 0 0 0 0 
47 0 0 0 0 50 0 0 0 45 0 0 0 0 0 0 38 0 0 0 1 9 0 0 0 0 0 0 0 0 0 0 0 0 0 0 0 0 0 0 0 0 0 0 0 0 0 0 32 0 0 0 0 31 0 0 10 0 15 0 0 0 0 55 60 58 0 0 0 0 0 0 0 73 80 0 0 0 0 0 0 
0 0 0 0 0 0 62 0 0 54 0 0 0 0 0 0 0 50 0 0 10 0 0 0 0 0 0 0 75 0 0 80 0 77 0 0 0 0 0 36 0 0 0 0 0 0 0 44 41 38 0 0 0 0 0 0 19 0 0 0 0 0 0 0 0 0 0 0 0 0 0 0 3 1 0 0 0 0 0 0 7 
0 0 0 0 72 0 0 64 0 63 0 0 0 62 55 0 0 0 0 0 0 0 22 25 0 26 0 0 0 0 0 0 0 5 9 0 0 38 0 0 0 0 0 0 0 0 0 0 0 0 0 0 0 0 0 0 0 34 0 29 0 0 0 0 0 0 0 79 0 0 0 0 0 10 0 0 11 0 0 0 16 
0 0 0 0 0 0 0 0 0 0 0 0 0 0 0 0 0 0 0 0 0 0 0 70 0 0 0 46 0 0 0 0 0 0 0 0 6 0 0 9 0 0 0 0 0 0 0 17 0 0 18 0 0 0 0 0 0 79 0 0 0 0 0 0 0 40 0 0 44 39 0 0 0 0 62 0 0 0 0 0 0 
0 0 0 0 0 0 0 0 15 0 0 0 0 0 1 0 0 5 0 0 0 0 49 0 0 53 0 0 0 0 0 0 0 0 0 33 69 0 66 0 0 0 0 0 0 0 0 0 0 74 0 0 0 0 0 0 0 0 0 0 0 63 0 0 0 0 0 0 0 21 27 20 0 0 0 0 38 0 0 0 0 
0 0 0 75 0 0 0 0 0 0 0 69 0 0 0 0 65 0 0 32 28 36 0 0 0 35 0 0 0 0 0 0 0 0 0 0 0 0 0 0 0 0 50 0 0 61 0 0 0 0 0 0 0 0 0 0 37 0 0 0 0 0 0 0 0 0 5 7 8 0 0 2 21 0 0 0 0 0 0 0 0 
0 0 0 0 0 41 0 0 42 36 0 0 0 0 0 0 0 0 0 0 0 0 0 0 75 0 0 0 0 0 58 0 0 0 0 0 15 11 0 0 0 0 0 0 0 25 0 0 0 0 0 0 0 0 0 0 1 0 6 0 0 0 8 0 51 0 0 52 0 0 0 0 0 0 0 0 0 72 0 0 0 
52 0 0 0 0 0 0 0 0 0 0 0 48 0 0 0 0 0 0 0 6 0 0 0 0 0 0 0 0 0 72 0 70 0 0 0 0 0 0 32 31 0 0 0 0 39 33 0 0 0 0 0 0 0 0 0 0 21 0 16 0 0 0 0 0 0 64 0 0 62 0 0 80 0 0 0 0 0 0 0 0 
0 0 0 0 0 46 49 0 0 0 0 0 0 0 0 0 0 37 0 0 0 5 0 0 0 0 0 0 0 0 63 67 61 64 0 0 20 0 17 0 22 0 19 0 21 0 0 0 0 0 0 0 0 0 0 0 0 0 0 0 0 0 13 0 0 0 55 57 58 0 0 0 71 0 76 0 70 0 0 73 0 
0 0 0 0 77 0 0 69 0 0 0 0 66 0 0 0 0 0 0 0 0 0 27 0 0 0 0 0 8 0 0 13 0 0 0 0 0 0 0 0 0 0 0 0 48 0 0 58 0 0 0 53 0 0 0 0 33 39 0 0 0 0 40 78 0 81 0 0 0 0 0 79 17 0 0 0 0 0 0 0 21 
25 0 0 0 0 0 0 24 0 0 0 0 0 22 0 18 0 0 0 0 0 0 63 0 0 0 0 0 0 0 0 0 0 0 0 0 2 0 0 5 4 0 1 0 0 0 0 0 0 0 0 0 11 0 0 0 0 0 0 70 0 0 0 0 38 0 0 0 0 0 0 0 0 51 0 0 0 0 0 0 0 
0 0 0 0 0 0 0 0 0 0 0 0 0 0 0 0 0 0 0 0 0 0 0 0 0 0 0 33 0 0 0 0 0 0 0 38 0 0 71 77 76 0 0 0 0 3 0 0 0 79 0 80 2 0 0 0 0 0 0 0 0 0 0 0 29 0 0 30 31 0 0 0 0 0 49 0 0 0 45 46 0 
0 63 0 0 0 0 0 0 65 0 0 0 0 58 0 0 0 0 0 19 0 0 18 0 0 0 16 78 80 0 0 0 0 0 0 2 0 0 0 0 40 36 0 0 0 0 0 0 0 0 50 44 0 0 0 0 0 0 0 25 0 0 0 69 74 0 0 0 0 0 0 0 0 0 0 0 7 0 0 0 12 
34 0 0 0 0 37 0 0 0 0 26 29 30 0 0 0 0 0 74 0 69 0 0 0 71 0 0 0 53 0 0 0 0 0 0 0 11 7 0 0 0 9 0 0 0 0 0 0 0 0 0 17 0 0 0 0 0 0 0 0 0 0 0 42 0 0 46 0 0 44 0 0 62 0 0 0 0 0 63 0 0 
0 0 0 0 0 0 13 0 11 0 80 0 0 0 0 0 0 0 0 0 0 50 45 0 0 0 0 0 0 0 0 0 0 28 0 0 0 0 0 68 0 0 0 0 0 0 0 0 0 0 0 71 0 0 0 0 51 0 0 52 0 0 0 0 0 18 0 0 0 0 0 0 0 0 0 0 0 0 0 37 0 
0 0 0 0 0 0 0 0 2 0 0 0 75 0 0 72 0 0 0 0 0 0 0 0 35 0 0 0 0 0 0 0 0 0 0 0 0 0 53 0 0 0 0 0 0 0 60 0 64 0 68 62 65 0 0 0 0 0 47 0 44 0 0 0 0 0 10 0 0 0 0 0 0 0 0 0 0 0 0 0 0 
0 50 0 0 0 0 0 0 0 0 0 0 0 0 0 0 0 0 0 0 0 0 0 0 0 0 0 65 0 0 68 0 0 0 0 0 25 21 0 0 0 0 0 20 0 0 0 0 0 0 0 0 0 0 0 14 0 0 0 0 0 0 0 56 0 59 60 0 63 0 0 0 76 0 0 0 75 1 0 0 0 
0 5 0 0 0 6 0 0 0 1 0 0 0 81 74 0 75 0 0 0 0 46 0 0 0 0 0 0 0 0 0 0 0 0 0 0 0 0 0 0 0 59 0 0 0 0 0 0 0 0 0 0 0 0 0 50 0 0 0 48 0 0 0 0 16 14 0 17 18 0 0 0 0 0 36 0 0 37 0 0 0 
0 0 0 76 0 0 0 74 79 73 0 0 0 72 0 0 66 0 0 0 0 37 0 0 0 0 0 0 13 0 0 18 0 0 0 16 52 0 0 0 0 0 0 0 0 62 0 0 60 57 64 58 0 0 0 0 0 0 0 0 0 0 0 0 0 0 0 0 9 0 0 3 0 20 0 0 21 0 23 0 0 
0 14 0 0 0 0 0 11 0 0 4 0 8 0 0 5 0 0 0 0 0 0 0 53 0 0 0 29 0 0 0 0 0 0 0 0 0 66 0 73 0 68 0 0 0 80 0 0 0 75 0 0 0 0 0 59 0 62 0 0 58 0 63 0 0 0 0 0 27 22 28 0 40 0 0 0 39 0 0 0 0 
66 0 0 67 0 0 0 65 70 0 0 0 0 63 56 0 0 0 25 0 0 0 0 0 0 0 21 2 0 8 0 0 0 0 0 0 0 0 0 0 0 0 0 0 0 0 47 0 0 0 55 0 52 0 0 0 0 0 0 0 31 0 0 0 0 0 0 80 0 0 0 0 0 0 18 0 0 0 0 15 0 
0 0 0 0 0 0 36 0 0 0 0 25 0 0 0 0 21 0 0 0 0 0 0 0 0 0 66 0 49 0 0 0 0 0 0 0 0 0 0 0 0 5 0 2 0 0 0 18 15 0 0 0 0 0 78 77 0 0 0 0 0 0 0 0 0 0 42 0 0 0 0 0 0 0 0 0 0 0 0 0 0 
0 0 0 0 0 0 0 0 0 0 0 0 35 36 0 32 0 0 0 0 0 0 0 0 0 0 0 0 0 62 0 0 0 0 0 0 16 0 0 0 18 0 0 0 0 0 0 0 0 0 0 0 0 0 6 0 2 0 0 0 4 0 0 0 52 0 0 0 0 0 0 0 0 65 0 0 0 0 0 0 0 
0 0 0 0 28 0 0 0 0 0 0 0 0 0 0 0 12 0 0 60 56 0 0 62 0 63 0 38 0 44 41 0 39 42 0 0 0 0 0 0 0 0 0 0 0 8 0 0 0 3 0 0 0 0 0 68 0 0 0 0 67 0 0 0 34 0 0 0 0 0 0 0 0 0 0 0 0 0 0 0 53 
0 59 0 0 0 0 0 0 0 0 0 0 53 0 0 0 0 0 16 15 0 0 0 0 0 18 0 74 0 0 77 0 75 0 0 0 0 0 0 0 0 0 0 29 35 0 0 45 0 0 0 0 0 0 0 0 0 0 0 0 0 0 0 0 70 0 0 71 0 0 73 0 0 0 0 0 0 0 0 0 0 
0 0 0 1 7 0 0 0 0 0 0 0 0 0 71 0 0 0 0 0 0 0 38 0 0 0 0 0 0 0 0 0 18 0 0 0 0 0 0 61 0 56 0 0 0 68 0 0 0 0 0 64 0 0 0 0 0 0 0 0 0 0 0 0 13 0 0 0 0 0 16 0 0 0 0 31 0 0 0 0 0 
27 0 32 0 0 0 0 0 31 0 0 0 0 0 0 20 18 21 0 0 0 0 0 68 0 0 0 0 0 0 0 51 45 0 0 49 0 0 0 0 0 0 0 0 0 0 0 0 0 0 0 0 0 11 0 0 0 0 0 0 73 0 0 0 0 0 0 41 0 0 0 0 55 53 0 0 54 61 0 0 0 
0 11 14 10 0 0 0 8 0 0 0 0 0 0 80 0 0 0 0 0 0 0 47 0 0 0 0 0 28 0 0 0 0 0 0 0 0 0 0 0 0 0 0 62 0 0 0 0 0 0 79 73 0 0 0 0 53 0 0 0 55 0 0 17 22 0 0 0 0 0 0 0 0 0 0 0 0 43 0 0 41 
0 0 0 0 0 0 42 0 0 0 0 0 0 0 26 0 0 30 0 75 0 0 0 0 0 0 0 0 0 0 56 0 54 0 0 0 0 0 0 0 15 0 12 0 14 0 0 0 21 18 0 19 0 0 0 0 0 0 0 0 0 0 0 0 0 47 0 0 0 0 0 0 0 0 0 0 63 0 0 0 0 
0 0 0 55 61 0 0 0 58 52 0 0 0 0 0 47 0 0 0 0 8 0 11 0 0 0 0 0 0 0 0 0 0 0 0 0 0 0 0 0 0 29 30 26 0 0 0 0 0 0 43 37 0 0 0 0 17 0 22 0 0 0 0 0 0 0 0 0 0 0 0 0 0 0 6 4 81 0 0 3 5 
0 0 50 46 0 0 0 44 0 0 0 0 0 0 0 0 0 39 0 3 0 0 2 0 0 0 0 0 0 0 0 0 63 66 0 0 0 0 0 0 0 20 0 0 0 32 0 0 0 0 34 0 31 0 0 11 0 14 0 9 0 16 0 0 58 0 0 0 60 0 0 0 73 0 78 0 0 0 0 0 0 
72 0 77 0 0 75 78 0 0 0 0 67 0 0 62 0 0 0 0 0 26 0 29 32 28 0 0 0 10 0 11 0 0 0 0 0 0 0 0 0 0 0 0 44 0 59 0 60 0 0 0 0 58 0 0 0 35 0 40 0 0 43 0 0 0 0 3 0 0 0 0 0 0 17 0 0 0 0 0 0 0 
0 0 68 0 0 0 0 0 0 0 55 0 0 0 0 0 0 0 0 21 0 0 0 0 0 24 0 0 0 0 0 6 81 0 0 0 0 0 0 0 0 0 39 0 0 0 0 0 0 45 0 0 49 0 0 0 0 0 0 0 28 0 0 0 0 0 0 0 0 0 0 0 0 0 15 13 0 0 0 0 0 
18 0 0 0 0 0 0 0 22 0 10 13 0 0 0 0 0 0 0 0 0 0 0 0 0 0 0 0 0 41 0 0 36 0 0 0 0 0 0 0 0 0 0 71 0 0 0 0 0 0 0 0 0 0 0 65 0 68 67 63 64 0 0 26 0 0 0 32 0 28 34 0 46 44 0 0 45 0 47 0 0 
35 0 0 0 0 0 41 0 39 0 0 30 0 0 25 0 0 0 75 0 0 0 0 0 0 0 0 52 0 0 0 0 0 0 0 0 12 0 0 15 0 10 0 0 0 0 0 23 0 0 0 0 21 0 0 0 0 0 0 0 81 0 5 0 0 0 0 0 0 0 0 0 63 61 0 66 0 0 0 0 0 
44 0 0 0 0 0 0 0 0 0 0 39 0 41 0 37 0 0 3 0 79 0 0 0 0 0 0 0 0 0 0 0 0 0 0 0 0 0 0 24 0 0 0 0 0 0 0 0 0 26 33 0 0 0 0 10 0 13 12 8 0 0 0 0 0 55 0 0 0 0 0 0 0 0 77 0 0 0 73 0 0 
0 19 0 0 0 0 23 0 0 0 0 0 0 14 0 0 0 11 0 0 0 0 0 58 0 59 0 0 36 0 0 0 0 0 42 0 0 0 0 78 0 0 74 0 0 0 0 5 0 0 0 81 0 0 65 0 0 67 0 0 0 69 0 0 30 0 0 0 0 0 0 0 0 43 0 48 44 0 0 47 0 
0 0 13 9 0 11 14 7 12 6 0 0 0 0 79 0 0 0 0 47 0 51 0 0 0 0 0 0 0 0 0 32 0 0 0 0 0 62 63 0 0 0 0 0 0 76 0 0 0 0 0 0 0 73 0 0 0 0 0 0 0 0 0 0 0 0 0 0 23 18 0 0 0 34 0 0 35 0 0 38 0 
0 1 0 0 0 2 0 0 0 0 0 0 0 0 0 0 71 0 0 0 34 0 37 0 36 0 0 0 0 0 0 23 17 0 0 0 0 0 0 0 0 0 0 0 0 0 0 68 0 0 0 0 0 0 0 0 0 49 0 0 0 0 0 0 0 10 11 0 0 0 0 0 0 0 0 0 0 0 28 0 0 
0 0 67 63 0 0 0 0 66 0 0 0 0 0 0 0 53 0 0 0 0 0 0 0 0 0 0 0 0 0 0 0 0 0 0 0 0 0 0 42 0 0 38 0 40 0 0 50 47 0 0 0 0 0 0 0 0 0 0 0 27 0 0 70 0 0 74 0 0 0 0 71 9 7 0 0 0 0 0 0 0 
0 73 0 0 0 0 0 0 0 0 0 0 0 68 0 0 0 0 0 0 0 33 0 31 0 0 0 0 0 0 0 0 0 0 0 0 0 0 0 0 0 46 47 0 0 0 0 0 0 0 0 0 0 0 0 0 0 0 0 0 36 0 0 0 0 0 0 0 0 0 0 0 18 0 0 0 0 24 0 0 0 
0 0 0 0 0 0 0 0 0 0 18 0 22 0 0 0 0 0 66 0 0 0 0 0 0 68 62 0 0 0 0 0 0 0 51 0 0 0 0 0 0 0 0 0 0 13 0 0 11 0 0 0 0 10 74 0 70 0 0 0 0 0 0 0 0 0 38 0 0 0 0 0 0 52 0 0 0 0 55 0 0 
0 0 58 0 0 0 59 52 0 0 0 0 0 0 0 0 0 0 12 11 0 0 0 13 0 0 0 0 0 0 0 0 0 0 0 0 0 26 0 0 0 0 0 0 31 0 0 0 0 0 42 36 0 37 0 19 0 0 21 0 0 24 0 0 0 0 0 0 0 0 0 62 0 0 0 0 80 0 1 2 4 
0 0 0 0 0 0 0 0 0 0 0 0 0 0 4 0 0 8 0 53 0 0 0 0 51 0 0 0 0 0 34 0 0 0 39 0 0 0 0 0 0 0 0 0 0 1 76 0 0 0 0 0 0 0 0 0 58 0 0 59 0 0 0 0 0 0 0 0 0 24 0 0 42 0 0 0 0 0 0 0 0 
0 0 0 0 3 0 0 0 81 0 0 0 73 74 0 0 0 0 0 0 0 0 34 0 0 0 0 0 0 0 0 0 0 0 0 0 0 0 0 0 0 0 0 0 0 0 0 0 0 0 0 60 0 0 0 43 0 0 45 0 0 0 0 0 0 7 0 0 11 0 0 0 0 0 0 0 0 0 25 0 28 
0 43 0 0 0 0 0 0 0 0 33 0 0 0 0 0 32 0 0 0 0 0 79 1 0 2 0 0 0 64 0 0 59 62 0 63 0 0 0 21 0 0 0 0 0 0 0 0 0 0 0 24 0 0 0 0 0 0 0 0 0 0 0 0 0 0 0 55 56 0 0 50 0 0 0 0 0 0 0 0 0 
0 0 0 0 0 0 0 0 63 57 51 0 0 0 0 52 0 0 18 17 0 0 0 0 0 0 14 0 0 0 0 2 0 80 0 0 0 0 0 0 38 34 35 0 37 0 0 0 44 0 0 42 0 0 0 0 0 0 0 23 0 30 0 0 0 0 0 0 0 0 0 0 0 0 0 0 0 0 0 0 0 
0 0 0 33 0 0 0 0 0 0 0 0 0 0 0 0 0 0 0 0 67 0 0 0 0 0 0 0 51 0 52 0 0 0 0 0 0 0 0 0 11 7 0 0 0 0 0 20 0 0 0 0 0 0 80 0 0 0 0 0 0 0 0 0 0 43 0 46 47 0 0 0 0 0 0 0 0 0 0 0 0 
0 0 0 24 30 26 0 0 0 0 0 0 0 0 0 0 0 0 0 0 0 0 0 64 0 0 0 40 42 0 0 0 0 0 0 0 0 0 0 0 0 0 80 0 1 0 0 0 0 0 0 0 0 0 71 70 67 0 0 0 0 0 0 31 0 0 0 0 0 0 0 0 0 49 0 0 50 0 52 53 0 
5 7 0 0 0 0 0 0 0 0 0 0 0 2 0 0 0 0 0 0 40 48 0 0 0 0 0 22 0 0 25 0 23 0 30 27 0 59 0 0 0 0 62 0 64 0 0 0 0 68 0 0 0 0 0 0 49 0 0 50 0 57 0 0 0 0 17 0 20 0 0 0 0 31 38 36 0 0 0 0 37 
0 0 73 0 75 0 0 0 0 0 60 63 64 0 0 0 0 0 0 0 22 0 0 0 24 29 0 0 6 0 0 0 0 8 0 0 0 0 0 0 0 0 0 0 0 0 0 56 0 0 0 51 0 52 0 0 31 0 36 0 0 0 0 0 0 0 0 1 0 0 3 0 0 0 0 0 0 0 0 0 19 
0 0 55 0 0 53 0 0 0 0 0 0 0 0 0 0 0 44 0 8 4 0 0 10 0 0 0 67 0 73 70 0 0 0 0 0 0 0 0 0 0 0 0 0 0 0 31 38 0 32 0 0 0 0 0 0 0 0 0 0 0 0 0 58 0 0 62 0 0 0 0 59 0 0 0 0 0 0 0 0 0 
6 0 0 0 0 0 0 0 0 0 0 0 0 0 0 80 0 0 46 45 41 0 0 0 0 0 0 0 0 0 0 0 0 0 0 0 0 0 0 0 0 0 0 0 0 74 68 0 0 69 0 0 73 0 0 0 0 0 55 0 0 0 0 0 0 0 0 0 0 0 0 0 0 32 0 0 0 0 0 0 0 
60 0 65 0 0 0 0 0 0 0 0 0 0 0 0 0 0 54 0 18 0 0 0 0 0 21 0 0 79 0 0 3 0 0 4 0 0 0 0 0 0 0 0 0 0 47 0 0 0 0 0 0 0 0 0 0 23 0 0 0 0 0 0 0 73 71 72 0 0 70 0 0 7 5 0 0 0 13 0 0 0 
0 0 0 0 0 0 75 0 0 0 0 0 0 0 0 0 0 0 28 27 0 0 26 0 25 30 0 0 0 0 8 0 0 0 0 10 0 0 43 0 0 44 0 0 0 0 0 0 0 0 0 0 0 0 36 0 0 0 0 33 0 0 0 0 0 0 81 2 0 0 0 78 0 0 0 0 0 0 0 0 0 
0 0 0 0 0 0 0 0 0 0 0 0 0 0 0 0 6 0 55 0 0 0 0 0 0 57 0 32 0 38 0 0 0 36 0 0 0 0 70 0 0 0 0 0 0 0 0 0 0 78 0 0 0 80 0 0 0 0 0 0 0 0 0 0 0 0 0 0 0 25 0 0 0 0 0 46 0 0 0 0 0 
0 35 0 34 0 36 0 0 0 0 0 0 0 0 0 0 0 0 0 0 0 76 0 0 0 0 0 0 0 0 0 0 0 0 0 0 0 0 0 13 0 0 0 5 11 0 0 0 18 0 0 0 0 0 0 0 0 0 0 78 0 4 3 0 0 0 0 0 0 0 49 0 0 0 0 64 0 0 0 0 65 
0 0 0 43 49 0 0 41 46 0 0 37 38 0 0 0 0 0 0 0 77 0 0 0 0 3 0 0 61 0 0 66 0 0 0 0 19 0 0 0 0 0 18 0 0 0 23 0 0 24 0 0 0 0 0 0 0 0 0 0 0 0 0 0 0 53 54 56 0 0 0 51 0 68 75 0 69 0 0 0 0 
0 0 0 0 0 0 0 0 28 22 16 0 0 0 14 0 15 0 64 0 0 0 0 65 0 0 0 0 0 0 0 0 0 0 0 0 0 78 0 0 0 0 0 0 0 0 0 0 9 0 0 0 0 0 0 0 0 74 73 69 0 0 0 0 0 0 0 38 39 0 0 0 0 50 57 0 0 0 0 0 0 
0 0 0 0 0 0 0 50 55 0 0 46 47 0 41 0 0 0 0 0 0 0 0 0 0 12 0 0 0 0 0 0 0 0 0 0 0 0 0 0 0 0 27 0 29 0 0 39 0 33 0 0 0 0 18 0 14 0 0 0 0 22 21 0 0 62 0 65 0 61 67 0 0 0 0 1 0 0 0 0 0 
0 0 0 0 0 81 3 0 0 0 0 73 0 0 68 0 0 0 0 0 0 0 0 0 0 0 0 0 16 0 17 0 0 0 0 0 0 0 0 58 0 0 0 0 0 0 0 0 0 60 0 0 0 0 0 0 0 47 0 0 0 0 48 0 0 8 0 0 0 0 13 0 0 0 0 0 0 0 0 0 29 
