9
0 0 0 38 36 42 41 0 43 0 70 0 68 0 0 0 0 0 0 0 0 0 0 0 0 0 0 0 74 0 78 72 73 0 0 0 0 5 1 0 0 0 0 0 0 0 0 0 0 0 16 10 0 0 0 0 32 0 0 0 0 0 0 55 0 0 0 0 62 0 0 0 0 0 0 0 0 52 0 0 0 
0 0 73 0 72 0 0 0 79 0 0 0 0 0 0 0 0 0 0 0 0 0 56 0 0 54 0 0 29 34 0 0 0 0 0 0 0 0 0 0 0 0 0 0 0 0 0 0 0 0 0 0 0 50 0 0 0 0 0 0 0 0 0 10 0 0 0 0 17 13 0 0 0 0 0 0 1 0 0 3 0 
0 0 0 0 0 0 0 0 0 0 0 74 0 80 78 0 0 0 0 0 0 0 0 35 0 0 30 0 0 0 0 0 0 0 0 5 0 0 0 0 0 0 0 0 0 0 0 0 0 18 0 0 20 0 0 0 41 0 36 0 0 0 43 0 0 65 0 0 0 0 0 0 0 59 0 0 0 0 0 0 0 
0 21 0 0 0 0 0 0 0 0 0 47 0 0 0 49 0 48 0 0 1 0 2 0 0 81 3 0 0 0 0 0 0 0 0 59 0 0 0 0 0 0 0 0 0 0 0 0 0 0 79 0 0 0 0 0 0 13 0 0 0 10 0 0 0 0 0 0 0 0 39 0 33 0 31 0 0 0 0 0 0 
0 0 0 2 81 0 5 0 0 0 0 0 0 35 33 0 0 0 0 0 0 0 0 0 0 63 0 44 38 43 0 0 0 0 0 41 0 50 0 0 0 0 0 0 0 0 0 0 0 0 61 0 0 0 0 0 0 0 0 0 0 73 0 0 25 0 0 18 0 0 0 0 0 0 0 0 0 0 0 0 0 
0 0 0 0 0 0 0 0 0 0 0 0 0 0 0 0 0 0 49 0 0 0 0 0 0 0 0 26 20 0 0 0 0 0 0 0 0 0 0 35 0 0 0 0 0 0 42 0 40 0 0 0 0 0 0 0 0 0 0 0 56 0 61 0 0 2 6 81 0 0 0 0 0 0 76 74 0 0 0 0 0 
0 0 0 0 0 0 0 0 34 0 0 56 0 0 60 0 0 57 13 0 10 0 0 17 0 0 0 0 0 0 0 0 64 0 0 0 0 0 73 0 78 0 0 0 74 0 0 0 0 0 7 1 0 0 0 26 23 22 0 21 20 19 0 46 0 0 0 0 0 0 0 50 0 0 40 38 37 0 0 39 44 
13 12 0 11 0 0 0 0 16 0 0 0 0 0 42 0 0 39 0 78 0 0 0 0 0 0 0 0 0 0 0 0 0 48 0 50 0 59 55 0 0 0 0 0 0 0 0 0 0 0 0 0 0 0 0 0 0 0 0 0 0 0 0 28 0 0 0 0 35 31 30 0 0 0 0 0 0 0 0 0 0 
0 0 0 0 0 60 0 0 0 0 0 0 0 0 0 4 0 0 0 0 0 43 0 0 41 0 0 0 0 0 0 0 0 0 0 0 0 0 19 0 0 0 0 25 0 0 0 0 0 0 0 0 0 0 0 53 0 0 0 0 0 0 0 0 0 0 0 0 0 0 75 77 0 0 0 65 0 0 0 0 0 
59 0 0 0 0 0 60 0 0 0 0 3 0 0 7 0 0 0 0 0 0 0 0 0 0 0 0 0 0 17 0 0 0 0 0 0 0 24 20 0 0 0 0 0 0 31 0 0 0 0 35 0 0 0 0 0 0 0 0 0 0 0 0 0 0 0 0 0 0 0 76 78 0 0 0 0 0 0 64 0 0 
0 40 38 0 0 0 0 45 44 0 0 0 0 0 0 0 0 0 0 0 0 0 21 27 0 0 0 81 0 0 0 0 0 0 0 0 0 0 2 0 0 0 0 0 0 0 0 0 14 0 17 0 0 0 0 0 0 32 0 0 0 0 35 0 62 57 61 0 0 0 0 0 0 0 0 0 0 0 0 0 54 
0 0 0 0 0 52 0 54 0 0 0 0 0 0 0 77 0 76 0 34 0 0 0 36 0 0 0 0 0 0 0 0 0 0 0 0 0 0 0 0 0 0 14 17 0 0 0 0 0 19 26 0 0 0 43 0 0 0 0 0 39 0 0 0 0 0 0 64 0 0 67 0 61 0 0 0 56 0 0 0 0 
0 31 29 0 0 0 0 0 0 0 0 57 0 63 0 0 0 58 14 16 11 0 0 0 0 0 0 0 0 0 0 0 0 0 0 69 0 0 0 0 0 73 0 0 0 0 0 0 0 0 8 0 0 0 25 0 0 0 0 0 0 0 0 0 0 0 52 0 0 0 49 51 43 0 0 0 0 0 0 0 0 
0 0 0 75 73 0 0 0 0 0 0 0 0 0 0 0 19 22 0 0 0 0 57 63 60 0 58 0 0 0 34 0 0 0 0 33 0 0 0 0 0 0 0 0 39 0 0 0 0 46 53 47 0 0 0 0 0 0 0 0 66 0 0 0 0 12 0 0 0 0 13 0 7 0 5 3 2 0 1 0 0 
0 0 0 3 0 7 0 9 0 0 0 0 0 0 34 0 0 0 0 70 65 0 0 72 0 64 0 0 0 0 0 0 0 0 0 0 0 51 47 0 0 0 0 0 0 0 61 63 0 0 0 0 0 0 0 0 78 0 0 0 75 74 0 0 0 0 0 0 27 0 0 0 16 0 0 0 0 17 0 0 0 
23 0 0 0 0 25 0 27 26 0 0 0 0 0 0 0 46 49 5 0 0 0 0 0 0 0 0 0 0 0 61 0 0 0 0 0 67 0 0 72 70 64 0 71 0 0 0 0 0 0 80 0 0 0 0 18 0 0 10 0 12 11 0 0 0 39 0 37 45 0 0 42 0 33 0 0 0 35 0 31 0 
68 0 65 0 64 70 0 0 0 0 0 0 0 18 0 0 0 0 0 0 0 0 0 0 0 46 0 0 0 26 25 0 20 0 0 0 0 0 29 36 0 0 0 0 0 0 0 0 0 0 0 0 0 0 61 0 0 0 0 0 0 0 62 0 0 3 0 0 0 0 4 0 0 0 0 0 0 0 73 76 81 
14 0 0 0 10 0 0 0 0 0 0 0 0 0 0 0 0 0 0 0 0 0 0 0 0 0 76 0 0 53 52 0 0 0 0 51 0 0 0 0 61 55 0 62 0 67 0 0 0 0 0 0 66 0 7 9 0 0 0 0 0 0 0 0 0 0 0 0 0 0 0 0 25 0 0 0 0 0 0 0 0 
19 0 0 0 0 21 20 0 22 43 49 0 47 0 0 0 0 0 1 0 0 0 0 0 0 0 0 0 0 0 0 51 0 0 0 0 0 0 0 0 66 0 0 0 0 72 0 0 0 69 76 0 0 0 0 0 0 0 0 9 8 0 0 0 0 0 39 0 0 0 36 0 0 0 0 0 0 0 24 0 0 
0 0 0 0 0 0 0 0 58 79 0 0 0 0 3 0 78 0 0 0 0 0 35 0 0 0 0 0 0 0 0 0 7 0 10 0 18 0 0 0 0 0 19 0 0 0 30 0 28 0 0 0 0 0 0 0 0 0 0 0 0 43 0 0 0 0 0 0 77 0 0 0 0 0 64 0 61 67 0 0 0 
0 0 0 0 0 0 0 0 67 7 0 0 11 14 0 0 0 0 0 0 0 49 44 0 0 0 0 23 0 0 0 0 0 0 0 0 0 29 25 0 30 0 0 31 26 0 39 0 0 0 40 34 0 0 0 59 0 0 0 0 0 0 58 0 0 0 0 0 0 0 0 0 0 74 0 0 0 0 0 0 0 
0 0 0 0 0 30 0 0 0 52 0 0 56 59 0 0 0 0 0 0 7 0 0 0 11 6 0 0 62 0 66 0 61 63 0 0 0 0 0 0 75 0 0 76 0 0 0 0 0 0 0 0 0 2 0 0 0 0 0 0 0 16 0 43 0 44 0 0 0 46 0 0 0 0 0 35 34 0 0 0 0 
0 0 0 0 0 0 0 0 0 61 0 0 0 0 0 0 0 0 0 0 0 0 17 23 0 15 0 0 0 76 0 0 0 0 73 0 0 2 0 0 0 0 0 0 0 0 0 0 10 0 0 7 0 0 0 0 0 0 0 0 0 0 0 52 0 0 0 51 59 0 0 0 0 0 0 44 0 0 42 0 0 
0 0 43 0 0 0 0 0 0 70 0 0 0 0 0 0 0 0 0 0 0 0 0 0 29 24 27 0 80 0 0 0 0 0 0 2 0 0 0 0 0 0 0 0 0 0 0 23 0 0 0 0 0 0 0 0 0 0 0 0 0 0 0 61 0 0 0 60 0 64 0 0 57 0 0 0 0 0 0 0 59 
0 0 79 0 0 3 0 0 0 0 0 0 0 0 0 0 0 27 64 0 0 0 0 0 65 60 0 0 0 0 39 0 0 36 0 0 0 0 0 0 0 0 46 0 0 54 0 0 55 51 0 0 53 0 75 0 0 0 0 0 71 0 0 0 0 0 21 0 0 0 0 0 12 0 0 0 7 13 6 0 0 
10 0 0 0 0 0 0 0 13 0 0 0 0 0 0 0 0 0 0 75 0 0 71 0 0 69 0 0 0 0 0 42 0 0 0 47 0 0 52 59 0 0 55 0 0 63 0 0 0 0 0 61 0 0 0 5 0 0 0 0 0 0 4 0 31 0 0 0 0 28 0 29 0 0 0 0 16 22 0 0 0 
0 0 0 0 0 75 0 0 0 0 0 0 0 23 0 0 0 0 0 0 0 58 0 0 0 0 0 0 0 0 0 0 0 0 0 0 0 38 0 0 39 33 0 0 0 0 0 0 0 0 0 0 0 0 0 0 0 64 0 0 0 0 0 0 13 8 12 6 0 0 0 0 0 2 0 80 0 0 0 0 0 
0 0 71 0 0 0 75 0 0 0 0 0 0 0 22 20 0 0 56 0 0 59 0 0 0 0 0 0 0 0 0 0 0 0 0 0 37 0 0 0 0 0 0 41 0 0 0 0 0 0 0 0 0 0 0 0 0 0 0 64 0 0 0 0 0 0 0 7 0 11 0 12 0 0 0 0 0 0 79 1 6 
0 0 0 54 52 0 0 0 0 80 0 0 0 0 0 0 0 0 0 0 0 41 0 42 0 34 0 15 0 14 0 7 0 0 0 0 0 21 17 0 22 0 0 0 0 0 0 0 29 25 0 0 0 0 49 0 48 0 0 46 0 0 0 0 0 0 0 0 78 0 0 0 67 66 0 63 0 0 61 0 0 
0 0 0 0 0 40 0 42 41 0 0 0 0 0 0 0 61 64 0 0 0 0 0 0 0 0 0 0 0 77 0 0 0 0 0 0 0 0 0 0 0 0 2 0 0 0 0 0 0 0 14 0 9 0 0 0 0 29 0 0 27 0 0 0 0 0 58 0 60 0 55 0 0 0 0 0 44 50 0 0 0 
0 0 0 0 0 0 0 6 0 0 0 27 30 0 0 0 25 0 0 0 62 0 0 69 0 0 0 0 0 0 0 0 0 0 0 0 0 48 0 0 0 0 0 0 0 55 0 60 0 0 0 0 0 0 0 0 0 0 0 0 0 0 0 0 23 0 0 0 24 0 0 0 0 0 0 9 0 0 0 0 0 
20 19 0 0 0 0 0 0 0 0 50 45 48 0 0 0 0 0 2 0 0 0 0 6 0 0 0 0 0 0 0 0 0 0 56 57 0 0 0 0 0 0 65 0 63 0 0 78 0 0 77 0 0 0 0 0 0 0 0 0 0 0 0 0 0 0 0 0 42 0 0 0 0 0 0 27 0 0 0 0 0 
0 0 0 0 0 67 0 0 68 0 0 9 0 0 13 11 0 0 0 0 0 0 0 0 0 0 0 0 0 0 22 16 0 0 20 0 0 0 0 0 0 0 0 0 0 0 0 0 38 0 41 0 0 0 0 0 57 0 0 0 0 0 0 0 0 81 0 0 0 0 0 0 0 0 74 0 0 0 0 0 0 
0 0 44 0 0 0 0 51 0 0 0 0 0 0 0 0 70 73 0 31 0 0 27 33 0 25 0 6 0 0 0 0 0 0 0 0 0 0 0 15 0 0 0 0 9 0 0 0 0 0 0 17 0 0 40 0 0 0 34 0 0 0 0 0 0 0 0 0 0 0 0 0 58 0 0 0 0 0 0 0 0 
0 0 26 0 0 0 0 0 0 0 0 0 57 0 0 0 0 0 0 0 0 0 0 0 0 0 0 69 0 0 0 0 0 0 0 66 0 0 0 78 0 0 0 0 0 0 0 0 0 0 5 0 81 0 0 0 21 0 0 0 0 0 0 0 0 0 0 0 0 0 0 48 40 39 0 0 0 0 0 37 0 
0 10 0 9 0 0 12 15 0 0 41 0 39 0 0 0 0 0 0 0 71 0 0 0 0 0 0 51 0 0 0 0 0 0 0 0 0 0 0 0 58 52 0 0 0 64 0 0 0 0 0 62 0 66 0 0 0 2 0 0 0 0 0 0 32 27 0 0 0 0 0 0 0 0 0 0 0 0 0 0 0 
66 0 0 0 0 0 0 0 0 9 15 0 0 16 0 0 0 0 48 0 45 0 46 52 0 0 47 0 0 0 0 0 0 0 0 0 0 31 0 0 0 26 0 0 28 38 41 0 0 0 0 0 0 0 0 0 0 0 0 0 55 54 0 81 0 1 0 0 0 0 0 4 77 76 0 0 0 78 0 0 0 
0 0 9 10 0 0 0 16 0 0 42 0 0 0 0 0 0 38 0 77 72 78 73 0 0 0 0 52 0 0 0 0 0 47 0 0 0 0 54 0 0 0 0 0 0 0 0 70 0 62 0 0 64 0 0 0 0 0 0 2 0 0 6 0 0 28 0 26 34 0 29 0 0 22 0 0 18 0 0 0 0 
48 47 0 46 0 0 49 52 0 0 0 0 76 0 0 0 0 74 30 0 0 0 28 0 0 0 0 0 1 0 5 80 0 0 0 0 0 0 0 0 0 8 0 0 0 0 0 0 0 0 0 18 0 22 0 0 0 0 35 0 0 0 0 0 0 0 0 62 0 0 0 0 0 58 0 0 54 0 0 0 0 
0 0 0 0 0 0 0 0 0 0 0 0 0 0 0 3 0 0 0 0 36 0 0 0 0 0 0 0 0 0 0 0 0 0 0 0 0 22 18 0 0 0 0 0 0 0 32 0 30 26 0 0 0 0 50 52 0 0 44 0 0 45 0 0 0 0 77 71 79 0 0 0 0 0 0 64 0 0 0 0 70 
0 0 81 1 0 0 4 7 0 27 0 0 0 34 0 0 0 0 0 0 0 0 0 0 0 0 0 0 0 0 0 0 0 0 0 0 0 0 45 0 50 0 0 0 0 0 0 0 0 0 0 0 0 0 77 0 0 75 71 0 73 0 0 0 0 19 0 0 25 21 0 22 14 0 0 0 9 15 0 0 0 
0 0 0 0 0 0 0 25 0 45 51 46 49 0 0 0 44 47 0 0 0 6 0 0 0 0 0 0 55 0 59 0 0 0 0 0 0 0 0 0 0 0 0 0 0 74 0 0 0 71 0 0 0 0 0 0 13 0 0 0 0 0 15 0 42 37 41 0 43 39 0 0 0 31 0 0 0 0 0 0 0 
30 0 0 0 0 32 31 0 0 0 0 0 0 0 59 0 0 0 0 0 0 0 0 0 0 0 0 0 0 69 0 0 0 0 0 0 0 0 72 0 0 0 0 0 0 0 0 0 3 0 0 0 1 0 0 0 0 0 0 0 0 0 0 0 0 0 0 0 0 0 47 49 41 40 0 0 36 0 0 38 0 
0 0 0 0 0 0 0 43 0 0 0 0 0 0 0 0 0 0 0 0 18 0 0 0 22 0 0 0 0 0 0 0 0 74 0 0 0 0 0 0 0 0 0 0 0 0 0 0 0 0 0 9 10 0 0 0 0 0 26 0 0 0 0 0 0 0 59 0 0 0 0 0 50 0 48 46 0 51 44 0 0 
0 74 0 73 0 77 0 79 0 18 24 0 0 25 0 21 0 0 0 0 54 60 55 0 0 53 0 0 0 0 0 0 0 29 0 0 38 0 0 0 0 0 0 42 0 0 0 0 48 0 0 45 0 0 0 70 0 0 0 0 0 0 0 0 0 10 0 0 0 0 11 0 0 0 0 0 0 0 80 0 0 
6 0 0 0 0 8 7 0 0 0 0 0 0 37 0 0 0 0 0 71 0 0 0 0 70 0 0 0 0 0 0 0 0 0 0 0 0 0 0 0 0 47 51 0 0 59 0 0 0 0 0 0 0 0 0 0 79 0 0 77 76 0 0 0 0 0 0 0 0 0 23 0 0 0 15 0 0 0 11 0 0 
0 0 0 0 0 0 0 0 18 0 45 0 43 0 0 42 0 41 0 0 0 0 0 0 79 0 0 0 0 0 0 0 0 0 0 0 0 61 0 0 62 0 0 0 0 68 0 0 0 0 0 66 0 0 0 0 0 0 0 0 0 0 0 30 0 0 0 29 0 0 0 34 0 0 24 0 0 0 0 0 0 
0 0 0 0 47 0 0 55 0 75 0 0 79 0 80 0 0 0 0 35 0 36 0 0 0 0 0 0 4 9 0 0 0 0 0 7 14 0 0 0 0 0 15 0 0 0 0 0 0 0 0 0 0 0 0 0 0 0 0 0 0 0 0 0 0 0 0 65 0 0 0 0 0 0 0 0 57 0 56 59 0 
0 0 21 0 0 0 0 0 0 0 54 0 0 0 0 0 47 0 0 0 0 0 0 0 0 0 0 0 0 63 0 56 0 0 60 0 0 0 66 0 71 0 0 0 0 0 0 0 78 0 0 0 0 0 0 0 0 0 0 14 0 12 0 0 0 0 0 38 0 0 41 0 0 0 0 0 0 0 29 0 0 
0 0 0 0 0 0 79 0 0 0 0 0 0 0 0 24 0 0 0 62 0 0 0 64 0 56 0 0 0 0 35 0 0 0 0 0 0 0 0 0 44 0 0 45 0 0 0 0 0 0 54 0 0 0 0 0 0 0 0 0 0 66 72 0 0 0 0 0 0 0 0 0 0 7 0 4 0 9 0 0 0 
0 0 30 0 0 0 0 0 0 57 0 0 61 0 0 60 0 0 0 0 12 0 0 19 0 0 14 0 0 0 0 65 0 0 0 0 77 79 0 1 0 74 0 0 0 0 0 0 6 0 0 0 0 0 0 0 0 0 0 0 0 21 0 0 0 0 53 0 55 0 0 0 0 0 0 0 0 0 38 0 0 
0 0 0 0 56 0 61 0 0 3 0 0 0 10 0 0 2 5 42 0 0 0 0 0 0 0 0 0 0 0 0 0 0 14 0 0 0 25 21 0 26 0 0 0 0 0 35 37 0 0 0 30 0 0 53 55 0 0 47 0 0 0 0 0 0 0 80 74 0 0 0 0 71 0 69 0 66 0 65 68 0 
0 0 0 0 0 0 0 0 0 0 0 0 0 0 17 0 11 0 0 53 0 0 0 0 0 47 0 0 0 0 0 0 0 0 0 25 0 0 0 0 0 0 0 0 0 41 0 0 0 38 0 0 0 43 0 0 0 0 0 59 58 57 0 0 0 0 0 0 0 0 0 7 0 0 0 76 0 0 74 0 1 
0 41 0 0 0 0 0 0 0 0 0 0 0 0 0 0 0 0 24 0 0 0 22 0 0 0 0 1 76 0 0 0 0 0 0 0 0 7 0 0 0 0 0 0 0 14 17 19 0 0 0 0 0 0 0 0 34 0 29 0 0 0 0 0 63 0 0 0 64 0 0 0 0 52 0 0 0 0 0 0 0 
0 0 76 77 75 81 0 2 0 0 0 0 0 0 0 25 21 0 0 0 0 0 59 0 0 0 0 0 32 0 0 0 0 0 0 0 0 0 0 0 0 0 43 0 0 0 0 56 52 0 0 49 0 53 0 74 0 0 66 0 0 0 0 0 0 0 0 0 20 0 0 0 0 0 0 0 4 0 0 0 0 
0 0 40 0 0 0 44 0 0 0 0 0 0 0 0 0 0 0 0 0 0 0 0 0 26 0 0 0 0 0 0 0 0 0 0 0 0 0 0 0 0 0 7 0 0 0 0 0 0 0 19 0 0 0 0 0 0 0 0 0 0 31 0 0 0 0 0 57 0 0 0 0 54 0 0 0 0 0 48 0 56 
0 51 0 0 0 0 0 56 0 0 0 0 80 0 0 0 75 0 0 36 0 0 0 0 35 0 0 11 0 10 0 0 0 0 0 0 15 17 0 20 18 0 0 0 0 0 27 0 0 0 0 0 0 0 45 0 0 43 0 0 0 0 0 0 0 0 72 0 0 0 0 0 0 0 0 0 0 0 0 0 65 
0 33 0 32 0 0 0 0 0 58 0 0 0 0 63 0 0 0 16 18 0 0 0 0 0 0 0 0 0 0 0 0 0 69 0 0 0 0 0 0 0 0 79 0 0 0 0 0 0 0 10 0 0 0 0 29 0 0 0 0 0 0 28 0 0 0 0 0 0 0 0 0 0 0 0 0 0 0 0 0 47 
0 0 0 0 0 0 26 29 0 0 55 0 0 0 0 0 0 0 0 0 0 0 0 0 0 0 0 65 0 0 0 0 0 0 0 0 0 0 0 0 0 0 0 0 0 0 0 2 79 0 1 0 0 0 0 0 0 0 0 15 0 0 19 0 0 0 0 39 0 43 0 0 0 35 34 0 0 0 30 33 0 
0 0 0 68 0 0 0 0 0 0 19 0 0 0 0 0 0 0 0 0 49 0 50 0 0 0 51 0 0 0 0 0 22 0 0 0 0 35 31 0 0 0 0 0 0 0 0 0 0 39 0 0 0 0 63 0 0 0 0 0 0 0 0 0 0 0 0 0 0 0 6 0 0 80 0 0 0 0 0 0 0 
0 0 4 0 0 9 0 11 0 0 0 0 35 0 36 34 0 0 0 0 67 73 0 0 0 0 0 0 0 0 0 0 0 42 0 44 0 0 49 0 0 48 52 0 0 60 0 0 0 0 0 0 0 62 0 0 0 0 0 0 0 0 0 0 0 23 0 0 0 0 0 26 0 17 0 0 0 0 0 0 0 
0 0 0 0 0 0 0 0 0 0 0 0 0 0 45 43 0 0 79 81 76 0 77 0 0 0 0 56 0 0 0 0 0 0 0 53 0 0 0 0 0 0 0 0 0 0 0 0 70 0 0 0 0 71 0 11 0 7 0 0 5 0 0 0 0 0 0 0 0 0 0 0 0 26 0 0 0 0 0 0 0 
0 0 0 0 57 63 62 0 0 0 0 0 8 0 0 7 0 0 43 0 0 0 41 47 44 0 0 0 0 0 0 0 0 0 0 0 0 0 0 0 0 0 25 0 0 0 36 0 0 0 0 0 0 0 54 0 53 0 0 0 0 0 0 0 0 0 81 0 0 0 0 0 0 71 0 0 0 0 0 69 0 
0 79 77 0 0 0 0 0 2 0 0 0 0 0 0 26 0 0 0 0 0 0 0 0 0 0 0 0 33 38 0 0 32 34 35 0 0 0 0 0 0 0 44 47 0 0 0 0 53 49 0 50 0 54 0 0 0 0 0 70 69 0 0 0 0 0 19 0 21 0 0 0 0 0 8 0 0 0 0 0 0 
71 0 0 0 0 0 0 75 0 0 0 15 0 21 0 0 0 0 53 0 50 0 0 0 54 0 52 30 0 0 28 0 0 0 26 0 0 0 0 0 0 31 0 0 0 0 0 0 44 0 0 0 0 0 0 0 63 0 0 0 0 0 0 0 0 0 0 0 0 0 7 0 0 0 0 0 77 0 0 0 3 
0 0 0 0 0 0 54 0 0 0 0 0 0 3 1 0 76 79 0 0 0 0 33 0 0 31 0 0 0 0 0 0 0 0 0 9 0 18 0 0 0 13 0 0 0 0 0 0 0 22 0 0 0 0 0 0 45 44 0 0 0 0 0 68 0 0 0 0 0 0 0 0 0 0 0 0 0 0 0 0 0 
0 0 0 0 0 0 36 0 0 0 0 60 0 0 64 0 0 0 0 0 0 20 0 0 0 0 0 0 69 0 73 0 0 0 0 0 0 0 0 0 0 76 0 0 0 7 10 0 0 4 0 0 6 9 28 30 0 0 0 0 0 0 0 0 0 0 0 49 0 53 0 0 0 0 0 0 0 0 0 0 48 
0 61 0 60 0 0 0 0 65 0 0 0 0 12 0 8 0 0 0 0 0 0 0 0 45 0 0 21 0 20 0 13 0 0 0 18 0 0 0 0 0 0 0 0 0 0 37 0 0 0 0 0 0 0 0 0 54 0 0 52 0 0 56 0 2 0 0 0 0 0 0 0 0 0 0 69 0 0 0 0 0 
0 0 0 0 0 0 0 0 29 0 0 0 0 0 0 0 0 52 0 0 5 0 0 0 0 0 0 66 0 0 0 0 59 0 0 0 0 0 0 75 73 67 0 74 69 0 0 0 0 0 0 0 0 0 0 0 0 0 13 0 0 0 0 0 0 0 0 40 0 44 0 45 0 36 0 0 0 0 0 0 0 
44 0 0 0 0 0 0 0 0 0 0 0 0 0 0 0 0 70 0 0 0 0 0 0 0 22 0 0 0 0 0 0 0 79 0 81 0 0 0 0 0 0 0 0 6 0 0 0 0 0 20 0 15 0 37 0 0 35 0 34 33 0 0 0 0 0 0 0 66 0 0 63 0 0 0 51 0 0 49 52 0 
0 0 5 0 0 0 9 0 11 0 0 0 0 0 0 0 0 0 0 0 0 0 69 0 0 0 0 0 0 0 46 0 0 43 0 0 0 0 0 0 0 49 0 0 0 61 0 0 0 0 0 0 0 0 0 0 0 0 0 0 0 0 0 0 0 0 0 22 0 0 0 0 19 0 0 0 0 0 13 16 0 
0 0 14 0 0 0 0 21 0 0 0 0 0 0 0 0 40 43 0 1 0 0 0 0 0 0 0 0 0 0 0 0 0 0 0 0 0 0 0 0 0 0 0 0 0 0 73 0 71 0 74 0 0 0 0 0 0 8 0 0 6 0 0 0 0 0 0 0 0 0 0 0 0 0 0 0 0 29 0 0 30 
72 0 0 0 0 0 0 0 0 15 0 0 0 22 20 0 14 0 0 0 0 0 0 58 0 0 0 0 0 0 0 0 0 0 0 0 0 37 33 0 0 0 0 39 0 0 0 0 0 0 0 0 0 0 65 67 0 0 0 0 0 0 0 6 0 0 11 0 13 0 0 10 2 0 0 79 78 0 0 0 0 
0 0 0 0 0 38 0 0 0 0 0 0 0 0 0 63 0 0 0 0 0 0 0 0 0 0 0 0 0 0 74 0 0 0 0 73 0 0 0 0 0 0 81 0 0 0 0 13 0 0 0 0 0 0 0 0 0 27 0 0 0 0 0 0 0 0 0 0 0 54 0 55 0 0 0 0 0 0 0 0 0 
0 0 0 16 14 0 0 0 0 0 0 0 0 0 0 0 0 0 0 2 78 0 0 0 0 0 0 0 0 57 0 0 0 53 0 0 0 0 0 0 0 0 0 0 0 0 0 0 72 0 0 0 0 0 0 0 0 0 0 0 0 0 0 0 0 0 0 32 40 0 0 0 0 0 0 0 0 0 0 0 0 
0 0 0 0 0 0 0 13 0 0 0 0 0 0 38 36 32 0 72 74 69 0 70 0 0 68 0 49 43 0 0 41 0 0 0 46 53 0 0 0 0 0 54 0 0 0 65 0 63 0 0 0 0 64 0 0 0 81 0 0 0 0 0 24 30 0 0 0 0 0 0 0 0 0 0 0 0 21 0 17 0 
0 0 0 0 0 0 28 0 0 0 0 52 0 0 56 54 0 0 0 0 0 0 0 0 0 0 0 0 0 66 0 0 0 0 0 64 71 0 0 0 0 68 0 0 0 0 0 0 81 77 3 0 0 0 20 0 19 0 0 0 0 15 0 42 0 0 0 0 0 45 44 0 0 0 0 0 0 39 0 0 0 
0 53 0 0 50 0 0 58 57 78 0 0 0 0 0 0 0 0 0 38 0 39 0 0 37 0 0 0 0 0 0 0 0 0 9 10 0 19 0 0 0 0 18 0 0 0 29 0 0 23 0 24 0 0 0 0 0 0 0 0 0 0 48 0 75 0 0 0 0 0 71 0 65 0 63 0 0 0 59 0 67 
81 0 0 0 77 0 0 0 3 0 0 0 0 0 0 0 23 26 0 0 0 0 0 0 0 59 62 40 0 0 0 0 0 35 0 0 0 0 0 0 0 41 0 0 0 0 0 58 54 50 0 0 0 0 0 0 0 72 0 0 0 0 75 15 21 16 0 0 0 0 0 0 0 0 0 0 0 0 0 0 0 
63 0 0 0 59 0 0 0 0 6 0 7 0 0 0 0 0 0 0 0 42 0 0 0 46 0 0 0 0 0 0 0 0 0 0 0 0 0 0 31 0 0 0 0 0 0 38 0 0 0 39 0 0 0 0 0 0 54 0 53 0 0 0 0 0 0 0 0 0 0 80 0 0 73 0 0 69 75 0 0 0 
0 0 0 0 0 0 0 0 0 0 0 0 0 76 0 0 0 71 0 0 0 0 0 0 28 0 0 0 0 0 0 0 0 0 0 0 8 0 0 0 11 5 0 0 0 0 0 0 0 14 0 0 16 0 38 40 0 36 0 35 0 0 0 0 0 0 0 0 0 63 0 64 0 0 0 0 0 0 0 0 0 
