9
0 0 0 0 0 0 0 0 0 23 25 0 0 29 0 0 0 31 67 0 0 0 0 0 66 0 61 0 0 17 16 19 0 20 0 0 44 0 46 0 0 0 0 0 0 0 37 0 0 0 0 0 0 0 0 0 0 0 0 0 0 0 0 0 0 77 78 0 0 79 81 0 76 69 74 0 0 0 0 0 0 
0 0 0 0 0 0 0 0 0 50 0 0 53 56 0 0 0 0 0 0 0 0 0 0 0 0 0 42 0 44 0 0 0 47 0 0 0 0 73 0 69 0 0 0 0 0 0 67 0 0 63 0 0 0 0 2 0 0 0 0 0 0 0 0 0 0 0 0 0 0 0 0 0 0 20 16 0 0 0 21 0 
74 0 0 68 0 72 0 0 0 5 0 0 0 0 10 12 0 0 0 0 44 0 0 0 0 0 0 0 0 0 0 0 0 0 0 0 0 0 0 0 0 0 0 31 0 0 0 0 0 16 18 0 0 0 36 0 0 0 0 0 0 37 0 0 0 0 0 0 0 0 0 0 58 0 0 0 55 0 54 57 0 
2 0 78 0 0 0 0 0 0 14 0 0 0 0 0 0 0 0 0 0 0 0 0 0 0 54 0 0 0 0 7 0 0 11 0 0 0 39 0 0 0 0 0 0 0 30 0 31 24 25 0 0 0 0 45 0 43 0 0 0 0 0 0 0 0 0 69 74 0 0 0 73 0 60 0 0 64 0 0 0 0 
65 64 0 0 0 0 61 0 0 0 0 0 0 2 0 3 78 0 0 38 0 37 0 32 0 0 0 0 0 0 70 0 0 0 0 0 0 0 0 0 0 0 0 0 0 0 0 0 0 7 0 8 0 0 0 0 0 24 0 0 0 0 0 0 0 0 0 0 0 0 0 0 0 0 0 43 0 0 0 0 0 
0 0 24 23 26 27 0 0 0 41 43 0 0 47 46 0 0 0 0 0 0 0 0 0 0 81 0 33 0 35 0 0 0 0 0 36 0 66 0 63 0 0 61 0 65 0 0 0 0 52 54 0 0 0 72 0 0 0 0 0 0 0 0 17 0 14 15 0 21 0 0 19 0 0 0 0 0 0 0 0 0 
0 55 0 50 0 54 52 57 0 0 0 72 0 0 0 0 0 0 0 0 0 0 0 23 0 0 25 0 0 0 61 0 0 0 0 0 8 0 10 9 0 0 0 13 0 0 1 4 0 79 0 0 0 0 0 0 0 0 0 0 0 0 17 0 0 41 0 0 0 0 0 46 40 0 0 0 0 32 0 0 0 
20 0 0 0 17 0 16 0 22 32 0 36 0 0 0 0 0 0 0 0 0 73 0 0 0 72 0 0 0 0 0 0 0 0 0 0 53 0 0 54 0 0 0 0 0 0 0 0 0 0 0 0 0 0 0 0 0 0 59 0 0 0 0 0 0 0 0 11 0 7 9 10 0 0 0 0 0 0 0 0 80 
0 0 0 0 0 45 0 0 0 0 0 63 0 0 0 0 0 0 0 0 0 19 0 0 0 0 0 0 0 0 0 0 57 0 58 0 0 0 0 81 0 0 0 4 0 0 0 0 0 0 0 0 0 0 0 0 0 6 0 0 0 0 0 0 0 0 0 0 39 0 0 37 0 0 29 0 0 0 0 0 26 
0 0 0 0 0 0 0 0 59 69 0 0 0 0 0 0 0 0 32 0 0 0 25 0 0 0 0 61 0 0 62 0 0 0 0 64 0 0 0 0 0 0 0 0 0 4 0 0 0 0 0 81 0 0 0 0 17 0 15 0 0 0 0 0 0 0 0 0 0 0 0 0 41 0 0 0 0 0 37 0 0 
0 0 70 0 0 0 71 76 0 0 0 0 9 12 0 0 0 0 0 48 45 0 0 0 0 0 0 79 78 81 0 0 0 0 0 0 27 0 0 0 25 0 0 0 0 22 0 0 0 0 0 0 0 0 0 39 0 34 0 0 0 0 0 0 0 0 0 0 0 62 0 0 59 0 0 0 56 0 0 0 0 
0 0 0 0 0 1 80 0 0 0 0 0 0 0 0 0 0 0 0 0 0 0 0 0 0 0 0 7 0 0 0 11 13 0 0 0 0 40 0 0 0 0 0 0 0 31 0 0 25 0 0 0 24 0 46 0 44 0 42 0 0 0 0 0 0 0 0 0 0 0 0 74 68 0 0 0 0 0 0 0 63 
0 0 0 0 0 0 17 22 23 0 0 37 0 39 38 0 0 41 0 75 0 0 0 0 0 0 71 0 0 0 0 0 0 30 32 0 0 0 0 0 52 0 0 0 0 49 0 0 0 0 0 0 0 0 0 0 0 0 0 68 0 0 63 9 0 0 0 12 0 0 0 0 0 0 0 0 0 0 0 0 0 
0 0 0 0 0 0 0 13 0 0 0 0 0 0 0 31 0 0 0 0 63 0 0 0 0 0 0 16 0 0 0 0 0 0 0 0 0 0 0 0 43 0 44 0 0 0 0 0 0 0 37 0 0 0 55 0 0 0 0 0 0 0 0 0 0 78 0 0 0 0 1 0 0 0 0 0 0 0 0 76 0 
0 65 0 0 63 0 0 0 68 0 0 1 0 0 0 0 79 5 0 39 0 0 0 0 0 0 0 0 69 0 0 74 0 0 0 0 0 0 0 0 16 15 0 0 0 0 0 0 0 0 0 0 0 0 0 30 0 25 0 0 31 0 0 0 0 0 0 0 0 0 0 56 0 0 0 0 0 0 0 0 0 
0 0 34 0 0 0 35 0 0 0 53 0 0 0 0 0 0 0 14 0 0 0 0 0 0 10 0 43 0 0 0 0 0 0 50 0 0 0 0 0 0 0 71 0 0 0 0 0 0 0 0 63 0 0 1 0 80 0 0 5 0 2 0 0 0 0 0 0 31 0 0 29 0 0 0 17 0 0 19 0 0 
0 0 0 24 0 0 0 0 0 0 0 0 45 0 0 0 0 0 5 3 0 0 0 0 0 0 0 0 0 0 0 0 0 0 0 0 0 0 0 64 0 0 0 0 0 0 0 0 0 0 0 0 0 0 0 75 0 0 69 0 0 0 72 18 23 15 16 21 22 0 0 0 0 0 0 8 0 0 0 0 0 
0 0 0 42 45 0 0 0 50 0 0 0 0 66 0 0 61 68 0 0 0 0 16 0 0 0 0 0 51 0 0 0 58 0 0 0 0 4 0 0 0 78 0 5 0 0 0 0 0 0 0 0 0 75 0 0 0 0 0 0 0 11 9 0 0 0 0 0 0 0 0 0 0 0 30 26 0 0 0 0 0 
0 0 0 0 0 0 0 0 0 13 0 0 0 0 18 0 0 21 0 55 52 0 50 0 0 0 51 0 4 0 0 9 11 0 0 0 0 0 0 0 0 0 0 0 0 0 27 30 0 0 0 0 22 0 0 0 0 0 0 0 0 0 0 70 75 67 0 0 0 69 0 0 0 0 64 0 0 0 0 0 61 
0 0 0 0 25 0 0 29 0 0 0 0 0 0 45 0 41 0 0 0 0 81 77 0 0 80 78 0 0 0 0 0 38 0 0 0 0 0 0 0 0 0 60 66 64 0 0 0 0 0 0 0 0 0 0 0 69 0 0 0 0 0 0 0 0 0 0 0 0 0 0 0 12 0 10 0 9 0 0 0 7 
0 36 32 0 0 35 0 0 0 0 0 0 0 0 54 0 0 0 0 10 7 0 0 0 0 0 0 0 0 43 42 0 47 0 48 0 0 0 0 71 0 0 0 0 0 0 0 0 0 0 0 0 0 0 0 0 0 0 0 3 0 0 0 0 0 0 23 0 0 0 0 0 0 14 0 0 18 0 0 0 0 
0 0 0 0 0 0 0 74 0 0 0 0 0 10 0 0 5 0 0 46 0 0 41 0 0 0 42 0 0 0 78 0 2 0 0 0 0 0 0 0 0 0 24 0 0 20 0 0 0 0 0 0 13 19 0 0 33 0 0 39 0 0 34 0 0 0 59 0 0 0 0 0 57 0 0 0 0 49 0 0 0 
10 0 5 0 0 0 6 0 0 0 24 0 25 0 0 0 0 0 0 0 0 0 0 0 0 62 0 0 13 0 0 18 20 0 0 0 0 0 0 0 41 0 0 48 0 0 0 39 0 0 0 0 31 0 53 0 0 0 0 0 0 54 52 0 0 0 0 1 2 0 0 81 0 0 0 0 0 0 71 0 0 
0 0 0 0 0 0 42 0 0 0 0 0 0 0 0 0 59 0 0 0 0 0 0 0 0 0 0 0 0 52 0 0 0 0 0 0 0 0 0 80 77 76 78 0 0 0 72 0 68 0 0 0 0 0 0 10 0 0 0 0 0 9 0 0 0 31 32 37 0 0 0 0 30 0 0 0 0 22 0 0 0 
0 0 0 0 0 0 0 0 0 31 0 0 0 0 0 38 32 39 0 0 0 0 0 0 0 0 69 0 0 0 24 27 0 0 0 0 0 0 0 53 50 49 0 0 55 47 45 0 0 0 0 43 0 46 62 0 0 0 0 0 65 0 0 0 0 0 0 0 0 6 8 0 0 0 0 0 0 0 0 0 0 
55 0 0 0 0 0 0 0 0 67 0 0 70 0 0 0 0 0 0 0 0 0 0 0 0 0 0 59 58 0 0 0 0 64 0 0 0 0 0 0 0 0 0 12 0 0 0 0 0 78 0 0 0 0 0 0 0 0 0 0 20 0 0 0 0 0 41 0 0 0 0 0 0 32 0 33 0 0 0 0 0 
0 0 0 58 61 0 0 0 0 0 0 0 0 0 0 0 77 0 0 0 0 0 0 0 0 35 0 0 0 0 0 0 74 73 0 0 0 20 18 0 0 0 0 21 0 0 0 0 0 0 0 0 0 0 0 0 0 0 0 0 0 0 0 0 0 49 0 0 0 0 0 0 0 0 0 0 45 0 0 0 0 
0 0 0 7 0 11 0 0 0 25 27 0 28 0 0 0 0 0 0 0 64 66 0 61 0 0 0 17 0 0 18 0 0 22 0 0 46 50 0 0 44 43 45 0 0 41 0 0 0 36 0 37 0 40 0 0 54 53 0 60 59 0 0 0 0 0 0 4 0 81 0 3 0 0 0 0 0 0 74 0 0 
0 0 0 0 28 0 0 32 0 0 0 0 46 0 48 0 0 51 0 4 0 0 0 79 0 0 81 0 0 0 36 0 0 0 0 0 0 68 0 65 0 0 0 0 67 0 0 0 0 0 0 55 0 0 0 0 0 0 70 0 0 0 73 0 24 0 0 0 0 0 0 0 0 0 0 9 12 0 0 0 0 
0 0 62 0 0 0 0 0 69 0 81 0 1 0 3 0 80 6 0 0 0 39 0 0 0 38 0 0 0 0 0 0 77 76 0 0 19 0 0 0 0 0 0 0 0 0 12 15 0 0 0 0 0 0 29 0 0 0 0 0 0 0 0 55 0 0 53 58 59 54 0 0 0 0 49 0 48 0 0 0 0 
0 0 80 0 0 0 0 5 6 16 0 0 0 0 0 0 0 0 0 0 0 0 0 52 0 56 0 8 0 0 0 0 0 0 0 0 0 0 39 0 0 0 0 0 0 0 0 0 26 0 0 28 0 0 0 0 0 0 0 0 50 0 0 0 0 0 0 0 0 0 0 0 0 0 0 0 0 0 0 0 0 
0 0 0 0 0 56 0 0 0 0 0 0 73 0 0 0 0 0 33 0 28 0 0 0 32 0 0 62 0 0 0 66 0 0 0 0 0 0 12 0 8 7 9 0 0 0 0 6 0 0 0 0 0 4 0 0 0 0 0 0 0 0 0 0 51 0 0 0 0 0 47 0 0 0 40 0 0 0 0 0 37 
0 48 0 43 46 47 0 0 0 0 0 0 0 0 66 0 0 0 0 0 0 21 0 16 0 0 0 0 0 0 0 57 0 58 0 0 0 5 3 2 0 79 0 0 0 0 75 78 0 0 0 0 0 76 11 0 0 0 0 0 14 0 0 0 0 34 0 0 0 0 0 0 33 0 0 0 30 0 0 0 0 
0 0 35 34 0 0 0 0 0 52 0 0 55 0 0 59 0 0 0 0 0 0 8 0 0 0 0 0 0 0 0 0 0 49 0 0 0 0 0 0 0 0 0 0 0 0 0 0 0 0 0 0 0 0 0 0 0 0 79 0 0 0 0 0 0 0 0 0 0 0 0 30 0 17 22 18 0 16 20 0 0 
22 0 17 16 0 0 18 0 0 0 0 38 0 0 0 0 0 0 78 0 0 75 71 0 0 0 0 0 0 28 27 0 0 0 33 29 0 59 57 0 53 0 0 0 0 0 0 0 0 45 0 0 0 0 0 0 0 0 0 0 68 0 0 0 0 7 0 0 0 0 0 0 0 0 0 0 0 0 0 0 0 
0 75 0 70 0 0 0 77 78 0 9 0 10 0 0 0 0 0 0 0 0 0 0 0 0 47 0 0 0 0 0 0 0 0 0 0 0 0 0 0 0 0 0 0 0 23 21 0 0 0 0 0 0 0 0 0 0 0 0 0 0 0 0 64 0 0 0 0 0 0 0 66 0 0 0 54 0 0 56 0 0 
0 6 2 0 0 0 0 0 9 0 0 0 0 0 0 26 0 0 0 0 0 0 0 0 0 59 0 0 0 13 12 0 0 0 0 14 0 0 0 0 0 0 0 0 0 0 0 0 0 0 0 0 0 0 50 0 0 0 0 0 0 0 0 0 81 73 0 0 0 75 0 0 0 0 0 0 0 0 0 0 67 
43 42 0 0 0 41 0 44 0 55 0 59 0 0 0 0 0 0 0 0 0 0 0 0 0 0 0 0 46 0 0 0 0 0 0 0 0 80 0 0 0 0 0 0 79 0 69 0 0 66 68 0 0 0 0 0 0 0 1 0 0 0 0 0 0 0 0 0 0 0 0 0 0 0 0 21 0 0 0 26 0 
0 0 0 0 67 0 66 0 0 0 0 0 0 0 6 0 2 0 45 43 0 0 0 0 0 0 0 0 0 0 0 0 80 79 81 0 0 0 24 0 0 0 0 0 0 0 0 0 0 0 14 0 0 0 0 0 0 0 28 0 0 0 0 0 0 0 0 0 0 57 0 60 0 0 52 0 0 46 50 0 49 
61 0 0 55 0 0 0 0 0 0 0 0 0 0 0 0 0 0 36 0 0 0 29 0 0 0 0 0 64 67 0 0 0 0 0 0 0 0 15 0 11 0 0 0 0 0 6 0 0 0 5 0 0 0 0 0 0 0 0 27 0 0 22 49 54 0 47 0 0 0 50 0 45 0 0 0 0 0 41 0 0 
52 0 47 0 0 0 0 53 0 0 0 0 0 0 0 0 65 0 0 25 0 0 0 0 0 0 21 0 0 0 0 0 0 61 0 0 4 0 6 0 0 0 3 0 0 80 0 0 74 0 0 0 0 0 0 0 0 0 0 0 17 0 13 40 0 37 0 0 0 0 0 42 0 0 0 0 0 0 0 35 0 
0 78 0 0 0 0 0 0 0 0 12 0 0 16 15 0 11 0 0 0 0 51 0 46 53 0 48 2 1 0 3 6 0 0 0 0 0 0 0 0 0 0 0 0 0 26 0 27 0 0 23 22 0 0 0 0 0 0 0 0 0 0 0 0 0 0 0 0 0 0 68 0 0 0 0 57 0 0 0 0 0 
0 0 0 0 0 23 0 0 0 0 0 0 0 0 0 44 0 0 81 0 0 0 0 0 0 0 0 29 0 31 0 33 35 0 0 0 0 62 0 0 0 0 0 0 0 53 51 0 0 48 50 0 0 0 0 70 0 0 64 0 0 0 0 0 0 0 0 0 0 0 14 0 0 0 0 0 0 0 5 0 0 
16 0 0 0 0 0 12 0 0 0 0 0 0 34 0 0 0 36 72 0 0 0 0 0 71 0 0 0 19 0 21 0 0 0 0 0 0 0 0 0 0 0 0 0 0 0 0 0 0 0 0 40 0 0 0 0 57 0 0 63 0 0 0 4 0 0 0 0 0 0 0 0 0 0 0 75 0 0 0 0 0 
0 0 0 0 31 0 0 0 0 46 48 0 0 0 0 0 47 54 0 0 0 0 0 1 8 0 0 0 0 0 0 42 0 0 0 41 0 71 69 68 0 64 0 0 0 0 60 0 0 0 59 0 0 0 0 0 75 0 0 81 0 0 0 0 27 0 0 0 0 0 0 0 0 0 16 12 0 10 0 0 0 
33 0 0 27 0 0 29 34 0 45 0 0 0 0 0 0 0 53 8 0 0 0 0 0 0 0 0 0 36 0 0 0 0 42 0 0 0 0 68 0 0 0 0 71 0 61 0 0 0 0 0 0 0 0 76 78 0 0 72 0 79 0 75 0 0 0 19 0 0 0 0 0 17 10 0 0 0 0 0 0 0 
0 23 0 0 0 0 20 0 0 36 0 0 0 0 41 43 0 44 0 0 0 0 0 72 0 0 0 0 0 0 0 0 34 33 0 0 57 0 0 0 0 54 0 0 60 0 0 0 0 0 49 48 0 0 0 69 0 64 0 0 0 0 0 0 0 0 0 0 0 11 0 14 0 0 0 0 0 0 0 0 3 
69 0 0 0 0 0 65 0 71 0 0 0 3 0 0 7 0 0 44 0 0 0 0 0 0 0 0 0 0 0 0 77 0 0 0 0 0 0 0 0 0 18 0 0 0 0 14 0 0 0 13 0 9 15 0 0 0 0 27 35 34 0 0 0 0 0 0 60 0 56 58 0 53 46 0 0 0 0 0 52 0 
78 77 0 0 0 0 0 0 0 0 0 0 0 0 0 0 0 0 53 51 0 0 0 45 52 0 47 0 0 0 0 5 0 0 0 4 30 0 0 31 0 0 0 35 33 25 23 26 0 0 0 21 18 24 0 0 38 0 36 44 0 0 39 0 0 0 0 0 70 0 0 68 0 0 0 0 0 0 0 0 0 
0 0 0 0 0 0 2 0 0 0 0 0 0 0 23 0 0 0 62 0 0 0 0 0 0 0 0 10 0 12 0 0 0 15 0 0 0 43 0 0 37 0 0 0 0 0 32 0 0 29 0 0 0 0 0 0 0 0 0 0 0 0 0 0 0 0 73 78 0 0 76 0 0 64 0 0 0 0 0 70 0 
0 0 0 0 0 0 0 0 17 0 0 0 0 0 32 0 0 35 71 0 0 0 0 63 0 0 65 0 18 0 20 0 0 0 0 0 0 0 0 0 46 0 0 0 51 0 0 0 37 0 0 0 36 0 0 0 0 55 0 62 0 59 0 0 0 0 0 0 0 0 4 0 0 0 0 74 0 0 0 79 0 
0 0 0 36 0 40 0 43 0 0 0 0 0 0 0 0 0 62 0 0 0 0 0 9 0 0 0 0 45 0 0 0 0 51 0 0 75 79 0 0 73 0 74 0 0 70 0 0 0 0 0 0 63 0 0 0 0 1 0 0 0 0 0 30 0 27 0 0 0 0 0 32 0 0 0 0 0 0 22 25 0 
60 0 55 0 0 0 56 0 0 0 0 0 0 0 77 0 73 0 0 0 0 32 0 0 0 0 0 0 0 0 0 68 0 0 0 0 12 0 0 0 0 9 11 0 0 0 0 0 0 0 0 0 81 0 0 0 0 0 18 26 0 0 0 0 0 0 0 51 0 0 0 0 0 0 42 0 41 0 0 0 0 
51 50 46 0 0 0 0 0 0 0 0 0 0 0 0 0 0 0 0 0 0 23 0 18 0 0 20 0 0 0 56 0 0 0 0 0 0 0 0 0 0 0 0 0 0 0 77 0 0 0 0 0 0 0 0 0 0 0 0 0 0 0 0 0 0 0 0 0 0 0 0 0 0 0 0 0 0 0 0 0 0 
0 16 0 11 14 0 0 0 0 0 0 33 0 0 0 0 0 37 0 0 0 0 66 0 0 0 0 0 20 0 0 0 0 26 0 0 0 54 0 51 0 0 0 0 0 0 0 0 0 0 0 0 38 0 0 0 0 0 0 0 0 0 59 0 10 0 0 0 0 0 0 0 0 0 0 0 0 0 0 0 0 
80 0 0 0 0 0 0 81 0 0 13 0 0 0 0 0 12 0 0 53 0 0 0 0 54 0 49 0 0 0 4 0 9 0 0 0 0 0 0 33 30 0 0 0 0 0 0 0 0 0 0 23 20 0 0 0 0 0 0 0 0 0 0 68 0 0 0 0 0 0 0 0 64 0 0 0 61 0 60 0 0 
0 34 0 0 0 33 0 0 0 0 0 51 0 53 0 0 48 0 10 0 0 0 0 0 0 0 0 0 38 0 40 0 45 0 0 42 0 0 70 0 0 0 0 0 0 0 61 64 0 0 0 0 0 0 0 0 0 0 0 1 0 0 0 0 0 0 0 0 0 0 0 0 0 0 0 0 0 0 0 18 0 
0 0 0 0 0 69 0 0 0 2 0 0 5 0 0 9 0 10 0 0 0 0 0 0 0 0 0 0 0 0 0 0 0 80 1 78 0 27 0 0 0 20 0 0 0 0 0 0 0 0 0 0 0 0 0 0 0 0 0 0 0 0 0 0 64 0 57 0 0 0 0 0 55 0 0 0 0 0 0 0 0 
0 0 0 0 0 0 0 0 0 0 0 0 0 26 0 0 21 0 64 0 0 0 0 0 0 0 58 12 0 0 0 0 0 0 0 15 0 0 0 0 0 0 0 46 0 36 0 0 0 0 0 0 0 0 0 0 0 0 0 55 0 0 0 0 0 0 0 0 0 76 0 0 0 66 0 0 0 0 0 0 0 
0 25 0 20 0 0 22 0 0 0 0 42 0 0 0 0 0 46 0 80 0 0 75 0 0 0 0 0 0 32 31 0 0 35 0 0 0 0 0 0 0 0 0 0 0 0 0 0 0 0 51 50 0 0 0 0 0 66 0 0 0 0 0 0 0 0 0 0 0 13 0 0 0 0 0 0 0 0 0 0 0 
0 0 0 0 0 60 0 0 0 0 0 0 0 80 0 0 0 1 0 0 0 0 0 0 0 0 0 66 0 0 0 0 0 0 0 0 0 0 16 0 0 0 0 0 17 0 0 0 0 4 0 0 0 8 0 0 0 0 20 0 0 0 0 0 0 47 0 0 0 0 0 0 46 39 0 0 43 38 0 0 0 
53 0 0 0 0 0 0 54 0 0 0 0 0 0 0 0 0 0 0 0 0 25 0 0 0 24 0 0 0 0 58 0 0 62 64 0 5 0 7 0 0 0 0 0 0 0 0 0 0 0 0 0 0 80 0 0 0 12 0 0 18 0 0 0 0 0 0 0 0 0 0 0 0 0 0 0 0 0 0 36 0 
0 43 0 0 41 42 0 45 0 0 0 0 0 0 0 0 0 0 0 0 14 0 0 0 0 0 0 48 47 0 0 52 0 0 0 0 0 0 79 0 0 0 76 0 0 0 0 0 0 0 0 68 0 0 0 8 0 0 0 10 0 0 0 32 0 0 0 0 0 0 0 0 0 21 0 0 0 0 0 0 0 
0 0 0 0 0 0 0 46 47 0 59 61 0 0 62 0 0 0 0 0 0 0 13 0 19 0 14 0 0 0 0 0 55 0 0 0 78 1 0 0 0 0 0 0 0 0 71 0 0 0 0 0 66 0 0 0 0 0 0 0 0 8 0 33 0 0 0 36 0 0 0 0 0 0 0 0 0 0 0 0 0 
63 0 0 0 0 61 0 0 0 0 0 0 78 0 0 1 0 0 0 0 0 0 0 0 0 0 0 0 0 0 0 0 73 0 0 0 15 19 0 0 13 0 0 0 18 0 0 0 0 0 0 0 0 0 0 0 0 0 0 0 0 26 0 0 0 48 49 54 55 0 0 53 0 0 0 0 0 0 0 0 0 
0 0 0 0 0 16 0 0 0 0 0 0 0 0 0 0 31 0 0 0 0 0 67 0 0 0 0 0 0 24 0 0 28 27 0 0 0 55 53 0 0 0 0 0 0 46 44 0 40 0 0 0 0 0 0 63 0 58 0 65 0 0 0 0 11 0 0 0 0 5 0 0 0 0 0 0 0 0 0 1 0 
0 80 0 0 78 0 0 0 0 0 0 0 0 0 0 0 0 0 0 0 0 0 0 0 0 0 0 0 3 6 0 8 10 0 0 0 33 0 0 34 0 0 0 0 0 0 26 0 0 0 25 0 0 0 0 45 0 0 39 0 0 0 42 0 0 0 0 72 0 0 70 71 0 0 0 59 0 0 0 64 0 
0 0 0 0 0 70 0 0 0 0 0 0 6 0 0 0 4 0 47 0 42 0 0 39 0 0 0 0 0 0 77 0 0 0 2 0 24 0 26 0 0 0 0 0 27 0 0 0 0 14 0 0 0 0 0 0 0 31 30 38 0 0 0 60 0 0 0 63 0 0 0 0 0 0 0 0 53 0 0 0 0 
0 0 0 3 0 0 0 0 0 0 0 0 0 0 0 28 22 0 0 63 0 62 0 57 0 0 0 0 0 0 0 0 0 0 0 0 0 0 44 0 0 39 41 0 0 37 0 0 0 32 0 0 0 0 52 0 50 0 48 0 0 0 51 0 0 0 0 0 0 0 0 0 0 67 0 0 0 0 0 0 0 
0 0 0 0 0 0 0 28 0 39 0 0 42 0 0 46 0 47 0 0 0 0 0 0 0 0 0 0 0 0 0 0 0 0 0 0 0 0 0 0 58 0 0 0 0 0 0 0 0 50 0 0 0 0 70 0 0 0 66 74 0 0 0 15 0 12 0 0 19 0 0 0 0 0 0 0 8 3 0 0 0 
0 0 0 0 0 0 50 0 0 66 0 70 0 0 0 0 0 0 29 0 0 0 0 0 28 0 0 0 0 0 59 0 64 0 0 0 6 0 0 0 4 0 5 11 9 0 0 0 0 0 79 0 0 81 0 18 0 0 0 0 0 0 0 0 47 0 0 0 46 0 0 0 0 31 0 0 0 30 0 0 0 
0 0 0 0 33 0 32 0 0 0 0 0 0 0 0 0 0 56 11 9 0 0 0 3 0 0 0 0 0 0 0 0 0 45 0 0 0 73 71 0 0 66 0 0 0 0 0 0 0 0 0 0 0 0 0 0 0 0 0 0 0 0 0 0 0 0 22 0 0 0 25 26 0 0 0 0 0 12 16 19 0 
0 40 0 0 0 0 0 0 0 0 0 0 0 59 0 0 0 0 0 14 0 0 0 8 15 0 0 0 0 47 0 0 0 50 52 0 0 0 0 0 0 0 0 0 77 0 0 0 0 0 0 0 0 68 0 0 1 81 0 0 0 0 0 29 0 26 0 0 0 0 0 0 0 0 0 0 0 0 0 0 0 
0 49 0 0 47 0 0 0 0 0 64 0 0 68 0 0 0 70 25 0 0 0 0 0 0 0 0 0 0 0 0 0 0 0 0 0 2 0 0 0 81 0 1 0 0 0 0 0 0 0 75 0 0 0 0 14 0 0 0 16 0 0 11 0 0 0 0 0 0 0 0 0 0 0 0 0 0 26 30 0 0 
0 0 0 0 0 75 0 0 79 0 0 0 0 0 0 0 0 0 0 0 47 0 45 44 0 0 0 0 0 0 0 4 0 0 0 0 29 0 0 0 27 0 0 0 0 0 0 0 0 19 0 0 0 0 0 0 0 0 0 0 0 0 0 0 0 0 0 0 69 0 0 67 0 0 0 0 0 0 0 60 56 
0 0 0 0 56 0 0 0 0 0 73 0 0 0 76 78 0 0 0 0 0 0 0 0 0 0 0 0 0 0 0 67 0 0 0 66 0 0 13 0 9 0 0 0 0 0 0 0 0 0 0 2 0 0 0 0 0 0 17 0 24 22 0 47 0 0 0 0 51 0 0 0 0 0 0 0 0 0 0 0 0 
0 0 0 0 0 0 0 0 0 0 0 0 0 0 49 0 0 0 7 0 0 0 0 0 0 3 0 0 35 0 0 0 0 0 0 0 0 0 67 0 0 0 0 0 68 0 0 0 54 0 0 0 0 0 75 0 0 0 0 0 78 0 0 20 25 0 0 0 24 19 0 0 16 0 0 10 0 0 0 0 0 
0 0 0 0 0 0 64 0 0 0 0 3 0 0 0 0 0 0 0 0 0 0 0 0 0 0 0 0 0 0 73 0 0 77 0 0 0 24 0 21 0 0 0 25 0 0 0 0 0 10 0 0 8 0 0 32 0 0 0 0 0 0 0 0 0 0 0 59 60 0 57 0 52 0 50 0 0 0 0 51 0 
0 0 0 0 0 0 0 0 0 0 0 0 38 41 0 0 36 0 0 0 0 0 72 0 0 0 0 0 0 0 0 0 0 0 0 0 0 0 0 0 54 0 0 0 0 0 0 0 0 0 0 0 0 0 0 0 0 0 0 0 0 0 0 0 0 8 9 0 0 0 0 13 0 0 0 0 0 0 0 0 0 
0 0 0 0 0 0 0 0 0 0 0 0 20 0 22 0 0 0 0 0 0 0 0 0 0 0 0 9 0 11 10 0 0 0 0 12 0 0 0 0 0 0 0 0 41 33 0 0 0 0 0 0 0 0 0 0 0 0 0 0 0 49 0 0 0 71 0 0 0 0 0 0 0 0 0 0 67 0 0 69 0 
0 13 0 0 11 0 0 0 0 0 0 0 0 0 0 33 0 0 0 68 0 0 0 0 69 0 0 0 0 20 0 22 0 0 0 0 47 0 0 0 45 0 0 0 50 0 40 0 36 37 39 0 0 0 0 0 0 0 53 0 0 0 0 0 0 0 0 0 0 0 3 0 79 0 0 0 76 0 0 0 74 
