9
0 0 0 0 0 0 0 26 0 57 0 0 0 0 0 63 0 0 0 70 65 0 0 0 68 0 0 2 0 0 0 0 0 0 0 0 0 0 0 30 0 0 35 32 0 0 0 0 0 51 0 0 52 0 0 0 0 0 0 0 0 0 0 0 0 77 0 0 0 0 0 0 45 0 0 37 43 41 0 0 0 
0 0 0 75 78 0 0 80 0 0 0 0 0 0 0 0 0 0 0 43 0 0 0 0 0 37 0 56 0 60 0 0 0 63 57 0 6 0 0 0 0 0 0 5 2 0 0 0 0 24 0 0 0 0 0 0 0 0 72 0 0 0 0 0 0 0 49 0 0 0 0 0 0 0 0 0 16 0 0 0 0 
49 0 0 0 0 0 0 0 0 3 2 0 0 0 4 9 0 0 0 0 0 0 0 0 0 10 0 0 0 0 32 0 0 0 0 0 0 0 0 0 0 0 0 0 0 80 75 0 0 0 0 0 0 0 0 0 0 0 0 39 0 44 37 0 0 0 0 0 0 0 0 0 72 0 0 0 0 0 0 0 0 
67 70 0 0 69 0 0 0 0 0 20 0 0 0 0 27 0 0 0 0 0 0 31 0 0 0 0 47 0 0 50 53 46 0 48 0 78 0 0 75 0 79 80 77 0 0 0 0 0 0 0 10 0 0 0 0 0 0 0 0 0 62 55 0 0 0 0 0 0 0 0 43 0 0 0 1 0 0 0 0 0 
40 0 0 0 0 41 0 44 0 0 0 0 0 0 0 0 73 0 0 0 2 0 0 0 5 0 6 20 22 24 23 0 19 0 0 25 0 0 0 0 0 0 0 0 0 0 0 0 0 0 0 0 0 0 0 0 0 29 0 30 0 0 0 0 12 0 13 15 0 0 0 0 0 0 58 0 0 0 0 56 0 
0 0 0 0 0 0 0 0 0 0 0 0 15 0 13 18 0 0 0 0 0 0 0 0 0 19 24 38 40 0 0 0 37 0 0 0 0 0 0 0 0 70 0 0 65 0 0 0 0 0 4 0 0 0 0 0 0 47 0 0 0 0 0 0 0 0 0 0 0 0 0 0 0 0 0 73 0 0 0 74 0 
13 0 10 0 0 0 0 0 18 0 0 52 51 0 0 0 0 0 0 0 0 0 0 0 0 0 0 0 0 78 0 0 0 81 0 0 0 0 0 21 0 0 0 0 0 0 0 0 0 0 40 0 0 0 6 0 5 2 0 0 7 0 0 0 66 0 0 0 0 0 0 0 36 0 0 0 0 0 0 0 0 
0 0 1 0 0 0 0 0 0 39 0 0 42 0 0 0 0 0 0 0 0 53 0 54 0 0 0 0 0 0 0 0 0 0 0 0 0 0 0 0 0 0 17 0 11 0 0 0 0 0 31 0 0 0 0 0 0 74 0 0 0 0 0 0 0 0 58 0 56 0 0 0 0 0 0 0 0 0 26 0 0 
31 0 0 0 0 32 0 0 0 0 0 0 69 68 0 0 0 0 0 0 0 0 76 0 0 0 0 0 0 15 14 0 0 18 0 0 0 0 0 0 0 0 0 0 38 0 0 0 0 60 0 0 0 0 0 22 23 20 0 0 0 0 0 1 0 0 0 6 0 0 0 0 54 51 0 0 0 0 0 0 0 
80 0 0 0 0 0 0 3 4 0 0 0 0 0 0 0 0 0 0 0 0 0 0 0 0 0 0 0 0 0 0 0 0 67 0 0 0 0 8 0 13 0 0 9 0 0 0 0 0 0 0 0 0 0 0 0 0 0 76 0 0 0 68 0 0 0 53 0 0 0 57 0 22 19 0 0 0 0 0 0 16 
0 0 14 16 19 0 0 21 0 52 0 0 0 0 0 0 0 0 61 0 0 0 62 0 63 0 0 78 0 0 81 0 0 0 79 0 0 0 0 0 31 0 0 0 0 0 0 45 42 0 0 0 0 0 0 0 0 0 13 0 0 0 0 0 0 72 0 0 69 76 0 74 0 0 0 32 0 0 0 0 0 
0 0 59 0 0 0 0 66 0 16 0 20 0 0 0 0 0 0 0 0 0 0 0 0 0 0 28 42 0 0 0 0 0 0 43 0 0 0 0 0 76 0 0 72 0 12 0 0 0 0 0 5 0 13 0 0 0 0 0 0 0 0 0 0 0 0 35 0 33 0 39 38 0 0 0 0 0 0 0 78 79 
0 0 0 0 0 0 6 0 13 0 0 0 0 0 0 0 0 0 0 0 0 0 0 0 0 0 0 69 0 0 0 0 0 0 0 74 0 0 17 0 0 0 0 0 0 0 34 0 0 0 0 0 0 0 1 0 0 0 0 79 0 0 0 59 0 0 0 0 60 0 66 0 31 0 0 23 0 27 30 0 0 
0 0 0 0 0 0 0 0 58 0 6 0 0 0 0 0 5 0 16 0 15 0 17 0 18 0 19 0 0 0 36 39 0 0 34 0 0 0 0 0 0 65 0 0 60 3 0 0 0 0 0 0 2 4 46 44 45 0 0 0 0 48 0 0 0 0 26 0 0 0 0 0 0 0 71 68 0 72 0 0 0 
0 0 0 0 0 0 0 39 0 0 0 0 0 0 0 76 0 0 0 2 0 0 0 0 81 0 0 0 0 0 0 0 14 0 0 0 0 0 44 0 0 47 0 0 0 0 61 0 0 0 0 59 0 67 0 0 0 0 31 0 0 30 0 0 7 9 0 10 6 13 0 0 0 0 53 0 0 0 0 0 0 
0 0 0 0 0 0 0 0 0 0 0 0 0 0 0 0 0 0 0 0 0 0 0 0 0 0 0 0 0 0 0 0 0 0 52 0 0 0 80 0 0 0 0 81 78 21 0 18 0 0 0 0 0 22 0 0 63 0 0 0 65 0 0 0 0 0 0 0 0 0 0 47 0 0 0 0 0 0 0 0 0 
0 0 0 0 46 0 0 0 0 0 0 0 0 81 0 0 0 0 0 0 0 0 0 0 0 5 0 0 0 0 0 30 0 0 0 0 0 0 0 0 58 0 0 0 51 0 0 72 0 0 0 0 0 76 0 0 0 33 40 34 0 0 0 0 0 0 0 19 0 0 0 0 0 0 0 0 0 0 0 0 0 
0 0 23 0 0 0 0 30 0 0 0 0 64 0 62 0 59 66 0 74 69 0 0 76 0 0 0 0 0 10 0 12 0 0 0 0 0 0 35 0 0 0 0 0 33 0 0 0 0 0 0 0 0 58 0 17 0 0 0 16 0 0 0 0 0 0 0 0 0 0 3 0 0 0 44 41 0 0 0 0 0 
0 0 0 0 52 0 0 0 0 0 0 0 0 0 0 0 0 0 13 0 0 0 0 0 0 0 0 0 0 0 33 0 29 0 31 35 0 0 0 0 0 0 0 60 57 81 0 0 0 0 0 0 0 1 0 41 42 0 0 0 0 45 0 0 0 24 0 25 0 0 0 0 0 0 0 65 0 0 0 0 0 
23 0 20 0 25 0 0 27 0 0 0 0 0 60 0 0 0 0 0 0 66 0 0 0 0 0 0 0 0 0 0 9 2 0 4 0 0 0 0 0 0 0 36 0 0 0 0 0 48 0 0 0 0 0 0 0 0 0 0 0 17 0 0 0 76 0 0 0 75 0 81 0 46 0 0 0 0 0 0 0 40 
0 0 74 0 0 0 0 0 0 0 30 35 34 33 0 0 0 0 0 44 0 0 0 0 0 0 0 57 0 0 0 0 0 0 0 0 0 0 0 0 10 0 0 0 0 27 0 0 0 0 0 0 26 0 0 68 0 0 0 0 0 0 0 47 0 0 50 0 0 55 0 0 0 0 0 11 0 15 0 0 13 
14 0 0 0 0 0 0 0 19 0 48 0 0 0 0 0 47 0 58 0 0 0 59 0 0 0 61 0 0 79 0 0 0 0 0 0 25 0 0 0 0 0 0 0 0 0 0 0 0 43 41 38 0 0 0 5 0 0 0 0 0 0 0 0 0 0 0 0 0 0 72 0 0 0 0 0 0 0 0 0 0 
41 0 0 40 0 0 0 0 46 0 75 0 0 0 0 0 0 81 0 0 0 0 5 0 0 0 0 0 0 25 0 0 0 0 0 0 0 0 0 0 0 0 54 0 0 0 0 0 0 0 0 0 0 0 34 0 33 0 0 31 0 36 29 0 0 0 14 0 0 0 0 17 0 61 0 0 62 0 0 0 0 
0 0 0 58 0 60 57 63 0 0 0 0 0 0 0 19 0 18 0 0 21 0 0 0 0 0 0 0 0 0 0 0 0 0 40 0 0 0 0 0 0 0 0 0 66 0 0 0 0 0 5 2 8 10 0 0 0 48 55 0 0 0 0 0 0 0 32 0 0 0 0 35 1 79 0 74 0 0 0 75 0 
0 8 0 4 0 6 0 0 0 40 0 0 0 42 41 0 0 0 0 0 0 0 0 0 0 47 0 0 0 0 0 0 0 73 0 0 0 11 0 13 0 0 18 0 12 0 31 33 0 34 0 29 0 37 0 0 0 75 1 0 0 81 0 0 58 0 0 0 0 0 0 0 0 25 0 0 0 0 0 21 22 
0 0 0 31 0 33 0 0 0 0 0 0 0 0 0 0 0 0 76 0 0 0 77 1 0 0 79 0 0 0 15 0 0 0 0 0 0 0 0 0 0 0 45 0 0 0 0 60 0 0 0 0 62 0 0 0 24 0 0 0 0 0 0 2 0 0 0 7 0 10 0 0 55 0 0 0 0 51 0 0 0 
0 0 0 0 0 0 66 0 73 0 21 0 0 0 0 0 20 27 0 35 0 36 0 0 33 0 0 0 0 0 51 0 0 55 0 0 0 74 77 76 0 0 81 0 0 0 0 0 0 0 0 0 0 0 0 59 0 0 0 0 0 0 0 0 0 0 0 43 0 0 0 44 10 0 5 0 0 0 0 0 0 
0 0 0 0 0 20 0 23 0 0 0 58 0 0 0 60 0 0 0 0 0 0 0 0 65 61 0 0 0 0 0 0 0 0 0 4 30 0 0 0 0 0 0 0 26 0 0 0 0 48 0 43 0 0 0 0 0 0 0 9 0 0 0 0 0 0 0 75 0 0 77 0 42 0 0 34 0 0 41 0 36 
0 0 0 0 57 0 53 0 0 0 0 0 0 0 0 0 0 14 0 22 0 0 0 0 0 16 0 35 0 0 0 0 0 0 0 0 0 0 0 0 69 67 0 65 62 0 0 0 80 0 1 0 0 6 48 46 0 0 51 0 0 50 0 25 0 0 0 0 0 0 0 0 0 0 0 0 0 0 0 0 72 
0 0 0 0 3 0 0 0 0 0 35 40 39 0 37 0 0 0 0 49 0 0 0 0 0 0 48 0 0 0 0 68 61 0 0 0 12 0 0 0 0 13 14 11 0 0 0 0 0 0 0 25 31 0 0 0 0 0 0 0 0 77 70 0 0 56 0 57 0 0 0 58 0 0 0 16 22 0 0 0 0 
0 0 61 0 0 0 0 68 0 0 17 22 0 0 19 0 16 0 27 0 26 32 0 0 0 25 0 0 0 0 47 0 43 0 45 0 0 0 0 0 0 0 0 0 0 0 0 11 8 0 0 0 0 0 0 0 0 0 60 0 0 0 52 34 0 0 0 0 35 0 0 0 0 0 0 79 0 0 5 0 0 
0 0 0 0 0 0 0 0 0 0 0 0 66 0 0 0 61 0 0 0 0 0 0 0 0 0 0 0 0 12 0 0 7 0 0 13 39 0 0 0 0 0 0 38 0 59 0 0 0 57 0 52 0 0 21 19 0 17 0 18 0 0 0 79 0 0 0 0 0 6 0 0 51 0 0 0 0 47 0 0 0 
0 0 34 0 0 0 35 0 42 0 0 0 0 74 73 0 0 0 0 0 0 0 0 6 0 0 3 0 0 0 0 0 0 24 18 0 0 0 46 45 0 0 0 0 0 68 0 0 0 0 0 0 0 0 30 0 29 26 0 0 31 32 0 7 0 0 0 0 0 0 0 13 0 57 0 0 0 56 0 0 0 
10 0 0 0 0 0 0 14 15 0 44 0 0 0 0 51 0 0 0 0 0 0 0 0 0 0 57 0 0 75 74 0 0 78 0 0 21 0 0 18 0 0 0 0 0 0 0 0 0 0 0 0 0 0 3 0 2 80 6 0 0 0 0 0 0 0 0 0 0 0 0 0 0 0 0 25 0 0 0 0 0 
0 0 0 45 0 0 44 0 0 0 0 0 0 0 0 0 79 5 0 0 0 0 0 0 11 0 12 0 0 0 0 32 0 0 0 0 0 0 0 0 0 0 0 0 53 77 0 0 0 75 0 0 0 0 0 0 0 0 0 0 0 0 0 16 0 0 19 0 0 0 23 0 0 0 64 0 0 0 0 62 63 
0 0 70 0 0 0 0 0 0 0 26 0 0 29 28 0 0 32 0 0 35 0 0 0 0 0 0 0 0 0 56 59 0 0 54 0 0 0 0 0 0 4 0 2 0 0 0 0 0 21 0 0 0 0 0 64 65 0 69 63 0 68 0 0 0 0 0 0 0 0 0 0 0 0 0 0 0 0 0 8 0 
0 0 0 0 27 26 0 0 0 0 0 0 0 0 61 0 0 0 0 0 0 74 0 0 0 67 72 5 0 0 0 0 0 0 0 0 0 0 0 33 0 0 0 0 0 0 0 0 0 54 0 49 0 57 0 0 17 0 21 0 0 0 13 0 0 0 0 0 0 3 0 0 0 0 0 0 46 0 47 0 0 
0 10 4 0 0 0 0 11 12 0 0 46 0 0 0 0 0 0 0 0 0 0 0 57 0 0 0 0 70 0 0 0 67 0 69 0 0 13 0 0 0 0 0 0 0 0 0 35 0 0 0 0 0 0 0 0 0 0 0 78 0 0 0 58 0 0 0 0 0 66 0 0 0 0 25 0 0 0 29 0 0 
0 0 58 0 0 0 0 0 0 0 0 19 18 0 0 0 0 0 0 0 23 0 0 0 0 0 0 0 0 0 0 0 0 0 0 0 72 67 0 69 0 0 0 0 0 0 6 0 0 9 0 0 0 0 0 0 0 0 0 0 55 0 0 0 33 0 0 0 0 39 0 0 3 0 0 0 0 0 0 0 0 
0 0 0 0 0 0 0 0 0 0 68 0 0 0 0 75 0 0 0 0 0 0 0 0 80 76 0 0 0 0 0 0 0 0 0 0 45 0 43 0 0 0 0 0 0 0 0 62 0 0 0 0 0 66 0 0 0 0 30 0 0 0 0 0 6 0 0 9 0 0 11 0 0 0 52 0 0 0 0 0 0 
0 0 0 0 0 0 0 74 0 0 0 28 0 0 0 30 0 0 0 0 0 0 34 0 0 0 0 50 0 0 0 0 0 0 0 55 0 0 0 0 0 0 0 0 0 0 0 17 0 18 0 0 19 0 0 61 0 0 0 0 0 0 0 0 42 0 0 0 0 0 0 0 12 0 0 0 0 0 0 5 0 
0 46 40 42 0 0 0 47 0 78 0 0 0 0 0 0 76 0 0 0 0 0 7 0 0 0 9 0 0 0 0 0 0 30 0 0 0 0 0 0 0 0 0 0 0 0 0 0 0 72 0 67 0 75 0 0 0 0 0 0 0 0 0 0 15 0 0 0 14 0 0 0 0 0 0 0 0 62 0 0 0 
0 0 0 0 0 0 50 56 0 6 0 0 0 8 7 12 0 0 0 0 0 20 0 0 0 0 0 0 0 0 0 38 0 0 0 0 0 0 0 0 66 0 0 0 59 2 0 0 0 0 0 76 0 0 0 0 0 0 48 0 46 0 0 0 0 26 0 0 0 0 0 0 0 0 0 67 0 71 74 0 0 
0 0 0 0 18 0 0 0 0 0 0 55 0 0 0 0 0 0 0 0 0 0 0 0 62 58 0 0 0 0 0 0 0 0 0 0 0 22 0 0 0 0 0 0 0 0 0 44 41 0 0 40 0 48 0 0 0 0 0 0 10 0 4 0 0 71 0 0 0 0 0 0 39 0 0 31 0 0 0 0 33 
0 0 0 0 0 0 77 0 0 33 0 0 0 0 0 0 0 0 0 0 0 0 0 0 0 40 0 59 0 0 0 0 0 0 0 0 0 0 0 0 0 0 0 0 0 0 0 26 0 27 0 0 0 0 0 0 0 0 0 0 0 0 0 49 0 0 0 0 0 0 0 0 0 0 0 0 0 0 0 14 15 
0 0 0 0 0 0 0 0 34 0 0 0 0 0 0 0 0 0 0 0 0 0 0 0 0 0 76 0 0 0 12 0 0 0 0 14 0 0 0 0 0 0 0 0 36 0 55 0 0 0 0 0 59 0 0 0 0 0 0 0 0 0 0 0 1 0 0 0 0 7 6 0 52 0 0 0 0 0 0 0 0 
0 0 0 0 0 0 0 0 0 0 0 0 49 48 0 0 0 0 55 0 0 0 56 0 0 0 0 72 0 76 0 0 71 0 73 0 0 0 0 0 0 0 0 0 0 0 0 39 0 0 0 35 0 0 0 0 3 81 0 1 0 6 0 62 64 0 65 0 0 0 0 0 0 0 29 0 0 0 0 27 28 
0 0 0 0 4 0 81 0 0 0 0 0 0 0 0 0 0 42 0 0 0 0 0 52 0 0 0 0 0 67 0 0 0 0 0 0 13 0 0 0 0 14 0 0 0 0 0 30 0 31 0 0 0 0 0 0 0 0 79 0 0 0 0 0 0 0 0 0 54 0 0 0 0 0 0 0 0 0 0 18 0 
0 50 44 0 49 0 45 0 0 1 0 0 0 0 0 7 0 0 0 0 0 15 0 0 0 0 0 0 29 0 0 0 26 0 0 0 0 0 0 0 61 0 0 57 0 0 0 0 0 0 0 71 0 79 0 0 0 0 0 37 0 42 35 0 0 0 20 0 0 0 0 23 0 0 65 0 68 0 0 0 0 
0 59 53 0 0 57 0 0 61 0 0 0 0 0 0 0 0 0 0 0 0 24 0 0 0 0 0 0 0 0 0 0 35 43 0 0 67 62 0 0 0 0 0 66 0 0 1 0 0 0 0 0 0 0 0 47 0 0 0 46 0 0 0 26 0 0 0 0 0 0 0 0 0 0 0 0 77 75 0 0 0 
0 0 0 0 0 0 0 0 0 0 0 0 0 30 29 0 0 0 37 41 0 0 0 0 0 35 40 0 0 0 0 60 0 0 0 0 0 0 0 0 7 0 0 0 0 0 0 0 0 0 0 0 0 0 67 0 66 0 70 0 0 69 0 44 0 0 0 49 0 0 0 0 0 0 11 0 0 12 15 0 0 
0 0 0 0 0 0 0 0 0 0 54 59 58 0 0 61 0 0 0 0 0 0 65 0 66 62 0 0 2 0 0 6 0 0 0 5 0 26 0 0 0 0 0 0 27 0 0 0 0 0 0 0 0 0 0 0 0 0 16 0 0 0 0 71 0 0 74 0 0 0 0 0 0 0 0 0 0 0 0 0 37 
0 0 0 0 0 66 0 69 0 0 0 0 0 0 20 0 0 0 28 0 0 0 0 0 0 0 0 0 0 0 48 0 44 0 0 0 0 0 0 0 79 77 0 0 0 0 0 0 9 13 0 0 0 16 0 0 0 0 0 55 0 0 53 0 37 39 0 0 0 0 0 41 0 0 0 0 0 0 0 0 1 
38 0 0 37 0 0 0 0 0 0 0 77 76 0 74 0 0 0 0 0 0 0 0 0 0 0 0 0 0 0 0 0 17 25 0 0 0 44 0 0 0 0 0 0 0 0 0 0 0 0 0 62 0 0 31 0 0 0 0 0 32 0 26 0 0 0 0 0 0 16 0 0 0 0 0 53 0 0 0 0 0 
0 72 0 68 71 0 0 0 0 0 0 0 0 0 0 0 0 0 0 0 0 0 0 0 0 0 35 49 0 0 52 55 0 0 0 0 0 75 0 0 0 0 0 0 0 0 0 0 0 0 0 0 0 0 0 0 0 0 65 0 0 0 0 0 0 0 0 0 40 0 0 45 0 8 0 0 0 7 0 4 5 
0 0 0 0 0 0 0 0 0 32 0 0 0 0 0 0 30 0 0 0 0 0 0 0 0 39 0 0 0 0 0 0 0 0 59 63 0 3 6 0 11 0 0 0 0 0 0 0 0 26 24 0 0 0 0 0 0 0 74 0 0 0 0 48 0 0 0 0 0 56 0 54 0 0 15 0 0 0 0 0 0 
0 27 0 0 0 0 22 28 0 0 0 0 0 0 0 0 0 64 0 0 0 0 0 0 0 0 0 0 0 0 0 10 0 0 0 9 0 0 0 0 0 0 0 0 0 0 0 0 0 0 0 0 0 0 0 0 0 0 0 0 0 0 0 75 0 0 0 0 0 0 0 0 0 0 0 0 0 0 46 0 0 
0 0 0 14 0 16 0 0 20 0 0 0 53 0 0 56 0 0 59 0 0 64 0 0 0 0 0 0 0 0 79 0 0 0 77 0 0 21 0 23 29 0 0 0 0 0 0 0 0 0 0 0 45 47 0 0 7 4 0 5 0 0 0 0 0 0 69 71 0 0 73 0 0 0 33 0 36 0 0 0 0 
0 0 3 5 0 0 4 0 0 0 0 45 0 0 0 0 0 0 0 0 49 55 0 0 0 0 53 0 0 0 70 0 0 0 0 0 0 0 15 0 20 0 19 16 13 0 0 0 0 35 0 0 0 38 0 78 0 0 0 0 0 0 0 0 0 61 0 62 58 0 64 63 0 0 24 21 0 0 0 22 23 
0 0 0 0 0 0 0 0 0 0 0 0 0 0 0 2 0 1 0 0 0 0 0 0 0 0 0 0 0 0 0 0 0 29 0 0 0 0 0 0 0 0 0 0 0 73 0 70 67 0 0 66 0 0 0 0 0 31 0 0 36 0 0 0 0 0 0 0 13 20 19 0 65 0 0 57 0 0 0 58 0 
0 0 0 0 35 0 31 0 38 0 0 0 0 0 69 0 66 0 0 0 0 0 0 0 0 0 0 0 15 0 16 19 0 20 14 0 0 39 0 0 0 0 0 0 0 0 0 61 0 0 60 0 0 65 0 0 0 0 0 0 0 0 0 0 0 7 0 0 4 0 0 0 0 0 0 0 0 0 0 0 0 
0 63 0 0 0 61 0 0 0 0 0 0 0 0 0 0 0 0 0 0 0 0 0 0 0 0 0 0 0 0 0 46 39 0 0 45 0 0 69 0 74 72 0 0 0 0 5 0 0 8 0 0 9 11 0 0 52 0 0 0 54 0 0 0 0 0 0 0 0 0 0 0 2 0 78 0 0 0 0 76 0 
0 0 0 0 53 0 49 55 56 0 0 0 0 0 0 11 0 0 0 0 0 0 0 0 0 0 0 0 0 0 0 0 0 0 0 0 0 0 0 0 0 0 0 61 58 0 0 79 0 0 0 0 0 0 0 0 0 0 0 0 0 46 0 0 0 0 24 0 0 29 0 0 0 0 0 0 72 0 0 0 0 
0 0 0 0 0 0 0 76 0 0 0 0 0 0 27 0 0 0 0 0 0 0 0 0 0 0 38 0 0 0 55 58 0 0 53 0 0 0 0 0 0 3 0 0 0 22 0 19 0 20 18 0 0 0 0 0 0 0 0 0 0 67 0 0 0 0 0 0 0 0 49 48 0 0 0 6 0 0 0 7 0 
0 12 0 0 0 10 0 0 0 0 0 0 0 0 0 0 0 0 0 0 0 0 0 0 0 0 0 0 0 0 0 0 0 0 0 0 0 0 0 0 0 0 0 0 0 0 0 0 0 0 0 0 0 0 0 0 0 0 0 0 3 0 0 0 0 64 63 0 0 0 0 0 0 0 0 0 0 28 0 0 0 
45 0 0 0 47 0 0 0 0 0 0 0 0 0 0 0 0 0 0 0 0 0 0 0 10 6 11 25 0 29 0 31 0 0 0 30 0 0 54 53 0 0 0 55 0 76 0 73 0 0 0 0 0 0 38 0 0 0 0 35 0 0 0 15 0 0 0 0 0 0 0 0 0 65 0 0 0 0 0 61 0 
36 0 0 0 0 37 0 0 0 71 70 0 0 0 0 0 0 0 80 0 0 4 0 5 0 0 0 0 0 0 0 0 0 23 0 0 0 42 0 44 50 0 0 0 0 67 0 0 0 0 0 0 0 0 29 0 0 0 0 0 0 0 0 0 0 0 0 0 0 14 0 0 0 0 0 0 0 55 0 0 0 
0 0 51 0 0 55 0 0 0 0 0 0 11 10 0 0 0 0 0 21 16 0 0 0 0 0 0 34 0 38 0 0 0 0 35 0 65 60 0 0 0 0 0 0 61 0 0 0 0 0 0 78 0 5 0 45 0 0 0 0 0 0 0 0 0 0 0 0 25 32 0 0 0 0 0 0 0 0 0 0 0 
0 21 0 0 20 19 0 22 0 0 0 0 0 0 54 0 0 0 0 0 0 0 0 0 0 0 0 79 0 0 0 0 0 0 0 0 0 0 0 0 32 0 0 0 25 0 0 0 0 0 0 42 0 0 0 0 0 0 0 0 0 13 0 0 0 0 0 74 0 0 0 0 0 0 0 0 0 0 0 0 0 
0 0 0 0 0 0 79 4 0 0 34 0 0 0 36 0 0 0 0 0 43 0 45 0 0 0 0 0 0 0 0 0 60 0 0 0 0 6 0 0 0 0 0 0 0 0 0 0 0 0 0 0 0 0 0 0 0 0 0 0 0 0 69 0 0 0 0 56 0 59 0 0 23 0 0 15 0 0 0 0 0 
0 0 0 62 0 0 0 0 0 0 0 0 0 0 0 0 0 0 0 0 0 0 0 0 0 24 29 0 0 0 46 0 0 0 0 0 0 0 72 0 0 75 0 73 0 0 0 10 0 0 0 6 12 0 0 0 55 52 59 0 57 0 0 0 0 0 0 0 0 0 0 39 5 0 0 0 3 0 4 0 0 
27 0 0 0 0 0 0 31 0 0 0 0 0 0 63 68 0 67 0 0 70 0 0 0 0 0 74 0 0 0 10 0 0 0 0 0 0 0 0 0 0 0 0 0 0 58 0 55 52 0 54 0 0 0 0 0 0 0 0 0 0 0 0 0 0 0 0 0 0 0 4 0 0 0 0 0 0 0 0 0 0 
0 0 0 0 0 67 0 0 0 0 0 0 0 0 0 0 0 0 29 0 0 0 0 0 0 0 32 0 0 0 0 0 45 53 0 0 77 0 0 0 0 0 0 0 0 0 0 13 10 0 0 9 0 17 0 0 0 0 62 0 0 0 54 0 0 0 0 41 0 44 0 0 0 0 0 81 0 0 7 0 0 
0 0 54 0 0 0 0 0 0 0 0 15 14 0 0 0 0 0 0 0 0 0 0 0 0 18 0 0 0 0 0 0 0 0 0 0 0 0 0 65 0 0 0 67 0 0 2 0 1 0 0 0 0 0 0 0 0 0 53 0 0 0 0 0 0 0 0 0 28 0 0 0 80 0 0 0 0 0 0 0 0 
0 42 36 0 41 0 37 0 0 0 0 0 0 0 0 80 0 0 0 0 0 0 0 8 0 0 0 0 0 0 0 25 0 0 0 0 0 0 48 0 0 0 52 0 0 0 65 0 0 0 66 0 0 71 0 0 31 0 35 29 33 0 0 0 11 0 0 0 0 0 0 15 0 59 0 0 60 0 61 55 0 
0 0 0 0 32 0 0 34 35 0 0 0 0 67 0 0 0 0 0 0 0 0 75 0 0 0 0 0 12 0 0 0 0 17 0 0 41 0 0 0 0 0 0 0 0 61 0 58 0 0 0 0 60 0 0 0 0 19 0 0 24 25 0 0 0 4 0 0 0 0 7 6 0 50 48 45 0 0 0 46 0 
0 51 0 47 50 0 46 0 0 0 0 6 5 0 0 0 0 0 11 15 0 0 0 0 13 0 14 0 0 32 0 0 0 35 0 0 0 54 0 0 62 0 0 0 0 79 0 0 0 0 75 0 78 0 0 0 40 0 0 0 0 43 36 0 0 0 21 0 0 0 0 0 0 0 0 0 0 0 0 0 0 
21 0 0 0 0 0 0 25 0 0 0 0 0 0 0 0 0 61 0 0 0 0 0 71 67 63 0 0 0 5 0 7 0 8 0 0 0 0 30 29 0 33 0 0 28 52 0 0 46 0 0 0 0 0 0 0 0 0 0 0 0 0 0 0 0 0 0 0 0 0 0 0 0 0 0 0 0 0 0 37 0 
0 0 0 0 0 0 73 0 0 0 0 0 0 0 0 0 27 0 0 0 0 0 0 0 40 0 0 0 0 0 0 61 0 0 0 0 0 0 0 2 8 0 7 0 1 0 20 22 0 0 21 0 0 0 0 0 0 0 0 0 0 0 0 0 0 0 48 0 0 53 0 51 17 14 0 9 0 0 0 0 11 
0 0 0 11 0 0 0 16 0 47 46 0 50 0 0 0 0 0 0 0 0 0 57 0 0 54 0 73 0 0 76 79 0 0 0 0 0 18 0 20 0 0 25 22 0 0 0 0 37 0 0 0 0 44 5 0 0 1 0 0 0 0 0 0 65 0 0 0 64 0 70 0 0 0 0 0 0 0 0 0 0 
3 0 0 2 0 0 0 7 0 0 0 0 0 0 0 0 36 0 47 0 0 0 0 0 49 45 0 0 0 0 0 70 0 0 0 0 0 0 0 0 17 0 16 0 0 0 0 0 0 0 0 0 0 0 0 75 76 0 0 0 0 79 0 0 0 0 0 0 55 0 61 60 26 0 21 0 0 0 0 19 0 
