9
0 0 0 31 0 0 0 34 0 0 0 0 0 0 0 0 73 0 15 0 17 0 18 20 0 0 0 24 0 0 0 0 26 0 27 0 0 0 0 0 0 0 0 0 41 0 0 0 0 0 0 0 0 55 0 78 0 0 0 0 0 0 0 0 0 12 8 0 0 9 0 0 0 0 58 0 0 0 0 0 0 
0 0 59 0 0 0 0 0 0 0 0 0 0 0 0 0 0 0 42 0 0 0 0 0 0 0 0 0 0 57 0 0 53 0 54 0 0 0 70 0 72 69 0 67 68 79 0 0 0 80 0 0 0 0 0 0 0 0 0 0 0 0 0 0 0 39 0 0 0 36 0 0 7 0 4 0 0 0 5 0 0 
0 0 14 0 0 18 0 0 0 0 0 0 0 49 0 0 0 0 0 0 0 76 81 0 0 0 0 0 4 12 7 0 0 10 0 0 0 0 25 0 0 0 0 22 23 0 0 0 0 0 0 0 36 0 65 0 0 63 0 0 0 0 0 0 69 0 0 73 0 0 68 0 0 45 0 0 46 0 41 0 0 
0 0 0 49 0 0 0 52 0 0 0 0 0 0 0 0 0 0 0 0 0 0 0 0 0 0 0 0 40 48 43 0 0 0 45 0 0 62 0 0 0 0 0 0 0 0 0 0 0 0 0 0 0 0 0 0 0 0 0 0 0 0 0 0 0 0 0 0 0 0 23 0 0 81 0 0 0 0 0 0 0 
0 47 0 0 0 0 0 0 0 0 0 0 0 0 0 0 0 0 0 0 0 0 0 0 23 25 0 0 0 0 0 0 0 0 36 0 0 0 0 0 0 0 0 49 50 61 65 58 0 0 0 0 0 0 0 0 0 0 0 4 0 0 10 0 0 0 17 0 0 0 0 20 0 0 0 0 73 75 0 69 0 
0 29 0 0 0 0 0 0 0 0 0 62 0 0 0 0 0 0 6 0 8 0 0 11 0 0 0 0 13 21 0 14 0 19 18 0 0 0 0 0 0 0 0 0 32 0 0 0 0 0 0 48 0 0 0 0 0 0 0 67 0 0 0 0 0 0 0 0 0 0 0 0 0 0 0 53 55 0 0 0 0 
0 2 0 76 0 81 0 79 78 39 0 0 0 0 0 0 0 0 60 0 0 58 0 0 0 0 66 0 0 0 70 0 71 0 0 74 0 0 0 0 0 0 10 4 5 0 0 0 0 0 0 0 0 0 0 0 44 0 43 0 0 0 0 0 0 57 0 0 52 0 0 0 0 27 0 0 0 0 0 24 0 
0 74 68 0 0 0 75 0 0 30 24 26 0 22 0 0 28 25 0 0 0 0 54 0 50 52 0 0 0 0 0 0 62 0 0 0 0 0 79 0 0 0 0 0 0 7 0 0 0 8 6 12 9 0 38 0 35 0 0 0 0 0 0 0 0 0 0 0 43 0 0 0 0 0 0 0 19 0 0 0 0 
8 0 5 0 0 0 0 0 0 0 0 0 0 40 0 47 0 0 0 0 0 0 0 0 0 70 75 78 0 0 0 0 80 0 0 0 0 17 0 21 18 0 19 13 0 0 0 0 0 0 0 0 0 0 0 51 53 0 0 0 0 0 0 0 60 0 0 0 0 63 0 0 0 0 0 0 0 0 0 0 0 
0 0 0 0 0 0 0 0 0 0 0 0 32 0 0 0 0 0 0 0 0 0 59 61 0 0 0 0 0 0 0 0 0 0 0 0 7 0 0 0 0 0 0 0 0 0 0 0 10 0 0 0 0 0 0 38 0 0 0 0 0 0 0 0 0 0 0 51 0 0 0 52 0 0 0 0 0 0 0 0 0 
0 0 0 54 60 0 62 0 0 0 0 0 14 0 10 0 0 0 38 0 0 0 0 0 37 0 44 0 0 0 0 0 0 0 0 0 0 0 0 0 0 0 69 63 0 0 0 0 0 76 74 80 77 0 0 20 0 0 0 0 0 0 0 0 29 0 31 0 0 0 28 0 3 5 0 0 0 0 1 0 0 
0 0 0 0 0 0 0 0 0 80 74 0 0 0 0 0 0 75 0 0 0 18 0 25 0 0 26 29 0 0 0 0 31 0 0 0 52 0 48 0 0 0 0 0 0 0 0 0 0 58 0 0 0 0 0 0 4 5 0 0 0 1 0 0 0 0 13 15 12 0 0 0 0 0 0 0 0 0 0 0 70 
0 0 64 0 0 0 0 0 0 0 0 0 0 0 0 0 0 0 0 51 0 0 0 52 0 48 0 0 0 0 0 0 0 0 0 0 0 0 0 0 0 0 0 0 73 0 0 0 0 4 2 0 0 0 0 0 0 0 0 0 0 0 0 0 0 0 0 0 39 0 37 0 0 0 9 0 0 17 0 0 0 
31 0 0 0 0 0 0 30 29 0 0 0 0 63 0 0 0 0 0 15 0 9 0 0 0 12 0 0 18 0 21 19 0 0 0 25 43 0 0 0 0 0 42 0 0 0 0 0 0 0 47 0 50 0 0 74 76 0 75 72 0 0 0 0 2 8 0 0 0 0 0 0 0 0 0 0 60 0 55 0 0 
0 0 0 0 0 0 0 3 0 0 0 0 0 0 0 0 0 0 0 0 0 0 0 0 64 0 0 0 0 0 0 0 0 0 0 0 0 0 0 0 14 0 0 0 0 0 0 0 0 0 0 0 0 0 0 0 0 0 0 0 0 46 0 0 0 62 58 0 0 0 55 61 30 0 0 0 0 0 0 29 0 
0 0 0 0 0 0 0 12 11 0 0 49 0 0 0 0 0 0 0 0 76 0 0 0 0 0 0 2 0 0 0 0 0 0 0 0 0 0 0 0 0 0 0 0 0 0 0 0 0 0 0 0 0 0 0 0 0 0 57 0 0 0 0 0 0 0 0 0 0 68 0 0 0 41 0 40 0 44 0 0 0 
0 0 0 0 0 0 0 21 0 62 0 0 0 0 0 0 60 57 0 0 4 0 5 0 0 3 0 0 0 17 0 0 0 0 0 0 0 0 0 0 0 0 0 0 0 0 0 36 0 40 0 0 41 0 0 65 67 0 0 0 71 0 69 0 0 0 0 78 0 77 73 0 0 0 0 0 0 0 0 0 0 
0 0 0 0 51 50 53 0 0 0 0 0 0 0 0 0 0 0 0 0 0 0 0 34 0 0 35 0 0 0 0 0 0 0 0 0 0 58 0 0 0 0 0 54 0 0 0 63 0 0 0 0 68 0 0 0 0 0 0 0 17 10 0 18 20 0 0 0 0 0 0 0 0 77 0 0 0 80 0 0 0 
0 0 0 0 0 0 0 0 0 0 0 0 0 26 0 0 0 0 0 0 0 0 58 0 54 0 0 0 0 70 0 63 0 0 0 69 0 0 0 7 0 0 5 80 0 11 0 0 0 12 10 0 0 0 0 0 0 0 0 0 0 0 0 0 0 0 0 0 47 0 45 0 0 0 17 21 23 0 0 0 0 
0 0 0 0 23 0 0 0 0 0 0 0 0 0 0 0 0 0 0 0 0 0 0 0 0 2 0 0 0 0 0 0 0 0 0 15 33 0 0 0 0 0 0 0 27 0 0 35 0 0 0 0 0 0 0 0 0 67 0 0 0 0 68 0 0 79 0 0 74 76 0 0 0 0 44 0 0 0 45 46 0 
0 0 0 0 0 0 0 56 0 0 0 0 0 0 0 0 14 0 37 41 0 0 0 0 0 0 0 0 0 0 47 0 0 0 49 51 0 0 0 0 0 0 0 0 0 0 0 0 0 75 0 79 0 0 0 0 0 0 0 0 25 0 0 0 0 0 0 0 0 0 27 33 0 4 0 0 0 0 0 1 0 
0 0 81 80 5 4 0 0 0 0 0 0 0 0 0 0 41 0 0 0 0 62 0 69 0 0 0 73 0 0 0 0 0 0 0 0 0 0 0 0 0 0 14 0 0 0 24 0 0 21 0 0 22 23 0 0 0 0 47 0 0 0 0 0 55 0 0 59 0 0 54 0 0 0 0 0 0 34 0 0 0 
0 0 36 0 0 40 43 0 0 0 0 0 0 0 72 0 0 0 0 0 0 0 0 0 18 0 0 0 0 34 0 0 0 32 0 0 0 0 0 0 0 0 0 44 45 0 60 53 0 0 55 61 58 59 0 0 0 0 0 0 0 0 0 0 0 0 0 0 0 13 0 0 0 0 0 0 0 0 0 0 69 
0 0 0 26 0 0 0 0 0 0 0 0 0 0 0 0 68 0 0 14 0 0 0 0 0 0 0 0 0 0 0 0 0 0 0 0 0 0 38 43 0 0 0 0 0 0 0 0 0 0 0 0 0 0 0 0 0 0 0 0 0 0 77 0 0 7 0 0 0 0 0 6 0 0 0 0 0 0 0 0 0 
0 69 63 0 0 67 0 0 0 0 0 0 22 0 0 0 0 0 46 0 0 0 0 0 0 0 0 0 0 0 0 0 0 0 0 0 0 0 0 0 0 0 77 71 0 0 0 80 0 0 0 0 0 0 0 0 0 0 0 0 0 27 0 0 37 0 0 41 0 40 0 42 0 13 0 12 0 0 0 0 0 
0 0 0 0 14 0 0 0 0 52 0 48 0 0 45 0 0 0 0 0 0 0 0 0 0 0 0 0 0 0 0 0 0 0 0 0 0 0 0 25 0 0 0 0 0 0 0 0 0 30 0 0 31 0 0 0 0 0 56 0 0 0 0 62 0 0 0 0 0 0 0 0 0 0 0 0 0 43 0 0 0 
0 0 0 0 50 0 0 0 0 0 0 0 4 80 0 0 0 2 28 0 0 0 31 0 0 0 34 0 0 0 38 0 0 0 0 42 60 0 0 0 58 0 0 0 0 0 0 0 0 0 0 70 0 0 0 0 12 0 11 0 0 0 14 0 0 0 0 0 0 0 0 0 74 0 0 0 0 0 0 0 0 
2 0 0 0 0 0 0 0 0 0 0 38 0 34 0 0 40 0 0 0 65 0 0 0 0 0 69 0 0 0 0 0 0 76 0 0 14 0 0 0 0 9 0 0 0 19 0 0 0 0 0 0 21 0 0 0 47 0 0 0 0 44 49 0 0 0 0 0 0 57 0 59 0 0 25 29 0 0 26 0 0 
20 0 0 0 22 0 0 0 0 0 54 0 0 52 0 59 0 0 0 0 0 0 3 0 0 1 0 9 7 0 0 0 11 0 0 0 32 0 0 0 0 0 31 0 0 0 0 0 0 38 0 0 39 0 0 0 65 0 0 0 0 0 67 0 0 78 0 0 73 75 0 0 0 0 0 0 0 0 0 0 0 
65 0 0 61 67 0 69 0 0 0 18 20 0 0 0 0 0 0 45 0 0 0 0 0 0 46 0 0 0 0 0 0 0 58 0 0 77 0 0 0 75 72 0 0 0 0 5 0 0 0 81 0 0 4 0 0 0 0 28 0 0 0 0 0 0 0 0 0 0 0 35 41 0 0 0 0 13 0 0 0 0 
0 0 0 0 0 0 42 0 0 0 0 0 75 0 71 77 0 73 0 0 20 0 0 0 17 19 24 0 0 0 28 26 0 0 0 0 0 0 0 0 0 0 0 0 0 55 0 52 0 0 0 0 0 0 0 0 0 0 1 79 6 0 0 0 9 0 0 13 0 0 0 0 0 0 0 65 67 0 0 0 0 
0 0 0 0 0 0 0 46 0 6 0 0 0 0 0 0 0 0 0 0 0 0 0 0 0 0 0 0 34 0 37 0 0 0 0 0 0 0 0 0 0 0 0 0 0 64 0 0 0 0 0 0 0 67 0 0 0 0 0 0 0 0 0 16 0 24 0 0 19 0 0 0 73 0 0 0 0 0 0 0 0 
0 0 0 0 0 0 0 0 0 0 63 0 0 0 0 68 0 64 0 0 0 0 0 0 0 0 0 0 16 0 19 0 0 22 21 0 0 0 0 0 39 0 0 34 35 0 0 0 0 0 0 0 48 49 0 72 0 0 0 0 0 0 0 79 0 6 0 0 1 3 0 0 0 0 0 0 0 60 53 0 59 
0 0 71 0 0 0 0 0 0 0 0 0 0 25 26 0 0 28 0 0 0 52 0 0 0 0 0 63 0 0 0 62 0 0 0 0 0 0 0 6 0 81 0 0 0 0 14 0 0 0 0 15 0 0 0 0 0 0 0 0 0 35 0 0 0 0 0 0 0 0 0 0 19 0 0 0 0 0 0 0 0 
56 0 0 52 58 0 60 0 0 0 0 0 0 7 0 0 0 10 36 0 38 0 0 0 0 0 0 45 43 0 0 0 0 0 0 0 68 0 64 0 66 0 0 0 0 0 0 0 0 0 0 0 0 0 0 0 0 0 0 0 24 0 22 0 27 0 29 0 0 0 26 0 1 0 79 2 0 0 80 0 0 
0 0 8 7 0 0 0 0 0 0 0 0 0 0 0 0 0 0 0 0 0 70 75 0 0 0 78 81 0 0 0 80 2 0 0 0 0 20 0 0 0 0 0 0 17 0 0 0 0 0 0 0 0 31 0 0 0 0 0 0 0 0 0 0 0 0 0 0 64 66 0 0 0 39 0 0 0 42 0 0 0 
0 0 0 23 0 0 0 0 0 0 61 0 0 59 0 66 65 0 0 0 9 0 0 0 0 0 0 0 0 0 0 0 0 20 0 21 0 0 0 0 0 0 38 0 0 0 0 0 0 0 0 0 0 0 0 0 72 0 0 0 0 0 0 0 79 0 0 0 80 0 0 0 0 55 0 0 56 58 51 0 57 
0 0 0 0 0 0 0 0 0 0 43 0 0 0 0 0 0 0 0 0 0 0 0 0 0 0 0 0 0 0 0 0 0 0 0 0 0 0 0 0 0 0 0 0 0 0 0 23 0 27 0 0 0 0 0 0 0 0 0 0 58 0 0 59 61 67 63 0 0 0 0 0 0 0 0 0 0 0 0 0 0 
0 0 78 0 2 1 0 80 0 0 34 0 0 0 0 0 0 35 0 0 0 0 0 0 0 0 0 0 0 76 0 0 0 74 0 0 0 0 0 0 10 0 11 5 6 0 0 0 0 18 0 0 0 0 0 0 0 0 0 0 49 42 47 50 52 0 0 0 0 55 0 0 0 0 0 0 0 0 24 0 0 
0 0 42 0 0 46 0 0 43 0 0 0 0 0 0 0 0 0 0 29 0 23 0 30 24 0 0 0 0 0 35 0 0 0 0 0 0 0 0 0 0 0 0 50 0 0 0 0 0 0 0 0 0 65 0 0 0 0 8 0 0 0 0 0 16 0 0 20 17 0 0 0 0 0 0 0 0 76 0 0 0 
0 0 0 0 0 0 0 0 0 0 0 0 0 0 0 0 0 0 52 56 0 0 0 0 51 0 0 0 0 0 62 60 0 0 64 0 0 0 0 0 0 0 0 0 0 0 12 0 0 0 7 13 10 0 0 0 36 0 0 32 0 0 0 41 0 0 0 0 0 0 0 0 0 0 0 0 0 22 15 0 0 
0 0 0 0 20 0 0 0 0 0 0 0 0 50 0 0 56 0 0 0 81 0 0 0 0 80 0 0 0 0 0 0 9 0 0 0 0 0 0 0 0 0 0 0 0 35 0 0 0 0 0 0 0 0 0 0 63 64 0 0 0 0 0 0 0 76 0 0 71 0 0 75 0 0 0 0 47 0 0 0 48 
0 0 0 0 0 0 0 0 0 0 0 0 0 0 0 0 20 17 0 0 0 0 0 0 0 0 0 0 0 0 0 0 0 56 0 0 0 0 0 0 0 0 0 0 0 80 3 0 0 81 79 0 0 0 0 0 0 0 0 0 0 0 0 0 0 0 0 0 0 0 0 0 0 0 0 0 11 0 6 7 0 
0 0 0 0 0 55 58 0 0 0 0 0 0 5 0 0 0 0 0 0 0 32 0 39 0 0 0 0 0 0 0 0 45 0 0 0 0 63 0 67 0 0 0 0 0 0 0 0 0 0 70 76 0 0 0 0 18 0 17 0 0 0 0 0 0 0 0 0 0 0 0 0 80 0 0 0 0 0 0 79 3 
0 0 0 0 0 0 0 0 0 0 70 0 0 0 0 75 0 0 0 0 18 0 0 0 0 0 0 0 0 0 0 0 0 0 0 0 0 0 0 49 0 0 0 0 42 0 0 50 0 54 52 0 0 0 3 79 81 0 80 0 4 0 0 0 0 13 0 11 0 0 0 0 0 0 59 0 0 0 0 0 66 
0 0 0 30 36 0 0 0 0 0 68 0 0 0 0 0 0 0 0 0 16 0 0 19 0 0 0 0 0 0 0 0 25 0 0 0 0 43 0 0 0 0 0 39 0 0 55 48 0 0 0 56 0 0 0 0 0 0 0 0 0 0 0 0 0 0 0 0 0 0 0 0 0 0 57 0 0 0 0 59 64 
0 0 13 0 18 17 0 15 0 0 0 0 53 0 0 55 0 0 0 0 0 0 0 1 0 0 0 0 0 0 0 0 0 0 0 0 0 0 24 0 0 0 0 0 22 0 0 0 0 0 32 0 0 36 0 59 0 0 0 57 0 58 63 0 0 0 0 72 0 0 0 0 42 0 0 0 0 0 0 0 0 
0 0 0 48 0 0 0 0 0 0 0 0 0 3 4 0 0 0 0 0 0 0 0 37 31 0 0 0 0 0 0 0 0 45 0 0 0 0 0 0 0 0 0 0 0 69 0 66 0 70 0 0 0 0 0 0 0 0 0 0 20 0 0 0 23 29 0 0 0 0 0 0 0 0 0 0 0 2 0 0 1 
0 0 0 0 0 0 0 0 0 20 0 16 0 0 0 19 0 0 0 0 0 0 0 0 40 0 47 0 0 0 0 49 0 54 0 0 0 0 69 74 0 0 0 66 0 0 0 0 0 0 0 0 0 0 0 0 0 0 24 0 0 0 27 0 0 0 34 0 0 0 0 0 0 0 3 0 9 0 0 0 0 
0 0 4 0 0 0 0 0 0 0 41 43 0 39 0 46 45 0 68 0 0 0 71 0 0 0 0 77 75 0 0 76 0 0 0 1 0 0 0 0 0 0 0 0 0 0 0 0 22 25 0 29 26 0 0 50 52 53 0 0 56 0 0 0 59 0 0 0 0 0 0 0 0 0 30 0 36 0 0 0 0 
0 0 0 0 0 0 0 0 41 2 0 0 0 0 0 0 0 0 23 0 0 21 0 28 0 0 0 0 0 0 33 0 0 36 0 0 0 0 0 0 0 0 0 48 0 0 0 0 0 0 0 0 62 63 0 0 7 0 6 0 0 0 9 0 0 0 0 0 0 0 0 0 69 0 0 0 0 0 0 0 0 
0 0 0 0 81 0 0 0 0 38 0 0 0 0 0 0 0 0 0 0 0 0 0 64 58 0 0 0 66 74 0 0 70 0 71 0 10 0 0 0 0 0 0 3 0 0 0 0 13 0 14 0 0 0 0 0 0 0 0 0 0 0 0 0 0 0 0 0 0 0 0 0 0 0 0 0 0 29 0 0 28 
0 0 0 0 0 0 0 0 68 0 23 0 0 21 0 28 0 0 0 54 0 0 0 0 49 0 0 0 57 0 0 58 0 0 0 0 1 0 0 0 0 0 0 0 76 0 10 0 0 0 0 11 0 0 0 0 0 0 0 0 0 0 36 0 41 0 0 45 0 0 0 46 0 0 0 0 18 0 0 0 0 
25 28 0 0 0 26 0 0 0 0 59 61 0 0 58 0 0 0 0 0 0 0 0 0 0 6 0 0 0 0 0 13 0 18 0 0 0 0 0 0 0 0 36 0 0 42 0 0 0 0 41 0 0 0 0 0 0 71 0 0 0 67 0 0 77 0 0 0 0 0 0 0 0 0 0 0 0 56 49 0 0 
0 0 0 37 0 0 0 0 0 0 75 0 0 0 0 0 0 76 0 0 0 0 0 0 0 0 0 0 28 36 0 0 0 0 33 0 0 0 0 54 51 0 52 0 0 0 62 0 0 59 0 0 0 61 0 0 0 6 0 0 0 0 7 0 0 0 0 0 0 0 0 0 0 0 0 0 0 0 65 0 71 
0 71 0 0 0 69 72 0 0 27 0 0 0 0 0 0 0 0 0 52 0 0 0 0 0 0 0 0 0 63 0 0 0 0 0 0 0 0 76 81 0 0 79 0 0 0 0 0 2 0 0 0 0 0 35 0 0 0 31 0 36 0 0 0 0 0 0 0 0 0 0 0 0 0 0 14 0 0 0 0 0 
0 62 0 55 0 0 0 0 0 0 0 0 15 0 0 0 0 0 0 0 0 0 42 0 38 40 0 0 0 0 0 0 0 0 0 0 0 0 0 0 69 0 0 64 0 0 0 0 0 0 0 0 0 0 0 0 0 0 0 0 27 0 0 0 30 0 0 0 0 0 0 0 0 6 1 0 0 0 2 0 0 
0 0 11 0 0 0 0 0 0 0 0 0 0 0 47 0 0 0 75 0 77 0 0 80 0 0 0 3 0 0 0 0 0 0 6 0 26 0 0 27 24 0 0 0 20 0 0 0 0 0 0 0 33 0 0 0 0 0 0 0 0 0 61 0 0 0 68 0 67 0 0 0 0 0 0 0 0 0 38 0 0 
0 0 0 0 0 33 0 0 30 0 0 0 0 64 0 0 0 0 0 0 0 0 0 0 0 0 0 0 0 0 0 0 0 0 0 0 0 41 0 0 0 0 0 37 0 49 0 0 0 0 0 54 0 0 0 0 0 78 0 0 0 0 0 0 0 0 0 0 4 6 0 0 58 0 0 0 61 0 0 57 0 
0 0 0 0 0 0 0 0 0 0 0 5 6 0 0 0 0 0 0 34 0 0 33 0 0 0 0 39 0 0 0 0 0 43 0 0 0 0 0 63 60 0 0 0 0 0 0 64 0 0 0 0 0 0 17 12 14 15 0 0 0 0 0 19 0 0 0 0 0 0 20 0 76 0 0 77 79 81 0 75 0 
23 0 20 0 0 0 27 0 0 0 0 0 0 0 0 0 0 0 0 7 0 0 0 0 0 0 0 0 0 18 0 0 0 16 0 0 35 0 0 0 33 0 0 0 0 0 0 0 0 0 0 0 0 43 71 0 0 0 0 0 72 65 0 0 75 81 0 0 0 0 0 0 0 0 46 0 0 0 0 0 53 
0 0 0 73 0 0 0 76 0 36 0 32 0 0 0 0 34 0 0 0 0 0 0 0 0 0 63 0 0 0 0 0 0 0 0 0 0 0 0 0 0 0 0 0 0 0 0 0 0 0 0 0 0 16 0 0 41 0 0 0 0 0 0 0 48 0 0 0 49 0 0 53 22 0 0 23 0 0 20 0 0 
0 0 0 0 0 0 0 0 3 45 0 0 0 0 0 0 43 40 0 70 0 0 0 71 65 0 0 0 0 81 0 0 0 0 78 0 0 0 0 0 0 0 0 0 0 0 0 0 0 0 0 0 0 25 0 0 0 0 0 0 0 47 0 0 0 0 0 0 0 0 0 0 0 0 0 0 34 0 0 30 35 
0 0 0 0 80 0 0 0 0 0 0 33 0 29 0 36 0 0 0 0 0 0 0 0 57 0 0 67 0 0 0 66 69 71 0 0 0 0 0 0 0 0 0 2 0 0 0 0 0 0 0 19 16 0 0 0 0 0 0 38 0 0 0 0 0 0 0 0 0 0 0 0 0 0 20 0 0 0 0 0 0 
0 0 0 0 0 0 0 0 0 0 0 0 0 0 0 0 71 0 0 0 0 11 16 18 0 0 0 22 0 0 0 21 0 26 25 0 0 42 0 46 0 0 0 0 0 0 0 47 0 0 0 55 0 0 0 0 0 0 77 74 1 0 0 0 4 0 0 0 0 7 0 0 0 0 0 0 0 64 0 0 0 
0 0 0 0 0 0 46 41 0 0 0 0 0 74 0 0 80 0 0 26 0 20 0 0 0 0 0 0 0 37 0 0 33 0 0 36 0 0 0 0 0 0 0 0 0 0 0 0 0 0 0 0 0 0 0 4 0 0 5 0 0 3 8 0 0 0 0 0 0 0 12 0 68 0 65 0 71 0 0 67 72 
69 0 66 0 0 0 0 0 67 28 0 24 0 20 0 0 0 0 0 0 0 0 52 0 0 50 0 58 0 0 0 0 0 0 0 0 0 0 0 0 0 76 0 74 0 0 9 2 0 0 0 0 0 8 36 0 33 34 0 29 0 0 0 0 0 46 0 0 0 0 0 0 0 0 0 15 0 19 0 0 0 
0 0 0 0 62 0 0 59 0 0 13 0 0 0 0 0 0 0 40 0 0 0 0 0 39 41 46 49 0 55 0 0 0 0 0 0 0 0 0 0 0 0 0 0 66 0 81 0 75 0 0 0 0 0 0 0 0 0 0 0 0 0 0 0 31 0 33 0 0 34 0 0 0 0 0 0 0 0 0 0 0 
24 0 0 20 0 0 0 0 22 0 0 0 0 0 0 0 0 0 4 0 0 2 7 0 3 0 0 0 0 19 0 0 0 17 0 0 0 0 0 0 0 0 0 0 0 41 0 0 0 0 0 0 0 0 72 0 0 0 0 0 0 0 0 0 0 0 0 0 0 0 0 0 0 0 0 51 0 0 0 0 0 
0 0 0 0 53 0 0 0 0 0 0 0 7 2 0 9 0 0 0 0 0 0 0 0 0 0 0 0 0 0 41 39 0 44 0 45 0 0 59 0 0 0 62 0 0 68 0 0 0 0 0 0 0 0 0 0 0 0 0 0 19 0 0 0 0 0 0 0 0 0 0 0 0 0 0 0 0 0 0 0 0 
6 0 3 0 8 0 10 0 0 0 0 0 0 0 0 0 44 0 0 0 69 0 0 0 66 0 0 76 0 0 0 0 78 0 0 0 0 0 14 19 0 0 0 0 0 0 0 0 0 0 0 28 25 0 54 0 0 0 0 0 0 0 53 0 58 64 0 0 59 0 57 0 0 0 0 0 0 0 0 0 36 
0 0 0 0 0 0 19 0 0 55 0 0 0 0 48 54 0 0 0 0 0 0 79 0 75 77 0 0 2 10 0 0 0 0 7 0 0 0 0 0 25 0 26 0 0 32 36 0 30 0 0 0 0 0 0 58 0 0 0 56 0 0 0 0 0 0 0 71 0 0 66 0 0 0 38 42 0 0 39 0 0 
37 0 0 0 0 38 41 36 0 0 71 0 0 0 70 76 0 0 0 0 0 0 20 0 0 0 0 26 0 32 0 0 0 0 0 0 0 0 0 0 0 44 0 0 43 0 0 0 52 55 0 0 0 0 0 0 0 0 0 0 0 79 0 0 0 0 0 0 9 11 0 0 0 65 0 64 0 0 0 0 0 
0 0 0 0 57 0 0 54 53 0 0 10 11 0 0 0 0 0 0 0 0 0 38 0 34 0 0 0 0 0 0 0 46 48 0 49 0 0 63 0 0 0 0 0 0 0 0 0 0 0 0 0 0 0 22 0 0 20 0 0 0 0 21 0 26 0 0 0 0 0 0 0 0 0 0 0 0 0 0 80 0 
64 0 0 60 0 65 0 63 0 0 0 0 20 0 0 0 0 0 0 0 0 0 0 0 43 45 50 0 0 0 0 0 0 0 56 0 0 0 0 77 0 0 0 0 0 0 0 0 0 0 80 0 2 0 0 0 28 0 0 0 32 0 30 0 0 41 0 0 0 0 0 0 0 0 0 0 0 0 7 0 0 
46 0 43 0 0 0 0 45 0 5 0 0 0 0 0 0 0 81 0 0 0 0 0 0 25 0 0 0 0 41 0 0 37 0 38 0 0 0 0 0 0 53 0 0 0 0 0 0 0 0 0 68 0 0 0 8 0 0 0 0 0 0 0 0 0 0 0 0 18 0 0 0 0 0 69 73 0 0 0 71 0 
1 4 0 0 0 0 0 81 0 0 0 0 38 33 0 0 0 36 0 0 64 0 0 0 0 0 0 0 0 77 0 0 0 0 74 0 13 0 9 14 0 0 0 6 0 0 22 0 0 0 0 0 0 0 0 0 0 0 0 0 0 0 0 0 0 0 0 0 0 0 0 0 0 0 0 0 0 0 25 0 31 
28 0 0 0 0 0 32 0 0 68 0 0 0 60 0 0 0 0 8 0 0 0 0 0 0 0 14 0 0 0 18 0 0 0 20 0 0 0 0 0 0 0 39 0 0 0 0 0 43 0 44 0 0 48 0 0 0 0 0 0 0 70 0 78 80 0 0 0 0 2 0 0 54 0 51 0 0 0 52 0 0 
0 0 0 0 0 0 77 0 71 0 26 0 29 0 0 0 0 0 0 0 0 0 0 0 52 0 0 62 60 68 0 0 0 0 0 0 0 0 0 5 0 80 0 0 79 9 0 0 0 0 0 0 11 0 0 0 37 0 0 0 41 34 39 42 0 50 46 0 0 0 0 0 0 0 0 0 0 23 0 0 0 
10 0 0 6 0 0 0 0 8 0 0 0 47 0 0 0 0 0 0 0 73 69 0 0 0 0 77 0 0 5 0 0 0 0 0 4 0 0 0 0 0 17 21 0 0 0 0 0 0 0 0 0 0 0 0 53 0 56 0 0 0 52 0 0 62 0 0 66 63 0 0 0 0 0 0 37 39 0 0 0 0 
0 0 0 0 21 0 0 0 0 0 0 0 0 0 0 0 0 0 0 3 0 0 0 0 0 81 0 8 0 14 0 0 0 0 0 0 0 0 0 0 0 0 0 24 0 0 0 0 34 37 0 41 0 0 0 62 0 65 63 60 0 0 0 0 0 77 0 0 0 0 0 0 0 0 42 0 0 50 0 0 0 
