9
30 25 0 31 0 32 0 0 0 0 0 0 0 6 0 0 0 0 0 67 68 0 64 66 63 0 0 0 0 15 9 0 0 13 0 0 0 0 43 0 0 50 0 0 45 52 58 0 54 0 0 0 0 0 0 0 0 0 21 0 0 0 0 76 74 0 70 0 0 0 0 0 0 0 0 42 0 0 0 0 0 
0 70 0 0 0 0 0 0 0 0 0 48 0 0 50 0 0 0 0 0 0 0 0 0 0 0 0 59 0 0 0 0 0 0 0 56 0 0 0 0 0 14 0 0 9 0 0 0 0 0 0 0 20 21 0 0 0 0 66 0 0 62 0 0 0 0 0 0 0 0 0 0 0 0 0 0 0 0 0 0 0 
0 0 0 40 0 0 0 0 0 0 0 12 0 0 0 0 7 0 0 0 0 0 73 0 0 0 0 0 0 0 0 0 17 0 0 0 58 60 0 0 0 0 0 0 0 0 67 0 0 0 0 0 0 0 0 0 0 27 30 0 0 0 25 0 0 0 0 5 1 3 0 0 0 0 46 51 0 0 0 0 0 
0 0 0 49 0 50 0 0 46 0 0 0 0 0 0 22 16 18 79 4 5 0 0 0 0 0 0 0 0 0 0 0 0 31 0 29 0 0 0 0 0 68 62 0 63 0 0 0 72 0 0 77 0 0 0 0 0 0 0 0 0 0 0 0 0 8 7 14 0 0 0 0 0 0 55 0 0 59 0 0 58 
0 0 0 0 0 0 0 0 0 35 0 0 0 0 41 0 0 36 0 0 0 0 0 0 0 0 17 0 0 0 0 0 0 0 46 0 0 0 0 0 3 0 80 0 81 0 0 15 0 0 10 0 0 0 0 0 0 0 0 60 58 0 0 0 29 0 0 0 0 30 0 0 0 0 0 0 0 0 0 72 0 
0 0 0 0 0 0 0 0 0 0 0 0 0 78 0 76 0 0 0 0 0 0 0 0 0 0 0 5 0 0 0 79 80 4 0 0 40 0 0 0 39 0 0 0 36 0 49 0 0 0 0 0 0 0 0 0 0 9 0 0 13 8 0 67 65 0 0 0 0 0 0 0 30 0 0 33 25 0 0 0 0 
0 0 80 4 0 5 0 0 0 0 56 0 0 0 0 0 0 0 0 0 41 0 37 0 0 0 35 0 66 69 0 0 62 0 0 0 0 0 16 0 0 23 17 20 0 25 31 0 0 0 28 32 0 0 0 0 0 0 0 0 0 0 0 0 0 0 0 0 46 0 0 0 0 0 0 0 0 0 0 0 13 
12 0 0 0 0 0 0 0 0 0 0 66 0 0 0 0 61 0 43 0 0 0 0 0 45 0 0 0 75 0 0 0 0 76 0 0 0 0 25 0 0 0 0 0 0 34 0 0 0 35 0 0 0 39 2 0 0 0 3 0 0 0 0 0 56 0 0 0 0 0 0 0 0 0 0 24 0 0 0 0 22 
0 0 53 0 0 0 0 0 0 0 0 30 0 0 32 0 0 27 7 0 14 0 0 0 0 0 0 0 0 0 36 0 35 0 0 38 0 78 0 0 75 77 0 0 0 0 0 0 0 80 0 5 0 0 47 0 0 0 0 0 0 0 43 22 20 17 16 0 0 0 0 0 0 0 0 0 0 0 0 0 0 
0 31 0 0 0 38 0 0 0 0 8 0 0 0 0 0 0 0 67 73 74 0 0 0 0 0 0 0 0 0 0 13 14 0 0 0 0 0 0 52 54 0 0 0 0 0 0 66 60 59 61 0 0 0 0 0 25 24 0 30 0 0 22 0 0 0 76 2 0 0 78 0 0 0 0 48 0 0 0 0 0 
0 0 0 0 0 0 0 0 0 0 0 0 79 0 0 0 76 0 0 0 0 66 0 0 0 0 59 0 0 0 6 0 0 10 7 0 0 0 0 43 0 0 0 44 0 0 0 0 0 0 52 0 53 54 17 20 0 0 18 0 0 0 0 73 0 0 0 0 0 0 0 0 0 0 0 0 0 38 0 0 0 
45 0 0 0 0 0 0 0 43 14 0 18 0 21 0 0 13 15 0 0 0 0 79 81 0 80 77 29 0 0 0 0 0 0 25 0 0 0 0 0 0 0 59 0 0 0 73 0 0 0 0 0 71 0 35 38 0 0 0 0 37 0 0 0 8 0 0 0 0 0 0 12 54 53 0 0 0 0 0 0 0 
72 0 0 0 0 0 0 0 0 0 0 0 43 0 0 0 0 42 0 0 0 0 0 0 0 0 0 0 0 0 0 0 50 0 0 0 10 0 0 7 0 0 0 0 0 0 0 0 0 0 16 0 0 0 62 65 61 0 0 0 64 0 58 0 35 0 0 0 34 36 33 39 0 0 0 0 0 0 0 0 0 
0 0 0 0 0 20 21 0 0 68 71 0 70 75 0 0 0 0 0 0 0 57 52 0 0 0 0 0 0 0 0 76 0 1 0 80 0 0 0 34 0 0 32 0 0 0 0 0 0 41 0 0 0 0 0 0 0 0 0 0 0 0 0 0 0 0 0 0 0 0 0 66 0 0 0 0 0 29 0 0 0 
0 0 0 0 0 0 0 0 0 0 0 0 0 66 0 0 0 0 0 0 0 0 0 45 0 0 41 0 72 0 0 0 0 0 0 71 0 0 0 0 27 0 0 0 0 0 0 0 33 0 0 38 0 36 0 0 0 0 0 0 1 77 0 0 0 0 49 0 0 0 51 0 0 0 0 21 0 0 0 15 19 
0 0 0 0 0 0 0 0 0 0 0 0 0 0 0 0 0 0 0 0 0 0 0 9 0 0 0 0 0 39 0 0 0 0 0 0 73 75 0 0 0 0 0 71 69 76 1 0 0 0 0 0 80 0 44 0 0 0 0 48 0 0 0 19 17 0 13 20 0 18 0 0 63 0 0 0 0 0 0 0 0 
81 76 0 0 0 0 3 0 0 0 0 0 52 0 0 0 0 0 0 0 0 0 0 36 0 0 0 0 0 66 0 0 0 0 0 0 0 0 0 0 0 20 0 17 0 0 28 30 0 0 0 0 0 0 71 0 0 0 0 75 73 68 0 0 44 0 0 0 0 0 42 48 0 0 0 12 0 0 0 0 0 
0 0 0 0 0 0 0 0 0 0 35 0 0 0 38 0 0 0 0 0 0 0 0 0 0 17 0 47 0 0 0 0 41 0 0 0 0 3 0 0 0 2 77 80 0 0 0 0 6 0 0 0 0 9 53 0 0 0 0 0 0 0 0 0 0 0 0 0 25 27 0 0 0 0 0 0 0 0 0 0 73 
0 0 0 0 0 1 0 0 0 49 0 0 0 56 55 0 0 0 30 0 0 0 0 0 0 0 0 0 0 65 0 0 0 0 0 61 0 0 0 0 17 0 0 0 0 0 0 0 0 0 0 0 0 26 0 73 0 68 0 0 0 0 0 0 0 0 0 0 0 0 41 0 0 0 6 0 3 0 0 0 0 
17 0 0 0 0 0 0 0 0 0 0 0 0 0 0 0 66 0 0 0 55 0 0 0 0 0 0 1 0 0 0 0 0 0 0 79 0 0 0 33 0 0 0 0 32 0 0 0 0 0 0 46 0 0 7 10 0 0 0 0 0 0 3 0 61 0 0 0 0 0 0 0 26 25 0 29 0 0 0 0 27 
0 0 58 0 0 0 0 0 0 0 34 0 0 0 0 36 0 0 12 0 19 0 0 0 0 16 0 0 0 0 41 0 0 0 0 0 0 0 0 78 0 0 0 79 0 0 0 0 0 0 6 10 0 0 0 55 0 0 0 0 0 49 0 27 0 0 0 0 0 0 23 0 0 0 0 0 0 0 0 0 0 
0 0 0 0 0 0 0 0 0 0 0 8 0 0 0 0 0 0 0 0 0 74 69 0 0 0 0 0 0 0 0 0 0 18 15 0 0 0 0 0 0 0 0 0 0 0 0 0 59 0 0 0 0 0 25 0 0 0 26 29 0 0 0 0 0 76 75 0 0 0 0 0 0 0 0 47 0 0 0 0 0 
0 3 0 9 0 0 0 0 0 0 0 0 0 0 0 63 57 0 0 0 0 0 0 44 0 0 0 0 0 0 0 66 67 0 0 0 0 29 0 0 26 0 0 0 0 0 0 38 0 0 33 0 34 0 0 0 0 0 80 0 0 0 0 0 0 49 0 0 0 0 0 0 0 0 0 0 0 19 0 0 0 
0 0 0 0 0 0 0 0 0 13 16 0 0 0 0 0 12 0 75 0 0 0 0 0 0 0 0 0 0 29 0 0 0 27 0 0 0 65 0 0 0 0 0 0 0 0 0 74 0 0 0 0 70 0 0 0 0 0 0 0 0 31 0 0 7 0 0 0 6 0 0 0 0 0 51 0 48 0 0 0 0 
71 0 0 0 0 0 0 0 69 0 0 0 42 0 0 45 0 0 21 27 0 0 24 26 0 0 0 0 53 0 0 0 49 0 0 52 0 0 0 0 0 0 0 0 0 0 18 0 0 0 0 0 16 0 0 0 0 0 0 0 0 58 0 0 0 0 0 0 0 0 0 0 80 0 0 0 0 0 0 0 0 
0 48 0 0 0 0 0 0 51 0 0 0 0 0 0 0 0 0 3 9 0 0 6 0 0 0 0 0 0 0 0 0 0 0 0 0 0 0 0 0 0 0 67 0 0 0 0 2 0 0 0 0 0 0 0 0 0 0 0 0 0 0 0 18 0 0 12 0 0 17 0 0 0 0 0 65 0 0 58 0 0 
0 21 0 27 23 28 0 0 0 76 0 0 78 0 0 0 0 0 57 0 0 0 0 0 0 0 0 0 0 11 0 0 4 0 0 0 0 0 0 42 0 0 0 0 0 0 0 0 0 0 0 0 0 0 0 19 0 0 0 20 0 0 0 0 0 0 0 0 0 0 68 0 0 0 33 0 0 0 0 0 0 
0 0 0 0 0 0 0 1 0 52 0 0 54 0 0 57 0 0 0 0 40 41 36 0 0 0 0 0 65 68 0 0 0 0 0 0 21 23 0 0 20 22 0 19 0 24 0 0 0 0 0 0 0 29 73 0 0 0 0 77 0 70 0 0 0 0 42 0 0 0 0 0 0 0 0 14 6 0 0 0 12 
0 0 61 0 62 0 0 0 63 0 0 38 0 41 0 0 33 35 0 0 0 23 0 0 0 19 0 0 0 0 0 0 0 0 0 46 0 5 0 0 0 0 0 0 0 6 0 0 0 0 0 0 0 0 0 0 0 53 0 0 0 0 0 0 0 0 0 0 0 0 0 0 0 0 0 0 0 0 0 0 0 
0 69 0 0 0 0 0 0 72 0 0 0 0 0 0 0 0 0 0 0 31 32 0 0 0 28 0 58 0 0 0 51 0 0 0 0 0 0 0 0 0 0 0 0 0 0 0 23 17 0 0 0 19 0 0 67 63 0 0 0 0 0 0 0 0 0 0 0 0 0 0 0 2 1 0 0 0 0 0 0 0 
0 0 0 39 0 0 0 0 36 0 0 0 0 14 0 0 0 0 0 0 0 0 0 0 71 73 0 22 20 23 17 0 0 0 0 19 0 59 0 0 0 0 0 55 0 60 66 0 0 0 0 67 0 0 28 0 0 0 0 0 0 0 0 0 1 0 78 0 0 0 0 5 0 0 45 0 0 49 0 44 0 
0 0 0 0 0 13 0 0 0 0 0 0 0 0 0 66 0 0 0 0 0 50 45 47 0 0 43 0 0 0 71 0 0 0 0 0 0 0 0 0 0 0 25 0 26 0 39 0 0 0 0 0 37 38 0 4 81 0 0 0 0 0 0 0 0 0 0 0 0 0 0 0 20 0 0 0 15 0 16 17 0 
20 0 16 0 0 0 0 19 0 0 0 74 72 0 0 75 0 0 51 57 0 0 0 0 53 0 0 0 0 0 80 78 0 0 0 0 0 41 0 36 0 0 0 0 0 42 48 0 44 0 0 0 0 0 0 0 9 0 11 0 0 0 0 0 0 0 60 0 0 0 0 0 29 0 0 0 0 0 25 26 30 
47 42 0 0 0 0 50 0 0 0 0 0 0 0 0 0 0 17 78 3 4 0 0 0 0 0 79 0 0 0 0 0 0 0 0 0 0 0 0 0 0 0 0 0 0 0 0 0 0 0 0 0 0 0 0 40 0 0 0 0 0 0 0 12 0 0 0 0 0 0 0 0 0 0 0 59 51 0 0 0 57 
0 0 0 0 0 31 0 0 0 0 0 0 0 0 0 0 0 0 0 66 0 0 0 65 0 64 0 0 0 0 8 0 0 0 0 0 48 0 42 0 0 0 0 0 0 0 0 0 0 0 0 0 0 0 0 0 0 17 0 0 21 0 15 75 0 0 0 0 72 0 0 0 38 0 0 0 0 0 0 0 0 
56 0 52 0 0 0 0 55 0 25 0 0 0 0 31 0 0 0 0 12 0 0 0 0 0 0 0 0 0 41 0 0 34 0 0 0 75 0 0 0 0 0 0 0 71 0 0 0 0 79 0 4 0 0 0 49 0 0 0 0 0 0 0 0 0 0 0 0 0 0 0 0 0 0 63 68 0 67 0 62 0 
0 0 3 0 4 0 0 0 0 0 60 0 0 0 0 62 0 0 38 0 0 0 41 0 0 0 0 72 0 73 0 0 0 71 0 0 0 0 20 0 25 0 21 0 0 0 0 0 0 0 0 0 0 34 0 0 77 0 0 0 80 0 0 0 0 48 0 0 0 0 49 0 0 0 14 0 0 18 12 0 0 
0 47 0 0 0 0 55 0 0 0 0 25 23 0 0 0 0 0 0 0 0 10 0 7 0 0 3 0 0 0 0 29 30 0 0 0 0 73 0 0 0 0 0 0 0 0 0 0 0 0 0 0 0 0 0 0 0 0 43 46 44 39 0 0 15 0 0 0 0 0 0 0 0 0 0 0 0 0 0 0 0 
0 0 66 0 0 72 0 0 0 39 0 0 0 0 0 0 0 40 0 0 0 0 0 0 0 0 0 0 52 55 0 47 0 0 0 51 0 0 0 0 0 0 0 6 0 0 0 0 0 12 0 18 0 0 0 0 0 0 0 64 62 0 0 35 0 0 0 0 0 0 0 0 79 78 0 1 0 0 0 76 0 
0 0 0 0 0 36 0 0 0 0 6 0 0 0 0 0 0 0 0 0 0 0 0 70 0 69 0 0 0 0 0 0 0 0 0 15 0 0 0 0 0 0 48 0 0 0 0 0 0 0 0 0 0 0 0 0 23 0 0 0 0 0 0 0 0 0 0 0 0 0 0 1 0 42 41 0 38 45 0 40 44 
0 0 0 0 0 0 0 0 0 0 0 0 0 0 18 0 11 0 0 0 0 0 0 0 76 0 0 0 0 0 0 20 21 0 23 0 0 0 0 59 0 0 0 0 0 0 0 0 0 66 0 72 0 0 33 0 0 0 34 37 35 30 29 0 0 0 0 0 5 0 0 0 0 0 0 0 0 0 0 0 53 
25 0 0 0 0 0 0 0 0 0 0 79 0 0 0 0 0 76 0 0 0 64 0 0 0 0 0 0 0 0 0 2 0 8 0 0 0 0 0 0 0 0 0 0 0 0 53 0 0 0 0 0 0 0 0 0 0 0 0 19 0 0 11 71 69 66 0 0 0 0 0 0 0 0 0 0 0 0 0 0 0 
0 56 57 0 0 0 0 60 0 0 33 0 0 0 0 35 0 0 11 0 0 0 0 0 0 15 12 45 0 46 0 38 0 0 0 0 0 0 0 0 0 81 75 0 76 0 0 0 0 3 0 0 0 0 0 0 0 0 0 0 53 0 0 0 0 21 0 0 0 0 0 0 70 0 0 0 0 0 0 0 0 
79 0 0 0 0 0 1 0 0 0 0 52 0 0 54 0 0 0 0 0 0 0 0 34 31 0 0 0 0 0 58 0 0 0 0 0 17 0 0 0 0 18 0 0 0 0 0 28 0 21 23 0 0 0 0 0 68 0 70 0 0 0 0 0 42 0 0 0 41 0 0 0 7 0 5 0 2 0 0 0 0 
0 0 0 0 0 0 0 15 0 66 0 0 68 73 0 0 0 67 0 0 54 0 0 0 0 51 0 81 0 0 0 74 0 0 0 0 0 0 0 0 0 0 30 0 0 0 44 0 0 0 0 0 0 43 6 0 0 0 7 0 0 0 2 0 0 0 0 63 0 0 58 0 0 0 23 0 0 0 21 0 0 
0 0 0 0 0 0 0 0 0 0 0 0 0 0 0 0 0 0 0 0 0 9 0 6 0 0 0 0 0 0 30 0 0 0 0 0 0 0 0 0 69 0 0 0 0 73 0 0 0 0 0 0 77 0 0 0 40 0 42 0 43 38 0 16 0 11 10 0 0 0 0 0 0 0 0 0 0 0 0 0 0 
0 0 0 0 0 0 0 0 0 0 0 0 0 0 0 70 0 0 0 0 0 0 0 0 0 0 0 0 0 0 0 0 74 0 0 0 0 0 0 0 33 0 0 0 0 37 0 0 0 0 0 0 0 0 0 0 0 0 6 0 0 0 0 0 59 0 0 0 58 0 0 63 0 0 0 0 0 26 0 0 0 
0 55 56 0 57 0 0 0 0 0 0 0 0 0 0 0 0 0 0 16 0 18 0 0 12 0 0 0 42 0 0 0 0 43 0 0 0 0 0 0 0 0 0 0 0 0 0 0 0 0 0 0 0 6 0 0 0 0 51 0 52 0 0 25 23 20 0 26 0 24 0 0 0 0 0 0 0 0 0 0 0 
0 0 0 0 0 0 0 0 0 0 0 0 0 9 0 0 0 3 64 70 0 72 0 0 0 68 0 0 0 0 0 0 0 16 0 0 0 54 0 0 0 53 0 0 0 0 0 63 57 0 0 0 0 0 23 0 0 0 24 27 25 0 0 0 0 74 0 0 0 0 0 81 0 0 0 0 0 44 0 0 43 
24 0 0 0 0 0 27 0 22 74 77 0 76 81 0 79 0 75 0 0 0 0 0 0 0 0 0 0 0 9 3 0 2 0 0 0 0 0 0 0 0 0 38 0 0 46 0 0 48 0 49 53 0 0 0 0 0 0 0 0 16 0 0 0 68 65 0 0 0 69 0 0 0 0 0 36 0 0 0 0 0 
0 0 0 0 0 0 0 77 76 47 0 0 49 0 0 0 46 0 0 34 0 36 31 0 0 0 0 0 0 0 0 0 56 0 58 0 0 0 10 0 15 17 11 0 0 0 25 0 0 0 0 26 0 0 0 0 0 0 0 0 0 0 0 0 0 0 0 0 0 0 0 0 0 0 0 0 0 0 0 0 0 
0 0 0 43 39 0 45 0 0 0 0 0 13 0 0 0 0 12 0 79 0 0 0 0 75 0 0 0 0 0 0 0 0 0 22 23 0 0 0 58 60 62 0 0 0 64 0 0 0 0 67 0 0 0 0 35 0 30 33 0 0 29 0 0 5 0 0 0 0 6 0 0 0 0 0 0 0 0 0 0 0 
0 0 0 0 0 0 0 0 0 38 0 0 0 0 0 43 0 39 0 0 0 0 0 0 0 0 0 0 0 0 0 0 0 52 0 0 7 0 0 0 0 8 0 0 0 0 16 0 0 0 13 0 14 0 59 0 0 0 0 63 0 0 0 0 0 0 0 0 0 33 0 0 78 0 0 0 0 0 0 0 0 
0 0 0 0 3 0 0 0 0 56 0 0 0 0 0 0 0 57 0 0 44 0 0 0 0 0 0 0 0 0 66 0 0 0 0 0 0 0 0 22 0 0 0 23 0 0 0 0 0 0 0 0 0 0 0 80 0 75 0 81 0 74 0 0 0 0 0 53 0 51 0 0 0 0 0 0 0 0 11 0 0 
0 0 0 0 0 0 35 0 0 0 0 0 3 8 0 0 0 0 63 0 0 0 0 68 0 0 0 16 0 0 0 0 0 0 12 0 0 53 0 0 0 52 0 0 0 0 0 0 0 0 57 61 0 59 0 25 21 0 0 0 0 0 0 78 0 0 0 0 0 0 0 0 0 0 0 0 0 0 37 0 42 
0 0 0 24 0 0 0 0 0 73 0 0 0 0 0 0 0 74 0 60 0 0 0 0 0 0 0 0 0 0 2 0 0 0 0 4 0 0 0 0 0 43 37 40 0 45 51 0 47 46 0 0 49 0 0 0 0 0 14 17 0 0 0 0 67 0 0 0 0 68 0 0 0 0 0 35 0 0 0 29 0 
0 0 37 0 0 0 44 0 39 0 0 14 0 0 16 15 0 0 0 0 0 0 0 0 0 0 0 25 0 0 20 18 19 24 0 0 60 0 54 0 0 0 0 0 0 0 69 0 0 0 66 70 67 0 0 34 0 29 32 0 0 0 27 0 0 0 0 0 0 5 0 8 0 0 0 0 45 0 46 0 51 
0 0 0 0 0 79 0 0 0 0 0 0 0 0 0 0 0 0 27 33 0 0 0 32 29 0 28 0 0 62 0 54 0 0 0 0 0 0 0 0 0 0 10 0 0 0 0 0 0 19 0 0 0 0 0 0 66 0 68 71 0 0 0 0 40 0 0 0 39 41 0 0 0 0 0 0 0 0 0 0 0 
68 0 64 0 0 0 0 0 0 0 0 41 0 0 0 0 0 0 0 0 0 0 0 0 0 0 19 0 0 0 0 0 46 0 0 49 0 8 0 3 5 0 0 0 0 0 0 0 0 0 0 16 13 0 0 0 0 0 59 0 0 0 54 33 0 0 0 34 0 0 0 0 0 76 75 80 0 0 0 74 0 
50 0 0 0 47 52 0 0 48 0 0 0 0 0 0 24 0 0 0 0 0 0 0 0 0 0 0 0 0 0 0 0 28 33 0 0 0 0 0 0 0 0 0 0 0 0 0 0 0 0 0 0 76 0 0 0 0 0 0 0 0 0 0 0 0 0 0 0 0 0 0 17 0 0 0 0 0 0 0 0 0 
0 0 0 0 0 16 0 0 12 0 0 0 0 0 0 69 0 65 0 0 0 0 0 50 47 49 0 0 0 0 0 72 0 0 0 0 0 0 0 0 0 0 0 0 0 0 42 0 38 37 0 0 0 0 0 0 3 0 0 8 6 0 0 0 0 0 0 0 0 59 0 62 23 0 0 0 0 0 0 0 0 
0 0 0 60 0 61 0 0 57 0 0 0 0 0 34 0 0 0 0 0 0 0 0 0 0 0 10 0 0 0 38 0 0 0 0 40 0 0 0 75 0 79 73 0 0 0 0 0 0 0 3 0 4 5 0 0 0 0 50 0 51 0 0 0 0 19 0 0 0 0 20 26 0 0 0 0 0 0 0 0 69 
0 81 0 0 0 0 0 0 0 0 0 0 0 0 0 60 0 0 0 0 0 0 39 0 0 40 0 0 68 71 0 0 64 0 0 0 0 0 0 0 0 0 0 22 20 27 0 0 29 28 0 0 0 0 0 0 0 74 77 80 0 0 0 0 0 0 0 0 48 50 0 53 0 0 0 0 9 0 0 0 15 
0 0 0 0 0 0 0 0 0 0 0 0 0 0 0 0 0 0 62 0 0 0 65 0 0 0 0 0 0 0 0 0 0 0 11 0 0 0 0 0 0 0 45 48 0 0 0 61 0 0 56 0 0 0 0 0 0 0 0 0 23 0 0 0 0 0 0 78 0 0 0 79 0 0 0 0 0 0 0 0 41 
0 0 0 0 0 0 0 0 0 0 57 0 0 0 0 59 0 0 0 41 0 0 0 0 37 0 0 0 67 0 0 0 63 0 0 0 23 0 0 0 0 24 0 21 19 0 0 0 28 27 0 0 0 0 0 0 0 73 0 0 0 0 0 50 0 0 0 51 0 0 0 0 0 0 0 0 8 0 9 0 0 
0 0 0 0 0 0 16 0 11 0 0 0 0 0 0 0 0 64 0 0 0 52 0 0 0 0 0 0 0 0 0 0 0 77 74 75 0 0 0 0 0 0 0 30 0 0 0 0 0 36 0 0 0 0 0 0 0 0 4 0 0 0 0 59 0 0 53 0 56 0 0 0 0 0 20 0 0 0 0 0 0 
0 0 0 0 0 0 0 0 0 0 0 0 11 16 0 0 0 0 0 0 0 0 0 0 0 75 0 0 0 0 0 17 0 0 20 0 0 0 0 56 0 0 0 57 0 62 0 0 0 0 0 0 0 67 0 0 0 0 0 0 0 0 26 0 3 0 0 0 2 0 1 0 0 0 0 0 44 0 45 0 0 
0 0 0 0 0 0 52 48 0 0 21 0 0 0 24 0 0 0 80 5 0 0 0 0 0 0 0 0 0 0 0 0 27 0 0 0 68 0 0 0 0 69 63 0 0 0 0 0 0 0 0 0 0 76 0 0 0 37 0 0 0 0 0 0 0 0 0 0 0 0 0 0 0 0 0 0 0 0 0 55 59 
76 71 0 0 0 0 0 0 0 0 0 0 0 0 0 0 44 0 0 32 33 0 0 0 0 0 0 0 0 0 0 53 0 0 0 0 14 0 0 0 0 0 0 0 0 0 0 0 0 0 0 0 0 22 66 0 0 0 0 0 68 0 0 0 0 0 0 0 0 0 0 0 0 0 0 7 0 0 0 0 5 
67 0 0 0 0 0 0 0 65 0 0 0 0 0 0 0 0 0 17 0 0 0 20 22 0 21 0 0 0 0 0 0 0 0 0 48 0 0 80 0 0 6 0 0 0 0 0 0 0 0 0 0 12 13 0 0 0 0 0 0 59 0 0 32 0 27 0 0 0 0 0 0 0 75 74 0 0 78 0 0 77 
0 0 0 23 0 24 0 0 0 0 75 0 0 79 78 0 0 0 0 0 0 0 0 0 0 0 0 0 0 0 1 80 0 0 2 0 0 0 0 38 0 0 0 0 37 0 0 0 0 0 47 0 0 0 12 0 0 0 0 0 0 0 8 0 0 0 0 69 0 0 64 70 0 0 0 0 0 0 0 0 0 
0 0 0 0 0 0 0 0 0 0 0 0 0 0 0 0 0 0 8 0 0 0 0 0 0 0 0 0 0 0 0 0 0 0 38 39 77 0 0 0 0 78 0 0 0 0 0 0 0 0 0 6 0 0 0 0 0 0 0 0 0 0 44 0 0 0 0 24 0 0 0 0 0 0 65 70 62 0 0 0 0 
0 0 0 0 0 0 4 0 80 0 54 0 0 0 57 56 50 0 32 0 39 0 0 0 34 36 0 0 0 0 0 0 0 0 0 63 0 0 0 0 0 0 0 0 0 0 0 0 25 0 26 0 0 28 0 0 71 0 0 0 0 0 0 0 45 0 0 0 44 0 0 49 10 0 0 0 0 0 0 0 0 
0 0 0 38 0 0 0 0 0 0 0 0 0 0 0 0 0 0 0 74 0 0 71 0 0 0 0 0 0 0 16 0 0 0 0 18 0 0 50 0 0 0 51 0 52 0 65 0 0 0 62 0 0 0 27 0 0 0 0 31 0 0 23 2 81 0 0 3 0 0 0 0 0 0 0 0 0 48 0 0 0 
73 0 0 0 0 0 0 0 0 42 0 0 0 49 48 0 41 0 0 29 0 0 0 0 0 27 0 0 0 0 0 0 0 0 0 0 11 0 0 0 0 0 0 0 7 0 0 0 16 15 0 0 18 0 0 0 62 0 0 0 0 0 59 0 0 33 32 0 0 0 0 40 0 81 80 0 77 0 0 0 0 
0 0 15 20 0 0 0 0 0 0 0 0 0 0 0 0 0 70 0 0 0 0 0 55 0 0 51 3 0 0 0 77 0 0 0 0 0 0 0 35 37 0 0 0 0 0 0 49 0 0 44 0 0 0 0 0 0 0 0 0 0 0 0 0 0 60 0 0 0 0 0 0 0 0 0 31 0 0 0 0 0 
0 0 0 56 0 0 0 0 53 0 0 0 0 0 30 0 0 0 0 0 0 0 8 0 7 0 0 0 0 0 0 0 0 38 0 0 0 76 0 0 0 0 0 0 0 0 0 0 79 0 0 0 81 1 0 48 0 0 0 49 0 0 0 0 0 0 0 21 0 0 0 22 0 0 62 67 59 0 0 0 65 
0 23 0 0 0 0 0 0 0 0 0 0 80 0 0 0 0 0 59 65 0 0 0 0 0 0 0 12 0 0 0 0 6 0 0 0 0 0 41 0 0 48 0 0 0 0 0 0 0 0 0 0 54 0 18 21 0 0 0 0 0 0 14 0 0 0 0 0 0 0 0 0 0 0 0 0 0 0 0 0 38 
64 0 0 0 61 0 0 0 0 0 0 0 0 0 0 0 0 0 14 0 0 0 0 19 0 0 0 0 0 0 0 0 0 0 0 0 0 0 0 80 0 0 0 0 0 0 11 13 0 6 0 12 0 0 0 0 0 0 0 58 0 51 0 0 0 0 23 0 0 28 0 0 0 0 71 0 0 0 0 70 0 
0 0 0 11 0 0 0 0 8 0 0 0 0 0 0 0 59 0 41 0 0 0 0 0 0 0 0 75 0 76 0 0 0 0 71 0 0 0 23 0 0 0 24 0 0 0 0 40 0 0 0 0 0 0 0 0 0 0 0 0 0 0 0 0 0 0 0 0 0 0 52 58 0 0 0 22 14 21 0 16 0 
0 0 0 47 0 48 49 45 0 0 0 0 0 0 21 0 0 0 0 2 0 0 0 0 0 0 0 0 28 0 25 0 0 0 0 0 0 67 0 0 0 0 0 0 0 0 74 0 0 0 0 0 72 0 0 0 0 34 0 0 0 33 0 11 9 0 0 12 0 0 0 13 0 0 0 0 0 57 0 0 0 
