9
0 0 0 0 0 0 0 0 0 0 0 0 0 0 29 0 32 0 0 0 0 0 0 0 0 8 11 0 52 0 45 0 0 50 46 44 0 0 0 0 54 0 0 0 0 0 20 0 0 0 0 0 0 0 0 0 0 63 0 0 66 0 0 0 0 0 76 0 0 74 73 0 0 0 39 0 0 43 0 36 0 
0 0 0 0 0 0 0 0 0 0 0 0 0 0 56 0 0 0 42 36 0 0 0 0 0 0 0 0 79 0 0 0 0 0 73 0 0 0 0 0 0 0 0 0 2 0 0 0 0 0 0 0 0 0 0 0 0 0 8 0 0 10 0 23 0 0 22 0 0 0 0 0 0 0 0 0 0 0 0 0 0 
0 0 0 0 72 0 0 0 0 0 0 0 0 0 0 17 23 0 6 0 0 0 0 0 4 0 2 42 0 0 0 0 0 0 37 35 51 0 0 0 0 0 0 0 0 0 0 0 9 0 12 0 0 0 56 0 0 0 0 0 0 0 0 0 0 70 0 0 69 0 0 0 0 0 0 0 0 0 0 0 0 
0 0 0 0 0 0 0 0 0 0 0 0 0 0 74 0 0 0 0 0 0 0 0 0 0 0 56 0 0 0 9 0 0 0 0 8 0 23 0 0 18 0 0 0 0 68 65 0 63 64 66 0 70 69 0 0 0 0 0 31 0 0 0 0 0 0 0 0 0 38 37 36 0 0 0 0 0 0 0 0 0 
0 0 0 0 0 0 0 0 0 0 0 0 0 0 0 0 0 0 0 0 0 0 0 0 0 0 47 0 7 0 0 0 0 5 0 80 0 0 8 0 0 0 0 0 0 0 0 58 0 0 0 0 0 0 0 0 24 0 0 22 0 0 0 0 0 34 0 0 0 0 0 0 0 0 0 0 0 0 0 0 0 
14 10 0 0 9 0 0 0 0 0 0 0 36 0 0 0 0 42 0 0 0 0 0 23 0 0 0 60 0 0 0 58 0 59 0 0 69 0 62 0 63 0 0 0 0 0 0 0 27 0 0 0 0 0 0 79 78 72 0 0 0 0 0 5 80 0 0 0 6 0 0 0 47 51 0 0 0 0 0 0 0 
0 0 0 62 63 0 0 0 0 0 0 16 0 0 11 0 0 0 0 0 0 0 0 0 0 0 0 0 0 0 0 31 0 0 0 26 42 0 0 0 0 39 0 0 38 0 0 0 0 1 0 0 0 0 0 0 0 45 0 0 0 0 0 0 0 0 0 0 0 0 0 0 20 0 0 0 0 0 0 0 0 
0 0 57 0 54 60 0 0 61 0 0 0 0 0 0 0 0 0 69 0 0 0 0 0 0 0 65 24 0 0 0 22 0 0 19 0 0 32 0 0 27 0 0 0 29 0 74 76 0 0 0 71 0 78 0 0 0 0 35 0 0 0 0 0 0 0 0 0 51 47 0 0 0 0 0 13 14 0 0 0 0 
0 0 0 0 0 0 0 0 0 0 0 52 45 48 0 0 0 0 0 27 0 0 0 0 31 0 0 69 0 0 0 0 0 0 0 62 0 77 0 0 0 0 0 79 0 0 0 0 36 0 0 0 0 0 0 0 0 0 0 0 0 0 0 0 0 16 0 0 0 0 0 9 0 0 0 0 0 0 53 0 0 
51 0 0 0 0 52 50 48 0 0 0 0 0 0 0 0 78 0 0 0 0 0 0 0 59 0 0 16 0 13 0 0 0 0 0 0 0 0 18 0 0 0 0 0 0 0 66 0 0 0 0 0 0 70 0 0 0 0 0 0 0 0 0 0 0 0 0 40 0 0 0 0 0 0 0 0 0 0 0 0 0 
24 0 0 0 0 25 0 0 0 0 0 0 0 49 0 0 0 0 0 0 35 29 0 0 0 0 0 0 71 0 0 0 0 0 0 0 79 0 0 0 0 0 0 0 0 0 0 41 37 0 0 0 0 0 0 0 0 0 0 0 0 0 6 0 0 0 0 0 0 0 11 0 0 0 0 0 0 0 0 0 0 
60 0 0 0 55 0 0 57 0 0 0 0 1 4 0 0 0 0 0 0 0 0 0 0 0 0 0 0 0 0 0 0 0 0 0 0 0 33 27 0 0 31 32 0 0 0 75 0 0 74 0 0 80 0 39 0 0 0 0 41 0 0 42 0 0 0 0 49 0 0 47 0 0 0 13 0 0 0 0 0 0 
0 11 0 0 0 16 0 0 0 0 38 0 0 0 0 0 0 0 0 0 0 0 0 0 23 0 21 0 62 58 0 0 0 0 0 0 0 69 0 0 64 0 0 0 0 0 0 0 0 0 0 0 0 0 0 80 79 0 0 0 0 0 0 0 0 8 5 0 0 0 0 0 0 0 0 0 0 0 0 0 0 
0 0 0 0 0 70 68 0 0 0 0 0 0 0 12 9 15 0 0 0 80 74 0 0 0 72 0 0 0 31 0 0 0 0 0 0 0 0 0 0 0 0 0 0 0 0 0 0 1 0 0 0 0 0 48 0 0 0 0 0 0 0 0 0 0 0 0 0 61 0 56 55 0 0 0 0 0 0 0 19 20 
0 0 76 0 0 79 0 0 0 0 0 0 19 0 0 0 0 25 0 0 0 0 0 0 0 81 0 0 0 40 0 0 0 42 38 0 0 51 0 0 0 49 0 0 0 0 12 14 0 0 0 0 17 0 0 0 0 55 0 59 0 0 0 0 63 0 0 67 0 0 0 0 0 0 0 0 33 35 0 0 0 
0 0 0 0 0 0 41 0 0 0 0 71 0 0 0 0 69 0 0 46 0 47 0 0 0 0 0 0 0 0 0 0 0 0 0 0 0 15 0 0 0 13 0 0 0 0 0 0 55 0 0 0 62 0 0 0 0 19 0 23 0 0 0 0 0 0 32 0 0 0 0 0 0 0 0 0 0 0 0 0 0 
33 29 0 0 0 34 0 0 35 0 0 0 0 0 0 0 0 0 0 0 0 0 0 0 0 0 0 0 80 0 0 77 0 78 0 0 7 0 0 2 0 0 0 0 0 0 48 50 0 0 0 0 53 0 0 0 0 0 0 0 0 0 0 0 0 0 0 22 0 0 20 0 0 0 0 0 69 71 0 0 0 
0 0 0 81 1 0 0 0 0 0 0 0 0 0 0 0 0 0 0 0 0 11 0 15 0 0 0 0 0 0 0 0 0 0 0 0 0 0 0 56 0 0 59 0 0 24 21 0 0 20 0 0 0 0 0 0 70 0 63 0 0 0 0 0 0 0 0 76 0 75 0 0 0 43 0 0 0 0 36 0 0 
48 0 0 0 43 0 0 45 0 74 0 0 0 0 72 0 0 0 0 0 0 0 0 0 0 0 0 0 0 0 0 0 0 0 8 0 22 0 0 0 0 0 0 0 0 66 0 0 0 0 0 0 0 67 0 32 0 0 0 0 28 0 0 39 0 41 0 0 40 36 0 0 0 0 0 0 3 0 0 0 0 
0 0 0 0 0 0 20 18 23 0 0 50 0 0 0 0 48 49 0 0 0 0 0 0 0 0 0 0 0 64 0 0 0 0 0 60 0 0 0 71 0 73 0 0 0 39 0 38 0 0 0 33 0 0 0 0 0 0 0 0 0 0 0 0 6 0 0 10 0 9 0 0 0 0 0 0 0 0 51 0 0 
66 0 0 0 0 0 65 63 0 0 0 0 7 0 9 6 0 13 76 70 0 0 73 0 0 0 0 0 0 0 0 29 0 30 0 0 0 0 0 0 0 0 0 0 0 0 0 0 0 80 0 0 0 0 0 0 49 0 0 0 46 44 0 57 0 59 0 0 0 54 53 52 0 0 0 20 0 0 0 0 0 
0 0 0 33 0 0 38 0 0 0 0 0 0 0 0 0 0 67 0 43 0 44 0 0 0 0 0 4 0 0 0 0 0 0 0 0 0 0 0 8 0 0 0 0 0 0 0 0 0 0 0 0 0 0 0 0 0 0 0 20 0 0 21 0 24 32 0 0 0 0 0 0 0 0 0 0 75 0 0 0 0 
0 0 55 0 0 0 0 0 0 0 0 0 0 0 0 78 0 0 0 0 0 0 0 0 65 0 0 0 0 0 0 0 0 21 0 0 0 0 0 26 0 0 29 32 0 0 0 0 0 71 0 69 0 0 0 0 40 0 0 0 0 0 0 0 0 0 0 0 0 45 0 43 0 13 0 0 0 0 0 7 0 
0 0 0 0 7 13 0 0 0 0 0 0 34 0 0 0 0 0 0 0 0 0 0 0 0 0 0 58 0 55 0 0 0 0 0 0 0 0 0 0 0 0 0 68 0 0 0 0 25 26 28 24 0 0 0 0 0 0 0 0 0 0 0 3 78 0 2 0 4 81 0 79 0 0 0 0 0 0 0 43 0 
75 0 0 69 0 0 0 72 77 0 0 0 0 0 18 0 21 0 0 0 0 0 0 0 0 0 0 0 0 0 34 0 0 0 0 0 0 0 0 0 0 46 0 0 0 0 9 11 0 0 0 0 0 0 0 0 0 52 0 0 55 0 57 0 60 68 0 0 0 0 62 0 0 0 0 0 0 0 0 0 0 
3 0 0 0 0 0 0 81 0 29 0 0 0 0 27 24 0 0 0 0 0 0 0 0 0 6 9 0 0 46 43 0 45 0 0 42 0 57 0 0 0 0 0 0 0 0 0 0 16 0 0 0 23 0 0 0 0 0 0 65 0 0 0 0 0 0 0 0 0 0 0 0 0 40 0 0 0 0 0 0 0 
0 0 28 0 0 0 29 0 0 0 0 0 0 0 0 0 0 0 0 0 0 0 0 0 38 33 0 76 77 0 0 0 0 0 0 0 4 0 0 80 0 0 0 5 0 0 0 47 0 0 0 42 0 0 0 0 0 0 0 0 0 0 0 0 0 0 0 0 0 0 0 16 0 67 0 0 0 0 0 61 0 
81 0 0 0 0 0 0 0 0 0 23 0 22 0 0 0 0 0 0 0 11 5 0 0 0 0 0 0 0 0 0 0 42 0 41 39 55 0 0 0 0 0 0 0 0 0 0 0 13 14 0 12 0 0 0 0 0 0 0 0 0 0 0 0 0 0 0 0 73 0 0 0 0 0 0 0 0 0 0 0 32 
0 50 0 0 0 0 0 0 0 80 0 0 0 0 0 0 0 0 0 58 0 0 0 0 0 0 0 19 20 0 13 0 0 0 0 0 0 27 0 0 0 0 0 0 0 0 0 0 0 0 70 0 0 0 33 0 0 31 0 0 34 32 36 0 0 47 44 0 0 0 0 0 0 0 0 0 9 0 3 0 0 
0 0 0 0 0 0 0 0 0 0 68 0 0 0 0 0 72 0 0 0 0 0 0 0 53 0 51 0 0 0 0 0 0 0 0 3 0 0 0 0 0 0 0 0 0 0 0 0 0 59 0 0 0 0 0 0 0 0 0 0 0 23 0 0 30 0 0 0 0 0 0 31 0 0 0 80 0 0 0 0 0 
0 0 0 0 58 0 62 60 65 0 0 0 0 0 0 0 0 0 0 0 0 0 0 72 71 0 0 28 0 25 22 0 0 0 0 21 0 36 0 0 0 0 0 0 0 0 0 0 76 0 0 0 0 0 42 0 0 0 0 0 0 0 45 0 48 0 0 0 0 0 0 0 15 0 0 0 0 0 12 0 0 
0 68 0 0 0 0 0 0 0 0 0 0 0 0 15 12 0 0 1 0 0 0 0 0 80 75 0 37 0 0 0 0 0 36 0 0 0 0 39 0 0 0 0 0 42 0 6 0 0 0 0 0 11 0 0 56 0 49 0 0 0 0 0 0 0 65 0 0 0 0 0 0 0 28 25 0 0 0 0 0 0 
0 0 16 0 0 0 0 0 0 0 0 0 0 0 42 0 45 0 0 0 29 0 0 0 0 0 0 0 0 0 58 0 0 0 0 0 0 72 0 68 0 0 71 0 0 36 0 0 31 0 0 0 0 0 0 0 1 76 0 0 0 77 0 0 0 0 0 0 10 0 0 0 51 55 0 0 54 0 0 49 0 
0 5 0 0 4 10 0 0 11 0 0 0 0 0 33 0 0 0 19 0 20 0 16 18 0 0 0 0 0 52 0 0 51 0 50 0 0 0 57 0 0 0 0 0 0 0 0 0 22 0 0 21 29 28 0 0 73 67 0 71 0 0 0 0 0 0 80 0 1 0 0 0 0 0 0 44 0 0 0 0 0 
0 0 0 0 22 0 0 0 0 0 50 0 0 52 0 0 0 0 0 0 0 0 0 0 35 0 0 0 0 0 0 0 69 0 68 0 0 81 0 0 0 0 80 0 0 45 0 0 0 0 0 0 0 0 6 0 10 0 0 0 0 0 0 0 0 0 17 0 0 15 0 0 0 64 61 62 63 0 0 0 0 
0 32 34 0 0 0 35 0 0 0 0 0 0 0 0 0 0 0 0 40 47 0 0 0 0 39 0 0 0 0 0 80 0 0 0 0 10 0 3 0 0 7 8 11 0 0 0 0 0 0 0 0 56 0 0 0 0 0 0 0 0 14 0 27 0 29 0 0 28 0 23 0 0 73 0 0 0 0 0 67 0 
0 0 0 0 0 0 21 0 0 48 0 0 0 47 0 43 0 0 32 0 33 0 0 0 0 25 0 0 0 0 0 66 0 0 63 0 0 0 0 0 0 0 0 0 0 0 37 39 0 0 0 0 42 0 0 0 0 0 79 0 0 81 0 0 0 0 0 0 0 0 0 0 0 0 0 57 0 0 0 0 0 
0 0 0 0 0 0 0 73 0 0 0 0 17 0 0 0 0 0 0 0 6 0 2 4 0 0 0 0 0 0 0 39 0 0 0 0 0 49 0 0 0 0 0 0 0 13 0 12 0 9 0 0 0 0 0 0 0 0 0 0 0 0 0 0 0 0 0 0 68 0 63 0 28 0 0 0 0 0 25 0 27 
0 9 11 7 0 14 0 0 0 0 0 0 35 0 0 0 0 41 0 0 24 0 0 0 0 16 0 0 0 0 0 57 0 0 0 52 0 0 0 0 0 0 0 0 0 31 28 0 0 0 0 0 0 32 0 0 0 0 0 0 0 0 0 0 0 0 0 0 0 0 0 0 0 0 47 48 0 0 0 0 0 
0 0 0 0 0 0 0 0 42 0 0 0 62 0 0 0 0 0 0 0 51 0 0 0 48 0 46 0 0 0 0 0 0 4 81 0 0 0 0 0 0 0 0 0 10 0 0 0 53 0 0 0 60 0 0 0 23 0 16 0 20 0 0 0 0 0 0 0 0 0 0 0 73 0 74 0 76 78 0 0 0 
0 0 2 0 0 5 0 0 0 0 0 0 0 0 0 0 0 0 0 0 0 9 0 0 0 0 0 0 0 47 0 0 0 0 0 0 0 0 0 0 0 56 0 0 0 22 0 0 0 0 20 16 24 0 0 69 0 62 61 0 0 0 0 0 0 0 0 0 0 0 0 71 0 0 38 0 0 0 0 0 0 
0 0 56 52 0 0 0 0 0 0 0 0 0 0 0 0 0 5 0 0 69 63 0 0 0 0 0 0 0 0 17 0 19 0 0 0 0 31 25 0 26 0 0 0 0 0 0 0 0 72 0 0 0 0 0 0 0 35 0 0 0 0 0 0 0 0 0 47 0 0 45 0 0 0 0 12 0 0 0 0 0 
0 0 0 0 62 0 0 64 0 12 0 0 0 0 10 0 13 0 0 0 78 0 0 0 75 0 0 32 0 0 0 30 0 0 27 0 41 0 34 0 0 0 0 42 0 0 0 0 0 81 0 0 0 0 0 0 0 44 0 0 0 0 49 0 0 0 0 0 0 0 0 0 19 0 0 0 0 24 0 0 0 
0 45 0 0 0 0 48 0 0 0 0 78 0 0 0 70 0 0 0 0 0 54 0 58 0 0 0 0 0 0 0 0 0 0 0 0 0 0 0 0 17 0 21 0 0 0 64 0 0 0 0 0 0 0 0 0 0 0 0 0 29 0 0 0 34 0 0 38 41 0 36 0 0 0 0 3 0 0 0 0 0 
0 0 29 0 0 0 0 0 0 0 0 0 0 0 55 0 0 0 0 0 0 0 0 40 39 0 0 0 0 0 71 0 0 0 72 70 0 0 0 81 0 0 0 0 0 0 0 0 0 0 47 0 0 0 0 0 0 8 0 0 0 0 13 0 0 0 0 0 23 19 0 0 0 0 0 0 0 69 0 0 0 
35 31 0 0 0 0 0 0 0 61 0 0 0 0 0 0 62 63 0 0 0 0 42 0 0 0 0 0 0 0 0 79 0 0 76 0 0 0 0 4 0 0 0 10 5 0 0 52 0 0 51 0 0 0 14 0 18 0 0 0 0 0 0 0 20 0 0 24 27 0 0 0 0 72 0 70 0 0 65 0 0 
0 0 0 0 0 0 0 0 0 0 13 0 0 0 0 0 17 0 0 0 1 0 0 0 0 0 77 0 0 0 30 0 0 35 0 0 45 44 38 0 0 0 0 0 0 0 5 7 0 0 6 0 0 9 0 0 54 0 0 0 0 0 0 0 0 0 0 60 0 0 0 57 0 0 0 0 26 0 0 0 0 
62 0 0 0 0 0 0 0 0 0 0 0 0 0 5 0 0 0 72 0 0 0 69 0 0 65 0 0 0 0 21 0 0 0 22 20 0 0 0 31 0 33 0 0 0 0 0 79 0 0 0 74 0 0 0 0 0 0 0 0 0 0 0 53 0 0 0 0 0 0 0 0 0 0 0 0 0 0 0 0 0 
80 76 0 74 0 0 0 0 0 0 0 0 0 0 0 20 0 0 0 0 10 0 0 0 0 0 5 0 0 42 0 0 41 44 0 38 54 53 0 0 0 0 0 55 50 17 0 0 0 13 0 0 19 0 0 64 0 0 0 61 0 0 0 0 65 73 70 0 0 0 0 0 0 36 0 0 35 37 29 30 0 
0 0 0 0 0 0 0 0 0 0 0 0 0 0 0 0 0 36 0 0 0 0 15 0 0 0 0 0 0 51 0 0 0 0 0 0 63 0 56 0 0 0 0 0 0 0 0 0 0 0 0 0 0 0 0 0 0 0 0 0 0 0 71 80 0 0 0 0 0 0 76 0 0 0 0 43 0 0 0 39 40 
0 0 0 0 21 0 25 0 0 0 0 0 48 0 50 47 0 0 36 30 0 31 0 35 0 0 0 0 0 0 0 0 0 0 0 0 0 0 0 0 0 0 0 0 0 44 0 0 39 0 0 0 46 0 5 10 0 3 0 0 6 0 8 0 0 0 0 0 18 0 13 12 0 0 0 0 0 0 0 57 58 
53 0 0 0 0 0 0 0 0 0 76 0 0 0 77 0 0 0 63 0 0 0 60 0 0 0 0 0 0 0 0 0 0 0 0 0 27 0 0 0 0 0 0 0 0 0 68 70 0 0 0 0 0 0 32 0 0 0 0 0 33 0 0 0 0 0 0 0 0 0 0 0 0 0 0 0 8 0 2 3 0 
0 0 0 0 0 18 0 0 0 43 0 0 0 0 41 0 0 0 0 0 0 0 0 0 25 20 0 0 0 60 0 0 0 0 0 0 0 0 0 0 66 0 70 0 0 0 0 0 0 31 0 29 0 0 77 0 0 0 74 0 78 0 0 0 0 0 0 0 0 0 4 0 50 0 0 52 0 55 47 0 0 
44 40 0 0 0 0 0 0 0 0 0 0 0 0 0 0 0 0 0 0 55 49 0 0 0 0 0 0 0 6 0 0 0 0 0 0 0 0 11 13 0 15 0 19 0 0 0 0 0 58 0 0 0 0 0 28 0 21 20 0 0 0 0 0 0 0 0 0 0 32 0 30 0 0 0 0 0 0 0 75 76 
0 0 68 64 0 0 0 0 0 0 0 0 11 0 13 0 0 17 80 0 0 0 0 79 78 0 0 0 36 32 29 0 0 34 0 28 0 0 0 0 0 41 0 0 0 0 0 0 0 0 0 0 9 0 0 0 0 47 0 0 0 0 52 0 0 0 0 0 0 0 57 56 0 0 0 0 0 27 0 0 21 
0 0 0 0 2 0 0 0 0 0 30 36 0 0 0 0 0 0 0 0 18 0 14 16 0 0 0 53 0 50 0 51 0 0 0 0 0 0 0 0 0 0 60 0 0 0 22 0 20 21 0 0 0 26 0 72 0 0 0 0 0 66 0 79 0 0 0 0 80 0 0 74 40 0 0 0 0 0 37 0 39 
61 0 0 55 0 0 60 58 0 0 0 0 0 0 0 0 0 0 0 0 0 66 68 0 0 0 0 0 0 0 20 0 0 0 0 0 0 0 28 0 29 0 0 0 0 0 76 78 0 0 77 0 0 0 0 45 0 0 0 0 0 0 0 0 0 0 0 0 0 49 0 0 0 0 14 0 0 0 0 11 0 
0 0 0 0 0 35 0 0 0 60 57 63 0 59 0 0 0 0 0 38 0 39 0 43 0 37 0 0 81 0 0 0 0 0 75 73 0 0 0 0 0 5 0 0 0 0 0 51 0 0 50 46 0 0 13 0 0 0 0 0 0 0 0 0 0 0 0 0 0 22 21 0 0 0 0 0 0 0 64 65 66 
0 0 0 37 0 0 0 0 0 69 66 72 0 0 0 0 0 0 0 0 0 0 0 0 0 0 0 0 0 0 0 0 0 7 0 0 0 0 0 0 0 0 0 0 0 61 0 0 0 57 0 0 0 0 0 0 0 0 0 0 0 0 0 0 28 0 0 0 0 0 0 0 0 0 0 0 0 0 0 0 0 
0 21 0 19 0 0 0 22 0 0 48 0 0 0 0 0 0 0 0 0 0 0 0 0 0 0 31 0 0 0 0 0 0 0 0 64 0 0 0 0 0 0 0 0 0 0 0 0 0 0 0 0 0 0 0 0 0 0 0 0 0 0 7 0 10 0 0 14 17 0 0 11 0 0 0 0 0 0 0 0 57 
0 0 0 0 0 80 0 0 0 0 0 0 20 0 0 0 25 0 0 0 0 0 0 0 6 1 4 0 45 0 38 0 0 0 0 0 53 52 0 0 0 0 0 0 49 16 0 0 0 0 14 10 0 0 0 0 0 0 0 0 0 57 0 70 0 0 0 0 0 67 0 0 0 0 32 0 0 36 0 0 0 
0 12 0 10 11 0 15 0 0 0 0 0 0 0 0 0 0 0 0 0 27 21 23 0 0 0 0 0 0 0 0 0 0 0 0 0 71 70 64 0 0 68 0 0 67 0 0 0 0 30 0 0 0 0 0 81 0 0 73 0 0 0 0 0 0 0 0 5 0 4 3 0 0 0 0 0 0 0 46 0 0 
0 48 0 0 0 0 0 0 0 0 0 81 0 77 0 73 0 0 62 0 0 57 59 61 0 0 58 17 18 0 0 0 13 0 0 0 0 0 0 0 0 0 0 0 22 70 0 0 65 0 0 64 0 0 0 0 0 29 0 33 0 0 0 0 0 0 0 0 44 0 39 0 4 0 0 0 0 9 0 0 0 
0 43 0 0 0 0 0 0 0 0 0 0 0 0 0 0 74 0 57 0 58 52 0 0 0 50 0 0 0 0 6 0 0 0 0 0 0 0 0 0 0 18 0 22 0 65 62 0 0 0 0 0 0 0 0 31 0 0 0 28 0 0 0 0 0 0 37 0 0 0 0 0 0 0 0 0 2 0 0 78 0 
74 0 0 68 0 0 0 0 76 19 0 0 0 18 0 0 0 0 0 0 0 79 0 0 0 0 0 0 0 0 0 0 35 0 0 0 48 0 0 43 42 0 0 0 0 0 0 0 0 0 0 0 0 0 0 0 0 51 0 55 0 0 0 65 0 67 0 63 0 62 61 0 0 0 0 0 0 0 0 0 0 
0 0 36 0 0 0 0 35 40 0 0 0 0 0 0 0 65 0 0 0 0 43 0 0 0 0 0 0 0 0 0 0 0 0 0 0 0 0 0 0 0 0 10 0 0 0 0 55 51 52 0 50 0 0 0 0 0 0 0 19 0 0 0 0 0 31 28 0 0 0 0 24 0 0 0 0 0 0 0 0 0 
0 0 0 0 0 0 10 0 0 0 34 0 0 36 0 0 0 0 0 0 0 0 0 0 0 14 0 0 0 54 0 0 0 0 0 0 0 0 0 61 0 0 64 0 0 0 0 0 0 0 0 0 0 0 0 0 0 0 0 0 0 0 0 0 0 0 0 0 0 0 0 0 0 0 0 46 47 0 0 0 0 
0 61 0 0 0 0 0 0 0 10 0 0 0 0 0 0 0 0 0 69 0 70 0 74 0 0 0 0 31 0 0 0 26 0 0 0 39 0 0 0 0 0 0 0 0 2 0 0 0 0 0 77 0 0 44 0 48 0 0 0 0 43 0 0 0 0 0 54 0 0 0 0 0 21 0 0 0 0 14 0 0 
0 0 0 50 0 0 0 0 0 1 79 0 0 0 0 0 0 0 0 0 0 61 0 0 0 0 62 21 22 0 0 0 0 0 0 0 0 0 0 0 24 0 0 31 0 0 0 0 0 0 0 0 0 0 0 0 0 0 0 0 36 0 0 0 0 49 0 0 0 0 43 0 0 0 9 0 0 0 0 6 0 
0 0 0 0 24 30 28 0 0 0 0 58 0 0 53 0 0 0 39 0 40 0 0 0 0 0 0 75 0 72 0 0 71 0 0 0 0 0 0 0 0 0 0 0 80 0 0 0 0 0 0 0 0 48 0 13 0 0 0 10 0 7 0 0 0 0 0 0 0 0 0 0 0 0 63 0 0 0 0 0 0 
0 0 0 0 15 21 19 0 0 0 0 0 0 0 0 0 0 48 0 0 0 0 0 0 0 23 0 0 0 0 0 0 0 0 0 0 0 0 0 0 0 0 73 0 0 38 0 0 0 0 0 32 0 0 0 0 0 0 77 0 0 0 0 0 0 0 0 0 12 0 7 0 53 57 0 0 0 0 0 0 52 
0 0 0 77 0 0 0 80 0 28 25 31 24 0 0 0 0 0 12 0 0 0 0 0 0 0 8 0 0 0 0 0 0 0 0 0 0 0 0 0 0 0 0 0 0 0 0 0 0 0 0 14 0 0 0 0 0 0 0 0 0 0 0 0 0 0 0 0 0 71 0 0 0 0 0 0 38 40 0 0 0 
0 0 0 0 5 0 0 0 12 0 0 0 0 0 0 31 0 38 20 0 0 0 17 0 18 0 0 0 57 0 0 0 0 0 0 0 0 0 0 0 0 0 63 66 61 28 0 0 0 24 0 0 0 0 0 0 0 0 67 0 0 0 0 1 0 0 0 0 2 0 0 77 0 0 44 0 0 0 0 0 0 
37 0 0 0 0 0 0 0 0 0 0 0 0 62 0 58 64 0 0 0 48 0 0 46 0 0 0 0 0 0 0 0 0 1 78 0 0 0 0 0 5 0 9 0 0 0 0 0 50 0 0 49 0 0 0 0 0 0 0 0 0 0 0 0 0 0 0 0 29 0 0 23 70 74 0 0 73 0 0 0 0 
0 0 0 76 0 2 0 0 0 27 0 0 0 0 0 0 0 0 0 0 0 0 8 0 0 0 0 0 0 0 0 0 0 0 0 0 0 55 0 0 0 0 0 0 0 19 16 0 14 0 17 0 21 20 0 66 0 0 0 0 0 0 0 0 0 0 0 0 0 70 0 0 0 0 35 0 37 0 0 32 0 
55 0 0 0 0 0 54 0 0 81 0 0 0 0 0 0 0 0 0 59 0 0 0 0 0 0 61 20 0 0 0 0 16 0 0 0 0 0 0 0 0 26 0 0 0 0 0 0 0 0 71 0 0 0 0 0 0 0 0 0 0 0 0 0 0 0 0 0 0 0 0 0 0 11 0 0 10 0 0 0 0 
19 0 17 0 0 0 0 0 0 0 0 0 0 0 0 0 0 47 29 23 0 0 0 0 0 0 0 0 0 0 0 0 61 0 0 0 0 0 0 0 0 0 0 75 0 0 0 0 0 0 0 0 0 0 0 0 2 0 0 0 0 0 0 0 0 0 9 0 0 0 0 0 0 0 0 0 0 57 0 0 0 
0 0 0 0 0 65 0 0 0 0 0 0 0 0 0 0 0 0 0 0 0 0 0 0 0 0 0 0 0 0 0 0 0 0 0 0 0 0 0 0 0 0 0 0 34 0 79 0 77 0 0 0 3 0 0 0 47 0 0 45 0 0 0 0 0 57 0 0 0 0 0 0 16 20 17 0 0 0 0 0 0 
0 0 0 0 68 0 0 0 0 18 0 21 0 0 0 13 0 0 0 0 0 0 0 0 0 0 0 0 0 0 0 0 0 0 0 31 0 0 0 0 0 0 0 0 0 10 0 0 0 0 0 4 0 0 0 0 0 0 0 0 0 51 0 64 0 0 63 0 0 0 0 0 0 0 0 0 28 0 0 23 0 
0 42 44 0 0 0 0 0 0 0 0 0 0 0 70 0 0 0 0 0 0 51 0 0 0 0 0 11 0 8 0 0 7 10 0 4 0 19 0 15 0 0 0 21 16 0 0 0 59 60 0 0 0 0 0 0 0 0 22 27 26 0 0 0 0 0 0 0 0 0 0 0 0 0 0 81 0 0 0 0 0 
0 0 0 0 0 29 27 25 0 0 51 0 50 0 0 49 0 0 0 0 39 0 0 0 0 0 0 0 0 0 0 72 0 0 69 0 0 0 0 0 77 80 0 0 0 0 0 0 41 0 0 0 0 47 0 0 0 0 0 0 8 0 0 0 0 0 0 0 0 0 0 0 61 65 0 0 0 0 0 0 0 
