9
0 65 0 0 0 61 64 60 0 0 13 9 0 0 0 0 0 0 0 0 0 0 0 0 0 0 0 0 0 0 0 0 0 0 21 0 0 26 0 27 23 0 0 0 0 0 51 0 0 0 0 0 0 52 4 79 0 0 1 78 0 0 80 0 0 0 71 70 0 0 0 74 0 0 0 44 0 0 45 43 0 
21 0 0 0 18 0 0 0 17 0 0 0 0 0 44 0 0 0 0 0 0 0 73 0 0 0 0 0 53 0 0 0 0 0 0 50 0 0 0 63 0 0 0 0 0 0 6 0 11 12 0 0 5 7 0 34 0 0 0 0 39 0 0 0 0 0 0 0 24 0 0 0 2 78 0 0 0 3 81 0 77 
3 0 0 0 0 0 0 0 0 0 0 27 0 0 0 0 0 30 0 56 0 50 0 0 0 0 0 0 0 0 0 0 38 0 0 32 0 0 0 0 0 0 0 0 0 0 0 71 0 0 0 76 0 0 0 16 14 0 0 0 0 18 0 13 0 0 0 0 0 0 0 0 0 60 0 0 0 0 0 0 0 
0 29 23 0 27 25 0 0 0 0 0 54 0 0 0 0 0 0 0 2 0 0 1 0 0 0 0 64 62 0 0 63 65 0 0 0 0 0 0 72 68 0 0 0 0 0 0 0 0 0 0 0 0 0 49 43 0 0 0 0 0 0 0 0 0 0 0 34 0 0 0 0 0 0 0 0 0 12 0 0 0 
0 0 0 0 0 0 0 42 44 0 0 72 70 69 0 0 0 0 0 0 0 0 0 0 16 0 0 0 0 0 0 0 0 0 0 0 0 0 0 0 0 0 7 11 0 0 33 0 0 0 0 0 32 0 0 61 59 0 0 0 0 0 0 0 55 0 0 0 51 0 0 0 0 0 28 0 0 30 0 0 0 
57 0 0 58 0 0 0 0 0 0 4 0 0 0 0 0 0 0 31 0 0 0 0 0 0 30 0 0 0 0 0 9 0 13 0 0 0 0 0 0 0 0 0 0 0 0 0 0 0 0 0 49 0 0 0 0 0 74 0 69 0 0 0 0 0 0 0 0 0 0 0 65 0 0 37 0 0 0 0 34 32 
0 0 0 0 0 34 0 33 35 0 0 0 0 0 0 0 65 0 0 0 0 0 0 6 0 12 9 73 0 0 0 0 0 0 75 68 0 0 0 0 77 0 79 2 0 0 0 0 0 0 27 0 0 25 0 0 0 0 0 0 0 0 53 0 0 0 44 43 0 48 0 0 0 0 19 0 0 0 0 0 0 
0 0 0 76 0 0 73 0 0 0 22 0 0 15 0 0 0 0 0 0 0 41 0 42 0 0 0 28 0 0 0 0 0 0 0 0 0 0 0 0 0 0 0 0 0 0 0 62 0 66 0 0 0 0 0 0 0 0 0 0 0 9 0 0 0 81 80 0 78 0 77 2 0 0 0 0 0 0 54 0 0 
0 0 0 13 0 7 0 0 0 0 0 36 0 0 0 0 0 0 0 0 0 59 64 60 0 0 0 0 0 0 0 0 47 0 0 0 0 0 0 54 0 0 0 56 55 0 0 0 0 0 0 0 0 0 0 25 0 0 0 24 30 0 0 22 0 0 17 0 0 21 14 20 0 69 0 0 0 75 0 0 0 
0 0 0 0 0 59 0 0 0 0 0 0 0 0 6 0 0 0 0 0 33 0 0 31 0 0 0 0 0 0 0 16 0 20 0 0 0 0 0 0 0 0 0 0 0 0 0 0 0 0 0 0 0 0 0 0 0 0 0 76 1 79 78 74 0 0 0 0 0 0 0 72 0 0 0 0 0 46 0 0 0 
37 36 0 38 0 0 0 31 33 0 65 0 59 0 0 0 63 64 11 9 0 0 0 0 0 0 7 71 0 0 68 70 0 0 0 0 0 78 0 79 75 0 0 0 0 0 0 0 0 0 0 29 0 0 0 0 0 0 0 0 55 0 0 0 0 0 42 0 0 0 0 0 0 13 0 15 0 0 0 0 0 
0 0 12 0 16 0 0 13 15 0 0 0 0 0 0 0 0 0 74 0 0 66 0 0 68 73 70 0 51 0 0 0 54 0 55 0 0 60 0 61 57 65 0 63 0 0 0 0 0 0 0 11 0 0 38 0 0 0 0 0 0 0 0 0 26 0 0 0 22 0 0 27 0 0 0 0 0 0 0 77 75 
0 0 0 0 0 0 0 0 0 0 0 0 0 0 0 0 0 0 0 0 0 75 0 0 0 0 0 0 0 58 0 0 0 0 0 57 0 0 0 0 0 0 0 72 71 0 0 0 0 0 0 0 0 0 0 0 0 0 44 40 0 0 0 0 0 0 0 0 31 37 0 0 0 0 0 0 0 0 0 0 0 
0 0 0 0 0 0 53 0 0 75 0 0 0 0 0 0 0 0 0 0 24 0 0 0 0 28 0 0 0 0 0 7 0 11 0 3 0 0 0 0 0 0 0 0 0 44 0 0 45 46 43 0 0 41 74 68 0 72 0 0 0 0 0 0 62 61 60 0 0 0 0 0 0 0 0 0 0 0 0 0 30 
0 9 0 0 0 5 0 0 0 30 0 0 0 0 0 0 0 0 0 0 0 0 0 0 0 0 0 0 0 0 41 43 0 0 46 0 0 0 0 0 48 0 0 0 0 0 76 0 0 0 0 0 0 0 0 23 0 0 0 22 0 0 0 0 0 0 15 14 0 19 12 0 0 0 0 0 0 73 0 0 66 
46 0 0 0 43 0 44 0 0 0 0 0 68 0 0 71 72 0 0 18 0 0 0 0 0 0 16 80 0 76 0 79 0 0 0 0 10 0 0 0 0 0 0 9 0 0 0 33 0 0 0 0 0 0 65 59 0 0 0 0 0 0 0 0 0 0 0 50 0 0 0 0 0 0 0 0 29 0 0 0 21 
1 0 0 0 0 0 0 0 78 21 0 0 0 22 0 26 0 0 0 0 0 0 0 0 0 0 0 0 0 0 0 0 0 0 0 0 0 0 0 0 0 0 41 0 0 0 0 0 72 0 0 0 0 68 0 0 0 0 0 0 0 16 0 0 0 0 0 0 0 0 0 0 0 0 0 0 0 0 61 0 0 
0 0 0 0 0 0 0 0 69 12 0 16 0 13 0 0 18 0 0 0 0 0 0 40 0 0 0 0 0 0 23 0 27 29 0 0 0 0 0 0 0 0 0 0 0 62 0 0 0 0 0 0 57 0 0 0 0 0 0 4 0 7 0 2 80 0 0 77 0 0 75 0 0 49 0 51 0 0 52 0 0 
0 0 69 0 0 0 0 0 72 0 0 0 0 0 0 0 0 0 50 48 0 0 0 43 44 0 0 0 0 0 0 0 0 0 0 24 0 0 0 0 0 0 0 0 0 0 0 0 0 0 0 68 60 0 0 8 0 0 11 7 0 0 0 5 2 0 0 0 79 0 0 0 0 52 56 54 0 0 0 0 0 
0 0 33 0 0 0 0 0 0 0 68 0 0 0 63 0 0 0 0 0 0 0 0 0 0 0 0 0 0 0 0 0 0 0 0 69 0 0 79 0 0 5 0 0 0 0 0 0 30 0 0 0 0 0 0 53 0 57 0 52 0 0 54 0 0 0 0 0 0 0 0 48 21 16 0 0 23 0 19 0 15 
0 0 0 32 28 0 0 0 0 51 59 55 0 0 0 0 57 0 0 0 81 0 0 0 0 0 0 0 0 0 62 0 66 68 0 0 0 0 0 0 0 0 0 75 74 0 0 0 0 22 19 0 15 0 0 44 0 48 0 0 49 0 0 41 0 0 0 35 0 40 0 0 0 7 11 0 0 0 10 0 0 
0 0 0 0 10 8 0 7 0 33 0 0 35 0 0 0 0 0 68 0 0 0 0 61 0 67 0 0 0 0 0 0 0 0 0 0 0 54 0 0 0 0 0 0 0 0 0 0 0 0 0 0 0 0 0 26 0 0 0 25 31 0 27 0 20 0 0 0 0 0 15 0 75 0 0 72 0 0 0 71 0 
0 0 0 0 55 0 0 0 54 0 5 0 80 79 0 0 3 0 0 0 0 0 0 0 0 0 0 0 0 0 0 0 0 0 13 6 0 18 0 0 0 0 0 0 0 0 43 45 48 0 0 50 0 0 0 0 0 0 74 70 0 0 0 0 0 0 0 0 0 0 0 66 0 0 0 36 0 0 0 0 0 
0 0 0 0 0 0 0 0 0 0 0 0 0 0 0 0 0 13 0 0 0 0 0 0 0 0 37 0 0 0 0 0 21 0 0 0 0 0 0 0 0 32 0 0 29 0 0 0 0 0 0 0 0 0 5 0 0 0 0 0 0 0 81 77 74 0 72 0 70 0 0 0 0 0 0 0 0 0 46 0 0 
0 0 0 0 0 17 0 16 0 42 50 46 0 43 0 0 0 0 0 0 0 0 0 0 0 0 0 0 0 0 53 0 0 0 58 0 0 0 61 0 0 68 0 0 0 0 0 0 12 13 10 0 6 0 41 0 0 0 38 0 0 37 36 0 0 0 0 0 0 0 24 0 3 79 0 81 0 0 0 0 0 
0 0 0 0 1 0 0 79 0 0 32 0 0 25 0 0 0 0 0 0 0 0 56 0 0 0 0 38 36 0 0 0 0 0 0 0 0 45 0 46 42 0 44 0 0 74 0 0 0 0 0 0 0 0 23 0 0 0 0 16 0 0 0 0 0 0 0 0 0 0 0 0 0 0 65 63 68 0 0 0 0 
0 0 0 0 0 0 47 43 0 0 0 0 0 0 0 74 75 0 23 0 0 0 0 0 0 0 19 0 0 0 0 0 3 0 0 0 13 0 0 0 0 0 0 0 0 38 34 0 0 0 0 0 0 0 0 0 0 0 0 0 0 0 0 0 0 0 0 0 0 0 0 0 0 0 29 0 0 0 28 0 0 
34 0 0 0 0 0 0 0 0 0 0 0 0 55 57 0 60 0 0 6 0 81 0 0 0 0 0 68 0 0 0 0 0 0 0 0 0 0 73 0 0 0 0 0 0 0 0 0 0 0 0 26 0 0 0 0 0 0 0 0 0 0 0 0 0 0 0 0 0 0 0 42 0 0 0 0 0 0 0 0 9 
7 6 0 0 0 0 0 1 0 27 0 0 0 0 0 0 0 0 0 0 57 0 0 0 0 61 0 0 0 37 0 40 0 0 0 0 0 0 0 0 0 0 0 0 0 0 0 0 78 79 0 0 0 0 26 0 0 0 0 0 0 0 0 0 0 0 12 0 0 0 0 0 0 0 0 0 0 0 67 0 63 
0 0 0 0 0 0 0 0 39 0 0 0 0 0 0 0 0 0 0 0 0 0 0 0 0 16 0 0 0 0 74 0 0 0 0 0 7 3 0 0 0 0 0 0 0 0 28 30 0 0 0 35 27 0 62 0 0 60 0 0 0 58 57 0 0 0 0 0 0 0 45 0 0 0 0 0 26 0 0 0 0 
70 0 63 0 0 0 68 0 0 9 0 13 11 0 0 0 0 0 44 0 0 0 0 0 0 0 0 0 0 0 20 22 24 0 0 0 0 0 0 31 0 0 0 0 0 59 55 57 0 61 0 0 0 0 8 2 81 0 5 0 0 0 0 0 0 0 0 0 73 0 0 78 0 0 0 48 0 52 49 47 45 
0 0 0 0 0 0 0 0 0 36 0 0 38 37 0 41 0 0 71 0 0 0 68 0 65 0 0 50 48 0 0 0 0 0 0 0 0 0 55 0 54 0 0 0 0 5 0 0 0 0 4 0 81 0 35 0 27 33 32 0 0 0 0 0 0 0 21 0 0 0 0 0 0 0 0 0 80 0 0 0 0 
0 0 72 0 0 0 0 0 0 0 26 0 0 0 0 0 0 25 53 0 0 0 50 0 0 0 0 0 0 28 0 0 33 0 0 0 0 0 0 0 0 0 38 0 0 0 0 0 0 70 0 0 0 0 0 0 9 0 0 10 0 0 0 0 0 0 0 0 0 0 0 6 0 0 0 57 62 61 0 0 0 
0 51 45 0 0 47 50 0 48 72 0 0 0 0 75 0 0 0 0 0 0 0 0 0 0 0 0 0 0 0 0 0 0 0 0 81 0 0 10 13 0 0 0 0 0 0 0 0 0 0 40 0 0 0 0 0 63 69 0 64 0 0 0 0 0 0 0 0 55 0 0 0 33 0 0 30 0 0 0 0 0 
0 0 0 26 0 20 0 0 0 0 53 0 47 0 0 0 0 52 0 0 0 0 0 0 0 0 0 0 0 0 0 0 0 0 0 54 0 0 0 0 0 0 0 0 0 0 10 0 15 0 0 17 9 11 0 0 0 0 0 0 0 40 0 35 0 31 0 0 0 0 0 0 0 0 5 3 0 0 4 0 0 
0 0 0 0 0 0 0 0 0 0 8 0 0 0 0 0 0 0 35 0 0 0 0 0 0 0 0 14 0 0 0 0 0 0 0 9 0 0 0 0 0 0 20 0 23 0 0 0 0 0 0 0 0 0 80 0 72 78 0 0 0 0 0 0 0 0 66 0 0 0 0 69 0 37 0 0 0 0 0 0 0 
0 0 0 0 29 0 0 26 0 0 0 0 0 0 0 0 0 59 0 0 0 79 3 0 81 0 0 0 0 0 0 0 0 0 68 0 0 0 0 0 70 0 0 76 0 21 0 0 0 0 0 0 0 0 0 0 43 0 0 0 0 0 0 42 0 0 0 0 0 0 34 0 0 0 12 0 0 14 0 0 0 
0 0 0 0 20 0 0 0 0 0 0 0 0 0 0 0 0 50 0 76 0 0 0 0 0 0 0 0 55 0 0 0 0 0 59 0 0 0 0 0 0 0 0 0 0 0 0 0 0 0 0 15 0 9 42 0 0 0 39 0 0 0 0 0 0 29 0 0 26 0 0 0 4 0 0 0 0 5 0 0 79 
0 0 0 0 47 0 48 44 0 0 0 0 72 0 0 0 0 77 0 0 0 0 0 0 18 0 0 0 1 0 81 0 4 0 5 0 0 0 0 0 0 0 0 13 12 39 0 0 40 41 0 42 0 0 0 63 0 0 0 0 0 0 0 0 0 0 0 0 0 59 0 0 0 0 0 0 0 32 0 0 0 
0 40 0 0 0 36 0 0 37 0 69 0 0 0 64 0 0 0 0 13 0 0 0 0 9 0 0 0 73 0 72 0 76 0 77 0 5 1 0 0 0 0 0 0 0 30 0 0 0 0 0 0 0 0 60 54 52 0 0 0 0 0 0 0 48 0 0 45 0 0 0 0 0 0 0 0 0 23 20 0 0 
0 0 0 0 0 0 0 0 0 0 0 0 0 0 0 39 40 0 0 67 64 0 0 0 0 68 0 0 0 0 0 0 49 0 0 43 0 55 0 0 0 0 0 58 57 3 0 0 0 0 0 0 0 0 0 0 0 0 0 0 0 0 0 0 0 20 0 0 17 0 0 0 0 0 0 0 0 0 0 0 0 
0 4 0 0 0 0 0 0 1 0 33 0 0 0 0 0 31 0 0 0 0 0 0 53 0 59 0 0 0 35 0 0 0 0 0 0 0 0 0 47 0 51 45 0 48 0 0 0 76 0 0 0 0 0 24 0 0 0 21 17 0 0 19 0 0 0 10 9 8 0 0 0 0 0 0 0 0 68 0 0 0 
0 67 0 0 65 0 0 0 0 0 0 0 0 0 0 0 13 0 0 0 0 0 39 35 0 0 0 0 0 0 0 0 22 0 0 0 0 0 0 0 0 0 0 0 30 0 0 0 0 0 0 0 0 0 0 81 0 4 0 0 0 2 0 0 0 74 73 0 0 0 0 0 0 0 48 0 0 50 0 0 43 
59 0 0 0 0 0 0 0 0 0 6 2 0 0 0 0 0 0 0 0 0 0 30 0 0 32 0 0 0 0 0 0 0 15 14 0 0 0 0 20 0 0 18 22 21 0 0 0 0 50 0 0 0 0 0 0 70 0 75 0 77 0 0 69 0 0 0 63 62 68 61 0 0 35 39 0 0 41 38 0 0 
0 76 70 0 74 72 0 71 0 0 0 0 18 0 0 0 0 23 0 49 46 0 0 0 0 0 47 30 0 0 0 0 0 0 0 0 41 0 0 0 0 0 0 40 0 66 0 0 0 0 0 0 0 0 0 9 0 13 0 0 0 11 0 0 0 0 0 81 0 0 0 0 0 0 57 55 0 0 0 0 0 
65 64 0 0 0 0 0 0 0 0 0 0 0 5 7 0 10 0 0 0 0 0 36 0 0 0 0 0 0 0 0 0 19 0 0 0 0 0 0 0 22 0 0 0 0 0 0 0 0 0 53 0 0 0 0 0 76 0 0 0 2 0 0 75 72 0 0 69 0 0 0 0 0 0 0 0 0 0 0 0 0 
11 10 4 0 0 0 0 0 0 0 0 0 0 0 0 0 0 38 0 0 0 0 63 0 0 0 0 45 43 0 0 0 0 0 0 0 0 0 50 0 0 0 0 0 54 0 0 0 0 0 80 0 0 78 30 0 0 28 0 0 0 0 0 21 0 0 0 15 14 0 0 19 0 0 72 70 0 0 71 0 0 
0 0 0 21 17 0 18 0 16 40 0 0 0 0 0 0 0 0 0 0 0 0 0 0 0 74 0 54 0 0 0 0 0 57 0 0 0 0 0 0 0 0 0 64 63 0 5 0 10 11 0 12 0 6 0 0 31 0 36 0 0 35 0 0 27 0 0 0 0 0 22 0 0 0 0 0 0 0 0 0 0 
0 0 0 0 0 0 0 0 0 0 0 0 0 23 25 0 0 0 0 0 0 0 0 0 0 0 0 36 0 0 0 0 37 0 0 0 0 0 0 0 0 0 42 0 0 72 0 0 0 0 0 0 0 0 0 0 0 0 0 14 0 0 0 12 0 0 7 0 0 0 4 0 0 0 0 0 0 0 0 0 0 
0 0 49 0 0 0 0 0 0 0 0 0 0 0 0 0 0 0 0 0 0 0 0 23 24 29 26 0 7 0 0 0 0 0 0 0 20 0 14 0 0 21 15 0 0 0 41 0 0 0 44 48 0 0 0 0 0 73 72 0 74 0 0 0 0 0 0 60 0 0 58 0 37 0 0 0 0 0 0 0 0 
0 0 0 0 0 0 0 23 0 0 0 0 51 50 0 0 0 0 0 0 0 76 0 0 0 0 0 0 61 0 0 0 0 0 0 58 0 0 68 0 0 0 0 0 72 0 0 0 0 0 0 0 0 0 0 0 0 0 0 0 0 0 0 0 0 0 0 33 32 0 0 0 0 0 0 0 0 0 0 0 0 
0 0 0 0 0 0 36 0 0 0 0 0 0 0 0 0 0 0 0 0 0 0 0 5 0 0 0 0 0 0 69 0 73 0 0 0 0 0 0 80 0 0 0 0 0 27 0 0 0 0 0 0 0 0 0 0 0 0 0 0 0 0 0 48 0 0 0 0 0 0 0 0 0 14 0 16 0 0 0 0 0 
0 0 0 0 0 69 0 0 0 0 0 0 0 14 0 0 0 20 0 0 0 0 0 41 0 0 0 0 0 0 0 0 0 0 0 0 38 0 0 0 0 39 0 0 0 0 0 0 64 65 0 66 58 60 0 0 0 10 9 0 11 0 0 0 0 0 0 0 0 0 0 0 0 0 0 0 0 0 0 0 0 
0 0 0 0 0 0 45 0 0 0 0 0 0 68 70 72 0 0 0 0 0 0 0 0 0 0 0 0 0 77 0 0 0 0 0 0 0 0 0 0 4 0 0 0 0 0 0 34 0 0 0 0 0 0 66 0 58 0 0 0 0 0 0 0 0 0 0 51 0 0 0 0 0 0 27 0 30 29 0 0 0 
6 0 80 0 0 1 0 0 0 26 0 30 0 0 0 0 0 0 0 0 0 0 0 54 55 0 0 0 0 0 37 0 0 43 0 0 0 0 0 0 0 0 0 0 49 0 0 74 0 78 75 0 0 0 0 19 0 0 22 18 24 0 0 0 0 12 11 10 9 0 0 0 0 63 0 0 0 0 66 0 0 
0 0 0 0 0 0 40 0 0 0 0 0 0 0 0 0 68 0 0 14 0 0 13 0 0 0 0 0 0 0 0 0 0 0 0 0 0 2 0 3 0 0 0 0 0 0 0 0 0 33 0 0 0 0 61 0 0 0 0 0 0 0 0 0 0 0 0 0 0 0 44 0 0 0 0 0 25 0 0 0 0 
0 0 0 0 66 0 0 0 0 8 0 0 0 9 0 0 0 0 0 0 38 35 40 0 37 0 39 0 0 0 0 0 23 0 0 0 0 0 0 0 0 0 0 0 31 0 0 0 0 0 0 0 0 55 7 0 0 5 0 81 0 0 0 0 0 0 0 0 72 0 0 0 50 0 49 0 0 0 0 46 44 
0 0 0 0 0 0 0 0 56 0 0 3 0 0 0 0 0 0 0 0 29 0 0 27 28 33 0 13 0 0 0 0 0 16 0 0 0 0 18 0 0 0 0 0 22 49 0 0 0 51 0 0 44 0 0 0 0 0 76 0 0 0 0 0 0 0 0 0 0 0 62 0 0 36 0 0 0 42 0 0 0 
0 0 0 0 0 0 0 72 0 0 25 0 0 0 0 0 0 0 0 0 0 0 0 0 46 0 0 0 0 27 0 0 0 0 0 26 42 0 0 0 0 43 0 41 0 0 0 0 0 0 0 0 0 0 0 0 0 0 0 0 15 0 0 0 0 0 0 0 81 0 0 0 0 0 0 56 0 0 0 55 0 
0 0 26 0 0 0 0 0 0 0 61 57 0 0 0 0 0 0 0 0 0 80 0 81 0 0 0 0 0 0 0 0 68 0 0 0 0 0 0 0 0 0 0 0 0 0 0 0 23 24 0 0 17 0 0 46 0 0 49 45 51 0 47 0 0 0 0 0 0 42 35 0 0 0 0 0 0 0 0 0 8 
0 0 0 0 48 0 0 0 0 71 0 0 0 0 0 0 0 0 0 0 20 0 0 0 0 0 0 0 2 0 1 0 0 7 6 80 15 0 0 0 0 0 0 0 0 0 0 0 0 0 0 0 0 0 0 0 0 0 0 63 0 66 0 61 0 0 0 0 0 60 0 0 0 0 0 0 0 0 0 0 26 
0 0 0 0 0 0 0 18 0 0 0 0 46 45 0 0 0 51 79 0 0 0 76 0 73 78 0 0 0 54 0 0 0 0 0 0 0 0 0 0 0 70 0 0 0 0 0 0 0 0 12 16 0 10 0 0 0 41 0 0 0 0 0 0 0 0 0 28 0 0 0 0 0 0 4 0 0 0 0 1 80 
0 0 8 0 0 0 13 0 0 35 0 0 37 0 0 0 0 0 0 0 0 0 67 0 0 69 0 0 0 0 0 48 0 52 51 0 0 0 0 0 0 0 0 59 0 0 0 0 0 6 0 0 0 0 0 28 0 0 0 27 0 0 0 0 0 0 0 19 0 24 0 0 0 0 0 0 0 0 0 0 0 
45 0 0 0 0 40 0 0 0 65 0 69 0 0 0 0 0 72 0 0 0 0 0 0 0 0 15 0 0 0 76 0 0 0 0 0 0 0 0 0 0 0 4 0 7 34 0 0 0 0 0 0 29 0 0 58 0 0 61 0 63 0 0 0 0 0 0 0 0 54 0 0 0 21 25 0 0 27 0 0 20 
0 0 0 37 0 0 34 0 0 0 0 0 0 0 0 0 0 0 0 0 0 0 0 0 0 0 6 0 0 66 0 0 0 0 0 65 81 0 0 0 0 1 0 80 0 0 0 0 26 27 0 28 0 22 0 0 0 0 0 0 0 0 0 0 43 0 41 0 0 0 0 0 0 0 0 0 19 0 0 0 0 
54 53 0 0 0 49 0 48 50 74 0 78 76 0 0 0 80 0 0 0 0 0 25 0 0 0 0 0 0 0 0 6 0 0 0 0 0 0 0 0 0 0 0 0 16 0 0 0 0 45 0 0 38 0 0 0 0 0 70 0 0 0 0 64 61 0 0 0 0 0 56 62 0 0 0 0 37 0 0 0 0 
0 26 20 28 0 22 0 0 0 0 55 0 0 48 0 0 0 54 0 0 0 0 0 75 0 81 0 0 59 57 0 0 0 64 63 0 0 0 0 0 0 0 67 0 0 0 0 0 0 0 0 0 0 0 0 0 38 0 0 0 0 42 0 0 34 0 0 0 0 0 0 35 0 0 0 0 0 0 0 0 2 
0 0 0 64 0 58 61 0 0 2 0 0 0 0 0 0 0 0 0 0 0 29 0 30 0 0 33 0 0 0 0 0 0 0 0 0 0 0 0 0 0 0 22 0 0 0 0 50 0 54 0 0 0 49 1 76 0 0 79 75 81 0 0 73 0 0 0 0 0 72 0 0 0 0 0 0 0 0 0 0 0 
81 0 0 0 0 0 0 0 0 20 0 0 0 21 0 25 26 0 55 0 0 0 52 0 0 0 0 0 32 0 0 0 0 0 0 0 0 41 39 42 0 0 0 0 0 70 0 68 0 0 0 0 65 0 0 0 11 0 0 0 0 0 0 0 0 6 0 0 0 0 0 0 0 0 61 0 0 0 0 0 0 
0 0 0 0 0 0 0 0 0 0 0 33 0 0 0 0 35 36 0 0 0 0 0 57 0 0 60 43 0 39 0 42 0 0 0 0 0 0 0 0 0 0 0 0 0 0 0 0 80 0 0 0 0 0 0 0 0 0 25 0 0 0 0 19 16 0 0 0 12 18 0 17 0 0 70 0 0 72 0 0 0 
0 0 0 0 0 0 0 0 14 0 46 42 0 39 0 43 0 0 0 0 0 0 0 0 0 0 0 0 0 0 0 51 0 0 0 0 0 0 0 60 0 0 0 0 0 7 0 5 0 0 0 0 0 0 0 0 0 0 0 0 0 33 0 0 0 0 0 0 0 0 0 0 80 0 0 0 1 0 78 0 74 
72 0 65 73 0 67 0 0 68 0 0 0 13 0 0 0 0 18 0 0 0 38 0 39 0 0 42 0 0 0 0 0 0 0 0 0 0 0 0 0 0 37 0 0 0 0 0 0 0 0 0 64 0 0 0 0 0 8 0 0 0 0 0 1 0 0 0 0 0 0 0 80 0 0 0 0 0 0 51 0 0 
0 0 0 0 0 0 0 0 0 0 0 0 75 0 76 0 79 0 0 25 0 0 0 0 0 0 0 0 0 0 0 0 7 0 8 0 17 0 0 0 0 0 0 0 0 0 38 0 0 0 0 0 0 0 72 0 0 0 69 0 0 0 0 63 0 59 0 57 0 62 0 0 34 0 0 0 0 0 0 0 0 
80 0 73 0 77 0 0 0 0 0 0 0 0 20 0 24 0 0 0 52 0 0 0 0 0 0 0 33 0 0 0 0 0 0 0 28 44 0 0 0 37 0 0 0 0 69 0 0 0 0 68 0 0 0 0 0 0 0 15 0 17 14 0 0 0 0 0 0 2 0 0 0 0 0 0 0 0 62 59 0 0 
0 0 0 0 0 0 0 0 31 0 0 0 0 0 58 0 0 62 0 0 4 0 0 0 0 0 0 0 0 0 0 0 0 72 0 0 0 76 0 0 0 0 0 0 0 0 0 0 0 0 0 0 19 0 0 0 0 52 0 0 0 0 0 0 0 0 0 0 38 44 0 43 16 0 0 0 0 0 0 0 0 
0 0 0 0 0 0 0 0 0 64 0 0 66 0 0 0 0 0 0 0 13 0 0 11 0 17 0 0 76 0 0 0 0 0 0 0 0 4 0 0 0 0 3 0 0 0 0 0 0 0 0 0 0 0 63 57 0 0 0 0 0 0 0 0 0 0 0 0 0 0 0 0 0 0 0 22 27 0 0 0 0 
0 16 0 0 0 0 0 0 0 0 0 0 0 0 0 42 0 0 0 0 0 0 69 65 0 0 0 0 49 0 48 50 0 0 0 0 0 0 56 0 55 0 0 0 60 0 0 0 0 0 0 0 0 0 0 30 0 0 0 0 0 0 0 0 0 0 0 0 0 0 0 25 0 0 0 0 0 0 77 0 0 
0 0 0 0 68 0 0 0 0 0 18 0 0 0 13 0 0 0 0 0 0 0 0 0 39 0 0 0 0 0 0 0 0 27 0 0 0 31 0 0 0 0 0 0 0 0 56 0 0 62 0 0 0 0 0 0 0 0 6 0 0 0 0 0 0 0 0 0 0 0 0 79 0 47 0 0 0 0 0 0 0 
0 0 0 9 0 0 0 0 0 0 0 0 0 0 0 0 0 0 0 0 0 0 60 0 0 0 59 0 0 0 0 0 0 0 44 37 0 0 0 50 0 54 48 0 51 0 74 0 0 80 0 0 73 75 0 0 0 0 0 0 26 0 0 0 15 0 0 0 0 0 0 0 0 0 0 67 0 0 0 0 0 
0 0 0 63 0 0 0 0 0 0 0 5 0 2 0 6 0 8 0 0 0 28 0 0 30 0 0 0 0 0 0 0 0 18 0 0 0 0 20 0 0 0 21 0 0 0 0 0 52 53 0 0 46 48 81 0 0 79 0 74 80 77 0 0 0 68 0 0 65 0 0 70 0 0 0 40 45 0 0 39 0 
0 0 0 0 23 0 0 0 22 0 54 0 0 0 0 0 0 0 81 0 0 0 0 0 75 0 0 0 0 0 0 59 0 63 0 0 0 0 65 0 0 0 0 0 69 0 0 0 16 17 0 18 0 12 0 0 0 0 0 0 0 0 0 0 33 32 0 0 0 0 0 0 7 0 6 0 9 8 0 0 1 
