9
0 0 0 0 0 0 0 44 0 0 0 0 78 0 0 0 0 0 0 61 68 67 0 0 0 0 0 0 0 0 0 0 0 0 0 0 0 60 0 59 0 58 0 53 57 0 0 0 0 0 0 0 0 0 0 0 0 0 0 0 0 29 0 2 80 0 5 0 0 0 6 0 13 0 0 10 11 0 0 0 7 
0 0 0 0 0 0 66 0 0 0 0 0 0 0 0 0 0 0 80 0 5 4 0 0 3 1 0 0 0 0 0 0 0 60 0 0 74 0 0 0 0 0 0 0 0 0 0 0 42 0 0 39 0 40 0 0 0 0 0 0 0 0 0 0 0 0 0 22 18 19 0 0 0 32 30 0 0 0 0 0 0 
0 0 0 0 6 81 3 0 0 0 0 0 0 0 0 0 0 0 0 16 23 22 0 0 21 0 20 0 0 0 0 76 72 0 0 0 0 0 0 0 0 13 0 0 0 55 0 0 0 0 0 0 0 0 0 0 0 0 0 0 0 0 0 0 35 0 41 0 0 37 0 0 0 0 48 0 0 45 0 0 43 
0 0 0 0 0 0 0 26 0 0 0 0 0 0 0 54 0 0 0 0 0 0 0 45 48 46 0 0 0 0 0 0 0 0 23 0 0 0 0 0 0 40 0 0 39 0 0 0 0 0 0 0 0 0 0 0 15 0 13 0 0 11 12 0 0 0 68 0 0 0 0 0 76 0 0 0 0 0 0 78 0 
10 0 0 0 0 0 0 8 7 34 0 0 0 35 0 0 37 41 0 0 0 0 0 0 0 0 0 0 0 0 0 0 0 0 0 1 0 0 0 0 0 22 0 0 21 64 0 0 0 0 65 0 0 67 70 0 0 71 76 0 0 0 0 0 0 0 0 0 45 0 0 0 0 0 0 0 0 0 0 0 0 
0 0 0 0 0 0 0 0 0 0 0 0 0 0 0 0 0 68 0 52 59 0 0 0 0 0 0 0 0 0 0 0 0 0 0 0 0 51 0 50 0 0 0 0 0 10 0 0 0 0 0 12 0 0 0 0 0 0 0 0 0 0 0 0 0 70 0 76 0 0 0 75 0 0 0 0 2 81 0 0 0 
0 0 0 0 0 0 0 0 0 0 0 0 0 0 3 0 0 0 71 0 77 0 0 72 75 0 0 0 0 0 0 0 0 51 0 0 0 0 63 0 64 0 0 62 0 0 0 0 0 0 29 30 0 0 0 36 0 0 40 0 0 0 0 0 0 0 0 0 0 10 0 12 0 0 0 0 0 0 0 0 0 
0 0 0 0 0 0 75 0 0 0 22 20 0 0 0 0 0 0 0 0 0 0 0 0 12 10 11 66 62 0 0 0 0 69 0 0 0 0 0 0 0 0 0 0 0 0 0 0 0 0 0 48 0 0 0 0 0 0 0 0 0 56 0 0 0 0 0 0 0 28 0 0 40 0 0 0 38 0 0 42 0 
0 0 0 0 0 0 0 0 16 0 0 0 0 44 0 45 0 0 0 0 0 40 42 0 0 0 0 0 0 0 11 13 0 0 0 0 0 0 27 0 0 0 25 26 0 0 71 0 0 0 74 0 0 0 79 81 0 0 0 0 5 0 0 56 0 0 59 58 54 0 0 0 0 0 0 0 0 63 0 0 0 
0 0 0 36 0 0 0 0 0 57 0 0 0 0 0 0 0 0 0 0 55 0 0 50 0 0 52 0 22 21 0 0 0 0 28 0 0 0 0 0 0 45 0 0 0 0 0 0 0 10 0 8 0 0 0 0 0 0 0 0 0 0 0 0 0 0 0 0 0 0 74 0 0 0 0 0 0 0 0 2 75 
0 0 0 0 0 0 0 0 57 0 0 0 11 4 0 5 0 0 0 75 0 0 2 0 80 0 0 0 49 0 0 0 0 56 0 0 0 0 0 0 0 0 0 0 0 0 0 0 38 0 0 0 0 36 0 0 0 40 45 0 0 0 0 0 0 0 0 0 14 0 0 0 0 0 0 24 0 23 0 0 0 
0 0 0 18 0 14 17 13 12 0 0 43 0 40 44 0 0 0 0 0 37 0 0 32 35 0 34 0 0 0 7 0 0 0 0 6 25 0 0 28 0 0 0 22 0 0 0 0 74 0 0 0 0 0 0 0 0 0 0 78 0 0 0 52 0 0 55 0 0 0 0 0 63 0 0 60 0 0 0 0 0 
0 0 0 0 0 0 0 0 39 0 0 70 0 0 0 0 0 0 0 0 0 0 65 59 0 0 61 0 31 0 0 36 32 0 0 33 0 56 0 55 51 0 0 0 0 0 0 0 20 0 0 0 0 18 0 0 29 0 0 24 0 0 0 0 0 0 1 0 0 0 0 80 9 10 0 0 7 0 4 0 0 
0 0 0 0 0 0 0 0 0 0 0 0 29 0 0 23 0 0 13 0 0 0 0 0 0 0 0 0 0 66 0 0 0 0 0 0 0 0 0 0 6 0 0 0 0 0 0 0 56 0 0 53 0 0 57 0 65 0 63 0 0 0 0 0 0 0 0 0 0 0 0 0 0 0 0 0 0 0 0 0 0 
0 7 0 9 0 0 0 0 0 0 0 0 0 0 0 32 0 0 0 0 28 0 29 0 0 0 0 0 0 0 0 81 0 0 0 78 0 0 0 19 0 0 0 0 0 0 58 0 0 0 0 0 0 0 0 0 0 0 0 0 73 0 0 0 0 39 0 45 41 0 47 0 54 0 0 0 0 0 49 0 0 
0 0 0 0 0 0 0 49 0 0 0 0 0 76 0 0 0 0 0 0 0 0 0 0 0 0 70 44 40 0 0 45 0 0 0 0 0 0 59 0 0 63 0 0 0 24 22 0 0 0 25 0 23 27 0 32 0 0 0 0 0 0 0 0 4 0 0 9 5 0 11 0 0 0 0 0 0 0 0 0 0 
0 25 0 0 0 0 0 0 0 0 0 0 0 0 0 50 51 55 0 0 46 0 0 0 0 0 0 0 13 12 0 0 14 20 19 0 0 0 0 0 0 0 0 0 0 0 0 75 0 1 0 0 0 81 0 5 11 0 0 0 0 0 0 0 0 0 64 0 0 60 65 0 0 0 0 0 0 68 0 0 0 
0 0 0 0 74 68 71 0 0 0 18 0 20 0 0 0 15 0 0 0 10 9 11 0 0 0 0 0 0 0 0 0 59 65 0 0 79 2 77 0 0 0 0 76 0 0 0 0 0 0 0 0 0 0 0 0 0 0 0 51 0 52 53 0 0 0 0 27 23 0 0 0 36 0 35 33 34 0 0 0 0 
0 0 0 44 46 0 0 0 0 0 0 0 0 0 0 0 68 0 0 0 63 0 0 0 61 0 60 0 0 29 0 0 0 0 0 0 51 0 0 0 0 0 0 0 0 14 12 0 0 0 0 16 0 0 0 22 0 0 26 0 0 0 0 0 0 0 0 0 0 0 0 0 0 0 7 0 6 0 3 0 2 
0 78 0 0 0 0 0 0 0 0 26 0 0 0 0 0 0 0 0 0 0 0 0 0 0 0 0 0 0 0 0 71 67 73 0 68 0 0 4 0 0 0 0 0 7 0 0 0 55 0 51 52 0 53 0 0 0 0 62 0 0 0 0 0 0 0 0 35 0 0 0 0 0 0 0 0 0 0 0 0 38 
50 51 54 0 0 0 0 48 0 0 0 0 0 0 0 76 0 0 0 65 72 0 73 0 0 0 0 0 0 0 42 44 40 0 0 0 60 0 0 0 0 0 0 57 0 23 0 0 0 27 0 0 0 0 0 0 0 0 0 32 0 0 0 0 3 0 0 0 0 0 0 0 0 18 0 0 0 13 0 0 0 
0 0 36 35 0 0 0 0 0 0 0 0 0 57 0 0 0 0 0 0 0 0 55 0 0 0 0 0 21 0 0 0 0 0 0 0 0 0 0 0 0 0 38 0 43 0 0 0 10 0 0 7 0 8 0 0 19 0 17 0 0 0 0 0 0 0 0 0 0 68 0 0 0 0 79 0 0 0 0 0 0 
14 0 0 0 19 0 0 0 11 0 0 0 0 0 0 0 41 0 0 0 36 35 0 0 0 32 33 0 0 0 0 0 4 0 9 0 24 0 0 0 0 0 0 0 0 0 66 0 0 0 0 70 0 0 0 0 0 0 0 77 0 78 0 0 0 0 54 0 49 50 0 0 0 0 0 59 0 0 0 0 0 
0 0 0 0 0 0 0 0 0 0 0 0 0 0 0 0 0 0 0 0 27 0 0 0 0 23 0 0 0 74 78 0 76 1 0 0 0 19 0 18 0 0 0 0 0 0 0 0 0 0 0 0 0 0 65 0 0 66 0 0 0 0 0 0 0 0 45 44 0 0 0 0 0 0 52 0 51 0 0 55 47 
0 0 0 0 0 67 0 0 0 0 17 0 0 0 16 13 14 0 0 0 0 0 0 0 7 0 0 0 0 56 60 0 0 0 0 59 0 0 76 0 0 80 0 0 0 0 0 0 46 0 42 0 0 44 0 0 0 48 53 50 0 0 0 0 0 0 0 0 0 0 0 0 0 36 34 32 33 0 0 0 0 
0 0 0 0 0 58 0 0 0 2 0 0 0 0 0 0 0 0 0 74 81 0 0 0 79 0 0 0 0 0 0 0 0 0 0 0 0 0 67 0 68 71 65 0 70 0 30 0 0 0 0 34 0 0 0 0 46 39 44 0 0 0 0 0 12 0 0 17 13 0 19 0 0 27 25 0 0 22 21 0 0 
0 0 27 26 0 0 0 0 0 47 0 0 55 0 0 0 0 0 0 0 0 0 46 0 0 0 0 0 12 11 0 17 0 19 18 0 33 0 0 0 0 35 0 0 0 0 0 0 0 0 0 0 76 0 0 0 0 0 8 0 9 0 7 0 0 0 0 0 58 0 0 61 0 0 0 0 0 0 66 0 0 
0 9 0 0 0 7 0 0 0 0 0 0 40 0 0 0 0 0 0 0 0 0 0 0 0 0 0 0 0 77 0 0 79 0 0 0 0 22 0 0 0 0 0 0 0 0 0 0 0 0 63 0 0 0 0 0 0 0 0 0 0 72 0 0 0 0 0 0 0 0 0 0 0 0 0 0 54 0 0 0 0 
0 0 39 0 0 34 0 0 0 0 0 63 67 0 64 61 0 0 0 0 0 0 0 0 0 0 0 28 0 0 0 0 0 31 0 0 0 49 0 0 0 47 0 0 0 0 0 5 0 0 0 10 0 11 0 0 0 0 0 0 0 0 0 0 69 68 0 0 0 0 0 0 0 0 0 0 0 79 0 0 0 
0 72 0 0 0 0 0 0 0 0 0 0 22 0 0 0 0 0 0 5 0 0 0 0 10 8 0 0 60 0 0 0 0 0 0 62 0 0 0 0 80 0 77 0 0 0 42 0 0 0 0 46 0 0 50 0 58 51 0 53 0 0 0 27 0 0 0 0 0 26 0 0 0 39 37 35 0 0 0 0 0 
0 0 3 0 0 79 0 0 0 0 0 0 0 0 0 0 0 0 0 0 0 0 22 0 0 0 0 0 69 0 0 0 70 0 0 0 0 0 0 12 0 0 0 6 0 0 0 0 0 0 0 0 0 56 0 0 0 0 65 0 0 63 64 0 33 0 39 0 0 0 40 0 0 0 46 0 0 0 42 0 0 
26 0 0 0 0 25 0 0 0 50 0 0 0 51 0 0 0 0 0 0 0 0 0 0 0 0 0 0 0 0 0 0 0 0 0 0 0 0 0 0 0 0 0 0 0 0 0 0 0 0 0 0 0 0 0 0 13 0 11 0 0 0 0 0 0 59 0 0 0 0 0 0 0 75 0 0 0 0 69 0 68 
62 0 66 0 67 0 0 0 0 0 0 0 13 6 0 0 0 0 0 0 0 0 0 0 0 0 0 0 0 0 0 0 52 0 0 0 0 76 0 0 0 0 0 69 73 0 33 0 0 39 0 0 0 38 41 0 0 0 0 0 0 0 0 0 15 0 0 0 16 0 0 0 0 30 28 0 0 0 0 0 23 
44 0 0 0 0 0 0 0 0 0 0 0 0 0 0 0 0 0 0 0 0 0 0 0 0 0 0 37 0 0 0 0 0 0 0 0 0 0 0 0 0 0 50 0 0 0 0 0 0 21 18 0 16 0 23 0 31 0 0 0 0 27 0 81 0 0 0 0 0 0 0 0 11 0 0 0 0 0 6 0 0 
0 0 0 0 58 0 0 0 50 0 2 0 4 0 0 0 0 0 0 0 75 0 0 0 0 0 0 46 0 0 0 47 0 49 0 44 0 67 0 0 62 0 0 0 0 26 0 0 31 0 0 0 0 29 0 34 0 0 0 0 0 36 0 9 0 0 0 0 7 0 0 0 0 21 0 17 0 16 0 0 0 
0 0 21 20 22 0 19 0 14 0 0 0 49 42 0 0 0 0 0 0 0 38 0 0 0 0 0 0 0 0 0 0 0 0 0 0 0 31 0 0 0 0 0 0 0 71 69 0 0 0 0 0 0 74 0 0 4 0 0 0 3 0 0 0 0 0 57 56 0 0 58 0 0 66 64 0 0 61 0 0 59 
0 19 0 0 23 0 0 0 15 42 0 0 50 0 0 0 0 49 34 0 0 39 0 35 0 0 0 0 0 0 0 0 0 0 0 0 0 0 26 0 0 0 0 0 0 72 0 0 0 0 73 0 0 75 0 0 0 0 0 0 0 0 0 0 0 0 0 0 53 0 0 0 0 0 0 0 0 0 0 0 0 
54 0 0 0 59 0 56 0 0 0 0 0 0 0 0 80 0 4 0 0 0 75 77 71 74 0 73 0 0 0 0 0 44 0 0 0 64 0 0 67 63 0 0 0 0 0 0 0 32 31 0 0 26 0 0 0 0 34 0 0 0 0 38 10 0 0 13 0 0 0 0 0 0 0 0 0 0 0 0 0 0 
0 0 49 0 50 0 0 43 0 0 0 0 0 0 74 0 72 0 0 0 67 0 0 0 65 63 0 0 0 0 0 0 0 41 0 0 0 0 0 0 0 0 51 0 0 0 0 0 0 0 0 0 0 0 0 0 0 0 30 0 0 28 0 0 0 0 4 0 0 0 0 0 0 0 0 9 0 0 0 0 6 
0 0 13 12 14 0 0 7 0 0 0 37 41 0 0 0 0 0 0 0 31 30 0 26 0 27 0 0 0 0 0 3 0 0 0 81 0 0 0 0 18 0 0 0 0 0 0 0 0 0 0 65 0 0 0 0 0 70 75 72 0 0 0 0 0 0 0 0 44 0 0 47 0 0 0 0 0 0 0 0 0 
27 0 0 0 32 0 29 25 0 0 0 0 0 52 0 0 0 58 0 0 0 48 0 0 0 0 46 0 0 0 0 0 17 23 0 0 0 0 0 0 0 39 0 0 0 81 0 0 0 0 0 0 0 0 0 8 0 0 0 0 0 0 0 0 0 0 0 0 62 0 0 0 0 0 74 0 0 0 0 77 0 
0 0 0 0 0 0 0 34 0 0 0 0 68 0 0 0 0 0 0 0 58 0 0 0 56 0 0 0 0 0 28 30 26 0 0 0 0 0 0 0 45 0 0 0 47 0 7 6 0 13 0 0 0 0 0 0 0 16 21 18 0 0 20 73 0 69 0 0 0 0 77 0 0 0 0 0 0 0 0 5 0 
0 0 0 66 0 62 65 0 60 0 0 0 0 0 0 0 9 13 0 0 0 0 5 0 0 0 0 56 0 0 55 0 0 59 58 0 0 0 0 0 0 0 0 0 74 0 0 33 0 0 0 0 35 0 0 0 0 0 0 0 0 0 0 0 0 0 0 0 17 0 0 0 0 0 0 0 28 0 0 0 0 
0 0 0 0 0 0 0 79 0 0 0 0 0 0 0 26 0 0 0 0 0 0 0 17 0 0 0 0 0 69 73 0 0 0 76 0 0 0 8 13 0 0 0 0 0 54 0 0 0 0 0 0 0 0 60 0 0 0 66 0 0 0 65 0 0 0 40 0 35 0 0 0 0 0 0 0 0 0 43 0 0 
0 0 0 0 0 0 74 0 0 15 0 19 0 0 0 0 0 22 0 0 0 0 0 0 0 0 0 0 0 0 0 0 62 0 0 0 0 0 80 0 0 0 0 79 0 45 0 0 50 49 0 0 44 0 0 0 59 0 0 0 0 0 0 0 0 24 0 0 0 0 0 0 0 0 38 36 0 35 34 0 0 
0 0 0 0 0 0 0 47 0 0 0 77 0 0 0 0 0 0 0 0 71 0 0 0 0 0 0 0 0 0 0 43 0 0 0 0 0 0 0 0 58 0 55 56 0 0 0 0 0 0 0 0 21 0 0 0 0 29 0 0 0 0 0 0 2 0 0 0 3 0 9 6 16 0 0 0 0 0 0 0 0 
22 0 26 0 27 0 0 0 19 0 0 0 0 47 51 0 49 0 0 37 0 0 45 0 42 40 41 0 0 0 0 16 0 18 0 0 0 0 0 35 0 0 0 0 0 76 74 0 0 0 0 0 0 0 1 0 0 0 0 0 8 0 0 0 0 0 0 0 0 0 0 0 70 0 0 0 0 0 65 72 0 
0 0 35 0 0 30 0 0 0 0 0 59 63 0 0 0 58 0 0 0 0 0 0 0 0 0 50 0 0 0 0 0 0 0 0 0 0 45 39 44 0 43 37 0 0 0 0 0 9 0 0 0 0 0 0 12 0 0 0 0 0 0 0 0 0 0 0 0 66 0 0 0 0 0 78 0 0 0 0 81 0 
0 0 0 0 0 0 0 2 0 0 0 0 0 0 0 0 0 0 0 19 0 0 0 0 0 0 0 0 0 0 77 0 0 81 0 76 0 0 0 0 0 0 0 0 0 0 0 0 0 62 0 0 0 61 0 0 0 0 70 0 0 0 0 0 0 0 0 0 39 0 0 42 0 0 51 0 0 0 0 54 0 
0 68 0 0 0 66 0 0 0 10 0 0 0 0 15 0 13 0 0 0 0 0 9 0 0 0 0 0 0 55 0 0 0 0 0 58 0 0 0 80 0 0 0 0 78 0 0 0 45 0 0 42 0 0 0 0 0 0 0 0 0 0 51 0 20 0 0 25 0 0 27 0 0 0 0 0 32 0 0 0 0 
0 0 0 0 0 0 0 0 0 0 0 0 0 0 0 39 0 0 29 0 0 0 0 30 33 0 0 0 0 1 0 7 0 0 0 4 0 27 0 0 0 0 0 0 0 0 0 0 0 0 0 0 0 0 0 0 81 0 0 0 0 0 0 0 0 46 0 0 0 0 0 0 0 0 0 0 0 0 0 0 0 
58 0 0 0 0 0 0 0 0 0 0 0 0 0 0 0 0 0 0 0 0 0 81 0 78 76 0 0 0 0 0 0 48 0 0 49 0 0 66 0 0 0 0 0 69 31 29 0 36 0 0 0 0 34 37 39 0 0 0 0 0 0 0 0 0 0 0 16 0 0 0 0 0 0 0 0 0 21 0 0 0 
0 0 0 43 0 0 0 0 0 0 0 0 0 65 0 0 0 71 0 0 62 61 63 0 0 0 0 0 29 0 32 0 0 0 0 0 0 0 0 0 0 0 46 0 0 0 0 0 0 0 0 0 0 0 0 0 0 0 0 0 0 0 0 0 74 0 0 0 75 0 81 78 7 0 0 0 0 0 0 0 0 
0 0 0 0 0 0 0 74 0 0 0 0 0 0 0 0 0 0 0 0 0 16 18 0 0 0 0 0 0 0 0 0 66 72 0 0 0 9 3 0 0 0 1 2 0 0 0 0 0 0 0 0 48 0 0 0 0 0 61 0 0 0 0 0 0 0 35 0 0 0 0 0 0 0 42 0 0 39 0 0 0 
0 0 0 0 0 0 0 0 0 0 0 75 0 72 0 0 0 0 0 0 69 68 0 0 0 0 0 40 0 0 0 41 37 0 42 0 0 0 0 0 0 0 0 0 0 0 0 0 25 24 21 0 0 0 0 28 0 0 32 0 0 30 0 3 0 0 0 0 0 0 0 0 0 0 0 0 0 0 0 0 0 
0 12 0 0 0 0 13 0 0 0 0 0 0 0 0 0 0 0 27 0 0 0 0 0 0 0 0 0 0 0 0 5 0 0 6 0 0 0 19 0 0 0 0 0 22 0 0 0 0 0 0 0 0 0 0 0 0 0 0 0 0 0 0 0 0 0 51 0 0 0 0 0 0 60 0 0 57 0 54 61 0 
0 0 42 0 0 0 0 36 0 0 68 66 0 0 0 0 0 69 0 0 0 0 61 0 0 56 0 0 0 0 0 0 0 0 0 0 48 0 0 0 0 50 0 45 0 0 0 0 0 0 0 0 10 0 17 0 0 0 0 0 24 0 0 0 0 0 0 0 73 0 79 0 5 0 0 0 0 0 0 7 0 
0 30 0 0 0 28 0 0 26 0 59 0 0 0 0 0 0 0 0 0 0 0 0 0 0 0 0 0 0 0 0 0 0 0 24 0 39 0 0 0 0 41 0 0 0 0 81 0 0 0 0 0 0 0 0 0 0 0 0 0 0 12 0 0 63 0 69 68 64 0 0 0 0 0 0 0 0 0 0 0 0 
0 0 0 0 0 73 76 0 0 0 23 21 0 18 0 0 0 0 0 8 0 0 16 0 0 0 12 67 0 0 0 0 0 70 0 65 0 0 0 0 0 5 0 0 0 0 0 0 0 0 0 0 46 0 0 0 61 0 59 56 0 0 0 0 27 0 0 0 0 0 34 31 0 0 0 0 0 0 36 0 0 
0 0 0 68 70 0 67 0 0 8 14 0 0 0 0 0 0 0 0 0 0 5 0 1 0 0 0 0 0 0 0 0 0 0 0 0 0 0 73 0 0 0 0 72 0 0 0 35 43 0 0 0 0 41 0 0 0 0 50 0 0 0 49 21 18 0 0 0 19 0 0 0 0 0 0 0 0 0 0 0 0 
0 0 0 0 25 0 0 0 17 0 0 0 0 0 0 0 0 51 0 0 0 0 0 0 40 0 0 0 0 0 0 0 0 0 0 0 0 0 0 0 0 32 0 27 0 0 0 71 0 78 0 0 73 0 0 1 0 0 0 0 0 3 0 0 0 0 0 59 0 0 0 0 0 0 0 0 0 0 0 0 0 
0 0 0 59 0 0 58 0 0 0 0 0 0 0 0 0 0 6 0 71 0 0 0 0 0 0 0 0 0 0 0 50 46 52 0 47 0 0 0 0 0 68 0 0 0 0 0 0 0 0 0 0 28 0 0 37 0 36 0 0 0 0 0 12 9 0 0 0 10 11 16 13 0 0 22 0 0 0 0 0 0 
0 0 0 0 0 0 4 81 0 0 0 0 0 0 0 0 0 0 18 0 0 0 0 0 22 0 0 0 0 0 0 77 73 0 0 0 0 0 0 15 0 0 0 0 13 0 0 0 0 0 0 58 0 59 0 64 0 0 0 0 0 0 0 0 0 0 0 41 0 0 0 0 0 0 0 0 0 0 0 0 0 
0 0 0 78 0 74 0 0 0 0 24 0 0 0 0 0 0 0 0 0 0 0 17 11 14 12 0 0 64 0 0 69 0 71 0 0 0 0 0 0 0 0 0 1 5 0 46 0 0 0 49 0 0 0 0 0 0 0 0 0 0 0 0 31 28 27 0 0 29 0 35 0 0 0 0 0 0 0 0 0 0 
0 0 25 0 0 0 0 0 0 0 0 0 0 0 50 0 0 52 0 0 0 0 0 0 0 0 0 0 10 9 0 0 0 17 16 0 0 35 0 0 0 0 0 28 0 75 0 0 0 0 76 0 0 0 0 0 8 1 0 0 0 0 0 58 55 54 0 0 0 0 0 0 69 0 0 0 0 0 0 0 0 
0 0 0 0 0 11 0 0 0 36 0 0 0 37 0 0 39 43 0 0 0 0 0 29 0 0 0 5 0 0 4 0 0 0 0 0 0 0 0 25 0 0 0 0 0 0 64 63 0 0 0 0 0 0 0 74 0 0 0 75 79 0 0 0 0 0 0 0 0 0 0 0 0 0 0 57 0 0 55 62 0 
0 49 0 51 0 0 0 0 0 0 78 0 0 0 0 0 0 0 0 63 0 0 0 0 68 0 0 0 37 0 0 42 0 44 0 0 0 0 0 61 0 60 0 55 0 0 0 18 0 25 0 0 0 0 0 0 0 0 33 0 34 0 0 0 1 0 0 0 0 3 0 0 0 0 14 0 0 0 10 0 0 
0 0 0 6 8 0 0 0 0 0 33 0 0 0 0 0 0 0 0 0 0 24 0 0 0 21 0 0 0 0 0 0 74 0 0 75 0 0 11 16 0 0 9 0 0 0 0 0 0 0 58 0 0 0 0 0 71 0 0 0 0 0 0 0 37 0 0 42 0 0 0 0 0 0 0 0 0 0 0 0 0 
0 0 0 0 0 0 41 0 0 0 0 67 71 64 0 0 0 0 0 0 0 0 0 0 59 0 58 0 0 0 0 33 29 35 0 0 0 53 0 0 48 0 0 0 0 0 10 0 0 0 0 0 11 0 0 0 0 0 0 0 0 0 0 0 0 0 0 78 0 0 0 77 6 0 0 3 0 0 1 0 0 
66 67 0 69 0 0 68 0 0 0 0 0 0 0 14 0 0 16 0 0 0 0 0 2 0 0 0 0 0 0 0 0 0 0 0 0 76 0 0 0 75 78 0 73 0 0 37 36 0 0 0 0 0 0 0 0 0 0 0 0 0 49 0 0 0 0 0 0 0 0 26 0 0 0 32 0 0 0 0 35 0 
30 0 34 33 0 0 0 0 0 54 0 0 0 0 59 0 0 0 46 0 0 0 0 0 0 0 49 0 0 0 0 0 0 0 0 0 0 0 0 0 39 0 36 0 0 0 1 81 0 0 0 0 0 0 0 0 0 0 0 0 0 0 0 67 0 0 0 0 0 0 0 0 0 0 77 75 0 0 0 0 0 
0 0 0 0 62 56 0 0 0 0 6 0 0 1 5 0 0 0 0 0 79 0 0 74 0 0 0 50 0 0 0 0 0 0 0 0 0 0 65 0 0 0 0 0 0 0 0 0 0 0 0 0 0 33 0 0 44 0 0 0 0 0 0 0 10 0 0 0 0 0 0 14 0 0 0 21 0 0 0 0 18 
0 0 0 0 0 69 0 0 0 13 0 0 0 0 0 0 0 0 0 0 0 0 0 6 9 0 0 63 59 0 0 0 0 0 0 0 0 0 0 0 0 1 0 0 0 0 0 40 0 0 44 0 42 0 0 51 57 0 0 0 0 0 0 26 0 0 0 0 0 0 0 0 37 0 36 34 0 0 0 39 0 
0 0 47 0 0 0 0 0 0 0 0 0 75 0 0 0 70 0 0 0 0 0 0 0 63 0 0 0 0 0 0 0 0 0 0 0 53 57 0 56 0 0 49 0 0 0 14 0 0 0 0 0 0 19 0 0 0 0 0 0 0 0 0 80 0 0 0 1 0 0 0 0 0 11 9 0 0 0 0 12 0 
0 26 0 0 0 0 0 0 0 0 0 0 0 0 0 0 52 0 0 0 0 0 0 0 0 43 0 18 0 0 17 0 0 0 0 16 0 0 0 38 0 0 0 0 0 79 0 0 0 0 0 0 0 0 4 0 0 0 0 0 0 0 0 0 0 0 0 0 0 0 0 0 73 0 0 0 0 0 0 0 0 
0 0 0 0 3 0 0 0 0 0 0 0 0 0 0 0 0 0 0 0 0 19 21 0 0 0 0 0 0 67 0 0 0 0 0 0 0 12 6 0 0 0 0 0 0 0 0 0 0 56 0 0 0 0 0 0 0 0 0 61 0 0 63 35 0 0 0 37 33 0 0 0 0 0 45 0 0 0 0 0 0 
16 0 20 0 0 0 0 0 0 0 0 44 48 0 45 0 43 0 0 0 38 0 0 0 0 0 35 0 0 0 8 10 0 0 0 0 0 0 0 29 0 0 0 23 0 0 0 0 75 0 0 0 0 73 0 0 0 0 0 0 0 0 0 0 0 0 0 0 0 0 0 54 0 0 0 61 0 0 59 66 0 
61 0 0 0 0 0 0 0 0 0 0 8 0 0 0 6 0 11 0 0 2 0 0 0 0 0 0 0 0 49 0 0 0 0 56 0 0 0 69 0 70 0 0 0 0 0 0 0 0 0 0 36 0 0 0 42 48 0 46 0 47 0 0 0 14 0 0 19 0 16 0 0 0 0 27 0 0 24 23 0 0 
34 0 0 0 0 33 0 0 0 58 0 0 66 0 63 0 0 65 0 49 0 0 0 51 0 52 0 27 0 0 0 28 0 0 0 0 0 0 0 0 0 0 0 0 0 7 0 0 0 0 0 0 0 0 0 0 0 0 0 0 0 0 18 71 68 0 0 0 69 0 0 0 0 0 0 0 0 0 0 0 0 
7 0 11 10 0 0 9 5 4 31 0 0 0 0 36 0 0 38 23 22 29 28 0 0 0 25 26 0 0 0 0 0 78 0 0 0 0 0 0 0 0 0 0 0 0 61 0 0 0 65 62 63 0 0 0 0 0 68 0 0 0 0 0 44 0 0 0 0 0 0 0 0 55 0 0 52 0 0 0 0 0 
0 0 0 0 0 0 0 0 49 0 0 0 0 0 0 78 79 2 68 0 0 73 0 0 0 70 0 45 0 0 0 0 0 48 0 0 0 0 0 0 0 0 0 0 0 0 0 0 0 0 0 0 0 0 0 0 39 0 0 0 0 0 0 8 5 0 0 0 0 0 0 0 0 0 0 16 0 0 0 0 0 
