9
0 0 0 0 0 0 0 25 0 0 0 0 59 0 54 0 0 55 0 0 0 0 0 0 0 0 0 12 0 13 0 10 9 0 0 0 0 0 0 0 0 0 0 78 0 0 0 0 34 0 31 0 0 0 0 70 0 62 0 0 0 63 0 0 0 0 0 43 0 42 0 0 0 0 0 81 0 0 0 0 0 
0 0 0 0 0 32 0 0 0 0 70 67 0 0 63 0 0 0 0 0 0 60 58 0 0 0 0 0 0 22 20 0 0 0 25 0 2 0 0 0 0 81 0 0 0 0 41 38 0 0 0 37 0 0 0 0 0 0 0 0 76 0 0 44 0 0 0 0 0 0 0 47 0 16 0 0 0 0 0 0 0 
0 0 66 0 63 0 0 0 0 0 0 0 23 0 0 0 0 0 0 0 0 0 0 0 0 16 9 0 0 0 0 0 0 53 0 0 0 0 0 0 0 0 0 0 0 0 0 0 79 0 0 0 71 78 33 0 0 0 32 0 31 0 29 0 0 81 0 0 0 0 0 0 0 0 0 45 0 0 0 0 0 
0 0 0 0 0 0 0 79 0 0 0 0 0 33 0 0 0 0 0 0 0 0 0 0 0 25 18 0 0 0 0 0 63 0 70 0 47 0 46 0 0 0 0 51 0 0 0 2 0 0 0 0 80 0 42 0 0 0 0 0 0 0 0 0 0 0 0 0 12 0 0 0 0 61 0 0 0 0 55 0 0 
0 0 3 0 0 0 0 0 4 0 0 0 0 0 0 0 0 0 26 0 0 0 0 0 0 0 0 0 0 76 0 0 0 0 0 0 56 0 0 0 0 0 0 0 0 0 14 0 0 0 0 0 8 0 0 0 48 0 50 0 0 0 0 0 0 0 0 0 0 0 0 0 0 0 67 63 0 0 0 0 0 
0 0 0 38 36 0 37 43 0 0 79 0 77 0 0 75 0 0 0 0 65 0 0 0 0 0 0 0 0 31 0 28 0 0 0 0 0 0 0 0 0 9 13 15 0 0 0 0 0 45 0 0 0 0 0 7 3 80 0 0 0 0 0 53 0 0 58 0 0 0 0 56 0 0 22 0 21 0 19 24 0 
0 44 0 0 0 0 0 0 49 0 0 4 0 0 0 3 0 1 71 0 74 0 0 0 0 79 0 0 0 0 0 0 0 0 0 42 20 0 0 0 0 0 22 0 0 0 0 0 0 0 58 0 0 0 0 16 0 0 0 10 0 9 0 0 68 0 0 0 0 0 0 0 0 34 0 27 0 0 0 0 32 
60 0 0 0 0 0 0 0 58 11 0 0 0 0 9 0 0 0 0 0 2 0 0 0 0 7 81 0 0 0 0 0 0 0 0 0 29 0 0 0 0 0 0 0 0 0 0 0 0 0 67 0 62 0 0 0 0 0 0 0 22 0 0 0 0 0 0 0 0 0 73 0 0 0 0 36 0 0 0 0 0 
0 0 12 0 0 0 0 0 0 0 0 0 0 0 45 0 0 0 0 0 0 0 0 0 0 0 0 0 5 0 0 0 0 0 7 0 0 0 64 62 0 0 0 69 0 0 0 0 0 18 0 0 0 0 0 0 0 0 0 0 0 54 0 0 32 0 0 0 30 0 0 0 71 0 0 0 0 0 0 78 0 
0 0 0 0 64 0 0 0 0 0 0 0 0 0 0 0 0 0 0 0 0 0 14 0 0 0 10 0 60 0 0 0 0 0 0 0 0 0 38 0 40 0 0 43 0 76 0 0 0 0 77 0 0 0 0 0 0 0 0 0 0 0 0 0 0 0 0 0 0 0 0 0 0 0 0 0 0 0 0 0 0 
0 0 0 0 0 0 0 53 0 3 8 5 0 0 0 0 0 0 72 0 0 0 0 0 76 0 0 0 42 0 39 0 0 0 0 0 0 26 0 0 0 0 0 0 24 0 0 0 0 0 0 0 0 0 16 0 0 0 0 11 0 0 0 0 0 0 0 71 0 0 0 66 0 0 32 0 0 0 0 0 0 
0 0 31 0 0 0 29 0 0 0 0 0 0 0 0 67 0 0 0 0 57 0 0 0 58 0 0 0 24 0 0 0 0 0 26 0 0 0 0 0 0 0 0 0 0 0 42 0 0 37 41 0 0 0 79 0 0 0 0 0 0 0 0 0 51 0 0 0 0 0 0 0 0 0 14 0 0 12 0 0 0 
79 0 0 0 0 78 0 0 0 0 0 32 0 0 0 0 0 0 0 0 0 25 0 20 22 0 0 67 0 0 0 0 0 0 0 70 0 0 0 0 0 0 50 0 0 0 0 3 0 1 5 0 0 0 0 0 0 0 0 0 0 0 0 9 0 0 14 0 13 16 0 0 0 0 0 0 0 0 0 0 0 
0 0 0 0 0 0 0 0 59 0 17 0 0 0 0 0 0 0 81 6 0 0 0 0 0 0 0 0 0 0 48 0 0 0 0 52 0 35 0 0 31 0 0 0 33 0 0 0 0 64 0 0 63 0 25 0 0 0 0 0 0 0 21 0 0 0 0 0 0 0 0 0 0 0 0 0 40 39 0 43 42 
0 0 40 0 0 0 0 0 0 0 0 0 0 0 0 0 0 0 0 0 0 0 0 0 0 71 0 0 0 0 0 29 0 0 35 0 0 0 0 0 0 0 0 0 0 0 51 0 53 0 0 0 0 52 0 0 0 81 6 0 5 0 3 0 60 0 59 62 0 0 0 0 0 0 0 0 0 0 0 25 0 
0 0 0 0 0 0 0 0 0 48 0 0 0 0 0 0 0 0 36 0 0 0 0 0 40 44 0 0 0 0 0 0 0 81 0 0 0 0 0 0 0 0 0 0 0 0 0 0 0 0 0 0 0 0 61 0 0 0 0 0 0 0 0 0 0 0 32 0 0 34 0 0 72 0 77 0 0 0 0 0 78 
25 0 0 0 19 0 0 0 0 0 0 0 60 0 0 58 54 0 0 0 0 52 0 0 0 0 0 13 0 0 0 0 0 0 17 0 0 0 0 0 0 0 0 0 0 0 0 0 0 0 32 0 0 0 70 0 0 63 69 65 0 0 0 36 0 0 0 0 0 43 0 0 0 0 5 0 0 0 0 0 0 
0 0 0 0 0 0 0 0 0 39 44 0 0 0 0 0 0 0 0 0 0 0 0 0 31 35 0 0 0 0 0 0 73 0 0 79 0 0 0 54 0 0 0 0 0 0 0 0 0 10 0 0 0 16 0 0 0 0 0 0 0 0 0 0 24 0 23 0 0 0 20 21 0 71 0 0 0 0 0 0 0 
0 0 0 0 62 0 0 0 0 0 0 0 0 0 0 0 0 18 7 13 0 0 12 0 0 15 0 0 0 0 0 0 0 0 0 0 0 42 0 34 0 0 0 41 0 0 0 0 0 0 0 0 0 0 0 33 29 0 0 0 0 0 28 0 0 0 0 0 0 0 81 0 0 0 0 0 0 0 0 50 0 
0 0 0 0 26 0 0 0 0 0 0 0 0 68 0 0 0 0 0 0 0 0 0 0 0 60 0 0 0 0 0 0 0 0 24 0 1 0 0 0 0 80 0 5 0 38 0 0 0 0 0 36 0 0 0 0 0 0 0 0 0 0 73 0 0 44 0 0 47 0 0 0 0 0 0 0 0 0 0 0 13 
0 0 0 0 0 0 0 0 0 0 0 0 0 0 0 0 0 0 0 40 0 0 39 36 0 0 0 0 0 0 1 0 0 79 0 0 0 0 0 0 0 0 0 0 0 0 0 0 0 0 0 18 0 0 0 0 0 0 0 0 0 0 0 0 0 0 0 33 0 32 0 28 0 78 0 0 0 73 72 0 0 
59 0 0 0 0 0 54 0 0 0 15 0 0 0 0 0 7 0 0 0 0 0 0 0 0 0 0 0 0 0 0 0 0 0 0 0 0 0 27 0 0 26 0 0 31 0 0 0 0 62 66 0 0 68 0 0 0 0 0 0 0 0 0 0 0 71 0 0 0 77 0 0 0 0 39 35 0 0 0 0 40 
5 0 0 0 80 0 0 0 0 0 42 39 40 0 0 0 34 0 25 31 28 0 0 0 0 0 0 0 0 0 0 72 0 0 78 0 0 60 54 0 56 0 0 0 0 0 0 0 0 0 0 0 0 0 0 0 0 0 0 0 48 0 0 0 0 0 0 24 0 0 0 0 61 69 0 0 0 0 0 0 0 
77 0 0 73 0 0 0 0 75 0 0 0 0 0 26 0 0 0 0 0 19 0 0 0 20 0 0 65 0 0 0 63 0 61 0 0 0 51 0 0 0 0 48 50 0 0 4 0 0 0 0 0 79 0 41 0 0 0 0 0 0 0 37 0 0 0 0 0 0 14 0 0 0 0 0 53 56 0 0 0 0 
0 16 20 0 0 0 0 0 0 55 0 0 0 59 0 0 0 0 43 0 0 0 0 0 0 0 0 0 0 0 0 0 0 0 0 0 0 0 0 0 74 0 75 0 0 0 31 0 0 0 0 27 0 32 0 0 0 0 0 63 0 0 64 34 0 0 0 42 0 0 0 0 0 0 0 0 0 0 0 5 0 
0 0 0 0 0 49 0 0 0 0 6 0 0 0 0 0 0 0 0 0 0 0 0 0 0 0 0 0 0 39 0 0 0 0 0 41 0 24 0 0 0 0 0 0 0 56 0 0 0 53 0 0 52 59 0 0 0 7 13 0 0 0 0 61 0 0 0 0 0 0 0 0 0 0 0 26 0 0 27 0 0 
0 0 0 0 0 0 0 0 0 0 0 0 0 0 0 0 0 72 0 0 0 0 66 0 65 0 0 0 0 0 0 0 0 0 33 0 0 15 0 0 0 0 0 0 0 47 49 46 0 44 0 45 43 0 5 6 0 79 0 0 0 0 0 0 0 53 57 0 0 59 0 0 0 24 21 0 0 0 0 0 0 
72 0 0 0 0 0 0 0 0 0 0 0 26 0 0 24 0 0 11 0 0 0 0 0 0 0 0 0 0 0 0 0 0 0 0 0 0 0 0 0 0 39 0 45 44 0 80 77 0 0 0 0 0 81 0 37 0 0 0 0 0 30 0 0 0 0 0 0 0 0 0 0 47 55 0 0 0 0 0 0 0 
0 29 0 32 0 35 0 37 0 68 0 0 0 0 0 0 0 0 0 0 0 0 0 0 60 64 0 0 0 0 0 22 0 0 0 0 5 0 0 0 0 0 0 0 0 0 0 0 0 0 0 0 0 0 0 0 78 74 80 0 79 0 0 0 53 48 0 0 0 54 0 0 0 0 0 0 0 0 0 18 0 
0 0 0 5 0 0 0 0 0 0 0 0 0 0 0 0 0 40 29 35 0 36 0 0 0 0 0 78 0 79 0 0 75 0 1 0 0 64 58 0 0 0 0 63 0 0 17 0 19 12 0 0 0 0 0 0 0 0 0 0 0 0 50 0 0 0 0 0 0 0 22 0 0 0 0 0 0 0 0 0 0 
0 0 51 0 0 0 0 0 0 5 10 0 0 0 0 6 0 4 74 0 0 81 79 0 0 1 0 0 44 43 0 40 0 0 46 0 0 0 0 0 0 0 0 0 26 0 62 59 0 0 0 58 0 0 0 0 15 0 0 0 0 0 0 0 71 0 0 0 0 0 67 0 0 37 0 0 0 0 0 36 0 
0 0 0 0 0 0 0 0 0 14 19 0 0 0 0 15 0 0 2 0 0 0 0 0 6 10 3 0 0 0 0 0 0 0 0 0 0 0 0 29 0 0 0 0 0 0 71 68 73 0 0 0 65 0 0 0 0 0 0 22 0 0 23 0 0 0 79 0 0 0 0 0 0 0 0 0 42 0 0 0 0 
0 0 0 0 12 0 0 0 0 0 0 0 0 0 0 0 0 0 0 0 0 0 0 0 0 0 0 0 0 0 0 0 0 0 0 0 0 73 0 0 0 0 70 0 0 24 0 23 0 21 0 0 0 27 0 0 0 0 62 0 0 57 0 0 35 0 0 0 33 0 0 0 0 0 0 0 0 0 0 0 0 
0 20 24 23 0 0 0 0 0 59 0 0 62 0 0 0 0 0 0 0 0 0 0 0 0 0 0 0 17 0 0 0 0 0 0 18 0 1 0 74 78 0 79 0 0 0 0 0 0 0 0 0 0 36 72 0 0 0 0 0 0 0 0 38 0 39 0 0 0 0 0 0 0 0 0 0 0 0 0 9 0 
45 0 0 0 0 0 40 0 0 0 0 0 0 81 0 0 0 0 0 0 0 72 70 0 0 0 0 0 0 0 0 0 0 0 37 0 0 0 0 0 0 0 0 0 0 51 0 0 55 0 0 0 0 0 0 0 0 0 0 0 0 0 0 0 0 0 0 0 60 63 0 0 0 0 0 0 0 0 0 0 0 
0 0 0 0 0 0 0 0 0 0 0 34 0 0 0 33 0 0 0 0 0 0 0 0 0 0 0 0 0 0 0 67 0 0 0 72 50 0 49 0 51 0 0 0 53 0 0 0 0 0 0 0 2 0 0 0 0 0 44 40 0 0 0 0 0 0 0 0 0 0 0 0 56 0 0 0 60 0 0 0 0 
0 0 50 0 0 0 0 0 0 0 0 6 7 0 2 5 1 3 73 0 0 80 0 75 77 0 0 0 0 0 0 0 0 0 45 0 22 0 0 0 0 0 0 0 0 0 0 0 0 0 0 0 0 0 0 18 0 0 0 0 0 11 0 0 70 0 0 72 0 0 0 0 0 0 0 29 0 31 0 0 0 
0 0 0 0 0 0 0 0 0 0 0 0 0 71 0 0 64 0 0 0 0 0 60 0 0 0 56 0 0 0 0 21 20 19 0 26 0 0 3 0 0 0 0 0 0 0 0 0 0 0 0 0 0 0 0 0 0 0 0 0 0 0 0 46 0 0 0 0 50 0 48 0 0 0 0 0 0 0 0 0 0 
0 0 0 13 0 0 0 0 0 49 0 0 0 0 0 50 0 0 0 43 0 44 0 0 0 0 0 5 0 0 0 0 0 0 0 0 67 0 66 0 68 0 0 0 70 23 0 0 0 0 0 0 0 0 0 63 0 0 0 57 0 0 0 28 34 29 0 36 0 0 30 0 73 0 78 0 0 76 0 80 0 
0 0 0 4 0 0 0 0 0 0 0 0 0 44 0 0 0 0 0 0 0 35 0 30 0 36 0 0 0 0 0 0 0 0 0 0 0 0 0 55 0 56 0 0 0 0 0 0 0 0 0 0 10 0 0 54 0 0 0 0 0 0 0 0 25 20 0 27 0 26 0 0 64 0 0 0 0 0 0 0 70 
0 37 0 40 0 0 0 0 42 0 0 0 0 0 0 0 0 0 0 0 67 0 0 0 68 0 0 0 0 0 0 0 0 0 0 0 0 0 0 0 0 0 0 0 16 50 0 0 0 0 0 0 0 0 0 0 5 0 7 0 0 0 0 0 0 0 0 0 0 0 0 58 19 0 0 0 23 22 0 0 0 
80 73 0 0 0 0 0 0 0 0 36 33 34 35 0 0 0 0 19 25 22 26 0 21 23 0 0 0 70 0 0 66 65 0 0 0 0 0 0 46 0 0 0 0 0 0 7 4 0 2 0 0 0 0 0 0 0 0 0 0 0 0 40 0 0 0 0 0 14 17 0 0 0 0 0 56 0 0 0 62 0 
0 0 0 22 0 25 0 0 0 0 0 0 61 0 0 0 0 57 0 0 49 0 0 0 50 0 0 0 16 0 13 0 0 0 0 0 76 0 0 0 0 74 0 0 0 0 34 31 0 0 33 0 28 0 71 0 0 0 0 0 0 0 0 0 0 0 0 0 0 44 0 0 0 0 0 0 0 4 0 0 0 
0 0 0 67 65 0 0 0 0 0 0 0 0 26 0 0 0 0 0 0 13 17 0 0 0 0 0 0 0 0 0 0 56 0 0 0 40 0 0 0 0 0 42 0 0 0 0 0 0 0 0 75 0 0 35 36 0 0 0 0 33 29 0 0 0 0 0 0 0 0 0 4 0 0 51 0 0 0 48 0 0 
62 0 59 0 0 0 0 0 60 0 0 0 0 17 0 0 0 0 0 7 4 0 0 0 0 9 2 0 0 51 0 0 47 0 0 0 0 0 0 28 0 0 0 0 0 0 0 0 0 0 0 0 0 0 26 0 0 0 0 21 0 0 0 0 0 0 0 0 0 0 0 0 37 0 0 38 0 0 39 0 0 
0 0 0 0 0 0 0 0 38 0 0 0 75 0 0 0 0 0 0 66 0 67 0 0 0 0 61 0 0 29 27 0 0 24 0 0 0 0 0 0 0 7 0 0 0 0 48 0 0 0 0 0 0 0 0 0 0 78 0 0 2 0 0 0 0 52 56 0 0 0 0 0 0 0 0 0 0 0 0 0 0 
0 0 0 0 0 12 0 0 0 0 0 0 48 0 0 0 0 0 33 0 0 40 0 0 0 41 0 0 3 0 81 0 0 78 0 0 0 68 0 0 64 0 0 0 0 0 0 0 0 0 0 17 0 22 58 0 0 51 0 0 0 0 0 24 0 0 29 0 0 31 0 0 0 0 0 0 0 72 0 0 0 
0 0 46 0 0 0 44 0 0 0 0 0 0 0 0 0 0 0 69 0 0 0 0 0 73 0 0 0 0 0 0 0 0 33 41 0 18 0 0 15 0 0 20 0 0 0 0 54 59 52 0 0 0 0 0 14 0 0 0 0 0 7 0 0 66 0 0 68 64 0 62 63 0 0 0 0 0 0 0 0 30 
0 0 0 0 0 0 26 0 0 63 0 0 0 67 0 0 0 0 0 57 0 0 0 0 55 0 0 0 0 0 0 0 0 0 0 0 0 0 0 0 1 0 0 0 0 0 39 36 0 0 0 0 0 0 0 0 0 0 75 0 0 0 0 42 0 0 0 50 46 49 0 45 0 0 0 0 10 0 8 0 0 
67 60 0 0 0 0 0 0 0 0 0 20 0 0 16 0 15 17 0 12 0 13 0 0 10 0 7 0 0 0 0 53 0 0 0 0 0 0 0 0 37 0 38 0 0 0 75 72 77 70 0 0 0 0 0 32 0 0 0 0 0 0 0 0 0 0 0 0 0 0 0 0 0 0 0 0 0 45 0 0 0 
0 51 55 0 0 0 0 0 0 0 0 0 0 0 0 0 0 0 0 0 0 0 0 80 0 0 0 0 0 0 0 0 43 0 0 49 0 0 0 24 0 0 29 31 0 64 66 0 0 0 65 0 60 67 0 23 0 15 0 0 0 0 0 69 0 0 0 0 0 0 0 72 0 0 0 34 0 0 0 0 0 
0 0 19 18 16 0 0 23 0 0 0 0 0 0 0 0 0 0 0 0 45 0 47 0 0 0 43 0 0 0 0 0 0 0 14 0 72 0 0 0 73 0 74 0 0 0 0 0 0 0 0 0 24 0 0 68 0 0 0 0 0 61 0 0 0 0 0 41 0 40 0 0 0 0 0 0 0 0 0 0 0 
0 0 1 0 0 0 0 0 0 36 0 0 0 40 34 0 0 0 0 0 0 0 0 0 0 0 0 0 0 0 0 0 0 69 77 0 0 0 0 0 0 52 0 0 0 0 0 0 0 0 0 0 6 0 0 0 46 0 0 0 0 43 0 15 0 16 0 0 0 0 17 0 60 0 65 0 0 0 0 0 0 
0 0 0 0 0 0 71 0 74 0 0 0 0 0 0 0 0 0 0 0 18 0 0 0 0 23 16 0 0 0 0 62 0 0 68 0 0 0 0 0 0 0 47 49 0 0 0 81 0 0 0 0 0 0 0 0 0 0 0 0 0 0 0 0 12 0 11 0 0 13 0 0 51 0 0 52 0 0 0 0 0 
0 0 62 61 0 0 60 66 0 0 21 0 0 0 14 0 0 15 4 0 0 0 0 0 8 0 0 0 0 54 52 0 0 49 57 0 34 0 0 31 0 0 0 0 0 0 73 0 0 68 72 0 0 74 0 0 26 0 0 0 27 0 0 0 1 77 0 0 0 2 0 79 40 0 0 0 0 0 0 0 0 
74 67 0 0 68 0 0 0 0 0 30 0 28 0 0 0 0 24 13 0 0 0 0 0 0 0 0 0 64 0 0 0 0 58 66 0 43 0 0 0 0 0 0 0 0 0 1 0 0 0 0 0 0 0 0 0 35 0 37 33 0 0 0 0 0 0 0 0 0 0 0 0 0 57 0 0 0 52 0 0 0 
0 0 0 52 0 0 0 0 0 0 12 0 0 0 0 0 0 6 0 0 0 0 0 0 0 0 0 0 0 0 0 0 0 0 48 0 0 0 0 0 0 0 0 29 0 0 0 0 0 0 0 60 0 0 0 21 0 0 0 15 0 0 0 67 0 0 0 0 0 0 69 0 0 0 36 0 0 0 33 0 0 
0 4 8 0 0 0 0 0 0 43 0 45 0 0 0 0 0 0 31 0 34 0 36 0 0 39 0 80 0 0 0 0 0 0 0 2 0 66 60 0 0 0 0 0 0 0 19 16 0 14 18 15 0 0 0 0 0 0 0 0 0 0 0 22 0 0 0 0 0 0 0 0 0 0 0 0 0 0 0 74 0 
0 0 0 0 0 0 24 30 0 0 0 0 0 0 59 0 58 0 0 55 0 0 0 0 0 0 0 17 0 18 16 15 0 0 21 0 0 3 78 0 0 0 0 0 0 0 0 0 0 32 0 0 0 0 0 0 0 0 73 0 72 0 0 0 0 0 0 0 0 0 42 0 0 0 0 0 0 0 0 0 0 
20 0 0 0 0 0 0 0 0 0 0 0 0 56 50 0 0 0 40 0 0 0 0 0 0 0 0 0 0 0 0 0 0 0 12 0 0 0 0 0 0 0 0 0 0 0 0 0 0 0 0 0 0 0 0 0 0 0 0 0 0 59 0 31 0 0 0 0 35 0 0 0 0 0 0 0 80 0 0 2 0 
0 0 0 79 0 0 78 0 0 34 0 0 37 0 0 0 0 33 22 0 0 0 27 0 0 0 0 0 0 0 0 69 0 0 0 0 0 0 0 0 0 0 54 0 0 0 0 0 0 0 0 0 0 0 0 0 0 0 46 0 0 41 0 0 0 0 18 0 0 0 0 16 0 0 0 0 62 0 0 0 0 
0 0 0 0 0 37 0 0 0 0 0 0 0 0 68 0 67 0 0 0 61 0 0 60 62 0 59 0 0 0 0 24 0 22 0 29 7 0 0 0 8 0 9 11 0 0 0 43 0 0 0 0 0 0 0 0 0 0 0 0 0 0 0 0 0 50 0 57 0 0 0 0 0 0 18 0 0 0 0 0 0 
0 0 0 43 41 0 0 0 0 79 0 81 0 0 77 0 0 0 0 0 0 0 0 0 0 0 0 0 0 0 0 0 0 0 0 0 0 0 0 0 0 0 0 0 0 0 0 0 0 0 0 0 0 0 0 0 0 0 10 0 0 0 0 0 64 0 0 66 0 65 0 0 22 0 27 0 0 0 0 0 0 
0 0 0 0 0 0 0 0 0 0 65 0 0 64 0 0 0 0 0 0 0 55 0 0 52 0 0 0 0 0 15 0 0 0 0 0 0 0 77 0 79 0 0 0 0 0 36 0 0 31 0 0 0 0 0 0 0 0 0 0 0 0 0 0 0 0 0 0 0 0 41 0 0 11 0 0 0 6 0 0 9 
64 0 0 0 0 63 59 0 0 0 0 0 0 0 0 0 0 0 0 0 0 10 0 5 0 0 0 0 0 0 0 0 0 0 0 0 0 38 32 30 0 0 0 0 36 0 0 0 0 67 0 0 0 0 0 29 25 0 0 0 0 0 0 0 81 0 0 0 0 0 77 0 0 0 0 40 43 0 41 46 0 
0 0 0 0 0 0 0 0 0 42 0 0 0 0 0 0 0 41 0 36 0 0 0 0 0 0 0 0 0 0 0 0 0 0 0 0 0 0 0 0 0 0 0 0 0 0 0 15 0 0 17 0 0 0 0 0 0 0 0 50 0 0 0 21 0 0 0 0 0 28 0 0 0 74 0 0 0 0 68 0 0 
0 0 43 0 0 0 0 0 44 0 0 0 0 0 0 0 0 0 0 0 0 0 0 0 0 74 0 0 0 0 0 32 0 0 0 0 0 0 0 0 0 0 0 19 18 0 0 0 0 0 0 0 0 0 0 11 0 0 0 0 8 0 0 0 0 0 0 0 61 64 0 0 0 29 0 0 0 0 0 0 0 
0 0 0 0 0 0 0 0 71 0 0 0 0 0 0 0 0 0 0 0 0 0 0 0 16 0 0 0 63 0 0 0 0 57 65 0 0 0 41 0 0 0 0 0 45 79 0 0 0 0 80 0 75 0 0 0 0 30 36 0 0 0 0 0 0 4 0 11 7 0 0 0 48 0 53 0 0 0 50 0 0 
0 0 0 0 13 0 0 0 17 0 0 0 0 55 0 52 0 0 0 45 0 0 0 0 0 0 0 0 0 0 0 0 0 3 0 0 69 0 68 66 0 0 71 0 0 0 0 24 0 0 0 0 0 0 0 0 0 57 63 59 0 0 60 0 0 0 35 0 0 0 32 0 0 0 0 76 0 0 77 0 0 
0 0 0 0 49 0 0 56 0 0 11 0 0 0 0 0 0 5 0 0 0 0 0 0 0 2 0 0 0 0 0 0 0 39 0 0 24 0 0 0 0 22 0 0 0 0 0 0 65 0 0 59 57 0 0 20 0 12 0 0 0 0 0 66 0 0 0 74 0 0 0 69 0 0 0 0 0 0 0 0 0 
0 0 0 78 0 0 77 2 0 0 0 35 0 0 31 34 0 0 21 0 24 0 0 0 0 0 22 0 72 71 0 0 0 0 0 0 0 56 50 0 52 0 0 0 0 0 0 0 0 0 0 0 3 0 0 0 0 39 0 41 0 0 0 0 18 0 0 0 16 0 0 0 0 65 62 0 0 0 0 64 0 
0 30 0 0 31 0 0 0 35 69 0 0 0 0 0 0 0 0 0 0 0 0 0 0 0 65 0 25 0 0 24 0 0 0 0 0 0 0 0 0 0 0 0 0 0 0 0 0 0 0 44 0 39 0 0 0 0 0 0 0 0 0 0 48 0 0 0 0 0 0 0 0 0 0 0 0 0 15 0 0 0 
0 0 0 0 0 38 34 0 37 0 76 0 0 0 0 0 68 0 0 0 0 0 0 0 0 0 60 0 0 0 0 0 0 23 0 0 0 0 0 0 0 0 0 0 11 0 0 0 0 0 0 0 0 0 0 0 0 0 0 0 0 0 0 0 0 0 55 0 0 0 0 0 0 0 0 0 0 0 0 0 0 
0 59 0 0 0 0 0 0 64 0 0 0 20 0 0 0 0 16 0 0 0 12 0 0 0 0 0 0 56 0 0 0 0 0 0 0 35 0 0 0 0 0 0 0 0 0 0 0 0 0 0 0 0 0 0 0 0 0 29 0 0 0 0 0 0 0 0 4 0 0 0 0 41 0 0 0 45 0 0 0 0 
0 0 0 0 0 0 43 49 0 0 0 0 0 0 0 0 0 0 0 0 0 0 0 0 0 0 0 0 0 37 0 0 0 0 0 0 0 0 0 0 0 0 0 0 0 54 0 0 0 0 0 0 0 0 0 0 0 0 0 0 0 0 8 0 0 0 64 0 0 0 0 0 0 0 0 0 0 0 25 0 29 
0 0 0 0 78 0 0 0 1 0 40 0 0 0 33 0 0 0 23 0 0 30 28 0 0 0 0 0 74 0 0 0 69 0 0 0 0 0 0 0 54 0 0 0 0 0 0 0 0 0 0 0 0 0 48 0 0 41 47 0 0 0 0 0 0 15 19 22 0 21 0 0 0 67 0 0 0 0 61 66 0 
0 0 0 0 0 0 0 0 0 0 67 0 0 0 0 0 59 0 50 0 0 0 0 52 0 0 0 0 0 0 0 0 0 0 0 0 0 0 0 0 0 0 1 0 0 0 0 0 0 0 0 0 32 0 75 0 72 68 0 0 0 0 71 0 0 0 0 0 0 0 0 0 5 0 0 0 0 0 7 12 0 
0 0 0 0 0 0 0 0 19 0 58 0 0 0 0 0 0 0 0 47 0 0 0 0 45 0 0 9 0 0 0 7 6 5 0 0 0 0 0 0 0 0 0 75 0 0 0 0 0 24 0 0 0 0 0 0 0 59 0 0 64 0 62 0 0 0 0 0 0 39 0 35 0 0 0 0 81 0 79 3 0 
0 0 0 0 0 0 0 76 0 0 0 0 29 0 0 0 0 0 0 0 0 0 0 0 0 0 0 0 0 64 0 0 0 0 0 0 0 49 0 0 0 0 0 0 0 0 0 80 0 78 1 79 77 0 0 0 36 0 0 0 37 0 35 0 0 6 10 13 0 0 0 0 0 0 0 0 0 0 0 0 56 
0 0 0 0 0 0 0 0 0 0 0 0 0 0 0 0 0 0 0 0 0 0 0 0 0 0 0 0 0 0 0 0 0 77 0 0 0 0 0 0 0 0 0 0 65 18 0 0 0 0 19 0 0 0 0 0 54 0 0 0 0 0 0 0 29 0 0 31 0 0 0 0 0 76 73 69 0 0 70 0 0 
57 0 54 0 0 0 0 0 0 8 0 0 0 0 6 0 0 0 77 0 80 0 0 0 0 0 0 0 0 0 0 0 0 0 0 0 26 0 0 0 0 0 28 0 29 0 0 0 0 0 0 0 59 66 21 0 0 0 0 16 19 0 0 0 0 0 0 0 72 75 0 0 0 0 37 0 0 0 34 0 38 
