9
0 0 0 0 49 0 0 0 0 0 0 0 0 0 0 0 40 39 0 74 0 71 0 0 0 0 0 33 0 25 0 0 0 0 0 0 0 0 0 80 0 0 0 0 0 10 0 0 0 0 0 0 0 7 60 0 59 0 0 0 0 0 0 22 0 0 0 0 0 0 0 0 0 0 0 0 0 67 0 0 0 
0 0 0 0 0 0 0 0 0 0 0 5 0 80 0 0 0 0 0 0 0 0 0 0 0 0 0 78 0 0 71 72 0 75 0 0 0 0 0 0 0 0 0 0 0 0 60 0 0 0 0 58 0 0 0 0 0 0 0 0 0 0 19 0 0 0 66 63 0 0 0 0 0 0 0 0 0 31 0 27 29 
0 0 0 0 0 0 0 0 0 28 0 32 0 26 0 0 0 0 0 0 0 62 0 0 0 0 0 0 0 0 0 0 20 0 0 0 0 0 0 0 0 0 0 0 70 0 6 0 0 5 0 0 0 0 0 0 0 0 0 0 0 0 0 0 0 0 0 0 0 0 0 0 0 53 0 59 0 0 0 54 0 
0 0 0 0 67 0 0 61 0 55 0 0 0 53 0 54 0 0 0 0 0 0 0 10 14 0 0 51 46 0 0 45 0 0 0 50 0 0 0 0 0 0 0 19 0 0 0 0 0 0 0 0 0 0 0 0 0 0 74 0 0 0 73 0 41 0 39 36 35 0 0 0 0 0 0 0 0 0 0 0 0 
0 3 0 0 0 0 0 0 0 0 0 77 0 0 0 0 0 0 0 29 0 0 0 28 0 0 0 0 0 0 62 0 0 66 0 0 41 0 0 0 0 0 0 0 0 46 51 0 45 0 48 0 0 0 0 8 0 0 0 0 0 0 0 0 0 56 57 0 53 0 0 0 0 0 0 0 0 0 0 0 0 
56 0 0 0 0 0 55 52 59 0 0 0 0 0 0 0 0 0 0 2 0 0 0 0 0 0 0 0 37 0 0 0 0 0 0 0 14 11 9 0 0 0 15 0 0 0 0 0 0 0 0 0 0 0 0 0 0 0 0 67 0 0 0 31 0 0 0 0 0 28 0 0 0 0 0 77 0 76 0 0 0 
0 0 0 0 76 0 0 0 0 0 61 0 0 0 0 0 0 0 0 0 21 0 0 0 0 0 0 0 55 0 53 0 0 0 0 0 32 0 0 0 0 0 0 0 0 0 0 0 36 0 39 0 0 0 0 0 5 0 2 0 0 0 0 49 50 0 0 0 0 0 43 0 0 8 0 0 0 0 0 9 0 
29 0 0 0 0 0 0 25 0 19 16 0 0 0 0 18 0 21 0 0 57 0 0 55 0 0 0 0 0 0 0 9 11 0 0 0 0 0 0 0 0 0 0 0 0 73 0 0 0 77 0 0 0 70 42 35 0 0 0 0 36 0 0 0 0 0 0 0 0 0 0 0 0 0 0 50 0 0 0 0 0 
0 0 0 0 0 0 0 0 0 0 0 0 0 8 0 0 0 0 0 0 0 0 49 0 50 45 0 0 0 0 0 0 0 0 4 0 0 0 0 53 0 57 0 0 52 0 0 0 63 0 0 67 0 0 0 0 0 0 0 0 0 30 28 0 0 0 0 0 0 0 0 78 42 0 37 0 0 0 0 36 0 
0 0 0 0 0 0 0 51 0 0 0 0 50 43 0 0 0 0 0 0 0 0 0 0 0 0 5 0 0 0 0 0 0 0 0 0 0 10 0 7 0 11 14 0 6 0 0 0 0 0 0 0 0 15 68 0 0 0 0 66 62 0 63 0 0 0 0 0 0 0 0 0 77 0 72 0 0 75 0 0 73 
0 0 0 0 0 0 0 0 0 63 0 0 0 0 0 0 0 65 0 0 0 16 0 0 0 17 0 59 0 0 0 53 0 0 0 0 0 0 0 0 0 0 32 27 24 36 0 0 0 40 0 0 0 0 0 79 4 0 0 0 80 0 81 0 0 0 0 0 0 0 0 50 0 0 0 0 11 0 0 0 0 
0 0 0 34 0 41 36 33 0 0 0 0 0 0 28 0 0 0 60 64 0 0 0 0 0 0 0 0 0 15 0 0 0 0 0 22 0 0 0 0 0 74 0 0 69 81 0 0 0 0 0 0 79 0 0 43 49 0 46 48 0 47 0 12 13 0 0 0 0 0 0 0 0 0 54 0 56 57 51 53 55 
0 0 44 0 0 0 0 0 0 0 0 40 0 0 0 0 0 38 0 0 0 0 0 0 0 0 0 0 27 0 0 0 0 29 0 0 0 1 0 0 0 0 5 0 0 0 0 0 0 0 0 0 0 0 59 0 0 51 0 0 0 0 0 21 0 0 0 0 0 0 15 0 68 0 0 0 0 0 0 0 64 
0 29 0 0 0 0 0 0 0 0 0 0 0 0 0 17 0 0 0 0 0 0 57 0 0 0 0 0 0 0 0 8 0 0 0 0 0 0 62 0 0 65 0 0 0 0 0 73 0 0 0 0 0 0 41 0 0 0 0 0 0 0 0 0 0 0 0 0 0 0 0 0 0 0 0 0 47 0 0 0 46 
0 0 0 61 66 0 0 0 0 0 0 0 0 0 0 0 0 0 0 0 0 0 0 0 0 0 0 50 0 42 43 0 0 47 0 0 0 0 0 0 0 20 23 0 0 0 0 0 26 31 0 0 0 0 0 0 0 0 0 0 0 0 0 0 0 0 0 0 34 0 0 0 0 0 0 0 0 0 0 0 1 
0 0 0 0 0 23 0 0 0 0 6 0 0 0 0 0 0 0 0 46 0 0 0 0 0 0 0 5 0 0 0 80 0 2 0 4 0 0 0 0 57 56 0 0 0 0 68 0 0 0 0 0 61 0 0 0 31 0 28 0 0 0 27 0 76 0 0 71 0 0 0 0 0 0 0 0 0 0 0 0 0 
0 0 0 0 0 0 0 0 0 0 0 0 0 0 0 80 3 0 0 0 0 0 0 36 40 0 0 0 0 0 0 0 0 0 0 0 0 46 0 0 0 47 0 45 0 0 0 0 0 0 56 57 0 0 0 16 0 0 0 0 17 0 0 0 67 0 0 0 61 63 60 68 0 0 0 0 0 0 0 26 0 
1 0 0 0 0 0 0 0 0 0 0 76 77 0 0 0 0 0 24 0 29 0 0 27 0 0 0 0 0 0 61 0 0 0 0 0 0 0 0 0 0 0 0 0 0 45 0 0 0 49 0 0 0 0 0 0 13 0 0 0 0 0 0 0 0 0 0 53 52 54 0 0 0 0 18 0 0 0 0 0 19 
0 0 0 57 0 0 0 0 0 0 0 54 0 0 0 0 53 0 0 6 0 3 0 5 9 0 0 0 0 38 39 0 0 0 0 45 18 15 0 0 0 0 0 0 0 23 0 0 0 0 0 0 0 20 0 66 0 0 0 0 0 0 68 0 0 0 0 0 0 0 0 0 0 0 77 81 0 0 0 76 0 
0 0 0 0 80 0 77 0 81 0 65 0 0 0 69 0 0 0 0 0 0 0 26 23 0 0 0 0 0 0 0 0 0 0 0 0 36 0 31 0 0 0 0 0 0 0 0 0 0 0 0 44 0 0 10 0 0 2 0 0 0 0 5 0 0 0 0 0 0 0 0 0 0 12 0 0 16 0 0 13 0 
0 52 0 0 0 0 0 0 0 0 0 0 46 0 42 0 0 0 0 78 0 75 0 0 0 76 1 0 32 0 30 0 0 0 0 0 0 0 0 0 0 0 10 0 0 0 0 0 0 0 0 0 12 0 0 0 0 0 0 0 0 0 0 0 0 0 0 0 0 0 0 28 0 66 0 72 0 0 0 0 0 
0 0 0 0 0 0 0 0 45 0 0 36 0 0 0 0 0 0 0 0 0 66 0 0 0 0 0 0 23 0 0 0 24 0 0 27 81 78 0 0 0 0 0 0 0 0 10 0 4 0 0 8 0 0 55 0 54 0 0 0 0 0 50 0 0 0 0 0 0 0 0 19 0 0 0 0 61 62 0 0 0 
0 0 0 0 0 0 0 0 0 0 11 0 0 0 15 0 0 0 47 0 52 0 0 0 0 49 0 0 0 0 0 0 0 7 0 0 63 0 58 0 0 0 0 59 0 0 0 0 0 0 0 0 66 65 0 30 0 0 0 35 0 0 32 80 0 0 0 76 75 0 0 0 46 39 0 45 0 0 0 0 0 
0 0 67 0 0 0 0 0 72 0 0 0 0 0 0 0 0 0 0 0 0 12 0 0 0 0 0 55 50 0 48 0 0 0 0 0 0 0 22 21 26 0 0 0 0 0 0 0 0 0 0 35 0 0 1 0 0 74 0 80 0 0 0 0 45 42 0 0 0 0 0 0 0 3 5 9 7 0 2 0 6 
0 16 0 12 0 0 0 0 18 0 0 0 0 0 0 0 0 0 0 0 0 0 0 41 0 0 0 0 0 0 0 0 0 79 0 81 54 51 0 0 0 0 55 0 0 0 0 0 0 0 0 0 57 0 0 0 0 0 0 0 0 0 0 0 72 0 0 67 0 68 0 0 37 0 0 0 0 0 0 0 0 
0 34 0 0 0 0 0 0 36 0 0 0 0 21 0 0 0 0 56 0 0 0 0 0 0 0 0 0 0 0 12 0 0 0 0 0 0 0 0 66 0 0 0 0 65 77 0 0 0 0 0 0 0 0 46 0 45 0 0 44 40 0 0 0 0 0 0 0 0 5 0 10 0 0 0 0 0 0 0 49 0 
0 0 0 0 0 0 0 0 0 0 0 0 0 0 0 0 0 0 29 0 0 0 0 32 0 31 0 73 0 0 0 0 69 0 0 0 0 0 0 0 0 43 0 0 0 50 0 0 0 0 0 0 48 0 0 0 0 0 0 17 13 0 0 62 0 0 0 0 0 0 0 0 0 0 0 27 0 26 0 0 24 
7 0 0 0 0 0 0 3 0 78 0 0 0 0 0 0 0 80 0 0 0 0 0 0 0 0 0 0 0 0 0 0 0 0 0 0 0 43 0 40 0 0 0 0 0 51 0 0 0 0 0 0 0 0 0 13 0 0 16 0 0 0 0 63 0 0 0 0 0 0 0 65 0 22 0 0 0 27 0 0 25 
0 44 41 40 45 0 42 39 0 33 0 0 0 0 0 32 0 0 0 70 0 0 0 0 0 0 0 0 0 0 0 0 25 0 27 0 0 79 0 76 81 0 0 78 0 0 11 0 0 0 0 0 0 0 56 49 0 0 52 0 50 0 0 0 0 0 0 0 13 0 0 0 65 0 0 64 0 0 57 0 0 
0 0 0 0 0 0 0 0 0 0 0 28 0 0 0 23 0 0 0 0 62 0 0 0 0 0 65 0 0 0 0 0 0 0 0 19 0 0 68 67 0 0 74 69 0 0 0 79 0 1 80 0 76 0 0 0 0 0 0 0 0 0 0 0 0 0 0 0 0 0 3 0 0 0 0 0 0 0 0 0 0 
0 0 77 76 81 0 0 75 1 0 0 0 0 0 70 0 0 0 0 0 0 0 0 0 0 0 0 0 0 0 0 0 0 0 0 0 37 0 32 31 0 0 0 0 0 0 0 0 0 0 44 0 0 0 0 0 0 0 0 9 0 8 0 54 0 0 0 50 0 0 48 56 0 0 0 0 0 0 0 0 0 
0 62 0 0 0 0 60 57 0 0 0 0 0 0 0 0 0 53 0 0 0 0 0 0 0 5 0 47 0 0 0 0 43 0 0 0 19 16 14 0 0 0 0 0 0 0 0 0 0 28 0 0 0 21 74 67 0 0 0 0 0 0 69 0 0 34 35 0 31 0 0 0 0 0 0 0 0 0 0 0 0 
25 0 0 0 0 0 0 0 28 0 0 0 0 0 0 0 18 0 0 52 0 49 54 0 55 0 0 11 0 3 0 5 0 0 0 0 0 0 0 0 0 62 0 0 0 0 0 0 0 0 0 0 67 0 0 0 0 0 0 36 0 0 0 0 0 79 0 0 0 0 0 0 0 0 0 0 0 0 0 0 0 
0 0 0 0 0 0 69 0 73 60 0 0 0 0 0 0 0 0 0 0 17 0 0 15 0 0 20 0 51 0 49 50 0 0 0 55 0 0 0 0 27 26 0 0 21 0 0 0 0 37 35 0 0 0 2 76 1 0 0 0 0 0 0 0 0 0 0 0 40 0 0 47 0 0 6 0 8 0 0 0 0 
52 0 0 0 0 0 0 48 0 0 0 46 47 0 43 0 0 0 75 79 0 0 0 0 1 0 0 0 0 0 0 32 0 0 0 0 0 7 0 0 0 0 0 0 0 0 0 16 0 0 0 0 0 0 0 0 0 0 0 0 0 0 60 0 0 25 26 0 0 0 0 29 74 0 0 73 0 0 0 0 0 
0 0 14 13 0 0 0 12 19 0 0 0 0 0 0 0 0 0 0 0 0 0 0 0 0 0 0 2 0 0 0 0 0 0 0 1 0 52 0 49 0 0 56 51 48 0 65 0 0 0 0 0 0 0 29 22 0 0 0 27 0 26 0 0 0 0 0 0 0 0 0 74 0 0 0 0 0 0 30 0 0 
0 0 12 0 0 0 0 0 0 0 1 0 0 0 0 0 0 0 37 41 0 0 0 40 0 0 0 0 0 0 0 75 0 0 0 0 0 50 0 47 0 0 0 49 0 0 0 0 0 0 0 0 56 55 0 0 0 19 0 0 0 0 0 0 0 0 0 66 0 0 0 72 0 0 0 0 0 0 28 0 0 
0 0 0 0 0 0 0 0 0 0 0 0 0 0 0 0 61 0 0 14 0 11 0 0 0 0 0 0 0 0 0 0 0 0 0 0 26 0 21 0 0 0 0 0 0 0 0 0 30 0 0 0 29 0 81 74 0 0 77 0 0 0 0 0 0 0 0 0 0 0 0 45 9 0 0 0 0 0 1 3 0 
0 0 0 0 0 0 0 0 0 22 0 0 27 20 0 0 0 0 0 0 0 0 0 0 0 57 0 0 0 10 0 0 0 0 16 0 0 0 66 0 0 0 0 67 0 76 0 0 0 0 78 0 74 0 0 0 0 0 0 0 39 42 40 7 0 0 0 0 2 4 0 9 0 0 0 0 0 0 0 0 0 
77 0 75 0 0 0 76 0 0 0 64 0 0 0 0 0 0 0 0 0 24 0 25 0 0 21 0 63 58 0 0 0 59 60 0 0 35 0 30 0 34 0 0 0 0 40 0 0 39 0 0 43 38 0 0 0 0 0 0 0 3 6 0 0 53 0 51 0 47 0 0 0 0 0 0 0 0 0 10 0 0 
0 0 21 0 0 0 0 19 0 13 0 0 0 0 14 0 16 0 46 0 0 47 0 0 0 0 0 0 0 0 0 0 0 0 7 0 0 0 0 56 0 60 0 0 0 0 72 0 0 0 69 70 0 0 0 29 0 0 0 0 0 0 0 79 0 0 0 75 74 0 0 0 0 0 0 0 0 0 0 0 0 
0 6 3 0 7 0 0 1 0 0 0 0 0 0 0 0 79 0 0 0 0 0 0 0 35 0 0 72 67 0 0 0 0 0 70 0 0 0 0 0 43 0 0 40 0 0 0 0 0 0 0 52 0 0 0 0 0 0 0 16 12 0 0 0 0 59 0 0 0 0 0 63 0 0 0 0 0 0 0 0 0 
0 0 0 0 0 54 0 0 0 0 0 0 0 0 0 0 0 42 0 0 78 0 0 0 0 0 0 0 0 0 0 0 0 0 0 0 0 0 0 0 0 6 0 0 0 13 18 0 0 0 0 0 0 0 63 56 0 55 0 0 0 0 58 0 0 0 0 21 0 0 0 27 72 65 0 0 0 0 64 0 0 
0 60 0 0 0 0 0 55 62 0 46 0 0 0 0 48 0 0 1 5 0 0 0 0 0 0 9 0 0 0 0 0 0 42 43 0 0 0 0 0 0 15 0 0 0 0 27 0 0 0 0 25 20 19 0 0 0 64 0 0 0 69 0 34 0 0 0 0 29 0 0 36 81 74 76 0 0 0 0 0 0 
41 0 39 0 0 0 0 0 0 31 28 35 0 0 0 30 34 33 0 0 69 65 0 0 0 0 0 0 22 0 0 0 0 0 0 0 0 0 0 74 0 78 81 0 73 0 9 0 0 8 0 7 0 1 0 0 53 0 50 0 0 0 0 16 17 14 0 0 11 0 0 0 63 0 58 0 60 0 0 57 0 
0 0 33 32 0 39 34 0 38 0 0 0 0 0 0 24 0 0 58 0 0 0 0 0 0 0 0 0 0 0 0 0 0 0 0 0 74 0 0 68 0 0 0 0 0 0 0 0 0 0 81 1 0 0 0 0 0 0 44 0 0 0 0 0 0 0 0 0 5 7 0 0 0 0 0 0 0 0 0 51 53 
0 0 0 0 0 0 0 0 0 0 0 0 0 14 17 0 0 18 0 53 0 50 0 0 0 0 0 0 0 0 5 6 0 0 0 11 0 0 0 0 0 0 0 0 0 0 0 0 0 0 0 0 0 67 0 0 38 0 0 0 0 0 0 0 0 80 81 0 0 79 0 0 0 0 0 0 0 0 0 0 0 
0 81 0 0 1 3 0 0 0 0 0 0 75 0 0 0 0 0 0 0 0 23 0 0 0 24 0 0 0 0 0 0 0 0 0 0 0 35 0 0 37 0 0 0 0 0 48 0 42 0 0 0 0 0 0 0 0 0 8 0 0 0 0 0 0 0 54 0 0 0 0 0 0 14 0 0 18 0 0 0 0 
0 0 0 5 10 12 0 0 0 0 0 2 0 0 0 0 0 0 0 0 0 32 0 0 0 0 0 0 0 0 68 69 0 0 0 74 0 44 42 0 0 0 0 43 0 0 0 0 0 0 0 55 50 0 0 0 20 0 0 0 0 18 0 0 0 0 0 60 59 0 0 0 0 0 0 29 0 0 22 24 26 
0 63 0 59 0 66 0 0 0 52 49 0 0 0 0 0 55 54 0 0 0 0 0 0 0 0 0 0 0 0 0 42 0 0 0 0 0 0 0 0 19 0 0 0 0 25 0 0 0 0 0 28 0 0 0 68 74 67 0 0 0 72 0 0 0 0 0 0 0 0 0 0 0 77 0 0 0 0 0 0 0 
0 54 0 0 0 0 0 0 0 0 0 47 0 0 44 42 46 0 76 80 0 0 1 79 0 78 0 0 0 0 0 33 0 36 37 38 0 0 0 0 10 0 0 0 0 0 21 0 15 0 0 0 14 0 0 0 0 0 0 0 0 63 61 28 0 26 0 0 0 0 0 0 0 68 0 0 0 73 0 0 0 
0 45 0 0 46 0 0 0 0 0 0 0 39 0 0 0 37 0 0 0 0 0 0 0 0 69 0 30 0 22 0 0 0 0 0 0 0 80 0 0 0 0 0 0 76 0 0 0 0 11 0 0 0 0 0 0 56 0 0 0 0 54 0 0 0 0 0 0 0 16 13 21 66 59 0 0 0 64 0 60 0 
0 0 69 0 0 0 0 67 0 0 0 0 66 0 0 0 0 0 13 0 0 0 0 0 0 0 0 57 0 0 0 51 0 54 0 0 0 0 0 0 0 27 30 0 0 34 0 0 0 0 36 0 32 0 0 77 0 76 0 0 0 81 0 0 0 0 0 0 0 0 40 0 12 5 0 0 9 0 4 0 0 
0 18 0 0 0 21 0 0 20 0 0 0 0 0 0 6 0 0 0 0 0 41 0 0 0 42 0 0 0 0 77 0 0 0 0 0 0 0 0 0 0 0 0 52 0 0 66 0 0 0 0 0 0 0 30 23 29 22 0 0 0 0 0 73 0 0 72 0 0 0 0 0 0 32 0 38 0 0 0 33 0 
0 0 0 0 56 0 0 50 0 0 41 0 0 42 45 0 47 0 0 0 0 0 0 0 0 0 0 0 35 0 33 0 0 0 0 0 0 0 7 6 0 0 0 0 5 0 0 0 0 0 0 0 0 0 0 0 66 0 0 0 0 0 0 0 30 27 0 0 24 26 0 0 0 0 0 75 0 74 0 0 0 
0 0 43 42 47 49 0 0 0 0 0 0 0 0 0 34 0 0 0 0 0 69 0 0 0 0 0 31 0 0 24 25 0 28 0 30 0 0 0 0 0 0 0 80 0 0 0 0 0 0 0 11 6 0 0 51 0 0 0 0 0 55 0 0 0 0 0 0 15 0 0 22 0 0 0 0 0 0 0 0 0 
0 0 25 0 0 0 0 0 30 0 0 0 0 0 0 0 0 0 0 54 0 0 56 53 57 0 0 13 0 0 0 0 9 10 11 0 0 0 61 0 0 0 0 0 0 0 0 0 0 0 73 0 0 0 0 0 0 32 0 0 0 37 35 0 0 0 1 0 0 80 0 0 0 42 0 0 46 47 0 0 0 
0 10 0 0 0 0 0 0 0 0 0 0 0 0 0 0 0 0 0 36 0 0 0 0 0 0 40 0 0 68 69 0 0 73 0 0 0 0 0 0 0 46 0 0 0 0 0 0 52 0 55 0 0 0 0 0 21 0 0 20 0 0 0 65 66 63 0 0 0 0 0 0 0 0 0 0 0 29 0 0 0 
18 0 16 0 20 0 0 0 0 0 0 0 0 0 0 0 0 0 41 45 0 0 0 0 0 0 0 0 0 77 0 0 0 1 2 0 0 0 0 51 0 55 58 53 0 0 67 0 0 66 0 0 0 0 0 0 0 0 27 0 0 0 0 74 0 72 0 0 0 0 0 76 0 33 0 0 0 0 0 0 0 
36 0 0 0 0 0 0 0 0 26 0 0 0 24 0 0 0 0 0 0 0 0 0 0 0 61 0 0 0 14 0 0 0 0 0 0 0 0 0 0 74 73 0 71 0 0 0 0 0 0 0 0 0 0 0 0 0 0 0 0 0 46 44 0 0 0 10 0 0 0 0 0 0 0 0 0 0 0 0 0 54 
0 0 0 0 0 0 62 0 66 53 0 57 58 51 0 0 0 0 0 0 0 6 0 0 12 7 0 49 0 0 0 0 0 0 0 0 0 0 0 15 0 0 0 0 0 0 0 0 0 30 0 0 0 0 0 69 0 0 0 0 0 0 0 0 0 0 0 0 33 0 0 0 0 0 80 3 1 0 0 0 0 
0 0 0 0 74 0 0 0 0 0 0 0 67 0 0 0 0 64 14 0 0 0 0 0 0 0 22 0 0 0 0 0 0 55 0 0 0 0 0 0 0 0 0 0 23 0 0 0 34 0 37 0 0 0 0 0 0 0 0 0 0 1 0 0 0 0 0 43 0 0 0 49 0 0 0 0 0 0 0 0 9 
0 0 0 0 0 0 0 77 0 0 68 0 0 0 72 0 0 0 0 0 0 0 0 0 30 0 0 0 0 0 0 0 63 0 65 66 0 0 0 33 0 0 0 0 0 44 0 0 0 0 0 47 0 0 13 0 0 0 0 0 7 0 0 0 0 0 55 0 0 0 0 0 0 0 0 0 0 0 14 0 0 
0 0 0 63 0 0 65 0 0 0 0 0 61 54 0 55 0 0 0 0 0 0 0 0 15 0 0 52 0 0 0 0 0 49 0 51 0 0 0 18 23 0 0 0 0 29 0 0 28 0 0 0 0 0 0 72 0 0 0 0 0 0 0 0 0 0 0 37 36 38 35 0 7 81 0 0 0 0 0 0 0 
0 0 0 0 0 0 0 0 0 29 0 0 0 0 30 28 0 0 0 0 0 63 68 0 69 0 70 25 20 0 18 0 0 0 23 0 78 0 0 72 0 76 0 0 0 0 0 0 0 6 4 5 0 0 52 0 0 0 0 0 0 0 0 0 0 0 0 0 0 11 0 0 0 0 0 60 0 59 0 55 0 
0 0 0 0 0 0 0 0 0 0 0 0 0 0 0 0 0 0 0 0 49 0 0 47 51 46 0 0 0 0 0 0 3 0 0 0 0 57 0 0 0 0 0 0 53 0 0 0 64 69 0 0 63 0 0 0 0 0 30 0 0 0 0 0 0 0 76 0 0 0 0 79 0 0 0 0 0 0 0 0 39 
0 0 0 0 0 0 0 0 0 0 0 42 0 0 39 0 0 40 0 0 0 0 0 74 0 0 79 0 29 0 0 0 0 0 0 0 0 0 0 0 0 0 0 0 80 0 16 0 0 0 0 0 0 8 61 0 0 0 0 59 0 0 0 0 0 0 22 0 18 0 0 0 70 0 65 0 0 0 0 0 0 
0 0 0 0 0 34 0 0 0 20 0 0 25 0 0 19 0 0 53 0 58 0 0 56 0 0 0 16 0 0 0 0 0 13 0 0 0 66 64 0 0 0 70 0 0 0 0 0 0 0 0 0 0 0 0 0 0 0 0 0 0 0 0 0 0 0 0 0 81 0 80 0 52 0 0 0 0 0 0 0 0 
3 0 0 0 0 7 2 0 0 0 0 0 0 0 0 73 0 0 0 30 0 0 0 0 0 28 0 0 65 0 63 0 0 0 0 0 0 0 37 0 0 0 0 0 0 0 52 0 0 0 0 0 0 44 16 0 15 0 0 0 0 0 0 0 0 0 58 0 0 0 53 0 0 0 20 0 0 0 0 0 21 
0 0 10 0 0 0 0 0 0 0 80 0 0 0 0 0 0 0 0 0 0 0 0 0 0 0 0 0 74 0 0 0 0 0 0 0 51 0 0 0 0 0 0 0 0 56 0 57 0 0 0 0 0 0 0 18 0 0 0 0 0 0 0 68 0 0 0 0 0 65 0 70 0 0 0 0 0 0 0 0 0 
0 0 0 0 0 0 56 0 0 0 0 0 0 0 0 0 0 0 0 0 0 0 0 2 0 1 0 0 0 0 0 0 0 0 0 0 0 0 0 0 14 0 0 0 8 0 0 21 19 0 22 0 0 0 0 0 0 62 0 0 0 0 0 32 0 0 0 0 0 0 26 34 79 0 74 0 0 0 71 0 0 
0 0 0 0 0 0 0 0 0 0 0 69 70 63 0 0 0 0 0 0 0 0 23 0 0 0 0 0 0 0 54 0 0 58 59 0 0 30 0 0 0 0 34 29 0 0 0 0 0 42 0 41 0 0 0 81 0 0 0 0 0 0 2 0 51 0 0 0 45 0 44 0 0 0 0 15 13 0 0 10 0 
0 0 2 0 6 0 0 0 7 0 0 0 0 0 0 74 0 0 27 31 0 0 0 30 0 0 0 71 66 0 0 0 0 68 0 0 0 0 0 37 0 0 0 0 0 48 0 0 0 0 0 51 46 0 17 0 16 9 0 0 0 0 12 0 0 0 0 0 0 0 54 0 26 0 21 25 0 0 18 20 0 
0 14 0 0 0 0 0 0 0 3 0 7 0 0 0 0 0 0 0 0 41 0 0 0 0 38 0 80 0 0 0 0 0 0 0 0 0 49 0 0 0 50 0 0 0 0 0 0 0 61 0 0 55 0 0 19 25 0 0 0 20 0 0 0 0 0 0 0 64 0 0 71 35 0 0 0 0 0 0 0 0 
0 0 0 0 0 0 0 27 0 0 0 0 0 0 0 0 0 0 0 0 0 0 60 0 61 0 0 0 0 9 0 11 13 0 0 16 0 0 0 64 0 68 0 0 0 0 0 0 74 0 0 0 0 0 0 0 43 36 40 0 0 0 39 0 0 0 5 0 0 0 0 0 53 0 0 0 50 0 0 0 0 
58 0 0 0 0 0 0 0 0 48 0 0 0 46 0 0 0 0 0 0 0 0 0 3 0 0 0 0 39 0 0 0 40 0 0 43 16 0 0 0 0 0 0 0 0 0 0 0 0 25 23 0 0 0 0 0 70 63 0 69 0 0 0 0 0 0 0 0 0 0 0 35 0 0 0 0 0 0 0 74 0 
0 23 0 0 24 26 0 0 0 0 0 16 17 0 0 0 0 0 0 0 0 0 0 0 0 0 0 0 0 81 0 2 0 0 0 0 0 58 56 0 0 0 0 57 54 0 0 0 0 0 0 0 64 0 35 0 34 0 0 0 0 0 0 78 0 76 0 0 0 0 0 0 0 0 39 0 0 0 0 0 0 
0 0 0 0 0 80 75 72 0 0 0 70 0 0 0 65 0 0 0 0 0 19 0 0 0 20 0 0 57 0 0 56 0 0 0 0 34 0 0 0 0 32 35 0 0 0 44 0 38 0 0 0 0 0 0 0 0 0 0 6 0 0 3 0 0 49 0 47 46 0 0 0 0 0 0 0 0 0 9 0 13 
0 0 0 0 0 0 66 63 70 0 0 0 0 0 0 56 0 0 0 0 0 10 0 0 0 0 0 0 0 0 0 0 0 0 0 0 0 0 20 0 0 0 0 0 0 30 0 31 0 0 32 0 0 0 0 0 79 0 0 0 74 77 0 0 0 0 0 0 0 0 36 0 0 0 3 7 0 6 0 0 4 
0 0 38 0 0 0 39 0 0 0 0 34 35 0 31 0 0 0 0 0 0 0 0 0 0 0 0 0 0 0 0 0 0 0 0 25 79 76 74 0 0 77 0 0 0 0 0 0 0 0 0 0 1 0 53 0 0 0 0 0 0 0 0 0 0 0 0 0 0 0 0 0 62 55 0 0 0 0 54 0 0 
49 0 0 0 0 0 0 0 52 0 0 43 0 0 0 38 0 0 0 0 0 0 0 0 0 0 80 35 0 0 0 29 0 0 0 0 0 0 0 0 0 0 0 3 0 0 0 0 0 0 0 15 10 0 62 55 61 54 0 0 56 0 0 0 0 0 0 0 0 0 0 0 71 0 0 0 0 69 63 0 67 
