9
0 0 0 0 0 0 0 0 4 0 46 0 0 0 0 0 0 0 0 0 77 0 0 0 0 0 69 0 0 26 0 0 0 0 30 0 0 0 0 0 0 0 0 0 0 0 52 0 0 0 0 0 0 0 61 65 0 0 0 0 0 0 0 0 0 0 0 0 0 0 0 0 0 0 22 0 21 0 0 0 0 
26 0 0 0 0 0 0 0 31 0 0 0 0 0 0 0 0 0 0 22 23 0 0 0 19 0 0 0 0 0 56 0 0 0 0 0 0 0 0 0 0 60 62 0 0 0 0 78 0 1 2 0 0 0 0 0 14 0 10 0 0 0 9 0 0 0 0 0 0 0 0 0 0 0 49 0 0 43 0 0 0 
0 0 7 0 0 9 0 0 0 0 55 0 0 0 0 0 0 0 2 0 0 0 0 0 0 81 78 0 0 0 0 0 40 33 0 34 0 48 0 0 49 0 0 0 0 0 0 0 0 0 65 0 0 0 0 0 0 0 73 0 0 0 0 0 0 0 16 18 0 0 0 15 0 0 0 0 0 0 0 0 0 
0 77 0 0 0 0 0 0 0 0 37 0 0 0 34 0 0 0 0 0 0 0 0 62 64 0 0 0 0 0 0 0 0 0 0 0 0 0 32 0 0 24 0 25 0 45 0 0 0 0 0 0 48 0 0 0 0 0 0 53 0 57 54 0 0 0 0 0 0 0 0 78 11 0 13 0 0 0 0 0 0 
0 0 0 0 0 0 0 0 40 0 1 0 0 0 0 0 0 0 0 0 0 0 25 0 0 0 0 0 0 0 0 64 0 0 0 0 0 0 0 0 0 0 0 70 0 0 7 0 0 10 11 0 0 0 0 0 0 0 0 0 0 0 0 48 0 0 0 0 0 0 0 42 0 0 0 0 0 52 51 0 0 
0 0 0 0 0 0 0 0 0 0 0 0 24 32 0 0 29 30 0 0 0 57 0 0 0 0 0 0 0 0 0 0 0 0 12 0 0 0 0 0 0 0 0 16 0 36 0 0 41 37 0 0 0 40 0 47 0 42 0 0 0 48 0 0 0 73 0 0 0 0 0 0 0 0 0 0 0 0 0 0 0 
0 0 0 0 0 0 0 0 0 0 0 17 0 23 16 18 0 0 0 0 0 0 0 0 46 0 0 0 0 0 0 1 0 0 0 0 0 0 14 0 0 0 0 0 0 0 0 24 0 0 0 26 30 0 0 0 0 33 0 0 0 0 0 0 67 64 0 0 65 0 68 0 0 0 0 77 75 0 0 0 0 
0 0 0 0 47 0 48 0 0 0 10 8 0 0 0 0 0 0 0 40 0 0 0 35 0 36 0 0 0 71 0 0 0 0 0 0 0 0 0 0 0 78 0 0 0 0 0 0 0 0 0 0 0 0 0 29 0 24 0 26 0 30 0 0 58 0 0 0 56 53 0 0 0 0 67 0 0 0 0 0 63 
0 23 0 0 0 0 21 0 22 0 0 62 0 0 0 0 65 0 11 13 0 0 0 0 0 0 0 0 0 0 47 46 0 0 0 0 54 57 59 55 0 0 0 0 0 0 0 0 0 0 0 0 0 0 0 0 5 78 0 0 4 0 0 0 31 0 0 0 0 0 0 0 0 0 0 0 0 0 0 0 0 
0 0 0 18 23 0 0 0 0 0 0 65 0 0 0 0 0 0 0 0 0 0 0 0 0 0 9 0 0 0 0 0 0 0 51 46 0 0 0 0 0 54 0 0 0 75 0 0 0 0 0 0 0 0 0 0 8 0 0 0 7 6 0 0 0 0 0 0 0 0 35 0 0 0 43 0 0 0 36 0 0 
29 0 28 0 0 0 0 31 34 0 0 74 0 80 73 0 0 0 0 0 0 0 0 20 0 0 18 62 57 56 0 0 0 54 0 0 0 0 0 0 0 0 0 0 0 0 0 0 8 0 5 0 0 0 0 0 0 0 0 0 0 0 0 0 0 0 0 39 0 0 0 0 0 0 0 0 0 0 0 0 0 
0 0 10 0 0 12 0 0 16 0 0 0 0 0 0 0 0 0 0 0 0 0 0 0 0 3 0 44 0 38 0 0 0 36 0 0 0 0 53 0 0 0 0 46 0 0 64 0 0 0 0 65 0 0 0 0 80 0 0 0 0 78 0 0 0 22 0 0 0 0 0 18 0 0 0 0 0 0 0 0 30 
0 0 0 72 0 75 0 0 0 0 40 0 0 0 37 0 0 42 0 70 0 69 0 0 67 66 0 0 21 0 0 0 0 0 24 0 0 0 0 0 0 0 0 28 0 0 0 0 53 0 0 0 51 0 0 0 62 0 0 0 0 0 0 6 0 0 0 0 0 0 8 0 0 13 16 0 0 0 9 0 12 
0 0 0 54 0 0 0 0 0 0 0 0 18 0 19 0 23 0 0 0 0 0 0 47 0 0 45 8 0 0 0 0 0 81 0 1 0 15 0 0 0 0 11 0 14 0 0 0 0 31 0 29 0 0 0 41 0 0 40 0 0 0 0 0 0 0 0 0 0 0 0 0 0 0 0 0 78 0 0 0 0 
65 71 0 63 0 0 0 0 0 0 0 0 0 35 0 0 0 0 0 0 0 0 0 0 0 0 0 0 0 0 0 0 16 0 0 0 21 0 0 0 0 0 20 19 0 0 0 0 0 0 0 0 42 43 0 0 0 0 0 0 52 0 0 78 0 0 0 0 0 0 0 72 0 0 0 0 6 0 81 2 3 
0 8 0 0 0 0 6 0 0 0 49 0 0 0 46 0 0 0 0 0 0 0 73 0 0 0 72 35 0 0 0 0 34 0 0 0 0 0 0 0 0 0 0 0 0 0 0 0 0 0 0 0 0 0 0 0 0 0 0 0 0 0 0 0 0 13 0 0 14 0 0 0 23 0 0 0 0 0 0 0 0 
0 53 0 45 0 0 0 0 0 0 0 11 0 0 0 0 0 0 0 0 0 0 0 0 0 0 0 0 75 0 77 76 0 0 0 0 0 6 0 4 0 81 2 0 0 21 19 0 0 0 0 20 0 0 28 0 0 0 0 29 0 33 0 0 61 0 55 0 0 56 0 0 68 67 0 71 69 0 0 0 66 
0 44 0 0 0 0 0 0 0 0 4 0 0 8 0 0 0 0 0 34 0 0 28 0 31 0 27 0 0 0 0 0 70 0 0 0 0 0 80 76 0 72 0 0 77 0 0 0 0 13 14 0 0 0 0 0 0 18 0 0 0 0 0 51 0 0 0 0 0 0 0 0 0 0 61 0 0 0 54 0 57 
0 9 0 0 6 0 7 0 0 0 0 0 0 0 0 49 0 0 78 80 0 0 0 0 0 0 0 0 0 0 0 0 35 0 0 0 0 0 45 0 0 0 0 0 42 0 0 0 0 0 0 0 0 0 0 69 72 64 0 66 0 70 67 0 0 0 0 0 0 12 0 0 0 0 26 0 25 0 0 0 0 
0 0 0 46 0 0 0 0 53 0 0 0 10 0 0 0 0 0 0 0 0 43 38 0 0 0 0 0 0 0 0 0 0 73 0 0 0 7 0 0 0 0 3 2 0 0 0 0 0 23 0 0 25 0 29 0 0 0 0 30 0 34 0 0 0 0 0 0 0 0 0 0 0 0 0 0 0 0 0 0 0 
0 0 0 0 0 0 0 0 0 0 0 57 55 0 0 0 60 61 0 0 0 0 0 0 0 0 0 0 0 0 0 0 0 0 0 0 0 0 54 0 0 0 0 0 0 0 0 0 0 0 69 66 0 0 0 0 0 0 77 75 0 0 0 0 0 0 0 22 0 0 0 0 0 0 0 36 0 0 28 30 31 
0 0 0 0 0 0 0 0 0 0 0 30 0 0 29 31 0 0 0 0 0 0 0 0 0 0 55 18 0 0 0 0 17 0 0 0 0 0 27 0 26 0 0 0 24 0 0 0 0 0 0 0 0 0 0 51 54 46 0 48 53 0 0 0 0 0 0 0 0 75 0 0 0 5 8 0 7 0 1 0 4 
0 0 0 0 0 0 0 0 0 71 0 0 0 72 0 67 0 0 0 17 0 0 0 0 0 0 0 0 0 0 0 0 53 0 52 0 0 0 0 0 62 0 0 56 0 76 74 73 0 0 0 0 0 80 0 6 0 0 0 3 0 7 0 0 0 0 0 0 0 0 36 0 42 0 0 0 0 0 37 0 40 
0 0 0 0 0 0 0 32 35 0 0 0 0 0 74 0 0 0 0 0 27 0 0 21 0 0 19 63 58 0 0 0 0 0 0 0 67 0 72 0 0 0 0 0 69 0 0 0 9 0 0 0 7 0 0 15 18 0 14 0 0 0 0 0 0 0 0 0 0 0 0 0 51 0 0 0 0 0 0 0 0 
0 63 0 0 0 0 61 0 0 0 0 0 0 27 0 22 24 0 0 0 0 0 0 48 50 0 0 0 0 3 6 5 0 0 0 0 0 0 0 0 17 0 12 0 15 0 0 28 0 0 0 0 34 0 0 0 0 37 0 39 44 0 0 70 0 68 65 0 0 0 0 0 0 0 0 0 0 0 0 0 0 
75 0 0 0 78 0 0 77 0 0 0 0 37 0 0 0 0 0 0 0 72 0 0 0 0 67 64 27 0 0 0 0 0 0 25 0 0 0 0 0 35 28 0 0 0 0 0 0 0 0 0 0 0 0 0 0 0 55 0 0 0 0 0 7 0 0 0 0 0 0 0 0 0 0 0 0 0 0 10 0 0 
0 0 0 0 0 0 0 0 44 0 0 0 0 0 0 0 0 0 33 0 0 0 0 0 32 0 0 0 0 0 0 68 0 0 70 0 0 0 81 77 0 0 0 0 0 0 11 0 18 14 0 0 0 0 20 24 0 0 0 0 0 0 0 52 0 0 0 0 0 0 54 0 60 0 62 0 0 0 0 0 0 
0 0 0 0 0 0 0 0 0 0 0 0 0 0 0 0 1 2 28 0 31 0 0 0 27 26 0 0 62 0 0 0 0 0 0 60 0 0 0 0 0 68 0 69 73 0 0 5 0 0 10 0 11 0 0 0 0 0 0 0 21 0 0 47 0 0 0 0 0 43 49 0 0 0 0 0 0 0 0 0 0 
0 0 0 0 1 0 0 81 0 0 0 0 0 0 0 0 0 47 0 75 0 0 0 0 0 0 68 0 0 0 0 0 0 0 0 24 0 38 40 0 0 0 0 0 0 53 0 50 58 0 0 0 56 0 0 0 0 0 0 0 0 0 0 11 0 9 0 0 0 0 13 5 0 0 0 0 0 15 0 16 0 
0 0 0 23 0 0 0 0 0 0 72 0 0 0 0 0 0 0 19 0 0 0 0 16 0 0 0 0 0 0 0 0 0 0 0 0 0 0 0 0 66 0 0 0 0 0 78 0 0 0 1 79 0 0 6 0 13 0 0 0 0 0 0 0 0 0 0 0 0 34 0 32 0 45 0 0 0 0 0 0 0 
0 22 0 0 0 0 0 0 21 0 0 0 0 67 0 62 0 65 10 0 0 0 0 0 0 0 0 0 0 0 0 0 0 0 0 42 0 0 0 0 0 0 52 0 0 0 0 0 0 0 0 0 0 0 0 0 0 0 0 79 0 0 0 0 0 0 24 26 28 0 0 0 0 0 0 0 38 33 0 0 0 
43 0 42 0 0 0 0 0 0 0 0 7 0 13 0 0 0 0 0 0 40 0 0 0 36 0 0 0 71 0 0 0 75 0 0 0 0 0 0 0 0 0 0 0 0 0 0 0 0 0 19 0 0 0 24 0 0 0 0 0 0 0 26 56 0 0 0 0 0 0 0 0 0 63 0 67 0 0 0 0 0 
61 0 0 0 0 0 0 63 0 0 0 0 0 0 0 26 28 0 0 0 0 0 0 0 54 0 0 0 0 0 0 9 12 0 0 0 0 20 0 0 0 0 16 0 0 0 33 0 0 0 0 34 38 0 0 0 0 0 0 0 0 0 44 0 0 0 0 71 0 0 76 0 0 0 0 4 0 78 0 0 0 
0 0 0 0 0 0 0 0 0 39 0 0 0 40 0 0 37 0 0 0 0 0 0 0 0 62 0 0 0 16 0 18 0 14 0 0 0 0 31 0 0 0 25 0 0 0 0 0 0 0 0 0 0 0 0 0 0 50 0 0 0 0 0 0 0 0 78 0 1 0 4 0 10 0 0 0 0 0 0 7 0 
0 58 51 0 0 0 0 0 0 0 0 0 0 0 0 0 0 0 0 0 0 0 42 0 0 44 0 4 0 79 0 0 0 0 0 0 0 0 0 0 12 0 0 0 0 0 24 23 0 0 0 0 0 0 0 0 40 0 36 0 0 0 0 0 0 0 60 0 0 0 0 0 73 0 75 76 0 0 0 0 0 
0 0 0 0 0 0 0 0 0 0 0 0 0 0 0 0 0 0 0 0 0 2 0 0 0 0 0 40 0 0 0 0 0 0 0 33 0 0 0 0 0 41 43 0 0 0 0 0 0 0 0 0 0 0 0 0 0 0 0 0 0 0 0 0 21 18 0 17 0 0 0 14 0 0 0 0 0 0 0 0 0 
0 0 0 0 0 59 0 0 63 0 0 0 0 0 0 0 0 0 0 0 55 53 0 0 0 0 0 0 0 0 0 0 0 2 0 0 0 0 0 0 0 0 0 0 16 0 30 0 0 0 0 0 0 0 0 43 46 0 0 0 45 0 0 0 0 0 0 0 0 0 0 0 0 0 0 0 0 0 0 76 77 
0 0 0 0 0 0 0 0 54 0 15 0 11 19 0 0 0 0 43 45 0 44 0 0 0 0 0 0 0 0 0 78 0 0 0 75 0 0 10 0 0 0 0 0 0 0 21 0 0 0 25 0 0 0 0 0 0 0 33 0 0 0 0 0 0 0 0 0 0 0 0 0 0 0 72 0 0 0 65 0 68 
0 0 21 0 0 23 0 0 0 0 0 0 0 0 66 0 0 0 0 18 0 0 12 0 0 0 11 0 0 0 0 0 0 0 0 0 0 0 0 0 0 0 0 0 0 0 0 0 0 0 0 0 80 81 0 7 0 0 6 0 0 0 5 0 36 0 0 0 0 0 0 29 0 0 45 0 44 39 38 0 0 
0 1 0 0 0 0 0 78 0 0 0 40 0 0 0 0 0 0 0 0 73 0 0 0 0 0 0 0 0 0 0 0 0 0 26 0 32 0 0 0 36 29 0 0 34 0 48 0 0 0 0 49 0 0 0 0 64 0 0 0 0 62 0 0 0 0 0 0 0 0 0 0 0 15 0 0 0 12 0 0 0 
0 19 0 0 0 0 0 0 18 0 0 0 0 0 57 59 0 0 0 0 0 0 0 0 0 5 0 0 0 40 43 0 0 0 0 0 0 0 0 0 0 0 0 0 52 0 0 0 0 0 0 0 0 72 0 79 0 0 0 76 0 0 0 0 0 24 0 0 0 0 0 20 0 0 0 0 35 0 0 0 0 
0 0 0 0 0 0 0 0 0 0 0 0 0 1 0 77 0 0 25 0 0 0 0 0 0 23 0 0 0 0 61 0 0 0 0 0 68 71 73 0 0 65 0 0 0 0 0 0 0 6 0 0 0 0 0 0 0 0 0 0 0 0 0 0 0 0 39 0 0 0 0 0 0 0 0 0 0 48 0 0 0 
0 0 0 65 70 0 0 69 0 36 0 0 29 0 0 0 34 0 0 63 0 0 0 0 0 0 0 19 0 13 0 15 0 0 0 0 0 0 0 0 0 0 0 0 0 0 39 0 46 0 0 0 0 0 48 0 0 0 0 0 0 0 0 0 0 0 0 77 0 0 0 0 0 0 0 0 0 0 2 4 0 
0 0 0 0 0 0 0 0 0 0 0 0 0 0 0 0 0 0 0 0 0 35 0 0 33 32 0 0 68 0 0 0 72 0 0 0 77 0 0 0 0 0 0 0 0 0 12 0 0 0 0 0 0 0 0 0 0 0 0 0 0 0 0 0 0 0 0 50 0 0 0 0 0 60 0 0 62 0 0 0 0 
0 0 3 0 7 0 0 0 9 0 0 49 0 0 0 0 0 0 0 0 0 0 0 0 0 77 0 0 32 0 0 0 0 0 0 0 0 0 0 0 0 0 0 0 0 0 0 0 64 0 0 0 0 0 0 0 0 0 69 67 0 0 0 0 0 0 0 0 0 0 0 0 0 0 0 0 0 21 0 22 0 
0 61 54 53 58 0 0 57 0 0 0 0 0 0 0 0 0 23 49 0 52 0 45 0 0 0 0 0 2 0 0 0 0 0 0 0 0 0 0 0 0 0 0 9 0 0 0 0 34 0 0 28 0 0 0 0 43 0 0 0 42 0 0 0 69 66 63 0 0 0 0 0 76 0 78 0 0 0 0 0 0 
0 0 0 71 0 0 0 0 0 0 0 0 35 43 0 0 0 0 0 0 0 68 0 64 66 0 0 0 0 0 0 0 0 0 0 0 0 32 0 0 0 0 0 0 31 0 0 0 0 0 0 0 0 0 54 58 0 53 0 0 60 0 0 0 6 0 0 2 4 1 0 0 0 12 0 0 0 0 0 0 0 
0 0 0 62 0 0 0 0 0 0 0 0 0 34 0 0 0 0 0 60 0 0 0 0 0 0 0 0 0 0 0 0 0 0 14 0 0 23 0 0 24 0 0 0 22 0 0 0 0 0 40 0 0 0 0 0 0 0 48 0 51 0 0 0 0 0 0 0 0 0 0 71 4 0 0 0 0 0 80 0 0 
0 0 0 26 0 0 0 0 0 0 0 0 0 0 0 0 0 0 0 0 0 23 18 0 21 0 0 0 0 0 0 0 0 0 0 0 0 68 0 0 0 0 0 0 0 2 0 0 0 0 4 0 0 0 9 0 0 0 0 0 0 14 0 0 0 0 0 0 0 37 0 0 0 0 0 0 0 0 0 0 0 
0 0 0 17 0 0 23 0 0 0 66 0 0 0 0 0 67 0 0 15 0 0 0 0 0 0 0 0 47 0 0 0 0 0 50 0 56 0 61 0 0 0 0 0 0 0 0 0 79 0 0 73 77 0 0 4 0 0 0 1 0 0 0 0 33 0 0 29 0 0 0 0 0 0 0 0 41 0 35 0 0 
0 0 0 80 0 0 5 0 6 0 0 46 0 0 0 0 0 0 0 0 0 0 0 0 0 0 0 0 0 0 31 0 0 0 0 0 38 41 0 0 0 0 37 36 0 0 0 0 0 57 0 0 0 0 0 0 0 62 0 0 0 0 0 14 0 0 0 11 13 0 16 0 0 0 24 25 0 18 17 0 0 
0 0 0 0 0 0 0 0 0 60 0 0 53 0 0 0 0 0 0 0 0 5 0 1 3 0 0 0 0 0 0 0 0 0 0 0 0 50 0 0 51 0 0 0 49 0 0 0 0 0 67 0 0 69 0 0 0 71 0 0 0 0 0 0 0 0 0 0 0 0 0 0 0 0 0 0 32 27 0 0 0 
37 43 0 0 0 0 0 0 0 0 3 0 0 0 0 0 0 0 0 0 0 0 27 0 30 29 0 0 0 0 0 0 0 0 0 0 0 0 0 0 0 0 0 0 0 0 0 0 0 0 13 0 14 15 0 0 0 0 0 0 0 0 0 0 51 0 0 0 0 0 0 44 0 0 0 61 0 0 0 55 0 
0 0 0 0 0 0 0 48 0 0 0 0 0 0 0 0 0 0 0 0 0 0 0 0 0 0 0 0 0 0 76 75 0 0 0 72 0 0 0 0 0 0 0 0 0 0 0 0 0 0 0 0 0 0 0 0 0 0 30 0 0 32 0 0 60 57 0 0 0 55 61 0 0 0 0 0 0 0 0 0 0 
0 0 0 0 54 0 0 0 0 0 0 0 0 0 0 0 0 0 0 0 0 46 0 0 0 43 0 0 0 0 0 0 2 0 0 0 0 0 0 0 11 0 6 5 0 0 23 0 0 0 27 0 28 29 32 0 0 0 0 0 38 0 0 0 0 62 0 0 0 0 0 58 0 0 0 0 0 0 0 0 70 
0 21 0 0 0 0 0 0 0 0 0 0 0 0 0 0 0 64 0 0 0 0 0 6 0 0 4 0 0 42 45 0 0 0 0 0 0 0 57 0 0 0 0 0 54 0 0 0 75 0 72 0 0 0 0 0 0 0 0 0 0 1 0 0 29 26 0 0 27 0 0 0 0 35 0 39 0 32 0 33 34 
0 0 0 0 0 0 64 0 0 29 0 24 0 0 0 0 0 28 0 0 0 0 50 0 0 0 0 12 7 0 9 0 0 0 10 0 0 0 0 0 0 0 15 0 0 0 0 0 0 0 0 0 0 38 0 0 0 0 0 0 0 46 0 0 0 71 68 70 0 0 0 0 0 0 0 0 1 0 0 0 0 
24 0 0 0 27 0 28 0 29 0 0 0 0 75 0 0 0 0 18 0 21 19 0 0 0 16 0 0 0 51 0 0 56 0 0 0 0 64 0 0 0 0 0 59 0 0 0 0 0 80 0 0 0 0 0 9 0 0 8 0 0 0 7 0 0 0 0 0 36 0 0 0 0 0 47 0 0 0 0 0 43 
0 3 0 76 0 79 0 0 0 0 0 42 0 48 41 0 0 0 0 0 0 0 68 69 0 0 0 30 25 24 27 0 0 0 0 23 0 0 0 0 0 0 0 0 0 0 0 0 0 0 0 0 55 0 0 0 0 0 0 0 0 0 61 0 11 0 0 7 0 0 0 0 0 17 0 0 0 0 0 0 0 
0 0 68 0 0 0 0 0 0 0 0 0 0 39 0 0 0 0 0 65 0 0 0 0 0 61 58 0 16 0 0 0 0 0 19 0 25 0 30 0 29 0 0 0 0 0 0 0 48 0 0 0 0 0 50 0 0 0 53 0 0 0 0 1 0 0 0 0 0 0 0 0 0 0 0 0 0 0 0 0 0 
0 0 0 4 0 0 10 8 0 0 0 0 0 0 0 0 0 0 0 0 3 0 0 0 0 79 0 0 0 0 0 0 0 0 0 0 0 0 0 0 47 40 0 0 0 61 0 58 0 62 0 0 0 0 0 0 0 67 0 0 0 0 0 0 0 17 14 0 0 0 0 13 0 26 29 0 0 0 22 0 0 
0 39 32 0 0 0 0 0 0 0 0 0 76 0 0 79 0 0 0 29 30 0 0 0 0 0 0 0 61 60 0 0 0 0 64 0 0 0 0 0 0 0 69 0 0 7 0 0 0 0 9 0 0 0 0 0 21 0 0 0 0 0 0 0 0 44 0 0 0 0 0 0 0 0 0 0 55 0 49 0 0 
0 0 0 40 45 43 46 44 0 11 0 0 0 0 0 0 0 0 0 0 0 0 32 33 35 0 0 0 0 69 0 0 0 0 0 0 0 0 0 0 0 0 0 77 0 0 14 0 0 17 0 0 19 20 0 27 0 0 0 24 29 0 25 0 0 0 0 0 54 0 0 0 63 0 0 0 0 0 0 0 0 
0 60 0 0 57 0 0 0 0 0 0 0 0 0 0 19 21 22 0 0 51 0 0 0 0 0 43 0 0 81 0 0 0 0 0 0 0 0 0 0 14 0 0 0 0 0 0 25 0 0 0 0 0 0 35 0 0 0 0 0 0 40 0 67 0 0 0 0 66 0 0 0 0 0 0 0 0 0 70 0 0 
0 0 62 0 0 0 0 65 0 0 29 0 0 0 0 0 0 0 57 0 0 0 0 54 0 0 0 0 0 0 0 0 14 0 0 8 0 0 0 0 0 0 0 0 21 0 0 0 0 38 0 0 40 0 0 0 0 0 0 0 50 0 46 0 0 0 0 73 0 72 0 0 0 0 5 0 0 0 0 0 0 
0 0 0 0 0 0 40 0 0 0 0 0 0 0 0 1 3 4 0 0 0 0 0 0 0 0 0 0 0 0 66 0 0 0 67 0 0 0 0 0 77 70 0 0 0 0 0 0 15 11 0 9 0 0 0 0 24 0 0 0 0 0 0 49 50 0 0 0 0 0 51 43 0 56 0 0 0 0 0 0 0 
0 0 0 7 12 0 0 0 14 0 0 0 0 60 0 0 0 0 0 0 0 0 80 0 2 1 0 0 0 0 0 0 0 0 0 0 0 0 0 0 0 0 0 0 48 0 0 0 0 0 0 0 0 68 0 0 0 0 74 0 0 0 73 0 0 0 0 0 0 0 24 0 30 0 0 0 0 26 0 0 0 
72 0 0 70 0 0 0 0 77 0 0 36 0 0 35 0 0 0 0 0 0 0 62 63 65 0 0 24 0 0 0 0 0 0 0 17 0 0 33 0 0 0 0 0 0 0 0 0 0 0 0 0 0 0 53 0 0 0 0 0 0 0 0 0 0 0 0 1 0 0 0 0 0 0 0 15 0 0 0 0 10 
0 0 26 0 0 0 0 29 32 0 0 72 70 0 71 73 0 0 0 0 0 22 17 0 0 0 0 60 0 54 0 56 59 0 58 0 0 0 0 0 0 0 63 0 0 0 0 79 0 2 0 81 0 0 8 0 0 0 0 0 0 0 0 40 0 0 0 0 0 0 0 0 0 0 0 51 0 44 0 0 0 
18 0 0 0 0 0 0 0 23 0 0 0 0 0 62 0 0 67 0 14 15 0 8 0 0 0 0 51 46 0 0 47 0 0 49 44 55 0 0 0 0 52 54 0 57 0 0 70 78 0 0 0 76 0 0 0 0 79 0 0 0 0 0 0 0 0 0 28 0 27 0 0 0 38 0 42 0 0 0 36 0 
45 0 44 0 0 0 0 0 0 14 0 0 0 0 0 0 0 0 0 41 42 0 0 0 0 37 34 78 0 0 0 74 0 70 0 0 0 0 0 0 0 0 0 0 0 0 0 16 0 20 0 0 0 0 0 0 0 0 29 0 0 0 0 0 0 0 0 0 0 0 0 52 0 0 0 0 67 62 61 0 0 
0 0 0 0 0 0 4 0 0 0 0 0 0 0 0 46 0 0 0 0 0 0 0 72 0 0 0 0 0 0 0 0 0 0 0 0 0 0 0 38 0 0 0 0 0 55 0 0 0 0 0 0 0 0 62 0 0 0 0 0 0 67 64 0 14 0 0 0 0 0 0 0 0 0 0 0 0 0 0 0 0 
0 0 0 3 0 0 0 0 0 0 0 0 0 0 49 0 0 0 0 1 0 0 0 0 79 0 0 0 0 0 35 0 0 0 36 31 0 0 0 0 0 39 0 0 0 0 0 0 0 0 0 0 0 64 0 71 0 0 0 68 0 0 0 0 0 0 13 0 0 14 20 0 0 25 0 0 0 0 0 0 0 
0 0 0 12 17 0 0 0 19 0 61 0 0 0 0 0 0 0 0 10 0 9 0 0 0 0 0 0 0 0 44 0 0 0 0 0 51 0 56 0 55 0 0 0 0 0 0 0 0 0 0 0 72 0 0 0 2 75 0 0 0 0 0 27 0 0 0 0 0 0 0 0 0 0 0 0 36 0 0 0 0 
0 0 0 57 0 0 0 61 64 0 0 0 0 0 0 0 0 27 0 55 56 0 0 0 52 51 0 0 0 5 0 7 0 0 0 0 0 0 0 0 19 12 0 0 0 33 0 0 0 0 0 0 0 0 0 0 0 0 0 0 0 45 0 0 0 0 0 0 71 0 0 66 0 0 0 0 0 0 0 0 0 
0 0 0 0 0 0 0 0 0 0 0 41 0 47 0 0 44 0 0 73 0 0 0 0 0 0 0 0 24 0 0 0 28 21 0 0 0 0 38 0 0 30 32 0 0 51 0 0 0 0 0 0 0 0 0 0 0 0 0 0 0 63 0 0 0 0 0 0 0 0 0 0 0 16 0 0 0 13 0 0 0 
0 0 0 0 0 0 0 0 0 19 0 14 0 0 0 15 0 18 0 0 0 0 40 0 43 0 0 0 78 0 0 0 0 75 0 0 0 9 11 0 0 0 0 0 0 0 0 0 29 0 0 0 0 28 0 0 0 0 0 0 0 0 0 0 0 0 0 0 0 0 0 0 0 0 73 0 72 0 0 0 0 
32 0 0 0 0 0 0 0 0 0 79 0 0 0 0 0 80 0 0 0 0 0 0 0 0 0 0 0 0 59 0 0 0 0 0 0 0 0 0 0 0 66 0 67 0 6 0 0 11 0 0 5 0 0 0 0 0 0 0 0 0 0 0 0 0 0 0 42 44 0 47 0 0 0 0 0 0 0 0 50 0 
23 29 0 0 0 0 27 0 0 0 0 0 0 0 0 0 0 0 0 0 0 0 0 0 0 0 0 0 0 0 53 0 0 0 54 0 0 0 0 0 0 0 0 0 0 0 0 0 0 0 0 0 0 0 0 8 0 3 7 0 10 9 0 36 0 0 0 0 35 0 38 30 0 0 0 0 0 0 0 0 0 
0 0 0 0 44 0 45 0 46 10 0 5 0 11 4 0 8 0 35 0 38 0 0 0 0 0 30 0 0 68 0 0 0 0 0 67 0 0 0 0 0 0 77 0 80 0 0 12 0 0 0 0 0 0 0 0 0 0 0 23 0 0 0 0 0 0 0 0 53 0 56 0 0 0 64 0 0 0 0 0 0 
0 0 67 0 71 69 0 0 0 0 34 0 0 38 0 0 0 0 0 64 0 0 0 59 0 0 0 0 15 14 0 0 0 12 18 0 24 0 0 0 0 0 0 0 0 0 0 39 0 0 0 0 0 0 0 0 0 48 52 0 0 0 0 81 1 0 0 0 0 77 0 0 0 7 0 0 0 0 0 0 6 
