9
0 42 0 43 0 0 0 0 40 0 32 30 34 0 0 0 0 37 0 0 0 0 0 0 0 0 0 25 0 21 22 0 0 0 0 0 80 0 0 0 0 0 75 0 0 71 67 0 0 0 0 0 0 0 0 7 0 0 0 0 0 0 0 11 0 0 0 0 0 0 0 0 62 0 0 0 0 0 0 60 0 
5 6 10 0 0 0 0 0 0 0 0 0 79 0 80 0 0 1 0 0 0 0 0 0 15 11 0 0 0 0 0 0 0 0 0 0 0 0 0 0 41 0 39 0 0 0 0 0 34 33 0 0 0 30 48 0 0 0 55 0 0 0 0 0 61 59 0 64 0 0 57 0 0 0 0 0 0 0 20 24 0 
0 0 0 0 0 0 0 0 0 0 5 0 0 6 0 4 0 0 0 23 21 28 0 0 0 0 0 0 0 75 76 0 0 0 74 0 53 0 0 47 0 0 0 54 0 0 0 38 43 0 0 0 0 0 0 0 0 0 0 0 0 0 0 65 0 0 0 0 0 0 66 0 0 0 0 0 0 30 0 33 0 
0 0 0 79 0 0 0 75 76 0 0 0 70 0 0 0 0 0 0 0 0 10 0 0 0 0 0 61 62 57 0 0 0 63 0 0 0 0 0 29 0 37 0 0 0 26 0 0 0 0 0 0 28 0 0 0 0 0 46 0 0 0 0 0 0 0 0 0 0 0 0 0 0 0 0 0 0 0 0 0 0 
0 0 0 0 0 35 36 0 31 27 0 21 0 0 0 22 0 0 0 0 0 0 0 0 0 0 0 0 17 0 0 0 0 0 0 0 0 0 0 0 0 0 0 0 0 0 58 0 0 0 0 0 0 0 0 0 0 0 0 0 0 0 0 0 0 5 0 0 0 0 3 0 53 52 0 0 0 0 0 0 0 
0 0 0 0 0 0 0 48 0 0 0 0 0 0 0 0 38 0 0 0 0 0 0 0 0 56 0 34 35 0 0 0 33 0 0 0 0 0 4 0 0 10 3 9 6 0 0 0 0 78 0 81 0 0 0 0 0 0 0 0 0 0 0 0 0 0 0 0 0 24 0 0 0 70 0 0 0 0 0 0 0 
68 0 0 0 65 71 0 66 67 0 59 0 0 0 0 0 0 64 0 0 0 1 0 0 0 0 76 52 0 0 0 0 0 0 0 50 26 25 0 20 0 0 21 27 0 0 0 0 0 0 0 0 0 0 0 0 0 36 37 0 31 32 35 0 0 0 0 0 40 42 0 0 8 0 9 0 0 0 2 0 0 
0 0 0 61 0 0 0 0 0 0 0 0 52 0 0 0 0 0 0 68 0 73 72 0 0 0 0 43 0 0 0 0 0 0 0 0 0 0 13 11 0 0 0 0 15 0 0 0 7 0 0 0 0 0 0 0 0 27 28 0 0 23 0 0 34 0 0 0 0 0 0 0 0 0 0 0 0 0 0 78 0 
0 0 28 0 20 0 0 0 0 0 14 0 0 0 17 0 0 0 0 0 0 0 0 0 0 0 0 0 0 3 0 0 0 0 2 5 62 0 0 0 0 0 0 63 0 53 0 0 0 51 0 0 0 0 0 70 65 0 0 69 0 0 0 0 0 0 0 0 0 0 0 0 0 0 0 40 41 0 0 42 0 
0 0 0 0 0 0 0 0 54 0 46 0 0 0 0 0 0 0 0 0 62 0 68 67 0 0 0 0 0 0 0 0 0 0 0 0 0 0 0 0 10 0 0 0 0 0 0 0 0 2 0 0 0 0 0 21 0 0 0 0 0 19 0 0 0 0 0 0 27 0 0 0 0 0 0 72 0 0 70 74 0 
0 0 0 0 0 0 0 44 45 0 0 35 0 0 40 0 34 0 0 0 53 0 0 0 56 0 0 0 31 0 0 0 0 0 0 0 0 3 0 0 0 0 0 0 0 76 0 0 0 0 0 0 78 0 0 0 0 14 15 0 0 0 0 0 0 0 22 0 0 0 0 23 0 0 0 0 0 62 0 0 0 
19 0 0 0 0 0 0 0 0 14 0 0 0 0 13 9 0 0 0 0 0 0 0 0 0 0 27 0 0 0 81 0 0 0 0 0 58 57 0 52 0 0 0 0 0 49 45 0 0 0 0 0 0 0 62 0 0 0 69 0 0 0 0 0 0 0 0 78 0 0 71 0 0 0 0 0 0 0 0 0 0 
28 0 0 0 0 31 32 0 0 23 19 17 0 0 22 0 0 24 0 0 0 0 0 0 38 0 0 0 0 8 0 0 0 0 0 0 0 0 63 0 0 69 0 0 0 58 0 0 0 0 0 0 60 0 0 0 70 0 78 0 0 0 76 0 0 0 0 6 0 0 80 5 0 0 50 0 0 0 0 47 51 
0 0 0 0 61 67 0 0 0 0 0 0 57 0 0 0 52 0 0 0 0 78 0 0 0 70 0 0 0 0 0 0 0 0 0 0 0 0 0 0 0 0 0 0 20 0 9 0 0 11 0 0 0 0 0 0 0 0 0 29 27 0 0 0 0 0 40 42 0 0 0 0 0 3 0 0 0 80 0 2 6 
37 0 0 0 34 0 0 0 0 0 0 0 0 0 0 0 25 0 0 46 0 0 0 0 0 43 0 0 0 0 0 24 0 0 0 0 0 0 0 0 0 0 0 0 0 0 0 61 0 65 0 0 0 0 0 0 0 0 0 0 0 0 0 0 0 0 0 0 0 0 8 0 0 57 0 0 0 53 0 0 0 
0 0 0 3 0 0 0 0 0 0 0 71 0 0 0 72 70 0 0 0 0 15 0 0 0 7 0 66 0 0 0 0 0 0 0 0 0 0 36 0 0 0 0 0 0 0 0 0 0 0 0 0 0 26 0 0 0 0 0 0 0 46 0 0 0 0 58 60 0 0 0 0 0 0 0 0 0 0 0 0 0 
0 11 0 12 7 0 0 8 0 0 0 0 0 2 4 0 79 0 0 0 0 0 0 0 0 0 0 0 0 0 0 0 0 0 70 73 0 0 0 0 0 0 0 50 47 0 0 0 0 0 0 0 0 0 0 57 0 59 60 0 0 0 0 0 0 64 67 0 0 0 62 0 0 0 0 0 0 0 25 0 0 
73 0 0 0 0 0 0 0 0 0 0 0 0 0 67 0 61 0 3 0 80 6 5 0 0 79 0 57 0 0 54 0 0 0 0 0 31 0 27 0 0 0 0 32 0 0 18 0 0 0 0 0 0 0 35 0 0 0 0 0 0 0 0 43 0 46 0 0 45 0 0 0 0 0 0 0 0 8 0 0 0 
80 0 0 0 0 2 0 0 79 0 71 0 0 72 74 0 68 0 0 0 0 0 0 0 9 0 0 0 65 0 0 0 63 0 0 0 0 0 0 0 0 0 0 0 0 0 0 0 0 0 26 0 0 0 0 0 0 0 0 0 0 0 0 0 0 0 0 0 0 0 51 0 0 0 21 0 0 0 0 0 0 
0 0 0 0 0 0 0 0 0 0 0 0 46 0 47 0 41 0 0 0 60 0 66 0 0 0 0 0 0 0 0 0 0 0 0 0 0 10 0 0 0 0 0 0 0 0 0 0 0 0 0 0 0 0 0 0 0 0 22 18 0 0 20 0 0 0 29 31 0 27 24 0 0 0 0 0 0 0 0 72 0 
0 0 0 0 0 0 0 0 0 0 62 0 0 0 65 0 0 0 1 0 78 0 0 0 0 0 0 0 0 0 0 0 0 0 0 0 0 0 0 0 0 0 0 30 0 0 0 0 0 0 0 0 0 15 33 0 0 0 40 0 0 0 0 0 0 0 0 49 43 0 42 48 0 10 12 0 0 6 0 0 0 
0 45 0 0 0 47 0 0 0 0 0 0 0 0 0 0 0 0 0 53 51 58 57 56 0 0 52 0 0 0 25 0 0 0 0 0 0 0 0 0 0 0 0 0 81 0 0 0 0 0 0 0 0 0 0 0 0 0 0 0 0 0 11 0 0 0 0 0 0 18 0 0 65 0 0 0 0 0 0 0 0 
0 27 31 0 0 0 0 0 0 0 0 0 0 0 0 0 14 0 0 35 33 40 0 0 0 0 0 0 11 0 0 0 0 0 0 0 0 64 0 0 0 67 0 0 0 0 0 0 55 0 0 0 0 0 0 0 0 75 0 0 0 0 0 77 0 80 0 0 79 0 0 0 47 0 48 0 0 0 0 45 0 
0 0 0 64 0 0 0 60 61 0 0 51 0 0 0 0 0 0 0 0 0 76 0 0 0 0 70 46 0 0 0 0 0 48 0 0 20 0 0 0 0 22 0 0 18 0 0 0 0 0 0 0 0 0 0 0 0 0 31 0 0 0 0 0 37 0 0 0 0 0 0 0 0 0 3 0 0 0 0 0 0 
35 0 0 37 32 0 0 0 0 0 0 0 0 0 0 0 23 0 0 0 0 0 0 0 0 0 43 0 0 0 0 22 18 0 0 0 0 0 0 0 71 0 0 0 0 65 0 0 0 0 0 0 0 0 0 1 0 0 0 0 0 0 2 0 0 0 11 0 0 0 0 0 0 0 57 52 53 51 50 0 0 
0 0 0 0 0 0 0 0 7 3 0 0 1 81 0 79 0 0 0 0 0 0 0 0 0 0 0 0 74 0 70 0 0 75 0 0 47 0 0 0 0 0 0 0 0 0 0 0 0 0 35 0 0 0 0 0 0 0 0 54 0 0 0 0 0 0 0 0 0 0 0 0 0 0 0 0 26 0 0 0 0 
0 0 0 0 0 0 0 15 16 0 0 6 0 0 0 0 5 0 0 0 0 0 30 0 0 0 0 1 0 0 0 4 0 0 0 0 56 0 0 0 0 0 0 0 0 0 43 0 0 0 0 0 0 0 0 0 0 0 0 0 61 0 0 0 0 0 0 76 0 0 0 0 0 0 0 0 0 0 0 0 0 
0 0 0 0 0 0 0 0 0 53 0 0 0 0 0 0 0 0 0 0 65 0 0 0 68 0 66 0 0 0 39 0 0 0 0 0 0 15 12 0 0 18 0 0 0 0 0 0 0 0 0 0 0 0 0 0 0 0 0 0 0 0 0 0 0 0 34 0 30 0 29 0 0 78 0 0 0 0 73 0 0 
0 0 36 33 0 0 0 0 0 0 22 20 0 0 0 0 0 0 42 40 0 0 0 0 0 37 0 15 0 0 12 0 0 0 0 0 0 0 0 0 0 0 65 0 68 0 57 0 0 0 0 0 0 0 0 78 73 0 0 0 75 0 0 1 0 0 0 0 0 0 0 8 0 51 0 48 0 0 46 0 0 
0 0 0 0 0 0 0 0 0 0 0 0 0 0 0 0 0 0 0 4 0 0 0 0 0 1 3 0 0 0 57 0 0 0 55 58 0 0 0 0 0 0 0 35 0 0 0 0 0 0 0 26 27 0 0 0 0 0 0 0 0 0 0 0 51 49 0 0 0 0 0 0 0 0 0 12 0 0 10 14 18 
0 0 0 0 19 0 0 20 21 0 13 0 0 0 0 0 0 18 0 31 0 0 35 0 32 0 0 0 7 2 0 0 0 8 0 0 0 0 0 0 0 63 0 62 0 0 48 0 0 0 0 0 0 0 65 0 0 0 0 68 66 67 0 0 78 0 0 81 0 0 0 0 0 0 0 39 0 0 0 0 0 
0 0 0 0 0 0 8 0 0 0 0 74 78 77 0 0 0 81 15 0 0 18 0 0 0 0 12 0 0 0 0 0 68 0 0 0 43 0 0 0 0 45 0 0 0 0 0 0 0 0 0 0 36 0 0 51 0 0 0 50 0 0 0 0 0 58 0 0 0 0 0 0 0 24 26 0 0 0 0 0 0 
0 0 45 0 0 0 44 0 0 0 31 29 0 0 0 0 0 0 0 0 0 0 53 0 50 0 0 24 0 20 0 0 0 0 0 0 0 0 0 0 0 0 0 0 0 0 0 0 0 0 0 0 0 0 0 0 0 0 0 0 0 0 0 0 0 0 0 0 0 0 0 0 0 0 0 57 0 0 55 0 0 
0 0 0 0 0 70 0 65 0 0 0 0 0 0 61 0 0 0 0 76 0 0 80 0 0 0 0 0 0 0 0 0 50 53 46 0 25 0 0 0 22 0 0 0 0 0 0 0 0 0 0 0 0 0 0 0 0 0 0 0 0 31 0 0 0 0 43 0 39 0 0 44 0 0 0 0 0 0 0 0 0 
0 0 0 0 0 0 0 0 0 0 40 0 0 0 0 39 37 0 60 0 0 63 0 0 0 0 0 0 0 0 0 0 0 35 0 0 7 0 0 0 0 0 0 0 0 0 75 0 0 0 0 0 0 74 0 0 0 17 0 0 12 0 0 0 0 22 0 0 0 0 0 26 0 0 0 0 0 0 0 0 72 
0 0 0 0 0 0 0 0 0 0 0 0 0 0 0 0 0 0 0 22 20 0 0 25 0 0 0 0 0 0 0 0 0 0 0 76 0 0 0 0 0 0 47 53 0 0 39 37 0 0 0 0 0 0 0 0 0 0 0 0 57 58 0 0 69 0 0 72 66 0 0 0 0 0 0 30 31 0 0 0 36 
79 0 3 0 0 1 0 0 0 0 0 0 0 0 0 69 0 75 0 0 0 0 11 0 0 0 0 0 0 59 60 0 0 0 0 0 0 36 0 0 0 0 32 0 0 0 0 0 0 0 25 0 0 0 41 0 40 0 0 0 0 0 46 0 54 0 0 0 0 0 0 56 0 0 0 0 0 14 0 0 0 
0 0 0 0 0 0 0 0 0 0 0 0 0 0 37 0 0 0 54 52 0 0 0 0 53 0 51 0 0 0 0 0 0 0 22 0 0 0 0 76 0 3 0 0 0 0 0 0 0 0 0 0 75 0 0 0 0 0 0 8 6 0 0 0 0 0 0 0 0 0 0 0 0 63 0 0 0 59 0 0 0 
0 0 0 0 49 0 0 0 0 0 0 0 0 0 46 0 40 0 63 0 0 0 0 0 0 0 0 0 0 0 0 39 0 0 0 0 10 0 0 4 0 0 0 0 0 1 78 0 0 0 0 0 0 0 14 0 0 0 0 0 15 0 0 0 27 0 0 0 0 0 0 29 73 0 0 0 0 68 67 71 0 
0 71 0 0 0 73 74 68 0 0 0 0 63 62 0 0 0 66 81 0 0 0 0 0 80 0 78 0 55 0 0 0 53 0 49 0 0 0 0 0 0 0 0 29 26 0 0 13 0 0 0 20 0 0 0 0 0 0 39 35 0 34 37 0 0 0 0 0 0 44 0 0 0 0 0 0 0 0 0 0 0 
61 0 0 0 0 0 0 0 0 0 0 50 54 53 55 51 0 0 0 0 0 0 74 0 0 0 69 0 46 41 0 48 0 0 0 43 0 0 15 0 0 0 0 0 0 0 0 4 0 8 7 0 0 0 23 0 22 0 0 0 0 0 0 0 0 0 37 0 33 0 0 0 0 0 0 0 0 0 76 0 0 
0 0 0 0 0 0 0 0 0 0 0 0 0 0 0 0 0 0 0 43 41 48 0 0 0 0 0 0 0 0 15 0 0 20 0 0 0 0 69 67 0 75 68 0 0 0 0 0 0 0 0 0 66 0 0 81 76 0 0 0 0 79 0 0 0 0 10 0 0 0 0 0 55 54 0 0 0 0 0 0 57 
0 0 0 0 0 0 0 0 0 11 7 0 0 8 0 0 0 0 0 0 0 0 0 0 0 0 0 0 0 0 0 0 0 0 76 0 0 0 0 0 0 0 0 0 0 0 42 0 45 0 0 0 0 0 0 0 0 65 0 0 0 0 0 0 0 0 0 0 0 0 0 74 0 0 0 0 0 0 0 0 0 
0 26 0 0 0 0 0 0 0 0 16 14 18 0 0 15 0 0 36 0 0 0 0 0 0 0 33 0 0 5 0 0 0 0 0 7 0 0 0 58 61 0 0 65 62 0 51 0 54 53 0 56 0 0 68 0 0 0 0 0 69 0 73 76 81 79 0 0 78 0 0 0 0 0 0 42 0 41 0 0 48 
0 0 0 0 4 0 0 0 0 0 0 0 0 80 1 78 0 0 18 16 0 0 20 0 0 0 15 0 0 68 0 75 71 0 0 0 0 0 0 0 0 0 41 47 0 0 33 0 0 0 0 0 0 0 0 54 0 0 0 0 0 0 0 58 0 0 0 0 0 0 0 0 0 0 29 0 0 0 0 26 0 
0 66 0 0 0 0 69 0 0 0 0 0 0 0 0 0 53 61 0 0 0 0 78 0 0 0 0 0 0 45 0 0 48 0 0 0 0 0 0 0 0 25 0 0 0 0 0 0 0 12 0 0 0 0 0 0 26 0 0 0 0 0 0 0 0 38 0 0 0 0 0 0 0 0 0 0 0 0 0 3 0 
0 0 0 0 0 0 0 0 0 0 0 9 0 0 0 0 0 16 0 0 0 34 0 32 0 0 0 0 0 0 0 0 3 0 0 2 0 0 0 0 0 0 0 0 0 0 0 44 0 48 0 51 0 0 0 0 0 69 0 0 64 0 0 0 0 0 0 0 73 0 0 0 41 0 42 0 0 0 0 0 0 
0 0 43 0 0 0 42 0 0 0 0 27 31 0 0 0 0 0 0 0 0 0 0 50 0 0 0 0 0 0 0 0 0 0 0 0 0 76 0 0 0 0 0 0 0 0 0 62 0 0 65 69 0 63 0 4 80 0 0 0 0 0 0 0 0 0 0 0 10 0 0 0 0 0 0 0 0 0 0 0 0 
0 48 52 49 0 0 0 0 0 0 0 0 40 0 0 0 0 0 58 0 0 0 0 0 0 0 0 31 0 0 28 34 0 33 0 0 0 4 0 0 0 0 0 0 0 0 73 0 0 0 74 0 0 0 0 0 0 0 0 0 10 0 0 0 0 0 23 0 19 0 18 24 0 0 0 0 0 0 0 0 0 
74 0 0 0 0 77 0 0 0 0 65 63 0 0 0 0 0 0 0 0 0 0 0 0 0 0 0 0 0 0 55 61 0 0 0 0 0 0 0 0 0 34 0 0 0 0 0 0 22 0 0 0 0 0 0 0 0 0 0 0 37 0 0 0 0 0 0 52 0 48 45 0 14 0 15 0 11 9 8 12 0 
0 0 0 58 0 0 60 0 0 0 0 0 0 0 0 0 0 0 0 0 63 0 0 0 0 0 0 0 0 0 0 43 39 0 0 0 0 13 0 0 11 0 0 0 0 0 0 0 4 0 0 0 0 0 0 0 0 24 25 0 0 20 0 0 0 0 0 0 0 0 27 33 0 76 0 0 0 72 0 0 79 
0 3 0 4 0 0 0 0 0 0 0 72 0 0 0 0 0 0 0 0 0 0 0 0 0 0 10 0 0 0 0 0 0 0 0 0 0 0 37 0 0 0 36 0 0 0 28 0 0 0 0 0 0 27 0 49 0 51 0 0 0 0 0 0 0 56 0 0 55 0 0 0 23 22 24 19 20 0 0 0 0 
0 0 0 31 0 0 0 0 0 0 0 0 0 0 0 0 0 0 0 0 0 0 42 0 39 0 0 13 14 0 0 0 0 15 8 0 0 0 0 0 65 0 0 0 66 0 55 0 0 0 0 0 0 0 72 0 71 0 0 0 73 0 0 0 0 0 0 0 0 0 81 0 0 49 0 0 0 0 0 0 0 
0 0 0 0 0 14 0 0 0 0 2 0 4 3 0 0 0 0 0 0 0 0 0 0 0 0 0 0 0 0 0 0 0 0 0 74 0 0 0 0 0 0 0 0 0 0 0 0 0 0 0 42 0 0 0 0 53 0 0 0 0 0 0 0 0 0 68 0 64 0 63 0 0 0 0 0 0 27 0 0 0 
24 0 0 0 0 0 0 0 0 0 0 13 0 0 0 0 12 20 0 0 0 0 37 0 0 0 0 0 9 4 5 0 0 0 0 6 0 0 0 57 0 0 0 0 0 54 50 48 0 0 51 0 0 49 0 71 0 73 0 0 68 69 0 75 0 0 0 0 77 0 0 0 0 44 0 0 42 0 0 0 0 
0 0 0 0 0 0 0 0 0 10 0 0 8 0 0 5 0 0 0 0 0 0 0 0 0 0 0 0 0 0 0 0 0 0 0 78 0 0 0 0 0 56 0 0 0 0 0 0 0 0 0 0 0 0 0 0 0 64 0 0 0 0 63 0 0 0 0 0 0 70 0 0 0 35 37 0 0 31 0 0 38 
0 0 56 0 0 0 0 0 0 0 0 40 44 43 0 0 0 0 0 0 0 65 64 0 61 0 0 0 0 0 0 38 0 0 0 0 0 0 0 0 0 0 0 0 7 0 77 75 0 0 0 1 2 0 0 0 0 0 0 16 0 0 0 0 0 24 0 0 0 0 0 0 0 0 0 0 0 0 0 0 0 
0 61 0 0 57 0 0 0 0 0 0 0 53 0 54 0 0 56 0 0 0 0 73 0 0 0 0 44 0 0 0 47 0 0 0 0 0 0 0 0 15 0 0 0 0 0 0 0 0 7 0 0 0 0 0 0 0 0 0 0 0 0 0 0 0 0 36 0 0 0 0 0 81 0 0 0 78 0 0 0 0 
33 34 0 35 30 36 37 0 0 0 0 0 0 0 0 0 0 0 44 0 0 0 0 0 0 0 0 0 0 0 0 0 0 19 0 0 0 0 0 0 0 0 0 0 0 0 0 0 0 61 0 0 0 0 0 0 0 0 0 0 0 78 0 0 0 6 0 0 0 7 4 0 0 0 0 0 0 0 0 0 0 
0 0 0 0 0 0 0 0 77 73 69 0 0 0 0 68 0 74 0 0 0 0 10 0 0 0 5 62 0 0 0 0 0 0 57 60 0 0 0 0 33 0 31 37 0 0 0 0 0 25 0 0 0 0 40 0 0 0 47 0 0 0 0 0 0 0 0 0 0 0 0 0 0 0 19 0 15 0 12 0 20 
0 0 0 0 3 0 0 0 0 0 78 0 0 0 0 77 75 0 17 0 0 0 0 0 0 0 0 0 0 0 0 0 0 0 0 0 0 44 0 39 0 0 0 0 0 0 0 0 0 0 0 0 0 0 0 53 0 55 0 0 0 0 54 0 0 0 63 0 0 0 0 64 0 0 28 0 24 0 0 25 0 
0 0 0 0 0 45 0 0 0 0 33 0 0 0 36 0 0 0 0 0 0 0 55 0 0 0 0 0 27 0 0 0 0 28 0 0 0 80 0 0 0 0 0 0 0 0 0 0 0 0 0 73 0 0 0 0 3 0 0 0 0 0 0 12 0 0 0 0 0 0 0 0 0 0 0 0 0 0 0 0 0 
69 0 74 71 0 0 0 0 0 0 0 0 0 0 63 0 57 0 80 78 0 0 0 81 79 0 0 0 0 0 50 56 52 55 0 0 0 26 0 0 0 0 0 0 0 18 0 0 0 16 15 0 0 13 0 0 30 37 0 0 32 0 0 39 0 0 0 0 41 0 0 46 9 0 0 0 6 4 0 0 0 
0 0 0 68 63 0 70 64 0 0 0 55 0 0 60 0 0 0 77 75 0 0 0 0 0 72 0 0 0 0 0 0 0 52 0 0 0 23 0 0 0 0 0 0 0 15 0 0 14 13 0 16 0 0 28 0 0 0 0 0 0 0 0 0 0 0 0 0 0 0 0 0 0 0 0 0 0 0 0 0 0 
0 0 0 0 0 0 0 0 0 0 0 37 0 0 0 0 0 0 0 0 0 0 0 0 0 0 0 0 0 0 0 0 0 0 0 30 0 0 2 0 0 0 0 0 0 0 0 0 77 0 0 0 0 0 0 0 0 0 0 0 11 12 0 0 23 21 24 0 0 0 0 0 0 0 0 0 0 0 0 0 0 
39 0 0 41 0 0 0 0 0 0 0 0 0 0 0 0 0 0 0 0 0 0 0 0 0 0 0 23 0 0 0 0 22 0 0 0 0 0 0 72 75 0 0 0 0 0 0 0 0 67 0 0 0 0 0 0 0 7 0 0 0 0 0 0 0 0 0 0 0 0 10 0 60 0 61 0 0 0 54 0 0 
0 0 26 0 0 0 0 0 0 0 12 0 0 0 0 0 0 0 0 30 0 0 0 0 0 27 0 0 0 0 2 0 0 0 81 0 0 59 56 0 0 62 55 0 0 51 47 0 50 0 48 0 0 0 0 68 0 70 71 0 0 0 0 0 0 0 0 0 0 76 0 0 0 0 43 0 0 0 0 0 0 
0 0 0 0 54 60 0 0 0 0 0 46 0 0 0 0 0 53 68 66 0 71 0 0 0 0 0 0 0 0 0 0 0 0 0 0 0 14 0 0 12 0 0 0 0 0 0 0 0 0 0 0 0 0 0 0 0 0 26 0 0 0 0 0 0 0 0 0 0 0 0 0 0 0 0 0 0 73 0 76 80 
0 13 0 0 9 0 0 0 0 0 0 0 0 4 0 0 0 0 0 0 0 0 0 0 22 0 0 0 0 0 0 0 0 0 0 0 0 0 0 0 48 53 0 0 0 42 0 0 0 0 39 43 0 37 0 59 0 0 62 0 0 57 0 0 0 0 0 0 0 0 0 0 0 0 0 0 0 0 0 0 0 
3 0 0 0 0 0 0 0 0 0 0 0 0 0 0 0 0 0 0 0 0 0 0 0 0 0 0 0 0 0 0 0 0 0 0 0 0 0 0 36 0 0 0 43 0 0 0 0 32 0 0 0 0 0 0 0 45 0 0 0 47 0 0 0 59 0 0 0 56 0 0 0 24 0 0 0 0 0 0 0 0 
75 76 0 0 0 78 79 0 0 70 0 0 0 0 0 0 63 0 0 0 1 8 0 0 0 0 0 0 0 0 0 0 0 61 54 0 0 0 0 0 0 35 0 0 0 0 0 0 0 0 0 25 0 0 0 0 0 0 0 0 0 39 0 0 0 0 0 0 0 0 46 0 0 0 0 0 0 0 0 0 0 
0 0 35 32 27 0 0 0 0 0 21 0 0 0 0 20 0 26 0 39 0 0 0 0 40 36 0 0 0 0 0 0 0 0 0 0 0 0 0 63 0 0 0 0 0 0 0 54 0 0 0 0 0 0 0 0 0 0 0 0 74 0 0 0 5 0 0 0 2 0 0 7 0 0 0 47 0 0 0 0 0 
0 0 0 56 0 0 0 0 0 0 45 0 0 0 0 44 0 50 0 0 0 0 0 0 0 60 0 38 0 34 35 0 0 0 33 0 0 0 8 6 0 0 0 13 10 0 0 0 0 0 0 0 0 0 0 20 0 0 0 0 0 0 0 24 29 0 0 0 0 0 0 0 0 74 0 71 0 0 0 0 0 
0 0 0 0 0 30 31 0 0 0 0 16 0 19 0 17 0 0 0 36 0 0 0 0 0 0 0 11 0 0 0 14 0 0 0 0 0 0 0 0 0 0 0 0 0 57 0 0 0 0 54 58 0 0 0 0 0 0 77 73 0 0 0 0 0 0 0 0 0 0 0 0 0 0 0 0 0 0 0 0 0 
81 1 0 0 0 0 0 79 0 0 0 0 0 0 0 0 0 77 0 0 7 0 0 0 0 0 0 0 0 0 0 68 0 0 0 0 0 0 0 0 36 0 0 0 0 0 0 0 0 0 0 0 32 0 43 0 0 0 0 0 0 0 48 0 0 0 0 0 0 0 0 0 0 20 0 17 0 16 0 19 0 
72 0 0 74 0 0 0 0 0 0 63 0 65 0 0 0 0 0 0 0 79 5 0 0 1 78 0 0 0 0 0 59 0 0 0 0 0 0 0 0 27 0 0 0 28 0 17 0 0 0 0 0 0 0 0 0 33 0 0 0 0 36 0 0 0 0 0 0 0 46 0 0 12 0 0 8 0 7 0 10 14 
0 0 0 0 6 12 0 7 0 0 81 0 2 0 0 80 0 0 0 0 0 0 0 0 0 0 0 0 0 0 0 0 73 76 0 0 0 0 44 0 45 0 43 0 0 0 35 0 38 0 36 0 41 0 0 0 0 0 0 0 0 0 0 0 0 0 0 0 62 64 0 0 30 0 0 0 27 0 0 0 0 
0 0 0 38 0 0 0 0 35 0 0 25 0 0 0 0 24 32 0 45 43 0 0 0 0 0 0 0 0 0 0 0 0 0 0 18 0 0 71 0 0 0 0 0 0 0 0 60 0 0 63 0 68 61 0 0 0 0 0 0 0 0 0 6 11 0 0 14 0 10 7 13 0 56 0 0 0 52 0 55 59 
0 0 0 0 0 0 0 0 0 0 9 7 0 0 12 0 6 0 0 27 25 0 0 0 28 0 0 0 3 0 0 5 0 0 0 0 0 0 53 51 0 0 0 58 0 0 0 0 0 0 0 49 0 0 0 0 60 0 68 0 0 63 66 69 0 0 75 77 0 0 0 0 39 0 0 0 0 0 0 0 0 
0 0 0 0 0 66 0 0 0 58 0 52 0 55 0 0 51 0 0 0 0 0 0 0 0 0 0 0 48 0 0 0 0 0 0 0 21 0 0 0 0 0 0 0 0 0 0 0 0 10 0 0 0 0 0 0 0 0 0 0 0 0 0 0 0 0 39 0 35 0 0 0 0 0 0 80 81 0 0 0 0 
0 0 0 47 42 0 0 0 0 0 0 0 0 0 0 0 0 0 0 0 52 0 0 0 0 0 0 0 0 0 0 0 0 0 0 0 0 0 0 78 81 5 79 4 0 0 0 0 0 0 72 0 0 0 0 0 0 0 0 0 0 0 12 15 0 18 0 23 0 0 0 0 0 0 67 0 0 0 0 0 68 
