9
0 58 0 57 0 0 0 0 0 0 0 0 0 0 0 0 0 0 0 0 62 65 0 0 0 69 68 10 0 14 8 0 12 0 0 15 0 0 0 0 0 0 0 0 32 0 0 74 0 0 0 0 0 0 0 49 0 0 0 0 0 0 0 0 5 0 0 0 0 0 4 0 0 20 0 0 23 0 24 0 17 
0 0 0 0 0 0 0 0 0 0 0 0 0 0 0 0 0 0 19 0 0 20 0 0 16 24 23 0 0 0 0 43 0 0 0 0 0 64 0 0 0 0 61 0 0 0 0 0 33 0 28 0 25 0 0 0 0 0 0 0 0 0 0 0 0 0 35 0 0 0 0 0 0 0 0 0 59 0 0 52 0 
0 0 0 0 50 47 0 0 0 0 0 33 0 0 25 0 0 0 0 0 0 0 0 57 0 60 0 1 0 0 80 0 0 0 2 0 0 0 0 0 0 0 0 0 0 0 62 0 0 0 0 0 61 0 42 0 0 0 0 0 0 0 36 0 0 72 0 78 74 0 0 0 0 0 0 0 0 10 0 0 8 
70 0 0 75 0 0 0 78 0 0 0 0 0 0 0 0 0 0 0 4 0 0 0 0 0 0 0 0 0 0 26 0 0 0 0 0 0 46 0 0 45 0 0 0 0 0 0 11 0 0 0 0 7 14 0 67 0 0 0 0 62 0 0 0 0 0 17 0 0 0 0 0 39 0 0 0 0 37 42 0 0 
0 0 0 0 0 0 62 0 0 0 0 0 48 0 0 46 45 44 0 0 0 0 72 0 0 0 0 0 0 0 17 0 0 18 0 24 35 0 0 42 0 0 0 40 0 0 0 0 0 0 0 0 0 0 0 58 0 55 52 0 0 0 0 0 0 0 0 0 11 10 0 0 0 0 0 0 32 0 0 25 0 
16 0 18 0 0 0 0 0 0 4 0 0 0 0 0 0 0 80 0 31 0 0 0 0 0 0 0 0 0 0 0 0 57 54 56 0 71 0 0 0 0 0 0 0 77 40 35 38 42 0 0 39 0 0 0 0 0 0 0 14 8 0 0 0 0 0 0 0 0 0 0 0 0 0 0 0 0 0 0 61 0 
0 0 0 39 0 0 0 0 0 0 0 0 0 0 0 0 0 0 0 49 0 47 0 48 0 0 0 73 0 0 0 0 0 0 0 0 0 0 12 0 9 0 7 0 0 0 0 0 0 0 55 0 0 0 0 0 0 0 0 0 0 0 0 61 68 0 0 0 65 0 67 0 0 0 0 0 0 0 0 79 0 
0 0 0 0 0 0 26 0 28 0 0 0 0 0 7 10 0 0 0 0 35 0 0 0 0 0 41 64 0 68 0 0 0 63 65 0 80 0 0 0 0 2 0 0 5 49 0 0 51 0 0 0 0 0 0 0 0 0 0 0 17 0 18 0 0 0 0 0 0 0 0 0 0 0 0 0 0 0 0 0 0 
79 0 0 0 0 2 0 0 0 0 0 0 66 0 0 0 63 62 0 0 0 0 0 0 0 0 0 37 0 0 0 0 0 0 38 0 0 0 0 0 54 0 0 0 0 0 0 0 0 0 19 0 0 0 0 0 0 0 0 0 0 0 0 25 0 0 26 33 0 28 31 0 0 47 0 0 0 0 0 0 44 
0 0 0 0 56 0 0 0 0 0 0 0 0 0 31 0 0 0 0 0 0 0 0 0 58 0 0 0 0 0 0 0 0 0 0 0 0 0 0 0 0 26 22 0 0 0 0 0 0 0 0 0 0 0 0 0 44 0 40 0 0 0 42 0 2 78 77 0 0 0 0 0 0 17 0 0 0 16 0 0 0 
0 64 0 0 0 0 0 0 0 46 0 48 0 0 0 0 0 0 0 0 0 0 0 0 0 0 0 0 0 0 0 0 18 0 0 21 0 0 0 0 0 0 0 37 0 0 0 0 0 0 0 81 0 0 57 0 0 0 49 0 0 0 0 0 0 0 5 0 0 7 10 0 0 0 0 0 0 0 0 22 0 
0 0 0 0 0 0 0 0 0 0 0 30 0 0 0 0 0 0 0 0 0 0 51 54 0 0 0 0 1 0 0 76 0 0 0 0 0 16 18 0 0 17 13 0 0 0 59 62 66 0 0 63 58 0 0 0 0 0 0 0 32 0 0 0 0 0 0 0 0 0 0 0 0 0 0 0 0 7 0 0 5 
0 10 0 0 0 0 0 0 0 0 0 0 72 71 0 0 0 0 0 0 0 17 0 0 13 0 0 0 0 0 0 0 0 0 0 0 0 0 0 0 0 0 0 0 0 0 23 26 0 0 0 0 22 29 0 1 0 0 0 0 0 81 0 31 0 0 0 0 0 34 37 0 0 0 0 0 0 52 0 0 0 
0 0 0 0 0 0 0 0 0 0 0 12 0 0 0 7 0 0 0 0 32 35 0 0 0 39 0 0 0 65 0 58 0 0 0 0 0 0 81 0 0 80 0 0 0 46 0 0 0 0 0 0 0 47 0 0 0 0 0 0 0 0 0 0 0 0 50 0 0 0 55 54 0 0 0 73 0 0 75 0 0 
0 0 0 0 0 0 0 0 0 0 65 0 0 62 0 0 0 0 7 0 0 0 6 9 0 0 0 0 0 0 0 0 0 0 0 0 0 0 0 0 0 0 0 55 0 0 14 0 0 15 16 0 13 20 0 0 71 70 67 0 68 0 0 0 0 0 0 0 0 0 0 0 45 0 0 0 0 43 48 0 0 
0 0 0 72 0 71 0 0 0 0 0 0 54 0 0 52 0 0 0 0 0 0 0 0 0 0 0 0 0 0 0 0 27 0 0 0 0 0 0 48 0 44 40 46 0 0 0 0 0 0 7 0 4 0 0 0 0 0 58 0 0 0 0 0 0 0 0 0 0 0 0 0 0 0 0 0 0 0 0 0 0 
0 19 0 18 0 0 0 0 16 1 2 0 0 0 0 0 0 0 0 0 0 0 0 0 0 0 0 0 0 0 0 49 0 51 53 0 0 70 0 0 0 0 0 73 0 37 0 0 39 0 34 0 31 0 0 0 0 0 0 0 0 0 0 40 47 0 0 0 0 43 0 0 0 62 0 0 0 61 66 0 0 
0 0 0 0 38 0 0 0 0 0 0 0 0 17 13 0 0 0 0 46 0 0 0 0 0 0 0 0 73 0 68 0 0 0 71 0 0 0 0 0 0 0 4 0 0 0 0 53 57 0 0 54 49 0 0 0 26 25 0 0 0 0 0 0 0 0 0 66 0 0 0 0 0 80 0 0 0 0 0 0 0 
0 0 0 34 0 0 0 0 0 0 18 0 0 0 0 0 0 12 0 0 39 0 0 0 0 46 0 0 0 0 0 0 70 0 0 0 0 5 0 0 0 6 0 0 0 53 48 0 0 0 0 0 0 0 0 0 0 23 0 27 0 0 0 0 0 58 57 0 0 0 0 0 0 78 0 0 81 0 1 74 0 
0 0 0 0 0 0 0 0 23 0 0 0 0 0 2 0 0 3 0 0 0 0 31 34 0 0 0 0 0 0 0 0 0 0 0 0 0 0 0 0 0 0 0 0 0 0 0 42 0 0 0 0 38 0 19 17 0 0 0 0 0 0 0 0 54 0 0 0 0 0 0 52 0 0 0 0 0 0 73 0 66 
0 0 13 0 0 0 0 19 14 0 81 0 0 0 74 0 0 75 0 0 0 0 0 0 0 0 0 0 0 0 48 0 0 0 0 0 0 0 0 0 0 0 0 0 0 0 0 0 37 31 0 0 0 0 0 8 0 0 0 0 0 7 0 0 0 40 0 0 42 0 0 43 0 0 0 0 0 0 0 56 0 
0 0 0 0 81 0 0 0 77 0 0 0 0 0 0 0 0 0 0 0 0 0 0 0 0 0 0 32 35 0 30 0 0 0 0 0 0 0 0 0 0 0 47 0 0 0 0 0 0 13 14 0 0 0 73 0 0 68 0 72 0 0 0 20 0 0 0 0 0 0 0 25 0 42 0 0 0 41 0 0 0 
0 0 4 0 0 6 0 0 0 0 72 73 0 0 0 0 0 0 0 0 0 15 0 0 0 0 0 41 0 0 39 0 0 0 42 0 0 59 0 0 0 0 0 62 0 0 0 0 0 22 0 0 0 0 0 80 0 77 74 0 0 79 0 0 0 0 0 0 0 0 0 0 0 0 0 0 54 0 0 0 0 
0 0 0 0 0 69 0 73 68 53 0 0 0 0 0 0 49 0 77 0 75 0 0 0 74 0 0 0 0 0 0 0 25 22 0 0 39 0 43 0 0 42 0 0 0 0 3 0 0 0 0 0 2 0 0 0 0 0 0 0 0 61 0 0 0 0 0 0 0 14 17 0 0 0 0 0 0 0 0 0 30 
0 0 0 0 0 0 0 46 0 0 0 0 25 0 0 0 22 21 0 0 0 0 0 0 0 55 0 77 0 81 75 0 0 0 0 0 0 0 0 19 0 0 0 0 0 0 0 0 0 58 0 0 0 0 0 0 0 0 29 0 0 0 0 0 0 67 66 0 0 0 0 0 0 0 0 8 0 0 0 0 0 
0 0 58 0 0 60 57 64 0 0 0 0 0 0 0 41 0 0 0 0 66 0 0 0 0 0 0 0 0 18 12 0 0 0 0 19 30 32 34 0 0 0 0 0 0 0 0 0 1 0 0 0 0 81 0 0 51 0 0 0 0 0 0 0 0 4 0 0 0 0 0 0 0 24 0 0 27 0 0 0 0 
0 0 0 0 54 0 0 0 0 0 0 0 34 0 29 0 0 0 0 0 0 0 0 0 0 0 63 0 0 0 3 0 0 0 6 10 21 0 0 0 22 0 0 26 0 0 0 0 0 0 0 0 0 0 0 0 0 0 0 0 0 0 0 0 0 0 0 0 78 0 0 0 16 0 0 17 18 14 0 0 0 
0 0 16 0 0 18 0 0 0 0 0 0 0 0 0 0 0 0 0 0 0 0 0 0 0 31 0 0 0 0 51 0 0 0 0 0 0 0 0 0 0 72 0 0 0 0 0 0 0 0 35 37 32 0 0 0 0 0 5 0 6 10 0 0 48 0 0 49 0 44 0 0 64 0 0 0 0 0 0 0 0 
0 0 0 0 0 0 0 0 0 0 0 0 0 0 41 0 0 0 0 74 0 0 0 0 0 0 0 0 0 0 0 0 19 0 18 0 0 0 0 40 0 0 0 0 0 0 0 0 0 0 0 0 0 0 0 0 0 0 0 0 0 0 0 5 0 7 0 0 0 0 0 0 0 0 0 0 30 26 0 0 24 
0 0 0 0 0 81 0 0 0 0 0 0 64 63 0 0 0 0 0 11 6 0 0 0 0 0 0 0 0 0 0 0 0 0 0 0 0 0 0 0 0 0 50 0 0 0 15 0 22 0 17 0 0 0 0 0 0 0 0 0 69 0 0 23 0 0 24 31 27 0 0 28 0 0 0 0 0 0 0 0 0 
0 0 0 0 0 0 0 40 0 0 0 22 0 18 0 0 0 0 0 47 0 45 0 0 0 0 0 0 74 0 69 0 73 0 0 0 0 0 10 0 0 0 0 0 0 56 0 54 0 0 0 0 0 0 0 29 27 0 0 0 0 0 25 0 66 0 60 0 0 0 0 0 0 81 0 2 0 80 4 0 0 
0 56 0 0 0 0 0 0 0 0 0 0 37 0 0 35 0 0 0 0 0 0 0 0 59 0 0 0 0 0 6 0 0 0 0 0 0 0 0 0 25 0 0 0 0 0 69 0 76 0 0 73 68 0 0 0 0 0 0 48 0 46 0 0 0 79 0 0 0 0 0 0 0 0 0 20 0 0 0 0 15 
0 0 70 73 0 72 0 0 0 0 0 0 0 0 0 0 0 0 0 0 78 0 0 0 0 4 0 26 0 0 0 0 28 25 0 0 0 0 0 49 0 45 41 0 0 0 0 0 13 0 0 0 0 0 0 0 0 0 0 0 0 0 61 0 21 0 0 0 18 0 0 0 0 0 34 38 0 0 0 0 0 
0 0 25 0 0 0 0 0 26 11 0 0 10 9 0 0 7 0 0 38 0 0 0 0 0 0 0 0 0 0 60 0 64 61 63 0 0 0 1 0 0 81 0 0 0 0 0 45 0 0 0 0 0 0 0 0 0 0 0 0 0 0 0 50 57 0 0 0 0 53 56 55 0 0 0 0 0 0 76 0 0 
0 0 0 46 0 0 0 0 0 0 30 0 0 0 0 0 0 0 0 0 0 0 0 0 0 0 0 0 0 0 78 0 0 0 0 0 0 0 0 0 0 0 14 20 0 0 0 63 0 61 0 0 0 66 0 0 36 0 0 0 33 0 34 68 0 0 69 0 0 0 0 0 0 0 0 0 12 0 0 0 0 
0 11 7 10 0 0 0 13 0 0 0 0 0 0 0 0 0 0 0 0 0 0 0 0 0 0 0 0 0 0 42 41 0 0 45 0 60 0 0 0 0 0 0 0 0 29 24 0 0 0 0 28 0 0 0 0 0 0 0 3 0 0 79 0 0 0 0 0 0 0 0 37 0 0 52 0 0 53 0 0 0 
0 15 0 0 0 0 0 17 12 0 0 0 0 0 72 0 0 0 0 0 0 0 0 0 0 26 0 0 0 0 0 0 0 47 0 0 0 0 68 0 0 0 0 0 0 0 0 0 0 0 0 0 27 0 0 0 4 0 0 0 0 0 0 36 43 0 0 0 0 0 42 41 0 58 56 60 0 0 0 54 55 
0 0 0 0 0 4 0 0 0 0 70 0 0 67 0 0 0 64 0 0 0 13 0 0 9 0 0 0 0 0 0 0 41 0 40 44 0 0 0 62 0 0 0 0 0 0 0 0 26 20 0 0 0 25 80 0 0 75 72 0 0 0 0 27 0 0 0 0 0 0 0 0 0 0 47 0 0 0 0 0 0 
0 0 0 77 0 0 0 0 0 60 0 0 0 0 0 57 0 0 0 0 0 0 0 0 0 0 7 30 0 0 0 0 0 29 31 0 46 0 0 0 0 0 0 0 52 15 0 0 0 11 12 0 9 16 0 69 0 66 0 70 0 0 0 0 25 0 0 0 0 0 0 0 0 40 38 0 0 0 0 0 0 
54 60 56 0 0 0 0 0 0 0 0 0 41 0 0 0 0 37 0 0 64 0 0 68 0 0 0 0 0 16 0 0 0 0 0 0 0 0 0 0 0 0 0 0 0 0 0 0 0 0 0 77 0 0 0 51 0 0 0 0 0 50 0 0 0 0 1 0 0 0 0 5 23 0 0 0 0 0 26 0 0 
0 0 0 0 70 0 0 0 0 0 0 0 0 0 0 48 0 46 0 0 0 0 74 0 72 0 0 0 0 25 0 18 23 0 22 0 37 39 0 0 0 0 0 42 0 0 1 0 0 0 0 0 0 0 62 60 0 0 0 0 0 59 0 9 16 11 0 17 0 0 0 0 0 31 0 33 0 0 0 0 0 
36 42 0 0 0 0 0 0 0 0 0 0 0 22 0 0 0 0 0 0 0 0 0 0 0 53 0 0 0 0 0 72 0 0 0 0 0 12 0 17 0 0 0 0 0 0 55 58 0 0 0 0 0 61 0 0 31 30 0 0 0 0 0 0 0 0 0 71 0 0 0 0 0 0 0 0 7 3 8 0 0 
0 0 0 0 0 0 0 0 21 0 7 0 0 4 0 0 0 0 0 0 0 31 0 0 0 35 0 0 0 0 0 0 0 0 0 0 0 0 0 0 0 76 0 0 0 0 37 40 0 0 0 0 36 0 17 0 0 0 0 0 0 0 0 0 0 0 46 0 0 48 0 0 0 0 0 69 70 0 0 0 0 
0 0 29 32 0 0 0 0 0 15 0 0 0 0 0 0 0 0 0 0 0 0 0 0 36 0 0 0 0 0 0 0 0 65 0 0 0 0 5 0 0 0 81 0 0 0 46 0 0 0 48 0 45 0 26 24 0 0 0 25 0 23 0 0 0 0 0 0 0 0 60 0 0 76 0 0 79 75 0 0 0 
45 0 0 50 0 0 0 0 0 0 0 0 0 0 0 0 0 0 0 60 55 0 0 0 0 0 0 0 6 0 1 0 5 0 0 0 0 0 23 0 0 0 0 0 25 0 64 0 0 65 0 0 0 0 0 0 0 0 0 0 0 41 0 0 0 0 73 0 0 75 0 0 0 0 0 0 16 0 0 9 10 
78 3 0 0 0 0 79 0 0 0 0 0 0 0 0 63 62 0 0 0 0 0 0 0 0 0 0 0 0 40 0 33 0 35 0 0 0 0 0 59 53 0 0 0 0 0 0 0 0 0 0 20 0 0 0 0 0 0 0 76 70 0 0 0 0 0 0 0 0 0 30 0 0 0 0 0 0 0 0 42 0 
42 0 0 47 0 0 0 50 45 0 0 0 29 0 24 27 26 0 0 57 0 0 53 0 0 0 58 0 0 4 79 0 0 0 0 0 0 18 0 0 0 0 0 21 0 0 61 0 0 0 63 0 0 67 0 0 0 0 0 0 0 0 0 0 0 71 0 0 0 72 0 0 11 0 8 0 0 0 0 6 7 
0 0 0 0 0 0 0 0 18 0 4 5 0 0 0 81 0 0 0 0 0 0 0 0 0 0 0 0 0 0 0 0 0 53 0 59 0 72 74 77 0 0 0 0 0 0 0 0 0 0 0 38 33 40 0 12 0 0 0 0 0 0 0 0 49 0 0 0 46 45 0 47 0 0 0 0 67 0 0 0 0 
0 0 0 74 0 0 0 0 0 0 58 59 0 0 0 0 0 0 81 0 0 1 0 0 0 0 0 27 30 0 0 24 0 26 0 0 0 0 0 0 0 0 0 48 0 0 0 0 0 0 0 0 0 0 68 0 0 0 0 0 0 65 0 0 22 0 0 0 0 0 0 0 0 37 35 0 0 0 41 0 0 
24 0 0 0 0 0 0 0 0 0 0 0 0 0 6 0 0 0 0 0 0 0 35 0 0 41 0 0 0 0 61 0 0 0 0 0 0 0 0 0 80 1 0 0 0 0 43 0 50 0 45 0 0 0 0 21 0 0 0 0 16 0 17 0 58 0 0 0 0 0 0 0 0 0 0 0 0 0 0 69 0 
0 0 0 0 13 0 0 14 9 0 0 0 0 73 0 0 0 70 18 0 0 0 17 20 0 23 22 0 0 0 43 0 0 0 0 0 0 63 65 0 0 0 60 0 0 30 0 0 0 0 0 0 0 0 0 0 0 0 0 0 0 2 0 0 0 0 0 0 0 0 0 0 56 55 53 57 0 0 0 0 0 
0 0 0 0 0 0 0 0 54 0 40 0 0 37 0 0 0 0 0 0 0 64 0 0 0 0 0 9 12 0 0 6 0 0 0 0 0 0 0 0 0 0 0 0 31 0 0 0 0 0 0 0 0 0 0 0 0 0 0 0 0 47 0 0 0 0 0 5 0 0 0 2 20 0 0 0 0 18 0 15 0 
60 0 0 0 0 0 0 0 63 0 0 0 0 0 0 45 0 0 0 75 0 0 0 0 0 0 0 18 0 22 0 0 0 17 0 0 0 36 0 0 0 0 33 0 0 0 0 1 0 80 0 0 0 4 0 0 0 0 0 0 0 0 0 0 0 0 0 0 0 9 0 0 0 0 26 30 31 0 0 0 0 
0 0 0 38 0 0 0 0 36 0 0 23 0 0 0 0 17 0 0 0 0 46 0 0 42 0 0 0 75 0 0 0 0 0 73 0 0 9 0 0 0 0 0 12 0 57 0 0 59 0 0 0 0 0 0 30 0 0 0 0 0 29 0 0 0 0 61 0 0 63 0 0 0 0 0 0 4 0 0 0 0 
0 0 0 0 0 0 0 0 0 63 0 0 0 61 0 0 0 0 0 9 0 0 0 0 0 0 10 33 0 0 0 0 0 0 0 0 0 0 0 0 50 52 48 54 0 0 0 16 0 0 0 17 0 0 0 0 70 0 0 0 0 0 0 0 0 0 0 29 0 0 0 0 0 0 0 0 0 0 0 0 0 
0 36 0 0 0 34 0 0 0 0 0 0 0 0 12 0 0 0 0 0 0 43 0 0 39 0 0 0 0 0 0 66 0 0 0 0 0 0 0 0 0 0 0 0 0 0 0 52 0 0 0 0 0 0 29 0 25 0 21 0 0 26 0 57 0 0 0 0 0 0 0 0 0 79 0 0 0 0 2 0 0 
0 0 0 0 0 0 22 29 0 0 10 11 0 0 0 0 0 4 0 0 0 0 32 0 0 0 0 0 0 0 0 0 0 0 0 0 0 78 0 0 0 0 75 0 0 45 40 0 47 0 0 0 39 0 0 0 0 15 12 19 0 0 0 0 55 0 49 0 0 0 0 0 71 0 68 0 0 0 0 66 0 
0 0 0 0 55 0 0 0 0 0 0 0 0 0 0 0 0 0 0 0 58 61 0 0 0 0 0 6 0 0 0 3 0 0 0 0 0 0 0 0 0 0 0 27 0 72 67 0 0 0 69 0 66 0 0 0 0 0 0 46 0 0 0 0 1 0 0 0 79 0 0 0 17 0 0 0 0 0 0 12 13 
0 0 0 0 0 43 0 0 0 0 0 0 26 0 0 0 0 0 0 0 0 0 50 0 0 0 0 0 0 1 76 0 0 0 0 0 13 0 0 0 0 0 0 0 0 0 0 0 0 0 60 0 0 0 0 0 0 0 0 0 0 0 0 0 0 0 0 0 70 0 0 71 0 0 0 0 0 0 11 0 0 
3 0 0 0 0 0 0 11 6 0 0 0 0 0 0 0 0 0 0 0 0 0 14 0 12 0 0 42 0 46 0 0 0 0 0 47 0 0 0 0 0 0 0 63 0 0 0 0 0 0 0 26 0 28 0 0 79 0 0 0 0 0 0 0 0 0 0 0 0 0 36 0 53 0 50 0 55 51 56 0 0 
0 0 0 0 64 0 0 0 60 0 46 0 0 0 0 0 0 0 69 0 0 0 68 0 0 0 0 0 18 0 0 0 0 14 0 0 0 33 0 0 0 0 0 0 37 0 0 79 2 77 78 0 0 0 56 54 52 51 48 0 0 0 50 0 0 5 4 0 0 0 0 0 0 0 23 0 0 24 0 21 22 
12 0 14 17 0 0 0 0 0 0 0 2 0 0 0 0 0 0 0 0 0 25 0 0 0 0 28 0 54 0 0 0 0 0 52 0 0 0 0 0 68 0 0 0 73 36 0 0 0 32 0 0 0 0 0 0 0 0 0 0 0 0 0 0 0 0 40 47 0 0 0 0 0 61 0 0 0 60 0 57 0 
0 72 0 0 0 0 0 0 0 0 0 0 0 0 0 51 0 0 78 81 0 0 0 0 0 0 0 24 0 0 0 0 0 0 0 0 40 0 0 0 0 0 0 0 0 0 0 0 0 5 0 0 0 0 65 0 0 0 0 0 0 0 0 0 0 14 0 0 0 0 0 0 0 0 0 0 37 0 0 0 31 
0 0 0 0 53 50 0 54 0 0 0 0 0 32 0 0 0 0 58 0 0 59 0 0 55 0 0 0 0 0 0 0 0 0 0 0 0 0 0 0 0 0 0 0 0 0 0 0 0 0 0 0 0 0 0 0 0 0 0 0 0 0 0 0 0 0 0 0 0 0 0 78 0 0 12 0 0 0 0 0 0 
28 0 0 0 0 0 0 0 0 0 0 0 0 14 0 0 0 11 0 0 0 41 0 0 0 0 0 67 0 0 0 0 0 0 0 0 0 0 0 0 0 0 1 0 0 0 0 0 0 0 0 0 46 0 0 0 0 0 0 0 0 0 0 0 62 0 0 0 0 58 0 0 0 77 0 0 0 0 0 0 0 
0 0 39 0 0 0 0 0 40 25 26 0 0 0 19 0 0 0 0 0 0 0 0 51 0 54 53 76 0 0 74 0 0 0 77 0 0 0 0 0 0 14 0 0 0 61 0 0 0 57 0 0 0 0 0 0 0 31 0 35 0 0 0 0 0 0 0 0 0 67 0 0 0 5 0 0 0 0 0 0 0 
0 0 75 0 0 0 0 81 0 61 62 0 0 0 0 58 0 0 0 0 0 0 0 0 0 0 0 0 0 0 0 0 0 0 0 0 47 49 51 54 0 50 0 52 53 0 0 0 0 12 0 0 0 0 0 0 0 67 64 0 0 0 0 0 0 0 20 0 23 0 0 24 0 0 0 0 0 40 0 37 0 
64 0 0 0 0 0 0 0 67 0 53 0 0 0 0 0 0 0 0 79 74 0 0 78 0 81 0 0 0 0 0 0 0 0 0 0 0 40 0 0 0 0 0 0 0 0 0 0 0 3 0 6 1 0 0 0 59 0 55 62 0 0 0 10 0 12 0 0 0 0 0 15 0 32 30 34 0 31 0 0 0 
0 0 21 0 0 23 20 0 0 7 8 0 0 0 0 0 0 0 31 34 0 0 0 0 0 0 0 0 0 62 0 55 0 57 0 0 74 76 0 0 0 0 0 0 0 0 0 41 0 0 40 42 0 0 0 16 14 0 0 0 11 0 0 0 0 48 0 0 0 49 0 0 0 0 0 0 0 0 0 0 0 
0 16 12 0 0 0 11 0 0 0 0 0 78 0 73 0 0 0 0 25 0 23 0 0 0 0 0 0 0 0 47 46 0 0 0 0 0 67 0 0 66 68 0 0 0 0 0 32 36 0 0 0 28 0 0 0 0 4 0 0 0 0 3 37 0 0 0 45 0 0 0 0 0 0 0 0 62 0 0 55 0 
0 0 0 6 0 0 0 0 4 0 0 72 0 0 0 0 66 0 0 0 0 0 0 0 0 0 0 0 0 0 0 0 42 0 0 0 0 0 0 0 0 0 0 0 0 0 20 0 0 0 0 0 0 26 81 0 0 76 0 0 0 0 0 0 0 0 0 36 0 31 34 0 51 50 0 0 0 0 0 0 0 
0 0 0 0 62 59 56 0 0 43 0 0 0 41 0 0 39 0 67 0 65 0 0 69 64 0 0 13 0 17 0 0 0 0 14 0 0 0 0 0 30 0 0 0 0 0 0 0 0 0 76 0 0 0 0 0 0 0 0 0 0 0 48 0 0 3 0 0 0 0 0 6 0 23 0 0 26 0 0 0 0 
0 0 0 0 0 0 9 0 0 0 0 79 0 0 0 0 0 0 20 0 0 0 0 0 0 0 24 0 0 0 45 0 0 0 0 0 0 0 0 0 0 0 0 0 0 0 0 30 0 0 0 0 0 33 0 0 0 0 0 0 0 0 0 0 0 37 36 0 0 0 0 0 0 57 0 0 0 56 0 0 0 
0 50 0 0 0 48 0 0 0 0 0 0 31 0 0 0 0 27 0 0 0 0 0 58 0 0 0 0 0 6 0 80 0 0 0 0 0 0 0 0 0 0 0 0 0 0 0 0 0 0 0 0 62 0 0 0 0 0 0 0 36 0 0 71 0 0 0 0 75 0 77 0 0 0 0 0 15 0 0 0 0 
0 0 0 0 0 66 0 0 0 0 0 0 0 0 0 0 46 0 0 0 0 75 0 0 0 0 0 20 0 24 0 17 22 19 0 0 36 0 0 0 37 0 35 0 42 0 81 0 0 0 0 0 0 0 61 0 0 0 0 0 0 58 0 0 0 0 0 0 0 0 0 0 0 0 0 0 0 0 0 0 0 
0 0 0 0 0 57 0 0 0 41 42 0 0 39 0 38 0 0 0 0 0 0 0 0 62 0 0 11 0 0 0 8 0 10 0 0 0 0 0 0 0 0 0 32 33 0 0 0 0 0 0 0 0 0 0 0 0 0 44 0 0 0 0 80 0 1 0 0 0 2 5 0 0 0 19 0 0 0 0 0 0 
17 23 0 22 0 0 0 0 20 0 6 0 0 3 0 0 0 0 0 32 0 0 0 0 0 34 0 0 59 0 0 53 0 0 0 0 72 0 0 79 0 75 0 0 0 0 0 0 0 0 0 0 0 42 0 0 0 0 8 15 9 0 10 0 0 0 0 0 0 0 0 0 67 0 0 0 0 0 0 0 0 
0 0 0 0 42 0 0 0 0 0 0 0 0 0 17 0 0 0 0 0 0 0 0 0 0 0 0 0 77 0 0 0 0 0 0 79 0 0 0 0 10 12 0 0 0 0 0 0 0 0 56 0 0 0 0 0 30 0 0 33 0 31 0 0 0 64 0 70 0 65 0 0 0 0 0 0 0 0 0 0 0 
0 0 0 76 0 0 0 0 74 59 0 0 0 0 0 0 0 0 0 5 0 0 0 0 0 7 6 0 0 0 0 0 0 0 0 0 0 0 0 0 46 0 0 0 0 0 0 12 16 0 0 0 0 0 0 0 66 0 62 0 63 0 0 0 0 0 0 0 0 0 0 0 0 0 0 0 0 0 0 0 0 
0 0 0 0 6 0 81 0 2 0 69 70 0 0 0 0 0 0 11 0 0 0 0 0 0 0 15 38 0 0 0 0 0 0 0 0 54 56 0 0 0 0 0 0 0 0 0 21 0 0 0 0 0 0 0 0 0 0 0 0 72 0 0 0 0 0 0 0 0 0 0 0 49 0 46 0 51 0 0 44 45 
0 0 0 0 0 0 27 0 0 0 0 0 0 0 8 0 0 9 0 0 0 0 37 40 0 0 0 65 0 69 63 0 0 0 0 0 0 0 4 0 0 0 80 0 0 0 0 0 52 0 0 0 0 0 0 0 0 20 0 0 0 0 0 0 0 55 0 0 0 0 0 0 0 0 73 0 0 0 0 0 0 
