9
0 0 0 0 69 0 68 0 65 0 0 44 0 0 0 0 0 0 0 0 0 18 0 24 0 0 22 0 0 0 0 0 0 13 0 0 0 78 0 0 0 0 0 0 0 0 0 1 0 7 80 6 0 0 36 0 0 0 0 0 42 0 0 56 0 0 0 0 0 0 0 0 0 0 31 0 0 0 32 0 0 
0 0 0 0 0 79 77 0 74 61 0 0 0 0 0 0 0 0 34 0 28 0 0 0 26 0 0 0 21 0 0 0 0 0 0 0 0 0 0 0 0 0 0 0 0 0 0 0 11 0 8 15 0 0 0 0 0 0 49 0 0 47 0 0 0 0 0 0 0 0 0 0 0 0 0 0 0 0 0 0 0 
0 0 0 0 51 0 0 0 0 0 0 26 0 28 29 33 31 0 0 0 0 81 0 0 0 5 0 0 75 0 0 0 78 76 0 71 0 0 0 58 0 0 54 0 61 0 0 0 0 0 62 0 0 0 0 0 0 0 0 0 0 0 0 0 0 0 0 0 0 0 0 0 15 0 0 0 0 0 0 0 0 
0 0 0 0 0 0 14 0 0 0 0 71 0 73 0 0 0 0 0 0 46 0 48 0 44 50 0 0 0 0 0 0 0 0 0 0 0 24 0 0 0 0 18 0 25 0 0 28 29 0 26 0 0 0 0 68 0 0 0 0 0 0 0 0 0 0 0 0 6 0 0 0 0 0 0 0 0 0 0 0 0 
0 0 0 0 0 0 0 0 0 70 0 0 0 0 0 0 0 0 0 0 0 0 0 0 35 41 0 0 30 0 0 0 0 31 27 0 0 15 0 0 8 12 0 0 0 0 21 0 0 0 0 24 0 23 0 0 53 55 0 0 0 0 57 0 0 0 0 0 0 0 0 0 0 44 0 0 0 47 50 0 0 
0 0 18 0 24 0 0 0 0 0 0 0 0 0 0 0 0 0 0 56 0 0 0 0 0 0 0 52 0 0 47 0 0 0 0 0 0 0 0 0 0 0 0 0 0 36 0 0 0 0 0 0 40 0 0 0 0 73 76 0 0 0 75 0 0 0 0 0 0 0 0 0 69 0 0 0 0 0 0 0 0 
0 0 0 0 0 0 0 0 38 0 0 0 0 0 0 0 0 0 0 0 73 0 0 0 0 0 0 70 0 0 0 64 0 67 0 0 0 0 0 0 0 0 45 50 0 0 0 0 56 61 0 0 0 0 0 0 0 0 0 0 0 0 0 29 0 0 0 0 33 0 0 0 0 0 0 0 0 0 0 1 0 
26 0 0 31 0 0 0 0 0 16 0 8 0 0 0 0 0 0 0 0 0 63 0 0 0 0 0 0 0 0 0 55 0 0 54 0 0 0 0 0 0 0 0 0 43 0 0 0 0 0 0 0 0 0 0 0 0 0 0 0 0 2 0 0 17 0 19 0 0 0 25 0 0 0 0 0 0 0 0 0 0 
0 0 0 58 0 0 0 57 0 0 0 0 0 0 0 0 0 41 0 0 0 0 0 0 0 14 0 0 0 0 0 1 0 0 81 80 0 0 0 0 0 66 0 0 0 72 75 0 0 0 71 0 0 77 0 32 0 0 0 34 33 0 0 0 0 0 46 0 0 0 0 0 0 0 0 21 25 20 0 0 0 
0 0 0 0 0 0 0 0 33 0 0 0 0 0 15 19 0 18 0 69 0 0 0 0 0 0 0 65 0 63 0 0 0 0 0 0 41 0 0 44 39 43 0 0 0 49 0 0 51 56 0 0 0 0 0 0 0 0 8 0 0 0 7 0 0 0 0 0 0 0 29 0 0 0 0 0 0 78 81 0 0 
0 0 0 0 0 0 0 0 0 0 0 0 31 0 0 0 0 0 0 0 0 0 0 0 0 0 0 2 0 0 0 0 0 0 0 75 59 64 0 0 0 61 0 0 0 0 0 0 0 0 0 0 0 0 0 0 21 23 0 0 0 0 25 0 39 0 0 40 0 0 0 0 0 0 17 0 20 0 0 0 0 
0 0 0 0 0 0 0 0 0 0 0 0 4 0 6 0 0 0 0 0 0 0 0 0 57 0 0 0 0 0 0 0 0 0 0 0 32 0 0 0 30 0 31 0 0 0 0 0 0 0 0 0 44 0 0 0 75 0 0 0 0 0 0 15 12 18 0 0 19 0 0 16 0 0 0 0 0 0 0 68 0 
0 0 0 80 0 0 81 79 0 0 0 57 0 0 0 0 0 63 38 0 0 0 34 0 30 0 0 0 0 27 24 0 28 26 0 0 0 0 0 8 0 0 0 0 0 0 0 0 0 20 0 0 0 0 0 0 0 50 0 0 0 0 0 0 0 0 0 0 0 71 0 0 0 0 0 0 0 0 0 41 0 
0 0 67 0 73 0 0 0 0 0 0 0 0 50 0 0 0 0 0 0 23 22 0 0 0 27 0 0 0 0 0 14 0 17 13 0 0 0 0 0 75 0 0 0 0 0 0 0 0 0 3 0 8 0 0 0 0 0 0 0 0 0 0 0 0 63 0 0 64 62 0 0 37 0 0 0 0 0 0 32 0 
0 59 58 62 0 0 0 0 0 0 0 0 0 0 0 0 0 45 0 15 0 13 16 0 0 0 0 0 0 0 0 0 0 0 0 0 0 0 0 0 0 0 0 0 0 0 79 0 0 0 0 0 0 0 0 0 30 0 0 0 37 33 0 0 0 0 0 0 0 0 56 0 28 0 0 25 29 0 0 0 22 
39 0 0 0 0 47 45 0 0 0 0 0 0 0 0 0 0 27 0 0 77 0 0 1 75 0 0 0 0 0 69 68 0 0 67 0 0 55 0 0 0 52 0 54 0 0 0 0 0 0 0 64 0 0 0 0 0 14 0 0 0 0 16 0 0 36 0 0 0 0 0 0 10 0 0 0 0 0 9 5 4 
12 0 0 0 0 20 0 0 0 0 0 0 0 0 78 1 80 0 0 0 0 0 0 0 48 0 0 47 43 0 42 41 0 0 0 39 0 0 0 26 0 0 0 27 29 31 0 32 0 38 0 0 0 0 0 72 0 0 0 0 0 0 0 6 3 0 0 0 10 0 11 0 64 57 0 0 65 60 0 59 0 
0 0 4 0 10 0 0 0 0 0 0 0 0 0 0 73 71 0 47 0 41 0 0 46 0 0 0 0 0 0 0 0 0 0 0 30 0 0 15 0 0 16 0 0 0 0 0 0 0 29 0 0 26 27 0 0 0 0 62 0 0 0 0 0 0 0 0 0 0 0 0 0 0 0 0 0 0 0 0 0 0 
0 0 0 24 0 27 0 0 0 0 5 1 2 3 0 0 0 0 0 0 0 0 0 0 0 0 0 54 0 0 49 0 0 0 47 0 0 0 0 33 28 0 0 0 0 0 0 39 0 0 0 44 0 0 0 0 73 0 0 0 0 0 0 0 0 0 0 0 0 0 0 0 0 0 0 0 0 67 0 0 0 
0 0 0 0 0 0 0 59 58 0 41 0 38 0 0 0 0 43 0 0 12 0 0 0 0 0 0 0 0 0 0 3 0 0 0 1 0 0 0 0 0 0 0 0 0 0 0 75 0 0 73 0 0 0 0 34 0 0 0 0 0 31 0 0 0 0 0 0 53 0 0 0 0 19 0 0 0 0 0 0 0 
0 0 0 0 0 72 70 0 67 0 0 0 47 48 49 53 0 52 0 0 0 0 23 0 0 25 0 0 0 0 0 12 0 0 0 10 0 80 0 0 0 77 0 0 81 0 5 3 0 0 0 0 0 7 0 0 0 0 0 0 0 0 0 58 0 0 0 0 0 0 0 0 0 0 0 0 0 0 34 0 29 
46 0 0 0 53 0 0 50 0 0 0 0 0 30 0 0 0 0 0 0 0 0 0 0 1 7 0 0 0 0 0 75 0 0 0 0 0 0 0 0 0 0 0 0 0 0 0 66 67 0 0 0 0 0 0 0 0 0 0 27 0 0 0 0 0 0 39 0 0 0 0 41 0 0 0 0 18 0 0 12 0 
28 0 0 0 35 0 0 0 0 0 0 0 0 0 13 0 15 0 72 0 0 65 0 0 0 0 0 0 59 0 0 57 0 0 56 55 39 0 0 0 0 0 0 43 0 47 0 0 49 54 0 0 0 0 2 0 0 0 0 0 0 4 0 0 0 0 21 0 0 0 27 0 0 0 0 0 0 0 0 0 0 
0 0 0 0 0 9 0 0 0 72 0 0 0 0 0 0 0 0 45 0 0 0 0 0 37 43 42 0 32 0 0 0 35 0 0 0 12 0 13 0 0 0 0 0 0 0 0 0 0 0 0 0 0 0 0 0 0 0 60 0 0 0 59 0 73 0 0 0 0 0 0 77 0 0 0 0 0 0 0 0 0 
0 0 0 0 80 81 0 77 0 0 0 55 0 0 0 62 60 61 36 0 0 29 0 35 0 0 0 0 23 25 22 0 0 0 0 0 0 8 0 0 0 0 0 0 9 0 0 0 0 0 0 0 0 0 47 0 0 48 0 54 0 49 0 0 0 0 0 0 0 0 0 0 44 0 0 0 0 0 0 0 0 
0 39 0 0 0 0 0 41 40 0 0 0 0 0 0 0 0 25 0 0 0 74 0 0 0 0 0 0 0 0 0 66 0 0 0 0 0 53 0 0 0 0 0 52 0 0 0 0 0 0 0 62 0 0 11 16 0 0 0 0 0 0 0 0 0 0 0 0 0 0 0 32 8 0 0 0 0 0 0 0 0 
0 12 11 0 0 0 0 0 0 0 0 0 0 0 0 0 0 0 0 0 0 0 0 0 0 0 0 0 0 0 0 0 0 0 0 0 0 0 0 0 19 0 20 0 0 0 0 0 0 0 0 0 0 0 0 70 0 0 0 72 0 0 0 4 0 0 0 0 0 0 0 0 0 0 60 0 0 0 0 57 0 
76 78 0 0 0 3 0 0 0 0 0 58 0 0 0 0 0 0 0 0 0 0 0 0 31 0 0 0 0 0 0 0 0 0 0 0 0 0 0 0 0 0 0 0 0 0 0 15 0 0 13 0 0 0 0 0 0 0 0 0 56 0 0 0 0 73 0 0 0 72 75 71 0 0 0 0 0 0 0 0 41 
40 0 41 0 0 0 0 0 43 0 0 0 0 0 0 29 0 28 3 0 0 0 0 0 0 0 0 0 71 0 0 69 0 0 68 0 51 0 52 0 0 0 0 0 0 59 0 60 0 0 0 0 0 64 0 0 13 0 0 0 0 16 0 34 31 0 33 0 0 0 0 35 0 0 0 8 0 7 0 0 0 
13 0 0 0 20 0 0 0 16 0 80 0 0 0 79 0 0 0 57 0 0 0 53 0 0 0 0 0 0 0 0 0 0 45 0 0 0 0 0 27 22 0 0 0 0 0 0 0 0 0 0 0 0 0 0 0 0 0 0 0 0 0 71 0 4 0 0 0 0 0 0 0 65 0 0 0 0 0 64 0 0 
31 0 0 36 38 0 0 0 0 0 0 0 14 0 0 0 0 0 0 70 0 0 0 0 0 0 0 66 62 0 0 0 0 0 0 58 0 0 0 0 0 0 41 0 0 0 0 0 0 0 0 56 0 0 5 0 0 0 0 12 0 0 8 0 0 28 0 0 0 0 0 26 0 0 0 0 0 0 0 0 0 
0 0 0 0 0 0 0 0 0 75 0 0 68 0 0 74 72 0 0 0 42 0 0 47 0 0 0 0 0 0 0 0 0 0 0 31 0 20 0 18 0 17 14 0 0 0 0 24 0 0 0 29 0 0 0 0 0 0 0 0 65 0 62 0 76 0 0 0 0 81 0 0 0 0 0 0 0 0 0 0 0 
0 69 0 0 0 0 0 0 0 0 0 0 50 0 0 0 0 0 0 0 0 23 0 0 0 0 27 0 0 0 0 0 0 0 0 13 0 0 0 0 0 0 77 0 0 0 0 0 7 0 4 0 9 0 0 0 0 0 0 0 0 0 0 61 0 0 0 0 65 0 0 62 0 0 0 0 0 0 37 33 0 
0 24 23 0 0 0 0 0 25 0 0 0 0 0 0 11 0 0 0 0 0 0 0 0 0 0 0 57 0 55 52 0 0 0 0 0 0 0 0 0 0 35 0 0 0 0 0 0 0 0 0 0 0 0 77 1 0 0 0 0 0 0 0 0 13 0 0 0 0 18 0 0 0 0 0 0 0 0 0 0 68 
0 0 0 54 56 0 0 0 0 39 0 0 32 0 34 38 0 0 0 7 0 5 8 11 0 0 0 3 0 0 0 0 0 0 0 0 0 0 0 0 0 62 0 64 0 0 0 0 70 75 0 74 0 73 0 0 0 0 0 0 0 0 0 0 0 46 0 0 0 0 0 0 0 0 0 0 0 16 0 0 14 
0 0 0 0 0 0 64 0 61 0 0 0 41 42 0 0 0 0 0 0 0 0 0 20 0 0 0 0 0 0 0 0 11 0 5 0 0 0 0 0 67 0 0 73 75 0 0 78 0 3 0 0 0 0 0 37 0 0 36 0 0 34 0 52 0 0 0 0 0 0 57 0 0 0 0 0 0 0 0 24 0 
0 0 0 61 63 0 0 0 0 0 0 0 0 0 0 0 0 44 19 0 13 0 0 0 0 0 0 0 0 0 0 4 0 0 0 0 0 0 0 0 0 0 0 0 0 0 0 0 0 0 0 0 0 0 0 0 0 0 0 0 0 0 0 0 47 0 49 0 0 0 0 0 0 20 0 0 0 0 26 0 0 
0 0 0 0 0 0 0 0 0 0 0 0 0 76 0 0 79 0 0 0 49 0 0 54 47 0 0 0 0 0 0 40 45 43 0 0 0 0 0 0 20 0 0 0 0 30 0 31 32 0 0 36 0 0 0 0 0 0 0 0 72 0 69 0 0 0 0 3 0 7 0 0 0 0 0 0 0 59 0 0 0 
0 76 0 0 81 0 80 78 0 64 0 0 0 0 59 63 0 0 0 0 0 30 0 0 0 35 0 0 0 0 0 0 0 0 0 0 0 9 0 0 0 0 0 0 0 0 15 0 0 0 0 0 0 0 0 0 0 0 52 0 0 0 0 0 65 0 0 0 0 0 0 0 0 0 43 0 0 41 0 0 0 
0 0 0 0 0 0 0 24 0 0 0 0 0 0 0 0 0 0 0 0 0 0 60 0 0 0 61 0 51 0 0 0 0 52 0 0 0 0 0 0 0 0 0 0 37 0 0 0 0 46 0 0 0 0 0 80 0 0 0 0 0 0 0 0 0 0 0 0 18 0 0 0 0 0 0 0 0 0 0 67 0 
0 0 0 0 0 0 53 0 0 37 33 0 0 0 0 0 0 0 0 5 0 0 0 0 0 0 0 0 0 80 77 76 0 0 0 0 58 0 59 0 0 60 0 0 0 0 0 0 0 0 0 0 0 0 21 0 0 22 0 0 0 0 0 41 0 0 0 0 0 0 0 0 0 0 0 0 0 0 0 0 0 
0 0 0 7 0 0 0 0 0 73 0 65 0 0 0 72 70 0 0 0 0 0 0 0 0 0 0 0 0 0 32 0 36 0 0 0 0 0 0 0 0 0 0 17 0 0 0 22 0 0 0 27 0 26 0 0 0 0 0 0 63 0 0 0 0 0 0 0 0 79 1 0 0 0 0 0 0 0 0 0 0 
0 0 0 0 0 0 35 0 0 0 0 0 12 0 14 0 0 17 73 0 67 0 0 72 65 0 70 0 0 0 0 0 63 61 57 0 0 45 0 43 0 0 0 0 0 0 51 0 0 0 0 0 52 0 0 8 0 0 0 10 0 0 0 0 0 0 0 21 0 0 0 24 0 0 0 78 0 0 0 0 0 
38 0 0 43 45 0 0 0 41 0 0 0 0 0 0 0 0 0 0 0 76 0 0 0 0 80 79 73 0 0 0 0 0 0 0 0 0 0 50 0 47 51 0 0 0 0 60 0 0 0 56 0 0 0 0 0 0 0 0 19 18 0 0 0 0 0 0 0 0 0 0 0 0 0 7 6 0 0 0 0 0 
65 0 0 0 0 73 0 0 0 0 51 47 0 0 0 0 0 0 0 23 0 0 0 0 0 0 25 0 15 0 0 0 18 0 0 0 76 0 77 0 0 0 75 0 0 3 0 0 0 0 0 0 0 0 39 44 0 0 43 0 0 0 0 0 0 0 58 0 0 0 64 0 0 0 34 0 0 0 0 0 0 
0 63 0 66 0 0 0 0 64 0 0 0 44 0 0 0 0 0 0 0 0 0 0 0 16 22 21 0 0 13 0 9 0 0 0 0 72 0 0 0 70 0 0 0 78 0 0 0 0 0 0 0 0 0 0 0 0 36 39 0 0 0 0 0 0 0 54 0 0 0 0 0 0 0 0 0 0 28 0 0 0 
0 0 0 0 50 0 0 0 0 0 0 0 0 27 28 0 0 0 6 1 0 0 0 0 0 4 0 0 0 0 73 72 0 0 0 0 0 0 0 57 0 0 0 58 0 0 0 0 0 69 61 0 66 0 0 0 0 0 0 0 0 19 0 0 0 0 0 0 0 0 0 0 14 0 12 0 15 10 0 0 0 
0 0 0 0 0 0 0 0 0 0 0 79 80 0 0 0 0 0 60 0 54 53 0 0 0 0 0 51 0 0 0 0 50 0 0 0 0 0 0 0 0 0 26 0 0 0 0 0 0 0 0 0 0 0 71 76 0 0 0 0 0 73 0 10 0 0 0 0 0 12 0 0 68 0 0 0 69 0 0 0 0 
0 0 0 0 59 0 0 56 0 0 0 34 0 0 0 0 0 0 15 0 0 8 11 0 0 13 12 0 0 0 0 0 0 3 0 0 63 0 0 0 0 0 0 0 0 71 0 0 0 0 70 77 0 76 26 0 0 27 30 0 0 0 0 0 0 0 0 44 0 0 0 0 23 16 0 0 24 0 0 18 0 
70 0 71 0 0 0 0 0 0 60 0 0 53 0 55 0 57 0 0 28 0 0 0 32 0 31 0 0 0 22 19 0 0 0 0 0 0 0 0 0 79 0 0 0 0 0 11 0 0 0 7 14 12 0 0 0 0 0 0 0 0 0 0 0 0 0 0 0 68 0 69 0 0 0 0 38 0 0 0 36 0 
0 0 0 30 0 0 31 0 0 0 0 0 8 0 0 0 0 13 0 0 0 0 0 0 0 0 0 0 0 58 0 0 0 57 0 0 36 0 0 0 34 0 0 0 0 0 0 0 0 0 0 50 0 0 0 0 0 0 0 6 0 0 2 0 0 0 0 0 0 0 0 20 77 0 0 74 0 0 0 0 0 
0 81 0 3 0 0 0 0 1 0 65 0 0 0 64 0 0 0 0 0 0 0 0 0 0 0 0 33 0 0 0 0 0 0 0 0 0 0 0 0 0 0 0 0 0 0 0 18 19 24 0 0 0 0 0 0 52 0 0 0 0 0 0 0 0 0 0 0 0 0 0 0 50 0 0 0 0 0 0 0 0 
0 0 0 0 0 42 0 0 0 24 0 0 0 0 0 0 0 0 78 73 0 71 0 0 0 76 75 69 0 0 0 0 0 0 0 61 0 0 0 0 0 0 0 0 0 0 0 54 0 0 0 0 0 58 0 0 0 0 0 0 0 0 0 0 0 0 0 0 0 0 0 29 0 0 0 0 0 1 0 0 0 
0 9 0 0 0 0 13 11 0 78 74 0 0 0 0 0 0 0 0 0 0 0 0 0 0 0 48 42 0 0 0 0 0 0 0 34 0 0 19 21 16 0 0 0 0 26 29 0 28 0 0 32 30 0 0 0 0 0 0 0 68 64 0 0 0 4 0 80 0 0 0 0 0 0 57 0 60 0 0 54 53 
36 0 0 0 0 0 0 40 0 0 0 0 19 0 0 0 0 0 0 0 74 73 0 79 72 78 0 71 0 0 0 65 0 68 0 0 0 0 0 0 0 0 0 0 0 55 0 56 0 0 0 0 59 0 0 0 0 11 0 0 0 0 0 0 0 0 0 0 0 0 35 31 0 0 0 0 0 0 0 0 0 
0 0 0 0 79 0 0 0 0 62 58 0 0 0 57 61 59 0 0 0 0 0 31 0 0 0 32 0 0 24 0 0 0 0 0 0 0 7 3 5 81 0 0 0 0 0 0 0 0 0 0 16 0 0 0 0 45 0 0 0 52 48 49 0 0 0 65 0 0 0 0 0 0 0 0 0 0 0 42 0 37 
63 0 0 0 0 0 0 0 66 0 0 0 0 47 0 0 0 0 0 0 0 19 22 0 0 24 0 0 13 0 0 0 0 0 0 0 0 0 0 0 0 0 0 78 0 0 0 2 0 0 0 0 5 0 0 0 36 0 0 0 0 0 0 0 54 60 0 0 0 0 0 0 0 0 0 0 0 0 0 0 0 
0 0 0 0 0 53 0 49 0 0 0 0 0 0 0 34 0 0 0 0 0 0 0 7 0 6 0 0 0 0 0 0 0 77 0 0 56 0 57 0 0 58 0 0 0 0 67 0 0 0 0 0 68 0 0 0 18 0 0 0 25 0 0 0 0 0 0 0 0 0 0 0 16 0 0 0 0 0 0 0 10 
54 56 0 0 61 0 60 0 0 0 0 0 0 0 39 0 0 0 17 0 0 0 0 0 0 0 0 0 0 0 3 0 0 0 0 0 0 70 0 0 0 0 0 0 0 0 76 74 0 0 0 0 0 0 0 33 0 0 0 0 34 0 0 48 0 0 47 0 0 0 0 49 0 0 0 0 26 0 0 0 0 
18 0 19 0 0 26 0 0 0 8 0 0 0 0 0 0 5 0 62 0 56 0 0 0 0 0 0 0 0 0 0 0 0 0 0 45 0 0 0 0 0 0 0 0 35 0 0 0 39 44 0 0 0 0 0 0 0 0 0 0 0 0 0 0 0 15 0 0 0 0 0 13 0 0 0 67 71 0 0 0 64 
0 0 0 0 0 17 15 13 12 0 0 72 0 74 0 0 0 0 0 0 0 46 49 0 0 51 50 0 40 42 39 38 43 0 0 36 0 25 21 0 18 0 0 0 0 0 31 0 0 0 0 0 0 0 0 0 0 0 68 0 0 0 0 0 0 0 0 0 0 5 0 0 0 0 0 58 0 0 0 56 55 
81 0 0 5 0 8 0 4 0 0 67 0 0 0 0 0 0 0 44 0 38 37 40 0 0 0 0 35 0 0 30 0 34 0 0 0 0 16 0 0 0 0 0 0 17 0 0 0 0 0 0 0 23 0 0 0 0 0 0 0 0 0 0 0 0 0 74 0 0 77 0 0 0 0 0 49 0 0 0 0 0 
0 0 0 0 34 0 0 0 0 0 13 0 0 0 0 0 0 0 71 0 0 0 0 70 0 0 0 0 0 0 0 0 0 0 0 0 38 0 0 0 0 0 0 0 0 46 49 0 48 0 0 52 0 0 0 0 0 0 0 0 7 0 4 0 0 0 0 0 0 0 0 0 0 0 0 0 0 0 78 74 0 
0 0 7 0 13 0 0 0 0 0 0 0 0 71 0 0 0 0 0 0 44 0 0 0 0 48 0 0 0 0 0 35 0 0 0 0 17 0 0 0 0 0 0 0 0 25 0 0 27 0 0 0 0 0 0 0 0 0 65 68 67 63 0 0 0 3 0 0 0 0 5 0 0 0 56 0 0 54 57 0 0 
0 71 0 0 0 77 0 73 72 0 0 0 52 0 0 0 56 0 32 0 0 0 0 0 24 0 0 0 0 0 0 0 0 0 0 15 0 0 81 2 78 1 0 0 0 0 0 0 0 0 0 0 11 12 0 0 42 0 0 0 0 0 0 0 0 0 0 0 0 0 0 0 40 0 0 0 0 0 0 0 0 
0 0 0 0 0 0 0 0 54 0 0 0 34 0 0 0 0 0 0 0 0 0 0 0 6 0 0 0 0 0 0 0 0 0 0 0 0 0 63 0 0 0 0 0 0 0 0 0 0 0 69 76 0 0 0 30 24 0 0 0 0 27 0 0 0 0 0 43 0 0 0 46 0 0 0 19 23 0 0 0 16 
0 35 0 38 40 0 0 0 0 0 0 0 16 17 18 0 0 21 0 0 71 0 0 76 69 0 0 68 0 0 0 0 0 0 0 0 0 0 0 0 0 0 0 0 0 0 0 0 0 0 0 0 0 57 0 12 6 8 0 0 0 0 0 0 0 0 0 0 0 0 0 0 0 0 0 0 0 0 0 0 0 
0 0 16 0 22 0 0 0 0 5 0 0 0 0 0 0 0 0 59 54 53 0 0 0 0 0 56 0 0 0 45 0 0 0 0 0 26 0 0 0 0 0 0 0 0 34 0 0 0 0 0 0 0 39 0 0 69 0 74 77 0 0 73 0 0 0 0 7 0 0 0 0 0 0 0 0 68 0 0 0 61 
0 0 0 0 67 0 0 64 0 0 0 0 0 0 0 0 0 0 0 0 0 0 0 0 0 0 0 0 0 0 9 0 0 0 0 0 0 0 0 0 0 0 0 0 0 0 0 0 0 0 0 4 0 3 0 0 0 0 0 0 0 36 0 0 0 0 0 0 0 56 0 0 0 0 29 0 0 0 0 26 25 
0 0 0 0 0 0 0 28 27 14 10 0 0 8 0 0 0 0 0 0 0 61 0 0 0 0 0 0 55 57 0 53 0 0 52 0 0 0 36 0 33 37 34 0 0 0 0 0 0 0 0 0 0 0 79 0 0 0 0 0 0 0 0 0 0 0 17 0 0 0 0 0 76 0 74 73 0 0 0 0 0 
0 0 0 0 0 0 0 0 0 0 64 0 0 0 0 0 65 0 0 36 0 0 0 0 0 0 38 0 28 0 0 0 31 29 0 0 0 0 0 0 0 0 0 12 14 16 0 17 0 0 15 0 0 0 0 0 0 0 56 59 0 0 0 0 0 0 0 0 0 0 0 0 0 0 0 0 0 0 0 0 0 
0 44 0 0 0 0 0 0 0 0 0 0 25 26 0 0 0 0 0 0 80 0 0 0 0 0 2 0 73 0 0 0 76 0 0 0 0 0 0 0 0 0 0 0 0 0 0 0 63 0 0 67 0 66 0 0 0 0 0 0 0 18 0 0 0 0 0 0 0 0 41 0 13 0 0 0 14 9 0 0 0 
0 0 0 0 48 49 47 0 0 0 0 23 0 0 0 0 0 0 0 0 0 78 81 0 0 0 0 0 72 0 0 70 0 0 69 0 0 57 0 0 0 54 0 0 0 0 0 0 0 0 0 66 0 0 15 0 0 0 19 0 21 0 18 0 0 38 0 0 0 0 0 36 0 5 0 9 13 0 11 0 0 
68 70 0 0 0 76 0 0 0 0 0 0 51 52 0 0 0 0 0 0 25 0 27 0 0 0 28 22 0 0 0 16 0 19 0 14 79 0 0 1 0 0 0 0 0 0 9 0 0 0 0 0 10 0 42 47 41 0 0 0 0 0 0 0 0 65 0 0 66 0 0 0 39 0 0 0 0 0 0 0 0 
0 7 6 10 0 0 0 9 0 0 0 0 0 70 0 0 0 0 0 0 43 0 0 0 0 0 0 0 0 38 35 0 0 0 33 0 0 21 0 0 14 0 0 0 0 0 0 25 0 0 0 0 0 29 0 0 59 0 0 0 0 62 63 0 77 0 0 0 0 0 4 0 0 0 0 0 0 0 56 0 0 
0 0 0 0 0 0 0 0 80 0 0 0 60 0 0 0 0 0 0 0 0 33 36 39 32 0 37 0 27 0 0 0 0 0 0 0 7 12 0 0 0 0 0 11 0 0 18 0 0 0 14 0 0 0 0 0 0 0 0 58 0 0 0 71 0 74 0 0 0 0 0 0 48 0 0 0 0 0 0 0 0 
0 0 0 0 0 22 0 0 0 4 81 0 0 0 80 0 0 0 58 0 0 0 0 0 0 0 0 49 0 47 0 0 0 0 0 0 0 0 0 0 0 27 0 0 0 0 36 0 0 0 0 39 0 0 0 0 0 0 0 0 75 0 0 8 5 0 0 0 0 0 13 0 0 59 0 63 0 0 65 0 0 
59 0 0 0 0 67 0 63 0 49 0 0 0 0 0 48 0 0 0 0 16 0 0 0 0 0 0 0 0 11 0 0 0 0 0 5 0 75 71 0 0 72 0 0 76 78 0 0 0 0 0 0 0 0 33 0 0 0 0 40 0 0 0 53 0 0 0 0 57 55 58 0 0 0 0 0 0 0 0 0 0 
0 0 0 0 0 0 0 0 0 0 0 0 6 0 0 12 0 0 0 0 0 0 0 0 59 0 0 0 0 0 0 0 0 0 0 50 0 0 0 0 32 36 0 0 0 0 0 0 0 0 41 0 0 0 0 0 0 0 0 0 0 0 0 0 14 0 0 0 21 0 22 0 0 68 73 0 0 0 0 0 0 
0 0 0 0 0 0 0 0 0 0 0 0 0 0 0 0 19 0 0 0 0 69 0 0 0 0 0 67 63 0 0 61 0 0 0 0 43 0 0 0 0 0 0 0 49 51 54 0 53 58 0 0 0 56 0 0 0 7 0 0 0 0 0 0 0 29 0 0 0 28 0 0 0 0 0 0 0 0 0 0 0 
0 0 0 0 0 0 0 0 0 40 0 0 33 0 0 39 0 0 0 0 0 0 9 0 5 0 10 4 0 0 0 0 0 1 0 0 0 66 0 0 59 0 0 0 0 69 0 0 0 0 0 0 0 74 0 0 0 0 0 0 0 0 0 44 0 0 0 0 48 0 0 0 0 0 0 18 0 17 0 0 15 
