9
38 34 33 0 0 35 0 0 30 0 0 0 0 0 0 0 61 0 0 5 10 0 0 0 0 0 0 27 26 21 29 0 0 0 28 0 0 0 0 0 2 0 0 0 0 73 0 0 70 71 0 0 0 0 0 0 0 17 0 18 13 0 14 0 0 0 0 0 0 43 0 0 56 0 0 0 51 54 0 49 0 
0 0 0 0 5 0 9 0 3 0 0 0 0 35 0 0 0 0 65 0 0 0 0 0 0 0 0 0 0 0 2 0 0 0 0 0 0 50 0 0 0 0 0 0 0 0 47 0 0 0 0 45 0 40 0 0 0 71 0 0 0 0 0 14 12 18 0 13 0 0 0 0 0 21 0 0 0 27 0 0 0 
0 0 0 67 0 71 0 0 0 0 0 0 20 0 0 0 0 0 47 41 0 39 0 0 45 0 0 0 0 0 0 0 0 0 0 61 0 0 0 31 0 0 36 35 33 0 0 0 25 0 0 0 23 0 0 0 0 0 0 0 49 0 0 0 0 0 0 0 80 0 0 0 0 0 0 0 0 0 0 0 5 
0 0 0 58 0 0 0 64 0 0 0 9 0 0 3 0 0 0 0 0 37 0 34 0 0 0 0 54 0 48 0 0 0 0 0 0 0 0 0 0 0 21 27 0 24 0 0 0 0 17 0 0 14 0 0 46 0 0 0 0 0 47 0 0 0 0 0 0 71 0 73 0 2 0 0 0 0 0 0 0 77 
20 0 0 0 0 0 18 19 0 0 0 0 0 44 0 0 0 0 0 0 0 0 0 0 0 69 0 0 0 3 0 0 0 0 0 0 0 59 0 0 0 0 0 62 0 55 0 51 0 0 0 0 0 0 0 0 0 0 0 0 76 0 77 0 0 0 0 0 26 0 0 0 0 0 0 0 0 0 0 0 32 
0 0 0 49 0 53 0 0 0 0 1 0 2 0 0 0 0 0 29 0 0 0 0 0 0 0 0 0 44 0 0 0 0 0 0 43 16 0 0 0 0 0 0 0 0 0 0 0 0 0 0 0 5 4 34 0 0 0 0 0 0 0 0 0 0 0 0 0 0 0 64 0 0 0 0 0 0 0 73 67 0 
2 0 0 0 0 0 0 0 0 22 0 0 0 0 0 0 25 0 0 50 0 0 52 49 0 51 0 72 0 0 0 0 0 0 0 0 0 0 0 0 0 0 0 0 0 37 0 0 0 35 0 0 0 0 61 0 0 0 0 0 58 0 0 0 3 9 0 0 8 0 0 0 0 12 0 0 0 0 0 0 14 
0 0 0 0 0 0 0 0 0 0 0 0 0 0 0 0 0 0 0 14 0 0 0 0 0 0 0 36 0 30 0 0 0 0 0 0 7 0 0 0 0 0 0 0 0 1 0 0 0 80 0 0 77 0 0 0 0 0 24 27 0 0 0 0 48 0 0 0 0 0 0 0 0 57 0 0 0 0 0 0 0 
29 0 0 22 0 0 0 0 0 0 55 0 0 53 0 0 0 0 0 0 0 75 79 0 0 0 80 0 17 12 0 0 13 14 0 0 0 68 73 0 0 0 72 71 0 64 0 0 0 62 0 0 59 0 0 0 0 0 0 9 0 0 0 32 0 0 33 31 0 34 0 0 0 39 0 0 0 45 0 40 41 
76 72 0 0 0 0 0 0 0 0 0 0 0 19 0 17 0 16 49 0 0 0 0 0 0 0 46 0 0 0 0 0 60 0 0 63 36 0 0 33 0 32 38 0 0 0 0 0 0 28 0 0 0 0 0 57 0 0 53 0 0 0 0 0 0 0 0 0 0 81 0 0 13 5 0 0 8 0 12 6 0 
0 0 0 33 0 0 0 39 0 0 66 0 0 0 0 0 0 61 0 7 0 0 9 6 0 8 0 0 0 0 0 26 0 0 0 0 0 0 0 0 0 77 0 0 0 0 0 0 0 0 0 0 0 0 0 0 14 0 0 0 0 0 0 0 0 0 0 0 46 0 48 0 0 0 0 0 0 0 0 0 52 
0 0 8 6 0 10 0 12 0 0 0 38 0 0 32 0 36 0 0 0 0 0 0 0 65 0 0 2 0 0 4 0 0 0 3 0 0 0 57 0 0 0 56 55 0 0 0 44 0 46 0 0 0 42 72 75 68 0 0 74 0 0 0 0 0 0 17 0 0 0 0 22 0 0 28 0 0 0 0 0 25 
0 0 0 0 0 55 56 57 0 0 0 0 0 0 77 0 0 0 0 0 30 0 0 0 0 26 0 0 0 0 49 0 0 43 0 0 0 16 0 0 0 0 0 19 0 0 0 0 0 0 5 0 7 0 0 0 0 37 35 0 0 0 0 0 0 0 62 0 0 0 0 67 76 0 73 0 0 74 0 0 0 
0 0 0 0 0 0 0 0 23 0 57 0 0 0 0 53 54 52 0 79 0 77 0 0 0 0 0 20 0 0 0 0 0 0 0 0 72 0 75 69 0 0 0 0 0 0 0 0 63 0 0 0 61 0 0 0 5 0 0 0 0 13 0 0 32 0 0 0 0 0 0 0 0 0 46 0 0 0 0 0 0 
0 0 0 0 0 0 0 0 0 0 0 0 0 0 0 0 0 0 0 0 75 68 0 0 74 0 0 11 0 0 0 0 6 0 0 0 63 0 0 0 0 0 0 0 0 0 0 0 0 0 0 0 0 0 81 0 0 1 0 0 78 0 0 0 0 29 0 0 28 0 0 31 0 0 0 0 0 0 0 0 34 
4 0 80 0 0 0 2 0 0 24 0 0 0 0 23 0 0 0 0 0 0 0 54 0 0 0 0 0 0 0 76 71 0 0 0 0 0 0 0 0 0 0 0 0 0 0 0 0 0 0 0 0 0 0 0 0 0 0 62 65 0 0 0 0 5 0 0 6 0 9 12 0 0 14 0 0 17 0 21 15 0 
0 0 0 0 61 0 0 66 0 0 0 11 0 0 0 8 0 0 0 0 0 0 0 0 0 0 0 0 0 50 58 0 0 52 57 0 0 0 0 24 0 0 29 0 0 0 0 0 0 0 0 20 0 0 0 0 0 0 0 0 42 0 0 70 68 0 0 0 0 72 0 76 0 0 0 0 0 0 0 0 0 
0 0 44 0 43 0 0 48 0 0 0 0 0 73 0 0 0 0 0 0 0 0 0 0 0 0 0 0 0 32 0 0 0 34 0 0 0 0 0 0 0 0 0 0 0 0 0 80 0 0 0 0 0 0 0 0 0 0 26 0 0 31 25 0 0 0 53 51 55 0 0 0 0 59 64 0 0 0 66 0 61 
0 59 0 0 0 0 0 0 55 0 0 0 0 0 0 4 0 0 0 0 0 0 0 0 34 0 33 0 0 0 0 0 0 48 0 50 0 0 0 0 0 0 0 0 0 0 18 0 0 0 0 0 0 11 41 0 37 42 0 0 0 0 0 0 0 0 0 0 0 68 0 0 0 0 0 0 0 0 0 0 0 
0 14 0 0 0 0 16 17 10 38 44 0 0 0 37 0 41 39 0 0 0 0 0 0 0 0 0 7 0 0 0 0 0 0 0 0 0 0 62 0 63 55 0 0 0 0 0 49 0 0 0 0 0 0 0 80 73 0 76 79 0 0 75 0 0 0 0 0 0 0 0 0 36 28 0 0 0 0 0 0 0 
36 0 0 0 0 0 0 0 0 0 0 0 0 0 0 0 0 57 0 0 0 0 5 2 7 4 0 0 0 0 0 0 0 0 0 0 0 0 0 0 0 0 79 78 0 0 0 67 0 0 0 70 66 65 14 0 0 0 13 0 0 0 0 0 0 0 0 0 0 0 0 0 54 0 0 0 0 0 0 0 0 
54 0 0 0 48 0 0 0 0 74 0 79 0 0 0 0 0 0 27 0 26 19 0 20 0 0 0 0 0 0 0 40 0 0 44 0 0 0 0 11 0 0 0 0 0 0 0 0 0 0 0 0 0 0 0 0 0 0 0 0 0 36 0 0 0 0 0 0 0 0 0 0 0 0 69 68 0 0 0 0 66 
81 0 0 0 75 78 0 80 0 0 0 0 0 0 0 0 0 0 54 48 0 0 0 0 0 0 0 70 0 0 0 0 0 0 0 68 0 0 44 0 45 0 0 0 0 0 0 31 32 0 28 34 0 0 0 0 0 0 58 0 0 0 0 0 1 0 0 0 0 5 0 0 0 0 0 0 0 16 0 0 0 
0 0 40 0 0 42 0 0 0 65 0 70 0 0 0 67 0 66 0 0 0 0 0 0 0 13 0 0 0 0 0 0 0 30 35 32 0 0 0 0 0 0 0 6 0 0 0 0 0 0 0 0 75 0 23 0 19 24 22 0 0 27 0 0 0 0 49 0 0 50 0 0 0 0 0 0 0 0 0 0 0 
0 23 0 20 21 24 0 26 0 47 0 0 54 0 46 0 0 0 0 75 0 0 77 0 0 0 0 0 0 10 0 0 0 0 17 0 0 0 0 0 0 0 0 0 0 0 63 0 0 0 0 0 0 56 0 0 0 0 0 0 0 0 0 0 0 34 31 0 0 0 35 36 0 0 42 0 0 0 0 0 0 
0 5 4 0 0 6 0 0 0 0 35 0 0 0 0 0 32 0 63 57 0 0 0 0 0 0 0 79 0 0 0 0 74 0 0 0 0 0 0 0 54 0 52 0 0 0 0 0 0 0 37 0 0 0 0 0 0 0 0 0 0 0 66 0 0 16 0 0 0 0 0 0 0 0 0 23 0 0 0 0 0 
0 0 0 0 0 0 70 0 0 0 0 0 0 15 0 13 0 0 0 0 0 0 0 0 43 40 0 0 0 0 0 0 0 0 0 0 0 0 0 0 0 0 0 33 31 0 0 0 23 0 19 0 0 0 0 0 46 0 0 0 47 0 0 75 0 0 0 0 0 77 0 0 0 1 0 0 4 0 0 0 3 
0 0 0 14 0 18 0 0 13 0 47 0 0 0 0 0 0 42 0 0 0 67 71 0 0 0 0 0 0 4 0 0 5 0 0 0 0 0 65 0 0 0 0 0 0 56 0 52 0 0 0 0 0 50 0 2 0 0 0 0 0 3 0 0 22 28 0 0 0 26 0 0 0 31 0 0 0 0 0 0 0 
0 0 0 0 0 0 0 0 0 50 56 0 57 0 0 0 0 0 0 78 2 0 0 77 0 79 0 0 18 13 0 0 0 0 0 0 71 69 0 0 0 0 0 0 0 0 0 0 0 0 0 0 60 0 0 0 0 9 0 10 0 0 0 33 31 0 0 32 0 0 0 39 0 0 0 0 0 46 0 41 0 
0 0 52 0 0 0 0 0 49 0 0 1 3 0 0 0 0 0 30 24 0 0 26 0 0 0 0 0 0 0 48 0 0 0 0 0 0 15 0 0 0 0 0 0 0 0 0 0 0 0 0 0 0 0 0 0 0 0 0 0 0 0 0 0 0 64 0 0 0 0 0 0 0 0 0 0 0 0 0 0 0 
0 8 0 0 0 0 0 0 0 0 0 37 0 0 0 0 0 0 0 0 0 0 62 0 0 0 0 0 0 76 3 79 0 78 0 0 53 0 0 50 0 0 0 0 0 0 0 0 0 0 0 0 0 0 0 0 0 72 0 0 0 0 0 0 0 0 16 14 0 0 0 21 0 0 0 0 0 0 0 0 0 
0 0 0 32 0 36 0 0 0 59 0 64 0 63 0 0 62 0 0 0 0 0 0 0 0 0 9 28 0 0 0 0 0 24 0 0 0 0 0 0 0 0 0 81 0 0 0 0 0 0 0 0 0 0 17 0 0 0 16 0 0 21 0 0 40 0 0 0 0 0 0 0 0 0 54 0 0 0 56 0 0 
0 0 0 0 0 0 0 0 0 0 0 10 0 9 0 7 8 6 0 0 0 31 0 0 0 34 0 0 0 0 0 52 50 0 0 0 26 0 0 23 0 0 28 0 0 0 0 0 0 18 0 0 0 0 0 0 0 45 0 0 0 0 0 0 0 0 0 0 0 0 0 0 0 76 0 0 0 0 0 0 0 
0 0 0 0 0 0 0 0 0 0 0 0 0 0 0 0 0 0 0 0 0 13 0 0 0 0 18 0 0 0 0 0 0 0 0 0 0 0 0 0 12 0 0 0 7 0 3 0 0 0 0 0 0 0 0 0 0 27 0 0 0 0 24 0 0 0 0 0 0 0 0 0 0 0 63 0 0 0 65 0 60 
0 0 0 77 78 0 0 2 0 0 29 0 30 0 0 0 0 0 0 51 0 0 0 0 0 52 0 0 0 67 75 0 0 0 0 0 0 42 0 0 0 0 0 0 0 0 0 0 0 0 0 0 0 0 0 0 0 0 61 0 0 0 0 0 4 0 0 0 9 8 11 0 0 0 18 17 0 0 0 0 0 
0 71 0 0 0 0 0 0 0 0 20 0 0 0 0 0 0 0 0 0 47 40 0 0 0 0 0 0 0 0 0 0 0 0 0 0 0 0 38 0 39 31 0 0 0 0 0 0 26 27 0 0 0 0 0 0 49 54 0 0 0 0 0 0 76 0 0 0 0 0 0 0 0 0 0 8 7 0 0 0 6 
0 0 0 0 0 0 0 0 70 0 23 0 0 0 0 19 0 0 51 45 0 0 0 0 0 0 0 0 0 61 0 0 0 63 0 0 0 36 0 0 0 34 40 0 37 32 0 0 0 0 0 31 0 0 0 0 0 0 55 0 0 60 0 0 0 0 0 0 3 0 5 0 15 0 0 0 0 0 14 0 0 
0 0 0 44 45 0 0 0 0 0 0 0 0 0 0 0 0 0 24 18 0 0 0 17 0 0 0 0 0 34 0 0 35 36 0 0 11 0 0 0 0 0 0 0 10 0 0 0 2 0 0 0 0 0 29 0 0 30 0 0 26 33 0 0 52 0 0 53 57 56 0 60 0 0 0 0 0 0 0 62 0 
42 0 0 35 0 0 0 0 34 0 0 0 0 0 0 0 65 0 0 0 0 7 0 0 13 0 0 0 0 0 0 0 26 0 0 0 0 81 5 0 0 79 0 3 0 0 0 0 0 75 0 0 0 0 0 0 0 21 0 0 0 24 0 45 43 0 0 44 48 47 0 0 60 0 0 0 55 0 0 0 0 
15 0 10 8 0 0 0 0 7 0 0 0 0 0 0 0 0 0 69 0 0 0 65 62 0 0 0 0 0 0 0 0 0 81 0 0 0 0 0 0 0 0 0 0 0 0 0 0 0 0 43 0 0 44 0 0 0 0 0 0 71 0 0 0 0 0 0 0 0 0 23 0 33 0 0 0 0 0 0 0 0 
0 0 0 0 0 0 0 0 0 26 0 0 0 0 25 28 29 0 0 0 0 0 0 53 0 0 0 0 0 70 0 0 71 72 77 0 47 0 0 44 51 0 0 0 0 0 0 0 0 39 0 0 0 0 0 68 0 0 0 0 62 0 0 0 0 0 10 0 0 0 0 0 0 0 0 0 0 0 0 0 18 
0 20 0 17 0 0 22 0 0 0 0 0 51 0 0 0 47 45 0 0 0 0 0 0 76 0 0 0 0 0 0 0 8 0 0 0 65 0 0 0 69 0 0 0 0 59 0 55 56 0 0 0 0 53 0 0 0 0 0 0 0 0 81 0 0 0 28 0 0 29 0 33 0 0 0 0 0 40 0 35 36 
0 0 0 26 0 30 0 32 25 0 0 0 0 0 0 0 0 0 0 0 0 0 0 0 0 0 0 0 0 0 0 0 17 0 23 0 74 72 77 0 0 0 0 0 73 0 69 0 0 0 0 0 0 0 11 0 0 0 0 0 0 0 9 36 34 0 0 0 0 0 0 0 0 0 0 0 0 49 0 0 45 
0 0 0 0 0 0 0 0 0 0 0 0 0 0 0 0 0 0 0 0 0 0 0 0 40 37 39 0 57 0 0 0 53 0 0 0 0 0 0 0 0 25 0 0 0 0 24 0 0 0 0 0 18 17 47 50 43 0 0 0 0 0 0 0 0 0 0 71 0 0 0 78 0 79 0 0 1 0 0 0 0 
0 0 0 53 0 0 0 0 52 0 0 0 0 0 0 0 0 0 33 0 0 0 0 0 0 0 0 49 0 0 0 0 44 45 0 0 0 0 0 17 0 0 0 0 0 14 0 0 0 0 0 13 0 0 38 41 0 0 37 40 35 42 0 63 0 0 0 0 0 65 68 0 0 0 0 0 0 0 77 71 0 
0 0 0 0 0 47 0 0 0 0 0 0 0 74 0 0 73 0 23 0 0 0 0 0 0 0 0 0 38 0 0 0 34 0 0 37 0 0 0 0 0 0 0 0 0 4 0 0 0 0 78 0 0 79 0 31 24 0 27 0 0 0 0 0 51 0 54 0 0 0 0 0 0 0 0 0 63 0 0 0 0 
0 0 81 0 80 0 0 0 0 25 0 0 32 29 0 0 0 0 0 53 0 0 0 0 0 0 0 75 0 0 77 0 0 0 76 0 0 44 49 0 0 0 0 47 0 0 0 0 0 0 0 0 35 0 0 0 60 0 0 0 61 0 62 0 0 0 0 0 0 0 0 0 0 0 0 0 0 21 0 0 17 
59 0 0 0 0 0 0 58 0 0 0 0 0 2 0 0 0 0 0 0 0 24 0 0 30 0 0 0 0 0 0 0 43 0 0 0 19 0 22 16 23 0 21 0 0 13 0 0 0 0 0 0 0 0 0 0 0 0 0 0 0 0 0 0 60 0 63 61 0 0 0 0 0 0 0 0 0 0 0 70 71 
77 73 72 0 0 0 0 0 69 0 0 21 0 20 0 0 0 0 0 44 0 0 0 43 48 45 47 66 0 0 68 0 0 0 0 0 0 0 0 0 0 0 0 0 0 0 0 0 0 0 0 0 0 0 0 0 0 0 0 0 0 0 0 0 78 0 81 79 2 1 0 0 0 0 0 0 0 0 0 0 8 
0 0 0 0 0 20 0 0 15 0 0 0 0 0 42 0 46 0 77 0 76 0 0 0 0 72 0 12 0 0 14 0 0 0 0 0 0 0 67 61 0 0 0 0 0 0 59 0 55 56 0 0 0 52 0 0 0 0 0 0 0 5 0 0 0 0 0 25 29 0 0 0 0 33 0 0 0 0 0 0 0 
32 0 0 0 0 0 0 0 0 52 0 0 0 0 0 54 0 0 0 0 0 78 0 0 0 0 0 0 0 0 23 0 0 0 0 19 0 0 0 0 0 69 75 74 0 0 0 0 0 65 0 0 0 0 0 13 0 0 0 0 0 0 0 35 33 0 0 34 0 0 0 0 50 0 0 0 0 0 49 0 0 
0 10 0 0 0 0 0 0 0 0 0 0 41 0 0 36 0 0 0 62 0 0 0 0 66 0 65 0 0 0 0 0 79 80 0 0 0 0 0 0 0 0 0 0 54 0 0 45 0 0 0 0 44 0 0 76 0 0 0 75 0 0 0 0 0 0 18 0 0 0 0 0 0 0 29 0 0 30 0 25 0 
0 0 0 0 0 0 66 0 0 0 13 0 14 11 0 0 0 8 0 0 0 0 0 0 39 0 0 0 56 0 0 54 0 53 0 0 0 0 0 0 0 24 0 0 0 22 0 0 0 0 0 0 0 0 0 49 0 0 0 0 0 0 0 71 69 0 0 0 0 0 0 0 0 0 0 0 0 3 4 0 80 
41 0 0 34 0 0 0 0 0 0 0 0 0 0 0 0 0 0 0 0 0 6 0 0 0 0 0 30 0 0 32 0 0 26 31 0 1 80 0 0 0 0 0 0 0 0 0 0 0 74 0 75 0 0 0 22 15 0 0 0 0 0 0 0 0 0 45 43 0 0 49 0 0 0 0 0 0 0 0 0 0 
0 75 0 72 0 0 77 0 0 0 0 23 25 0 0 0 21 0 0 0 0 0 48 0 50 0 49 0 0 0 0 0 63 64 0 0 0 0 42 0 0 35 0 0 0 0 34 0 0 0 0 32 28 0 0 0 0 0 0 0 54 0 0 0 0 0 2 0 4 0 0 0 16 0 0 0 0 0 0 0 0 
0 66 0 0 0 0 0 0 0 9 0 0 0 0 0 11 0 10 0 0 42 0 0 0 41 0 40 59 58 0 0 0 0 0 0 0 0 28 0 27 0 0 32 0 0 0 25 0 0 0 0 0 0 0 0 0 0 0 0 0 0 0 0 73 0 0 0 72 0 0 0 0 0 0 0 0 0 5 6 81 0 
16 0 0 0 0 13 0 0 0 36 0 41 0 0 0 0 0 0 70 0 0 0 0 0 0 0 0 0 0 80 0 0 81 0 6 0 57 0 0 0 0 0 59 0 0 0 0 0 0 0 44 0 0 0 0 78 0 76 0 0 0 0 0 0 17 23 0 0 0 21 0 0 0 26 0 0 0 0 0 0 0 
0 0 0 0 0 0 0 51 0 72 0 0 79 0 0 0 0 0 0 0 0 17 0 0 23 0 0 0 0 0 0 38 0 0 0 39 0 0 0 0 0 0 14 0 0 0 0 0 3 0 0 0 0 0 0 0 0 0 0 0 27 0 0 55 0 0 0 0 58 0 0 0 70 62 67 0 0 0 0 0 0 
0 0 20 0 0 0 0 0 0 45 0 50 0 0 44 0 0 46 0 0 0 0 0 0 0 0 76 0 13 0 0 0 0 0 15 0 0 0 69 0 0 0 0 0 0 0 0 0 0 0 0 0 0 0 3 0 0 0 2 0 0 0 0 0 0 0 0 0 0 0 33 0 0 0 0 0 0 0 0 0 0 
0 0 2 0 1 0 0 0 0 27 0 0 0 0 0 0 30 0 0 0 0 53 57 0 0 0 0 0 76 71 0 0 0 73 0 75 0 0 0 45 0 0 50 49 0 0 0 38 39 0 0 0 37 0 0 0 0 0 0 68 63 0 64 0 8 0 11 0 0 12 0 0 0 0 0 0 0 0 0 0 0 
0 0 38 0 37 40 41 0 0 63 69 0 0 67 62 0 66 0 0 0 0 0 0 9 0 0 0 0 31 26 0 0 27 0 0 0 0 0 6 0 0 0 0 4 0 0 0 0 75 0 0 0 0 0 0 0 17 22 0 0 0 0 0 0 0 0 0 0 49 0 0 0 0 0 0 0 0 59 0 0 0 
61 57 0 0 0 0 0 60 53 0 6 0 7 4 0 0 0 0 0 0 0 0 0 0 0 0 0 0 0 0 0 0 0 0 0 0 0 0 0 0 0 17 0 22 0 0 0 0 0 0 0 14 0 0 0 0 35 0 0 41 0 43 0 0 0 0 0 63 0 66 0 0 0 0 0 0 74 0 78 0 0 
0 0 0 0 28 0 0 33 0 0 0 0 0 0 0 0 57 0 7 0 0 0 0 0 0 0 0 0 0 17 0 0 18 0 0 0 0 0 0 0 0 71 0 0 0 0 0 0 0 0 0 0 0 0 0 0 8 0 0 0 0 0 0 0 35 0 0 36 0 0 0 0 0 0 49 48 0 0 0 0 0 
0 69 68 0 0 0 0 0 0 0 0 0 0 0 0 14 0 13 0 0 0 0 0 0 0 0 0 62 0 0 0 0 0 0 0 0 33 0 0 0 37 0 35 0 0 0 0 23 0 25 20 26 0 21 0 54 0 0 0 0 0 0 0 0 0 80 77 0 79 0 0 0 0 2 7 0 0 0 0 0 0 
0 0 0 0 13 0 0 0 0 0 45 0 0 0 0 0 0 0 0 0 0 0 69 66 0 0 70 0 0 0 0 0 0 0 0 6 60 0 0 0 0 56 62 0 0 0 0 0 0 52 47 0 0 0 0 81 74 0 0 0 0 0 0 0 20 26 0 21 0 0 0 0 37 29 0 0 0 0 36 30 31 
64 0 0 0 0 0 0 0 0 3 0 0 0 0 0 5 0 4 37 0 36 29 0 30 0 32 34 0 0 47 0 0 0 0 0 0 0 22 0 0 0 0 0 0 0 0 19 14 0 0 0 0 13 0 0 45 0 0 0 0 39 0 0 0 0 0 0 0 70 0 0 73 0 74 0 78 0 0 0 0 0 
0 0 0 0 0 0 0 0 0 0 0 0 0 0 0 0 78 0 0 0 0 20 24 0 0 0 0 0 0 0 0 0 0 0 0 0 0 0 0 0 19 0 0 16 0 9 0 5 6 0 2 8 4 0 0 0 0 34 0 35 30 0 0 0 56 0 59 0 0 0 0 0 73 0 0 0 0 0 0 0 0 
0 0 0 0 0 0 0 0 0 48 0 0 0 52 0 50 0 0 0 0 0 0 0 0 0 0 0 0 16 0 19 0 0 0 0 15 69 0 72 0 0 0 0 70 0 0 64 0 0 61 56 0 0 0 0 0 0 0 0 8 3 10 0 31 0 0 0 0 0 0 0 0 46 38 0 0 0 0 0 0 0 
1 0 0 0 0 0 80 81 0 0 27 26 0 0 0 0 0 0 55 0 0 0 0 0 0 0 0 0 70 0 73 0 0 0 72 0 0 40 45 0 0 0 0 0 0 0 0 0 33 34 29 35 31 0 0 0 0 0 0 0 0 64 58 4 0 0 5 0 7 0 0 0 0 0 0 0 0 0 0 0 0 
46 0 0 0 0 0 0 0 0 0 0 0 0 70 65 0 0 0 0 0 0 11 0 0 0 14 0 0 0 29 0 32 0 0 0 0 0 0 0 0 0 0 0 7 0 0 0 0 0 0 0 0 0 75 0 0 0 0 0 0 0 0 0 49 0 0 0 0 52 0 54 0 0 0 0 0 59 0 0 0 58 
0 6 0 0 0 0 0 0 0 0 0 0 0 0 0 0 0 0 0 58 63 56 60 0 0 59 0 0 79 74 0 0 0 0 81 0 0 0 0 48 0 0 0 0 0 0 46 0 42 0 0 0 0 0 69 72 0 70 0 0 0 0 67 0 0 17 14 0 0 0 0 19 0 0 0 0 0 0 0 0 0 
0 0 0 0 0 0 0 0 0 0 0 0 0 0 0 0 0 0 10 4 0 2 0 0 0 0 7 0 0 0 0 0 0 0 0 24 0 0 0 0 0 0 0 0 0 0 0 68 0 0 0 0 0 0 0 0 0 0 0 0 12 0 0 0 0 0 0 39 0 0 0 0 0 0 0 51 0 53 0 0 0 
0 0 0 0 0 0 0 0 0 0 43 0 44 0 0 39 0 0 0 0 0 0 0 0 0 0 0 0 0 81 0 3 0 0 0 0 0 0 0 0 0 0 60 59 0 0 0 0 0 0 0 0 0 0 0 79 0 0 0 0 73 80 0 0 0 0 0 0 23 0 0 0 0 0 0 0 30 0 0 28 0 
0 58 0 55 0 59 0 0 0 1 0 0 8 0 0 0 4 2 0 0 0 0 31 28 33 30 0 0 0 0 0 0 0 0 52 49 0 0 0 0 0 0 0 0 0 16 17 0 0 0 0 0 0 0 0 0 36 0 0 42 0 0 0 0 63 0 0 64 0 0 0 0 0 0 77 0 75 78 0 0 0 
0 0 0 0 0 0 6 0 0 0 34 0 0 0 0 0 0 0 0 0 61 0 0 0 0 0 59 0 0 0 0 0 0 74 79 0 0 0 0 0 0 0 0 0 0 0 0 0 0 0 0 0 0 0 0 0 63 0 0 0 0 0 0 0 0 0 0 0 0 0 0 0 0 0 0 22 21 0 0 19 20 
44 40 0 37 0 0 0 0 0 64 0 0 71 0 63 0 67 0 0 0 0 0 0 0 0 0 14 0 0 0 0 30 0 0 34 0 0 2 0 0 0 0 0 5 0 79 0 0 0 77 0 0 74 0 0 0 0 0 21 0 0 0 0 0 0 0 0 0 0 0 0 53 0 0 0 0 0 0 0 0 0 
0 0 0 0 29 0 0 34 27 0 0 0 0 0 54 0 58 0 0 0 0 0 0 0 0 0 0 0 0 0 0 21 0 0 25 0 76 0 0 0 0 0 78 77 0 0 0 0 0 68 63 0 0 0 0 16 9 0 0 0 0 17 0 38 0 0 0 0 0 40 0 0 0 0 0 49 48 0 0 46 0 
26 22 0 19 0 23 0 0 18 0 0 0 0 50 0 0 49 0 0 0 0 0 0 0 0 0 0 0 0 9 0 0 0 0 0 0 0 0 0 0 0 0 0 0 0 0 0 0 0 0 0 0 56 0 0 0 0 5 0 0 0 0 0 0 0 0 0 0 0 31 0 0 44 0 0 0 0 0 0 37 0 
0 0 0 0 0 0 0 0 63 0 0 0 0 0 0 12 0 11 0 0 43 36 0 0 0 0 0 0 59 0 0 0 0 0 0 0 31 0 0 28 0 0 0 0 0 0 0 0 22 0 0 24 0 19 0 52 45 0 48 0 46 0 0 0 0 0 75 73 0 0 0 0 8 0 5 0 3 0 0 0 0 
0 76 75 0 0 0 0 0 0 0 0 0 0 0 0 0 0 0 0 0 0 0 0 0 51 48 50 0 68 0 0 0 0 0 0 0 0 38 0 0 0 0 0 0 39 34 35 30 0 32 27 0 29 0 58 0 0 59 0 0 0 0 0 0 0 0 0 1 0 0 0 8 0 0 0 0 0 0 16 0 0 
53 0 0 0 0 0 0 52 0 0 0 0 0 0 0 0 0 0 0 0 25 0 0 0 24 0 0 42 41 0 0 0 37 0 0 0 0 0 0 0 0 0 15 0 0 0 0 0 0 0 0 0 0 0 0 34 0 0 0 0 0 0 0 0 0 60 57 0 0 58 0 0 0 0 68 0 66 0 0 0 0 
